plantcyc_id	public_row	source_database	source_lab_id	source_compound_name	match_type	match_rank	formula_match	formula_compatible	mass_error	mass_error_ppm
CPD-313	4	HMDB	HMDB0000002_1_shen	1,3-Diaminopropane	inchikey_connectivity_formula_mass	2	FALSE	TRUE	1.39999656312284e-09	3.4999914078071e-06
CPD-313	5	HMDB	HMDB0000002_2_shen	1,3-Diaminopropane	inchikey_connectivity_formula_mass	2	FALSE	TRUE	1.39999656312284e-09	3.4999914078071e-06
CPD-313	6	HMDB	HMDB0000002_3_shen	1,3-Diaminopropane	inchikey_connectivity_formula_mass	2	FALSE	TRUE	1.39999656312284e-09	3.4999914078071e-06
CPD-313	7	HMDB	HMDB0000002_4_shen	1,3-Diaminopropane	inchikey_connectivity_formula_mass	2	FALSE	TRUE	1.39999656312284e-09	3.4999914078071e-06
CPD-313	8	HMDB	HMDB0000002_5_shen	1,3-Diaminopropane	inchikey_connectivity_formula_mass	2	FALSE	TRUE	1.39999656312284e-09	3.4999914078071e-06
CPD-313	9	HMDB	HMDB0000002_6_shen	1,3-Diaminopropane	inchikey_connectivity_formula_mass	2	FALSE	TRUE	1.39999656312284e-09	3.4999914078071e-06
CPD-313	10	HMDB	HMDB0000002_7_shen	1,3-Diaminopropane	inchikey_connectivity_formula_mass	2	FALSE	TRUE	1.39999656312284e-09	3.4999914078071e-06
CPD-313	11	HMDB	HMDB0000002_8_shen	1,3-Diaminopropane	inchikey_connectivity_formula_mass	2	FALSE	TRUE	1.39999656312284e-09	3.4999914078071e-06
CPD-313	12	HMDB	HMDB0000002_9_shen	1,3-Diaminopropane	inchikey_connectivity_formula_mass	2	FALSE	TRUE	1.39999656312284e-09	3.4999914078071e-06
CPD-313	13	HMDB	HMDB0000002_10_shen	1,3-Diaminopropane	inchikey_connectivity_formula_mass	2	FALSE	TRUE	1.39999656312284e-09	3.4999914078071e-06
CPD-313	14	HMDB	HMDB0000002_11_shen	1,3-Diaminopropane	inchikey_connectivity_formula_mass	2	FALSE	TRUE	1.39999656312284e-09	3.4999914078071e-06
CPD-313	15	HMDB	HMDB0000002_12_shen	1,3-Diaminopropane	inchikey_connectivity_formula_mass	2	FALSE	TRUE	1.39999656312284e-09	3.4999914078071e-06
CPD-313	16	HMDB	HMDB0000002_13_shen	1,3-Diaminopropane	inchikey_connectivity_formula_mass	2	FALSE	TRUE	1.39999656312284e-09	3.4999914078071e-06
CPD-313	17	HMDB	HMDB0000002_14_shen	1,3-Diaminopropane	inchikey_connectivity_formula_mass	2	FALSE	TRUE	1.39999656312284e-09	3.4999914078071e-06
CPD-313	18	HMDB	HMDB0000002_15_shen	1,3-Diaminopropane	inchikey_connectivity_formula_mass	2	FALSE	TRUE	1.39999656312284e-09	3.4999914078071e-06
CPD-313	19	HMDB	HMDB0000002_16_shen	1,3-Diaminopropane	inchikey_connectivity_formula_mass	2	FALSE	TRUE	1.39999656312284e-09	3.4999914078071e-06
CPD-313	20	HMDB	HMDB0000002_17_shen	1,3-Diaminopropane	inchikey_connectivity_formula_mass	2	FALSE	TRUE	1.39999656312284e-09	3.4999914078071e-06
CPD-313	21	HMDB	HMDB0000002_18_shen	1,3-Diaminopropane	inchikey_connectivity_formula_mass	2	FALSE	TRUE	1.39999656312284e-09	3.4999914078071e-06
CPD-313	22	HMDB	HMDB0000002_19_shen	1,3-Diaminopropane	inchikey_connectivity_formula_mass	2	FALSE	TRUE	1.39999656312284e-09	3.4999914078071e-06
CPD-313	23	HMDB	HMDB0000002_20_shen	1,3-Diaminopropane	inchikey_connectivity_formula_mass	2	FALSE	TRUE	1.39999656312284e-09	3.4999914078071e-06
CPD-313	24	HMDB	HMDB0000002_21_shen	1,3-Diaminopropane	inchikey_connectivity_formula_mass	2	FALSE	TRUE	1.39999656312284e-09	3.4999914078071e-06
CPD-313	25	HMDB	HMDB0000002_22_shen	1,3-Diaminopropane	inchikey_connectivity_formula_mass	2	FALSE	TRUE	1.39999656312284e-09	3.4999914078071e-06
CPD-313	26	HMDB	HMDB0000002_23_shen	1,3-Diaminopropane	inchikey_connectivity_formula_mass	2	FALSE	TRUE	1.39999656312284e-09	3.4999914078071e-06
CPD-313	27	HMDB	HMDB0000002_24_shen	1,3-Diaminopropane	inchikey_connectivity_formula_mass	2	FALSE	TRUE	1.39999656312284e-09	3.4999914078071e-06
2-OXOBUTANOATE	28	HMDB	HMDB0000005_1_shen	2-Ketobutyric acid	inchikey_connectivity_formula_mass	2	FALSE	TRUE	9.00001850823173e-10	2.25000462705793e-06
2-OXOBUTANOATE	29	HMDB	HMDB0000005_2_shen	2-Ketobutyric acid	inchikey_connectivity_formula_mass	2	FALSE	TRUE	9.00001850823173e-10	2.25000462705793e-06
2-OXOBUTANOATE	30	HMDB	HMDB0000005_3_shen	2-Ketobutyric acid	inchikey_connectivity_formula_mass	2	FALSE	TRUE	9.00001850823173e-10	2.25000462705793e-06
2-OXOBUTANOATE	31	HMDB	HMDB0000005_4_shen	2-Ketobutyric acid	inchikey_connectivity_formula_mass	2	FALSE	TRUE	9.00001850823173e-10	2.25000462705793e-06
2-OXOBUTANOATE	32	HMDB	HMDB0000005_5_shen	2-Ketobutyric acid	inchikey_connectivity_formula_mass	2	FALSE	TRUE	9.00001850823173e-10	2.25000462705793e-06
2-OXOBUTANOATE	33	HMDB	HMDB0000005_6_shen	2-Ketobutyric acid	inchikey_connectivity_formula_mass	2	FALSE	TRUE	9.00001850823173e-10	2.25000462705793e-06
2-OXOBUTANOATE	34	HMDB	HMDB0000005_7_shen	2-Ketobutyric acid	inchikey_connectivity_formula_mass	2	FALSE	TRUE	9.00001850823173e-10	2.25000462705793e-06
2-OXOBUTANOATE	35	HMDB	HMDB0000005_8_shen	2-Ketobutyric acid	inchikey_connectivity_formula_mass	2	FALSE	TRUE	9.00001850823173e-10	2.25000462705793e-06
2-OXOBUTANOATE	36	HMDB	HMDB0000005_9_shen	2-Ketobutyric acid	inchikey_connectivity_formula_mass	2	FALSE	TRUE	9.00001850823173e-10	2.25000462705793e-06
2-OXOBUTANOATE	37	HMDB	HMDB0000005_10_shen	2-Ketobutyric acid	inchikey_connectivity_formula_mass	2	FALSE	TRUE	9.00001850823173e-10	2.25000462705793e-06
Hydroxy-Butyrates	38	HMDB	HMDB0000008_1_shen	2-Hydroxybutyric acid	name_formula_mass	4	FALSE	TRUE	5.10000575104641e-09	1.2750014377616e-05
Hydroxy-Butyrates	39	HMDB	HMDB0000008_2_shen	2-Hydroxybutyric acid	name_formula_mass	4	FALSE	TRUE	5.10000575104641e-09	1.2750014377616e-05
Hydroxy-Butyrates	40	HMDB	HMDB0000008_3_shen	2-Hydroxybutyric acid	name_formula_mass	4	FALSE	TRUE	5.10000575104641e-09	1.2750014377616e-05
Hydroxy-Butyrates	41	HMDB	HMDB0000008_4_shen	2-Hydroxybutyric acid	name_formula_mass	4	FALSE	TRUE	5.10000575104641e-09	1.2750014377616e-05
Hydroxy-Butyrates	42	HMDB	HMDB0000008_5_shen	2-Hydroxybutyric acid	name_formula_mass	4	FALSE	TRUE	5.10000575104641e-09	1.2750014377616e-05
Hydroxy-Butyrates	43	HMDB	HMDB0000008_6_shen	2-Hydroxybutyric acid	name_formula_mass	4	FALSE	TRUE	5.10000575104641e-09	1.2750014377616e-05
Hydroxy-Butyrates	44	HMDB	HMDB0000008_7_shen	2-Hydroxybutyric acid	name_formula_mass	4	FALSE	TRUE	5.10000575104641e-09	1.2750014377616e-05
Hydroxy-Butyrates	45	HMDB	HMDB0000008_8_shen	2-Hydroxybutyric acid	name_formula_mass	4	FALSE	TRUE	5.10000575104641e-09	1.2750014377616e-05
Hydroxy-Butyrates	46	HMDB	HMDB0000008_9_shen	2-Hydroxybutyric acid	name_formula_mass	4	FALSE	TRUE	5.10000575104641e-09	1.2750014377616e-05
Hydroxy-Butyrates	47	HMDB	HMDB0000008_10_shen	2-Hydroxybutyric acid	name_formula_mass	4	FALSE	TRUE	5.10000575104641e-09	1.2750014377616e-05
Hydroxy-Butyrates	48	HMDB	HMDB0000008_11_shen	2-Hydroxybutyric acid	name_formula_mass	4	FALSE	TRUE	5.10000575104641e-09	1.2750014377616e-05
3-HYDROXY-BUTYRATE	52	HMDB	HMDB0000011_1_shen	3-Hydroxybutyric acid	name_formula_mass	4	FALSE	TRUE	1.10000542008493e-09	2.75001355021232e-06
3-HYDROXY-BUTYRATE	53	HMDB	HMDB0000011_2_shen	3-Hydroxybutyric acid	name_formula_mass	4	FALSE	TRUE	1.10000542008493e-09	2.75001355021232e-06
3-HYDROXY-BUTYRATE	54	HMDB	HMDB0000011_3_shen	3-Hydroxybutyric acid	name_formula_mass	4	FALSE	TRUE	1.10000542008493e-09	2.75001355021232e-06
3-HYDROXY-BUTYRATE	55	HMDB	HMDB0000011_4_shen	3-Hydroxybutyric acid	name_formula_mass	4	FALSE	TRUE	1.10000542008493e-09	2.75001355021232e-06
3-HYDROXY-BUTYRATE	56	HMDB	HMDB0000011_5_shen	3-Hydroxybutyric acid	name_formula_mass	4	FALSE	TRUE	1.10000542008493e-09	2.75001355021232e-06
3-HYDROXY-BUTYRATE	57	HMDB	HMDB0000011_6_shen	3-Hydroxybutyric acid	name_formula_mass	4	FALSE	TRUE	1.10000542008493e-09	2.75001355021232e-06
3-HYDROXY-BUTYRATE	58	HMDB	HMDB0000011_7_shen	3-Hydroxybutyric acid	name_formula_mass	4	FALSE	TRUE	1.10000542008493e-09	2.75001355021232e-06
3-HYDROXY-BUTYRATE	59	HMDB	HMDB0000011_8_shen	3-Hydroxybutyric acid	name_formula_mass	4	FALSE	TRUE	1.10000542008493e-09	2.75001355021232e-06
3-HYDROXY-BUTYRATE	60	HMDB	HMDB0000011_9_shen	3-Hydroxybutyric acid	name_formula_mass	4	FALSE	TRUE	1.10000542008493e-09	2.75001355021232e-06
3-HYDROXY-BUTYRATE	61	HMDB	HMDB0000011_10_shen	3-Hydroxybutyric acid	name_formula_mass	4	FALSE	TRUE	1.10000542008493e-09	2.75001355021232e-06
3-HYDROXY-BUTYRATE	62	HMDB	HMDB0000011_11_shen	3-Hydroxybutyric acid	name_formula_mass	4	FALSE	TRUE	1.10000542008493e-09	2.75001355021232e-06
3-HYDROXY-BUTYRATE	63	HMDB	HMDB0000011_12_shen	3-Hydroxybutyric acid	name_formula_mass	4	FALSE	TRUE	1.10000542008493e-09	2.75001355021232e-06
3-HYDROXY-BUTYRATE	64	HMDB	HMDB0000011_13_shen	3-Hydroxybutyric acid	name_formula_mass	4	FALSE	TRUE	1.10000542008493e-09	2.75001355021232e-06
3-HYDROXY-BUTYRATE	65	HMDB	HMDB0000011_14_shen	3-Hydroxybutyric acid	name_formula_mass	4	FALSE	TRUE	1.10000542008493e-09	2.75001355021232e-06
3-HYDROXY-BUTYRATE	66	HMDB	HMDB0000011_15_shen	3-Hydroxybutyric acid	name_formula_mass	4	FALSE	TRUE	1.10000542008493e-09	2.75001355021232e-06
3-HYDROXY-BUTYRATE	67	HMDB	HMDB0000011_16_shen	3-Hydroxybutyric acid	name_formula_mass	4	FALSE	TRUE	1.10000542008493e-09	2.75001355021232e-06
3-HYDROXY-BUTYRATE	68	HMDB	HMDB0000011_17_shen	3-Hydroxybutyric acid	name_formula_mass	4	FALSE	TRUE	1.10000542008493e-09	2.75001355021232e-06
3-HYDROXY-BUTYRATE	69	HMDB	HMDB0000011_18_shen	3-Hydroxybutyric acid	name_formula_mass	4	FALSE	TRUE	1.10000542008493e-09	2.75001355021232e-06
3-HYDROXY-BUTYRATE	70	HMDB	HMDB0000011_19_shen	3-Hydroxybutyric acid	name_formula_mass	4	FALSE	TRUE	1.10000542008493e-09	2.75001355021232e-06
3-HYDROXY-BUTYRATE	71	HMDB	HMDB0000011_20_shen	3-Hydroxybutyric acid	name_formula_mass	4	FALSE	TRUE	1.10000542008493e-09	2.75001355021232e-06
3-HYDROXY-BUTYRATE	72	HMDB	HMDB0000011_21_shen	3-Hydroxybutyric acid	name_formula_mass	4	FALSE	TRUE	1.10000542008493e-09	2.75001355021232e-06
3-HYDROXY-BUTYRATE	73	HMDB	HMDB0000011_22_shen	3-Hydroxybutyric acid	name_formula_mass	4	FALSE	TRUE	1.10000542008493e-09	2.75001355021232e-06
3-HYDROXY-BUTYRATE	74	HMDB	HMDB0000011_23_shen	3-Hydroxybutyric acid	name_formula_mass	4	FALSE	TRUE	1.10000542008493e-09	2.75001355021232e-06
DEOXYURIDINE	75	HMDB	HMDB0000012_1_shen	Deoxyuridine	inchikey	1	TRUE	TRUE	2.09999484468426e-09	5.24998711171065e-06
DEOXYURIDINE	76	HMDB	HMDB0000012_2_shen	Deoxyuridine	inchikey	1	TRUE	TRUE	2.09999484468426e-09	5.24998711171065e-06
DEOXYURIDINE	77	HMDB	HMDB0000012_3_shen	Deoxyuridine	inchikey	1	TRUE	TRUE	2.09999484468426e-09	5.24998711171065e-06
DEOXYURIDINE	78	HMDB	HMDB0000012_4_shen	Deoxyuridine	inchikey	1	TRUE	TRUE	2.09999484468426e-09	5.24998711171065e-06
DEOXYURIDINE	79	HMDB	HMDB0000012_5_shen	Deoxyuridine	inchikey	1	TRUE	TRUE	2.09999484468426e-09	5.24998711171065e-06
DEOXYURIDINE	80	HMDB	HMDB0000012_6_shen	Deoxyuridine	inchikey	1	TRUE	TRUE	2.09999484468426e-09	5.24998711171065e-06
DEOXYURIDINE	81	HMDB	HMDB0000012_7_shen	Deoxyuridine	inchikey	1	TRUE	TRUE	2.09999484468426e-09	5.24998711171065e-06
DEOXYURIDINE	82	HMDB	HMDB0000012_8_shen	Deoxyuridine	inchikey	1	TRUE	TRUE	2.09999484468426e-09	5.24998711171065e-06
DEOXYURIDINE	83	HMDB	HMDB0000012_9_shen	Deoxyuridine	inchikey	1	TRUE	TRUE	2.09999484468426e-09	5.24998711171065e-06
DEOXYURIDINE	84	HMDB	HMDB0000012_10_shen	Deoxyuridine	inchikey	1	TRUE	TRUE	2.09999484468426e-09	5.24998711171065e-06
DEOXYURIDINE	85	HMDB	HMDB0000012_11_shen	Deoxyuridine	inchikey	1	TRUE	TRUE	2.09999484468426e-09	5.24998711171065e-06
DEOXYURIDINE	86	HMDB	HMDB0000012_12_shen	Deoxyuridine	inchikey	1	TRUE	TRUE	2.09999484468426e-09	5.24998711171065e-06
DEOXYURIDINE	87	HMDB	HMDB0000012_13_shen	Deoxyuridine	inchikey	1	TRUE	TRUE	2.09999484468426e-09	5.24998711171065e-06
DEOXYURIDINE	88	HMDB	HMDB0000012_14_shen	Deoxyuridine	inchikey	1	TRUE	TRUE	2.09999484468426e-09	5.24998711171065e-06
DEOXYURIDINE	89	HMDB	HMDB0000012_15_shen	Deoxyuridine	inchikey	1	TRUE	TRUE	2.09999484468426e-09	5.24998711171065e-06
DEOXYURIDINE	90	HMDB	HMDB0000012_16_shen	Deoxyuridine	inchikey	1	TRUE	TRUE	2.09999484468426e-09	5.24998711171065e-06
DEOXYURIDINE	91	HMDB	HMDB0000012_17_shen	Deoxyuridine	inchikey	1	TRUE	TRUE	2.09999484468426e-09	5.24998711171065e-06
DEOXYURIDINE	92	HMDB	HMDB0000012_18_shen	Deoxyuridine	inchikey	1	TRUE	TRUE	2.09999484468426e-09	5.24998711171065e-06
DEOXYURIDINE	93	HMDB	HMDB0000012_19_shen	Deoxyuridine	inchikey	1	TRUE	TRUE	2.09999484468426e-09	5.24998711171065e-06
DEOXYURIDINE	94	HMDB	HMDB0000012_20_shen	Deoxyuridine	inchikey	1	TRUE	TRUE	2.09999484468426e-09	5.24998711171065e-06
DEOXYURIDINE	95	HMDB	HMDB0000012_21_shen	Deoxyuridine	inchikey	1	TRUE	TRUE	2.09999484468426e-09	5.24998711171065e-06
DEOXYURIDINE	96	HMDB	HMDB0000012_22_shen	Deoxyuridine	inchikey	1	TRUE	TRUE	2.09999484468426e-09	5.24998711171065e-06
DEOXYURIDINE	97	HMDB	HMDB0000012_23_shen	Deoxyuridine	inchikey	1	TRUE	TRUE	2.09999484468426e-09	5.24998711171065e-06
DEOXYURIDINE	98	HMDB	HMDB0000012_24_shen	Deoxyuridine	inchikey	1	TRUE	TRUE	2.09999484468426e-09	5.24998711171065e-06
DEOXYURIDINE	99	HMDB	HMDB0000012_25_shen	Deoxyuridine	inchikey	1	TRUE	TRUE	2.09999484468426e-09	5.24998711171065e-06
DEOXYURIDINE	100	HMDB	HMDB0000012_26_shen	Deoxyuridine	inchikey	1	TRUE	TRUE	2.09999484468426e-09	5.24998711171065e-06
DEOXYURIDINE	101	HMDB	HMDB0000012_27_shen	Deoxyuridine	inchikey	1	TRUE	TRUE	2.09999484468426e-09	5.24998711171065e-06
DEOXYCYTIDINE	102	HMDB	HMDB0000014_1_shen	Deoxycytidine	inchikey	1	TRUE	TRUE	2.29999841394601e-09	5.74999603486503e-06
DEOXYCYTIDINE	103	HMDB	HMDB0000014_2_shen	Deoxycytidine	inchikey	1	TRUE	TRUE	2.29999841394601e-09	5.74999603486503e-06
DEOXYCYTIDINE	104	HMDB	HMDB0000014_3_shen	Deoxycytidine	inchikey	1	TRUE	TRUE	2.29999841394601e-09	5.74999603486503e-06
DEOXYCYTIDINE	105	HMDB	HMDB0000014_4_shen	Deoxycytidine	inchikey	1	TRUE	TRUE	2.29999841394601e-09	5.74999603486503e-06
DEOXYCYTIDINE	106	HMDB	HMDB0000014_5_shen	Deoxycytidine	inchikey	1	TRUE	TRUE	2.29999841394601e-09	5.74999603486503e-06
DEOXYCYTIDINE	107	HMDB	HMDB0000014_6_shen	Deoxycytidine	inchikey	1	TRUE	TRUE	2.29999841394601e-09	5.74999603486503e-06
DEOXYCYTIDINE	108	HMDB	HMDB0000014_7_shen	Deoxycytidine	inchikey	1	TRUE	TRUE	2.29999841394601e-09	5.74999603486503e-06
DEOXYCYTIDINE	109	HMDB	HMDB0000014_8_shen	Deoxycytidine	inchikey	1	TRUE	TRUE	2.29999841394601e-09	5.74999603486503e-06
DEOXYCYTIDINE	110	HMDB	HMDB0000014_9_shen	Deoxycytidine	inchikey	1	TRUE	TRUE	2.29999841394601e-09	5.74999603486503e-06
DEOXYCYTIDINE	111	HMDB	HMDB0000014_10_shen	Deoxycytidine	inchikey	1	TRUE	TRUE	2.29999841394601e-09	5.74999603486503e-06
DEOXYCYTIDINE	112	HMDB	HMDB0000014_11_shen	Deoxycytidine	inchikey	1	TRUE	TRUE	2.29999841394601e-09	5.74999603486503e-06
DEOXYCYTIDINE	113	HMDB	HMDB0000014_12_shen	Deoxycytidine	inchikey	1	TRUE	TRUE	2.29999841394601e-09	5.74999603486503e-06
DEOXYCYTIDINE	114	HMDB	HMDB0000014_13_shen	Deoxycytidine	inchikey	1	TRUE	TRUE	2.29999841394601e-09	5.74999603486503e-06
DEOXYCYTIDINE	115	HMDB	HMDB0000014_14_shen	Deoxycytidine	inchikey	1	TRUE	TRUE	2.29999841394601e-09	5.74999603486503e-06
DEOXYCYTIDINE	116	HMDB	HMDB0000014_15_shen	Deoxycytidine	inchikey	1	TRUE	TRUE	2.29999841394601e-09	5.74999603486503e-06
DEOXYCYTIDINE	117	HMDB	HMDB0000014_16_shen	Deoxycytidine	inchikey	1	TRUE	TRUE	2.29999841394601e-09	5.74999603486503e-06
DEOXYCYTIDINE	118	HMDB	HMDB0000014_17_shen	Deoxycytidine	inchikey	1	TRUE	TRUE	2.29999841394601e-09	5.74999603486503e-06
DEOXYCYTIDINE	119	HMDB	HMDB0000014_18_shen	Deoxycytidine	inchikey	1	TRUE	TRUE	2.29999841394601e-09	5.74999603486503e-06
DEOXYCYTIDINE	120	HMDB	HMDB0000014_19_shen	Deoxycytidine	inchikey	1	TRUE	TRUE	2.29999841394601e-09	5.74999603486503e-06
DEOXYCYTIDINE	121	HMDB	HMDB0000014_20_shen	Deoxycytidine	inchikey	1	TRUE	TRUE	2.29999841394601e-09	5.74999603486503e-06
DEOXYCYTIDINE	122	HMDB	HMDB0000014_21_shen	Deoxycytidine	inchikey	1	TRUE	TRUE	2.29999841394601e-09	5.74999603486503e-06
DEOXYCYTIDINE	123	HMDB	HMDB0000014_22_shen	Deoxycytidine	inchikey	1	TRUE	TRUE	2.29999841394601e-09	5.74999603486503e-06
DEOXYCYTIDINE	124	HMDB	HMDB0000014_23_shen	Deoxycytidine	inchikey	1	TRUE	TRUE	2.29999841394601e-09	5.74999603486503e-06
DEOXYCYTIDINE	125	HMDB	HMDB0000014_24_shen	Deoxycytidine	inchikey	1	TRUE	TRUE	2.29999841394601e-09	5.74999603486503e-06
DEOXYCYTIDINE	126	HMDB	HMDB0000014_25_shen	Deoxycytidine	inchikey	1	TRUE	TRUE	2.29999841394601e-09	5.74999603486503e-06
DEOXYCYTIDINE	127	HMDB	HMDB0000014_26_shen	Deoxycytidine	inchikey	1	TRUE	TRUE	2.29999841394601e-09	5.74999603486503e-06
DEOXYCYTIDINE	128	HMDB	HMDB0000014_27_shen	Deoxycytidine	inchikey	1	TRUE	TRUE	2.29999841394601e-09	5.74999603486503e-06
DEOXYCYTIDINE	129	HMDB	HMDB0000014_28_shen	Deoxycytidine	inchikey	1	TRUE	TRUE	2.29999841394601e-09	5.74999603486503e-06
DEOXYCYTIDINE	130	HMDB	HMDB0000014_29_shen	Deoxycytidine	inchikey	1	TRUE	TRUE	2.29999841394601e-09	5.74999603486503e-06
DEOXYCYTIDINE	131	HMDB	HMDB0000014_30_shen	Deoxycytidine	inchikey	1	TRUE	TRUE	2.29999841394601e-09	5.74999603486503e-06
DEOXYCYTIDINE	132	HMDB	HMDB0000014_31_shen	Deoxycytidine	inchikey	1	TRUE	TRUE	2.29999841394601e-09	5.74999603486503e-06
DEOXYCYTIDINE	133	HMDB	HMDB0000014_32_shen	Deoxycytidine	inchikey	1	TRUE	TRUE	2.29999841394601e-09	5.74999603486503e-06
DEOXYCYTIDINE	134	HMDB	HMDB0000014_33_shen	Deoxycytidine	inchikey	1	TRUE	TRUE	2.29999841394601e-09	5.74999603486503e-06
DEOXYCYTIDINE	135	HMDB	HMDB0000014_34_shen	Deoxycytidine	inchikey	1	TRUE	TRUE	2.29999841394601e-09	5.74999603486503e-06
DEOXYCYTIDINE	136	HMDB	HMDB0000014_35_shen	Deoxycytidine	inchikey	1	TRUE	TRUE	2.29999841394601e-09	5.74999603486503e-06
DEOXYCYTIDINE	137	HMDB	HMDB0000014_36_shen	Deoxycytidine	inchikey	1	TRUE	TRUE	2.29999841394601e-09	5.74999603486503e-06
DEOXYCYTIDINE	138	HMDB	HMDB0000014_37_shen	Deoxycytidine	inchikey	1	TRUE	TRUE	2.29999841394601e-09	5.74999603486503e-06
DEOXYCYTIDINE	139	HMDB	HMDB0000014_38_shen	Deoxycytidine	inchikey	1	TRUE	TRUE	2.29999841394601e-09	5.74999603486503e-06
DEOXYCYTIDINE	140	HMDB	HMDB0000014_39_shen	Deoxycytidine	inchikey	1	TRUE	TRUE	2.29999841394601e-09	5.74999603486503e-06
DEOXYCYTIDINE	141	HMDB	HMDB0000014_40_shen	Deoxycytidine	inchikey	1	TRUE	TRUE	2.29999841394601e-09	5.74999603486503e-06
DEOXYCYTIDINE	142	HMDB	HMDB0000014_41_shen	Deoxycytidine	inchikey	1	TRUE	TRUE	2.29999841394601e-09	5.74999603486503e-06
DEOXYCYTIDINE	143	HMDB	HMDB0000014_42_shen	Deoxycytidine	inchikey	1	TRUE	TRUE	2.29999841394601e-09	5.74999603486503e-06
DEOXYCYTIDINE	144	HMDB	HMDB0000014_43_shen	Deoxycytidine	inchikey	1	TRUE	TRUE	2.29999841394601e-09	5.74999603486503e-06
DEOXYCYTIDINE	145	HMDB	HMDB0000014_44_shen	Deoxycytidine	inchikey	1	TRUE	TRUE	2.29999841394601e-09	5.74999603486503e-06
DEOXYCYTIDINE	146	HMDB	HMDB0000014_45_shen	Deoxycytidine	inchikey	1	TRUE	TRUE	2.29999841394601e-09	5.74999603486503e-06
DEOXYCYTIDINE	147	HMDB	HMDB0000014_46_shen	Deoxycytidine	inchikey	1	TRUE	TRUE	2.29999841394601e-09	5.74999603486503e-06
DEOXYCYTIDINE	148	HMDB	HMDB0000014_47_shen	Deoxycytidine	inchikey	1	TRUE	TRUE	2.29999841394601e-09	5.74999603486503e-06
DEOXYCYTIDINE	149	HMDB	HMDB0000014_48_shen	Deoxycytidine	inchikey	1	TRUE	TRUE	2.29999841394601e-09	5.74999603486503e-06
DEOXYCYTIDINE	150	HMDB	HMDB0000014_49_shen	Deoxycytidine	inchikey	1	TRUE	TRUE	2.29999841394601e-09	5.74999603486503e-06
DEOXYCYTIDINE	151	HMDB	HMDB0000014_50_shen	Deoxycytidine	inchikey	1	TRUE	TRUE	2.29999841394601e-09	5.74999603486503e-06
DEOXYCYTIDINE	152	HMDB	HMDB0000014_51_shen	Deoxycytidine	inchikey	1	TRUE	TRUE	2.29999841394601e-09	5.74999603486503e-06
DEOXYCYTIDINE	153	HMDB	HMDB0000014_52_shen	Deoxycytidine	inchikey	1	TRUE	TRUE	2.29999841394601e-09	5.74999603486503e-06
DEOXYCYTIDINE	154	HMDB	HMDB0000014_53_shen	Deoxycytidine	inchikey	1	TRUE	TRUE	2.29999841394601e-09	5.74999603486503e-06
DEOXYCYTIDINE	155	HMDB	HMDB0000014_54_shen	Deoxycytidine	inchikey	1	TRUE	TRUE	2.29999841394601e-09	5.74999603486503e-06
DEOXYCYTIDINE	156	HMDB	HMDB0000014_55_shen	Deoxycytidine	inchikey	1	TRUE	TRUE	2.29999841394601e-09	5.74999603486503e-06
DEOXYCYTIDINE	157	HMDB	HMDB0000014_56_shen	Deoxycytidine	inchikey	1	TRUE	TRUE	2.29999841394601e-09	5.74999603486503e-06
DEOXYCYTIDINE	158	HMDB	HMDB0000014_57_shen	Deoxycytidine	inchikey	1	TRUE	TRUE	2.29999841394601e-09	5.74999603486503e-06
DEOXYCYTIDINE	159	HMDB	HMDB0000014_58_shen	Deoxycytidine	inchikey	1	TRUE	TRUE	2.29999841394601e-09	5.74999603486503e-06
DEOXYCYTIDINE	160	HMDB	HMDB0000014_59_shen	Deoxycytidine	inchikey	1	TRUE	TRUE	2.29999841394601e-09	5.74999603486503e-06
DEOXYCYTIDINE	161	HMDB	HMDB0000014_60_shen	Deoxycytidine	inchikey	1	TRUE	TRUE	2.29999841394601e-09	5.74999603486503e-06
DEOXYCYTIDINE	162	HMDB	HMDB0000014_61_shen	Deoxycytidine	inchikey	1	TRUE	TRUE	2.29999841394601e-09	5.74999603486503e-06
DEOXYCYTIDINE	163	HMDB	HMDB0000014_62_shen	Deoxycytidine	inchikey	1	TRUE	TRUE	2.29999841394601e-09	5.74999603486503e-06
DEOXYCYTIDINE	164	HMDB	HMDB0000014_63_shen	Deoxycytidine	inchikey	1	TRUE	TRUE	2.29999841394601e-09	5.74999603486503e-06
2-KETO-ISOVALERATE	235	HMDB	HMDB0000019_1_shen	alpha-Ketoisovaleric acid	inchikey_connectivity_formula_mass	2	FALSE	TRUE	1.10000542008493e-09	2.75001355021232e-06
2-KETO-ISOVALERATE	236	HMDB	HMDB0000019_2_shen	alpha-Ketoisovaleric acid	inchikey_connectivity_formula_mass	2	FALSE	TRUE	1.10000542008493e-09	2.75001355021232e-06
2-KETO-ISOVALERATE	237	HMDB	HMDB0000019_3_shen	alpha-Ketoisovaleric acid	inchikey_connectivity_formula_mass	2	FALSE	TRUE	1.10000542008493e-09	2.75001355021232e-06
2-KETO-ISOVALERATE	238	HMDB	HMDB0000019_4_shen	alpha-Ketoisovaleric acid	inchikey_connectivity_formula_mass	2	FALSE	TRUE	1.10000542008493e-09	2.75001355021232e-06
2-KETO-ISOVALERATE	239	HMDB	HMDB0000019_5_shen	alpha-Ketoisovaleric acid	inchikey_connectivity_formula_mass	2	FALSE	TRUE	1.10000542008493e-09	2.75001355021232e-06
2-KETO-ISOVALERATE	240	HMDB	HMDB0000019_6_shen	alpha-Ketoisovaleric acid	inchikey_connectivity_formula_mass	2	FALSE	TRUE	1.10000542008493e-09	2.75001355021232e-06
2-KETO-ISOVALERATE	241	HMDB	HMDB0000019_7_shen	alpha-Ketoisovaleric acid	inchikey_connectivity_formula_mass	2	FALSE	TRUE	1.10000542008493e-09	2.75001355021232e-06
2-KETO-ISOVALERATE	242	HMDB	HMDB0000019_8_shen	alpha-Ketoisovaleric acid	inchikey_connectivity_formula_mass	2	FALSE	TRUE	1.10000542008493e-09	2.75001355021232e-06
2-KETO-ISOVALERATE	243	HMDB	HMDB0000019_9_shen	alpha-Ketoisovaleric acid	inchikey_connectivity_formula_mass	2	FALSE	TRUE	1.10000542008493e-09	2.75001355021232e-06
2-KETO-ISOVALERATE	244	HMDB	HMDB0000019_10_shen	alpha-Ketoisovaleric acid	inchikey_connectivity_formula_mass	2	FALSE	TRUE	1.10000542008493e-09	2.75001355021232e-06
2-KETO-ISOVALERATE	245	HMDB	HMDB0000019_11_shen	alpha-Ketoisovaleric acid	inchikey_connectivity_formula_mass	2	FALSE	TRUE	1.10000542008493e-09	2.75001355021232e-06
2-KETO-ISOVALERATE	246	HMDB	HMDB0000019_12_shen	alpha-Ketoisovaleric acid	inchikey_connectivity_formula_mass	2	FALSE	TRUE	1.10000542008493e-09	2.75001355021232e-06
2-KETO-ISOVALERATE	247	HMDB	HMDB0000019_13_shen	alpha-Ketoisovaleric acid	inchikey_connectivity_formula_mass	2	FALSE	TRUE	1.10000542008493e-09	2.75001355021232e-06
2-KETO-ISOVALERATE	248	HMDB	HMDB0000019_14_shen	alpha-Ketoisovaleric acid	inchikey_connectivity_formula_mass	2	FALSE	TRUE	1.10000542008493e-09	2.75001355021232e-06
2-KETO-ISOVALERATE	249	HMDB	HMDB0000019_15_shen	alpha-Ketoisovaleric acid	inchikey_connectivity_formula_mass	2	FALSE	TRUE	1.10000542008493e-09	2.75001355021232e-06
CPD-7650	316	HMDB	HMDB0000022_1_shen	3-Methoxytyramine	inchikey_connectivity_formula_mass	2	FALSE	TRUE	1.70001612787019e-09	4.25004031967546e-06
CPD-7650	317	HMDB	HMDB0000022_2_shen	3-Methoxytyramine	inchikey_connectivity_formula_mass	2	FALSE	TRUE	1.70001612787019e-09	4.25004031967546e-06
CPD-7650	318	HMDB	HMDB0000022_3_shen	3-Methoxytyramine	inchikey_connectivity_formula_mass	2	FALSE	TRUE	1.70001612787019e-09	4.25004031967546e-06
CPD-7650	319	HMDB	HMDB0000022_4_shen	3-Methoxytyramine	inchikey_connectivity_formula_mass	2	FALSE	TRUE	1.70001612787019e-09	4.25004031967546e-06
CPD-7650	320	HMDB	HMDB0000022_5_shen	3-Methoxytyramine	inchikey_connectivity_formula_mass	2	FALSE	TRUE	1.70001612787019e-09	4.25004031967546e-06
CPD-7650	321	HMDB	HMDB0000022_6_shen	3-Methoxytyramine	inchikey_connectivity_formula_mass	2	FALSE	TRUE	1.70001612787019e-09	4.25004031967546e-06
CPD-7650	322	HMDB	HMDB0000022_7_shen	3-Methoxytyramine	inchikey_connectivity_formula_mass	2	FALSE	TRUE	1.70001612787019e-09	4.25004031967546e-06
CPD-7650	323	HMDB	HMDB0000022_8_shen	3-Methoxytyramine	inchikey_connectivity_formula_mass	2	FALSE	TRUE	1.70001612787019e-09	4.25004031967546e-06
CPD-7650	324	HMDB	HMDB0000022_9_shen	3-Methoxytyramine	inchikey_connectivity_formula_mass	2	FALSE	TRUE	1.70001612787019e-09	4.25004031967546e-06
CPD-7650	325	HMDB	HMDB0000022_10_shen	3-Methoxytyramine	inchikey_connectivity_formula_mass	2	FALSE	TRUE	1.70001612787019e-09	4.25004031967546e-06
CPD-7650	326	HMDB	HMDB0000022_11_shen	3-Methoxytyramine	inchikey_connectivity_formula_mass	2	FALSE	TRUE	1.70001612787019e-09	4.25004031967546e-06
CPD-7650	327	HMDB	HMDB0000022_12_shen	3-Methoxytyramine	inchikey_connectivity_formula_mass	2	FALSE	TRUE	1.70001612787019e-09	4.25004031967546e-06
CPD-7650	328	HMDB	HMDB0000022_13_shen	3-Methoxytyramine	inchikey_connectivity_formula_mass	2	FALSE	TRUE	1.70001612787019e-09	4.25004031967546e-06
CPD-7650	329	HMDB	HMDB0000022_14_shen	3-Methoxytyramine	inchikey_connectivity_formula_mass	2	FALSE	TRUE	1.70001612787019e-09	4.25004031967546e-06
CPD-12175	330	HMDB	HMDB0000023_1_shen	(S)-3-Hydroxyisobutyric acid	inchikey_connectivity_formula_mass	2	FALSE	TRUE	1.10000542008493e-09	2.75001355021232e-06
CPD-12175	331	HMDB	HMDB0000023_2_shen	(S)-3-Hydroxyisobutyric acid	inchikey_connectivity_formula_mass	2	FALSE	TRUE	1.10000542008493e-09	2.75001355021232e-06
CPD-12175	332	HMDB	HMDB0000023_3_shen	(S)-3-Hydroxyisobutyric acid	inchikey_connectivity_formula_mass	2	FALSE	TRUE	1.10000542008493e-09	2.75001355021232e-06
3-UREIDO-PROPIONATE	333	HMDB	HMDB0000026_1_shen	Ureidopropionic acid	inchikey_connectivity_formula_mass	2	FALSE	TRUE	1.499984136899e-09	3.7499603422475e-06
3-UREIDO-PROPIONATE	334	HMDB	HMDB0000026_2_shen	Ureidopropionic acid	inchikey_connectivity_formula_mass	2	FALSE	TRUE	1.499984136899e-09	3.7499603422475e-06
3-UREIDO-PROPIONATE	335	HMDB	HMDB0000026_3_shen	Ureidopropionic acid	inchikey_connectivity_formula_mass	2	FALSE	TRUE	1.499984136899e-09	3.7499603422475e-06
3-UREIDO-PROPIONATE	336	HMDB	HMDB0000026_4_shen	Ureidopropionic acid	inchikey_connectivity_formula_mass	2	FALSE	TRUE	1.499984136899e-09	3.7499603422475e-06
3-UREIDO-PROPIONATE	337	HMDB	HMDB0000026_5_shen	Ureidopropionic acid	inchikey_connectivity_formula_mass	2	FALSE	TRUE	1.499984136899e-09	3.7499603422475e-06
3-UREIDO-PROPIONATE	338	HMDB	HMDB0000026_6_shen	Ureidopropionic acid	inchikey_connectivity_formula_mass	2	FALSE	TRUE	1.499984136899e-09	3.7499603422475e-06
3-UREIDO-PROPIONATE	339	HMDB	HMDB0000026_7_shen	Ureidopropionic acid	inchikey_connectivity_formula_mass	2	FALSE	TRUE	1.499984136899e-09	3.7499603422475e-06
3-UREIDO-PROPIONATE	340	HMDB	HMDB0000026_8_shen	Ureidopropionic acid	inchikey_connectivity_formula_mass	2	FALSE	TRUE	1.499984136899e-09	3.7499603422475e-06
3-UREIDO-PROPIONATE	341	HMDB	HMDB0000026_9_shen	Ureidopropionic acid	inchikey_connectivity_formula_mass	2	FALSE	TRUE	1.499984136899e-09	3.7499603422475e-06
3-UREIDO-PROPIONATE	342	HMDB	HMDB0000026_10_shen	Ureidopropionic acid	inchikey_connectivity_formula_mass	2	FALSE	TRUE	1.499984136899e-09	3.7499603422475e-06
3-UREIDO-PROPIONATE	343	HMDB	HMDB0000026_11_shen	Ureidopropionic acid	inchikey_connectivity_formula_mass	2	FALSE	TRUE	1.499984136899e-09	3.7499603422475e-06
3-UREIDO-PROPIONATE	344	HMDB	HMDB0000026_12_shen	Ureidopropionic acid	inchikey_connectivity_formula_mass	2	FALSE	TRUE	1.499984136899e-09	3.7499603422475e-06
3-UREIDO-PROPIONATE	345	HMDB	HMDB0000026_13_shen	Ureidopropionic acid	inchikey_connectivity_formula_mass	2	FALSE	TRUE	1.499984136899e-09	3.7499603422475e-06
3-UREIDO-PROPIONATE	346	HMDB	HMDB0000026_14_shen	Ureidopropionic acid	inchikey_connectivity_formula_mass	2	FALSE	TRUE	1.499984136899e-09	3.7499603422475e-06
3-UREIDO-PROPIONATE	347	HMDB	HMDB0000026_15_shen	Ureidopropionic acid	inchikey_connectivity_formula_mass	2	FALSE	TRUE	1.499984136899e-09	3.7499603422475e-06
3-UREIDO-PROPIONATE	348	HMDB	HMDB0000026_16_shen	Ureidopropionic acid	inchikey_connectivity_formula_mass	2	FALSE	TRUE	1.499984136899e-09	3.7499603422475e-06
3-UREIDO-PROPIONATE	349	HMDB	HMDB0000026_17_shen	Ureidopropionic acid	inchikey_connectivity_formula_mass	2	FALSE	TRUE	1.499984136899e-09	3.7499603422475e-06
3-UREIDO-PROPIONATE	350	HMDB	HMDB0000026_18_shen	Ureidopropionic acid	inchikey_connectivity_formula_mass	2	FALSE	TRUE	1.499984136899e-09	3.7499603422475e-06
3-UREIDO-PROPIONATE	351	HMDB	HMDB0000026_19_shen	Ureidopropionic acid	inchikey_connectivity_formula_mass	2	FALSE	TRUE	1.499984136899e-09	3.7499603422475e-06
3-UREIDO-PROPIONATE	352	HMDB	HMDB0000026_20_shen	Ureidopropionic acid	inchikey_connectivity_formula_mass	2	FALSE	TRUE	1.499984136899e-09	3.7499603422475e-06
3-UREIDO-PROPIONATE	353	HMDB	HMDB0000026_21_shen	Ureidopropionic acid	inchikey_connectivity_formula_mass	2	FALSE	TRUE	1.499984136899e-09	3.7499603422475e-06
3-UREIDO-PROPIONATE	354	HMDB	HMDB0000026_22_shen	Ureidopropionic acid	inchikey_connectivity_formula_mass	2	FALSE	TRUE	1.499984136899e-09	3.7499603422475e-06
3-UREIDO-PROPIONATE	355	HMDB	HMDB0000026_23_shen	Ureidopropionic acid	inchikey_connectivity_formula_mass	2	FALSE	TRUE	1.499984136899e-09	3.7499603422475e-06
3-UREIDO-PROPIONATE	356	HMDB	HMDB0000026_24_shen	Ureidopropionic acid	inchikey_connectivity_formula_mass	2	FALSE	TRUE	1.499984136899e-09	3.7499603422475e-06
3-UREIDO-PROPIONATE	357	HMDB	HMDB0000026_25_shen	Ureidopropionic acid	inchikey_connectivity_formula_mass	2	FALSE	TRUE	1.499984136899e-09	3.7499603422475e-06
3-UREIDO-PROPIONATE	358	HMDB	HMDB0000026_26_shen	Ureidopropionic acid	inchikey_connectivity_formula_mass	2	FALSE	TRUE	1.499984136899e-09	3.7499603422475e-06
3-UREIDO-PROPIONATE	359	HMDB	HMDB0000026_27_shen	Ureidopropionic acid	inchikey_connectivity_formula_mass	2	FALSE	TRUE	1.499984136899e-09	3.7499603422475e-06
3-UREIDO-PROPIONATE	360	HMDB	HMDB0000026_28_shen	Ureidopropionic acid	inchikey_connectivity_formula_mass	2	FALSE	TRUE	1.499984136899e-09	3.7499603422475e-06
3-UREIDO-PROPIONATE	361	HMDB	HMDB0000026_29_shen	Ureidopropionic acid	inchikey_connectivity_formula_mass	2	FALSE	TRUE	1.499984136899e-09	3.7499603422475e-06
3-UREIDO-PROPIONATE	362	HMDB	HMDB0000026_30_shen	Ureidopropionic acid	inchikey_connectivity_formula_mass	2	FALSE	TRUE	1.499984136899e-09	3.7499603422475e-06
3-UREIDO-PROPIONATE	363	HMDB	HMDB0000026_31_shen	Ureidopropionic acid	inchikey_connectivity_formula_mass	2	FALSE	TRUE	1.499984136899e-09	3.7499603422475e-06
3-UREIDO-PROPIONATE	364	HMDB	HMDB0000026_32_shen	Ureidopropionic acid	inchikey_connectivity_formula_mass	2	FALSE	TRUE	1.499984136899e-09	3.7499603422475e-06
3-UREIDO-PROPIONATE	365	HMDB	HMDB0000026_33_shen	Ureidopropionic acid	inchikey_connectivity_formula_mass	2	FALSE	TRUE	1.499984136899e-09	3.7499603422475e-06
3-UREIDO-PROPIONATE	366	HMDB	HMDB0000026_34_shen	Ureidopropionic acid	inchikey_connectivity_formula_mass	2	FALSE	TRUE	1.499984136899e-09	3.7499603422475e-06
3-UREIDO-PROPIONATE	367	HMDB	HMDB0000026_35_shen	Ureidopropionic acid	inchikey_connectivity_formula_mass	2	FALSE	TRUE	1.499984136899e-09	3.7499603422475e-06
3-UREIDO-PROPIONATE	368	HMDB	HMDB0000026_36_shen	Ureidopropionic acid	inchikey_connectivity_formula_mass	2	FALSE	TRUE	1.499984136899e-09	3.7499603422475e-06
CPD-14053	369	HMDB	HMDB0000027_1_shen	Tetrahydrobiopterin	inchikey	1	TRUE	TRUE	2.79999312624568e-09	6.9999828156142e-06
CPD-14053	370	HMDB	HMDB0000027_2_shen	Tetrahydrobiopterin	inchikey	1	TRUE	TRUE	2.79999312624568e-09	6.9999828156142e-06
CPD-14053	371	HMDB	HMDB0000027_3_shen	Tetrahydrobiopterin	inchikey	1	TRUE	TRUE	2.79999312624568e-09	6.9999828156142e-06
CPD-14053	372	HMDB	HMDB0000027_4_shen	Tetrahydrobiopterin	inchikey	1	TRUE	TRUE	2.79999312624568e-09	6.9999828156142e-06
CPD-14053	373	HMDB	HMDB0000027_5_shen	Tetrahydrobiopterin	inchikey	1	TRUE	TRUE	2.79999312624568e-09	6.9999828156142e-06
CPD-14053	374	HMDB	HMDB0000027_6_shen	Tetrahydrobiopterin	inchikey	1	TRUE	TRUE	2.79999312624568e-09	6.9999828156142e-06
CPD-14053	375	HMDB	HMDB0000027_7_shen	Tetrahydrobiopterin	inchikey	1	TRUE	TRUE	2.79999312624568e-09	6.9999828156142e-06
CPD-14053	376	HMDB	HMDB0000027_8_shen	Tetrahydrobiopterin	inchikey	1	TRUE	TRUE	2.79999312624568e-09	6.9999828156142e-06
CPD-14053	377	HMDB	HMDB0000027_9_shen	Tetrahydrobiopterin	inchikey	1	TRUE	TRUE	2.79999312624568e-09	6.9999828156142e-06
CPD-14053	378	HMDB	HMDB0000027_10_shen	Tetrahydrobiopterin	inchikey	1	TRUE	TRUE	2.79999312624568e-09	6.9999828156142e-06
CPD-14053	379	HMDB	HMDB0000027_11_shen	Tetrahydrobiopterin	inchikey	1	TRUE	TRUE	2.79999312624568e-09	6.9999828156142e-06
CPD-14053	380	HMDB	HMDB0000027_12_shen	Tetrahydrobiopterin	inchikey	1	TRUE	TRUE	2.79999312624568e-09	6.9999828156142e-06
CPD-14053	381	HMDB	HMDB0000027_13_shen	Tetrahydrobiopterin	inchikey	1	TRUE	TRUE	2.79999312624568e-09	6.9999828156142e-06
CPD-14053	382	HMDB	HMDB0000027_14_shen	Tetrahydrobiopterin	inchikey	1	TRUE	TRUE	2.79999312624568e-09	6.9999828156142e-06
CPD-14053	383	HMDB	HMDB0000027_15_shen	Tetrahydrobiopterin	inchikey	1	TRUE	TRUE	2.79999312624568e-09	6.9999828156142e-06
CPD-14053	384	HMDB	HMDB0000027_16_shen	Tetrahydrobiopterin	inchikey	1	TRUE	TRUE	2.79999312624568e-09	6.9999828156142e-06
CPD-14053	385	HMDB	HMDB0000027_17_shen	Tetrahydrobiopterin	inchikey	1	TRUE	TRUE	2.79999312624568e-09	6.9999828156142e-06
CPD-14053	386	HMDB	HMDB0000027_18_shen	Tetrahydrobiopterin	inchikey	1	TRUE	TRUE	2.79999312624568e-09	6.9999828156142e-06
CPD-14053	387	HMDB	HMDB0000027_19_shen	Tetrahydrobiopterin	inchikey	1	TRUE	TRUE	2.79999312624568e-09	6.9999828156142e-06
CPD-14053	388	HMDB	HMDB0000027_20_shen	Tetrahydrobiopterin	inchikey	1	TRUE	TRUE	2.79999312624568e-09	6.9999828156142e-06
CPD-14053	389	HMDB	HMDB0000027_21_shen	Tetrahydrobiopterin	inchikey	1	TRUE	TRUE	2.79999312624568e-09	6.9999828156142e-06
CPD-14053	390	HMDB	HMDB0000027_22_shen	Tetrahydrobiopterin	inchikey	1	TRUE	TRUE	2.79999312624568e-09	6.9999828156142e-06
CPD-14053	391	HMDB	HMDB0000027_23_shen	Tetrahydrobiopterin	inchikey	1	TRUE	TRUE	2.79999312624568e-09	6.9999828156142e-06
CPD-14053	392	HMDB	HMDB0000027_24_shen	Tetrahydrobiopterin	inchikey	1	TRUE	TRUE	2.79999312624568e-09	6.9999828156142e-06
CPD-14053	393	HMDB	HMDB0000027_25_shen	Tetrahydrobiopterin	inchikey	1	TRUE	TRUE	2.79999312624568e-09	6.9999828156142e-06
CPD-14053	394	HMDB	HMDB0000027_26_shen	Tetrahydrobiopterin	inchikey	1	TRUE	TRUE	2.79999312624568e-09	6.9999828156142e-06
CPD-14053	395	HMDB	HMDB0000027_27_shen	Tetrahydrobiopterin	inchikey	1	TRUE	TRUE	2.79999312624568e-09	6.9999828156142e-06
CPD-14053	396	HMDB	HMDB0000027_28_shen	Tetrahydrobiopterin	inchikey	1	TRUE	TRUE	2.79999312624568e-09	6.9999828156142e-06
CPD-14053	397	HMDB	HMDB0000027_29_shen	Tetrahydrobiopterin	inchikey	1	TRUE	TRUE	2.79999312624568e-09	6.9999828156142e-06
CPD-14053	398	HMDB	HMDB0000027_30_shen	Tetrahydrobiopterin	inchikey	1	TRUE	TRUE	2.79999312624568e-09	6.9999828156142e-06
CPD-14053	399	HMDB	HMDB0000027_31_shen	Tetrahydrobiopterin	inchikey	1	TRUE	TRUE	2.79999312624568e-09	6.9999828156142e-06
CPD-14053	400	HMDB	HMDB0000027_32_shen	Tetrahydrobiopterin	inchikey	1	TRUE	TRUE	2.79999312624568e-09	6.9999828156142e-06
CPD-14053	401	HMDB	HMDB0000027_33_shen	Tetrahydrobiopterin	inchikey	1	TRUE	TRUE	2.79999312624568e-09	6.9999828156142e-06
CPD-14053	402	HMDB	HMDB0000027_34_shen	Tetrahydrobiopterin	inchikey	1	TRUE	TRUE	2.79999312624568e-09	6.9999828156142e-06
CPD-14053	403	HMDB	HMDB0000027_35_shen	Tetrahydrobiopterin	inchikey	1	TRUE	TRUE	2.79999312624568e-09	6.9999828156142e-06
CPD-14053	404	HMDB	HMDB0000027_36_shen	Tetrahydrobiopterin	inchikey	1	TRUE	TRUE	2.79999312624568e-09	6.9999828156142e-06
CPD-14053	405	HMDB	HMDB0000027_37_shen	Tetrahydrobiopterin	inchikey	1	TRUE	TRUE	2.79999312624568e-09	6.9999828156142e-06
CPD-14053	406	HMDB	HMDB0000027_38_shen	Tetrahydrobiopterin	inchikey	1	TRUE	TRUE	2.79999312624568e-09	6.9999828156142e-06
CPD-14053	407	HMDB	HMDB0000027_39_shen	Tetrahydrobiopterin	inchikey	1	TRUE	TRUE	2.79999312624568e-09	6.9999828156142e-06
CPD-14053	408	HMDB	HMDB0000027_40_shen	Tetrahydrobiopterin	inchikey	1	TRUE	TRUE	2.79999312624568e-09	6.9999828156142e-06
CPD-14053	409	HMDB	HMDB0000027_41_shen	Tetrahydrobiopterin	inchikey	1	TRUE	TRUE	2.79999312624568e-09	6.9999828156142e-06
CPD-14053	410	HMDB	HMDB0000027_42_shen	Tetrahydrobiopterin	inchikey	1	TRUE	TRUE	2.79999312624568e-09	6.9999828156142e-06
CPD-14053	411	HMDB	HMDB0000027_43_shen	Tetrahydrobiopterin	inchikey	1	TRUE	TRUE	2.79999312624568e-09	6.9999828156142e-06
CPD-14053	412	HMDB	HMDB0000027_44_shen	Tetrahydrobiopterin	inchikey	1	TRUE	TRUE	2.79999312624568e-09	6.9999828156142e-06
CPD-14053	413	HMDB	HMDB0000027_45_shen	Tetrahydrobiopterin	inchikey	1	TRUE	TRUE	2.79999312624568e-09	6.9999828156142e-06
CPD-14053	414	HMDB	HMDB0000027_46_shen	Tetrahydrobiopterin	inchikey	1	TRUE	TRUE	2.79999312624568e-09	6.9999828156142e-06
CPD-14053	415	HMDB	HMDB0000027_47_shen	Tetrahydrobiopterin	inchikey	1	TRUE	TRUE	2.79999312624568e-09	6.9999828156142e-06
CPD-14053	416	HMDB	HMDB0000027_48_shen	Tetrahydrobiopterin	inchikey	1	TRUE	TRUE	2.79999312624568e-09	6.9999828156142e-06
CPD-14053	417	HMDB	HMDB0000027_49_shen	Tetrahydrobiopterin	inchikey	1	TRUE	TRUE	2.79999312624568e-09	6.9999828156142e-06
CPD-14053	418	HMDB	HMDB0000027_50_shen	Tetrahydrobiopterin	inchikey	1	TRUE	TRUE	2.79999312624568e-09	6.9999828156142e-06
CPD-14053	419	HMDB	HMDB0000027_51_shen	Tetrahydrobiopterin	inchikey	1	TRUE	TRUE	2.79999312624568e-09	6.9999828156142e-06
CPD-14053	420	HMDB	HMDB0000027_52_shen	Tetrahydrobiopterin	inchikey	1	TRUE	TRUE	2.79999312624568e-09	6.9999828156142e-06
CPD-14053	421	HMDB	HMDB0000027_53_shen	Tetrahydrobiopterin	inchikey	1	TRUE	TRUE	2.79999312624568e-09	6.9999828156142e-06
CPD-14053	422	HMDB	HMDB0000027_54_shen	Tetrahydrobiopterin	inchikey	1	TRUE	TRUE	2.79999312624568e-09	6.9999828156142e-06
CPD-14053	423	HMDB	HMDB0000027_55_shen	Tetrahydrobiopterin	inchikey	1	TRUE	TRUE	2.79999312624568e-09	6.9999828156142e-06
CPD-14053	424	HMDB	HMDB0000027_56_shen	Tetrahydrobiopterin	inchikey	1	TRUE	TRUE	2.79999312624568e-09	6.9999828156142e-06
CPD-14053	425	HMDB	HMDB0000027_57_shen	Tetrahydrobiopterin	inchikey	1	TRUE	TRUE	2.79999312624568e-09	6.9999828156142e-06
CPD-14053	426	HMDB	HMDB0000027_58_shen	Tetrahydrobiopterin	inchikey	1	TRUE	TRUE	2.79999312624568e-09	6.9999828156142e-06
CPD-14053	427	HMDB	HMDB0000027_59_shen	Tetrahydrobiopterin	inchikey	1	TRUE	TRUE	2.79999312624568e-09	6.9999828156142e-06
CPD-14053	428	HMDB	HMDB0000027_60_shen	Tetrahydrobiopterin	inchikey	1	TRUE	TRUE	2.79999312624568e-09	6.9999828156142e-06
CPD-14053	429	HMDB	HMDB0000027_61_shen	Tetrahydrobiopterin	inchikey	1	TRUE	TRUE	2.79999312624568e-09	6.9999828156142e-06
CPD-14053	430	HMDB	HMDB0000027_62_shen	Tetrahydrobiopterin	inchikey	1	TRUE	TRUE	2.79999312624568e-09	6.9999828156142e-06
CPD-14053	431	HMDB	HMDB0000027_63_shen	Tetrahydrobiopterin	inchikey	1	TRUE	TRUE	2.79999312624568e-09	6.9999828156142e-06
CPD-14053	432	HMDB	HMDB0000027_64_shen	Tetrahydrobiopterin	inchikey	1	TRUE	TRUE	2.79999312624568e-09	6.9999828156142e-06
CPD-14053	433	HMDB	HMDB0000027_65_shen	Tetrahydrobiopterin	inchikey	1	TRUE	TRUE	2.79999312624568e-09	6.9999828156142e-06
CPD-14053	434	HMDB	HMDB0000027_66_shen	Tetrahydrobiopterin	inchikey	1	TRUE	TRUE	2.79999312624568e-09	6.9999828156142e-06
CPD-14053	435	HMDB	HMDB0000027_67_shen	Tetrahydrobiopterin	inchikey	1	TRUE	TRUE	2.79999312624568e-09	6.9999828156142e-06
CPD-14053	436	HMDB	HMDB0000027_68_shen	Tetrahydrobiopterin	inchikey	1	TRUE	TRUE	2.79999312624568e-09	6.9999828156142e-06
CPD-14053	437	HMDB	HMDB0000027_69_shen	Tetrahydrobiopterin	inchikey	1	TRUE	TRUE	2.79999312624568e-09	6.9999828156142e-06
CPD-14053	438	HMDB	HMDB0000027_70_shen	Tetrahydrobiopterin	inchikey	1	TRUE	TRUE	2.79999312624568e-09	6.9999828156142e-06
CPD-14053	439	HMDB	HMDB0000027_71_shen	Tetrahydrobiopterin	inchikey	1	TRUE	TRUE	2.79999312624568e-09	6.9999828156142e-06
CPD-14053	440	HMDB	HMDB0000027_72_shen	Tetrahydrobiopterin	inchikey	1	TRUE	TRUE	2.79999312624568e-09	6.9999828156142e-06
CPD-14053	441	HMDB	HMDB0000027_73_shen	Tetrahydrobiopterin	inchikey	1	TRUE	TRUE	2.79999312624568e-09	6.9999828156142e-06
CPD-14053	442	HMDB	HMDB0000027_74_shen	Tetrahydrobiopterin	inchikey	1	TRUE	TRUE	2.79999312624568e-09	6.9999828156142e-06
CPD-14053	443	HMDB	HMDB0000027_75_shen	Tetrahydrobiopterin	inchikey	1	TRUE	TRUE	2.79999312624568e-09	6.9999828156142e-06
CPD-14053	444	HMDB	HMDB0000027_76_shen	Tetrahydrobiopterin	inchikey	1	TRUE	TRUE	2.79999312624568e-09	6.9999828156142e-06
CPD-14053	445	HMDB	HMDB0000027_77_shen	Tetrahydrobiopterin	inchikey	1	TRUE	TRUE	2.79999312624568e-09	6.9999828156142e-06
CPD-14053	446	HMDB	HMDB0000027_78_shen	Tetrahydrobiopterin	inchikey	1	TRUE	TRUE	2.79999312624568e-09	6.9999828156142e-06
CPD-14053	447	HMDB	HMDB0000027_79_shen	Tetrahydrobiopterin	inchikey	1	TRUE	TRUE	2.79999312624568e-09	6.9999828156142e-06
CPD-14053	448	HMDB	HMDB0000027_80_shen	Tetrahydrobiopterin	inchikey	1	TRUE	TRUE	2.79999312624568e-09	6.9999828156142e-06
CPD-14053	449	HMDB	HMDB0000027_81_shen	Tetrahydrobiopterin	inchikey	1	TRUE	TRUE	2.79999312624568e-09	6.9999828156142e-06
CPD-14053	450	HMDB	HMDB0000027_82_shen	Tetrahydrobiopterin	inchikey	1	TRUE	TRUE	2.79999312624568e-09	6.9999828156142e-06
CPD-14053	451	HMDB	HMDB0000027_83_shen	Tetrahydrobiopterin	inchikey	1	TRUE	TRUE	2.79999312624568e-09	6.9999828156142e-06
CPD-14053	452	HMDB	HMDB0000027_84_shen	Tetrahydrobiopterin	inchikey	1	TRUE	TRUE	2.79999312624568e-09	6.9999828156142e-06
CPD-14053	453	HMDB	HMDB0000027_85_shen	Tetrahydrobiopterin	inchikey	1	TRUE	TRUE	2.79999312624568e-09	6.9999828156142e-06
CPD-14053	454	HMDB	HMDB0000027_86_shen	Tetrahydrobiopterin	inchikey	1	TRUE	TRUE	2.79999312624568e-09	6.9999828156142e-06
CPD-14053	455	HMDB	HMDB0000027_87_shen	Tetrahydrobiopterin	inchikey	1	TRUE	TRUE	2.79999312624568e-09	6.9999828156142e-06
CPD-4187	583	HMDB	HMDB0000032_1_shen	7-Dehydrocholesterol	inchikey	1	TRUE	TRUE	4.50000925411587e-09	1.12500231352897e-05
CPD-4187	584	HMDB	HMDB0000032_2_shen	7-Dehydrocholesterol	inchikey	1	TRUE	TRUE	4.50000925411587e-09	1.12500231352897e-05
CPD-4187	585	HMDB	HMDB0000032_3_shen	7-Dehydrocholesterol	inchikey	1	TRUE	TRUE	4.50000925411587e-09	1.12500231352897e-05
CPD-4187	586	HMDB	HMDB0000032_4_shen	7-Dehydrocholesterol	inchikey	1	TRUE	TRUE	4.50000925411587e-09	1.12500231352897e-05
ADENINE	680	HMDB	HMDB0000034_1_shen	Adenine	inchikey	1	TRUE	TRUE	1.499984136899e-09	3.7499603422475e-06
ADENINE	681	HMDB	HMDB0000034_2_shen	Adenine	inchikey	1	TRUE	TRUE	1.499984136899e-09	3.7499603422475e-06
ADENINE	682	HMDB	HMDB0000034_3_shen	Adenine	inchikey	1	TRUE	TRUE	1.499984136899e-09	3.7499603422475e-06
ADENINE	683	HMDB	HMDB0000034_4_shen	Adenine	inchikey	1	TRUE	TRUE	1.499984136899e-09	3.7499603422475e-06
ADENINE	684	HMDB	HMDB0000034_5_shen	Adenine	inchikey	1	TRUE	TRUE	1.499984136899e-09	3.7499603422475e-06
ADENINE	685	HMDB	HMDB0000034_6_shen	Adenine	inchikey	1	TRUE	TRUE	1.499984136899e-09	3.7499603422475e-06
ADENINE	686	HMDB	HMDB0000034_7_shen	Adenine	inchikey	1	TRUE	TRUE	1.499984136899e-09	3.7499603422475e-06
ADENINE	687	HMDB	HMDB0000034_8_shen	Adenine	inchikey	1	TRUE	TRUE	1.499984136899e-09	3.7499603422475e-06
ADENINE	688	HMDB	HMDB0000034_9_shen	Adenine	inchikey	1	TRUE	TRUE	1.499984136899e-09	3.7499603422475e-06
ADENINE	689	HMDB	HMDB0000034_10_shen	Adenine	inchikey	1	TRUE	TRUE	1.499984136899e-09	3.7499603422475e-06
ADENINE	690	HMDB	HMDB0000034_11_shen	Adenine	inchikey	1	TRUE	TRUE	1.499984136899e-09	3.7499603422475e-06
ADENINE	691	HMDB	HMDB0000034_12_shen	Adenine	inchikey	1	TRUE	TRUE	1.499984136899e-09	3.7499603422475e-06
ADENINE	692	HMDB	HMDB0000034_13_shen	Adenine	inchikey	1	TRUE	TRUE	1.499984136899e-09	3.7499603422475e-06
ADENINE	693	HMDB	HMDB0000034_14_shen	Adenine	inchikey	1	TRUE	TRUE	1.499984136899e-09	3.7499603422475e-06
ADENINE	694	HMDB	HMDB0000034_15_shen	Adenine	inchikey	1	TRUE	TRUE	1.499984136899e-09	3.7499603422475e-06
ADENINE	695	HMDB	HMDB0000034_16_shen	Adenine	inchikey	1	TRUE	TRUE	1.499984136899e-09	3.7499603422475e-06
ADENINE	696	HMDB	HMDB0000034_17_shen	Adenine	inchikey	1	TRUE	TRUE	1.499984136899e-09	3.7499603422475e-06
ADENINE	697	HMDB	HMDB0000034_18_shen	Adenine	inchikey	1	TRUE	TRUE	1.499984136899e-09	3.7499603422475e-06
ADENINE	698	HMDB	HMDB0000034_19_shen	Adenine	inchikey	1	TRUE	TRUE	1.499984136899e-09	3.7499603422475e-06
ADENINE	699	HMDB	HMDB0000034_20_shen	Adenine	inchikey	1	TRUE	TRUE	1.499984136899e-09	3.7499603422475e-06
ADENINE	700	HMDB	HMDB0000034_21_shen	Adenine	inchikey	1	TRUE	TRUE	1.499984136899e-09	3.7499603422475e-06
ADENINE	701	HMDB	HMDB0000034_22_shen	Adenine	inchikey	1	TRUE	TRUE	1.499984136899e-09	3.7499603422475e-06
ADENINE	702	HMDB	HMDB0000034_23_shen	Adenine	inchikey	1	TRUE	TRUE	1.499984136899e-09	3.7499603422475e-06
ADENINE	703	HMDB	HMDB0000034_24_shen	Adenine	inchikey	1	TRUE	TRUE	1.499984136899e-09	3.7499603422475e-06
ADENINE	704	HMDB	HMDB0000034_25_shen	Adenine	inchikey	1	TRUE	TRUE	1.499984136899e-09	3.7499603422475e-06
ADENINE	705	HMDB	HMDB0000034_26_shen	Adenine	inchikey	1	TRUE	TRUE	1.499984136899e-09	3.7499603422475e-06
ADENINE	706	HMDB	HMDB0000034_27_shen	Adenine	inchikey	1	TRUE	TRUE	1.499984136899e-09	3.7499603422475e-06
ADENINE	707	HMDB	HMDB0000034_28_shen	Adenine	inchikey	1	TRUE	TRUE	1.499984136899e-09	3.7499603422475e-06
ADENINE	708	HMDB	HMDB0000034_29_shen	Adenine	inchikey	1	TRUE	TRUE	1.499984136899e-09	3.7499603422475e-06
ADENINE	709	HMDB	HMDB0000034_30_shen	Adenine	inchikey	1	TRUE	TRUE	1.499984136899e-09	3.7499603422475e-06
ADENINE	710	HMDB	HMDB0000034_31_shen	Adenine	inchikey	1	TRUE	TRUE	1.499984136899e-09	3.7499603422475e-06
ADENINE	711	HMDB	HMDB0000034_32_shen	Adenine	inchikey	1	TRUE	TRUE	1.499984136899e-09	3.7499603422475e-06
ADENINE	712	HMDB	HMDB0000034_33_shen	Adenine	inchikey	1	TRUE	TRUE	1.499984136899e-09	3.7499603422475e-06
ADENINE	713	HMDB	HMDB0000034_34_shen	Adenine	inchikey	1	TRUE	TRUE	1.499984136899e-09	3.7499603422475e-06
ADENINE	714	HMDB	HMDB0000034_35_shen	Adenine	inchikey	1	TRUE	TRUE	1.499984136899e-09	3.7499603422475e-06
ADENINE	715	HMDB	HMDB0000034_36_shen	Adenine	inchikey	1	TRUE	TRUE	1.499984136899e-09	3.7499603422475e-06
ADENINE	716	HMDB	HMDB0000034_37_shen	Adenine	inchikey	1	TRUE	TRUE	1.499984136899e-09	3.7499603422475e-06
ADENINE	717	HMDB	HMDB0000034_38_shen	Adenine	inchikey	1	TRUE	TRUE	1.499984136899e-09	3.7499603422475e-06
ADENINE	718	HMDB	HMDB0000034_39_shen	Adenine	inchikey	1	TRUE	TRUE	1.499984136899e-09	3.7499603422475e-06
ADENINE	719	HMDB	HMDB0000034_40_shen	Adenine	inchikey	1	TRUE	TRUE	1.499984136899e-09	3.7499603422475e-06
ADENINE	720	HMDB	HMDB0000034_41_shen	Adenine	inchikey	1	TRUE	TRUE	1.499984136899e-09	3.7499603422475e-06
ADENINE	721	HMDB	HMDB0000034_42_shen	Adenine	inchikey	1	TRUE	TRUE	1.499984136899e-09	3.7499603422475e-06
ADENINE	722	HMDB	HMDB0000034_43_shen	Adenine	inchikey	1	TRUE	TRUE	1.499984136899e-09	3.7499603422475e-06
ADENINE	723	HMDB	HMDB0000034_44_shen	Adenine	inchikey	1	TRUE	TRUE	1.499984136899e-09	3.7499603422475e-06
ADENINE	724	HMDB	HMDB0000034_45_shen	Adenine	inchikey	1	TRUE	TRUE	1.499984136899e-09	3.7499603422475e-06
ADENINE	725	HMDB	HMDB0000034_46_shen	Adenine	inchikey	1	TRUE	TRUE	1.499984136899e-09	3.7499603422475e-06
ADENINE	726	HMDB	HMDB0000034_47_shen	Adenine	inchikey	1	TRUE	TRUE	1.499984136899e-09	3.7499603422475e-06
ADENINE	727	HMDB	HMDB0000034_48_shen	Adenine	inchikey	1	TRUE	TRUE	1.499984136899e-09	3.7499603422475e-06
ADENINE	728	HMDB	HMDB0000034_49_shen	Adenine	inchikey	1	TRUE	TRUE	1.499984136899e-09	3.7499603422475e-06
ADENINE	729	HMDB	HMDB0000034_50_shen	Adenine	inchikey	1	TRUE	TRUE	1.499984136899e-09	3.7499603422475e-06
ADENINE	730	HMDB	HMDB0000034_51_shen	Adenine	inchikey	1	TRUE	TRUE	1.499984136899e-09	3.7499603422475e-06
ADENINE	731	HMDB	HMDB0000034_52_shen	Adenine	inchikey	1	TRUE	TRUE	1.499984136899e-09	3.7499603422475e-06
ADENINE	732	HMDB	HMDB0000034_53_shen	Adenine	inchikey	1	TRUE	TRUE	1.499984136899e-09	3.7499603422475e-06
ADENINE	733	HMDB	HMDB0000034_54_shen	Adenine	inchikey	1	TRUE	TRUE	1.499984136899e-09	3.7499603422475e-06
ADENINE	734	HMDB	HMDB0000034_55_shen	Adenine	inchikey	1	TRUE	TRUE	1.499984136899e-09	3.7499603422475e-06
ADENINE	735	HMDB	HMDB0000034_56_shen	Adenine	inchikey	1	TRUE	TRUE	1.499984136899e-09	3.7499603422475e-06
ADENINE	736	HMDB	HMDB0000034_57_shen	Adenine	inchikey	1	TRUE	TRUE	1.499984136899e-09	3.7499603422475e-06
ADENINE	737	HMDB	HMDB0000034_58_shen	Adenine	inchikey	1	TRUE	TRUE	1.499984136899e-09	3.7499603422475e-06
ADENINE	738	HMDB	HMDB0000034_59_shen	Adenine	inchikey	1	TRUE	TRUE	1.499984136899e-09	3.7499603422475e-06
ADENINE	739	HMDB	HMDB0000034_60_shen	Adenine	inchikey	1	TRUE	TRUE	1.499984136899e-09	3.7499603422475e-06
ADENINE	740	HMDB	HMDB0000034_61_shen	Adenine	inchikey	1	TRUE	TRUE	1.499984136899e-09	3.7499603422475e-06
ADENINE	741	HMDB	HMDB0000034_62_shen	Adenine	inchikey	1	TRUE	TRUE	1.499984136899e-09	3.7499603422475e-06
ADENINE	742	HMDB	HMDB0000034_63_shen	Adenine	inchikey	1	TRUE	TRUE	1.499984136899e-09	3.7499603422475e-06
ADENINE	743	HMDB	HMDB0000034_64_shen	Adenine	inchikey	1	TRUE	TRUE	1.499984136899e-09	3.7499603422475e-06
ADENINE	744	HMDB	HMDB0000034_65_shen	Adenine	inchikey	1	TRUE	TRUE	1.499984136899e-09	3.7499603422475e-06
ADENINE	745	HMDB	HMDB0000034_66_shen	Adenine	inchikey	1	TRUE	TRUE	1.499984136899e-09	3.7499603422475e-06
ADENINE	746	HMDB	HMDB0000034_67_shen	Adenine	inchikey	1	TRUE	TRUE	1.499984136899e-09	3.7499603422475e-06
ADENINE	747	HMDB	HMDB0000034_68_shen	Adenine	inchikey	1	TRUE	TRUE	1.499984136899e-09	3.7499603422475e-06
ADENINE	748	HMDB	HMDB0000034_69_shen	Adenine	inchikey	1	TRUE	TRUE	1.499984136899e-09	3.7499603422475e-06
ADENINE	749	HMDB	HMDB0000034_70_shen	Adenine	inchikey	1	TRUE	TRUE	1.499984136899e-09	3.7499603422475e-06
ADENINE	750	HMDB	HMDB0000034_71_shen	Adenine	inchikey	1	TRUE	TRUE	1.499984136899e-09	3.7499603422475e-06
ADENINE	751	HMDB	HMDB0000034_72_shen	Adenine	inchikey	1	TRUE	TRUE	1.499984136899e-09	3.7499603422475e-06
ADENINE	752	HMDB	HMDB0000034_73_shen	Adenine	inchikey	1	TRUE	TRUE	1.499984136899e-09	3.7499603422475e-06
ADENINE	753	HMDB	HMDB0000034_74_shen	Adenine	inchikey	1	TRUE	TRUE	1.499984136899e-09	3.7499603422475e-06
ADENINE	754	HMDB	HMDB0000034_75_shen	Adenine	inchikey	1	TRUE	TRUE	1.499984136899e-09	3.7499603422475e-06
ADENINE	755	HMDB	HMDB0000034_76_shen	Adenine	inchikey	1	TRUE	TRUE	1.499984136899e-09	3.7499603422475e-06
ADENINE	756	HMDB	HMDB0000034_77_shen	Adenine	inchikey	1	TRUE	TRUE	1.499984136899e-09	3.7499603422475e-06
ADENINE	757	HMDB	HMDB0000034_78_shen	Adenine	inchikey	1	TRUE	TRUE	1.499984136899e-09	3.7499603422475e-06
ADENINE	758	HMDB	HMDB0000034_79_shen	Adenine	inchikey	1	TRUE	TRUE	1.499984136899e-09	3.7499603422475e-06
ADENINE	759	HMDB	HMDB0000034_80_shen	Adenine	inchikey	1	TRUE	TRUE	1.499984136899e-09	3.7499603422475e-06
ADENINE	760	HMDB	HMDB0000034_81_shen	Adenine	inchikey	1	TRUE	TRUE	1.499984136899e-09	3.7499603422475e-06
ADENINE	761	HMDB	HMDB0000034_82_shen	Adenine	inchikey	1	TRUE	TRUE	1.499984136899e-09	3.7499603422475e-06
ADENINE	762	HMDB	HMDB0000034_83_shen	Adenine	inchikey	1	TRUE	TRUE	1.499984136899e-09	3.7499603422475e-06
ADENINE	763	HMDB	HMDB0000034_84_shen	Adenine	inchikey	1	TRUE	TRUE	1.499984136899e-09	3.7499603422475e-06
ADENINE	764	HMDB	HMDB0000034_85_shen	Adenine	inchikey	1	TRUE	TRUE	1.499984136899e-09	3.7499603422475e-06
ADENINE	765	HMDB	HMDB0000034_86_shen	Adenine	inchikey	1	TRUE	TRUE	1.499984136899e-09	3.7499603422475e-06
ADENINE	766	HMDB	HMDB0000034_87_shen	Adenine	inchikey	1	TRUE	TRUE	1.499984136899e-09	3.7499603422475e-06
ADENINE	767	HMDB	HMDB0000034_88_shen	Adenine	inchikey	1	TRUE	TRUE	1.499984136899e-09	3.7499603422475e-06
ADENINE	768	HMDB	HMDB0000034_89_shen	Adenine	inchikey	1	TRUE	TRUE	1.499984136899e-09	3.7499603422475e-06
ADENINE	769	HMDB	HMDB0000034_90_shen	Adenine	inchikey	1	TRUE	TRUE	1.499984136899e-09	3.7499603422475e-06
ADENINE	770	HMDB	HMDB0000034_91_shen	Adenine	inchikey	1	TRUE	TRUE	1.499984136899e-09	3.7499603422475e-06
ADENINE	771	HMDB	HMDB0000034_92_shen	Adenine	inchikey	1	TRUE	TRUE	1.499984136899e-09	3.7499603422475e-06
ADENINE	772	HMDB	HMDB0000034_93_shen	Adenine	inchikey	1	TRUE	TRUE	1.499984136899e-09	3.7499603422475e-06
ADENINE	773	HMDB	HMDB0000034_94_shen	Adenine	inchikey	1	TRUE	TRUE	1.499984136899e-09	3.7499603422475e-06
78-dihydrobiopterins	809	HMDB	HMDB0000038_1_shen	Dihydrobiopterin	name_formula_mass	4	TRUE	TRUE	2.59998955698393e-09	6.49997389245982e-06
78-dihydrobiopterins	810	HMDB	HMDB0000038_2_shen	Dihydrobiopterin	name_formula_mass	4	TRUE	TRUE	2.59998955698393e-09	6.49997389245982e-06
78-dihydrobiopterins	811	HMDB	HMDB0000038_3_shen	Dihydrobiopterin	name_formula_mass	4	TRUE	TRUE	2.59998955698393e-09	6.49997389245982e-06
BUTYRIC_ACID	812	HMDB	HMDB0000039_1_shen	Butyric acid	inchikey_connectivity_formula_mass	2	FALSE	TRUE	9.99989424599335e-10	2.49997356149834e-06
BUTYRIC_ACID	813	HMDB	HMDB0000039_2_shen	Butyric acid	inchikey_connectivity_formula_mass	2	FALSE	TRUE	9.99989424599335e-10	2.49997356149834e-06
BUTYRIC_ACID	814	HMDB	HMDB0000039_3_shen	Butyric acid	inchikey_connectivity_formula_mass	2	FALSE	TRUE	9.99989424599335e-10	2.49997356149834e-06
BUTYRIC_ACID	815	HMDB	HMDB0000039_4_shen	Butyric acid	inchikey_connectivity_formula_mass	2	FALSE	TRUE	9.99989424599335e-10	2.49997356149834e-06
BUTYRIC_ACID	816	HMDB	HMDB0000039_5_shen	Butyric acid	inchikey_connectivity_formula_mass	2	FALSE	TRUE	9.99989424599335e-10	2.49997356149834e-06
BUTYRIC_ACID	817	HMDB	HMDB0000039_6_shen	Butyric acid	inchikey_connectivity_formula_mass	2	FALSE	TRUE	9.99989424599335e-10	2.49997356149834e-06
BUTYRIC_ACID	818	HMDB	HMDB0000039_7_shen	Butyric acid	inchikey_connectivity_formula_mass	2	FALSE	TRUE	9.99989424599335e-10	2.49997356149834e-06
BUTYRIC_ACID	819	HMDB	HMDB0000039_8_shen	Butyric acid	inchikey_connectivity_formula_mass	2	FALSE	TRUE	9.99989424599335e-10	2.49997356149834e-06
BUTYRIC_ACID	820	HMDB	HMDB0000039_9_shen	Butyric acid	inchikey_connectivity_formula_mass	2	FALSE	TRUE	9.99989424599335e-10	2.49997356149834e-06
BUTYRIC_ACID	821	HMDB	HMDB0000039_10_shen	Butyric acid	inchikey_connectivity_formula_mass	2	FALSE	TRUE	9.99989424599335e-10	2.49997356149834e-06
BUTYRIC_ACID	822	HMDB	HMDB0000039_11_shen	Butyric acid	inchikey_connectivity_formula_mass	2	FALSE	TRUE	9.99989424599335e-10	2.49997356149834e-06
ASCORBATE	859	HMDB	HMDB0000044_1_shen	Ascorbic acid	inchikey_connectivity_formula_mass	2	FALSE	TRUE	1.39999656312284e-09	3.4999914078071e-06
ASCORBATE	860	HMDB	HMDB0000044_2_shen	Ascorbic acid	inchikey_connectivity_formula_mass	2	FALSE	TRUE	1.39999656312284e-09	3.4999914078071e-06
ASCORBATE	861	HMDB	HMDB0000044_3_shen	Ascorbic acid	inchikey_connectivity_formula_mass	2	FALSE	TRUE	1.39999656312284e-09	3.4999914078071e-06
ASCORBATE	862	HMDB	HMDB0000044_4_shen	Ascorbic acid	inchikey_connectivity_formula_mass	2	FALSE	TRUE	1.39999656312284e-09	3.4999914078071e-06
ASCORBATE	863	HMDB	HMDB0000044_5_shen	Ascorbic acid	inchikey_connectivity_formula_mass	2	FALSE	TRUE	1.39999656312284e-09	3.4999914078071e-06
ASCORBATE	864	HMDB	HMDB0000044_6_shen	Ascorbic acid	inchikey_connectivity_formula_mass	2	FALSE	TRUE	1.39999656312284e-09	3.4999914078071e-06
ASCORBATE	865	HMDB	HMDB0000044_7_shen	Ascorbic acid	inchikey_connectivity_formula_mass	2	FALSE	TRUE	1.39999656312284e-09	3.4999914078071e-06
ASCORBATE	866	HMDB	HMDB0000044_8_shen	Ascorbic acid	inchikey_connectivity_formula_mass	2	FALSE	TRUE	1.39999656312284e-09	3.4999914078071e-06
ASCORBATE	867	HMDB	HMDB0000044_9_shen	Ascorbic acid	inchikey_connectivity_formula_mass	2	FALSE	TRUE	1.39999656312284e-09	3.4999914078071e-06
ASCORBATE	868	HMDB	HMDB0000044_10_shen	Ascorbic acid	inchikey_connectivity_formula_mass	2	FALSE	TRUE	1.39999656312284e-09	3.4999914078071e-06
ASCORBATE	869	HMDB	HMDB0000044_11_shen	Ascorbic acid	inchikey_connectivity_formula_mass	2	FALSE	TRUE	1.39999656312284e-09	3.4999914078071e-06
ASCORBATE	870	HMDB	HMDB0000044_12_shen	Ascorbic acid	inchikey_connectivity_formula_mass	2	FALSE	TRUE	1.39999656312284e-09	3.4999914078071e-06
ASCORBATE	871	HMDB	HMDB0000044_13_shen	Ascorbic acid	inchikey_connectivity_formula_mass	2	FALSE	TRUE	1.39999656312284e-09	3.4999914078071e-06
ASCORBATE	872	HMDB	HMDB0000044_14_shen	Ascorbic acid	inchikey_connectivity_formula_mass	2	FALSE	TRUE	1.39999656312284e-09	3.4999914078071e-06
ASCORBATE	873	HMDB	HMDB0000044_15_shen	Ascorbic acid	inchikey_connectivity_formula_mass	2	FALSE	TRUE	1.39999656312284e-09	3.4999914078071e-06
ASCORBATE	874	HMDB	HMDB0000044_16_shen	Ascorbic acid	inchikey_connectivity_formula_mass	2	FALSE	TRUE	1.39999656312284e-09	3.4999914078071e-06
ASCORBATE	875	HMDB	HMDB0000044_17_shen	Ascorbic acid	inchikey_connectivity_formula_mass	2	FALSE	TRUE	1.39999656312284e-09	3.4999914078071e-06
ASCORBATE	876	HMDB	HMDB0000044_18_shen	Ascorbic acid	inchikey_connectivity_formula_mass	2	FALSE	TRUE	1.39999656312284e-09	3.4999914078071e-06
ASCORBATE	877	HMDB	HMDB0000044_19_shen	Ascorbic acid	inchikey_connectivity_formula_mass	2	FALSE	TRUE	1.39999656312284e-09	3.4999914078071e-06
ASCORBATE	878	HMDB	HMDB0000044_20_shen	Ascorbic acid	inchikey_connectivity_formula_mass	2	FALSE	TRUE	1.39999656312284e-09	3.4999914078071e-06
ASCORBATE	879	HMDB	HMDB0000044_21_shen	Ascorbic acid	inchikey_connectivity_formula_mass	2	FALSE	TRUE	1.39999656312284e-09	3.4999914078071e-06
ASCORBATE	880	HMDB	HMDB0000044_22_shen	Ascorbic acid	inchikey_connectivity_formula_mass	2	FALSE	TRUE	1.39999656312284e-09	3.4999914078071e-06
ASCORBATE	881	HMDB	HMDB0000044_23_shen	Ascorbic acid	inchikey_connectivity_formula_mass	2	FALSE	TRUE	1.39999656312284e-09	3.4999914078071e-06
ASCORBATE	882	HMDB	HMDB0000044_24_shen	Ascorbic acid	inchikey_connectivity_formula_mass	2	FALSE	TRUE	1.39999656312284e-09	3.4999914078071e-06
ASCORBATE	883	HMDB	HMDB0000044_25_shen	Ascorbic acid	inchikey_connectivity_formula_mass	2	FALSE	TRUE	1.39999656312284e-09	3.4999914078071e-06
ASCORBATE	884	HMDB	HMDB0000044_26_shen	Ascorbic acid	inchikey_connectivity_formula_mass	2	FALSE	TRUE	1.39999656312284e-09	3.4999914078071e-06
ASCORBATE	885	HMDB	HMDB0000044_27_shen	Ascorbic acid	inchikey_connectivity_formula_mass	2	FALSE	TRUE	1.39999656312284e-09	3.4999914078071e-06
ASCORBATE	886	HMDB	HMDB0000044_28_shen	Ascorbic acid	inchikey_connectivity_formula_mass	2	FALSE	TRUE	1.39999656312284e-09	3.4999914078071e-06
ASCORBATE	887	HMDB	HMDB0000044_29_shen	Ascorbic acid	inchikey_connectivity_formula_mass	2	FALSE	TRUE	1.39999656312284e-09	3.4999914078071e-06
ASCORBATE	888	HMDB	HMDB0000044_30_shen	Ascorbic acid	inchikey_connectivity_formula_mass	2	FALSE	TRUE	1.39999656312284e-09	3.4999914078071e-06
ASCORBATE	889	HMDB	HMDB0000044_31_shen	Ascorbic acid	inchikey_connectivity_formula_mass	2	FALSE	TRUE	1.39999656312284e-09	3.4999914078071e-06
ASCORBATE	890	HMDB	HMDB0000044_32_shen	Ascorbic acid	inchikey_connectivity_formula_mass	2	FALSE	TRUE	1.39999656312284e-09	3.4999914078071e-06
ASCORBATE	891	HMDB	HMDB0000044_33_shen	Ascorbic acid	inchikey_connectivity_formula_mass	2	FALSE	TRUE	1.39999656312284e-09	3.4999914078071e-06
ASCORBATE	892	HMDB	HMDB0000044_34_shen	Ascorbic acid	inchikey_connectivity_formula_mass	2	FALSE	TRUE	1.39999656312284e-09	3.4999914078071e-06
ASCORBATE	893	HMDB	HMDB0000044_35_shen	Ascorbic acid	inchikey_connectivity_formula_mass	2	FALSE	TRUE	1.39999656312284e-09	3.4999914078071e-06
ASCORBATE	894	HMDB	HMDB0000044_36_shen	Ascorbic acid	inchikey_connectivity_formula_mass	2	FALSE	TRUE	1.39999656312284e-09	3.4999914078071e-06
ASCORBATE	895	HMDB	HMDB0000044_37_shen	Ascorbic acid	inchikey_connectivity_formula_mass	2	FALSE	TRUE	1.39999656312284e-09	3.4999914078071e-06
ASCORBATE	896	HMDB	HMDB0000044_38_shen	Ascorbic acid	inchikey_connectivity_formula_mass	2	FALSE	TRUE	1.39999656312284e-09	3.4999914078071e-06
ASCORBATE	897	HMDB	HMDB0000044_39_shen	Ascorbic acid	inchikey_connectivity_formula_mass	2	FALSE	TRUE	1.39999656312284e-09	3.4999914078071e-06
ASCORBATE	898	HMDB	HMDB0000044_40_shen	Ascorbic acid	inchikey_connectivity_formula_mass	2	FALSE	TRUE	1.39999656312284e-09	3.4999914078071e-06
ASCORBATE	899	HMDB	HMDB0000044_41_shen	Ascorbic acid	inchikey_connectivity_formula_mass	2	FALSE	TRUE	1.39999656312284e-09	3.4999914078071e-06
ASCORBATE	900	HMDB	HMDB0000044_42_shen	Ascorbic acid	inchikey_connectivity_formula_mass	2	FALSE	TRUE	1.39999656312284e-09	3.4999914078071e-06
ASCORBATE	901	HMDB	HMDB0000044_43_shen	Ascorbic acid	inchikey_connectivity_formula_mass	2	FALSE	TRUE	1.39999656312284e-09	3.4999914078071e-06
ASCORBATE	902	HMDB	HMDB0000044_44_shen	Ascorbic acid	inchikey_connectivity_formula_mass	2	FALSE	TRUE	1.39999656312284e-09	3.4999914078071e-06
ASCORBATE	903	HMDB	HMDB0000044_45_shen	Ascorbic acid	inchikey_connectivity_formula_mass	2	FALSE	TRUE	1.39999656312284e-09	3.4999914078071e-06
ASCORBATE	904	HMDB	HMDB0000044_46_shen	Ascorbic acid	inchikey_connectivity_formula_mass	2	FALSE	TRUE	1.39999656312284e-09	3.4999914078071e-06
ASCORBATE	905	HMDB	HMDB0000044_47_shen	Ascorbic acid	inchikey_connectivity_formula_mass	2	FALSE	TRUE	1.39999656312284e-09	3.4999914078071e-06
ASCORBATE	906	HMDB	HMDB0000044_48_shen	Ascorbic acid	inchikey_connectivity_formula_mass	2	FALSE	TRUE	1.39999656312284e-09	3.4999914078071e-06
ASCORBATE	907	HMDB	HMDB0000044_49_shen	Ascorbic acid	inchikey_connectivity_formula_mass	2	FALSE	TRUE	1.39999656312284e-09	3.4999914078071e-06
ASCORBATE	908	HMDB	HMDB0000044_50_shen	Ascorbic acid	inchikey_connectivity_formula_mass	2	FALSE	TRUE	1.39999656312284e-09	3.4999914078071e-06
ASCORBATE	909	HMDB	HMDB0000044_51_shen	Ascorbic acid	inchikey_connectivity_formula_mass	2	FALSE	TRUE	1.39999656312284e-09	3.4999914078071e-06
ASCORBATE	910	HMDB	HMDB0000044_52_shen	Ascorbic acid	inchikey_connectivity_formula_mass	2	FALSE	TRUE	1.39999656312284e-09	3.4999914078071e-06
ASCORBATE	911	HMDB	HMDB0000044_53_shen	Ascorbic acid	inchikey_connectivity_formula_mass	2	FALSE	TRUE	1.39999656312284e-09	3.4999914078071e-06
ASCORBATE	912	HMDB	HMDB0000044_54_shen	Ascorbic acid	inchikey_connectivity_formula_mass	2	FALSE	TRUE	1.39999656312284e-09	3.4999914078071e-06
ASCORBATE	913	HMDB	HMDB0000044_55_shen	Ascorbic acid	inchikey_connectivity_formula_mass	2	FALSE	TRUE	1.39999656312284e-09	3.4999914078071e-06
ASCORBATE	914	HMDB	HMDB0000044_56_shen	Ascorbic acid	inchikey_connectivity_formula_mass	2	FALSE	TRUE	1.39999656312284e-09	3.4999914078071e-06
ASCORBATE	915	HMDB	HMDB0000044_57_shen	Ascorbic acid	inchikey_connectivity_formula_mass	2	FALSE	TRUE	1.39999656312284e-09	3.4999914078071e-06
ASCORBATE	916	HMDB	HMDB0000044_58_shen	Ascorbic acid	inchikey_connectivity_formula_mass	2	FALSE	TRUE	1.39999656312284e-09	3.4999914078071e-06
ASCORBATE	917	HMDB	HMDB0000044_59_shen	Ascorbic acid	inchikey_connectivity_formula_mass	2	FALSE	TRUE	1.39999656312284e-09	3.4999914078071e-06
ASCORBATE	918	HMDB	HMDB0000044_60_shen	Ascorbic acid	inchikey_connectivity_formula_mass	2	FALSE	TRUE	1.39999656312284e-09	3.4999914078071e-06
ASCORBATE	919	HMDB	HMDB0000044_61_shen	Ascorbic acid	inchikey_connectivity_formula_mass	2	FALSE	TRUE	1.39999656312284e-09	3.4999914078071e-06
ASCORBATE	920	HMDB	HMDB0000044_62_shen	Ascorbic acid	inchikey_connectivity_formula_mass	2	FALSE	TRUE	1.39999656312284e-09	3.4999914078071e-06
ASCORBATE	921	HMDB	HMDB0000044_63_shen	Ascorbic acid	inchikey_connectivity_formula_mass	2	FALSE	TRUE	1.39999656312284e-09	3.4999914078071e-06
ASCORBATE	922	HMDB	HMDB0000044_64_shen	Ascorbic acid	inchikey_connectivity_formula_mass	2	FALSE	TRUE	1.39999656312284e-09	3.4999914078071e-06
ASCORBATE	923	HMDB	HMDB0000044_65_shen	Ascorbic acid	inchikey_connectivity_formula_mass	2	FALSE	TRUE	1.39999656312284e-09	3.4999914078071e-06
ASCORBATE	924	HMDB	HMDB0000044_66_shen	Ascorbic acid	inchikey_connectivity_formula_mass	2	FALSE	TRUE	1.39999656312284e-09	3.4999914078071e-06
ASCORBATE	925	HMDB	HMDB0000044_67_shen	Ascorbic acid	inchikey_connectivity_formula_mass	2	FALSE	TRUE	1.39999656312284e-09	3.4999914078071e-06
ASCORBATE	926	HMDB	HMDB0000044_68_shen	Ascorbic acid	inchikey_connectivity_formula_mass	2	FALSE	TRUE	1.39999656312284e-09	3.4999914078071e-06
ASCORBATE	927	HMDB	HMDB0000044_69_shen	Ascorbic acid	inchikey_connectivity_formula_mass	2	FALSE	TRUE	1.39999656312284e-09	3.4999914078071e-06
ASCORBATE	928	HMDB	HMDB0000044_70_shen	Ascorbic acid	inchikey_connectivity_formula_mass	2	FALSE	TRUE	1.39999656312284e-09	3.4999914078071e-06
ASCORBATE	929	HMDB	HMDB0000044_71_shen	Ascorbic acid	inchikey_connectivity_formula_mass	2	FALSE	TRUE	1.39999656312284e-09	3.4999914078071e-06
ASCORBATE	930	HMDB	HMDB0000044_72_shen	Ascorbic acid	inchikey_connectivity_formula_mass	2	FALSE	TRUE	1.39999656312284e-09	3.4999914078071e-06
ASCORBATE	931	HMDB	HMDB0000044_73_shen	Ascorbic acid	inchikey_connectivity_formula_mass	2	FALSE	TRUE	1.39999656312284e-09	3.4999914078071e-06
ASCORBATE	932	HMDB	HMDB0000044_74_shen	Ascorbic acid	inchikey_connectivity_formula_mass	2	FALSE	TRUE	1.39999656312284e-09	3.4999914078071e-06
ASCORBATE	933	HMDB	HMDB0000044_75_shen	Ascorbic acid	inchikey_connectivity_formula_mass	2	FALSE	TRUE	1.39999656312284e-09	3.4999914078071e-06
ASCORBATE	934	HMDB	HMDB0000044_76_shen	Ascorbic acid	inchikey_connectivity_formula_mass	2	FALSE	TRUE	1.39999656312284e-09	3.4999914078071e-06
ASCORBATE	935	HMDB	HMDB0000044_77_shen	Ascorbic acid	inchikey_connectivity_formula_mass	2	FALSE	TRUE	1.39999656312284e-09	3.4999914078071e-06
ASCORBATE	936	HMDB	HMDB0000044_78_shen	Ascorbic acid	inchikey_connectivity_formula_mass	2	FALSE	TRUE	1.39999656312284e-09	3.4999914078071e-06
ASCORBATE	937	HMDB	HMDB0000044_79_shen	Ascorbic acid	inchikey_connectivity_formula_mass	2	FALSE	TRUE	1.39999656312284e-09	3.4999914078071e-06
ASCORBATE	938	HMDB	HMDB0000044_80_shen	Ascorbic acid	inchikey_connectivity_formula_mass	2	FALSE	TRUE	1.39999656312284e-09	3.4999914078071e-06
ASCORBATE	939	HMDB	HMDB0000044_81_shen	Ascorbic acid	inchikey_connectivity_formula_mass	2	FALSE	TRUE	1.39999656312284e-09	3.4999914078071e-06
ASCORBATE	940	HMDB	HMDB0000044_82_shen	Ascorbic acid	inchikey_connectivity_formula_mass	2	FALSE	TRUE	1.39999656312284e-09	3.4999914078071e-06
ASCORBATE	941	HMDB	HMDB0000044_83_shen	Ascorbic acid	inchikey_connectivity_formula_mass	2	FALSE	TRUE	1.39999656312284e-09	3.4999914078071e-06
ASCORBATE	942	HMDB	HMDB0000044_84_shen	Ascorbic acid	inchikey_connectivity_formula_mass	2	FALSE	TRUE	1.39999656312284e-09	3.4999914078071e-06
ASCORBATE	943	HMDB	HMDB0000044_85_shen	Ascorbic acid	inchikey_connectivity_formula_mass	2	FALSE	TRUE	1.39999656312284e-09	3.4999914078071e-06
ASCORBATE	944	HMDB	HMDB0000044_86_shen	Ascorbic acid	inchikey_connectivity_formula_mass	2	FALSE	TRUE	1.39999656312284e-09	3.4999914078071e-06
ASCORBATE	945	HMDB	HMDB0000044_87_shen	Ascorbic acid	inchikey_connectivity_formula_mass	2	FALSE	TRUE	1.39999656312284e-09	3.4999914078071e-06
ASCORBATE	946	HMDB	HMDB0000044_88_shen	Ascorbic acid	inchikey_connectivity_formula_mass	2	FALSE	TRUE	1.39999656312284e-09	3.4999914078071e-06
ASCORBATE	947	HMDB	HMDB0000044_89_shen	Ascorbic acid	inchikey_connectivity_formula_mass	2	FALSE	TRUE	1.39999656312284e-09	3.4999914078071e-06
ASCORBATE	948	HMDB	HMDB0000044_90_shen	Ascorbic acid	inchikey_connectivity_formula_mass	2	FALSE	TRUE	1.39999656312284e-09	3.4999914078071e-06
ASCORBATE	949	HMDB	HMDB0000044_91_shen	Ascorbic acid	inchikey_connectivity_formula_mass	2	FALSE	TRUE	1.39999656312284e-09	3.4999914078071e-06
ASCORBATE	950	HMDB	HMDB0000044_92_shen	Ascorbic acid	inchikey_connectivity_formula_mass	2	FALSE	TRUE	1.39999656312284e-09	3.4999914078071e-06
ASCORBATE	951	HMDB	HMDB0000044_93_shen	Ascorbic acid	inchikey_connectivity_formula_mass	2	FALSE	TRUE	1.39999656312284e-09	3.4999914078071e-06
ASCORBATE	952	HMDB	HMDB0000044_94_shen	Ascorbic acid	inchikey_connectivity_formula_mass	2	FALSE	TRUE	1.39999656312284e-09	3.4999914078071e-06
ASCORBATE	953	HMDB	HMDB0000044_95_shen	Ascorbic acid	inchikey_connectivity_formula_mass	2	FALSE	TRUE	1.39999656312284e-09	3.4999914078071e-06
ASCORBATE	954	HMDB	HMDB0000044_96_shen	Ascorbic acid	inchikey_connectivity_formula_mass	2	FALSE	TRUE	1.39999656312284e-09	3.4999914078071e-06
ASCORBATE	955	HMDB	HMDB0000044_97_shen	Ascorbic acid	inchikey_connectivity_formula_mass	2	FALSE	TRUE	1.39999656312284e-09	3.4999914078071e-06
ASCORBATE	956	HMDB	HMDB0000044_98_shen	Ascorbic acid	inchikey_connectivity_formula_mass	2	FALSE	TRUE	1.39999656312284e-09	3.4999914078071e-06
ASCORBATE	957	HMDB	HMDB0000044_99_shen	Ascorbic acid	inchikey_connectivity_formula_mass	2	FALSE	TRUE	1.39999656312284e-09	3.4999914078071e-06
ASCORBATE	958	HMDB	HMDB0000044_100_shen	Ascorbic acid	inchikey_connectivity_formula_mass	2	FALSE	TRUE	1.39999656312284e-09	3.4999914078071e-06
ASCORBATE	959	HMDB	HMDB0000044_101_shen	Ascorbic acid	inchikey_connectivity_formula_mass	2	FALSE	TRUE	1.39999656312284e-09	3.4999914078071e-06
ASCORBATE	960	HMDB	HMDB0000044_102_shen	Ascorbic acid	inchikey_connectivity_formula_mass	2	FALSE	TRUE	1.39999656312284e-09	3.4999914078071e-06
ASCORBATE	961	HMDB	HMDB0000044_103_shen	Ascorbic acid	inchikey_connectivity_formula_mass	2	FALSE	TRUE	1.39999656312284e-09	3.4999914078071e-06
ASCORBATE	962	HMDB	HMDB0000044_104_shen	Ascorbic acid	inchikey_connectivity_formula_mass	2	FALSE	TRUE	1.39999656312284e-09	3.4999914078071e-06
ASCORBATE	963	HMDB	HMDB0000044_105_shen	Ascorbic acid	inchikey_connectivity_formula_mass	2	FALSE	TRUE	1.39999656312284e-09	3.4999914078071e-06
ASCORBATE	964	HMDB	HMDB0000044_106_shen	Ascorbic acid	inchikey_connectivity_formula_mass	2	FALSE	TRUE	1.39999656312284e-09	3.4999914078071e-06
ASCORBATE	965	HMDB	HMDB0000044_107_shen	Ascorbic acid	inchikey_connectivity_formula_mass	2	FALSE	TRUE	1.39999656312284e-09	3.4999914078071e-06
ASCORBATE	966	HMDB	HMDB0000044_108_shen	Ascorbic acid	inchikey_connectivity_formula_mass	2	FALSE	TRUE	1.39999656312284e-09	3.4999914078071e-06
CPD-3705	967	HMDB	HMDB0000045_1_shen	Adenosine monophosphate	name_formula_mass	4	FALSE	TRUE	1.0999769983755e-09	2.74994249593874e-06
CPD-3706	967	HMDB	HMDB0000045_1_shen	Adenosine monophosphate	name_formula_mass	4	FALSE	TRUE	1.0999769983755e-09	2.74994249593874e-06
CPD-3705	968	HMDB	HMDB0000045_2_shen	Adenosine monophosphate	name_formula_mass	4	FALSE	TRUE	1.0999769983755e-09	2.74994249593874e-06
CPD-3706	968	HMDB	HMDB0000045_2_shen	Adenosine monophosphate	name_formula_mass	4	FALSE	TRUE	1.0999769983755e-09	2.74994249593874e-06
CPD-3705	969	HMDB	HMDB0000045_3_shen	Adenosine monophosphate	name_formula_mass	4	FALSE	TRUE	1.0999769983755e-09	2.74994249593874e-06
CPD-3706	969	HMDB	HMDB0000045_3_shen	Adenosine monophosphate	name_formula_mass	4	FALSE	TRUE	1.0999769983755e-09	2.74994249593874e-06
CPD-3705	970	HMDB	HMDB0000045_4_shen	Adenosine monophosphate	name_formula_mass	4	FALSE	TRUE	1.0999769983755e-09	2.74994249593874e-06
CPD-3706	970	HMDB	HMDB0000045_4_shen	Adenosine monophosphate	name_formula_mass	4	FALSE	TRUE	1.0999769983755e-09	2.74994249593874e-06
CPD-3705	971	HMDB	HMDB0000045_5_shen	Adenosine monophosphate	name_formula_mass	4	FALSE	TRUE	1.0999769983755e-09	2.74994249593874e-06
CPD-3706	971	HMDB	HMDB0000045_5_shen	Adenosine monophosphate	name_formula_mass	4	FALSE	TRUE	1.0999769983755e-09	2.74994249593874e-06
CPD-3705	972	HMDB	HMDB0000045_6_shen	Adenosine monophosphate	name_formula_mass	4	FALSE	TRUE	1.0999769983755e-09	2.74994249593874e-06
CPD-3706	972	HMDB	HMDB0000045_6_shen	Adenosine monophosphate	name_formula_mass	4	FALSE	TRUE	1.0999769983755e-09	2.74994249593874e-06
CPD-3705	973	HMDB	HMDB0000045_7_shen	Adenosine monophosphate	name_formula_mass	4	FALSE	TRUE	1.0999769983755e-09	2.74994249593874e-06
CPD-3706	973	HMDB	HMDB0000045_7_shen	Adenosine monophosphate	name_formula_mass	4	FALSE	TRUE	1.0999769983755e-09	2.74994249593874e-06
CPD-3705	974	HMDB	HMDB0000045_8_shen	Adenosine monophosphate	name_formula_mass	4	FALSE	TRUE	1.0999769983755e-09	2.74994249593874e-06
CPD-3706	974	HMDB	HMDB0000045_8_shen	Adenosine monophosphate	name_formula_mass	4	FALSE	TRUE	1.0999769983755e-09	2.74994249593874e-06
CPD-3705	975	HMDB	HMDB0000045_9_shen	Adenosine monophosphate	name_formula_mass	4	FALSE	TRUE	1.0999769983755e-09	2.74994249593874e-06
CPD-3706	975	HMDB	HMDB0000045_9_shen	Adenosine monophosphate	name_formula_mass	4	FALSE	TRUE	1.0999769983755e-09	2.74994249593874e-06
CPD-3705	976	HMDB	HMDB0000045_10_shen	Adenosine monophosphate	name_formula_mass	4	FALSE	TRUE	1.0999769983755e-09	2.74994249593874e-06
CPD-3706	976	HMDB	HMDB0000045_10_shen	Adenosine monophosphate	name_formula_mass	4	FALSE	TRUE	1.0999769983755e-09	2.74994249593874e-06
CPD-3705	977	HMDB	HMDB0000045_11_shen	Adenosine monophosphate	name_formula_mass	4	FALSE	TRUE	1.0999769983755e-09	2.74994249593874e-06
CPD-3706	977	HMDB	HMDB0000045_11_shen	Adenosine monophosphate	name_formula_mass	4	FALSE	TRUE	1.0999769983755e-09	2.74994249593874e-06
CPD-3705	978	HMDB	HMDB0000045_12_shen	Adenosine monophosphate	name_formula_mass	4	FALSE	TRUE	1.0999769983755e-09	2.74994249593874e-06
CPD-3706	978	HMDB	HMDB0000045_12_shen	Adenosine monophosphate	name_formula_mass	4	FALSE	TRUE	1.0999769983755e-09	2.74994249593874e-06
CPD-3705	979	HMDB	HMDB0000045_13_shen	Adenosine monophosphate	name_formula_mass	4	FALSE	TRUE	1.0999769983755e-09	2.74994249593874e-06
CPD-3706	979	HMDB	HMDB0000045_13_shen	Adenosine monophosphate	name_formula_mass	4	FALSE	TRUE	1.0999769983755e-09	2.74994249593874e-06
CPD-3705	980	HMDB	HMDB0000045_14_shen	Adenosine monophosphate	name_formula_mass	4	FALSE	TRUE	1.0999769983755e-09	2.74994249593874e-06
CPD-3706	980	HMDB	HMDB0000045_14_shen	Adenosine monophosphate	name_formula_mass	4	FALSE	TRUE	1.0999769983755e-09	2.74994249593874e-06
CPD-3705	981	HMDB	HMDB0000045_15_shen	Adenosine monophosphate	name_formula_mass	4	FALSE	TRUE	1.0999769983755e-09	2.74994249593874e-06
CPD-3706	981	HMDB	HMDB0000045_15_shen	Adenosine monophosphate	name_formula_mass	4	FALSE	TRUE	1.0999769983755e-09	2.74994249593874e-06
CPD-3705	982	HMDB	HMDB0000045_16_shen	Adenosine monophosphate	name_formula_mass	4	FALSE	TRUE	1.0999769983755e-09	2.74994249593874e-06
CPD-3706	982	HMDB	HMDB0000045_16_shen	Adenosine monophosphate	name_formula_mass	4	FALSE	TRUE	1.0999769983755e-09	2.74994249593874e-06
CPD-3705	983	HMDB	HMDB0000045_17_shen	Adenosine monophosphate	name_formula_mass	4	FALSE	TRUE	1.0999769983755e-09	2.74994249593874e-06
CPD-3706	983	HMDB	HMDB0000045_17_shen	Adenosine monophosphate	name_formula_mass	4	FALSE	TRUE	1.0999769983755e-09	2.74994249593874e-06
CPD-3705	984	HMDB	HMDB0000045_18_shen	Adenosine monophosphate	name_formula_mass	4	FALSE	TRUE	1.0999769983755e-09	2.74994249593874e-06
CPD-3706	984	HMDB	HMDB0000045_18_shen	Adenosine monophosphate	name_formula_mass	4	FALSE	TRUE	1.0999769983755e-09	2.74994249593874e-06
CPD-3705	985	HMDB	HMDB0000045_19_shen	Adenosine monophosphate	name_formula_mass	4	FALSE	TRUE	1.0999769983755e-09	2.74994249593874e-06
CPD-3706	985	HMDB	HMDB0000045_19_shen	Adenosine monophosphate	name_formula_mass	4	FALSE	TRUE	1.0999769983755e-09	2.74994249593874e-06
CPD-3705	986	HMDB	HMDB0000045_20_shen	Adenosine monophosphate	name_formula_mass	4	FALSE	TRUE	1.0999769983755e-09	2.74994249593874e-06
CPD-3706	986	HMDB	HMDB0000045_20_shen	Adenosine monophosphate	name_formula_mass	4	FALSE	TRUE	1.0999769983755e-09	2.74994249593874e-06
CPD-3705	987	HMDB	HMDB0000045_21_shen	Adenosine monophosphate	name_formula_mass	4	FALSE	TRUE	1.0999769983755e-09	2.74994249593874e-06
CPD-3706	987	HMDB	HMDB0000045_21_shen	Adenosine monophosphate	name_formula_mass	4	FALSE	TRUE	1.0999769983755e-09	2.74994249593874e-06
CPD-3705	988	HMDB	HMDB0000045_22_shen	Adenosine monophosphate	name_formula_mass	4	FALSE	TRUE	1.0999769983755e-09	2.74994249593874e-06
CPD-3706	988	HMDB	HMDB0000045_22_shen	Adenosine monophosphate	name_formula_mass	4	FALSE	TRUE	1.0999769983755e-09	2.74994249593874e-06
CPD-3705	989	HMDB	HMDB0000045_23_shen	Adenosine monophosphate	name_formula_mass	4	FALSE	TRUE	1.0999769983755e-09	2.74994249593874e-06
CPD-3706	989	HMDB	HMDB0000045_23_shen	Adenosine monophosphate	name_formula_mass	4	FALSE	TRUE	1.0999769983755e-09	2.74994249593874e-06
CPD-3705	990	HMDB	HMDB0000045_24_shen	Adenosine monophosphate	name_formula_mass	4	FALSE	TRUE	1.0999769983755e-09	2.74994249593874e-06
CPD-3706	990	HMDB	HMDB0000045_24_shen	Adenosine monophosphate	name_formula_mass	4	FALSE	TRUE	1.0999769983755e-09	2.74994249593874e-06
CPD-3705	991	HMDB	HMDB0000045_25_shen	Adenosine monophosphate	name_formula_mass	4	FALSE	TRUE	1.0999769983755e-09	2.74994249593874e-06
CPD-3706	991	HMDB	HMDB0000045_25_shen	Adenosine monophosphate	name_formula_mass	4	FALSE	TRUE	1.0999769983755e-09	2.74994249593874e-06
CPD-3705	992	HMDB	HMDB0000045_26_shen	Adenosine monophosphate	name_formula_mass	4	FALSE	TRUE	1.0999769983755e-09	2.74994249593874e-06
CPD-3706	992	HMDB	HMDB0000045_26_shen	Adenosine monophosphate	name_formula_mass	4	FALSE	TRUE	1.0999769983755e-09	2.74994249593874e-06
CPD-3705	993	HMDB	HMDB0000045_27_shen	Adenosine monophosphate	name_formula_mass	4	FALSE	TRUE	1.0999769983755e-09	2.74994249593874e-06
CPD-3706	993	HMDB	HMDB0000045_27_shen	Adenosine monophosphate	name_formula_mass	4	FALSE	TRUE	1.0999769983755e-09	2.74994249593874e-06
CPD-3705	994	HMDB	HMDB0000045_28_shen	Adenosine monophosphate	name_formula_mass	4	FALSE	TRUE	1.0999769983755e-09	2.74994249593874e-06
CPD-3706	994	HMDB	HMDB0000045_28_shen	Adenosine monophosphate	name_formula_mass	4	FALSE	TRUE	1.0999769983755e-09	2.74994249593874e-06
CPD-3705	995	HMDB	HMDB0000045_29_shen	Adenosine monophosphate	name_formula_mass	4	FALSE	TRUE	1.0999769983755e-09	2.74994249593874e-06
CPD-3706	995	HMDB	HMDB0000045_29_shen	Adenosine monophosphate	name_formula_mass	4	FALSE	TRUE	1.0999769983755e-09	2.74994249593874e-06
CPD-3705	996	HMDB	HMDB0000045_30_shen	Adenosine monophosphate	name_formula_mass	4	FALSE	TRUE	1.0999769983755e-09	2.74994249593874e-06
CPD-3706	996	HMDB	HMDB0000045_30_shen	Adenosine monophosphate	name_formula_mass	4	FALSE	TRUE	1.0999769983755e-09	2.74994249593874e-06
CPD-3705	997	HMDB	HMDB0000045_31_shen	Adenosine monophosphate	name_formula_mass	4	FALSE	TRUE	1.0999769983755e-09	2.74994249593874e-06
CPD-3706	997	HMDB	HMDB0000045_31_shen	Adenosine monophosphate	name_formula_mass	4	FALSE	TRUE	1.0999769983755e-09	2.74994249593874e-06
CPD-3705	998	HMDB	HMDB0000045_32_shen	Adenosine monophosphate	name_formula_mass	4	FALSE	TRUE	1.0999769983755e-09	2.74994249593874e-06
CPD-3706	998	HMDB	HMDB0000045_32_shen	Adenosine monophosphate	name_formula_mass	4	FALSE	TRUE	1.0999769983755e-09	2.74994249593874e-06
CPD-3705	999	HMDB	HMDB0000045_33_shen	Adenosine monophosphate	name_formula_mass	4	FALSE	TRUE	1.0999769983755e-09	2.74994249593874e-06
CPD-3706	999	HMDB	HMDB0000045_33_shen	Adenosine monophosphate	name_formula_mass	4	FALSE	TRUE	1.0999769983755e-09	2.74994249593874e-06
CPD-3705	1000	HMDB	HMDB0000045_34_shen	Adenosine monophosphate	name_formula_mass	4	FALSE	TRUE	1.0999769983755e-09	2.74994249593874e-06
CPD-3706	1000	HMDB	HMDB0000045_34_shen	Adenosine monophosphate	name_formula_mass	4	FALSE	TRUE	1.0999769983755e-09	2.74994249593874e-06
CPD-3705	1001	HMDB	HMDB0000045_35_shen	Adenosine monophosphate	name_formula_mass	4	FALSE	TRUE	1.0999769983755e-09	2.74994249593874e-06
CPD-3706	1001	HMDB	HMDB0000045_35_shen	Adenosine monophosphate	name_formula_mass	4	FALSE	TRUE	1.0999769983755e-09	2.74994249593874e-06
CPD-3705	1002	HMDB	HMDB0000045_36_shen	Adenosine monophosphate	name_formula_mass	4	FALSE	TRUE	1.0999769983755e-09	2.74994249593874e-06
CPD-3706	1002	HMDB	HMDB0000045_36_shen	Adenosine monophosphate	name_formula_mass	4	FALSE	TRUE	1.0999769983755e-09	2.74994249593874e-06
CPD-3705	1003	HMDB	HMDB0000045_37_shen	Adenosine monophosphate	name_formula_mass	4	FALSE	TRUE	1.0999769983755e-09	2.74994249593874e-06
CPD-3706	1003	HMDB	HMDB0000045_37_shen	Adenosine monophosphate	name_formula_mass	4	FALSE	TRUE	1.0999769983755e-09	2.74994249593874e-06
CPD-3705	1004	HMDB	HMDB0000045_38_shen	Adenosine monophosphate	name_formula_mass	4	FALSE	TRUE	1.0999769983755e-09	2.74994249593874e-06
CPD-3706	1004	HMDB	HMDB0000045_38_shen	Adenosine monophosphate	name_formula_mass	4	FALSE	TRUE	1.0999769983755e-09	2.74994249593874e-06
CPD-3705	1005	HMDB	HMDB0000045_39_shen	Adenosine monophosphate	name_formula_mass	4	FALSE	TRUE	1.0999769983755e-09	2.74994249593874e-06
CPD-3706	1005	HMDB	HMDB0000045_39_shen	Adenosine monophosphate	name_formula_mass	4	FALSE	TRUE	1.0999769983755e-09	2.74994249593874e-06
CPD-3705	1006	HMDB	HMDB0000045_40_shen	Adenosine monophosphate	name_formula_mass	4	FALSE	TRUE	1.0999769983755e-09	2.74994249593874e-06
CPD-3706	1006	HMDB	HMDB0000045_40_shen	Adenosine monophosphate	name_formula_mass	4	FALSE	TRUE	1.0999769983755e-09	2.74994249593874e-06
CPD-3705	1007	HMDB	HMDB0000045_41_shen	Adenosine monophosphate	name_formula_mass	4	FALSE	TRUE	1.0999769983755e-09	2.74994249593874e-06
CPD-3706	1007	HMDB	HMDB0000045_41_shen	Adenosine monophosphate	name_formula_mass	4	FALSE	TRUE	1.0999769983755e-09	2.74994249593874e-06
CPD-3705	1008	HMDB	HMDB0000045_42_shen	Adenosine monophosphate	name_formula_mass	4	FALSE	TRUE	1.0999769983755e-09	2.74994249593874e-06
CPD-3706	1008	HMDB	HMDB0000045_42_shen	Adenosine monophosphate	name_formula_mass	4	FALSE	TRUE	1.0999769983755e-09	2.74994249593874e-06
CPD-3705	1009	HMDB	HMDB0000045_43_shen	Adenosine monophosphate	name_formula_mass	4	FALSE	TRUE	1.0999769983755e-09	2.74994249593874e-06
CPD-3706	1009	HMDB	HMDB0000045_43_shen	Adenosine monophosphate	name_formula_mass	4	FALSE	TRUE	1.0999769983755e-09	2.74994249593874e-06
CPD-3705	1010	HMDB	HMDB0000045_44_shen	Adenosine monophosphate	name_formula_mass	4	FALSE	TRUE	1.0999769983755e-09	2.74994249593874e-06
CPD-3706	1010	HMDB	HMDB0000045_44_shen	Adenosine monophosphate	name_formula_mass	4	FALSE	TRUE	1.0999769983755e-09	2.74994249593874e-06
CPD-3705	1011	HMDB	HMDB0000045_45_shen	Adenosine monophosphate	name_formula_mass	4	FALSE	TRUE	1.0999769983755e-09	2.74994249593874e-06
CPD-3706	1011	HMDB	HMDB0000045_45_shen	Adenosine monophosphate	name_formula_mass	4	FALSE	TRUE	1.0999769983755e-09	2.74994249593874e-06
CPD-3705	1012	HMDB	HMDB0000045_46_shen	Adenosine monophosphate	name_formula_mass	4	FALSE	TRUE	1.0999769983755e-09	2.74994249593874e-06
CPD-3706	1012	HMDB	HMDB0000045_46_shen	Adenosine monophosphate	name_formula_mass	4	FALSE	TRUE	1.0999769983755e-09	2.74994249593874e-06
CPD-3705	1013	HMDB	HMDB0000045_47_shen	Adenosine monophosphate	name_formula_mass	4	FALSE	TRUE	1.0999769983755e-09	2.74994249593874e-06
CPD-3706	1013	HMDB	HMDB0000045_47_shen	Adenosine monophosphate	name_formula_mass	4	FALSE	TRUE	1.0999769983755e-09	2.74994249593874e-06
CPD-3705	1014	HMDB	HMDB0000045_48_shen	Adenosine monophosphate	name_formula_mass	4	FALSE	TRUE	1.0999769983755e-09	2.74994249593874e-06
CPD-3706	1014	HMDB	HMDB0000045_48_shen	Adenosine monophosphate	name_formula_mass	4	FALSE	TRUE	1.0999769983755e-09	2.74994249593874e-06
CPD-3705	1015	HMDB	HMDB0000045_49_shen	Adenosine monophosphate	name_formula_mass	4	FALSE	TRUE	1.0999769983755e-09	2.74994249593874e-06
CPD-3706	1015	HMDB	HMDB0000045_49_shen	Adenosine monophosphate	name_formula_mass	4	FALSE	TRUE	1.0999769983755e-09	2.74994249593874e-06
CPD-3705	1016	HMDB	HMDB0000045_50_shen	Adenosine monophosphate	name_formula_mass	4	FALSE	TRUE	1.0999769983755e-09	2.74994249593874e-06
CPD-3706	1016	HMDB	HMDB0000045_50_shen	Adenosine monophosphate	name_formula_mass	4	FALSE	TRUE	1.0999769983755e-09	2.74994249593874e-06
CPD-3705	1017	HMDB	HMDB0000045_51_shen	Adenosine monophosphate	name_formula_mass	4	FALSE	TRUE	1.0999769983755e-09	2.74994249593874e-06
CPD-3706	1017	HMDB	HMDB0000045_51_shen	Adenosine monophosphate	name_formula_mass	4	FALSE	TRUE	1.0999769983755e-09	2.74994249593874e-06
CPD-3705	1018	HMDB	HMDB0000045_52_shen	Adenosine monophosphate	name_formula_mass	4	FALSE	TRUE	1.0999769983755e-09	2.74994249593874e-06
CPD-3706	1018	HMDB	HMDB0000045_52_shen	Adenosine monophosphate	name_formula_mass	4	FALSE	TRUE	1.0999769983755e-09	2.74994249593874e-06
CPD-3705	1019	HMDB	HMDB0000045_53_shen	Adenosine monophosphate	name_formula_mass	4	FALSE	TRUE	1.0999769983755e-09	2.74994249593874e-06
CPD-3706	1019	HMDB	HMDB0000045_53_shen	Adenosine monophosphate	name_formula_mass	4	FALSE	TRUE	1.0999769983755e-09	2.74994249593874e-06
CPD-3705	1020	HMDB	HMDB0000045_54_shen	Adenosine monophosphate	name_formula_mass	4	FALSE	TRUE	1.0999769983755e-09	2.74994249593874e-06
CPD-3706	1020	HMDB	HMDB0000045_54_shen	Adenosine monophosphate	name_formula_mass	4	FALSE	TRUE	1.0999769983755e-09	2.74994249593874e-06
CPD-3705	1021	HMDB	HMDB0000045_55_shen	Adenosine monophosphate	name_formula_mass	4	FALSE	TRUE	1.0999769983755e-09	2.74994249593874e-06
CPD-3706	1021	HMDB	HMDB0000045_55_shen	Adenosine monophosphate	name_formula_mass	4	FALSE	TRUE	1.0999769983755e-09	2.74994249593874e-06
CPD-3705	1022	HMDB	HMDB0000045_56_shen	Adenosine monophosphate	name_formula_mass	4	FALSE	TRUE	1.0999769983755e-09	2.74994249593874e-06
CPD-3706	1022	HMDB	HMDB0000045_56_shen	Adenosine monophosphate	name_formula_mass	4	FALSE	TRUE	1.0999769983755e-09	2.74994249593874e-06
CPD-3705	1023	HMDB	HMDB0000045_57_shen	Adenosine monophosphate	name_formula_mass	4	FALSE	TRUE	1.0999769983755e-09	2.74994249593874e-06
CPD-3706	1023	HMDB	HMDB0000045_57_shen	Adenosine monophosphate	name_formula_mass	4	FALSE	TRUE	1.0999769983755e-09	2.74994249593874e-06
CPD-3705	1024	HMDB	HMDB0000045_58_shen	Adenosine monophosphate	name_formula_mass	4	FALSE	TRUE	1.0999769983755e-09	2.74994249593874e-06
CPD-3706	1024	HMDB	HMDB0000045_58_shen	Adenosine monophosphate	name_formula_mass	4	FALSE	TRUE	1.0999769983755e-09	2.74994249593874e-06
CPD-3705	1025	HMDB	HMDB0000045_59_shen	Adenosine monophosphate	name_formula_mass	4	FALSE	TRUE	1.0999769983755e-09	2.74994249593874e-06
CPD-3706	1025	HMDB	HMDB0000045_59_shen	Adenosine monophosphate	name_formula_mass	4	FALSE	TRUE	1.0999769983755e-09	2.74994249593874e-06
CPD-3705	1026	HMDB	HMDB0000045_60_shen	Adenosine monophosphate	name_formula_mass	4	FALSE	TRUE	1.0999769983755e-09	2.74994249593874e-06
CPD-3706	1026	HMDB	HMDB0000045_60_shen	Adenosine monophosphate	name_formula_mass	4	FALSE	TRUE	1.0999769983755e-09	2.74994249593874e-06
CPD-3705	1027	HMDB	HMDB0000045_61_shen	Adenosine monophosphate	name_formula_mass	4	FALSE	TRUE	1.0999769983755e-09	2.74994249593874e-06
CPD-3706	1027	HMDB	HMDB0000045_61_shen	Adenosine monophosphate	name_formula_mass	4	FALSE	TRUE	1.0999769983755e-09	2.74994249593874e-06
CPD-3705	1028	HMDB	HMDB0000045_62_shen	Adenosine monophosphate	name_formula_mass	4	FALSE	TRUE	1.0999769983755e-09	2.74994249593874e-06
CPD-3706	1028	HMDB	HMDB0000045_62_shen	Adenosine monophosphate	name_formula_mass	4	FALSE	TRUE	1.0999769983755e-09	2.74994249593874e-06
CPD-3705	1029	HMDB	HMDB0000045_63_shen	Adenosine monophosphate	name_formula_mass	4	FALSE	TRUE	1.0999769983755e-09	2.74994249593874e-06
CPD-3706	1029	HMDB	HMDB0000045_63_shen	Adenosine monophosphate	name_formula_mass	4	FALSE	TRUE	1.0999769983755e-09	2.74994249593874e-06
CPD-3705	1030	HMDB	HMDB0000045_64_shen	Adenosine monophosphate	name_formula_mass	4	FALSE	TRUE	1.0999769983755e-09	2.74994249593874e-06
CPD-3706	1030	HMDB	HMDB0000045_64_shen	Adenosine monophosphate	name_formula_mass	4	FALSE	TRUE	1.0999769983755e-09	2.74994249593874e-06
CPD-3705	1031	HMDB	HMDB0000045_65_shen	Adenosine monophosphate	name_formula_mass	4	FALSE	TRUE	1.0999769983755e-09	2.74994249593874e-06
CPD-3706	1031	HMDB	HMDB0000045_65_shen	Adenosine monophosphate	name_formula_mass	4	FALSE	TRUE	1.0999769983755e-09	2.74994249593874e-06
CPD-3705	1032	HMDB	HMDB0000045_66_shen	Adenosine monophosphate	name_formula_mass	4	FALSE	TRUE	1.0999769983755e-09	2.74994249593874e-06
CPD-3706	1032	HMDB	HMDB0000045_66_shen	Adenosine monophosphate	name_formula_mass	4	FALSE	TRUE	1.0999769983755e-09	2.74994249593874e-06
CPD-3705	1033	HMDB	HMDB0000045_67_shen	Adenosine monophosphate	name_formula_mass	4	FALSE	TRUE	1.0999769983755e-09	2.74994249593874e-06
CPD-3706	1033	HMDB	HMDB0000045_67_shen	Adenosine monophosphate	name_formula_mass	4	FALSE	TRUE	1.0999769983755e-09	2.74994249593874e-06
CPD-3705	1034	HMDB	HMDB0000045_68_shen	Adenosine monophosphate	name_formula_mass	4	FALSE	TRUE	1.0999769983755e-09	2.74994249593874e-06
CPD-3706	1034	HMDB	HMDB0000045_68_shen	Adenosine monophosphate	name_formula_mass	4	FALSE	TRUE	1.0999769983755e-09	2.74994249593874e-06
ADENOSINE	1035	HMDB	HMDB0000050_1_shen	Adenosine	inchikey	1	TRUE	TRUE	2.70000555246952e-09	6.7500138811738e-06
ADENOSINE	1036	HMDB	HMDB0000050_2_shen	Adenosine	inchikey	1	TRUE	TRUE	2.70000555246952e-09	6.7500138811738e-06
ADENOSINE	1037	HMDB	HMDB0000050_3_shen	Adenosine	inchikey	1	TRUE	TRUE	2.70000555246952e-09	6.7500138811738e-06
ADENOSINE	1038	HMDB	HMDB0000050_4_shen	Adenosine	inchikey	1	TRUE	TRUE	2.70000555246952e-09	6.7500138811738e-06
ADENOSINE	1039	HMDB	HMDB0000050_5_shen	Adenosine	inchikey	1	TRUE	TRUE	2.70000555246952e-09	6.7500138811738e-06
ADENOSINE	1040	HMDB	HMDB0000050_6_shen	Adenosine	inchikey	1	TRUE	TRUE	2.70000555246952e-09	6.7500138811738e-06
ADENOSINE	1041	HMDB	HMDB0000050_7_shen	Adenosine	inchikey	1	TRUE	TRUE	2.70000555246952e-09	6.7500138811738e-06
ADENOSINE	1042	HMDB	HMDB0000050_8_shen	Adenosine	inchikey	1	TRUE	TRUE	2.70000555246952e-09	6.7500138811738e-06
ADENOSINE	1043	HMDB	HMDB0000050_9_shen	Adenosine	inchikey	1	TRUE	TRUE	2.70000555246952e-09	6.7500138811738e-06
ADENOSINE	1044	HMDB	HMDB0000050_10_shen	Adenosine	inchikey	1	TRUE	TRUE	2.70000555246952e-09	6.7500138811738e-06
ADENOSINE	1045	HMDB	HMDB0000050_11_shen	Adenosine	inchikey	1	TRUE	TRUE	2.70000555246952e-09	6.7500138811738e-06
ADENOSINE	1046	HMDB	HMDB0000050_12_shen	Adenosine	inchikey	1	TRUE	TRUE	2.70000555246952e-09	6.7500138811738e-06
ADENOSINE	1047	HMDB	HMDB0000050_13_shen	Adenosine	inchikey	1	TRUE	TRUE	2.70000555246952e-09	6.7500138811738e-06
ADENOSINE	1048	HMDB	HMDB0000050_14_shen	Adenosine	inchikey	1	TRUE	TRUE	2.70000555246952e-09	6.7500138811738e-06
ADENOSINE	1049	HMDB	HMDB0000050_15_shen	Adenosine	inchikey	1	TRUE	TRUE	2.70000555246952e-09	6.7500138811738e-06
ADENOSINE	1050	HMDB	HMDB0000050_16_shen	Adenosine	inchikey	1	TRUE	TRUE	2.70000555246952e-09	6.7500138811738e-06
ADENOSINE	1051	HMDB	HMDB0000050_17_shen	Adenosine	inchikey	1	TRUE	TRUE	2.70000555246952e-09	6.7500138811738e-06
ADENOSINE	1052	HMDB	HMDB0000050_18_shen	Adenosine	inchikey	1	TRUE	TRUE	2.70000555246952e-09	6.7500138811738e-06
ADENOSINE	1053	HMDB	HMDB0000050_19_shen	Adenosine	inchikey	1	TRUE	TRUE	2.70000555246952e-09	6.7500138811738e-06
ADENOSINE	1054	HMDB	HMDB0000050_20_shen	Adenosine	inchikey	1	TRUE	TRUE	2.70000555246952e-09	6.7500138811738e-06
ADENOSINE	1055	HMDB	HMDB0000050_21_shen	Adenosine	inchikey	1	TRUE	TRUE	2.70000555246952e-09	6.7500138811738e-06
ADENOSINE	1056	HMDB	HMDB0000050_22_shen	Adenosine	inchikey	1	TRUE	TRUE	2.70000555246952e-09	6.7500138811738e-06
ADENOSINE	1057	HMDB	HMDB0000050_23_shen	Adenosine	inchikey	1	TRUE	TRUE	2.70000555246952e-09	6.7500138811738e-06
ADENOSINE	1058	HMDB	HMDB0000050_24_shen	Adenosine	inchikey	1	TRUE	TRUE	2.70000555246952e-09	6.7500138811738e-06
ADENOSINE	1059	HMDB	HMDB0000050_25_shen	Adenosine	inchikey	1	TRUE	TRUE	2.70000555246952e-09	6.7500138811738e-06
ADENOSINE	1060	HMDB	HMDB0000050_26_shen	Adenosine	inchikey	1	TRUE	TRUE	2.70000555246952e-09	6.7500138811738e-06
ADENOSINE	1061	HMDB	HMDB0000050_27_shen	Adenosine	inchikey	1	TRUE	TRUE	2.70000555246952e-09	6.7500138811738e-06
ADENOSINE	1062	HMDB	HMDB0000050_28_shen	Adenosine	inchikey	1	TRUE	TRUE	2.70000555246952e-09	6.7500138811738e-06
ADENOSINE	1063	HMDB	HMDB0000050_29_shen	Adenosine	inchikey	1	TRUE	TRUE	2.70000555246952e-09	6.7500138811738e-06
ADENOSINE	1064	HMDB	HMDB0000050_30_shen	Adenosine	inchikey	1	TRUE	TRUE	2.70000555246952e-09	6.7500138811738e-06
ADENOSINE	1065	HMDB	HMDB0000050_31_shen	Adenosine	inchikey	1	TRUE	TRUE	2.70000555246952e-09	6.7500138811738e-06
ADENOSINE	1066	HMDB	HMDB0000050_32_shen	Adenosine	inchikey	1	TRUE	TRUE	2.70000555246952e-09	6.7500138811738e-06
ADENOSINE	1067	HMDB	HMDB0000050_33_shen	Adenosine	inchikey	1	TRUE	TRUE	2.70000555246952e-09	6.7500138811738e-06
ADENOSINE	1068	HMDB	HMDB0000050_34_shen	Adenosine	inchikey	1	TRUE	TRUE	2.70000555246952e-09	6.7500138811738e-06
ADENOSINE	1069	HMDB	HMDB0000050_35_shen	Adenosine	inchikey	1	TRUE	TRUE	2.70000555246952e-09	6.7500138811738e-06
ADENOSINE	1070	HMDB	HMDB0000050_36_shen	Adenosine	inchikey	1	TRUE	TRUE	2.70000555246952e-09	6.7500138811738e-06
ADENOSINE	1071	HMDB	HMDB0000050_37_shen	Adenosine	inchikey	1	TRUE	TRUE	2.70000555246952e-09	6.7500138811738e-06
ADENOSINE	1072	HMDB	HMDB0000050_38_shen	Adenosine	inchikey	1	TRUE	TRUE	2.70000555246952e-09	6.7500138811738e-06
ADENOSINE	1073	HMDB	HMDB0000050_39_shen	Adenosine	inchikey	1	TRUE	TRUE	2.70000555246952e-09	6.7500138811738e-06
ADENOSINE	1074	HMDB	HMDB0000050_40_shen	Adenosine	inchikey	1	TRUE	TRUE	2.70000555246952e-09	6.7500138811738e-06
ADENOSINE	1075	HMDB	HMDB0000050_41_shen	Adenosine	inchikey	1	TRUE	TRUE	2.70000555246952e-09	6.7500138811738e-06
ADENOSINE	1076	HMDB	HMDB0000050_42_shen	Adenosine	inchikey	1	TRUE	TRUE	2.70000555246952e-09	6.7500138811738e-06
ADENOSINE	1077	HMDB	HMDB0000050_43_shen	Adenosine	inchikey	1	TRUE	TRUE	2.70000555246952e-09	6.7500138811738e-06
ADENOSINE	1078	HMDB	HMDB0000050_44_shen	Adenosine	inchikey	1	TRUE	TRUE	2.70000555246952e-09	6.7500138811738e-06
ADENOSINE	1079	HMDB	HMDB0000050_45_shen	Adenosine	inchikey	1	TRUE	TRUE	2.70000555246952e-09	6.7500138811738e-06
ADENOSINE	1080	HMDB	HMDB0000050_46_shen	Adenosine	inchikey	1	TRUE	TRUE	2.70000555246952e-09	6.7500138811738e-06
ADENOSINE	1081	HMDB	HMDB0000050_47_shen	Adenosine	inchikey	1	TRUE	TRUE	2.70000555246952e-09	6.7500138811738e-06
ADENOSINE	1082	HMDB	HMDB0000050_48_shen	Adenosine	inchikey	1	TRUE	TRUE	2.70000555246952e-09	6.7500138811738e-06
ADENOSINE	1083	HMDB	HMDB0000050_49_shen	Adenosine	inchikey	1	TRUE	TRUE	2.70000555246952e-09	6.7500138811738e-06
ADENOSINE	1084	HMDB	HMDB0000050_50_shen	Adenosine	inchikey	1	TRUE	TRUE	2.70000555246952e-09	6.7500138811738e-06
ADENOSINE	1085	HMDB	HMDB0000050_51_shen	Adenosine	inchikey	1	TRUE	TRUE	2.70000555246952e-09	6.7500138811738e-06
ADENOSINE	1086	HMDB	HMDB0000050_52_shen	Adenosine	inchikey	1	TRUE	TRUE	2.70000555246952e-09	6.7500138811738e-06
ADENOSINE	1087	HMDB	HMDB0000050_53_shen	Adenosine	inchikey	1	TRUE	TRUE	2.70000555246952e-09	6.7500138811738e-06
ADENOSINE	1088	HMDB	HMDB0000050_54_shen	Adenosine	inchikey	1	TRUE	TRUE	2.70000555246952e-09	6.7500138811738e-06
ADENOSINE	1089	HMDB	HMDB0000050_55_shen	Adenosine	inchikey	1	TRUE	TRUE	2.70000555246952e-09	6.7500138811738e-06
ADENOSINE	1090	HMDB	HMDB0000050_56_shen	Adenosine	inchikey	1	TRUE	TRUE	2.70000555246952e-09	6.7500138811738e-06
ADENOSINE	1091	HMDB	HMDB0000050_57_shen	Adenosine	inchikey	1	TRUE	TRUE	2.70000555246952e-09	6.7500138811738e-06
ADENOSINE	1092	HMDB	HMDB0000050_58_shen	Adenosine	inchikey	1	TRUE	TRUE	2.70000555246952e-09	6.7500138811738e-06
ADENOSINE	1093	HMDB	HMDB0000050_59_shen	Adenosine	inchikey	1	TRUE	TRUE	2.70000555246952e-09	6.7500138811738e-06
ADENOSINE	1094	HMDB	HMDB0000050_60_shen	Adenosine	inchikey	1	TRUE	TRUE	2.70000555246952e-09	6.7500138811738e-06
ADENOSINE	1095	HMDB	HMDB0000050_61_shen	Adenosine	inchikey	1	TRUE	TRUE	2.70000555246952e-09	6.7500138811738e-06
ADENOSINE	1096	HMDB	HMDB0000050_62_shen	Adenosine	inchikey	1	TRUE	TRUE	2.70000555246952e-09	6.7500138811738e-06
ADENOSINE	1097	HMDB	HMDB0000050_63_shen	Adenosine	inchikey	1	TRUE	TRUE	2.70000555246952e-09	6.7500138811738e-06
ADENOSINE	1098	HMDB	HMDB0000050_64_shen	Adenosine	inchikey	1	TRUE	TRUE	2.70000555246952e-09	6.7500138811738e-06
ADENOSINE	1099	HMDB	HMDB0000050_65_shen	Adenosine	inchikey	1	TRUE	TRUE	2.70000555246952e-09	6.7500138811738e-06
ADENOSINE	1100	HMDB	HMDB0000050_66_shen	Adenosine	inchikey	1	TRUE	TRUE	2.70000555246952e-09	6.7500138811738e-06
ADENOSINE	1101	HMDB	HMDB0000050_67_shen	Adenosine	inchikey	1	TRUE	TRUE	2.70000555246952e-09	6.7500138811738e-06
ADENOSINE	1102	HMDB	HMDB0000050_68_shen	Adenosine	inchikey	1	TRUE	TRUE	2.70000555246952e-09	6.7500138811738e-06
ADENOSINE	1103	HMDB	HMDB0000050_69_shen	Adenosine	inchikey	1	TRUE	TRUE	2.70000555246952e-09	6.7500138811738e-06
ADENOSINE	1104	HMDB	HMDB0000050_70_shen	Adenosine	inchikey	1	TRUE	TRUE	2.70000555246952e-09	6.7500138811738e-06
ADENOSINE	1105	HMDB	HMDB0000050_71_shen	Adenosine	inchikey	1	TRUE	TRUE	2.70000555246952e-09	6.7500138811738e-06
ADENOSINE	1106	HMDB	HMDB0000050_72_shen	Adenosine	inchikey	1	TRUE	TRUE	2.70000555246952e-09	6.7500138811738e-06
ADENOSINE	1107	HMDB	HMDB0000050_73_shen	Adenosine	inchikey	1	TRUE	TRUE	2.70000555246952e-09	6.7500138811738e-06
ADENOSINE	1108	HMDB	HMDB0000050_74_shen	Adenosine	inchikey	1	TRUE	TRUE	2.70000555246952e-09	6.7500138811738e-06
ADENOSINE	1109	HMDB	HMDB0000050_75_shen	Adenosine	inchikey	1	TRUE	TRUE	2.70000555246952e-09	6.7500138811738e-06
ADENOSINE	1110	HMDB	HMDB0000050_76_shen	Adenosine	inchikey	1	TRUE	TRUE	2.70000555246952e-09	6.7500138811738e-06
ADENOSINE	1111	HMDB	HMDB0000050_77_shen	Adenosine	inchikey	1	TRUE	TRUE	2.70000555246952e-09	6.7500138811738e-06
ADENOSINE	1112	HMDB	HMDB0000050_78_shen	Adenosine	inchikey	1	TRUE	TRUE	2.70000555246952e-09	6.7500138811738e-06
ADENOSINE	1113	HMDB	HMDB0000050_79_shen	Adenosine	inchikey	1	TRUE	TRUE	2.70000555246952e-09	6.7500138811738e-06
ADENOSINE	1114	HMDB	HMDB0000050_80_shen	Adenosine	inchikey	1	TRUE	TRUE	2.70000555246952e-09	6.7500138811738e-06
ADENOSINE	1115	HMDB	HMDB0000050_81_shen	Adenosine	inchikey	1	TRUE	TRUE	2.70000555246952e-09	6.7500138811738e-06
ADENOSINE	1116	HMDB	HMDB0000050_82_shen	Adenosine	inchikey	1	TRUE	TRUE	2.70000555246952e-09	6.7500138811738e-06
ADENOSINE	1117	HMDB	HMDB0000050_83_shen	Adenosine	inchikey	1	TRUE	TRUE	2.70000555246952e-09	6.7500138811738e-06
ADENOSINE	1118	HMDB	HMDB0000050_84_shen	Adenosine	inchikey	1	TRUE	TRUE	2.70000555246952e-09	6.7500138811738e-06
ADENOSINE	1119	HMDB	HMDB0000050_85_shen	Adenosine	inchikey	1	TRUE	TRUE	2.70000555246952e-09	6.7500138811738e-06
ADENOSINE	1120	HMDB	HMDB0000050_86_shen	Adenosine	inchikey	1	TRUE	TRUE	2.70000555246952e-09	6.7500138811738e-06
ADENOSINE	1121	HMDB	HMDB0000050_87_shen	Adenosine	inchikey	1	TRUE	TRUE	2.70000555246952e-09	6.7500138811738e-06
ADENOSINE	1122	HMDB	HMDB0000050_88_shen	Adenosine	inchikey	1	TRUE	TRUE	2.70000555246952e-09	6.7500138811738e-06
ADENOSINE	1123	HMDB	HMDB0000050_89_shen	Adenosine	inchikey	1	TRUE	TRUE	2.70000555246952e-09	6.7500138811738e-06
ADENOSINE	1124	HMDB	HMDB0000050_90_shen	Adenosine	inchikey	1	TRUE	TRUE	2.70000555246952e-09	6.7500138811738e-06
ADENOSINE	1125	HMDB	HMDB0000050_91_shen	Adenosine	inchikey	1	TRUE	TRUE	2.70000555246952e-09	6.7500138811738e-06
ADENOSINE	1126	HMDB	HMDB0000050_92_shen	Adenosine	inchikey	1	TRUE	TRUE	2.70000555246952e-09	6.7500138811738e-06
ADENOSINE	1127	HMDB	HMDB0000050_93_shen	Adenosine	inchikey	1	TRUE	TRUE	2.70000555246952e-09	6.7500138811738e-06
ADENOSINE	1128	HMDB	HMDB0000050_94_shen	Adenosine	inchikey	1	TRUE	TRUE	2.70000555246952e-09	6.7500138811738e-06
ADENOSINE	1129	HMDB	HMDB0000050_95_shen	Adenosine	inchikey	1	TRUE	TRUE	2.70000555246952e-09	6.7500138811738e-06
ADENOSINE	1130	HMDB	HMDB0000050_96_shen	Adenosine	inchikey	1	TRUE	TRUE	2.70000555246952e-09	6.7500138811738e-06
ADENOSINE	1131	HMDB	HMDB0000050_97_shen	Adenosine	inchikey	1	TRUE	TRUE	2.70000555246952e-09	6.7500138811738e-06
ADENOSINE	1132	HMDB	HMDB0000050_98_shen	Adenosine	inchikey	1	TRUE	TRUE	2.70000555246952e-09	6.7500138811738e-06
ADENOSINE	1133	HMDB	HMDB0000050_99_shen	Adenosine	inchikey	1	TRUE	TRUE	2.70000555246952e-09	6.7500138811738e-06
ADENOSINE	1134	HMDB	HMDB0000050_100_shen	Adenosine	inchikey	1	TRUE	TRUE	2.70000555246952e-09	6.7500138811738e-06
ADENOSINE	1135	HMDB	HMDB0000050_101_shen	Adenosine	inchikey	1	TRUE	TRUE	2.70000555246952e-09	6.7500138811738e-06
ADENOSINE	1136	HMDB	HMDB0000050_102_shen	Adenosine	inchikey	1	TRUE	TRUE	2.70000555246952e-09	6.7500138811738e-06
ADENOSINE	1137	HMDB	HMDB0000050_103_shen	Adenosine	inchikey	1	TRUE	TRUE	2.70000555246952e-09	6.7500138811738e-06
ADENOSINE	1138	HMDB	HMDB0000050_104_shen	Adenosine	inchikey	1	TRUE	TRUE	2.70000555246952e-09	6.7500138811738e-06
ADENOSINE	1139	HMDB	HMDB0000050_105_shen	Adenosine	inchikey	1	TRUE	TRUE	2.70000555246952e-09	6.7500138811738e-06
ADENOSINE	1140	HMDB	HMDB0000050_106_shen	Adenosine	inchikey	1	TRUE	TRUE	2.70000555246952e-09	6.7500138811738e-06
ADENOSINE	1141	HMDB	HMDB0000050_107_shen	Adenosine	inchikey	1	TRUE	TRUE	2.70000555246952e-09	6.7500138811738e-06
ADENOSINE	1142	HMDB	HMDB0000050_108_shen	Adenosine	inchikey	1	TRUE	TRUE	2.70000555246952e-09	6.7500138811738e-06
ADENOSINE	1143	HMDB	HMDB0000050_109_shen	Adenosine	inchikey	1	TRUE	TRUE	2.70000555246952e-09	6.7500138811738e-06
ADENOSINE	1144	HMDB	HMDB0000050_110_shen	Adenosine	inchikey	1	TRUE	TRUE	2.70000555246952e-09	6.7500138811738e-06
ADENOSINE	1145	HMDB	HMDB0000050_111_shen	Adenosine	inchikey	1	TRUE	TRUE	2.70000555246952e-09	6.7500138811738e-06
ADENOSINE	1146	HMDB	HMDB0000050_112_shen	Adenosine	inchikey	1	TRUE	TRUE	2.70000555246952e-09	6.7500138811738e-06
ADENOSINE	1147	HMDB	HMDB0000050_113_shen	Adenosine	inchikey	1	TRUE	TRUE	2.70000555246952e-09	6.7500138811738e-06
ADENOSINE	1148	HMDB	HMDB0000050_114_shen	Adenosine	inchikey	1	TRUE	TRUE	2.70000555246952e-09	6.7500138811738e-06
ADENOSINE	1149	HMDB	HMDB0000050_115_shen	Adenosine	inchikey	1	TRUE	TRUE	2.70000555246952e-09	6.7500138811738e-06
ADENOSINE	1150	HMDB	HMDB0000050_116_shen	Adenosine	inchikey	1	TRUE	TRUE	2.70000555246952e-09	6.7500138811738e-06
ADENOSINE	1151	HMDB	HMDB0000050_117_shen	Adenosine	inchikey	1	TRUE	TRUE	2.70000555246952e-09	6.7500138811738e-06
ADENOSINE	1152	HMDB	HMDB0000050_118_shen	Adenosine	inchikey	1	TRUE	TRUE	2.70000555246952e-09	6.7500138811738e-06
ADENOSINE	1153	HMDB	HMDB0000050_119_shen	Adenosine	inchikey	1	TRUE	TRUE	2.70000555246952e-09	6.7500138811738e-06
ADENOSINE	1154	HMDB	HMDB0000050_120_shen	Adenosine	inchikey	1	TRUE	TRUE	2.70000555246952e-09	6.7500138811738e-06
ADENOSINE	1155	HMDB	HMDB0000050_121_shen	Adenosine	inchikey	1	TRUE	TRUE	2.70000555246952e-09	6.7500138811738e-06
ADENOSINE	1156	HMDB	HMDB0000050_122_shen	Adenosine	inchikey	1	TRUE	TRUE	2.70000555246952e-09	6.7500138811738e-06
ADENOSINE	1157	HMDB	HMDB0000050_123_shen	Adenosine	inchikey	1	TRUE	TRUE	2.70000555246952e-09	6.7500138811738e-06
ADENOSINE	1158	HMDB	HMDB0000050_124_shen	Adenosine	inchikey	1	TRUE	TRUE	2.70000555246952e-09	6.7500138811738e-06
ADENOSINE	1159	HMDB	HMDB0000050_125_shen	Adenosine	inchikey	1	TRUE	TRUE	2.70000555246952e-09	6.7500138811738e-06
ADENOSINE	1160	HMDB	HMDB0000050_126_shen	Adenosine	inchikey	1	TRUE	TRUE	2.70000555246952e-09	6.7500138811738e-06
ADENOSINE	1161	HMDB	HMDB0000050_127_shen	Adenosine	inchikey	1	TRUE	TRUE	2.70000555246952e-09	6.7500138811738e-06
ADENOSINE	1162	HMDB	HMDB0000050_128_shen	Adenosine	inchikey	1	TRUE	TRUE	2.70000555246952e-09	6.7500138811738e-06
ADENOSINE	1163	HMDB	HMDB0000050_129_shen	Adenosine	inchikey	1	TRUE	TRUE	2.70000555246952e-09	6.7500138811738e-06
ADENOSINE	1164	HMDB	HMDB0000050_130_shen	Adenosine	inchikey	1	TRUE	TRUE	2.70000555246952e-09	6.7500138811738e-06
ADENOSINE	1165	HMDB	HMDB0000050_131_shen	Adenosine	inchikey	1	TRUE	TRUE	2.70000555246952e-09	6.7500138811738e-06
ANDROST4ENE	1195	HMDB	HMDB0000053_1_shen	Androstenedione	inchikey	1	TRUE	TRUE	2.79999312624568e-09	6.9999828156142e-06
ANDROST4ENE	1196	HMDB	HMDB0000053_2_shen	Androstenedione	inchikey	1	TRUE	TRUE	2.79999312624568e-09	6.9999828156142e-06
ANDROST4ENE	1197	HMDB	HMDB0000053_3_shen	Androstenedione	inchikey	1	TRUE	TRUE	2.79999312624568e-09	6.9999828156142e-06
ANDROST4ENE	1198	HMDB	HMDB0000053_4_shen	Androstenedione	inchikey	1	TRUE	TRUE	2.79999312624568e-09	6.9999828156142e-06
ANDROST4ENE	1199	HMDB	HMDB0000053_5_shen	Androstenedione	inchikey	1	TRUE	TRUE	2.79999312624568e-09	6.9999828156142e-06
ANDROST4ENE	1200	HMDB	HMDB0000053_6_shen	Androstenedione	inchikey	1	TRUE	TRUE	2.79999312624568e-09	6.9999828156142e-06
ANDROST4ENE	1201	HMDB	HMDB0000053_7_shen	Androstenedione	inchikey	1	TRUE	TRUE	2.79999312624568e-09	6.9999828156142e-06
ANDROST4ENE	1202	HMDB	HMDB0000053_8_shen	Androstenedione	inchikey	1	TRUE	TRUE	2.79999312624568e-09	6.9999828156142e-06
ANDROST4ENE	1203	HMDB	HMDB0000053_9_shen	Androstenedione	inchikey	1	TRUE	TRUE	2.79999312624568e-09	6.9999828156142e-06
ANDROST4ENE	1204	HMDB	HMDB0000053_10_shen	Androstenedione	inchikey	1	TRUE	TRUE	2.79999312624568e-09	6.9999828156142e-06
ANDROST4ENE	1205	HMDB	HMDB0000053_11_shen	Androstenedione	inchikey	1	TRUE	TRUE	2.79999312624568e-09	6.9999828156142e-06
ANDROST4ENE	1206	HMDB	HMDB0000053_12_shen	Androstenedione	inchikey	1	TRUE	TRUE	2.79999312624568e-09	6.9999828156142e-06
ANDROST4ENE	1207	HMDB	HMDB0000053_13_shen	Androstenedione	inchikey	1	TRUE	TRUE	2.79999312624568e-09	6.9999828156142e-06
ANDROST4ENE	1208	HMDB	HMDB0000053_14_shen	Androstenedione	inchikey	1	TRUE	TRUE	2.79999312624568e-09	6.9999828156142e-06
ANDROST4ENE	1209	HMDB	HMDB0000053_15_shen	Androstenedione	inchikey	1	TRUE	TRUE	2.79999312624568e-09	6.9999828156142e-06
ANDROST4ENE	1210	HMDB	HMDB0000053_16_shen	Androstenedione	inchikey	1	TRUE	TRUE	2.79999312624568e-09	6.9999828156142e-06
ANDROST4ENE	1211	HMDB	HMDB0000053_17_shen	Androstenedione	inchikey	1	TRUE	TRUE	2.79999312624568e-09	6.9999828156142e-06
ANDROST4ENE	1212	HMDB	HMDB0000053_18_shen	Androstenedione	inchikey	1	TRUE	TRUE	2.79999312624568e-09	6.9999828156142e-06
ANDROST4ENE	1213	HMDB	HMDB0000053_19_shen	Androstenedione	inchikey	1	TRUE	TRUE	2.79999312624568e-09	6.9999828156142e-06
ANDROST4ENE	1214	HMDB	HMDB0000053_20_shen	Androstenedione	inchikey	1	TRUE	TRUE	2.79999312624568e-09	6.9999828156142e-06
ANDROST4ENE	1215	HMDB	HMDB0000053_21_shen	Androstenedione	inchikey	1	TRUE	TRUE	2.79999312624568e-09	6.9999828156142e-06
ANDROST4ENE	1216	HMDB	HMDB0000053_22_shen	Androstenedione	inchikey	1	TRUE	TRUE	2.79999312624568e-09	6.9999828156142e-06
ANDROST4ENE	1217	HMDB	HMDB0000053_23_shen	Androstenedione	inchikey	1	TRUE	TRUE	2.79999312624568e-09	6.9999828156142e-06
ANDROST4ENE	1218	HMDB	HMDB0000053_24_shen	Androstenedione	inchikey	1	TRUE	TRUE	2.79999312624568e-09	6.9999828156142e-06
BILIRUBIN	1219	HMDB	HMDB0000054_1_shen	Bilirubin	inchikey_connectivity_formula_mass	2	FALSE	TRUE	4.99994712299667e-09	8.55769229489915e-06
BILIRUBIN	1220	HMDB	HMDB0000054_2_shen	Bilirubin	inchikey_connectivity_formula_mass	2	FALSE	TRUE	4.99994712299667e-09	8.55769229489915e-06
BILIRUBIN	1221	HMDB	HMDB0000054_3_shen	Bilirubin	inchikey_connectivity_formula_mass	2	FALSE	TRUE	4.99994712299667e-09	8.55769229489915e-06
BILIRUBIN	1222	HMDB	HMDB0000054_4_shen	Bilirubin	inchikey_connectivity_formula_mass	2	FALSE	TRUE	4.99994712299667e-09	8.55769229489915e-06
BILIRUBIN	1223	HMDB	HMDB0000054_5_shen	Bilirubin	inchikey_connectivity_formula_mass	2	FALSE	TRUE	4.99994712299667e-09	8.55769229489915e-06
BILIRUBIN	1224	HMDB	HMDB0000054_6_shen	Bilirubin	inchikey_connectivity_formula_mass	2	FALSE	TRUE	4.99994712299667e-09	8.55769229489915e-06
BILIRUBIN	1225	HMDB	HMDB0000054_7_shen	Bilirubin	inchikey_connectivity_formula_mass	2	FALSE	TRUE	4.99994712299667e-09	8.55769229489915e-06
BILIRUBIN	1226	HMDB	HMDB0000054_8_shen	Bilirubin	inchikey_connectivity_formula_mass	2	FALSE	TRUE	4.99994712299667e-09	8.55769229489915e-06
BILIRUBIN	1227	HMDB	HMDB0000054_9_shen	Bilirubin	inchikey_connectivity_formula_mass	2	FALSE	TRUE	4.99994712299667e-09	8.55769229489915e-06
BILIRUBIN	1228	HMDB	HMDB0000054_10_shen	Bilirubin	inchikey_connectivity_formula_mass	2	FALSE	TRUE	4.99994712299667e-09	8.55769229489915e-06
BILIRUBIN	1229	HMDB	HMDB0000054_11_shen	Bilirubin	inchikey_connectivity_formula_mass	2	FALSE	TRUE	4.99994712299667e-09	8.55769229489915e-06
BILIRUBIN	1230	HMDB	HMDB0000054_12_shen	Bilirubin	inchikey_connectivity_formula_mass	2	FALSE	TRUE	4.99994712299667e-09	8.55769229489915e-06
BILIRUBIN	1231	HMDB	HMDB0000054_13_shen	Bilirubin	inchikey_connectivity_formula_mass	2	FALSE	TRUE	4.99994712299667e-09	8.55769229489915e-06
BILIRUBIN	1232	HMDB	HMDB0000054_14_shen	Bilirubin	inchikey_connectivity_formula_mass	2	FALSE	TRUE	4.99994712299667e-09	8.55769229489915e-06
BILIRUBIN	1233	HMDB	HMDB0000054_15_shen	Bilirubin	inchikey_connectivity_formula_mass	2	FALSE	TRUE	4.99994712299667e-09	8.55769229489915e-06
CELLOBIOSE	1234	HMDB	HMDB0000055_1_shen	Cellobiose	inchikey	1	TRUE	TRUE	3.30004468196421e-09	8.25011170491052e-06
CELLOBIOSE	1235	HMDB	HMDB0000055_2_shen	Cellobiose	inchikey	1	TRUE	TRUE	3.30004468196421e-09	8.25011170491052e-06
CELLOBIOSE	1236	HMDB	HMDB0000055_3_shen	Cellobiose	inchikey	1	TRUE	TRUE	3.30004468196421e-09	8.25011170491052e-06
CELLOBIOSE	1237	HMDB	HMDB0000055_4_shen	Cellobiose	inchikey	1	TRUE	TRUE	3.30004468196421e-09	8.25011170491052e-06
CELLOBIOSE	1238	HMDB	HMDB0000055_5_shen	Cellobiose	inchikey	1	TRUE	TRUE	3.30004468196421e-09	8.25011170491052e-06
CELLOBIOSE	1239	HMDB	HMDB0000055_6_shen	Cellobiose	inchikey	1	TRUE	TRUE	3.30004468196421e-09	8.25011170491052e-06
CELLOBIOSE	1240	HMDB	HMDB0000055_7_shen	Cellobiose	inchikey	1	TRUE	TRUE	3.30004468196421e-09	8.25011170491052e-06
CELLOBIOSE	1241	HMDB	HMDB0000055_8_shen	Cellobiose	inchikey	1	TRUE	TRUE	3.30004468196421e-09	8.25011170491052e-06
CELLOBIOSE	1242	HMDB	HMDB0000055_9_shen	Cellobiose	inchikey	1	TRUE	TRUE	3.30004468196421e-09	8.25011170491052e-06
CELLOBIOSE	1243	HMDB	HMDB0000055_10_shen	Cellobiose	inchikey	1	TRUE	TRUE	3.30004468196421e-09	8.25011170491052e-06
CELLOBIOSE	1244	HMDB	HMDB0000055_11_shen	Cellobiose	inchikey	1	TRUE	TRUE	3.30004468196421e-09	8.25011170491052e-06
CELLOBIOSE	1245	HMDB	HMDB0000055_12_shen	Cellobiose	inchikey	1	TRUE	TRUE	3.30004468196421e-09	8.25011170491052e-06
B-ALANINE	1246	HMDB	HMDB0000056_1_shen	beta-Alanine	inchikey	1	TRUE	TRUE	1.09999120923021e-09	2.74997802307553e-06
B-ALANINE	1247	HMDB	HMDB0000056_2_shen	beta-Alanine	inchikey	1	TRUE	TRUE	1.09999120923021e-09	2.74997802307553e-06
B-ALANINE	1248	HMDB	HMDB0000056_3_shen	beta-Alanine	inchikey	1	TRUE	TRUE	1.09999120923021e-09	2.74997802307553e-06
B-ALANINE	1249	HMDB	HMDB0000056_4_shen	beta-Alanine	inchikey	1	TRUE	TRUE	1.09999120923021e-09	2.74997802307553e-06
B-ALANINE	1250	HMDB	HMDB0000056_5_shen	beta-Alanine	inchikey	1	TRUE	TRUE	1.09999120923021e-09	2.74997802307553e-06
B-ALANINE	1251	HMDB	HMDB0000056_6_shen	beta-Alanine	inchikey	1	TRUE	TRUE	1.09999120923021e-09	2.74997802307553e-06
B-ALANINE	1252	HMDB	HMDB0000056_7_shen	beta-Alanine	inchikey	1	TRUE	TRUE	1.09999120923021e-09	2.74997802307553e-06
B-ALANINE	1253	HMDB	HMDB0000056_8_shen	beta-Alanine	inchikey	1	TRUE	TRUE	1.09999120923021e-09	2.74997802307553e-06
B-ALANINE	1254	HMDB	HMDB0000056_9_shen	beta-Alanine	inchikey	1	TRUE	TRUE	1.09999120923021e-09	2.74997802307553e-06
B-ALANINE	1255	HMDB	HMDB0000056_10_shen	beta-Alanine	inchikey	1	TRUE	TRUE	1.09999120923021e-09	2.74997802307553e-06
B-ALANINE	1256	HMDB	HMDB0000056_11_shen	beta-Alanine	inchikey	1	TRUE	TRUE	1.09999120923021e-09	2.74997802307553e-06
B-ALANINE	1257	HMDB	HMDB0000056_12_shen	beta-Alanine	inchikey	1	TRUE	TRUE	1.09999120923021e-09	2.74997802307553e-06
B-ALANINE	1258	HMDB	HMDB0000056_13_shen	beta-Alanine	inchikey	1	TRUE	TRUE	1.09999120923021e-09	2.74997802307553e-06
B-ALANINE	1259	HMDB	HMDB0000056_14_shen	beta-Alanine	inchikey	1	TRUE	TRUE	1.09999120923021e-09	2.74997802307553e-06
B-ALANINE	1260	HMDB	HMDB0000056_15_shen	beta-Alanine	inchikey	1	TRUE	TRUE	1.09999120923021e-09	2.74997802307553e-06
B-ALANINE	1261	HMDB	HMDB0000056_16_shen	beta-Alanine	inchikey	1	TRUE	TRUE	1.09999120923021e-09	2.74997802307553e-06
B-ALANINE	1262	HMDB	HMDB0000056_17_shen	beta-Alanine	inchikey	1	TRUE	TRUE	1.09999120923021e-09	2.74997802307553e-06
B-ALANINE	1263	HMDB	HMDB0000056_18_shen	beta-Alanine	inchikey	1	TRUE	TRUE	1.09999120923021e-09	2.74997802307553e-06
B-ALANINE	1264	HMDB	HMDB0000056_19_shen	beta-Alanine	inchikey	1	TRUE	TRUE	1.09999120923021e-09	2.74997802307553e-06
B-ALANINE	1265	HMDB	HMDB0000056_20_shen	beta-Alanine	inchikey	1	TRUE	TRUE	1.09999120923021e-09	2.74997802307553e-06
B-ALANINE	1266	HMDB	HMDB0000056_21_shen	beta-Alanine	inchikey	1	TRUE	TRUE	1.09999120923021e-09	2.74997802307553e-06
B-ALANINE	1267	HMDB	HMDB0000056_22_shen	beta-Alanine	inchikey	1	TRUE	TRUE	1.09999120923021e-09	2.74997802307553e-06
B-ALANINE	1268	HMDB	HMDB0000056_23_shen	beta-Alanine	inchikey	1	TRUE	TRUE	1.09999120923021e-09	2.74997802307553e-06
B-ALANINE	1269	HMDB	HMDB0000056_24_shen	beta-Alanine	inchikey	1	TRUE	TRUE	1.09999120923021e-09	2.74997802307553e-06
B-ALANINE	1270	HMDB	HMDB0000056_25_shen	beta-Alanine	inchikey	1	TRUE	TRUE	1.09999120923021e-09	2.74997802307553e-06
B-ALANINE	1271	HMDB	HMDB0000056_26_shen	beta-Alanine	inchikey	1	TRUE	TRUE	1.09999120923021e-09	2.74997802307553e-06
B-ALANINE	1272	HMDB	HMDB0000056_27_shen	beta-Alanine	inchikey	1	TRUE	TRUE	1.09999120923021e-09	2.74997802307553e-06
B-ALANINE	1273	HMDB	HMDB0000056_28_shen	beta-Alanine	inchikey	1	TRUE	TRUE	1.09999120923021e-09	2.74997802307553e-06
B-ALANINE	1274	HMDB	HMDB0000056_29_shen	beta-Alanine	inchikey	1	TRUE	TRUE	1.09999120923021e-09	2.74997802307553e-06
B-ALANINE	1275	HMDB	HMDB0000056_30_shen	beta-Alanine	inchikey	1	TRUE	TRUE	1.09999120923021e-09	2.74997802307553e-06
B-ALANINE	1276	HMDB	HMDB0000056_31_shen	beta-Alanine	inchikey	1	TRUE	TRUE	1.09999120923021e-09	2.74997802307553e-06
B-ALANINE	1277	HMDB	HMDB0000056_32_shen	beta-Alanine	inchikey	1	TRUE	TRUE	1.09999120923021e-09	2.74997802307553e-06
B-ALANINE	1278	HMDB	HMDB0000056_33_shen	beta-Alanine	inchikey	1	TRUE	TRUE	1.09999120923021e-09	2.74997802307553e-06
B-ALANINE	1279	HMDB	HMDB0000056_34_shen	beta-Alanine	inchikey	1	TRUE	TRUE	1.09999120923021e-09	2.74997802307553e-06
B-ALANINE	1280	HMDB	HMDB0000056_35_shen	beta-Alanine	inchikey	1	TRUE	TRUE	1.09999120923021e-09	2.74997802307553e-06
B-ALANINE	1281	HMDB	HMDB0000056_36_shen	beta-Alanine	inchikey	1	TRUE	TRUE	1.09999120923021e-09	2.74997802307553e-06
B-ALANINE	1282	HMDB	HMDB0000056_37_shen	beta-Alanine	inchikey	1	TRUE	TRUE	1.09999120923021e-09	2.74997802307553e-06
B-ALANINE	1283	HMDB	HMDB0000056_38_shen	beta-Alanine	inchikey	1	TRUE	TRUE	1.09999120923021e-09	2.74997802307553e-06
B-ALANINE	1284	HMDB	HMDB0000056_39_shen	beta-Alanine	inchikey	1	TRUE	TRUE	1.09999120923021e-09	2.74997802307553e-06
B-ALANINE	1285	HMDB	HMDB0000056_40_shen	beta-Alanine	inchikey	1	TRUE	TRUE	1.09999120923021e-09	2.74997802307553e-06
B-ALANINE	1286	HMDB	HMDB0000056_41_shen	beta-Alanine	inchikey	1	TRUE	TRUE	1.09999120923021e-09	2.74997802307553e-06
B-ALANINE	1287	HMDB	HMDB0000056_42_shen	beta-Alanine	inchikey	1	TRUE	TRUE	1.09999120923021e-09	2.74997802307553e-06
CAMP	1288	HMDB	HMDB0000058_1_shen	Cyclic AMP	inchikey_connectivity_formula_mass	2	FALSE	TRUE	7.99957433628151e-10	1.99989358407038e-06
CAMP	1289	HMDB	HMDB0000058_2_shen	Cyclic AMP	inchikey_connectivity_formula_mass	2	FALSE	TRUE	7.99957433628151e-10	1.99989358407038e-06
CAMP	1290	HMDB	HMDB0000058_3_shen	Cyclic AMP	inchikey_connectivity_formula_mass	2	FALSE	TRUE	7.99957433628151e-10	1.99989358407038e-06
CAMP	1291	HMDB	HMDB0000058_4_shen	Cyclic AMP	inchikey_connectivity_formula_mass	2	FALSE	TRUE	7.99957433628151e-10	1.99989358407038e-06
CAMP	1292	HMDB	HMDB0000058_5_shen	Cyclic AMP	inchikey_connectivity_formula_mass	2	FALSE	TRUE	7.99957433628151e-10	1.99989358407038e-06
CAMP	1293	HMDB	HMDB0000058_6_shen	Cyclic AMP	inchikey_connectivity_formula_mass	2	FALSE	TRUE	7.99957433628151e-10	1.99989358407038e-06
CAMP	1294	HMDB	HMDB0000058_7_shen	Cyclic AMP	inchikey_connectivity_formula_mass	2	FALSE	TRUE	7.99957433628151e-10	1.99989358407038e-06
CAMP	1295	HMDB	HMDB0000058_8_shen	Cyclic AMP	inchikey_connectivity_formula_mass	2	FALSE	TRUE	7.99957433628151e-10	1.99989358407038e-06
CAMP	1296	HMDB	HMDB0000058_9_shen	Cyclic AMP	inchikey_connectivity_formula_mass	2	FALSE	TRUE	7.99957433628151e-10	1.99989358407038e-06
CAMP	1297	HMDB	HMDB0000058_10_shen	Cyclic AMP	inchikey_connectivity_formula_mass	2	FALSE	TRUE	7.99957433628151e-10	1.99989358407038e-06
CAMP	1298	HMDB	HMDB0000058_11_shen	Cyclic AMP	inchikey_connectivity_formula_mass	2	FALSE	TRUE	7.99957433628151e-10	1.99989358407038e-06
CAMP	1299	HMDB	HMDB0000058_12_shen	Cyclic AMP	inchikey_connectivity_formula_mass	2	FALSE	TRUE	7.99957433628151e-10	1.99989358407038e-06
CAMP	1300	HMDB	HMDB0000058_13_shen	Cyclic AMP	inchikey_connectivity_formula_mass	2	FALSE	TRUE	7.99957433628151e-10	1.99989358407038e-06
CAMP	1301	HMDB	HMDB0000058_14_shen	Cyclic AMP	inchikey_connectivity_formula_mass	2	FALSE	TRUE	7.99957433628151e-10	1.99989358407038e-06
CAMP	1302	HMDB	HMDB0000058_15_shen	Cyclic AMP	inchikey_connectivity_formula_mass	2	FALSE	TRUE	7.99957433628151e-10	1.99989358407038e-06
CAMP	1303	HMDB	HMDB0000058_16_shen	Cyclic AMP	inchikey_connectivity_formula_mass	2	FALSE	TRUE	7.99957433628151e-10	1.99989358407038e-06
CAMP	1304	HMDB	HMDB0000058_17_shen	Cyclic AMP	inchikey_connectivity_formula_mass	2	FALSE	TRUE	7.99957433628151e-10	1.99989358407038e-06
CAMP	1305	HMDB	HMDB0000058_18_shen	Cyclic AMP	inchikey_connectivity_formula_mass	2	FALSE	TRUE	7.99957433628151e-10	1.99989358407038e-06
CAMP	1306	HMDB	HMDB0000058_19_shen	Cyclic AMP	inchikey_connectivity_formula_mass	2	FALSE	TRUE	7.99957433628151e-10	1.99989358407038e-06
CAMP	1307	HMDB	HMDB0000058_20_shen	Cyclic AMP	inchikey_connectivity_formula_mass	2	FALSE	TRUE	7.99957433628151e-10	1.99989358407038e-06
CAMP	1308	HMDB	HMDB0000058_21_shen	Cyclic AMP	inchikey_connectivity_formula_mass	2	FALSE	TRUE	7.99957433628151e-10	1.99989358407038e-06
CAMP	1309	HMDB	HMDB0000058_22_shen	Cyclic AMP	inchikey_connectivity_formula_mass	2	FALSE	TRUE	7.99957433628151e-10	1.99989358407038e-06
CAMP	1310	HMDB	HMDB0000058_23_shen	Cyclic AMP	inchikey_connectivity_formula_mass	2	FALSE	TRUE	7.99957433628151e-10	1.99989358407038e-06
CAMP	1311	HMDB	HMDB0000058_24_shen	Cyclic AMP	inchikey_connectivity_formula_mass	2	FALSE	TRUE	7.99957433628151e-10	1.99989358407038e-06
CAMP	1312	HMDB	HMDB0000058_25_shen	Cyclic AMP	inchikey_connectivity_formula_mass	2	FALSE	TRUE	7.99957433628151e-10	1.99989358407038e-06
CAMP	1313	HMDB	HMDB0000058_26_shen	Cyclic AMP	inchikey_connectivity_formula_mass	2	FALSE	TRUE	7.99957433628151e-10	1.99989358407038e-06
CAMP	1314	HMDB	HMDB0000058_27_shen	Cyclic AMP	inchikey_connectivity_formula_mass	2	FALSE	TRUE	7.99957433628151e-10	1.99989358407038e-06
CAMP	1315	HMDB	HMDB0000058_28_shen	Cyclic AMP	inchikey_connectivity_formula_mass	2	FALSE	TRUE	7.99957433628151e-10	1.99989358407038e-06
CAMP	1316	HMDB	HMDB0000058_29_shen	Cyclic AMP	inchikey_connectivity_formula_mass	2	FALSE	TRUE	7.99957433628151e-10	1.99989358407038e-06
CAMP	1317	HMDB	HMDB0000058_30_shen	Cyclic AMP	inchikey_connectivity_formula_mass	2	FALSE	TRUE	7.99957433628151e-10	1.99989358407038e-06
CAMP	1318	HMDB	HMDB0000058_31_shen	Cyclic AMP	inchikey_connectivity_formula_mass	2	FALSE	TRUE	7.99957433628151e-10	1.99989358407038e-06
CAMP	1319	HMDB	HMDB0000058_32_shen	Cyclic AMP	inchikey_connectivity_formula_mass	2	FALSE	TRUE	7.99957433628151e-10	1.99989358407038e-06
CAMP	1320	HMDB	HMDB0000058_33_shen	Cyclic AMP	inchikey_connectivity_formula_mass	2	FALSE	TRUE	7.99957433628151e-10	1.99989358407038e-06
CAMP	1321	HMDB	HMDB0000058_34_shen	Cyclic AMP	inchikey_connectivity_formula_mass	2	FALSE	TRUE	7.99957433628151e-10	1.99989358407038e-06
CAMP	1322	HMDB	HMDB0000058_35_shen	Cyclic AMP	inchikey_connectivity_formula_mass	2	FALSE	TRUE	7.99957433628151e-10	1.99989358407038e-06
CAMP	1323	HMDB	HMDB0000058_36_shen	Cyclic AMP	inchikey_connectivity_formula_mass	2	FALSE	TRUE	7.99957433628151e-10	1.99989358407038e-06
CAMP	1324	HMDB	HMDB0000058_37_shen	Cyclic AMP	inchikey_connectivity_formula_mass	2	FALSE	TRUE	7.99957433628151e-10	1.99989358407038e-06
CAMP	1325	HMDB	HMDB0000058_38_shen	Cyclic AMP	inchikey_connectivity_formula_mass	2	FALSE	TRUE	7.99957433628151e-10	1.99989358407038e-06
CAMP	1326	HMDB	HMDB0000058_39_shen	Cyclic AMP	inchikey_connectivity_formula_mass	2	FALSE	TRUE	7.99957433628151e-10	1.99989358407038e-06
CAMP	1327	HMDB	HMDB0000058_40_shen	Cyclic AMP	inchikey_connectivity_formula_mass	2	FALSE	TRUE	7.99957433628151e-10	1.99989358407038e-06
CAMP	1328	HMDB	HMDB0000058_41_shen	Cyclic AMP	inchikey_connectivity_formula_mass	2	FALSE	TRUE	7.99957433628151e-10	1.99989358407038e-06
CAMP	1329	HMDB	HMDB0000058_42_shen	Cyclic AMP	inchikey_connectivity_formula_mass	2	FALSE	TRUE	7.99957433628151e-10	1.99989358407038e-06
CAMP	1330	HMDB	HMDB0000058_43_shen	Cyclic AMP	inchikey_connectivity_formula_mass	2	FALSE	TRUE	7.99957433628151e-10	1.99989358407038e-06
CAMP	1331	HMDB	HMDB0000058_44_shen	Cyclic AMP	inchikey_connectivity_formula_mass	2	FALSE	TRUE	7.99957433628151e-10	1.99989358407038e-06
CAMP	1332	HMDB	HMDB0000058_45_shen	Cyclic AMP	inchikey_connectivity_formula_mass	2	FALSE	TRUE	7.99957433628151e-10	1.99989358407038e-06
CAMP	1333	HMDB	HMDB0000058_46_shen	Cyclic AMP	inchikey_connectivity_formula_mass	2	FALSE	TRUE	7.99957433628151e-10	1.99989358407038e-06
CAMP	1334	HMDB	HMDB0000058_47_shen	Cyclic AMP	inchikey_connectivity_formula_mass	2	FALSE	TRUE	7.99957433628151e-10	1.99989358407038e-06
CAMP	1335	HMDB	HMDB0000058_48_shen	Cyclic AMP	inchikey_connectivity_formula_mass	2	FALSE	TRUE	7.99957433628151e-10	1.99989358407038e-06
CAMP	1336	HMDB	HMDB0000058_49_shen	Cyclic AMP	inchikey_connectivity_formula_mass	2	FALSE	TRUE	7.99957433628151e-10	1.99989358407038e-06
CAMP	1337	HMDB	HMDB0000058_50_shen	Cyclic AMP	inchikey_connectivity_formula_mass	2	FALSE	TRUE	7.99957433628151e-10	1.99989358407038e-06
CAMP	1338	HMDB	HMDB0000058_51_shen	Cyclic AMP	inchikey_connectivity_formula_mass	2	FALSE	TRUE	7.99957433628151e-10	1.99989358407038e-06
CAMP	1339	HMDB	HMDB0000058_52_shen	Cyclic AMP	inchikey_connectivity_formula_mass	2	FALSE	TRUE	7.99957433628151e-10	1.99989358407038e-06
CAMP	1340	HMDB	HMDB0000058_53_shen	Cyclic AMP	inchikey_connectivity_formula_mass	2	FALSE	TRUE	7.99957433628151e-10	1.99989358407038e-06
CAMP	1341	HMDB	HMDB0000058_54_shen	Cyclic AMP	inchikey_connectivity_formula_mass	2	FALSE	TRUE	7.99957433628151e-10	1.99989358407038e-06
CAMP	1342	HMDB	HMDB0000058_55_shen	Cyclic AMP	inchikey_connectivity_formula_mass	2	FALSE	TRUE	7.99957433628151e-10	1.99989358407038e-06
CAMP	1343	HMDB	HMDB0000058_56_shen	Cyclic AMP	inchikey_connectivity_formula_mass	2	FALSE	TRUE	7.99957433628151e-10	1.99989358407038e-06
CAMP	1344	HMDB	HMDB0000058_57_shen	Cyclic AMP	inchikey_connectivity_formula_mass	2	FALSE	TRUE	7.99957433628151e-10	1.99989358407038e-06
CAMP	1345	HMDB	HMDB0000058_58_shen	Cyclic AMP	inchikey_connectivity_formula_mass	2	FALSE	TRUE	7.99957433628151e-10	1.99989358407038e-06
CAMP	1346	HMDB	HMDB0000058_59_shen	Cyclic AMP	inchikey_connectivity_formula_mass	2	FALSE	TRUE	7.99957433628151e-10	1.99989358407038e-06
CAMP	1347	HMDB	HMDB0000058_60_shen	Cyclic AMP	inchikey_connectivity_formula_mass	2	FALSE	TRUE	7.99957433628151e-10	1.99989358407038e-06
CAMP	1348	HMDB	HMDB0000058_61_shen	Cyclic AMP	inchikey_connectivity_formula_mass	2	FALSE	TRUE	7.99957433628151e-10	1.99989358407038e-06
CAMP	1349	HMDB	HMDB0000058_62_shen	Cyclic AMP	inchikey_connectivity_formula_mass	2	FALSE	TRUE	7.99957433628151e-10	1.99989358407038e-06
CAMP	1350	HMDB	HMDB0000058_63_shen	Cyclic AMP	inchikey_connectivity_formula_mass	2	FALSE	TRUE	7.99957433628151e-10	1.99989358407038e-06
CAMP	1351	HMDB	HMDB0000058_64_shen	Cyclic AMP	inchikey_connectivity_formula_mass	2	FALSE	TRUE	7.99957433628151e-10	1.99989358407038e-06
CAMP	1352	HMDB	HMDB0000058_65_shen	Cyclic AMP	inchikey_connectivity_formula_mass	2	FALSE	TRUE	7.99957433628151e-10	1.99989358407038e-06
CAMP	1353	HMDB	HMDB0000058_66_shen	Cyclic AMP	inchikey_connectivity_formula_mass	2	FALSE	TRUE	7.99957433628151e-10	1.99989358407038e-06
CAMP	1354	HMDB	HMDB0000058_67_shen	Cyclic AMP	inchikey_connectivity_formula_mass	2	FALSE	TRUE	7.99957433628151e-10	1.99989358407038e-06
3-KETOBUTYRATE	1355	HMDB	HMDB0000060_1_shen	Acetoacetic acid	inchikey_connectivity_formula_mass	2	FALSE	TRUE	9.00001850823173e-10	2.25000462705793e-06
3-KETOBUTYRATE	1356	HMDB	HMDB0000060_2_shen	Acetoacetic acid	inchikey_connectivity_formula_mass	2	FALSE	TRUE	9.00001850823173e-10	2.25000462705793e-06
3-KETOBUTYRATE	1357	HMDB	HMDB0000060_3_shen	Acetoacetic acid	inchikey_connectivity_formula_mass	2	FALSE	TRUE	9.00001850823173e-10	2.25000462705793e-06
3-KETOBUTYRATE	1358	HMDB	HMDB0000060_4_shen	Acetoacetic acid	inchikey_connectivity_formula_mass	2	FALSE	TRUE	9.00001850823173e-10	2.25000462705793e-06
3-KETOBUTYRATE	1359	HMDB	HMDB0000060_5_shen	Acetoacetic acid	inchikey_connectivity_formula_mass	2	FALSE	TRUE	9.00001850823173e-10	2.25000462705793e-06
CORTISOL	1380	HMDB	HMDB0000063_1_shen	Cortisol	inchikey	1	TRUE	TRUE	3.50001982951653e-09	8.75004957379133e-06
CORTISOL	1381	HMDB	HMDB0000063_2_shen	Cortisol	inchikey	1	TRUE	TRUE	3.50001982951653e-09	8.75004957379133e-06
CORTISOL	1382	HMDB	HMDB0000063_3_shen	Cortisol	inchikey	1	TRUE	TRUE	3.50001982951653e-09	8.75004957379133e-06
CORTISOL	1383	HMDB	HMDB0000063_4_shen	Cortisol	inchikey	1	TRUE	TRUE	3.50001982951653e-09	8.75004957379133e-06
CORTISOL	1384	HMDB	HMDB0000063_5_shen	Cortisol	inchikey	1	TRUE	TRUE	3.50001982951653e-09	8.75004957379133e-06
CORTISOL	1385	HMDB	HMDB0000063_6_shen	Cortisol	inchikey	1	TRUE	TRUE	3.50001982951653e-09	8.75004957379133e-06
CORTISOL	1386	HMDB	HMDB0000063_7_shen	Cortisol	inchikey	1	TRUE	TRUE	3.50001982951653e-09	8.75004957379133e-06
CORTISOL	1387	HMDB	HMDB0000063_8_shen	Cortisol	inchikey	1	TRUE	TRUE	3.50001982951653e-09	8.75004957379133e-06
CORTISOL	1388	HMDB	HMDB0000063_9_shen	Cortisol	inchikey	1	TRUE	TRUE	3.50001982951653e-09	8.75004957379133e-06
CORTISOL	1389	HMDB	HMDB0000063_10_shen	Cortisol	inchikey	1	TRUE	TRUE	3.50001982951653e-09	8.75004957379133e-06
CORTISOL	1390	HMDB	HMDB0000063_11_shen	Cortisol	inchikey	1	TRUE	TRUE	3.50001982951653e-09	8.75004957379133e-06
CORTISOL	1391	HMDB	HMDB0000063_12_shen	Cortisol	inchikey	1	TRUE	TRUE	3.50001982951653e-09	8.75004957379133e-06
CORTISOL	1392	HMDB	HMDB0000063_13_shen	Cortisol	inchikey	1	TRUE	TRUE	3.50001982951653e-09	8.75004957379133e-06
CORTISOL	1393	HMDB	HMDB0000063_14_shen	Cortisol	inchikey	1	TRUE	TRUE	3.50001982951653e-09	8.75004957379133e-06
CORTISOL	1394	HMDB	HMDB0000063_15_shen	Cortisol	inchikey	1	TRUE	TRUE	3.50001982951653e-09	8.75004957379133e-06
CORTISOL	1395	HMDB	HMDB0000063_16_shen	Cortisol	inchikey	1	TRUE	TRUE	3.50001982951653e-09	8.75004957379133e-06
CORTISOL	1396	HMDB	HMDB0000063_17_shen	Cortisol	inchikey	1	TRUE	TRUE	3.50001982951653e-09	8.75004957379133e-06
CORTISOL	1397	HMDB	HMDB0000063_18_shen	Cortisol	inchikey	1	TRUE	TRUE	3.50001982951653e-09	8.75004957379133e-06
CORTISOL	1398	HMDB	HMDB0000063_19_shen	Cortisol	inchikey	1	TRUE	TRUE	3.50001982951653e-09	8.75004957379133e-06
CORTISOL	1399	HMDB	HMDB0000063_20_shen	Cortisol	inchikey	1	TRUE	TRUE	3.50001982951653e-09	8.75004957379133e-06
CORTISOL	1400	HMDB	HMDB0000063_21_shen	Cortisol	inchikey	1	TRUE	TRUE	3.50001982951653e-09	8.75004957379133e-06
CORTISOL	1401	HMDB	HMDB0000063_22_shen	Cortisol	inchikey	1	TRUE	TRUE	3.50001982951653e-09	8.75004957379133e-06
CORTISOL	1402	HMDB	HMDB0000063_23_shen	Cortisol	inchikey	1	TRUE	TRUE	3.50001982951653e-09	8.75004957379133e-06
CORTISOL	1403	HMDB	HMDB0000063_24_shen	Cortisol	inchikey	1	TRUE	TRUE	3.50001982951653e-09	8.75004957379133e-06
CORTISOL	1404	HMDB	HMDB0000063_25_shen	Cortisol	inchikey	1	TRUE	TRUE	3.50001982951653e-09	8.75004957379133e-06
CORTISOL	1405	HMDB	HMDB0000063_26_shen	Cortisol	inchikey	1	TRUE	TRUE	3.50001982951653e-09	8.75004957379133e-06
CORTISOL	1406	HMDB	HMDB0000063_27_shen	Cortisol	inchikey	1	TRUE	TRUE	3.50001982951653e-09	8.75004957379133e-06
CORTISOL	1407	HMDB	HMDB0000063_28_shen	Cortisol	inchikey	1	TRUE	TRUE	3.50001982951653e-09	8.75004957379133e-06
CORTISOL	1408	HMDB	HMDB0000063_29_shen	Cortisol	inchikey	1	TRUE	TRUE	3.50001982951653e-09	8.75004957379133e-06
CORTISOL	1409	HMDB	HMDB0000063_30_shen	Cortisol	inchikey	1	TRUE	TRUE	3.50001982951653e-09	8.75004957379133e-06
CORTISOL	1410	HMDB	HMDB0000063_31_shen	Cortisol	inchikey	1	TRUE	TRUE	3.50001982951653e-09	8.75004957379133e-06
CORTISOL	1411	HMDB	HMDB0000063_32_shen	Cortisol	inchikey	1	TRUE	TRUE	3.50001982951653e-09	8.75004957379133e-06
CORTISOL	1412	HMDB	HMDB0000063_33_shen	Cortisol	inchikey	1	TRUE	TRUE	3.50001982951653e-09	8.75004957379133e-06
CORTISOL	1413	HMDB	HMDB0000063_34_shen	Cortisol	inchikey	1	TRUE	TRUE	3.50001982951653e-09	8.75004957379133e-06
CORTISOL	1414	HMDB	HMDB0000063_35_shen	Cortisol	inchikey	1	TRUE	TRUE	3.50001982951653e-09	8.75004957379133e-06
CORTISOL	1415	HMDB	HMDB0000063_36_shen	Cortisol	inchikey	1	TRUE	TRUE	3.50001982951653e-09	8.75004957379133e-06
CORTISOL	1416	HMDB	HMDB0000063_37_shen	Cortisol	inchikey	1	TRUE	TRUE	3.50001982951653e-09	8.75004957379133e-06
CORTISOL	1417	HMDB	HMDB0000063_38_shen	Cortisol	inchikey	1	TRUE	TRUE	3.50001982951653e-09	8.75004957379133e-06
CORTISOL	1418	HMDB	HMDB0000063_39_shen	Cortisol	inchikey	1	TRUE	TRUE	3.50001982951653e-09	8.75004957379133e-06
CORTISOL	1419	HMDB	HMDB0000063_40_shen	Cortisol	inchikey	1	TRUE	TRUE	3.50001982951653e-09	8.75004957379133e-06
CORTISOL	1420	HMDB	HMDB0000063_41_shen	Cortisol	inchikey	1	TRUE	TRUE	3.50001982951653e-09	8.75004957379133e-06
CORTISOL	1421	HMDB	HMDB0000063_42_shen	Cortisol	inchikey	1	TRUE	TRUE	3.50001982951653e-09	8.75004957379133e-06
CORTISOL	1422	HMDB	HMDB0000063_43_shen	Cortisol	inchikey	1	TRUE	TRUE	3.50001982951653e-09	8.75004957379133e-06
CORTISOL	1423	HMDB	HMDB0000063_44_shen	Cortisol	inchikey	1	TRUE	TRUE	3.50001982951653e-09	8.75004957379133e-06
CORTISOL	1424	HMDB	HMDB0000063_45_shen	Cortisol	inchikey	1	TRUE	TRUE	3.50001982951653e-09	8.75004957379133e-06
CORTISOL	1425	HMDB	HMDB0000063_46_shen	Cortisol	inchikey	1	TRUE	TRUE	3.50001982951653e-09	8.75004957379133e-06
CORTISOL	1426	HMDB	HMDB0000063_47_shen	Cortisol	inchikey	1	TRUE	TRUE	3.50001982951653e-09	8.75004957379133e-06
CORTISOL	1427	HMDB	HMDB0000063_48_shen	Cortisol	inchikey	1	TRUE	TRUE	3.50001982951653e-09	8.75004957379133e-06
CORTISOL	1428	HMDB	HMDB0000063_49_shen	Cortisol	inchikey	1	TRUE	TRUE	3.50001982951653e-09	8.75004957379133e-06
CORTISOL	1429	HMDB	HMDB0000063_50_shen	Cortisol	inchikey	1	TRUE	TRUE	3.50001982951653e-09	8.75004957379133e-06
CORTISOL	1430	HMDB	HMDB0000063_51_shen	Cortisol	inchikey	1	TRUE	TRUE	3.50001982951653e-09	8.75004957379133e-06
CHOLESTEROL	1495	HMDB	HMDB0000067_1_shen	Cholesterol	inchikey	1	TRUE	TRUE	4.69998440166819e-09	1.17499610041705e-05
CHOLESTEROL	1496	HMDB	HMDB0000067_2_shen	Cholesterol	inchikey	1	TRUE	TRUE	4.69998440166819e-09	1.17499610041705e-05
CHOLESTEROL	1497	HMDB	HMDB0000067_3_shen	Cholesterol	inchikey	1	TRUE	TRUE	4.69998440166819e-09	1.17499610041705e-05
CHOLESTEROL	1498	HMDB	HMDB0000067_4_shen	Cholesterol	inchikey	1	TRUE	TRUE	4.69998440166819e-09	1.17499610041705e-05
CHOLESTEROL	1499	HMDB	HMDB0000067_5_shen	Cholesterol	inchikey	1	TRUE	TRUE	4.69998440166819e-09	1.17499610041705e-05
CHOLESTEROL	1500	HMDB	HMDB0000067_6_shen	Cholesterol	inchikey	1	TRUE	TRUE	4.69998440166819e-09	1.17499610041705e-05
CHOLESTEROL	1501	HMDB	HMDB0000067_7_shen	Cholesterol	inchikey	1	TRUE	TRUE	4.69998440166819e-09	1.17499610041705e-05
CHOLESTEROL	1502	HMDB	HMDB0000067_8_shen	Cholesterol	inchikey	1	TRUE	TRUE	4.69998440166819e-09	1.17499610041705e-05
CHOLESTEROL	1503	HMDB	HMDB0000067_9_shen	Cholesterol	inchikey	1	TRUE	TRUE	4.69998440166819e-09	1.17499610041705e-05
CPD-20333	1578	HMDB	HMDB0000070_1_shen	Pipecolic acid	inchikey	1	TRUE	TRUE	1.50001255860843e-09	3.75003139652108e-06
CPD-20333	1579	HMDB	HMDB0000070_2_shen	Pipecolic acid	inchikey	1	TRUE	TRUE	1.50001255860843e-09	3.75003139652108e-06
CPD-20333	1580	HMDB	HMDB0000070_3_shen	Pipecolic acid	inchikey	1	TRUE	TRUE	1.50001255860843e-09	3.75003139652108e-06
CPD-20333	1581	HMDB	HMDB0000070_4_shen	Pipecolic acid	inchikey	1	TRUE	TRUE	1.50001255860843e-09	3.75003139652108e-06
CPD-20333	1582	HMDB	HMDB0000070_5_shen	Pipecolic acid	inchikey	1	TRUE	TRUE	1.50001255860843e-09	3.75003139652108e-06
CPD-20333	1583	HMDB	HMDB0000070_6_shen	Pipecolic acid	inchikey	1	TRUE	TRUE	1.50001255860843e-09	3.75003139652108e-06
CPD-20333	1584	HMDB	HMDB0000070_7_shen	Pipecolic acid	inchikey	1	TRUE	TRUE	1.50001255860843e-09	3.75003139652108e-06
CPD-20333	1585	HMDB	HMDB0000070_8_shen	Pipecolic acid	inchikey	1	TRUE	TRUE	1.50001255860843e-09	3.75003139652108e-06
CPD-20333	1586	HMDB	HMDB0000070_9_shen	Pipecolic acid	inchikey	1	TRUE	TRUE	1.50001255860843e-09	3.75003139652108e-06
CPD-20333	1587	HMDB	HMDB0000070_10_shen	Pipecolic acid	inchikey	1	TRUE	TRUE	1.50001255860843e-09	3.75003139652108e-06
CPD-20333	1588	HMDB	HMDB0000070_11_shen	Pipecolic acid	inchikey	1	TRUE	TRUE	1.50001255860843e-09	3.75003139652108e-06
CPD-20333	1589	HMDB	HMDB0000070_12_shen	Pipecolic acid	inchikey	1	TRUE	TRUE	1.50001255860843e-09	3.75003139652108e-06
CPD-20333	1590	HMDB	HMDB0000070_13_shen	Pipecolic acid	inchikey	1	TRUE	TRUE	1.50001255860843e-09	3.75003139652108e-06
DOPAMINE	1628	HMDB	HMDB0000073_1_shen	Dopamine	inchikey_connectivity_formula_mass	2	FALSE	TRUE	1.50001255860843e-09	3.75003139652108e-06
DOPAMINE	1629	HMDB	HMDB0000073_2_shen	Dopamine	inchikey_connectivity_formula_mass	2	FALSE	TRUE	1.50001255860843e-09	3.75003139652108e-06
DOPAMINE	1630	HMDB	HMDB0000073_3_shen	Dopamine	inchikey_connectivity_formula_mass	2	FALSE	TRUE	1.50001255860843e-09	3.75003139652108e-06
DOPAMINE	1631	HMDB	HMDB0000073_4_shen	Dopamine	inchikey_connectivity_formula_mass	2	FALSE	TRUE	1.50001255860843e-09	3.75003139652108e-06
DOPAMINE	1632	HMDB	HMDB0000073_5_shen	Dopamine	inchikey_connectivity_formula_mass	2	FALSE	TRUE	1.50001255860843e-09	3.75003139652108e-06
DOPAMINE	1633	HMDB	HMDB0000073_6_shen	Dopamine	inchikey_connectivity_formula_mass	2	FALSE	TRUE	1.50001255860843e-09	3.75003139652108e-06
DOPAMINE	1634	HMDB	HMDB0000073_7_shen	Dopamine	inchikey_connectivity_formula_mass	2	FALSE	TRUE	1.50001255860843e-09	3.75003139652108e-06
DOPAMINE	1635	HMDB	HMDB0000073_8_shen	Dopamine	inchikey_connectivity_formula_mass	2	FALSE	TRUE	1.50001255860843e-09	3.75003139652108e-06
DOPAMINE	1636	HMDB	HMDB0000073_9_shen	Dopamine	inchikey_connectivity_formula_mass	2	FALSE	TRUE	1.50001255860843e-09	3.75003139652108e-06
DOPAMINE	1637	HMDB	HMDB0000073_10_shen	Dopamine	inchikey_connectivity_formula_mass	2	FALSE	TRUE	1.50001255860843e-09	3.75003139652108e-06
DOPAMINE	1638	HMDB	HMDB0000073_11_shen	Dopamine	inchikey_connectivity_formula_mass	2	FALSE	TRUE	1.50001255860843e-09	3.75003139652108e-06
DOPAMINE	1639	HMDB	HMDB0000073_12_shen	Dopamine	inchikey_connectivity_formula_mass	2	FALSE	TRUE	1.50001255860843e-09	3.75003139652108e-06
DOPAMINE	1640	HMDB	HMDB0000073_13_shen	Dopamine	inchikey_connectivity_formula_mass	2	FALSE	TRUE	1.50001255860843e-09	3.75003139652108e-06
DOPAMINE	1641	HMDB	HMDB0000073_14_shen	Dopamine	inchikey_connectivity_formula_mass	2	FALSE	TRUE	1.50001255860843e-09	3.75003139652108e-06
DOPAMINE	1642	HMDB	HMDB0000073_15_shen	Dopamine	inchikey_connectivity_formula_mass	2	FALSE	TRUE	1.50001255860843e-09	3.75003139652108e-06
DOPAMINE	1643	HMDB	HMDB0000073_16_shen	Dopamine	inchikey_connectivity_formula_mass	2	FALSE	TRUE	1.50001255860843e-09	3.75003139652108e-06
DOPAMINE	1644	HMDB	HMDB0000073_17_shen	Dopamine	inchikey_connectivity_formula_mass	2	FALSE	TRUE	1.50001255860843e-09	3.75003139652108e-06
DOPAMINE	1645	HMDB	HMDB0000073_18_shen	Dopamine	inchikey_connectivity_formula_mass	2	FALSE	TRUE	1.50001255860843e-09	3.75003139652108e-06
DOPAMINE	1646	HMDB	HMDB0000073_19_shen	Dopamine	inchikey_connectivity_formula_mass	2	FALSE	TRUE	1.50001255860843e-09	3.75003139652108e-06
DOPAMINE	1647	HMDB	HMDB0000073_20_shen	Dopamine	inchikey_connectivity_formula_mass	2	FALSE	TRUE	1.50001255860843e-09	3.75003139652108e-06
DOPAMINE	1648	HMDB	HMDB0000073_21_shen	Dopamine	inchikey_connectivity_formula_mass	2	FALSE	TRUE	1.50001255860843e-09	3.75003139652108e-06
DOPAMINE	1649	HMDB	HMDB0000073_22_shen	Dopamine	inchikey_connectivity_formula_mass	2	FALSE	TRUE	1.50001255860843e-09	3.75003139652108e-06
DOPAMINE	1650	HMDB	HMDB0000073_23_shen	Dopamine	inchikey_connectivity_formula_mass	2	FALSE	TRUE	1.50001255860843e-09	3.75003139652108e-06
DOPAMINE	1651	HMDB	HMDB0000073_24_shen	Dopamine	inchikey_connectivity_formula_mass	2	FALSE	TRUE	1.50001255860843e-09	3.75003139652108e-06
DOPAMINE	1652	HMDB	HMDB0000073_25_shen	Dopamine	inchikey_connectivity_formula_mass	2	FALSE	TRUE	1.50001255860843e-09	3.75003139652108e-06
DOPAMINE	1653	HMDB	HMDB0000073_26_shen	Dopamine	inchikey_connectivity_formula_mass	2	FALSE	TRUE	1.50001255860843e-09	3.75003139652108e-06
DOPAMINE	1654	HMDB	HMDB0000073_27_shen	Dopamine	inchikey_connectivity_formula_mass	2	FALSE	TRUE	1.50001255860843e-09	3.75003139652108e-06
DOPAMINE	1655	HMDB	HMDB0000073_28_shen	Dopamine	inchikey_connectivity_formula_mass	2	FALSE	TRUE	1.50001255860843e-09	3.75003139652108e-06
DOPAMINE	1656	HMDB	HMDB0000073_29_shen	Dopamine	inchikey_connectivity_formula_mass	2	FALSE	TRUE	1.50001255860843e-09	3.75003139652108e-06
DOPAMINE	1657	HMDB	HMDB0000073_30_shen	Dopamine	inchikey_connectivity_formula_mass	2	FALSE	TRUE	1.50001255860843e-09	3.75003139652108e-06
DOPAMINE	1658	HMDB	HMDB0000073_31_shen	Dopamine	inchikey_connectivity_formula_mass	2	FALSE	TRUE	1.50001255860843e-09	3.75003139652108e-06
DOPAMINE	1659	HMDB	HMDB0000073_32_shen	Dopamine	inchikey_connectivity_formula_mass	2	FALSE	TRUE	1.50001255860843e-09	3.75003139652108e-06
DOPAMINE	1660	HMDB	HMDB0000073_33_shen	Dopamine	inchikey_connectivity_formula_mass	2	FALSE	TRUE	1.50001255860843e-09	3.75003139652108e-06
DOPAMINE	1661	HMDB	HMDB0000073_34_shen	Dopamine	inchikey_connectivity_formula_mass	2	FALSE	TRUE	1.50001255860843e-09	3.75003139652108e-06
DOPAMINE	1662	HMDB	HMDB0000073_35_shen	Dopamine	inchikey_connectivity_formula_mass	2	FALSE	TRUE	1.50001255860843e-09	3.75003139652108e-06
DOPAMINE	1663	HMDB	HMDB0000073_36_shen	Dopamine	inchikey_connectivity_formula_mass	2	FALSE	TRUE	1.50001255860843e-09	3.75003139652108e-06
DOPAMINE	1664	HMDB	HMDB0000073_37_shen	Dopamine	inchikey_connectivity_formula_mass	2	FALSE	TRUE	1.50001255860843e-09	3.75003139652108e-06
DOPAMINE	1665	HMDB	HMDB0000073_38_shen	Dopamine	inchikey_connectivity_formula_mass	2	FALSE	TRUE	1.50001255860843e-09	3.75003139652108e-06
DOPAMINE	1666	HMDB	HMDB0000073_39_shen	Dopamine	inchikey_connectivity_formula_mass	2	FALSE	TRUE	1.50001255860843e-09	3.75003139652108e-06
DOPAMINE	1667	HMDB	HMDB0000073_40_shen	Dopamine	inchikey_connectivity_formula_mass	2	FALSE	TRUE	1.50001255860843e-09	3.75003139652108e-06
DOPAMINE	1668	HMDB	HMDB0000073_41_shen	Dopamine	inchikey_connectivity_formula_mass	2	FALSE	TRUE	1.50001255860843e-09	3.75003139652108e-06
DOPAMINE	1669	HMDB	HMDB0000073_42_shen	Dopamine	inchikey_connectivity_formula_mass	2	FALSE	TRUE	1.50001255860843e-09	3.75003139652108e-06
DOPAMINE	1670	HMDB	HMDB0000073_43_shen	Dopamine	inchikey_connectivity_formula_mass	2	FALSE	TRUE	1.50001255860843e-09	3.75003139652108e-06
DOPAMINE	1671	HMDB	HMDB0000073_44_shen	Dopamine	inchikey_connectivity_formula_mass	2	FALSE	TRUE	1.50001255860843e-09	3.75003139652108e-06
DOPAMINE	1672	HMDB	HMDB0000073_45_shen	Dopamine	inchikey_connectivity_formula_mass	2	FALSE	TRUE	1.50001255860843e-09	3.75003139652108e-06
DOPAMINE	1673	HMDB	HMDB0000073_46_shen	Dopamine	inchikey_connectivity_formula_mass	2	FALSE	TRUE	1.50001255860843e-09	3.75003139652108e-06
DOPAMINE	1674	HMDB	HMDB0000073_47_shen	Dopamine	inchikey_connectivity_formula_mass	2	FALSE	TRUE	1.50001255860843e-09	3.75003139652108e-06
DOPAMINE	1675	HMDB	HMDB0000073_48_shen	Dopamine	inchikey_connectivity_formula_mass	2	FALSE	TRUE	1.50001255860843e-09	3.75003139652108e-06
DOPAMINE	1676	HMDB	HMDB0000073_49_shen	Dopamine	inchikey_connectivity_formula_mass	2	FALSE	TRUE	1.50001255860843e-09	3.75003139652108e-06
DOPAMINE	1677	HMDB	HMDB0000073_50_shen	Dopamine	inchikey_connectivity_formula_mass	2	FALSE	TRUE	1.50001255860843e-09	3.75003139652108e-06
DOPAMINE	1678	HMDB	HMDB0000073_51_shen	Dopamine	inchikey_connectivity_formula_mass	2	FALSE	TRUE	1.50001255860843e-09	3.75003139652108e-06
DOPAMINE	1679	HMDB	HMDB0000073_52_shen	Dopamine	inchikey_connectivity_formula_mass	2	FALSE	TRUE	1.50001255860843e-09	3.75003139652108e-06
DOPAMINE	1680	HMDB	HMDB0000073_53_shen	Dopamine	inchikey_connectivity_formula_mass	2	FALSE	TRUE	1.50001255860843e-09	3.75003139652108e-06
DOPAMINE	1681	HMDB	HMDB0000073_54_shen	Dopamine	inchikey_connectivity_formula_mass	2	FALSE	TRUE	1.50001255860843e-09	3.75003139652108e-06
DOPAMINE	1682	HMDB	HMDB0000073_55_shen	Dopamine	inchikey_connectivity_formula_mass	2	FALSE	TRUE	1.50001255860843e-09	3.75003139652108e-06
DOPAMINE	1683	HMDB	HMDB0000073_56_shen	Dopamine	inchikey_connectivity_formula_mass	2	FALSE	TRUE	1.50001255860843e-09	3.75003139652108e-06
DOPAMINE	1684	HMDB	HMDB0000073_57_shen	Dopamine	inchikey_connectivity_formula_mass	2	FALSE	TRUE	1.50001255860843e-09	3.75003139652108e-06
DOPAMINE	1685	HMDB	HMDB0000073_58_shen	Dopamine	inchikey_connectivity_formula_mass	2	FALSE	TRUE	1.50001255860843e-09	3.75003139652108e-06
DOPAMINE	1686	HMDB	HMDB0000073_59_shen	Dopamine	inchikey_connectivity_formula_mass	2	FALSE	TRUE	1.50001255860843e-09	3.75003139652108e-06
DOPAMINE	1687	HMDB	HMDB0000073_60_shen	Dopamine	inchikey_connectivity_formula_mass	2	FALSE	TRUE	1.50001255860843e-09	3.75003139652108e-06
DOPAMINE	1688	HMDB	HMDB0000073_61_shen	Dopamine	inchikey_connectivity_formula_mass	2	FALSE	TRUE	1.50001255860843e-09	3.75003139652108e-06
DOPAMINE	1689	HMDB	HMDB0000073_62_shen	Dopamine	inchikey_connectivity_formula_mass	2	FALSE	TRUE	1.50001255860843e-09	3.75003139652108e-06
DOPAMINE	1690	HMDB	HMDB0000073_63_shen	Dopamine	inchikey_connectivity_formula_mass	2	FALSE	TRUE	1.50001255860843e-09	3.75003139652108e-06
DOPAMINE	1691	HMDB	HMDB0000073_64_shen	Dopamine	inchikey_connectivity_formula_mass	2	FALSE	TRUE	1.50001255860843e-09	3.75003139652108e-06
DOPAMINE	1692	HMDB	HMDB0000073_65_shen	Dopamine	inchikey_connectivity_formula_mass	2	FALSE	TRUE	1.50001255860843e-09	3.75003139652108e-06
DOPAMINE	1693	HMDB	HMDB0000073_66_shen	Dopamine	inchikey_connectivity_formula_mass	2	FALSE	TRUE	1.50001255860843e-09	3.75003139652108e-06
DOPAMINE	1694	HMDB	HMDB0000073_67_shen	Dopamine	inchikey_connectivity_formula_mass	2	FALSE	TRUE	1.50001255860843e-09	3.75003139652108e-06
DOPAMINE	1695	HMDB	HMDB0000073_68_shen	Dopamine	inchikey_connectivity_formula_mass	2	FALSE	TRUE	1.50001255860843e-09	3.75003139652108e-06
DOPAMINE	1696	HMDB	HMDB0000073_69_shen	Dopamine	inchikey_connectivity_formula_mass	2	FALSE	TRUE	1.50001255860843e-09	3.75003139652108e-06
DOPAMINE	1697	HMDB	HMDB0000073_70_shen	Dopamine	inchikey_connectivity_formula_mass	2	FALSE	TRUE	1.50001255860843e-09	3.75003139652108e-06
DOPAMINE	1698	HMDB	HMDB0000073_71_shen	Dopamine	inchikey_connectivity_formula_mass	2	FALSE	TRUE	1.50001255860843e-09	3.75003139652108e-06
DOPAMINE	1699	HMDB	HMDB0000073_72_shen	Dopamine	inchikey_connectivity_formula_mass	2	FALSE	TRUE	1.50001255860843e-09	3.75003139652108e-06
DOPAMINE	1700	HMDB	HMDB0000073_73_shen	Dopamine	inchikey_connectivity_formula_mass	2	FALSE	TRUE	1.50001255860843e-09	3.75003139652108e-06
DOPAMINE	1701	HMDB	HMDB0000073_74_shen	Dopamine	inchikey_connectivity_formula_mass	2	FALSE	TRUE	1.50001255860843e-09	3.75003139652108e-06
DOPAMINE	1702	HMDB	HMDB0000073_75_shen	Dopamine	inchikey_connectivity_formula_mass	2	FALSE	TRUE	1.50001255860843e-09	3.75003139652108e-06
DOPAMINE	1703	HMDB	HMDB0000073_76_shen	Dopamine	inchikey_connectivity_formula_mass	2	FALSE	TRUE	1.50001255860843e-09	3.75003139652108e-06
DOPAMINE	1704	HMDB	HMDB0000073_77_shen	Dopamine	inchikey_connectivity_formula_mass	2	FALSE	TRUE	1.50001255860843e-09	3.75003139652108e-06
DOPAMINE	1705	HMDB	HMDB0000073_78_shen	Dopamine	inchikey_connectivity_formula_mass	2	FALSE	TRUE	1.50001255860843e-09	3.75003139652108e-06
DOPAMINE	1706	HMDB	HMDB0000073_79_shen	Dopamine	inchikey_connectivity_formula_mass	2	FALSE	TRUE	1.50001255860843e-09	3.75003139652108e-06
DOPAMINE	1707	HMDB	HMDB0000073_80_shen	Dopamine	inchikey_connectivity_formula_mass	2	FALSE	TRUE	1.50001255860843e-09	3.75003139652108e-06
DOPAMINE	1708	HMDB	HMDB0000073_81_shen	Dopamine	inchikey_connectivity_formula_mass	2	FALSE	TRUE	1.50001255860843e-09	3.75003139652108e-06
DOPAMINE	1709	HMDB	HMDB0000073_82_shen	Dopamine	inchikey_connectivity_formula_mass	2	FALSE	TRUE	1.50001255860843e-09	3.75003139652108e-06
DOPAMINE	1710	HMDB	HMDB0000073_83_shen	Dopamine	inchikey_connectivity_formula_mass	2	FALSE	TRUE	1.50001255860843e-09	3.75003139652108e-06
DOPAMINE	1711	HMDB	HMDB0000073_84_shen	Dopamine	inchikey_connectivity_formula_mass	2	FALSE	TRUE	1.50001255860843e-09	3.75003139652108e-06
DOPAMINE	1712	HMDB	HMDB0000073_85_shen	Dopamine	inchikey_connectivity_formula_mass	2	FALSE	TRUE	1.50001255860843e-09	3.75003139652108e-06
DOPAMINE	1713	HMDB	HMDB0000073_86_shen	Dopamine	inchikey_connectivity_formula_mass	2	FALSE	TRUE	1.50001255860843e-09	3.75003139652108e-06
DOPAMINE	1714	HMDB	HMDB0000073_87_shen	Dopamine	inchikey_connectivity_formula_mass	2	FALSE	TRUE	1.50001255860843e-09	3.75003139652108e-06
DOPAMINE	1715	HMDB	HMDB0000073_88_shen	Dopamine	inchikey_connectivity_formula_mass	2	FALSE	TRUE	1.50001255860843e-09	3.75003139652108e-06
DOPAMINE	1716	HMDB	HMDB0000073_89_shen	Dopamine	inchikey_connectivity_formula_mass	2	FALSE	TRUE	1.50001255860843e-09	3.75003139652108e-06
DOPAMINE	1717	HMDB	HMDB0000073_90_shen	Dopamine	inchikey_connectivity_formula_mass	2	FALSE	TRUE	1.50001255860843e-09	3.75003139652108e-06
DOPAMINE	1718	HMDB	HMDB0000073_91_shen	Dopamine	inchikey_connectivity_formula_mass	2	FALSE	TRUE	1.50001255860843e-09	3.75003139652108e-06
DOPAMINE	1719	HMDB	HMDB0000073_92_shen	Dopamine	inchikey_connectivity_formula_mass	2	FALSE	TRUE	1.50001255860843e-09	3.75003139652108e-06
DOPAMINE	1720	HMDB	HMDB0000073_93_shen	Dopamine	inchikey_connectivity_formula_mass	2	FALSE	TRUE	1.50001255860843e-09	3.75003139652108e-06
DOPAMINE	1721	HMDB	HMDB0000073_94_shen	Dopamine	inchikey_connectivity_formula_mass	2	FALSE	TRUE	1.50001255860843e-09	3.75003139652108e-06
DOPAMINE	1722	HMDB	HMDB0000073_95_shen	Dopamine	inchikey_connectivity_formula_mass	2	FALSE	TRUE	1.50001255860843e-09	3.75003139652108e-06
DOPAMINE	1723	HMDB	HMDB0000073_96_shen	Dopamine	inchikey_connectivity_formula_mass	2	FALSE	TRUE	1.50001255860843e-09	3.75003139652108e-06
DOPAMINE	1724	HMDB	HMDB0000073_97_shen	Dopamine	inchikey_connectivity_formula_mass	2	FALSE	TRUE	1.50001255860843e-09	3.75003139652108e-06
DOPAMINE	1725	HMDB	HMDB0000073_98_shen	Dopamine	inchikey_connectivity_formula_mass	2	FALSE	TRUE	1.50001255860843e-09	3.75003139652108e-06
DOPAMINE	1726	HMDB	HMDB0000073_99_shen	Dopamine	inchikey_connectivity_formula_mass	2	FALSE	TRUE	1.50001255860843e-09	3.75003139652108e-06
DI-H-URACIL	1727	HMDB	HMDB0000076_1_shen	Dihydrouracil	inchikey	1	TRUE	TRUE	1.2000072047158e-09	3.00001801178951e-06
DI-H-URACIL	1728	HMDB	HMDB0000076_2_shen	Dihydrouracil	inchikey	1	TRUE	TRUE	1.2000072047158e-09	3.00001801178951e-06
DI-H-URACIL	1729	HMDB	HMDB0000076_3_shen	Dihydrouracil	inchikey	1	TRUE	TRUE	1.2000072047158e-09	3.00001801178951e-06
DI-H-URACIL	1730	HMDB	HMDB0000076_4_shen	Dihydrouracil	inchikey	1	TRUE	TRUE	1.2000072047158e-09	3.00001801178951e-06
DI-H-URACIL	1731	HMDB	HMDB0000076_5_shen	Dihydrouracil	inchikey	1	TRUE	TRUE	1.2000072047158e-09	3.00001801178951e-06
DI-H-URACIL	1732	HMDB	HMDB0000076_6_shen	Dihydrouracil	inchikey	1	TRUE	TRUE	1.2000072047158e-09	3.00001801178951e-06
DI-H-URACIL	1733	HMDB	HMDB0000076_7_shen	Dihydrouracil	inchikey	1	TRUE	TRUE	1.2000072047158e-09	3.00001801178951e-06
DI-H-URACIL	1734	HMDB	HMDB0000076_8_shen	Dihydrouracil	inchikey	1	TRUE	TRUE	1.2000072047158e-09	3.00001801178951e-06
DI-H-URACIL	1735	HMDB	HMDB0000076_9_shen	Dihydrouracil	inchikey	1	TRUE	TRUE	1.2000072047158e-09	3.00001801178951e-06
DI-H-URACIL	1736	HMDB	HMDB0000076_10_shen	Dihydrouracil	inchikey	1	TRUE	TRUE	1.2000072047158e-09	3.00001801178951e-06
CYS-GLY	1753	HMDB	HMDB0000078_1_shen	Cysteinylglycine	inchikey	1	TRUE	TRUE	1.69998770616075e-09	4.24996926540189e-06
CYS-GLY	1754	HMDB	HMDB0000078_2_shen	Cysteinylglycine	inchikey	1	TRUE	TRUE	1.69998770616075e-09	4.24996926540189e-06
CYS-GLY	1755	HMDB	HMDB0000078_3_shen	Cysteinylglycine	inchikey	1	TRUE	TRUE	1.69998770616075e-09	4.24996926540189e-06
CYS-GLY	1756	HMDB	HMDB0000078_4_shen	Cysteinylglycine	inchikey	1	TRUE	TRUE	1.69998770616075e-09	4.24996926540189e-06
DIHYDRO-THYMINE	1757	HMDB	HMDB0000079_1_shen	Dihydrothymine	name_formula_mass	4	TRUE	TRUE	5.39998268322961e-09	1.3499956708074e-05
DIHYDRO-THYMINE	1758	HMDB	HMDB0000079_2_shen	Dihydrothymine	name_formula_mass	4	TRUE	TRUE	5.39998268322961e-09	1.3499956708074e-05
DIHYDRO-THYMINE	1759	HMDB	HMDB0000079_3_shen	Dihydrothymine	name_formula_mass	4	TRUE	TRUE	5.39998268322961e-09	1.3499956708074e-05
DEOXYGUANOSINE	1794	HMDB	HMDB0000085_1_shen	Deoxyguanosine	inchikey	1	TRUE	TRUE	2.70000555246952e-09	6.7500138811738e-06
DEOXYGUANOSINE	1795	HMDB	HMDB0000085_2_shen	Deoxyguanosine	inchikey	1	TRUE	TRUE	2.70000555246952e-09	6.7500138811738e-06
DEOXYGUANOSINE	1796	HMDB	HMDB0000085_3_shen	Deoxyguanosine	inchikey	1	TRUE	TRUE	2.70000555246952e-09	6.7500138811738e-06
DEOXYGUANOSINE	1797	HMDB	HMDB0000085_4_shen	Deoxyguanosine	inchikey	1	TRUE	TRUE	2.70000555246952e-09	6.7500138811738e-06
DEOXYGUANOSINE	1798	HMDB	HMDB0000085_5_shen	Deoxyguanosine	inchikey	1	TRUE	TRUE	2.70000555246952e-09	6.7500138811738e-06
DEOXYGUANOSINE	1799	HMDB	HMDB0000085_6_shen	Deoxyguanosine	inchikey	1	TRUE	TRUE	2.70000555246952e-09	6.7500138811738e-06
DEOXYGUANOSINE	1800	HMDB	HMDB0000085_7_shen	Deoxyguanosine	inchikey	1	TRUE	TRUE	2.70000555246952e-09	6.7500138811738e-06
DEOXYGUANOSINE	1801	HMDB	HMDB0000085_8_shen	Deoxyguanosine	inchikey	1	TRUE	TRUE	2.70000555246952e-09	6.7500138811738e-06
DEOXYGUANOSINE	1802	HMDB	HMDB0000085_9_shen	Deoxyguanosine	inchikey	1	TRUE	TRUE	2.70000555246952e-09	6.7500138811738e-06
DEOXYGUANOSINE	1803	HMDB	HMDB0000085_10_shen	Deoxyguanosine	inchikey	1	TRUE	TRUE	2.70000555246952e-09	6.7500138811738e-06
DEOXYGUANOSINE	1804	HMDB	HMDB0000085_11_shen	Deoxyguanosine	inchikey	1	TRUE	TRUE	2.70000555246952e-09	6.7500138811738e-06
DEOXYGUANOSINE	1805	HMDB	HMDB0000085_12_shen	Deoxyguanosine	inchikey	1	TRUE	TRUE	2.70000555246952e-09	6.7500138811738e-06
DEOXYGUANOSINE	1806	HMDB	HMDB0000085_13_shen	Deoxyguanosine	inchikey	1	TRUE	TRUE	2.70000555246952e-09	6.7500138811738e-06
DEOXYGUANOSINE	1807	HMDB	HMDB0000085_14_shen	Deoxyguanosine	inchikey	1	TRUE	TRUE	2.70000555246952e-09	6.7500138811738e-06
DEOXYGUANOSINE	1808	HMDB	HMDB0000085_15_shen	Deoxyguanosine	inchikey	1	TRUE	TRUE	2.70000555246952e-09	6.7500138811738e-06
DEOXYGUANOSINE	1809	HMDB	HMDB0000085_16_shen	Deoxyguanosine	inchikey	1	TRUE	TRUE	2.70000555246952e-09	6.7500138811738e-06
DEOXYGUANOSINE	1810	HMDB	HMDB0000085_17_shen	Deoxyguanosine	inchikey	1	TRUE	TRUE	2.70000555246952e-09	6.7500138811738e-06
DEOXYGUANOSINE	1811	HMDB	HMDB0000085_18_shen	Deoxyguanosine	inchikey	1	TRUE	TRUE	2.70000555246952e-09	6.7500138811738e-06
DEOXYGUANOSINE	1812	HMDB	HMDB0000085_19_shen	Deoxyguanosine	inchikey	1	TRUE	TRUE	2.70000555246952e-09	6.7500138811738e-06
DEOXYGUANOSINE	1813	HMDB	HMDB0000085_20_shen	Deoxyguanosine	inchikey	1	TRUE	TRUE	2.70000555246952e-09	6.7500138811738e-06
DEOXYGUANOSINE	1814	HMDB	HMDB0000085_21_shen	Deoxyguanosine	inchikey	1	TRUE	TRUE	2.70000555246952e-09	6.7500138811738e-06
DEOXYGUANOSINE	1815	HMDB	HMDB0000085_22_shen	Deoxyguanosine	inchikey	1	TRUE	TRUE	2.70000555246952e-09	6.7500138811738e-06
DEOXYGUANOSINE	1816	HMDB	HMDB0000085_23_shen	Deoxyguanosine	inchikey	1	TRUE	TRUE	2.70000555246952e-09	6.7500138811738e-06
DEOXYGUANOSINE	1817	HMDB	HMDB0000085_24_shen	Deoxyguanosine	inchikey	1	TRUE	TRUE	2.70000555246952e-09	6.7500138811738e-06
DEOXYGUANOSINE	1818	HMDB	HMDB0000085_25_shen	Deoxyguanosine	inchikey	1	TRUE	TRUE	2.70000555246952e-09	6.7500138811738e-06
DEOXYGUANOSINE	1819	HMDB	HMDB0000085_26_shen	Deoxyguanosine	inchikey	1	TRUE	TRUE	2.70000555246952e-09	6.7500138811738e-06
DEOXYGUANOSINE	1820	HMDB	HMDB0000085_27_shen	Deoxyguanosine	inchikey	1	TRUE	TRUE	2.70000555246952e-09	6.7500138811738e-06
DEOXYGUANOSINE	1821	HMDB	HMDB0000085_28_shen	Deoxyguanosine	inchikey	1	TRUE	TRUE	2.70000555246952e-09	6.7500138811738e-06
DEOXYGUANOSINE	1822	HMDB	HMDB0000085_29_shen	Deoxyguanosine	inchikey	1	TRUE	TRUE	2.70000555246952e-09	6.7500138811738e-06
L-1-GLYCERO-PHOSPHORYLCHOLINE	1823	HMDB	HMDB0000086_1_shen	Glycerophosphocholine	inchikey	1	TRUE	TRUE	2.01564958800003	5039.12397000008
L-1-GLYCERO-PHOSPHORYLCHOLINE	1824	HMDB	HMDB0000086_2_shen	Glycerophosphocholine	inchikey	1	TRUE	TRUE	2.01564958800003	5039.12397000008
L-1-GLYCERO-PHOSPHORYLCHOLINE	1825	HMDB	HMDB0000086_3_shen	Glycerophosphocholine	inchikey	1	TRUE	TRUE	2.01564958800003	5039.12397000008
L-1-GLYCERO-PHOSPHORYLCHOLINE	1826	HMDB	HMDB0000086_4_shen	Glycerophosphocholine	inchikey	1	TRUE	TRUE	2.01564958800003	5039.12397000008
L-1-GLYCERO-PHOSPHORYLCHOLINE	1827	HMDB	HMDB0000086_5_shen	Glycerophosphocholine	inchikey	1	TRUE	TRUE	2.01564958800003	5039.12397000008
L-1-GLYCERO-PHOSPHORYLCHOLINE	1828	HMDB	HMDB0000086_6_shen	Glycerophosphocholine	inchikey	1	TRUE	TRUE	2.01564958800003	5039.12397000008
L-1-GLYCERO-PHOSPHORYLCHOLINE	1829	HMDB	HMDB0000086_7_shen	Glycerophosphocholine	inchikey	1	TRUE	TRUE	2.01564958800003	5039.12397000008
L-1-GLYCERO-PHOSPHORYLCHOLINE	1830	HMDB	HMDB0000086_8_shen	Glycerophosphocholine	inchikey	1	TRUE	TRUE	2.01564958800003	5039.12397000008
CYTIDINE	1842	HMDB	HMDB0000089_1_shen	Cytidine	inchikey	1	TRUE	TRUE	2.40001440943161e-09	6.00003602357901e-06
CYTIDINE	1843	HMDB	HMDB0000089_2_shen	Cytidine	inchikey	1	TRUE	TRUE	2.40001440943161e-09	6.00003602357901e-06
CYTIDINE	1844	HMDB	HMDB0000089_3_shen	Cytidine	inchikey	1	TRUE	TRUE	2.40001440943161e-09	6.00003602357901e-06
CYTIDINE	1845	HMDB	HMDB0000089_4_shen	Cytidine	inchikey	1	TRUE	TRUE	2.40001440943161e-09	6.00003602357901e-06
CYTIDINE	1846	HMDB	HMDB0000089_5_shen	Cytidine	inchikey	1	TRUE	TRUE	2.40001440943161e-09	6.00003602357901e-06
CYTIDINE	1847	HMDB	HMDB0000089_6_shen	Cytidine	inchikey	1	TRUE	TRUE	2.40001440943161e-09	6.00003602357901e-06
CYTIDINE	1848	HMDB	HMDB0000089_7_shen	Cytidine	inchikey	1	TRUE	TRUE	2.40001440943161e-09	6.00003602357901e-06
CYTIDINE	1849	HMDB	HMDB0000089_8_shen	Cytidine	inchikey	1	TRUE	TRUE	2.40001440943161e-09	6.00003602357901e-06
CYTIDINE	1850	HMDB	HMDB0000089_9_shen	Cytidine	inchikey	1	TRUE	TRUE	2.40001440943161e-09	6.00003602357901e-06
CYTIDINE	1851	HMDB	HMDB0000089_10_shen	Cytidine	inchikey	1	TRUE	TRUE	2.40001440943161e-09	6.00003602357901e-06
CYTIDINE	1852	HMDB	HMDB0000089_11_shen	Cytidine	inchikey	1	TRUE	TRUE	2.40001440943161e-09	6.00003602357901e-06
CYTIDINE	1853	HMDB	HMDB0000089_12_shen	Cytidine	inchikey	1	TRUE	TRUE	2.40001440943161e-09	6.00003602357901e-06
CYTIDINE	1854	HMDB	HMDB0000089_13_shen	Cytidine	inchikey	1	TRUE	TRUE	2.40001440943161e-09	6.00003602357901e-06
CYTIDINE	1855	HMDB	HMDB0000089_14_shen	Cytidine	inchikey	1	TRUE	TRUE	2.40001440943161e-09	6.00003602357901e-06
CYTIDINE	1856	HMDB	HMDB0000089_15_shen	Cytidine	inchikey	1	TRUE	TRUE	2.40001440943161e-09	6.00003602357901e-06
CYTIDINE	1857	HMDB	HMDB0000089_16_shen	Cytidine	inchikey	1	TRUE	TRUE	2.40001440943161e-09	6.00003602357901e-06
CYTIDINE	1858	HMDB	HMDB0000089_17_shen	Cytidine	inchikey	1	TRUE	TRUE	2.40001440943161e-09	6.00003602357901e-06
CYTIDINE	1859	HMDB	HMDB0000089_18_shen	Cytidine	inchikey	1	TRUE	TRUE	2.40001440943161e-09	6.00003602357901e-06
CYTIDINE	1860	HMDB	HMDB0000089_19_shen	Cytidine	inchikey	1	TRUE	TRUE	2.40001440943161e-09	6.00003602357901e-06
CYTIDINE	1861	HMDB	HMDB0000089_20_shen	Cytidine	inchikey	1	TRUE	TRUE	2.40001440943161e-09	6.00003602357901e-06
CYTIDINE	1862	HMDB	HMDB0000089_21_shen	Cytidine	inchikey	1	TRUE	TRUE	2.40001440943161e-09	6.00003602357901e-06
CYTIDINE	1863	HMDB	HMDB0000089_22_shen	Cytidine	inchikey	1	TRUE	TRUE	2.40001440943161e-09	6.00003602357901e-06
CYTIDINE	1864	HMDB	HMDB0000089_23_shen	Cytidine	inchikey	1	TRUE	TRUE	2.40001440943161e-09	6.00003602357901e-06
CYTIDINE	1865	HMDB	HMDB0000089_24_shen	Cytidine	inchikey	1	TRUE	TRUE	2.40001440943161e-09	6.00003602357901e-06
CYTIDINE	1866	HMDB	HMDB0000089_25_shen	Cytidine	inchikey	1	TRUE	TRUE	2.40001440943161e-09	6.00003602357901e-06
CYTIDINE	1867	HMDB	HMDB0000089_26_shen	Cytidine	inchikey	1	TRUE	TRUE	2.40001440943161e-09	6.00003602357901e-06
CYTIDINE	1868	HMDB	HMDB0000089_27_shen	Cytidine	inchikey	1	TRUE	TRUE	2.40001440943161e-09	6.00003602357901e-06
CYTIDINE	1869	HMDB	HMDB0000089_28_shen	Cytidine	inchikey	1	TRUE	TRUE	2.40001440943161e-09	6.00003602357901e-06
CYTIDINE	1870	HMDB	HMDB0000089_29_shen	Cytidine	inchikey	1	TRUE	TRUE	2.40001440943161e-09	6.00003602357901e-06
CYTIDINE	1871	HMDB	HMDB0000089_30_shen	Cytidine	inchikey	1	TRUE	TRUE	2.40001440943161e-09	6.00003602357901e-06
CYTIDINE	1872	HMDB	HMDB0000089_31_shen	Cytidine	inchikey	1	TRUE	TRUE	2.40001440943161e-09	6.00003602357901e-06
CYTIDINE	1873	HMDB	HMDB0000089_32_shen	Cytidine	inchikey	1	TRUE	TRUE	2.40001440943161e-09	6.00003602357901e-06
CYTIDINE	1874	HMDB	HMDB0000089_33_shen	Cytidine	inchikey	1	TRUE	TRUE	2.40001440943161e-09	6.00003602357901e-06
CYTIDINE	1875	HMDB	HMDB0000089_34_shen	Cytidine	inchikey	1	TRUE	TRUE	2.40001440943161e-09	6.00003602357901e-06
CYTIDINE	1876	HMDB	HMDB0000089_35_shen	Cytidine	inchikey	1	TRUE	TRUE	2.40001440943161e-09	6.00003602357901e-06
CYTIDINE	1877	HMDB	HMDB0000089_36_shen	Cytidine	inchikey	1	TRUE	TRUE	2.40001440943161e-09	6.00003602357901e-06
CYTIDINE	1878	HMDB	HMDB0000089_37_shen	Cytidine	inchikey	1	TRUE	TRUE	2.40001440943161e-09	6.00003602357901e-06
CYTIDINE	1879	HMDB	HMDB0000089_38_shen	Cytidine	inchikey	1	TRUE	TRUE	2.40001440943161e-09	6.00003602357901e-06
CYTIDINE	1880	HMDB	HMDB0000089_39_shen	Cytidine	inchikey	1	TRUE	TRUE	2.40001440943161e-09	6.00003602357901e-06
CYTIDINE	1881	HMDB	HMDB0000089_40_shen	Cytidine	inchikey	1	TRUE	TRUE	2.40001440943161e-09	6.00003602357901e-06
CYTIDINE	1882	HMDB	HMDB0000089_41_shen	Cytidine	inchikey	1	TRUE	TRUE	2.40001440943161e-09	6.00003602357901e-06
CYTIDINE	1883	HMDB	HMDB0000089_42_shen	Cytidine	inchikey	1	TRUE	TRUE	2.40001440943161e-09	6.00003602357901e-06
CYTIDINE	1884	HMDB	HMDB0000089_43_shen	Cytidine	inchikey	1	TRUE	TRUE	2.40001440943161e-09	6.00003602357901e-06
CYTIDINE	1885	HMDB	HMDB0000089_44_shen	Cytidine	inchikey	1	TRUE	TRUE	2.40001440943161e-09	6.00003602357901e-06
CYTIDINE	1886	HMDB	HMDB0000089_45_shen	Cytidine	inchikey	1	TRUE	TRUE	2.40001440943161e-09	6.00003602357901e-06
CYTIDINE	1887	HMDB	HMDB0000089_46_shen	Cytidine	inchikey	1	TRUE	TRUE	2.40001440943161e-09	6.00003602357901e-06
CYTIDINE	1888	HMDB	HMDB0000089_47_shen	Cytidine	inchikey	1	TRUE	TRUE	2.40001440943161e-09	6.00003602357901e-06
CYTIDINE	1889	HMDB	HMDB0000089_48_shen	Cytidine	inchikey	1	TRUE	TRUE	2.40001440943161e-09	6.00003602357901e-06
CYTIDINE	1890	HMDB	HMDB0000089_49_shen	Cytidine	inchikey	1	TRUE	TRUE	2.40001440943161e-09	6.00003602357901e-06
CYTIDINE	1891	HMDB	HMDB0000089_50_shen	Cytidine	inchikey	1	TRUE	TRUE	2.40001440943161e-09	6.00003602357901e-06
CYTIDINE	1892	HMDB	HMDB0000089_51_shen	Cytidine	inchikey	1	TRUE	TRUE	2.40001440943161e-09	6.00003602357901e-06
CYTIDINE	1893	HMDB	HMDB0000089_52_shen	Cytidine	inchikey	1	TRUE	TRUE	2.40001440943161e-09	6.00003602357901e-06
CYTIDINE	1894	HMDB	HMDB0000089_53_shen	Cytidine	inchikey	1	TRUE	TRUE	2.40001440943161e-09	6.00003602357901e-06
CYTIDINE	1895	HMDB	HMDB0000089_54_shen	Cytidine	inchikey	1	TRUE	TRUE	2.40001440943161e-09	6.00003602357901e-06
CYTIDINE	1896	HMDB	HMDB0000089_55_shen	Cytidine	inchikey	1	TRUE	TRUE	2.40001440943161e-09	6.00003602357901e-06
CYTIDINE	1897	HMDB	HMDB0000089_56_shen	Cytidine	inchikey	1	TRUE	TRUE	2.40001440943161e-09	6.00003602357901e-06
CYTIDINE	1898	HMDB	HMDB0000089_57_shen	Cytidine	inchikey	1	TRUE	TRUE	2.40001440943161e-09	6.00003602357901e-06
CYTIDINE	1899	HMDB	HMDB0000089_58_shen	Cytidine	inchikey	1	TRUE	TRUE	2.40001440943161e-09	6.00003602357901e-06
CYTIDINE	1900	HMDB	HMDB0000089_59_shen	Cytidine	inchikey	1	TRUE	TRUE	2.40001440943161e-09	6.00003602357901e-06
CYTIDINE	1901	HMDB	HMDB0000089_60_shen	Cytidine	inchikey	1	TRUE	TRUE	2.40001440943161e-09	6.00003602357901e-06
CYTIDINE	1902	HMDB	HMDB0000089_61_shen	Cytidine	inchikey	1	TRUE	TRUE	2.40001440943161e-09	6.00003602357901e-06
CYTIDINE	1903	HMDB	HMDB0000089_62_shen	Cytidine	inchikey	1	TRUE	TRUE	2.40001440943161e-09	6.00003602357901e-06
CYTIDINE	1904	HMDB	HMDB0000089_63_shen	Cytidine	inchikey	1	TRUE	TRUE	2.40001440943161e-09	6.00003602357901e-06
CYTIDINE	1905	HMDB	HMDB0000089_64_shen	Cytidine	inchikey	1	TRUE	TRUE	2.40001440943161e-09	6.00003602357901e-06
CHOLINE	2003	HMDB	HMDB0000097_1_shen	Choline	inchikey	1	TRUE	TRUE	1.00782503379999	2519.56258449997
CHOLINE	2004	HMDB	HMDB0000097_2_shen	Choline	inchikey	1	TRUE	TRUE	1.00782503379999	2519.56258449997
CHOLINE	2005	HMDB	HMDB0000097_3_shen	Choline	inchikey	1	TRUE	TRUE	1.00782503379999	2519.56258449997
CHOLINE	2006	HMDB	HMDB0000097_4_shen	Choline	inchikey	1	TRUE	TRUE	1.00782503379999	2519.56258449997
CHOLINE	2007	HMDB	HMDB0000097_5_shen	Choline	inchikey	1	TRUE	TRUE	1.00782503379999	2519.56258449997
CHOLINE	2008	HMDB	HMDB0000097_6_shen	Choline	inchikey	1	TRUE	TRUE	1.00782503379999	2519.56258449997
CHOLINE	2009	HMDB	HMDB0000097_7_shen	Choline	inchikey	1	TRUE	TRUE	1.00782503379999	2519.56258449997
CHOLINE	2010	HMDB	HMDB0000097_8_shen	Choline	inchikey	1	TRUE	TRUE	1.00782503379999	2519.56258449997
CHOLINE	2011	HMDB	HMDB0000097_9_shen	Choline	inchikey	1	TRUE	TRUE	1.00782503379999	2519.56258449997
CHOLINE	2012	HMDB	HMDB0000097_10_shen	Choline	inchikey	1	TRUE	TRUE	1.00782503379999	2519.56258449997
CHOLINE	2013	HMDB	HMDB0000097_11_shen	Choline	inchikey	1	TRUE	TRUE	1.00782503379999	2519.56258449997
D-Xylopyranose	2014	HMDB	HMDB0000098_1_shen	D-Xylose	inchikey	1	TRUE	TRUE	1.50001255860843e-09	3.75003139652108e-06
D-Xylopyranose	2015	HMDB	HMDB0000098_2_shen	D-Xylose	inchikey	1	TRUE	TRUE	1.50001255860843e-09	3.75003139652108e-06
D-Xylopyranose	2016	HMDB	HMDB0000098_3_shen	D-Xylose	inchikey	1	TRUE	TRUE	1.50001255860843e-09	3.75003139652108e-06
D-Xylopyranose	2017	HMDB	HMDB0000098_4_shen	D-Xylose	inchikey	1	TRUE	TRUE	1.50001255860843e-09	3.75003139652108e-06
D-Xylopyranose	2018	HMDB	HMDB0000098_5_shen	D-Xylose	inchikey	1	TRUE	TRUE	1.50001255860843e-09	3.75003139652108e-06
D-Xylopyranose	2019	HMDB	HMDB0000098_6_shen	D-Xylose	inchikey	1	TRUE	TRUE	1.50001255860843e-09	3.75003139652108e-06
D-Xylopyranose	2020	HMDB	HMDB0000098_7_shen	D-Xylose	inchikey	1	TRUE	TRUE	1.50001255860843e-09	3.75003139652108e-06
D-Xylopyranose	2021	HMDB	HMDB0000098_8_shen	D-Xylose	inchikey	1	TRUE	TRUE	1.50001255860843e-09	3.75003139652108e-06
D-Xylopyranose	2022	HMDB	HMDB0000098_9_shen	D-Xylose	inchikey	1	TRUE	TRUE	1.50001255860843e-09	3.75003139652108e-06
L-CYSTATHIONINE	2023	HMDB	HMDB0000099_1_shen	L-Cystathionine	inchikey	1	TRUE	TRUE	2.20001084016985e-09	5.50002710042463e-06
L-CYSTATHIONINE	2024	HMDB	HMDB0000099_2_shen	L-Cystathionine	inchikey	1	TRUE	TRUE	2.20001084016985e-09	5.50002710042463e-06
L-CYSTATHIONINE	2025	HMDB	HMDB0000099_3_shen	L-Cystathionine	inchikey	1	TRUE	TRUE	2.20001084016985e-09	5.50002710042463e-06
L-CYSTATHIONINE	2026	HMDB	HMDB0000099_4_shen	L-Cystathionine	inchikey	1	TRUE	TRUE	2.20001084016985e-09	5.50002710042463e-06
L-CYSTATHIONINE	2027	HMDB	HMDB0000099_5_shen	L-Cystathionine	inchikey	1	TRUE	TRUE	2.20001084016985e-09	5.50002710042463e-06
L-CYSTATHIONINE	2028	HMDB	HMDB0000099_6_shen	L-Cystathionine	inchikey	1	TRUE	TRUE	2.20001084016985e-09	5.50002710042463e-06
L-CYSTATHIONINE	2029	HMDB	HMDB0000099_7_shen	L-Cystathionine	inchikey	1	TRUE	TRUE	2.20001084016985e-09	5.50002710042463e-06
L-CYSTATHIONINE	2030	HMDB	HMDB0000099_8_shen	L-Cystathionine	inchikey	1	TRUE	TRUE	2.20001084016985e-09	5.50002710042463e-06
L-CYSTATHIONINE	2031	HMDB	HMDB0000099_9_shen	L-Cystathionine	inchikey	1	TRUE	TRUE	2.20001084016985e-09	5.50002710042463e-06
L-CYSTATHIONINE	2032	HMDB	HMDB0000099_10_shen	L-Cystathionine	inchikey	1	TRUE	TRUE	2.20001084016985e-09	5.50002710042463e-06
L-CYSTATHIONINE	2033	HMDB	HMDB0000099_11_shen	L-Cystathionine	inchikey	1	TRUE	TRUE	2.20001084016985e-09	5.50002710042463e-06
L-CYSTATHIONINE	2034	HMDB	HMDB0000099_12_shen	L-Cystathionine	inchikey	1	TRUE	TRUE	2.20001084016985e-09	5.50002710042463e-06
L-CYSTATHIONINE	2035	HMDB	HMDB0000099_13_shen	L-Cystathionine	inchikey	1	TRUE	TRUE	2.20001084016985e-09	5.50002710042463e-06
L-CYSTATHIONINE	2036	HMDB	HMDB0000099_14_shen	L-Cystathionine	inchikey	1	TRUE	TRUE	2.20001084016985e-09	5.50002710042463e-06
L-CYSTATHIONINE	2037	HMDB	HMDB0000099_15_shen	L-Cystathionine	inchikey	1	TRUE	TRUE	2.20001084016985e-09	5.50002710042463e-06
L-CYSTATHIONINE	2038	HMDB	HMDB0000099_16_shen	L-Cystathionine	inchikey	1	TRUE	TRUE	2.20001084016985e-09	5.50002710042463e-06
L-CYSTATHIONINE	2039	HMDB	HMDB0000099_17_shen	L-Cystathionine	inchikey	1	TRUE	TRUE	2.20001084016985e-09	5.50002710042463e-06
L-CYSTATHIONINE	2040	HMDB	HMDB0000099_18_shen	L-Cystathionine	inchikey	1	TRUE	TRUE	2.20001084016985e-09	5.50002710042463e-06
L-CYSTATHIONINE	2041	HMDB	HMDB0000099_19_shen	L-Cystathionine	inchikey	1	TRUE	TRUE	2.20001084016985e-09	5.50002710042463e-06
L-CYSTATHIONINE	2042	HMDB	HMDB0000099_20_shen	L-Cystathionine	inchikey	1	TRUE	TRUE	2.20001084016985e-09	5.50002710042463e-06
L-CYSTATHIONINE	2043	HMDB	HMDB0000099_21_shen	L-Cystathionine	inchikey	1	TRUE	TRUE	2.20001084016985e-09	5.50002710042463e-06
L-CYSTATHIONINE	2044	HMDB	HMDB0000099_22_shen	L-Cystathionine	inchikey	1	TRUE	TRUE	2.20001084016985e-09	5.50002710042463e-06
L-CYSTATHIONINE	2045	HMDB	HMDB0000099_23_shen	L-Cystathionine	inchikey	1	TRUE	TRUE	2.20001084016985e-09	5.50002710042463e-06
L-CYSTATHIONINE	2046	HMDB	HMDB0000099_24_shen	L-Cystathionine	inchikey	1	TRUE	TRUE	2.20001084016985e-09	5.50002710042463e-06
L-CYSTATHIONINE	2047	HMDB	HMDB0000099_25_shen	L-Cystathionine	inchikey	1	TRUE	TRUE	2.20001084016985e-09	5.50002710042463e-06
L-CYSTATHIONINE	2048	HMDB	HMDB0000099_26_shen	L-Cystathionine	inchikey	1	TRUE	TRUE	2.20001084016985e-09	5.50002710042463e-06
L-CYSTATHIONINE	2049	HMDB	HMDB0000099_27_shen	L-Cystathionine	inchikey	1	TRUE	TRUE	2.20001084016985e-09	5.50002710042463e-06
L-CYSTATHIONINE	2050	HMDB	HMDB0000099_28_shen	L-Cystathionine	inchikey	1	TRUE	TRUE	2.20001084016985e-09	5.50002710042463e-06
L-CYSTATHIONINE	2051	HMDB	HMDB0000099_29_shen	L-Cystathionine	inchikey	1	TRUE	TRUE	2.20001084016985e-09	5.50002710042463e-06
L-CYSTATHIONINE	2052	HMDB	HMDB0000099_30_shen	L-Cystathionine	inchikey	1	TRUE	TRUE	2.20001084016985e-09	5.50002710042463e-06
L-CYSTATHIONINE	2053	HMDB	HMDB0000099_31_shen	L-Cystathionine	inchikey	1	TRUE	TRUE	2.20001084016985e-09	5.50002710042463e-06
L-CYSTATHIONINE	2054	HMDB	HMDB0000099_32_shen	L-Cystathionine	inchikey	1	TRUE	TRUE	2.20001084016985e-09	5.50002710042463e-06
L-CYSTATHIONINE	2055	HMDB	HMDB0000099_33_shen	L-Cystathionine	inchikey	1	TRUE	TRUE	2.20001084016985e-09	5.50002710042463e-06
L-CYSTATHIONINE	2056	HMDB	HMDB0000099_34_shen	L-Cystathionine	inchikey	1	TRUE	TRUE	2.20001084016985e-09	5.50002710042463e-06
L-CYSTATHIONINE	2057	HMDB	HMDB0000099_35_shen	L-Cystathionine	inchikey	1	TRUE	TRUE	2.20001084016985e-09	5.50002710042463e-06
L-CYSTATHIONINE	2058	HMDB	HMDB0000099_36_shen	L-Cystathionine	inchikey	1	TRUE	TRUE	2.20001084016985e-09	5.50002710042463e-06
L-CYSTATHIONINE	2059	HMDB	HMDB0000099_37_shen	L-Cystathionine	inchikey	1	TRUE	TRUE	2.20001084016985e-09	5.50002710042463e-06
L-CYSTATHIONINE	2060	HMDB	HMDB0000099_38_shen	L-Cystathionine	inchikey	1	TRUE	TRUE	2.20001084016985e-09	5.50002710042463e-06
L-CYSTATHIONINE	2061	HMDB	HMDB0000099_39_shen	L-Cystathionine	inchikey	1	TRUE	TRUE	2.20001084016985e-09	5.50002710042463e-06
L-CYSTATHIONINE	2062	HMDB	HMDB0000099_40_shen	L-Cystathionine	inchikey	1	TRUE	TRUE	2.20001084016985e-09	5.50002710042463e-06
L-CYSTATHIONINE	2063	HMDB	HMDB0000099_41_shen	L-Cystathionine	inchikey	1	TRUE	TRUE	2.20001084016985e-09	5.50002710042463e-06
L-CYSTATHIONINE	2064	HMDB	HMDB0000099_42_shen	L-Cystathionine	inchikey	1	TRUE	TRUE	2.20001084016985e-09	5.50002710042463e-06
L-CYSTATHIONINE	2065	HMDB	HMDB0000099_43_shen	L-Cystathionine	inchikey	1	TRUE	TRUE	2.20001084016985e-09	5.50002710042463e-06
L-CYSTATHIONINE	2066	HMDB	HMDB0000099_44_shen	L-Cystathionine	inchikey	1	TRUE	TRUE	2.20001084016985e-09	5.50002710042463e-06
L-CYSTATHIONINE	2067	HMDB	HMDB0000099_45_shen	L-Cystathionine	inchikey	1	TRUE	TRUE	2.20001084016985e-09	5.50002710042463e-06
L-CYSTATHIONINE	2068	HMDB	HMDB0000099_46_shen	L-Cystathionine	inchikey	1	TRUE	TRUE	2.20001084016985e-09	5.50002710042463e-06
L-CYSTATHIONINE	2069	HMDB	HMDB0000099_47_shen	L-Cystathionine	inchikey	1	TRUE	TRUE	2.20001084016985e-09	5.50002710042463e-06
L-CYSTATHIONINE	2070	HMDB	HMDB0000099_48_shen	L-Cystathionine	inchikey	1	TRUE	TRUE	2.20001084016985e-09	5.50002710042463e-06
L-CYSTATHIONINE	2071	HMDB	HMDB0000099_49_shen	L-Cystathionine	inchikey	1	TRUE	TRUE	2.20001084016985e-09	5.50002710042463e-06
L-CYSTATHIONINE	2072	HMDB	HMDB0000099_50_shen	L-Cystathionine	inchikey	1	TRUE	TRUE	2.20001084016985e-09	5.50002710042463e-06
L-CYSTATHIONINE	2073	HMDB	HMDB0000099_51_shen	L-Cystathionine	inchikey	1	TRUE	TRUE	2.20001084016985e-09	5.50002710042463e-06
L-CYSTATHIONINE	2074	HMDB	HMDB0000099_52_shen	L-Cystathionine	inchikey	1	TRUE	TRUE	2.20001084016985e-09	5.50002710042463e-06
L-CYSTATHIONINE	2075	HMDB	HMDB0000099_53_shen	L-Cystathionine	inchikey	1	TRUE	TRUE	2.20001084016985e-09	5.50002710042463e-06
L-CYSTATHIONINE	2076	HMDB	HMDB0000099_54_shen	L-Cystathionine	inchikey	1	TRUE	TRUE	2.20001084016985e-09	5.50002710042463e-06
L-CYSTATHIONINE	2077	HMDB	HMDB0000099_55_shen	L-Cystathionine	inchikey	1	TRUE	TRUE	2.20001084016985e-09	5.50002710042463e-06
L-CYSTATHIONINE	2078	HMDB	HMDB0000099_56_shen	L-Cystathionine	inchikey	1	TRUE	TRUE	2.20001084016985e-09	5.50002710042463e-06
L-CYSTATHIONINE	2079	HMDB	HMDB0000099_57_shen	L-Cystathionine	inchikey	1	TRUE	TRUE	2.20001084016985e-09	5.50002710042463e-06
L-CYSTATHIONINE	2080	HMDB	HMDB0000099_58_shen	L-Cystathionine	inchikey	1	TRUE	TRUE	2.20001084016985e-09	5.50002710042463e-06
L-CYSTATHIONINE	2081	HMDB	HMDB0000099_59_shen	L-Cystathionine	inchikey	1	TRUE	TRUE	2.20001084016985e-09	5.50002710042463e-06
L-CYSTATHIONINE	2082	HMDB	HMDB0000099_60_shen	L-Cystathionine	inchikey	1	TRUE	TRUE	2.20001084016985e-09	5.50002710042463e-06
DEOXYADENOSINE	2083	HMDB	HMDB0000101_1_shen	Deoxyadenosine	inchikey	1	TRUE	TRUE	2.59998955698393e-09	6.49997389245982e-06
DEOXYADENOSINE	2084	HMDB	HMDB0000101_2_shen	Deoxyadenosine	inchikey	1	TRUE	TRUE	2.59998955698393e-09	6.49997389245982e-06
DEOXYADENOSINE	2085	HMDB	HMDB0000101_3_shen	Deoxyadenosine	inchikey	1	TRUE	TRUE	2.59998955698393e-09	6.49997389245982e-06
DEOXYADENOSINE	2086	HMDB	HMDB0000101_4_shen	Deoxyadenosine	inchikey	1	TRUE	TRUE	2.59998955698393e-09	6.49997389245982e-06
DEOXYADENOSINE	2087	HMDB	HMDB0000101_5_shen	Deoxyadenosine	inchikey	1	TRUE	TRUE	2.59998955698393e-09	6.49997389245982e-06
DEOXYADENOSINE	2088	HMDB	HMDB0000101_6_shen	Deoxyadenosine	inchikey	1	TRUE	TRUE	2.59998955698393e-09	6.49997389245982e-06
DEOXYADENOSINE	2089	HMDB	HMDB0000101_7_shen	Deoxyadenosine	inchikey	1	TRUE	TRUE	2.59998955698393e-09	6.49997389245982e-06
DEOXYADENOSINE	2090	HMDB	HMDB0000101_8_shen	Deoxyadenosine	inchikey	1	TRUE	TRUE	2.59998955698393e-09	6.49997389245982e-06
DEOXYADENOSINE	2091	HMDB	HMDB0000101_9_shen	Deoxyadenosine	inchikey	1	TRUE	TRUE	2.59998955698393e-09	6.49997389245982e-06
DEOXYADENOSINE	2092	HMDB	HMDB0000101_10_shen	Deoxyadenosine	inchikey	1	TRUE	TRUE	2.59998955698393e-09	6.49997389245982e-06
DEOXYADENOSINE	2093	HMDB	HMDB0000101_11_shen	Deoxyadenosine	inchikey	1	TRUE	TRUE	2.59998955698393e-09	6.49997389245982e-06
DEOXYADENOSINE	2094	HMDB	HMDB0000101_12_shen	Deoxyadenosine	inchikey	1	TRUE	TRUE	2.59998955698393e-09	6.49997389245982e-06
DEOXYADENOSINE	2095	HMDB	HMDB0000101_13_shen	Deoxyadenosine	inchikey	1	TRUE	TRUE	2.59998955698393e-09	6.49997389245982e-06
DEOXYADENOSINE	2096	HMDB	HMDB0000101_14_shen	Deoxyadenosine	inchikey	1	TRUE	TRUE	2.59998955698393e-09	6.49997389245982e-06
DEOXYADENOSINE	2097	HMDB	HMDB0000101_15_shen	Deoxyadenosine	inchikey	1	TRUE	TRUE	2.59998955698393e-09	6.49997389245982e-06
DEOXYADENOSINE	2098	HMDB	HMDB0000101_16_shen	Deoxyadenosine	inchikey	1	TRUE	TRUE	2.59998955698393e-09	6.49997389245982e-06
DEOXYADENOSINE	2099	HMDB	HMDB0000101_17_shen	Deoxyadenosine	inchikey	1	TRUE	TRUE	2.59998955698393e-09	6.49997389245982e-06
DEOXYADENOSINE	2100	HMDB	HMDB0000101_18_shen	Deoxyadenosine	inchikey	1	TRUE	TRUE	2.59998955698393e-09	6.49997389245982e-06
DEOXYADENOSINE	2101	HMDB	HMDB0000101_19_shen	Deoxyadenosine	inchikey	1	TRUE	TRUE	2.59998955698393e-09	6.49997389245982e-06
DEOXYADENOSINE	2102	HMDB	HMDB0000101_20_shen	Deoxyadenosine	inchikey	1	TRUE	TRUE	2.59998955698393e-09	6.49997389245982e-06
DEOXYADENOSINE	2103	HMDB	HMDB0000101_21_shen	Deoxyadenosine	inchikey	1	TRUE	TRUE	2.59998955698393e-09	6.49997389245982e-06
DEOXYADENOSINE	2104	HMDB	HMDB0000101_22_shen	Deoxyadenosine	inchikey	1	TRUE	TRUE	2.59998955698393e-09	6.49997389245982e-06
DEOXYADENOSINE	2105	HMDB	HMDB0000101_23_shen	Deoxyadenosine	inchikey	1	TRUE	TRUE	2.59998955698393e-09	6.49997389245982e-06
DEOXYADENOSINE	2106	HMDB	HMDB0000101_24_shen	Deoxyadenosine	inchikey	1	TRUE	TRUE	2.59998955698393e-09	6.49997389245982e-06
DEOXYADENOSINE	2107	HMDB	HMDB0000101_25_shen	Deoxyadenosine	inchikey	1	TRUE	TRUE	2.59998955698393e-09	6.49997389245982e-06
DEOXYADENOSINE	2108	HMDB	HMDB0000101_26_shen	Deoxyadenosine	inchikey	1	TRUE	TRUE	2.59998955698393e-09	6.49997389245982e-06
DEOXYADENOSINE	2109	HMDB	HMDB0000101_27_shen	Deoxyadenosine	inchikey	1	TRUE	TRUE	2.59998955698393e-09	6.49997389245982e-06
DEOXYADENOSINE	2110	HMDB	HMDB0000101_28_shen	Deoxyadenosine	inchikey	1	TRUE	TRUE	2.59998955698393e-09	6.49997389245982e-06
DEOXYADENOSINE	2111	HMDB	HMDB0000101_29_shen	Deoxyadenosine	inchikey	1	TRUE	TRUE	2.59998955698393e-09	6.49997389245982e-06
DEOXYADENOSINE	2112	HMDB	HMDB0000101_30_shen	Deoxyadenosine	inchikey	1	TRUE	TRUE	2.59998955698393e-09	6.49997389245982e-06
DEOXYADENOSINE	2113	HMDB	HMDB0000101_31_shen	Deoxyadenosine	inchikey	1	TRUE	TRUE	2.59998955698393e-09	6.49997389245982e-06
DEOXYADENOSINE	2114	HMDB	HMDB0000101_32_shen	Deoxyadenosine	inchikey	1	TRUE	TRUE	2.59998955698393e-09	6.49997389245982e-06
DEOXYADENOSINE	2115	HMDB	HMDB0000101_33_shen	Deoxyadenosine	inchikey	1	TRUE	TRUE	2.59998955698393e-09	6.49997389245982e-06
DEOXYADENOSINE	2116	HMDB	HMDB0000101_34_shen	Deoxyadenosine	inchikey	1	TRUE	TRUE	2.59998955698393e-09	6.49997389245982e-06
DEOXYADENOSINE	2117	HMDB	HMDB0000101_35_shen	Deoxyadenosine	inchikey	1	TRUE	TRUE	2.59998955698393e-09	6.49997389245982e-06
DEOXYADENOSINE	2118	HMDB	HMDB0000101_36_shen	Deoxyadenosine	inchikey	1	TRUE	TRUE	2.59998955698393e-09	6.49997389245982e-06
DEOXYADENOSINE	2119	HMDB	HMDB0000101_37_shen	Deoxyadenosine	inchikey	1	TRUE	TRUE	2.59998955698393e-09	6.49997389245982e-06
DEOXYADENOSINE	2120	HMDB	HMDB0000101_38_shen	Deoxyadenosine	inchikey	1	TRUE	TRUE	2.59998955698393e-09	6.49997389245982e-06
DEOXYADENOSINE	2121	HMDB	HMDB0000101_39_shen	Deoxyadenosine	inchikey	1	TRUE	TRUE	2.59998955698393e-09	6.49997389245982e-06
DEOXYADENOSINE	2122	HMDB	HMDB0000101_40_shen	Deoxyadenosine	inchikey	1	TRUE	TRUE	2.59998955698393e-09	6.49997389245982e-06
DEOXYADENOSINE	2123	HMDB	HMDB0000101_41_shen	Deoxyadenosine	inchikey	1	TRUE	TRUE	2.59998955698393e-09	6.49997389245982e-06
DEOXYADENOSINE	2124	HMDB	HMDB0000101_42_shen	Deoxyadenosine	inchikey	1	TRUE	TRUE	2.59998955698393e-09	6.49997389245982e-06
DEOXYADENOSINE	2125	HMDB	HMDB0000101_43_shen	Deoxyadenosine	inchikey	1	TRUE	TRUE	2.59998955698393e-09	6.49997389245982e-06
DEOXYADENOSINE	2126	HMDB	HMDB0000101_44_shen	Deoxyadenosine	inchikey	1	TRUE	TRUE	2.59998955698393e-09	6.49997389245982e-06
DEOXYADENOSINE	2127	HMDB	HMDB0000101_45_shen	Deoxyadenosine	inchikey	1	TRUE	TRUE	2.59998955698393e-09	6.49997389245982e-06
DEOXYADENOSINE	2128	HMDB	HMDB0000101_46_shen	Deoxyadenosine	inchikey	1	TRUE	TRUE	2.59998955698393e-09	6.49997389245982e-06
DEOXYADENOSINE	2129	HMDB	HMDB0000101_47_shen	Deoxyadenosine	inchikey	1	TRUE	TRUE	2.59998955698393e-09	6.49997389245982e-06
DEOXYADENOSINE	2130	HMDB	HMDB0000101_48_shen	Deoxyadenosine	inchikey	1	TRUE	TRUE	2.59998955698393e-09	6.49997389245982e-06
DEOXYADENOSINE	2131	HMDB	HMDB0000101_49_shen	Deoxyadenosine	inchikey	1	TRUE	TRUE	2.59998955698393e-09	6.49997389245982e-06
DEOXYADENOSINE	2132	HMDB	HMDB0000101_50_shen	Deoxyadenosine	inchikey	1	TRUE	TRUE	2.59998955698393e-09	6.49997389245982e-06
GALACTITOL	2133	HMDB	HMDB0000107_1_shen	Galactitol	inchikey	1	TRUE	TRUE	2.0000072709081e-09	5.00001817727025e-06
GALACTITOL	2134	HMDB	HMDB0000107_2_shen	Galactitol	inchikey	1	TRUE	TRUE	2.0000072709081e-09	5.00001817727025e-06
GALACTITOL	2135	HMDB	HMDB0000107_3_shen	Galactitol	inchikey	1	TRUE	TRUE	2.0000072709081e-09	5.00001817727025e-06
GALACTITOL	2136	HMDB	HMDB0000107_4_shen	Galactitol	inchikey	1	TRUE	TRUE	2.0000072709081e-09	5.00001817727025e-06
GALACTITOL	2137	HMDB	HMDB0000107_5_shen	Galactitol	inchikey	1	TRUE	TRUE	2.0000072709081e-09	5.00001817727025e-06
GALACTITOL	2138	HMDB	HMDB0000107_6_shen	Galactitol	inchikey	1	TRUE	TRUE	2.0000072709081e-09	5.00001817727025e-06
GALACTITOL	2139	HMDB	HMDB0000107_7_shen	Galactitol	inchikey	1	TRUE	TRUE	2.0000072709081e-09	5.00001817727025e-06
GALACTITOL	2140	HMDB	HMDB0000107_8_shen	Galactitol	inchikey	1	TRUE	TRUE	2.0000072709081e-09	5.00001817727025e-06
GALACTITOL	2141	HMDB	HMDB0000107_9_shen	Galactitol	inchikey	1	TRUE	TRUE	2.0000072709081e-09	5.00001817727025e-06
GALACTITOL	2142	HMDB	HMDB0000107_10_shen	Galactitol	inchikey	1	TRUE	TRUE	2.0000072709081e-09	5.00001817727025e-06
GALACTITOL	2143	HMDB	HMDB0000107_11_shen	Galactitol	inchikey	1	TRUE	TRUE	2.0000072709081e-09	5.00001817727025e-06
GALACTITOL	2144	HMDB	HMDB0000107_12_shen	Galactitol	inchikey	1	TRUE	TRUE	2.0000072709081e-09	5.00001817727025e-06
GALACTITOL	2145	HMDB	HMDB0000107_13_shen	Galactitol	inchikey	1	TRUE	TRUE	2.0000072709081e-09	5.00001817727025e-06
GALACTITOL	2146	HMDB	HMDB0000107_14_shen	Galactitol	inchikey	1	TRUE	TRUE	2.0000072709081e-09	5.00001817727025e-06
GALACTITOL	2147	HMDB	HMDB0000107_15_shen	Galactitol	inchikey	1	TRUE	TRUE	2.0000072709081e-09	5.00001817727025e-06
GALACTITOL	2148	HMDB	HMDB0000107_16_shen	Galactitol	inchikey	1	TRUE	TRUE	2.0000072709081e-09	5.00001817727025e-06
GALACTITOL	2149	HMDB	HMDB0000107_17_shen	Galactitol	inchikey	1	TRUE	TRUE	2.0000072709081e-09	5.00001817727025e-06
GALACTITOL	2150	HMDB	HMDB0000107_18_shen	Galactitol	inchikey	1	TRUE	TRUE	2.0000072709081e-09	5.00001817727025e-06
GALACTITOL	2151	HMDB	HMDB0000107_19_shen	Galactitol	inchikey	1	TRUE	TRUE	2.0000072709081e-09	5.00001817727025e-06
GALACTITOL	2152	HMDB	HMDB0000107_20_shen	Galactitol	inchikey	1	TRUE	TRUE	2.0000072709081e-09	5.00001817727025e-06
GALACTITOL	2153	HMDB	HMDB0000107_21_shen	Galactitol	inchikey	1	TRUE	TRUE	2.0000072709081e-09	5.00001817727025e-06
GALACTITOL	2154	HMDB	HMDB0000107_22_shen	Galactitol	inchikey	1	TRUE	TRUE	2.0000072709081e-09	5.00001817727025e-06
GALACTITOL	2155	HMDB	HMDB0000107_23_shen	Galactitol	inchikey	1	TRUE	TRUE	2.0000072709081e-09	5.00001817727025e-06
GALACTITOL	2156	HMDB	HMDB0000107_24_shen	Galactitol	inchikey	1	TRUE	TRUE	2.0000072709081e-09	5.00001817727025e-06
GALACTITOL	2157	HMDB	HMDB0000107_25_shen	Galactitol	inchikey	1	TRUE	TRUE	2.0000072709081e-09	5.00001817727025e-06
GALACTITOL	2158	HMDB	HMDB0000107_26_shen	Galactitol	inchikey	1	TRUE	TRUE	2.0000072709081e-09	5.00001817727025e-06
GALACTITOL	2159	HMDB	HMDB0000107_27_shen	Galactitol	inchikey	1	TRUE	TRUE	2.0000072709081e-09	5.00001817727025e-06
GALACTITOL	2160	HMDB	HMDB0000107_28_shen	Galactitol	inchikey	1	TRUE	TRUE	2.0000072709081e-09	5.00001817727025e-06
GALACTITOL	2161	HMDB	HMDB0000107_29_shen	Galactitol	inchikey	1	TRUE	TRUE	2.0000072709081e-09	5.00001817727025e-06
GALACTITOL	2162	HMDB	HMDB0000107_30_shen	Galactitol	inchikey	1	TRUE	TRUE	2.0000072709081e-09	5.00001817727025e-06
GALACTITOL	2163	HMDB	HMDB0000107_31_shen	Galactitol	inchikey	1	TRUE	TRUE	2.0000072709081e-09	5.00001817727025e-06
GALACTITOL	2164	HMDB	HMDB0000107_32_shen	Galactitol	inchikey	1	TRUE	TRUE	2.0000072709081e-09	5.00001817727025e-06
GALACTITOL	2165	HMDB	HMDB0000107_33_shen	Galactitol	inchikey	1	TRUE	TRUE	2.0000072709081e-09	5.00001817727025e-06
GALACTITOL	2166	HMDB	HMDB0000107_34_shen	Galactitol	inchikey	1	TRUE	TRUE	2.0000072709081e-09	5.00001817727025e-06
GALACTITOL	2167	HMDB	HMDB0000107_35_shen	Galactitol	inchikey	1	TRUE	TRUE	2.0000072709081e-09	5.00001817727025e-06
GALACTITOL	2168	HMDB	HMDB0000107_36_shen	Galactitol	inchikey	1	TRUE	TRUE	2.0000072709081e-09	5.00001817727025e-06
GALACTITOL	2169	HMDB	HMDB0000107_37_shen	Galactitol	inchikey	1	TRUE	TRUE	2.0000072709081e-09	5.00001817727025e-06
GALACTITOL	2170	HMDB	HMDB0000107_38_shen	Galactitol	inchikey	1	TRUE	TRUE	2.0000072709081e-09	5.00001817727025e-06
GALACTITOL	2171	HMDB	HMDB0000107_39_shen	Galactitol	inchikey	1	TRUE	TRUE	2.0000072709081e-09	5.00001817727025e-06
GALACTITOL	2172	HMDB	HMDB0000107_40_shen	Galactitol	inchikey	1	TRUE	TRUE	2.0000072709081e-09	5.00001817727025e-06
GALACTITOL	2173	HMDB	HMDB0000107_41_shen	Galactitol	inchikey	1	TRUE	TRUE	2.0000072709081e-09	5.00001817727025e-06
GALACTITOL	2174	HMDB	HMDB0000107_42_shen	Galactitol	inchikey	1	TRUE	TRUE	2.0000072709081e-09	5.00001817727025e-06
GALACTITOL	2175	HMDB	HMDB0000107_43_shen	Galactitol	inchikey	1	TRUE	TRUE	2.0000072709081e-09	5.00001817727025e-06
GALACTITOL	2176	HMDB	HMDB0000107_44_shen	Galactitol	inchikey	1	TRUE	TRUE	2.0000072709081e-09	5.00001817727025e-06
GALACTITOL	2177	HMDB	HMDB0000107_45_shen	Galactitol	inchikey	1	TRUE	TRUE	2.0000072709081e-09	5.00001817727025e-06
GALACTITOL	2178	HMDB	HMDB0000107_46_shen	Galactitol	inchikey	1	TRUE	TRUE	2.0000072709081e-09	5.00001817727025e-06
GALACTITOL	2179	HMDB	HMDB0000107_47_shen	Galactitol	inchikey	1	TRUE	TRUE	2.0000072709081e-09	5.00001817727025e-06
GALACTITOL	2180	HMDB	HMDB0000107_48_shen	Galactitol	inchikey	1	TRUE	TRUE	2.0000072709081e-09	5.00001817727025e-06
GALACTITOL	2181	HMDB	HMDB0000107_49_shen	Galactitol	inchikey	1	TRUE	TRUE	2.0000072709081e-09	5.00001817727025e-06
GALACTITOL	2182	HMDB	HMDB0000107_50_shen	Galactitol	inchikey	1	TRUE	TRUE	2.0000072709081e-09	5.00001817727025e-06
GALACTITOL	2183	HMDB	HMDB0000107_51_shen	Galactitol	inchikey	1	TRUE	TRUE	2.0000072709081e-09	5.00001817727025e-06
GALACTITOL	2184	HMDB	HMDB0000107_52_shen	Galactitol	inchikey	1	TRUE	TRUE	2.0000072709081e-09	5.00001817727025e-06
GALACTITOL	2185	HMDB	HMDB0000107_53_shen	Galactitol	inchikey	1	TRUE	TRUE	2.0000072709081e-09	5.00001817727025e-06
GALACTITOL	2186	HMDB	HMDB0000107_54_shen	Galactitol	inchikey	1	TRUE	TRUE	2.0000072709081e-09	5.00001817727025e-06
GALACTITOL	2187	HMDB	HMDB0000107_55_shen	Galactitol	inchikey	1	TRUE	TRUE	2.0000072709081e-09	5.00001817727025e-06
GALACTITOL	2188	HMDB	HMDB0000107_56_shen	Galactitol	inchikey	1	TRUE	TRUE	2.0000072709081e-09	5.00001817727025e-06
GALACTITOL	2189	HMDB	HMDB0000107_57_shen	Galactitol	inchikey	1	TRUE	TRUE	2.0000072709081e-09	5.00001817727025e-06
GALACTITOL	2190	HMDB	HMDB0000107_58_shen	Galactitol	inchikey	1	TRUE	TRUE	2.0000072709081e-09	5.00001817727025e-06
GALACTITOL	2191	HMDB	HMDB0000107_59_shen	Galactitol	inchikey	1	TRUE	TRUE	2.0000072709081e-09	5.00001817727025e-06
GALACTITOL	2192	HMDB	HMDB0000107_60_shen	Galactitol	inchikey	1	TRUE	TRUE	2.0000072709081e-09	5.00001817727025e-06
GALACTITOL	2193	HMDB	HMDB0000107_61_shen	Galactitol	inchikey	1	TRUE	TRUE	2.0000072709081e-09	5.00001817727025e-06
GALACTITOL	2194	HMDB	HMDB0000107_62_shen	Galactitol	inchikey	1	TRUE	TRUE	2.0000072709081e-09	5.00001817727025e-06
GALACTITOL	2195	HMDB	HMDB0000107_63_shen	Galactitol	inchikey	1	TRUE	TRUE	2.0000072709081e-09	5.00001817727025e-06
GALACTITOL	2196	HMDB	HMDB0000107_64_shen	Galactitol	inchikey	1	TRUE	TRUE	2.0000072709081e-09	5.00001817727025e-06
GALACTITOL	2197	HMDB	HMDB0000107_65_shen	Galactitol	inchikey	1	TRUE	TRUE	2.0000072709081e-09	5.00001817727025e-06
GALACTITOL	2198	HMDB	HMDB0000107_66_shen	Galactitol	inchikey	1	TRUE	TRUE	2.0000072709081e-09	5.00001817727025e-06
GALACTITOL	2199	HMDB	HMDB0000107_67_shen	Galactitol	inchikey	1	TRUE	TRUE	2.0000072709081e-09	5.00001817727025e-06
GALACTITOL	2200	HMDB	HMDB0000107_68_shen	Galactitol	inchikey	1	TRUE	TRUE	2.0000072709081e-09	5.00001817727025e-06
GALACTITOL	2201	HMDB	HMDB0000107_69_shen	Galactitol	inchikey	1	TRUE	TRUE	2.0000072709081e-09	5.00001817727025e-06
GALACTITOL	2202	HMDB	HMDB0000107_70_shen	Galactitol	inchikey	1	TRUE	TRUE	2.0000072709081e-09	5.00001817727025e-06
GALACTITOL	2203	HMDB	HMDB0000107_71_shen	Galactitol	inchikey	1	TRUE	TRUE	2.0000072709081e-09	5.00001817727025e-06
GALACTITOL	2204	HMDB	HMDB0000107_72_shen	Galactitol	inchikey	1	TRUE	TRUE	2.0000072709081e-09	5.00001817727025e-06
GALACTITOL	2205	HMDB	HMDB0000107_73_shen	Galactitol	inchikey	1	TRUE	TRUE	2.0000072709081e-09	5.00001817727025e-06
GALACTITOL	2206	HMDB	HMDB0000107_74_shen	Galactitol	inchikey	1	TRUE	TRUE	2.0000072709081e-09	5.00001817727025e-06
GALACTITOL	2207	HMDB	HMDB0000107_75_shen	Galactitol	inchikey	1	TRUE	TRUE	2.0000072709081e-09	5.00001817727025e-06
GALACTITOL	2208	HMDB	HMDB0000107_76_shen	Galactitol	inchikey	1	TRUE	TRUE	2.0000072709081e-09	5.00001817727025e-06
GALACTITOL	2209	HMDB	HMDB0000107_77_shen	Galactitol	inchikey	1	TRUE	TRUE	2.0000072709081e-09	5.00001817727025e-06
GALACTITOL	2210	HMDB	HMDB0000107_78_shen	Galactitol	inchikey	1	TRUE	TRUE	2.0000072709081e-09	5.00001817727025e-06
GALACTITOL	2211	HMDB	HMDB0000107_79_shen	Galactitol	inchikey	1	TRUE	TRUE	2.0000072709081e-09	5.00001817727025e-06
GALACTITOL	2212	HMDB	HMDB0000107_80_shen	Galactitol	inchikey	1	TRUE	TRUE	2.0000072709081e-09	5.00001817727025e-06
GALACTITOL	2213	HMDB	HMDB0000107_81_shen	Galactitol	inchikey	1	TRUE	TRUE	2.0000072709081e-09	5.00001817727025e-06
GALACTITOL	2214	HMDB	HMDB0000107_82_shen	Galactitol	inchikey	1	TRUE	TRUE	2.0000072709081e-09	5.00001817727025e-06
GALACTITOL	2215	HMDB	HMDB0000107_83_shen	Galactitol	inchikey	1	TRUE	TRUE	2.0000072709081e-09	5.00001817727025e-06
GALACTITOL	2216	HMDB	HMDB0000107_84_shen	Galactitol	inchikey	1	TRUE	TRUE	2.0000072709081e-09	5.00001817727025e-06
GALACTITOL	2217	HMDB	HMDB0000107_85_shen	Galactitol	inchikey	1	TRUE	TRUE	2.0000072709081e-09	5.00001817727025e-06
GALACTITOL	2218	HMDB	HMDB0000107_86_shen	Galactitol	inchikey	1	TRUE	TRUE	2.0000072709081e-09	5.00001817727025e-06
GALACTITOL	2219	HMDB	HMDB0000107_87_shen	Galactitol	inchikey	1	TRUE	TRUE	2.0000072709081e-09	5.00001817727025e-06
GALACTITOL	2220	HMDB	HMDB0000107_88_shen	Galactitol	inchikey	1	TRUE	TRUE	2.0000072709081e-09	5.00001817727025e-06
GALACTITOL	2221	HMDB	HMDB0000107_89_shen	Galactitol	inchikey	1	TRUE	TRUE	2.0000072709081e-09	5.00001817727025e-06
GALACTITOL	2222	HMDB	HMDB0000107_90_shen	Galactitol	inchikey	1	TRUE	TRUE	2.0000072709081e-09	5.00001817727025e-06
GALACTITOL	2223	HMDB	HMDB0000107_91_shen	Galactitol	inchikey	1	TRUE	TRUE	2.0000072709081e-09	5.00001817727025e-06
GALACTITOL	2224	HMDB	HMDB0000107_92_shen	Galactitol	inchikey	1	TRUE	TRUE	2.0000072709081e-09	5.00001817727025e-06
GALACTITOL	2225	HMDB	HMDB0000107_93_shen	Galactitol	inchikey	1	TRUE	TRUE	2.0000072709081e-09	5.00001817727025e-06
GALACTITOL	2226	HMDB	HMDB0000107_94_shen	Galactitol	inchikey	1	TRUE	TRUE	2.0000072709081e-09	5.00001817727025e-06
GALACTITOL	2227	HMDB	HMDB0000107_95_shen	Galactitol	inchikey	1	TRUE	TRUE	2.0000072709081e-09	5.00001817727025e-06
GALACTITOL	2228	HMDB	HMDB0000107_96_shen	Galactitol	inchikey	1	TRUE	TRUE	2.0000072709081e-09	5.00001817727025e-06
GALACTITOL	2229	HMDB	HMDB0000107_97_shen	Galactitol	inchikey	1	TRUE	TRUE	2.0000072709081e-09	5.00001817727025e-06
GALACTITOL	2230	HMDB	HMDB0000107_98_shen	Galactitol	inchikey	1	TRUE	TRUE	2.0000072709081e-09	5.00001817727025e-06
GALACTITOL	2231	HMDB	HMDB0000107_99_shen	Galactitol	inchikey	1	TRUE	TRUE	2.0000072709081e-09	5.00001817727025e-06
GALACTITOL	2232	HMDB	HMDB0000107_100_shen	Galactitol	inchikey	1	TRUE	TRUE	2.0000072709081e-09	5.00001817727025e-06
GALACTITOL	2233	HMDB	HMDB0000107_101_shen	Galactitol	inchikey	1	TRUE	TRUE	2.0000072709081e-09	5.00001817727025e-06
GALACTITOL	2234	HMDB	HMDB0000107_102_shen	Galactitol	inchikey	1	TRUE	TRUE	2.0000072709081e-09	5.00001817727025e-06
GALACTITOL	2235	HMDB	HMDB0000107_103_shen	Galactitol	inchikey	1	TRUE	TRUE	2.0000072709081e-09	5.00001817727025e-06
GALACTITOL	2236	HMDB	HMDB0000107_104_shen	Galactitol	inchikey	1	TRUE	TRUE	2.0000072709081e-09	5.00001817727025e-06
4-AMINO-BUTYRATE	2238	HMDB	HMDB0000112_1_shen	gamma-Aminobutyric acid	inchikey	1	TRUE	TRUE	1.29999477849196e-09	3.24998694622991e-06
4-AMINO-BUTYRATE	2239	HMDB	HMDB0000112_2_shen	gamma-Aminobutyric acid	inchikey	1	TRUE	TRUE	1.29999477849196e-09	3.24998694622991e-06
4-AMINO-BUTYRATE	2240	HMDB	HMDB0000112_3_shen	gamma-Aminobutyric acid	inchikey	1	TRUE	TRUE	1.29999477849196e-09	3.24998694622991e-06
4-AMINO-BUTYRATE	2241	HMDB	HMDB0000112_4_shen	gamma-Aminobutyric acid	inchikey	1	TRUE	TRUE	1.29999477849196e-09	3.24998694622991e-06
4-AMINO-BUTYRATE	2242	HMDB	HMDB0000112_5_shen	gamma-Aminobutyric acid	inchikey	1	TRUE	TRUE	1.29999477849196e-09	3.24998694622991e-06
4-AMINO-BUTYRATE	2243	HMDB	HMDB0000112_6_shen	gamma-Aminobutyric acid	inchikey	1	TRUE	TRUE	1.29999477849196e-09	3.24998694622991e-06
4-AMINO-BUTYRATE	2244	HMDB	HMDB0000112_7_shen	gamma-Aminobutyric acid	inchikey	1	TRUE	TRUE	1.29999477849196e-09	3.24998694622991e-06
4-AMINO-BUTYRATE	2245	HMDB	HMDB0000112_8_shen	gamma-Aminobutyric acid	inchikey	1	TRUE	TRUE	1.29999477849196e-09	3.24998694622991e-06
4-AMINO-BUTYRATE	2246	HMDB	HMDB0000112_9_shen	gamma-Aminobutyric acid	inchikey	1	TRUE	TRUE	1.29999477849196e-09	3.24998694622991e-06
4-AMINO-BUTYRATE	2247	HMDB	HMDB0000112_10_shen	gamma-Aminobutyric acid	inchikey	1	TRUE	TRUE	1.29999477849196e-09	3.24998694622991e-06
4-AMINO-BUTYRATE	2248	HMDB	HMDB0000112_11_shen	gamma-Aminobutyric acid	inchikey	1	TRUE	TRUE	1.29999477849196e-09	3.24998694622991e-06
4-AMINO-BUTYRATE	2249	HMDB	HMDB0000112_12_shen	gamma-Aminobutyric acid	inchikey	1	TRUE	TRUE	1.29999477849196e-09	3.24998694622991e-06
4-AMINO-BUTYRATE	2250	HMDB	HMDB0000112_13_shen	gamma-Aminobutyric acid	inchikey	1	TRUE	TRUE	1.29999477849196e-09	3.24998694622991e-06
4-AMINO-BUTYRATE	2251	HMDB	HMDB0000112_14_shen	gamma-Aminobutyric acid	inchikey	1	TRUE	TRUE	1.29999477849196e-09	3.24998694622991e-06
4-AMINO-BUTYRATE	2252	HMDB	HMDB0000112_15_shen	gamma-Aminobutyric acid	inchikey	1	TRUE	TRUE	1.29999477849196e-09	3.24998694622991e-06
4-AMINO-BUTYRATE	2253	HMDB	HMDB0000112_16_shen	gamma-Aminobutyric acid	inchikey	1	TRUE	TRUE	1.29999477849196e-09	3.24998694622991e-06
4-AMINO-BUTYRATE	2254	HMDB	HMDB0000112_17_shen	gamma-Aminobutyric acid	inchikey	1	TRUE	TRUE	1.29999477849196e-09	3.24998694622991e-06
4-AMINO-BUTYRATE	2255	HMDB	HMDB0000112_18_shen	gamma-Aminobutyric acid	inchikey	1	TRUE	TRUE	1.29999477849196e-09	3.24998694622991e-06
4-AMINO-BUTYRATE	2256	HMDB	HMDB0000112_19_shen	gamma-Aminobutyric acid	inchikey	1	TRUE	TRUE	1.29999477849196e-09	3.24998694622991e-06
4-AMINO-BUTYRATE	2257	HMDB	HMDB0000112_20_shen	gamma-Aminobutyric acid	inchikey	1	TRUE	TRUE	1.29999477849196e-09	3.24998694622991e-06
4-AMINO-BUTYRATE	2258	HMDB	HMDB0000112_21_shen	gamma-Aminobutyric acid	inchikey	1	TRUE	TRUE	1.29999477849196e-09	3.24998694622991e-06
4-AMINO-BUTYRATE	2259	HMDB	HMDB0000112_22_shen	gamma-Aminobutyric acid	inchikey	1	TRUE	TRUE	1.29999477849196e-09	3.24998694622991e-06
4-AMINO-BUTYRATE	2260	HMDB	HMDB0000112_23_shen	gamma-Aminobutyric acid	inchikey	1	TRUE	TRUE	1.29999477849196e-09	3.24998694622991e-06
4-AMINO-BUTYRATE	2261	HMDB	HMDB0000112_24_shen	gamma-Aminobutyric acid	inchikey	1	TRUE	TRUE	1.29999477849196e-09	3.24998694622991e-06
4-AMINO-BUTYRATE	2262	HMDB	HMDB0000112_25_shen	gamma-Aminobutyric acid	inchikey	1	TRUE	TRUE	1.29999477849196e-09	3.24998694622991e-06
4-AMINO-BUTYRATE	2263	HMDB	HMDB0000112_26_shen	gamma-Aminobutyric acid	inchikey	1	TRUE	TRUE	1.29999477849196e-09	3.24998694622991e-06
4-AMINO-BUTYRATE	2264	HMDB	HMDB0000112_27_shen	gamma-Aminobutyric acid	inchikey	1	TRUE	TRUE	1.29999477849196e-09	3.24998694622991e-06
4-AMINO-BUTYRATE	2265	HMDB	HMDB0000112_28_shen	gamma-Aminobutyric acid	inchikey	1	TRUE	TRUE	1.29999477849196e-09	3.24998694622991e-06
4-AMINO-BUTYRATE	2266	HMDB	HMDB0000112_29_shen	gamma-Aminobutyric acid	inchikey	1	TRUE	TRUE	1.29999477849196e-09	3.24998694622991e-06
4-AMINO-BUTYRATE	2267	HMDB	HMDB0000112_30_shen	gamma-Aminobutyric acid	inchikey	1	TRUE	TRUE	1.29999477849196e-09	3.24998694622991e-06
4-AMINO-BUTYRATE	2268	HMDB	HMDB0000112_31_shen	gamma-Aminobutyric acid	inchikey	1	TRUE	TRUE	1.29999477849196e-09	3.24998694622991e-06
4-AMINO-BUTYRATE	2269	HMDB	HMDB0000112_32_shen	gamma-Aminobutyric acid	inchikey	1	TRUE	TRUE	1.29999477849196e-09	3.24998694622991e-06
4-AMINO-BUTYRATE	2270	HMDB	HMDB0000112_33_shen	gamma-Aminobutyric acid	inchikey	1	TRUE	TRUE	1.29999477849196e-09	3.24998694622991e-06
4-AMINO-BUTYRATE	2271	HMDB	HMDB0000112_34_shen	gamma-Aminobutyric acid	inchikey	1	TRUE	TRUE	1.29999477849196e-09	3.24998694622991e-06
4-AMINO-BUTYRATE	2272	HMDB	HMDB0000112_35_shen	gamma-Aminobutyric acid	inchikey	1	TRUE	TRUE	1.29999477849196e-09	3.24998694622991e-06
4-AMINO-BUTYRATE	2273	HMDB	HMDB0000112_36_shen	gamma-Aminobutyric acid	inchikey	1	TRUE	TRUE	1.29999477849196e-09	3.24998694622991e-06
4-AMINO-BUTYRATE	2274	HMDB	HMDB0000112_37_shen	gamma-Aminobutyric acid	inchikey	1	TRUE	TRUE	1.29999477849196e-09	3.24998694622991e-06
4-AMINO-BUTYRATE	2275	HMDB	HMDB0000112_38_shen	gamma-Aminobutyric acid	inchikey	1	TRUE	TRUE	1.29999477849196e-09	3.24998694622991e-06
4-AMINO-BUTYRATE	2276	HMDB	HMDB0000112_39_shen	gamma-Aminobutyric acid	inchikey	1	TRUE	TRUE	1.29999477849196e-09	3.24998694622991e-06
4-AMINO-BUTYRATE	2277	HMDB	HMDB0000112_40_shen	gamma-Aminobutyric acid	inchikey	1	TRUE	TRUE	1.29999477849196e-09	3.24998694622991e-06
4-AMINO-BUTYRATE	2278	HMDB	HMDB0000112_41_shen	gamma-Aminobutyric acid	inchikey	1	TRUE	TRUE	1.29999477849196e-09	3.24998694622991e-06
4-AMINO-BUTYRATE	2279	HMDB	HMDB0000112_42_shen	gamma-Aminobutyric acid	inchikey	1	TRUE	TRUE	1.29999477849196e-09	3.24998694622991e-06
4-AMINO-BUTYRATE	2280	HMDB	HMDB0000112_43_shen	gamma-Aminobutyric acid	inchikey	1	TRUE	TRUE	1.29999477849196e-09	3.24998694622991e-06
4-AMINO-BUTYRATE	2281	HMDB	HMDB0000112_44_shen	gamma-Aminobutyric acid	inchikey	1	TRUE	TRUE	1.29999477849196e-09	3.24998694622991e-06
4-AMINO-BUTYRATE	2282	HMDB	HMDB0000112_45_shen	gamma-Aminobutyric acid	inchikey	1	TRUE	TRUE	1.29999477849196e-09	3.24998694622991e-06
4-AMINO-BUTYRATE	2283	HMDB	HMDB0000112_46_shen	gamma-Aminobutyric acid	inchikey	1	TRUE	TRUE	1.29999477849196e-09	3.24998694622991e-06
4-AMINO-BUTYRATE	2284	HMDB	HMDB0000112_47_shen	gamma-Aminobutyric acid	inchikey	1	TRUE	TRUE	1.29999477849196e-09	3.24998694622991e-06
4-AMINO-BUTYRATE	2285	HMDB	HMDB0000112_48_shen	gamma-Aminobutyric acid	inchikey	1	TRUE	TRUE	1.29999477849196e-09	3.24998694622991e-06
4-AMINO-BUTYRATE	2286	HMDB	HMDB0000112_49_shen	gamma-Aminobutyric acid	inchikey	1	TRUE	TRUE	1.29999477849196e-09	3.24998694622991e-06
4-AMINO-BUTYRATE	2287	HMDB	HMDB0000112_50_shen	gamma-Aminobutyric acid	inchikey	1	TRUE	TRUE	1.29999477849196e-09	3.24998694622991e-06
4-AMINO-BUTYRATE	2288	HMDB	HMDB0000112_51_shen	gamma-Aminobutyric acid	inchikey	1	TRUE	TRUE	1.29999477849196e-09	3.24998694622991e-06
4-AMINO-BUTYRATE	2289	HMDB	HMDB0000112_52_shen	gamma-Aminobutyric acid	inchikey	1	TRUE	TRUE	1.29999477849196e-09	3.24998694622991e-06
4-AMINO-BUTYRATE	2290	HMDB	HMDB0000112_53_shen	gamma-Aminobutyric acid	inchikey	1	TRUE	TRUE	1.29999477849196e-09	3.24998694622991e-06
4-AMINO-BUTYRATE	2291	HMDB	HMDB0000112_54_shen	gamma-Aminobutyric acid	inchikey	1	TRUE	TRUE	1.29999477849196e-09	3.24998694622991e-06
GLYCOLLATE	2292	HMDB	HMDB0000115_1_shen	Glycolic acid	inchikey_connectivity_formula_mass	2	FALSE	TRUE	6.9999828156142e-10	1.74999570390355e-06
GLYCOLLATE	2293	HMDB	HMDB0000115_2_shen	Glycolic acid	inchikey_connectivity_formula_mass	2	FALSE	TRUE	6.9999828156142e-10	1.74999570390355e-06
GLYCOLLATE	2294	HMDB	HMDB0000115_3_shen	Glycolic acid	inchikey_connectivity_formula_mass	2	FALSE	TRUE	6.9999828156142e-10	1.74999570390355e-06
GLYCOLLATE	2295	HMDB	HMDB0000115_4_shen	Glycolic acid	inchikey_connectivity_formula_mass	2	FALSE	TRUE	6.9999828156142e-10	1.74999570390355e-06
GLYCOLLATE	2296	HMDB	HMDB0000115_5_shen	Glycolic acid	inchikey_connectivity_formula_mass	2	FALSE	TRUE	6.9999828156142e-10	1.74999570390355e-06
GLYCOLLATE	2297	HMDB	HMDB0000115_6_shen	Glycolic acid	inchikey_connectivity_formula_mass	2	FALSE	TRUE	6.9999828156142e-10	1.74999570390355e-06
GLYCOLLATE	2298	HMDB	HMDB0000115_7_shen	Glycolic acid	inchikey_connectivity_formula_mass	2	FALSE	TRUE	6.9999828156142e-10	1.74999570390355e-06
GLYCOLLATE	2299	HMDB	HMDB0000115_8_shen	Glycolic acid	inchikey_connectivity_formula_mass	2	FALSE	TRUE	6.9999828156142e-10	1.74999570390355e-06
GLYCOLLATE	2300	HMDB	HMDB0000115_9_shen	Glycolic acid	inchikey_connectivity_formula_mass	2	FALSE	TRUE	6.9999828156142e-10	1.74999570390355e-06
GLYCOLLATE	2301	HMDB	HMDB0000115_10_shen	Glycolic acid	inchikey_connectivity_formula_mass	2	FALSE	TRUE	6.9999828156142e-10	1.74999570390355e-06
GLYCOLLATE	2302	HMDB	HMDB0000115_11_shen	Glycolic acid	inchikey_connectivity_formula_mass	2	FALSE	TRUE	6.9999828156142e-10	1.74999570390355e-06
GLYCOLLATE	2303	HMDB	HMDB0000115_12_shen	Glycolic acid	inchikey_connectivity_formula_mass	2	FALSE	TRUE	6.9999828156142e-10	1.74999570390355e-06
GLYCOLLATE	2304	HMDB	HMDB0000115_13_shen	Glycolic acid	inchikey_connectivity_formula_mass	2	FALSE	TRUE	6.9999828156142e-10	1.74999570390355e-06
GLYCOLLATE	2305	HMDB	HMDB0000115_14_shen	Glycolic acid	inchikey_connectivity_formula_mass	2	FALSE	TRUE	6.9999828156142e-10	1.74999570390355e-06
GLYCOLLATE	2306	HMDB	HMDB0000115_15_shen	Glycolic acid	inchikey_connectivity_formula_mass	2	FALSE	TRUE	6.9999828156142e-10	1.74999570390355e-06
GLYCOLLATE	2307	HMDB	HMDB0000115_16_shen	Glycolic acid	inchikey_connectivity_formula_mass	2	FALSE	TRUE	6.9999828156142e-10	1.74999570390355e-06
GLYCOLLATE	2308	HMDB	HMDB0000115_17_shen	Glycolic acid	inchikey_connectivity_formula_mass	2	FALSE	TRUE	6.9999828156142e-10	1.74999570390355e-06
GLYCOLLATE	2309	HMDB	HMDB0000115_18_shen	Glycolic acid	inchikey_connectivity_formula_mass	2	FALSE	TRUE	6.9999828156142e-10	1.74999570390355e-06
GLYCOLLATE	2310	HMDB	HMDB0000115_19_shen	Glycolic acid	inchikey_connectivity_formula_mass	2	FALSE	TRUE	6.9999828156142e-10	1.74999570390355e-06
GLYCOLLATE	2311	HMDB	HMDB0000115_20_shen	Glycolic acid	inchikey_connectivity_formula_mass	2	FALSE	TRUE	6.9999828156142e-10	1.74999570390355e-06
GLYCOLLATE	2312	HMDB	HMDB0000115_21_shen	Glycolic acid	inchikey_connectivity_formula_mass	2	FALSE	TRUE	6.9999828156142e-10	1.74999570390355e-06
GLYCOLLATE	2313	HMDB	HMDB0000115_22_shen	Glycolic acid	inchikey_connectivity_formula_mass	2	FALSE	TRUE	6.9999828156142e-10	1.74999570390355e-06
GLYCOLLATE	2314	HMDB	HMDB0000115_23_shen	Glycolic acid	inchikey_connectivity_formula_mass	2	FALSE	TRUE	6.9999828156142e-10	1.74999570390355e-06
GLYCOLLATE	2315	HMDB	HMDB0000115_24_shen	Glycolic acid	inchikey_connectivity_formula_mass	2	FALSE	TRUE	6.9999828156142e-10	1.74999570390355e-06
GLYCOLLATE	2316	HMDB	HMDB0000115_25_shen	Glycolic acid	inchikey_connectivity_formula_mass	2	FALSE	TRUE	6.9999828156142e-10	1.74999570390355e-06
GLYCOLLATE	2317	HMDB	HMDB0000115_26_shen	Glycolic acid	inchikey_connectivity_formula_mass	2	FALSE	TRUE	6.9999828156142e-10	1.74999570390355e-06
GLYCOLLATE	2318	HMDB	HMDB0000115_27_shen	Glycolic acid	inchikey_connectivity_formula_mass	2	FALSE	TRUE	6.9999828156142e-10	1.74999570390355e-06
GLYCOLLATE	2319	HMDB	HMDB0000115_28_shen	Glycolic acid	inchikey_connectivity_formula_mass	2	FALSE	TRUE	6.9999828156142e-10	1.74999570390355e-06
GLYCOLLATE	2320	HMDB	HMDB0000115_29_shen	Glycolic acid	inchikey_connectivity_formula_mass	2	FALSE	TRUE	6.9999828156142e-10	1.74999570390355e-06
GLYCOLLATE	2321	HMDB	HMDB0000115_30_shen	Glycolic acid	inchikey_connectivity_formula_mass	2	FALSE	TRUE	6.9999828156142e-10	1.74999570390355e-06
GLYCOLLATE	2322	HMDB	HMDB0000115_31_shen	Glycolic acid	inchikey_connectivity_formula_mass	2	FALSE	TRUE	6.9999828156142e-10	1.74999570390355e-06
GLYCOLLATE	2323	HMDB	HMDB0000115_32_shen	Glycolic acid	inchikey_connectivity_formula_mass	2	FALSE	TRUE	6.9999828156142e-10	1.74999570390355e-06
GLYCOLLATE	2324	HMDB	HMDB0000115_33_shen	Glycolic acid	inchikey_connectivity_formula_mass	2	FALSE	TRUE	6.9999828156142e-10	1.74999570390355e-06
GLYCOLLATE	2325	HMDB	HMDB0000115_34_shen	Glycolic acid	inchikey_connectivity_formula_mass	2	FALSE	TRUE	6.9999828156142e-10	1.74999570390355e-06
GLYCOLLATE	2326	HMDB	HMDB0000115_35_shen	Glycolic acid	inchikey_connectivity_formula_mass	2	FALSE	TRUE	6.9999828156142e-10	1.74999570390355e-06
GLYCOLLATE	2327	HMDB	HMDB0000115_36_shen	Glycolic acid	inchikey_connectivity_formula_mass	2	FALSE	TRUE	6.9999828156142e-10	1.74999570390355e-06
GLYCOLLATE	2328	HMDB	HMDB0000115_37_shen	Glycolic acid	inchikey_connectivity_formula_mass	2	FALSE	TRUE	6.9999828156142e-10	1.74999570390355e-06
GLYCOLLATE	2329	HMDB	HMDB0000115_38_shen	Glycolic acid	inchikey_connectivity_formula_mass	2	FALSE	TRUE	6.9999828156142e-10	1.74999570390355e-06
GLYCOLLATE	2330	HMDB	HMDB0000115_39_shen	Glycolic acid	inchikey_connectivity_formula_mass	2	FALSE	TRUE	6.9999828156142e-10	1.74999570390355e-06
GLYCOLLATE	2331	HMDB	HMDB0000115_40_shen	Glycolic acid	inchikey_connectivity_formula_mass	2	FALSE	TRUE	6.9999828156142e-10	1.74999570390355e-06
GLYCOLLATE	2332	HMDB	HMDB0000115_41_shen	Glycolic acid	inchikey_connectivity_formula_mass	2	FALSE	TRUE	6.9999828156142e-10	1.74999570390355e-06
GLYCOLLATE	2333	HMDB	HMDB0000115_42_shen	Glycolic acid	inchikey_connectivity_formula_mass	2	FALSE	TRUE	6.9999828156142e-10	1.74999570390355e-06
GLYCOLLATE	2334	HMDB	HMDB0000115_43_shen	Glycolic acid	inchikey_connectivity_formula_mass	2	FALSE	TRUE	6.9999828156142e-10	1.74999570390355e-06
GLYCOLLATE	2335	HMDB	HMDB0000115_44_shen	Glycolic acid	inchikey_connectivity_formula_mass	2	FALSE	TRUE	6.9999828156142e-10	1.74999570390355e-06
GLYCOLLATE	2336	HMDB	HMDB0000115_45_shen	Glycolic acid	inchikey_connectivity_formula_mass	2	FALSE	TRUE	6.9999828156142e-10	1.74999570390355e-06
GLYCOLLATE	2337	HMDB	HMDB0000115_46_shen	Glycolic acid	inchikey_connectivity_formula_mass	2	FALSE	TRUE	6.9999828156142e-10	1.74999570390355e-06
GLYCOLLATE	2338	HMDB	HMDB0000115_47_shen	Glycolic acid	inchikey_connectivity_formula_mass	2	FALSE	TRUE	6.9999828156142e-10	1.74999570390355e-06
GLYOX	2376	HMDB	HMDB0000119_1_shen	Glyoxylic acid	inchikey_connectivity_formula_mass	2	FALSE	TRUE	4.99994712299667e-10	1.24998678074917e-06
GLYOX	2377	HMDB	HMDB0000119_2_shen	Glyoxylic acid	inchikey_connectivity_formula_mass	2	FALSE	TRUE	4.99994712299667e-10	1.24998678074917e-06
GLYOX	2378	HMDB	HMDB0000119_3_shen	Glyoxylic acid	inchikey_connectivity_formula_mass	2	FALSE	TRUE	4.99994712299667e-10	1.24998678074917e-06
GLYOX	2379	HMDB	HMDB0000119_4_shen	Glyoxylic acid	inchikey_connectivity_formula_mass	2	FALSE	TRUE	4.99994712299667e-10	1.24998678074917e-06
GLYOX	2380	HMDB	HMDB0000119_5_shen	Glyoxylic acid	inchikey_connectivity_formula_mass	2	FALSE	TRUE	4.99994712299667e-10	1.24998678074917e-06
GLYOX	2381	HMDB	HMDB0000119_6_shen	Glyoxylic acid	inchikey_connectivity_formula_mass	2	FALSE	TRUE	4.99994712299667e-10	1.24998678074917e-06
GLYOX	2382	HMDB	HMDB0000119_7_shen	Glyoxylic acid	inchikey_connectivity_formula_mass	2	FALSE	TRUE	4.99994712299667e-10	1.24998678074917e-06
GLYOX	2383	HMDB	HMDB0000119_8_shen	Glyoxylic acid	inchikey_connectivity_formula_mass	2	FALSE	TRUE	4.99994712299667e-10	1.24998678074917e-06
GLYOX	2384	HMDB	HMDB0000119_9_shen	Glyoxylic acid	inchikey_connectivity_formula_mass	2	FALSE	TRUE	4.99994712299667e-10	1.24998678074917e-06
CPD-12826	2385	HMDB	HMDB0000121_1_shen	Folic acid	inchikey_connectivity_formula_mass	2	FALSE	TRUE	3.89997012462118e-09	8.8406694959537e-06
CPD-12826	2386	HMDB	HMDB0000121_2_shen	Folic acid	inchikey_connectivity_formula_mass	2	FALSE	TRUE	3.89997012462118e-09	8.8406694959537e-06
CPD-12826	2387	HMDB	HMDB0000121_3_shen	Folic acid	inchikey_connectivity_formula_mass	2	FALSE	TRUE	3.89997012462118e-09	8.8406694959537e-06
CPD-12826	2388	HMDB	HMDB0000121_4_shen	Folic acid	inchikey_connectivity_formula_mass	2	FALSE	TRUE	3.89997012462118e-09	8.8406694959537e-06
CPD-12826	2389	HMDB	HMDB0000121_5_shen	Folic acid	inchikey_connectivity_formula_mass	2	FALSE	TRUE	3.89997012462118e-09	8.8406694959537e-06
CPD-12826	2390	HMDB	HMDB0000121_6_shen	Folic acid	inchikey_connectivity_formula_mass	2	FALSE	TRUE	3.89997012462118e-09	8.8406694959537e-06
CPD-12826	2391	HMDB	HMDB0000121_7_shen	Folic acid	inchikey_connectivity_formula_mass	2	FALSE	TRUE	3.89997012462118e-09	8.8406694959537e-06
CPD-12826	2392	HMDB	HMDB0000121_8_shen	Folic acid	inchikey_connectivity_formula_mass	2	FALSE	TRUE	3.89997012462118e-09	8.8406694959537e-06
CPD-12826	2393	HMDB	HMDB0000121_9_shen	Folic acid	inchikey_connectivity_formula_mass	2	FALSE	TRUE	3.89997012462118e-09	8.8406694959537e-06
CPD-12826	2394	HMDB	HMDB0000121_10_shen	Folic acid	inchikey_connectivity_formula_mass	2	FALSE	TRUE	3.89997012462118e-09	8.8406694959537e-06
CPD-12826	2395	HMDB	HMDB0000121_11_shen	Folic acid	inchikey_connectivity_formula_mass	2	FALSE	TRUE	3.89997012462118e-09	8.8406694959537e-06
CPD-12826	2396	HMDB	HMDB0000121_12_shen	Folic acid	inchikey_connectivity_formula_mass	2	FALSE	TRUE	3.89997012462118e-09	8.8406694959537e-06
CPD-12826	2397	HMDB	HMDB0000121_13_shen	Folic acid	inchikey_connectivity_formula_mass	2	FALSE	TRUE	3.89997012462118e-09	8.8406694959537e-06
CPD-12826	2398	HMDB	HMDB0000121_14_shen	Folic acid	inchikey_connectivity_formula_mass	2	FALSE	TRUE	3.89997012462118e-09	8.8406694959537e-06
CPD-12826	2399	HMDB	HMDB0000121_15_shen	Folic acid	inchikey_connectivity_formula_mass	2	FALSE	TRUE	3.89997012462118e-09	8.8406694959537e-06
CPD-12826	2400	HMDB	HMDB0000121_16_shen	Folic acid	inchikey_connectivity_formula_mass	2	FALSE	TRUE	3.89997012462118e-09	8.8406694959537e-06
CPD-12826	2401	HMDB	HMDB0000121_17_shen	Folic acid	inchikey_connectivity_formula_mass	2	FALSE	TRUE	3.89997012462118e-09	8.8406694959537e-06
CPD-12826	2402	HMDB	HMDB0000121_18_shen	Folic acid	inchikey_connectivity_formula_mass	2	FALSE	TRUE	3.89997012462118e-09	8.8406694959537e-06
CPD-12826	2403	HMDB	HMDB0000121_19_shen	Folic acid	inchikey_connectivity_formula_mass	2	FALSE	TRUE	3.89997012462118e-09	8.8406694959537e-06
CPD-12826	2404	HMDB	HMDB0000121_20_shen	Folic acid	inchikey_connectivity_formula_mass	2	FALSE	TRUE	3.89997012462118e-09	8.8406694959537e-06
CPD-12826	2405	HMDB	HMDB0000121_21_shen	Folic acid	inchikey_connectivity_formula_mass	2	FALSE	TRUE	3.89997012462118e-09	8.8406694959537e-06
CPD-12826	2406	HMDB	HMDB0000121_22_shen	Folic acid	inchikey_connectivity_formula_mass	2	FALSE	TRUE	3.89997012462118e-09	8.8406694959537e-06
CPD-12826	2407	HMDB	HMDB0000121_23_shen	Folic acid	inchikey_connectivity_formula_mass	2	FALSE	TRUE	3.89997012462118e-09	8.8406694959537e-06
CPD-12826	2408	HMDB	HMDB0000121_24_shen	Folic acid	inchikey_connectivity_formula_mass	2	FALSE	TRUE	3.89997012462118e-09	8.8406694959537e-06
CPD-12826	2409	HMDB	HMDB0000121_25_shen	Folic acid	inchikey_connectivity_formula_mass	2	FALSE	TRUE	3.89997012462118e-09	8.8406694959537e-06
CPD-12826	2410	HMDB	HMDB0000121_26_shen	Folic acid	inchikey_connectivity_formula_mass	2	FALSE	TRUE	3.89997012462118e-09	8.8406694959537e-06
CPD-12826	2411	HMDB	HMDB0000121_27_shen	Folic acid	inchikey_connectivity_formula_mass	2	FALSE	TRUE	3.89997012462118e-09	8.8406694959537e-06
CPD-12826	2412	HMDB	HMDB0000121_28_shen	Folic acid	inchikey_connectivity_formula_mass	2	FALSE	TRUE	3.89997012462118e-09	8.8406694959537e-06
CPD-12826	2413	HMDB	HMDB0000121_29_shen	Folic acid	inchikey_connectivity_formula_mass	2	FALSE	TRUE	3.89997012462118e-09	8.8406694959537e-06
CPD-12826	2414	HMDB	HMDB0000121_30_shen	Folic acid	inchikey_connectivity_formula_mass	2	FALSE	TRUE	3.89997012462118e-09	8.8406694959537e-06
CPD-12826	2415	HMDB	HMDB0000121_31_shen	Folic acid	inchikey_connectivity_formula_mass	2	FALSE	TRUE	3.89997012462118e-09	8.8406694959537e-06
CPD-12826	2416	HMDB	HMDB0000121_32_shen	Folic acid	inchikey_connectivity_formula_mass	2	FALSE	TRUE	3.89997012462118e-09	8.8406694959537e-06
CPD-12826	2417	HMDB	HMDB0000121_33_shen	Folic acid	inchikey_connectivity_formula_mass	2	FALSE	TRUE	3.89997012462118e-09	8.8406694959537e-06
CPD-12826	2418	HMDB	HMDB0000121_34_shen	Folic acid	inchikey_connectivity_formula_mass	2	FALSE	TRUE	3.89997012462118e-09	8.8406694959537e-06
CPD-12826	2419	HMDB	HMDB0000121_35_shen	Folic acid	inchikey_connectivity_formula_mass	2	FALSE	TRUE	3.89997012462118e-09	8.8406694959537e-06
CPD-12826	2420	HMDB	HMDB0000121_36_shen	Folic acid	inchikey_connectivity_formula_mass	2	FALSE	TRUE	3.89997012462118e-09	8.8406694959537e-06
CPD-12826	2421	HMDB	HMDB0000121_37_shen	Folic acid	inchikey_connectivity_formula_mass	2	FALSE	TRUE	3.89997012462118e-09	8.8406694959537e-06
CPD-12826	2422	HMDB	HMDB0000121_38_shen	Folic acid	inchikey_connectivity_formula_mass	2	FALSE	TRUE	3.89997012462118e-09	8.8406694959537e-06
CPD-12826	2423	HMDB	HMDB0000121_39_shen	Folic acid	inchikey_connectivity_formula_mass	2	FALSE	TRUE	3.89997012462118e-09	8.8406694959537e-06
CPD-12826	2424	HMDB	HMDB0000121_40_shen	Folic acid	inchikey_connectivity_formula_mass	2	FALSE	TRUE	3.89997012462118e-09	8.8406694959537e-06
CPD-12826	2425	HMDB	HMDB0000121_41_shen	Folic acid	inchikey_connectivity_formula_mass	2	FALSE	TRUE	3.89997012462118e-09	8.8406694959537e-06
CPD-12826	2426	HMDB	HMDB0000121_42_shen	Folic acid	inchikey_connectivity_formula_mass	2	FALSE	TRUE	3.89997012462118e-09	8.8406694959537e-06
CPD-12826	2427	HMDB	HMDB0000121_43_shen	Folic acid	inchikey_connectivity_formula_mass	2	FALSE	TRUE	3.89997012462118e-09	8.8406694959537e-06
CPD-12826	2428	HMDB	HMDB0000121_44_shen	Folic acid	inchikey_connectivity_formula_mass	2	FALSE	TRUE	3.89997012462118e-09	8.8406694959537e-06
CPD-12826	2429	HMDB	HMDB0000121_45_shen	Folic acid	inchikey_connectivity_formula_mass	2	FALSE	TRUE	3.89997012462118e-09	8.8406694959537e-06
CPD-12826	2430	HMDB	HMDB0000121_46_shen	Folic acid	inchikey_connectivity_formula_mass	2	FALSE	TRUE	3.89997012462118e-09	8.8406694959537e-06
CPD-12826	2431	HMDB	HMDB0000121_47_shen	Folic acid	inchikey_connectivity_formula_mass	2	FALSE	TRUE	3.89997012462118e-09	8.8406694959537e-06
CPD-12826	2432	HMDB	HMDB0000121_48_shen	Folic acid	inchikey_connectivity_formula_mass	2	FALSE	TRUE	3.89997012462118e-09	8.8406694959537e-06
CPD-12826	2433	HMDB	HMDB0000121_49_shen	Folic acid	inchikey_connectivity_formula_mass	2	FALSE	TRUE	3.89997012462118e-09	8.8406694959537e-06
CPD-12826	2434	HMDB	HMDB0000121_50_shen	Folic acid	inchikey_connectivity_formula_mass	2	FALSE	TRUE	3.89997012462118e-09	8.8406694959537e-06
CPD-12826	2435	HMDB	HMDB0000121_51_shen	Folic acid	inchikey_connectivity_formula_mass	2	FALSE	TRUE	3.89997012462118e-09	8.8406694959537e-06
CPD-12826	2436	HMDB	HMDB0000121_52_shen	Folic acid	inchikey_connectivity_formula_mass	2	FALSE	TRUE	3.89997012462118e-09	8.8406694959537e-06
CPD-12826	2437	HMDB	HMDB0000121_53_shen	Folic acid	inchikey_connectivity_formula_mass	2	FALSE	TRUE	3.89997012462118e-09	8.8406694959537e-06
CPD-12826	2438	HMDB	HMDB0000121_54_shen	Folic acid	inchikey_connectivity_formula_mass	2	FALSE	TRUE	3.89997012462118e-09	8.8406694959537e-06
CPD-12826	2439	HMDB	HMDB0000121_55_shen	Folic acid	inchikey_connectivity_formula_mass	2	FALSE	TRUE	3.89997012462118e-09	8.8406694959537e-06
CPD-12826	2440	HMDB	HMDB0000121_56_shen	Folic acid	inchikey_connectivity_formula_mass	2	FALSE	TRUE	3.89997012462118e-09	8.8406694959537e-06
CPD-12826	2441	HMDB	HMDB0000121_57_shen	Folic acid	inchikey_connectivity_formula_mass	2	FALSE	TRUE	3.89997012462118e-09	8.8406694959537e-06
CPD-12826	2442	HMDB	HMDB0000121_58_shen	Folic acid	inchikey_connectivity_formula_mass	2	FALSE	TRUE	3.89997012462118e-09	8.8406694959537e-06
CPD-12826	2443	HMDB	HMDB0000121_59_shen	Folic acid	inchikey_connectivity_formula_mass	2	FALSE	TRUE	3.89997012462118e-09	8.8406694959537e-06
CPD-12826	2444	HMDB	HMDB0000121_60_shen	Folic acid	inchikey_connectivity_formula_mass	2	FALSE	TRUE	3.89997012462118e-09	8.8406694959537e-06
CPD-12826	2445	HMDB	HMDB0000121_61_shen	Folic acid	inchikey_connectivity_formula_mass	2	FALSE	TRUE	3.89997012462118e-09	8.8406694959537e-06
CPD-12826	2446	HMDB	HMDB0000121_62_shen	Folic acid	inchikey_connectivity_formula_mass	2	FALSE	TRUE	3.89997012462118e-09	8.8406694959537e-06
CPD-12826	2447	HMDB	HMDB0000121_63_shen	Folic acid	inchikey_connectivity_formula_mass	2	FALSE	TRUE	3.89997012462118e-09	8.8406694959537e-06
CPD-12826	2448	HMDB	HMDB0000121_64_shen	Folic acid	inchikey_connectivity_formula_mass	2	FALSE	TRUE	3.89997012462118e-09	8.8406694959537e-06
CPD-12826	2449	HMDB	HMDB0000121_65_shen	Folic acid	inchikey_connectivity_formula_mass	2	FALSE	TRUE	3.89997012462118e-09	8.8406694959537e-06
GLC	2450	HMDB	HMDB0000122_1_shen	D-Glucose	inchikey	1	TRUE	TRUE	1.80000370164635e-09	4.50000925411587e-06
GLC	2451	HMDB	HMDB0000122_2_shen	D-Glucose	inchikey	1	TRUE	TRUE	1.80000370164635e-09	4.50000925411587e-06
GLC	2452	HMDB	HMDB0000122_3_shen	D-Glucose	inchikey	1	TRUE	TRUE	1.80000370164635e-09	4.50000925411587e-06
GLC	2453	HMDB	HMDB0000122_4_shen	D-Glucose	inchikey	1	TRUE	TRUE	1.80000370164635e-09	4.50000925411587e-06
GLC	2454	HMDB	HMDB0000122_5_shen	D-Glucose	inchikey	1	TRUE	TRUE	1.80000370164635e-09	4.50000925411587e-06
GLC	2455	HMDB	HMDB0000122_6_shen	D-Glucose	inchikey	1	TRUE	TRUE	1.80000370164635e-09	4.50000925411587e-06
GLC	2456	HMDB	HMDB0000122_7_shen	D-Glucose	inchikey	1	TRUE	TRUE	1.80000370164635e-09	4.50000925411587e-06
GLC	2457	HMDB	HMDB0000122_8_shen	D-Glucose	inchikey	1	TRUE	TRUE	1.80000370164635e-09	4.50000925411587e-06
GLC	2458	HMDB	HMDB0000122_9_shen	D-Glucose	inchikey	1	TRUE	TRUE	1.80000370164635e-09	4.50000925411587e-06
GLC	2459	HMDB	HMDB0000122_10_shen	D-Glucose	inchikey	1	TRUE	TRUE	1.80000370164635e-09	4.50000925411587e-06
GLC	2460	HMDB	HMDB0000122_11_shen	D-Glucose	inchikey	1	TRUE	TRUE	1.80000370164635e-09	4.50000925411587e-06
GLC	2461	HMDB	HMDB0000122_12_shen	D-Glucose	inchikey	1	TRUE	TRUE	1.80000370164635e-09	4.50000925411587e-06
GLC	2462	HMDB	HMDB0000122_13_shen	D-Glucose	inchikey	1	TRUE	TRUE	1.80000370164635e-09	4.50000925411587e-06
GLC	2463	HMDB	HMDB0000122_14_shen	D-Glucose	inchikey	1	TRUE	TRUE	1.80000370164635e-09	4.50000925411587e-06
GLC	2464	HMDB	HMDB0000122_15_shen	D-Glucose	inchikey	1	TRUE	TRUE	1.80000370164635e-09	4.50000925411587e-06
GLC	2465	HMDB	HMDB0000122_16_shen	D-Glucose	inchikey	1	TRUE	TRUE	1.80000370164635e-09	4.50000925411587e-06
GLC	2466	HMDB	HMDB0000122_17_shen	D-Glucose	inchikey	1	TRUE	TRUE	1.80000370164635e-09	4.50000925411587e-06
GLC	2467	HMDB	HMDB0000122_18_shen	D-Glucose	inchikey	1	TRUE	TRUE	1.80000370164635e-09	4.50000925411587e-06
GLC	2468	HMDB	HMDB0000122_19_shen	D-Glucose	inchikey	1	TRUE	TRUE	1.80000370164635e-09	4.50000925411587e-06
GLC	2469	HMDB	HMDB0000122_20_shen	D-Glucose	inchikey	1	TRUE	TRUE	1.80000370164635e-09	4.50000925411587e-06
GLC	2470	HMDB	HMDB0000122_21_shen	D-Glucose	inchikey	1	TRUE	TRUE	1.80000370164635e-09	4.50000925411587e-06
GLC	2471	HMDB	HMDB0000122_22_shen	D-Glucose	inchikey	1	TRUE	TRUE	1.80000370164635e-09	4.50000925411587e-06
GLC	2472	HMDB	HMDB0000122_23_shen	D-Glucose	inchikey	1	TRUE	TRUE	1.80000370164635e-09	4.50000925411587e-06
GLC	2473	HMDB	HMDB0000122_24_shen	D-Glucose	inchikey	1	TRUE	TRUE	1.80000370164635e-09	4.50000925411587e-06
GLC	2474	HMDB	HMDB0000122_25_shen	D-Glucose	inchikey	1	TRUE	TRUE	1.80000370164635e-09	4.50000925411587e-06
GLC	2475	HMDB	HMDB0000122_26_shen	D-Glucose	inchikey	1	TRUE	TRUE	1.80000370164635e-09	4.50000925411587e-06
GLC	2476	HMDB	HMDB0000122_27_shen	D-Glucose	inchikey	1	TRUE	TRUE	1.80000370164635e-09	4.50000925411587e-06
GLC	2477	HMDB	HMDB0000122_28_shen	D-Glucose	inchikey	1	TRUE	TRUE	1.80000370164635e-09	4.50000925411587e-06
GLC	2478	HMDB	HMDB0000122_29_shen	D-Glucose	inchikey	1	TRUE	TRUE	1.80000370164635e-09	4.50000925411587e-06
GLC	2479	HMDB	HMDB0000122_30_shen	D-Glucose	inchikey	1	TRUE	TRUE	1.80000370164635e-09	4.50000925411587e-06
GLC	2480	HMDB	HMDB0000122_31_shen	D-Glucose	inchikey	1	TRUE	TRUE	1.80000370164635e-09	4.50000925411587e-06
GLC	2481	HMDB	HMDB0000122_32_shen	D-Glucose	inchikey	1	TRUE	TRUE	1.80000370164635e-09	4.50000925411587e-06
GLC	2482	HMDB	HMDB0000122_33_shen	D-Glucose	inchikey	1	TRUE	TRUE	1.80000370164635e-09	4.50000925411587e-06
GLC	2483	HMDB	HMDB0000122_34_shen	D-Glucose	inchikey	1	TRUE	TRUE	1.80000370164635e-09	4.50000925411587e-06
GLC	2484	HMDB	HMDB0000122_35_shen	D-Glucose	inchikey	1	TRUE	TRUE	1.80000370164635e-09	4.50000925411587e-06
GLC	2485	HMDB	HMDB0000122_36_shen	D-Glucose	inchikey	1	TRUE	TRUE	1.80000370164635e-09	4.50000925411587e-06
GLC	2486	HMDB	HMDB0000122_37_shen	D-Glucose	inchikey	1	TRUE	TRUE	1.80000370164635e-09	4.50000925411587e-06
GLC	2487	HMDB	HMDB0000122_38_shen	D-Glucose	inchikey	1	TRUE	TRUE	1.80000370164635e-09	4.50000925411587e-06
GLC	2488	HMDB	HMDB0000122_39_shen	D-Glucose	inchikey	1	TRUE	TRUE	1.80000370164635e-09	4.50000925411587e-06
GLC	2489	HMDB	HMDB0000122_40_shen	D-Glucose	inchikey	1	TRUE	TRUE	1.80000370164635e-09	4.50000925411587e-06
GLC	2490	HMDB	HMDB0000122_41_shen	D-Glucose	inchikey	1	TRUE	TRUE	1.80000370164635e-09	4.50000925411587e-06
GLC	2491	HMDB	HMDB0000122_42_shen	D-Glucose	inchikey	1	TRUE	TRUE	1.80000370164635e-09	4.50000925411587e-06
GLC	2492	HMDB	HMDB0000122_43_shen	D-Glucose	inchikey	1	TRUE	TRUE	1.80000370164635e-09	4.50000925411587e-06
GLC	2493	HMDB	HMDB0000122_44_shen	D-Glucose	inchikey	1	TRUE	TRUE	1.80000370164635e-09	4.50000925411587e-06
GLC	2494	HMDB	HMDB0000122_45_shen	D-Glucose	inchikey	1	TRUE	TRUE	1.80000370164635e-09	4.50000925411587e-06
GLC	2495	HMDB	HMDB0000122_46_shen	D-Glucose	inchikey	1	TRUE	TRUE	1.80000370164635e-09	4.50000925411587e-06
GLC	2496	HMDB	HMDB0000122_47_shen	D-Glucose	inchikey	1	TRUE	TRUE	1.80000370164635e-09	4.50000925411587e-06
GLC	2497	HMDB	HMDB0000122_48_shen	D-Glucose	inchikey	1	TRUE	TRUE	1.80000370164635e-09	4.50000925411587e-06
GLC	2498	HMDB	HMDB0000122_49_shen	D-Glucose	inchikey	1	TRUE	TRUE	1.80000370164635e-09	4.50000925411587e-06
GLC	2499	HMDB	HMDB0000122_50_shen	D-Glucose	inchikey	1	TRUE	TRUE	1.80000370164635e-09	4.50000925411587e-06
GLC	2500	HMDB	HMDB0000122_51_shen	D-Glucose	inchikey	1	TRUE	TRUE	1.80000370164635e-09	4.50000925411587e-06
GLC	2501	HMDB	HMDB0000122_52_shen	D-Glucose	inchikey	1	TRUE	TRUE	1.80000370164635e-09	4.50000925411587e-06
GLC	2502	HMDB	HMDB0000122_53_shen	D-Glucose	inchikey	1	TRUE	TRUE	1.80000370164635e-09	4.50000925411587e-06
GLC	2503	HMDB	HMDB0000122_54_shen	D-Glucose	inchikey	1	TRUE	TRUE	1.80000370164635e-09	4.50000925411587e-06
GLC	2504	HMDB	HMDB0000122_55_shen	D-Glucose	inchikey	1	TRUE	TRUE	1.80000370164635e-09	4.50000925411587e-06
GLC	2505	HMDB	HMDB0000122_56_shen	D-Glucose	inchikey	1	TRUE	TRUE	1.80000370164635e-09	4.50000925411587e-06
GLC	2506	HMDB	HMDB0000122_57_shen	D-Glucose	inchikey	1	TRUE	TRUE	1.80000370164635e-09	4.50000925411587e-06
GLC	2507	HMDB	HMDB0000122_58_shen	D-Glucose	inchikey	1	TRUE	TRUE	1.80000370164635e-09	4.50000925411587e-06
GLC	2508	HMDB	HMDB0000122_59_shen	D-Glucose	inchikey	1	TRUE	TRUE	1.80000370164635e-09	4.50000925411587e-06
GLC	2509	HMDB	HMDB0000122_60_shen	D-Glucose	inchikey	1	TRUE	TRUE	1.80000370164635e-09	4.50000925411587e-06
GLC	2510	HMDB	HMDB0000122_61_shen	D-Glucose	inchikey	1	TRUE	TRUE	1.80000370164635e-09	4.50000925411587e-06
GLC	2511	HMDB	HMDB0000122_62_shen	D-Glucose	inchikey	1	TRUE	TRUE	1.80000370164635e-09	4.50000925411587e-06
GLC	2512	HMDB	HMDB0000122_63_shen	D-Glucose	inchikey	1	TRUE	TRUE	1.80000370164635e-09	4.50000925411587e-06
GLC	2513	HMDB	HMDB0000122_64_shen	D-Glucose	inchikey	1	TRUE	TRUE	1.80000370164635e-09	4.50000925411587e-06
GLC	2514	HMDB	HMDB0000122_65_shen	D-Glucose	inchikey	1	TRUE	TRUE	1.80000370164635e-09	4.50000925411587e-06
GLC	2515	HMDB	HMDB0000122_66_shen	D-Glucose	inchikey	1	TRUE	TRUE	1.80000370164635e-09	4.50000925411587e-06
GLC	2516	HMDB	HMDB0000122_67_shen	D-Glucose	inchikey	1	TRUE	TRUE	1.80000370164635e-09	4.50000925411587e-06
GLC	2517	HMDB	HMDB0000122_68_shen	D-Glucose	inchikey	1	TRUE	TRUE	1.80000370164635e-09	4.50000925411587e-06
GLC	2518	HMDB	HMDB0000122_69_shen	D-Glucose	inchikey	1	TRUE	TRUE	1.80000370164635e-09	4.50000925411587e-06
GLC	2519	HMDB	HMDB0000122_70_shen	D-Glucose	inchikey	1	TRUE	TRUE	1.80000370164635e-09	4.50000925411587e-06
GLC	2520	HMDB	HMDB0000122_71_shen	D-Glucose	inchikey	1	TRUE	TRUE	1.80000370164635e-09	4.50000925411587e-06
GLC	2521	HMDB	HMDB0000122_72_shen	D-Glucose	inchikey	1	TRUE	TRUE	1.80000370164635e-09	4.50000925411587e-06
GLC	2522	HMDB	HMDB0000122_73_shen	D-Glucose	inchikey	1	TRUE	TRUE	1.80000370164635e-09	4.50000925411587e-06
GLC	2523	HMDB	HMDB0000122_74_shen	D-Glucose	inchikey	1	TRUE	TRUE	1.80000370164635e-09	4.50000925411587e-06
GLC	2524	HMDB	HMDB0000122_75_shen	D-Glucose	inchikey	1	TRUE	TRUE	1.80000370164635e-09	4.50000925411587e-06
GLC	2525	HMDB	HMDB0000122_76_shen	D-Glucose	inchikey	1	TRUE	TRUE	1.80000370164635e-09	4.50000925411587e-06
GLC	2526	HMDB	HMDB0000122_77_shen	D-Glucose	inchikey	1	TRUE	TRUE	1.80000370164635e-09	4.50000925411587e-06
GLC	2527	HMDB	HMDB0000122_78_shen	D-Glucose	inchikey	1	TRUE	TRUE	1.80000370164635e-09	4.50000925411587e-06
GLC	2528	HMDB	HMDB0000122_79_shen	D-Glucose	inchikey	1	TRUE	TRUE	1.80000370164635e-09	4.50000925411587e-06
GLC	2529	HMDB	HMDB0000122_80_shen	D-Glucose	inchikey	1	TRUE	TRUE	1.80000370164635e-09	4.50000925411587e-06
GLC	2530	HMDB	HMDB0000122_81_shen	D-Glucose	inchikey	1	TRUE	TRUE	1.80000370164635e-09	4.50000925411587e-06
GLC	2531	HMDB	HMDB0000122_82_shen	D-Glucose	inchikey	1	TRUE	TRUE	1.80000370164635e-09	4.50000925411587e-06
GLC	2532	HMDB	HMDB0000122_83_shen	D-Glucose	inchikey	1	TRUE	TRUE	1.80000370164635e-09	4.50000925411587e-06
GLC	2533	HMDB	HMDB0000122_84_shen	D-Glucose	inchikey	1	TRUE	TRUE	1.80000370164635e-09	4.50000925411587e-06
GLC	2534	HMDB	HMDB0000122_85_shen	D-Glucose	inchikey	1	TRUE	TRUE	1.80000370164635e-09	4.50000925411587e-06
GLC	2535	HMDB	HMDB0000122_86_shen	D-Glucose	inchikey	1	TRUE	TRUE	1.80000370164635e-09	4.50000925411587e-06
GLC	2536	HMDB	HMDB0000122_87_shen	D-Glucose	inchikey	1	TRUE	TRUE	1.80000370164635e-09	4.50000925411587e-06
GLC	2537	HMDB	HMDB0000122_88_shen	D-Glucose	inchikey	1	TRUE	TRUE	1.80000370164635e-09	4.50000925411587e-06
GLC	2538	HMDB	HMDB0000122_89_shen	D-Glucose	inchikey	1	TRUE	TRUE	1.80000370164635e-09	4.50000925411587e-06
GLC	2539	HMDB	HMDB0000122_90_shen	D-Glucose	inchikey	1	TRUE	TRUE	1.80000370164635e-09	4.50000925411587e-06
GLC	2540	HMDB	HMDB0000122_91_shen	D-Glucose	inchikey	1	TRUE	TRUE	1.80000370164635e-09	4.50000925411587e-06
GLC	2541	HMDB	HMDB0000122_92_shen	D-Glucose	inchikey	1	TRUE	TRUE	1.80000370164635e-09	4.50000925411587e-06
GLC	2542	HMDB	HMDB0000122_93_shen	D-Glucose	inchikey	1	TRUE	TRUE	1.80000370164635e-09	4.50000925411587e-06
GLC	2543	HMDB	HMDB0000122_94_shen	D-Glucose	inchikey	1	TRUE	TRUE	1.80000370164635e-09	4.50000925411587e-06
GLC	2544	HMDB	HMDB0000122_95_shen	D-Glucose	inchikey	1	TRUE	TRUE	1.80000370164635e-09	4.50000925411587e-06
GLC	2545	HMDB	HMDB0000122_96_shen	D-Glucose	inchikey	1	TRUE	TRUE	1.80000370164635e-09	4.50000925411587e-06
GLC	2546	HMDB	HMDB0000122_97_shen	D-Glucose	inchikey	1	TRUE	TRUE	1.80000370164635e-09	4.50000925411587e-06
GLC	2547	HMDB	HMDB0000122_98_shen	D-Glucose	inchikey	1	TRUE	TRUE	1.80000370164635e-09	4.50000925411587e-06
GLC	2548	HMDB	HMDB0000122_99_shen	D-Glucose	inchikey	1	TRUE	TRUE	1.80000370164635e-09	4.50000925411587e-06
GLY	2549	HMDB	HMDB0000123_1_shen	Glycine	inchikey	1	TRUE	TRUE	8.99987639968458e-10	2.24996909992115e-06
GLY	2550	HMDB	HMDB0000123_2_shen	Glycine	inchikey	1	TRUE	TRUE	8.99987639968458e-10	2.24996909992115e-06
GLY	2551	HMDB	HMDB0000123_3_shen	Glycine	inchikey	1	TRUE	TRUE	8.99987639968458e-10	2.24996909992115e-06
GLY	2552	HMDB	HMDB0000123_4_shen	Glycine	inchikey	1	TRUE	TRUE	8.99987639968458e-10	2.24996909992115e-06
GLY	2553	HMDB	HMDB0000123_5_shen	Glycine	inchikey	1	TRUE	TRUE	8.99987639968458e-10	2.24996909992115e-06
GLY	2554	HMDB	HMDB0000123_6_shen	Glycine	inchikey	1	TRUE	TRUE	8.99987639968458e-10	2.24996909992115e-06
GLY	2555	HMDB	HMDB0000123_7_shen	Glycine	inchikey	1	TRUE	TRUE	8.99987639968458e-10	2.24996909992115e-06
GLY	2556	HMDB	HMDB0000123_8_shen	Glycine	inchikey	1	TRUE	TRUE	8.99987639968458e-10	2.24996909992115e-06
GLY	2557	HMDB	HMDB0000123_9_shen	Glycine	inchikey	1	TRUE	TRUE	8.99987639968458e-10	2.24996909992115e-06
GLY	2558	HMDB	HMDB0000123_10_shen	Glycine	inchikey	1	TRUE	TRUE	8.99987639968458e-10	2.24996909992115e-06
GLY	2559	HMDB	HMDB0000123_11_shen	Glycine	inchikey	1	TRUE	TRUE	8.99987639968458e-10	2.24996909992115e-06
GLY	2560	HMDB	HMDB0000123_12_shen	Glycine	inchikey	1	TRUE	TRUE	8.99987639968458e-10	2.24996909992115e-06
GLY	2561	HMDB	HMDB0000123_13_shen	Glycine	inchikey	1	TRUE	TRUE	8.99987639968458e-10	2.24996909992115e-06
GLY	2562	HMDB	HMDB0000123_14_shen	Glycine	inchikey	1	TRUE	TRUE	8.99987639968458e-10	2.24996909992115e-06
GLY	2563	HMDB	HMDB0000123_15_shen	Glycine	inchikey	1	TRUE	TRUE	8.99987639968458e-10	2.24996909992115e-06
GLY	2564	HMDB	HMDB0000123_16_shen	Glycine	inchikey	1	TRUE	TRUE	8.99987639968458e-10	2.24996909992115e-06
GLY	2565	HMDB	HMDB0000123_17_shen	Glycine	inchikey	1	TRUE	TRUE	8.99987639968458e-10	2.24996909992115e-06
GLY	2566	HMDB	HMDB0000123_18_shen	Glycine	inchikey	1	TRUE	TRUE	8.99987639968458e-10	2.24996909992115e-06
GLY	2567	HMDB	HMDB0000123_19_shen	Glycine	inchikey	1	TRUE	TRUE	8.99987639968458e-10	2.24996909992115e-06
GLY	2568	HMDB	HMDB0000123_20_shen	Glycine	inchikey	1	TRUE	TRUE	8.99987639968458e-10	2.24996909992115e-06
GLY	2569	HMDB	HMDB0000123_21_shen	Glycine	inchikey	1	TRUE	TRUE	8.99987639968458e-10	2.24996909992115e-06
GLY	2570	HMDB	HMDB0000123_22_shen	Glycine	inchikey	1	TRUE	TRUE	8.99987639968458e-10	2.24996909992115e-06
GLY	2571	HMDB	HMDB0000123_23_shen	Glycine	inchikey	1	TRUE	TRUE	8.99987639968458e-10	2.24996909992115e-06
GLY	2572	HMDB	HMDB0000123_24_shen	Glycine	inchikey	1	TRUE	TRUE	8.99987639968458e-10	2.24996909992115e-06
GLY	2573	HMDB	HMDB0000123_25_shen	Glycine	inchikey	1	TRUE	TRUE	8.99987639968458e-10	2.24996909992115e-06
GLY	2574	HMDB	HMDB0000123_26_shen	Glycine	inchikey	1	TRUE	TRUE	8.99987639968458e-10	2.24996909992115e-06
GLY	2575	HMDB	HMDB0000123_27_shen	Glycine	inchikey	1	TRUE	TRUE	8.99987639968458e-10	2.24996909992115e-06
GLY	2576	HMDB	HMDB0000123_28_shen	Glycine	inchikey	1	TRUE	TRUE	8.99987639968458e-10	2.24996909992115e-06
GLY	2577	HMDB	HMDB0000123_29_shen	Glycine	inchikey	1	TRUE	TRUE	8.99987639968458e-10	2.24996909992115e-06
GLY	2578	HMDB	HMDB0000123_30_shen	Glycine	inchikey	1	TRUE	TRUE	8.99987639968458e-10	2.24996909992115e-06
GLY	2579	HMDB	HMDB0000123_31_shen	Glycine	inchikey	1	TRUE	TRUE	8.99987639968458e-10	2.24996909992115e-06
GLY	2580	HMDB	HMDB0000123_32_shen	Glycine	inchikey	1	TRUE	TRUE	8.99987639968458e-10	2.24996909992115e-06
GLY	2581	HMDB	HMDB0000123_33_shen	Glycine	inchikey	1	TRUE	TRUE	8.99987639968458e-10	2.24996909992115e-06
GLY	2582	HMDB	HMDB0000123_34_shen	Glycine	inchikey	1	TRUE	TRUE	8.99987639968458e-10	2.24996909992115e-06
GLY	2583	HMDB	HMDB0000123_35_shen	Glycine	inchikey	1	TRUE	TRUE	8.99987639968458e-10	2.24996909992115e-06
CPD-24813	2584	HMDB	HMDB0000124_1_shen	Fructose 6-phosphate	inchikey_connectivity_formula_mass	2	FALSE	TRUE	1.99975147552323e-10	4.99937868880806e-07
CPD-15709	2584	HMDB	HMDB0000124_1_shen	Fructose 6-phosphate	inchikey_connectivity_formula_mass	2	FALSE	TRUE	1.99975147552323e-10	4.99937868880806e-07
CPD-24813	2585	HMDB	HMDB0000124_2_shen	Fructose 6-phosphate	inchikey_connectivity_formula_mass	2	FALSE	TRUE	1.99975147552323e-10	4.99937868880806e-07
CPD-15709	2585	HMDB	HMDB0000124_2_shen	Fructose 6-phosphate	inchikey_connectivity_formula_mass	2	FALSE	TRUE	1.99975147552323e-10	4.99937868880806e-07
CPD-24813	2586	HMDB	HMDB0000124_3_shen	Fructose 6-phosphate	inchikey_connectivity_formula_mass	2	FALSE	TRUE	1.99975147552323e-10	4.99937868880806e-07
CPD-15709	2586	HMDB	HMDB0000124_3_shen	Fructose 6-phosphate	inchikey_connectivity_formula_mass	2	FALSE	TRUE	1.99975147552323e-10	4.99937868880806e-07
CPD-24813	2587	HMDB	HMDB0000124_4_shen	Fructose 6-phosphate	inchikey_connectivity_formula_mass	2	FALSE	TRUE	1.99975147552323e-10	4.99937868880806e-07
CPD-15709	2587	HMDB	HMDB0000124_4_shen	Fructose 6-phosphate	inchikey_connectivity_formula_mass	2	FALSE	TRUE	1.99975147552323e-10	4.99937868880806e-07
CPD-24813	2588	HMDB	HMDB0000124_5_shen	Fructose 6-phosphate	inchikey_connectivity_formula_mass	2	FALSE	TRUE	1.99975147552323e-10	4.99937868880806e-07
CPD-15709	2588	HMDB	HMDB0000124_5_shen	Fructose 6-phosphate	inchikey_connectivity_formula_mass	2	FALSE	TRUE	1.99975147552323e-10	4.99937868880806e-07
CPD-24813	2589	HMDB	HMDB0000124_6_shen	Fructose 6-phosphate	inchikey_connectivity_formula_mass	2	FALSE	TRUE	1.99975147552323e-10	4.99937868880806e-07
CPD-15709	2589	HMDB	HMDB0000124_6_shen	Fructose 6-phosphate	inchikey_connectivity_formula_mass	2	FALSE	TRUE	1.99975147552323e-10	4.99937868880806e-07
CPD-24813	2590	HMDB	HMDB0000124_7_shen	Fructose 6-phosphate	inchikey_connectivity_formula_mass	2	FALSE	TRUE	1.99975147552323e-10	4.99937868880806e-07
CPD-15709	2590	HMDB	HMDB0000124_7_shen	Fructose 6-phosphate	inchikey_connectivity_formula_mass	2	FALSE	TRUE	1.99975147552323e-10	4.99937868880806e-07
CPD-24813	2591	HMDB	HMDB0000124_8_shen	Fructose 6-phosphate	inchikey_connectivity_formula_mass	2	FALSE	TRUE	1.99975147552323e-10	4.99937868880806e-07
CPD-15709	2591	HMDB	HMDB0000124_8_shen	Fructose 6-phosphate	inchikey_connectivity_formula_mass	2	FALSE	TRUE	1.99975147552323e-10	4.99937868880806e-07
CPD-24813	2592	HMDB	HMDB0000124_9_shen	Fructose 6-phosphate	inchikey_connectivity_formula_mass	2	FALSE	TRUE	1.99975147552323e-10	4.99937868880806e-07
CPD-15709	2592	HMDB	HMDB0000124_9_shen	Fructose 6-phosphate	inchikey_connectivity_formula_mass	2	FALSE	TRUE	1.99975147552323e-10	4.99937868880806e-07
CPD-24813	2593	HMDB	HMDB0000124_10_shen	Fructose 6-phosphate	inchikey_connectivity_formula_mass	2	FALSE	TRUE	1.99975147552323e-10	4.99937868880806e-07
CPD-15709	2593	HMDB	HMDB0000124_10_shen	Fructose 6-phosphate	inchikey_connectivity_formula_mass	2	FALSE	TRUE	1.99975147552323e-10	4.99937868880806e-07
CPD-24813	2594	HMDB	HMDB0000124_11_shen	Fructose 6-phosphate	inchikey_connectivity_formula_mass	2	FALSE	TRUE	1.99975147552323e-10	4.99937868880806e-07
CPD-15709	2594	HMDB	HMDB0000124_11_shen	Fructose 6-phosphate	inchikey_connectivity_formula_mass	2	FALSE	TRUE	1.99975147552323e-10	4.99937868880806e-07
CPD-24813	2595	HMDB	HMDB0000124_12_shen	Fructose 6-phosphate	inchikey_connectivity_formula_mass	2	FALSE	TRUE	1.99975147552323e-10	4.99937868880806e-07
CPD-15709	2595	HMDB	HMDB0000124_12_shen	Fructose 6-phosphate	inchikey_connectivity_formula_mass	2	FALSE	TRUE	1.99975147552323e-10	4.99937868880806e-07
GLUTATHIONE	2596	HMDB	HMDB0000125_1_shen	Glutathione	inchikey_connectivity_formula_mass	2	FALSE	TRUE	2.89998070002184e-09	7.24995175005461e-06
GLUTATHIONE	2597	HMDB	HMDB0000125_2_shen	Glutathione	inchikey_connectivity_formula_mass	2	FALSE	TRUE	2.89998070002184e-09	7.24995175005461e-06
GLUTATHIONE	2598	HMDB	HMDB0000125_3_shen	Glutathione	inchikey_connectivity_formula_mass	2	FALSE	TRUE	2.89998070002184e-09	7.24995175005461e-06
GLUTATHIONE	2599	HMDB	HMDB0000125_4_shen	Glutathione	inchikey_connectivity_formula_mass	2	FALSE	TRUE	2.89998070002184e-09	7.24995175005461e-06
GLUTATHIONE	2600	HMDB	HMDB0000125_5_shen	Glutathione	inchikey_connectivity_formula_mass	2	FALSE	TRUE	2.89998070002184e-09	7.24995175005461e-06
GLUTATHIONE	2601	HMDB	HMDB0000125_6_shen	Glutathione	inchikey_connectivity_formula_mass	2	FALSE	TRUE	2.89998070002184e-09	7.24995175005461e-06
GLUTATHIONE	2602	HMDB	HMDB0000125_7_shen	Glutathione	inchikey_connectivity_formula_mass	2	FALSE	TRUE	2.89998070002184e-09	7.24995175005461e-06
GLUTATHIONE	2603	HMDB	HMDB0000125_8_shen	Glutathione	inchikey_connectivity_formula_mass	2	FALSE	TRUE	2.89998070002184e-09	7.24995175005461e-06
GLUTATHIONE	2604	HMDB	HMDB0000125_9_shen	Glutathione	inchikey_connectivity_formula_mass	2	FALSE	TRUE	2.89998070002184e-09	7.24995175005461e-06
GLUTATHIONE	2605	HMDB	HMDB0000125_10_shen	Glutathione	inchikey_connectivity_formula_mass	2	FALSE	TRUE	2.89998070002184e-09	7.24995175005461e-06
GLUTATHIONE	2606	HMDB	HMDB0000125_11_shen	Glutathione	inchikey_connectivity_formula_mass	2	FALSE	TRUE	2.89998070002184e-09	7.24995175005461e-06
GLUTATHIONE	2607	HMDB	HMDB0000125_12_shen	Glutathione	inchikey_connectivity_formula_mass	2	FALSE	TRUE	2.89998070002184e-09	7.24995175005461e-06
GLUTATHIONE	2608	HMDB	HMDB0000125_13_shen	Glutathione	inchikey_connectivity_formula_mass	2	FALSE	TRUE	2.89998070002184e-09	7.24995175005461e-06
GLUTATHIONE	2609	HMDB	HMDB0000125_14_shen	Glutathione	inchikey_connectivity_formula_mass	2	FALSE	TRUE	2.89998070002184e-09	7.24995175005461e-06
GLUTATHIONE	2610	HMDB	HMDB0000125_15_shen	Glutathione	inchikey_connectivity_formula_mass	2	FALSE	TRUE	2.89998070002184e-09	7.24995175005461e-06
GLUTATHIONE	2611	HMDB	HMDB0000125_16_shen	Glutathione	inchikey_connectivity_formula_mass	2	FALSE	TRUE	2.89998070002184e-09	7.24995175005461e-06
GLUTATHIONE	2612	HMDB	HMDB0000125_17_shen	Glutathione	inchikey_connectivity_formula_mass	2	FALSE	TRUE	2.89998070002184e-09	7.24995175005461e-06
GLUTATHIONE	2613	HMDB	HMDB0000125_18_shen	Glutathione	inchikey_connectivity_formula_mass	2	FALSE	TRUE	2.89998070002184e-09	7.24995175005461e-06
GLUTATHIONE	2614	HMDB	HMDB0000125_19_shen	Glutathione	inchikey_connectivity_formula_mass	2	FALSE	TRUE	2.89998070002184e-09	7.24995175005461e-06
GLUTATHIONE	2615	HMDB	HMDB0000125_20_shen	Glutathione	inchikey_connectivity_formula_mass	2	FALSE	TRUE	2.89998070002184e-09	7.24995175005461e-06
GLUTATHIONE	2616	HMDB	HMDB0000125_21_shen	Glutathione	inchikey_connectivity_formula_mass	2	FALSE	TRUE	2.89998070002184e-09	7.24995175005461e-06
GLUTATHIONE	2617	HMDB	HMDB0000125_22_shen	Glutathione	inchikey_connectivity_formula_mass	2	FALSE	TRUE	2.89998070002184e-09	7.24995175005461e-06
GLUTATHIONE	2618	HMDB	HMDB0000125_23_shen	Glutathione	inchikey_connectivity_formula_mass	2	FALSE	TRUE	2.89998070002184e-09	7.24995175005461e-06
GLUTATHIONE	2619	HMDB	HMDB0000125_24_shen	Glutathione	inchikey_connectivity_formula_mass	2	FALSE	TRUE	2.89998070002184e-09	7.24995175005461e-06
GLUTATHIONE	2620	HMDB	HMDB0000125_25_shen	Glutathione	inchikey_connectivity_formula_mass	2	FALSE	TRUE	2.89998070002184e-09	7.24995175005461e-06
GLUTATHIONE	2621	HMDB	HMDB0000125_26_shen	Glutathione	inchikey_connectivity_formula_mass	2	FALSE	TRUE	2.89998070002184e-09	7.24995175005461e-06
GLUTATHIONE	2622	HMDB	HMDB0000125_27_shen	Glutathione	inchikey_connectivity_formula_mass	2	FALSE	TRUE	2.89998070002184e-09	7.24995175005461e-06
GLUTATHIONE	2623	HMDB	HMDB0000125_28_shen	Glutathione	inchikey_connectivity_formula_mass	2	FALSE	TRUE	2.89998070002184e-09	7.24995175005461e-06
GLUTATHIONE	2624	HMDB	HMDB0000125_29_shen	Glutathione	inchikey_connectivity_formula_mass	2	FALSE	TRUE	2.89998070002184e-09	7.24995175005461e-06
GLUTATHIONE	2625	HMDB	HMDB0000125_30_shen	Glutathione	inchikey_connectivity_formula_mass	2	FALSE	TRUE	2.89998070002184e-09	7.24995175005461e-06
GLUTATHIONE	2626	HMDB	HMDB0000125_31_shen	Glutathione	inchikey_connectivity_formula_mass	2	FALSE	TRUE	2.89998070002184e-09	7.24995175005461e-06
GLUTATHIONE	2627	HMDB	HMDB0000125_32_shen	Glutathione	inchikey_connectivity_formula_mass	2	FALSE	TRUE	2.89998070002184e-09	7.24995175005461e-06
GLUTATHIONE	2628	HMDB	HMDB0000125_33_shen	Glutathione	inchikey_connectivity_formula_mass	2	FALSE	TRUE	2.89998070002184e-09	7.24995175005461e-06
GLUTATHIONE	2629	HMDB	HMDB0000125_34_shen	Glutathione	inchikey_connectivity_formula_mass	2	FALSE	TRUE	2.89998070002184e-09	7.24995175005461e-06
GLUTATHIONE	2630	HMDB	HMDB0000125_35_shen	Glutathione	inchikey_connectivity_formula_mass	2	FALSE	TRUE	2.89998070002184e-09	7.24995175005461e-06
GLUTATHIONE	2631	HMDB	HMDB0000125_36_shen	Glutathione	inchikey_connectivity_formula_mass	2	FALSE	TRUE	2.89998070002184e-09	7.24995175005461e-06
GLUTATHIONE	2632	HMDB	HMDB0000125_37_shen	Glutathione	inchikey_connectivity_formula_mass	2	FALSE	TRUE	2.89998070002184e-09	7.24995175005461e-06
GLUTATHIONE	2633	HMDB	HMDB0000125_38_shen	Glutathione	inchikey_connectivity_formula_mass	2	FALSE	TRUE	2.89998070002184e-09	7.24995175005461e-06
GLUTATHIONE	2634	HMDB	HMDB0000125_39_shen	Glutathione	inchikey_connectivity_formula_mass	2	FALSE	TRUE	2.89998070002184e-09	7.24995175005461e-06
GLUTATHIONE	2635	HMDB	HMDB0000125_40_shen	Glutathione	inchikey_connectivity_formula_mass	2	FALSE	TRUE	2.89998070002184e-09	7.24995175005461e-06
GLUTATHIONE	2636	HMDB	HMDB0000125_41_shen	Glutathione	inchikey_connectivity_formula_mass	2	FALSE	TRUE	2.89998070002184e-09	7.24995175005461e-06
GLUTATHIONE	2637	HMDB	HMDB0000125_42_shen	Glutathione	inchikey_connectivity_formula_mass	2	FALSE	TRUE	2.89998070002184e-09	7.24995175005461e-06
GLUTATHIONE	2638	HMDB	HMDB0000125_43_shen	Glutathione	inchikey_connectivity_formula_mass	2	FALSE	TRUE	2.89998070002184e-09	7.24995175005461e-06
GLUTATHIONE	2639	HMDB	HMDB0000125_44_shen	Glutathione	inchikey_connectivity_formula_mass	2	FALSE	TRUE	2.89998070002184e-09	7.24995175005461e-06
GLUTATHIONE	2640	HMDB	HMDB0000125_45_shen	Glutathione	inchikey_connectivity_formula_mass	2	FALSE	TRUE	2.89998070002184e-09	7.24995175005461e-06
GLUTATHIONE	2641	HMDB	HMDB0000125_46_shen	Glutathione	inchikey_connectivity_formula_mass	2	FALSE	TRUE	2.89998070002184e-09	7.24995175005461e-06
GLUTATHIONE	2642	HMDB	HMDB0000125_47_shen	Glutathione	inchikey_connectivity_formula_mass	2	FALSE	TRUE	2.89998070002184e-09	7.24995175005461e-06
GLUTATHIONE	2643	HMDB	HMDB0000125_48_shen	Glutathione	inchikey_connectivity_formula_mass	2	FALSE	TRUE	2.89998070002184e-09	7.24995175005461e-06
GLUTATHIONE	2644	HMDB	HMDB0000125_49_shen	Glutathione	inchikey_connectivity_formula_mass	2	FALSE	TRUE	2.89998070002184e-09	7.24995175005461e-06
GLUTATHIONE	2645	HMDB	HMDB0000125_50_shen	Glutathione	inchikey_connectivity_formula_mass	2	FALSE	TRUE	2.89998070002184e-09	7.24995175005461e-06
GLUTATHIONE	2646	HMDB	HMDB0000125_51_shen	Glutathione	inchikey_connectivity_formula_mass	2	FALSE	TRUE	2.89998070002184e-09	7.24995175005461e-06
GLUTATHIONE	2647	HMDB	HMDB0000125_52_shen	Glutathione	inchikey_connectivity_formula_mass	2	FALSE	TRUE	2.89998070002184e-09	7.24995175005461e-06
GLUTATHIONE	2648	HMDB	HMDB0000125_53_shen	Glutathione	inchikey_connectivity_formula_mass	2	FALSE	TRUE	2.89998070002184e-09	7.24995175005461e-06
GLUTATHIONE	2649	HMDB	HMDB0000125_54_shen	Glutathione	inchikey_connectivity_formula_mass	2	FALSE	TRUE	2.89998070002184e-09	7.24995175005461e-06
GLUTATHIONE	2650	HMDB	HMDB0000125_55_shen	Glutathione	inchikey_connectivity_formula_mass	2	FALSE	TRUE	2.89998070002184e-09	7.24995175005461e-06
GLYCEROL-3P	2651	HMDB	HMDB0000126_1_shen	Glycerol 3-phosphate	inchikey_connectivity_formula_mass	2	FALSE	TRUE	4.99994712299667e-10	1.24998678074917e-06
GLYCEROL-3P	2652	HMDB	HMDB0000126_2_shen	Glycerol 3-phosphate	inchikey_connectivity_formula_mass	2	FALSE	TRUE	4.99994712299667e-10	1.24998678074917e-06
GLYCEROL-3P	2653	HMDB	HMDB0000126_3_shen	Glycerol 3-phosphate	inchikey_connectivity_formula_mass	2	FALSE	TRUE	4.99994712299667e-10	1.24998678074917e-06
GLYCEROL-3P	2654	HMDB	HMDB0000126_4_shen	Glycerol 3-phosphate	inchikey_connectivity_formula_mass	2	FALSE	TRUE	4.99994712299667e-10	1.24998678074917e-06
GLYCEROL-3P	2655	HMDB	HMDB0000126_5_shen	Glycerol 3-phosphate	inchikey_connectivity_formula_mass	2	FALSE	TRUE	4.99994712299667e-10	1.24998678074917e-06
GLYCEROL-3P	2656	HMDB	HMDB0000126_6_shen	Glycerol 3-phosphate	inchikey_connectivity_formula_mass	2	FALSE	TRUE	4.99994712299667e-10	1.24998678074917e-06
GLYCEROL-3P	2657	HMDB	HMDB0000126_7_shen	Glycerol 3-phosphate	inchikey_connectivity_formula_mass	2	FALSE	TRUE	4.99994712299667e-10	1.24998678074917e-06
GLYCEROL-3P	2658	HMDB	HMDB0000126_8_shen	Glycerol 3-phosphate	inchikey_connectivity_formula_mass	2	FALSE	TRUE	4.99994712299667e-10	1.24998678074917e-06
GLYCEROL-3P	2659	HMDB	HMDB0000126_9_shen	Glycerol 3-phosphate	inchikey_connectivity_formula_mass	2	FALSE	TRUE	4.99994712299667e-10	1.24998678074917e-06
GLYCEROL-3P	2660	HMDB	HMDB0000126_10_shen	Glycerol 3-phosphate	inchikey_connectivity_formula_mass	2	FALSE	TRUE	4.99994712299667e-10	1.24998678074917e-06
GLYCEROL-3P	2661	HMDB	HMDB0000126_11_shen	Glycerol 3-phosphate	inchikey_connectivity_formula_mass	2	FALSE	TRUE	4.99994712299667e-10	1.24998678074917e-06
GLYCEROL-3P	2662	HMDB	HMDB0000126_12_shen	Glycerol 3-phosphate	inchikey_connectivity_formula_mass	2	FALSE	TRUE	4.99994712299667e-10	1.24998678074917e-06
GLYCEROL-3P	2663	HMDB	HMDB0000126_13_shen	Glycerol 3-phosphate	inchikey_connectivity_formula_mass	2	FALSE	TRUE	4.99994712299667e-10	1.24998678074917e-06
GLYCEROL-3P	2664	HMDB	HMDB0000126_14_shen	Glycerol 3-phosphate	inchikey_connectivity_formula_mass	2	FALSE	TRUE	4.99994712299667e-10	1.24998678074917e-06
GLYCEROL-3P	2665	HMDB	HMDB0000126_15_shen	Glycerol 3-phosphate	inchikey_connectivity_formula_mass	2	FALSE	TRUE	4.99994712299667e-10	1.24998678074917e-06
GLYCEROL-3P	2666	HMDB	HMDB0000126_16_shen	Glycerol 3-phosphate	inchikey_connectivity_formula_mass	2	FALSE	TRUE	4.99994712299667e-10	1.24998678074917e-06
GLYCEROL-3P	2667	HMDB	HMDB0000126_17_shen	Glycerol 3-phosphate	inchikey_connectivity_formula_mass	2	FALSE	TRUE	4.99994712299667e-10	1.24998678074917e-06
GLYCEROL-3P	2668	HMDB	HMDB0000126_18_shen	Glycerol 3-phosphate	inchikey_connectivity_formula_mass	2	FALSE	TRUE	4.99994712299667e-10	1.24998678074917e-06
GLYCEROL-3P	2669	HMDB	HMDB0000126_19_shen	Glycerol 3-phosphate	inchikey_connectivity_formula_mass	2	FALSE	TRUE	4.99994712299667e-10	1.24998678074917e-06
GLYCEROL-3P	2670	HMDB	HMDB0000126_20_shen	Glycerol 3-phosphate	inchikey_connectivity_formula_mass	2	FALSE	TRUE	4.99994712299667e-10	1.24998678074917e-06
GLYCEROL-3P	2671	HMDB	HMDB0000126_21_shen	Glycerol 3-phosphate	inchikey_connectivity_formula_mass	2	FALSE	TRUE	4.99994712299667e-10	1.24998678074917e-06
GLYCEROL-3P	2672	HMDB	HMDB0000126_22_shen	Glycerol 3-phosphate	inchikey_connectivity_formula_mass	2	FALSE	TRUE	4.99994712299667e-10	1.24998678074917e-06
GLYCEROL-3P	2673	HMDB	HMDB0000126_23_shen	Glycerol 3-phosphate	inchikey_connectivity_formula_mass	2	FALSE	TRUE	4.99994712299667e-10	1.24998678074917e-06
GLYCEROL-3P	2674	HMDB	HMDB0000126_24_shen	Glycerol 3-phosphate	inchikey_connectivity_formula_mass	2	FALSE	TRUE	4.99994712299667e-10	1.24998678074917e-06
GLYCEROL-3P	2675	HMDB	HMDB0000126_25_shen	Glycerol 3-phosphate	inchikey_connectivity_formula_mass	2	FALSE	TRUE	4.99994712299667e-10	1.24998678074917e-06
GLYCEROL-3P	2676	HMDB	HMDB0000126_26_shen	Glycerol 3-phosphate	inchikey_connectivity_formula_mass	2	FALSE	TRUE	4.99994712299667e-10	1.24998678074917e-06
GLYCEROL-3P	2677	HMDB	HMDB0000126_27_shen	Glycerol 3-phosphate	inchikey_connectivity_formula_mass	2	FALSE	TRUE	4.99994712299667e-10	1.24998678074917e-06
GLYCEROL-3P	2678	HMDB	HMDB0000126_28_shen	Glycerol 3-phosphate	inchikey_connectivity_formula_mass	2	FALSE	TRUE	4.99994712299667e-10	1.24998678074917e-06
GLYCEROL-3P	2679	HMDB	HMDB0000126_29_shen	Glycerol 3-phosphate	inchikey_connectivity_formula_mass	2	FALSE	TRUE	4.99994712299667e-10	1.24998678074917e-06
GLYCEROL-3P	2680	HMDB	HMDB0000126_30_shen	Glycerol 3-phosphate	inchikey_connectivity_formula_mass	2	FALSE	TRUE	4.99994712299667e-10	1.24998678074917e-06
GLYCEROL-3P	2681	HMDB	HMDB0000126_31_shen	Glycerol 3-phosphate	inchikey_connectivity_formula_mass	2	FALSE	TRUE	4.99994712299667e-10	1.24998678074917e-06
GLYCEROL-3P	2682	HMDB	HMDB0000126_32_shen	Glycerol 3-phosphate	inchikey_connectivity_formula_mass	2	FALSE	TRUE	4.99994712299667e-10	1.24998678074917e-06
GLYCEROL-3P	2683	HMDB	HMDB0000126_33_shen	Glycerol 3-phosphate	inchikey_connectivity_formula_mass	2	FALSE	TRUE	4.99994712299667e-10	1.24998678074917e-06
GLYCEROL-3P	2684	HMDB	HMDB0000126_34_shen	Glycerol 3-phosphate	inchikey_connectivity_formula_mass	2	FALSE	TRUE	4.99994712299667e-10	1.24998678074917e-06
GLYCEROL-3P	2685	HMDB	HMDB0000126_35_shen	Glycerol 3-phosphate	inchikey_connectivity_formula_mass	2	FALSE	TRUE	4.99994712299667e-10	1.24998678074917e-06
CPD-14488	2686	HMDB	HMDB0000127_1_shen	D-Glucuronic acid	inchikey_connectivity_formula_mass	2	FALSE	TRUE	1.69998770616075e-09	4.24996926540189e-06
CPD-14488	2687	HMDB	HMDB0000127_2_shen	D-Glucuronic acid	inchikey_connectivity_formula_mass	2	FALSE	TRUE	1.69998770616075e-09	4.24996926540189e-06
CPD-14488	2688	HMDB	HMDB0000127_3_shen	D-Glucuronic acid	inchikey_connectivity_formula_mass	2	FALSE	TRUE	1.69998770616075e-09	4.24996926540189e-06
CPD-14488	2689	HMDB	HMDB0000127_4_shen	D-Glucuronic acid	inchikey_connectivity_formula_mass	2	FALSE	TRUE	1.69998770616075e-09	4.24996926540189e-06
CPD-14488	2690	HMDB	HMDB0000127_5_shen	D-Glucuronic acid	inchikey_connectivity_formula_mass	2	FALSE	TRUE	1.69998770616075e-09	4.24996926540189e-06
CPD-14488	2691	HMDB	HMDB0000127_6_shen	D-Glucuronic acid	inchikey_connectivity_formula_mass	2	FALSE	TRUE	1.69998770616075e-09	4.24996926540189e-06
CPD-14488	2692	HMDB	HMDB0000127_7_shen	D-Glucuronic acid	inchikey_connectivity_formula_mass	2	FALSE	TRUE	1.69998770616075e-09	4.24996926540189e-06
CPD-14488	2693	HMDB	HMDB0000127_8_shen	D-Glucuronic acid	inchikey_connectivity_formula_mass	2	FALSE	TRUE	1.69998770616075e-09	4.24996926540189e-06
HOMOGENTISATE	2724	HMDB	HMDB0000130_1_shen	Homogentisic acid	inchikey_connectivity_formula_mass	2	FALSE	TRUE	1.19999299386109e-09	2.99998248465272e-06
HOMOGENTISATE	2725	HMDB	HMDB0000130_2_shen	Homogentisic acid	inchikey_connectivity_formula_mass	2	FALSE	TRUE	1.19999299386109e-09	2.99998248465272e-06
HOMOGENTISATE	2726	HMDB	HMDB0000130_3_shen	Homogentisic acid	inchikey_connectivity_formula_mass	2	FALSE	TRUE	1.19999299386109e-09	2.99998248465272e-06
HOMOGENTISATE	2727	HMDB	HMDB0000130_4_shen	Homogentisic acid	inchikey_connectivity_formula_mass	2	FALSE	TRUE	1.19999299386109e-09	2.99998248465272e-06
HOMOGENTISATE	2728	HMDB	HMDB0000130_5_shen	Homogentisic acid	inchikey_connectivity_formula_mass	2	FALSE	TRUE	1.19999299386109e-09	2.99998248465272e-06
HOMOGENTISATE	2729	HMDB	HMDB0000130_6_shen	Homogentisic acid	inchikey_connectivity_formula_mass	2	FALSE	TRUE	1.19999299386109e-09	2.99998248465272e-06
HOMOGENTISATE	2730	HMDB	HMDB0000130_7_shen	Homogentisic acid	inchikey_connectivity_formula_mass	2	FALSE	TRUE	1.19999299386109e-09	2.99998248465272e-06
HOMOGENTISATE	2731	HMDB	HMDB0000130_8_shen	Homogentisic acid	inchikey_connectivity_formula_mass	2	FALSE	TRUE	1.19999299386109e-09	2.99998248465272e-06
HOMOGENTISATE	2732	HMDB	HMDB0000130_9_shen	Homogentisic acid	inchikey_connectivity_formula_mass	2	FALSE	TRUE	1.19999299386109e-09	2.99998248465272e-06
HOMOGENTISATE	2733	HMDB	HMDB0000130_10_shen	Homogentisic acid	inchikey_connectivity_formula_mass	2	FALSE	TRUE	1.19999299386109e-09	2.99998248465272e-06
HOMOGENTISATE	2734	HMDB	HMDB0000130_11_shen	Homogentisic acid	inchikey_connectivity_formula_mass	2	FALSE	TRUE	1.19999299386109e-09	2.99998248465272e-06
HOMOGENTISATE	2735	HMDB	HMDB0000130_12_shen	Homogentisic acid	inchikey_connectivity_formula_mass	2	FALSE	TRUE	1.19999299386109e-09	2.99998248465272e-06
HOMOGENTISATE	2736	HMDB	HMDB0000130_13_shen	Homogentisic acid	inchikey_connectivity_formula_mass	2	FALSE	TRUE	1.19999299386109e-09	2.99998248465272e-06
HOMOGENTISATE	2737	HMDB	HMDB0000130_14_shen	Homogentisic acid	inchikey_connectivity_formula_mass	2	FALSE	TRUE	1.19999299386109e-09	2.99998248465272e-06
HOMOGENTISATE	2738	HMDB	HMDB0000130_15_shen	Homogentisic acid	inchikey_connectivity_formula_mass	2	FALSE	TRUE	1.19999299386109e-09	2.99998248465272e-06
HOMOGENTISATE	2739	HMDB	HMDB0000130_16_shen	Homogentisic acid	inchikey_connectivity_formula_mass	2	FALSE	TRUE	1.19999299386109e-09	2.99998248465272e-06
HOMOGENTISATE	2740	HMDB	HMDB0000130_17_shen	Homogentisic acid	inchikey_connectivity_formula_mass	2	FALSE	TRUE	1.19999299386109e-09	2.99998248465272e-06
HOMOGENTISATE	2741	HMDB	HMDB0000130_18_shen	Homogentisic acid	inchikey_connectivity_formula_mass	2	FALSE	TRUE	1.19999299386109e-09	2.99998248465272e-06
HOMOGENTISATE	2742	HMDB	HMDB0000130_19_shen	Homogentisic acid	inchikey_connectivity_formula_mass	2	FALSE	TRUE	1.19999299386109e-09	2.99998248465272e-06
HOMOGENTISATE	2743	HMDB	HMDB0000130_20_shen	Homogentisic acid	inchikey_connectivity_formula_mass	2	FALSE	TRUE	1.19999299386109e-09	2.99998248465272e-06
HOMOGENTISATE	2744	HMDB	HMDB0000130_21_shen	Homogentisic acid	inchikey_connectivity_formula_mass	2	FALSE	TRUE	1.19999299386109e-09	2.99998248465272e-06
HOMOGENTISATE	2745	HMDB	HMDB0000130_22_shen	Homogentisic acid	inchikey_connectivity_formula_mass	2	FALSE	TRUE	1.19999299386109e-09	2.99998248465272e-06
HOMOGENTISATE	2746	HMDB	HMDB0000130_23_shen	Homogentisic acid	inchikey_connectivity_formula_mass	2	FALSE	TRUE	1.19999299386109e-09	2.99998248465272e-06
HOMOGENTISATE	2747	HMDB	HMDB0000130_24_shen	Homogentisic acid	inchikey_connectivity_formula_mass	2	FALSE	TRUE	1.19999299386109e-09	2.99998248465272e-06
HOMOGENTISATE	2748	HMDB	HMDB0000130_25_shen	Homogentisic acid	inchikey_connectivity_formula_mass	2	FALSE	TRUE	1.19999299386109e-09	2.99998248465272e-06
HOMOGENTISATE	2749	HMDB	HMDB0000130_26_shen	Homogentisic acid	inchikey_connectivity_formula_mass	2	FALSE	TRUE	1.19999299386109e-09	2.99998248465272e-06
HOMOGENTISATE	2750	HMDB	HMDB0000130_27_shen	Homogentisic acid	inchikey_connectivity_formula_mass	2	FALSE	TRUE	1.19999299386109e-09	2.99998248465272e-06
GLYCEROL	2751	HMDB	HMDB0000131_1_shen	Glycerol	inchikey	1	TRUE	TRUE	1.10000542008493e-09	2.75001355021232e-06
GLYCEROL	2752	HMDB	HMDB0000131_2_shen	Glycerol	inchikey	1	TRUE	TRUE	1.10000542008493e-09	2.75001355021232e-06
GLYCEROL	2753	HMDB	HMDB0000131_3_shen	Glycerol	inchikey	1	TRUE	TRUE	1.10000542008493e-09	2.75001355021232e-06
GLYCEROL	2754	HMDB	HMDB0000131_4_shen	Glycerol	inchikey	1	TRUE	TRUE	1.10000542008493e-09	2.75001355021232e-06
GUANINE	2755	HMDB	HMDB0000132_1_shen	Guanine	inchikey	1	TRUE	TRUE	1.60000013238459e-09	4.00000033096148e-06
GUANINE	2756	HMDB	HMDB0000132_2_shen	Guanine	inchikey	1	TRUE	TRUE	1.60000013238459e-09	4.00000033096148e-06
GUANINE	2757	HMDB	HMDB0000132_3_shen	Guanine	inchikey	1	TRUE	TRUE	1.60000013238459e-09	4.00000033096148e-06
GUANINE	2758	HMDB	HMDB0000132_4_shen	Guanine	inchikey	1	TRUE	TRUE	1.60000013238459e-09	4.00000033096148e-06
GUANINE	2759	HMDB	HMDB0000132_5_shen	Guanine	inchikey	1	TRUE	TRUE	1.60000013238459e-09	4.00000033096148e-06
GUANINE	2760	HMDB	HMDB0000132_6_shen	Guanine	inchikey	1	TRUE	TRUE	1.60000013238459e-09	4.00000033096148e-06
GUANINE	2761	HMDB	HMDB0000132_7_shen	Guanine	inchikey	1	TRUE	TRUE	1.60000013238459e-09	4.00000033096148e-06
GUANINE	2762	HMDB	HMDB0000132_8_shen	Guanine	inchikey	1	TRUE	TRUE	1.60000013238459e-09	4.00000033096148e-06
GUANINE	2763	HMDB	HMDB0000132_9_shen	Guanine	inchikey	1	TRUE	TRUE	1.60000013238459e-09	4.00000033096148e-06
GUANINE	2764	HMDB	HMDB0000132_10_shen	Guanine	inchikey	1	TRUE	TRUE	1.60000013238459e-09	4.00000033096148e-06
GUANINE	2765	HMDB	HMDB0000132_11_shen	Guanine	inchikey	1	TRUE	TRUE	1.60000013238459e-09	4.00000033096148e-06
GUANINE	2766	HMDB	HMDB0000132_12_shen	Guanine	inchikey	1	TRUE	TRUE	1.60000013238459e-09	4.00000033096148e-06
GUANINE	2767	HMDB	HMDB0000132_13_shen	Guanine	inchikey	1	TRUE	TRUE	1.60000013238459e-09	4.00000033096148e-06
GUANINE	2768	HMDB	HMDB0000132_14_shen	Guanine	inchikey	1	TRUE	TRUE	1.60000013238459e-09	4.00000033096148e-06
GUANINE	2769	HMDB	HMDB0000132_15_shen	Guanine	inchikey	1	TRUE	TRUE	1.60000013238459e-09	4.00000033096148e-06
GUANINE	2770	HMDB	HMDB0000132_16_shen	Guanine	inchikey	1	TRUE	TRUE	1.60000013238459e-09	4.00000033096148e-06
GUANINE	2771	HMDB	HMDB0000132_17_shen	Guanine	inchikey	1	TRUE	TRUE	1.60000013238459e-09	4.00000033096148e-06
GUANINE	2772	HMDB	HMDB0000132_18_shen	Guanine	inchikey	1	TRUE	TRUE	1.60000013238459e-09	4.00000033096148e-06
GUANINE	2773	HMDB	HMDB0000132_19_shen	Guanine	inchikey	1	TRUE	TRUE	1.60000013238459e-09	4.00000033096148e-06
GUANINE	2774	HMDB	HMDB0000132_20_shen	Guanine	inchikey	1	TRUE	TRUE	1.60000013238459e-09	4.00000033096148e-06
GUANINE	2775	HMDB	HMDB0000132_21_shen	Guanine	inchikey	1	TRUE	TRUE	1.60000013238459e-09	4.00000033096148e-06
GUANINE	2776	HMDB	HMDB0000132_22_shen	Guanine	inchikey	1	TRUE	TRUE	1.60000013238459e-09	4.00000033096148e-06
GUANINE	2777	HMDB	HMDB0000132_23_shen	Guanine	inchikey	1	TRUE	TRUE	1.60000013238459e-09	4.00000033096148e-06
GUANINE	2778	HMDB	HMDB0000132_24_shen	Guanine	inchikey	1	TRUE	TRUE	1.60000013238459e-09	4.00000033096148e-06
GUANINE	2779	HMDB	HMDB0000132_25_shen	Guanine	inchikey	1	TRUE	TRUE	1.60000013238459e-09	4.00000033096148e-06
GUANINE	2780	HMDB	HMDB0000132_26_shen	Guanine	inchikey	1	TRUE	TRUE	1.60000013238459e-09	4.00000033096148e-06
GUANINE	2781	HMDB	HMDB0000132_27_shen	Guanine	inchikey	1	TRUE	TRUE	1.60000013238459e-09	4.00000033096148e-06
GUANINE	2782	HMDB	HMDB0000132_28_shen	Guanine	inchikey	1	TRUE	TRUE	1.60000013238459e-09	4.00000033096148e-06
GUANINE	2783	HMDB	HMDB0000132_29_shen	Guanine	inchikey	1	TRUE	TRUE	1.60000013238459e-09	4.00000033096148e-06
GUANINE	2784	HMDB	HMDB0000132_30_shen	Guanine	inchikey	1	TRUE	TRUE	1.60000013238459e-09	4.00000033096148e-06
GUANOSINE	2785	HMDB	HMDB0000133_1_shen	Guanosine	inchikey	1	TRUE	TRUE	2.79999312624568e-09	6.9999828156142e-06
GUANOSINE	2786	HMDB	HMDB0000133_2_shen	Guanosine	inchikey	1	TRUE	TRUE	2.79999312624568e-09	6.9999828156142e-06
GUANOSINE	2787	HMDB	HMDB0000133_3_shen	Guanosine	inchikey	1	TRUE	TRUE	2.79999312624568e-09	6.9999828156142e-06
GUANOSINE	2788	HMDB	HMDB0000133_4_shen	Guanosine	inchikey	1	TRUE	TRUE	2.79999312624568e-09	6.9999828156142e-06
GUANOSINE	2789	HMDB	HMDB0000133_5_shen	Guanosine	inchikey	1	TRUE	TRUE	2.79999312624568e-09	6.9999828156142e-06
GUANOSINE	2790	HMDB	HMDB0000133_6_shen	Guanosine	inchikey	1	TRUE	TRUE	2.79999312624568e-09	6.9999828156142e-06
GUANOSINE	2791	HMDB	HMDB0000133_7_shen	Guanosine	inchikey	1	TRUE	TRUE	2.79999312624568e-09	6.9999828156142e-06
GUANOSINE	2792	HMDB	HMDB0000133_8_shen	Guanosine	inchikey	1	TRUE	TRUE	2.79999312624568e-09	6.9999828156142e-06
GUANOSINE	2793	HMDB	HMDB0000133_9_shen	Guanosine	inchikey	1	TRUE	TRUE	2.79999312624568e-09	6.9999828156142e-06
GUANOSINE	2794	HMDB	HMDB0000133_10_shen	Guanosine	inchikey	1	TRUE	TRUE	2.79999312624568e-09	6.9999828156142e-06
GUANOSINE	2795	HMDB	HMDB0000133_11_shen	Guanosine	inchikey	1	TRUE	TRUE	2.79999312624568e-09	6.9999828156142e-06
GUANOSINE	2796	HMDB	HMDB0000133_12_shen	Guanosine	inchikey	1	TRUE	TRUE	2.79999312624568e-09	6.9999828156142e-06
GUANOSINE	2797	HMDB	HMDB0000133_13_shen	Guanosine	inchikey	1	TRUE	TRUE	2.79999312624568e-09	6.9999828156142e-06
GUANOSINE	2798	HMDB	HMDB0000133_14_shen	Guanosine	inchikey	1	TRUE	TRUE	2.79999312624568e-09	6.9999828156142e-06
GUANOSINE	2799	HMDB	HMDB0000133_15_shen	Guanosine	inchikey	1	TRUE	TRUE	2.79999312624568e-09	6.9999828156142e-06
GUANOSINE	2800	HMDB	HMDB0000133_16_shen	Guanosine	inchikey	1	TRUE	TRUE	2.79999312624568e-09	6.9999828156142e-06
GUANOSINE	2801	HMDB	HMDB0000133_17_shen	Guanosine	inchikey	1	TRUE	TRUE	2.79999312624568e-09	6.9999828156142e-06
GUANOSINE	2802	HMDB	HMDB0000133_18_shen	Guanosine	inchikey	1	TRUE	TRUE	2.79999312624568e-09	6.9999828156142e-06
GUANOSINE	2803	HMDB	HMDB0000133_19_shen	Guanosine	inchikey	1	TRUE	TRUE	2.79999312624568e-09	6.9999828156142e-06
GUANOSINE	2804	HMDB	HMDB0000133_20_shen	Guanosine	inchikey	1	TRUE	TRUE	2.79999312624568e-09	6.9999828156142e-06
GUANOSINE	2805	HMDB	HMDB0000133_21_shen	Guanosine	inchikey	1	TRUE	TRUE	2.79999312624568e-09	6.9999828156142e-06
GUANOSINE	2806	HMDB	HMDB0000133_22_shen	Guanosine	inchikey	1	TRUE	TRUE	2.79999312624568e-09	6.9999828156142e-06
GUANOSINE	2807	HMDB	HMDB0000133_23_shen	Guanosine	inchikey	1	TRUE	TRUE	2.79999312624568e-09	6.9999828156142e-06
GUANOSINE	2808	HMDB	HMDB0000133_24_shen	Guanosine	inchikey	1	TRUE	TRUE	2.79999312624568e-09	6.9999828156142e-06
GUANOSINE	2809	HMDB	HMDB0000133_25_shen	Guanosine	inchikey	1	TRUE	TRUE	2.79999312624568e-09	6.9999828156142e-06
GUANOSINE	2810	HMDB	HMDB0000133_26_shen	Guanosine	inchikey	1	TRUE	TRUE	2.79999312624568e-09	6.9999828156142e-06
GUANOSINE	2811	HMDB	HMDB0000133_27_shen	Guanosine	inchikey	1	TRUE	TRUE	2.79999312624568e-09	6.9999828156142e-06
GUANOSINE	2812	HMDB	HMDB0000133_28_shen	Guanosine	inchikey	1	TRUE	TRUE	2.79999312624568e-09	6.9999828156142e-06
GUANOSINE	2813	HMDB	HMDB0000133_29_shen	Guanosine	inchikey	1	TRUE	TRUE	2.79999312624568e-09	6.9999828156142e-06
GUANOSINE	2814	HMDB	HMDB0000133_30_shen	Guanosine	inchikey	1	TRUE	TRUE	2.79999312624568e-09	6.9999828156142e-06
GUANOSINE	2815	HMDB	HMDB0000133_31_shen	Guanosine	inchikey	1	TRUE	TRUE	2.79999312624568e-09	6.9999828156142e-06
GUANOSINE	2816	HMDB	HMDB0000133_32_shen	Guanosine	inchikey	1	TRUE	TRUE	2.79999312624568e-09	6.9999828156142e-06
GUANOSINE	2817	HMDB	HMDB0000133_33_shen	Guanosine	inchikey	1	TRUE	TRUE	2.79999312624568e-09	6.9999828156142e-06
GUANOSINE	2818	HMDB	HMDB0000133_34_shen	Guanosine	inchikey	1	TRUE	TRUE	2.79999312624568e-09	6.9999828156142e-06
GUANOSINE	2819	HMDB	HMDB0000133_35_shen	Guanosine	inchikey	1	TRUE	TRUE	2.79999312624568e-09	6.9999828156142e-06
GUANOSINE	2820	HMDB	HMDB0000133_36_shen	Guanosine	inchikey	1	TRUE	TRUE	2.79999312624568e-09	6.9999828156142e-06
GUANOSINE	2821	HMDB	HMDB0000133_37_shen	Guanosine	inchikey	1	TRUE	TRUE	2.79999312624568e-09	6.9999828156142e-06
GUANOSINE	2822	HMDB	HMDB0000133_38_shen	Guanosine	inchikey	1	TRUE	TRUE	2.79999312624568e-09	6.9999828156142e-06
GUANOSINE	2823	HMDB	HMDB0000133_39_shen	Guanosine	inchikey	1	TRUE	TRUE	2.79999312624568e-09	6.9999828156142e-06
GUANOSINE	2824	HMDB	HMDB0000133_40_shen	Guanosine	inchikey	1	TRUE	TRUE	2.79999312624568e-09	6.9999828156142e-06
GUANOSINE	2825	HMDB	HMDB0000133_41_shen	Guanosine	inchikey	1	TRUE	TRUE	2.79999312624568e-09	6.9999828156142e-06
GUANOSINE	2826	HMDB	HMDB0000133_42_shen	Guanosine	inchikey	1	TRUE	TRUE	2.79999312624568e-09	6.9999828156142e-06
GUANOSINE	2827	HMDB	HMDB0000133_43_shen	Guanosine	inchikey	1	TRUE	TRUE	2.79999312624568e-09	6.9999828156142e-06
GUANOSINE	2828	HMDB	HMDB0000133_44_shen	Guanosine	inchikey	1	TRUE	TRUE	2.79999312624568e-09	6.9999828156142e-06
GUANOSINE	2829	HMDB	HMDB0000133_45_shen	Guanosine	inchikey	1	TRUE	TRUE	2.79999312624568e-09	6.9999828156142e-06
GUANOSINE	2830	HMDB	HMDB0000133_46_shen	Guanosine	inchikey	1	TRUE	TRUE	2.79999312624568e-09	6.9999828156142e-06
GUANOSINE	2831	HMDB	HMDB0000133_47_shen	Guanosine	inchikey	1	TRUE	TRUE	2.79999312624568e-09	6.9999828156142e-06
GUANOSINE	2832	HMDB	HMDB0000133_48_shen	Guanosine	inchikey	1	TRUE	TRUE	2.79999312624568e-09	6.9999828156142e-06
GUANOSINE	2833	HMDB	HMDB0000133_49_shen	Guanosine	inchikey	1	TRUE	TRUE	2.79999312624568e-09	6.9999828156142e-06
GUANOSINE	2834	HMDB	HMDB0000133_50_shen	Guanosine	inchikey	1	TRUE	TRUE	2.79999312624568e-09	6.9999828156142e-06
GUANOSINE	2835	HMDB	HMDB0000133_51_shen	Guanosine	inchikey	1	TRUE	TRUE	2.79999312624568e-09	6.9999828156142e-06
GUANOSINE	2836	HMDB	HMDB0000133_52_shen	Guanosine	inchikey	1	TRUE	TRUE	2.79999312624568e-09	6.9999828156142e-06
GUANOSINE	2837	HMDB	HMDB0000133_53_shen	Guanosine	inchikey	1	TRUE	TRUE	2.79999312624568e-09	6.9999828156142e-06
GUANOSINE	2838	HMDB	HMDB0000133_54_shen	Guanosine	inchikey	1	TRUE	TRUE	2.79999312624568e-09	6.9999828156142e-06
GUANOSINE	2839	HMDB	HMDB0000133_55_shen	Guanosine	inchikey	1	TRUE	TRUE	2.79999312624568e-09	6.9999828156142e-06
GUANOSINE	2840	HMDB	HMDB0000133_56_shen	Guanosine	inchikey	1	TRUE	TRUE	2.79999312624568e-09	6.9999828156142e-06
GUANOSINE	2841	HMDB	HMDB0000133_57_shen	Guanosine	inchikey	1	TRUE	TRUE	2.79999312624568e-09	6.9999828156142e-06
GUANOSINE	2842	HMDB	HMDB0000133_58_shen	Guanosine	inchikey	1	TRUE	TRUE	2.79999312624568e-09	6.9999828156142e-06
GUANOSINE	2843	HMDB	HMDB0000133_59_shen	Guanosine	inchikey	1	TRUE	TRUE	2.79999312624568e-09	6.9999828156142e-06
GUANOSINE	2844	HMDB	HMDB0000133_60_shen	Guanosine	inchikey	1	TRUE	TRUE	2.79999312624568e-09	6.9999828156142e-06
GUANOSINE	2845	HMDB	HMDB0000133_61_shen	Guanosine	inchikey	1	TRUE	TRUE	2.79999312624568e-09	6.9999828156142e-06
GUANOSINE	2846	HMDB	HMDB0000133_62_shen	Guanosine	inchikey	1	TRUE	TRUE	2.79999312624568e-09	6.9999828156142e-06
GUANOSINE	2847	HMDB	HMDB0000133_63_shen	Guanosine	inchikey	1	TRUE	TRUE	2.79999312624568e-09	6.9999828156142e-06
GUANOSINE	2848	HMDB	HMDB0000133_64_shen	Guanosine	inchikey	1	TRUE	TRUE	2.79999312624568e-09	6.9999828156142e-06
GUANOSINE	2849	HMDB	HMDB0000133_65_shen	Guanosine	inchikey	1	TRUE	TRUE	2.79999312624568e-09	6.9999828156142e-06
GUANOSINE	2850	HMDB	HMDB0000133_66_shen	Guanosine	inchikey	1	TRUE	TRUE	2.79999312624568e-09	6.9999828156142e-06
GUANOSINE	2851	HMDB	HMDB0000133_67_shen	Guanosine	inchikey	1	TRUE	TRUE	2.79999312624568e-09	6.9999828156142e-06
GUANOSINE	2852	HMDB	HMDB0000133_68_shen	Guanosine	inchikey	1	TRUE	TRUE	2.79999312624568e-09	6.9999828156142e-06
GUANOSINE	2853	HMDB	HMDB0000133_69_shen	Guanosine	inchikey	1	TRUE	TRUE	2.79999312624568e-09	6.9999828156142e-06
GUANOSINE	2854	HMDB	HMDB0000133_70_shen	Guanosine	inchikey	1	TRUE	TRUE	2.79999312624568e-09	6.9999828156142e-06
GUANOSINE	2855	HMDB	HMDB0000133_71_shen	Guanosine	inchikey	1	TRUE	TRUE	2.79999312624568e-09	6.9999828156142e-06
GUANOSINE	2856	HMDB	HMDB0000133_72_shen	Guanosine	inchikey	1	TRUE	TRUE	2.79999312624568e-09	6.9999828156142e-06
GUANOSINE	2857	HMDB	HMDB0000133_73_shen	Guanosine	inchikey	1	TRUE	TRUE	2.79999312624568e-09	6.9999828156142e-06
GUANOSINE	2858	HMDB	HMDB0000133_74_shen	Guanosine	inchikey	1	TRUE	TRUE	2.79999312624568e-09	6.9999828156142e-06
GUANOSINE	2859	HMDB	HMDB0000133_75_shen	Guanosine	inchikey	1	TRUE	TRUE	2.79999312624568e-09	6.9999828156142e-06
GUANOSINE	2860	HMDB	HMDB0000133_76_shen	Guanosine	inchikey	1	TRUE	TRUE	2.79999312624568e-09	6.9999828156142e-06
GUANOSINE	2861	HMDB	HMDB0000133_77_shen	Guanosine	inchikey	1	TRUE	TRUE	2.79999312624568e-09	6.9999828156142e-06
GUANOSINE	2862	HMDB	HMDB0000133_78_shen	Guanosine	inchikey	1	TRUE	TRUE	2.79999312624568e-09	6.9999828156142e-06
GUANOSINE	2863	HMDB	HMDB0000133_79_shen	Guanosine	inchikey	1	TRUE	TRUE	2.79999312624568e-09	6.9999828156142e-06
GUANOSINE	2864	HMDB	HMDB0000133_80_shen	Guanosine	inchikey	1	TRUE	TRUE	2.79999312624568e-09	6.9999828156142e-06
GUANOSINE	2865	HMDB	HMDB0000133_81_shen	Guanosine	inchikey	1	TRUE	TRUE	2.79999312624568e-09	6.9999828156142e-06
GUANOSINE	2866	HMDB	HMDB0000133_82_shen	Guanosine	inchikey	1	TRUE	TRUE	2.79999312624568e-09	6.9999828156142e-06
GUANOSINE	2867	HMDB	HMDB0000133_83_shen	Guanosine	inchikey	1	TRUE	TRUE	2.79999312624568e-09	6.9999828156142e-06
GUANOSINE	2868	HMDB	HMDB0000133_84_shen	Guanosine	inchikey	1	TRUE	TRUE	2.79999312624568e-09	6.9999828156142e-06
GUANOSINE	2869	HMDB	HMDB0000133_85_shen	Guanosine	inchikey	1	TRUE	TRUE	2.79999312624568e-09	6.9999828156142e-06
GUANOSINE	2870	HMDB	HMDB0000133_86_shen	Guanosine	inchikey	1	TRUE	TRUE	2.79999312624568e-09	6.9999828156142e-06
GUANOSINE	2871	HMDB	HMDB0000133_87_shen	Guanosine	inchikey	1	TRUE	TRUE	2.79999312624568e-09	6.9999828156142e-06
GUANOSINE	2872	HMDB	HMDB0000133_88_shen	Guanosine	inchikey	1	TRUE	TRUE	2.79999312624568e-09	6.9999828156142e-06
FUM	2873	HMDB	HMDB0000134_1_shen	Fumaric acid	inchikey_connectivity_formula_mass	2	FALSE	TRUE	8.00000066192297e-10	2.00000016548074e-06
FUM	2874	HMDB	HMDB0000134_2_shen	Fumaric acid	inchikey_connectivity_formula_mass	2	FALSE	TRUE	8.00000066192297e-10	2.00000016548074e-06
FUM	2875	HMDB	HMDB0000134_3_shen	Fumaric acid	inchikey_connectivity_formula_mass	2	FALSE	TRUE	8.00000066192297e-10	2.00000016548074e-06
FUM	2876	HMDB	HMDB0000134_4_shen	Fumaric acid	inchikey_connectivity_formula_mass	2	FALSE	TRUE	8.00000066192297e-10	2.00000016548074e-06
FUM	2877	HMDB	HMDB0000134_5_shen	Fumaric acid	inchikey_connectivity_formula_mass	2	FALSE	TRUE	8.00000066192297e-10	2.00000016548074e-06
FUM	2878	HMDB	HMDB0000134_6_shen	Fumaric acid	inchikey_connectivity_formula_mass	2	FALSE	TRUE	8.00000066192297e-10	2.00000016548074e-06
FUM	2879	HMDB	HMDB0000134_7_shen	Fumaric acid	inchikey_connectivity_formula_mass	2	FALSE	TRUE	8.00000066192297e-10	2.00000016548074e-06
FUM	2880	HMDB	HMDB0000134_8_shen	Fumaric acid	inchikey_connectivity_formula_mass	2	FALSE	TRUE	8.00000066192297e-10	2.00000016548074e-06
FUM	2881	HMDB	HMDB0000134_9_shen	Fumaric acid	inchikey_connectivity_formula_mass	2	FALSE	TRUE	8.00000066192297e-10	2.00000016548074e-06
FUM	2882	HMDB	HMDB0000134_10_shen	Fumaric acid	inchikey_connectivity_formula_mass	2	FALSE	TRUE	8.00000066192297e-10	2.00000016548074e-06
FUM	2883	HMDB	HMDB0000134_11_shen	Fumaric acid	inchikey_connectivity_formula_mass	2	FALSE	TRUE	8.00000066192297e-10	2.00000016548074e-06
FUM	2884	HMDB	HMDB0000134_12_shen	Fumaric acid	inchikey_connectivity_formula_mass	2	FALSE	TRUE	8.00000066192297e-10	2.00000016548074e-06
FUM	2885	HMDB	HMDB0000134_13_shen	Fumaric acid	inchikey_connectivity_formula_mass	2	FALSE	TRUE	8.00000066192297e-10	2.00000016548074e-06
FUM	2886	HMDB	HMDB0000134_14_shen	Fumaric acid	inchikey_connectivity_formula_mass	2	FALSE	TRUE	8.00000066192297e-10	2.00000016548074e-06
FUM	2887	HMDB	HMDB0000134_15_shen	Fumaric acid	inchikey_connectivity_formula_mass	2	FALSE	TRUE	8.00000066192297e-10	2.00000016548074e-06
GLYCERATE	2916	HMDB	HMDB0000139_1_shen	Glyceric acid	inchikey_connectivity_formula_mass	2	FALSE	TRUE	1.00000363545405e-09	2.50000908863512e-06
GLYCERATE	2917	HMDB	HMDB0000139_2_shen	Glyceric acid	inchikey_connectivity_formula_mass	2	FALSE	TRUE	1.00000363545405e-09	2.50000908863512e-06
GLYCERATE	2918	HMDB	HMDB0000139_3_shen	Glyceric acid	inchikey_connectivity_formula_mass	2	FALSE	TRUE	1.00000363545405e-09	2.50000908863512e-06
GLYCERATE	2919	HMDB	HMDB0000139_4_shen	Glyceric acid	inchikey_connectivity_formula_mass	2	FALSE	TRUE	1.00000363545405e-09	2.50000908863512e-06
GLYCERATE	2920	HMDB	HMDB0000139_5_shen	Glyceric acid	inchikey_connectivity_formula_mass	2	FALSE	TRUE	1.00000363545405e-09	2.50000908863512e-06
GLYCERATE	2921	HMDB	HMDB0000139_6_shen	Glyceric acid	inchikey_connectivity_formula_mass	2	FALSE	TRUE	1.00000363545405e-09	2.50000908863512e-06
GLYCERATE	2922	HMDB	HMDB0000139_7_shen	Glyceric acid	inchikey_connectivity_formula_mass	2	FALSE	TRUE	1.00000363545405e-09	2.50000908863512e-06
GLYCERATE	2923	HMDB	HMDB0000139_8_shen	Glyceric acid	inchikey_connectivity_formula_mass	2	FALSE	TRUE	1.00000363545405e-09	2.50000908863512e-06
GLYCERATE	2924	HMDB	HMDB0000139_9_shen	Glyceric acid	inchikey_connectivity_formula_mass	2	FALSE	TRUE	1.00000363545405e-09	2.50000908863512e-06
GLYCERATE	2925	HMDB	HMDB0000139_10_shen	Glyceric acid	inchikey_connectivity_formula_mass	2	FALSE	TRUE	1.00000363545405e-09	2.50000908863512e-06
GLYCERATE	2926	HMDB	HMDB0000139_11_shen	Glyceric acid	inchikey_connectivity_formula_mass	2	FALSE	TRUE	1.00000363545405e-09	2.50000908863512e-06
GLYCERATE	2927	HMDB	HMDB0000139_12_shen	Glyceric acid	inchikey_connectivity_formula_mass	2	FALSE	TRUE	1.00000363545405e-09	2.50000908863512e-06
GLYCERATE	2928	HMDB	HMDB0000139_13_shen	Glyceric acid	inchikey_connectivity_formula_mass	2	FALSE	TRUE	1.00000363545405e-09	2.50000908863512e-06
GLYCERATE	2929	HMDB	HMDB0000139_14_shen	Glyceric acid	inchikey_connectivity_formula_mass	2	FALSE	TRUE	1.00000363545405e-09	2.50000908863512e-06
GLYCERATE	2930	HMDB	HMDB0000139_15_shen	Glyceric acid	inchikey_connectivity_formula_mass	2	FALSE	TRUE	1.00000363545405e-09	2.50000908863512e-06
GLYCERATE	2931	HMDB	HMDB0000139_16_shen	Glyceric acid	inchikey_connectivity_formula_mass	2	FALSE	TRUE	1.00000363545405e-09	2.50000908863512e-06
GLYCERATE	2932	HMDB	HMDB0000139_17_shen	Glyceric acid	inchikey_connectivity_formula_mass	2	FALSE	TRUE	1.00000363545405e-09	2.50000908863512e-06
GLYCERATE	2933	HMDB	HMDB0000139_18_shen	Glyceric acid	inchikey_connectivity_formula_mass	2	FALSE	TRUE	1.00000363545405e-09	2.50000908863512e-06
GLYCERATE	2934	HMDB	HMDB0000139_19_shen	Glyceric acid	inchikey_connectivity_formula_mass	2	FALSE	TRUE	1.00000363545405e-09	2.50000908863512e-06
GLYCERATE	2935	HMDB	HMDB0000139_20_shen	Glyceric acid	inchikey_connectivity_formula_mass	2	FALSE	TRUE	1.00000363545405e-09	2.50000908863512e-06
ALPHA-D-GALACTOSE	2942	HMDB	HMDB0000143_1_shen	D-Galactose	inchikey	1	TRUE	TRUE	1.80000370164635e-09	4.50000925411587e-06
ALPHA-D-GALACTOSE	2943	HMDB	HMDB0000143_2_shen	D-Galactose	inchikey	1	TRUE	TRUE	1.80000370164635e-09	4.50000925411587e-06
ALPHA-D-GALACTOSE	2944	HMDB	HMDB0000143_3_shen	D-Galactose	inchikey	1	TRUE	TRUE	1.80000370164635e-09	4.50000925411587e-06
ALPHA-D-GALACTOSE	2945	HMDB	HMDB0000143_4_shen	D-Galactose	inchikey	1	TRUE	TRUE	1.80000370164635e-09	4.50000925411587e-06
ALPHA-D-GALACTOSE	2946	HMDB	HMDB0000143_5_shen	D-Galactose	inchikey	1	TRUE	TRUE	1.80000370164635e-09	4.50000925411587e-06
ALPHA-D-GALACTOSE	2947	HMDB	HMDB0000143_6_shen	D-Galactose	inchikey	1	TRUE	TRUE	1.80000370164635e-09	4.50000925411587e-06
ALPHA-D-GALACTOSE	2948	HMDB	HMDB0000143_7_shen	D-Galactose	inchikey	1	TRUE	TRUE	1.80000370164635e-09	4.50000925411587e-06
ALPHA-D-GALACTOSE	2949	HMDB	HMDB0000143_8_shen	D-Galactose	inchikey	1	TRUE	TRUE	1.80000370164635e-09	4.50000925411587e-06
ALPHA-D-GALACTOSE	2950	HMDB	HMDB0000143_9_shen	D-Galactose	inchikey	1	TRUE	TRUE	1.80000370164635e-09	4.50000925411587e-06
ESTRONE	2951	HMDB	HMDB0000145_1_shen	Estrone	inchikey	1	TRUE	TRUE	2.39998598772218e-09	5.99996496930544e-06
ESTRONE	2952	HMDB	HMDB0000145_2_shen	Estrone	inchikey	1	TRUE	TRUE	2.39998598772218e-09	5.99996496930544e-06
ESTRONE	2953	HMDB	HMDB0000145_3_shen	Estrone	inchikey	1	TRUE	TRUE	2.39998598772218e-09	5.99996496930544e-06
ESTRONE	2954	HMDB	HMDB0000145_4_shen	Estrone	inchikey	1	TRUE	TRUE	2.39998598772218e-09	5.99996496930544e-06
ESTRONE	2955	HMDB	HMDB0000145_5_shen	Estrone	inchikey	1	TRUE	TRUE	2.39998598772218e-09	5.99996496930544e-06
ESTRONE	2956	HMDB	HMDB0000145_6_shen	Estrone	inchikey	1	TRUE	TRUE	2.39998598772218e-09	5.99996496930544e-06
ESTRONE	2957	HMDB	HMDB0000145_7_shen	Estrone	inchikey	1	TRUE	TRUE	2.39998598772218e-09	5.99996496930544e-06
ESTRONE	2958	HMDB	HMDB0000145_8_shen	Estrone	inchikey	1	TRUE	TRUE	2.39998598772218e-09	5.99996496930544e-06
ESTRONE	2959	HMDB	HMDB0000145_9_shen	Estrone	inchikey	1	TRUE	TRUE	2.39998598772218e-09	5.99996496930544e-06
ESTRONE	2960	HMDB	HMDB0000145_10_shen	Estrone	inchikey	1	TRUE	TRUE	2.39998598772218e-09	5.99996496930544e-06
ESTRONE	2961	HMDB	HMDB0000145_11_shen	Estrone	inchikey	1	TRUE	TRUE	2.39998598772218e-09	5.99996496930544e-06
ESTRONE	2962	HMDB	HMDB0000145_12_shen	Estrone	inchikey	1	TRUE	TRUE	2.39998598772218e-09	5.99996496930544e-06
ESTRONE	2963	HMDB	HMDB0000145_13_shen	Estrone	inchikey	1	TRUE	TRUE	2.39998598772218e-09	5.99996496930544e-06
ESTRONE	2964	HMDB	HMDB0000145_14_shen	Estrone	inchikey	1	TRUE	TRUE	2.39998598772218e-09	5.99996496930544e-06
ESTRONE	2965	HMDB	HMDB0000145_15_shen	Estrone	inchikey	1	TRUE	TRUE	2.39998598772218e-09	5.99996496930544e-06
ESTRONE	2966	HMDB	HMDB0000145_16_shen	Estrone	inchikey	1	TRUE	TRUE	2.39998598772218e-09	5.99996496930544e-06
ESTRONE	2967	HMDB	HMDB0000145_17_shen	Estrone	inchikey	1	TRUE	TRUE	2.39998598772218e-09	5.99996496930544e-06
ESTRONE	2968	HMDB	HMDB0000145_18_shen	Estrone	inchikey	1	TRUE	TRUE	2.39998598772218e-09	5.99996496930544e-06
ESTRONE	2969	HMDB	HMDB0000145_19_shen	Estrone	inchikey	1	TRUE	TRUE	2.39998598772218e-09	5.99996496930544e-06
ESTRONE	2970	HMDB	HMDB0000145_20_shen	Estrone	inchikey	1	TRUE	TRUE	2.39998598772218e-09	5.99996496930544e-06
ESTRONE	2971	HMDB	HMDB0000145_21_shen	Estrone	inchikey	1	TRUE	TRUE	2.39998598772218e-09	5.99996496930544e-06
ESTRONE	2972	HMDB	HMDB0000145_22_shen	Estrone	inchikey	1	TRUE	TRUE	2.39998598772218e-09	5.99996496930544e-06
ESTRONE	2973	HMDB	HMDB0000145_23_shen	Estrone	inchikey	1	TRUE	TRUE	2.39998598772218e-09	5.99996496930544e-06
ESTRONE	2974	HMDB	HMDB0000145_24_shen	Estrone	inchikey	1	TRUE	TRUE	2.39998598772218e-09	5.99996496930544e-06
ESTRONE	2975	HMDB	HMDB0000145_25_shen	Estrone	inchikey	1	TRUE	TRUE	2.39998598772218e-09	5.99996496930544e-06
ESTRONE	2976	HMDB	HMDB0000145_26_shen	Estrone	inchikey	1	TRUE	TRUE	2.39998598772218e-09	5.99996496930544e-06
ESTRONE	2977	HMDB	HMDB0000145_27_shen	Estrone	inchikey	1	TRUE	TRUE	2.39998598772218e-09	5.99996496930544e-06
ESTRONE	2978	HMDB	HMDB0000145_28_shen	Estrone	inchikey	1	TRUE	TRUE	2.39998598772218e-09	5.99996496930544e-06
ESTRONE	2979	HMDB	HMDB0000145_29_shen	Estrone	inchikey	1	TRUE	TRUE	2.39998598772218e-09	5.99996496930544e-06
ESTRONE	2980	HMDB	HMDB0000145_30_shen	Estrone	inchikey	1	TRUE	TRUE	2.39998598772218e-09	5.99996496930544e-06
ESTRONE	2981	HMDB	HMDB0000145_31_shen	Estrone	inchikey	1	TRUE	TRUE	2.39998598772218e-09	5.99996496930544e-06
ESTRONE	2982	HMDB	HMDB0000145_32_shen	Estrone	inchikey	1	TRUE	TRUE	2.39998598772218e-09	5.99996496930544e-06
ESTRONE	2983	HMDB	HMDB0000145_33_shen	Estrone	inchikey	1	TRUE	TRUE	2.39998598772218e-09	5.99996496930544e-06
ESTRONE	2984	HMDB	HMDB0000145_34_shen	Estrone	inchikey	1	TRUE	TRUE	2.39998598772218e-09	5.99996496930544e-06
ESTRONE	2985	HMDB	HMDB0000145_35_shen	Estrone	inchikey	1	TRUE	TRUE	2.39998598772218e-09	5.99996496930544e-06
ESTRONE	2986	HMDB	HMDB0000145_36_shen	Estrone	inchikey	1	TRUE	TRUE	2.39998598772218e-09	5.99996496930544e-06
ESTRONE	2987	HMDB	HMDB0000145_37_shen	Estrone	inchikey	1	TRUE	TRUE	2.39998598772218e-09	5.99996496930544e-06
ESTRONE	2988	HMDB	HMDB0000145_38_shen	Estrone	inchikey	1	TRUE	TRUE	2.39998598772218e-09	5.99996496930544e-06
ESTRONE	2989	HMDB	HMDB0000145_39_shen	Estrone	inchikey	1	TRUE	TRUE	2.39998598772218e-09	5.99996496930544e-06
GLT	2990	HMDB	HMDB0000148_1_shen	L-Glutamic acid	inchikey_connectivity_formula_mass	2	FALSE	TRUE	1.499984136899e-09	3.7499603422475e-06
GLT	2991	HMDB	HMDB0000148_2_shen	L-Glutamic acid	inchikey_connectivity_formula_mass	2	FALSE	TRUE	1.499984136899e-09	3.7499603422475e-06
GLT	2992	HMDB	HMDB0000148_3_shen	L-Glutamic acid	inchikey_connectivity_formula_mass	2	FALSE	TRUE	1.499984136899e-09	3.7499603422475e-06
GLT	2993	HMDB	HMDB0000148_4_shen	L-Glutamic acid	inchikey_connectivity_formula_mass	2	FALSE	TRUE	1.499984136899e-09	3.7499603422475e-06
GLT	2994	HMDB	HMDB0000148_5_shen	L-Glutamic acid	inchikey_connectivity_formula_mass	2	FALSE	TRUE	1.499984136899e-09	3.7499603422475e-06
GLT	2995	HMDB	HMDB0000148_6_shen	L-Glutamic acid	inchikey_connectivity_formula_mass	2	FALSE	TRUE	1.499984136899e-09	3.7499603422475e-06
GLT	2996	HMDB	HMDB0000148_7_shen	L-Glutamic acid	inchikey_connectivity_formula_mass	2	FALSE	TRUE	1.499984136899e-09	3.7499603422475e-06
GLT	2997	HMDB	HMDB0000148_8_shen	L-Glutamic acid	inchikey_connectivity_formula_mass	2	FALSE	TRUE	1.499984136899e-09	3.7499603422475e-06
GLT	2998	HMDB	HMDB0000148_9_shen	L-Glutamic acid	inchikey_connectivity_formula_mass	2	FALSE	TRUE	1.499984136899e-09	3.7499603422475e-06
GLT	2999	HMDB	HMDB0000148_10_shen	L-Glutamic acid	inchikey_connectivity_formula_mass	2	FALSE	TRUE	1.499984136899e-09	3.7499603422475e-06
GLT	3000	HMDB	HMDB0000148_11_shen	L-Glutamic acid	inchikey_connectivity_formula_mass	2	FALSE	TRUE	1.499984136899e-09	3.7499603422475e-06
GLT	3001	HMDB	HMDB0000148_12_shen	L-Glutamic acid	inchikey_connectivity_formula_mass	2	FALSE	TRUE	1.499984136899e-09	3.7499603422475e-06
GLT	3002	HMDB	HMDB0000148_13_shen	L-Glutamic acid	inchikey_connectivity_formula_mass	2	FALSE	TRUE	1.499984136899e-09	3.7499603422475e-06
GLT	3003	HMDB	HMDB0000148_14_shen	L-Glutamic acid	inchikey_connectivity_formula_mass	2	FALSE	TRUE	1.499984136899e-09	3.7499603422475e-06
GLT	3004	HMDB	HMDB0000148_15_shen	L-Glutamic acid	inchikey_connectivity_formula_mass	2	FALSE	TRUE	1.499984136899e-09	3.7499603422475e-06
GLT	3005	HMDB	HMDB0000148_16_shen	L-Glutamic acid	inchikey_connectivity_formula_mass	2	FALSE	TRUE	1.499984136899e-09	3.7499603422475e-06
GLT	3006	HMDB	HMDB0000148_17_shen	L-Glutamic acid	inchikey_connectivity_formula_mass	2	FALSE	TRUE	1.499984136899e-09	3.7499603422475e-06
GLT	3007	HMDB	HMDB0000148_18_shen	L-Glutamic acid	inchikey_connectivity_formula_mass	2	FALSE	TRUE	1.499984136899e-09	3.7499603422475e-06
GLT	3008	HMDB	HMDB0000148_19_shen	L-Glutamic acid	inchikey_connectivity_formula_mass	2	FALSE	TRUE	1.499984136899e-09	3.7499603422475e-06
GLT	3009	HMDB	HMDB0000148_20_shen	L-Glutamic acid	inchikey_connectivity_formula_mass	2	FALSE	TRUE	1.499984136899e-09	3.7499603422475e-06
GLT	3010	HMDB	HMDB0000148_21_shen	L-Glutamic acid	inchikey_connectivity_formula_mass	2	FALSE	TRUE	1.499984136899e-09	3.7499603422475e-06
GLT	3011	HMDB	HMDB0000148_22_shen	L-Glutamic acid	inchikey_connectivity_formula_mass	2	FALSE	TRUE	1.499984136899e-09	3.7499603422475e-06
GLT	3012	HMDB	HMDB0000148_23_shen	L-Glutamic acid	inchikey_connectivity_formula_mass	2	FALSE	TRUE	1.499984136899e-09	3.7499603422475e-06
GLT	3013	HMDB	HMDB0000148_24_shen	L-Glutamic acid	inchikey_connectivity_formula_mass	2	FALSE	TRUE	1.499984136899e-09	3.7499603422475e-06
GLT	3014	HMDB	HMDB0000148_25_shen	L-Glutamic acid	inchikey_connectivity_formula_mass	2	FALSE	TRUE	1.499984136899e-09	3.7499603422475e-06
GLT	3015	HMDB	HMDB0000148_26_shen	L-Glutamic acid	inchikey_connectivity_formula_mass	2	FALSE	TRUE	1.499984136899e-09	3.7499603422475e-06
GLT	3016	HMDB	HMDB0000148_27_shen	L-Glutamic acid	inchikey_connectivity_formula_mass	2	FALSE	TRUE	1.499984136899e-09	3.7499603422475e-06
GLT	3017	HMDB	HMDB0000148_28_shen	L-Glutamic acid	inchikey_connectivity_formula_mass	2	FALSE	TRUE	1.499984136899e-09	3.7499603422475e-06
GLT	3018	HMDB	HMDB0000148_29_shen	L-Glutamic acid	inchikey_connectivity_formula_mass	2	FALSE	TRUE	1.499984136899e-09	3.7499603422475e-06
GLT	3019	HMDB	HMDB0000148_30_shen	L-Glutamic acid	inchikey_connectivity_formula_mass	2	FALSE	TRUE	1.499984136899e-09	3.7499603422475e-06
GLT	3020	HMDB	HMDB0000148_31_shen	L-Glutamic acid	inchikey_connectivity_formula_mass	2	FALSE	TRUE	1.499984136899e-09	3.7499603422475e-06
GLT	3021	HMDB	HMDB0000148_32_shen	L-Glutamic acid	inchikey_connectivity_formula_mass	2	FALSE	TRUE	1.499984136899e-09	3.7499603422475e-06
GLT	3022	HMDB	HMDB0000148_33_shen	L-Glutamic acid	inchikey_connectivity_formula_mass	2	FALSE	TRUE	1.499984136899e-09	3.7499603422475e-06
GLT	3023	HMDB	HMDB0000148_34_shen	L-Glutamic acid	inchikey_connectivity_formula_mass	2	FALSE	TRUE	1.499984136899e-09	3.7499603422475e-06
GLT	3024	HMDB	HMDB0000148_35_shen	L-Glutamic acid	inchikey_connectivity_formula_mass	2	FALSE	TRUE	1.499984136899e-09	3.7499603422475e-06
GLT	3025	HMDB	HMDB0000148_36_shen	L-Glutamic acid	inchikey_connectivity_formula_mass	2	FALSE	TRUE	1.499984136899e-09	3.7499603422475e-06
GLT	3026	HMDB	HMDB0000148_37_shen	L-Glutamic acid	inchikey_connectivity_formula_mass	2	FALSE	TRUE	1.499984136899e-09	3.7499603422475e-06
GLT	3027	HMDB	HMDB0000148_38_shen	L-Glutamic acid	inchikey_connectivity_formula_mass	2	FALSE	TRUE	1.499984136899e-09	3.7499603422475e-06
GLT	3028	HMDB	HMDB0000148_39_shen	L-Glutamic acid	inchikey_connectivity_formula_mass	2	FALSE	TRUE	1.499984136899e-09	3.7499603422475e-06
GLT	3029	HMDB	HMDB0000148_40_shen	L-Glutamic acid	inchikey_connectivity_formula_mass	2	FALSE	TRUE	1.499984136899e-09	3.7499603422475e-06
GLT	3030	HMDB	HMDB0000148_41_shen	L-Glutamic acid	inchikey_connectivity_formula_mass	2	FALSE	TRUE	1.499984136899e-09	3.7499603422475e-06
GLT	3031	HMDB	HMDB0000148_42_shen	L-Glutamic acid	inchikey_connectivity_formula_mass	2	FALSE	TRUE	1.499984136899e-09	3.7499603422475e-06
GLT	3032	HMDB	HMDB0000148_43_shen	L-Glutamic acid	inchikey_connectivity_formula_mass	2	FALSE	TRUE	1.499984136899e-09	3.7499603422475e-06
GLT	3033	HMDB	HMDB0000148_44_shen	L-Glutamic acid	inchikey_connectivity_formula_mass	2	FALSE	TRUE	1.499984136899e-09	3.7499603422475e-06
GLT	3034	HMDB	HMDB0000148_45_shen	L-Glutamic acid	inchikey_connectivity_formula_mass	2	FALSE	TRUE	1.499984136899e-09	3.7499603422475e-06
GLT	3035	HMDB	HMDB0000148_46_shen	L-Glutamic acid	inchikey_connectivity_formula_mass	2	FALSE	TRUE	1.499984136899e-09	3.7499603422475e-06
GLT	3036	HMDB	HMDB0000148_47_shen	L-Glutamic acid	inchikey_connectivity_formula_mass	2	FALSE	TRUE	1.499984136899e-09	3.7499603422475e-06
GLT	3037	HMDB	HMDB0000148_48_shen	L-Glutamic acid	inchikey_connectivity_formula_mass	2	FALSE	TRUE	1.499984136899e-09	3.7499603422475e-06
GLT	3038	HMDB	HMDB0000148_49_shen	L-Glutamic acid	inchikey_connectivity_formula_mass	2	FALSE	TRUE	1.499984136899e-09	3.7499603422475e-06
GLT	3039	HMDB	HMDB0000148_50_shen	L-Glutamic acid	inchikey_connectivity_formula_mass	2	FALSE	TRUE	1.499984136899e-09	3.7499603422475e-06
GLT	3040	HMDB	HMDB0000148_51_shen	L-Glutamic acid	inchikey_connectivity_formula_mass	2	FALSE	TRUE	1.499984136899e-09	3.7499603422475e-06
GLT	3041	HMDB	HMDB0000148_52_shen	L-Glutamic acid	inchikey_connectivity_formula_mass	2	FALSE	TRUE	1.499984136899e-09	3.7499603422475e-06
GLT	3042	HMDB	HMDB0000148_53_shen	L-Glutamic acid	inchikey_connectivity_formula_mass	2	FALSE	TRUE	1.499984136899e-09	3.7499603422475e-06
GLT	3043	HMDB	HMDB0000148_54_shen	L-Glutamic acid	inchikey_connectivity_formula_mass	2	FALSE	TRUE	1.499984136899e-09	3.7499603422475e-06
GLT	3044	HMDB	HMDB0000148_55_shen	L-Glutamic acid	inchikey_connectivity_formula_mass	2	FALSE	TRUE	1.499984136899e-09	3.7499603422475e-06
GLT	3045	HMDB	HMDB0000148_56_shen	L-Glutamic acid	inchikey_connectivity_formula_mass	2	FALSE	TRUE	1.499984136899e-09	3.7499603422475e-06
GLT	3046	HMDB	HMDB0000148_57_shen	L-Glutamic acid	inchikey_connectivity_formula_mass	2	FALSE	TRUE	1.499984136899e-09	3.7499603422475e-06
GLT	3047	HMDB	HMDB0000148_58_shen	L-Glutamic acid	inchikey_connectivity_formula_mass	2	FALSE	TRUE	1.499984136899e-09	3.7499603422475e-06
GLT	3048	HMDB	HMDB0000148_59_shen	L-Glutamic acid	inchikey_connectivity_formula_mass	2	FALSE	TRUE	1.499984136899e-09	3.7499603422475e-06
GLT	3049	HMDB	HMDB0000148_60_shen	L-Glutamic acid	inchikey_connectivity_formula_mass	2	FALSE	TRUE	1.499984136899e-09	3.7499603422475e-06
GLT	3050	HMDB	HMDB0000148_61_shen	L-Glutamic acid	inchikey_connectivity_formula_mass	2	FALSE	TRUE	1.499984136899e-09	3.7499603422475e-06
GLT	3051	HMDB	HMDB0000148_62_shen	L-Glutamic acid	inchikey_connectivity_formula_mass	2	FALSE	TRUE	1.499984136899e-09	3.7499603422475e-06
GLT	3052	HMDB	HMDB0000148_63_shen	L-Glutamic acid	inchikey_connectivity_formula_mass	2	FALSE	TRUE	1.499984136899e-09	3.7499603422475e-06
GLT	3053	HMDB	HMDB0000148_64_shen	L-Glutamic acid	inchikey_connectivity_formula_mass	2	FALSE	TRUE	1.499984136899e-09	3.7499603422475e-06
GLT	3054	HMDB	HMDB0000148_65_shen	L-Glutamic acid	inchikey_connectivity_formula_mass	2	FALSE	TRUE	1.499984136899e-09	3.7499603422475e-06
GLT	3055	HMDB	HMDB0000148_66_shen	L-Glutamic acid	inchikey_connectivity_formula_mass	2	FALSE	TRUE	1.499984136899e-09	3.7499603422475e-06
GLT	3056	HMDB	HMDB0000148_67_shen	L-Glutamic acid	inchikey_connectivity_formula_mass	2	FALSE	TRUE	1.499984136899e-09	3.7499603422475e-06
GLT	3057	HMDB	HMDB0000148_68_shen	L-Glutamic acid	inchikey_connectivity_formula_mass	2	FALSE	TRUE	1.499984136899e-09	3.7499603422475e-06
GLT	3058	HMDB	HMDB0000148_69_shen	L-Glutamic acid	inchikey_connectivity_formula_mass	2	FALSE	TRUE	1.499984136899e-09	3.7499603422475e-06
GLT	3059	HMDB	HMDB0000148_70_shen	L-Glutamic acid	inchikey_connectivity_formula_mass	2	FALSE	TRUE	1.499984136899e-09	3.7499603422475e-06
GLT	3060	HMDB	HMDB0000148_71_shen	L-Glutamic acid	inchikey_connectivity_formula_mass	2	FALSE	TRUE	1.499984136899e-09	3.7499603422475e-06
GLT	3061	HMDB	HMDB0000148_72_shen	L-Glutamic acid	inchikey_connectivity_formula_mass	2	FALSE	TRUE	1.499984136899e-09	3.7499603422475e-06
GLT	3062	HMDB	HMDB0000148_73_shen	L-Glutamic acid	inchikey_connectivity_formula_mass	2	FALSE	TRUE	1.499984136899e-09	3.7499603422475e-06
GLT	3063	HMDB	HMDB0000148_74_shen	L-Glutamic acid	inchikey_connectivity_formula_mass	2	FALSE	TRUE	1.499984136899e-09	3.7499603422475e-06
GLT	3064	HMDB	HMDB0000148_75_shen	L-Glutamic acid	inchikey_connectivity_formula_mass	2	FALSE	TRUE	1.499984136899e-09	3.7499603422475e-06
GLT	3065	HMDB	HMDB0000148_76_shen	L-Glutamic acid	inchikey_connectivity_formula_mass	2	FALSE	TRUE	1.499984136899e-09	3.7499603422475e-06
GLT	3066	HMDB	HMDB0000148_77_shen	L-Glutamic acid	inchikey_connectivity_formula_mass	2	FALSE	TRUE	1.499984136899e-09	3.7499603422475e-06
GLT	3067	HMDB	HMDB0000148_78_shen	L-Glutamic acid	inchikey_connectivity_formula_mass	2	FALSE	TRUE	1.499984136899e-09	3.7499603422475e-06
GLT	3068	HMDB	HMDB0000148_79_shen	L-Glutamic acid	inchikey_connectivity_formula_mass	2	FALSE	TRUE	1.499984136899e-09	3.7499603422475e-06
GLT	3069	HMDB	HMDB0000148_80_shen	L-Glutamic acid	inchikey_connectivity_formula_mass	2	FALSE	TRUE	1.499984136899e-09	3.7499603422475e-06
GLC-D-LACTONE	3092	HMDB	HMDB0000150_1_shen	Gluconolactone	inchikey	1	TRUE	TRUE	1.60000013238459e-09	4.00000033096148e-06
GLC-D-LACTONE	3093	HMDB	HMDB0000150_2_shen	Gluconolactone	inchikey	1	TRUE	TRUE	1.60000013238459e-09	4.00000033096148e-06
GLC-D-LACTONE	3094	HMDB	HMDB0000150_3_shen	Gluconolactone	inchikey	1	TRUE	TRUE	1.60000013238459e-09	4.00000033096148e-06
GLC-D-LACTONE	3095	HMDB	HMDB0000150_4_shen	Gluconolactone	inchikey	1	TRUE	TRUE	1.60000013238459e-09	4.00000033096148e-06
GLC-D-LACTONE	3096	HMDB	HMDB0000150_5_shen	Gluconolactone	inchikey	1	TRUE	TRUE	1.60000013238459e-09	4.00000033096148e-06
GLC-D-LACTONE	3097	HMDB	HMDB0000150_6_shen	Gluconolactone	inchikey	1	TRUE	TRUE	1.60000013238459e-09	4.00000033096148e-06
GLC-D-LACTONE	3098	HMDB	HMDB0000150_7_shen	Gluconolactone	inchikey	1	TRUE	TRUE	1.60000013238459e-09	4.00000033096148e-06
GLC-D-LACTONE	3099	HMDB	HMDB0000150_8_shen	Gluconolactone	inchikey	1	TRUE	TRUE	1.60000013238459e-09	4.00000033096148e-06
CPD-352	3100	HMDB	HMDB0000151_1_shen	Estradiol	inchikey	1	TRUE	TRUE	2.60001797869336e-09	6.5000449467334e-06
CPD-352	3101	HMDB	HMDB0000151_2_shen	Estradiol	inchikey	1	TRUE	TRUE	2.60001797869336e-09	6.5000449467334e-06
CPD-352	3102	HMDB	HMDB0000151_3_shen	Estradiol	inchikey	1	TRUE	TRUE	2.60001797869336e-09	6.5000449467334e-06
CPD-352	3103	HMDB	HMDB0000151_4_shen	Estradiol	inchikey	1	TRUE	TRUE	2.60001797869336e-09	6.5000449467334e-06
CPD-352	3104	HMDB	HMDB0000151_5_shen	Estradiol	inchikey	1	TRUE	TRUE	2.60001797869336e-09	6.5000449467334e-06
CPD-352	3105	HMDB	HMDB0000151_6_shen	Estradiol	inchikey	1	TRUE	TRUE	2.60001797869336e-09	6.5000449467334e-06
CPD-352	3106	HMDB	HMDB0000151_7_shen	Estradiol	inchikey	1	TRUE	TRUE	2.60001797869336e-09	6.5000449467334e-06
CPD-352	3107	HMDB	HMDB0000151_8_shen	Estradiol	inchikey	1	TRUE	TRUE	2.60001797869336e-09	6.5000449467334e-06
CPD-352	3108	HMDB	HMDB0000151_9_shen	Estradiol	inchikey	1	TRUE	TRUE	2.60001797869336e-09	6.5000449467334e-06
CPD-352	3109	HMDB	HMDB0000151_10_shen	Estradiol	inchikey	1	TRUE	TRUE	2.60001797869336e-09	6.5000449467334e-06
CPD-352	3110	HMDB	HMDB0000151_11_shen	Estradiol	inchikey	1	TRUE	TRUE	2.60001797869336e-09	6.5000449467334e-06
CPD-352	3111	HMDB	HMDB0000151_12_shen	Estradiol	inchikey	1	TRUE	TRUE	2.60001797869336e-09	6.5000449467334e-06
CPD-352	3112	HMDB	HMDB0000151_13_shen	Estradiol	inchikey	1	TRUE	TRUE	2.60001797869336e-09	6.5000449467334e-06
CPD-352	3113	HMDB	HMDB0000151_14_shen	Estradiol	inchikey	1	TRUE	TRUE	2.60001797869336e-09	6.5000449467334e-06
CPD-352	3114	HMDB	HMDB0000151_15_shen	Estradiol	inchikey	1	TRUE	TRUE	2.60001797869336e-09	6.5000449467334e-06
CPD-352	3115	HMDB	HMDB0000151_16_shen	Estradiol	inchikey	1	TRUE	TRUE	2.60001797869336e-09	6.5000449467334e-06
CPD-352	3116	HMDB	HMDB0000151_17_shen	Estradiol	inchikey	1	TRUE	TRUE	2.60001797869336e-09	6.5000449467334e-06
CPD-352	3117	HMDB	HMDB0000151_18_shen	Estradiol	inchikey	1	TRUE	TRUE	2.60001797869336e-09	6.5000449467334e-06
CPD-352	3118	HMDB	HMDB0000151_19_shen	Estradiol	inchikey	1	TRUE	TRUE	2.60001797869336e-09	6.5000449467334e-06
CPD-352	3119	HMDB	HMDB0000151_20_shen	Estradiol	inchikey	1	TRUE	TRUE	2.60001797869336e-09	6.5000449467334e-06
CPD-352	3120	HMDB	HMDB0000151_21_shen	Estradiol	inchikey	1	TRUE	TRUE	2.60001797869336e-09	6.5000449467334e-06
CPD-352	3121	HMDB	HMDB0000151_22_shen	Estradiol	inchikey	1	TRUE	TRUE	2.60001797869336e-09	6.5000449467334e-06
CPD-352	3122	HMDB	HMDB0000151_23_shen	Estradiol	inchikey	1	TRUE	TRUE	2.60001797869336e-09	6.5000449467334e-06
CPD-352	3123	HMDB	HMDB0000151_24_shen	Estradiol	inchikey	1	TRUE	TRUE	2.60001797869336e-09	6.5000449467334e-06
CPD-352	3124	HMDB	HMDB0000151_25_shen	Estradiol	inchikey	1	TRUE	TRUE	2.60001797869336e-09	6.5000449467334e-06
CPD-352	3125	HMDB	HMDB0000151_26_shen	Estradiol	inchikey	1	TRUE	TRUE	2.60001797869336e-09	6.5000449467334e-06
CPD-352	3126	HMDB	HMDB0000151_27_shen	Estradiol	inchikey	1	TRUE	TRUE	2.60001797869336e-09	6.5000449467334e-06
CPD-352	3127	HMDB	HMDB0000151_28_shen	Estradiol	inchikey	1	TRUE	TRUE	2.60001797869336e-09	6.5000449467334e-06
CPD-352	3128	HMDB	HMDB0000151_29_shen	Estradiol	inchikey	1	TRUE	TRUE	2.60001797869336e-09	6.5000449467334e-06
CPD-633	3129	HMDB	HMDB0000152_1_shen	Gentisic acid	inchikey_connectivity_formula_mass	2	FALSE	TRUE	8.00000066192297e-09	2.00000016548074e-05
CPD-633	3130	HMDB	HMDB0000152_2_shen	Gentisic acid	inchikey_connectivity_formula_mass	2	FALSE	TRUE	8.00000066192297e-09	2.00000016548074e-05
CPD-633	3131	HMDB	HMDB0000152_3_shen	Gentisic acid	inchikey_connectivity_formula_mass	2	FALSE	TRUE	8.00000066192297e-09	2.00000016548074e-05
CPD-633	3132	HMDB	HMDB0000152_4_shen	Gentisic acid	inchikey_connectivity_formula_mass	2	FALSE	TRUE	8.00000066192297e-09	2.00000016548074e-05
CPD-633	3133	HMDB	HMDB0000152_5_shen	Gentisic acid	inchikey_connectivity_formula_mass	2	FALSE	TRUE	8.00000066192297e-09	2.00000016548074e-05
CPD-633	3134	HMDB	HMDB0000152_6_shen	Gentisic acid	inchikey_connectivity_formula_mass	2	FALSE	TRUE	8.00000066192297e-09	2.00000016548074e-05
CPD-633	3135	HMDB	HMDB0000152_7_shen	Gentisic acid	inchikey_connectivity_formula_mass	2	FALSE	TRUE	8.00000066192297e-09	2.00000016548074e-05
CPD-633	3136	HMDB	HMDB0000152_8_shen	Gentisic acid	inchikey_connectivity_formula_mass	2	FALSE	TRUE	8.00000066192297e-09	2.00000016548074e-05
CPD-633	3137	HMDB	HMDB0000152_9_shen	Gentisic acid	inchikey_connectivity_formula_mass	2	FALSE	TRUE	8.00000066192297e-09	2.00000016548074e-05
CPD-633	3138	HMDB	HMDB0000152_10_shen	Gentisic acid	inchikey_connectivity_formula_mass	2	FALSE	TRUE	8.00000066192297e-09	2.00000016548074e-05
CPD-633	3139	HMDB	HMDB0000152_11_shen	Gentisic acid	inchikey_connectivity_formula_mass	2	FALSE	TRUE	8.00000066192297e-09	2.00000016548074e-05
CPD-633	3140	HMDB	HMDB0000152_12_shen	Gentisic acid	inchikey_connectivity_formula_mass	2	FALSE	TRUE	8.00000066192297e-09	2.00000016548074e-05
CPD-633	3141	HMDB	HMDB0000152_13_shen	Gentisic acid	inchikey_connectivity_formula_mass	2	FALSE	TRUE	8.00000066192297e-09	2.00000016548074e-05
CPD-633	3142	HMDB	HMDB0000152_14_shen	Gentisic acid	inchikey_connectivity_formula_mass	2	FALSE	TRUE	8.00000066192297e-09	2.00000016548074e-05
CPD-633	3143	HMDB	HMDB0000152_15_shen	Gentisic acid	inchikey_connectivity_formula_mass	2	FALSE	TRUE	8.00000066192297e-09	2.00000016548074e-05
CPD-633	3144	HMDB	HMDB0000152_16_shen	Gentisic acid	inchikey_connectivity_formula_mass	2	FALSE	TRUE	8.00000066192297e-09	2.00000016548074e-05
CPD-633	3145	HMDB	HMDB0000152_17_shen	Gentisic acid	inchikey_connectivity_formula_mass	2	FALSE	TRUE	8.00000066192297e-09	2.00000016548074e-05
CPD-633	3146	HMDB	HMDB0000152_18_shen	Gentisic acid	inchikey_connectivity_formula_mass	2	FALSE	TRUE	8.00000066192297e-09	2.00000016548074e-05
CPD-633	3147	HMDB	HMDB0000152_19_shen	Gentisic acid	inchikey_connectivity_formula_mass	2	FALSE	TRUE	8.00000066192297e-09	2.00000016548074e-05
CPD-633	3148	HMDB	HMDB0000152_20_shen	Gentisic acid	inchikey_connectivity_formula_mass	2	FALSE	TRUE	8.00000066192297e-09	2.00000016548074e-05
CPD-633	3149	HMDB	HMDB0000152_21_shen	Gentisic acid	inchikey_connectivity_formula_mass	2	FALSE	TRUE	8.00000066192297e-09	2.00000016548074e-05
CPD-633	3150	HMDB	HMDB0000152_22_shen	Gentisic acid	inchikey_connectivity_formula_mass	2	FALSE	TRUE	8.00000066192297e-09	2.00000016548074e-05
CPD-633	3151	HMDB	HMDB0000152_23_shen	Gentisic acid	inchikey_connectivity_formula_mass	2	FALSE	TRUE	8.00000066192297e-09	2.00000016548074e-05
CPD-633	3152	HMDB	HMDB0000152_24_shen	Gentisic acid	inchikey_connectivity_formula_mass	2	FALSE	TRUE	8.00000066192297e-09	2.00000016548074e-05
CPD-633	3153	HMDB	HMDB0000152_25_shen	Gentisic acid	inchikey_connectivity_formula_mass	2	FALSE	TRUE	8.00000066192297e-09	2.00000016548074e-05
CPD-633	3154	HMDB	HMDB0000152_26_shen	Gentisic acid	inchikey_connectivity_formula_mass	2	FALSE	TRUE	8.00000066192297e-09	2.00000016548074e-05
CPD-633	3155	HMDB	HMDB0000152_27_shen	Gentisic acid	inchikey_connectivity_formula_mass	2	FALSE	TRUE	8.00000066192297e-09	2.00000016548074e-05
CPD-633	3156	HMDB	HMDB0000152_28_shen	Gentisic acid	inchikey_connectivity_formula_mass	2	FALSE	TRUE	8.00000066192297e-09	2.00000016548074e-05
CPD-633	3157	HMDB	HMDB0000152_29_shen	Gentisic acid	inchikey_connectivity_formula_mass	2	FALSE	TRUE	8.00000066192297e-09	2.00000016548074e-05
CPD-633	3158	HMDB	HMDB0000152_30_shen	Gentisic acid	inchikey_connectivity_formula_mass	2	FALSE	TRUE	8.00000066192297e-09	2.00000016548074e-05
CPD-633	3159	HMDB	HMDB0000152_31_shen	Gentisic acid	inchikey_connectivity_formula_mass	2	FALSE	TRUE	8.00000066192297e-09	2.00000016548074e-05
CPD-633	3160	HMDB	HMDB0000152_32_shen	Gentisic acid	inchikey_connectivity_formula_mass	2	FALSE	TRUE	8.00000066192297e-09	2.00000016548074e-05
CPD-633	3161	HMDB	HMDB0000152_33_shen	Gentisic acid	inchikey_connectivity_formula_mass	2	FALSE	TRUE	8.00000066192297e-09	2.00000016548074e-05
CPD-633	3162	HMDB	HMDB0000152_34_shen	Gentisic acid	inchikey_connectivity_formula_mass	2	FALSE	TRUE	8.00000066192297e-09	2.00000016548074e-05
CPD-633	3163	HMDB	HMDB0000152_35_shen	Gentisic acid	inchikey_connectivity_formula_mass	2	FALSE	TRUE	8.00000066192297e-09	2.00000016548074e-05
MAL	3176	HMDB	HMDB0000156_1_shen	Malic acid	inchikey_connectivity_formula_mass	2	FALSE	TRUE	1.10000542008493e-09	2.75001355021232e-06
MAL	3177	HMDB	HMDB0000156_2_shen	Malic acid	inchikey_connectivity_formula_mass	2	FALSE	TRUE	1.10000542008493e-09	2.75001355021232e-06
MAL	3178	HMDB	HMDB0000156_3_shen	Malic acid	inchikey_connectivity_formula_mass	2	FALSE	TRUE	1.10000542008493e-09	2.75001355021232e-06
MAL	3179	HMDB	HMDB0000156_4_shen	Malic acid	inchikey_connectivity_formula_mass	2	FALSE	TRUE	1.10000542008493e-09	2.75001355021232e-06
MAL	3180	HMDB	HMDB0000156_5_shen	Malic acid	inchikey_connectivity_formula_mass	2	FALSE	TRUE	1.10000542008493e-09	2.75001355021232e-06
MAL	3181	HMDB	HMDB0000156_6_shen	Malic acid	inchikey_connectivity_formula_mass	2	FALSE	TRUE	1.10000542008493e-09	2.75001355021232e-06
MAL	3182	HMDB	HMDB0000156_7_shen	Malic acid	inchikey_connectivity_formula_mass	2	FALSE	TRUE	1.10000542008493e-09	2.75001355021232e-06
MAL	3183	HMDB	HMDB0000156_8_shen	Malic acid	inchikey_connectivity_formula_mass	2	FALSE	TRUE	1.10000542008493e-09	2.75001355021232e-06
MAL	3184	HMDB	HMDB0000156_9_shen	Malic acid	inchikey_connectivity_formula_mass	2	FALSE	TRUE	1.10000542008493e-09	2.75001355021232e-06
MAL	3185	HMDB	HMDB0000156_10_shen	Malic acid	inchikey_connectivity_formula_mass	2	FALSE	TRUE	1.10000542008493e-09	2.75001355021232e-06
MAL	3186	HMDB	HMDB0000156_11_shen	Malic acid	inchikey_connectivity_formula_mass	2	FALSE	TRUE	1.10000542008493e-09	2.75001355021232e-06
MAL	3187	HMDB	HMDB0000156_12_shen	Malic acid	inchikey_connectivity_formula_mass	2	FALSE	TRUE	1.10000542008493e-09	2.75001355021232e-06
MAL	3188	HMDB	HMDB0000156_13_shen	Malic acid	inchikey_connectivity_formula_mass	2	FALSE	TRUE	1.10000542008493e-09	2.75001355021232e-06
MAL	3189	HMDB	HMDB0000156_14_shen	Malic acid	inchikey_connectivity_formula_mass	2	FALSE	TRUE	1.10000542008493e-09	2.75001355021232e-06
MAL	3190	HMDB	HMDB0000156_15_shen	Malic acid	inchikey_connectivity_formula_mass	2	FALSE	TRUE	1.10000542008493e-09	2.75001355021232e-06
MAL	3191	HMDB	HMDB0000156_16_shen	Malic acid	inchikey_connectivity_formula_mass	2	FALSE	TRUE	1.10000542008493e-09	2.75001355021232e-06
MAL	3192	HMDB	HMDB0000156_17_shen	Malic acid	inchikey_connectivity_formula_mass	2	FALSE	TRUE	1.10000542008493e-09	2.75001355021232e-06
MAL	3193	HMDB	HMDB0000156_18_shen	Malic acid	inchikey_connectivity_formula_mass	2	FALSE	TRUE	1.10000542008493e-09	2.75001355021232e-06
MAL	3194	HMDB	HMDB0000156_19_shen	Malic acid	inchikey_connectivity_formula_mass	2	FALSE	TRUE	1.10000542008493e-09	2.75001355021232e-06
HYPOXANTHINE	3195	HMDB	HMDB0000157_1_shen	Hypoxanthine	inchikey	1	TRUE	TRUE	1.30000898934668e-09	3.2500224733667e-06
HYPOXANTHINE	3196	HMDB	HMDB0000157_2_shen	Hypoxanthine	inchikey	1	TRUE	TRUE	1.30000898934668e-09	3.2500224733667e-06
HYPOXANTHINE	3197	HMDB	HMDB0000157_3_shen	Hypoxanthine	inchikey	1	TRUE	TRUE	1.30000898934668e-09	3.2500224733667e-06
HYPOXANTHINE	3198	HMDB	HMDB0000157_4_shen	Hypoxanthine	inchikey	1	TRUE	TRUE	1.30000898934668e-09	3.2500224733667e-06
HYPOXANTHINE	3199	HMDB	HMDB0000157_5_shen	Hypoxanthine	inchikey	1	TRUE	TRUE	1.30000898934668e-09	3.2500224733667e-06
HYPOXANTHINE	3200	HMDB	HMDB0000157_6_shen	Hypoxanthine	inchikey	1	TRUE	TRUE	1.30000898934668e-09	3.2500224733667e-06
HYPOXANTHINE	3201	HMDB	HMDB0000157_7_shen	Hypoxanthine	inchikey	1	TRUE	TRUE	1.30000898934668e-09	3.2500224733667e-06
HYPOXANTHINE	3202	HMDB	HMDB0000157_8_shen	Hypoxanthine	inchikey	1	TRUE	TRUE	1.30000898934668e-09	3.2500224733667e-06
HYPOXANTHINE	3203	HMDB	HMDB0000157_9_shen	Hypoxanthine	inchikey	1	TRUE	TRUE	1.30000898934668e-09	3.2500224733667e-06
HYPOXANTHINE	3204	HMDB	HMDB0000157_10_shen	Hypoxanthine	inchikey	1	TRUE	TRUE	1.30000898934668e-09	3.2500224733667e-06
HYPOXANTHINE	3205	HMDB	HMDB0000157_11_shen	Hypoxanthine	inchikey	1	TRUE	TRUE	1.30000898934668e-09	3.2500224733667e-06
HYPOXANTHINE	3206	HMDB	HMDB0000157_12_shen	Hypoxanthine	inchikey	1	TRUE	TRUE	1.30000898934668e-09	3.2500224733667e-06
HYPOXANTHINE	3207	HMDB	HMDB0000157_13_shen	Hypoxanthine	inchikey	1	TRUE	TRUE	1.30000898934668e-09	3.2500224733667e-06
HYPOXANTHINE	3208	HMDB	HMDB0000157_14_shen	Hypoxanthine	inchikey	1	TRUE	TRUE	1.30000898934668e-09	3.2500224733667e-06
HYPOXANTHINE	3209	HMDB	HMDB0000157_15_shen	Hypoxanthine	inchikey	1	TRUE	TRUE	1.30000898934668e-09	3.2500224733667e-06
HYPOXANTHINE	3210	HMDB	HMDB0000157_16_shen	Hypoxanthine	inchikey	1	TRUE	TRUE	1.30000898934668e-09	3.2500224733667e-06
HYPOXANTHINE	3211	HMDB	HMDB0000157_17_shen	Hypoxanthine	inchikey	1	TRUE	TRUE	1.30000898934668e-09	3.2500224733667e-06
HYPOXANTHINE	3212	HMDB	HMDB0000157_18_shen	Hypoxanthine	inchikey	1	TRUE	TRUE	1.30000898934668e-09	3.2500224733667e-06
HYPOXANTHINE	3213	HMDB	HMDB0000157_19_shen	Hypoxanthine	inchikey	1	TRUE	TRUE	1.30000898934668e-09	3.2500224733667e-06
HYPOXANTHINE	3214	HMDB	HMDB0000157_20_shen	Hypoxanthine	inchikey	1	TRUE	TRUE	1.30000898934668e-09	3.2500224733667e-06
HYPOXANTHINE	3215	HMDB	HMDB0000157_21_shen	Hypoxanthine	inchikey	1	TRUE	TRUE	1.30000898934668e-09	3.2500224733667e-06
HYPOXANTHINE	3216	HMDB	HMDB0000157_22_shen	Hypoxanthine	inchikey	1	TRUE	TRUE	1.30000898934668e-09	3.2500224733667e-06
HYPOXANTHINE	3217	HMDB	HMDB0000157_23_shen	Hypoxanthine	inchikey	1	TRUE	TRUE	1.30000898934668e-09	3.2500224733667e-06
HYPOXANTHINE	3218	HMDB	HMDB0000157_24_shen	Hypoxanthine	inchikey	1	TRUE	TRUE	1.30000898934668e-09	3.2500224733667e-06
HYPOXANTHINE	3219	HMDB	HMDB0000157_25_shen	Hypoxanthine	inchikey	1	TRUE	TRUE	1.30000898934668e-09	3.2500224733667e-06
HYPOXANTHINE	3220	HMDB	HMDB0000157_26_shen	Hypoxanthine	inchikey	1	TRUE	TRUE	1.30000898934668e-09	3.2500224733667e-06
HYPOXANTHINE	3221	HMDB	HMDB0000157_27_shen	Hypoxanthine	inchikey	1	TRUE	TRUE	1.30000898934668e-09	3.2500224733667e-06
HYPOXANTHINE	3222	HMDB	HMDB0000157_28_shen	Hypoxanthine	inchikey	1	TRUE	TRUE	1.30000898934668e-09	3.2500224733667e-06
HYPOXANTHINE	3223	HMDB	HMDB0000157_29_shen	Hypoxanthine	inchikey	1	TRUE	TRUE	1.30000898934668e-09	3.2500224733667e-06
HYPOXANTHINE	3224	HMDB	HMDB0000157_30_shen	Hypoxanthine	inchikey	1	TRUE	TRUE	1.30000898934668e-09	3.2500224733667e-06
HYPOXANTHINE	3225	HMDB	HMDB0000157_31_shen	Hypoxanthine	inchikey	1	TRUE	TRUE	1.30000898934668e-09	3.2500224733667e-06
HYPOXANTHINE	3226	HMDB	HMDB0000157_32_shen	Hypoxanthine	inchikey	1	TRUE	TRUE	1.30000898934668e-09	3.2500224733667e-06
HYPOXANTHINE	3227	HMDB	HMDB0000157_33_shen	Hypoxanthine	inchikey	1	TRUE	TRUE	1.30000898934668e-09	3.2500224733667e-06
HYPOXANTHINE	3228	HMDB	HMDB0000157_34_shen	Hypoxanthine	inchikey	1	TRUE	TRUE	1.30000898934668e-09	3.2500224733667e-06
HYPOXANTHINE	3229	HMDB	HMDB0000157_35_shen	Hypoxanthine	inchikey	1	TRUE	TRUE	1.30000898934668e-09	3.2500224733667e-06
HYPOXANTHINE	3230	HMDB	HMDB0000157_36_shen	Hypoxanthine	inchikey	1	TRUE	TRUE	1.30000898934668e-09	3.2500224733667e-06
HYPOXANTHINE	3231	HMDB	HMDB0000157_37_shen	Hypoxanthine	inchikey	1	TRUE	TRUE	1.30000898934668e-09	3.2500224733667e-06
HYPOXANTHINE	3232	HMDB	HMDB0000157_38_shen	Hypoxanthine	inchikey	1	TRUE	TRUE	1.30000898934668e-09	3.2500224733667e-06
HYPOXANTHINE	3233	HMDB	HMDB0000157_39_shen	Hypoxanthine	inchikey	1	TRUE	TRUE	1.30000898934668e-09	3.2500224733667e-06
HYPOXANTHINE	3234	HMDB	HMDB0000157_40_shen	Hypoxanthine	inchikey	1	TRUE	TRUE	1.30000898934668e-09	3.2500224733667e-06
HYPOXANTHINE	3235	HMDB	HMDB0000157_41_shen	Hypoxanthine	inchikey	1	TRUE	TRUE	1.30000898934668e-09	3.2500224733667e-06
HYPOXANTHINE	3236	HMDB	HMDB0000157_42_shen	Hypoxanthine	inchikey	1	TRUE	TRUE	1.30000898934668e-09	3.2500224733667e-06
HYPOXANTHINE	3237	HMDB	HMDB0000157_43_shen	Hypoxanthine	inchikey	1	TRUE	TRUE	1.30000898934668e-09	3.2500224733667e-06
HYPOXANTHINE	3238	HMDB	HMDB0000157_44_shen	Hypoxanthine	inchikey	1	TRUE	TRUE	1.30000898934668e-09	3.2500224733667e-06
HYPOXANTHINE	3239	HMDB	HMDB0000157_45_shen	Hypoxanthine	inchikey	1	TRUE	TRUE	1.30000898934668e-09	3.2500224733667e-06
HYPOXANTHINE	3240	HMDB	HMDB0000157_46_shen	Hypoxanthine	inchikey	1	TRUE	TRUE	1.30000898934668e-09	3.2500224733667e-06
HYPOXANTHINE	3241	HMDB	HMDB0000157_47_shen	Hypoxanthine	inchikey	1	TRUE	TRUE	1.30000898934668e-09	3.2500224733667e-06
HYPOXANTHINE	3242	HMDB	HMDB0000157_48_shen	Hypoxanthine	inchikey	1	TRUE	TRUE	1.30000898934668e-09	3.2500224733667e-06
HYPOXANTHINE	3243	HMDB	HMDB0000157_49_shen	Hypoxanthine	inchikey	1	TRUE	TRUE	1.30000898934668e-09	3.2500224733667e-06
HYPOXANTHINE	3244	HMDB	HMDB0000157_50_shen	Hypoxanthine	inchikey	1	TRUE	TRUE	1.30000898934668e-09	3.2500224733667e-06
HYPOXANTHINE	3245	HMDB	HMDB0000157_51_shen	Hypoxanthine	inchikey	1	TRUE	TRUE	1.30000898934668e-09	3.2500224733667e-06
HYPOXANTHINE	3246	HMDB	HMDB0000157_52_shen	Hypoxanthine	inchikey	1	TRUE	TRUE	1.30000898934668e-09	3.2500224733667e-06
HYPOXANTHINE	3247	HMDB	HMDB0000157_53_shen	Hypoxanthine	inchikey	1	TRUE	TRUE	1.30000898934668e-09	3.2500224733667e-06
HYPOXANTHINE	3248	HMDB	HMDB0000157_54_shen	Hypoxanthine	inchikey	1	TRUE	TRUE	1.30000898934668e-09	3.2500224733667e-06
HYPOXANTHINE	3249	HMDB	HMDB0000157_55_shen	Hypoxanthine	inchikey	1	TRUE	TRUE	1.30000898934668e-09	3.2500224733667e-06
HYPOXANTHINE	3250	HMDB	HMDB0000157_56_shen	Hypoxanthine	inchikey	1	TRUE	TRUE	1.30000898934668e-09	3.2500224733667e-06
HYPOXANTHINE	3251	HMDB	HMDB0000157_57_shen	Hypoxanthine	inchikey	1	TRUE	TRUE	1.30000898934668e-09	3.2500224733667e-06
HYPOXANTHINE	3252	HMDB	HMDB0000157_58_shen	Hypoxanthine	inchikey	1	TRUE	TRUE	1.30000898934668e-09	3.2500224733667e-06
HYPOXANTHINE	3253	HMDB	HMDB0000157_59_shen	Hypoxanthine	inchikey	1	TRUE	TRUE	1.30000898934668e-09	3.2500224733667e-06
HYPOXANTHINE	3254	HMDB	HMDB0000157_60_shen	Hypoxanthine	inchikey	1	TRUE	TRUE	1.30000898934668e-09	3.2500224733667e-06
HYPOXANTHINE	3255	HMDB	HMDB0000157_61_shen	Hypoxanthine	inchikey	1	TRUE	TRUE	1.30000898934668e-09	3.2500224733667e-06
HYPOXANTHINE	3256	HMDB	HMDB0000157_62_shen	Hypoxanthine	inchikey	1	TRUE	TRUE	1.30000898934668e-09	3.2500224733667e-06
HYPOXANTHINE	3257	HMDB	HMDB0000157_63_shen	Hypoxanthine	inchikey	1	TRUE	TRUE	1.30000898934668e-09	3.2500224733667e-06
HYPOXANTHINE	3258	HMDB	HMDB0000157_64_shen	Hypoxanthine	inchikey	1	TRUE	TRUE	1.30000898934668e-09	3.2500224733667e-06
HYPOXANTHINE	3259	HMDB	HMDB0000157_65_shen	Hypoxanthine	inchikey	1	TRUE	TRUE	1.30000898934668e-09	3.2500224733667e-06
HYPOXANTHINE	3260	HMDB	HMDB0000157_66_shen	Hypoxanthine	inchikey	1	TRUE	TRUE	1.30000898934668e-09	3.2500224733667e-06
HYPOXANTHINE	3261	HMDB	HMDB0000157_67_shen	Hypoxanthine	inchikey	1	TRUE	TRUE	1.30000898934668e-09	3.2500224733667e-06
HYPOXANTHINE	3262	HMDB	HMDB0000157_68_shen	Hypoxanthine	inchikey	1	TRUE	TRUE	1.30000898934668e-09	3.2500224733667e-06
TYR	3263	HMDB	HMDB0000158_1_shen	L-Tyrosine	inchikey	1	TRUE	TRUE	1.60000013238459e-09	4.00000033096148e-06
TYR	3264	HMDB	HMDB0000158_2_shen	L-Tyrosine	inchikey	1	TRUE	TRUE	1.60000013238459e-09	4.00000033096148e-06
TYR	3265	HMDB	HMDB0000158_3_shen	L-Tyrosine	inchikey	1	TRUE	TRUE	1.60000013238459e-09	4.00000033096148e-06
TYR	3266	HMDB	HMDB0000158_4_shen	L-Tyrosine	inchikey	1	TRUE	TRUE	1.60000013238459e-09	4.00000033096148e-06
TYR	3267	HMDB	HMDB0000158_5_shen	L-Tyrosine	inchikey	1	TRUE	TRUE	1.60000013238459e-09	4.00000033096148e-06
TYR	3268	HMDB	HMDB0000158_6_shen	L-Tyrosine	inchikey	1	TRUE	TRUE	1.60000013238459e-09	4.00000033096148e-06
TYR	3269	HMDB	HMDB0000158_7_shen	L-Tyrosine	inchikey	1	TRUE	TRUE	1.60000013238459e-09	4.00000033096148e-06
TYR	3270	HMDB	HMDB0000158_8_shen	L-Tyrosine	inchikey	1	TRUE	TRUE	1.60000013238459e-09	4.00000033096148e-06
TYR	3271	HMDB	HMDB0000158_9_shen	L-Tyrosine	inchikey	1	TRUE	TRUE	1.60000013238459e-09	4.00000033096148e-06
TYR	3272	HMDB	HMDB0000158_10_shen	L-Tyrosine	inchikey	1	TRUE	TRUE	1.60000013238459e-09	4.00000033096148e-06
TYR	3273	HMDB	HMDB0000158_11_shen	L-Tyrosine	inchikey	1	TRUE	TRUE	1.60000013238459e-09	4.00000033096148e-06
TYR	3274	HMDB	HMDB0000158_12_shen	L-Tyrosine	inchikey	1	TRUE	TRUE	1.60000013238459e-09	4.00000033096148e-06
TYR	3275	HMDB	HMDB0000158_13_shen	L-Tyrosine	inchikey	1	TRUE	TRUE	1.60000013238459e-09	4.00000033096148e-06
TYR	3276	HMDB	HMDB0000158_14_shen	L-Tyrosine	inchikey	1	TRUE	TRUE	1.60000013238459e-09	4.00000033096148e-06
TYR	3277	HMDB	HMDB0000158_15_shen	L-Tyrosine	inchikey	1	TRUE	TRUE	1.60000013238459e-09	4.00000033096148e-06
TYR	3278	HMDB	HMDB0000158_16_shen	L-Tyrosine	inchikey	1	TRUE	TRUE	1.60000013238459e-09	4.00000033096148e-06
TYR	3279	HMDB	HMDB0000158_17_shen	L-Tyrosine	inchikey	1	TRUE	TRUE	1.60000013238459e-09	4.00000033096148e-06
TYR	3280	HMDB	HMDB0000158_18_shen	L-Tyrosine	inchikey	1	TRUE	TRUE	1.60000013238459e-09	4.00000033096148e-06
TYR	3281	HMDB	HMDB0000158_19_shen	L-Tyrosine	inchikey	1	TRUE	TRUE	1.60000013238459e-09	4.00000033096148e-06
TYR	3282	HMDB	HMDB0000158_20_shen	L-Tyrosine	inchikey	1	TRUE	TRUE	1.60000013238459e-09	4.00000033096148e-06
TYR	3283	HMDB	HMDB0000158_21_shen	L-Tyrosine	inchikey	1	TRUE	TRUE	1.60000013238459e-09	4.00000033096148e-06
TYR	3284	HMDB	HMDB0000158_22_shen	L-Tyrosine	inchikey	1	TRUE	TRUE	1.60000013238459e-09	4.00000033096148e-06
TYR	3285	HMDB	HMDB0000158_23_shen	L-Tyrosine	inchikey	1	TRUE	TRUE	1.60000013238459e-09	4.00000033096148e-06
TYR	3286	HMDB	HMDB0000158_24_shen	L-Tyrosine	inchikey	1	TRUE	TRUE	1.60000013238459e-09	4.00000033096148e-06
TYR	3287	HMDB	HMDB0000158_25_shen	L-Tyrosine	inchikey	1	TRUE	TRUE	1.60000013238459e-09	4.00000033096148e-06
TYR	3288	HMDB	HMDB0000158_26_shen	L-Tyrosine	inchikey	1	TRUE	TRUE	1.60000013238459e-09	4.00000033096148e-06
TYR	3289	HMDB	HMDB0000158_27_shen	L-Tyrosine	inchikey	1	TRUE	TRUE	1.60000013238459e-09	4.00000033096148e-06
TYR	3290	HMDB	HMDB0000158_28_shen	L-Tyrosine	inchikey	1	TRUE	TRUE	1.60000013238459e-09	4.00000033096148e-06
TYR	3291	HMDB	HMDB0000158_29_shen	L-Tyrosine	inchikey	1	TRUE	TRUE	1.60000013238459e-09	4.00000033096148e-06
TYR	3292	HMDB	HMDB0000158_30_shen	L-Tyrosine	inchikey	1	TRUE	TRUE	1.60000013238459e-09	4.00000033096148e-06
TYR	3293	HMDB	HMDB0000158_31_shen	L-Tyrosine	inchikey	1	TRUE	TRUE	1.60000013238459e-09	4.00000033096148e-06
TYR	3294	HMDB	HMDB0000158_32_shen	L-Tyrosine	inchikey	1	TRUE	TRUE	1.60000013238459e-09	4.00000033096148e-06
TYR	3295	HMDB	HMDB0000158_33_shen	L-Tyrosine	inchikey	1	TRUE	TRUE	1.60000013238459e-09	4.00000033096148e-06
TYR	3296	HMDB	HMDB0000158_34_shen	L-Tyrosine	inchikey	1	TRUE	TRUE	1.60000013238459e-09	4.00000033096148e-06
TYR	3297	HMDB	HMDB0000158_35_shen	L-Tyrosine	inchikey	1	TRUE	TRUE	1.60000013238459e-09	4.00000033096148e-06
TYR	3298	HMDB	HMDB0000158_36_shen	L-Tyrosine	inchikey	1	TRUE	TRUE	1.60000013238459e-09	4.00000033096148e-06
TYR	3299	HMDB	HMDB0000158_37_shen	L-Tyrosine	inchikey	1	TRUE	TRUE	1.60000013238459e-09	4.00000033096148e-06
TYR	3300	HMDB	HMDB0000158_38_shen	L-Tyrosine	inchikey	1	TRUE	TRUE	1.60000013238459e-09	4.00000033096148e-06
TYR	3301	HMDB	HMDB0000158_39_shen	L-Tyrosine	inchikey	1	TRUE	TRUE	1.60000013238459e-09	4.00000033096148e-06
TYR	3302	HMDB	HMDB0000158_40_shen	L-Tyrosine	inchikey	1	TRUE	TRUE	1.60000013238459e-09	4.00000033096148e-06
TYR	3303	HMDB	HMDB0000158_41_shen	L-Tyrosine	inchikey	1	TRUE	TRUE	1.60000013238459e-09	4.00000033096148e-06
TYR	3304	HMDB	HMDB0000158_42_shen	L-Tyrosine	inchikey	1	TRUE	TRUE	1.60000013238459e-09	4.00000033096148e-06
TYR	3305	HMDB	HMDB0000158_43_shen	L-Tyrosine	inchikey	1	TRUE	TRUE	1.60000013238459e-09	4.00000033096148e-06
TYR	3306	HMDB	HMDB0000158_44_shen	L-Tyrosine	inchikey	1	TRUE	TRUE	1.60000013238459e-09	4.00000033096148e-06
TYR	3307	HMDB	HMDB0000158_45_shen	L-Tyrosine	inchikey	1	TRUE	TRUE	1.60000013238459e-09	4.00000033096148e-06
TYR	3308	HMDB	HMDB0000158_46_shen	L-Tyrosine	inchikey	1	TRUE	TRUE	1.60000013238459e-09	4.00000033096148e-06
TYR	3309	HMDB	HMDB0000158_47_shen	L-Tyrosine	inchikey	1	TRUE	TRUE	1.60000013238459e-09	4.00000033096148e-06
TYR	3310	HMDB	HMDB0000158_48_shen	L-Tyrosine	inchikey	1	TRUE	TRUE	1.60000013238459e-09	4.00000033096148e-06
TYR	3311	HMDB	HMDB0000158_49_shen	L-Tyrosine	inchikey	1	TRUE	TRUE	1.60000013238459e-09	4.00000033096148e-06
TYR	3312	HMDB	HMDB0000158_50_shen	L-Tyrosine	inchikey	1	TRUE	TRUE	1.60000013238459e-09	4.00000033096148e-06
TYR	3313	HMDB	HMDB0000158_51_shen	L-Tyrosine	inchikey	1	TRUE	TRUE	1.60000013238459e-09	4.00000033096148e-06
TYR	3314	HMDB	HMDB0000158_52_shen	L-Tyrosine	inchikey	1	TRUE	TRUE	1.60000013238459e-09	4.00000033096148e-06
TYR	3315	HMDB	HMDB0000158_53_shen	L-Tyrosine	inchikey	1	TRUE	TRUE	1.60000013238459e-09	4.00000033096148e-06
TYR	3316	HMDB	HMDB0000158_54_shen	L-Tyrosine	inchikey	1	TRUE	TRUE	1.60000013238459e-09	4.00000033096148e-06
TYR	3317	HMDB	HMDB0000158_55_shen	L-Tyrosine	inchikey	1	TRUE	TRUE	1.60000013238459e-09	4.00000033096148e-06
TYR	3318	HMDB	HMDB0000158_56_shen	L-Tyrosine	inchikey	1	TRUE	TRUE	1.60000013238459e-09	4.00000033096148e-06
TYR	3319	HMDB	HMDB0000158_57_shen	L-Tyrosine	inchikey	1	TRUE	TRUE	1.60000013238459e-09	4.00000033096148e-06
TYR	3320	HMDB	HMDB0000158_58_shen	L-Tyrosine	inchikey	1	TRUE	TRUE	1.60000013238459e-09	4.00000033096148e-06
TYR	3321	HMDB	HMDB0000158_59_shen	L-Tyrosine	inchikey	1	TRUE	TRUE	1.60000013238459e-09	4.00000033096148e-06
TYR	3322	HMDB	HMDB0000158_60_shen	L-Tyrosine	inchikey	1	TRUE	TRUE	1.60000013238459e-09	4.00000033096148e-06
TYR	3323	HMDB	HMDB0000158_61_shen	L-Tyrosine	inchikey	1	TRUE	TRUE	1.60000013238459e-09	4.00000033096148e-06
TYR	3324	HMDB	HMDB0000158_62_shen	L-Tyrosine	inchikey	1	TRUE	TRUE	1.60000013238459e-09	4.00000033096148e-06
TYR	3325	HMDB	HMDB0000158_63_shen	L-Tyrosine	inchikey	1	TRUE	TRUE	1.60000013238459e-09	4.00000033096148e-06
TYR	3326	HMDB	HMDB0000158_64_shen	L-Tyrosine	inchikey	1	TRUE	TRUE	1.60000013238459e-09	4.00000033096148e-06
TYR	3327	HMDB	HMDB0000158_65_shen	L-Tyrosine	inchikey	1	TRUE	TRUE	1.60000013238459e-09	4.00000033096148e-06
TYR	3328	HMDB	HMDB0000158_66_shen	L-Tyrosine	inchikey	1	TRUE	TRUE	1.60000013238459e-09	4.00000033096148e-06
TYR	3329	HMDB	HMDB0000158_67_shen	L-Tyrosine	inchikey	1	TRUE	TRUE	1.60000013238459e-09	4.00000033096148e-06
TYR	3330	HMDB	HMDB0000158_68_shen	L-Tyrosine	inchikey	1	TRUE	TRUE	1.60000013238459e-09	4.00000033096148e-06
TYR	3331	HMDB	HMDB0000158_69_shen	L-Tyrosine	inchikey	1	TRUE	TRUE	1.60000013238459e-09	4.00000033096148e-06
TYR	3332	HMDB	HMDB0000158_70_shen	L-Tyrosine	inchikey	1	TRUE	TRUE	1.60000013238459e-09	4.00000033096148e-06
TYR	3333	HMDB	HMDB0000158_71_shen	L-Tyrosine	inchikey	1	TRUE	TRUE	1.60000013238459e-09	4.00000033096148e-06
TYR	3334	HMDB	HMDB0000158_72_shen	L-Tyrosine	inchikey	1	TRUE	TRUE	1.60000013238459e-09	4.00000033096148e-06
TYR	3335	HMDB	HMDB0000158_73_shen	L-Tyrosine	inchikey	1	TRUE	TRUE	1.60000013238459e-09	4.00000033096148e-06
TYR	3336	HMDB	HMDB0000158_74_shen	L-Tyrosine	inchikey	1	TRUE	TRUE	1.60000013238459e-09	4.00000033096148e-06
TYR	3337	HMDB	HMDB0000158_75_shen	L-Tyrosine	inchikey	1	TRUE	TRUE	1.60000013238459e-09	4.00000033096148e-06
TYR	3338	HMDB	HMDB0000158_76_shen	L-Tyrosine	inchikey	1	TRUE	TRUE	1.60000013238459e-09	4.00000033096148e-06
TYR	3339	HMDB	HMDB0000158_77_shen	L-Tyrosine	inchikey	1	TRUE	TRUE	1.60000013238459e-09	4.00000033096148e-06
TYR	3340	HMDB	HMDB0000158_78_shen	L-Tyrosine	inchikey	1	TRUE	TRUE	1.60000013238459e-09	4.00000033096148e-06
TYR	3341	HMDB	HMDB0000158_79_shen	L-Tyrosine	inchikey	1	TRUE	TRUE	1.60000013238459e-09	4.00000033096148e-06
TYR	3342	HMDB	HMDB0000158_80_shen	L-Tyrosine	inchikey	1	TRUE	TRUE	1.60000013238459e-09	4.00000033096148e-06
TYR	3343	HMDB	HMDB0000158_81_shen	L-Tyrosine	inchikey	1	TRUE	TRUE	1.60000013238459e-09	4.00000033096148e-06
TYR	3344	HMDB	HMDB0000158_82_shen	L-Tyrosine	inchikey	1	TRUE	TRUE	1.60000013238459e-09	4.00000033096148e-06
TYR	3345	HMDB	HMDB0000158_83_shen	L-Tyrosine	inchikey	1	TRUE	TRUE	1.60000013238459e-09	4.00000033096148e-06
TYR	3346	HMDB	HMDB0000158_84_shen	L-Tyrosine	inchikey	1	TRUE	TRUE	1.60000013238459e-09	4.00000033096148e-06
TYR	3347	HMDB	HMDB0000158_85_shen	L-Tyrosine	inchikey	1	TRUE	TRUE	1.60000013238459e-09	4.00000033096148e-06
TYR	3348	HMDB	HMDB0000158_86_shen	L-Tyrosine	inchikey	1	TRUE	TRUE	1.60000013238459e-09	4.00000033096148e-06
TYR	3349	HMDB	HMDB0000158_87_shen	L-Tyrosine	inchikey	1	TRUE	TRUE	1.60000013238459e-09	4.00000033096148e-06
TYR	3350	HMDB	HMDB0000158_88_shen	L-Tyrosine	inchikey	1	TRUE	TRUE	1.60000013238459e-09	4.00000033096148e-06
TYR	3351	HMDB	HMDB0000158_89_shen	L-Tyrosine	inchikey	1	TRUE	TRUE	1.60000013238459e-09	4.00000033096148e-06
TYR	3352	HMDB	HMDB0000158_90_shen	L-Tyrosine	inchikey	1	TRUE	TRUE	1.60000013238459e-09	4.00000033096148e-06
TYR	3353	HMDB	HMDB0000158_91_shen	L-Tyrosine	inchikey	1	TRUE	TRUE	1.60000013238459e-09	4.00000033096148e-06
TYR	3354	HMDB	HMDB0000158_92_shen	L-Tyrosine	inchikey	1	TRUE	TRUE	1.60000013238459e-09	4.00000033096148e-06
TYR	3355	HMDB	HMDB0000158_93_shen	L-Tyrosine	inchikey	1	TRUE	TRUE	1.60000013238459e-09	4.00000033096148e-06
PHE	3356	HMDB	HMDB0000159_1_shen	L-Phenylalanine	inchikey	1	TRUE	TRUE	1.50001255860843e-09	3.75003139652108e-06
PHE	3357	HMDB	HMDB0000159_2_shen	L-Phenylalanine	inchikey	1	TRUE	TRUE	1.50001255860843e-09	3.75003139652108e-06
PHE	3358	HMDB	HMDB0000159_3_shen	L-Phenylalanine	inchikey	1	TRUE	TRUE	1.50001255860843e-09	3.75003139652108e-06
PHE	3359	HMDB	HMDB0000159_4_shen	L-Phenylalanine	inchikey	1	TRUE	TRUE	1.50001255860843e-09	3.75003139652108e-06
PHE	3360	HMDB	HMDB0000159_5_shen	L-Phenylalanine	inchikey	1	TRUE	TRUE	1.50001255860843e-09	3.75003139652108e-06
PHE	3361	HMDB	HMDB0000159_6_shen	L-Phenylalanine	inchikey	1	TRUE	TRUE	1.50001255860843e-09	3.75003139652108e-06
PHE	3362	HMDB	HMDB0000159_7_shen	L-Phenylalanine	inchikey	1	TRUE	TRUE	1.50001255860843e-09	3.75003139652108e-06
PHE	3363	HMDB	HMDB0000159_8_shen	L-Phenylalanine	inchikey	1	TRUE	TRUE	1.50001255860843e-09	3.75003139652108e-06
PHE	3364	HMDB	HMDB0000159_9_shen	L-Phenylalanine	inchikey	1	TRUE	TRUE	1.50001255860843e-09	3.75003139652108e-06
PHE	3365	HMDB	HMDB0000159_10_shen	L-Phenylalanine	inchikey	1	TRUE	TRUE	1.50001255860843e-09	3.75003139652108e-06
PHE	3366	HMDB	HMDB0000159_11_shen	L-Phenylalanine	inchikey	1	TRUE	TRUE	1.50001255860843e-09	3.75003139652108e-06
PHE	3367	HMDB	HMDB0000159_12_shen	L-Phenylalanine	inchikey	1	TRUE	TRUE	1.50001255860843e-09	3.75003139652108e-06
PHE	3368	HMDB	HMDB0000159_13_shen	L-Phenylalanine	inchikey	1	TRUE	TRUE	1.50001255860843e-09	3.75003139652108e-06
PHE	3369	HMDB	HMDB0000159_14_shen	L-Phenylalanine	inchikey	1	TRUE	TRUE	1.50001255860843e-09	3.75003139652108e-06
PHE	3370	HMDB	HMDB0000159_15_shen	L-Phenylalanine	inchikey	1	TRUE	TRUE	1.50001255860843e-09	3.75003139652108e-06
PHE	3371	HMDB	HMDB0000159_16_shen	L-Phenylalanine	inchikey	1	TRUE	TRUE	1.50001255860843e-09	3.75003139652108e-06
PHE	3372	HMDB	HMDB0000159_17_shen	L-Phenylalanine	inchikey	1	TRUE	TRUE	1.50001255860843e-09	3.75003139652108e-06
PHE	3373	HMDB	HMDB0000159_18_shen	L-Phenylalanine	inchikey	1	TRUE	TRUE	1.50001255860843e-09	3.75003139652108e-06
PHE	3374	HMDB	HMDB0000159_19_shen	L-Phenylalanine	inchikey	1	TRUE	TRUE	1.50001255860843e-09	3.75003139652108e-06
PHE	3375	HMDB	HMDB0000159_20_shen	L-Phenylalanine	inchikey	1	TRUE	TRUE	1.50001255860843e-09	3.75003139652108e-06
PHE	3376	HMDB	HMDB0000159_21_shen	L-Phenylalanine	inchikey	1	TRUE	TRUE	1.50001255860843e-09	3.75003139652108e-06
PHE	3377	HMDB	HMDB0000159_22_shen	L-Phenylalanine	inchikey	1	TRUE	TRUE	1.50001255860843e-09	3.75003139652108e-06
PHE	3378	HMDB	HMDB0000159_23_shen	L-Phenylalanine	inchikey	1	TRUE	TRUE	1.50001255860843e-09	3.75003139652108e-06
PHE	3379	HMDB	HMDB0000159_24_shen	L-Phenylalanine	inchikey	1	TRUE	TRUE	1.50001255860843e-09	3.75003139652108e-06
PHE	3380	HMDB	HMDB0000159_25_shen	L-Phenylalanine	inchikey	1	TRUE	TRUE	1.50001255860843e-09	3.75003139652108e-06
PHE	3381	HMDB	HMDB0000159_26_shen	L-Phenylalanine	inchikey	1	TRUE	TRUE	1.50001255860843e-09	3.75003139652108e-06
PHE	3382	HMDB	HMDB0000159_27_shen	L-Phenylalanine	inchikey	1	TRUE	TRUE	1.50001255860843e-09	3.75003139652108e-06
PHE	3383	HMDB	HMDB0000159_28_shen	L-Phenylalanine	inchikey	1	TRUE	TRUE	1.50001255860843e-09	3.75003139652108e-06
PHE	3384	HMDB	HMDB0000159_29_shen	L-Phenylalanine	inchikey	1	TRUE	TRUE	1.50001255860843e-09	3.75003139652108e-06
PHE	3385	HMDB	HMDB0000159_30_shen	L-Phenylalanine	inchikey	1	TRUE	TRUE	1.50001255860843e-09	3.75003139652108e-06
PHE	3386	HMDB	HMDB0000159_31_shen	L-Phenylalanine	inchikey	1	TRUE	TRUE	1.50001255860843e-09	3.75003139652108e-06
PHE	3387	HMDB	HMDB0000159_32_shen	L-Phenylalanine	inchikey	1	TRUE	TRUE	1.50001255860843e-09	3.75003139652108e-06
PHE	3388	HMDB	HMDB0000159_33_shen	L-Phenylalanine	inchikey	1	TRUE	TRUE	1.50001255860843e-09	3.75003139652108e-06
PHE	3389	HMDB	HMDB0000159_34_shen	L-Phenylalanine	inchikey	1	TRUE	TRUE	1.50001255860843e-09	3.75003139652108e-06
PHE	3390	HMDB	HMDB0000159_35_shen	L-Phenylalanine	inchikey	1	TRUE	TRUE	1.50001255860843e-09	3.75003139652108e-06
PHE	3391	HMDB	HMDB0000159_36_shen	L-Phenylalanine	inchikey	1	TRUE	TRUE	1.50001255860843e-09	3.75003139652108e-06
PHE	3392	HMDB	HMDB0000159_37_shen	L-Phenylalanine	inchikey	1	TRUE	TRUE	1.50001255860843e-09	3.75003139652108e-06
PHE	3393	HMDB	HMDB0000159_38_shen	L-Phenylalanine	inchikey	1	TRUE	TRUE	1.50001255860843e-09	3.75003139652108e-06
PHE	3394	HMDB	HMDB0000159_39_shen	L-Phenylalanine	inchikey	1	TRUE	TRUE	1.50001255860843e-09	3.75003139652108e-06
PHE	3395	HMDB	HMDB0000159_40_shen	L-Phenylalanine	inchikey	1	TRUE	TRUE	1.50001255860843e-09	3.75003139652108e-06
PHE	3396	HMDB	HMDB0000159_41_shen	L-Phenylalanine	inchikey	1	TRUE	TRUE	1.50001255860843e-09	3.75003139652108e-06
PHE	3397	HMDB	HMDB0000159_42_shen	L-Phenylalanine	inchikey	1	TRUE	TRUE	1.50001255860843e-09	3.75003139652108e-06
PHE	3398	HMDB	HMDB0000159_43_shen	L-Phenylalanine	inchikey	1	TRUE	TRUE	1.50001255860843e-09	3.75003139652108e-06
PHE	3399	HMDB	HMDB0000159_44_shen	L-Phenylalanine	inchikey	1	TRUE	TRUE	1.50001255860843e-09	3.75003139652108e-06
PHE	3400	HMDB	HMDB0000159_45_shen	L-Phenylalanine	inchikey	1	TRUE	TRUE	1.50001255860843e-09	3.75003139652108e-06
PHE	3401	HMDB	HMDB0000159_46_shen	L-Phenylalanine	inchikey	1	TRUE	TRUE	1.50001255860843e-09	3.75003139652108e-06
PHE	3402	HMDB	HMDB0000159_47_shen	L-Phenylalanine	inchikey	1	TRUE	TRUE	1.50001255860843e-09	3.75003139652108e-06
PHE	3403	HMDB	HMDB0000159_48_shen	L-Phenylalanine	inchikey	1	TRUE	TRUE	1.50001255860843e-09	3.75003139652108e-06
PHE	3404	HMDB	HMDB0000159_49_shen	L-Phenylalanine	inchikey	1	TRUE	TRUE	1.50001255860843e-09	3.75003139652108e-06
PHE	3405	HMDB	HMDB0000159_50_shen	L-Phenylalanine	inchikey	1	TRUE	TRUE	1.50001255860843e-09	3.75003139652108e-06
PHE	3406	HMDB	HMDB0000159_51_shen	L-Phenylalanine	inchikey	1	TRUE	TRUE	1.50001255860843e-09	3.75003139652108e-06
PHE	3407	HMDB	HMDB0000159_52_shen	L-Phenylalanine	inchikey	1	TRUE	TRUE	1.50001255860843e-09	3.75003139652108e-06
PHE	3408	HMDB	HMDB0000159_53_shen	L-Phenylalanine	inchikey	1	TRUE	TRUE	1.50001255860843e-09	3.75003139652108e-06
PHE	3409	HMDB	HMDB0000159_54_shen	L-Phenylalanine	inchikey	1	TRUE	TRUE	1.50001255860843e-09	3.75003139652108e-06
PHE	3410	HMDB	HMDB0000159_55_shen	L-Phenylalanine	inchikey	1	TRUE	TRUE	1.50001255860843e-09	3.75003139652108e-06
PHE	3411	HMDB	HMDB0000159_56_shen	L-Phenylalanine	inchikey	1	TRUE	TRUE	1.50001255860843e-09	3.75003139652108e-06
PHE	3412	HMDB	HMDB0000159_57_shen	L-Phenylalanine	inchikey	1	TRUE	TRUE	1.50001255860843e-09	3.75003139652108e-06
PHE	3413	HMDB	HMDB0000159_58_shen	L-Phenylalanine	inchikey	1	TRUE	TRUE	1.50001255860843e-09	3.75003139652108e-06
PHE	3414	HMDB	HMDB0000159_59_shen	L-Phenylalanine	inchikey	1	TRUE	TRUE	1.50001255860843e-09	3.75003139652108e-06
PHE	3415	HMDB	HMDB0000159_60_shen	L-Phenylalanine	inchikey	1	TRUE	TRUE	1.50001255860843e-09	3.75003139652108e-06
PHE	3416	HMDB	HMDB0000159_61_shen	L-Phenylalanine	inchikey	1	TRUE	TRUE	1.50001255860843e-09	3.75003139652108e-06
PHE	3417	HMDB	HMDB0000159_62_shen	L-Phenylalanine	inchikey	1	TRUE	TRUE	1.50001255860843e-09	3.75003139652108e-06
PHE	3418	HMDB	HMDB0000159_63_shen	L-Phenylalanine	inchikey	1	TRUE	TRUE	1.50001255860843e-09	3.75003139652108e-06
PHE	3419	HMDB	HMDB0000159_64_shen	L-Phenylalanine	inchikey	1	TRUE	TRUE	1.50001255860843e-09	3.75003139652108e-06
PHE	3420	HMDB	HMDB0000159_65_shen	L-Phenylalanine	inchikey	1	TRUE	TRUE	1.50001255860843e-09	3.75003139652108e-06
PHE	3421	HMDB	HMDB0000159_66_shen	L-Phenylalanine	inchikey	1	TRUE	TRUE	1.50001255860843e-09	3.75003139652108e-06
PHE	3422	HMDB	HMDB0000159_67_shen	L-Phenylalanine	inchikey	1	TRUE	TRUE	1.50001255860843e-09	3.75003139652108e-06
PHE	3423	HMDB	HMDB0000159_68_shen	L-Phenylalanine	inchikey	1	TRUE	TRUE	1.50001255860843e-09	3.75003139652108e-06
PHE	3424	HMDB	HMDB0000159_69_shen	L-Phenylalanine	inchikey	1	TRUE	TRUE	1.50001255860843e-09	3.75003139652108e-06
PHE	3425	HMDB	HMDB0000159_70_shen	L-Phenylalanine	inchikey	1	TRUE	TRUE	1.50001255860843e-09	3.75003139652108e-06
PHE	3426	HMDB	HMDB0000159_71_shen	L-Phenylalanine	inchikey	1	TRUE	TRUE	1.50001255860843e-09	3.75003139652108e-06
PHE	3427	HMDB	HMDB0000159_72_shen	L-Phenylalanine	inchikey	1	TRUE	TRUE	1.50001255860843e-09	3.75003139652108e-06
PHE	3428	HMDB	HMDB0000159_73_shen	L-Phenylalanine	inchikey	1	TRUE	TRUE	1.50001255860843e-09	3.75003139652108e-06
PHE	3429	HMDB	HMDB0000159_74_shen	L-Phenylalanine	inchikey	1	TRUE	TRUE	1.50001255860843e-09	3.75003139652108e-06
PHE	3430	HMDB	HMDB0000159_75_shen	L-Phenylalanine	inchikey	1	TRUE	TRUE	1.50001255860843e-09	3.75003139652108e-06
PHE	3431	HMDB	HMDB0000159_76_shen	L-Phenylalanine	inchikey	1	TRUE	TRUE	1.50001255860843e-09	3.75003139652108e-06
PHE	3432	HMDB	HMDB0000159_77_shen	L-Phenylalanine	inchikey	1	TRUE	TRUE	1.50001255860843e-09	3.75003139652108e-06
PHE	3433	HMDB	HMDB0000159_78_shen	L-Phenylalanine	inchikey	1	TRUE	TRUE	1.50001255860843e-09	3.75003139652108e-06
PHE	3434	HMDB	HMDB0000159_79_shen	L-Phenylalanine	inchikey	1	TRUE	TRUE	1.50001255860843e-09	3.75003139652108e-06
PHE	3435	HMDB	HMDB0000159_80_shen	L-Phenylalanine	inchikey	1	TRUE	TRUE	1.50001255860843e-09	3.75003139652108e-06
PHE	3436	HMDB	HMDB0000159_81_shen	L-Phenylalanine	inchikey	1	TRUE	TRUE	1.50001255860843e-09	3.75003139652108e-06
PHE	3437	HMDB	HMDB0000159_82_shen	L-Phenylalanine	inchikey	1	TRUE	TRUE	1.50001255860843e-09	3.75003139652108e-06
PHE	3438	HMDB	HMDB0000159_83_shen	L-Phenylalanine	inchikey	1	TRUE	TRUE	1.50001255860843e-09	3.75003139652108e-06
PHE	3439	HMDB	HMDB0000159_84_shen	L-Phenylalanine	inchikey	1	TRUE	TRUE	1.50001255860843e-09	3.75003139652108e-06
PHE	3440	HMDB	HMDB0000159_85_shen	L-Phenylalanine	inchikey	1	TRUE	TRUE	1.50001255860843e-09	3.75003139652108e-06
PHE	3441	HMDB	HMDB0000159_86_shen	L-Phenylalanine	inchikey	1	TRUE	TRUE	1.50001255860843e-09	3.75003139652108e-06
PHE	3442	HMDB	HMDB0000159_87_shen	L-Phenylalanine	inchikey	1	TRUE	TRUE	1.50001255860843e-09	3.75003139652108e-06
PHE	3443	HMDB	HMDB0000159_88_shen	L-Phenylalanine	inchikey	1	TRUE	TRUE	1.50001255860843e-09	3.75003139652108e-06
PHE	3444	HMDB	HMDB0000159_89_shen	L-Phenylalanine	inchikey	1	TRUE	TRUE	1.50001255860843e-09	3.75003139652108e-06
PHE	3445	HMDB	HMDB0000159_90_shen	L-Phenylalanine	inchikey	1	TRUE	TRUE	1.50001255860843e-09	3.75003139652108e-06
PHE	3446	HMDB	HMDB0000159_91_shen	L-Phenylalanine	inchikey	1	TRUE	TRUE	1.50001255860843e-09	3.75003139652108e-06
PHE	3447	HMDB	HMDB0000159_92_shen	L-Phenylalanine	inchikey	1	TRUE	TRUE	1.50001255860843e-09	3.75003139652108e-06
PHE	3448	HMDB	HMDB0000159_93_shen	L-Phenylalanine	inchikey	1	TRUE	TRUE	1.50001255860843e-09	3.75003139652108e-06
PHE	3449	HMDB	HMDB0000159_94_shen	L-Phenylalanine	inchikey	1	TRUE	TRUE	1.50001255860843e-09	3.75003139652108e-06
PHE	3450	HMDB	HMDB0000159_95_shen	L-Phenylalanine	inchikey	1	TRUE	TRUE	1.50001255860843e-09	3.75003139652108e-06
PHE	3451	HMDB	HMDB0000159_96_shen	L-Phenylalanine	inchikey	1	TRUE	TRUE	1.50001255860843e-09	3.75003139652108e-06
L-ALPHA-ALANINE	3452	HMDB	HMDB0000161_1_shen	L-Alanine	inchikey	1	TRUE	TRUE	1.09999120923021e-09	2.74997802307553e-06
L-ALPHA-ALANINE	3453	HMDB	HMDB0000161_2_shen	L-Alanine	inchikey	1	TRUE	TRUE	1.09999120923021e-09	2.74997802307553e-06
L-ALPHA-ALANINE	3454	HMDB	HMDB0000161_3_shen	L-Alanine	inchikey	1	TRUE	TRUE	1.09999120923021e-09	2.74997802307553e-06
L-ALPHA-ALANINE	3455	HMDB	HMDB0000161_4_shen	L-Alanine	inchikey	1	TRUE	TRUE	1.09999120923021e-09	2.74997802307553e-06
L-ALPHA-ALANINE	3456	HMDB	HMDB0000161_5_shen	L-Alanine	inchikey	1	TRUE	TRUE	1.09999120923021e-09	2.74997802307553e-06
L-ALPHA-ALANINE	3457	HMDB	HMDB0000161_6_shen	L-Alanine	inchikey	1	TRUE	TRUE	1.09999120923021e-09	2.74997802307553e-06
L-ALPHA-ALANINE	3458	HMDB	HMDB0000161_7_shen	L-Alanine	inchikey	1	TRUE	TRUE	1.09999120923021e-09	2.74997802307553e-06
L-ALPHA-ALANINE	3459	HMDB	HMDB0000161_8_shen	L-Alanine	inchikey	1	TRUE	TRUE	1.09999120923021e-09	2.74997802307553e-06
L-ALPHA-ALANINE	3460	HMDB	HMDB0000161_9_shen	L-Alanine	inchikey	1	TRUE	TRUE	1.09999120923021e-09	2.74997802307553e-06
L-ALPHA-ALANINE	3461	HMDB	HMDB0000161_10_shen	L-Alanine	inchikey	1	TRUE	TRUE	1.09999120923021e-09	2.74997802307553e-06
L-ALPHA-ALANINE	3462	HMDB	HMDB0000161_11_shen	L-Alanine	inchikey	1	TRUE	TRUE	1.09999120923021e-09	2.74997802307553e-06
L-ALPHA-ALANINE	3463	HMDB	HMDB0000161_12_shen	L-Alanine	inchikey	1	TRUE	TRUE	1.09999120923021e-09	2.74997802307553e-06
L-ALPHA-ALANINE	3464	HMDB	HMDB0000161_13_shen	L-Alanine	inchikey	1	TRUE	TRUE	1.09999120923021e-09	2.74997802307553e-06
L-ALPHA-ALANINE	3465	HMDB	HMDB0000161_14_shen	L-Alanine	inchikey	1	TRUE	TRUE	1.09999120923021e-09	2.74997802307553e-06
L-ALPHA-ALANINE	3466	HMDB	HMDB0000161_15_shen	L-Alanine	inchikey	1	TRUE	TRUE	1.09999120923021e-09	2.74997802307553e-06
L-ALPHA-ALANINE	3467	HMDB	HMDB0000161_16_shen	L-Alanine	inchikey	1	TRUE	TRUE	1.09999120923021e-09	2.74997802307553e-06
L-ALPHA-ALANINE	3468	HMDB	HMDB0000161_17_shen	L-Alanine	inchikey	1	TRUE	TRUE	1.09999120923021e-09	2.74997802307553e-06
L-ALPHA-ALANINE	3469	HMDB	HMDB0000161_18_shen	L-Alanine	inchikey	1	TRUE	TRUE	1.09999120923021e-09	2.74997802307553e-06
L-ALPHA-ALANINE	3470	HMDB	HMDB0000161_19_shen	L-Alanine	inchikey	1	TRUE	TRUE	1.09999120923021e-09	2.74997802307553e-06
L-ALPHA-ALANINE	3471	HMDB	HMDB0000161_20_shen	L-Alanine	inchikey	1	TRUE	TRUE	1.09999120923021e-09	2.74997802307553e-06
L-ALPHA-ALANINE	3472	HMDB	HMDB0000161_21_shen	L-Alanine	inchikey	1	TRUE	TRUE	1.09999120923021e-09	2.74997802307553e-06
L-ALPHA-ALANINE	3473	HMDB	HMDB0000161_22_shen	L-Alanine	inchikey	1	TRUE	TRUE	1.09999120923021e-09	2.74997802307553e-06
L-ALPHA-ALANINE	3474	HMDB	HMDB0000161_23_shen	L-Alanine	inchikey	1	TRUE	TRUE	1.09999120923021e-09	2.74997802307553e-06
L-ALPHA-ALANINE	3475	HMDB	HMDB0000161_24_shen	L-Alanine	inchikey	1	TRUE	TRUE	1.09999120923021e-09	2.74997802307553e-06
L-ALPHA-ALANINE	3476	HMDB	HMDB0000161_25_shen	L-Alanine	inchikey	1	TRUE	TRUE	1.09999120923021e-09	2.74997802307553e-06
L-ALPHA-ALANINE	3477	HMDB	HMDB0000161_26_shen	L-Alanine	inchikey	1	TRUE	TRUE	1.09999120923021e-09	2.74997802307553e-06
L-ALPHA-ALANINE	3478	HMDB	HMDB0000161_27_shen	L-Alanine	inchikey	1	TRUE	TRUE	1.09999120923021e-09	2.74997802307553e-06
L-ALPHA-ALANINE	3479	HMDB	HMDB0000161_28_shen	L-Alanine	inchikey	1	TRUE	TRUE	1.09999120923021e-09	2.74997802307553e-06
L-ALPHA-ALANINE	3480	HMDB	HMDB0000161_29_shen	L-Alanine	inchikey	1	TRUE	TRUE	1.09999120923021e-09	2.74997802307553e-06
L-ALPHA-ALANINE	3481	HMDB	HMDB0000161_30_shen	L-Alanine	inchikey	1	TRUE	TRUE	1.09999120923021e-09	2.74997802307553e-06
L-ALPHA-ALANINE	3482	HMDB	HMDB0000161_31_shen	L-Alanine	inchikey	1	TRUE	TRUE	1.09999120923021e-09	2.74997802307553e-06
L-ALPHA-ALANINE	3483	HMDB	HMDB0000161_32_shen	L-Alanine	inchikey	1	TRUE	TRUE	1.09999120923021e-09	2.74997802307553e-06
L-ALPHA-ALANINE	3484	HMDB	HMDB0000161_33_shen	L-Alanine	inchikey	1	TRUE	TRUE	1.09999120923021e-09	2.74997802307553e-06
L-ALPHA-ALANINE	3485	HMDB	HMDB0000161_34_shen	L-Alanine	inchikey	1	TRUE	TRUE	1.09999120923021e-09	2.74997802307553e-06
L-ALPHA-ALANINE	3486	HMDB	HMDB0000161_35_shen	L-Alanine	inchikey	1	TRUE	TRUE	1.09999120923021e-09	2.74997802307553e-06
L-ALPHA-ALANINE	3487	HMDB	HMDB0000161_36_shen	L-Alanine	inchikey	1	TRUE	TRUE	1.09999120923021e-09	2.74997802307553e-06
L-ALPHA-ALANINE	3488	HMDB	HMDB0000161_37_shen	L-Alanine	inchikey	1	TRUE	TRUE	1.09999120923021e-09	2.74997802307553e-06
L-ALPHA-ALANINE	3489	HMDB	HMDB0000161_38_shen	L-Alanine	inchikey	1	TRUE	TRUE	1.09999120923021e-09	2.74997802307553e-06
L-ALPHA-ALANINE	3490	HMDB	HMDB0000161_39_shen	L-Alanine	inchikey	1	TRUE	TRUE	1.09999120923021e-09	2.74997802307553e-06
L-ALPHA-ALANINE	3491	HMDB	HMDB0000161_40_shen	L-Alanine	inchikey	1	TRUE	TRUE	1.09999120923021e-09	2.74997802307553e-06
L-ALPHA-ALANINE	3492	HMDB	HMDB0000161_41_shen	L-Alanine	inchikey	1	TRUE	TRUE	1.09999120923021e-09	2.74997802307553e-06
L-ALPHA-ALANINE	3493	HMDB	HMDB0000161_42_shen	L-Alanine	inchikey	1	TRUE	TRUE	1.09999120923021e-09	2.74997802307553e-06
L-ALPHA-ALANINE	3494	HMDB	HMDB0000161_43_shen	L-Alanine	inchikey	1	TRUE	TRUE	1.09999120923021e-09	2.74997802307553e-06
L-ALPHA-ALANINE	3495	HMDB	HMDB0000161_44_shen	L-Alanine	inchikey	1	TRUE	TRUE	1.09999120923021e-09	2.74997802307553e-06
L-ALPHA-ALANINE	3496	HMDB	HMDB0000161_45_shen	L-Alanine	inchikey	1	TRUE	TRUE	1.09999120923021e-09	2.74997802307553e-06
L-ALPHA-ALANINE	3497	HMDB	HMDB0000161_46_shen	L-Alanine	inchikey	1	TRUE	TRUE	1.09999120923021e-09	2.74997802307553e-06
L-ALPHA-ALANINE	3498	HMDB	HMDB0000161_47_shen	L-Alanine	inchikey	1	TRUE	TRUE	1.09999120923021e-09	2.74997802307553e-06
L-ALPHA-ALANINE	3499	HMDB	HMDB0000161_48_shen	L-Alanine	inchikey	1	TRUE	TRUE	1.09999120923021e-09	2.74997802307553e-06
PRO	3500	HMDB	HMDB0000162_1_shen	L-Proline	inchikey	1	TRUE	TRUE	1.29999477849196e-09	3.24998694622991e-06
PRO	3501	HMDB	HMDB0000162_2_shen	L-Proline	inchikey	1	TRUE	TRUE	1.29999477849196e-09	3.24998694622991e-06
PRO	3502	HMDB	HMDB0000162_3_shen	L-Proline	inchikey	1	TRUE	TRUE	1.29999477849196e-09	3.24998694622991e-06
PRO	3503	HMDB	HMDB0000162_4_shen	L-Proline	inchikey	1	TRUE	TRUE	1.29999477849196e-09	3.24998694622991e-06
PRO	3504	HMDB	HMDB0000162_5_shen	L-Proline	inchikey	1	TRUE	TRUE	1.29999477849196e-09	3.24998694622991e-06
PRO	3505	HMDB	HMDB0000162_6_shen	L-Proline	inchikey	1	TRUE	TRUE	1.29999477849196e-09	3.24998694622991e-06
PRO	3506	HMDB	HMDB0000162_7_shen	L-Proline	inchikey	1	TRUE	TRUE	1.29999477849196e-09	3.24998694622991e-06
PRO	3507	HMDB	HMDB0000162_8_shen	L-Proline	inchikey	1	TRUE	TRUE	1.29999477849196e-09	3.24998694622991e-06
PRO	3508	HMDB	HMDB0000162_9_shen	L-Proline	inchikey	1	TRUE	TRUE	1.29999477849196e-09	3.24998694622991e-06
PRO	3509	HMDB	HMDB0000162_10_shen	L-Proline	inchikey	1	TRUE	TRUE	1.29999477849196e-09	3.24998694622991e-06
PRO	3510	HMDB	HMDB0000162_11_shen	L-Proline	inchikey	1	TRUE	TRUE	1.29999477849196e-09	3.24998694622991e-06
PRO	3511	HMDB	HMDB0000162_12_shen	L-Proline	inchikey	1	TRUE	TRUE	1.29999477849196e-09	3.24998694622991e-06
PRO	3512	HMDB	HMDB0000162_13_shen	L-Proline	inchikey	1	TRUE	TRUE	1.29999477849196e-09	3.24998694622991e-06
PRO	3513	HMDB	HMDB0000162_14_shen	L-Proline	inchikey	1	TRUE	TRUE	1.29999477849196e-09	3.24998694622991e-06
PRO	3514	HMDB	HMDB0000162_15_shen	L-Proline	inchikey	1	TRUE	TRUE	1.29999477849196e-09	3.24998694622991e-06
PRO	3515	HMDB	HMDB0000162_16_shen	L-Proline	inchikey	1	TRUE	TRUE	1.29999477849196e-09	3.24998694622991e-06
PRO	3516	HMDB	HMDB0000162_17_shen	L-Proline	inchikey	1	TRUE	TRUE	1.29999477849196e-09	3.24998694622991e-06
PRO	3517	HMDB	HMDB0000162_18_shen	L-Proline	inchikey	1	TRUE	TRUE	1.29999477849196e-09	3.24998694622991e-06
PRO	3518	HMDB	HMDB0000162_19_shen	L-Proline	inchikey	1	TRUE	TRUE	1.29999477849196e-09	3.24998694622991e-06
PRO	3519	HMDB	HMDB0000162_20_shen	L-Proline	inchikey	1	TRUE	TRUE	1.29999477849196e-09	3.24998694622991e-06
PRO	3520	HMDB	HMDB0000162_21_shen	L-Proline	inchikey	1	TRUE	TRUE	1.29999477849196e-09	3.24998694622991e-06
PRO	3521	HMDB	HMDB0000162_22_shen	L-Proline	inchikey	1	TRUE	TRUE	1.29999477849196e-09	3.24998694622991e-06
PRO	3522	HMDB	HMDB0000162_23_shen	L-Proline	inchikey	1	TRUE	TRUE	1.29999477849196e-09	3.24998694622991e-06
PRO	3523	HMDB	HMDB0000162_24_shen	L-Proline	inchikey	1	TRUE	TRUE	1.29999477849196e-09	3.24998694622991e-06
PRO	3524	HMDB	HMDB0000162_25_shen	L-Proline	inchikey	1	TRUE	TRUE	1.29999477849196e-09	3.24998694622991e-06
PRO	3525	HMDB	HMDB0000162_26_shen	L-Proline	inchikey	1	TRUE	TRUE	1.29999477849196e-09	3.24998694622991e-06
PRO	3526	HMDB	HMDB0000162_27_shen	L-Proline	inchikey	1	TRUE	TRUE	1.29999477849196e-09	3.24998694622991e-06
PRO	3527	HMDB	HMDB0000162_28_shen	L-Proline	inchikey	1	TRUE	TRUE	1.29999477849196e-09	3.24998694622991e-06
PRO	3528	HMDB	HMDB0000162_29_shen	L-Proline	inchikey	1	TRUE	TRUE	1.29999477849196e-09	3.24998694622991e-06
PRO	3529	HMDB	HMDB0000162_30_shen	L-Proline	inchikey	1	TRUE	TRUE	1.29999477849196e-09	3.24998694622991e-06
PRO	3530	HMDB	HMDB0000162_31_shen	L-Proline	inchikey	1	TRUE	TRUE	1.29999477849196e-09	3.24998694622991e-06
PRO	3531	HMDB	HMDB0000162_32_shen	L-Proline	inchikey	1	TRUE	TRUE	1.29999477849196e-09	3.24998694622991e-06
PRO	3532	HMDB	HMDB0000162_33_shen	L-Proline	inchikey	1	TRUE	TRUE	1.29999477849196e-09	3.24998694622991e-06
PRO	3533	HMDB	HMDB0000162_34_shen	L-Proline	inchikey	1	TRUE	TRUE	1.29999477849196e-09	3.24998694622991e-06
PRO	3534	HMDB	HMDB0000162_35_shen	L-Proline	inchikey	1	TRUE	TRUE	1.29999477849196e-09	3.24998694622991e-06
PRO	3535	HMDB	HMDB0000162_36_shen	L-Proline	inchikey	1	TRUE	TRUE	1.29999477849196e-09	3.24998694622991e-06
PRO	3536	HMDB	HMDB0000162_37_shen	L-Proline	inchikey	1	TRUE	TRUE	1.29999477849196e-09	3.24998694622991e-06
PRO	3537	HMDB	HMDB0000162_38_shen	L-Proline	inchikey	1	TRUE	TRUE	1.29999477849196e-09	3.24998694622991e-06
PRO	3538	HMDB	HMDB0000162_39_shen	L-Proline	inchikey	1	TRUE	TRUE	1.29999477849196e-09	3.24998694622991e-06
PRO	3539	HMDB	HMDB0000162_40_shen	L-Proline	inchikey	1	TRUE	TRUE	1.29999477849196e-09	3.24998694622991e-06
PRO	3540	HMDB	HMDB0000162_41_shen	L-Proline	inchikey	1	TRUE	TRUE	1.29999477849196e-09	3.24998694622991e-06
PRO	3541	HMDB	HMDB0000162_42_shen	L-Proline	inchikey	1	TRUE	TRUE	1.29999477849196e-09	3.24998694622991e-06
PRO	3542	HMDB	HMDB0000162_43_shen	L-Proline	inchikey	1	TRUE	TRUE	1.29999477849196e-09	3.24998694622991e-06
PRO	3543	HMDB	HMDB0000162_44_shen	L-Proline	inchikey	1	TRUE	TRUE	1.29999477849196e-09	3.24998694622991e-06
PRO	3544	HMDB	HMDB0000162_45_shen	L-Proline	inchikey	1	TRUE	TRUE	1.29999477849196e-09	3.24998694622991e-06
PRO	3545	HMDB	HMDB0000162_46_shen	L-Proline	inchikey	1	TRUE	TRUE	1.29999477849196e-09	3.24998694622991e-06
PRO	3546	HMDB	HMDB0000162_47_shen	L-Proline	inchikey	1	TRUE	TRUE	1.29999477849196e-09	3.24998694622991e-06
PRO	3547	HMDB	HMDB0000162_48_shen	L-Proline	inchikey	1	TRUE	TRUE	1.29999477849196e-09	3.24998694622991e-06
PRO	3548	HMDB	HMDB0000162_49_shen	L-Proline	inchikey	1	TRUE	TRUE	1.29999477849196e-09	3.24998694622991e-06
PRO	3549	HMDB	HMDB0000162_50_shen	L-Proline	inchikey	1	TRUE	TRUE	1.29999477849196e-09	3.24998694622991e-06
PRO	3550	HMDB	HMDB0000162_51_shen	L-Proline	inchikey	1	TRUE	TRUE	1.29999477849196e-09	3.24998694622991e-06
PRO	3551	HMDB	HMDB0000162_52_shen	L-Proline	inchikey	1	TRUE	TRUE	1.29999477849196e-09	3.24998694622991e-06
PRO	3552	HMDB	HMDB0000162_53_shen	L-Proline	inchikey	1	TRUE	TRUE	1.29999477849196e-09	3.24998694622991e-06
PRO	3553	HMDB	HMDB0000162_54_shen	L-Proline	inchikey	1	TRUE	TRUE	1.29999477849196e-09	3.24998694622991e-06
PRO	3554	HMDB	HMDB0000162_55_shen	L-Proline	inchikey	1	TRUE	TRUE	1.29999477849196e-09	3.24998694622991e-06
PRO	3555	HMDB	HMDB0000162_56_shen	L-Proline	inchikey	1	TRUE	TRUE	1.29999477849196e-09	3.24998694622991e-06
PRO	3556	HMDB	HMDB0000162_57_shen	L-Proline	inchikey	1	TRUE	TRUE	1.29999477849196e-09	3.24998694622991e-06
PRO	3557	HMDB	HMDB0000162_58_shen	L-Proline	inchikey	1	TRUE	TRUE	1.29999477849196e-09	3.24998694622991e-06
PRO	3558	HMDB	HMDB0000162_59_shen	L-Proline	inchikey	1	TRUE	TRUE	1.29999477849196e-09	3.24998694622991e-06
PRO	3559	HMDB	HMDB0000162_60_shen	L-Proline	inchikey	1	TRUE	TRUE	1.29999477849196e-09	3.24998694622991e-06
PRO	3560	HMDB	HMDB0000162_61_shen	L-Proline	inchikey	1	TRUE	TRUE	1.29999477849196e-09	3.24998694622991e-06
PRO	3561	HMDB	HMDB0000162_62_shen	L-Proline	inchikey	1	TRUE	TRUE	1.29999477849196e-09	3.24998694622991e-06
PRO	3562	HMDB	HMDB0000162_63_shen	L-Proline	inchikey	1	TRUE	TRUE	1.29999477849196e-09	3.24998694622991e-06
PRO	3563	HMDB	HMDB0000162_64_shen	L-Proline	inchikey	1	TRUE	TRUE	1.29999477849196e-09	3.24998694622991e-06
PRO	3564	HMDB	HMDB0000162_65_shen	L-Proline	inchikey	1	TRUE	TRUE	1.29999477849196e-09	3.24998694622991e-06
PRO	3565	HMDB	HMDB0000162_66_shen	L-Proline	inchikey	1	TRUE	TRUE	1.29999477849196e-09	3.24998694622991e-06
MALTOSE	3566	HMDB	HMDB0000163_1_shen	D-Maltose	name_formula_mass	4	TRUE	TRUE	3.30004468196421e-09	8.25011170491052e-06
MALTOSE	3567	HMDB	HMDB0000163_2_shen	D-Maltose	name_formula_mass	4	TRUE	TRUE	3.30004468196421e-09	8.25011170491052e-06
MALTOSE	3568	HMDB	HMDB0000163_3_shen	D-Maltose	name_formula_mass	4	TRUE	TRUE	3.30004468196421e-09	8.25011170491052e-06
THR	3572	HMDB	HMDB0000167_1_shen	L-Threonine	inchikey	1	TRUE	TRUE	1.39999656312284e-09	3.4999914078071e-06
THR	3573	HMDB	HMDB0000167_2_shen	L-Threonine	inchikey	1	TRUE	TRUE	1.39999656312284e-09	3.4999914078071e-06
THR	3574	HMDB	HMDB0000167_3_shen	L-Threonine	inchikey	1	TRUE	TRUE	1.39999656312284e-09	3.4999914078071e-06
THR	3575	HMDB	HMDB0000167_4_shen	L-Threonine	inchikey	1	TRUE	TRUE	1.39999656312284e-09	3.4999914078071e-06
THR	3576	HMDB	HMDB0000167_5_shen	L-Threonine	inchikey	1	TRUE	TRUE	1.39999656312284e-09	3.4999914078071e-06
THR	3577	HMDB	HMDB0000167_6_shen	L-Threonine	inchikey	1	TRUE	TRUE	1.39999656312284e-09	3.4999914078071e-06
THR	3578	HMDB	HMDB0000167_7_shen	L-Threonine	inchikey	1	TRUE	TRUE	1.39999656312284e-09	3.4999914078071e-06
THR	3579	HMDB	HMDB0000167_8_shen	L-Threonine	inchikey	1	TRUE	TRUE	1.39999656312284e-09	3.4999914078071e-06
THR	3580	HMDB	HMDB0000167_9_shen	L-Threonine	inchikey	1	TRUE	TRUE	1.39999656312284e-09	3.4999914078071e-06
THR	3581	HMDB	HMDB0000167_10_shen	L-Threonine	inchikey	1	TRUE	TRUE	1.39999656312284e-09	3.4999914078071e-06
THR	3582	HMDB	HMDB0000167_11_shen	L-Threonine	inchikey	1	TRUE	TRUE	1.39999656312284e-09	3.4999914078071e-06
THR	3583	HMDB	HMDB0000167_12_shen	L-Threonine	inchikey	1	TRUE	TRUE	1.39999656312284e-09	3.4999914078071e-06
THR	3584	HMDB	HMDB0000167_13_shen	L-Threonine	inchikey	1	TRUE	TRUE	1.39999656312284e-09	3.4999914078071e-06
THR	3585	HMDB	HMDB0000167_14_shen	L-Threonine	inchikey	1	TRUE	TRUE	1.39999656312284e-09	3.4999914078071e-06
THR	3586	HMDB	HMDB0000167_15_shen	L-Threonine	inchikey	1	TRUE	TRUE	1.39999656312284e-09	3.4999914078071e-06
THR	3587	HMDB	HMDB0000167_16_shen	L-Threonine	inchikey	1	TRUE	TRUE	1.39999656312284e-09	3.4999914078071e-06
THR	3588	HMDB	HMDB0000167_17_shen	L-Threonine	inchikey	1	TRUE	TRUE	1.39999656312284e-09	3.4999914078071e-06
THR	3589	HMDB	HMDB0000167_18_shen	L-Threonine	inchikey	1	TRUE	TRUE	1.39999656312284e-09	3.4999914078071e-06
THR	3590	HMDB	HMDB0000167_19_shen	L-Threonine	inchikey	1	TRUE	TRUE	1.39999656312284e-09	3.4999914078071e-06
THR	3591	HMDB	HMDB0000167_20_shen	L-Threonine	inchikey	1	TRUE	TRUE	1.39999656312284e-09	3.4999914078071e-06
THR	3592	HMDB	HMDB0000167_21_shen	L-Threonine	inchikey	1	TRUE	TRUE	1.39999656312284e-09	3.4999914078071e-06
THR	3593	HMDB	HMDB0000167_22_shen	L-Threonine	inchikey	1	TRUE	TRUE	1.39999656312284e-09	3.4999914078071e-06
THR	3594	HMDB	HMDB0000167_23_shen	L-Threonine	inchikey	1	TRUE	TRUE	1.39999656312284e-09	3.4999914078071e-06
THR	3595	HMDB	HMDB0000167_24_shen	L-Threonine	inchikey	1	TRUE	TRUE	1.39999656312284e-09	3.4999914078071e-06
THR	3596	HMDB	HMDB0000167_25_shen	L-Threonine	inchikey	1	TRUE	TRUE	1.39999656312284e-09	3.4999914078071e-06
THR	3597	HMDB	HMDB0000167_26_shen	L-Threonine	inchikey	1	TRUE	TRUE	1.39999656312284e-09	3.4999914078071e-06
THR	3598	HMDB	HMDB0000167_27_shen	L-Threonine	inchikey	1	TRUE	TRUE	1.39999656312284e-09	3.4999914078071e-06
THR	3599	HMDB	HMDB0000167_28_shen	L-Threonine	inchikey	1	TRUE	TRUE	1.39999656312284e-09	3.4999914078071e-06
THR	3600	HMDB	HMDB0000167_29_shen	L-Threonine	inchikey	1	TRUE	TRUE	1.39999656312284e-09	3.4999914078071e-06
THR	3601	HMDB	HMDB0000167_30_shen	L-Threonine	inchikey	1	TRUE	TRUE	1.39999656312284e-09	3.4999914078071e-06
THR	3602	HMDB	HMDB0000167_31_shen	L-Threonine	inchikey	1	TRUE	TRUE	1.39999656312284e-09	3.4999914078071e-06
THR	3603	HMDB	HMDB0000167_32_shen	L-Threonine	inchikey	1	TRUE	TRUE	1.39999656312284e-09	3.4999914078071e-06
THR	3604	HMDB	HMDB0000167_33_shen	L-Threonine	inchikey	1	TRUE	TRUE	1.39999656312284e-09	3.4999914078071e-06
THR	3605	HMDB	HMDB0000167_34_shen	L-Threonine	inchikey	1	TRUE	TRUE	1.39999656312284e-09	3.4999914078071e-06
THR	3606	HMDB	HMDB0000167_35_shen	L-Threonine	inchikey	1	TRUE	TRUE	1.39999656312284e-09	3.4999914078071e-06
THR	3607	HMDB	HMDB0000167_36_shen	L-Threonine	inchikey	1	TRUE	TRUE	1.39999656312284e-09	3.4999914078071e-06
THR	3608	HMDB	HMDB0000167_37_shen	L-Threonine	inchikey	1	TRUE	TRUE	1.39999656312284e-09	3.4999914078071e-06
THR	3609	HMDB	HMDB0000167_38_shen	L-Threonine	inchikey	1	TRUE	TRUE	1.39999656312284e-09	3.4999914078071e-06
THR	3610	HMDB	HMDB0000167_39_shen	L-Threonine	inchikey	1	TRUE	TRUE	1.39999656312284e-09	3.4999914078071e-06
THR	3611	HMDB	HMDB0000167_40_shen	L-Threonine	inchikey	1	TRUE	TRUE	1.39999656312284e-09	3.4999914078071e-06
THR	3612	HMDB	HMDB0000167_41_shen	L-Threonine	inchikey	1	TRUE	TRUE	1.39999656312284e-09	3.4999914078071e-06
THR	3613	HMDB	HMDB0000167_42_shen	L-Threonine	inchikey	1	TRUE	TRUE	1.39999656312284e-09	3.4999914078071e-06
THR	3614	HMDB	HMDB0000167_43_shen	L-Threonine	inchikey	1	TRUE	TRUE	1.39999656312284e-09	3.4999914078071e-06
THR	3615	HMDB	HMDB0000167_44_shen	L-Threonine	inchikey	1	TRUE	TRUE	1.39999656312284e-09	3.4999914078071e-06
THR	3616	HMDB	HMDB0000167_45_shen	L-Threonine	inchikey	1	TRUE	TRUE	1.39999656312284e-09	3.4999914078071e-06
THR	3617	HMDB	HMDB0000167_46_shen	L-Threonine	inchikey	1	TRUE	TRUE	1.39999656312284e-09	3.4999914078071e-06
THR	3618	HMDB	HMDB0000167_47_shen	L-Threonine	inchikey	1	TRUE	TRUE	1.39999656312284e-09	3.4999914078071e-06
THR	3619	HMDB	HMDB0000167_48_shen	L-Threonine	inchikey	1	TRUE	TRUE	1.39999656312284e-09	3.4999914078071e-06
THR	3620	HMDB	HMDB0000167_49_shen	L-Threonine	inchikey	1	TRUE	TRUE	1.39999656312284e-09	3.4999914078071e-06
THR	3621	HMDB	HMDB0000167_50_shen	L-Threonine	inchikey	1	TRUE	TRUE	1.39999656312284e-09	3.4999914078071e-06
THR	3622	HMDB	HMDB0000167_51_shen	L-Threonine	inchikey	1	TRUE	TRUE	1.39999656312284e-09	3.4999914078071e-06
THR	3623	HMDB	HMDB0000167_52_shen	L-Threonine	inchikey	1	TRUE	TRUE	1.39999656312284e-09	3.4999914078071e-06
THR	3624	HMDB	HMDB0000167_53_shen	L-Threonine	inchikey	1	TRUE	TRUE	1.39999656312284e-09	3.4999914078071e-06
THR	3625	HMDB	HMDB0000167_54_shen	L-Threonine	inchikey	1	TRUE	TRUE	1.39999656312284e-09	3.4999914078071e-06
THR	3626	HMDB	HMDB0000167_55_shen	L-Threonine	inchikey	1	TRUE	TRUE	1.39999656312284e-09	3.4999914078071e-06
THR	3627	HMDB	HMDB0000167_56_shen	L-Threonine	inchikey	1	TRUE	TRUE	1.39999656312284e-09	3.4999914078071e-06
THR	3628	HMDB	HMDB0000167_57_shen	L-Threonine	inchikey	1	TRUE	TRUE	1.39999656312284e-09	3.4999914078071e-06
THR	3629	HMDB	HMDB0000167_58_shen	L-Threonine	inchikey	1	TRUE	TRUE	1.39999656312284e-09	3.4999914078071e-06
THR	3630	HMDB	HMDB0000167_59_shen	L-Threonine	inchikey	1	TRUE	TRUE	1.39999656312284e-09	3.4999914078071e-06
THR	3631	HMDB	HMDB0000167_60_shen	L-Threonine	inchikey	1	TRUE	TRUE	1.39999656312284e-09	3.4999914078071e-06
ASN	3632	HMDB	HMDB0000168_1_shen	L-Asparagine	inchikey	1	TRUE	TRUE	1.499984136899e-09	3.7499603422475e-06
ASN	3633	HMDB	HMDB0000168_2_shen	L-Asparagine	inchikey	1	TRUE	TRUE	1.499984136899e-09	3.7499603422475e-06
ASN	3634	HMDB	HMDB0000168_3_shen	L-Asparagine	inchikey	1	TRUE	TRUE	1.499984136899e-09	3.7499603422475e-06
ASN	3635	HMDB	HMDB0000168_4_shen	L-Asparagine	inchikey	1	TRUE	TRUE	1.499984136899e-09	3.7499603422475e-06
ASN	3636	HMDB	HMDB0000168_5_shen	L-Asparagine	inchikey	1	TRUE	TRUE	1.499984136899e-09	3.7499603422475e-06
ASN	3637	HMDB	HMDB0000168_6_shen	L-Asparagine	inchikey	1	TRUE	TRUE	1.499984136899e-09	3.7499603422475e-06
ASN	3638	HMDB	HMDB0000168_7_shen	L-Asparagine	inchikey	1	TRUE	TRUE	1.499984136899e-09	3.7499603422475e-06
ASN	3639	HMDB	HMDB0000168_8_shen	L-Asparagine	inchikey	1	TRUE	TRUE	1.499984136899e-09	3.7499603422475e-06
ASN	3640	HMDB	HMDB0000168_9_shen	L-Asparagine	inchikey	1	TRUE	TRUE	1.499984136899e-09	3.7499603422475e-06
ASN	3641	HMDB	HMDB0000168_10_shen	L-Asparagine	inchikey	1	TRUE	TRUE	1.499984136899e-09	3.7499603422475e-06
ASN	3642	HMDB	HMDB0000168_11_shen	L-Asparagine	inchikey	1	TRUE	TRUE	1.499984136899e-09	3.7499603422475e-06
ASN	3643	HMDB	HMDB0000168_12_shen	L-Asparagine	inchikey	1	TRUE	TRUE	1.499984136899e-09	3.7499603422475e-06
ASN	3644	HMDB	HMDB0000168_13_shen	L-Asparagine	inchikey	1	TRUE	TRUE	1.499984136899e-09	3.7499603422475e-06
ASN	3645	HMDB	HMDB0000168_14_shen	L-Asparagine	inchikey	1	TRUE	TRUE	1.499984136899e-09	3.7499603422475e-06
ASN	3646	HMDB	HMDB0000168_15_shen	L-Asparagine	inchikey	1	TRUE	TRUE	1.499984136899e-09	3.7499603422475e-06
ASN	3647	HMDB	HMDB0000168_16_shen	L-Asparagine	inchikey	1	TRUE	TRUE	1.499984136899e-09	3.7499603422475e-06
ASN	3648	HMDB	HMDB0000168_17_shen	L-Asparagine	inchikey	1	TRUE	TRUE	1.499984136899e-09	3.7499603422475e-06
ASN	3649	HMDB	HMDB0000168_18_shen	L-Asparagine	inchikey	1	TRUE	TRUE	1.499984136899e-09	3.7499603422475e-06
ASN	3650	HMDB	HMDB0000168_19_shen	L-Asparagine	inchikey	1	TRUE	TRUE	1.499984136899e-09	3.7499603422475e-06
ASN	3651	HMDB	HMDB0000168_20_shen	L-Asparagine	inchikey	1	TRUE	TRUE	1.499984136899e-09	3.7499603422475e-06
ASN	3652	HMDB	HMDB0000168_21_shen	L-Asparagine	inchikey	1	TRUE	TRUE	1.499984136899e-09	3.7499603422475e-06
ASN	3653	HMDB	HMDB0000168_22_shen	L-Asparagine	inchikey	1	TRUE	TRUE	1.499984136899e-09	3.7499603422475e-06
ASN	3654	HMDB	HMDB0000168_23_shen	L-Asparagine	inchikey	1	TRUE	TRUE	1.499984136899e-09	3.7499603422475e-06
ASN	3655	HMDB	HMDB0000168_24_shen	L-Asparagine	inchikey	1	TRUE	TRUE	1.499984136899e-09	3.7499603422475e-06
ASN	3656	HMDB	HMDB0000168_25_shen	L-Asparagine	inchikey	1	TRUE	TRUE	1.499984136899e-09	3.7499603422475e-06
ASN	3657	HMDB	HMDB0000168_26_shen	L-Asparagine	inchikey	1	TRUE	TRUE	1.499984136899e-09	3.7499603422475e-06
ASN	3658	HMDB	HMDB0000168_27_shen	L-Asparagine	inchikey	1	TRUE	TRUE	1.499984136899e-09	3.7499603422475e-06
ASN	3659	HMDB	HMDB0000168_28_shen	L-Asparagine	inchikey	1	TRUE	TRUE	1.499984136899e-09	3.7499603422475e-06
ASN	3660	HMDB	HMDB0000168_29_shen	L-Asparagine	inchikey	1	TRUE	TRUE	1.499984136899e-09	3.7499603422475e-06
ASN	3661	HMDB	HMDB0000168_30_shen	L-Asparagine	inchikey	1	TRUE	TRUE	1.499984136899e-09	3.7499603422475e-06
ASN	3662	HMDB	HMDB0000168_31_shen	L-Asparagine	inchikey	1	TRUE	TRUE	1.499984136899e-09	3.7499603422475e-06
ASN	3663	HMDB	HMDB0000168_32_shen	L-Asparagine	inchikey	1	TRUE	TRUE	1.499984136899e-09	3.7499603422475e-06
ASN	3664	HMDB	HMDB0000168_33_shen	L-Asparagine	inchikey	1	TRUE	TRUE	1.499984136899e-09	3.7499603422475e-06
ASN	3665	HMDB	HMDB0000168_34_shen	L-Asparagine	inchikey	1	TRUE	TRUE	1.499984136899e-09	3.7499603422475e-06
ASN	3666	HMDB	HMDB0000168_35_shen	L-Asparagine	inchikey	1	TRUE	TRUE	1.499984136899e-09	3.7499603422475e-06
ASN	3667	HMDB	HMDB0000168_36_shen	L-Asparagine	inchikey	1	TRUE	TRUE	1.499984136899e-09	3.7499603422475e-06
ASN	3668	HMDB	HMDB0000168_37_shen	L-Asparagine	inchikey	1	TRUE	TRUE	1.499984136899e-09	3.7499603422475e-06
ASN	3669	HMDB	HMDB0000168_38_shen	L-Asparagine	inchikey	1	TRUE	TRUE	1.499984136899e-09	3.7499603422475e-06
ASN	3670	HMDB	HMDB0000168_39_shen	L-Asparagine	inchikey	1	TRUE	TRUE	1.499984136899e-09	3.7499603422475e-06
ASN	3671	HMDB	HMDB0000168_40_shen	L-Asparagine	inchikey	1	TRUE	TRUE	1.499984136899e-09	3.7499603422475e-06
ASN	3672	HMDB	HMDB0000168_41_shen	L-Asparagine	inchikey	1	TRUE	TRUE	1.499984136899e-09	3.7499603422475e-06
ASN	3673	HMDB	HMDB0000168_42_shen	L-Asparagine	inchikey	1	TRUE	TRUE	1.499984136899e-09	3.7499603422475e-06
ASN	3674	HMDB	HMDB0000168_43_shen	L-Asparagine	inchikey	1	TRUE	TRUE	1.499984136899e-09	3.7499603422475e-06
ASN	3675	HMDB	HMDB0000168_44_shen	L-Asparagine	inchikey	1	TRUE	TRUE	1.499984136899e-09	3.7499603422475e-06
ASN	3676	HMDB	HMDB0000168_45_shen	L-Asparagine	inchikey	1	TRUE	TRUE	1.499984136899e-09	3.7499603422475e-06
ASN	3677	HMDB	HMDB0000168_46_shen	L-Asparagine	inchikey	1	TRUE	TRUE	1.499984136899e-09	3.7499603422475e-06
ASN	3678	HMDB	HMDB0000168_47_shen	L-Asparagine	inchikey	1	TRUE	TRUE	1.499984136899e-09	3.7499603422475e-06
ASN	3679	HMDB	HMDB0000168_48_shen	L-Asparagine	inchikey	1	TRUE	TRUE	1.499984136899e-09	3.7499603422475e-06
ASN	3680	HMDB	HMDB0000168_49_shen	L-Asparagine	inchikey	1	TRUE	TRUE	1.499984136899e-09	3.7499603422475e-06
ASN	3681	HMDB	HMDB0000168_50_shen	L-Asparagine	inchikey	1	TRUE	TRUE	1.499984136899e-09	3.7499603422475e-06
ASN	3682	HMDB	HMDB0000168_51_shen	L-Asparagine	inchikey	1	TRUE	TRUE	1.499984136899e-09	3.7499603422475e-06
ASN	3683	HMDB	HMDB0000168_52_shen	L-Asparagine	inchikey	1	TRUE	TRUE	1.499984136899e-09	3.7499603422475e-06
ASN	3684	HMDB	HMDB0000168_53_shen	L-Asparagine	inchikey	1	TRUE	TRUE	1.499984136899e-09	3.7499603422475e-06
ASN	3685	HMDB	HMDB0000168_54_shen	L-Asparagine	inchikey	1	TRUE	TRUE	1.499984136899e-09	3.7499603422475e-06
ASN	3686	HMDB	HMDB0000168_55_shen	L-Asparagine	inchikey	1	TRUE	TRUE	1.499984136899e-09	3.7499603422475e-06
ASN	3687	HMDB	HMDB0000168_56_shen	L-Asparagine	inchikey	1	TRUE	TRUE	1.499984136899e-09	3.7499603422475e-06
ASN	3688	HMDB	HMDB0000168_57_shen	L-Asparagine	inchikey	1	TRUE	TRUE	1.499984136899e-09	3.7499603422475e-06
ASN	3689	HMDB	HMDB0000168_58_shen	L-Asparagine	inchikey	1	TRUE	TRUE	1.499984136899e-09	3.7499603422475e-06
ASN	3690	HMDB	HMDB0000168_59_shen	L-Asparagine	inchikey	1	TRUE	TRUE	1.499984136899e-09	3.7499603422475e-06
ASN	3691	HMDB	HMDB0000168_60_shen	L-Asparagine	inchikey	1	TRUE	TRUE	1.499984136899e-09	3.7499603422475e-06
ASN	3692	HMDB	HMDB0000168_61_shen	L-Asparagine	inchikey	1	TRUE	TRUE	1.499984136899e-09	3.7499603422475e-06
ASN	3693	HMDB	HMDB0000168_62_shen	L-Asparagine	inchikey	1	TRUE	TRUE	1.499984136899e-09	3.7499603422475e-06
ASN	3694	HMDB	HMDB0000168_63_shen	L-Asparagine	inchikey	1	TRUE	TRUE	1.499984136899e-09	3.7499603422475e-06
ASN	3695	HMDB	HMDB0000168_64_shen	L-Asparagine	inchikey	1	TRUE	TRUE	1.499984136899e-09	3.7499603422475e-06
ASN	3696	HMDB	HMDB0000168_65_shen	L-Asparagine	inchikey	1	TRUE	TRUE	1.499984136899e-09	3.7499603422475e-06
ASN	3697	HMDB	HMDB0000168_66_shen	L-Asparagine	inchikey	1	TRUE	TRUE	1.499984136899e-09	3.7499603422475e-06
ASN	3698	HMDB	HMDB0000168_67_shen	L-Asparagine	inchikey	1	TRUE	TRUE	1.499984136899e-09	3.7499603422475e-06
ASN	3699	HMDB	HMDB0000168_68_shen	L-Asparagine	inchikey	1	TRUE	TRUE	1.499984136899e-09	3.7499603422475e-06
ASN	3700	HMDB	HMDB0000168_69_shen	L-Asparagine	inchikey	1	TRUE	TRUE	1.499984136899e-09	3.7499603422475e-06
ASN	3701	HMDB	HMDB0000168_70_shen	L-Asparagine	inchikey	1	TRUE	TRUE	1.499984136899e-09	3.7499603422475e-06
ASN	3702	HMDB	HMDB0000168_71_shen	L-Asparagine	inchikey	1	TRUE	TRUE	1.499984136899e-09	3.7499603422475e-06
ASN	3703	HMDB	HMDB0000168_72_shen	L-Asparagine	inchikey	1	TRUE	TRUE	1.499984136899e-09	3.7499603422475e-06
ASN	3704	HMDB	HMDB0000168_73_shen	L-Asparagine	inchikey	1	TRUE	TRUE	1.499984136899e-09	3.7499603422475e-06
ASN	3705	HMDB	HMDB0000168_74_shen	L-Asparagine	inchikey	1	TRUE	TRUE	1.499984136899e-09	3.7499603422475e-06
ASN	3706	HMDB	HMDB0000168_75_shen	L-Asparagine	inchikey	1	TRUE	TRUE	1.499984136899e-09	3.7499603422475e-06
ASN	3707	HMDB	HMDB0000168_76_shen	L-Asparagine	inchikey	1	TRUE	TRUE	1.499984136899e-09	3.7499603422475e-06
ASN	3708	HMDB	HMDB0000168_77_shen	L-Asparagine	inchikey	1	TRUE	TRUE	1.499984136899e-09	3.7499603422475e-06
ASN	3709	HMDB	HMDB0000168_78_shen	L-Asparagine	inchikey	1	TRUE	TRUE	1.499984136899e-09	3.7499603422475e-06
ASN	3710	HMDB	HMDB0000168_79_shen	L-Asparagine	inchikey	1	TRUE	TRUE	1.499984136899e-09	3.7499603422475e-06
ASN	3711	HMDB	HMDB0000168_80_shen	L-Asparagine	inchikey	1	TRUE	TRUE	1.499984136899e-09	3.7499603422475e-06
ASN	3712	HMDB	HMDB0000168_81_shen	L-Asparagine	inchikey	1	TRUE	TRUE	1.499984136899e-09	3.7499603422475e-06
ASN	3713	HMDB	HMDB0000168_82_shen	L-Asparagine	inchikey	1	TRUE	TRUE	1.499984136899e-09	3.7499603422475e-06
ASN	3714	HMDB	HMDB0000168_83_shen	L-Asparagine	inchikey	1	TRUE	TRUE	1.499984136899e-09	3.7499603422475e-06
ASN	3715	HMDB	HMDB0000168_84_shen	L-Asparagine	inchikey	1	TRUE	TRUE	1.499984136899e-09	3.7499603422475e-06
ASN	3716	HMDB	HMDB0000168_85_shen	L-Asparagine	inchikey	1	TRUE	TRUE	1.499984136899e-09	3.7499603422475e-06
ASN	3717	HMDB	HMDB0000168_86_shen	L-Asparagine	inchikey	1	TRUE	TRUE	1.499984136899e-09	3.7499603422475e-06
ASN	3718	HMDB	HMDB0000168_87_shen	L-Asparagine	inchikey	1	TRUE	TRUE	1.499984136899e-09	3.7499603422475e-06
CPD-13559	3719	HMDB	HMDB0000169_1_shen	D-Mannose	inchikey	1	TRUE	TRUE	1.80000370164635e-09	4.50000925411587e-06
CPD-13559	3720	HMDB	HMDB0000169_2_shen	D-Mannose	inchikey	1	TRUE	TRUE	1.80000370164635e-09	4.50000925411587e-06
CPD-13559	3721	HMDB	HMDB0000169_3_shen	D-Mannose	inchikey	1	TRUE	TRUE	1.80000370164635e-09	4.50000925411587e-06
ILE	3722	HMDB	HMDB0000172_1_shen	L-Isoleucine	inchikey	1	TRUE	TRUE	1.70001612787019e-09	4.25004031967546e-06
ILE	3723	HMDB	HMDB0000172_2_shen	L-Isoleucine	inchikey	1	TRUE	TRUE	1.70001612787019e-09	4.25004031967546e-06
ILE	3724	HMDB	HMDB0000172_3_shen	L-Isoleucine	inchikey	1	TRUE	TRUE	1.70001612787019e-09	4.25004031967546e-06
ILE	3725	HMDB	HMDB0000172_4_shen	L-Isoleucine	inchikey	1	TRUE	TRUE	1.70001612787019e-09	4.25004031967546e-06
ILE	3726	HMDB	HMDB0000172_5_shen	L-Isoleucine	inchikey	1	TRUE	TRUE	1.70001612787019e-09	4.25004031967546e-06
ILE	3727	HMDB	HMDB0000172_6_shen	L-Isoleucine	inchikey	1	TRUE	TRUE	1.70001612787019e-09	4.25004031967546e-06
ILE	3728	HMDB	HMDB0000172_7_shen	L-Isoleucine	inchikey	1	TRUE	TRUE	1.70001612787019e-09	4.25004031967546e-06
ILE	3729	HMDB	HMDB0000172_8_shen	L-Isoleucine	inchikey	1	TRUE	TRUE	1.70001612787019e-09	4.25004031967546e-06
ILE	3730	HMDB	HMDB0000172_9_shen	L-Isoleucine	inchikey	1	TRUE	TRUE	1.70001612787019e-09	4.25004031967546e-06
ILE	3731	HMDB	HMDB0000172_10_shen	L-Isoleucine	inchikey	1	TRUE	TRUE	1.70001612787019e-09	4.25004031967546e-06
ILE	3732	HMDB	HMDB0000172_11_shen	L-Isoleucine	inchikey	1	TRUE	TRUE	1.70001612787019e-09	4.25004031967546e-06
ILE	3733	HMDB	HMDB0000172_12_shen	L-Isoleucine	inchikey	1	TRUE	TRUE	1.70001612787019e-09	4.25004031967546e-06
ILE	3734	HMDB	HMDB0000172_13_shen	L-Isoleucine	inchikey	1	TRUE	TRUE	1.70001612787019e-09	4.25004031967546e-06
ILE	3735	HMDB	HMDB0000172_14_shen	L-Isoleucine	inchikey	1	TRUE	TRUE	1.70001612787019e-09	4.25004031967546e-06
ILE	3736	HMDB	HMDB0000172_15_shen	L-Isoleucine	inchikey	1	TRUE	TRUE	1.70001612787019e-09	4.25004031967546e-06
ILE	3737	HMDB	HMDB0000172_16_shen	L-Isoleucine	inchikey	1	TRUE	TRUE	1.70001612787019e-09	4.25004031967546e-06
ILE	3738	HMDB	HMDB0000172_17_shen	L-Isoleucine	inchikey	1	TRUE	TRUE	1.70001612787019e-09	4.25004031967546e-06
ILE	3739	HMDB	HMDB0000172_18_shen	L-Isoleucine	inchikey	1	TRUE	TRUE	1.70001612787019e-09	4.25004031967546e-06
ILE	3740	HMDB	HMDB0000172_19_shen	L-Isoleucine	inchikey	1	TRUE	TRUE	1.70001612787019e-09	4.25004031967546e-06
ILE	3741	HMDB	HMDB0000172_20_shen	L-Isoleucine	inchikey	1	TRUE	TRUE	1.70001612787019e-09	4.25004031967546e-06
ILE	3742	HMDB	HMDB0000172_21_shen	L-Isoleucine	inchikey	1	TRUE	TRUE	1.70001612787019e-09	4.25004031967546e-06
ILE	3743	HMDB	HMDB0000172_22_shen	L-Isoleucine	inchikey	1	TRUE	TRUE	1.70001612787019e-09	4.25004031967546e-06
ILE	3744	HMDB	HMDB0000172_23_shen	L-Isoleucine	inchikey	1	TRUE	TRUE	1.70001612787019e-09	4.25004031967546e-06
ILE	3745	HMDB	HMDB0000172_24_shen	L-Isoleucine	inchikey	1	TRUE	TRUE	1.70001612787019e-09	4.25004031967546e-06
ILE	3746	HMDB	HMDB0000172_25_shen	L-Isoleucine	inchikey	1	TRUE	TRUE	1.70001612787019e-09	4.25004031967546e-06
ILE	3747	HMDB	HMDB0000172_26_shen	L-Isoleucine	inchikey	1	TRUE	TRUE	1.70001612787019e-09	4.25004031967546e-06
ILE	3748	HMDB	HMDB0000172_27_shen	L-Isoleucine	inchikey	1	TRUE	TRUE	1.70001612787019e-09	4.25004031967546e-06
ILE	3749	HMDB	HMDB0000172_28_shen	L-Isoleucine	inchikey	1	TRUE	TRUE	1.70001612787019e-09	4.25004031967546e-06
ILE	3750	HMDB	HMDB0000172_29_shen	L-Isoleucine	inchikey	1	TRUE	TRUE	1.70001612787019e-09	4.25004031967546e-06
ILE	3751	HMDB	HMDB0000172_30_shen	L-Isoleucine	inchikey	1	TRUE	TRUE	1.70001612787019e-09	4.25004031967546e-06
ILE	3752	HMDB	HMDB0000172_31_shen	L-Isoleucine	inchikey	1	TRUE	TRUE	1.70001612787019e-09	4.25004031967546e-06
ILE	3753	HMDB	HMDB0000172_32_shen	L-Isoleucine	inchikey	1	TRUE	TRUE	1.70001612787019e-09	4.25004031967546e-06
ILE	3754	HMDB	HMDB0000172_33_shen	L-Isoleucine	inchikey	1	TRUE	TRUE	1.70001612787019e-09	4.25004031967546e-06
ILE	3755	HMDB	HMDB0000172_34_shen	L-Isoleucine	inchikey	1	TRUE	TRUE	1.70001612787019e-09	4.25004031967546e-06
ILE	3756	HMDB	HMDB0000172_35_shen	L-Isoleucine	inchikey	1	TRUE	TRUE	1.70001612787019e-09	4.25004031967546e-06
ILE	3757	HMDB	HMDB0000172_36_shen	L-Isoleucine	inchikey	1	TRUE	TRUE	1.70001612787019e-09	4.25004031967546e-06
ILE	3758	HMDB	HMDB0000172_37_shen	L-Isoleucine	inchikey	1	TRUE	TRUE	1.70001612787019e-09	4.25004031967546e-06
ILE	3759	HMDB	HMDB0000172_38_shen	L-Isoleucine	inchikey	1	TRUE	TRUE	1.70001612787019e-09	4.25004031967546e-06
ILE	3760	HMDB	HMDB0000172_39_shen	L-Isoleucine	inchikey	1	TRUE	TRUE	1.70001612787019e-09	4.25004031967546e-06
ILE	3761	HMDB	HMDB0000172_40_shen	L-Isoleucine	inchikey	1	TRUE	TRUE	1.70001612787019e-09	4.25004031967546e-06
ILE	3762	HMDB	HMDB0000172_41_shen	L-Isoleucine	inchikey	1	TRUE	TRUE	1.70001612787019e-09	4.25004031967546e-06
ILE	3763	HMDB	HMDB0000172_42_shen	L-Isoleucine	inchikey	1	TRUE	TRUE	1.70001612787019e-09	4.25004031967546e-06
ILE	3764	HMDB	HMDB0000172_43_shen	L-Isoleucine	inchikey	1	TRUE	TRUE	1.70001612787019e-09	4.25004031967546e-06
ILE	3765	HMDB	HMDB0000172_44_shen	L-Isoleucine	inchikey	1	TRUE	TRUE	1.70001612787019e-09	4.25004031967546e-06
ILE	3766	HMDB	HMDB0000172_45_shen	L-Isoleucine	inchikey	1	TRUE	TRUE	1.70001612787019e-09	4.25004031967546e-06
ILE	3767	HMDB	HMDB0000172_46_shen	L-Isoleucine	inchikey	1	TRUE	TRUE	1.70001612787019e-09	4.25004031967546e-06
ILE	3768	HMDB	HMDB0000172_47_shen	L-Isoleucine	inchikey	1	TRUE	TRUE	1.70001612787019e-09	4.25004031967546e-06
ILE	3769	HMDB	HMDB0000172_48_shen	L-Isoleucine	inchikey	1	TRUE	TRUE	1.70001612787019e-09	4.25004031967546e-06
ILE	3770	HMDB	HMDB0000172_49_shen	L-Isoleucine	inchikey	1	TRUE	TRUE	1.70001612787019e-09	4.25004031967546e-06
ILE	3771	HMDB	HMDB0000172_50_shen	L-Isoleucine	inchikey	1	TRUE	TRUE	1.70001612787019e-09	4.25004031967546e-06
ILE	3772	HMDB	HMDB0000172_51_shen	L-Isoleucine	inchikey	1	TRUE	TRUE	1.70001612787019e-09	4.25004031967546e-06
ILE	3773	HMDB	HMDB0000172_52_shen	L-Isoleucine	inchikey	1	TRUE	TRUE	1.70001612787019e-09	4.25004031967546e-06
ILE	3774	HMDB	HMDB0000172_53_shen	L-Isoleucine	inchikey	1	TRUE	TRUE	1.70001612787019e-09	4.25004031967546e-06
ILE	3775	HMDB	HMDB0000172_54_shen	L-Isoleucine	inchikey	1	TRUE	TRUE	1.70001612787019e-09	4.25004031967546e-06
ILE	3776	HMDB	HMDB0000172_55_shen	L-Isoleucine	inchikey	1	TRUE	TRUE	1.70001612787019e-09	4.25004031967546e-06
ILE	3777	HMDB	HMDB0000172_56_shen	L-Isoleucine	inchikey	1	TRUE	TRUE	1.70001612787019e-09	4.25004031967546e-06
ILE	3778	HMDB	HMDB0000172_57_shen	L-Isoleucine	inchikey	1	TRUE	TRUE	1.70001612787019e-09	4.25004031967546e-06
ILE	3779	HMDB	HMDB0000172_58_shen	L-Isoleucine	inchikey	1	TRUE	TRUE	1.70001612787019e-09	4.25004031967546e-06
ILE	3780	HMDB	HMDB0000172_59_shen	L-Isoleucine	inchikey	1	TRUE	TRUE	1.70001612787019e-09	4.25004031967546e-06
ILE	3781	HMDB	HMDB0000172_60_shen	L-Isoleucine	inchikey	1	TRUE	TRUE	1.70001612787019e-09	4.25004031967546e-06
ILE	3782	HMDB	HMDB0000172_61_shen	L-Isoleucine	inchikey	1	TRUE	TRUE	1.70001612787019e-09	4.25004031967546e-06
ILE	3783	HMDB	HMDB0000172_62_shen	L-Isoleucine	inchikey	1	TRUE	TRUE	1.70001612787019e-09	4.25004031967546e-06
CPD-10329	3784	HMDB	HMDB0000174_1_shen	L-Fucose	inchikey	1	TRUE	TRUE	1.70001612787019e-09	4.25004031967546e-06
CPD-10329	3785	HMDB	HMDB0000174_2_shen	L-Fucose	inchikey	1	TRUE	TRUE	1.70001612787019e-09	4.25004031967546e-06
CPD-10329	3786	HMDB	HMDB0000174_3_shen	L-Fucose	inchikey	1	TRUE	TRUE	1.70001612787019e-09	4.25004031967546e-06
IMP	3787	HMDB	HMDB0000175_1_shen	Inosinic acid	inchikey_connectivity_formula_mass	2	FALSE	TRUE	8.99945007404312e-10	2.24986251851078e-06
IMP	3788	HMDB	HMDB0000175_2_shen	Inosinic acid	inchikey_connectivity_formula_mass	2	FALSE	TRUE	8.99945007404312e-10	2.24986251851078e-06
IMP	3789	HMDB	HMDB0000175_3_shen	Inosinic acid	inchikey_connectivity_formula_mass	2	FALSE	TRUE	8.99945007404312e-10	2.24986251851078e-06
IMP	3790	HMDB	HMDB0000175_4_shen	Inosinic acid	inchikey_connectivity_formula_mass	2	FALSE	TRUE	8.99945007404312e-10	2.24986251851078e-06
IMP	3791	HMDB	HMDB0000175_5_shen	Inosinic acid	inchikey_connectivity_formula_mass	2	FALSE	TRUE	8.99945007404312e-10	2.24986251851078e-06
IMP	3792	HMDB	HMDB0000175_6_shen	Inosinic acid	inchikey_connectivity_formula_mass	2	FALSE	TRUE	8.99945007404312e-10	2.24986251851078e-06
IMP	3793	HMDB	HMDB0000175_7_shen	Inosinic acid	inchikey_connectivity_formula_mass	2	FALSE	TRUE	8.99945007404312e-10	2.24986251851078e-06
IMP	3794	HMDB	HMDB0000175_8_shen	Inosinic acid	inchikey_connectivity_formula_mass	2	FALSE	TRUE	8.99945007404312e-10	2.24986251851078e-06
IMP	3795	HMDB	HMDB0000175_9_shen	Inosinic acid	inchikey_connectivity_formula_mass	2	FALSE	TRUE	8.99945007404312e-10	2.24986251851078e-06
IMP	3796	HMDB	HMDB0000175_10_shen	Inosinic acid	inchikey_connectivity_formula_mass	2	FALSE	TRUE	8.99945007404312e-10	2.24986251851078e-06
IMP	3797	HMDB	HMDB0000175_11_shen	Inosinic acid	inchikey_connectivity_formula_mass	2	FALSE	TRUE	8.99945007404312e-10	2.24986251851078e-06
IMP	3798	HMDB	HMDB0000175_12_shen	Inosinic acid	inchikey_connectivity_formula_mass	2	FALSE	TRUE	8.99945007404312e-10	2.24986251851078e-06
IMP	3799	HMDB	HMDB0000175_13_shen	Inosinic acid	inchikey_connectivity_formula_mass	2	FALSE	TRUE	8.99945007404312e-10	2.24986251851078e-06
IMP	3800	HMDB	HMDB0000175_14_shen	Inosinic acid	inchikey_connectivity_formula_mass	2	FALSE	TRUE	8.99945007404312e-10	2.24986251851078e-06
IMP	3801	HMDB	HMDB0000175_15_shen	Inosinic acid	inchikey_connectivity_formula_mass	2	FALSE	TRUE	8.99945007404312e-10	2.24986251851078e-06
IMP	3802	HMDB	HMDB0000175_16_shen	Inosinic acid	inchikey_connectivity_formula_mass	2	FALSE	TRUE	8.99945007404312e-10	2.24986251851078e-06
IMP	3803	HMDB	HMDB0000175_17_shen	Inosinic acid	inchikey_connectivity_formula_mass	2	FALSE	TRUE	8.99945007404312e-10	2.24986251851078e-06
IMP	3804	HMDB	HMDB0000175_18_shen	Inosinic acid	inchikey_connectivity_formula_mass	2	FALSE	TRUE	8.99945007404312e-10	2.24986251851078e-06
IMP	3805	HMDB	HMDB0000175_19_shen	Inosinic acid	inchikey_connectivity_formula_mass	2	FALSE	TRUE	8.99945007404312e-10	2.24986251851078e-06
IMP	3806	HMDB	HMDB0000175_20_shen	Inosinic acid	inchikey_connectivity_formula_mass	2	FALSE	TRUE	8.99945007404312e-10	2.24986251851078e-06
IMP	3807	HMDB	HMDB0000175_21_shen	Inosinic acid	inchikey_connectivity_formula_mass	2	FALSE	TRUE	8.99945007404312e-10	2.24986251851078e-06
IMP	3808	HMDB	HMDB0000175_22_shen	Inosinic acid	inchikey_connectivity_formula_mass	2	FALSE	TRUE	8.99945007404312e-10	2.24986251851078e-06
IMP	3809	HMDB	HMDB0000175_23_shen	Inosinic acid	inchikey_connectivity_formula_mass	2	FALSE	TRUE	8.99945007404312e-10	2.24986251851078e-06
IMP	3810	HMDB	HMDB0000175_24_shen	Inosinic acid	inchikey_connectivity_formula_mass	2	FALSE	TRUE	8.99945007404312e-10	2.24986251851078e-06
IMP	3811	HMDB	HMDB0000175_25_shen	Inosinic acid	inchikey_connectivity_formula_mass	2	FALSE	TRUE	8.99945007404312e-10	2.24986251851078e-06
IMP	3812	HMDB	HMDB0000175_26_shen	Inosinic acid	inchikey_connectivity_formula_mass	2	FALSE	TRUE	8.99945007404312e-10	2.24986251851078e-06
IMP	3813	HMDB	HMDB0000175_27_shen	Inosinic acid	inchikey_connectivity_formula_mass	2	FALSE	TRUE	8.99945007404312e-10	2.24986251851078e-06
IMP	3814	HMDB	HMDB0000175_28_shen	Inosinic acid	inchikey_connectivity_formula_mass	2	FALSE	TRUE	8.99945007404312e-10	2.24986251851078e-06
MALEATE	3815	HMDB	HMDB0000176_1_shen	Maleic acid	inchikey_connectivity_formula_mass	2	FALSE	TRUE	8.00000066192297e-10	2.00000016548074e-06
MALEATE	3816	HMDB	HMDB0000176_2_shen	Maleic acid	inchikey_connectivity_formula_mass	2	FALSE	TRUE	8.00000066192297e-10	2.00000016548074e-06
MALEATE	3817	HMDB	HMDB0000176_3_shen	Maleic acid	inchikey_connectivity_formula_mass	2	FALSE	TRUE	8.00000066192297e-10	2.00000016548074e-06
MALEATE	3818	HMDB	HMDB0000176_4_shen	Maleic acid	inchikey_connectivity_formula_mass	2	FALSE	TRUE	8.00000066192297e-10	2.00000016548074e-06
MALEATE	3819	HMDB	HMDB0000176_5_shen	Maleic acid	inchikey_connectivity_formula_mass	2	FALSE	TRUE	8.00000066192297e-10	2.00000016548074e-06
MALEATE	3820	HMDB	HMDB0000176_6_shen	Maleic acid	inchikey_connectivity_formula_mass	2	FALSE	TRUE	8.00000066192297e-10	2.00000016548074e-06
MALEATE	3821	HMDB	HMDB0000176_7_shen	Maleic acid	inchikey_connectivity_formula_mass	2	FALSE	TRUE	8.00000066192297e-10	2.00000016548074e-06
MALEATE	3822	HMDB	HMDB0000176_8_shen	Maleic acid	inchikey_connectivity_formula_mass	2	FALSE	TRUE	8.00000066192297e-10	2.00000016548074e-06
MALEATE	3823	HMDB	HMDB0000176_9_shen	Maleic acid	inchikey_connectivity_formula_mass	2	FALSE	TRUE	8.00000066192297e-10	2.00000016548074e-06
MALEATE	3824	HMDB	HMDB0000176_10_shen	Maleic acid	inchikey_connectivity_formula_mass	2	FALSE	TRUE	8.00000066192297e-10	2.00000016548074e-06
MALEATE	3825	HMDB	HMDB0000176_11_shen	Maleic acid	inchikey_connectivity_formula_mass	2	FALSE	TRUE	8.00000066192297e-10	2.00000016548074e-06
MALEATE	3826	HMDB	HMDB0000176_12_shen	Maleic acid	inchikey_connectivity_formula_mass	2	FALSE	TRUE	8.00000066192297e-10	2.00000016548074e-06
MALEATE	3827	HMDB	HMDB0000176_13_shen	Maleic acid	inchikey_connectivity_formula_mass	2	FALSE	TRUE	8.00000066192297e-10	2.00000016548074e-06
MALEATE	3828	HMDB	HMDB0000176_14_shen	Maleic acid	inchikey_connectivity_formula_mass	2	FALSE	TRUE	8.00000066192297e-10	2.00000016548074e-06
MALEATE	3829	HMDB	HMDB0000176_15_shen	Maleic acid	inchikey_connectivity_formula_mass	2	FALSE	TRUE	8.00000066192297e-10	2.00000016548074e-06
MALEATE	3830	HMDB	HMDB0000176_16_shen	Maleic acid	inchikey_connectivity_formula_mass	2	FALSE	TRUE	8.00000066192297e-10	2.00000016548074e-06
MALEATE	3831	HMDB	HMDB0000176_17_shen	Maleic acid	inchikey_connectivity_formula_mass	2	FALSE	TRUE	8.00000066192297e-10	2.00000016548074e-06
MALEATE	3832	HMDB	HMDB0000176_18_shen	Maleic acid	inchikey_connectivity_formula_mass	2	FALSE	TRUE	8.00000066192297e-10	2.00000016548074e-06
MALEATE	3833	HMDB	HMDB0000176_19_shen	Maleic acid	inchikey_connectivity_formula_mass	2	FALSE	TRUE	8.00000066192297e-10	2.00000016548074e-06
MALEATE	3834	HMDB	HMDB0000176_20_shen	Maleic acid	inchikey_connectivity_formula_mass	2	FALSE	TRUE	8.00000066192297e-10	2.00000016548074e-06
MALEATE	3835	HMDB	HMDB0000176_21_shen	Maleic acid	inchikey_connectivity_formula_mass	2	FALSE	TRUE	8.00000066192297e-10	2.00000016548074e-06
MALEATE	3836	HMDB	HMDB0000176_22_shen	Maleic acid	inchikey_connectivity_formula_mass	2	FALSE	TRUE	8.00000066192297e-10	2.00000016548074e-06
MALEATE	3837	HMDB	HMDB0000176_23_shen	Maleic acid	inchikey_connectivity_formula_mass	2	FALSE	TRUE	8.00000066192297e-10	2.00000016548074e-06
HIS	3838	HMDB	HMDB0000177_1_shen	L-Histidine	inchikey	1	TRUE	TRUE	1.70001612787019e-09	4.25004031967546e-06
HIS	3839	HMDB	HMDB0000177_2_shen	L-Histidine	inchikey	1	TRUE	TRUE	1.70001612787019e-09	4.25004031967546e-06
HIS	3840	HMDB	HMDB0000177_3_shen	L-Histidine	inchikey	1	TRUE	TRUE	1.70001612787019e-09	4.25004031967546e-06
HIS	3841	HMDB	HMDB0000177_4_shen	L-Histidine	inchikey	1	TRUE	TRUE	1.70001612787019e-09	4.25004031967546e-06
HIS	3842	HMDB	HMDB0000177_5_shen	L-Histidine	inchikey	1	TRUE	TRUE	1.70001612787019e-09	4.25004031967546e-06
HIS	3843	HMDB	HMDB0000177_6_shen	L-Histidine	inchikey	1	TRUE	TRUE	1.70001612787019e-09	4.25004031967546e-06
HIS	3844	HMDB	HMDB0000177_7_shen	L-Histidine	inchikey	1	TRUE	TRUE	1.70001612787019e-09	4.25004031967546e-06
HIS	3845	HMDB	HMDB0000177_8_shen	L-Histidine	inchikey	1	TRUE	TRUE	1.70001612787019e-09	4.25004031967546e-06
HIS	3846	HMDB	HMDB0000177_9_shen	L-Histidine	inchikey	1	TRUE	TRUE	1.70001612787019e-09	4.25004031967546e-06
HIS	3847	HMDB	HMDB0000177_10_shen	L-Histidine	inchikey	1	TRUE	TRUE	1.70001612787019e-09	4.25004031967546e-06
HIS	3848	HMDB	HMDB0000177_11_shen	L-Histidine	inchikey	1	TRUE	TRUE	1.70001612787019e-09	4.25004031967546e-06
HIS	3849	HMDB	HMDB0000177_12_shen	L-Histidine	inchikey	1	TRUE	TRUE	1.70001612787019e-09	4.25004031967546e-06
HIS	3850	HMDB	HMDB0000177_13_shen	L-Histidine	inchikey	1	TRUE	TRUE	1.70001612787019e-09	4.25004031967546e-06
HIS	3851	HMDB	HMDB0000177_14_shen	L-Histidine	inchikey	1	TRUE	TRUE	1.70001612787019e-09	4.25004031967546e-06
HIS	3852	HMDB	HMDB0000177_15_shen	L-Histidine	inchikey	1	TRUE	TRUE	1.70001612787019e-09	4.25004031967546e-06
HIS	3853	HMDB	HMDB0000177_16_shen	L-Histidine	inchikey	1	TRUE	TRUE	1.70001612787019e-09	4.25004031967546e-06
HIS	3854	HMDB	HMDB0000177_17_shen	L-Histidine	inchikey	1	TRUE	TRUE	1.70001612787019e-09	4.25004031967546e-06
HIS	3855	HMDB	HMDB0000177_18_shen	L-Histidine	inchikey	1	TRUE	TRUE	1.70001612787019e-09	4.25004031967546e-06
HIS	3856	HMDB	HMDB0000177_19_shen	L-Histidine	inchikey	1	TRUE	TRUE	1.70001612787019e-09	4.25004031967546e-06
HIS	3857	HMDB	HMDB0000177_20_shen	L-Histidine	inchikey	1	TRUE	TRUE	1.70001612787019e-09	4.25004031967546e-06
HIS	3858	HMDB	HMDB0000177_21_shen	L-Histidine	inchikey	1	TRUE	TRUE	1.70001612787019e-09	4.25004031967546e-06
HIS	3859	HMDB	HMDB0000177_22_shen	L-Histidine	inchikey	1	TRUE	TRUE	1.70001612787019e-09	4.25004031967546e-06
HIS	3860	HMDB	HMDB0000177_23_shen	L-Histidine	inchikey	1	TRUE	TRUE	1.70001612787019e-09	4.25004031967546e-06
HIS	3861	HMDB	HMDB0000177_24_shen	L-Histidine	inchikey	1	TRUE	TRUE	1.70001612787019e-09	4.25004031967546e-06
HIS	3862	HMDB	HMDB0000177_25_shen	L-Histidine	inchikey	1	TRUE	TRUE	1.70001612787019e-09	4.25004031967546e-06
HIS	3863	HMDB	HMDB0000177_26_shen	L-Histidine	inchikey	1	TRUE	TRUE	1.70001612787019e-09	4.25004031967546e-06
HIS	3864	HMDB	HMDB0000177_27_shen	L-Histidine	inchikey	1	TRUE	TRUE	1.70001612787019e-09	4.25004031967546e-06
HIS	3865	HMDB	HMDB0000177_28_shen	L-Histidine	inchikey	1	TRUE	TRUE	1.70001612787019e-09	4.25004031967546e-06
HIS	3866	HMDB	HMDB0000177_29_shen	L-Histidine	inchikey	1	TRUE	TRUE	1.70001612787019e-09	4.25004031967546e-06
HIS	3867	HMDB	HMDB0000177_30_shen	L-Histidine	inchikey	1	TRUE	TRUE	1.70001612787019e-09	4.25004031967546e-06
HIS	3868	HMDB	HMDB0000177_31_shen	L-Histidine	inchikey	1	TRUE	TRUE	1.70001612787019e-09	4.25004031967546e-06
HIS	3869	HMDB	HMDB0000177_32_shen	L-Histidine	inchikey	1	TRUE	TRUE	1.70001612787019e-09	4.25004031967546e-06
HIS	3870	HMDB	HMDB0000177_33_shen	L-Histidine	inchikey	1	TRUE	TRUE	1.70001612787019e-09	4.25004031967546e-06
HIS	3871	HMDB	HMDB0000177_34_shen	L-Histidine	inchikey	1	TRUE	TRUE	1.70001612787019e-09	4.25004031967546e-06
HIS	3872	HMDB	HMDB0000177_35_shen	L-Histidine	inchikey	1	TRUE	TRUE	1.70001612787019e-09	4.25004031967546e-06
HIS	3873	HMDB	HMDB0000177_36_shen	L-Histidine	inchikey	1	TRUE	TRUE	1.70001612787019e-09	4.25004031967546e-06
HIS	3874	HMDB	HMDB0000177_37_shen	L-Histidine	inchikey	1	TRUE	TRUE	1.70001612787019e-09	4.25004031967546e-06
HIS	3875	HMDB	HMDB0000177_38_shen	L-Histidine	inchikey	1	TRUE	TRUE	1.70001612787019e-09	4.25004031967546e-06
HIS	3876	HMDB	HMDB0000177_39_shen	L-Histidine	inchikey	1	TRUE	TRUE	1.70001612787019e-09	4.25004031967546e-06
HIS	3877	HMDB	HMDB0000177_40_shen	L-Histidine	inchikey	1	TRUE	TRUE	1.70001612787019e-09	4.25004031967546e-06
HIS	3878	HMDB	HMDB0000177_41_shen	L-Histidine	inchikey	1	TRUE	TRUE	1.70001612787019e-09	4.25004031967546e-06
HIS	3879	HMDB	HMDB0000177_42_shen	L-Histidine	inchikey	1	TRUE	TRUE	1.70001612787019e-09	4.25004031967546e-06
HIS	3880	HMDB	HMDB0000177_43_shen	L-Histidine	inchikey	1	TRUE	TRUE	1.70001612787019e-09	4.25004031967546e-06
HIS	3881	HMDB	HMDB0000177_44_shen	L-Histidine	inchikey	1	TRUE	TRUE	1.70001612787019e-09	4.25004031967546e-06
HIS	3882	HMDB	HMDB0000177_45_shen	L-Histidine	inchikey	1	TRUE	TRUE	1.70001612787019e-09	4.25004031967546e-06
HIS	3883	HMDB	HMDB0000177_46_shen	L-Histidine	inchikey	1	TRUE	TRUE	1.70001612787019e-09	4.25004031967546e-06
HIS	3884	HMDB	HMDB0000177_47_shen	L-Histidine	inchikey	1	TRUE	TRUE	1.70001612787019e-09	4.25004031967546e-06
HIS	3885	HMDB	HMDB0000177_48_shen	L-Histidine	inchikey	1	TRUE	TRUE	1.70001612787019e-09	4.25004031967546e-06
HIS	3886	HMDB	HMDB0000177_49_shen	L-Histidine	inchikey	1	TRUE	TRUE	1.70001612787019e-09	4.25004031967546e-06
HIS	3887	HMDB	HMDB0000177_50_shen	L-Histidine	inchikey	1	TRUE	TRUE	1.70001612787019e-09	4.25004031967546e-06
HIS	3888	HMDB	HMDB0000177_51_shen	L-Histidine	inchikey	1	TRUE	TRUE	1.70001612787019e-09	4.25004031967546e-06
HIS	3889	HMDB	HMDB0000177_52_shen	L-Histidine	inchikey	1	TRUE	TRUE	1.70001612787019e-09	4.25004031967546e-06
HIS	3890	HMDB	HMDB0000177_53_shen	L-Histidine	inchikey	1	TRUE	TRUE	1.70001612787019e-09	4.25004031967546e-06
HIS	3891	HMDB	HMDB0000177_54_shen	L-Histidine	inchikey	1	TRUE	TRUE	1.70001612787019e-09	4.25004031967546e-06
HIS	3892	HMDB	HMDB0000177_55_shen	L-Histidine	inchikey	1	TRUE	TRUE	1.70001612787019e-09	4.25004031967546e-06
HIS	3893	HMDB	HMDB0000177_56_shen	L-Histidine	inchikey	1	TRUE	TRUE	1.70001612787019e-09	4.25004031967546e-06
HIS	3894	HMDB	HMDB0000177_57_shen	L-Histidine	inchikey	1	TRUE	TRUE	1.70001612787019e-09	4.25004031967546e-06
HIS	3895	HMDB	HMDB0000177_58_shen	L-Histidine	inchikey	1	TRUE	TRUE	1.70001612787019e-09	4.25004031967546e-06
HIS	3896	HMDB	HMDB0000177_59_shen	L-Histidine	inchikey	1	TRUE	TRUE	1.70001612787019e-09	4.25004031967546e-06
HIS	3897	HMDB	HMDB0000177_60_shen	L-Histidine	inchikey	1	TRUE	TRUE	1.70001612787019e-09	4.25004031967546e-06
HIS	3898	HMDB	HMDB0000177_61_shen	L-Histidine	inchikey	1	TRUE	TRUE	1.70001612787019e-09	4.25004031967546e-06
HIS	3899	HMDB	HMDB0000177_62_shen	L-Histidine	inchikey	1	TRUE	TRUE	1.70001612787019e-09	4.25004031967546e-06
HIS	3900	HMDB	HMDB0000177_63_shen	L-Histidine	inchikey	1	TRUE	TRUE	1.70001612787019e-09	4.25004031967546e-06
HIS	3901	HMDB	HMDB0000177_64_shen	L-Histidine	inchikey	1	TRUE	TRUE	1.70001612787019e-09	4.25004031967546e-06
HIS	3902	HMDB	HMDB0000177_65_shen	L-Histidine	inchikey	1	TRUE	TRUE	1.70001612787019e-09	4.25004031967546e-06
HIS	3903	HMDB	HMDB0000177_66_shen	L-Histidine	inchikey	1	TRUE	TRUE	1.70001612787019e-09	4.25004031967546e-06
HIS	3904	HMDB	HMDB0000177_67_shen	L-Histidine	inchikey	1	TRUE	TRUE	1.70001612787019e-09	4.25004031967546e-06
HIS	3905	HMDB	HMDB0000177_68_shen	L-Histidine	inchikey	1	TRUE	TRUE	1.70001612787019e-09	4.25004031967546e-06
HIS	3906	HMDB	HMDB0000177_69_shen	L-Histidine	inchikey	1	TRUE	TRUE	1.70001612787019e-09	4.25004031967546e-06
HIS	3907	HMDB	HMDB0000177_70_shen	L-Histidine	inchikey	1	TRUE	TRUE	1.70001612787019e-09	4.25004031967546e-06
HIS	3908	HMDB	HMDB0000177_71_shen	L-Histidine	inchikey	1	TRUE	TRUE	1.70001612787019e-09	4.25004031967546e-06
HIS	3909	HMDB	HMDB0000177_72_shen	L-Histidine	inchikey	1	TRUE	TRUE	1.70001612787019e-09	4.25004031967546e-06
HIS	3910	HMDB	HMDB0000177_73_shen	L-Histidine	inchikey	1	TRUE	TRUE	1.70001612787019e-09	4.25004031967546e-06
HIS	3911	HMDB	HMDB0000177_74_shen	L-Histidine	inchikey	1	TRUE	TRUE	1.70001612787019e-09	4.25004031967546e-06
HIS	3912	HMDB	HMDB0000177_75_shen	L-Histidine	inchikey	1	TRUE	TRUE	1.70001612787019e-09	4.25004031967546e-06
HIS	3913	HMDB	HMDB0000177_76_shen	L-Histidine	inchikey	1	TRUE	TRUE	1.70001612787019e-09	4.25004031967546e-06
HIS	3914	HMDB	HMDB0000177_77_shen	L-Histidine	inchikey	1	TRUE	TRUE	1.70001612787019e-09	4.25004031967546e-06
HIS	3915	HMDB	HMDB0000177_78_shen	L-Histidine	inchikey	1	TRUE	TRUE	1.70001612787019e-09	4.25004031967546e-06
HIS	3916	HMDB	HMDB0000177_79_shen	L-Histidine	inchikey	1	TRUE	TRUE	1.70001612787019e-09	4.25004031967546e-06
HIS	3917	HMDB	HMDB0000177_80_shen	L-Histidine	inchikey	1	TRUE	TRUE	1.70001612787019e-09	4.25004031967546e-06
HIS	3918	HMDB	HMDB0000177_81_shen	L-Histidine	inchikey	1	TRUE	TRUE	1.70001612787019e-09	4.25004031967546e-06
HIS	3919	HMDB	HMDB0000177_82_shen	L-Histidine	inchikey	1	TRUE	TRUE	1.70001612787019e-09	4.25004031967546e-06
HIS	3920	HMDB	HMDB0000177_83_shen	L-Histidine	inchikey	1	TRUE	TRUE	1.70001612787019e-09	4.25004031967546e-06
HIS	3921	HMDB	HMDB0000177_84_shen	L-Histidine	inchikey	1	TRUE	TRUE	1.70001612787019e-09	4.25004031967546e-06
HIS	3922	HMDB	HMDB0000177_85_shen	L-Histidine	inchikey	1	TRUE	TRUE	1.70001612787019e-09	4.25004031967546e-06
HIS	3923	HMDB	HMDB0000177_86_shen	L-Histidine	inchikey	1	TRUE	TRUE	1.70001612787019e-09	4.25004031967546e-06
HIS	3924	HMDB	HMDB0000177_87_shen	L-Histidine	inchikey	1	TRUE	TRUE	1.70001612787019e-09	4.25004031967546e-06
HIS	3925	HMDB	HMDB0000177_88_shen	L-Histidine	inchikey	1	TRUE	TRUE	1.70001612787019e-09	4.25004031967546e-06
HIS	3926	HMDB	HMDB0000177_89_shen	L-Histidine	inchikey	1	TRUE	TRUE	1.70001612787019e-09	4.25004031967546e-06
HIS	3927	HMDB	HMDB0000177_90_shen	L-Histidine	inchikey	1	TRUE	TRUE	1.70001612787019e-09	4.25004031967546e-06
HIS	3928	HMDB	HMDB0000177_91_shen	L-Histidine	inchikey	1	TRUE	TRUE	1.70001612787019e-09	4.25004031967546e-06
HIS	3929	HMDB	HMDB0000177_92_shen	L-Histidine	inchikey	1	TRUE	TRUE	1.70001612787019e-09	4.25004031967546e-06
HIS	3930	HMDB	HMDB0000177_93_shen	L-Histidine	inchikey	1	TRUE	TRUE	1.70001612787019e-09	4.25004031967546e-06
L-DIHYDROXY-PHENYLALANINE	3931	HMDB	HMDB0000181_1_shen	L-Dopa	inchikey	1	TRUE	TRUE	1.69998770616075e-09	4.24996926540189e-06
L-DIHYDROXY-PHENYLALANINE	3932	HMDB	HMDB0000181_2_shen	L-Dopa	inchikey	1	TRUE	TRUE	1.69998770616075e-09	4.24996926540189e-06
L-DIHYDROXY-PHENYLALANINE	3933	HMDB	HMDB0000181_3_shen	L-Dopa	inchikey	1	TRUE	TRUE	1.69998770616075e-09	4.24996926540189e-06
L-DIHYDROXY-PHENYLALANINE	3934	HMDB	HMDB0000181_4_shen	L-Dopa	inchikey	1	TRUE	TRUE	1.69998770616075e-09	4.24996926540189e-06
L-DIHYDROXY-PHENYLALANINE	3935	HMDB	HMDB0000181_5_shen	L-Dopa	inchikey	1	TRUE	TRUE	1.69998770616075e-09	4.24996926540189e-06
L-DIHYDROXY-PHENYLALANINE	3936	HMDB	HMDB0000181_6_shen	L-Dopa	inchikey	1	TRUE	TRUE	1.69998770616075e-09	4.24996926540189e-06
L-DIHYDROXY-PHENYLALANINE	3937	HMDB	HMDB0000181_7_shen	L-Dopa	inchikey	1	TRUE	TRUE	1.69998770616075e-09	4.24996926540189e-06
L-DIHYDROXY-PHENYLALANINE	3938	HMDB	HMDB0000181_8_shen	L-Dopa	inchikey	1	TRUE	TRUE	1.69998770616075e-09	4.24996926540189e-06
L-DIHYDROXY-PHENYLALANINE	3939	HMDB	HMDB0000181_9_shen	L-Dopa	inchikey	1	TRUE	TRUE	1.69998770616075e-09	4.24996926540189e-06
L-DIHYDROXY-PHENYLALANINE	3940	HMDB	HMDB0000181_10_shen	L-Dopa	inchikey	1	TRUE	TRUE	1.69998770616075e-09	4.24996926540189e-06
L-DIHYDROXY-PHENYLALANINE	3941	HMDB	HMDB0000181_11_shen	L-Dopa	inchikey	1	TRUE	TRUE	1.69998770616075e-09	4.24996926540189e-06
L-DIHYDROXY-PHENYLALANINE	3942	HMDB	HMDB0000181_12_shen	L-Dopa	inchikey	1	TRUE	TRUE	1.69998770616075e-09	4.24996926540189e-06
L-DIHYDROXY-PHENYLALANINE	3943	HMDB	HMDB0000181_13_shen	L-Dopa	inchikey	1	TRUE	TRUE	1.69998770616075e-09	4.24996926540189e-06
L-DIHYDROXY-PHENYLALANINE	3944	HMDB	HMDB0000181_14_shen	L-Dopa	inchikey	1	TRUE	TRUE	1.69998770616075e-09	4.24996926540189e-06
L-DIHYDROXY-PHENYLALANINE	3945	HMDB	HMDB0000181_15_shen	L-Dopa	inchikey	1	TRUE	TRUE	1.69998770616075e-09	4.24996926540189e-06
L-DIHYDROXY-PHENYLALANINE	3946	HMDB	HMDB0000181_16_shen	L-Dopa	inchikey	1	TRUE	TRUE	1.69998770616075e-09	4.24996926540189e-06
L-DIHYDROXY-PHENYLALANINE	3947	HMDB	HMDB0000181_17_shen	L-Dopa	inchikey	1	TRUE	TRUE	1.69998770616075e-09	4.24996926540189e-06
L-DIHYDROXY-PHENYLALANINE	3948	HMDB	HMDB0000181_18_shen	L-Dopa	inchikey	1	TRUE	TRUE	1.69998770616075e-09	4.24996926540189e-06
L-DIHYDROXY-PHENYLALANINE	3949	HMDB	HMDB0000181_19_shen	L-Dopa	inchikey	1	TRUE	TRUE	1.69998770616075e-09	4.24996926540189e-06
L-DIHYDROXY-PHENYLALANINE	3950	HMDB	HMDB0000181_20_shen	L-Dopa	inchikey	1	TRUE	TRUE	1.69998770616075e-09	4.24996926540189e-06
L-DIHYDROXY-PHENYLALANINE	3951	HMDB	HMDB0000181_21_shen	L-Dopa	inchikey	1	TRUE	TRUE	1.69998770616075e-09	4.24996926540189e-06
L-DIHYDROXY-PHENYLALANINE	3952	HMDB	HMDB0000181_22_shen	L-Dopa	inchikey	1	TRUE	TRUE	1.69998770616075e-09	4.24996926540189e-06
L-DIHYDROXY-PHENYLALANINE	3953	HMDB	HMDB0000181_23_shen	L-Dopa	inchikey	1	TRUE	TRUE	1.69998770616075e-09	4.24996926540189e-06
L-DIHYDROXY-PHENYLALANINE	3954	HMDB	HMDB0000181_24_shen	L-Dopa	inchikey	1	TRUE	TRUE	1.69998770616075e-09	4.24996926540189e-06
L-DIHYDROXY-PHENYLALANINE	3955	HMDB	HMDB0000181_25_shen	L-Dopa	inchikey	1	TRUE	TRUE	1.69998770616075e-09	4.24996926540189e-06
L-DIHYDROXY-PHENYLALANINE	3956	HMDB	HMDB0000181_26_shen	L-Dopa	inchikey	1	TRUE	TRUE	1.69998770616075e-09	4.24996926540189e-06
L-DIHYDROXY-PHENYLALANINE	3957	HMDB	HMDB0000181_27_shen	L-Dopa	inchikey	1	TRUE	TRUE	1.69998770616075e-09	4.24996926540189e-06
L-DIHYDROXY-PHENYLALANINE	3958	HMDB	HMDB0000181_28_shen	L-Dopa	inchikey	1	TRUE	TRUE	1.69998770616075e-09	4.24996926540189e-06
L-DIHYDROXY-PHENYLALANINE	3959	HMDB	HMDB0000181_29_shen	L-Dopa	inchikey	1	TRUE	TRUE	1.69998770616075e-09	4.24996926540189e-06
L-DIHYDROXY-PHENYLALANINE	3960	HMDB	HMDB0000181_30_shen	L-Dopa	inchikey	1	TRUE	TRUE	1.69998770616075e-09	4.24996926540189e-06
L-DIHYDROXY-PHENYLALANINE	3961	HMDB	HMDB0000181_31_shen	L-Dopa	inchikey	1	TRUE	TRUE	1.69998770616075e-09	4.24996926540189e-06
L-DIHYDROXY-PHENYLALANINE	3962	HMDB	HMDB0000181_32_shen	L-Dopa	inchikey	1	TRUE	TRUE	1.69998770616075e-09	4.24996926540189e-06
L-DIHYDROXY-PHENYLALANINE	3963	HMDB	HMDB0000181_33_shen	L-Dopa	inchikey	1	TRUE	TRUE	1.69998770616075e-09	4.24996926540189e-06
L-DIHYDROXY-PHENYLALANINE	3964	HMDB	HMDB0000181_34_shen	L-Dopa	inchikey	1	TRUE	TRUE	1.69998770616075e-09	4.24996926540189e-06
L-DIHYDROXY-PHENYLALANINE	3965	HMDB	HMDB0000181_35_shen	L-Dopa	inchikey	1	TRUE	TRUE	1.69998770616075e-09	4.24996926540189e-06
L-DIHYDROXY-PHENYLALANINE	3966	HMDB	HMDB0000181_36_shen	L-Dopa	inchikey	1	TRUE	TRUE	1.69998770616075e-09	4.24996926540189e-06
L-DIHYDROXY-PHENYLALANINE	3967	HMDB	HMDB0000181_37_shen	L-Dopa	inchikey	1	TRUE	TRUE	1.69998770616075e-09	4.24996926540189e-06
L-DIHYDROXY-PHENYLALANINE	3968	HMDB	HMDB0000181_38_shen	L-Dopa	inchikey	1	TRUE	TRUE	1.69998770616075e-09	4.24996926540189e-06
L-DIHYDROXY-PHENYLALANINE	3969	HMDB	HMDB0000181_39_shen	L-Dopa	inchikey	1	TRUE	TRUE	1.69998770616075e-09	4.24996926540189e-06
L-DIHYDROXY-PHENYLALANINE	3970	HMDB	HMDB0000181_40_shen	L-Dopa	inchikey	1	TRUE	TRUE	1.69998770616075e-09	4.24996926540189e-06
L-DIHYDROXY-PHENYLALANINE	3971	HMDB	HMDB0000181_41_shen	L-Dopa	inchikey	1	TRUE	TRUE	1.69998770616075e-09	4.24996926540189e-06
L-DIHYDROXY-PHENYLALANINE	3972	HMDB	HMDB0000181_42_shen	L-Dopa	inchikey	1	TRUE	TRUE	1.69998770616075e-09	4.24996926540189e-06
L-DIHYDROXY-PHENYLALANINE	3973	HMDB	HMDB0000181_43_shen	L-Dopa	inchikey	1	TRUE	TRUE	1.69998770616075e-09	4.24996926540189e-06
L-DIHYDROXY-PHENYLALANINE	3974	HMDB	HMDB0000181_44_shen	L-Dopa	inchikey	1	TRUE	TRUE	1.69998770616075e-09	4.24996926540189e-06
L-DIHYDROXY-PHENYLALANINE	3975	HMDB	HMDB0000181_45_shen	L-Dopa	inchikey	1	TRUE	TRUE	1.69998770616075e-09	4.24996926540189e-06
L-DIHYDROXY-PHENYLALANINE	3976	HMDB	HMDB0000181_46_shen	L-Dopa	inchikey	1	TRUE	TRUE	1.69998770616075e-09	4.24996926540189e-06
L-DIHYDROXY-PHENYLALANINE	3977	HMDB	HMDB0000181_47_shen	L-Dopa	inchikey	1	TRUE	TRUE	1.69998770616075e-09	4.24996926540189e-06
L-DIHYDROXY-PHENYLALANINE	3978	HMDB	HMDB0000181_48_shen	L-Dopa	inchikey	1	TRUE	TRUE	1.69998770616075e-09	4.24996926540189e-06
L-DIHYDROXY-PHENYLALANINE	3979	HMDB	HMDB0000181_49_shen	L-Dopa	inchikey	1	TRUE	TRUE	1.69998770616075e-09	4.24996926540189e-06
L-DIHYDROXY-PHENYLALANINE	3980	HMDB	HMDB0000181_50_shen	L-Dopa	inchikey	1	TRUE	TRUE	1.69998770616075e-09	4.24996926540189e-06
L-DIHYDROXY-PHENYLALANINE	3981	HMDB	HMDB0000181_51_shen	L-Dopa	inchikey	1	TRUE	TRUE	1.69998770616075e-09	4.24996926540189e-06
L-DIHYDROXY-PHENYLALANINE	3982	HMDB	HMDB0000181_52_shen	L-Dopa	inchikey	1	TRUE	TRUE	1.69998770616075e-09	4.24996926540189e-06
L-DIHYDROXY-PHENYLALANINE	3983	HMDB	HMDB0000181_53_shen	L-Dopa	inchikey	1	TRUE	TRUE	1.69998770616075e-09	4.24996926540189e-06
L-DIHYDROXY-PHENYLALANINE	3984	HMDB	HMDB0000181_54_shen	L-Dopa	inchikey	1	TRUE	TRUE	1.69998770616075e-09	4.24996926540189e-06
LYS	3985	HMDB	HMDB0000182_1_shen	L-Lysine	inchikey_connectivity_formula_mass	2	FALSE	TRUE	2.0000072709081e-09	5.00001817727025e-06
LYS	3986	HMDB	HMDB0000182_2_shen	L-Lysine	inchikey_connectivity_formula_mass	2	FALSE	TRUE	2.0000072709081e-09	5.00001817727025e-06
LYS	3987	HMDB	HMDB0000182_3_shen	L-Lysine	inchikey_connectivity_formula_mass	2	FALSE	TRUE	2.0000072709081e-09	5.00001817727025e-06
LYS	3988	HMDB	HMDB0000182_4_shen	L-Lysine	inchikey_connectivity_formula_mass	2	FALSE	TRUE	2.0000072709081e-09	5.00001817727025e-06
LYS	3989	HMDB	HMDB0000182_5_shen	L-Lysine	inchikey_connectivity_formula_mass	2	FALSE	TRUE	2.0000072709081e-09	5.00001817727025e-06
LYS	3990	HMDB	HMDB0000182_6_shen	L-Lysine	inchikey_connectivity_formula_mass	2	FALSE	TRUE	2.0000072709081e-09	5.00001817727025e-06
LYS	3991	HMDB	HMDB0000182_7_shen	L-Lysine	inchikey_connectivity_formula_mass	2	FALSE	TRUE	2.0000072709081e-09	5.00001817727025e-06
LYS	3992	HMDB	HMDB0000182_8_shen	L-Lysine	inchikey_connectivity_formula_mass	2	FALSE	TRUE	2.0000072709081e-09	5.00001817727025e-06
LYS	3993	HMDB	HMDB0000182_9_shen	L-Lysine	inchikey_connectivity_formula_mass	2	FALSE	TRUE	2.0000072709081e-09	5.00001817727025e-06
LYS	3994	HMDB	HMDB0000182_10_shen	L-Lysine	inchikey_connectivity_formula_mass	2	FALSE	TRUE	2.0000072709081e-09	5.00001817727025e-06
LYS	3995	HMDB	HMDB0000182_11_shen	L-Lysine	inchikey_connectivity_formula_mass	2	FALSE	TRUE	2.0000072709081e-09	5.00001817727025e-06
LYS	3996	HMDB	HMDB0000182_12_shen	L-Lysine	inchikey_connectivity_formula_mass	2	FALSE	TRUE	2.0000072709081e-09	5.00001817727025e-06
LYS	3997	HMDB	HMDB0000182_13_shen	L-Lysine	inchikey_connectivity_formula_mass	2	FALSE	TRUE	2.0000072709081e-09	5.00001817727025e-06
LYS	3998	HMDB	HMDB0000182_14_shen	L-Lysine	inchikey_connectivity_formula_mass	2	FALSE	TRUE	2.0000072709081e-09	5.00001817727025e-06
LYS	3999	HMDB	HMDB0000182_15_shen	L-Lysine	inchikey_connectivity_formula_mass	2	FALSE	TRUE	2.0000072709081e-09	5.00001817727025e-06
LYS	4000	HMDB	HMDB0000182_16_shen	L-Lysine	inchikey_connectivity_formula_mass	2	FALSE	TRUE	2.0000072709081e-09	5.00001817727025e-06
LYS	4001	HMDB	HMDB0000182_17_shen	L-Lysine	inchikey_connectivity_formula_mass	2	FALSE	TRUE	2.0000072709081e-09	5.00001817727025e-06
LYS	4002	HMDB	HMDB0000182_18_shen	L-Lysine	inchikey_connectivity_formula_mass	2	FALSE	TRUE	2.0000072709081e-09	5.00001817727025e-06
LYS	4003	HMDB	HMDB0000182_19_shen	L-Lysine	inchikey_connectivity_formula_mass	2	FALSE	TRUE	2.0000072709081e-09	5.00001817727025e-06
LYS	4004	HMDB	HMDB0000182_20_shen	L-Lysine	inchikey_connectivity_formula_mass	2	FALSE	TRUE	2.0000072709081e-09	5.00001817727025e-06
LYS	4005	HMDB	HMDB0000182_21_shen	L-Lysine	inchikey_connectivity_formula_mass	2	FALSE	TRUE	2.0000072709081e-09	5.00001817727025e-06
LYS	4006	HMDB	HMDB0000182_22_shen	L-Lysine	inchikey_connectivity_formula_mass	2	FALSE	TRUE	2.0000072709081e-09	5.00001817727025e-06
LYS	4007	HMDB	HMDB0000182_23_shen	L-Lysine	inchikey_connectivity_formula_mass	2	FALSE	TRUE	2.0000072709081e-09	5.00001817727025e-06
LYS	4008	HMDB	HMDB0000182_24_shen	L-Lysine	inchikey_connectivity_formula_mass	2	FALSE	TRUE	2.0000072709081e-09	5.00001817727025e-06
LYS	4009	HMDB	HMDB0000182_25_shen	L-Lysine	inchikey_connectivity_formula_mass	2	FALSE	TRUE	2.0000072709081e-09	5.00001817727025e-06
LYS	4010	HMDB	HMDB0000182_26_shen	L-Lysine	inchikey_connectivity_formula_mass	2	FALSE	TRUE	2.0000072709081e-09	5.00001817727025e-06
LYS	4011	HMDB	HMDB0000182_27_shen	L-Lysine	inchikey_connectivity_formula_mass	2	FALSE	TRUE	2.0000072709081e-09	5.00001817727025e-06
LYS	4012	HMDB	HMDB0000182_28_shen	L-Lysine	inchikey_connectivity_formula_mass	2	FALSE	TRUE	2.0000072709081e-09	5.00001817727025e-06
LYS	4013	HMDB	HMDB0000182_29_shen	L-Lysine	inchikey_connectivity_formula_mass	2	FALSE	TRUE	2.0000072709081e-09	5.00001817727025e-06
LYS	4014	HMDB	HMDB0000182_30_shen	L-Lysine	inchikey_connectivity_formula_mass	2	FALSE	TRUE	2.0000072709081e-09	5.00001817727025e-06
LYS	4015	HMDB	HMDB0000182_31_shen	L-Lysine	inchikey_connectivity_formula_mass	2	FALSE	TRUE	2.0000072709081e-09	5.00001817727025e-06
LYS	4016	HMDB	HMDB0000182_32_shen	L-Lysine	inchikey_connectivity_formula_mass	2	FALSE	TRUE	2.0000072709081e-09	5.00001817727025e-06
LYS	4017	HMDB	HMDB0000182_33_shen	L-Lysine	inchikey_connectivity_formula_mass	2	FALSE	TRUE	2.0000072709081e-09	5.00001817727025e-06
LYS	4018	HMDB	HMDB0000182_34_shen	L-Lysine	inchikey_connectivity_formula_mass	2	FALSE	TRUE	2.0000072709081e-09	5.00001817727025e-06
LYS	4019	HMDB	HMDB0000182_35_shen	L-Lysine	inchikey_connectivity_formula_mass	2	FALSE	TRUE	2.0000072709081e-09	5.00001817727025e-06
LYS	4020	HMDB	HMDB0000182_36_shen	L-Lysine	inchikey_connectivity_formula_mass	2	FALSE	TRUE	2.0000072709081e-09	5.00001817727025e-06
LYS	4021	HMDB	HMDB0000182_37_shen	L-Lysine	inchikey_connectivity_formula_mass	2	FALSE	TRUE	2.0000072709081e-09	5.00001817727025e-06
LYS	4022	HMDB	HMDB0000182_38_shen	L-Lysine	inchikey_connectivity_formula_mass	2	FALSE	TRUE	2.0000072709081e-09	5.00001817727025e-06
LYS	4023	HMDB	HMDB0000182_39_shen	L-Lysine	inchikey_connectivity_formula_mass	2	FALSE	TRUE	2.0000072709081e-09	5.00001817727025e-06
LYS	4024	HMDB	HMDB0000182_40_shen	L-Lysine	inchikey_connectivity_formula_mass	2	FALSE	TRUE	2.0000072709081e-09	5.00001817727025e-06
LYS	4025	HMDB	HMDB0000182_41_shen	L-Lysine	inchikey_connectivity_formula_mass	2	FALSE	TRUE	2.0000072709081e-09	5.00001817727025e-06
LYS	4026	HMDB	HMDB0000182_42_shen	L-Lysine	inchikey_connectivity_formula_mass	2	FALSE	TRUE	2.0000072709081e-09	5.00001817727025e-06
LYS	4027	HMDB	HMDB0000182_43_shen	L-Lysine	inchikey_connectivity_formula_mass	2	FALSE	TRUE	2.0000072709081e-09	5.00001817727025e-06
LYS	4028	HMDB	HMDB0000182_44_shen	L-Lysine	inchikey_connectivity_formula_mass	2	FALSE	TRUE	2.0000072709081e-09	5.00001817727025e-06
LYS	4029	HMDB	HMDB0000182_45_shen	L-Lysine	inchikey_connectivity_formula_mass	2	FALSE	TRUE	2.0000072709081e-09	5.00001817727025e-06
LYS	4030	HMDB	HMDB0000182_46_shen	L-Lysine	inchikey_connectivity_formula_mass	2	FALSE	TRUE	2.0000072709081e-09	5.00001817727025e-06
LYS	4031	HMDB	HMDB0000182_47_shen	L-Lysine	inchikey_connectivity_formula_mass	2	FALSE	TRUE	2.0000072709081e-09	5.00001817727025e-06
LYS	4032	HMDB	HMDB0000182_48_shen	L-Lysine	inchikey_connectivity_formula_mass	2	FALSE	TRUE	2.0000072709081e-09	5.00001817727025e-06
LYS	4033	HMDB	HMDB0000182_49_shen	L-Lysine	inchikey_connectivity_formula_mass	2	FALSE	TRUE	2.0000072709081e-09	5.00001817727025e-06
LYS	4034	HMDB	HMDB0000182_50_shen	L-Lysine	inchikey_connectivity_formula_mass	2	FALSE	TRUE	2.0000072709081e-09	5.00001817727025e-06
LYS	4035	HMDB	HMDB0000182_51_shen	L-Lysine	inchikey_connectivity_formula_mass	2	FALSE	TRUE	2.0000072709081e-09	5.00001817727025e-06
LYS	4036	HMDB	HMDB0000182_52_shen	L-Lysine	inchikey_connectivity_formula_mass	2	FALSE	TRUE	2.0000072709081e-09	5.00001817727025e-06
LYS	4037	HMDB	HMDB0000182_53_shen	L-Lysine	inchikey_connectivity_formula_mass	2	FALSE	TRUE	2.0000072709081e-09	5.00001817727025e-06
LYS	4038	HMDB	HMDB0000182_54_shen	L-Lysine	inchikey_connectivity_formula_mass	2	FALSE	TRUE	2.0000072709081e-09	5.00001817727025e-06
LYS	4039	HMDB	HMDB0000182_55_shen	L-Lysine	inchikey_connectivity_formula_mass	2	FALSE	TRUE	2.0000072709081e-09	5.00001817727025e-06
LYS	4040	HMDB	HMDB0000182_56_shen	L-Lysine	inchikey_connectivity_formula_mass	2	FALSE	TRUE	2.0000072709081e-09	5.00001817727025e-06
LYS	4041	HMDB	HMDB0000182_57_shen	L-Lysine	inchikey_connectivity_formula_mass	2	FALSE	TRUE	2.0000072709081e-09	5.00001817727025e-06
LYS	4042	HMDB	HMDB0000182_58_shen	L-Lysine	inchikey_connectivity_formula_mass	2	FALSE	TRUE	2.0000072709081e-09	5.00001817727025e-06
LYS	4043	HMDB	HMDB0000182_59_shen	L-Lysine	inchikey_connectivity_formula_mass	2	FALSE	TRUE	2.0000072709081e-09	5.00001817727025e-06
LYS	4044	HMDB	HMDB0000182_60_shen	L-Lysine	inchikey_connectivity_formula_mass	2	FALSE	TRUE	2.0000072709081e-09	5.00001817727025e-06
LYS	4045	HMDB	HMDB0000182_61_shen	L-Lysine	inchikey_connectivity_formula_mass	2	FALSE	TRUE	2.0000072709081e-09	5.00001817727025e-06
LYS	4046	HMDB	HMDB0000182_62_shen	L-Lysine	inchikey_connectivity_formula_mass	2	FALSE	TRUE	2.0000072709081e-09	5.00001817727025e-06
LYS	4047	HMDB	HMDB0000182_63_shen	L-Lysine	inchikey_connectivity_formula_mass	2	FALSE	TRUE	2.0000072709081e-09	5.00001817727025e-06
LYS	4048	HMDB	HMDB0000182_64_shen	L-Lysine	inchikey_connectivity_formula_mass	2	FALSE	TRUE	2.0000072709081e-09	5.00001817727025e-06
LYS	4049	HMDB	HMDB0000182_65_shen	L-Lysine	inchikey_connectivity_formula_mass	2	FALSE	TRUE	2.0000072709081e-09	5.00001817727025e-06
LYS	4050	HMDB	HMDB0000182_66_shen	L-Lysine	inchikey_connectivity_formula_mass	2	FALSE	TRUE	2.0000072709081e-09	5.00001817727025e-06
LYS	4051	HMDB	HMDB0000182_67_shen	L-Lysine	inchikey_connectivity_formula_mass	2	FALSE	TRUE	2.0000072709081e-09	5.00001817727025e-06
LYS	4052	HMDB	HMDB0000182_68_shen	L-Lysine	inchikey_connectivity_formula_mass	2	FALSE	TRUE	2.0000072709081e-09	5.00001817727025e-06
LYS	4053	HMDB	HMDB0000182_69_shen	L-Lysine	inchikey_connectivity_formula_mass	2	FALSE	TRUE	2.0000072709081e-09	5.00001817727025e-06
LYS	4054	HMDB	HMDB0000182_70_shen	L-Lysine	inchikey_connectivity_formula_mass	2	FALSE	TRUE	2.0000072709081e-09	5.00001817727025e-06
LYS	4055	HMDB	HMDB0000182_71_shen	L-Lysine	inchikey_connectivity_formula_mass	2	FALSE	TRUE	2.0000072709081e-09	5.00001817727025e-06
LYS	4056	HMDB	HMDB0000182_72_shen	L-Lysine	inchikey_connectivity_formula_mass	2	FALSE	TRUE	2.0000072709081e-09	5.00001817727025e-06
LYS	4057	HMDB	HMDB0000182_73_shen	L-Lysine	inchikey_connectivity_formula_mass	2	FALSE	TRUE	2.0000072709081e-09	5.00001817727025e-06
LYS	4058	HMDB	HMDB0000182_74_shen	L-Lysine	inchikey_connectivity_formula_mass	2	FALSE	TRUE	2.0000072709081e-09	5.00001817727025e-06
LYS	4059	HMDB	HMDB0000182_75_shen	L-Lysine	inchikey_connectivity_formula_mass	2	FALSE	TRUE	2.0000072709081e-09	5.00001817727025e-06
LYS	4060	HMDB	HMDB0000182_76_shen	L-Lysine	inchikey_connectivity_formula_mass	2	FALSE	TRUE	2.0000072709081e-09	5.00001817727025e-06
LYS	4061	HMDB	HMDB0000182_77_shen	L-Lysine	inchikey_connectivity_formula_mass	2	FALSE	TRUE	2.0000072709081e-09	5.00001817727025e-06
LYS	4062	HMDB	HMDB0000182_78_shen	L-Lysine	inchikey_connectivity_formula_mass	2	FALSE	TRUE	2.0000072709081e-09	5.00001817727025e-06
LYS	4063	HMDB	HMDB0000182_79_shen	L-Lysine	inchikey_connectivity_formula_mass	2	FALSE	TRUE	2.0000072709081e-09	5.00001817727025e-06
Alpha-lactose	4064	HMDB	HMDB0000186_1_shen	Alpha-Lactose	inchikey	1	TRUE	TRUE	3.30004468196421e-09	8.25011170491052e-06
Alpha-lactose	4065	HMDB	HMDB0000186_2_shen	Alpha-Lactose	inchikey	1	TRUE	TRUE	3.30004468196421e-09	8.25011170491052e-06
Alpha-lactose	4066	HMDB	HMDB0000186_3_shen	Alpha-Lactose	inchikey	1	TRUE	TRUE	3.30004468196421e-09	8.25011170491052e-06
SER	4067	HMDB	HMDB0000187_1_shen	L-Serine	inchikey	1	TRUE	TRUE	1.19999299386109e-09	2.99998248465272e-06
SER	4068	HMDB	HMDB0000187_2_shen	L-Serine	inchikey	1	TRUE	TRUE	1.19999299386109e-09	2.99998248465272e-06
SER	4069	HMDB	HMDB0000187_3_shen	L-Serine	inchikey	1	TRUE	TRUE	1.19999299386109e-09	2.99998248465272e-06
SER	4070	HMDB	HMDB0000187_4_shen	L-Serine	inchikey	1	TRUE	TRUE	1.19999299386109e-09	2.99998248465272e-06
SER	4071	HMDB	HMDB0000187_5_shen	L-Serine	inchikey	1	TRUE	TRUE	1.19999299386109e-09	2.99998248465272e-06
SER	4072	HMDB	HMDB0000187_6_shen	L-Serine	inchikey	1	TRUE	TRUE	1.19999299386109e-09	2.99998248465272e-06
SER	4073	HMDB	HMDB0000187_7_shen	L-Serine	inchikey	1	TRUE	TRUE	1.19999299386109e-09	2.99998248465272e-06
SER	4074	HMDB	HMDB0000187_8_shen	L-Serine	inchikey	1	TRUE	TRUE	1.19999299386109e-09	2.99998248465272e-06
SER	4075	HMDB	HMDB0000187_9_shen	L-Serine	inchikey	1	TRUE	TRUE	1.19999299386109e-09	2.99998248465272e-06
SER	4076	HMDB	HMDB0000187_10_shen	L-Serine	inchikey	1	TRUE	TRUE	1.19999299386109e-09	2.99998248465272e-06
SER	4077	HMDB	HMDB0000187_11_shen	L-Serine	inchikey	1	TRUE	TRUE	1.19999299386109e-09	2.99998248465272e-06
SER	4078	HMDB	HMDB0000187_12_shen	L-Serine	inchikey	1	TRUE	TRUE	1.19999299386109e-09	2.99998248465272e-06
SER	4079	HMDB	HMDB0000187_13_shen	L-Serine	inchikey	1	TRUE	TRUE	1.19999299386109e-09	2.99998248465272e-06
SER	4080	HMDB	HMDB0000187_14_shen	L-Serine	inchikey	1	TRUE	TRUE	1.19999299386109e-09	2.99998248465272e-06
SER	4081	HMDB	HMDB0000187_15_shen	L-Serine	inchikey	1	TRUE	TRUE	1.19999299386109e-09	2.99998248465272e-06
SER	4082	HMDB	HMDB0000187_16_shen	L-Serine	inchikey	1	TRUE	TRUE	1.19999299386109e-09	2.99998248465272e-06
SER	4083	HMDB	HMDB0000187_17_shen	L-Serine	inchikey	1	TRUE	TRUE	1.19999299386109e-09	2.99998248465272e-06
SER	4084	HMDB	HMDB0000187_18_shen	L-Serine	inchikey	1	TRUE	TRUE	1.19999299386109e-09	2.99998248465272e-06
SER	4085	HMDB	HMDB0000187_19_shen	L-Serine	inchikey	1	TRUE	TRUE	1.19999299386109e-09	2.99998248465272e-06
SER	4086	HMDB	HMDB0000187_20_shen	L-Serine	inchikey	1	TRUE	TRUE	1.19999299386109e-09	2.99998248465272e-06
SER	4087	HMDB	HMDB0000187_21_shen	L-Serine	inchikey	1	TRUE	TRUE	1.19999299386109e-09	2.99998248465272e-06
SER	4088	HMDB	HMDB0000187_22_shen	L-Serine	inchikey	1	TRUE	TRUE	1.19999299386109e-09	2.99998248465272e-06
SER	4089	HMDB	HMDB0000187_23_shen	L-Serine	inchikey	1	TRUE	TRUE	1.19999299386109e-09	2.99998248465272e-06
SER	4090	HMDB	HMDB0000187_24_shen	L-Serine	inchikey	1	TRUE	TRUE	1.19999299386109e-09	2.99998248465272e-06
SER	4091	HMDB	HMDB0000187_25_shen	L-Serine	inchikey	1	TRUE	TRUE	1.19999299386109e-09	2.99998248465272e-06
SER	4092	HMDB	HMDB0000187_26_shen	L-Serine	inchikey	1	TRUE	TRUE	1.19999299386109e-09	2.99998248465272e-06
SER	4093	HMDB	HMDB0000187_27_shen	L-Serine	inchikey	1	TRUE	TRUE	1.19999299386109e-09	2.99998248465272e-06
SER	4094	HMDB	HMDB0000187_28_shen	L-Serine	inchikey	1	TRUE	TRUE	1.19999299386109e-09	2.99998248465272e-06
SER	4095	HMDB	HMDB0000187_29_shen	L-Serine	inchikey	1	TRUE	TRUE	1.19999299386109e-09	2.99998248465272e-06
SER	4096	HMDB	HMDB0000187_30_shen	L-Serine	inchikey	1	TRUE	TRUE	1.19999299386109e-09	2.99998248465272e-06
SER	4097	HMDB	HMDB0000187_31_shen	L-Serine	inchikey	1	TRUE	TRUE	1.19999299386109e-09	2.99998248465272e-06
SER	4098	HMDB	HMDB0000187_32_shen	L-Serine	inchikey	1	TRUE	TRUE	1.19999299386109e-09	2.99998248465272e-06
SER	4099	HMDB	HMDB0000187_33_shen	L-Serine	inchikey	1	TRUE	TRUE	1.19999299386109e-09	2.99998248465272e-06
SER	4100	HMDB	HMDB0000187_34_shen	L-Serine	inchikey	1	TRUE	TRUE	1.19999299386109e-09	2.99998248465272e-06
SER	4101	HMDB	HMDB0000187_35_shen	L-Serine	inchikey	1	TRUE	TRUE	1.19999299386109e-09	2.99998248465272e-06
SER	4102	HMDB	HMDB0000187_36_shen	L-Serine	inchikey	1	TRUE	TRUE	1.19999299386109e-09	2.99998248465272e-06
SER	4103	HMDB	HMDB0000187_37_shen	L-Serine	inchikey	1	TRUE	TRUE	1.19999299386109e-09	2.99998248465272e-06
SER	4104	HMDB	HMDB0000187_38_shen	L-Serine	inchikey	1	TRUE	TRUE	1.19999299386109e-09	2.99998248465272e-06
SER	4105	HMDB	HMDB0000187_39_shen	L-Serine	inchikey	1	TRUE	TRUE	1.19999299386109e-09	2.99998248465272e-06
SER	4106	HMDB	HMDB0000187_40_shen	L-Serine	inchikey	1	TRUE	TRUE	1.19999299386109e-09	2.99998248465272e-06
SER	4107	HMDB	HMDB0000187_41_shen	L-Serine	inchikey	1	TRUE	TRUE	1.19999299386109e-09	2.99998248465272e-06
SER	4108	HMDB	HMDB0000187_42_shen	L-Serine	inchikey	1	TRUE	TRUE	1.19999299386109e-09	2.99998248465272e-06
SER	4109	HMDB	HMDB0000187_43_shen	L-Serine	inchikey	1	TRUE	TRUE	1.19999299386109e-09	2.99998248465272e-06
SER	4110	HMDB	HMDB0000187_44_shen	L-Serine	inchikey	1	TRUE	TRUE	1.19999299386109e-09	2.99998248465272e-06
SER	4111	HMDB	HMDB0000187_45_shen	L-Serine	inchikey	1	TRUE	TRUE	1.19999299386109e-09	2.99998248465272e-06
SER	4112	HMDB	HMDB0000187_46_shen	L-Serine	inchikey	1	TRUE	TRUE	1.19999299386109e-09	2.99998248465272e-06
SER	4113	HMDB	HMDB0000187_47_shen	L-Serine	inchikey	1	TRUE	TRUE	1.19999299386109e-09	2.99998248465272e-06
SER	4114	HMDB	HMDB0000187_48_shen	L-Serine	inchikey	1	TRUE	TRUE	1.19999299386109e-09	2.99998248465272e-06
SER	4115	HMDB	HMDB0000187_49_shen	L-Serine	inchikey	1	TRUE	TRUE	1.19999299386109e-09	2.99998248465272e-06
SER	4116	HMDB	HMDB0000187_50_shen	L-Serine	inchikey	1	TRUE	TRUE	1.19999299386109e-09	2.99998248465272e-06
SER	4117	HMDB	HMDB0000187_51_shen	L-Serine	inchikey	1	TRUE	TRUE	1.19999299386109e-09	2.99998248465272e-06
SER	4118	HMDB	HMDB0000187_52_shen	L-Serine	inchikey	1	TRUE	TRUE	1.19999299386109e-09	2.99998248465272e-06
SER	4119	HMDB	HMDB0000187_53_shen	L-Serine	inchikey	1	TRUE	TRUE	1.19999299386109e-09	2.99998248465272e-06
SER	4120	HMDB	HMDB0000187_54_shen	L-Serine	inchikey	1	TRUE	TRUE	1.19999299386109e-09	2.99998248465272e-06
SER	4121	HMDB	HMDB0000187_55_shen	L-Serine	inchikey	1	TRUE	TRUE	1.19999299386109e-09	2.99998248465272e-06
SER	4122	HMDB	HMDB0000187_56_shen	L-Serine	inchikey	1	TRUE	TRUE	1.19999299386109e-09	2.99998248465272e-06
SER	4123	HMDB	HMDB0000187_57_shen	L-Serine	inchikey	1	TRUE	TRUE	1.19999299386109e-09	2.99998248465272e-06
SER	4124	HMDB	HMDB0000187_58_shen	L-Serine	inchikey	1	TRUE	TRUE	1.19999299386109e-09	2.99998248465272e-06
SER	4125	HMDB	HMDB0000187_59_shen	L-Serine	inchikey	1	TRUE	TRUE	1.19999299386109e-09	2.99998248465272e-06
SER	4126	HMDB	HMDB0000187_60_shen	L-Serine	inchikey	1	TRUE	TRUE	1.19999299386109e-09	2.99998248465272e-06
SER	4127	HMDB	HMDB0000187_61_shen	L-Serine	inchikey	1	TRUE	TRUE	1.19999299386109e-09	2.99998248465272e-06
SER	4128	HMDB	HMDB0000187_62_shen	L-Serine	inchikey	1	TRUE	TRUE	1.19999299386109e-09	2.99998248465272e-06
SER	4129	HMDB	HMDB0000187_63_shen	L-Serine	inchikey	1	TRUE	TRUE	1.19999299386109e-09	2.99998248465272e-06
SER	4130	HMDB	HMDB0000187_64_shen	L-Serine	inchikey	1	TRUE	TRUE	1.19999299386109e-09	2.99998248465272e-06
SER	4131	HMDB	HMDB0000187_65_shen	L-Serine	inchikey	1	TRUE	TRUE	1.19999299386109e-09	2.99998248465272e-06
SER	4132	HMDB	HMDB0000187_66_shen	L-Serine	inchikey	1	TRUE	TRUE	1.19999299386109e-09	2.99998248465272e-06
CPD-24844	4151	HMDB	HMDB0000190_1_shen	L-Lactic acid	inchikey	1	TRUE	TRUE	9.00001850823173e-10	2.25000462705793e-06
CPD-24844	4152	HMDB	HMDB0000190_2_shen	L-Lactic acid	inchikey	1	TRUE	TRUE	9.00001850823173e-10	2.25000462705793e-06
CPD-24844	4153	HMDB	HMDB0000190_3_shen	L-Lactic acid	inchikey	1	TRUE	TRUE	9.00001850823173e-10	2.25000462705793e-06
CPD-24844	4154	HMDB	HMDB0000190_4_shen	L-Lactic acid	inchikey	1	TRUE	TRUE	9.00001850823173e-10	2.25000462705793e-06
CPD-24844	4155	HMDB	HMDB0000190_5_shen	L-Lactic acid	inchikey	1	TRUE	TRUE	9.00001850823173e-10	2.25000462705793e-06
CPD-24844	4156	HMDB	HMDB0000190_6_shen	L-Lactic acid	inchikey	1	TRUE	TRUE	9.00001850823173e-10	2.25000462705793e-06
CPD-24844	4157	HMDB	HMDB0000190_7_shen	L-Lactic acid	inchikey	1	TRUE	TRUE	9.00001850823173e-10	2.25000462705793e-06
CPD-24844	4158	HMDB	HMDB0000190_8_shen	L-Lactic acid	inchikey	1	TRUE	TRUE	9.00001850823173e-10	2.25000462705793e-06
CPD-24844	4159	HMDB	HMDB0000190_9_shen	L-Lactic acid	inchikey	1	TRUE	TRUE	9.00001850823173e-10	2.25000462705793e-06
CPD-24844	4160	HMDB	HMDB0000190_10_shen	L-Lactic acid	inchikey	1	TRUE	TRUE	9.00001850823173e-10	2.25000462705793e-06
CPD-24844	4161	HMDB	HMDB0000190_11_shen	L-Lactic acid	inchikey	1	TRUE	TRUE	9.00001850823173e-10	2.25000462705793e-06
CPD-24844	4162	HMDB	HMDB0000190_12_shen	L-Lactic acid	inchikey	1	TRUE	TRUE	9.00001850823173e-10	2.25000462705793e-06
CPD-24844	4163	HMDB	HMDB0000190_13_shen	L-Lactic acid	inchikey	1	TRUE	TRUE	9.00001850823173e-10	2.25000462705793e-06
CPD-24844	4164	HMDB	HMDB0000190_14_shen	L-Lactic acid	inchikey	1	TRUE	TRUE	9.00001850823173e-10	2.25000462705793e-06
CPD-24844	4165	HMDB	HMDB0000190_15_shen	L-Lactic acid	inchikey	1	TRUE	TRUE	9.00001850823173e-10	2.25000462705793e-06
CPD-24844	4166	HMDB	HMDB0000190_16_shen	L-Lactic acid	inchikey	1	TRUE	TRUE	9.00001850823173e-10	2.25000462705793e-06
CPD-24844	4167	HMDB	HMDB0000190_17_shen	L-Lactic acid	inchikey	1	TRUE	TRUE	9.00001850823173e-10	2.25000462705793e-06
L-ASPARTATE	4168	HMDB	HMDB0000191_1_shen	L-Aspartic acid	inchikey_connectivity_formula_mass	2	FALSE	TRUE	1.29998056763725e-09	3.24995141909312e-06
L-ASPARTATE	4169	HMDB	HMDB0000191_2_shen	L-Aspartic acid	inchikey_connectivity_formula_mass	2	FALSE	TRUE	1.29998056763725e-09	3.24995141909312e-06
L-ASPARTATE	4170	HMDB	HMDB0000191_3_shen	L-Aspartic acid	inchikey_connectivity_formula_mass	2	FALSE	TRUE	1.29998056763725e-09	3.24995141909312e-06
L-ASPARTATE	4171	HMDB	HMDB0000191_4_shen	L-Aspartic acid	inchikey_connectivity_formula_mass	2	FALSE	TRUE	1.29998056763725e-09	3.24995141909312e-06
L-ASPARTATE	4172	HMDB	HMDB0000191_5_shen	L-Aspartic acid	inchikey_connectivity_formula_mass	2	FALSE	TRUE	1.29998056763725e-09	3.24995141909312e-06
L-ASPARTATE	4173	HMDB	HMDB0000191_6_shen	L-Aspartic acid	inchikey_connectivity_formula_mass	2	FALSE	TRUE	1.29998056763725e-09	3.24995141909312e-06
L-ASPARTATE	4174	HMDB	HMDB0000191_7_shen	L-Aspartic acid	inchikey_connectivity_formula_mass	2	FALSE	TRUE	1.29998056763725e-09	3.24995141909312e-06
L-ASPARTATE	4175	HMDB	HMDB0000191_8_shen	L-Aspartic acid	inchikey_connectivity_formula_mass	2	FALSE	TRUE	1.29998056763725e-09	3.24995141909312e-06
L-ASPARTATE	4176	HMDB	HMDB0000191_9_shen	L-Aspartic acid	inchikey_connectivity_formula_mass	2	FALSE	TRUE	1.29998056763725e-09	3.24995141909312e-06
L-ASPARTATE	4177	HMDB	HMDB0000191_10_shen	L-Aspartic acid	inchikey_connectivity_formula_mass	2	FALSE	TRUE	1.29998056763725e-09	3.24995141909312e-06
L-ASPARTATE	4178	HMDB	HMDB0000191_11_shen	L-Aspartic acid	inchikey_connectivity_formula_mass	2	FALSE	TRUE	1.29998056763725e-09	3.24995141909312e-06
L-ASPARTATE	4179	HMDB	HMDB0000191_12_shen	L-Aspartic acid	inchikey_connectivity_formula_mass	2	FALSE	TRUE	1.29998056763725e-09	3.24995141909312e-06
L-ASPARTATE	4180	HMDB	HMDB0000191_13_shen	L-Aspartic acid	inchikey_connectivity_formula_mass	2	FALSE	TRUE	1.29998056763725e-09	3.24995141909312e-06
L-ASPARTATE	4181	HMDB	HMDB0000191_14_shen	L-Aspartic acid	inchikey_connectivity_formula_mass	2	FALSE	TRUE	1.29998056763725e-09	3.24995141909312e-06
L-ASPARTATE	4182	HMDB	HMDB0000191_15_shen	L-Aspartic acid	inchikey_connectivity_formula_mass	2	FALSE	TRUE	1.29998056763725e-09	3.24995141909312e-06
L-ASPARTATE	4183	HMDB	HMDB0000191_16_shen	L-Aspartic acid	inchikey_connectivity_formula_mass	2	FALSE	TRUE	1.29998056763725e-09	3.24995141909312e-06
L-ASPARTATE	4184	HMDB	HMDB0000191_17_shen	L-Aspartic acid	inchikey_connectivity_formula_mass	2	FALSE	TRUE	1.29998056763725e-09	3.24995141909312e-06
L-ASPARTATE	4185	HMDB	HMDB0000191_18_shen	L-Aspartic acid	inchikey_connectivity_formula_mass	2	FALSE	TRUE	1.29998056763725e-09	3.24995141909312e-06
L-ASPARTATE	4186	HMDB	HMDB0000191_19_shen	L-Aspartic acid	inchikey_connectivity_formula_mass	2	FALSE	TRUE	1.29998056763725e-09	3.24995141909312e-06
L-ASPARTATE	4187	HMDB	HMDB0000191_20_shen	L-Aspartic acid	inchikey_connectivity_formula_mass	2	FALSE	TRUE	1.29998056763725e-09	3.24995141909312e-06
L-ASPARTATE	4188	HMDB	HMDB0000191_21_shen	L-Aspartic acid	inchikey_connectivity_formula_mass	2	FALSE	TRUE	1.29998056763725e-09	3.24995141909312e-06
L-ASPARTATE	4189	HMDB	HMDB0000191_22_shen	L-Aspartic acid	inchikey_connectivity_formula_mass	2	FALSE	TRUE	1.29998056763725e-09	3.24995141909312e-06
L-ASPARTATE	4190	HMDB	HMDB0000191_23_shen	L-Aspartic acid	inchikey_connectivity_formula_mass	2	FALSE	TRUE	1.29998056763725e-09	3.24995141909312e-06
L-ASPARTATE	4191	HMDB	HMDB0000191_24_shen	L-Aspartic acid	inchikey_connectivity_formula_mass	2	FALSE	TRUE	1.29998056763725e-09	3.24995141909312e-06
L-ASPARTATE	4192	HMDB	HMDB0000191_25_shen	L-Aspartic acid	inchikey_connectivity_formula_mass	2	FALSE	TRUE	1.29998056763725e-09	3.24995141909312e-06
L-ASPARTATE	4193	HMDB	HMDB0000191_26_shen	L-Aspartic acid	inchikey_connectivity_formula_mass	2	FALSE	TRUE	1.29998056763725e-09	3.24995141909312e-06
L-ASPARTATE	4194	HMDB	HMDB0000191_27_shen	L-Aspartic acid	inchikey_connectivity_formula_mass	2	FALSE	TRUE	1.29998056763725e-09	3.24995141909312e-06
L-ASPARTATE	4195	HMDB	HMDB0000191_28_shen	L-Aspartic acid	inchikey_connectivity_formula_mass	2	FALSE	TRUE	1.29998056763725e-09	3.24995141909312e-06
L-ASPARTATE	4196	HMDB	HMDB0000191_29_shen	L-Aspartic acid	inchikey_connectivity_formula_mass	2	FALSE	TRUE	1.29998056763725e-09	3.24995141909312e-06
L-ASPARTATE	4197	HMDB	HMDB0000191_30_shen	L-Aspartic acid	inchikey_connectivity_formula_mass	2	FALSE	TRUE	1.29998056763725e-09	3.24995141909312e-06
L-ASPARTATE	4198	HMDB	HMDB0000191_31_shen	L-Aspartic acid	inchikey_connectivity_formula_mass	2	FALSE	TRUE	1.29998056763725e-09	3.24995141909312e-06
L-ASPARTATE	4199	HMDB	HMDB0000191_32_shen	L-Aspartic acid	inchikey_connectivity_formula_mass	2	FALSE	TRUE	1.29998056763725e-09	3.24995141909312e-06
L-ASPARTATE	4200	HMDB	HMDB0000191_33_shen	L-Aspartic acid	inchikey_connectivity_formula_mass	2	FALSE	TRUE	1.29998056763725e-09	3.24995141909312e-06
L-ASPARTATE	4201	HMDB	HMDB0000191_34_shen	L-Aspartic acid	inchikey_connectivity_formula_mass	2	FALSE	TRUE	1.29998056763725e-09	3.24995141909312e-06
L-ASPARTATE	4202	HMDB	HMDB0000191_35_shen	L-Aspartic acid	inchikey_connectivity_formula_mass	2	FALSE	TRUE	1.29998056763725e-09	3.24995141909312e-06
L-ASPARTATE	4203	HMDB	HMDB0000191_36_shen	L-Aspartic acid	inchikey_connectivity_formula_mass	2	FALSE	TRUE	1.29998056763725e-09	3.24995141909312e-06
L-ASPARTATE	4204	HMDB	HMDB0000191_37_shen	L-Aspartic acid	inchikey_connectivity_formula_mass	2	FALSE	TRUE	1.29998056763725e-09	3.24995141909312e-06
L-ASPARTATE	4205	HMDB	HMDB0000191_38_shen	L-Aspartic acid	inchikey_connectivity_formula_mass	2	FALSE	TRUE	1.29998056763725e-09	3.24995141909312e-06
L-ASPARTATE	4206	HMDB	HMDB0000191_39_shen	L-Aspartic acid	inchikey_connectivity_formula_mass	2	FALSE	TRUE	1.29998056763725e-09	3.24995141909312e-06
L-ASPARTATE	4207	HMDB	HMDB0000191_40_shen	L-Aspartic acid	inchikey_connectivity_formula_mass	2	FALSE	TRUE	1.29998056763725e-09	3.24995141909312e-06
L-ASPARTATE	4208	HMDB	HMDB0000191_41_shen	L-Aspartic acid	inchikey_connectivity_formula_mass	2	FALSE	TRUE	1.29998056763725e-09	3.24995141909312e-06
L-ASPARTATE	4209	HMDB	HMDB0000191_42_shen	L-Aspartic acid	inchikey_connectivity_formula_mass	2	FALSE	TRUE	1.29998056763725e-09	3.24995141909312e-06
L-ASPARTATE	4210	HMDB	HMDB0000191_43_shen	L-Aspartic acid	inchikey_connectivity_formula_mass	2	FALSE	TRUE	1.29998056763725e-09	3.24995141909312e-06
L-ASPARTATE	4211	HMDB	HMDB0000191_44_shen	L-Aspartic acid	inchikey_connectivity_formula_mass	2	FALSE	TRUE	1.29998056763725e-09	3.24995141909312e-06
L-ASPARTATE	4212	HMDB	HMDB0000191_45_shen	L-Aspartic acid	inchikey_connectivity_formula_mass	2	FALSE	TRUE	1.29998056763725e-09	3.24995141909312e-06
L-ASPARTATE	4213	HMDB	HMDB0000191_46_shen	L-Aspartic acid	inchikey_connectivity_formula_mass	2	FALSE	TRUE	1.29998056763725e-09	3.24995141909312e-06
L-ASPARTATE	4214	HMDB	HMDB0000191_47_shen	L-Aspartic acid	inchikey_connectivity_formula_mass	2	FALSE	TRUE	1.29998056763725e-09	3.24995141909312e-06
L-ASPARTATE	4215	HMDB	HMDB0000191_48_shen	L-Aspartic acid	inchikey_connectivity_formula_mass	2	FALSE	TRUE	1.29998056763725e-09	3.24995141909312e-06
L-ASPARTATE	4216	HMDB	HMDB0000191_49_shen	L-Aspartic acid	inchikey_connectivity_formula_mass	2	FALSE	TRUE	1.29998056763725e-09	3.24995141909312e-06
L-ASPARTATE	4217	HMDB	HMDB0000191_50_shen	L-Aspartic acid	inchikey_connectivity_formula_mass	2	FALSE	TRUE	1.29998056763725e-09	3.24995141909312e-06
L-ASPARTATE	4218	HMDB	HMDB0000191_51_shen	L-Aspartic acid	inchikey_connectivity_formula_mass	2	FALSE	TRUE	1.29998056763725e-09	3.24995141909312e-06
L-ASPARTATE	4219	HMDB	HMDB0000191_52_shen	L-Aspartic acid	inchikey_connectivity_formula_mass	2	FALSE	TRUE	1.29998056763725e-09	3.24995141909312e-06
L-ASPARTATE	4220	HMDB	HMDB0000191_53_shen	L-Aspartic acid	inchikey_connectivity_formula_mass	2	FALSE	TRUE	1.29998056763725e-09	3.24995141909312e-06
L-ASPARTATE	4221	HMDB	HMDB0000191_54_shen	L-Aspartic acid	inchikey_connectivity_formula_mass	2	FALSE	TRUE	1.29998056763725e-09	3.24995141909312e-06
L-ASPARTATE	4222	HMDB	HMDB0000191_55_shen	L-Aspartic acid	inchikey_connectivity_formula_mass	2	FALSE	TRUE	1.29998056763725e-09	3.24995141909312e-06
L-ASPARTATE	4223	HMDB	HMDB0000191_56_shen	L-Aspartic acid	inchikey_connectivity_formula_mass	2	FALSE	TRUE	1.29998056763725e-09	3.24995141909312e-06
L-ASPARTATE	4224	HMDB	HMDB0000191_57_shen	L-Aspartic acid	inchikey_connectivity_formula_mass	2	FALSE	TRUE	1.29998056763725e-09	3.24995141909312e-06
L-ASPARTATE	4225	HMDB	HMDB0000191_58_shen	L-Aspartic acid	inchikey_connectivity_formula_mass	2	FALSE	TRUE	1.29998056763725e-09	3.24995141909312e-06
L-ASPARTATE	4226	HMDB	HMDB0000191_59_shen	L-Aspartic acid	inchikey_connectivity_formula_mass	2	FALSE	TRUE	1.29998056763725e-09	3.24995141909312e-06
L-ASPARTATE	4227	HMDB	HMDB0000191_60_shen	L-Aspartic acid	inchikey_connectivity_formula_mass	2	FALSE	TRUE	1.29998056763725e-09	3.24995141909312e-06
L-ASPARTATE	4228	HMDB	HMDB0000191_61_shen	L-Aspartic acid	inchikey_connectivity_formula_mass	2	FALSE	TRUE	1.29998056763725e-09	3.24995141909312e-06
L-ASPARTATE	4229	HMDB	HMDB0000191_62_shen	L-Aspartic acid	inchikey_connectivity_formula_mass	2	FALSE	TRUE	1.29998056763725e-09	3.24995141909312e-06
L-ASPARTATE	4230	HMDB	HMDB0000191_63_shen	L-Aspartic acid	inchikey_connectivity_formula_mass	2	FALSE	TRUE	1.29998056763725e-09	3.24995141909312e-06
L-ASPARTATE	4231	HMDB	HMDB0000191_64_shen	L-Aspartic acid	inchikey_connectivity_formula_mass	2	FALSE	TRUE	1.29998056763725e-09	3.24995141909312e-06
L-ASPARTATE	4232	HMDB	HMDB0000191_65_shen	L-Aspartic acid	inchikey_connectivity_formula_mass	2	FALSE	TRUE	1.29998056763725e-09	3.24995141909312e-06
L-ASPARTATE	4233	HMDB	HMDB0000191_66_shen	L-Aspartic acid	inchikey_connectivity_formula_mass	2	FALSE	TRUE	1.29998056763725e-09	3.24995141909312e-06
L-ASPARTATE	4234	HMDB	HMDB0000191_67_shen	L-Aspartic acid	inchikey_connectivity_formula_mass	2	FALSE	TRUE	1.29998056763725e-09	3.24995141909312e-06
L-ASPARTATE	4235	HMDB	HMDB0000191_68_shen	L-Aspartic acid	inchikey_connectivity_formula_mass	2	FALSE	TRUE	1.29998056763725e-09	3.24995141909312e-06
L-ASPARTATE	4236	HMDB	HMDB0000191_69_shen	L-Aspartic acid	inchikey_connectivity_formula_mass	2	FALSE	TRUE	1.29998056763725e-09	3.24995141909312e-06
L-ASPARTATE	4237	HMDB	HMDB0000191_70_shen	L-Aspartic acid	inchikey_connectivity_formula_mass	2	FALSE	TRUE	1.29998056763725e-09	3.24995141909312e-06
L-ASPARTATE	4238	HMDB	HMDB0000191_71_shen	L-Aspartic acid	inchikey_connectivity_formula_mass	2	FALSE	TRUE	1.29998056763725e-09	3.24995141909312e-06
L-ASPARTATE	4239	HMDB	HMDB0000191_72_shen	L-Aspartic acid	inchikey_connectivity_formula_mass	2	FALSE	TRUE	1.29998056763725e-09	3.24995141909312e-06
L-CYSTINE	4240	HMDB	HMDB0000192_1_shen	L-Cystine	inchikey	1	TRUE	TRUE	2.0000072709081e-09	5.00001817727025e-06
L-CYSTINE	4241	HMDB	HMDB0000192_2_shen	L-Cystine	inchikey	1	TRUE	TRUE	2.0000072709081e-09	5.00001817727025e-06
L-CYSTINE	4242	HMDB	HMDB0000192_3_shen	L-Cystine	inchikey	1	TRUE	TRUE	2.0000072709081e-09	5.00001817727025e-06
L-CYSTINE	4243	HMDB	HMDB0000192_4_shen	L-Cystine	inchikey	1	TRUE	TRUE	2.0000072709081e-09	5.00001817727025e-06
L-CYSTINE	4244	HMDB	HMDB0000192_5_shen	L-Cystine	inchikey	1	TRUE	TRUE	2.0000072709081e-09	5.00001817727025e-06
L-CYSTINE	4245	HMDB	HMDB0000192_6_shen	L-Cystine	inchikey	1	TRUE	TRUE	2.0000072709081e-09	5.00001817727025e-06
L-CYSTINE	4246	HMDB	HMDB0000192_7_shen	L-Cystine	inchikey	1	TRUE	TRUE	2.0000072709081e-09	5.00001817727025e-06
L-CYSTINE	4247	HMDB	HMDB0000192_8_shen	L-Cystine	inchikey	1	TRUE	TRUE	2.0000072709081e-09	5.00001817727025e-06
L-CYSTINE	4248	HMDB	HMDB0000192_9_shen	L-Cystine	inchikey	1	TRUE	TRUE	2.0000072709081e-09	5.00001817727025e-06
L-CYSTINE	4249	HMDB	HMDB0000192_10_shen	L-Cystine	inchikey	1	TRUE	TRUE	2.0000072709081e-09	5.00001817727025e-06
L-CYSTINE	4250	HMDB	HMDB0000192_11_shen	L-Cystine	inchikey	1	TRUE	TRUE	2.0000072709081e-09	5.00001817727025e-06
L-CYSTINE	4251	HMDB	HMDB0000192_12_shen	L-Cystine	inchikey	1	TRUE	TRUE	2.0000072709081e-09	5.00001817727025e-06
L-CYSTINE	4252	HMDB	HMDB0000192_13_shen	L-Cystine	inchikey	1	TRUE	TRUE	2.0000072709081e-09	5.00001817727025e-06
L-CYSTINE	4253	HMDB	HMDB0000192_14_shen	L-Cystine	inchikey	1	TRUE	TRUE	2.0000072709081e-09	5.00001817727025e-06
L-CYSTINE	4254	HMDB	HMDB0000192_15_shen	L-Cystine	inchikey	1	TRUE	TRUE	2.0000072709081e-09	5.00001817727025e-06
L-CYSTINE	4255	HMDB	HMDB0000192_16_shen	L-Cystine	inchikey	1	TRUE	TRUE	2.0000072709081e-09	5.00001817727025e-06
L-CYSTINE	4256	HMDB	HMDB0000192_17_shen	L-Cystine	inchikey	1	TRUE	TRUE	2.0000072709081e-09	5.00001817727025e-06
L-CYSTINE	4257	HMDB	HMDB0000192_18_shen	L-Cystine	inchikey	1	TRUE	TRUE	2.0000072709081e-09	5.00001817727025e-06
L-CYSTINE	4258	HMDB	HMDB0000192_19_shen	L-Cystine	inchikey	1	TRUE	TRUE	2.0000072709081e-09	5.00001817727025e-06
L-CYSTINE	4259	HMDB	HMDB0000192_20_shen	L-Cystine	inchikey	1	TRUE	TRUE	2.0000072709081e-09	5.00001817727025e-06
L-CYSTINE	4260	HMDB	HMDB0000192_21_shen	L-Cystine	inchikey	1	TRUE	TRUE	2.0000072709081e-09	5.00001817727025e-06
L-CYSTINE	4261	HMDB	HMDB0000192_22_shen	L-Cystine	inchikey	1	TRUE	TRUE	2.0000072709081e-09	5.00001817727025e-06
L-CYSTINE	4262	HMDB	HMDB0000192_23_shen	L-Cystine	inchikey	1	TRUE	TRUE	2.0000072709081e-09	5.00001817727025e-06
L-CYSTINE	4263	HMDB	HMDB0000192_24_shen	L-Cystine	inchikey	1	TRUE	TRUE	2.0000072709081e-09	5.00001817727025e-06
L-CYSTINE	4264	HMDB	HMDB0000192_25_shen	L-Cystine	inchikey	1	TRUE	TRUE	2.0000072709081e-09	5.00001817727025e-06
L-CYSTINE	4265	HMDB	HMDB0000192_26_shen	L-Cystine	inchikey	1	TRUE	TRUE	2.0000072709081e-09	5.00001817727025e-06
L-CYSTINE	4266	HMDB	HMDB0000192_27_shen	L-Cystine	inchikey	1	TRUE	TRUE	2.0000072709081e-09	5.00001817727025e-06
L-CYSTINE	4267	HMDB	HMDB0000192_28_shen	L-Cystine	inchikey	1	TRUE	TRUE	2.0000072709081e-09	5.00001817727025e-06
L-CYSTINE	4268	HMDB	HMDB0000192_29_shen	L-Cystine	inchikey	1	TRUE	TRUE	2.0000072709081e-09	5.00001817727025e-06
L-CYSTINE	4269	HMDB	HMDB0000192_30_shen	L-Cystine	inchikey	1	TRUE	TRUE	2.0000072709081e-09	5.00001817727025e-06
L-CYSTINE	4270	HMDB	HMDB0000192_31_shen	L-Cystine	inchikey	1	TRUE	TRUE	2.0000072709081e-09	5.00001817727025e-06
L-CYSTINE	4271	HMDB	HMDB0000192_32_shen	L-Cystine	inchikey	1	TRUE	TRUE	2.0000072709081e-09	5.00001817727025e-06
L-CYSTINE	4272	HMDB	HMDB0000192_33_shen	L-Cystine	inchikey	1	TRUE	TRUE	2.0000072709081e-09	5.00001817727025e-06
L-CYSTINE	4273	HMDB	HMDB0000192_34_shen	L-Cystine	inchikey	1	TRUE	TRUE	2.0000072709081e-09	5.00001817727025e-06
L-CYSTINE	4274	HMDB	HMDB0000192_35_shen	L-Cystine	inchikey	1	TRUE	TRUE	2.0000072709081e-09	5.00001817727025e-06
L-CYSTINE	4275	HMDB	HMDB0000192_36_shen	L-Cystine	inchikey	1	TRUE	TRUE	2.0000072709081e-09	5.00001817727025e-06
L-CYSTINE	4276	HMDB	HMDB0000192_37_shen	L-Cystine	inchikey	1	TRUE	TRUE	2.0000072709081e-09	5.00001817727025e-06
L-CYSTINE	4277	HMDB	HMDB0000192_38_shen	L-Cystine	inchikey	1	TRUE	TRUE	2.0000072709081e-09	5.00001817727025e-06
L-CYSTINE	4278	HMDB	HMDB0000192_39_shen	L-Cystine	inchikey	1	TRUE	TRUE	2.0000072709081e-09	5.00001817727025e-06
L-CYSTINE	4279	HMDB	HMDB0000192_40_shen	L-Cystine	inchikey	1	TRUE	TRUE	2.0000072709081e-09	5.00001817727025e-06
L-CYSTINE	4280	HMDB	HMDB0000192_41_shen	L-Cystine	inchikey	1	TRUE	TRUE	2.0000072709081e-09	5.00001817727025e-06
L-CYSTINE	4281	HMDB	HMDB0000192_42_shen	L-Cystine	inchikey	1	TRUE	TRUE	2.0000072709081e-09	5.00001817727025e-06
L-CYSTINE	4282	HMDB	HMDB0000192_43_shen	L-Cystine	inchikey	1	TRUE	TRUE	2.0000072709081e-09	5.00001817727025e-06
L-CYSTINE	4283	HMDB	HMDB0000192_44_shen	L-Cystine	inchikey	1	TRUE	TRUE	2.0000072709081e-09	5.00001817727025e-06
L-CYSTINE	4284	HMDB	HMDB0000192_45_shen	L-Cystine	inchikey	1	TRUE	TRUE	2.0000072709081e-09	5.00001817727025e-06
L-CYSTINE	4285	HMDB	HMDB0000192_46_shen	L-Cystine	inchikey	1	TRUE	TRUE	2.0000072709081e-09	5.00001817727025e-06
L-CYSTINE	4286	HMDB	HMDB0000192_47_shen	L-Cystine	inchikey	1	TRUE	TRUE	2.0000072709081e-09	5.00001817727025e-06
L-CYSTINE	4287	HMDB	HMDB0000192_48_shen	L-Cystine	inchikey	1	TRUE	TRUE	2.0000072709081e-09	5.00001817727025e-06
L-CYSTINE	4288	HMDB	HMDB0000192_49_shen	L-Cystine	inchikey	1	TRUE	TRUE	2.0000072709081e-09	5.00001817727025e-06
L-CYSTINE	4289	HMDB	HMDB0000192_50_shen	L-Cystine	inchikey	1	TRUE	TRUE	2.0000072709081e-09	5.00001817727025e-06
L-CYSTINE	4290	HMDB	HMDB0000192_51_shen	L-Cystine	inchikey	1	TRUE	TRUE	2.0000072709081e-09	5.00001817727025e-06
L-CYSTINE	4291	HMDB	HMDB0000192_52_shen	L-Cystine	inchikey	1	TRUE	TRUE	2.0000072709081e-09	5.00001817727025e-06
L-CYSTINE	4292	HMDB	HMDB0000192_53_shen	L-Cystine	inchikey	1	TRUE	TRUE	2.0000072709081e-09	5.00001817727025e-06
L-CYSTINE	4293	HMDB	HMDB0000192_54_shen	L-Cystine	inchikey	1	TRUE	TRUE	2.0000072709081e-09	5.00001817727025e-06
L-CYSTINE	4294	HMDB	HMDB0000192_55_shen	L-Cystine	inchikey	1	TRUE	TRUE	2.0000072709081e-09	5.00001817727025e-06
L-CYSTINE	4295	HMDB	HMDB0000192_56_shen	L-Cystine	inchikey	1	TRUE	TRUE	2.0000072709081e-09	5.00001817727025e-06
L-CYSTINE	4296	HMDB	HMDB0000192_57_shen	L-Cystine	inchikey	1	TRUE	TRUE	2.0000072709081e-09	5.00001817727025e-06
L-CYSTINE	4297	HMDB	HMDB0000192_58_shen	L-Cystine	inchikey	1	TRUE	TRUE	2.0000072709081e-09	5.00001817727025e-06
threo-ds-iso-citrate	4298	HMDB	HMDB0000193_1_shen	Isocitric acid	name_formula_mass	4	TRUE	TRUE	1.499984136899e-09	3.7499603422475e-06
threo-ds-iso-citrate	4299	HMDB	HMDB0000193_2_shen	Isocitric acid	name_formula_mass	4	TRUE	TRUE	1.499984136899e-09	3.7499603422475e-06
threo-ds-iso-citrate	4300	HMDB	HMDB0000193_3_shen	Isocitric acid	name_formula_mass	4	TRUE	TRUE	1.499984136899e-09	3.7499603422475e-06
threo-ds-iso-citrate	4301	HMDB	HMDB0000193_4_shen	Isocitric acid	name_formula_mass	4	TRUE	TRUE	1.499984136899e-09	3.7499603422475e-06
threo-ds-iso-citrate	4302	HMDB	HMDB0000193_5_shen	Isocitric acid	name_formula_mass	4	TRUE	TRUE	1.499984136899e-09	3.7499603422475e-06
threo-ds-iso-citrate	4303	HMDB	HMDB0000193_6_shen	Isocitric acid	name_formula_mass	4	TRUE	TRUE	1.499984136899e-09	3.7499603422475e-06
threo-ds-iso-citrate	4304	HMDB	HMDB0000193_7_shen	Isocitric acid	name_formula_mass	4	TRUE	TRUE	1.499984136899e-09	3.7499603422475e-06
threo-ds-iso-citrate	4305	HMDB	HMDB0000193_8_shen	Isocitric acid	name_formula_mass	4	TRUE	TRUE	1.499984136899e-09	3.7499603422475e-06
threo-ds-iso-citrate	4306	HMDB	HMDB0000193_9_shen	Isocitric acid	name_formula_mass	4	TRUE	TRUE	1.499984136899e-09	3.7499603422475e-06
threo-ds-iso-citrate	4307	HMDB	HMDB0000193_10_shen	Isocitric acid	name_formula_mass	4	TRUE	TRUE	1.499984136899e-09	3.7499603422475e-06
threo-ds-iso-citrate	4308	HMDB	HMDB0000193_11_shen	Isocitric acid	name_formula_mass	4	TRUE	TRUE	1.499984136899e-09	3.7499603422475e-06
threo-ds-iso-citrate	4309	HMDB	HMDB0000193_12_shen	Isocitric acid	name_formula_mass	4	TRUE	TRUE	1.499984136899e-09	3.7499603422475e-06
threo-ds-iso-citrate	4310	HMDB	HMDB0000193_13_shen	Isocitric acid	name_formula_mass	4	TRUE	TRUE	1.499984136899e-09	3.7499603422475e-06
threo-ds-iso-citrate	4311	HMDB	HMDB0000193_14_shen	Isocitric acid	name_formula_mass	4	TRUE	TRUE	1.499984136899e-09	3.7499603422475e-06
threo-ds-iso-citrate	4312	HMDB	HMDB0000193_15_shen	Isocitric acid	name_formula_mass	4	TRUE	TRUE	1.499984136899e-09	3.7499603422475e-06
threo-ds-iso-citrate	4313	HMDB	HMDB0000193_16_shen	Isocitric acid	name_formula_mass	4	TRUE	TRUE	1.499984136899e-09	3.7499603422475e-06
threo-ds-iso-citrate	4314	HMDB	HMDB0000193_17_shen	Isocitric acid	name_formula_mass	4	TRUE	TRUE	1.499984136899e-09	3.7499603422475e-06
threo-ds-iso-citrate	4315	HMDB	HMDB0000193_18_shen	Isocitric acid	name_formula_mass	4	TRUE	TRUE	1.499984136899e-09	3.7499603422475e-06
threo-ds-iso-citrate	4316	HMDB	HMDB0000193_19_shen	Isocitric acid	name_formula_mass	4	TRUE	TRUE	1.499984136899e-09	3.7499603422475e-06
threo-ds-iso-citrate	4317	HMDB	HMDB0000193_20_shen	Isocitric acid	name_formula_mass	4	TRUE	TRUE	1.499984136899e-09	3.7499603422475e-06
threo-ds-iso-citrate	4318	HMDB	HMDB0000193_21_shen	Isocitric acid	name_formula_mass	4	TRUE	TRUE	1.499984136899e-09	3.7499603422475e-06
threo-ds-iso-citrate	4319	HMDB	HMDB0000193_22_shen	Isocitric acid	name_formula_mass	4	TRUE	TRUE	1.499984136899e-09	3.7499603422475e-06
threo-ds-iso-citrate	4320	HMDB	HMDB0000193_23_shen	Isocitric acid	name_formula_mass	4	TRUE	TRUE	1.499984136899e-09	3.7499603422475e-06
threo-ds-iso-citrate	4321	HMDB	HMDB0000193_24_shen	Isocitric acid	name_formula_mass	4	TRUE	TRUE	1.499984136899e-09	3.7499603422475e-06
threo-ds-iso-citrate	4322	HMDB	HMDB0000193_25_shen	Isocitric acid	name_formula_mass	4	TRUE	TRUE	1.499984136899e-09	3.7499603422475e-06
threo-ds-iso-citrate	4323	HMDB	HMDB0000193_26_shen	Isocitric acid	name_formula_mass	4	TRUE	TRUE	1.499984136899e-09	3.7499603422475e-06
threo-ds-iso-citrate	4324	HMDB	HMDB0000193_27_shen	Isocitric acid	name_formula_mass	4	TRUE	TRUE	1.499984136899e-09	3.7499603422475e-06
threo-ds-iso-citrate	4325	HMDB	HMDB0000193_28_shen	Isocitric acid	name_formula_mass	4	TRUE	TRUE	1.499984136899e-09	3.7499603422475e-06
threo-ds-iso-citrate	4326	HMDB	HMDB0000193_29_shen	Isocitric acid	name_formula_mass	4	TRUE	TRUE	1.499984136899e-09	3.7499603422475e-06
threo-ds-iso-citrate	4327	HMDB	HMDB0000193_30_shen	Isocitric acid	name_formula_mass	4	TRUE	TRUE	1.499984136899e-09	3.7499603422475e-06
threo-ds-iso-citrate	4328	HMDB	HMDB0000193_31_shen	Isocitric acid	name_formula_mass	4	TRUE	TRUE	1.499984136899e-09	3.7499603422475e-06
threo-ds-iso-citrate	4329	HMDB	HMDB0000193_32_shen	Isocitric acid	name_formula_mass	4	TRUE	TRUE	1.499984136899e-09	3.7499603422475e-06
threo-ds-iso-citrate	4330	HMDB	HMDB0000193_33_shen	Isocitric acid	name_formula_mass	4	TRUE	TRUE	1.499984136899e-09	3.7499603422475e-06
threo-ds-iso-citrate	4331	HMDB	HMDB0000193_34_shen	Isocitric acid	name_formula_mass	4	TRUE	TRUE	1.499984136899e-09	3.7499603422475e-06
INOSINE	4371	HMDB	HMDB0000195_1_shen	Inosine	inchikey	1	TRUE	TRUE	2.5000304049172e-09	6.25007601229299e-06
INOSINE	4372	HMDB	HMDB0000195_2_shen	Inosine	inchikey	1	TRUE	TRUE	2.5000304049172e-09	6.25007601229299e-06
INOSINE	4373	HMDB	HMDB0000195_3_shen	Inosine	inchikey	1	TRUE	TRUE	2.5000304049172e-09	6.25007601229299e-06
INOSINE	4374	HMDB	HMDB0000195_4_shen	Inosine	inchikey	1	TRUE	TRUE	2.5000304049172e-09	6.25007601229299e-06
INOSINE	4375	HMDB	HMDB0000195_5_shen	Inosine	inchikey	1	TRUE	TRUE	2.5000304049172e-09	6.25007601229299e-06
INOSINE	4376	HMDB	HMDB0000195_6_shen	Inosine	inchikey	1	TRUE	TRUE	2.5000304049172e-09	6.25007601229299e-06
INOSINE	4377	HMDB	HMDB0000195_7_shen	Inosine	inchikey	1	TRUE	TRUE	2.5000304049172e-09	6.25007601229299e-06
INOSINE	4378	HMDB	HMDB0000195_8_shen	Inosine	inchikey	1	TRUE	TRUE	2.5000304049172e-09	6.25007601229299e-06
INOSINE	4379	HMDB	HMDB0000195_9_shen	Inosine	inchikey	1	TRUE	TRUE	2.5000304049172e-09	6.25007601229299e-06
INOSINE	4380	HMDB	HMDB0000195_10_shen	Inosine	inchikey	1	TRUE	TRUE	2.5000304049172e-09	6.25007601229299e-06
INOSINE	4381	HMDB	HMDB0000195_11_shen	Inosine	inchikey	1	TRUE	TRUE	2.5000304049172e-09	6.25007601229299e-06
INOSINE	4382	HMDB	HMDB0000195_12_shen	Inosine	inchikey	1	TRUE	TRUE	2.5000304049172e-09	6.25007601229299e-06
INOSINE	4383	HMDB	HMDB0000195_13_shen	Inosine	inchikey	1	TRUE	TRUE	2.5000304049172e-09	6.25007601229299e-06
INOSINE	4384	HMDB	HMDB0000195_14_shen	Inosine	inchikey	1	TRUE	TRUE	2.5000304049172e-09	6.25007601229299e-06
INOSINE	4385	HMDB	HMDB0000195_15_shen	Inosine	inchikey	1	TRUE	TRUE	2.5000304049172e-09	6.25007601229299e-06
INOSINE	4386	HMDB	HMDB0000195_16_shen	Inosine	inchikey	1	TRUE	TRUE	2.5000304049172e-09	6.25007601229299e-06
INOSINE	4387	HMDB	HMDB0000195_17_shen	Inosine	inchikey	1	TRUE	TRUE	2.5000304049172e-09	6.25007601229299e-06
INOSINE	4388	HMDB	HMDB0000195_18_shen	Inosine	inchikey	1	TRUE	TRUE	2.5000304049172e-09	6.25007601229299e-06
INOSINE	4389	HMDB	HMDB0000195_19_shen	Inosine	inchikey	1	TRUE	TRUE	2.5000304049172e-09	6.25007601229299e-06
INOSINE	4390	HMDB	HMDB0000195_20_shen	Inosine	inchikey	1	TRUE	TRUE	2.5000304049172e-09	6.25007601229299e-06
INOSINE	4391	HMDB	HMDB0000195_21_shen	Inosine	inchikey	1	TRUE	TRUE	2.5000304049172e-09	6.25007601229299e-06
INOSINE	4392	HMDB	HMDB0000195_22_shen	Inosine	inchikey	1	TRUE	TRUE	2.5000304049172e-09	6.25007601229299e-06
INOSINE	4393	HMDB	HMDB0000195_23_shen	Inosine	inchikey	1	TRUE	TRUE	2.5000304049172e-09	6.25007601229299e-06
INOSINE	4394	HMDB	HMDB0000195_24_shen	Inosine	inchikey	1	TRUE	TRUE	2.5000304049172e-09	6.25007601229299e-06
INOSINE	4395	HMDB	HMDB0000195_25_shen	Inosine	inchikey	1	TRUE	TRUE	2.5000304049172e-09	6.25007601229299e-06
INOSINE	4396	HMDB	HMDB0000195_26_shen	Inosine	inchikey	1	TRUE	TRUE	2.5000304049172e-09	6.25007601229299e-06
INOSINE	4397	HMDB	HMDB0000195_27_shen	Inosine	inchikey	1	TRUE	TRUE	2.5000304049172e-09	6.25007601229299e-06
INOSINE	4398	HMDB	HMDB0000195_28_shen	Inosine	inchikey	1	TRUE	TRUE	2.5000304049172e-09	6.25007601229299e-06
INOSINE	4399	HMDB	HMDB0000195_29_shen	Inosine	inchikey	1	TRUE	TRUE	2.5000304049172e-09	6.25007601229299e-06
INOSINE	4400	HMDB	HMDB0000195_30_shen	Inosine	inchikey	1	TRUE	TRUE	2.5000304049172e-09	6.25007601229299e-06
INOSINE	4401	HMDB	HMDB0000195_31_shen	Inosine	inchikey	1	TRUE	TRUE	2.5000304049172e-09	6.25007601229299e-06
INOSINE	4402	HMDB	HMDB0000195_32_shen	Inosine	inchikey	1	TRUE	TRUE	2.5000304049172e-09	6.25007601229299e-06
INOSINE	4403	HMDB	HMDB0000195_33_shen	Inosine	inchikey	1	TRUE	TRUE	2.5000304049172e-09	6.25007601229299e-06
INOSINE	4404	HMDB	HMDB0000195_34_shen	Inosine	inchikey	1	TRUE	TRUE	2.5000304049172e-09	6.25007601229299e-06
INOSINE	4405	HMDB	HMDB0000195_35_shen	Inosine	inchikey	1	TRUE	TRUE	2.5000304049172e-09	6.25007601229299e-06
INOSINE	4406	HMDB	HMDB0000195_36_shen	Inosine	inchikey	1	TRUE	TRUE	2.5000304049172e-09	6.25007601229299e-06
INOSINE	4407	HMDB	HMDB0000195_37_shen	Inosine	inchikey	1	TRUE	TRUE	2.5000304049172e-09	6.25007601229299e-06
INOSINE	4408	HMDB	HMDB0000195_38_shen	Inosine	inchikey	1	TRUE	TRUE	2.5000304049172e-09	6.25007601229299e-06
INOSINE	4409	HMDB	HMDB0000195_39_shen	Inosine	inchikey	1	TRUE	TRUE	2.5000304049172e-09	6.25007601229299e-06
INOSINE	4410	HMDB	HMDB0000195_40_shen	Inosine	inchikey	1	TRUE	TRUE	2.5000304049172e-09	6.25007601229299e-06
INOSINE	4411	HMDB	HMDB0000195_41_shen	Inosine	inchikey	1	TRUE	TRUE	2.5000304049172e-09	6.25007601229299e-06
INOSINE	4412	HMDB	HMDB0000195_42_shen	Inosine	inchikey	1	TRUE	TRUE	2.5000304049172e-09	6.25007601229299e-06
INOSINE	4413	HMDB	HMDB0000195_43_shen	Inosine	inchikey	1	TRUE	TRUE	2.5000304049172e-09	6.25007601229299e-06
INOSINE	4414	HMDB	HMDB0000195_44_shen	Inosine	inchikey	1	TRUE	TRUE	2.5000304049172e-09	6.25007601229299e-06
INOSINE	4415	HMDB	HMDB0000195_45_shen	Inosine	inchikey	1	TRUE	TRUE	2.5000304049172e-09	6.25007601229299e-06
INOSINE	4416	HMDB	HMDB0000195_46_shen	Inosine	inchikey	1	TRUE	TRUE	2.5000304049172e-09	6.25007601229299e-06
INOSINE	4417	HMDB	HMDB0000195_47_shen	Inosine	inchikey	1	TRUE	TRUE	2.5000304049172e-09	6.25007601229299e-06
INOSINE	4418	HMDB	HMDB0000195_48_shen	Inosine	inchikey	1	TRUE	TRUE	2.5000304049172e-09	6.25007601229299e-06
INOSINE	4419	HMDB	HMDB0000195_49_shen	Inosine	inchikey	1	TRUE	TRUE	2.5000304049172e-09	6.25007601229299e-06
INOSINE	4420	HMDB	HMDB0000195_50_shen	Inosine	inchikey	1	TRUE	TRUE	2.5000304049172e-09	6.25007601229299e-06
INOSINE	4421	HMDB	HMDB0000195_51_shen	Inosine	inchikey	1	TRUE	TRUE	2.5000304049172e-09	6.25007601229299e-06
INOSINE	4422	HMDB	HMDB0000195_52_shen	Inosine	inchikey	1	TRUE	TRUE	2.5000304049172e-09	6.25007601229299e-06
INOSINE	4423	HMDB	HMDB0000195_53_shen	Inosine	inchikey	1	TRUE	TRUE	2.5000304049172e-09	6.25007601229299e-06
INOSINE	4424	HMDB	HMDB0000195_54_shen	Inosine	inchikey	1	TRUE	TRUE	2.5000304049172e-09	6.25007601229299e-06
INOSINE	4425	HMDB	HMDB0000195_55_shen	Inosine	inchikey	1	TRUE	TRUE	2.5000304049172e-09	6.25007601229299e-06
INOSINE	4426	HMDB	HMDB0000195_56_shen	Inosine	inchikey	1	TRUE	TRUE	2.5000304049172e-09	6.25007601229299e-06
INOSINE	4427	HMDB	HMDB0000195_57_shen	Inosine	inchikey	1	TRUE	TRUE	2.5000304049172e-09	6.25007601229299e-06
INOSINE	4428	HMDB	HMDB0000195_58_shen	Inosine	inchikey	1	TRUE	TRUE	2.5000304049172e-09	6.25007601229299e-06
INOSINE	4429	HMDB	HMDB0000195_59_shen	Inosine	inchikey	1	TRUE	TRUE	2.5000304049172e-09	6.25007601229299e-06
INOSINE	4430	HMDB	HMDB0000195_60_shen	Inosine	inchikey	1	TRUE	TRUE	2.5000304049172e-09	6.25007601229299e-06
INOSINE	4431	HMDB	HMDB0000195_61_shen	Inosine	inchikey	1	TRUE	TRUE	2.5000304049172e-09	6.25007601229299e-06
INOSINE	4432	HMDB	HMDB0000195_62_shen	Inosine	inchikey	1	TRUE	TRUE	2.5000304049172e-09	6.25007601229299e-06
INOSINE	4433	HMDB	HMDB0000195_63_shen	Inosine	inchikey	1	TRUE	TRUE	2.5000304049172e-09	6.25007601229299e-06
INOSINE	4434	HMDB	HMDB0000195_64_shen	Inosine	inchikey	1	TRUE	TRUE	2.5000304049172e-09	6.25007601229299e-06
INOSINE	4435	HMDB	HMDB0000195_65_shen	Inosine	inchikey	1	TRUE	TRUE	2.5000304049172e-09	6.25007601229299e-06
INOSINE	4436	HMDB	HMDB0000195_66_shen	Inosine	inchikey	1	TRUE	TRUE	2.5000304049172e-09	6.25007601229299e-06
INDOLE_ACETATE_AUXIN	4437	HMDB	HMDB0000197_1_shen	Indoleacetic acid	inchikey_connectivity_formula_mass	2	FALSE	TRUE	1.30000898934668e-09	3.2500224733667e-06
INDOLE_ACETATE_AUXIN	4438	HMDB	HMDB0000197_2_shen	Indoleacetic acid	inchikey_connectivity_formula_mass	2	FALSE	TRUE	1.30000898934668e-09	3.2500224733667e-06
INDOLE_ACETATE_AUXIN	4439	HMDB	HMDB0000197_3_shen	Indoleacetic acid	inchikey_connectivity_formula_mass	2	FALSE	TRUE	1.30000898934668e-09	3.2500224733667e-06
INDOLE_ACETATE_AUXIN	4440	HMDB	HMDB0000197_4_shen	Indoleacetic acid	inchikey_connectivity_formula_mass	2	FALSE	TRUE	1.30000898934668e-09	3.2500224733667e-06
INDOLE_ACETATE_AUXIN	4441	HMDB	HMDB0000197_5_shen	Indoleacetic acid	inchikey_connectivity_formula_mass	2	FALSE	TRUE	1.30000898934668e-09	3.2500224733667e-06
INDOLE_ACETATE_AUXIN	4442	HMDB	HMDB0000197_6_shen	Indoleacetic acid	inchikey_connectivity_formula_mass	2	FALSE	TRUE	1.30000898934668e-09	3.2500224733667e-06
INDOLE_ACETATE_AUXIN	4443	HMDB	HMDB0000197_7_shen	Indoleacetic acid	inchikey_connectivity_formula_mass	2	FALSE	TRUE	1.30000898934668e-09	3.2500224733667e-06
INDOLE_ACETATE_AUXIN	4444	HMDB	HMDB0000197_8_shen	Indoleacetic acid	inchikey_connectivity_formula_mass	2	FALSE	TRUE	1.30000898934668e-09	3.2500224733667e-06
INDOLE_ACETATE_AUXIN	4445	HMDB	HMDB0000197_9_shen	Indoleacetic acid	inchikey_connectivity_formula_mass	2	FALSE	TRUE	1.30000898934668e-09	3.2500224733667e-06
INDOLE_ACETATE_AUXIN	4446	HMDB	HMDB0000197_10_shen	Indoleacetic acid	inchikey_connectivity_formula_mass	2	FALSE	TRUE	1.30000898934668e-09	3.2500224733667e-06
INDOLE_ACETATE_AUXIN	4447	HMDB	HMDB0000197_11_shen	Indoleacetic acid	inchikey_connectivity_formula_mass	2	FALSE	TRUE	1.30000898934668e-09	3.2500224733667e-06
INDOLE_ACETATE_AUXIN	4448	HMDB	HMDB0000197_12_shen	Indoleacetic acid	inchikey_connectivity_formula_mass	2	FALSE	TRUE	1.30000898934668e-09	3.2500224733667e-06
INDOLE_ACETATE_AUXIN	4449	HMDB	HMDB0000197_13_shen	Indoleacetic acid	inchikey_connectivity_formula_mass	2	FALSE	TRUE	1.30000898934668e-09	3.2500224733667e-06
INDOLE_ACETATE_AUXIN	4450	HMDB	HMDB0000197_14_shen	Indoleacetic acid	inchikey_connectivity_formula_mass	2	FALSE	TRUE	1.30000898934668e-09	3.2500224733667e-06
INDOLE_ACETATE_AUXIN	4451	HMDB	HMDB0000197_15_shen	Indoleacetic acid	inchikey_connectivity_formula_mass	2	FALSE	TRUE	1.30000898934668e-09	3.2500224733667e-06
INDOLE_ACETATE_AUXIN	4452	HMDB	HMDB0000197_16_shen	Indoleacetic acid	inchikey_connectivity_formula_mass	2	FALSE	TRUE	1.30000898934668e-09	3.2500224733667e-06
INDOLE_ACETATE_AUXIN	4453	HMDB	HMDB0000197_17_shen	Indoleacetic acid	inchikey_connectivity_formula_mass	2	FALSE	TRUE	1.30000898934668e-09	3.2500224733667e-06
INDOLE_ACETATE_AUXIN	4454	HMDB	HMDB0000197_18_shen	Indoleacetic acid	inchikey_connectivity_formula_mass	2	FALSE	TRUE	1.30000898934668e-09	3.2500224733667e-06
INDOLE_ACETATE_AUXIN	4455	HMDB	HMDB0000197_19_shen	Indoleacetic acid	inchikey_connectivity_formula_mass	2	FALSE	TRUE	1.30000898934668e-09	3.2500224733667e-06
INDOLE_ACETATE_AUXIN	4456	HMDB	HMDB0000197_20_shen	Indoleacetic acid	inchikey_connectivity_formula_mass	2	FALSE	TRUE	1.30000898934668e-09	3.2500224733667e-06
INDOLE_ACETATE_AUXIN	4457	HMDB	HMDB0000197_21_shen	Indoleacetic acid	inchikey_connectivity_formula_mass	2	FALSE	TRUE	1.30000898934668e-09	3.2500224733667e-06
INDOLE_ACETATE_AUXIN	4458	HMDB	HMDB0000197_22_shen	Indoleacetic acid	inchikey_connectivity_formula_mass	2	FALSE	TRUE	1.30000898934668e-09	3.2500224733667e-06
INDOLE_ACETATE_AUXIN	4459	HMDB	HMDB0000197_23_shen	Indoleacetic acid	inchikey_connectivity_formula_mass	2	FALSE	TRUE	1.30000898934668e-09	3.2500224733667e-06
INDOLE_ACETATE_AUXIN	4460	HMDB	HMDB0000197_24_shen	Indoleacetic acid	inchikey_connectivity_formula_mass	2	FALSE	TRUE	1.30000898934668e-09	3.2500224733667e-06
INDOLE_ACETATE_AUXIN	4461	HMDB	HMDB0000197_25_shen	Indoleacetic acid	inchikey_connectivity_formula_mass	2	FALSE	TRUE	1.30000898934668e-09	3.2500224733667e-06
INDOLE_ACETATE_AUXIN	4462	HMDB	HMDB0000197_26_shen	Indoleacetic acid	inchikey_connectivity_formula_mass	2	FALSE	TRUE	1.30000898934668e-09	3.2500224733667e-06
INDOLE_ACETATE_AUXIN	4463	HMDB	HMDB0000197_27_shen	Indoleacetic acid	inchikey_connectivity_formula_mass	2	FALSE	TRUE	1.30000898934668e-09	3.2500224733667e-06
INDOLE_ACETATE_AUXIN	4464	HMDB	HMDB0000197_28_shen	Indoleacetic acid	inchikey_connectivity_formula_mass	2	FALSE	TRUE	1.30000898934668e-09	3.2500224733667e-06
INDOLE_ACETATE_AUXIN	4465	HMDB	HMDB0000197_29_shen	Indoleacetic acid	inchikey_connectivity_formula_mass	2	FALSE	TRUE	1.30000898934668e-09	3.2500224733667e-06
INDOLE_ACETATE_AUXIN	4466	HMDB	HMDB0000197_30_shen	Indoleacetic acid	inchikey_connectivity_formula_mass	2	FALSE	TRUE	1.30000898934668e-09	3.2500224733667e-06
INDOLE_ACETATE_AUXIN	4467	HMDB	HMDB0000197_31_shen	Indoleacetic acid	inchikey_connectivity_formula_mass	2	FALSE	TRUE	1.30000898934668e-09	3.2500224733667e-06
INDOLE_ACETATE_AUXIN	4468	HMDB	HMDB0000197_32_shen	Indoleacetic acid	inchikey_connectivity_formula_mass	2	FALSE	TRUE	1.30000898934668e-09	3.2500224733667e-06
INDOLE_ACETATE_AUXIN	4469	HMDB	HMDB0000197_33_shen	Indoleacetic acid	inchikey_connectivity_formula_mass	2	FALSE	TRUE	1.30000898934668e-09	3.2500224733667e-06
INDOLE_ACETATE_AUXIN	4470	HMDB	HMDB0000197_34_shen	Indoleacetic acid	inchikey_connectivity_formula_mass	2	FALSE	TRUE	1.30000898934668e-09	3.2500224733667e-06
INDOLE_ACETATE_AUXIN	4471	HMDB	HMDB0000197_35_shen	Indoleacetic acid	inchikey_connectivity_formula_mass	2	FALSE	TRUE	1.30000898934668e-09	3.2500224733667e-06
INDOLE_ACETATE_AUXIN	4472	HMDB	HMDB0000197_36_shen	Indoleacetic acid	inchikey_connectivity_formula_mass	2	FALSE	TRUE	1.30000898934668e-09	3.2500224733667e-06
INDOLE_ACETATE_AUXIN	4473	HMDB	HMDB0000197_37_shen	Indoleacetic acid	inchikey_connectivity_formula_mass	2	FALSE	TRUE	1.30000898934668e-09	3.2500224733667e-06
INDOLE_ACETATE_AUXIN	4474	HMDB	HMDB0000197_38_shen	Indoleacetic acid	inchikey_connectivity_formula_mass	2	FALSE	TRUE	1.30000898934668e-09	3.2500224733667e-06
INDOLE_ACETATE_AUXIN	4475	HMDB	HMDB0000197_39_shen	Indoleacetic acid	inchikey_connectivity_formula_mass	2	FALSE	TRUE	1.30000898934668e-09	3.2500224733667e-06
INDOLE_ACETATE_AUXIN	4476	HMDB	HMDB0000197_40_shen	Indoleacetic acid	inchikey_connectivity_formula_mass	2	FALSE	TRUE	1.30000898934668e-09	3.2500224733667e-06
INDOLE_ACETATE_AUXIN	4477	HMDB	HMDB0000197_41_shen	Indoleacetic acid	inchikey_connectivity_formula_mass	2	FALSE	TRUE	1.30000898934668e-09	3.2500224733667e-06
INDOLE_ACETATE_AUXIN	4478	HMDB	HMDB0000197_42_shen	Indoleacetic acid	inchikey_connectivity_formula_mass	2	FALSE	TRUE	1.30000898934668e-09	3.2500224733667e-06
INDOLE_ACETATE_AUXIN	4479	HMDB	HMDB0000197_43_shen	Indoleacetic acid	inchikey_connectivity_formula_mass	2	FALSE	TRUE	1.30000898934668e-09	3.2500224733667e-06
INDOLE_ACETATE_AUXIN	4480	HMDB	HMDB0000197_44_shen	Indoleacetic acid	inchikey_connectivity_formula_mass	2	FALSE	TRUE	1.30000898934668e-09	3.2500224733667e-06
INDOLE_ACETATE_AUXIN	4481	HMDB	HMDB0000197_45_shen	Indoleacetic acid	inchikey_connectivity_formula_mass	2	FALSE	TRUE	1.30000898934668e-09	3.2500224733667e-06
INDOLE_ACETATE_AUXIN	4482	HMDB	HMDB0000197_46_shen	Indoleacetic acid	inchikey_connectivity_formula_mass	2	FALSE	TRUE	1.30000898934668e-09	3.2500224733667e-06
INDOLE_ACETATE_AUXIN	4483	HMDB	HMDB0000197_47_shen	Indoleacetic acid	inchikey_connectivity_formula_mass	2	FALSE	TRUE	1.30000898934668e-09	3.2500224733667e-06
INDOLE_ACETATE_AUXIN	4484	HMDB	HMDB0000197_48_shen	Indoleacetic acid	inchikey_connectivity_formula_mass	2	FALSE	TRUE	1.30000898934668e-09	3.2500224733667e-06
INDOLE_ACETATE_AUXIN	4485	HMDB	HMDB0000197_49_shen	Indoleacetic acid	inchikey_connectivity_formula_mass	2	FALSE	TRUE	1.30000898934668e-09	3.2500224733667e-06
INDOLE_ACETATE_AUXIN	4486	HMDB	HMDB0000197_50_shen	Indoleacetic acid	inchikey_connectivity_formula_mass	2	FALSE	TRUE	1.30000898934668e-09	3.2500224733667e-06
INDOLE_ACETATE_AUXIN	4487	HMDB	HMDB0000197_51_shen	Indoleacetic acid	inchikey_connectivity_formula_mass	2	FALSE	TRUE	1.30000898934668e-09	3.2500224733667e-06
INDOLE_ACETATE_AUXIN	4488	HMDB	HMDB0000197_52_shen	Indoleacetic acid	inchikey_connectivity_formula_mass	2	FALSE	TRUE	1.30000898934668e-09	3.2500224733667e-06
INDOLE_ACETATE_AUXIN	4489	HMDB	HMDB0000197_53_shen	Indoleacetic acid	inchikey_connectivity_formula_mass	2	FALSE	TRUE	1.30000898934668e-09	3.2500224733667e-06
INDOLE_ACETATE_AUXIN	4490	HMDB	HMDB0000197_54_shen	Indoleacetic acid	inchikey_connectivity_formula_mass	2	FALSE	TRUE	1.30000898934668e-09	3.2500224733667e-06
INDOLE_ACETATE_AUXIN	4491	HMDB	HMDB0000197_55_shen	Indoleacetic acid	inchikey_connectivity_formula_mass	2	FALSE	TRUE	1.30000898934668e-09	3.2500224733667e-06
INDOLE_ACETATE_AUXIN	4492	HMDB	HMDB0000197_56_shen	Indoleacetic acid	inchikey_connectivity_formula_mass	2	FALSE	TRUE	1.30000898934668e-09	3.2500224733667e-06
INDOLE_ACETATE_AUXIN	4493	HMDB	HMDB0000197_57_shen	Indoleacetic acid	inchikey_connectivity_formula_mass	2	FALSE	TRUE	1.30000898934668e-09	3.2500224733667e-06
INDOLE_ACETATE_AUXIN	4494	HMDB	HMDB0000197_58_shen	Indoleacetic acid	inchikey_connectivity_formula_mass	2	FALSE	TRUE	1.30000898934668e-09	3.2500224733667e-06
INDOLE_ACETATE_AUXIN	4495	HMDB	HMDB0000197_59_shen	Indoleacetic acid	inchikey_connectivity_formula_mass	2	FALSE	TRUE	1.30000898934668e-09	3.2500224733667e-06
INDOLE_ACETATE_AUXIN	4496	HMDB	HMDB0000197_60_shen	Indoleacetic acid	inchikey_connectivity_formula_mass	2	FALSE	TRUE	1.30000898934668e-09	3.2500224733667e-06
INDOLE_ACETATE_AUXIN	4497	HMDB	HMDB0000197_61_shen	Indoleacetic acid	inchikey_connectivity_formula_mass	2	FALSE	TRUE	1.30000898934668e-09	3.2500224733667e-06
INDOLE_ACETATE_AUXIN	4498	HMDB	HMDB0000197_62_shen	Indoleacetic acid	inchikey_connectivity_formula_mass	2	FALSE	TRUE	1.30000898934668e-09	3.2500224733667e-06
INDOLE_ACETATE_AUXIN	4499	HMDB	HMDB0000197_63_shen	Indoleacetic acid	inchikey_connectivity_formula_mass	2	FALSE	TRUE	1.30000898934668e-09	3.2500224733667e-06
INDOLE_ACETATE_AUXIN	4500	HMDB	HMDB0000197_64_shen	Indoleacetic acid	inchikey_connectivity_formula_mass	2	FALSE	TRUE	1.30000898934668e-09	3.2500224733667e-06
INDOLE_ACETATE_AUXIN	4501	HMDB	HMDB0000197_65_shen	Indoleacetic acid	inchikey_connectivity_formula_mass	2	FALSE	TRUE	1.30000898934668e-09	3.2500224733667e-06
INDOLE_ACETATE_AUXIN	4502	HMDB	HMDB0000197_66_shen	Indoleacetic acid	inchikey_connectivity_formula_mass	2	FALSE	TRUE	1.30000898934668e-09	3.2500224733667e-06
INDOLE_ACETATE_AUXIN	4503	HMDB	HMDB0000197_67_shen	Indoleacetic acid	inchikey_connectivity_formula_mass	2	FALSE	TRUE	1.30000898934668e-09	3.2500224733667e-06
INDOLE_ACETATE_AUXIN	4504	HMDB	HMDB0000197_68_shen	Indoleacetic acid	inchikey_connectivity_formula_mass	2	FALSE	TRUE	1.30000898934668e-09	3.2500224733667e-06
INDOLE_ACETATE_AUXIN	4505	HMDB	HMDB0000197_69_shen	Indoleacetic acid	inchikey_connectivity_formula_mass	2	FALSE	TRUE	1.30000898934668e-09	3.2500224733667e-06
INDOLE_ACETATE_AUXIN	4506	HMDB	HMDB0000197_70_shen	Indoleacetic acid	inchikey_connectivity_formula_mass	2	FALSE	TRUE	1.30000898934668e-09	3.2500224733667e-06
INDOLE_ACETATE_AUXIN	4507	HMDB	HMDB0000197_71_shen	Indoleacetic acid	inchikey_connectivity_formula_mass	2	FALSE	TRUE	1.30000898934668e-09	3.2500224733667e-06
INDOLE_ACETATE_AUXIN	4508	HMDB	HMDB0000197_72_shen	Indoleacetic acid	inchikey_connectivity_formula_mass	2	FALSE	TRUE	1.30000898934668e-09	3.2500224733667e-06
INDOLE_ACETATE_AUXIN	4509	HMDB	HMDB0000197_73_shen	Indoleacetic acid	inchikey_connectivity_formula_mass	2	FALSE	TRUE	1.30000898934668e-09	3.2500224733667e-06
INDOLE_ACETATE_AUXIN	4510	HMDB	HMDB0000197_74_shen	Indoleacetic acid	inchikey_connectivity_formula_mass	2	FALSE	TRUE	1.30000898934668e-09	3.2500224733667e-06
INDOLE_ACETATE_AUXIN	4511	HMDB	HMDB0000197_75_shen	Indoleacetic acid	inchikey_connectivity_formula_mass	2	FALSE	TRUE	1.30000898934668e-09	3.2500224733667e-06
INDOLE_ACETATE_AUXIN	4512	HMDB	HMDB0000197_76_shen	Indoleacetic acid	inchikey_connectivity_formula_mass	2	FALSE	TRUE	1.30000898934668e-09	3.2500224733667e-06
INDOLE_ACETATE_AUXIN	4513	HMDB	HMDB0000197_77_shen	Indoleacetic acid	inchikey_connectivity_formula_mass	2	FALSE	TRUE	1.30000898934668e-09	3.2500224733667e-06
INDOLE_ACETATE_AUXIN	4514	HMDB	HMDB0000197_78_shen	Indoleacetic acid	inchikey_connectivity_formula_mass	2	FALSE	TRUE	1.30000898934668e-09	3.2500224733667e-06
INDOLE_ACETATE_AUXIN	4515	HMDB	HMDB0000197_79_shen	Indoleacetic acid	inchikey_connectivity_formula_mass	2	FALSE	TRUE	1.30000898934668e-09	3.2500224733667e-06
INDOLE_ACETATE_AUXIN	4516	HMDB	HMDB0000197_80_shen	Indoleacetic acid	inchikey_connectivity_formula_mass	2	FALSE	TRUE	1.30000898934668e-09	3.2500224733667e-06
INDOLE_ACETATE_AUXIN	4517	HMDB	HMDB0000197_81_shen	Indoleacetic acid	inchikey_connectivity_formula_mass	2	FALSE	TRUE	1.30000898934668e-09	3.2500224733667e-06
INDOLE_ACETATE_AUXIN	4518	HMDB	HMDB0000197_82_shen	Indoleacetic acid	inchikey_connectivity_formula_mass	2	FALSE	TRUE	1.30000898934668e-09	3.2500224733667e-06
PHENYL-PYRUVATE	4550	HMDB	HMDB0000205_1_shen	Phenylpyruvic acid	inchikey_connectivity_formula_mass	2	FALSE	TRUE	1.10000542008493e-09	2.75001355021232e-06
PHENYL-PYRUVATE	4551	HMDB	HMDB0000205_2_shen	Phenylpyruvic acid	inchikey_connectivity_formula_mass	2	FALSE	TRUE	1.10000542008493e-09	2.75001355021232e-06
PHENYL-PYRUVATE	4552	HMDB	HMDB0000205_3_shen	Phenylpyruvic acid	inchikey_connectivity_formula_mass	2	FALSE	TRUE	1.10000542008493e-09	2.75001355021232e-06
PHENYL-PYRUVATE	4553	HMDB	HMDB0000205_4_shen	Phenylpyruvic acid	inchikey_connectivity_formula_mass	2	FALSE	TRUE	1.10000542008493e-09	2.75001355021232e-06
PHENYL-PYRUVATE	4554	HMDB	HMDB0000205_5_shen	Phenylpyruvic acid	inchikey_connectivity_formula_mass	2	FALSE	TRUE	1.10000542008493e-09	2.75001355021232e-06
PHENYL-PYRUVATE	4555	HMDB	HMDB0000205_6_shen	Phenylpyruvic acid	inchikey_connectivity_formula_mass	2	FALSE	TRUE	1.10000542008493e-09	2.75001355021232e-06
OLEATE-CPD	4587	HMDB	HMDB0000207_1_shen	Oleic acid	inchikey_connectivity_formula_mass	2	FALSE	TRUE	3.60000740329269e-09	9.00001850823173e-06
OLEATE-CPD	4588	HMDB	HMDB0000207_2_shen	Oleic acid	inchikey_connectivity_formula_mass	2	FALSE	TRUE	3.60000740329269e-09	9.00001850823173e-06
OLEATE-CPD	4589	HMDB	HMDB0000207_3_shen	Oleic acid	inchikey_connectivity_formula_mass	2	FALSE	TRUE	3.60000740329269e-09	9.00001850823173e-06
OLEATE-CPD	4590	HMDB	HMDB0000207_4_shen	Oleic acid	inchikey_connectivity_formula_mass	2	FALSE	TRUE	3.60000740329269e-09	9.00001850823173e-06
OLEATE-CPD	4591	HMDB	HMDB0000207_5_shen	Oleic acid	inchikey_connectivity_formula_mass	2	FALSE	TRUE	3.60000740329269e-09	9.00001850823173e-06
OLEATE-CPD	4592	HMDB	HMDB0000207_6_shen	Oleic acid	inchikey_connectivity_formula_mass	2	FALSE	TRUE	3.60000740329269e-09	9.00001850823173e-06
OLEATE-CPD	4593	HMDB	HMDB0000207_7_shen	Oleic acid	inchikey_connectivity_formula_mass	2	FALSE	TRUE	3.60000740329269e-09	9.00001850823173e-06
OLEATE-CPD	4594	HMDB	HMDB0000207_8_shen	Oleic acid	inchikey_connectivity_formula_mass	2	FALSE	TRUE	3.60000740329269e-09	9.00001850823173e-06
OLEATE-CPD	4595	HMDB	HMDB0000207_9_shen	Oleic acid	inchikey_connectivity_formula_mass	2	FALSE	TRUE	3.60000740329269e-09	9.00001850823173e-06
OLEATE-CPD	4596	HMDB	HMDB0000207_10_shen	Oleic acid	inchikey_connectivity_formula_mass	2	FALSE	TRUE	3.60000740329269e-09	9.00001850823173e-06
OLEATE-CPD	4597	HMDB	HMDB0000207_11_shen	Oleic acid	inchikey_connectivity_formula_mass	2	FALSE	TRUE	3.60000740329269e-09	9.00001850823173e-06
OLEATE-CPD	4598	HMDB	HMDB0000207_12_shen	Oleic acid	inchikey_connectivity_formula_mass	2	FALSE	TRUE	3.60000740329269e-09	9.00001850823173e-06
OLEATE-CPD	4599	HMDB	HMDB0000207_13_shen	Oleic acid	inchikey_connectivity_formula_mass	2	FALSE	TRUE	3.60000740329269e-09	9.00001850823173e-06
OLEATE-CPD	4600	HMDB	HMDB0000207_14_shen	Oleic acid	inchikey_connectivity_formula_mass	2	FALSE	TRUE	3.60000740329269e-09	9.00001850823173e-06
OLEATE-CPD	4601	HMDB	HMDB0000207_15_shen	Oleic acid	inchikey_connectivity_formula_mass	2	FALSE	TRUE	3.60000740329269e-09	9.00001850823173e-06
OLEATE-CPD	4602	HMDB	HMDB0000207_16_shen	Oleic acid	inchikey_connectivity_formula_mass	2	FALSE	TRUE	3.60000740329269e-09	9.00001850823173e-06
OLEATE-CPD	4603	HMDB	HMDB0000207_17_shen	Oleic acid	inchikey_connectivity_formula_mass	2	FALSE	TRUE	3.60000740329269e-09	9.00001850823173e-06
OLEATE-CPD	4604	HMDB	HMDB0000207_18_shen	Oleic acid	inchikey_connectivity_formula_mass	2	FALSE	TRUE	3.60000740329269e-09	9.00001850823173e-06
OLEATE-CPD	4605	HMDB	HMDB0000207_19_shen	Oleic acid	inchikey_connectivity_formula_mass	2	FALSE	TRUE	3.60000740329269e-09	9.00001850823173e-06
OLEATE-CPD	4606	HMDB	HMDB0000207_20_shen	Oleic acid	inchikey_connectivity_formula_mass	2	FALSE	TRUE	3.60000740329269e-09	9.00001850823173e-06
OLEATE-CPD	4607	HMDB	HMDB0000207_21_shen	Oleic acid	inchikey_connectivity_formula_mass	2	FALSE	TRUE	3.60000740329269e-09	9.00001850823173e-06
OLEATE-CPD	4608	HMDB	HMDB0000207_22_shen	Oleic acid	inchikey_connectivity_formula_mass	2	FALSE	TRUE	3.60000740329269e-09	9.00001850823173e-06
OLEATE-CPD	4609	HMDB	HMDB0000207_23_shen	Oleic acid	inchikey_connectivity_formula_mass	2	FALSE	TRUE	3.60000740329269e-09	9.00001850823173e-06
OLEATE-CPD	4610	HMDB	HMDB0000207_24_shen	Oleic acid	inchikey_connectivity_formula_mass	2	FALSE	TRUE	3.60000740329269e-09	9.00001850823173e-06
OLEATE-CPD	4611	HMDB	HMDB0000207_25_shen	Oleic acid	inchikey_connectivity_formula_mass	2	FALSE	TRUE	3.60000740329269e-09	9.00001850823173e-06
OLEATE-CPD	4612	HMDB	HMDB0000207_26_shen	Oleic acid	inchikey_connectivity_formula_mass	2	FALSE	TRUE	3.60000740329269e-09	9.00001850823173e-06
OLEATE-CPD	4613	HMDB	HMDB0000207_27_shen	Oleic acid	inchikey_connectivity_formula_mass	2	FALSE	TRUE	3.60000740329269e-09	9.00001850823173e-06
2-KETOGLUTARATE	4614	HMDB	HMDB0000208_1_shen	Oxoglutaric acid	inchikey_connectivity_formula_mass	2	FALSE	TRUE	1.10000542008493e-09	2.75001355021232e-06
2-KETOGLUTARATE	4615	HMDB	HMDB0000208_2_shen	Oxoglutaric acid	inchikey_connectivity_formula_mass	2	FALSE	TRUE	1.10000542008493e-09	2.75001355021232e-06
2-KETOGLUTARATE	4616	HMDB	HMDB0000208_3_shen	Oxoglutaric acid	inchikey_connectivity_formula_mass	2	FALSE	TRUE	1.10000542008493e-09	2.75001355021232e-06
2-KETOGLUTARATE	4617	HMDB	HMDB0000208_4_shen	Oxoglutaric acid	inchikey_connectivity_formula_mass	2	FALSE	TRUE	1.10000542008493e-09	2.75001355021232e-06
2-KETOGLUTARATE	4618	HMDB	HMDB0000208_5_shen	Oxoglutaric acid	inchikey_connectivity_formula_mass	2	FALSE	TRUE	1.10000542008493e-09	2.75001355021232e-06
2-KETOGLUTARATE	4619	HMDB	HMDB0000208_6_shen	Oxoglutaric acid	inchikey_connectivity_formula_mass	2	FALSE	TRUE	1.10000542008493e-09	2.75001355021232e-06
2-KETOGLUTARATE	4620	HMDB	HMDB0000208_7_shen	Oxoglutaric acid	inchikey_connectivity_formula_mass	2	FALSE	TRUE	1.10000542008493e-09	2.75001355021232e-06
2-KETOGLUTARATE	4621	HMDB	HMDB0000208_8_shen	Oxoglutaric acid	inchikey_connectivity_formula_mass	2	FALSE	TRUE	1.10000542008493e-09	2.75001355021232e-06
2-KETOGLUTARATE	4622	HMDB	HMDB0000208_9_shen	Oxoglutaric acid	inchikey_connectivity_formula_mass	2	FALSE	TRUE	1.10000542008493e-09	2.75001355021232e-06
2-KETOGLUTARATE	4623	HMDB	HMDB0000208_10_shen	Oxoglutaric acid	inchikey_connectivity_formula_mass	2	FALSE	TRUE	1.10000542008493e-09	2.75001355021232e-06
2-KETOGLUTARATE	4624	HMDB	HMDB0000208_11_shen	Oxoglutaric acid	inchikey_connectivity_formula_mass	2	FALSE	TRUE	1.10000542008493e-09	2.75001355021232e-06
2-KETOGLUTARATE	4625	HMDB	HMDB0000208_12_shen	Oxoglutaric acid	inchikey_connectivity_formula_mass	2	FALSE	TRUE	1.10000542008493e-09	2.75001355021232e-06
2-KETOGLUTARATE	4626	HMDB	HMDB0000208_13_shen	Oxoglutaric acid	inchikey_connectivity_formula_mass	2	FALSE	TRUE	1.10000542008493e-09	2.75001355021232e-06
2-KETOGLUTARATE	4627	HMDB	HMDB0000208_14_shen	Oxoglutaric acid	inchikey_connectivity_formula_mass	2	FALSE	TRUE	1.10000542008493e-09	2.75001355021232e-06
2-KETOGLUTARATE	4628	HMDB	HMDB0000208_15_shen	Oxoglutaric acid	inchikey_connectivity_formula_mass	2	FALSE	TRUE	1.10000542008493e-09	2.75001355021232e-06
2-KETOGLUTARATE	4629	HMDB	HMDB0000208_16_shen	Oxoglutaric acid	inchikey_connectivity_formula_mass	2	FALSE	TRUE	1.10000542008493e-09	2.75001355021232e-06
2-KETOGLUTARATE	4630	HMDB	HMDB0000208_17_shen	Oxoglutaric acid	inchikey_connectivity_formula_mass	2	FALSE	TRUE	1.10000542008493e-09	2.75001355021232e-06
2-KETOGLUTARATE	4631	HMDB	HMDB0000208_18_shen	Oxoglutaric acid	inchikey_connectivity_formula_mass	2	FALSE	TRUE	1.10000542008493e-09	2.75001355021232e-06
2-KETOGLUTARATE	4632	HMDB	HMDB0000208_19_shen	Oxoglutaric acid	inchikey_connectivity_formula_mass	2	FALSE	TRUE	1.10000542008493e-09	2.75001355021232e-06
2-KETOGLUTARATE	4633	HMDB	HMDB0000208_20_shen	Oxoglutaric acid	inchikey_connectivity_formula_mass	2	FALSE	TRUE	1.10000542008493e-09	2.75001355021232e-06
2-KETOGLUTARATE	4634	HMDB	HMDB0000208_21_shen	Oxoglutaric acid	inchikey_connectivity_formula_mass	2	FALSE	TRUE	1.10000542008493e-09	2.75001355021232e-06
2-KETOGLUTARATE	4635	HMDB	HMDB0000208_22_shen	Oxoglutaric acid	inchikey_connectivity_formula_mass	2	FALSE	TRUE	1.10000542008493e-09	2.75001355021232e-06
2-KETOGLUTARATE	4636	HMDB	HMDB0000208_23_shen	Oxoglutaric acid	inchikey_connectivity_formula_mass	2	FALSE	TRUE	1.10000542008493e-09	2.75001355021232e-06
2-KETOGLUTARATE	4637	HMDB	HMDB0000208_24_shen	Oxoglutaric acid	inchikey_connectivity_formula_mass	2	FALSE	TRUE	1.10000542008493e-09	2.75001355021232e-06
2-KETOGLUTARATE	4638	HMDB	HMDB0000208_25_shen	Oxoglutaric acid	inchikey_connectivity_formula_mass	2	FALSE	TRUE	1.10000542008493e-09	2.75001355021232e-06
2-KETOGLUTARATE	4639	HMDB	HMDB0000208_26_shen	Oxoglutaric acid	inchikey_connectivity_formula_mass	2	FALSE	TRUE	1.10000542008493e-09	2.75001355021232e-06
2-KETOGLUTARATE	4640	HMDB	HMDB0000208_27_shen	Oxoglutaric acid	inchikey_connectivity_formula_mass	2	FALSE	TRUE	1.10000542008493e-09	2.75001355021232e-06
2-KETOGLUTARATE	4641	HMDB	HMDB0000208_28_shen	Oxoglutaric acid	inchikey_connectivity_formula_mass	2	FALSE	TRUE	1.10000542008493e-09	2.75001355021232e-06
2-KETOGLUTARATE	4642	HMDB	HMDB0000208_29_shen	Oxoglutaric acid	inchikey_connectivity_formula_mass	2	FALSE	TRUE	1.10000542008493e-09	2.75001355021232e-06
2-KETOGLUTARATE	4643	HMDB	HMDB0000208_30_shen	Oxoglutaric acid	inchikey_connectivity_formula_mass	2	FALSE	TRUE	1.10000542008493e-09	2.75001355021232e-06
2-KETOGLUTARATE	4644	HMDB	HMDB0000208_31_shen	Oxoglutaric acid	inchikey_connectivity_formula_mass	2	FALSE	TRUE	1.10000542008493e-09	2.75001355021232e-06
2-KETOGLUTARATE	4645	HMDB	HMDB0000208_32_shen	Oxoglutaric acid	inchikey_connectivity_formula_mass	2	FALSE	TRUE	1.10000542008493e-09	2.75001355021232e-06
2-KETOGLUTARATE	4646	HMDB	HMDB0000208_33_shen	Oxoglutaric acid	inchikey_connectivity_formula_mass	2	FALSE	TRUE	1.10000542008493e-09	2.75001355021232e-06
2-KETOGLUTARATE	4647	HMDB	HMDB0000208_34_shen	Oxoglutaric acid	inchikey_connectivity_formula_mass	2	FALSE	TRUE	1.10000542008493e-09	2.75001355021232e-06
2-KETOGLUTARATE	4648	HMDB	HMDB0000208_35_shen	Oxoglutaric acid	inchikey_connectivity_formula_mass	2	FALSE	TRUE	1.10000542008493e-09	2.75001355021232e-06
PANTOTHENATE	4660	HMDB	HMDB0000210_1_shen	Pantothenic acid	inchikey_connectivity_formula_mass	2	FALSE	TRUE	2.40004283114104e-09	6.00010707785259e-06
PANTOTHENATE	4661	HMDB	HMDB0000210_2_shen	Pantothenic acid	inchikey_connectivity_formula_mass	2	FALSE	TRUE	2.40004283114104e-09	6.00010707785259e-06
PANTOTHENATE	4662	HMDB	HMDB0000210_3_shen	Pantothenic acid	inchikey_connectivity_formula_mass	2	FALSE	TRUE	2.40004283114104e-09	6.00010707785259e-06
PANTOTHENATE	4663	HMDB	HMDB0000210_4_shen	Pantothenic acid	inchikey_connectivity_formula_mass	2	FALSE	TRUE	2.40004283114104e-09	6.00010707785259e-06
PANTOTHENATE	4664	HMDB	HMDB0000210_5_shen	Pantothenic acid	inchikey_connectivity_formula_mass	2	FALSE	TRUE	2.40004283114104e-09	6.00010707785259e-06
PANTOTHENATE	4665	HMDB	HMDB0000210_6_shen	Pantothenic acid	inchikey_connectivity_formula_mass	2	FALSE	TRUE	2.40004283114104e-09	6.00010707785259e-06
PANTOTHENATE	4666	HMDB	HMDB0000210_7_shen	Pantothenic acid	inchikey_connectivity_formula_mass	2	FALSE	TRUE	2.40004283114104e-09	6.00010707785259e-06
PANTOTHENATE	4667	HMDB	HMDB0000210_8_shen	Pantothenic acid	inchikey_connectivity_formula_mass	2	FALSE	TRUE	2.40004283114104e-09	6.00010707785259e-06
PANTOTHENATE	4668	HMDB	HMDB0000210_9_shen	Pantothenic acid	inchikey_connectivity_formula_mass	2	FALSE	TRUE	2.40004283114104e-09	6.00010707785259e-06
PANTOTHENATE	4669	HMDB	HMDB0000210_10_shen	Pantothenic acid	inchikey_connectivity_formula_mass	2	FALSE	TRUE	2.40004283114104e-09	6.00010707785259e-06
PANTOTHENATE	4670	HMDB	HMDB0000210_11_shen	Pantothenic acid	inchikey_connectivity_formula_mass	2	FALSE	TRUE	2.40004283114104e-09	6.00010707785259e-06
PANTOTHENATE	4671	HMDB	HMDB0000210_12_shen	Pantothenic acid	inchikey_connectivity_formula_mass	2	FALSE	TRUE	2.40004283114104e-09	6.00010707785259e-06
PANTOTHENATE	4672	HMDB	HMDB0000210_13_shen	Pantothenic acid	inchikey_connectivity_formula_mass	2	FALSE	TRUE	2.40004283114104e-09	6.00010707785259e-06
PANTOTHENATE	4673	HMDB	HMDB0000210_14_shen	Pantothenic acid	inchikey_connectivity_formula_mass	2	FALSE	TRUE	2.40004283114104e-09	6.00010707785259e-06
PANTOTHENATE	4674	HMDB	HMDB0000210_15_shen	Pantothenic acid	inchikey_connectivity_formula_mass	2	FALSE	TRUE	2.40004283114104e-09	6.00010707785259e-06
PANTOTHENATE	4675	HMDB	HMDB0000210_16_shen	Pantothenic acid	inchikey_connectivity_formula_mass	2	FALSE	TRUE	2.40004283114104e-09	6.00010707785259e-06
PANTOTHENATE	4676	HMDB	HMDB0000210_17_shen	Pantothenic acid	inchikey_connectivity_formula_mass	2	FALSE	TRUE	2.40004283114104e-09	6.00010707785259e-06
PANTOTHENATE	4677	HMDB	HMDB0000210_18_shen	Pantothenic acid	inchikey_connectivity_formula_mass	2	FALSE	TRUE	2.40004283114104e-09	6.00010707785259e-06
PANTOTHENATE	4678	HMDB	HMDB0000210_19_shen	Pantothenic acid	inchikey_connectivity_formula_mass	2	FALSE	TRUE	2.40004283114104e-09	6.00010707785259e-06
PANTOTHENATE	4679	HMDB	HMDB0000210_20_shen	Pantothenic acid	inchikey_connectivity_formula_mass	2	FALSE	TRUE	2.40004283114104e-09	6.00010707785259e-06
PANTOTHENATE	4680	HMDB	HMDB0000210_21_shen	Pantothenic acid	inchikey_connectivity_formula_mass	2	FALSE	TRUE	2.40004283114104e-09	6.00010707785259e-06
PANTOTHENATE	4681	HMDB	HMDB0000210_22_shen	Pantothenic acid	inchikey_connectivity_formula_mass	2	FALSE	TRUE	2.40004283114104e-09	6.00010707785259e-06
PANTOTHENATE	4682	HMDB	HMDB0000210_23_shen	Pantothenic acid	inchikey_connectivity_formula_mass	2	FALSE	TRUE	2.40004283114104e-09	6.00010707785259e-06
PANTOTHENATE	4683	HMDB	HMDB0000210_24_shen	Pantothenic acid	inchikey_connectivity_formula_mass	2	FALSE	TRUE	2.40004283114104e-09	6.00010707785259e-06
PANTOTHENATE	4684	HMDB	HMDB0000210_25_shen	Pantothenic acid	inchikey_connectivity_formula_mass	2	FALSE	TRUE	2.40004283114104e-09	6.00010707785259e-06
PANTOTHENATE	4685	HMDB	HMDB0000210_26_shen	Pantothenic acid	inchikey_connectivity_formula_mass	2	FALSE	TRUE	2.40004283114104e-09	6.00010707785259e-06
PANTOTHENATE	4686	HMDB	HMDB0000210_27_shen	Pantothenic acid	inchikey_connectivity_formula_mass	2	FALSE	TRUE	2.40004283114104e-09	6.00010707785259e-06
PANTOTHENATE	4687	HMDB	HMDB0000210_28_shen	Pantothenic acid	inchikey_connectivity_formula_mass	2	FALSE	TRUE	2.40004283114104e-09	6.00010707785259e-06
PANTOTHENATE	4688	HMDB	HMDB0000210_29_shen	Pantothenic acid	inchikey_connectivity_formula_mass	2	FALSE	TRUE	2.40004283114104e-09	6.00010707785259e-06
PANTOTHENATE	4689	HMDB	HMDB0000210_30_shen	Pantothenic acid	inchikey_connectivity_formula_mass	2	FALSE	TRUE	2.40004283114104e-09	6.00010707785259e-06
PANTOTHENATE	4690	HMDB	HMDB0000210_31_shen	Pantothenic acid	inchikey_connectivity_formula_mass	2	FALSE	TRUE	2.40004283114104e-09	6.00010707785259e-06
PANTOTHENATE	4691	HMDB	HMDB0000210_32_shen	Pantothenic acid	inchikey_connectivity_formula_mass	2	FALSE	TRUE	2.40004283114104e-09	6.00010707785259e-06
PANTOTHENATE	4692	HMDB	HMDB0000210_33_shen	Pantothenic acid	inchikey_connectivity_formula_mass	2	FALSE	TRUE	2.40004283114104e-09	6.00010707785259e-06
PANTOTHENATE	4693	HMDB	HMDB0000210_34_shen	Pantothenic acid	inchikey_connectivity_formula_mass	2	FALSE	TRUE	2.40004283114104e-09	6.00010707785259e-06
PANTOTHENATE	4694	HMDB	HMDB0000210_35_shen	Pantothenic acid	inchikey_connectivity_formula_mass	2	FALSE	TRUE	2.40004283114104e-09	6.00010707785259e-06
PANTOTHENATE	4695	HMDB	HMDB0000210_36_shen	Pantothenic acid	inchikey_connectivity_formula_mass	2	FALSE	TRUE	2.40004283114104e-09	6.00010707785259e-06
PANTOTHENATE	4696	HMDB	HMDB0000210_37_shen	Pantothenic acid	inchikey_connectivity_formula_mass	2	FALSE	TRUE	2.40004283114104e-09	6.00010707785259e-06
PANTOTHENATE	4697	HMDB	HMDB0000210_38_shen	Pantothenic acid	inchikey_connectivity_formula_mass	2	FALSE	TRUE	2.40004283114104e-09	6.00010707785259e-06
PANTOTHENATE	4698	HMDB	HMDB0000210_39_shen	Pantothenic acid	inchikey_connectivity_formula_mass	2	FALSE	TRUE	2.40004283114104e-09	6.00010707785259e-06
PANTOTHENATE	4699	HMDB	HMDB0000210_40_shen	Pantothenic acid	inchikey_connectivity_formula_mass	2	FALSE	TRUE	2.40004283114104e-09	6.00010707785259e-06
PANTOTHENATE	4700	HMDB	HMDB0000210_41_shen	Pantothenic acid	inchikey_connectivity_formula_mass	2	FALSE	TRUE	2.40004283114104e-09	6.00010707785259e-06
PANTOTHENATE	4701	HMDB	HMDB0000210_42_shen	Pantothenic acid	inchikey_connectivity_formula_mass	2	FALSE	TRUE	2.40004283114104e-09	6.00010707785259e-06
PANTOTHENATE	4702	HMDB	HMDB0000210_43_shen	Pantothenic acid	inchikey_connectivity_formula_mass	2	FALSE	TRUE	2.40004283114104e-09	6.00010707785259e-06
PANTOTHENATE	4703	HMDB	HMDB0000210_44_shen	Pantothenic acid	inchikey_connectivity_formula_mass	2	FALSE	TRUE	2.40004283114104e-09	6.00010707785259e-06
PANTOTHENATE	4704	HMDB	HMDB0000210_45_shen	Pantothenic acid	inchikey_connectivity_formula_mass	2	FALSE	TRUE	2.40004283114104e-09	6.00010707785259e-06
PANTOTHENATE	4705	HMDB	HMDB0000210_46_shen	Pantothenic acid	inchikey_connectivity_formula_mass	2	FALSE	TRUE	2.40004283114104e-09	6.00010707785259e-06
PANTOTHENATE	4706	HMDB	HMDB0000210_47_shen	Pantothenic acid	inchikey_connectivity_formula_mass	2	FALSE	TRUE	2.40004283114104e-09	6.00010707785259e-06
PANTOTHENATE	4707	HMDB	HMDB0000210_48_shen	Pantothenic acid	inchikey_connectivity_formula_mass	2	FALSE	TRUE	2.40004283114104e-09	6.00010707785259e-06
PANTOTHENATE	4708	HMDB	HMDB0000210_49_shen	Pantothenic acid	inchikey_connectivity_formula_mass	2	FALSE	TRUE	2.40004283114104e-09	6.00010707785259e-06
PANTOTHENATE	4709	HMDB	HMDB0000210_50_shen	Pantothenic acid	inchikey_connectivity_formula_mass	2	FALSE	TRUE	2.40004283114104e-09	6.00010707785259e-06
PANTOTHENATE	4710	HMDB	HMDB0000210_51_shen	Pantothenic acid	inchikey_connectivity_formula_mass	2	FALSE	TRUE	2.40004283114104e-09	6.00010707785259e-06
PANTOTHENATE	4711	HMDB	HMDB0000210_52_shen	Pantothenic acid	inchikey_connectivity_formula_mass	2	FALSE	TRUE	2.40004283114104e-09	6.00010707785259e-06
PANTOTHENATE	4712	HMDB	HMDB0000210_53_shen	Pantothenic acid	inchikey_connectivity_formula_mass	2	FALSE	TRUE	2.40004283114104e-09	6.00010707785259e-06
PANTOTHENATE	4713	HMDB	HMDB0000210_54_shen	Pantothenic acid	inchikey_connectivity_formula_mass	2	FALSE	TRUE	2.40004283114104e-09	6.00010707785259e-06
PANTOTHENATE	4714	HMDB	HMDB0000210_55_shen	Pantothenic acid	inchikey_connectivity_formula_mass	2	FALSE	TRUE	2.40004283114104e-09	6.00010707785259e-06
PANTOTHENATE	4715	HMDB	HMDB0000210_56_shen	Pantothenic acid	inchikey_connectivity_formula_mass	2	FALSE	TRUE	2.40004283114104e-09	6.00010707785259e-06
PANTOTHENATE	4716	HMDB	HMDB0000210_57_shen	Pantothenic acid	inchikey_connectivity_formula_mass	2	FALSE	TRUE	2.40004283114104e-09	6.00010707785259e-06
PANTOTHENATE	4717	HMDB	HMDB0000210_58_shen	Pantothenic acid	inchikey_connectivity_formula_mass	2	FALSE	TRUE	2.40004283114104e-09	6.00010707785259e-06
PANTOTHENATE	4718	HMDB	HMDB0000210_59_shen	Pantothenic acid	inchikey_connectivity_formula_mass	2	FALSE	TRUE	2.40004283114104e-09	6.00010707785259e-06
PANTOTHENATE	4719	HMDB	HMDB0000210_60_shen	Pantothenic acid	inchikey_connectivity_formula_mass	2	FALSE	TRUE	2.40004283114104e-09	6.00010707785259e-06
PANTOTHENATE	4720	HMDB	HMDB0000210_61_shen	Pantothenic acid	inchikey_connectivity_formula_mass	2	FALSE	TRUE	2.40004283114104e-09	6.00010707785259e-06
PANTOTHENATE	4721	HMDB	HMDB0000210_62_shen	Pantothenic acid	inchikey_connectivity_formula_mass	2	FALSE	TRUE	2.40004283114104e-09	6.00010707785259e-06
PANTOTHENATE	4722	HMDB	HMDB0000210_63_shen	Pantothenic acid	inchikey_connectivity_formula_mass	2	FALSE	TRUE	2.40004283114104e-09	6.00010707785259e-06
PANTOTHENATE	4723	HMDB	HMDB0000210_64_shen	Pantothenic acid	inchikey_connectivity_formula_mass	2	FALSE	TRUE	2.40004283114104e-09	6.00010707785259e-06
PANTOTHENATE	4724	HMDB	HMDB0000210_65_shen	Pantothenic acid	inchikey_connectivity_formula_mass	2	FALSE	TRUE	2.40004283114104e-09	6.00010707785259e-06
PANTOTHENATE	4725	HMDB	HMDB0000210_66_shen	Pantothenic acid	inchikey_connectivity_formula_mass	2	FALSE	TRUE	2.40004283114104e-09	6.00010707785259e-06
PANTOTHENATE	4726	HMDB	HMDB0000210_67_shen	Pantothenic acid	inchikey_connectivity_formula_mass	2	FALSE	TRUE	2.40004283114104e-09	6.00010707785259e-06
MYO-INOSITOL	4727	HMDB	HMDB0000211_1_shen	myo-Inositol	inchikey	1	TRUE	TRUE	1.80000370164635e-09	4.50000925411587e-06
MYO-INOSITOL	4728	HMDB	HMDB0000211_2_shen	myo-Inositol	inchikey	1	TRUE	TRUE	1.80000370164635e-09	4.50000925411587e-06
MYO-INOSITOL	4729	HMDB	HMDB0000211_3_shen	myo-Inositol	inchikey	1	TRUE	TRUE	1.80000370164635e-09	4.50000925411587e-06
MYO-INOSITOL	4730	HMDB	HMDB0000211_4_shen	myo-Inositol	inchikey	1	TRUE	TRUE	1.80000370164635e-09	4.50000925411587e-06
MYO-INOSITOL	4731	HMDB	HMDB0000211_5_shen	myo-Inositol	inchikey	1	TRUE	TRUE	1.80000370164635e-09	4.50000925411587e-06
MYO-INOSITOL	4732	HMDB	HMDB0000211_6_shen	myo-Inositol	inchikey	1	TRUE	TRUE	1.80000370164635e-09	4.50000925411587e-06
MYO-INOSITOL	4733	HMDB	HMDB0000211_7_shen	myo-Inositol	inchikey	1	TRUE	TRUE	1.80000370164635e-09	4.50000925411587e-06
MYO-INOSITOL	4734	HMDB	HMDB0000211_8_shen	myo-Inositol	inchikey	1	TRUE	TRUE	1.80000370164635e-09	4.50000925411587e-06
MYO-INOSITOL	4735	HMDB	HMDB0000211_9_shen	myo-Inositol	inchikey	1	TRUE	TRUE	1.80000370164635e-09	4.50000925411587e-06
MYO-INOSITOL	4736	HMDB	HMDB0000211_10_shen	myo-Inositol	inchikey	1	TRUE	TRUE	1.80000370164635e-09	4.50000925411587e-06
MYO-INOSITOL	4737	HMDB	HMDB0000211_11_shen	myo-Inositol	inchikey	1	TRUE	TRUE	1.80000370164635e-09	4.50000925411587e-06
MYO-INOSITOL	4738	HMDB	HMDB0000211_12_shen	myo-Inositol	inchikey	1	TRUE	TRUE	1.80000370164635e-09	4.50000925411587e-06
MYO-INOSITOL	4739	HMDB	HMDB0000211_13_shen	myo-Inositol	inchikey	1	TRUE	TRUE	1.80000370164635e-09	4.50000925411587e-06
MYO-INOSITOL	4740	HMDB	HMDB0000211_14_shen	myo-Inositol	inchikey	1	TRUE	TRUE	1.80000370164635e-09	4.50000925411587e-06
MYO-INOSITOL	4741	HMDB	HMDB0000211_15_shen	myo-Inositol	inchikey	1	TRUE	TRUE	1.80000370164635e-09	4.50000925411587e-06
MYO-INOSITOL	4742	HMDB	HMDB0000211_16_shen	myo-Inositol	inchikey	1	TRUE	TRUE	1.80000370164635e-09	4.50000925411587e-06
MYO-INOSITOL	4743	HMDB	HMDB0000211_17_shen	myo-Inositol	inchikey	1	TRUE	TRUE	1.80000370164635e-09	4.50000925411587e-06
MYO-INOSITOL	4744	HMDB	HMDB0000211_18_shen	myo-Inositol	inchikey	1	TRUE	TRUE	1.80000370164635e-09	4.50000925411587e-06
MYO-INOSITOL	4745	HMDB	HMDB0000211_19_shen	myo-Inositol	inchikey	1	TRUE	TRUE	1.80000370164635e-09	4.50000925411587e-06
MYO-INOSITOL	4746	HMDB	HMDB0000211_20_shen	myo-Inositol	inchikey	1	TRUE	TRUE	1.80000370164635e-09	4.50000925411587e-06
MYO-INOSITOL	4747	HMDB	HMDB0000211_21_shen	myo-Inositol	inchikey	1	TRUE	TRUE	1.80000370164635e-09	4.50000925411587e-06
MYO-INOSITOL	4748	HMDB	HMDB0000211_22_shen	myo-Inositol	inchikey	1	TRUE	TRUE	1.80000370164635e-09	4.50000925411587e-06
MYO-INOSITOL	4749	HMDB	HMDB0000211_23_shen	myo-Inositol	inchikey	1	TRUE	TRUE	1.80000370164635e-09	4.50000925411587e-06
MYO-INOSITOL	4750	HMDB	HMDB0000211_24_shen	myo-Inositol	inchikey	1	TRUE	TRUE	1.80000370164635e-09	4.50000925411587e-06
MYO-INOSITOL	4751	HMDB	HMDB0000211_25_shen	myo-Inositol	inchikey	1	TRUE	TRUE	1.80000370164635e-09	4.50000925411587e-06
MYO-INOSITOL	4752	HMDB	HMDB0000211_26_shen	myo-Inositol	inchikey	1	TRUE	TRUE	1.80000370164635e-09	4.50000925411587e-06
MYO-INOSITOL	4753	HMDB	HMDB0000211_27_shen	myo-Inositol	inchikey	1	TRUE	TRUE	1.80000370164635e-09	4.50000925411587e-06
MYO-INOSITOL	4754	HMDB	HMDB0000211_28_shen	myo-Inositol	inchikey	1	TRUE	TRUE	1.80000370164635e-09	4.50000925411587e-06
MYO-INOSITOL	4755	HMDB	HMDB0000211_29_shen	myo-Inositol	inchikey	1	TRUE	TRUE	1.80000370164635e-09	4.50000925411587e-06
MYO-INOSITOL	4756	HMDB	HMDB0000211_30_shen	myo-Inositol	inchikey	1	TRUE	TRUE	1.80000370164635e-09	4.50000925411587e-06
MYO-INOSITOL	4757	HMDB	HMDB0000211_31_shen	myo-Inositol	inchikey	1	TRUE	TRUE	1.80000370164635e-09	4.50000925411587e-06
MYO-INOSITOL	4758	HMDB	HMDB0000211_32_shen	myo-Inositol	inchikey	1	TRUE	TRUE	1.80000370164635e-09	4.50000925411587e-06
MYO-INOSITOL	4759	HMDB	HMDB0000211_33_shen	myo-Inositol	inchikey	1	TRUE	TRUE	1.80000370164635e-09	4.50000925411587e-06
MYO-INOSITOL	4760	HMDB	HMDB0000211_34_shen	myo-Inositol	inchikey	1	TRUE	TRUE	1.80000370164635e-09	4.50000925411587e-06
MYO-INOSITOL	4761	HMDB	HMDB0000211_35_shen	myo-Inositol	inchikey	1	TRUE	TRUE	1.80000370164635e-09	4.50000925411587e-06
MYO-INOSITOL	4762	HMDB	HMDB0000211_36_shen	myo-Inositol	inchikey	1	TRUE	TRUE	1.80000370164635e-09	4.50000925411587e-06
MYO-INOSITOL	4763	HMDB	HMDB0000211_37_shen	myo-Inositol	inchikey	1	TRUE	TRUE	1.80000370164635e-09	4.50000925411587e-06
MYO-INOSITOL	4764	HMDB	HMDB0000211_38_shen	myo-Inositol	inchikey	1	TRUE	TRUE	1.80000370164635e-09	4.50000925411587e-06
MYO-INOSITOL	4765	HMDB	HMDB0000211_39_shen	myo-Inositol	inchikey	1	TRUE	TRUE	1.80000370164635e-09	4.50000925411587e-06
MYO-INOSITOL	4766	HMDB	HMDB0000211_40_shen	myo-Inositol	inchikey	1	TRUE	TRUE	1.80000370164635e-09	4.50000925411587e-06
MYO-INOSITOL	4767	HMDB	HMDB0000211_41_shen	myo-Inositol	inchikey	1	TRUE	TRUE	1.80000370164635e-09	4.50000925411587e-06
MYO-INOSITOL	4768	HMDB	HMDB0000211_42_shen	myo-Inositol	inchikey	1	TRUE	TRUE	1.80000370164635e-09	4.50000925411587e-06
MYO-INOSITOL	4769	HMDB	HMDB0000211_43_shen	myo-Inositol	inchikey	1	TRUE	TRUE	1.80000370164635e-09	4.50000925411587e-06
MYO-INOSITOL	4770	HMDB	HMDB0000211_44_shen	myo-Inositol	inchikey	1	TRUE	TRUE	1.80000370164635e-09	4.50000925411587e-06
MYO-INOSITOL	4771	HMDB	HMDB0000211_45_shen	myo-Inositol	inchikey	1	TRUE	TRUE	1.80000370164635e-09	4.50000925411587e-06
MYO-INOSITOL	4772	HMDB	HMDB0000211_46_shen	myo-Inositol	inchikey	1	TRUE	TRUE	1.80000370164635e-09	4.50000925411587e-06
MYO-INOSITOL	4773	HMDB	HMDB0000211_47_shen	myo-Inositol	inchikey	1	TRUE	TRUE	1.80000370164635e-09	4.50000925411587e-06
MYO-INOSITOL	4774	HMDB	HMDB0000211_48_shen	myo-Inositol	inchikey	1	TRUE	TRUE	1.80000370164635e-09	4.50000925411587e-06
MYO-INOSITOL	4775	HMDB	HMDB0000211_49_shen	myo-Inositol	inchikey	1	TRUE	TRUE	1.80000370164635e-09	4.50000925411587e-06
MYO-INOSITOL	4776	HMDB	HMDB0000211_50_shen	myo-Inositol	inchikey	1	TRUE	TRUE	1.80000370164635e-09	4.50000925411587e-06
MYO-INOSITOL	4777	HMDB	HMDB0000211_51_shen	myo-Inositol	inchikey	1	TRUE	TRUE	1.80000370164635e-09	4.50000925411587e-06
MYO-INOSITOL	4778	HMDB	HMDB0000211_52_shen	myo-Inositol	inchikey	1	TRUE	TRUE	1.80000370164635e-09	4.50000925411587e-06
MYO-INOSITOL	4779	HMDB	HMDB0000211_53_shen	myo-Inositol	inchikey	1	TRUE	TRUE	1.80000370164635e-09	4.50000925411587e-06
MYO-INOSITOL	4780	HMDB	HMDB0000211_54_shen	myo-Inositol	inchikey	1	TRUE	TRUE	1.80000370164635e-09	4.50000925411587e-06
MYO-INOSITOL	4781	HMDB	HMDB0000211_55_shen	myo-Inositol	inchikey	1	TRUE	TRUE	1.80000370164635e-09	4.50000925411587e-06
MYO-INOSITOL	4782	HMDB	HMDB0000211_56_shen	myo-Inositol	inchikey	1	TRUE	TRUE	1.80000370164635e-09	4.50000925411587e-06
MYO-INOSITOL	4783	HMDB	HMDB0000211_57_shen	myo-Inositol	inchikey	1	TRUE	TRUE	1.80000370164635e-09	4.50000925411587e-06
MYO-INOSITOL	4784	HMDB	HMDB0000211_58_shen	myo-Inositol	inchikey	1	TRUE	TRUE	1.80000370164635e-09	4.50000925411587e-06
MYO-INOSITOL	4785	HMDB	HMDB0000211_59_shen	myo-Inositol	inchikey	1	TRUE	TRUE	1.80000370164635e-09	4.50000925411587e-06
MYO-INOSITOL	4786	HMDB	HMDB0000211_60_shen	myo-Inositol	inchikey	1	TRUE	TRUE	1.80000370164635e-09	4.50000925411587e-06
MYO-INOSITOL	4787	HMDB	HMDB0000211_61_shen	myo-Inositol	inchikey	1	TRUE	TRUE	1.80000370164635e-09	4.50000925411587e-06
MYO-INOSITOL	4788	HMDB	HMDB0000211_62_shen	myo-Inositol	inchikey	1	TRUE	TRUE	1.80000370164635e-09	4.50000925411587e-06
MYO-INOSITOL	4789	HMDB	HMDB0000211_63_shen	myo-Inositol	inchikey	1	TRUE	TRUE	1.80000370164635e-09	4.50000925411587e-06
MYO-INOSITOL	4790	HMDB	HMDB0000211_64_shen	myo-Inositol	inchikey	1	TRUE	TRUE	1.80000370164635e-09	4.50000925411587e-06
MYO-INOSITOL	4791	HMDB	HMDB0000211_65_shen	myo-Inositol	inchikey	1	TRUE	TRUE	1.80000370164635e-09	4.50000925411587e-06
MYO-INOSITOL	4792	HMDB	HMDB0000211_66_shen	myo-Inositol	inchikey	1	TRUE	TRUE	1.80000370164635e-09	4.50000925411587e-06
MYO-INOSITOL	4793	HMDB	HMDB0000211_67_shen	myo-Inositol	inchikey	1	TRUE	TRUE	1.80000370164635e-09	4.50000925411587e-06
MYO-INOSITOL	4794	HMDB	HMDB0000211_68_shen	myo-Inositol	inchikey	1	TRUE	TRUE	1.80000370164635e-09	4.50000925411587e-06
MYO-INOSITOL	4795	HMDB	HMDB0000211_69_shen	myo-Inositol	inchikey	1	TRUE	TRUE	1.80000370164635e-09	4.50000925411587e-06
MYO-INOSITOL	4796	HMDB	HMDB0000211_70_shen	myo-Inositol	inchikey	1	TRUE	TRUE	1.80000370164635e-09	4.50000925411587e-06
MYO-INOSITOL	4797	HMDB	HMDB0000211_71_shen	myo-Inositol	inchikey	1	TRUE	TRUE	1.80000370164635e-09	4.50000925411587e-06
MYO-INOSITOL	4798	HMDB	HMDB0000211_72_shen	myo-Inositol	inchikey	1	TRUE	TRUE	1.80000370164635e-09	4.50000925411587e-06
MYO-INOSITOL	4799	HMDB	HMDB0000211_73_shen	myo-Inositol	inchikey	1	TRUE	TRUE	1.80000370164635e-09	4.50000925411587e-06
MYO-INOSITOL	4800	HMDB	HMDB0000211_74_shen	myo-Inositol	inchikey	1	TRUE	TRUE	1.80000370164635e-09	4.50000925411587e-06
MYO-INOSITOL	4801	HMDB	HMDB0000211_75_shen	myo-Inositol	inchikey	1	TRUE	TRUE	1.80000370164635e-09	4.50000925411587e-06
MYO-INOSITOL	4802	HMDB	HMDB0000211_76_shen	myo-Inositol	inchikey	1	TRUE	TRUE	1.80000370164635e-09	4.50000925411587e-06
MYO-INOSITOL	4803	HMDB	HMDB0000211_77_shen	myo-Inositol	inchikey	1	TRUE	TRUE	1.80000370164635e-09	4.50000925411587e-06
MYO-INOSITOL	4804	HMDB	HMDB0000211_78_shen	myo-Inositol	inchikey	1	TRUE	TRUE	1.80000370164635e-09	4.50000925411587e-06
MYO-INOSITOL	4805	HMDB	HMDB0000211_79_shen	myo-Inositol	inchikey	1	TRUE	TRUE	1.80000370164635e-09	4.50000925411587e-06
MYO-INOSITOL	4806	HMDB	HMDB0000211_80_shen	myo-Inositol	inchikey	1	TRUE	TRUE	1.80000370164635e-09	4.50000925411587e-06
MYO-INOSITOL	4807	HMDB	HMDB0000211_81_shen	myo-Inositol	inchikey	1	TRUE	TRUE	1.80000370164635e-09	4.50000925411587e-06
MYO-INOSITOL	4808	HMDB	HMDB0000211_82_shen	myo-Inositol	inchikey	1	TRUE	TRUE	1.80000370164635e-09	4.50000925411587e-06
MYO-INOSITOL	4809	HMDB	HMDB0000211_83_shen	myo-Inositol	inchikey	1	TRUE	TRUE	1.80000370164635e-09	4.50000925411587e-06
MYO-INOSITOL	4810	HMDB	HMDB0000211_84_shen	myo-Inositol	inchikey	1	TRUE	TRUE	1.80000370164635e-09	4.50000925411587e-06
MYO-INOSITOL	4811	HMDB	HMDB0000211_85_shen	myo-Inositol	inchikey	1	TRUE	TRUE	1.80000370164635e-09	4.50000925411587e-06
MYO-INOSITOL	4812	HMDB	HMDB0000211_86_shen	myo-Inositol	inchikey	1	TRUE	TRUE	1.80000370164635e-09	4.50000925411587e-06
MYO-INOSITOL	4813	HMDB	HMDB0000211_87_shen	myo-Inositol	inchikey	1	TRUE	TRUE	1.80000370164635e-09	4.50000925411587e-06
MYO-INOSITOL	4814	HMDB	HMDB0000211_88_shen	myo-Inositol	inchikey	1	TRUE	TRUE	1.80000370164635e-09	4.50000925411587e-06
MYO-INOSITOL	4815	HMDB	HMDB0000211_89_shen	myo-Inositol	inchikey	1	TRUE	TRUE	1.80000370164635e-09	4.50000925411587e-06
MYO-INOSITOL	4816	HMDB	HMDB0000211_90_shen	myo-Inositol	inchikey	1	TRUE	TRUE	1.80000370164635e-09	4.50000925411587e-06
MYO-INOSITOL	4817	HMDB	HMDB0000211_91_shen	myo-Inositol	inchikey	1	TRUE	TRUE	1.80000370164635e-09	4.50000925411587e-06
MYO-INOSITOL	4818	HMDB	HMDB0000211_92_shen	myo-Inositol	inchikey	1	TRUE	TRUE	1.80000370164635e-09	4.50000925411587e-06
MYO-INOSITOL	4819	HMDB	HMDB0000211_93_shen	myo-Inositol	inchikey	1	TRUE	TRUE	1.80000370164635e-09	4.50000925411587e-06
MYO-INOSITOL	4820	HMDB	HMDB0000211_94_shen	myo-Inositol	inchikey	1	TRUE	TRUE	1.80000370164635e-09	4.50000925411587e-06
MYO-INOSITOL	4821	HMDB	HMDB0000211_95_shen	myo-Inositol	inchikey	1	TRUE	TRUE	1.80000370164635e-09	4.50000925411587e-06
N-acetyl-D-galactosamine	4822	HMDB	HMDB0000212_1_shen	N-Acetylgalactosamine	name_formula_mass	4	TRUE	TRUE	2.29999841394601e-09	5.74999603486503e-06
N-acetyl-D-galactosamine	4823	HMDB	HMDB0000212_2_shen	N-Acetylgalactosamine	name_formula_mass	4	TRUE	TRUE	2.29999841394601e-09	5.74999603486503e-06
N-acetyl-D-galactosamine	4824	HMDB	HMDB0000212_3_shen	N-Acetylgalactosamine	name_formula_mass	4	TRUE	TRUE	2.29999841394601e-09	5.74999603486503e-06
N-acetyl-D-galactosamine	4825	HMDB	HMDB0000212_4_shen	N-Acetylgalactosamine	name_formula_mass	4	TRUE	TRUE	2.29999841394601e-09	5.74999603486503e-06
N-acetyl-D-galactosamine	4826	HMDB	HMDB0000212_5_shen	N-Acetylgalactosamine	name_formula_mass	4	TRUE	TRUE	2.29999841394601e-09	5.74999603486503e-06
N-acetyl-D-galactosamine	4827	HMDB	HMDB0000212_6_shen	N-Acetylgalactosamine	name_formula_mass	4	TRUE	TRUE	2.29999841394601e-09	5.74999603486503e-06
N-acetyl-D-galactosamine	4828	HMDB	HMDB0000212_7_shen	N-Acetylgalactosamine	name_formula_mass	4	TRUE	TRUE	2.29999841394601e-09	5.74999603486503e-06
N-acetyl-D-galactosamine	4829	HMDB	HMDB0000212_8_shen	N-Acetylgalactosamine	name_formula_mass	4	TRUE	TRUE	2.29999841394601e-09	5.74999603486503e-06
N-acetyl-D-galactosamine	4830	HMDB	HMDB0000212_9_shen	N-Acetylgalactosamine	name_formula_mass	4	TRUE	TRUE	2.29999841394601e-09	5.74999603486503e-06
N-acetyl-D-galactosamine	4831	HMDB	HMDB0000212_10_shen	N-Acetylgalactosamine	name_formula_mass	4	TRUE	TRUE	2.29999841394601e-09	5.74999603486503e-06
N-acetyl-D-galactosamine	4832	HMDB	HMDB0000212_11_shen	N-Acetylgalactosamine	name_formula_mass	4	TRUE	TRUE	2.29999841394601e-09	5.74999603486503e-06
N-acetyl-D-galactosamine	4833	HMDB	HMDB0000212_12_shen	N-Acetylgalactosamine	name_formula_mass	4	TRUE	TRUE	2.29999841394601e-09	5.74999603486503e-06
N-acetyl-D-galactosamine	4834	HMDB	HMDB0000212_13_shen	N-Acetylgalactosamine	name_formula_mass	4	TRUE	TRUE	2.29999841394601e-09	5.74999603486503e-06
N-acetyl-D-galactosamine	4835	HMDB	HMDB0000212_14_shen	N-Acetylgalactosamine	name_formula_mass	4	TRUE	TRUE	2.29999841394601e-09	5.74999603486503e-06
N-acetyl-D-galactosamine	4836	HMDB	HMDB0000212_15_shen	N-Acetylgalactosamine	name_formula_mass	4	TRUE	TRUE	2.29999841394601e-09	5.74999603486503e-06
L-ORNITHINE	4837	HMDB	HMDB0000214_1_shen	Ornithine	inchikey_connectivity_formula_mass	2	FALSE	TRUE	1.80000370164635e-09	4.50000925411587e-06
L-ORNITHINE	4838	HMDB	HMDB0000214_2_shen	Ornithine	inchikey_connectivity_formula_mass	2	FALSE	TRUE	1.80000370164635e-09	4.50000925411587e-06
L-ORNITHINE	4839	HMDB	HMDB0000214_3_shen	Ornithine	inchikey_connectivity_formula_mass	2	FALSE	TRUE	1.80000370164635e-09	4.50000925411587e-06
L-ORNITHINE	4840	HMDB	HMDB0000214_4_shen	Ornithine	inchikey_connectivity_formula_mass	2	FALSE	TRUE	1.80000370164635e-09	4.50000925411587e-06
L-ORNITHINE	4841	HMDB	HMDB0000214_5_shen	Ornithine	inchikey_connectivity_formula_mass	2	FALSE	TRUE	1.80000370164635e-09	4.50000925411587e-06
L-ORNITHINE	4842	HMDB	HMDB0000214_6_shen	Ornithine	inchikey_connectivity_formula_mass	2	FALSE	TRUE	1.80000370164635e-09	4.50000925411587e-06
L-ORNITHINE	4843	HMDB	HMDB0000214_7_shen	Ornithine	inchikey_connectivity_formula_mass	2	FALSE	TRUE	1.80000370164635e-09	4.50000925411587e-06
L-ORNITHINE	4844	HMDB	HMDB0000214_8_shen	Ornithine	inchikey_connectivity_formula_mass	2	FALSE	TRUE	1.80000370164635e-09	4.50000925411587e-06
L-ORNITHINE	4845	HMDB	HMDB0000214_9_shen	Ornithine	inchikey_connectivity_formula_mass	2	FALSE	TRUE	1.80000370164635e-09	4.50000925411587e-06
L-ORNITHINE	4846	HMDB	HMDB0000214_10_shen	Ornithine	inchikey_connectivity_formula_mass	2	FALSE	TRUE	1.80000370164635e-09	4.50000925411587e-06
L-ORNITHINE	4847	HMDB	HMDB0000214_11_shen	Ornithine	inchikey_connectivity_formula_mass	2	FALSE	TRUE	1.80000370164635e-09	4.50000925411587e-06
L-ORNITHINE	4848	HMDB	HMDB0000214_12_shen	Ornithine	inchikey_connectivity_formula_mass	2	FALSE	TRUE	1.80000370164635e-09	4.50000925411587e-06
L-ORNITHINE	4849	HMDB	HMDB0000214_13_shen	Ornithine	inchikey_connectivity_formula_mass	2	FALSE	TRUE	1.80000370164635e-09	4.50000925411587e-06
L-ORNITHINE	4850	HMDB	HMDB0000214_14_shen	Ornithine	inchikey_connectivity_formula_mass	2	FALSE	TRUE	1.80000370164635e-09	4.50000925411587e-06
L-ORNITHINE	4851	HMDB	HMDB0000214_15_shen	Ornithine	inchikey_connectivity_formula_mass	2	FALSE	TRUE	1.80000370164635e-09	4.50000925411587e-06
L-ORNITHINE	4852	HMDB	HMDB0000214_16_shen	Ornithine	inchikey_connectivity_formula_mass	2	FALSE	TRUE	1.80000370164635e-09	4.50000925411587e-06
L-ORNITHINE	4853	HMDB	HMDB0000214_17_shen	Ornithine	inchikey_connectivity_formula_mass	2	FALSE	TRUE	1.80000370164635e-09	4.50000925411587e-06
L-ORNITHINE	4854	HMDB	HMDB0000214_18_shen	Ornithine	inchikey_connectivity_formula_mass	2	FALSE	TRUE	1.80000370164635e-09	4.50000925411587e-06
L-ORNITHINE	4855	HMDB	HMDB0000214_19_shen	Ornithine	inchikey_connectivity_formula_mass	2	FALSE	TRUE	1.80000370164635e-09	4.50000925411587e-06
L-ORNITHINE	4856	HMDB	HMDB0000214_20_shen	Ornithine	inchikey_connectivity_formula_mass	2	FALSE	TRUE	1.80000370164635e-09	4.50000925411587e-06
L-ORNITHINE	4857	HMDB	HMDB0000214_21_shen	Ornithine	inchikey_connectivity_formula_mass	2	FALSE	TRUE	1.80000370164635e-09	4.50000925411587e-06
L-ORNITHINE	4858	HMDB	HMDB0000214_22_shen	Ornithine	inchikey_connectivity_formula_mass	2	FALSE	TRUE	1.80000370164635e-09	4.50000925411587e-06
L-ORNITHINE	4859	HMDB	HMDB0000214_23_shen	Ornithine	inchikey_connectivity_formula_mass	2	FALSE	TRUE	1.80000370164635e-09	4.50000925411587e-06
L-ORNITHINE	4860	HMDB	HMDB0000214_24_shen	Ornithine	inchikey_connectivity_formula_mass	2	FALSE	TRUE	1.80000370164635e-09	4.50000925411587e-06
L-ORNITHINE	4861	HMDB	HMDB0000214_25_shen	Ornithine	inchikey_connectivity_formula_mass	2	FALSE	TRUE	1.80000370164635e-09	4.50000925411587e-06
L-ORNITHINE	4862	HMDB	HMDB0000214_26_shen	Ornithine	inchikey_connectivity_formula_mass	2	FALSE	TRUE	1.80000370164635e-09	4.50000925411587e-06
L-ORNITHINE	4863	HMDB	HMDB0000214_27_shen	Ornithine	inchikey_connectivity_formula_mass	2	FALSE	TRUE	1.80000370164635e-09	4.50000925411587e-06
L-ORNITHINE	4864	HMDB	HMDB0000214_28_shen	Ornithine	inchikey_connectivity_formula_mass	2	FALSE	TRUE	1.80000370164635e-09	4.50000925411587e-06
L-ORNITHINE	4865	HMDB	HMDB0000214_29_shen	Ornithine	inchikey_connectivity_formula_mass	2	FALSE	TRUE	1.80000370164635e-09	4.50000925411587e-06
L-ORNITHINE	4866	HMDB	HMDB0000214_30_shen	Ornithine	inchikey_connectivity_formula_mass	2	FALSE	TRUE	1.80000370164635e-09	4.50000925411587e-06
L-ORNITHINE	4867	HMDB	HMDB0000214_31_shen	Ornithine	inchikey_connectivity_formula_mass	2	FALSE	TRUE	1.80000370164635e-09	4.50000925411587e-06
L-ORNITHINE	4868	HMDB	HMDB0000214_32_shen	Ornithine	inchikey_connectivity_formula_mass	2	FALSE	TRUE	1.80000370164635e-09	4.50000925411587e-06
L-ORNITHINE	4869	HMDB	HMDB0000214_33_shen	Ornithine	inchikey_connectivity_formula_mass	2	FALSE	TRUE	1.80000370164635e-09	4.50000925411587e-06
L-ORNITHINE	4870	HMDB	HMDB0000214_34_shen	Ornithine	inchikey_connectivity_formula_mass	2	FALSE	TRUE	1.80000370164635e-09	4.50000925411587e-06
L-ORNITHINE	4871	HMDB	HMDB0000214_35_shen	Ornithine	inchikey_connectivity_formula_mass	2	FALSE	TRUE	1.80000370164635e-09	4.50000925411587e-06
L-ORNITHINE	4872	HMDB	HMDB0000214_36_shen	Ornithine	inchikey_connectivity_formula_mass	2	FALSE	TRUE	1.80000370164635e-09	4.50000925411587e-06
L-ORNITHINE	4873	HMDB	HMDB0000214_37_shen	Ornithine	inchikey_connectivity_formula_mass	2	FALSE	TRUE	1.80000370164635e-09	4.50000925411587e-06
L-ORNITHINE	4874	HMDB	HMDB0000214_38_shen	Ornithine	inchikey_connectivity_formula_mass	2	FALSE	TRUE	1.80000370164635e-09	4.50000925411587e-06
L-ORNITHINE	4875	HMDB	HMDB0000214_39_shen	Ornithine	inchikey_connectivity_formula_mass	2	FALSE	TRUE	1.80000370164635e-09	4.50000925411587e-06
L-ORNITHINE	4876	HMDB	HMDB0000214_40_shen	Ornithine	inchikey_connectivity_formula_mass	2	FALSE	TRUE	1.80000370164635e-09	4.50000925411587e-06
L-ORNITHINE	4877	HMDB	HMDB0000214_41_shen	Ornithine	inchikey_connectivity_formula_mass	2	FALSE	TRUE	1.80000370164635e-09	4.50000925411587e-06
L-ORNITHINE	4878	HMDB	HMDB0000214_42_shen	Ornithine	inchikey_connectivity_formula_mass	2	FALSE	TRUE	1.80000370164635e-09	4.50000925411587e-06
L-ORNITHINE	4879	HMDB	HMDB0000214_43_shen	Ornithine	inchikey_connectivity_formula_mass	2	FALSE	TRUE	1.80000370164635e-09	4.50000925411587e-06
L-ORNITHINE	4880	HMDB	HMDB0000214_44_shen	Ornithine	inchikey_connectivity_formula_mass	2	FALSE	TRUE	1.80000370164635e-09	4.50000925411587e-06
L-ORNITHINE	4881	HMDB	HMDB0000214_45_shen	Ornithine	inchikey_connectivity_formula_mass	2	FALSE	TRUE	1.80000370164635e-09	4.50000925411587e-06
L-ORNITHINE	4882	HMDB	HMDB0000214_46_shen	Ornithine	inchikey_connectivity_formula_mass	2	FALSE	TRUE	1.80000370164635e-09	4.50000925411587e-06
L-ORNITHINE	4883	HMDB	HMDB0000214_47_shen	Ornithine	inchikey_connectivity_formula_mass	2	FALSE	TRUE	1.80000370164635e-09	4.50000925411587e-06
L-ORNITHINE	4884	HMDB	HMDB0000214_48_shen	Ornithine	inchikey_connectivity_formula_mass	2	FALSE	TRUE	1.80000370164635e-09	4.50000925411587e-06
L-ORNITHINE	4885	HMDB	HMDB0000214_49_shen	Ornithine	inchikey_connectivity_formula_mass	2	FALSE	TRUE	1.80000370164635e-09	4.50000925411587e-06
L-ORNITHINE	4886	HMDB	HMDB0000214_50_shen	Ornithine	inchikey_connectivity_formula_mass	2	FALSE	TRUE	1.80000370164635e-09	4.50000925411587e-06
L-ORNITHINE	4887	HMDB	HMDB0000214_51_shen	Ornithine	inchikey_connectivity_formula_mass	2	FALSE	TRUE	1.80000370164635e-09	4.50000925411587e-06
L-ORNITHINE	4888	HMDB	HMDB0000214_52_shen	Ornithine	inchikey_connectivity_formula_mass	2	FALSE	TRUE	1.80000370164635e-09	4.50000925411587e-06
L-ORNITHINE	4889	HMDB	HMDB0000214_53_shen	Ornithine	inchikey_connectivity_formula_mass	2	FALSE	TRUE	1.80000370164635e-09	4.50000925411587e-06
L-ORNITHINE	4890	HMDB	HMDB0000214_54_shen	Ornithine	inchikey_connectivity_formula_mass	2	FALSE	TRUE	1.80000370164635e-09	4.50000925411587e-06
L-ORNITHINE	4891	HMDB	HMDB0000214_55_shen	Ornithine	inchikey_connectivity_formula_mass	2	FALSE	TRUE	1.80000370164635e-09	4.50000925411587e-06
L-ORNITHINE	4892	HMDB	HMDB0000214_56_shen	Ornithine	inchikey_connectivity_formula_mass	2	FALSE	TRUE	1.80000370164635e-09	4.50000925411587e-06
L-ORNITHINE	4893	HMDB	HMDB0000214_57_shen	Ornithine	inchikey_connectivity_formula_mass	2	FALSE	TRUE	1.80000370164635e-09	4.50000925411587e-06
L-ORNITHINE	4894	HMDB	HMDB0000214_58_shen	Ornithine	inchikey_connectivity_formula_mass	2	FALSE	TRUE	1.80000370164635e-09	4.50000925411587e-06
L-ORNITHINE	4895	HMDB	HMDB0000214_59_shen	Ornithine	inchikey_connectivity_formula_mass	2	FALSE	TRUE	1.80000370164635e-09	4.50000925411587e-06
L-ORNITHINE	4896	HMDB	HMDB0000214_60_shen	Ornithine	inchikey_connectivity_formula_mass	2	FALSE	TRUE	1.80000370164635e-09	4.50000925411587e-06
L-ORNITHINE	4897	HMDB	HMDB0000214_61_shen	Ornithine	inchikey_connectivity_formula_mass	2	FALSE	TRUE	1.80000370164635e-09	4.50000925411587e-06
L-ORNITHINE	4898	HMDB	HMDB0000214_62_shen	Ornithine	inchikey_connectivity_formula_mass	2	FALSE	TRUE	1.80000370164635e-09	4.50000925411587e-06
L-ORNITHINE	4899	HMDB	HMDB0000214_63_shen	Ornithine	inchikey_connectivity_formula_mass	2	FALSE	TRUE	1.80000370164635e-09	4.50000925411587e-06
L-ORNITHINE	4900	HMDB	HMDB0000214_64_shen	Ornithine	inchikey_connectivity_formula_mass	2	FALSE	TRUE	1.80000370164635e-09	4.50000925411587e-06
N-acetyl-D-glucosamine	4901	HMDB	HMDB0000215_1_shen	N-Acetyl-D-glucosamine	inchikey	1	TRUE	TRUE	2.29999841394601e-09	5.74999603486503e-06
N-acetyl-D-glucosamine	4902	HMDB	HMDB0000215_2_shen	N-Acetyl-D-glucosamine	inchikey	1	TRUE	TRUE	2.29999841394601e-09	5.74999603486503e-06
N-acetyl-D-glucosamine	4903	HMDB	HMDB0000215_3_shen	N-Acetyl-D-glucosamine	inchikey	1	TRUE	TRUE	2.29999841394601e-09	5.74999603486503e-06
N-acetyl-D-glucosamine	4904	HMDB	HMDB0000215_4_shen	N-Acetyl-D-glucosamine	inchikey	1	TRUE	TRUE	2.29999841394601e-09	5.74999603486503e-06
N-acetyl-D-glucosamine	4905	HMDB	HMDB0000215_5_shen	N-Acetyl-D-glucosamine	inchikey	1	TRUE	TRUE	2.29999841394601e-09	5.74999603486503e-06
N-acetyl-D-glucosamine	4906	HMDB	HMDB0000215_6_shen	N-Acetyl-D-glucosamine	inchikey	1	TRUE	TRUE	2.29999841394601e-09	5.74999603486503e-06
N-acetyl-D-glucosamine	4907	HMDB	HMDB0000215_7_shen	N-Acetyl-D-glucosamine	inchikey	1	TRUE	TRUE	2.29999841394601e-09	5.74999603486503e-06
N-acetyl-D-glucosamine	4908	HMDB	HMDB0000215_8_shen	N-Acetyl-D-glucosamine	inchikey	1	TRUE	TRUE	2.29999841394601e-09	5.74999603486503e-06
N-acetyl-D-glucosamine	4909	HMDB	HMDB0000215_9_shen	N-Acetyl-D-glucosamine	inchikey	1	TRUE	TRUE	2.29999841394601e-09	5.74999603486503e-06
N-acetyl-D-glucosamine	4910	HMDB	HMDB0000215_10_shen	N-Acetyl-D-glucosamine	inchikey	1	TRUE	TRUE	2.29999841394601e-09	5.74999603486503e-06
N-acetyl-D-glucosamine	4911	HMDB	HMDB0000215_11_shen	N-Acetyl-D-glucosamine	inchikey	1	TRUE	TRUE	2.29999841394601e-09	5.74999603486503e-06
N-acetyl-D-glucosamine	4912	HMDB	HMDB0000215_12_shen	N-Acetyl-D-glucosamine	inchikey	1	TRUE	TRUE	2.29999841394601e-09	5.74999603486503e-06
PALMITATE	4953	HMDB	HMDB0000220_1_shen	Palmitic acid	inchikey_connectivity_formula_mass	2	FALSE	TRUE	3.39997541232151e-09	8.49993853080377e-06
PALMITATE	4954	HMDB	HMDB0000220_2_shen	Palmitic acid	inchikey_connectivity_formula_mass	2	FALSE	TRUE	3.39997541232151e-09	8.49993853080377e-06
PALMITATE	4955	HMDB	HMDB0000220_3_shen	Palmitic acid	inchikey_connectivity_formula_mass	2	FALSE	TRUE	3.39997541232151e-09	8.49993853080377e-06
PALMITATE	4956	HMDB	HMDB0000220_4_shen	Palmitic acid	inchikey_connectivity_formula_mass	2	FALSE	TRUE	3.39997541232151e-09	8.49993853080377e-06
PALMITATE	4957	HMDB	HMDB0000220_5_shen	Palmitic acid	inchikey_connectivity_formula_mass	2	FALSE	TRUE	3.39997541232151e-09	8.49993853080377e-06
PALMITATE	4958	HMDB	HMDB0000220_6_shen	Palmitic acid	inchikey_connectivity_formula_mass	2	FALSE	TRUE	3.39997541232151e-09	8.49993853080377e-06
PALMITATE	4959	HMDB	HMDB0000220_7_shen	Palmitic acid	inchikey_connectivity_formula_mass	2	FALSE	TRUE	3.39997541232151e-09	8.49993853080377e-06
PALMITATE	4960	HMDB	HMDB0000220_8_shen	Palmitic acid	inchikey_connectivity_formula_mass	2	FALSE	TRUE	3.39997541232151e-09	8.49993853080377e-06
PALMITATE	4961	HMDB	HMDB0000220_9_shen	Palmitic acid	inchikey_connectivity_formula_mass	2	FALSE	TRUE	3.39997541232151e-09	8.49993853080377e-06
PALMITATE	4962	HMDB	HMDB0000220_10_shen	Palmitic acid	inchikey_connectivity_formula_mass	2	FALSE	TRUE	3.39997541232151e-09	8.49993853080377e-06
PALMITATE	4963	HMDB	HMDB0000220_11_shen	Palmitic acid	inchikey_connectivity_formula_mass	2	FALSE	TRUE	3.39997541232151e-09	8.49993853080377e-06
PALMITATE	4964	HMDB	HMDB0000220_12_shen	Palmitic acid	inchikey_connectivity_formula_mass	2	FALSE	TRUE	3.39997541232151e-09	8.49993853080377e-06
PALMITATE	4965	HMDB	HMDB0000220_13_shen	Palmitic acid	inchikey_connectivity_formula_mass	2	FALSE	TRUE	3.39997541232151e-09	8.49993853080377e-06
PALMITATE	4966	HMDB	HMDB0000220_14_shen	Palmitic acid	inchikey_connectivity_formula_mass	2	FALSE	TRUE	3.39997541232151e-09	8.49993853080377e-06
PALMITATE	4967	HMDB	HMDB0000220_15_shen	Palmitic acid	inchikey_connectivity_formula_mass	2	FALSE	TRUE	3.39997541232151e-09	8.49993853080377e-06
PALMITATE	4968	HMDB	HMDB0000220_16_shen	Palmitic acid	inchikey_connectivity_formula_mass	2	FALSE	TRUE	3.39997541232151e-09	8.49993853080377e-06
PALMITATE	4969	HMDB	HMDB0000220_17_shen	Palmitic acid	inchikey_connectivity_formula_mass	2	FALSE	TRUE	3.39997541232151e-09	8.49993853080377e-06
PALMITATE	4970	HMDB	HMDB0000220_18_shen	Palmitic acid	inchikey_connectivity_formula_mass	2	FALSE	TRUE	3.39997541232151e-09	8.49993853080377e-06
PALMITATE	4971	HMDB	HMDB0000220_19_shen	Palmitic acid	inchikey_connectivity_formula_mass	2	FALSE	TRUE	3.39997541232151e-09	8.49993853080377e-06
PALMITATE	4972	HMDB	HMDB0000220_20_shen	Palmitic acid	inchikey_connectivity_formula_mass	2	FALSE	TRUE	3.39997541232151e-09	8.49993853080377e-06
PALMITATE	4973	HMDB	HMDB0000220_21_shen	Palmitic acid	inchikey_connectivity_formula_mass	2	FALSE	TRUE	3.39997541232151e-09	8.49993853080377e-06
PALMITATE	4974	HMDB	HMDB0000220_22_shen	Palmitic acid	inchikey_connectivity_formula_mass	2	FALSE	TRUE	3.39997541232151e-09	8.49993853080377e-06
PALMITATE	4975	HMDB	HMDB0000220_23_shen	Palmitic acid	inchikey_connectivity_formula_mass	2	FALSE	TRUE	3.39997541232151e-09	8.49993853080377e-06
PALMITATE	4976	HMDB	HMDB0000220_24_shen	Palmitic acid	inchikey_connectivity_formula_mass	2	FALSE	TRUE	3.39997541232151e-09	8.49993853080377e-06
PALMITATE	4977	HMDB	HMDB0000220_25_shen	Palmitic acid	inchikey_connectivity_formula_mass	2	FALSE	TRUE	3.39997541232151e-09	8.49993853080377e-06
PALMITATE	4978	HMDB	HMDB0000220_26_shen	Palmitic acid	inchikey_connectivity_formula_mass	2	FALSE	TRUE	3.39997541232151e-09	8.49993853080377e-06
PALMITATE	4979	HMDB	HMDB0000220_27_shen	Palmitic acid	inchikey_connectivity_formula_mass	2	FALSE	TRUE	3.39997541232151e-09	8.49993853080377e-06
PALMITATE	4980	HMDB	HMDB0000220_28_shen	Palmitic acid	inchikey_connectivity_formula_mass	2	FALSE	TRUE	3.39997541232151e-09	8.49993853080377e-06
PALMITATE	4981	HMDB	HMDB0000220_29_shen	Palmitic acid	inchikey_connectivity_formula_mass	2	FALSE	TRUE	3.39997541232151e-09	8.49993853080377e-06
PALMITATE	4982	HMDB	HMDB0000220_30_shen	Palmitic acid	inchikey_connectivity_formula_mass	2	FALSE	TRUE	3.39997541232151e-09	8.49993853080377e-06
PALMITATE	4983	HMDB	HMDB0000220_31_shen	Palmitic acid	inchikey_connectivity_formula_mass	2	FALSE	TRUE	3.39997541232151e-09	8.49993853080377e-06
PALMITATE	4984	HMDB	HMDB0000220_32_shen	Palmitic acid	inchikey_connectivity_formula_mass	2	FALSE	TRUE	3.39997541232151e-09	8.49993853080377e-06
PALMITATE	4985	HMDB	HMDB0000220_33_shen	Palmitic acid	inchikey_connectivity_formula_mass	2	FALSE	TRUE	3.39997541232151e-09	8.49993853080377e-06
PALMITATE	4986	HMDB	HMDB0000220_34_shen	Palmitic acid	inchikey_connectivity_formula_mass	2	FALSE	TRUE	3.39997541232151e-09	8.49993853080377e-06
PALMITATE	4987	HMDB	HMDB0000220_35_shen	Palmitic acid	inchikey_connectivity_formula_mass	2	FALSE	TRUE	3.39997541232151e-09	8.49993853080377e-06
PALMITATE	4988	HMDB	HMDB0000220_36_shen	Palmitic acid	inchikey_connectivity_formula_mass	2	FALSE	TRUE	3.39997541232151e-09	8.49993853080377e-06
PALMITATE	4989	HMDB	HMDB0000220_37_shen	Palmitic acid	inchikey_connectivity_formula_mass	2	FALSE	TRUE	3.39997541232151e-09	8.49993853080377e-06
PALMITATE	4990	HMDB	HMDB0000220_38_shen	Palmitic acid	inchikey_connectivity_formula_mass	2	FALSE	TRUE	3.39997541232151e-09	8.49993853080377e-06
PALMITATE	4991	HMDB	HMDB0000220_39_shen	Palmitic acid	inchikey_connectivity_formula_mass	2	FALSE	TRUE	3.39997541232151e-09	8.49993853080377e-06
PALMITATE	4992	HMDB	HMDB0000220_40_shen	Palmitic acid	inchikey_connectivity_formula_mass	2	FALSE	TRUE	3.39997541232151e-09	8.49993853080377e-06
PALMITATE	4993	HMDB	HMDB0000220_41_shen	Palmitic acid	inchikey_connectivity_formula_mass	2	FALSE	TRUE	3.39997541232151e-09	8.49993853080377e-06
PALMITATE	4994	HMDB	HMDB0000220_42_shen	Palmitic acid	inchikey_connectivity_formula_mass	2	FALSE	TRUE	3.39997541232151e-09	8.49993853080377e-06
OXALACETIC_ACID	5018	HMDB	HMDB0000223_1_shen	Oxalacetic acid	inchikey_connectivity_formula_mass	2	FALSE	TRUE	9.00001850823173e-10	2.25000462705793e-06
OXALACETIC_ACID	5019	HMDB	HMDB0000223_2_shen	Oxalacetic acid	inchikey_connectivity_formula_mass	2	FALSE	TRUE	9.00001850823173e-10	2.25000462705793e-06
OXALACETIC_ACID	5020	HMDB	HMDB0000223_3_shen	Oxalacetic acid	inchikey_connectivity_formula_mass	2	FALSE	TRUE	9.00001850823173e-10	2.25000462705793e-06
OXALACETIC_ACID	5021	HMDB	HMDB0000223_4_shen	Oxalacetic acid	inchikey_connectivity_formula_mass	2	FALSE	TRUE	9.00001850823173e-10	2.25000462705793e-06
OXALACETIC_ACID	5022	HMDB	HMDB0000223_5_shen	Oxalacetic acid	inchikey_connectivity_formula_mass	2	FALSE	TRUE	9.00001850823173e-10	2.25000462705793e-06
OXALACETIC_ACID	5023	HMDB	HMDB0000223_6_shen	Oxalacetic acid	inchikey_connectivity_formula_mass	2	FALSE	TRUE	9.00001850823173e-10	2.25000462705793e-06
OXALACETIC_ACID	5024	HMDB	HMDB0000223_7_shen	Oxalacetic acid	inchikey_connectivity_formula_mass	2	FALSE	TRUE	9.00001850823173e-10	2.25000462705793e-06
OXALACETIC_ACID	5025	HMDB	HMDB0000223_8_shen	Oxalacetic acid	inchikey_connectivity_formula_mass	2	FALSE	TRUE	9.00001850823173e-10	2.25000462705793e-06
OXALACETIC_ACID	5026	HMDB	HMDB0000223_9_shen	Oxalacetic acid	inchikey_connectivity_formula_mass	2	FALSE	TRUE	9.00001850823173e-10	2.25000462705793e-06
OXALACETIC_ACID	5027	HMDB	HMDB0000223_10_shen	Oxalacetic acid	inchikey_connectivity_formula_mass	2	FALSE	TRUE	9.00001850823173e-10	2.25000462705793e-06
OXALACETIC_ACID	5028	HMDB	HMDB0000223_11_shen	Oxalacetic acid	inchikey_connectivity_formula_mass	2	FALSE	TRUE	9.00001850823173e-10	2.25000462705793e-06
OXALACETIC_ACID	5029	HMDB	HMDB0000223_12_shen	Oxalacetic acid	inchikey_connectivity_formula_mass	2	FALSE	TRUE	9.00001850823173e-10	2.25000462705793e-06
OXALACETIC_ACID	5030	HMDB	HMDB0000223_13_shen	Oxalacetic acid	inchikey_connectivity_formula_mass	2	FALSE	TRUE	9.00001850823173e-10	2.25000462705793e-06
OXALACETIC_ACID	5031	HMDB	HMDB0000223_14_shen	Oxalacetic acid	inchikey_connectivity_formula_mass	2	FALSE	TRUE	9.00001850823173e-10	2.25000462705793e-06
OXALACETIC_ACID	5032	HMDB	HMDB0000223_15_shen	Oxalacetic acid	inchikey_connectivity_formula_mass	2	FALSE	TRUE	9.00001850823173e-10	2.25000462705793e-06
OXALACETIC_ACID	5033	HMDB	HMDB0000223_16_shen	Oxalacetic acid	inchikey_connectivity_formula_mass	2	FALSE	TRUE	9.00001850823173e-10	2.25000462705793e-06
OXALACETIC_ACID	5034	HMDB	HMDB0000223_17_shen	Oxalacetic acid	inchikey_connectivity_formula_mass	2	FALSE	TRUE	9.00001850823173e-10	2.25000462705793e-06
OXALACETIC_ACID	5035	HMDB	HMDB0000223_18_shen	Oxalacetic acid	inchikey_connectivity_formula_mass	2	FALSE	TRUE	9.00001850823173e-10	2.25000462705793e-06
OXALACETIC_ACID	5036	HMDB	HMDB0000223_19_shen	Oxalacetic acid	inchikey_connectivity_formula_mass	2	FALSE	TRUE	9.00001850823173e-10	2.25000462705793e-06
OXALACETIC_ACID	5037	HMDB	HMDB0000223_20_shen	Oxalacetic acid	inchikey_connectivity_formula_mass	2	FALSE	TRUE	9.00001850823173e-10	2.25000462705793e-06
OXALACETIC_ACID	5038	HMDB	HMDB0000223_21_shen	Oxalacetic acid	inchikey_connectivity_formula_mass	2	FALSE	TRUE	9.00001850823173e-10	2.25000462705793e-06
OXALACETIC_ACID	5039	HMDB	HMDB0000223_22_shen	Oxalacetic acid	inchikey_connectivity_formula_mass	2	FALSE	TRUE	9.00001850823173e-10	2.25000462705793e-06
OXALACETIC_ACID	5040	HMDB	HMDB0000223_23_shen	Oxalacetic acid	inchikey_connectivity_formula_mass	2	FALSE	TRUE	9.00001850823173e-10	2.25000462705793e-06
OXALACETIC_ACID	5041	HMDB	HMDB0000223_24_shen	Oxalacetic acid	inchikey_connectivity_formula_mass	2	FALSE	TRUE	9.00001850823173e-10	2.25000462705793e-06
OXALACETIC_ACID	5042	HMDB	HMDB0000223_25_shen	Oxalacetic acid	inchikey_connectivity_formula_mass	2	FALSE	TRUE	9.00001850823173e-10	2.25000462705793e-06
OXALACETIC_ACID	5043	HMDB	HMDB0000223_26_shen	Oxalacetic acid	inchikey_connectivity_formula_mass	2	FALSE	TRUE	9.00001850823173e-10	2.25000462705793e-06
OXALACETIC_ACID	5044	HMDB	HMDB0000223_27_shen	Oxalacetic acid	inchikey_connectivity_formula_mass	2	FALSE	TRUE	9.00001850823173e-10	2.25000462705793e-06
OXALACETIC_ACID	5045	HMDB	HMDB0000223_28_shen	Oxalacetic acid	inchikey_connectivity_formula_mass	2	FALSE	TRUE	9.00001850823173e-10	2.25000462705793e-06
OXALACETIC_ACID	5046	HMDB	HMDB0000223_29_shen	Oxalacetic acid	inchikey_connectivity_formula_mass	2	FALSE	TRUE	9.00001850823173e-10	2.25000462705793e-06
OXALACETIC_ACID	5047	HMDB	HMDB0000223_30_shen	Oxalacetic acid	inchikey_connectivity_formula_mass	2	FALSE	TRUE	9.00001850823173e-10	2.25000462705793e-06
OXALACETIC_ACID	5048	HMDB	HMDB0000223_31_shen	Oxalacetic acid	inchikey_connectivity_formula_mass	2	FALSE	TRUE	9.00001850823173e-10	2.25000462705793e-06
OXALACETIC_ACID	5049	HMDB	HMDB0000223_32_shen	Oxalacetic acid	inchikey_connectivity_formula_mass	2	FALSE	TRUE	9.00001850823173e-10	2.25000462705793e-06
OXALACETIC_ACID	5050	HMDB	HMDB0000223_33_shen	Oxalacetic acid	inchikey_connectivity_formula_mass	2	FALSE	TRUE	9.00001850823173e-10	2.25000462705793e-06
OXALACETIC_ACID	5051	HMDB	HMDB0000223_34_shen	Oxalacetic acid	inchikey_connectivity_formula_mass	2	FALSE	TRUE	9.00001850823173e-10	2.25000462705793e-06
PHOSPHORYL-ETHANOLAMINE	5052	HMDB	HMDB0000224_1_shen	O-Phosphoethanolamine	inchikey_connectivity_formula_mass	2	FALSE	TRUE	6.00010707785259e-10	1.50002676946315e-06
PHOSPHORYL-ETHANOLAMINE	5053	HMDB	HMDB0000224_2_shen	O-Phosphoethanolamine	inchikey_connectivity_formula_mass	2	FALSE	TRUE	6.00010707785259e-10	1.50002676946315e-06
PHOSPHORYL-ETHANOLAMINE	5054	HMDB	HMDB0000224_3_shen	O-Phosphoethanolamine	inchikey_connectivity_formula_mass	2	FALSE	TRUE	6.00010707785259e-10	1.50002676946315e-06
PHOSPHORYL-ETHANOLAMINE	5055	HMDB	HMDB0000224_4_shen	O-Phosphoethanolamine	inchikey_connectivity_formula_mass	2	FALSE	TRUE	6.00010707785259e-10	1.50002676946315e-06
PHOSPHORYL-ETHANOLAMINE	5056	HMDB	HMDB0000224_5_shen	O-Phosphoethanolamine	inchikey_connectivity_formula_mass	2	FALSE	TRUE	6.00010707785259e-10	1.50002676946315e-06
PHOSPHORYL-ETHANOLAMINE	5057	HMDB	HMDB0000224_6_shen	O-Phosphoethanolamine	inchikey_connectivity_formula_mass	2	FALSE	TRUE	6.00010707785259e-10	1.50002676946315e-06
PHOSPHORYL-ETHANOLAMINE	5058	HMDB	HMDB0000224_7_shen	O-Phosphoethanolamine	inchikey_connectivity_formula_mass	2	FALSE	TRUE	6.00010707785259e-10	1.50002676946315e-06
PHOSPHORYL-ETHANOLAMINE	5059	HMDB	HMDB0000224_8_shen	O-Phosphoethanolamine	inchikey_connectivity_formula_mass	2	FALSE	TRUE	6.00010707785259e-10	1.50002676946315e-06
PHOSPHORYL-ETHANOLAMINE	5060	HMDB	HMDB0000224_9_shen	O-Phosphoethanolamine	inchikey_connectivity_formula_mass	2	FALSE	TRUE	6.00010707785259e-10	1.50002676946315e-06
PHOSPHORYL-ETHANOLAMINE	5061	HMDB	HMDB0000224_10_shen	O-Phosphoethanolamine	inchikey_connectivity_formula_mass	2	FALSE	TRUE	6.00010707785259e-10	1.50002676946315e-06
PHOSPHORYL-ETHANOLAMINE	5062	HMDB	HMDB0000224_11_shen	O-Phosphoethanolamine	inchikey_connectivity_formula_mass	2	FALSE	TRUE	6.00010707785259e-10	1.50002676946315e-06
PHOSPHORYL-ETHANOLAMINE	5063	HMDB	HMDB0000224_12_shen	O-Phosphoethanolamine	inchikey_connectivity_formula_mass	2	FALSE	TRUE	6.00010707785259e-10	1.50002676946315e-06
PHOSPHORYL-ETHANOLAMINE	5064	HMDB	HMDB0000224_13_shen	O-Phosphoethanolamine	inchikey_connectivity_formula_mass	2	FALSE	TRUE	6.00010707785259e-10	1.50002676946315e-06
PHOSPHORYL-ETHANOLAMINE	5065	HMDB	HMDB0000224_14_shen	O-Phosphoethanolamine	inchikey_connectivity_formula_mass	2	FALSE	TRUE	6.00010707785259e-10	1.50002676946315e-06
PHOSPHORYL-ETHANOLAMINE	5066	HMDB	HMDB0000224_15_shen	O-Phosphoethanolamine	inchikey_connectivity_formula_mass	2	FALSE	TRUE	6.00010707785259e-10	1.50002676946315e-06
PHOSPHORYL-ETHANOLAMINE	5067	HMDB	HMDB0000224_16_shen	O-Phosphoethanolamine	inchikey_connectivity_formula_mass	2	FALSE	TRUE	6.00010707785259e-10	1.50002676946315e-06
PHOSPHORYL-ETHANOLAMINE	5068	HMDB	HMDB0000224_17_shen	O-Phosphoethanolamine	inchikey_connectivity_formula_mass	2	FALSE	TRUE	6.00010707785259e-10	1.50002676946315e-06
PHOSPHORYL-ETHANOLAMINE	5069	HMDB	HMDB0000224_18_shen	O-Phosphoethanolamine	inchikey_connectivity_formula_mass	2	FALSE	TRUE	6.00010707785259e-10	1.50002676946315e-06
PHOSPHORYL-ETHANOLAMINE	5070	HMDB	HMDB0000224_19_shen	O-Phosphoethanolamine	inchikey_connectivity_formula_mass	2	FALSE	TRUE	6.00010707785259e-10	1.50002676946315e-06
PHOSPHORYL-ETHANOLAMINE	5071	HMDB	HMDB0000224_20_shen	O-Phosphoethanolamine	inchikey_connectivity_formula_mass	2	FALSE	TRUE	6.00010707785259e-10	1.50002676946315e-06
PHOSPHORYL-ETHANOLAMINE	5072	HMDB	HMDB0000224_21_shen	O-Phosphoethanolamine	inchikey_connectivity_formula_mass	2	FALSE	TRUE	6.00010707785259e-10	1.50002676946315e-06
PHOSPHORYL-ETHANOLAMINE	5073	HMDB	HMDB0000224_22_shen	O-Phosphoethanolamine	inchikey_connectivity_formula_mass	2	FALSE	TRUE	6.00010707785259e-10	1.50002676946315e-06
PHOSPHORYL-ETHANOLAMINE	5074	HMDB	HMDB0000224_23_shen	O-Phosphoethanolamine	inchikey_connectivity_formula_mass	2	FALSE	TRUE	6.00010707785259e-10	1.50002676946315e-06
PHOSPHORYL-ETHANOLAMINE	5075	HMDB	HMDB0000224_24_shen	O-Phosphoethanolamine	inchikey_connectivity_formula_mass	2	FALSE	TRUE	6.00010707785259e-10	1.50002676946315e-06
PHOSPHORYL-ETHANOLAMINE	5076	HMDB	HMDB0000224_25_shen	O-Phosphoethanolamine	inchikey_connectivity_formula_mass	2	FALSE	TRUE	6.00010707785259e-10	1.50002676946315e-06
PHOSPHORYL-ETHANOLAMINE	5077	HMDB	HMDB0000224_26_shen	O-Phosphoethanolamine	inchikey_connectivity_formula_mass	2	FALSE	TRUE	6.00010707785259e-10	1.50002676946315e-06
PHOSPHORYL-ETHANOLAMINE	5078	HMDB	HMDB0000224_27_shen	O-Phosphoethanolamine	inchikey_connectivity_formula_mass	2	FALSE	TRUE	6.00010707785259e-10	1.50002676946315e-06
PHOSPHORYL-ETHANOLAMINE	5079	HMDB	HMDB0000224_28_shen	O-Phosphoethanolamine	inchikey_connectivity_formula_mass	2	FALSE	TRUE	6.00010707785259e-10	1.50002676946315e-06
PHOSPHORYL-ETHANOLAMINE	5080	HMDB	HMDB0000224_29_shen	O-Phosphoethanolamine	inchikey_connectivity_formula_mass	2	FALSE	TRUE	6.00010707785259e-10	1.50002676946315e-06
PHOSPHORYL-ETHANOLAMINE	5081	HMDB	HMDB0000224_30_shen	O-Phosphoethanolamine	inchikey_connectivity_formula_mass	2	FALSE	TRUE	6.00010707785259e-10	1.50002676946315e-06
2K-ADIPATE	5082	HMDB	HMDB0000225_1_shen	Oxoadipic acid	inchikey_connectivity_formula_mass	2	FALSE	TRUE	1.30000898934668e-09	3.2500224733667e-06
2K-ADIPATE	5083	HMDB	HMDB0000225_2_shen	Oxoadipic acid	inchikey_connectivity_formula_mass	2	FALSE	TRUE	1.30000898934668e-09	3.2500224733667e-06
2K-ADIPATE	5084	HMDB	HMDB0000225_3_shen	Oxoadipic acid	inchikey_connectivity_formula_mass	2	FALSE	TRUE	1.30000898934668e-09	3.2500224733667e-06
2K-ADIPATE	5085	HMDB	HMDB0000225_4_shen	Oxoadipic acid	inchikey_connectivity_formula_mass	2	FALSE	TRUE	1.30000898934668e-09	3.2500224733667e-06
2K-ADIPATE	5086	HMDB	HMDB0000225_5_shen	Oxoadipic acid	inchikey_connectivity_formula_mass	2	FALSE	TRUE	1.30000898934668e-09	3.2500224733667e-06
2K-ADIPATE	5087	HMDB	HMDB0000225_6_shen	Oxoadipic acid	inchikey_connectivity_formula_mass	2	FALSE	TRUE	1.30000898934668e-09	3.2500224733667e-06
2K-ADIPATE	5088	HMDB	HMDB0000225_7_shen	Oxoadipic acid	inchikey_connectivity_formula_mass	2	FALSE	TRUE	1.30000898934668e-09	3.2500224733667e-06
2K-ADIPATE	5089	HMDB	HMDB0000225_8_shen	Oxoadipic acid	inchikey_connectivity_formula_mass	2	FALSE	TRUE	1.30000898934668e-09	3.2500224733667e-06
2K-ADIPATE	5090	HMDB	HMDB0000225_9_shen	Oxoadipic acid	inchikey_connectivity_formula_mass	2	FALSE	TRUE	1.30000898934668e-09	3.2500224733667e-06
2K-ADIPATE	5091	HMDB	HMDB0000225_10_shen	Oxoadipic acid	inchikey_connectivity_formula_mass	2	FALSE	TRUE	1.30000898934668e-09	3.2500224733667e-06
2K-ADIPATE	5092	HMDB	HMDB0000225_11_shen	Oxoadipic acid	inchikey_connectivity_formula_mass	2	FALSE	TRUE	1.30000898934668e-09	3.2500224733667e-06
2K-ADIPATE	5093	HMDB	HMDB0000225_12_shen	Oxoadipic acid	inchikey_connectivity_formula_mass	2	FALSE	TRUE	1.30000898934668e-09	3.2500224733667e-06
2K-ADIPATE	5094	HMDB	HMDB0000225_13_shen	Oxoadipic acid	inchikey_connectivity_formula_mass	2	FALSE	TRUE	1.30000898934668e-09	3.2500224733667e-06
OROTATE	5095	HMDB	HMDB0000226_1_shen	Orotic acid	inchikey_connectivity_formula_mass	2	FALSE	TRUE	1.20002141557052e-09	3.0000535389263e-06
OROTATE	5096	HMDB	HMDB0000226_2_shen	Orotic acid	inchikey_connectivity_formula_mass	2	FALSE	TRUE	1.20002141557052e-09	3.0000535389263e-06
OROTATE	5097	HMDB	HMDB0000226_3_shen	Orotic acid	inchikey_connectivity_formula_mass	2	FALSE	TRUE	1.20002141557052e-09	3.0000535389263e-06
OROTATE	5098	HMDB	HMDB0000226_4_shen	Orotic acid	inchikey_connectivity_formula_mass	2	FALSE	TRUE	1.20002141557052e-09	3.0000535389263e-06
OROTATE	5099	HMDB	HMDB0000226_5_shen	Orotic acid	inchikey_connectivity_formula_mass	2	FALSE	TRUE	1.20002141557052e-09	3.0000535389263e-06
OROTATE	5100	HMDB	HMDB0000226_6_shen	Orotic acid	inchikey_connectivity_formula_mass	2	FALSE	TRUE	1.20002141557052e-09	3.0000535389263e-06
OROTATE	5101	HMDB	HMDB0000226_7_shen	Orotic acid	inchikey_connectivity_formula_mass	2	FALSE	TRUE	1.20002141557052e-09	3.0000535389263e-06
OROTATE	5102	HMDB	HMDB0000226_8_shen	Orotic acid	inchikey_connectivity_formula_mass	2	FALSE	TRUE	1.20002141557052e-09	3.0000535389263e-06
OROTATE	5103	HMDB	HMDB0000226_9_shen	Orotic acid	inchikey_connectivity_formula_mass	2	FALSE	TRUE	1.20002141557052e-09	3.0000535389263e-06
OROTATE	5104	HMDB	HMDB0000226_10_shen	Orotic acid	inchikey_connectivity_formula_mass	2	FALSE	TRUE	1.20002141557052e-09	3.0000535389263e-06
OROTATE	5105	HMDB	HMDB0000226_11_shen	Orotic acid	inchikey_connectivity_formula_mass	2	FALSE	TRUE	1.20002141557052e-09	3.0000535389263e-06
OROTATE	5106	HMDB	HMDB0000226_12_shen	Orotic acid	inchikey_connectivity_formula_mass	2	FALSE	TRUE	1.20002141557052e-09	3.0000535389263e-06
OROTATE	5107	HMDB	HMDB0000226_13_shen	Orotic acid	inchikey_connectivity_formula_mass	2	FALSE	TRUE	1.20002141557052e-09	3.0000535389263e-06
OROTATE	5108	HMDB	HMDB0000226_14_shen	Orotic acid	inchikey_connectivity_formula_mass	2	FALSE	TRUE	1.20002141557052e-09	3.0000535389263e-06
OROTATE	5109	HMDB	HMDB0000226_15_shen	Orotic acid	inchikey_connectivity_formula_mass	2	FALSE	TRUE	1.20002141557052e-09	3.0000535389263e-06
OROTATE	5110	HMDB	HMDB0000226_16_shen	Orotic acid	inchikey_connectivity_formula_mass	2	FALSE	TRUE	1.20002141557052e-09	3.0000535389263e-06
OROTATE	5111	HMDB	HMDB0000226_17_shen	Orotic acid	inchikey_connectivity_formula_mass	2	FALSE	TRUE	1.20002141557052e-09	3.0000535389263e-06
OROTATE	5112	HMDB	HMDB0000226_18_shen	Orotic acid	inchikey_connectivity_formula_mass	2	FALSE	TRUE	1.20002141557052e-09	3.0000535389263e-06
OROTATE	5113	HMDB	HMDB0000226_19_shen	Orotic acid	inchikey_connectivity_formula_mass	2	FALSE	TRUE	1.20002141557052e-09	3.0000535389263e-06
OROTATE	5114	HMDB	HMDB0000226_20_shen	Orotic acid	inchikey_connectivity_formula_mass	2	FALSE	TRUE	1.20002141557052e-09	3.0000535389263e-06
OROTATE	5115	HMDB	HMDB0000226_21_shen	Orotic acid	inchikey_connectivity_formula_mass	2	FALSE	TRUE	1.20002141557052e-09	3.0000535389263e-06
OROTATE	5116	HMDB	HMDB0000226_22_shen	Orotic acid	inchikey_connectivity_formula_mass	2	FALSE	TRUE	1.20002141557052e-09	3.0000535389263e-06
OROTATE	5117	HMDB	HMDB0000226_23_shen	Orotic acid	inchikey_connectivity_formula_mass	2	FALSE	TRUE	1.20002141557052e-09	3.0000535389263e-06
OROTATE	5118	HMDB	HMDB0000226_24_shen	Orotic acid	inchikey_connectivity_formula_mass	2	FALSE	TRUE	1.20002141557052e-09	3.0000535389263e-06
OROTATE	5119	HMDB	HMDB0000226_25_shen	Orotic acid	inchikey_connectivity_formula_mass	2	FALSE	TRUE	1.20002141557052e-09	3.0000535389263e-06
OROTATE	5120	HMDB	HMDB0000226_26_shen	Orotic acid	inchikey_connectivity_formula_mass	2	FALSE	TRUE	1.20002141557052e-09	3.0000535389263e-06
OROTATE	5121	HMDB	HMDB0000226_27_shen	Orotic acid	inchikey_connectivity_formula_mass	2	FALSE	TRUE	1.20002141557052e-09	3.0000535389263e-06
OROTATE	5122	HMDB	HMDB0000226_28_shen	Orotic acid	inchikey_connectivity_formula_mass	2	FALSE	TRUE	1.20002141557052e-09	3.0000535389263e-06
OROTATE	5123	HMDB	HMDB0000226_29_shen	Orotic acid	inchikey_connectivity_formula_mass	2	FALSE	TRUE	1.20002141557052e-09	3.0000535389263e-06
OROTATE	5124	HMDB	HMDB0000226_30_shen	Orotic acid	inchikey_connectivity_formula_mass	2	FALSE	TRUE	1.20002141557052e-09	3.0000535389263e-06
OROTATE	5125	HMDB	HMDB0000226_31_shen	Orotic acid	inchikey_connectivity_formula_mass	2	FALSE	TRUE	1.20002141557052e-09	3.0000535389263e-06
OROTATE	5126	HMDB	HMDB0000226_32_shen	Orotic acid	inchikey_connectivity_formula_mass	2	FALSE	TRUE	1.20002141557052e-09	3.0000535389263e-06
OROTATE	5127	HMDB	HMDB0000226_33_shen	Orotic acid	inchikey_connectivity_formula_mass	2	FALSE	TRUE	1.20002141557052e-09	3.0000535389263e-06
OROTATE	5128	HMDB	HMDB0000226_34_shen	Orotic acid	inchikey_connectivity_formula_mass	2	FALSE	TRUE	1.20002141557052e-09	3.0000535389263e-06
OROTATE	5129	HMDB	HMDB0000226_35_shen	Orotic acid	inchikey_connectivity_formula_mass	2	FALSE	TRUE	1.20002141557052e-09	3.0000535389263e-06
OROTATE	5130	HMDB	HMDB0000226_36_shen	Orotic acid	inchikey_connectivity_formula_mass	2	FALSE	TRUE	1.20002141557052e-09	3.0000535389263e-06
OROTATE	5131	HMDB	HMDB0000226_37_shen	Orotic acid	inchikey_connectivity_formula_mass	2	FALSE	TRUE	1.20002141557052e-09	3.0000535389263e-06
OROTATE	5132	HMDB	HMDB0000226_38_shen	Orotic acid	inchikey_connectivity_formula_mass	2	FALSE	TRUE	1.20002141557052e-09	3.0000535389263e-06
OROTATE	5133	HMDB	HMDB0000226_39_shen	Orotic acid	inchikey_connectivity_formula_mass	2	FALSE	TRUE	1.20002141557052e-09	3.0000535389263e-06
OROTATE	5134	HMDB	HMDB0000226_40_shen	Orotic acid	inchikey_connectivity_formula_mass	2	FALSE	TRUE	1.20002141557052e-09	3.0000535389263e-06
OROTATE	5135	HMDB	HMDB0000226_41_shen	Orotic acid	inchikey_connectivity_formula_mass	2	FALSE	TRUE	1.20002141557052e-09	3.0000535389263e-06
OROTATE	5136	HMDB	HMDB0000226_42_shen	Orotic acid	inchikey_connectivity_formula_mass	2	FALSE	TRUE	1.20002141557052e-09	3.0000535389263e-06
OROTATE	5137	HMDB	HMDB0000226_43_shen	Orotic acid	inchikey_connectivity_formula_mass	2	FALSE	TRUE	1.20002141557052e-09	3.0000535389263e-06
OROTATE	5138	HMDB	HMDB0000226_44_shen	Orotic acid	inchikey_connectivity_formula_mass	2	FALSE	TRUE	1.20002141557052e-09	3.0000535389263e-06
OROTATE	5139	HMDB	HMDB0000226_45_shen	Orotic acid	inchikey_connectivity_formula_mass	2	FALSE	TRUE	1.20002141557052e-09	3.0000535389263e-06
OROTATE	5140	HMDB	HMDB0000226_46_shen	Orotic acid	inchikey_connectivity_formula_mass	2	FALSE	TRUE	1.20002141557052e-09	3.0000535389263e-06
OROTATE	5141	HMDB	HMDB0000226_47_shen	Orotic acid	inchikey_connectivity_formula_mass	2	FALSE	TRUE	1.20002141557052e-09	3.0000535389263e-06
OROTATE	5142	HMDB	HMDB0000226_48_shen	Orotic acid	inchikey_connectivity_formula_mass	2	FALSE	TRUE	1.20002141557052e-09	3.0000535389263e-06
OROTATE	5143	HMDB	HMDB0000226_49_shen	Orotic acid	inchikey_connectivity_formula_mass	2	FALSE	TRUE	1.20002141557052e-09	3.0000535389263e-06
OROTATE	5144	HMDB	HMDB0000226_50_shen	Orotic acid	inchikey_connectivity_formula_mass	2	FALSE	TRUE	1.20002141557052e-09	3.0000535389263e-06
OROTATE	5145	HMDB	HMDB0000226_51_shen	Orotic acid	inchikey_connectivity_formula_mass	2	FALSE	TRUE	1.20002141557052e-09	3.0000535389263e-06
OROTATE	5146	HMDB	HMDB0000226_52_shen	Orotic acid	inchikey_connectivity_formula_mass	2	FALSE	TRUE	1.20002141557052e-09	3.0000535389263e-06
MEVALONATE	5147	HMDB	HMDB0000227_1_shen	Mevalonic acid	inchikey_connectivity_formula_mass	2	FALSE	TRUE	1.60000013238459e-09	4.00000033096148e-06
MEVALONATE	5148	HMDB	HMDB0000227_2_shen	Mevalonic acid	inchikey_connectivity_formula_mass	2	FALSE	TRUE	1.60000013238459e-09	4.00000033096148e-06
MEVALONATE	5149	HMDB	HMDB0000227_3_shen	Mevalonic acid	inchikey_connectivity_formula_mass	2	FALSE	TRUE	1.60000013238459e-09	4.00000033096148e-06
N-ACETYLNEURAMINATE	5161	HMDB	HMDB0000230_1_shen	N-Acetylneuraminic acid	name_formula_mass	4	FALSE	TRUE	3.00002511721686e-09	7.50006279304216e-06
N-ACETYLNEURAMINATE	5162	HMDB	HMDB0000230_2_shen	N-Acetylneuraminic acid	name_formula_mass	4	FALSE	TRUE	3.00002511721686e-09	7.50006279304216e-06
N-ACETYLNEURAMINATE	5163	HMDB	HMDB0000230_3_shen	N-Acetylneuraminic acid	name_formula_mass	4	FALSE	TRUE	3.00002511721686e-09	7.50006279304216e-06
N-ACETYLNEURAMINATE	5164	HMDB	HMDB0000230_4_shen	N-Acetylneuraminic acid	name_formula_mass	4	FALSE	TRUE	3.00002511721686e-09	7.50006279304216e-06
N-ACETYLNEURAMINATE	5165	HMDB	HMDB0000230_5_shen	N-Acetylneuraminic acid	name_formula_mass	4	FALSE	TRUE	3.00002511721686e-09	7.50006279304216e-06
N-ACETYLNEURAMINATE	5166	HMDB	HMDB0000230_6_shen	N-Acetylneuraminic acid	name_formula_mass	4	FALSE	TRUE	3.00002511721686e-09	7.50006279304216e-06
N-ACETYLNEURAMINATE	5167	HMDB	HMDB0000230_7_shen	N-Acetylneuraminic acid	name_formula_mass	4	FALSE	TRUE	3.00002511721686e-09	7.50006279304216e-06
QUINOLINATE	5168	HMDB	HMDB0000232_1_shen	Quinolinic acid	inchikey_connectivity_formula_mass	2	FALSE	TRUE	1.0999769983755e-09	2.74994249593874e-06
QUINOLINATE	5169	HMDB	HMDB0000232_2_shen	Quinolinic acid	inchikey_connectivity_formula_mass	2	FALSE	TRUE	1.0999769983755e-09	2.74994249593874e-06
QUINOLINATE	5170	HMDB	HMDB0000232_3_shen	Quinolinic acid	inchikey_connectivity_formula_mass	2	FALSE	TRUE	1.0999769983755e-09	2.74994249593874e-06
QUINOLINATE	5171	HMDB	HMDB0000232_4_shen	Quinolinic acid	inchikey_connectivity_formula_mass	2	FALSE	TRUE	1.0999769983755e-09	2.74994249593874e-06
QUINOLINATE	5172	HMDB	HMDB0000232_5_shen	Quinolinic acid	inchikey_connectivity_formula_mass	2	FALSE	TRUE	1.0999769983755e-09	2.74994249593874e-06
QUINOLINATE	5173	HMDB	HMDB0000232_6_shen	Quinolinic acid	inchikey_connectivity_formula_mass	2	FALSE	TRUE	1.0999769983755e-09	2.74994249593874e-06
QUINOLINATE	5174	HMDB	HMDB0000232_7_shen	Quinolinic acid	inchikey_connectivity_formula_mass	2	FALSE	TRUE	1.0999769983755e-09	2.74994249593874e-06
QUINOLINATE	5175	HMDB	HMDB0000232_8_shen	Quinolinic acid	inchikey_connectivity_formula_mass	2	FALSE	TRUE	1.0999769983755e-09	2.74994249593874e-06
QUINOLINATE	5176	HMDB	HMDB0000232_9_shen	Quinolinic acid	inchikey_connectivity_formula_mass	2	FALSE	TRUE	1.0999769983755e-09	2.74994249593874e-06
QUINOLINATE	5177	HMDB	HMDB0000232_10_shen	Quinolinic acid	inchikey_connectivity_formula_mass	2	FALSE	TRUE	1.0999769983755e-09	2.74994249593874e-06
QUINOLINATE	5178	HMDB	HMDB0000232_11_shen	Quinolinic acid	inchikey_connectivity_formula_mass	2	FALSE	TRUE	1.0999769983755e-09	2.74994249593874e-06
QUINOLINATE	5179	HMDB	HMDB0000232_12_shen	Quinolinic acid	inchikey_connectivity_formula_mass	2	FALSE	TRUE	1.0999769983755e-09	2.74994249593874e-06
QUINOLINATE	5180	HMDB	HMDB0000232_13_shen	Quinolinic acid	inchikey_connectivity_formula_mass	2	FALSE	TRUE	1.0999769983755e-09	2.74994249593874e-06
QUINOLINATE	5181	HMDB	HMDB0000232_14_shen	Quinolinic acid	inchikey_connectivity_formula_mass	2	FALSE	TRUE	1.0999769983755e-09	2.74994249593874e-06
QUINOLINATE	5182	HMDB	HMDB0000232_15_shen	Quinolinic acid	inchikey_connectivity_formula_mass	2	FALSE	TRUE	1.0999769983755e-09	2.74994249593874e-06
QUINOLINATE	5183	HMDB	HMDB0000232_16_shen	Quinolinic acid	inchikey_connectivity_formula_mass	2	FALSE	TRUE	1.0999769983755e-09	2.74994249593874e-06
QUINOLINATE	5184	HMDB	HMDB0000232_17_shen	Quinolinic acid	inchikey_connectivity_formula_mass	2	FALSE	TRUE	1.0999769983755e-09	2.74994249593874e-06
QUINOLINATE	5185	HMDB	HMDB0000232_18_shen	Quinolinic acid	inchikey_connectivity_formula_mass	2	FALSE	TRUE	1.0999769983755e-09	2.74994249593874e-06
QUINOLINATE	5186	HMDB	HMDB0000232_19_shen	Quinolinic acid	inchikey_connectivity_formula_mass	2	FALSE	TRUE	1.0999769983755e-09	2.74994249593874e-06
QUINOLINATE	5187	HMDB	HMDB0000232_20_shen	Quinolinic acid	inchikey_connectivity_formula_mass	2	FALSE	TRUE	1.0999769983755e-09	2.74994249593874e-06
QUINOLINATE	5188	HMDB	HMDB0000232_21_shen	Quinolinic acid	inchikey_connectivity_formula_mass	2	FALSE	TRUE	1.0999769983755e-09	2.74994249593874e-06
QUINOLINATE	5189	HMDB	HMDB0000232_22_shen	Quinolinic acid	inchikey_connectivity_formula_mass	2	FALSE	TRUE	1.0999769983755e-09	2.74994249593874e-06
QUINOLINATE	5190	HMDB	HMDB0000232_23_shen	Quinolinic acid	inchikey_connectivity_formula_mass	2	FALSE	TRUE	1.0999769983755e-09	2.74994249593874e-06
QUINOLINATE	5191	HMDB	HMDB0000232_24_shen	Quinolinic acid	inchikey_connectivity_formula_mass	2	FALSE	TRUE	1.0999769983755e-09	2.74994249593874e-06
QUINOLINATE	5192	HMDB	HMDB0000232_25_shen	Quinolinic acid	inchikey_connectivity_formula_mass	2	FALSE	TRUE	1.0999769983755e-09	2.74994249593874e-06
QUINOLINATE	5193	HMDB	HMDB0000232_26_shen	Quinolinic acid	inchikey_connectivity_formula_mass	2	FALSE	TRUE	1.0999769983755e-09	2.74994249593874e-06
QUINOLINATE	5194	HMDB	HMDB0000232_27_shen	Quinolinic acid	inchikey_connectivity_formula_mass	2	FALSE	TRUE	1.0999769983755e-09	2.74994249593874e-06
QUINOLINATE	5195	HMDB	HMDB0000232_28_shen	Quinolinic acid	inchikey_connectivity_formula_mass	2	FALSE	TRUE	1.0999769983755e-09	2.74994249593874e-06
QUINOLINATE	5196	HMDB	HMDB0000232_29_shen	Quinolinic acid	inchikey_connectivity_formula_mass	2	FALSE	TRUE	1.0999769983755e-09	2.74994249593874e-06
QUINOLINATE	5197	HMDB	HMDB0000232_30_shen	Quinolinic acid	inchikey_connectivity_formula_mass	2	FALSE	TRUE	1.0999769983755e-09	2.74994249593874e-06
QUINOLINATE	5198	HMDB	HMDB0000232_31_shen	Quinolinic acid	inchikey_connectivity_formula_mass	2	FALSE	TRUE	1.0999769983755e-09	2.74994249593874e-06
QUINOLINATE	5199	HMDB	HMDB0000232_32_shen	Quinolinic acid	inchikey_connectivity_formula_mass	2	FALSE	TRUE	1.0999769983755e-09	2.74994249593874e-06
QUINOLINATE	5200	HMDB	HMDB0000232_33_shen	Quinolinic acid	inchikey_connectivity_formula_mass	2	FALSE	TRUE	1.0999769983755e-09	2.74994249593874e-06
QUINOLINATE	5201	HMDB	HMDB0000232_34_shen	Quinolinic acid	inchikey_connectivity_formula_mass	2	FALSE	TRUE	1.0999769983755e-09	2.74994249593874e-06
QUINOLINATE	5202	HMDB	HMDB0000232_35_shen	Quinolinic acid	inchikey_connectivity_formula_mass	2	FALSE	TRUE	1.0999769983755e-09	2.74994249593874e-06
QUINOLINATE	5203	HMDB	HMDB0000232_36_shen	Quinolinic acid	inchikey_connectivity_formula_mass	2	FALSE	TRUE	1.0999769983755e-09	2.74994249593874e-06
QUINOLINATE	5204	HMDB	HMDB0000232_37_shen	Quinolinic acid	inchikey_connectivity_formula_mass	2	FALSE	TRUE	1.0999769983755e-09	2.74994249593874e-06
QUINOLINATE	5205	HMDB	HMDB0000232_38_shen	Quinolinic acid	inchikey_connectivity_formula_mass	2	FALSE	TRUE	1.0999769983755e-09	2.74994249593874e-06
QUINOLINATE	5206	HMDB	HMDB0000232_39_shen	Quinolinic acid	inchikey_connectivity_formula_mass	2	FALSE	TRUE	1.0999769983755e-09	2.74994249593874e-06
QUINOLINATE	5207	HMDB	HMDB0000232_40_shen	Quinolinic acid	inchikey_connectivity_formula_mass	2	FALSE	TRUE	1.0999769983755e-09	2.74994249593874e-06
QUINOLINATE	5208	HMDB	HMDB0000232_41_shen	Quinolinic acid	inchikey_connectivity_formula_mass	2	FALSE	TRUE	1.0999769983755e-09	2.74994249593874e-06
QUINOLINATE	5209	HMDB	HMDB0000232_42_shen	Quinolinic acid	inchikey_connectivity_formula_mass	2	FALSE	TRUE	1.0999769983755e-09	2.74994249593874e-06
QUINOLINATE	5210	HMDB	HMDB0000232_43_shen	Quinolinic acid	inchikey_connectivity_formula_mass	2	FALSE	TRUE	1.0999769983755e-09	2.74994249593874e-06
QUINOLINATE	5211	HMDB	HMDB0000232_44_shen	Quinolinic acid	inchikey_connectivity_formula_mass	2	FALSE	TRUE	1.0999769983755e-09	2.74994249593874e-06
QUINOLINATE	5212	HMDB	HMDB0000232_45_shen	Quinolinic acid	inchikey_connectivity_formula_mass	2	FALSE	TRUE	1.0999769983755e-09	2.74994249593874e-06
QUINOLINATE	5213	HMDB	HMDB0000232_46_shen	Quinolinic acid	inchikey_connectivity_formula_mass	2	FALSE	TRUE	1.0999769983755e-09	2.74994249593874e-06
QUINOLINATE	5214	HMDB	HMDB0000232_47_shen	Quinolinic acid	inchikey_connectivity_formula_mass	2	FALSE	TRUE	1.0999769983755e-09	2.74994249593874e-06
QUINOLINATE	5215	HMDB	HMDB0000232_48_shen	Quinolinic acid	inchikey_connectivity_formula_mass	2	FALSE	TRUE	1.0999769983755e-09	2.74994249593874e-06
QUINOLINATE	5216	HMDB	HMDB0000232_49_shen	Quinolinic acid	inchikey_connectivity_formula_mass	2	FALSE	TRUE	1.0999769983755e-09	2.74994249593874e-06
QUINOLINATE	5217	HMDB	HMDB0000232_50_shen	Quinolinic acid	inchikey_connectivity_formula_mass	2	FALSE	TRUE	1.0999769983755e-09	2.74994249593874e-06
QUINOLINATE	5218	HMDB	HMDB0000232_51_shen	Quinolinic acid	inchikey_connectivity_formula_mass	2	FALSE	TRUE	1.0999769983755e-09	2.74994249593874e-06
QUINOLINATE	5219	HMDB	HMDB0000232_52_shen	Quinolinic acid	inchikey_connectivity_formula_mass	2	FALSE	TRUE	1.0999769983755e-09	2.74994249593874e-06
QUINOLINATE	5220	HMDB	HMDB0000232_53_shen	Quinolinic acid	inchikey_connectivity_formula_mass	2	FALSE	TRUE	1.0999769983755e-09	2.74994249593874e-06
QUINOLINATE	5221	HMDB	HMDB0000232_54_shen	Quinolinic acid	inchikey_connectivity_formula_mass	2	FALSE	TRUE	1.0999769983755e-09	2.74994249593874e-06
QUINOLINATE	5222	HMDB	HMDB0000232_55_shen	Quinolinic acid	inchikey_connectivity_formula_mass	2	FALSE	TRUE	1.0999769983755e-09	2.74994249593874e-06
QUINOLINATE	5223	HMDB	HMDB0000232_56_shen	Quinolinic acid	inchikey_connectivity_formula_mass	2	FALSE	TRUE	1.0999769983755e-09	2.74994249593874e-06
QUINOLINATE	5224	HMDB	HMDB0000232_57_shen	Quinolinic acid	inchikey_connectivity_formula_mass	2	FALSE	TRUE	1.0999769983755e-09	2.74994249593874e-06
QUINOLINATE	5225	HMDB	HMDB0000232_58_shen	Quinolinic acid	inchikey_connectivity_formula_mass	2	FALSE	TRUE	1.0999769983755e-09	2.74994249593874e-06
QUINOLINATE	5226	HMDB	HMDB0000232_59_shen	Quinolinic acid	inchikey_connectivity_formula_mass	2	FALSE	TRUE	1.0999769983755e-09	2.74994249593874e-06
THIAMINE	5251	HMDB	HMDB0000235_1_shen	Thiamine	inchikey	1	TRUE	TRUE	1.00782503470003	2519.56258675008
THIAMINE	5252	HMDB	HMDB0000235_2_shen	Thiamine	inchikey	1	TRUE	TRUE	1.00782503470003	2519.56258675008
THIAMINE	5253	HMDB	HMDB0000235_3_shen	Thiamine	inchikey	1	TRUE	TRUE	1.00782503470003	2519.56258675008
THIAMINE	5254	HMDB	HMDB0000235_4_shen	Thiamine	inchikey	1	TRUE	TRUE	1.00782503470003	2519.56258675008
THIAMINE	5255	HMDB	HMDB0000235_5_shen	Thiamine	inchikey	1	TRUE	TRUE	1.00782503470003	2519.56258675008
THIAMINE	5256	HMDB	HMDB0000235_6_shen	Thiamine	inchikey	1	TRUE	TRUE	1.00782503470003	2519.56258675008
THIAMINE	5257	HMDB	HMDB0000235_7_shen	Thiamine	inchikey	1	TRUE	TRUE	1.00782503470003	2519.56258675008
THIAMINE	5258	HMDB	HMDB0000235_8_shen	Thiamine	inchikey	1	TRUE	TRUE	1.00782503470003	2519.56258675008
THIAMINE	5259	HMDB	HMDB0000235_9_shen	Thiamine	inchikey	1	TRUE	TRUE	1.00782503470003	2519.56258675008
THIAMINE	5260	HMDB	HMDB0000235_10_shen	Thiamine	inchikey	1	TRUE	TRUE	1.00782503470003	2519.56258675008
THIAMINE	5261	HMDB	HMDB0000235_11_shen	Thiamine	inchikey	1	TRUE	TRUE	1.00782503470003	2519.56258675008
THIAMINE	5262	HMDB	HMDB0000235_12_shen	Thiamine	inchikey	1	TRUE	TRUE	1.00782503470003	2519.56258675008
THIAMINE	5263	HMDB	HMDB0000235_13_shen	Thiamine	inchikey	1	TRUE	TRUE	1.00782503470003	2519.56258675008
THIAMINE	5264	HMDB	HMDB0000235_14_shen	Thiamine	inchikey	1	TRUE	TRUE	1.00782503470003	2519.56258675008
THIAMINE	5265	HMDB	HMDB0000235_15_shen	Thiamine	inchikey	1	TRUE	TRUE	1.00782503470003	2519.56258675008
THIAMINE	5266	HMDB	HMDB0000235_16_shen	Thiamine	inchikey	1	TRUE	TRUE	1.00782503470003	2519.56258675008
THIAMINE	5267	HMDB	HMDB0000235_17_shen	Thiamine	inchikey	1	TRUE	TRUE	1.00782503470003	2519.56258675008
THIAMINE	5268	HMDB	HMDB0000235_18_shen	Thiamine	inchikey	1	TRUE	TRUE	1.00782503470003	2519.56258675008
THIAMINE	5269	HMDB	HMDB0000235_19_shen	Thiamine	inchikey	1	TRUE	TRUE	1.00782503470003	2519.56258675008
THIAMINE	5270	HMDB	HMDB0000235_20_shen	Thiamine	inchikey	1	TRUE	TRUE	1.00782503470003	2519.56258675008
THIAMINE	5271	HMDB	HMDB0000235_21_shen	Thiamine	inchikey	1	TRUE	TRUE	1.00782503470003	2519.56258675008
THIAMINE	5272	HMDB	HMDB0000235_22_shen	Thiamine	inchikey	1	TRUE	TRUE	1.00782503470003	2519.56258675008
THIAMINE	5273	HMDB	HMDB0000235_23_shen	Thiamine	inchikey	1	TRUE	TRUE	1.00782503470003	2519.56258675008
THIAMINE	5274	HMDB	HMDB0000235_24_shen	Thiamine	inchikey	1	TRUE	TRUE	1.00782503470003	2519.56258675008
THIAMINE	5275	HMDB	HMDB0000235_25_shen	Thiamine	inchikey	1	TRUE	TRUE	1.00782503470003	2519.56258675008
THIAMINE	5276	HMDB	HMDB0000235_26_shen	Thiamine	inchikey	1	TRUE	TRUE	1.00782503470003	2519.56258675008
THIAMINE	5277	HMDB	HMDB0000235_27_shen	Thiamine	inchikey	1	TRUE	TRUE	1.00782503470003	2519.56258675008
THIAMINE	5278	HMDB	HMDB0000235_28_shen	Thiamine	inchikey	1	TRUE	TRUE	1.00782503470003	2519.56258675008
THIAMINE	5279	HMDB	HMDB0000235_29_shen	Thiamine	inchikey	1	TRUE	TRUE	1.00782503470003	2519.56258675008
THIAMINE	5280	HMDB	HMDB0000235_30_shen	Thiamine	inchikey	1	TRUE	TRUE	1.00782503470003	2519.56258675008
THIAMINE	5281	HMDB	HMDB0000235_31_shen	Thiamine	inchikey	1	TRUE	TRUE	1.00782503470003	2519.56258675008
THIAMINE	5282	HMDB	HMDB0000235_32_shen	Thiamine	inchikey	1	TRUE	TRUE	1.00782503470003	2519.56258675008
THIAMINE	5283	HMDB	HMDB0000235_33_shen	Thiamine	inchikey	1	TRUE	TRUE	1.00782503470003	2519.56258675008
THIAMINE	5284	HMDB	HMDB0000235_34_shen	Thiamine	inchikey	1	TRUE	TRUE	1.00782503470003	2519.56258675008
THIAMINE	5285	HMDB	HMDB0000235_35_shen	Thiamine	inchikey	1	TRUE	TRUE	1.00782503470003	2519.56258675008
THIAMINE	5286	HMDB	HMDB0000235_36_shen	Thiamine	inchikey	1	TRUE	TRUE	1.00782503470003	2519.56258675008
THIAMINE	5287	HMDB	HMDB0000235_37_shen	Thiamine	inchikey	1	TRUE	TRUE	1.00782503470003	2519.56258675008
THIAMINE	5288	HMDB	HMDB0000235_38_shen	Thiamine	inchikey	1	TRUE	TRUE	1.00782503470003	2519.56258675008
THIAMINE	5289	HMDB	HMDB0000235_39_shen	Thiamine	inchikey	1	TRUE	TRUE	1.00782503470003	2519.56258675008
THIAMINE	5290	HMDB	HMDB0000235_40_shen	Thiamine	inchikey	1	TRUE	TRUE	1.00782503470003	2519.56258675008
PROPIONATE	5291	HMDB	HMDB0000237_1_shen	Propionic acid	inchikey_connectivity_formula_mass	2	FALSE	TRUE	8.00000066192297e-10	2.00000016548074e-06
PROPIONATE	5292	HMDB	HMDB0000237_2_shen	Propionic acid	inchikey_connectivity_formula_mass	2	FALSE	TRUE	8.00000066192297e-10	2.00000016548074e-06
PROPIONATE	5293	HMDB	HMDB0000237_3_shen	Propionic acid	inchikey_connectivity_formula_mass	2	FALSE	TRUE	8.00000066192297e-10	2.00000016548074e-06
PROPIONATE	5294	HMDB	HMDB0000237_4_shen	Propionic acid	inchikey_connectivity_formula_mass	2	FALSE	TRUE	8.00000066192297e-10	2.00000016548074e-06
PROPIONATE	5295	HMDB	HMDB0000237_5_shen	Propionic acid	inchikey_connectivity_formula_mass	2	FALSE	TRUE	8.00000066192297e-10	2.00000016548074e-06
PROPIONATE	5296	HMDB	HMDB0000237_6_shen	Propionic acid	inchikey_connectivity_formula_mass	2	FALSE	TRUE	8.00000066192297e-10	2.00000016548074e-06
PROPIONATE	5297	HMDB	HMDB0000237_7_shen	Propionic acid	inchikey_connectivity_formula_mass	2	FALSE	TRUE	8.00000066192297e-10	2.00000016548074e-06
PROPIONATE	5298	HMDB	HMDB0000237_8_shen	Propionic acid	inchikey_connectivity_formula_mass	2	FALSE	TRUE	8.00000066192297e-10	2.00000016548074e-06
PROPIONATE	5299	HMDB	HMDB0000237_9_shen	Propionic acid	inchikey_connectivity_formula_mass	2	FALSE	TRUE	8.00000066192297e-10	2.00000016548074e-06
PROPIONATE	5300	HMDB	HMDB0000237_10_shen	Propionic acid	inchikey_connectivity_formula_mass	2	FALSE	TRUE	8.00000066192297e-10	2.00000016548074e-06
PROPIONATE	5301	HMDB	HMDB0000237_11_shen	Propionic acid	inchikey_connectivity_formula_mass	2	FALSE	TRUE	8.00000066192297e-10	2.00000016548074e-06
PROPIONATE	5302	HMDB	HMDB0000237_12_shen	Propionic acid	inchikey_connectivity_formula_mass	2	FALSE	TRUE	8.00000066192297e-10	2.00000016548074e-06
PROPIONATE	5303	HMDB	HMDB0000237_13_shen	Propionic acid	inchikey_connectivity_formula_mass	2	FALSE	TRUE	8.00000066192297e-10	2.00000016548074e-06
PYRIDOXINE	5307	HMDB	HMDB0000239_1_shen	Pyridoxine	inchikey	1	TRUE	TRUE	1.60000013238459e-09	4.00000033096148e-06
PYRIDOXINE	5308	HMDB	HMDB0000239_2_shen	Pyridoxine	inchikey	1	TRUE	TRUE	1.60000013238459e-09	4.00000033096148e-06
PYRIDOXINE	5309	HMDB	HMDB0000239_3_shen	Pyridoxine	inchikey	1	TRUE	TRUE	1.60000013238459e-09	4.00000033096148e-06
PYRIDOXINE	5310	HMDB	HMDB0000239_4_shen	Pyridoxine	inchikey	1	TRUE	TRUE	1.60000013238459e-09	4.00000033096148e-06
PYRIDOXINE	5311	HMDB	HMDB0000239_5_shen	Pyridoxine	inchikey	1	TRUE	TRUE	1.60000013238459e-09	4.00000033096148e-06
PYRIDOXINE	5312	HMDB	HMDB0000239_6_shen	Pyridoxine	inchikey	1	TRUE	TRUE	1.60000013238459e-09	4.00000033096148e-06
PYRIDOXINE	5313	HMDB	HMDB0000239_7_shen	Pyridoxine	inchikey	1	TRUE	TRUE	1.60000013238459e-09	4.00000033096148e-06
PYRIDOXINE	5314	HMDB	HMDB0000239_8_shen	Pyridoxine	inchikey	1	TRUE	TRUE	1.60000013238459e-09	4.00000033096148e-06
PYRIDOXINE	5315	HMDB	HMDB0000239_9_shen	Pyridoxine	inchikey	1	TRUE	TRUE	1.60000013238459e-09	4.00000033096148e-06
PYRIDOXINE	5316	HMDB	HMDB0000239_10_shen	Pyridoxine	inchikey	1	TRUE	TRUE	1.60000013238459e-09	4.00000033096148e-06
PYRIDOXINE	5317	HMDB	HMDB0000239_11_shen	Pyridoxine	inchikey	1	TRUE	TRUE	1.60000013238459e-09	4.00000033096148e-06
PYRIDOXINE	5318	HMDB	HMDB0000239_12_shen	Pyridoxine	inchikey	1	TRUE	TRUE	1.60000013238459e-09	4.00000033096148e-06
PYRIDOXINE	5319	HMDB	HMDB0000239_13_shen	Pyridoxine	inchikey	1	TRUE	TRUE	1.60000013238459e-09	4.00000033096148e-06
PYRIDOXINE	5320	HMDB	HMDB0000239_14_shen	Pyridoxine	inchikey	1	TRUE	TRUE	1.60000013238459e-09	4.00000033096148e-06
PYRIDOXINE	5321	HMDB	HMDB0000239_15_shen	Pyridoxine	inchikey	1	TRUE	TRUE	1.60000013238459e-09	4.00000033096148e-06
PYRIDOXINE	5322	HMDB	HMDB0000239_16_shen	Pyridoxine	inchikey	1	TRUE	TRUE	1.60000013238459e-09	4.00000033096148e-06
PYRIDOXINE	5323	HMDB	HMDB0000239_17_shen	Pyridoxine	inchikey	1	TRUE	TRUE	1.60000013238459e-09	4.00000033096148e-06
PYRIDOXINE	5324	HMDB	HMDB0000239_18_shen	Pyridoxine	inchikey	1	TRUE	TRUE	1.60000013238459e-09	4.00000033096148e-06
PYRIDOXINE	5325	HMDB	HMDB0000239_19_shen	Pyridoxine	inchikey	1	TRUE	TRUE	1.60000013238459e-09	4.00000033096148e-06
PYRIDOXINE	5326	HMDB	HMDB0000239_20_shen	Pyridoxine	inchikey	1	TRUE	TRUE	1.60000013238459e-09	4.00000033096148e-06
PYRIDOXINE	5327	HMDB	HMDB0000239_21_shen	Pyridoxine	inchikey	1	TRUE	TRUE	1.60000013238459e-09	4.00000033096148e-06
PYRIDOXINE	5328	HMDB	HMDB0000239_22_shen	Pyridoxine	inchikey	1	TRUE	TRUE	1.60000013238459e-09	4.00000033096148e-06
PYRIDOXINE	5329	HMDB	HMDB0000239_23_shen	Pyridoxine	inchikey	1	TRUE	TRUE	1.60000013238459e-09	4.00000033096148e-06
PYRIDOXINE	5330	HMDB	HMDB0000239_24_shen	Pyridoxine	inchikey	1	TRUE	TRUE	1.60000013238459e-09	4.00000033096148e-06
PYRIDOXINE	5331	HMDB	HMDB0000239_25_shen	Pyridoxine	inchikey	1	TRUE	TRUE	1.60000013238459e-09	4.00000033096148e-06
PYRIDOXINE	5332	HMDB	HMDB0000239_26_shen	Pyridoxine	inchikey	1	TRUE	TRUE	1.60000013238459e-09	4.00000033096148e-06
PYRIDOXINE	5333	HMDB	HMDB0000239_27_shen	Pyridoxine	inchikey	1	TRUE	TRUE	1.60000013238459e-09	4.00000033096148e-06
PYRIDOXINE	5334	HMDB	HMDB0000239_28_shen	Pyridoxine	inchikey	1	TRUE	TRUE	1.60000013238459e-09	4.00000033096148e-06
PYRIDOXINE	5335	HMDB	HMDB0000239_29_shen	Pyridoxine	inchikey	1	TRUE	TRUE	1.60000013238459e-09	4.00000033096148e-06
PYRIDOXINE	5336	HMDB	HMDB0000239_30_shen	Pyridoxine	inchikey	1	TRUE	TRUE	1.60000013238459e-09	4.00000033096148e-06
PYRIDOXINE	5337	HMDB	HMDB0000239_31_shen	Pyridoxine	inchikey	1	TRUE	TRUE	1.60000013238459e-09	4.00000033096148e-06
PYRIDOXINE	5338	HMDB	HMDB0000239_32_shen	Pyridoxine	inchikey	1	TRUE	TRUE	1.60000013238459e-09	4.00000033096148e-06
PYRIDOXINE	5339	HMDB	HMDB0000239_33_shen	Pyridoxine	inchikey	1	TRUE	TRUE	1.60000013238459e-09	4.00000033096148e-06
PYRIDOXINE	5340	HMDB	HMDB0000239_34_shen	Pyridoxine	inchikey	1	TRUE	TRUE	1.60000013238459e-09	4.00000033096148e-06
PYRIDOXINE	5341	HMDB	HMDB0000239_35_shen	Pyridoxine	inchikey	1	TRUE	TRUE	1.60000013238459e-09	4.00000033096148e-06
PYRIDOXINE	5342	HMDB	HMDB0000239_36_shen	Pyridoxine	inchikey	1	TRUE	TRUE	1.60000013238459e-09	4.00000033096148e-06
PYRIDOXINE	5343	HMDB	HMDB0000239_37_shen	Pyridoxine	inchikey	1	TRUE	TRUE	1.60000013238459e-09	4.00000033096148e-06
PYRIDOXINE	5344	HMDB	HMDB0000239_38_shen	Pyridoxine	inchikey	1	TRUE	TRUE	1.60000013238459e-09	4.00000033096148e-06
PYRIDOXINE	5345	HMDB	HMDB0000239_39_shen	Pyridoxine	inchikey	1	TRUE	TRUE	1.60000013238459e-09	4.00000033096148e-06
PYRIDOXINE	5346	HMDB	HMDB0000239_40_shen	Pyridoxine	inchikey	1	TRUE	TRUE	1.60000013238459e-09	4.00000033096148e-06
PYRIDOXINE	5347	HMDB	HMDB0000239_41_shen	Pyridoxine	inchikey	1	TRUE	TRUE	1.60000013238459e-09	4.00000033096148e-06
PYRIDOXINE	5348	HMDB	HMDB0000239_42_shen	Pyridoxine	inchikey	1	TRUE	TRUE	1.60000013238459e-09	4.00000033096148e-06
PYRIDOXINE	5349	HMDB	HMDB0000239_43_shen	Pyridoxine	inchikey	1	TRUE	TRUE	1.60000013238459e-09	4.00000033096148e-06
PYRIDOXINE	5350	HMDB	HMDB0000239_44_shen	Pyridoxine	inchikey	1	TRUE	TRUE	1.60000013238459e-09	4.00000033096148e-06
PYRIDOXINE	5351	HMDB	HMDB0000239_45_shen	Pyridoxine	inchikey	1	TRUE	TRUE	1.60000013238459e-09	4.00000033096148e-06
PYRIDOXINE	5352	HMDB	HMDB0000239_46_shen	Pyridoxine	inchikey	1	TRUE	TRUE	1.60000013238459e-09	4.00000033096148e-06
PYRIDOXINE	5353	HMDB	HMDB0000239_47_shen	Pyridoxine	inchikey	1	TRUE	TRUE	1.60000013238459e-09	4.00000033096148e-06
PYRIDOXINE	5354	HMDB	HMDB0000239_48_shen	Pyridoxine	inchikey	1	TRUE	TRUE	1.60000013238459e-09	4.00000033096148e-06
PYRUVATE	5358	HMDB	HMDB0000243_1_shen	Pyruvic acid	inchikey_connectivity_formula_mass	2	FALSE	TRUE	6.9999828156142e-10	1.74999570390355e-06
PYRUVATE	5359	HMDB	HMDB0000243_2_shen	Pyruvic acid	inchikey_connectivity_formula_mass	2	FALSE	TRUE	6.9999828156142e-10	1.74999570390355e-06
PYRUVATE	5360	HMDB	HMDB0000243_3_shen	Pyruvic acid	inchikey_connectivity_formula_mass	2	FALSE	TRUE	6.9999828156142e-10	1.74999570390355e-06
PYRUVATE	5361	HMDB	HMDB0000243_4_shen	Pyruvic acid	inchikey_connectivity_formula_mass	2	FALSE	TRUE	6.9999828156142e-10	1.74999570390355e-06
PYRUVATE	5362	HMDB	HMDB0000243_5_shen	Pyruvic acid	inchikey_connectivity_formula_mass	2	FALSE	TRUE	6.9999828156142e-10	1.74999570390355e-06
PYRUVATE	5363	HMDB	HMDB0000243_6_shen	Pyruvic acid	inchikey_connectivity_formula_mass	2	FALSE	TRUE	6.9999828156142e-10	1.74999570390355e-06
PYRUVATE	5364	HMDB	HMDB0000243_7_shen	Pyruvic acid	inchikey_connectivity_formula_mass	2	FALSE	TRUE	6.9999828156142e-10	1.74999570390355e-06
PYRUVATE	5365	HMDB	HMDB0000243_8_shen	Pyruvic acid	inchikey_connectivity_formula_mass	2	FALSE	TRUE	6.9999828156142e-10	1.74999570390355e-06
PYRUVATE	5366	HMDB	HMDB0000243_9_shen	Pyruvic acid	inchikey_connectivity_formula_mass	2	FALSE	TRUE	6.9999828156142e-10	1.74999570390355e-06
PYRUVATE	5367	HMDB	HMDB0000243_10_shen	Pyruvic acid	inchikey_connectivity_formula_mass	2	FALSE	TRUE	6.9999828156142e-10	1.74999570390355e-06
PYRUVATE	5368	HMDB	HMDB0000243_11_shen	Pyruvic acid	inchikey_connectivity_formula_mass	2	FALSE	TRUE	6.9999828156142e-10	1.74999570390355e-06
PYRUVATE	5369	HMDB	HMDB0000243_12_shen	Pyruvic acid	inchikey_connectivity_formula_mass	2	FALSE	TRUE	6.9999828156142e-10	1.74999570390355e-06
PYRUVATE	5370	HMDB	HMDB0000243_13_shen	Pyruvic acid	inchikey_connectivity_formula_mass	2	FALSE	TRUE	6.9999828156142e-10	1.74999570390355e-06
PYRUVATE	5371	HMDB	HMDB0000243_14_shen	Pyruvic acid	inchikey_connectivity_formula_mass	2	FALSE	TRUE	6.9999828156142e-10	1.74999570390355e-06
PYRUVATE	5372	HMDB	HMDB0000243_15_shen	Pyruvic acid	inchikey_connectivity_formula_mass	2	FALSE	TRUE	6.9999828156142e-10	1.74999570390355e-06
PYRUVATE	5373	HMDB	HMDB0000243_16_shen	Pyruvic acid	inchikey_connectivity_formula_mass	2	FALSE	TRUE	6.9999828156142e-10	1.74999570390355e-06
RIBOFLAVIN	5374	HMDB	HMDB0000244_1_shen	Riboflavin	inchikey_connectivity_formula_mass	2	FALSE	TRUE	3.39997541232151e-09	8.49993853080377e-06
RIBOFLAVIN	5375	HMDB	HMDB0000244_2_shen	Riboflavin	inchikey_connectivity_formula_mass	2	FALSE	TRUE	3.39997541232151e-09	8.49993853080377e-06
RIBOFLAVIN	5376	HMDB	HMDB0000244_3_shen	Riboflavin	inchikey_connectivity_formula_mass	2	FALSE	TRUE	3.39997541232151e-09	8.49993853080377e-06
RIBOFLAVIN	5377	HMDB	HMDB0000244_4_shen	Riboflavin	inchikey_connectivity_formula_mass	2	FALSE	TRUE	3.39997541232151e-09	8.49993853080377e-06
RIBOFLAVIN	5378	HMDB	HMDB0000244_5_shen	Riboflavin	inchikey_connectivity_formula_mass	2	FALSE	TRUE	3.39997541232151e-09	8.49993853080377e-06
RIBOFLAVIN	5379	HMDB	HMDB0000244_6_shen	Riboflavin	inchikey_connectivity_formula_mass	2	FALSE	TRUE	3.39997541232151e-09	8.49993853080377e-06
RIBOFLAVIN	5380	HMDB	HMDB0000244_7_shen	Riboflavin	inchikey_connectivity_formula_mass	2	FALSE	TRUE	3.39997541232151e-09	8.49993853080377e-06
RIBOFLAVIN	5381	HMDB	HMDB0000244_8_shen	Riboflavin	inchikey_connectivity_formula_mass	2	FALSE	TRUE	3.39997541232151e-09	8.49993853080377e-06
RIBOFLAVIN	5382	HMDB	HMDB0000244_9_shen	Riboflavin	inchikey_connectivity_formula_mass	2	FALSE	TRUE	3.39997541232151e-09	8.49993853080377e-06
RIBOFLAVIN	5383	HMDB	HMDB0000244_10_shen	Riboflavin	inchikey_connectivity_formula_mass	2	FALSE	TRUE	3.39997541232151e-09	8.49993853080377e-06
RIBOFLAVIN	5384	HMDB	HMDB0000244_11_shen	Riboflavin	inchikey_connectivity_formula_mass	2	FALSE	TRUE	3.39997541232151e-09	8.49993853080377e-06
RIBOFLAVIN	5385	HMDB	HMDB0000244_12_shen	Riboflavin	inchikey_connectivity_formula_mass	2	FALSE	TRUE	3.39997541232151e-09	8.49993853080377e-06
RIBOFLAVIN	5386	HMDB	HMDB0000244_13_shen	Riboflavin	inchikey_connectivity_formula_mass	2	FALSE	TRUE	3.39997541232151e-09	8.49993853080377e-06
RIBOFLAVIN	5387	HMDB	HMDB0000244_14_shen	Riboflavin	inchikey_connectivity_formula_mass	2	FALSE	TRUE	3.39997541232151e-09	8.49993853080377e-06
RIBOFLAVIN	5388	HMDB	HMDB0000244_15_shen	Riboflavin	inchikey_connectivity_formula_mass	2	FALSE	TRUE	3.39997541232151e-09	8.49993853080377e-06
RIBOFLAVIN	5389	HMDB	HMDB0000244_16_shen	Riboflavin	inchikey_connectivity_formula_mass	2	FALSE	TRUE	3.39997541232151e-09	8.49993853080377e-06
RIBOFLAVIN	5390	HMDB	HMDB0000244_17_shen	Riboflavin	inchikey_connectivity_formula_mass	2	FALSE	TRUE	3.39997541232151e-09	8.49993853080377e-06
RIBOFLAVIN	5391	HMDB	HMDB0000244_18_shen	Riboflavin	inchikey_connectivity_formula_mass	2	FALSE	TRUE	3.39997541232151e-09	8.49993853080377e-06
RIBOFLAVIN	5392	HMDB	HMDB0000244_19_shen	Riboflavin	inchikey_connectivity_formula_mass	2	FALSE	TRUE	3.39997541232151e-09	8.49993853080377e-06
RIBOFLAVIN	5393	HMDB	HMDB0000244_20_shen	Riboflavin	inchikey_connectivity_formula_mass	2	FALSE	TRUE	3.39997541232151e-09	8.49993853080377e-06
RIBOFLAVIN	5394	HMDB	HMDB0000244_21_shen	Riboflavin	inchikey_connectivity_formula_mass	2	FALSE	TRUE	3.39997541232151e-09	8.49993853080377e-06
RIBOFLAVIN	5395	HMDB	HMDB0000244_22_shen	Riboflavin	inchikey_connectivity_formula_mass	2	FALSE	TRUE	3.39997541232151e-09	8.49993853080377e-06
RIBOFLAVIN	5396	HMDB	HMDB0000244_23_shen	Riboflavin	inchikey_connectivity_formula_mass	2	FALSE	TRUE	3.39997541232151e-09	8.49993853080377e-06
RIBOFLAVIN	5397	HMDB	HMDB0000244_24_shen	Riboflavin	inchikey_connectivity_formula_mass	2	FALSE	TRUE	3.39997541232151e-09	8.49993853080377e-06
RIBOFLAVIN	5398	HMDB	HMDB0000244_25_shen	Riboflavin	inchikey_connectivity_formula_mass	2	FALSE	TRUE	3.39997541232151e-09	8.49993853080377e-06
RIBOFLAVIN	5399	HMDB	HMDB0000244_26_shen	Riboflavin	inchikey_connectivity_formula_mass	2	FALSE	TRUE	3.39997541232151e-09	8.49993853080377e-06
RIBOFLAVIN	5400	HMDB	HMDB0000244_27_shen	Riboflavin	inchikey_connectivity_formula_mass	2	FALSE	TRUE	3.39997541232151e-09	8.49993853080377e-06
RIBOFLAVIN	5401	HMDB	HMDB0000244_28_shen	Riboflavin	inchikey_connectivity_formula_mass	2	FALSE	TRUE	3.39997541232151e-09	8.49993853080377e-06
RIBOFLAVIN	5402	HMDB	HMDB0000244_29_shen	Riboflavin	inchikey_connectivity_formula_mass	2	FALSE	TRUE	3.39997541232151e-09	8.49993853080377e-06
RIBOFLAVIN	5403	HMDB	HMDB0000244_30_shen	Riboflavin	inchikey_connectivity_formula_mass	2	FALSE	TRUE	3.39997541232151e-09	8.49993853080377e-06
RIBOFLAVIN	5404	HMDB	HMDB0000244_31_shen	Riboflavin	inchikey_connectivity_formula_mass	2	FALSE	TRUE	3.39997541232151e-09	8.49993853080377e-06
RIBOFLAVIN	5405	HMDB	HMDB0000244_32_shen	Riboflavin	inchikey_connectivity_formula_mass	2	FALSE	TRUE	3.39997541232151e-09	8.49993853080377e-06
RIBOFLAVIN	5406	HMDB	HMDB0000244_33_shen	Riboflavin	inchikey_connectivity_formula_mass	2	FALSE	TRUE	3.39997541232151e-09	8.49993853080377e-06
RIBOFLAVIN	5407	HMDB	HMDB0000244_34_shen	Riboflavin	inchikey_connectivity_formula_mass	2	FALSE	TRUE	3.39997541232151e-09	8.49993853080377e-06
RIBOFLAVIN	5408	HMDB	HMDB0000244_35_shen	Riboflavin	inchikey_connectivity_formula_mass	2	FALSE	TRUE	3.39997541232151e-09	8.49993853080377e-06
RIBOFLAVIN	5409	HMDB	HMDB0000244_36_shen	Riboflavin	inchikey_connectivity_formula_mass	2	FALSE	TRUE	3.39997541232151e-09	8.49993853080377e-06
RIBOFLAVIN	5410	HMDB	HMDB0000244_37_shen	Riboflavin	inchikey_connectivity_formula_mass	2	FALSE	TRUE	3.39997541232151e-09	8.49993853080377e-06
RIBOFLAVIN	5411	HMDB	HMDB0000244_38_shen	Riboflavin	inchikey_connectivity_formula_mass	2	FALSE	TRUE	3.39997541232151e-09	8.49993853080377e-06
RIBOFLAVIN	5412	HMDB	HMDB0000244_39_shen	Riboflavin	inchikey_connectivity_formula_mass	2	FALSE	TRUE	3.39997541232151e-09	8.49993853080377e-06
RIBOFLAVIN	5413	HMDB	HMDB0000244_40_shen	Riboflavin	inchikey_connectivity_formula_mass	2	FALSE	TRUE	3.39997541232151e-09	8.49993853080377e-06
RIBOFLAVIN	5414	HMDB	HMDB0000244_41_shen	Riboflavin	inchikey_connectivity_formula_mass	2	FALSE	TRUE	3.39997541232151e-09	8.49993853080377e-06
RIBOFLAVIN	5415	HMDB	HMDB0000244_42_shen	Riboflavin	inchikey_connectivity_formula_mass	2	FALSE	TRUE	3.39997541232151e-09	8.49993853080377e-06
RIBOFLAVIN	5416	HMDB	HMDB0000244_43_shen	Riboflavin	inchikey_connectivity_formula_mass	2	FALSE	TRUE	3.39997541232151e-09	8.49993853080377e-06
RIBOFLAVIN	5417	HMDB	HMDB0000244_44_shen	Riboflavin	inchikey_connectivity_formula_mass	2	FALSE	TRUE	3.39997541232151e-09	8.49993853080377e-06
RIBOFLAVIN	5418	HMDB	HMDB0000244_45_shen	Riboflavin	inchikey_connectivity_formula_mass	2	FALSE	TRUE	3.39997541232151e-09	8.49993853080377e-06
RIBOFLAVIN	5419	HMDB	HMDB0000244_46_shen	Riboflavin	inchikey_connectivity_formula_mass	2	FALSE	TRUE	3.39997541232151e-09	8.49993853080377e-06
RIBOFLAVIN	5420	HMDB	HMDB0000244_47_shen	Riboflavin	inchikey_connectivity_formula_mass	2	FALSE	TRUE	3.39997541232151e-09	8.49993853080377e-06
RIBOFLAVIN	5421	HMDB	HMDB0000244_48_shen	Riboflavin	inchikey_connectivity_formula_mass	2	FALSE	TRUE	3.39997541232151e-09	8.49993853080377e-06
RIBOFLAVIN	5422	HMDB	HMDB0000244_49_shen	Riboflavin	inchikey_connectivity_formula_mass	2	FALSE	TRUE	3.39997541232151e-09	8.49993853080377e-06
RIBOFLAVIN	5423	HMDB	HMDB0000244_50_shen	Riboflavin	inchikey_connectivity_formula_mass	2	FALSE	TRUE	3.39997541232151e-09	8.49993853080377e-06
RIBOFLAVIN	5424	HMDB	HMDB0000244_51_shen	Riboflavin	inchikey_connectivity_formula_mass	2	FALSE	TRUE	3.39997541232151e-09	8.49993853080377e-06
RIBOFLAVIN	5425	HMDB	HMDB0000244_52_shen	Riboflavin	inchikey_connectivity_formula_mass	2	FALSE	TRUE	3.39997541232151e-09	8.49993853080377e-06
RIBOFLAVIN	5426	HMDB	HMDB0000244_53_shen	Riboflavin	inchikey_connectivity_formula_mass	2	FALSE	TRUE	3.39997541232151e-09	8.49993853080377e-06
RIBOFLAVIN	5427	HMDB	HMDB0000244_54_shen	Riboflavin	inchikey_connectivity_formula_mass	2	FALSE	TRUE	3.39997541232151e-09	8.49993853080377e-06
RIBOFLAVIN	5428	HMDB	HMDB0000244_55_shen	Riboflavin	inchikey_connectivity_formula_mass	2	FALSE	TRUE	3.39997541232151e-09	8.49993853080377e-06
RIBOFLAVIN	5429	HMDB	HMDB0000244_56_shen	Riboflavin	inchikey_connectivity_formula_mass	2	FALSE	TRUE	3.39997541232151e-09	8.49993853080377e-06
RIBOFLAVIN	5430	HMDB	HMDB0000244_57_shen	Riboflavin	inchikey_connectivity_formula_mass	2	FALSE	TRUE	3.39997541232151e-09	8.49993853080377e-06
RIBOFLAVIN	5431	HMDB	HMDB0000244_58_shen	Riboflavin	inchikey_connectivity_formula_mass	2	FALSE	TRUE	3.39997541232151e-09	8.49993853080377e-06
PORPHOBILINOGEN	5432	HMDB	HMDB0000245_1_shen	Porphobilinogen	inchikey_connectivity_formula_mass	2	FALSE	TRUE	2.19998241846042e-09	5.49995604615106e-06
PORPHOBILINOGEN	5433	HMDB	HMDB0000245_2_shen	Porphobilinogen	inchikey_connectivity_formula_mass	2	FALSE	TRUE	2.19998241846042e-09	5.49995604615106e-06
PORPHOBILINOGEN	5434	HMDB	HMDB0000245_3_shen	Porphobilinogen	inchikey_connectivity_formula_mass	2	FALSE	TRUE	2.19998241846042e-09	5.49995604615106e-06
PORPHOBILINOGEN	5435	HMDB	HMDB0000245_4_shen	Porphobilinogen	inchikey_connectivity_formula_mass	2	FALSE	TRUE	2.19998241846042e-09	5.49995604615106e-06
PORPHOBILINOGEN	5436	HMDB	HMDB0000245_5_shen	Porphobilinogen	inchikey_connectivity_formula_mass	2	FALSE	TRUE	2.19998241846042e-09	5.49995604615106e-06
PORPHOBILINOGEN	5437	HMDB	HMDB0000245_6_shen	Porphobilinogen	inchikey_connectivity_formula_mass	2	FALSE	TRUE	2.19998241846042e-09	5.49995604615106e-06
PORPHOBILINOGEN	5438	HMDB	HMDB0000245_7_shen	Porphobilinogen	inchikey_connectivity_formula_mass	2	FALSE	TRUE	2.19998241846042e-09	5.49995604615106e-06
PORPHOBILINOGEN	5439	HMDB	HMDB0000245_8_shen	Porphobilinogen	inchikey_connectivity_formula_mass	2	FALSE	TRUE	2.19998241846042e-09	5.49995604615106e-06
PORPHOBILINOGEN	5440	HMDB	HMDB0000245_9_shen	Porphobilinogen	inchikey_connectivity_formula_mass	2	FALSE	TRUE	2.19998241846042e-09	5.49995604615106e-06
PORPHOBILINOGEN	5441	HMDB	HMDB0000245_10_shen	Porphobilinogen	inchikey_connectivity_formula_mass	2	FALSE	TRUE	2.19998241846042e-09	5.49995604615106e-06
PORPHOBILINOGEN	5442	HMDB	HMDB0000245_11_shen	Porphobilinogen	inchikey_connectivity_formula_mass	2	FALSE	TRUE	2.19998241846042e-09	5.49995604615106e-06
PORPHOBILINOGEN	5443	HMDB	HMDB0000245_12_shen	Porphobilinogen	inchikey_connectivity_formula_mass	2	FALSE	TRUE	2.19998241846042e-09	5.49995604615106e-06
PORPHOBILINOGEN	5444	HMDB	HMDB0000245_13_shen	Porphobilinogen	inchikey_connectivity_formula_mass	2	FALSE	TRUE	2.19998241846042e-09	5.49995604615106e-06
PORPHOBILINOGEN	5445	HMDB	HMDB0000245_14_shen	Porphobilinogen	inchikey_connectivity_formula_mass	2	FALSE	TRUE	2.19998241846042e-09	5.49995604615106e-06
PORPHOBILINOGEN	5446	HMDB	HMDB0000245_15_shen	Porphobilinogen	inchikey_connectivity_formula_mass	2	FALSE	TRUE	2.19998241846042e-09	5.49995604615106e-06
PORPHOBILINOGEN	5447	HMDB	HMDB0000245_16_shen	Porphobilinogen	inchikey_connectivity_formula_mass	2	FALSE	TRUE	2.19998241846042e-09	5.49995604615106e-06
PORPHOBILINOGEN	5448	HMDB	HMDB0000245_17_shen	Porphobilinogen	inchikey_connectivity_formula_mass	2	FALSE	TRUE	2.19998241846042e-09	5.49995604615106e-06
PORPHOBILINOGEN	5449	HMDB	HMDB0000245_18_shen	Porphobilinogen	inchikey_connectivity_formula_mass	2	FALSE	TRUE	2.19998241846042e-09	5.49995604615106e-06
PORPHOBILINOGEN	5450	HMDB	HMDB0000245_19_shen	Porphobilinogen	inchikey_connectivity_formula_mass	2	FALSE	TRUE	2.19998241846042e-09	5.49995604615106e-06
PORPHOBILINOGEN	5451	HMDB	HMDB0000245_20_shen	Porphobilinogen	inchikey_connectivity_formula_mass	2	FALSE	TRUE	2.19998241846042e-09	5.49995604615106e-06
PORPHOBILINOGEN	5452	HMDB	HMDB0000245_21_shen	Porphobilinogen	inchikey_connectivity_formula_mass	2	FALSE	TRUE	2.19998241846042e-09	5.49995604615106e-06
PORPHOBILINOGEN	5453	HMDB	HMDB0000245_22_shen	Porphobilinogen	inchikey_connectivity_formula_mass	2	FALSE	TRUE	2.19998241846042e-09	5.49995604615106e-06
PORPHOBILINOGEN	5454	HMDB	HMDB0000245_23_shen	Porphobilinogen	inchikey_connectivity_formula_mass	2	FALSE	TRUE	2.19998241846042e-09	5.49995604615106e-06
PORPHOBILINOGEN	5455	HMDB	HMDB0000245_24_shen	Porphobilinogen	inchikey_connectivity_formula_mass	2	FALSE	TRUE	2.19998241846042e-09	5.49995604615106e-06
PORPHOBILINOGEN	5456	HMDB	HMDB0000245_25_shen	Porphobilinogen	inchikey_connectivity_formula_mass	2	FALSE	TRUE	2.19998241846042e-09	5.49995604615106e-06
PORPHOBILINOGEN	5457	HMDB	HMDB0000245_26_shen	Porphobilinogen	inchikey_connectivity_formula_mass	2	FALSE	TRUE	2.19998241846042e-09	5.49995604615106e-06
PORPHOBILINOGEN	5458	HMDB	HMDB0000245_27_shen	Porphobilinogen	inchikey_connectivity_formula_mass	2	FALSE	TRUE	2.19998241846042e-09	5.49995604615106e-06
PORPHOBILINOGEN	5459	HMDB	HMDB0000245_28_shen	Porphobilinogen	inchikey_connectivity_formula_mass	2	FALSE	TRUE	2.19998241846042e-09	5.49995604615106e-06
SORBITOL	5466	HMDB	HMDB0000247_1_shen	Sorbitol	inchikey	1	TRUE	TRUE	2.0000072709081e-09	5.00001817727025e-06
SORBITOL	5467	HMDB	HMDB0000247_2_shen	Sorbitol	inchikey	1	TRUE	TRUE	2.0000072709081e-09	5.00001817727025e-06
SORBITOL	5468	HMDB	HMDB0000247_3_shen	Sorbitol	inchikey	1	TRUE	TRUE	2.0000072709081e-09	5.00001817727025e-06
SORBITOL	5469	HMDB	HMDB0000247_4_shen	Sorbitol	inchikey	1	TRUE	TRUE	2.0000072709081e-09	5.00001817727025e-06
SORBITOL	5470	HMDB	HMDB0000247_5_shen	Sorbitol	inchikey	1	TRUE	TRUE	2.0000072709081e-09	5.00001817727025e-06
SORBITOL	5471	HMDB	HMDB0000247_6_shen	Sorbitol	inchikey	1	TRUE	TRUE	2.0000072709081e-09	5.00001817727025e-06
SORBITOL	5472	HMDB	HMDB0000247_7_shen	Sorbitol	inchikey	1	TRUE	TRUE	2.0000072709081e-09	5.00001817727025e-06
SORBITOL	5473	HMDB	HMDB0000247_8_shen	Sorbitol	inchikey	1	TRUE	TRUE	2.0000072709081e-09	5.00001817727025e-06
SORBITOL	5474	HMDB	HMDB0000247_9_shen	Sorbitol	inchikey	1	TRUE	TRUE	2.0000072709081e-09	5.00001817727025e-06
SORBITOL	5475	HMDB	HMDB0000247_10_shen	Sorbitol	inchikey	1	TRUE	TRUE	2.0000072709081e-09	5.00001817727025e-06
SORBITOL	5476	HMDB	HMDB0000247_11_shen	Sorbitol	inchikey	1	TRUE	TRUE	2.0000072709081e-09	5.00001817727025e-06
SORBITOL	5477	HMDB	HMDB0000247_12_shen	Sorbitol	inchikey	1	TRUE	TRUE	2.0000072709081e-09	5.00001817727025e-06
SORBITOL	5478	HMDB	HMDB0000247_13_shen	Sorbitol	inchikey	1	TRUE	TRUE	2.0000072709081e-09	5.00001817727025e-06
SORBITOL	5479	HMDB	HMDB0000247_14_shen	Sorbitol	inchikey	1	TRUE	TRUE	2.0000072709081e-09	5.00001817727025e-06
SORBITOL	5480	HMDB	HMDB0000247_15_shen	Sorbitol	inchikey	1	TRUE	TRUE	2.0000072709081e-09	5.00001817727025e-06
SORBITOL	5481	HMDB	HMDB0000247_16_shen	Sorbitol	inchikey	1	TRUE	TRUE	2.0000072709081e-09	5.00001817727025e-06
SORBITOL	5482	HMDB	HMDB0000247_17_shen	Sorbitol	inchikey	1	TRUE	TRUE	2.0000072709081e-09	5.00001817727025e-06
THRYROXINE	5483	HMDB	HMDB0000248_1_shen	Thyroxine	name_formula_mass	4	FALSE	TRUE	1.67830012287595e-06	0.00216084576499652
THRYROXINE	5484	HMDB	HMDB0000248_2_shen	Thyroxine	name_formula_mass	4	FALSE	TRUE	1.67830012287595e-06	0.00216084576499652
THRYROXINE	5485	HMDB	HMDB0000248_3_shen	Thyroxine	name_formula_mass	4	FALSE	TRUE	1.67830012287595e-06	0.00216084576499652
THRYROXINE	5486	HMDB	HMDB0000248_4_shen	Thyroxine	name_formula_mass	4	FALSE	TRUE	1.67830012287595e-06	0.00216084576499652
THRYROXINE	5487	HMDB	HMDB0000248_5_shen	Thyroxine	name_formula_mass	4	FALSE	TRUE	1.67830012287595e-06	0.00216084576499652
THRYROXINE	5488	HMDB	HMDB0000248_6_shen	Thyroxine	name_formula_mass	4	FALSE	TRUE	1.67830012287595e-06	0.00216084576499652
THRYROXINE	5489	HMDB	HMDB0000248_7_shen	Thyroxine	name_formula_mass	4	FALSE	TRUE	1.67830012287595e-06	0.00216084576499652
THRYROXINE	5490	HMDB	HMDB0000248_8_shen	Thyroxine	name_formula_mass	4	FALSE	TRUE	1.67830012287595e-06	0.00216084576499652
THRYROXINE	5491	HMDB	HMDB0000248_9_shen	Thyroxine	name_formula_mass	4	FALSE	TRUE	1.67830012287595e-06	0.00216084576499652
THRYROXINE	5492	HMDB	HMDB0000248_10_shen	Thyroxine	name_formula_mass	4	FALSE	TRUE	1.67830012287595e-06	0.00216084576499652
THRYROXINE	5493	HMDB	HMDB0000248_11_shen	Thyroxine	name_formula_mass	4	FALSE	TRUE	1.67830012287595e-06	0.00216084576499652
THRYROXINE	5494	HMDB	HMDB0000248_12_shen	Thyroxine	name_formula_mass	4	FALSE	TRUE	1.67830012287595e-06	0.00216084576499652
THRYROXINE	5495	HMDB	HMDB0000248_13_shen	Thyroxine	name_formula_mass	4	FALSE	TRUE	1.67830012287595e-06	0.00216084576499652
THRYROXINE	5496	HMDB	HMDB0000248_14_shen	Thyroxine	name_formula_mass	4	FALSE	TRUE	1.67830012287595e-06	0.00216084576499652
THRYROXINE	5497	HMDB	HMDB0000248_15_shen	Thyroxine	name_formula_mass	4	FALSE	TRUE	1.67830012287595e-06	0.00216084576499652
SPHINGOSINE	5639	HMDB	HMDB0000252_1_shen	Sphingosine	inchikey_connectivity_formula_mass	2	FALSE	TRUE	4.10000211559236e-09	1.02500052889809e-05
SPHINGOSINE	5640	HMDB	HMDB0000252_2_shen	Sphingosine	inchikey_connectivity_formula_mass	2	FALSE	TRUE	4.10000211559236e-09	1.02500052889809e-05
SPHINGOSINE	5641	HMDB	HMDB0000252_3_shen	Sphingosine	inchikey_connectivity_formula_mass	2	FALSE	TRUE	4.10000211559236e-09	1.02500052889809e-05
SPHINGOSINE	5642	HMDB	HMDB0000252_4_shen	Sphingosine	inchikey_connectivity_formula_mass	2	FALSE	TRUE	4.10000211559236e-09	1.02500052889809e-05
SPHINGOSINE	5643	HMDB	HMDB0000252_5_shen	Sphingosine	inchikey_connectivity_formula_mass	2	FALSE	TRUE	4.10000211559236e-09	1.02500052889809e-05
SPHINGOSINE	5644	HMDB	HMDB0000252_6_shen	Sphingosine	inchikey_connectivity_formula_mass	2	FALSE	TRUE	4.10000211559236e-09	1.02500052889809e-05
SPHINGOSINE	5645	HMDB	HMDB0000252_7_shen	Sphingosine	inchikey_connectivity_formula_mass	2	FALSE	TRUE	4.10000211559236e-09	1.02500052889809e-05
SUC	5646	HMDB	HMDB0000254_1_shen	Succinic acid	inchikey_connectivity_formula_mass	2	FALSE	TRUE	1.00000363545405e-09	2.50000908863512e-06
SUC	5647	HMDB	HMDB0000254_2_shen	Succinic acid	inchikey_connectivity_formula_mass	2	FALSE	TRUE	1.00000363545405e-09	2.50000908863512e-06
SUC	5648	HMDB	HMDB0000254_3_shen	Succinic acid	inchikey_connectivity_formula_mass	2	FALSE	TRUE	1.00000363545405e-09	2.50000908863512e-06
SUC	5649	HMDB	HMDB0000254_4_shen	Succinic acid	inchikey_connectivity_formula_mass	2	FALSE	TRUE	1.00000363545405e-09	2.50000908863512e-06
SUC	5650	HMDB	HMDB0000254_5_shen	Succinic acid	inchikey_connectivity_formula_mass	2	FALSE	TRUE	1.00000363545405e-09	2.50000908863512e-06
SUC	5651	HMDB	HMDB0000254_6_shen	Succinic acid	inchikey_connectivity_formula_mass	2	FALSE	TRUE	1.00000363545405e-09	2.50000908863512e-06
SUC	5652	HMDB	HMDB0000254_7_shen	Succinic acid	inchikey_connectivity_formula_mass	2	FALSE	TRUE	1.00000363545405e-09	2.50000908863512e-06
SUC	5653	HMDB	HMDB0000254_8_shen	Succinic acid	inchikey_connectivity_formula_mass	2	FALSE	TRUE	1.00000363545405e-09	2.50000908863512e-06
SUC	5654	HMDB	HMDB0000254_9_shen	Succinic acid	inchikey_connectivity_formula_mass	2	FALSE	TRUE	1.00000363545405e-09	2.50000908863512e-06
SUC	5655	HMDB	HMDB0000254_10_shen	Succinic acid	inchikey_connectivity_formula_mass	2	FALSE	TRUE	1.00000363545405e-09	2.50000908863512e-06
SUC	5656	HMDB	HMDB0000254_11_shen	Succinic acid	inchikey_connectivity_formula_mass	2	FALSE	TRUE	1.00000363545405e-09	2.50000908863512e-06
SUC	5657	HMDB	HMDB0000254_12_shen	Succinic acid	inchikey_connectivity_formula_mass	2	FALSE	TRUE	1.00000363545405e-09	2.50000908863512e-06
SUC	5658	HMDB	HMDB0000254_13_shen	Succinic acid	inchikey_connectivity_formula_mass	2	FALSE	TRUE	1.00000363545405e-09	2.50000908863512e-06
SUC	5659	HMDB	HMDB0000254_14_shen	Succinic acid	inchikey_connectivity_formula_mass	2	FALSE	TRUE	1.00000363545405e-09	2.50000908863512e-06
SUC	5660	HMDB	HMDB0000254_15_shen	Succinic acid	inchikey_connectivity_formula_mass	2	FALSE	TRUE	1.00000363545405e-09	2.50000908863512e-06
SUC	5661	HMDB	HMDB0000254_16_shen	Succinic acid	inchikey_connectivity_formula_mass	2	FALSE	TRUE	1.00000363545405e-09	2.50000908863512e-06
SUC	5662	HMDB	HMDB0000254_17_shen	Succinic acid	inchikey_connectivity_formula_mass	2	FALSE	TRUE	1.00000363545405e-09	2.50000908863512e-06
SUC	5663	HMDB	HMDB0000254_18_shen	Succinic acid	inchikey_connectivity_formula_mass	2	FALSE	TRUE	1.00000363545405e-09	2.50000908863512e-06
SUC	5664	HMDB	HMDB0000254_19_shen	Succinic acid	inchikey_connectivity_formula_mass	2	FALSE	TRUE	1.00000363545405e-09	2.50000908863512e-06
SUC	5665	HMDB	HMDB0000254_20_shen	Succinic acid	inchikey_connectivity_formula_mass	2	FALSE	TRUE	1.00000363545405e-09	2.50000908863512e-06
SUC	5666	HMDB	HMDB0000254_21_shen	Succinic acid	inchikey_connectivity_formula_mass	2	FALSE	TRUE	1.00000363545405e-09	2.50000908863512e-06
SUC	5667	HMDB	HMDB0000254_22_shen	Succinic acid	inchikey_connectivity_formula_mass	2	FALSE	TRUE	1.00000363545405e-09	2.50000908863512e-06
SUC	5668	HMDB	HMDB0000254_23_shen	Succinic acid	inchikey_connectivity_formula_mass	2	FALSE	TRUE	1.00000363545405e-09	2.50000908863512e-06
SUC	5669	HMDB	HMDB0000254_24_shen	Succinic acid	inchikey_connectivity_formula_mass	2	FALSE	TRUE	1.00000363545405e-09	2.50000908863512e-06
SUC	5670	HMDB	HMDB0000254_25_shen	Succinic acid	inchikey_connectivity_formula_mass	2	FALSE	TRUE	1.00000363545405e-09	2.50000908863512e-06
SUC	5671	HMDB	HMDB0000254_26_shen	Succinic acid	inchikey_connectivity_formula_mass	2	FALSE	TRUE	1.00000363545405e-09	2.50000908863512e-06
SUC	5672	HMDB	HMDB0000254_27_shen	Succinic acid	inchikey_connectivity_formula_mass	2	FALSE	TRUE	1.00000363545405e-09	2.50000908863512e-06
SUC	5673	HMDB	HMDB0000254_28_shen	Succinic acid	inchikey_connectivity_formula_mass	2	FALSE	TRUE	1.00000363545405e-09	2.50000908863512e-06
SUC	5674	HMDB	HMDB0000254_29_shen	Succinic acid	inchikey_connectivity_formula_mass	2	FALSE	TRUE	1.00000363545405e-09	2.50000908863512e-06
SUC	5675	HMDB	HMDB0000254_30_shen	Succinic acid	inchikey_connectivity_formula_mass	2	FALSE	TRUE	1.00000363545405e-09	2.50000908863512e-06
SUC	5676	HMDB	HMDB0000254_31_shen	Succinic acid	inchikey_connectivity_formula_mass	2	FALSE	TRUE	1.00000363545405e-09	2.50000908863512e-06
SUC	5677	HMDB	HMDB0000254_32_shen	Succinic acid	inchikey_connectivity_formula_mass	2	FALSE	TRUE	1.00000363545405e-09	2.50000908863512e-06
SUC	5678	HMDB	HMDB0000254_33_shen	Succinic acid	inchikey_connectivity_formula_mass	2	FALSE	TRUE	1.00000363545405e-09	2.50000908863512e-06
SUC	5679	HMDB	HMDB0000254_34_shen	Succinic acid	inchikey_connectivity_formula_mass	2	FALSE	TRUE	1.00000363545405e-09	2.50000908863512e-06
SUC	5680	HMDB	HMDB0000254_35_shen	Succinic acid	inchikey_connectivity_formula_mass	2	FALSE	TRUE	1.00000363545405e-09	2.50000908863512e-06
SUC	5681	HMDB	HMDB0000254_36_shen	Succinic acid	inchikey_connectivity_formula_mass	2	FALSE	TRUE	1.00000363545405e-09	2.50000908863512e-06
SUC	5682	HMDB	HMDB0000254_37_shen	Succinic acid	inchikey_connectivity_formula_mass	2	FALSE	TRUE	1.00000363545405e-09	2.50000908863512e-06
SUC	5683	HMDB	HMDB0000254_38_shen	Succinic acid	inchikey_connectivity_formula_mass	2	FALSE	TRUE	1.00000363545405e-09	2.50000908863512e-06
SUC	5684	HMDB	HMDB0000254_39_shen	Succinic acid	inchikey_connectivity_formula_mass	2	FALSE	TRUE	1.00000363545405e-09	2.50000908863512e-06
SUC	5685	HMDB	HMDB0000254_40_shen	Succinic acid	inchikey_connectivity_formula_mass	2	FALSE	TRUE	1.00000363545405e-09	2.50000908863512e-06
SQUALENE	5686	HMDB	HMDB0000256_1_shen	Squalene	inchikey	1	TRUE	TRUE	5.00000396641553e-09	1.21835052449608e-05
SQUALENE	5687	HMDB	HMDB0000256_2_shen	Squalene	inchikey	1	TRUE	TRUE	5.00000396641553e-09	1.21835052449608e-05
SQUALENE	5688	HMDB	HMDB0000256_3_shen	Squalene	inchikey	1	TRUE	TRUE	5.00000396641553e-09	1.21835052449608e-05
SQUALENE	5689	HMDB	HMDB0000256_4_shen	Squalene	inchikey	1	TRUE	TRUE	5.00000396641553e-09	1.21835052449608e-05
SUCROSE	5693	HMDB	HMDB0000258_1_shen	Sucrose	inchikey	1	TRUE	TRUE	3.30004468196421e-09	8.25011170491052e-06
SUCROSE	5694	HMDB	HMDB0000258_2_shen	Sucrose	inchikey	1	TRUE	TRUE	3.30004468196421e-09	8.25011170491052e-06
SUCROSE	5695	HMDB	HMDB0000258_3_shen	Sucrose	inchikey	1	TRUE	TRUE	3.30004468196421e-09	8.25011170491052e-06
SUCROSE	5696	HMDB	HMDB0000258_4_shen	Sucrose	inchikey	1	TRUE	TRUE	3.30004468196421e-09	8.25011170491052e-06
SUCROSE	5697	HMDB	HMDB0000258_5_shen	Sucrose	inchikey	1	TRUE	TRUE	3.30004468196421e-09	8.25011170491052e-06
SUCROSE	5698	HMDB	HMDB0000258_6_shen	Sucrose	inchikey	1	TRUE	TRUE	3.30004468196421e-09	8.25011170491052e-06
SUCROSE	5699	HMDB	HMDB0000258_7_shen	Sucrose	inchikey	1	TRUE	TRUE	3.30004468196421e-09	8.25011170491052e-06
SUCROSE	5700	HMDB	HMDB0000258_8_shen	Sucrose	inchikey	1	TRUE	TRUE	3.30004468196421e-09	8.25011170491052e-06
SUCROSE	5701	HMDB	HMDB0000258_9_shen	Sucrose	inchikey	1	TRUE	TRUE	3.30004468196421e-09	8.25011170491052e-06
SUCROSE	5702	HMDB	HMDB0000258_10_shen	Sucrose	inchikey	1	TRUE	TRUE	3.30004468196421e-09	8.25011170491052e-06
SUCROSE	5703	HMDB	HMDB0000258_11_shen	Sucrose	inchikey	1	TRUE	TRUE	3.30004468196421e-09	8.25011170491052e-06
SUCROSE	5704	HMDB	HMDB0000258_12_shen	Sucrose	inchikey	1	TRUE	TRUE	3.30004468196421e-09	8.25011170491052e-06
SUCROSE	5705	HMDB	HMDB0000258_13_shen	Sucrose	inchikey	1	TRUE	TRUE	3.30004468196421e-09	8.25011170491052e-06
SUCROSE	5706	HMDB	HMDB0000258_14_shen	Sucrose	inchikey	1	TRUE	TRUE	3.30004468196421e-09	8.25011170491052e-06
SUCROSE	5707	HMDB	HMDB0000258_15_shen	Sucrose	inchikey	1	TRUE	TRUE	3.30004468196421e-09	8.25011170491052e-06
SUCROSE	5708	HMDB	HMDB0000258_16_shen	Sucrose	inchikey	1	TRUE	TRUE	3.30004468196421e-09	8.25011170491052e-06
SUCROSE	5709	HMDB	HMDB0000258_17_shen	Sucrose	inchikey	1	TRUE	TRUE	3.30004468196421e-09	8.25011170491052e-06
SUCROSE	5710	HMDB	HMDB0000258_18_shen	Sucrose	inchikey	1	TRUE	TRUE	3.30004468196421e-09	8.25011170491052e-06
SUCROSE	5711	HMDB	HMDB0000258_19_shen	Sucrose	inchikey	1	TRUE	TRUE	3.30004468196421e-09	8.25011170491052e-06
SUCROSE	5712	HMDB	HMDB0000258_20_shen	Sucrose	inchikey	1	TRUE	TRUE	3.30004468196421e-09	8.25011170491052e-06
SUCROSE	5713	HMDB	HMDB0000258_21_shen	Sucrose	inchikey	1	TRUE	TRUE	3.30004468196421e-09	8.25011170491052e-06
SUCROSE	5714	HMDB	HMDB0000258_22_shen	Sucrose	inchikey	1	TRUE	TRUE	3.30004468196421e-09	8.25011170491052e-06
SUCROSE	5715	HMDB	HMDB0000258_23_shen	Sucrose	inchikey	1	TRUE	TRUE	3.30004468196421e-09	8.25011170491052e-06
SUCROSE	5716	HMDB	HMDB0000258_24_shen	Sucrose	inchikey	1	TRUE	TRUE	3.30004468196421e-09	8.25011170491052e-06
SUCROSE	5717	HMDB	HMDB0000258_25_shen	Sucrose	inchikey	1	TRUE	TRUE	3.30004468196421e-09	8.25011170491052e-06
SUCROSE	5718	HMDB	HMDB0000258_26_shen	Sucrose	inchikey	1	TRUE	TRUE	3.30004468196421e-09	8.25011170491052e-06
SEROTONIN	5719	HMDB	HMDB0000259_1_shen	Serotonin	inchikey_connectivity_formula_mass	2	FALSE	TRUE	1.69998770616075e-09	4.24996926540189e-06
SEROTONIN	5720	HMDB	HMDB0000259_2_shen	Serotonin	inchikey_connectivity_formula_mass	2	FALSE	TRUE	1.69998770616075e-09	4.24996926540189e-06
SEROTONIN	5721	HMDB	HMDB0000259_3_shen	Serotonin	inchikey_connectivity_formula_mass	2	FALSE	TRUE	1.69998770616075e-09	4.24996926540189e-06
SEROTONIN	5722	HMDB	HMDB0000259_4_shen	Serotonin	inchikey_connectivity_formula_mass	2	FALSE	TRUE	1.69998770616075e-09	4.24996926540189e-06
SEROTONIN	5723	HMDB	HMDB0000259_5_shen	Serotonin	inchikey_connectivity_formula_mass	2	FALSE	TRUE	1.69998770616075e-09	4.24996926540189e-06
SEROTONIN	5724	HMDB	HMDB0000259_6_shen	Serotonin	inchikey_connectivity_formula_mass	2	FALSE	TRUE	1.69998770616075e-09	4.24996926540189e-06
SEROTONIN	5725	HMDB	HMDB0000259_7_shen	Serotonin	inchikey_connectivity_formula_mass	2	FALSE	TRUE	1.69998770616075e-09	4.24996926540189e-06
SEROTONIN	5726	HMDB	HMDB0000259_8_shen	Serotonin	inchikey_connectivity_formula_mass	2	FALSE	TRUE	1.69998770616075e-09	4.24996926540189e-06
SEROTONIN	5727	HMDB	HMDB0000259_9_shen	Serotonin	inchikey_connectivity_formula_mass	2	FALSE	TRUE	1.69998770616075e-09	4.24996926540189e-06
SEROTONIN	5728	HMDB	HMDB0000259_10_shen	Serotonin	inchikey_connectivity_formula_mass	2	FALSE	TRUE	1.69998770616075e-09	4.24996926540189e-06
SEROTONIN	5729	HMDB	HMDB0000259_11_shen	Serotonin	inchikey_connectivity_formula_mass	2	FALSE	TRUE	1.69998770616075e-09	4.24996926540189e-06
SEROTONIN	5730	HMDB	HMDB0000259_12_shen	Serotonin	inchikey_connectivity_formula_mass	2	FALSE	TRUE	1.69998770616075e-09	4.24996926540189e-06
SEROTONIN	5731	HMDB	HMDB0000259_13_shen	Serotonin	inchikey_connectivity_formula_mass	2	FALSE	TRUE	1.69998770616075e-09	4.24996926540189e-06
SEROTONIN	5732	HMDB	HMDB0000259_14_shen	Serotonin	inchikey_connectivity_formula_mass	2	FALSE	TRUE	1.69998770616075e-09	4.24996926540189e-06
SEROTONIN	5733	HMDB	HMDB0000259_15_shen	Serotonin	inchikey_connectivity_formula_mass	2	FALSE	TRUE	1.69998770616075e-09	4.24996926540189e-06
SEROTONIN	5734	HMDB	HMDB0000259_16_shen	Serotonin	inchikey_connectivity_formula_mass	2	FALSE	TRUE	1.69998770616075e-09	4.24996926540189e-06
SEROTONIN	5735	HMDB	HMDB0000259_17_shen	Serotonin	inchikey_connectivity_formula_mass	2	FALSE	TRUE	1.69998770616075e-09	4.24996926540189e-06
SEROTONIN	5736	HMDB	HMDB0000259_18_shen	Serotonin	inchikey_connectivity_formula_mass	2	FALSE	TRUE	1.69998770616075e-09	4.24996926540189e-06
SEROTONIN	5737	HMDB	HMDB0000259_19_shen	Serotonin	inchikey_connectivity_formula_mass	2	FALSE	TRUE	1.69998770616075e-09	4.24996926540189e-06
SEROTONIN	5738	HMDB	HMDB0000259_20_shen	Serotonin	inchikey_connectivity_formula_mass	2	FALSE	TRUE	1.69998770616075e-09	4.24996926540189e-06
SEROTONIN	5739	HMDB	HMDB0000259_21_shen	Serotonin	inchikey_connectivity_formula_mass	2	FALSE	TRUE	1.69998770616075e-09	4.24996926540189e-06
SEROTONIN	5740	HMDB	HMDB0000259_22_shen	Serotonin	inchikey_connectivity_formula_mass	2	FALSE	TRUE	1.69998770616075e-09	4.24996926540189e-06
SEROTONIN	5741	HMDB	HMDB0000259_23_shen	Serotonin	inchikey_connectivity_formula_mass	2	FALSE	TRUE	1.69998770616075e-09	4.24996926540189e-06
SEROTONIN	5742	HMDB	HMDB0000259_24_shen	Serotonin	inchikey_connectivity_formula_mass	2	FALSE	TRUE	1.69998770616075e-09	4.24996926540189e-06
SEROTONIN	5743	HMDB	HMDB0000259_25_shen	Serotonin	inchikey_connectivity_formula_mass	2	FALSE	TRUE	1.69998770616075e-09	4.24996926540189e-06
SEROTONIN	5744	HMDB	HMDB0000259_26_shen	Serotonin	inchikey_connectivity_formula_mass	2	FALSE	TRUE	1.69998770616075e-09	4.24996926540189e-06
SEROTONIN	5745	HMDB	HMDB0000259_27_shen	Serotonin	inchikey_connectivity_formula_mass	2	FALSE	TRUE	1.69998770616075e-09	4.24996926540189e-06
SEROTONIN	5746	HMDB	HMDB0000259_28_shen	Serotonin	inchikey_connectivity_formula_mass	2	FALSE	TRUE	1.69998770616075e-09	4.24996926540189e-06
SEROTONIN	5747	HMDB	HMDB0000259_29_shen	Serotonin	inchikey_connectivity_formula_mass	2	FALSE	TRUE	1.69998770616075e-09	4.24996926540189e-06
SEROTONIN	5748	HMDB	HMDB0000259_30_shen	Serotonin	inchikey_connectivity_formula_mass	2	FALSE	TRUE	1.69998770616075e-09	4.24996926540189e-06
SEROTONIN	5749	HMDB	HMDB0000259_31_shen	Serotonin	inchikey_connectivity_formula_mass	2	FALSE	TRUE	1.69998770616075e-09	4.24996926540189e-06
SEROTONIN	5750	HMDB	HMDB0000259_32_shen	Serotonin	inchikey_connectivity_formula_mass	2	FALSE	TRUE	1.69998770616075e-09	4.24996926540189e-06
SEROTONIN	5751	HMDB	HMDB0000259_33_shen	Serotonin	inchikey_connectivity_formula_mass	2	FALSE	TRUE	1.69998770616075e-09	4.24996926540189e-06
SEROTONIN	5752	HMDB	HMDB0000259_34_shen	Serotonin	inchikey_connectivity_formula_mass	2	FALSE	TRUE	1.69998770616075e-09	4.24996926540189e-06
SEROTONIN	5753	HMDB	HMDB0000259_35_shen	Serotonin	inchikey_connectivity_formula_mass	2	FALSE	TRUE	1.69998770616075e-09	4.24996926540189e-06
SEROTONIN	5754	HMDB	HMDB0000259_36_shen	Serotonin	inchikey_connectivity_formula_mass	2	FALSE	TRUE	1.69998770616075e-09	4.24996926540189e-06
SEROTONIN	5755	HMDB	HMDB0000259_37_shen	Serotonin	inchikey_connectivity_formula_mass	2	FALSE	TRUE	1.69998770616075e-09	4.24996926540189e-06
SEROTONIN	5756	HMDB	HMDB0000259_38_shen	Serotonin	inchikey_connectivity_formula_mass	2	FALSE	TRUE	1.69998770616075e-09	4.24996926540189e-06
SEROTONIN	5757	HMDB	HMDB0000259_39_shen	Serotonin	inchikey_connectivity_formula_mass	2	FALSE	TRUE	1.69998770616075e-09	4.24996926540189e-06
SEROTONIN	5758	HMDB	HMDB0000259_40_shen	Serotonin	inchikey_connectivity_formula_mass	2	FALSE	TRUE	1.69998770616075e-09	4.24996926540189e-06
SEROTONIN	5759	HMDB	HMDB0000259_41_shen	Serotonin	inchikey_connectivity_formula_mass	2	FALSE	TRUE	1.69998770616075e-09	4.24996926540189e-06
SEROTONIN	5760	HMDB	HMDB0000259_42_shen	Serotonin	inchikey_connectivity_formula_mass	2	FALSE	TRUE	1.69998770616075e-09	4.24996926540189e-06
SEROTONIN	5761	HMDB	HMDB0000259_43_shen	Serotonin	inchikey_connectivity_formula_mass	2	FALSE	TRUE	1.69998770616075e-09	4.24996926540189e-06
SEROTONIN	5762	HMDB	HMDB0000259_44_shen	Serotonin	inchikey_connectivity_formula_mass	2	FALSE	TRUE	1.69998770616075e-09	4.24996926540189e-06
SEROTONIN	5763	HMDB	HMDB0000259_45_shen	Serotonin	inchikey_connectivity_formula_mass	2	FALSE	TRUE	1.69998770616075e-09	4.24996926540189e-06
SEROTONIN	5764	HMDB	HMDB0000259_46_shen	Serotonin	inchikey_connectivity_formula_mass	2	FALSE	TRUE	1.69998770616075e-09	4.24996926540189e-06
SEROTONIN	5765	HMDB	HMDB0000259_47_shen	Serotonin	inchikey_connectivity_formula_mass	2	FALSE	TRUE	1.69998770616075e-09	4.24996926540189e-06
SEROTONIN	5766	HMDB	HMDB0000259_48_shen	Serotonin	inchikey_connectivity_formula_mass	2	FALSE	TRUE	1.69998770616075e-09	4.24996926540189e-06
SEROTONIN	5767	HMDB	HMDB0000259_49_shen	Serotonin	inchikey_connectivity_formula_mass	2	FALSE	TRUE	1.69998770616075e-09	4.24996926540189e-06
SEROTONIN	5768	HMDB	HMDB0000259_50_shen	Serotonin	inchikey_connectivity_formula_mass	2	FALSE	TRUE	1.69998770616075e-09	4.24996926540189e-06
SEROTONIN	5769	HMDB	HMDB0000259_51_shen	Serotonin	inchikey_connectivity_formula_mass	2	FALSE	TRUE	1.69998770616075e-09	4.24996926540189e-06
SEROTONIN	5770	HMDB	HMDB0000259_52_shen	Serotonin	inchikey_connectivity_formula_mass	2	FALSE	TRUE	1.69998770616075e-09	4.24996926540189e-06
SEROTONIN	5771	HMDB	HMDB0000259_53_shen	Serotonin	inchikey_connectivity_formula_mass	2	FALSE	TRUE	1.69998770616075e-09	4.24996926540189e-06
SEROTONIN	5772	HMDB	HMDB0000259_54_shen	Serotonin	inchikey_connectivity_formula_mass	2	FALSE	TRUE	1.69998770616075e-09	4.24996926540189e-06
SEROTONIN	5773	HMDB	HMDB0000259_55_shen	Serotonin	inchikey_connectivity_formula_mass	2	FALSE	TRUE	1.69998770616075e-09	4.24996926540189e-06
SEROTONIN	5774	HMDB	HMDB0000259_56_shen	Serotonin	inchikey_connectivity_formula_mass	2	FALSE	TRUE	1.69998770616075e-09	4.24996926540189e-06
SEROTONIN	5775	HMDB	HMDB0000259_57_shen	Serotonin	inchikey_connectivity_formula_mass	2	FALSE	TRUE	1.69998770616075e-09	4.24996926540189e-06
THYMINE	5776	HMDB	HMDB0000262_1_shen	Thymine	inchikey	1	TRUE	TRUE	1.2000072047158e-09	3.00001801178951e-06
THYMINE	5777	HMDB	HMDB0000262_2_shen	Thymine	inchikey	1	TRUE	TRUE	1.2000072047158e-09	3.00001801178951e-06
THYMINE	5778	HMDB	HMDB0000262_3_shen	Thymine	inchikey	1	TRUE	TRUE	1.2000072047158e-09	3.00001801178951e-06
THYMINE	5779	HMDB	HMDB0000262_4_shen	Thymine	inchikey	1	TRUE	TRUE	1.2000072047158e-09	3.00001801178951e-06
THYMINE	5780	HMDB	HMDB0000262_5_shen	Thymine	inchikey	1	TRUE	TRUE	1.2000072047158e-09	3.00001801178951e-06
THYMINE	5781	HMDB	HMDB0000262_6_shen	Thymine	inchikey	1	TRUE	TRUE	1.2000072047158e-09	3.00001801178951e-06
THYMINE	5782	HMDB	HMDB0000262_7_shen	Thymine	inchikey	1	TRUE	TRUE	1.2000072047158e-09	3.00001801178951e-06
THYMINE	5783	HMDB	HMDB0000262_8_shen	Thymine	inchikey	1	TRUE	TRUE	1.2000072047158e-09	3.00001801178951e-06
THYMINE	5784	HMDB	HMDB0000262_9_shen	Thymine	inchikey	1	TRUE	TRUE	1.2000072047158e-09	3.00001801178951e-06
THYMINE	5785	HMDB	HMDB0000262_10_shen	Thymine	inchikey	1	TRUE	TRUE	1.2000072047158e-09	3.00001801178951e-06
THYMINE	5786	HMDB	HMDB0000262_11_shen	Thymine	inchikey	1	TRUE	TRUE	1.2000072047158e-09	3.00001801178951e-06
THYMINE	5787	HMDB	HMDB0000262_12_shen	Thymine	inchikey	1	TRUE	TRUE	1.2000072047158e-09	3.00001801178951e-06
THYMINE	5788	HMDB	HMDB0000262_13_shen	Thymine	inchikey	1	TRUE	TRUE	1.2000072047158e-09	3.00001801178951e-06
THYMINE	5789	HMDB	HMDB0000262_14_shen	Thymine	inchikey	1	TRUE	TRUE	1.2000072047158e-09	3.00001801178951e-06
THYMINE	5790	HMDB	HMDB0000262_15_shen	Thymine	inchikey	1	TRUE	TRUE	1.2000072047158e-09	3.00001801178951e-06
THYMINE	5791	HMDB	HMDB0000262_16_shen	Thymine	inchikey	1	TRUE	TRUE	1.2000072047158e-09	3.00001801178951e-06
THYMINE	5792	HMDB	HMDB0000262_17_shen	Thymine	inchikey	1	TRUE	TRUE	1.2000072047158e-09	3.00001801178951e-06
THYMINE	5793	HMDB	HMDB0000262_18_shen	Thymine	inchikey	1	TRUE	TRUE	1.2000072047158e-09	3.00001801178951e-06
THYMINE	5794	HMDB	HMDB0000262_19_shen	Thymine	inchikey	1	TRUE	TRUE	1.2000072047158e-09	3.00001801178951e-06
THYMINE	5795	HMDB	HMDB0000262_20_shen	Thymine	inchikey	1	TRUE	TRUE	1.2000072047158e-09	3.00001801178951e-06
THYMINE	5796	HMDB	HMDB0000262_21_shen	Thymine	inchikey	1	TRUE	TRUE	1.2000072047158e-09	3.00001801178951e-06
THYMINE	5797	HMDB	HMDB0000262_22_shen	Thymine	inchikey	1	TRUE	TRUE	1.2000072047158e-09	3.00001801178951e-06
THYMINE	5798	HMDB	HMDB0000262_23_shen	Thymine	inchikey	1	TRUE	TRUE	1.2000072047158e-09	3.00001801178951e-06
THYMINE	5799	HMDB	HMDB0000262_24_shen	Thymine	inchikey	1	TRUE	TRUE	1.2000072047158e-09	3.00001801178951e-06
THYMINE	5800	HMDB	HMDB0000262_25_shen	Thymine	inchikey	1	TRUE	TRUE	1.2000072047158e-09	3.00001801178951e-06
THYMINE	5801	HMDB	HMDB0000262_26_shen	Thymine	inchikey	1	TRUE	TRUE	1.2000072047158e-09	3.00001801178951e-06
THYMINE	5802	HMDB	HMDB0000262_27_shen	Thymine	inchikey	1	TRUE	TRUE	1.2000072047158e-09	3.00001801178951e-06
THYMINE	5803	HMDB	HMDB0000262_28_shen	Thymine	inchikey	1	TRUE	TRUE	1.2000072047158e-09	3.00001801178951e-06
THYMINE	5804	HMDB	HMDB0000262_29_shen	Thymine	inchikey	1	TRUE	TRUE	1.2000072047158e-09	3.00001801178951e-06
THYMINE	5805	HMDB	HMDB0000262_30_shen	Thymine	inchikey	1	TRUE	TRUE	1.2000072047158e-09	3.00001801178951e-06
THYMINE	5806	HMDB	HMDB0000262_31_shen	Thymine	inchikey	1	TRUE	TRUE	1.2000072047158e-09	3.00001801178951e-06
THYMINE	5807	HMDB	HMDB0000262_32_shen	Thymine	inchikey	1	TRUE	TRUE	1.2000072047158e-09	3.00001801178951e-06
THYMINE	5808	HMDB	HMDB0000262_33_shen	Thymine	inchikey	1	TRUE	TRUE	1.2000072047158e-09	3.00001801178951e-06
THYMINE	5809	HMDB	HMDB0000262_34_shen	Thymine	inchikey	1	TRUE	TRUE	1.2000072047158e-09	3.00001801178951e-06
THYMINE	5810	HMDB	HMDB0000262_35_shen	Thymine	inchikey	1	TRUE	TRUE	1.2000072047158e-09	3.00001801178951e-06
THYMINE	5811	HMDB	HMDB0000262_36_shen	Thymine	inchikey	1	TRUE	TRUE	1.2000072047158e-09	3.00001801178951e-06
THYMINE	5812	HMDB	HMDB0000262_37_shen	Thymine	inchikey	1	TRUE	TRUE	1.2000072047158e-09	3.00001801178951e-06
THYMINE	5813	HMDB	HMDB0000262_38_shen	Thymine	inchikey	1	TRUE	TRUE	1.2000072047158e-09	3.00001801178951e-06
THYMINE	5814	HMDB	HMDB0000262_39_shen	Thymine	inchikey	1	TRUE	TRUE	1.2000072047158e-09	3.00001801178951e-06
THYMINE	5815	HMDB	HMDB0000262_40_shen	Thymine	inchikey	1	TRUE	TRUE	1.2000072047158e-09	3.00001801178951e-06
5-OXOPROLINE	5889	HMDB	HMDB0000267_1_shen	Pyroglutamic acid	inchikey_connectivity_formula_mass	2	FALSE	TRUE	1.19999299386109e-09	2.99998248465272e-06
5-OXOPROLINE	5890	HMDB	HMDB0000267_2_shen	Pyroglutamic acid	inchikey_connectivity_formula_mass	2	FALSE	TRUE	1.19999299386109e-09	2.99998248465272e-06
5-OXOPROLINE	5891	HMDB	HMDB0000267_3_shen	Pyroglutamic acid	inchikey_connectivity_formula_mass	2	FALSE	TRUE	1.19999299386109e-09	2.99998248465272e-06
5-OXOPROLINE	5892	HMDB	HMDB0000267_4_shen	Pyroglutamic acid	inchikey_connectivity_formula_mass	2	FALSE	TRUE	1.19999299386109e-09	2.99998248465272e-06
5-OXOPROLINE	5893	HMDB	HMDB0000267_5_shen	Pyroglutamic acid	inchikey_connectivity_formula_mass	2	FALSE	TRUE	1.19999299386109e-09	2.99998248465272e-06
5-OXOPROLINE	5894	HMDB	HMDB0000267_6_shen	Pyroglutamic acid	inchikey_connectivity_formula_mass	2	FALSE	TRUE	1.19999299386109e-09	2.99998248465272e-06
5-OXOPROLINE	5895	HMDB	HMDB0000267_7_shen	Pyroglutamic acid	inchikey_connectivity_formula_mass	2	FALSE	TRUE	1.19999299386109e-09	2.99998248465272e-06
5-OXOPROLINE	5896	HMDB	HMDB0000267_8_shen	Pyroglutamic acid	inchikey_connectivity_formula_mass	2	FALSE	TRUE	1.19999299386109e-09	2.99998248465272e-06
5-OXOPROLINE	5897	HMDB	HMDB0000267_9_shen	Pyroglutamic acid	inchikey_connectivity_formula_mass	2	FALSE	TRUE	1.19999299386109e-09	2.99998248465272e-06
5-OXOPROLINE	5898	HMDB	HMDB0000267_10_shen	Pyroglutamic acid	inchikey_connectivity_formula_mass	2	FALSE	TRUE	1.19999299386109e-09	2.99998248465272e-06
5-OXOPROLINE	5899	HMDB	HMDB0000267_11_shen	Pyroglutamic acid	inchikey_connectivity_formula_mass	2	FALSE	TRUE	1.19999299386109e-09	2.99998248465272e-06
5-OXOPROLINE	5900	HMDB	HMDB0000267_12_shen	Pyroglutamic acid	inchikey_connectivity_formula_mass	2	FALSE	TRUE	1.19999299386109e-09	2.99998248465272e-06
5-OXOPROLINE	5901	HMDB	HMDB0000267_13_shen	Pyroglutamic acid	inchikey_connectivity_formula_mass	2	FALSE	TRUE	1.19999299386109e-09	2.99998248465272e-06
5-OXOPROLINE	5902	HMDB	HMDB0000267_14_shen	Pyroglutamic acid	inchikey_connectivity_formula_mass	2	FALSE	TRUE	1.19999299386109e-09	2.99998248465272e-06
5-OXOPROLINE	5903	HMDB	HMDB0000267_15_shen	Pyroglutamic acid	inchikey_connectivity_formula_mass	2	FALSE	TRUE	1.19999299386109e-09	2.99998248465272e-06
5-OXOPROLINE	5904	HMDB	HMDB0000267_16_shen	Pyroglutamic acid	inchikey_connectivity_formula_mass	2	FALSE	TRUE	1.19999299386109e-09	2.99998248465272e-06
5-OXOPROLINE	5905	HMDB	HMDB0000267_17_shen	Pyroglutamic acid	inchikey_connectivity_formula_mass	2	FALSE	TRUE	1.19999299386109e-09	2.99998248465272e-06
5-OXOPROLINE	5906	HMDB	HMDB0000267_18_shen	Pyroglutamic acid	inchikey_connectivity_formula_mass	2	FALSE	TRUE	1.19999299386109e-09	2.99998248465272e-06
5-OXOPROLINE	5907	HMDB	HMDB0000267_19_shen	Pyroglutamic acid	inchikey_connectivity_formula_mass	2	FALSE	TRUE	1.19999299386109e-09	2.99998248465272e-06
5-OXOPROLINE	5908	HMDB	HMDB0000267_20_shen	Pyroglutamic acid	inchikey_connectivity_formula_mass	2	FALSE	TRUE	1.19999299386109e-09	2.99998248465272e-06
5-OXOPROLINE	5909	HMDB	HMDB0000267_21_shen	Pyroglutamic acid	inchikey_connectivity_formula_mass	2	FALSE	TRUE	1.19999299386109e-09	2.99998248465272e-06
5-OXOPROLINE	5910	HMDB	HMDB0000267_22_shen	Pyroglutamic acid	inchikey_connectivity_formula_mass	2	FALSE	TRUE	1.19999299386109e-09	2.99998248465272e-06
5-OXOPROLINE	5911	HMDB	HMDB0000267_23_shen	Pyroglutamic acid	inchikey_connectivity_formula_mass	2	FALSE	TRUE	1.19999299386109e-09	2.99998248465272e-06
5-OXOPROLINE	5912	HMDB	HMDB0000267_24_shen	Pyroglutamic acid	inchikey_connectivity_formula_mass	2	FALSE	TRUE	1.19999299386109e-09	2.99998248465272e-06
5-OXOPROLINE	5913	HMDB	HMDB0000267_25_shen	Pyroglutamic acid	inchikey_connectivity_formula_mass	2	FALSE	TRUE	1.19999299386109e-09	2.99998248465272e-06
5-OXOPROLINE	5914	HMDB	HMDB0000267_26_shen	Pyroglutamic acid	inchikey_connectivity_formula_mass	2	FALSE	TRUE	1.19999299386109e-09	2.99998248465272e-06
5-OXOPROLINE	5915	HMDB	HMDB0000267_27_shen	Pyroglutamic acid	inchikey_connectivity_formula_mass	2	FALSE	TRUE	1.19999299386109e-09	2.99998248465272e-06
5-OXOPROLINE	5916	HMDB	HMDB0000267_28_shen	Pyroglutamic acid	inchikey_connectivity_formula_mass	2	FALSE	TRUE	1.19999299386109e-09	2.99998248465272e-06
5-OXOPROLINE	5917	HMDB	HMDB0000267_29_shen	Pyroglutamic acid	inchikey_connectivity_formula_mass	2	FALSE	TRUE	1.19999299386109e-09	2.99998248465272e-06
5-OXOPROLINE	5918	HMDB	HMDB0000267_30_shen	Pyroglutamic acid	inchikey_connectivity_formula_mass	2	FALSE	TRUE	1.19999299386109e-09	2.99998248465272e-06
5-OXOPROLINE	5919	HMDB	HMDB0000267_31_shen	Pyroglutamic acid	inchikey_connectivity_formula_mass	2	FALSE	TRUE	1.19999299386109e-09	2.99998248465272e-06
5-OXOPROLINE	5920	HMDB	HMDB0000267_32_shen	Pyroglutamic acid	inchikey_connectivity_formula_mass	2	FALSE	TRUE	1.19999299386109e-09	2.99998248465272e-06
5-OXOPROLINE	5921	HMDB	HMDB0000267_33_shen	Pyroglutamic acid	inchikey_connectivity_formula_mass	2	FALSE	TRUE	1.19999299386109e-09	2.99998248465272e-06
5-OXOPROLINE	5922	HMDB	HMDB0000267_34_shen	Pyroglutamic acid	inchikey_connectivity_formula_mass	2	FALSE	TRUE	1.19999299386109e-09	2.99998248465272e-06
5-OXOPROLINE	5923	HMDB	HMDB0000267_35_shen	Pyroglutamic acid	inchikey_connectivity_formula_mass	2	FALSE	TRUE	1.19999299386109e-09	2.99998248465272e-06
5-OXOPROLINE	5924	HMDB	HMDB0000267_36_shen	Pyroglutamic acid	inchikey_connectivity_formula_mass	2	FALSE	TRUE	1.19999299386109e-09	2.99998248465272e-06
5-OXOPROLINE	5925	HMDB	HMDB0000267_37_shen	Pyroglutamic acid	inchikey_connectivity_formula_mass	2	FALSE	TRUE	1.19999299386109e-09	2.99998248465272e-06
5-OXOPROLINE	5926	HMDB	HMDB0000267_38_shen	Pyroglutamic acid	inchikey_connectivity_formula_mass	2	FALSE	TRUE	1.19999299386109e-09	2.99998248465272e-06
5-OXOPROLINE	5927	HMDB	HMDB0000267_39_shen	Pyroglutamic acid	inchikey_connectivity_formula_mass	2	FALSE	TRUE	1.19999299386109e-09	2.99998248465272e-06
5-OXOPROLINE	5928	HMDB	HMDB0000267_40_shen	Pyroglutamic acid	inchikey_connectivity_formula_mass	2	FALSE	TRUE	1.19999299386109e-09	2.99998248465272e-06
5-OXOPROLINE	5929	HMDB	HMDB0000267_41_shen	Pyroglutamic acid	inchikey_connectivity_formula_mass	2	FALSE	TRUE	1.19999299386109e-09	2.99998248465272e-06
5-OXOPROLINE	5930	HMDB	HMDB0000267_42_shen	Pyroglutamic acid	inchikey_connectivity_formula_mass	2	FALSE	TRUE	1.19999299386109e-09	2.99998248465272e-06
5-OXOPROLINE	5931	HMDB	HMDB0000267_43_shen	Pyroglutamic acid	inchikey_connectivity_formula_mass	2	FALSE	TRUE	1.19999299386109e-09	2.99998248465272e-06
5-OXOPROLINE	5932	HMDB	HMDB0000267_44_shen	Pyroglutamic acid	inchikey_connectivity_formula_mass	2	FALSE	TRUE	1.19999299386109e-09	2.99998248465272e-06
5-OXOPROLINE	5933	HMDB	HMDB0000267_45_shen	Pyroglutamic acid	inchikey_connectivity_formula_mass	2	FALSE	TRUE	1.19999299386109e-09	2.99998248465272e-06
5-OXOPROLINE	5934	HMDB	HMDB0000267_46_shen	Pyroglutamic acid	inchikey_connectivity_formula_mass	2	FALSE	TRUE	1.19999299386109e-09	2.99998248465272e-06
5-OXOPROLINE	5935	HMDB	HMDB0000267_47_shen	Pyroglutamic acid	inchikey_connectivity_formula_mass	2	FALSE	TRUE	1.19999299386109e-09	2.99998248465272e-06
5-OXOPROLINE	5936	HMDB	HMDB0000267_48_shen	Pyroglutamic acid	inchikey_connectivity_formula_mass	2	FALSE	TRUE	1.19999299386109e-09	2.99998248465272e-06
5-OXOPROLINE	5937	HMDB	HMDB0000267_49_shen	Pyroglutamic acid	inchikey_connectivity_formula_mass	2	FALSE	TRUE	1.19999299386109e-09	2.99998248465272e-06
5-OXOPROLINE	5938	HMDB	HMDB0000267_50_shen	Pyroglutamic acid	inchikey_connectivity_formula_mass	2	FALSE	TRUE	1.19999299386109e-09	2.99998248465272e-06
5-OXOPROLINE	5939	HMDB	HMDB0000267_51_shen	Pyroglutamic acid	inchikey_connectivity_formula_mass	2	FALSE	TRUE	1.19999299386109e-09	2.99998248465272e-06
5-OXOPROLINE	5940	HMDB	HMDB0000267_52_shen	Pyroglutamic acid	inchikey_connectivity_formula_mass	2	FALSE	TRUE	1.19999299386109e-09	2.99998248465272e-06
5-OXOPROLINE	5941	HMDB	HMDB0000267_53_shen	Pyroglutamic acid	inchikey_connectivity_formula_mass	2	FALSE	TRUE	1.19999299386109e-09	2.99998248465272e-06
5-OXOPROLINE	5942	HMDB	HMDB0000267_54_shen	Pyroglutamic acid	inchikey_connectivity_formula_mass	2	FALSE	TRUE	1.19999299386109e-09	2.99998248465272e-06
5-OXOPROLINE	5943	HMDB	HMDB0000267_55_shen	Pyroglutamic acid	inchikey_connectivity_formula_mass	2	FALSE	TRUE	1.19999299386109e-09	2.99998248465272e-06
5-OXOPROLINE	5944	HMDB	HMDB0000267_56_shen	Pyroglutamic acid	inchikey_connectivity_formula_mass	2	FALSE	TRUE	1.19999299386109e-09	2.99998248465272e-06
5-OXOPROLINE	5945	HMDB	HMDB0000267_57_shen	Pyroglutamic acid	inchikey_connectivity_formula_mass	2	FALSE	TRUE	1.19999299386109e-09	2.99998248465272e-06
5-OXOPROLINE	5946	HMDB	HMDB0000267_58_shen	Pyroglutamic acid	inchikey_connectivity_formula_mass	2	FALSE	TRUE	1.19999299386109e-09	2.99998248465272e-06
5-OXOPROLINE	5947	HMDB	HMDB0000267_59_shen	Pyroglutamic acid	inchikey_connectivity_formula_mass	2	FALSE	TRUE	1.19999299386109e-09	2.99998248465272e-06
5-OXOPROLINE	5948	HMDB	HMDB0000267_60_shen	Pyroglutamic acid	inchikey_connectivity_formula_mass	2	FALSE	TRUE	1.19999299386109e-09	2.99998248465272e-06
5-OXOPROLINE	5949	HMDB	HMDB0000267_61_shen	Pyroglutamic acid	inchikey_connectivity_formula_mass	2	FALSE	TRUE	1.19999299386109e-09	2.99998248465272e-06
5-OXOPROLINE	5950	HMDB	HMDB0000267_62_shen	Pyroglutamic acid	inchikey_connectivity_formula_mass	2	FALSE	TRUE	1.19999299386109e-09	2.99998248465272e-06
5-OXOPROLINE	5951	HMDB	HMDB0000267_63_shen	Pyroglutamic acid	inchikey_connectivity_formula_mass	2	FALSE	TRUE	1.19999299386109e-09	2.99998248465272e-06
5-OXOPROLINE	5952	HMDB	HMDB0000267_64_shen	Pyroglutamic acid	inchikey_connectivity_formula_mass	2	FALSE	TRUE	1.19999299386109e-09	2.99998248465272e-06
5-OXOPROLINE	5953	HMDB	HMDB0000267_65_shen	Pyroglutamic acid	inchikey_connectivity_formula_mass	2	FALSE	TRUE	1.19999299386109e-09	2.99998248465272e-06
5-OXOPROLINE	5954	HMDB	HMDB0000267_66_shen	Pyroglutamic acid	inchikey_connectivity_formula_mass	2	FALSE	TRUE	1.19999299386109e-09	2.99998248465272e-06
5-OXOPROLINE	5955	HMDB	HMDB0000267_67_shen	Pyroglutamic acid	inchikey_connectivity_formula_mass	2	FALSE	TRUE	1.19999299386109e-09	2.99998248465272e-06
5-OXOPROLINE	5956	HMDB	HMDB0000267_68_shen	Pyroglutamic acid	inchikey_connectivity_formula_mass	2	FALSE	TRUE	1.19999299386109e-09	2.99998248465272e-06
5-OXOPROLINE	5957	HMDB	HMDB0000267_69_shen	Pyroglutamic acid	inchikey_connectivity_formula_mass	2	FALSE	TRUE	1.19999299386109e-09	2.99998248465272e-06
5-OXOPROLINE	5958	HMDB	HMDB0000267_70_shen	Pyroglutamic acid	inchikey_connectivity_formula_mass	2	FALSE	TRUE	1.19999299386109e-09	2.99998248465272e-06
5-OXOPROLINE	5959	HMDB	HMDB0000267_71_shen	Pyroglutamic acid	inchikey_connectivity_formula_mass	2	FALSE	TRUE	1.19999299386109e-09	2.99998248465272e-06
5-OXOPROLINE	5960	HMDB	HMDB0000267_72_shen	Pyroglutamic acid	inchikey_connectivity_formula_mass	2	FALSE	TRUE	1.19999299386109e-09	2.99998248465272e-06
5-OXOPROLINE	5961	HMDB	HMDB0000267_73_shen	Pyroglutamic acid	inchikey_connectivity_formula_mass	2	FALSE	TRUE	1.19999299386109e-09	2.99998248465272e-06
5-OXOPROLINE	5962	HMDB	HMDB0000267_74_shen	Pyroglutamic acid	inchikey_connectivity_formula_mass	2	FALSE	TRUE	1.19999299386109e-09	2.99998248465272e-06
5-OXOPROLINE	5963	HMDB	HMDB0000267_75_shen	Pyroglutamic acid	inchikey_connectivity_formula_mass	2	FALSE	TRUE	1.19999299386109e-09	2.99998248465272e-06
5-OXOPROLINE	5964	HMDB	HMDB0000267_76_shen	Pyroglutamic acid	inchikey_connectivity_formula_mass	2	FALSE	TRUE	1.19999299386109e-09	2.99998248465272e-06
5-OXOPROLINE	5965	HMDB	HMDB0000267_77_shen	Pyroglutamic acid	inchikey_connectivity_formula_mass	2	FALSE	TRUE	1.19999299386109e-09	2.99998248465272e-06
5-OXOPROLINE	5966	HMDB	HMDB0000267_78_shen	Pyroglutamic acid	inchikey_connectivity_formula_mass	2	FALSE	TRUE	1.19999299386109e-09	2.99998248465272e-06
5-OXOPROLINE	5967	HMDB	HMDB0000267_79_shen	Pyroglutamic acid	inchikey_connectivity_formula_mass	2	FALSE	TRUE	1.19999299386109e-09	2.99998248465272e-06
5-OXOPROLINE	5968	HMDB	HMDB0000267_80_shen	Pyroglutamic acid	inchikey_connectivity_formula_mass	2	FALSE	TRUE	1.19999299386109e-09	2.99998248465272e-06
5-OXOPROLINE	5969	HMDB	HMDB0000267_81_shen	Pyroglutamic acid	inchikey_connectivity_formula_mass	2	FALSE	TRUE	1.19999299386109e-09	2.99998248465272e-06
5-OXOPROLINE	5970	HMDB	HMDB0000267_82_shen	Pyroglutamic acid	inchikey_connectivity_formula_mass	2	FALSE	TRUE	1.19999299386109e-09	2.99998248465272e-06
5-OXOPROLINE	5971	HMDB	HMDB0000267_83_shen	Pyroglutamic acid	inchikey_connectivity_formula_mass	2	FALSE	TRUE	1.19999299386109e-09	2.99998248465272e-06
5-OXOPROLINE	5972	HMDB	HMDB0000267_84_shen	Pyroglutamic acid	inchikey_connectivity_formula_mass	2	FALSE	TRUE	1.19999299386109e-09	2.99998248465272e-06
CPD-13612	5977	HMDB	HMDB0000269_1_shen	Sphinganine	inchikey_connectivity_formula_mass	2	FALSE	TRUE	4.29997726314468e-09	1.07499431578617e-05
CPD-13612	5978	HMDB	HMDB0000269_2_shen	Sphinganine	inchikey_connectivity_formula_mass	2	FALSE	TRUE	4.29997726314468e-09	1.07499431578617e-05
CPD-13612	5979	HMDB	HMDB0000269_3_shen	Sphinganine	inchikey_connectivity_formula_mass	2	FALSE	TRUE	4.29997726314468e-09	1.07499431578617e-05
CPD-13612	5980	HMDB	HMDB0000269_4_shen	Sphinganine	inchikey_connectivity_formula_mass	2	FALSE	TRUE	4.29997726314468e-09	1.07499431578617e-05
CPD-13612	5981	HMDB	HMDB0000269_5_shen	Sphinganine	inchikey_connectivity_formula_mass	2	FALSE	TRUE	4.29997726314468e-09	1.07499431578617e-05
CPD-13612	5982	HMDB	HMDB0000269_6_shen	Sphinganine	inchikey_connectivity_formula_mass	2	FALSE	TRUE	4.29997726314468e-09	1.07499431578617e-05
CPD-13612	5983	HMDB	HMDB0000269_7_shen	Sphinganine	inchikey_connectivity_formula_mass	2	FALSE	TRUE	4.29997726314468e-09	1.07499431578617e-05
CPD-13612	5984	HMDB	HMDB0000269_8_shen	Sphinganine	inchikey_connectivity_formula_mass	2	FALSE	TRUE	4.29997726314468e-09	1.07499431578617e-05
CPD-13612	5985	HMDB	HMDB0000269_9_shen	Sphinganine	inchikey_connectivity_formula_mass	2	FALSE	TRUE	4.29997726314468e-09	1.07499431578617e-05
CPD-13612	5986	HMDB	HMDB0000269_10_shen	Sphinganine	inchikey_connectivity_formula_mass	2	FALSE	TRUE	4.29997726314468e-09	1.07499431578617e-05
CPD-13612	5987	HMDB	HMDB0000269_11_shen	Sphinganine	inchikey_connectivity_formula_mass	2	FALSE	TRUE	4.29997726314468e-09	1.07499431578617e-05
CPD-13612	5988	HMDB	HMDB0000269_12_shen	Sphinganine	inchikey_connectivity_formula_mass	2	FALSE	TRUE	4.29997726314468e-09	1.07499431578617e-05
CPD-13612	5989	HMDB	HMDB0000269_13_shen	Sphinganine	inchikey_connectivity_formula_mass	2	FALSE	TRUE	4.29997726314468e-09	1.07499431578617e-05
CPD-13612	5990	HMDB	HMDB0000269_14_shen	Sphinganine	inchikey_connectivity_formula_mass	2	FALSE	TRUE	4.29997726314468e-09	1.07499431578617e-05
CPD-13612	5991	HMDB	HMDB0000269_15_shen	Sphinganine	inchikey_connectivity_formula_mass	2	FALSE	TRUE	4.29997726314468e-09	1.07499431578617e-05
CPD-13612	5992	HMDB	HMDB0000269_16_shen	Sphinganine	inchikey_connectivity_formula_mass	2	FALSE	TRUE	4.29997726314468e-09	1.07499431578617e-05
CPD-13612	5993	HMDB	HMDB0000269_17_shen	Sphinganine	inchikey_connectivity_formula_mass	2	FALSE	TRUE	4.29997726314468e-09	1.07499431578617e-05
CPD-13612	5994	HMDB	HMDB0000269_18_shen	Sphinganine	inchikey_connectivity_formula_mass	2	FALSE	TRUE	4.29997726314468e-09	1.07499431578617e-05
CPD-13612	5995	HMDB	HMDB0000269_19_shen	Sphinganine	inchikey_connectivity_formula_mass	2	FALSE	TRUE	4.29997726314468e-09	1.07499431578617e-05
CPD-13612	5996	HMDB	HMDB0000269_20_shen	Sphinganine	inchikey_connectivity_formula_mass	2	FALSE	TRUE	4.29997726314468e-09	1.07499431578617e-05
CPD-13612	5997	HMDB	HMDB0000269_21_shen	Sphinganine	inchikey_connectivity_formula_mass	2	FALSE	TRUE	4.29997726314468e-09	1.07499431578617e-05
CPD-13612	5998	HMDB	HMDB0000269_22_shen	Sphinganine	inchikey_connectivity_formula_mass	2	FALSE	TRUE	4.29997726314468e-09	1.07499431578617e-05
CPD-13612	5999	HMDB	HMDB0000269_23_shen	Sphinganine	inchikey_connectivity_formula_mass	2	FALSE	TRUE	4.29997726314468e-09	1.07499431578617e-05
CPD-13612	6000	HMDB	HMDB0000269_24_shen	Sphinganine	inchikey_connectivity_formula_mass	2	FALSE	TRUE	4.29997726314468e-09	1.07499431578617e-05
CPD-13612	6001	HMDB	HMDB0000269_25_shen	Sphinganine	inchikey_connectivity_formula_mass	2	FALSE	TRUE	4.29997726314468e-09	1.07499431578617e-05
CPD-13612	6002	HMDB	HMDB0000269_26_shen	Sphinganine	inchikey_connectivity_formula_mass	2	FALSE	TRUE	4.29997726314468e-09	1.07499431578617e-05
CPD-13612	6003	HMDB	HMDB0000269_27_shen	Sphinganine	inchikey_connectivity_formula_mass	2	FALSE	TRUE	4.29997726314468e-09	1.07499431578617e-05
CPD-13612	6004	HMDB	HMDB0000269_28_shen	Sphinganine	inchikey_connectivity_formula_mass	2	FALSE	TRUE	4.29997726314468e-09	1.07499431578617e-05
CPD-13612	6005	HMDB	HMDB0000269_29_shen	Sphinganine	inchikey_connectivity_formula_mass	2	FALSE	TRUE	4.29997726314468e-09	1.07499431578617e-05
CPD-13612	6006	HMDB	HMDB0000269_30_shen	Sphinganine	inchikey_connectivity_formula_mass	2	FALSE	TRUE	4.29997726314468e-09	1.07499431578617e-05
SARCOSINE	6007	HMDB	HMDB0000271_1_shen	Sarcosine	inchikey	1	TRUE	TRUE	1.09999120923021e-09	2.74997802307553e-06
SARCOSINE	6008	HMDB	HMDB0000271_2_shen	Sarcosine	inchikey	1	TRUE	TRUE	1.09999120923021e-09	2.74997802307553e-06
SARCOSINE	6009	HMDB	HMDB0000271_3_shen	Sarcosine	inchikey	1	TRUE	TRUE	1.09999120923021e-09	2.74997802307553e-06
SARCOSINE	6010	HMDB	HMDB0000271_4_shen	Sarcosine	inchikey	1	TRUE	TRUE	1.09999120923021e-09	2.74997802307553e-06
SARCOSINE	6011	HMDB	HMDB0000271_5_shen	Sarcosine	inchikey	1	TRUE	TRUE	1.09999120923021e-09	2.74997802307553e-06
SARCOSINE	6012	HMDB	HMDB0000271_6_shen	Sarcosine	inchikey	1	TRUE	TRUE	1.09999120923021e-09	2.74997802307553e-06
SARCOSINE	6013	HMDB	HMDB0000271_7_shen	Sarcosine	inchikey	1	TRUE	TRUE	1.09999120923021e-09	2.74997802307553e-06
SARCOSINE	6014	HMDB	HMDB0000271_8_shen	Sarcosine	inchikey	1	TRUE	TRUE	1.09999120923021e-09	2.74997802307553e-06
SARCOSINE	6015	HMDB	HMDB0000271_9_shen	Sarcosine	inchikey	1	TRUE	TRUE	1.09999120923021e-09	2.74997802307553e-06
SARCOSINE	6016	HMDB	HMDB0000271_10_shen	Sarcosine	inchikey	1	TRUE	TRUE	1.09999120923021e-09	2.74997802307553e-06
SARCOSINE	6017	HMDB	HMDB0000271_11_shen	Sarcosine	inchikey	1	TRUE	TRUE	1.09999120923021e-09	2.74997802307553e-06
SARCOSINE	6018	HMDB	HMDB0000271_12_shen	Sarcosine	inchikey	1	TRUE	TRUE	1.09999120923021e-09	2.74997802307553e-06
SARCOSINE	6019	HMDB	HMDB0000271_13_shen	Sarcosine	inchikey	1	TRUE	TRUE	1.09999120923021e-09	2.74997802307553e-06
SARCOSINE	6020	HMDB	HMDB0000271_14_shen	Sarcosine	inchikey	1	TRUE	TRUE	1.09999120923021e-09	2.74997802307553e-06
SARCOSINE	6021	HMDB	HMDB0000271_15_shen	Sarcosine	inchikey	1	TRUE	TRUE	1.09999120923021e-09	2.74997802307553e-06
SARCOSINE	6022	HMDB	HMDB0000271_16_shen	Sarcosine	inchikey	1	TRUE	TRUE	1.09999120923021e-09	2.74997802307553e-06
SARCOSINE	6023	HMDB	HMDB0000271_17_shen	Sarcosine	inchikey	1	TRUE	TRUE	1.09999120923021e-09	2.74997802307553e-06
SARCOSINE	6024	HMDB	HMDB0000271_18_shen	Sarcosine	inchikey	1	TRUE	TRUE	1.09999120923021e-09	2.74997802307553e-06
SARCOSINE	6025	HMDB	HMDB0000271_19_shen	Sarcosine	inchikey	1	TRUE	TRUE	1.09999120923021e-09	2.74997802307553e-06
SARCOSINE	6026	HMDB	HMDB0000271_20_shen	Sarcosine	inchikey	1	TRUE	TRUE	1.09999120923021e-09	2.74997802307553e-06
SARCOSINE	6027	HMDB	HMDB0000271_21_shen	Sarcosine	inchikey	1	TRUE	TRUE	1.09999120923021e-09	2.74997802307553e-06
SARCOSINE	6028	HMDB	HMDB0000271_22_shen	Sarcosine	inchikey	1	TRUE	TRUE	1.09999120923021e-09	2.74997802307553e-06
SARCOSINE	6029	HMDB	HMDB0000271_23_shen	Sarcosine	inchikey	1	TRUE	TRUE	1.09999120923021e-09	2.74997802307553e-06
SARCOSINE	6030	HMDB	HMDB0000271_24_shen	Sarcosine	inchikey	1	TRUE	TRUE	1.09999120923021e-09	2.74997802307553e-06
SARCOSINE	6031	HMDB	HMDB0000271_25_shen	Sarcosine	inchikey	1	TRUE	TRUE	1.09999120923021e-09	2.74997802307553e-06
SARCOSINE	6032	HMDB	HMDB0000271_26_shen	Sarcosine	inchikey	1	TRUE	TRUE	1.09999120923021e-09	2.74997802307553e-06
SARCOSINE	6033	HMDB	HMDB0000271_27_shen	Sarcosine	inchikey	1	TRUE	TRUE	1.09999120923021e-09	2.74997802307553e-06
SARCOSINE	6034	HMDB	HMDB0000271_28_shen	Sarcosine	inchikey	1	TRUE	TRUE	1.09999120923021e-09	2.74997802307553e-06
SARCOSINE	6035	HMDB	HMDB0000271_29_shen	Sarcosine	inchikey	1	TRUE	TRUE	1.09999120923021e-09	2.74997802307553e-06
SARCOSINE	6036	HMDB	HMDB0000271_30_shen	Sarcosine	inchikey	1	TRUE	TRUE	1.09999120923021e-09	2.74997802307553e-06
SARCOSINE	6037	HMDB	HMDB0000271_31_shen	Sarcosine	inchikey	1	TRUE	TRUE	1.09999120923021e-09	2.74997802307553e-06
SARCOSINE	6038	HMDB	HMDB0000271_32_shen	Sarcosine	inchikey	1	TRUE	TRUE	1.09999120923021e-09	2.74997802307553e-06
SARCOSINE	6039	HMDB	HMDB0000271_33_shen	Sarcosine	inchikey	1	TRUE	TRUE	1.09999120923021e-09	2.74997802307553e-06
SARCOSINE	6040	HMDB	HMDB0000271_34_shen	Sarcosine	inchikey	1	TRUE	TRUE	1.09999120923021e-09	2.74997802307553e-06
SARCOSINE	6041	HMDB	HMDB0000271_35_shen	Sarcosine	inchikey	1	TRUE	TRUE	1.09999120923021e-09	2.74997802307553e-06
SARCOSINE	6042	HMDB	HMDB0000271_36_shen	Sarcosine	inchikey	1	TRUE	TRUE	1.09999120923021e-09	2.74997802307553e-06
SARCOSINE	6043	HMDB	HMDB0000271_37_shen	Sarcosine	inchikey	1	TRUE	TRUE	1.09999120923021e-09	2.74997802307553e-06
SARCOSINE	6044	HMDB	HMDB0000271_38_shen	Sarcosine	inchikey	1	TRUE	TRUE	1.09999120923021e-09	2.74997802307553e-06
SARCOSINE	6045	HMDB	HMDB0000271_39_shen	Sarcosine	inchikey	1	TRUE	TRUE	1.09999120923021e-09	2.74997802307553e-06
SARCOSINE	6046	HMDB	HMDB0000271_40_shen	Sarcosine	inchikey	1	TRUE	TRUE	1.09999120923021e-09	2.74997802307553e-06
SARCOSINE	6047	HMDB	HMDB0000271_41_shen	Sarcosine	inchikey	1	TRUE	TRUE	1.09999120923021e-09	2.74997802307553e-06
SARCOSINE	6048	HMDB	HMDB0000271_42_shen	Sarcosine	inchikey	1	TRUE	TRUE	1.09999120923021e-09	2.74997802307553e-06
SARCOSINE	6049	HMDB	HMDB0000271_43_shen	Sarcosine	inchikey	1	TRUE	TRUE	1.09999120923021e-09	2.74997802307553e-06
SARCOSINE	6050	HMDB	HMDB0000271_44_shen	Sarcosine	inchikey	1	TRUE	TRUE	1.09999120923021e-09	2.74997802307553e-06
SARCOSINE	6051	HMDB	HMDB0000271_45_shen	Sarcosine	inchikey	1	TRUE	TRUE	1.09999120923021e-09	2.74997802307553e-06
SARCOSINE	6052	HMDB	HMDB0000271_46_shen	Sarcosine	inchikey	1	TRUE	TRUE	1.09999120923021e-09	2.74997802307553e-06
SARCOSINE	6053	HMDB	HMDB0000271_47_shen	Sarcosine	inchikey	1	TRUE	TRUE	1.09999120923021e-09	2.74997802307553e-06
3-P-SERINE	6054	HMDB	HMDB0000272_1_shen	Phosphoserine	inchikey_connectivity_formula_mass	2	FALSE	TRUE	4.00007138523506e-10	1.00001784630877e-06
3-P-SERINE	6055	HMDB	HMDB0000272_2_shen	Phosphoserine	inchikey_connectivity_formula_mass	2	FALSE	TRUE	4.00007138523506e-10	1.00001784630877e-06
3-P-SERINE	6056	HMDB	HMDB0000272_3_shen	Phosphoserine	inchikey_connectivity_formula_mass	2	FALSE	TRUE	4.00007138523506e-10	1.00001784630877e-06
3-P-SERINE	6057	HMDB	HMDB0000272_4_shen	Phosphoserine	inchikey_connectivity_formula_mass	2	FALSE	TRUE	4.00007138523506e-10	1.00001784630877e-06
3-P-SERINE	6058	HMDB	HMDB0000272_5_shen	Phosphoserine	inchikey_connectivity_formula_mass	2	FALSE	TRUE	4.00007138523506e-10	1.00001784630877e-06
3-P-SERINE	6059	HMDB	HMDB0000272_6_shen	Phosphoserine	inchikey_connectivity_formula_mass	2	FALSE	TRUE	4.00007138523506e-10	1.00001784630877e-06
3-P-SERINE	6060	HMDB	HMDB0000272_7_shen	Phosphoserine	inchikey_connectivity_formula_mass	2	FALSE	TRUE	4.00007138523506e-10	1.00001784630877e-06
3-P-SERINE	6061	HMDB	HMDB0000272_8_shen	Phosphoserine	inchikey_connectivity_formula_mass	2	FALSE	TRUE	4.00007138523506e-10	1.00001784630877e-06
3-P-SERINE	6062	HMDB	HMDB0000272_9_shen	Phosphoserine	inchikey_connectivity_formula_mass	2	FALSE	TRUE	4.00007138523506e-10	1.00001784630877e-06
3-P-SERINE	6063	HMDB	HMDB0000272_10_shen	Phosphoserine	inchikey_connectivity_formula_mass	2	FALSE	TRUE	4.00007138523506e-10	1.00001784630877e-06
3-P-SERINE	6064	HMDB	HMDB0000272_11_shen	Phosphoserine	inchikey_connectivity_formula_mass	2	FALSE	TRUE	4.00007138523506e-10	1.00001784630877e-06
3-P-SERINE	6065	HMDB	HMDB0000272_12_shen	Phosphoserine	inchikey_connectivity_formula_mass	2	FALSE	TRUE	4.00007138523506e-10	1.00001784630877e-06
3-P-SERINE	6066	HMDB	HMDB0000272_13_shen	Phosphoserine	inchikey_connectivity_formula_mass	2	FALSE	TRUE	4.00007138523506e-10	1.00001784630877e-06
3-P-SERINE	6067	HMDB	HMDB0000272_14_shen	Phosphoserine	inchikey_connectivity_formula_mass	2	FALSE	TRUE	4.00007138523506e-10	1.00001784630877e-06
3-P-SERINE	6068	HMDB	HMDB0000272_15_shen	Phosphoserine	inchikey_connectivity_formula_mass	2	FALSE	TRUE	4.00007138523506e-10	1.00001784630877e-06
3-P-SERINE	6069	HMDB	HMDB0000272_16_shen	Phosphoserine	inchikey_connectivity_formula_mass	2	FALSE	TRUE	4.00007138523506e-10	1.00001784630877e-06
3-P-SERINE	6070	HMDB	HMDB0000272_17_shen	Phosphoserine	inchikey_connectivity_formula_mass	2	FALSE	TRUE	4.00007138523506e-10	1.00001784630877e-06
3-P-SERINE	6071	HMDB	HMDB0000272_18_shen	Phosphoserine	inchikey_connectivity_formula_mass	2	FALSE	TRUE	4.00007138523506e-10	1.00001784630877e-06
3-P-SERINE	6072	HMDB	HMDB0000272_19_shen	Phosphoserine	inchikey_connectivity_formula_mass	2	FALSE	TRUE	4.00007138523506e-10	1.00001784630877e-06
3-P-SERINE	6073	HMDB	HMDB0000272_20_shen	Phosphoserine	inchikey_connectivity_formula_mass	2	FALSE	TRUE	4.00007138523506e-10	1.00001784630877e-06
3-P-SERINE	6074	HMDB	HMDB0000272_21_shen	Phosphoserine	inchikey_connectivity_formula_mass	2	FALSE	TRUE	4.00007138523506e-10	1.00001784630877e-06
3-P-SERINE	6075	HMDB	HMDB0000272_22_shen	Phosphoserine	inchikey_connectivity_formula_mass	2	FALSE	TRUE	4.00007138523506e-10	1.00001784630877e-06
3-P-SERINE	6076	HMDB	HMDB0000272_23_shen	Phosphoserine	inchikey_connectivity_formula_mass	2	FALSE	TRUE	4.00007138523506e-10	1.00001784630877e-06
3-P-SERINE	6077	HMDB	HMDB0000272_24_shen	Phosphoserine	inchikey_connectivity_formula_mass	2	FALSE	TRUE	4.00007138523506e-10	1.00001784630877e-06
3-P-SERINE	6078	HMDB	HMDB0000272_25_shen	Phosphoserine	inchikey_connectivity_formula_mass	2	FALSE	TRUE	4.00007138523506e-10	1.00001784630877e-06
3-P-SERINE	6079	HMDB	HMDB0000272_26_shen	Phosphoserine	inchikey_connectivity_formula_mass	2	FALSE	TRUE	4.00007138523506e-10	1.00001784630877e-06
3-P-SERINE	6080	HMDB	HMDB0000272_27_shen	Phosphoserine	inchikey_connectivity_formula_mass	2	FALSE	TRUE	4.00007138523506e-10	1.00001784630877e-06
3-P-SERINE	6081	HMDB	HMDB0000272_28_shen	Phosphoserine	inchikey_connectivity_formula_mass	2	FALSE	TRUE	4.00007138523506e-10	1.00001784630877e-06
3-P-SERINE	6082	HMDB	HMDB0000272_29_shen	Phosphoserine	inchikey_connectivity_formula_mass	2	FALSE	TRUE	4.00007138523506e-10	1.00001784630877e-06
3-P-SERINE	6083	HMDB	HMDB0000272_30_shen	Phosphoserine	inchikey_connectivity_formula_mass	2	FALSE	TRUE	4.00007138523506e-10	1.00001784630877e-06
3-P-SERINE	6084	HMDB	HMDB0000272_31_shen	Phosphoserine	inchikey_connectivity_formula_mass	2	FALSE	TRUE	4.00007138523506e-10	1.00001784630877e-06
3-P-SERINE	6085	HMDB	HMDB0000272_32_shen	Phosphoserine	inchikey_connectivity_formula_mass	2	FALSE	TRUE	4.00007138523506e-10	1.00001784630877e-06
3-P-SERINE	6086	HMDB	HMDB0000272_33_shen	Phosphoserine	inchikey_connectivity_formula_mass	2	FALSE	TRUE	4.00007138523506e-10	1.00001784630877e-06
3-P-SERINE	6087	HMDB	HMDB0000272_34_shen	Phosphoserine	inchikey_connectivity_formula_mass	2	FALSE	TRUE	4.00007138523506e-10	1.00001784630877e-06
3-P-SERINE	6088	HMDB	HMDB0000272_35_shen	Phosphoserine	inchikey_connectivity_formula_mass	2	FALSE	TRUE	4.00007138523506e-10	1.00001784630877e-06
3-P-SERINE	6089	HMDB	HMDB0000272_36_shen	Phosphoserine	inchikey_connectivity_formula_mass	2	FALSE	TRUE	4.00007138523506e-10	1.00001784630877e-06
3-P-SERINE	6090	HMDB	HMDB0000272_37_shen	Phosphoserine	inchikey_connectivity_formula_mass	2	FALSE	TRUE	4.00007138523506e-10	1.00001784630877e-06
3-P-SERINE	6091	HMDB	HMDB0000272_38_shen	Phosphoserine	inchikey_connectivity_formula_mass	2	FALSE	TRUE	4.00007138523506e-10	1.00001784630877e-06
3-P-SERINE	6092	HMDB	HMDB0000272_39_shen	Phosphoserine	inchikey_connectivity_formula_mass	2	FALSE	TRUE	4.00007138523506e-10	1.00001784630877e-06
3-P-SERINE	6093	HMDB	HMDB0000272_40_shen	Phosphoserine	inchikey_connectivity_formula_mass	2	FALSE	TRUE	4.00007138523506e-10	1.00001784630877e-06
3-P-SERINE	6094	HMDB	HMDB0000272_41_shen	Phosphoserine	inchikey_connectivity_formula_mass	2	FALSE	TRUE	4.00007138523506e-10	1.00001784630877e-06
THYMIDINE	6095	HMDB	HMDB0000273_1_shen	Thymidine	inchikey	1	TRUE	TRUE	2.29999841394601e-09	5.74999603486503e-06
THYMIDINE	6096	HMDB	HMDB0000273_2_shen	Thymidine	inchikey	1	TRUE	TRUE	2.29999841394601e-09	5.74999603486503e-06
THYMIDINE	6097	HMDB	HMDB0000273_3_shen	Thymidine	inchikey	1	TRUE	TRUE	2.29999841394601e-09	5.74999603486503e-06
THYMIDINE	6098	HMDB	HMDB0000273_4_shen	Thymidine	inchikey	1	TRUE	TRUE	2.29999841394601e-09	5.74999603486503e-06
THYMIDINE	6099	HMDB	HMDB0000273_5_shen	Thymidine	inchikey	1	TRUE	TRUE	2.29999841394601e-09	5.74999603486503e-06
THYMIDINE	6100	HMDB	HMDB0000273_6_shen	Thymidine	inchikey	1	TRUE	TRUE	2.29999841394601e-09	5.74999603486503e-06
THYMIDINE	6101	HMDB	HMDB0000273_7_shen	Thymidine	inchikey	1	TRUE	TRUE	2.29999841394601e-09	5.74999603486503e-06
THYMIDINE	6102	HMDB	HMDB0000273_8_shen	Thymidine	inchikey	1	TRUE	TRUE	2.29999841394601e-09	5.74999603486503e-06
THYMIDINE	6103	HMDB	HMDB0000273_9_shen	Thymidine	inchikey	1	TRUE	TRUE	2.29999841394601e-09	5.74999603486503e-06
THYMIDINE	6104	HMDB	HMDB0000273_10_shen	Thymidine	inchikey	1	TRUE	TRUE	2.29999841394601e-09	5.74999603486503e-06
THYMIDINE	6105	HMDB	HMDB0000273_11_shen	Thymidine	inchikey	1	TRUE	TRUE	2.29999841394601e-09	5.74999603486503e-06
THYMIDINE	6106	HMDB	HMDB0000273_12_shen	Thymidine	inchikey	1	TRUE	TRUE	2.29999841394601e-09	5.74999603486503e-06
THYMIDINE	6107	HMDB	HMDB0000273_13_shen	Thymidine	inchikey	1	TRUE	TRUE	2.29999841394601e-09	5.74999603486503e-06
THYMIDINE	6108	HMDB	HMDB0000273_14_shen	Thymidine	inchikey	1	TRUE	TRUE	2.29999841394601e-09	5.74999603486503e-06
THYMIDINE	6109	HMDB	HMDB0000273_15_shen	Thymidine	inchikey	1	TRUE	TRUE	2.29999841394601e-09	5.74999603486503e-06
THYMIDINE	6110	HMDB	HMDB0000273_16_shen	Thymidine	inchikey	1	TRUE	TRUE	2.29999841394601e-09	5.74999603486503e-06
THYMIDINE	6111	HMDB	HMDB0000273_17_shen	Thymidine	inchikey	1	TRUE	TRUE	2.29999841394601e-09	5.74999603486503e-06
THYMIDINE	6112	HMDB	HMDB0000273_18_shen	Thymidine	inchikey	1	TRUE	TRUE	2.29999841394601e-09	5.74999603486503e-06
THYMIDINE	6113	HMDB	HMDB0000273_19_shen	Thymidine	inchikey	1	TRUE	TRUE	2.29999841394601e-09	5.74999603486503e-06
THYMIDINE	6114	HMDB	HMDB0000273_20_shen	Thymidine	inchikey	1	TRUE	TRUE	2.29999841394601e-09	5.74999603486503e-06
THYMIDINE	6115	HMDB	HMDB0000273_21_shen	Thymidine	inchikey	1	TRUE	TRUE	2.29999841394601e-09	5.74999603486503e-06
THYMIDINE	6116	HMDB	HMDB0000273_22_shen	Thymidine	inchikey	1	TRUE	TRUE	2.29999841394601e-09	5.74999603486503e-06
THYMIDINE	6117	HMDB	HMDB0000273_23_shen	Thymidine	inchikey	1	TRUE	TRUE	2.29999841394601e-09	5.74999603486503e-06
THYMIDINE	6118	HMDB	HMDB0000273_24_shen	Thymidine	inchikey	1	TRUE	TRUE	2.29999841394601e-09	5.74999603486503e-06
THYMIDINE	6119	HMDB	HMDB0000273_25_shen	Thymidine	inchikey	1	TRUE	TRUE	2.29999841394601e-09	5.74999603486503e-06
THYMIDINE	6120	HMDB	HMDB0000273_26_shen	Thymidine	inchikey	1	TRUE	TRUE	2.29999841394601e-09	5.74999603486503e-06
THYMIDINE	6121	HMDB	HMDB0000273_27_shen	Thymidine	inchikey	1	TRUE	TRUE	2.29999841394601e-09	5.74999603486503e-06
THYMIDINE	6122	HMDB	HMDB0000273_28_shen	Thymidine	inchikey	1	TRUE	TRUE	2.29999841394601e-09	5.74999603486503e-06
THYMIDINE	6123	HMDB	HMDB0000273_29_shen	Thymidine	inchikey	1	TRUE	TRUE	2.29999841394601e-09	5.74999603486503e-06
THYMIDINE	6124	HMDB	HMDB0000273_30_shen	Thymidine	inchikey	1	TRUE	TRUE	2.29999841394601e-09	5.74999603486503e-06
THYMIDINE	6125	HMDB	HMDB0000273_31_shen	Thymidine	inchikey	1	TRUE	TRUE	2.29999841394601e-09	5.74999603486503e-06
THYMIDINE	6126	HMDB	HMDB0000273_32_shen	Thymidine	inchikey	1	TRUE	TRUE	2.29999841394601e-09	5.74999603486503e-06
THYMIDINE	6127	HMDB	HMDB0000273_33_shen	Thymidine	inchikey	1	TRUE	TRUE	2.29999841394601e-09	5.74999603486503e-06
THYMIDINE	6128	HMDB	HMDB0000273_34_shen	Thymidine	inchikey	1	TRUE	TRUE	2.29999841394601e-09	5.74999603486503e-06
THYMIDINE	6129	HMDB	HMDB0000273_35_shen	Thymidine	inchikey	1	TRUE	TRUE	2.29999841394601e-09	5.74999603486503e-06
THYMIDINE	6130	HMDB	HMDB0000273_36_shen	Thymidine	inchikey	1	TRUE	TRUE	2.29999841394601e-09	5.74999603486503e-06
THYMIDINE	6131	HMDB	HMDB0000273_37_shen	Thymidine	inchikey	1	TRUE	TRUE	2.29999841394601e-09	5.74999603486503e-06
THYMIDINE	6132	HMDB	HMDB0000273_38_shen	Thymidine	inchikey	1	TRUE	TRUE	2.29999841394601e-09	5.74999603486503e-06
THYMIDINE	6133	HMDB	HMDB0000273_39_shen	Thymidine	inchikey	1	TRUE	TRUE	2.29999841394601e-09	5.74999603486503e-06
THYMIDINE	6134	HMDB	HMDB0000273_40_shen	Thymidine	inchikey	1	TRUE	TRUE	2.29999841394601e-09	5.74999603486503e-06
THYMIDINE	6135	HMDB	HMDB0000273_41_shen	Thymidine	inchikey	1	TRUE	TRUE	2.29999841394601e-09	5.74999603486503e-06
THYMIDINE	6136	HMDB	HMDB0000273_42_shen	Thymidine	inchikey	1	TRUE	TRUE	2.29999841394601e-09	5.74999603486503e-06
THYMIDINE	6137	HMDB	HMDB0000273_43_shen	Thymidine	inchikey	1	TRUE	TRUE	2.29999841394601e-09	5.74999603486503e-06
THYMIDINE	6138	HMDB	HMDB0000273_44_shen	Thymidine	inchikey	1	TRUE	TRUE	2.29999841394601e-09	5.74999603486503e-06
THYMIDINE	6139	HMDB	HMDB0000273_45_shen	Thymidine	inchikey	1	TRUE	TRUE	2.29999841394601e-09	5.74999603486503e-06
THYMIDINE	6140	HMDB	HMDB0000273_46_shen	Thymidine	inchikey	1	TRUE	TRUE	2.29999841394601e-09	5.74999603486503e-06
THYMIDINE	6141	HMDB	HMDB0000273_47_shen	Thymidine	inchikey	1	TRUE	TRUE	2.29999841394601e-09	5.74999603486503e-06
THYMIDINE	6142	HMDB	HMDB0000273_48_shen	Thymidine	inchikey	1	TRUE	TRUE	2.29999841394601e-09	5.74999603486503e-06
THYMIDINE	6143	HMDB	HMDB0000273_49_shen	Thymidine	inchikey	1	TRUE	TRUE	2.29999841394601e-09	5.74999603486503e-06
THYMIDINE	6144	HMDB	HMDB0000273_50_shen	Thymidine	inchikey	1	TRUE	TRUE	2.29999841394601e-09	5.74999603486503e-06
THYMIDINE	6145	HMDB	HMDB0000273_51_shen	Thymidine	inchikey	1	TRUE	TRUE	2.29999841394601e-09	5.74999603486503e-06
THYMIDINE	6146	HMDB	HMDB0000273_52_shen	Thymidine	inchikey	1	TRUE	TRUE	2.29999841394601e-09	5.74999603486503e-06
THYMIDINE	6147	HMDB	HMDB0000273_53_shen	Thymidine	inchikey	1	TRUE	TRUE	2.29999841394601e-09	5.74999603486503e-06
THYMIDINE	6148	HMDB	HMDB0000273_54_shen	Thymidine	inchikey	1	TRUE	TRUE	2.29999841394601e-09	5.74999603486503e-06
THYMIDINE	6149	HMDB	HMDB0000273_55_shen	Thymidine	inchikey	1	TRUE	TRUE	2.29999841394601e-09	5.74999603486503e-06
THYMIDINE	6150	HMDB	HMDB0000273_56_shen	Thymidine	inchikey	1	TRUE	TRUE	2.29999841394601e-09	5.74999603486503e-06
THYMIDINE	6151	HMDB	HMDB0000273_57_shen	Thymidine	inchikey	1	TRUE	TRUE	2.29999841394601e-09	5.74999603486503e-06
CPD3DJ-11366	6152	HMDB	HMDB0000277_1_shen	Sphingosine 1-phosphate	inchikey_connectivity_formula_mass	2	FALSE	TRUE	2.49991671807948e-09	6.24979179519869e-06
CPD3DJ-11366	6153	HMDB	HMDB0000277_2_shen	Sphingosine 1-phosphate	inchikey_connectivity_formula_mass	2	FALSE	TRUE	2.49991671807948e-09	6.24979179519869e-06
CPD3DJ-11366	6154	HMDB	HMDB0000277_3_shen	Sphingosine 1-phosphate	inchikey_connectivity_formula_mass	2	FALSE	TRUE	2.49991671807948e-09	6.24979179519869e-06
SACCHAROPINE	6155	HMDB	HMDB0000279_1_shen	Saccharopine	inchikey_connectivity_formula_mass	2	FALSE	TRUE	3.00002511721686e-09	7.50006279304216e-06
SACCHAROPINE	6156	HMDB	HMDB0000279_2_shen	Saccharopine	inchikey_connectivity_formula_mass	2	FALSE	TRUE	3.00002511721686e-09	7.50006279304216e-06
SACCHAROPINE	6157	HMDB	HMDB0000279_3_shen	Saccharopine	inchikey_connectivity_formula_mass	2	FALSE	TRUE	3.00002511721686e-09	7.50006279304216e-06
SACCHAROPINE	6158	HMDB	HMDB0000279_4_shen	Saccharopine	inchikey_connectivity_formula_mass	2	FALSE	TRUE	3.00002511721686e-09	7.50006279304216e-06
D-Ribofuranose	6195	HMDB	HMDB0000283_1_shen	D-Ribose	inchikey	1	TRUE	TRUE	1.50001255860843e-09	3.75003139652108e-06
D-Ribofuranose	6196	HMDB	HMDB0000283_2_shen	D-Ribose	inchikey	1	TRUE	TRUE	1.50001255860843e-09	3.75003139652108e-06
D-Ribofuranose	6197	HMDB	HMDB0000283_3_shen	D-Ribose	inchikey	1	TRUE	TRUE	1.50001255860843e-09	3.75003139652108e-06
D-Ribofuranose	6198	HMDB	HMDB0000283_4_shen	D-Ribose	inchikey	1	TRUE	TRUE	1.50001255860843e-09	3.75003139652108e-06
D-Ribofuranose	6199	HMDB	HMDB0000283_5_shen	D-Ribose	inchikey	1	TRUE	TRUE	1.50001255860843e-09	3.75003139652108e-06
D-Ribofuranose	6200	HMDB	HMDB0000283_6_shen	D-Ribose	inchikey	1	TRUE	TRUE	1.50001255860843e-09	3.75003139652108e-06
D-Ribofuranose	6201	HMDB	HMDB0000283_7_shen	D-Ribose	inchikey	1	TRUE	TRUE	1.50001255860843e-09	3.75003139652108e-06
D-Ribofuranose	6202	HMDB	HMDB0000283_8_shen	D-Ribose	inchikey	1	TRUE	TRUE	1.50001255860843e-09	3.75003139652108e-06
D-Ribofuranose	6203	HMDB	HMDB0000283_9_shen	D-Ribose	inchikey	1	TRUE	TRUE	1.50001255860843e-09	3.75003139652108e-06
D-Ribofuranose	6204	HMDB	HMDB0000283_10_shen	D-Ribose	inchikey	1	TRUE	TRUE	1.50001255860843e-09	3.75003139652108e-06
D-Ribofuranose	6205	HMDB	HMDB0000283_11_shen	D-Ribose	inchikey	1	TRUE	TRUE	1.50001255860843e-09	3.75003139652108e-06
CPD-12575	6212	HMDB	HMDB0000286_1_shen	Uridine diphosphate glucose	inchikey_connectivity_formula_mass	2	FALSE	TRUE	4.99994712299667e-10	8.83297019372968e-07
CPD-12575	6213	HMDB	HMDB0000286_2_shen	Uridine diphosphate glucose	inchikey_connectivity_formula_mass	2	FALSE	TRUE	4.99994712299667e-10	8.83297019372968e-07
CPD-12575	6214	HMDB	HMDB0000286_3_shen	Uridine diphosphate glucose	inchikey_connectivity_formula_mass	2	FALSE	TRUE	4.99994712299667e-10	8.83297019372968e-07
CPD-12575	6215	HMDB	HMDB0000286_4_shen	Uridine diphosphate glucose	inchikey_connectivity_formula_mass	2	FALSE	TRUE	4.99994712299667e-10	8.83297019372968e-07
CPD-12575	6216	HMDB	HMDB0000286_5_shen	Uridine diphosphate glucose	inchikey_connectivity_formula_mass	2	FALSE	TRUE	4.99994712299667e-10	8.83297019372968e-07
CPD-12575	6217	HMDB	HMDB0000286_6_shen	Uridine diphosphate glucose	inchikey_connectivity_formula_mass	2	FALSE	TRUE	4.99994712299667e-10	8.83297019372968e-07
CPD-12575	6218	HMDB	HMDB0000286_7_shen	Uridine diphosphate glucose	inchikey_connectivity_formula_mass	2	FALSE	TRUE	4.99994712299667e-10	8.83297019372968e-07
CPD-12575	6219	HMDB	HMDB0000286_8_shen	Uridine diphosphate glucose	inchikey_connectivity_formula_mass	2	FALSE	TRUE	4.99994712299667e-10	8.83297019372968e-07
CPD-12575	6220	HMDB	HMDB0000286_9_shen	Uridine diphosphate glucose	inchikey_connectivity_formula_mass	2	FALSE	TRUE	4.99994712299667e-10	8.83297019372968e-07
CPD-15332	6244	HMDB	HMDB0000289_1_shen	Uric acid	inchikey	1	TRUE	TRUE	1.499984136899e-09	3.7499603422475e-06
URATE	6244	HMDB	HMDB0000289_1_shen	Uric acid	inchikey	1	TRUE	TRUE	1.499984136899e-09	3.7499603422475e-06
CPD-15332	6245	HMDB	HMDB0000289_2_shen	Uric acid	inchikey	1	TRUE	TRUE	1.499984136899e-09	3.7499603422475e-06
URATE	6245	HMDB	HMDB0000289_2_shen	Uric acid	inchikey	1	TRUE	TRUE	1.499984136899e-09	3.7499603422475e-06
CPD-15332	6246	HMDB	HMDB0000289_3_shen	Uric acid	inchikey	1	TRUE	TRUE	1.499984136899e-09	3.7499603422475e-06
URATE	6246	HMDB	HMDB0000289_3_shen	Uric acid	inchikey	1	TRUE	TRUE	1.499984136899e-09	3.7499603422475e-06
CPD-15332	6247	HMDB	HMDB0000289_4_shen	Uric acid	inchikey	1	TRUE	TRUE	1.499984136899e-09	3.7499603422475e-06
URATE	6247	HMDB	HMDB0000289_4_shen	Uric acid	inchikey	1	TRUE	TRUE	1.499984136899e-09	3.7499603422475e-06
CPD-15332	6248	HMDB	HMDB0000289_5_shen	Uric acid	inchikey	1	TRUE	TRUE	1.499984136899e-09	3.7499603422475e-06
URATE	6248	HMDB	HMDB0000289_5_shen	Uric acid	inchikey	1	TRUE	TRUE	1.499984136899e-09	3.7499603422475e-06
CPD-15332	6249	HMDB	HMDB0000289_6_shen	Uric acid	inchikey	1	TRUE	TRUE	1.499984136899e-09	3.7499603422475e-06
URATE	6249	HMDB	HMDB0000289_6_shen	Uric acid	inchikey	1	TRUE	TRUE	1.499984136899e-09	3.7499603422475e-06
CPD-15332	6250	HMDB	HMDB0000289_7_shen	Uric acid	inchikey	1	TRUE	TRUE	1.499984136899e-09	3.7499603422475e-06
URATE	6250	HMDB	HMDB0000289_7_shen	Uric acid	inchikey	1	TRUE	TRUE	1.499984136899e-09	3.7499603422475e-06
CPD-15332	6251	HMDB	HMDB0000289_8_shen	Uric acid	inchikey	1	TRUE	TRUE	1.499984136899e-09	3.7499603422475e-06
URATE	6251	HMDB	HMDB0000289_8_shen	Uric acid	inchikey	1	TRUE	TRUE	1.499984136899e-09	3.7499603422475e-06
CPD-15332	6252	HMDB	HMDB0000289_9_shen	Uric acid	inchikey	1	TRUE	TRUE	1.499984136899e-09	3.7499603422475e-06
URATE	6252	HMDB	HMDB0000289_9_shen	Uric acid	inchikey	1	TRUE	TRUE	1.499984136899e-09	3.7499603422475e-06
CPD-15332	6253	HMDB	HMDB0000289_10_shen	Uric acid	inchikey	1	TRUE	TRUE	1.499984136899e-09	3.7499603422475e-06
URATE	6253	HMDB	HMDB0000289_10_shen	Uric acid	inchikey	1	TRUE	TRUE	1.499984136899e-09	3.7499603422475e-06
CPD-15332	6254	HMDB	HMDB0000289_11_shen	Uric acid	inchikey	1	TRUE	TRUE	1.499984136899e-09	3.7499603422475e-06
URATE	6254	HMDB	HMDB0000289_11_shen	Uric acid	inchikey	1	TRUE	TRUE	1.499984136899e-09	3.7499603422475e-06
CPD-15332	6255	HMDB	HMDB0000289_12_shen	Uric acid	inchikey	1	TRUE	TRUE	1.499984136899e-09	3.7499603422475e-06
URATE	6255	HMDB	HMDB0000289_12_shen	Uric acid	inchikey	1	TRUE	TRUE	1.499984136899e-09	3.7499603422475e-06
CPD-15332	6256	HMDB	HMDB0000289_13_shen	Uric acid	inchikey	1	TRUE	TRUE	1.499984136899e-09	3.7499603422475e-06
URATE	6256	HMDB	HMDB0000289_13_shen	Uric acid	inchikey	1	TRUE	TRUE	1.499984136899e-09	3.7499603422475e-06
CPD-15332	6257	HMDB	HMDB0000289_14_shen	Uric acid	inchikey	1	TRUE	TRUE	1.499984136899e-09	3.7499603422475e-06
URATE	6257	HMDB	HMDB0000289_14_shen	Uric acid	inchikey	1	TRUE	TRUE	1.499984136899e-09	3.7499603422475e-06
CPD-15332	6258	HMDB	HMDB0000289_15_shen	Uric acid	inchikey	1	TRUE	TRUE	1.499984136899e-09	3.7499603422475e-06
URATE	6258	HMDB	HMDB0000289_15_shen	Uric acid	inchikey	1	TRUE	TRUE	1.499984136899e-09	3.7499603422475e-06
CPD-15332	6259	HMDB	HMDB0000289_16_shen	Uric acid	inchikey	1	TRUE	TRUE	1.499984136899e-09	3.7499603422475e-06
URATE	6259	HMDB	HMDB0000289_16_shen	Uric acid	inchikey	1	TRUE	TRUE	1.499984136899e-09	3.7499603422475e-06
CPD-15332	6260	HMDB	HMDB0000289_17_shen	Uric acid	inchikey	1	TRUE	TRUE	1.499984136899e-09	3.7499603422475e-06
URATE	6260	HMDB	HMDB0000289_17_shen	Uric acid	inchikey	1	TRUE	TRUE	1.499984136899e-09	3.7499603422475e-06
CPD-15332	6261	HMDB	HMDB0000289_18_shen	Uric acid	inchikey	1	TRUE	TRUE	1.499984136899e-09	3.7499603422475e-06
URATE	6261	HMDB	HMDB0000289_18_shen	Uric acid	inchikey	1	TRUE	TRUE	1.499984136899e-09	3.7499603422475e-06
UDP-N-ACETYL-D-GLUCOSAMINE	6262	HMDB	HMDB0000290_1_shen	Uridine diphosphate-N-acetylglucosamine	inchikey_connectivity_formula_mass	2	FALSE	TRUE	9.99989424599335e-10	1.6472076815957e-06
UDP-N-ACETYL-D-GLUCOSAMINE	6263	HMDB	HMDB0000290_2_shen	Uridine diphosphate-N-acetylglucosamine	inchikey_connectivity_formula_mass	2	FALSE	TRUE	9.99989424599335e-10	1.6472076815957e-06
UDP-N-ACETYL-D-GLUCOSAMINE	6264	HMDB	HMDB0000290_3_shen	Uridine diphosphate-N-acetylglucosamine	inchikey_connectivity_formula_mass	2	FALSE	TRUE	9.99989424599335e-10	1.6472076815957e-06
UDP-N-ACETYL-D-GLUCOSAMINE	6265	HMDB	HMDB0000290_4_shen	Uridine diphosphate-N-acetylglucosamine	inchikey_connectivity_formula_mass	2	FALSE	TRUE	9.99989424599335e-10	1.6472076815957e-06
UDP-N-ACETYL-D-GLUCOSAMINE	6266	HMDB	HMDB0000290_5_shen	Uridine diphosphate-N-acetylglucosamine	inchikey_connectivity_formula_mass	2	FALSE	TRUE	9.99989424599335e-10	1.6472076815957e-06
UDP-N-ACETYL-D-GLUCOSAMINE	6267	HMDB	HMDB0000290_6_shen	Uridine diphosphate-N-acetylglucosamine	inchikey_connectivity_formula_mass	2	FALSE	TRUE	9.99989424599335e-10	1.6472076815957e-06
UDP-N-ACETYL-D-GLUCOSAMINE	6268	HMDB	HMDB0000290_7_shen	Uridine diphosphate-N-acetylglucosamine	inchikey_connectivity_formula_mass	2	FALSE	TRUE	9.99989424599335e-10	1.6472076815957e-06
UDP-N-ACETYL-D-GLUCOSAMINE	6269	HMDB	HMDB0000290_8_shen	Uridine diphosphate-N-acetylglucosamine	inchikey_connectivity_formula_mass	2	FALSE	TRUE	9.99989424599335e-10	1.6472076815957e-06
UDP-N-ACETYL-D-GLUCOSAMINE	6270	HMDB	HMDB0000290_9_shen	Uridine diphosphate-N-acetylglucosamine	inchikey_connectivity_formula_mass	2	FALSE	TRUE	9.99989424599335e-10	1.6472076815957e-06
UDP-N-ACETYL-D-GLUCOSAMINE	6271	HMDB	HMDB0000290_10_shen	Uridine diphosphate-N-acetylglucosamine	inchikey_connectivity_formula_mass	2	FALSE	TRUE	9.99989424599335e-10	1.6472076815957e-06
UDP-N-ACETYL-D-GLUCOSAMINE	6272	HMDB	HMDB0000290_11_shen	Uridine diphosphate-N-acetylglucosamine	inchikey_connectivity_formula_mass	2	FALSE	TRUE	9.99989424599335e-10	1.6472076815957e-06
UDP-N-ACETYL-D-GLUCOSAMINE	6273	HMDB	HMDB0000290_12_shen	Uridine diphosphate-N-acetylglucosamine	inchikey_connectivity_formula_mass	2	FALSE	TRUE	9.99989424599335e-10	1.6472076815957e-06
XANTHINE	6280	HMDB	HMDB0000292_1_shen	Xanthine	inchikey	1	TRUE	TRUE	1.39999656312284e-09	3.4999914078071e-06
XANTHINE	6281	HMDB	HMDB0000292_2_shen	Xanthine	inchikey	1	TRUE	TRUE	1.39999656312284e-09	3.4999914078071e-06
XANTHINE	6282	HMDB	HMDB0000292_3_shen	Xanthine	inchikey	1	TRUE	TRUE	1.39999656312284e-09	3.4999914078071e-06
XANTHINE	6283	HMDB	HMDB0000292_4_shen	Xanthine	inchikey	1	TRUE	TRUE	1.39999656312284e-09	3.4999914078071e-06
XANTHINE	6284	HMDB	HMDB0000292_5_shen	Xanthine	inchikey	1	TRUE	TRUE	1.39999656312284e-09	3.4999914078071e-06
XANTHINE	6285	HMDB	HMDB0000292_6_shen	Xanthine	inchikey	1	TRUE	TRUE	1.39999656312284e-09	3.4999914078071e-06
XANTHINE	6286	HMDB	HMDB0000292_7_shen	Xanthine	inchikey	1	TRUE	TRUE	1.39999656312284e-09	3.4999914078071e-06
XANTHINE	6287	HMDB	HMDB0000292_8_shen	Xanthine	inchikey	1	TRUE	TRUE	1.39999656312284e-09	3.4999914078071e-06
XANTHINE	6288	HMDB	HMDB0000292_9_shen	Xanthine	inchikey	1	TRUE	TRUE	1.39999656312284e-09	3.4999914078071e-06
XANTHINE	6289	HMDB	HMDB0000292_10_shen	Xanthine	inchikey	1	TRUE	TRUE	1.39999656312284e-09	3.4999914078071e-06
XANTHINE	6290	HMDB	HMDB0000292_11_shen	Xanthine	inchikey	1	TRUE	TRUE	1.39999656312284e-09	3.4999914078071e-06
XANTHINE	6291	HMDB	HMDB0000292_12_shen	Xanthine	inchikey	1	TRUE	TRUE	1.39999656312284e-09	3.4999914078071e-06
XANTHINE	6292	HMDB	HMDB0000292_13_shen	Xanthine	inchikey	1	TRUE	TRUE	1.39999656312284e-09	3.4999914078071e-06
XANTHINE	6293	HMDB	HMDB0000292_14_shen	Xanthine	inchikey	1	TRUE	TRUE	1.39999656312284e-09	3.4999914078071e-06
XANTHINE	6294	HMDB	HMDB0000292_15_shen	Xanthine	inchikey	1	TRUE	TRUE	1.39999656312284e-09	3.4999914078071e-06
XANTHINE	6295	HMDB	HMDB0000292_16_shen	Xanthine	inchikey	1	TRUE	TRUE	1.39999656312284e-09	3.4999914078071e-06
XANTHINE	6296	HMDB	HMDB0000292_17_shen	Xanthine	inchikey	1	TRUE	TRUE	1.39999656312284e-09	3.4999914078071e-06
XANTHINE	6297	HMDB	HMDB0000292_18_shen	Xanthine	inchikey	1	TRUE	TRUE	1.39999656312284e-09	3.4999914078071e-06
XANTHINE	6298	HMDB	HMDB0000292_19_shen	Xanthine	inchikey	1	TRUE	TRUE	1.39999656312284e-09	3.4999914078071e-06
XANTHINE	6299	HMDB	HMDB0000292_20_shen	Xanthine	inchikey	1	TRUE	TRUE	1.39999656312284e-09	3.4999914078071e-06
XANTHINE	6300	HMDB	HMDB0000292_21_shen	Xanthine	inchikey	1	TRUE	TRUE	1.39999656312284e-09	3.4999914078071e-06
XANTHINE	6301	HMDB	HMDB0000292_22_shen	Xanthine	inchikey	1	TRUE	TRUE	1.39999656312284e-09	3.4999914078071e-06
XANTHINE	6302	HMDB	HMDB0000292_23_shen	Xanthine	inchikey	1	TRUE	TRUE	1.39999656312284e-09	3.4999914078071e-06
XANTHINE	6303	HMDB	HMDB0000292_24_shen	Xanthine	inchikey	1	TRUE	TRUE	1.39999656312284e-09	3.4999914078071e-06
URIDINE	6322	HMDB	HMDB0000296_1_shen	Uridine	inchikey	1	TRUE	TRUE	2.20001084016985e-09	5.50002710042463e-06
URIDINE	6323	HMDB	HMDB0000296_2_shen	Uridine	inchikey	1	TRUE	TRUE	2.20001084016985e-09	5.50002710042463e-06
URIDINE	6324	HMDB	HMDB0000296_3_shen	Uridine	inchikey	1	TRUE	TRUE	2.20001084016985e-09	5.50002710042463e-06
URIDINE	6325	HMDB	HMDB0000296_4_shen	Uridine	inchikey	1	TRUE	TRUE	2.20001084016985e-09	5.50002710042463e-06
URIDINE	6326	HMDB	HMDB0000296_5_shen	Uridine	inchikey	1	TRUE	TRUE	2.20001084016985e-09	5.50002710042463e-06
URIDINE	6327	HMDB	HMDB0000296_6_shen	Uridine	inchikey	1	TRUE	TRUE	2.20001084016985e-09	5.50002710042463e-06
URIDINE	6328	HMDB	HMDB0000296_7_shen	Uridine	inchikey	1	TRUE	TRUE	2.20001084016985e-09	5.50002710042463e-06
URIDINE	6329	HMDB	HMDB0000296_8_shen	Uridine	inchikey	1	TRUE	TRUE	2.20001084016985e-09	5.50002710042463e-06
URIDINE	6330	HMDB	HMDB0000296_9_shen	Uridine	inchikey	1	TRUE	TRUE	2.20001084016985e-09	5.50002710042463e-06
URIDINE	6331	HMDB	HMDB0000296_10_shen	Uridine	inchikey	1	TRUE	TRUE	2.20001084016985e-09	5.50002710042463e-06
URIDINE	6332	HMDB	HMDB0000296_11_shen	Uridine	inchikey	1	TRUE	TRUE	2.20001084016985e-09	5.50002710042463e-06
URIDINE	6333	HMDB	HMDB0000296_12_shen	Uridine	inchikey	1	TRUE	TRUE	2.20001084016985e-09	5.50002710042463e-06
URIDINE	6334	HMDB	HMDB0000296_13_shen	Uridine	inchikey	1	TRUE	TRUE	2.20001084016985e-09	5.50002710042463e-06
URIDINE	6335	HMDB	HMDB0000296_14_shen	Uridine	inchikey	1	TRUE	TRUE	2.20001084016985e-09	5.50002710042463e-06
URIDINE	6336	HMDB	HMDB0000296_15_shen	Uridine	inchikey	1	TRUE	TRUE	2.20001084016985e-09	5.50002710042463e-06
URIDINE	6337	HMDB	HMDB0000296_16_shen	Uridine	inchikey	1	TRUE	TRUE	2.20001084016985e-09	5.50002710042463e-06
URIDINE	6338	HMDB	HMDB0000296_17_shen	Uridine	inchikey	1	TRUE	TRUE	2.20001084016985e-09	5.50002710042463e-06
URIDINE	6339	HMDB	HMDB0000296_18_shen	Uridine	inchikey	1	TRUE	TRUE	2.20001084016985e-09	5.50002710042463e-06
URIDINE	6340	HMDB	HMDB0000296_19_shen	Uridine	inchikey	1	TRUE	TRUE	2.20001084016985e-09	5.50002710042463e-06
URIDINE	6341	HMDB	HMDB0000296_20_shen	Uridine	inchikey	1	TRUE	TRUE	2.20001084016985e-09	5.50002710042463e-06
URIDINE	6342	HMDB	HMDB0000296_21_shen	Uridine	inchikey	1	TRUE	TRUE	2.20001084016985e-09	5.50002710042463e-06
URIDINE	6343	HMDB	HMDB0000296_22_shen	Uridine	inchikey	1	TRUE	TRUE	2.20001084016985e-09	5.50002710042463e-06
URIDINE	6344	HMDB	HMDB0000296_23_shen	Uridine	inchikey	1	TRUE	TRUE	2.20001084016985e-09	5.50002710042463e-06
URIDINE	6345	HMDB	HMDB0000296_24_shen	Uridine	inchikey	1	TRUE	TRUE	2.20001084016985e-09	5.50002710042463e-06
URIDINE	6346	HMDB	HMDB0000296_25_shen	Uridine	inchikey	1	TRUE	TRUE	2.20001084016985e-09	5.50002710042463e-06
URIDINE	6347	HMDB	HMDB0000296_26_shen	Uridine	inchikey	1	TRUE	TRUE	2.20001084016985e-09	5.50002710042463e-06
URIDINE	6348	HMDB	HMDB0000296_27_shen	Uridine	inchikey	1	TRUE	TRUE	2.20001084016985e-09	5.50002710042463e-06
URIDINE	6349	HMDB	HMDB0000296_28_shen	Uridine	inchikey	1	TRUE	TRUE	2.20001084016985e-09	5.50002710042463e-06
URIDINE	6350	HMDB	HMDB0000296_29_shen	Uridine	inchikey	1	TRUE	TRUE	2.20001084016985e-09	5.50002710042463e-06
URIDINE	6351	HMDB	HMDB0000296_30_shen	Uridine	inchikey	1	TRUE	TRUE	2.20001084016985e-09	5.50002710042463e-06
URIDINE	6352	HMDB	HMDB0000296_31_shen	Uridine	inchikey	1	TRUE	TRUE	2.20001084016985e-09	5.50002710042463e-06
URIDINE	6353	HMDB	HMDB0000296_32_shen	Uridine	inchikey	1	TRUE	TRUE	2.20001084016985e-09	5.50002710042463e-06
URIDINE	6354	HMDB	HMDB0000296_33_shen	Uridine	inchikey	1	TRUE	TRUE	2.20001084016985e-09	5.50002710042463e-06
URIDINE	6355	HMDB	HMDB0000296_34_shen	Uridine	inchikey	1	TRUE	TRUE	2.20001084016985e-09	5.50002710042463e-06
URIDINE	6356	HMDB	HMDB0000296_35_shen	Uridine	inchikey	1	TRUE	TRUE	2.20001084016985e-09	5.50002710042463e-06
URIDINE	6357	HMDB	HMDB0000296_36_shen	Uridine	inchikey	1	TRUE	TRUE	2.20001084016985e-09	5.50002710042463e-06
URIDINE	6358	HMDB	HMDB0000296_37_shen	Uridine	inchikey	1	TRUE	TRUE	2.20001084016985e-09	5.50002710042463e-06
URIDINE	6359	HMDB	HMDB0000296_38_shen	Uridine	inchikey	1	TRUE	TRUE	2.20001084016985e-09	5.50002710042463e-06
URIDINE	6360	HMDB	HMDB0000296_39_shen	Uridine	inchikey	1	TRUE	TRUE	2.20001084016985e-09	5.50002710042463e-06
URIDINE	6361	HMDB	HMDB0000296_40_shen	Uridine	inchikey	1	TRUE	TRUE	2.20001084016985e-09	5.50002710042463e-06
URIDINE	6362	HMDB	HMDB0000296_41_shen	Uridine	inchikey	1	TRUE	TRUE	2.20001084016985e-09	5.50002710042463e-06
URIDINE	6363	HMDB	HMDB0000296_42_shen	Uridine	inchikey	1	TRUE	TRUE	2.20001084016985e-09	5.50002710042463e-06
URIDINE	6364	HMDB	HMDB0000296_43_shen	Uridine	inchikey	1	TRUE	TRUE	2.20001084016985e-09	5.50002710042463e-06
URIDINE	6365	HMDB	HMDB0000296_44_shen	Uridine	inchikey	1	TRUE	TRUE	2.20001084016985e-09	5.50002710042463e-06
URIDINE	6366	HMDB	HMDB0000296_45_shen	Uridine	inchikey	1	TRUE	TRUE	2.20001084016985e-09	5.50002710042463e-06
URIDINE	6367	HMDB	HMDB0000296_46_shen	Uridine	inchikey	1	TRUE	TRUE	2.20001084016985e-09	5.50002710042463e-06
URIDINE	6368	HMDB	HMDB0000296_47_shen	Uridine	inchikey	1	TRUE	TRUE	2.20001084016985e-09	5.50002710042463e-06
URIDINE	6369	HMDB	HMDB0000296_48_shen	Uridine	inchikey	1	TRUE	TRUE	2.20001084016985e-09	5.50002710042463e-06
URIDINE	6370	HMDB	HMDB0000296_49_shen	Uridine	inchikey	1	TRUE	TRUE	2.20001084016985e-09	5.50002710042463e-06
URIDINE	6371	HMDB	HMDB0000296_50_shen	Uridine	inchikey	1	TRUE	TRUE	2.20001084016985e-09	5.50002710042463e-06
URIDINE	6372	HMDB	HMDB0000296_51_shen	Uridine	inchikey	1	TRUE	TRUE	2.20001084016985e-09	5.50002710042463e-06
URIDINE	6373	HMDB	HMDB0000296_52_shen	Uridine	inchikey	1	TRUE	TRUE	2.20001084016985e-09	5.50002710042463e-06
URIDINE	6374	HMDB	HMDB0000296_53_shen	Uridine	inchikey	1	TRUE	TRUE	2.20001084016985e-09	5.50002710042463e-06
URIDINE	6375	HMDB	HMDB0000296_54_shen	Uridine	inchikey	1	TRUE	TRUE	2.20001084016985e-09	5.50002710042463e-06
URIDINE	6376	HMDB	HMDB0000296_55_shen	Uridine	inchikey	1	TRUE	TRUE	2.20001084016985e-09	5.50002710042463e-06
URIDINE	6377	HMDB	HMDB0000296_56_shen	Uridine	inchikey	1	TRUE	TRUE	2.20001084016985e-09	5.50002710042463e-06
URIDINE	6378	HMDB	HMDB0000296_57_shen	Uridine	inchikey	1	TRUE	TRUE	2.20001084016985e-09	5.50002710042463e-06
URIDINE	6379	HMDB	HMDB0000296_58_shen	Uridine	inchikey	1	TRUE	TRUE	2.20001084016985e-09	5.50002710042463e-06
URIDINE	6380	HMDB	HMDB0000296_59_shen	Uridine	inchikey	1	TRUE	TRUE	2.20001084016985e-09	5.50002710042463e-06
URIDINE	6381	HMDB	HMDB0000296_60_shen	Uridine	inchikey	1	TRUE	TRUE	2.20001084016985e-09	5.50002710042463e-06
URIDINE	6382	HMDB	HMDB0000296_61_shen	Uridine	inchikey	1	TRUE	TRUE	2.20001084016985e-09	5.50002710042463e-06
URIDINE	6383	HMDB	HMDB0000296_62_shen	Uridine	inchikey	1	TRUE	TRUE	2.20001084016985e-09	5.50002710042463e-06
URIDINE	6384	HMDB	HMDB0000296_63_shen	Uridine	inchikey	1	TRUE	TRUE	2.20001084016985e-09	5.50002710042463e-06
URIDINE	6385	HMDB	HMDB0000296_64_shen	Uridine	inchikey	1	TRUE	TRUE	2.20001084016985e-09	5.50002710042463e-06
URIDINE	6386	HMDB	HMDB0000296_65_shen	Uridine	inchikey	1	TRUE	TRUE	2.20001084016985e-09	5.50002710042463e-06
URIDINE	6387	HMDB	HMDB0000296_66_shen	Uridine	inchikey	1	TRUE	TRUE	2.20001084016985e-09	5.50002710042463e-06
URIDINE	6388	HMDB	HMDB0000296_67_shen	Uridine	inchikey	1	TRUE	TRUE	2.20001084016985e-09	5.50002710042463e-06
URIDINE	6389	HMDB	HMDB0000296_68_shen	Uridine	inchikey	1	TRUE	TRUE	2.20001084016985e-09	5.50002710042463e-06
URIDINE	6390	HMDB	HMDB0000296_69_shen	Uridine	inchikey	1	TRUE	TRUE	2.20001084016985e-09	5.50002710042463e-06
URIDINE	6391	HMDB	HMDB0000296_70_shen	Uridine	inchikey	1	TRUE	TRUE	2.20001084016985e-09	5.50002710042463e-06
URIDINE	6392	HMDB	HMDB0000296_71_shen	Uridine	inchikey	1	TRUE	TRUE	2.20001084016985e-09	5.50002710042463e-06
URIDINE	6393	HMDB	HMDB0000296_72_shen	Uridine	inchikey	1	TRUE	TRUE	2.20001084016985e-09	5.50002710042463e-06
URIDINE	6394	HMDB	HMDB0000296_73_shen	Uridine	inchikey	1	TRUE	TRUE	2.20001084016985e-09	5.50002710042463e-06
URIDINE	6395	HMDB	HMDB0000296_74_shen	Uridine	inchikey	1	TRUE	TRUE	2.20001084016985e-09	5.50002710042463e-06
URIDINE	6396	HMDB	HMDB0000296_75_shen	Uridine	inchikey	1	TRUE	TRUE	2.20001084016985e-09	5.50002710042463e-06
URIDINE	6397	HMDB	HMDB0000296_76_shen	Uridine	inchikey	1	TRUE	TRUE	2.20001084016985e-09	5.50002710042463e-06
URIDINE	6398	HMDB	HMDB0000296_77_shen	Uridine	inchikey	1	TRUE	TRUE	2.20001084016985e-09	5.50002710042463e-06
URIDINE	6399	HMDB	HMDB0000296_78_shen	Uridine	inchikey	1	TRUE	TRUE	2.20001084016985e-09	5.50002710042463e-06
URIDINE	6400	HMDB	HMDB0000296_79_shen	Uridine	inchikey	1	TRUE	TRUE	2.20001084016985e-09	5.50002710042463e-06
URIDINE	6401	HMDB	HMDB0000296_80_shen	Uridine	inchikey	1	TRUE	TRUE	2.20001084016985e-09	5.50002710042463e-06
URIDINE	6402	HMDB	HMDB0000296_81_shen	Uridine	inchikey	1	TRUE	TRUE	2.20001084016985e-09	5.50002710042463e-06
URIDINE	6403	HMDB	HMDB0000296_82_shen	Uridine	inchikey	1	TRUE	TRUE	2.20001084016985e-09	5.50002710042463e-06
URIDINE	6404	HMDB	HMDB0000296_83_shen	Uridine	inchikey	1	TRUE	TRUE	2.20001084016985e-09	5.50002710042463e-06
URIDINE	6405	HMDB	HMDB0000296_84_shen	Uridine	inchikey	1	TRUE	TRUE	2.20001084016985e-09	5.50002710042463e-06
URIDINE	6406	HMDB	HMDB0000296_85_shen	Uridine	inchikey	1	TRUE	TRUE	2.20001084016985e-09	5.50002710042463e-06
URIDINE	6407	HMDB	HMDB0000296_86_shen	Uridine	inchikey	1	TRUE	TRUE	2.20001084016985e-09	5.50002710042463e-06
URIDINE	6408	HMDB	HMDB0000296_87_shen	Uridine	inchikey	1	TRUE	TRUE	2.20001084016985e-09	5.50002710042463e-06
URIDINE	6409	HMDB	HMDB0000296_88_shen	Uridine	inchikey	1	TRUE	TRUE	2.20001084016985e-09	5.50002710042463e-06
XANTHOSINE	6410	HMDB	HMDB0000299_1_shen	Xanthosine	inchikey	1	TRUE	TRUE	2.60001797869336e-09	6.5000449467334e-06
XANTHOSINE	6411	HMDB	HMDB0000299_2_shen	Xanthosine	inchikey	1	TRUE	TRUE	2.60001797869336e-09	6.5000449467334e-06
XANTHOSINE	6412	HMDB	HMDB0000299_3_shen	Xanthosine	inchikey	1	TRUE	TRUE	2.60001797869336e-09	6.5000449467334e-06
XANTHOSINE	6413	HMDB	HMDB0000299_4_shen	Xanthosine	inchikey	1	TRUE	TRUE	2.60001797869336e-09	6.5000449467334e-06
XANTHOSINE	6414	HMDB	HMDB0000299_5_shen	Xanthosine	inchikey	1	TRUE	TRUE	2.60001797869336e-09	6.5000449467334e-06
XANTHOSINE	6415	HMDB	HMDB0000299_6_shen	Xanthosine	inchikey	1	TRUE	TRUE	2.60001797869336e-09	6.5000449467334e-06
XANTHOSINE	6416	HMDB	HMDB0000299_7_shen	Xanthosine	inchikey	1	TRUE	TRUE	2.60001797869336e-09	6.5000449467334e-06
XANTHOSINE	6417	HMDB	HMDB0000299_8_shen	Xanthosine	inchikey	1	TRUE	TRUE	2.60001797869336e-09	6.5000449467334e-06
XANTHOSINE	6418	HMDB	HMDB0000299_9_shen	Xanthosine	inchikey	1	TRUE	TRUE	2.60001797869336e-09	6.5000449467334e-06
XANTHOSINE	6419	HMDB	HMDB0000299_10_shen	Xanthosine	inchikey	1	TRUE	TRUE	2.60001797869336e-09	6.5000449467334e-06
XANTHOSINE	6420	HMDB	HMDB0000299_11_shen	Xanthosine	inchikey	1	TRUE	TRUE	2.60001797869336e-09	6.5000449467334e-06
XANTHOSINE	6421	HMDB	HMDB0000299_12_shen	Xanthosine	inchikey	1	TRUE	TRUE	2.60001797869336e-09	6.5000449467334e-06
XANTHOSINE	6422	HMDB	HMDB0000299_13_shen	Xanthosine	inchikey	1	TRUE	TRUE	2.60001797869336e-09	6.5000449467334e-06
XANTHOSINE	6423	HMDB	HMDB0000299_14_shen	Xanthosine	inchikey	1	TRUE	TRUE	2.60001797869336e-09	6.5000449467334e-06
XANTHOSINE	6424	HMDB	HMDB0000299_15_shen	Xanthosine	inchikey	1	TRUE	TRUE	2.60001797869336e-09	6.5000449467334e-06
XANTHOSINE	6425	HMDB	HMDB0000299_16_shen	Xanthosine	inchikey	1	TRUE	TRUE	2.60001797869336e-09	6.5000449467334e-06
XANTHOSINE	6426	HMDB	HMDB0000299_17_shen	Xanthosine	inchikey	1	TRUE	TRUE	2.60001797869336e-09	6.5000449467334e-06
XANTHOSINE	6427	HMDB	HMDB0000299_18_shen	Xanthosine	inchikey	1	TRUE	TRUE	2.60001797869336e-09	6.5000449467334e-06
XANTHOSINE	6428	HMDB	HMDB0000299_19_shen	Xanthosine	inchikey	1	TRUE	TRUE	2.60001797869336e-09	6.5000449467334e-06
XANTHOSINE	6429	HMDB	HMDB0000299_20_shen	Xanthosine	inchikey	1	TRUE	TRUE	2.60001797869336e-09	6.5000449467334e-06
XANTHOSINE	6430	HMDB	HMDB0000299_21_shen	Xanthosine	inchikey	1	TRUE	TRUE	2.60001797869336e-09	6.5000449467334e-06
XANTHOSINE	6431	HMDB	HMDB0000299_22_shen	Xanthosine	inchikey	1	TRUE	TRUE	2.60001797869336e-09	6.5000449467334e-06
XANTHOSINE	6432	HMDB	HMDB0000299_23_shen	Xanthosine	inchikey	1	TRUE	TRUE	2.60001797869336e-09	6.5000449467334e-06
XANTHOSINE	6433	HMDB	HMDB0000299_24_shen	Xanthosine	inchikey	1	TRUE	TRUE	2.60001797869336e-09	6.5000449467334e-06
XANTHOSINE	6434	HMDB	HMDB0000299_25_shen	Xanthosine	inchikey	1	TRUE	TRUE	2.60001797869336e-09	6.5000449467334e-06
XANTHOSINE	6435	HMDB	HMDB0000299_26_shen	Xanthosine	inchikey	1	TRUE	TRUE	2.60001797869336e-09	6.5000449467334e-06
XANTHOSINE	6436	HMDB	HMDB0000299_27_shen	Xanthosine	inchikey	1	TRUE	TRUE	2.60001797869336e-09	6.5000449467334e-06
XANTHOSINE	6437	HMDB	HMDB0000299_28_shen	Xanthosine	inchikey	1	TRUE	TRUE	2.60001797869336e-09	6.5000449467334e-06
XANTHOSINE	6438	HMDB	HMDB0000299_29_shen	Xanthosine	inchikey	1	TRUE	TRUE	2.60001797869336e-09	6.5000449467334e-06
XANTHOSINE	6439	HMDB	HMDB0000299_30_shen	Xanthosine	inchikey	1	TRUE	TRUE	2.60001797869336e-09	6.5000449467334e-06
XANTHOSINE	6440	HMDB	HMDB0000299_31_shen	Xanthosine	inchikey	1	TRUE	TRUE	2.60001797869336e-09	6.5000449467334e-06
XANTHOSINE	6441	HMDB	HMDB0000299_32_shen	Xanthosine	inchikey	1	TRUE	TRUE	2.60001797869336e-09	6.5000449467334e-06
XANTHOSINE	6442	HMDB	HMDB0000299_33_shen	Xanthosine	inchikey	1	TRUE	TRUE	2.60001797869336e-09	6.5000449467334e-06
XANTHOSINE	6443	HMDB	HMDB0000299_34_shen	Xanthosine	inchikey	1	TRUE	TRUE	2.60001797869336e-09	6.5000449467334e-06
XANTHOSINE	6444	HMDB	HMDB0000299_35_shen	Xanthosine	inchikey	1	TRUE	TRUE	2.60001797869336e-09	6.5000449467334e-06
URACIL	6445	HMDB	HMDB0000300_1_shen	Uracil	inchikey	1	TRUE	TRUE	1.00000363545405e-09	2.50000908863512e-06
URACIL	6446	HMDB	HMDB0000300_2_shen	Uracil	inchikey	1	TRUE	TRUE	1.00000363545405e-09	2.50000908863512e-06
URACIL	6447	HMDB	HMDB0000300_3_shen	Uracil	inchikey	1	TRUE	TRUE	1.00000363545405e-09	2.50000908863512e-06
URACIL	6448	HMDB	HMDB0000300_4_shen	Uracil	inchikey	1	TRUE	TRUE	1.00000363545405e-09	2.50000908863512e-06
URACIL	6449	HMDB	HMDB0000300_5_shen	Uracil	inchikey	1	TRUE	TRUE	1.00000363545405e-09	2.50000908863512e-06
URACIL	6450	HMDB	HMDB0000300_6_shen	Uracil	inchikey	1	TRUE	TRUE	1.00000363545405e-09	2.50000908863512e-06
URACIL	6451	HMDB	HMDB0000300_7_shen	Uracil	inchikey	1	TRUE	TRUE	1.00000363545405e-09	2.50000908863512e-06
URACIL	6452	HMDB	HMDB0000300_8_shen	Uracil	inchikey	1	TRUE	TRUE	1.00000363545405e-09	2.50000908863512e-06
URACIL	6453	HMDB	HMDB0000300_9_shen	Uracil	inchikey	1	TRUE	TRUE	1.00000363545405e-09	2.50000908863512e-06
URACIL	6454	HMDB	HMDB0000300_10_shen	Uracil	inchikey	1	TRUE	TRUE	1.00000363545405e-09	2.50000908863512e-06
URACIL	6455	HMDB	HMDB0000300_11_shen	Uracil	inchikey	1	TRUE	TRUE	1.00000363545405e-09	2.50000908863512e-06
URACIL	6456	HMDB	HMDB0000300_12_shen	Uracil	inchikey	1	TRUE	TRUE	1.00000363545405e-09	2.50000908863512e-06
URACIL	6457	HMDB	HMDB0000300_13_shen	Uracil	inchikey	1	TRUE	TRUE	1.00000363545405e-09	2.50000908863512e-06
URACIL	6458	HMDB	HMDB0000300_14_shen	Uracil	inchikey	1	TRUE	TRUE	1.00000363545405e-09	2.50000908863512e-06
URACIL	6459	HMDB	HMDB0000300_15_shen	Uracil	inchikey	1	TRUE	TRUE	1.00000363545405e-09	2.50000908863512e-06
URACIL	6460	HMDB	HMDB0000300_16_shen	Uracil	inchikey	1	TRUE	TRUE	1.00000363545405e-09	2.50000908863512e-06
URACIL	6461	HMDB	HMDB0000300_17_shen	Uracil	inchikey	1	TRUE	TRUE	1.00000363545405e-09	2.50000908863512e-06
URACIL	6462	HMDB	HMDB0000300_18_shen	Uracil	inchikey	1	TRUE	TRUE	1.00000363545405e-09	2.50000908863512e-06
URACIL	6463	HMDB	HMDB0000300_19_shen	Uracil	inchikey	1	TRUE	TRUE	1.00000363545405e-09	2.50000908863512e-06
URACIL	6464	HMDB	HMDB0000300_20_shen	Uracil	inchikey	1	TRUE	TRUE	1.00000363545405e-09	2.50000908863512e-06
URACIL	6465	HMDB	HMDB0000300_21_shen	Uracil	inchikey	1	TRUE	TRUE	1.00000363545405e-09	2.50000908863512e-06
URACIL	6466	HMDB	HMDB0000300_22_shen	Uracil	inchikey	1	TRUE	TRUE	1.00000363545405e-09	2.50000908863512e-06
URACIL	6467	HMDB	HMDB0000300_23_shen	Uracil	inchikey	1	TRUE	TRUE	1.00000363545405e-09	2.50000908863512e-06
URACIL	6468	HMDB	HMDB0000300_24_shen	Uracil	inchikey	1	TRUE	TRUE	1.00000363545405e-09	2.50000908863512e-06
URACIL	6469	HMDB	HMDB0000300_25_shen	Uracil	inchikey	1	TRUE	TRUE	1.00000363545405e-09	2.50000908863512e-06
URACIL	6470	HMDB	HMDB0000300_26_shen	Uracil	inchikey	1	TRUE	TRUE	1.00000363545405e-09	2.50000908863512e-06
URACIL	6471	HMDB	HMDB0000300_27_shen	Uracil	inchikey	1	TRUE	TRUE	1.00000363545405e-09	2.50000908863512e-06
URACIL	6472	HMDB	HMDB0000300_28_shen	Uracil	inchikey	1	TRUE	TRUE	1.00000363545405e-09	2.50000908863512e-06
URACIL	6473	HMDB	HMDB0000300_29_shen	Uracil	inchikey	1	TRUE	TRUE	1.00000363545405e-09	2.50000908863512e-06
URACIL	6474	HMDB	HMDB0000300_30_shen	Uracil	inchikey	1	TRUE	TRUE	1.00000363545405e-09	2.50000908863512e-06
URACIL	6475	HMDB	HMDB0000300_31_shen	Uracil	inchikey	1	TRUE	TRUE	1.00000363545405e-09	2.50000908863512e-06
URACIL	6476	HMDB	HMDB0000300_32_shen	Uracil	inchikey	1	TRUE	TRUE	1.00000363545405e-09	2.50000908863512e-06
URACIL	6477	HMDB	HMDB0000300_33_shen	Uracil	inchikey	1	TRUE	TRUE	1.00000363545405e-09	2.50000908863512e-06
CPD-14553	6523	HMDB	HMDB0000302_1_shen	Uridine diphosphategalactose	inchikey_connectivity_formula_mass	2	FALSE	TRUE	4.99994712299667e-10	8.83297019372968e-07
CPD-14553	6524	HMDB	HMDB0000302_2_shen	Uridine diphosphategalactose	inchikey_connectivity_formula_mass	2	FALSE	TRUE	4.99994712299667e-10	8.83297019372968e-07
CPD-14553	6525	HMDB	HMDB0000302_3_shen	Uridine diphosphategalactose	inchikey_connectivity_formula_mass	2	FALSE	TRUE	4.99994712299667e-10	8.83297019372968e-07
CPD-14553	6526	HMDB	HMDB0000302_4_shen	Uridine diphosphategalactose	inchikey_connectivity_formula_mass	2	FALSE	TRUE	4.99994712299667e-10	8.83297019372968e-07
CPD-14553	6527	HMDB	HMDB0000302_5_shen	Uridine diphosphategalactose	inchikey_connectivity_formula_mass	2	FALSE	TRUE	4.99994712299667e-10	8.83297019372968e-07
TRYPTAMINE	6528	HMDB	HMDB0000303_1_shen	Tryptamine	inchikey_connectivity_formula_mass	2	FALSE	TRUE	1.60000013238459e-09	4.00000033096148e-06
TRYPTAMINE	6529	HMDB	HMDB0000303_2_shen	Tryptamine	inchikey_connectivity_formula_mass	2	FALSE	TRUE	1.60000013238459e-09	4.00000033096148e-06
TRYPTAMINE	6530	HMDB	HMDB0000303_3_shen	Tryptamine	inchikey_connectivity_formula_mass	2	FALSE	TRUE	1.60000013238459e-09	4.00000033096148e-06
TRYPTAMINE	6531	HMDB	HMDB0000303_4_shen	Tryptamine	inchikey_connectivity_formula_mass	2	FALSE	TRUE	1.60000013238459e-09	4.00000033096148e-06
TRYPTAMINE	6532	HMDB	HMDB0000303_5_shen	Tryptamine	inchikey_connectivity_formula_mass	2	FALSE	TRUE	1.60000013238459e-09	4.00000033096148e-06
TRYPTAMINE	6533	HMDB	HMDB0000303_6_shen	Tryptamine	inchikey_connectivity_formula_mass	2	FALSE	TRUE	1.60000013238459e-09	4.00000033096148e-06
TRYPTAMINE	6534	HMDB	HMDB0000303_7_shen	Tryptamine	inchikey_connectivity_formula_mass	2	FALSE	TRUE	1.60000013238459e-09	4.00000033096148e-06
TRYPTAMINE	6535	HMDB	HMDB0000303_8_shen	Tryptamine	inchikey_connectivity_formula_mass	2	FALSE	TRUE	1.60000013238459e-09	4.00000033096148e-06
TRYPTAMINE	6536	HMDB	HMDB0000303_9_shen	Tryptamine	inchikey_connectivity_formula_mass	2	FALSE	TRUE	1.60000013238459e-09	4.00000033096148e-06
TRYPTAMINE	6537	HMDB	HMDB0000303_10_shen	Tryptamine	inchikey_connectivity_formula_mass	2	FALSE	TRUE	1.60000013238459e-09	4.00000033096148e-06
TRYPTAMINE	6538	HMDB	HMDB0000303_11_shen	Tryptamine	inchikey_connectivity_formula_mass	2	FALSE	TRUE	1.60000013238459e-09	4.00000033096148e-06
TRYPTAMINE	6539	HMDB	HMDB0000303_12_shen	Tryptamine	inchikey_connectivity_formula_mass	2	FALSE	TRUE	1.60000013238459e-09	4.00000033096148e-06
TRYPTAMINE	6540	HMDB	HMDB0000303_13_shen	Tryptamine	inchikey_connectivity_formula_mass	2	FALSE	TRUE	1.60000013238459e-09	4.00000033096148e-06
TRYPTAMINE	6541	HMDB	HMDB0000303_14_shen	Tryptamine	inchikey_connectivity_formula_mass	2	FALSE	TRUE	1.60000013238459e-09	4.00000033096148e-06
TRYPTAMINE	6542	HMDB	HMDB0000303_15_shen	Tryptamine	inchikey_connectivity_formula_mass	2	FALSE	TRUE	1.60000013238459e-09	4.00000033096148e-06
TRYPTAMINE	6543	HMDB	HMDB0000303_16_shen	Tryptamine	inchikey_connectivity_formula_mass	2	FALSE	TRUE	1.60000013238459e-09	4.00000033096148e-06
TRYPTAMINE	6544	HMDB	HMDB0000303_17_shen	Tryptamine	inchikey_connectivity_formula_mass	2	FALSE	TRUE	1.60000013238459e-09	4.00000033096148e-06
TRYPTAMINE	6545	HMDB	HMDB0000303_18_shen	Tryptamine	inchikey_connectivity_formula_mass	2	FALSE	TRUE	1.60000013238459e-09	4.00000033096148e-06
TRYPTAMINE	6546	HMDB	HMDB0000303_19_shen	Tryptamine	inchikey_connectivity_formula_mass	2	FALSE	TRUE	1.60000013238459e-09	4.00000033096148e-06
TRYPTAMINE	6547	HMDB	HMDB0000303_20_shen	Tryptamine	inchikey_connectivity_formula_mass	2	FALSE	TRUE	1.60000013238459e-09	4.00000033096148e-06
TRYPTAMINE	6548	HMDB	HMDB0000303_21_shen	Tryptamine	inchikey_connectivity_formula_mass	2	FALSE	TRUE	1.60000013238459e-09	4.00000033096148e-06
TRYPTAMINE	6549	HMDB	HMDB0000303_22_shen	Tryptamine	inchikey_connectivity_formula_mass	2	FALSE	TRUE	1.60000013238459e-09	4.00000033096148e-06
TRYPTAMINE	6550	HMDB	HMDB0000303_23_shen	Tryptamine	inchikey_connectivity_formula_mass	2	FALSE	TRUE	1.60000013238459e-09	4.00000033096148e-06
TRYPTAMINE	6551	HMDB	HMDB0000303_24_shen	Tryptamine	inchikey_connectivity_formula_mass	2	FALSE	TRUE	1.60000013238459e-09	4.00000033096148e-06
TRYPTAMINE	6552	HMDB	HMDB0000303_25_shen	Tryptamine	inchikey_connectivity_formula_mass	2	FALSE	TRUE	1.60000013238459e-09	4.00000033096148e-06
TRYPTAMINE	6553	HMDB	HMDB0000303_26_shen	Tryptamine	inchikey_connectivity_formula_mass	2	FALSE	TRUE	1.60000013238459e-09	4.00000033096148e-06
TRYPTAMINE	6554	HMDB	HMDB0000303_27_shen	Tryptamine	inchikey_connectivity_formula_mass	2	FALSE	TRUE	1.60000013238459e-09	4.00000033096148e-06
TRYPTAMINE	6555	HMDB	HMDB0000303_28_shen	Tryptamine	inchikey_connectivity_formula_mass	2	FALSE	TRUE	1.60000013238459e-09	4.00000033096148e-06
TRYPTAMINE	6556	HMDB	HMDB0000303_29_shen	Tryptamine	inchikey_connectivity_formula_mass	2	FALSE	TRUE	1.60000013238459e-09	4.00000033096148e-06
TRYPTAMINE	6557	HMDB	HMDB0000303_30_shen	Tryptamine	inchikey_connectivity_formula_mass	2	FALSE	TRUE	1.60000013238459e-09	4.00000033096148e-06
Retinols	6563	HMDB	HMDB0000305_1_shen	Vitamin A	name_formula_mass	4	TRUE	TRUE	3.10001269099303e-09	7.75003172748256e-06
Retinols	6564	HMDB	HMDB0000305_2_shen	Vitamin A	name_formula_mass	4	TRUE	TRUE	3.10001269099303e-09	7.75003172748256e-06
Retinols	6565	HMDB	HMDB0000305_3_shen	Vitamin A	name_formula_mass	4	TRUE	TRUE	3.10001269099303e-09	7.75003172748256e-06
TYRAMINE	6566	HMDB	HMDB0000306_1_shen	Tyramine	inchikey_connectivity_formula_mass	2	FALSE	TRUE	1.39999656312284e-09	3.4999914078071e-06
TYRAMINE	6567	HMDB	HMDB0000306_2_shen	Tyramine	inchikey_connectivity_formula_mass	2	FALSE	TRUE	1.39999656312284e-09	3.4999914078071e-06
TYRAMINE	6568	HMDB	HMDB0000306_3_shen	Tyramine	inchikey_connectivity_formula_mass	2	FALSE	TRUE	1.39999656312284e-09	3.4999914078071e-06
TYRAMINE	6569	HMDB	HMDB0000306_4_shen	Tyramine	inchikey_connectivity_formula_mass	2	FALSE	TRUE	1.39999656312284e-09	3.4999914078071e-06
TYRAMINE	6570	HMDB	HMDB0000306_5_shen	Tyramine	inchikey_connectivity_formula_mass	2	FALSE	TRUE	1.39999656312284e-09	3.4999914078071e-06
TYRAMINE	6571	HMDB	HMDB0000306_6_shen	Tyramine	inchikey_connectivity_formula_mass	2	FALSE	TRUE	1.39999656312284e-09	3.4999914078071e-06
TYRAMINE	6572	HMDB	HMDB0000306_7_shen	Tyramine	inchikey_connectivity_formula_mass	2	FALSE	TRUE	1.39999656312284e-09	3.4999914078071e-06
TYRAMINE	6573	HMDB	HMDB0000306_8_shen	Tyramine	inchikey_connectivity_formula_mass	2	FALSE	TRUE	1.39999656312284e-09	3.4999914078071e-06
TYRAMINE	6574	HMDB	HMDB0000306_9_shen	Tyramine	inchikey_connectivity_formula_mass	2	FALSE	TRUE	1.39999656312284e-09	3.4999914078071e-06
TYRAMINE	6575	HMDB	HMDB0000306_10_shen	Tyramine	inchikey_connectivity_formula_mass	2	FALSE	TRUE	1.39999656312284e-09	3.4999914078071e-06
TYRAMINE	6576	HMDB	HMDB0000306_11_shen	Tyramine	inchikey_connectivity_formula_mass	2	FALSE	TRUE	1.39999656312284e-09	3.4999914078071e-06
TYRAMINE	6577	HMDB	HMDB0000306_12_shen	Tyramine	inchikey_connectivity_formula_mass	2	FALSE	TRUE	1.39999656312284e-09	3.4999914078071e-06
TYRAMINE	6578	HMDB	HMDB0000306_13_shen	Tyramine	inchikey_connectivity_formula_mass	2	FALSE	TRUE	1.39999656312284e-09	3.4999914078071e-06
TYRAMINE	6579	HMDB	HMDB0000306_14_shen	Tyramine	inchikey_connectivity_formula_mass	2	FALSE	TRUE	1.39999656312284e-09	3.4999914078071e-06
TYRAMINE	6580	HMDB	HMDB0000306_15_shen	Tyramine	inchikey_connectivity_formula_mass	2	FALSE	TRUE	1.39999656312284e-09	3.4999914078071e-06
TYRAMINE	6581	HMDB	HMDB0000306_16_shen	Tyramine	inchikey_connectivity_formula_mass	2	FALSE	TRUE	1.39999656312284e-09	3.4999914078071e-06
TYRAMINE	6582	HMDB	HMDB0000306_17_shen	Tyramine	inchikey_connectivity_formula_mass	2	FALSE	TRUE	1.39999656312284e-09	3.4999914078071e-06
TYRAMINE	6583	HMDB	HMDB0000306_18_shen	Tyramine	inchikey_connectivity_formula_mass	2	FALSE	TRUE	1.39999656312284e-09	3.4999914078071e-06
TYRAMINE	6584	HMDB	HMDB0000306_19_shen	Tyramine	inchikey_connectivity_formula_mass	2	FALSE	TRUE	1.39999656312284e-09	3.4999914078071e-06
TYRAMINE	6585	HMDB	HMDB0000306_20_shen	Tyramine	inchikey_connectivity_formula_mass	2	FALSE	TRUE	1.39999656312284e-09	3.4999914078071e-06
TYRAMINE	6586	HMDB	HMDB0000306_21_shen	Tyramine	inchikey_connectivity_formula_mass	2	FALSE	TRUE	1.39999656312284e-09	3.4999914078071e-06
TYRAMINE	6587	HMDB	HMDB0000306_22_shen	Tyramine	inchikey_connectivity_formula_mass	2	FALSE	TRUE	1.39999656312284e-09	3.4999914078071e-06
TYRAMINE	6588	HMDB	HMDB0000306_23_shen	Tyramine	inchikey_connectivity_formula_mass	2	FALSE	TRUE	1.39999656312284e-09	3.4999914078071e-06
TYRAMINE	6589	HMDB	HMDB0000306_24_shen	Tyramine	inchikey_connectivity_formula_mass	2	FALSE	TRUE	1.39999656312284e-09	3.4999914078071e-06
TYRAMINE	6590	HMDB	HMDB0000306_25_shen	Tyramine	inchikey_connectivity_formula_mass	2	FALSE	TRUE	1.39999656312284e-09	3.4999914078071e-06
TYRAMINE	6591	HMDB	HMDB0000306_26_shen	Tyramine	inchikey_connectivity_formula_mass	2	FALSE	TRUE	1.39999656312284e-09	3.4999914078071e-06
TYRAMINE	6592	HMDB	HMDB0000306_27_shen	Tyramine	inchikey_connectivity_formula_mass	2	FALSE	TRUE	1.39999656312284e-09	3.4999914078071e-06
TYRAMINE	6593	HMDB	HMDB0000306_28_shen	Tyramine	inchikey_connectivity_formula_mass	2	FALSE	TRUE	1.39999656312284e-09	3.4999914078071e-06
TYRAMINE	6594	HMDB	HMDB0000306_29_shen	Tyramine	inchikey_connectivity_formula_mass	2	FALSE	TRUE	1.39999656312284e-09	3.4999914078071e-06
TYRAMINE	6595	HMDB	HMDB0000306_30_shen	Tyramine	inchikey_connectivity_formula_mass	2	FALSE	TRUE	1.39999656312284e-09	3.4999914078071e-06
TYRAMINE	6596	HMDB	HMDB0000306_31_shen	Tyramine	inchikey_connectivity_formula_mass	2	FALSE	TRUE	1.39999656312284e-09	3.4999914078071e-06
TYRAMINE	6597	HMDB	HMDB0000306_32_shen	Tyramine	inchikey_connectivity_formula_mass	2	FALSE	TRUE	1.39999656312284e-09	3.4999914078071e-06
TYRAMINE	6598	HMDB	HMDB0000306_33_shen	Tyramine	inchikey_connectivity_formula_mass	2	FALSE	TRUE	1.39999656312284e-09	3.4999914078071e-06
TYRAMINE	6599	HMDB	HMDB0000306_34_shen	Tyramine	inchikey_connectivity_formula_mass	2	FALSE	TRUE	1.39999656312284e-09	3.4999914078071e-06
TYRAMINE	6600	HMDB	HMDB0000306_35_shen	Tyramine	inchikey_connectivity_formula_mass	2	FALSE	TRUE	1.39999656312284e-09	3.4999914078071e-06
TYRAMINE	6601	HMDB	HMDB0000306_36_shen	Tyramine	inchikey_connectivity_formula_mass	2	FALSE	TRUE	1.39999656312284e-09	3.4999914078071e-06
TYRAMINE	6602	HMDB	HMDB0000306_37_shen	Tyramine	inchikey_connectivity_formula_mass	2	FALSE	TRUE	1.39999656312284e-09	3.4999914078071e-06
TYRAMINE	6603	HMDB	HMDB0000306_38_shen	Tyramine	inchikey_connectivity_formula_mass	2	FALSE	TRUE	1.39999656312284e-09	3.4999914078071e-06
TYRAMINE	6604	HMDB	HMDB0000306_39_shen	Tyramine	inchikey_connectivity_formula_mass	2	FALSE	TRUE	1.39999656312284e-09	3.4999914078071e-06
TYRAMINE	6605	HMDB	HMDB0000306_40_shen	Tyramine	inchikey_connectivity_formula_mass	2	FALSE	TRUE	1.39999656312284e-09	3.4999914078071e-06
TYRAMINE	6606	HMDB	HMDB0000306_41_shen	Tyramine	inchikey_connectivity_formula_mass	2	FALSE	TRUE	1.39999656312284e-09	3.4999914078071e-06
TYRAMINE	6607	HMDB	HMDB0000306_42_shen	Tyramine	inchikey_connectivity_formula_mass	2	FALSE	TRUE	1.39999656312284e-09	3.4999914078071e-06
TYRAMINE	6608	HMDB	HMDB0000306_43_shen	Tyramine	inchikey_connectivity_formula_mass	2	FALSE	TRUE	1.39999656312284e-09	3.4999914078071e-06
TYRAMINE	6609	HMDB	HMDB0000306_44_shen	Tyramine	inchikey_connectivity_formula_mass	2	FALSE	TRUE	1.39999656312284e-09	3.4999914078071e-06
TYRAMINE	6610	HMDB	HMDB0000306_45_shen	Tyramine	inchikey_connectivity_formula_mass	2	FALSE	TRUE	1.39999656312284e-09	3.4999914078071e-06
TYRAMINE	6611	HMDB	HMDB0000306_46_shen	Tyramine	inchikey_connectivity_formula_mass	2	FALSE	TRUE	1.39999656312284e-09	3.4999914078071e-06
TYRAMINE	6612	HMDB	HMDB0000306_47_shen	Tyramine	inchikey_connectivity_formula_mass	2	FALSE	TRUE	1.39999656312284e-09	3.4999914078071e-06
TYRAMINE	6613	HMDB	HMDB0000306_48_shen	Tyramine	inchikey_connectivity_formula_mass	2	FALSE	TRUE	1.39999656312284e-09	3.4999914078071e-06
TYRAMINE	6614	HMDB	HMDB0000306_49_shen	Tyramine	inchikey_connectivity_formula_mass	2	FALSE	TRUE	1.39999656312284e-09	3.4999914078071e-06
TYRAMINE	6615	HMDB	HMDB0000306_50_shen	Tyramine	inchikey_connectivity_formula_mass	2	FALSE	TRUE	1.39999656312284e-09	3.4999914078071e-06
TYRAMINE	6616	HMDB	HMDB0000306_51_shen	Tyramine	inchikey_connectivity_formula_mass	2	FALSE	TRUE	1.39999656312284e-09	3.4999914078071e-06
TYRAMINE	6617	HMDB	HMDB0000306_52_shen	Tyramine	inchikey_connectivity_formula_mass	2	FALSE	TRUE	1.39999656312284e-09	3.4999914078071e-06
TYRAMINE	6618	HMDB	HMDB0000306_53_shen	Tyramine	inchikey_connectivity_formula_mass	2	FALSE	TRUE	1.39999656312284e-09	3.4999914078071e-06
TYRAMINE	6619	HMDB	HMDB0000306_54_shen	Tyramine	inchikey_connectivity_formula_mass	2	FALSE	TRUE	1.39999656312284e-09	3.4999914078071e-06
TYRAMINE	6620	HMDB	HMDB0000306_55_shen	Tyramine	inchikey_connectivity_formula_mass	2	FALSE	TRUE	1.39999656312284e-09	3.4999914078071e-06
TYRAMINE	6621	HMDB	HMDB0000306_56_shen	Tyramine	inchikey_connectivity_formula_mass	2	FALSE	TRUE	1.39999656312284e-09	3.4999914078071e-06
TYRAMINE	6622	HMDB	HMDB0000306_57_shen	Tyramine	inchikey_connectivity_formula_mass	2	FALSE	TRUE	1.39999656312284e-09	3.4999914078071e-06
TYRAMINE	6623	HMDB	HMDB0000306_58_shen	Tyramine	inchikey_connectivity_formula_mass	2	FALSE	TRUE	1.39999656312284e-09	3.4999914078071e-06
TYRAMINE	6624	HMDB	HMDB0000306_59_shen	Tyramine	inchikey_connectivity_formula_mass	2	FALSE	TRUE	1.39999656312284e-09	3.4999914078071e-06
TYRAMINE	6625	HMDB	HMDB0000306_60_shen	Tyramine	inchikey_connectivity_formula_mass	2	FALSE	TRUE	1.39999656312284e-09	3.4999914078071e-06
TYRAMINE	6626	HMDB	HMDB0000306_61_shen	Tyramine	inchikey_connectivity_formula_mass	2	FALSE	TRUE	1.39999656312284e-09	3.4999914078071e-06
TYRAMINE	6627	HMDB	HMDB0000306_62_shen	Tyramine	inchikey_connectivity_formula_mass	2	FALSE	TRUE	1.39999656312284e-09	3.4999914078071e-06
TYRAMINE	6628	HMDB	HMDB0000306_63_shen	Tyramine	inchikey_connectivity_formula_mass	2	FALSE	TRUE	1.39999656312284e-09	3.4999914078071e-06
TYRAMINE	6629	HMDB	HMDB0000306_64_shen	Tyramine	inchikey_connectivity_formula_mass	2	FALSE	TRUE	1.39999656312284e-09	3.4999914078071e-06
TYRAMINE	6630	HMDB	HMDB0000306_65_shen	Tyramine	inchikey_connectivity_formula_mass	2	FALSE	TRUE	1.39999656312284e-09	3.4999914078071e-06
TYRAMINE	6631	HMDB	HMDB0000306_66_shen	Tyramine	inchikey_connectivity_formula_mass	2	FALSE	TRUE	1.39999656312284e-09	3.4999914078071e-06
TYRAMINE	6632	HMDB	HMDB0000306_67_shen	Tyramine	inchikey_connectivity_formula_mass	2	FALSE	TRUE	1.39999656312284e-09	3.4999914078071e-06
TYRAMINE	6633	HMDB	HMDB0000306_68_shen	Tyramine	inchikey_connectivity_formula_mass	2	FALSE	TRUE	1.39999656312284e-09	3.4999914078071e-06
TYRAMINE	6634	HMDB	HMDB0000306_69_shen	Tyramine	inchikey_connectivity_formula_mass	2	FALSE	TRUE	1.39999656312284e-09	3.4999914078071e-06
TYRAMINE	6635	HMDB	HMDB0000306_70_shen	Tyramine	inchikey_connectivity_formula_mass	2	FALSE	TRUE	1.39999656312284e-09	3.4999914078071e-06
TYRAMINE	6636	HMDB	HMDB0000306_71_shen	Tyramine	inchikey_connectivity_formula_mass	2	FALSE	TRUE	1.39999656312284e-09	3.4999914078071e-06
TYRAMINE	6637	HMDB	HMDB0000306_72_shen	Tyramine	inchikey_connectivity_formula_mass	2	FALSE	TRUE	1.39999656312284e-09	3.4999914078071e-06
TYRAMINE	6638	HMDB	HMDB0000306_73_shen	Tyramine	inchikey_connectivity_formula_mass	2	FALSE	TRUE	1.39999656312284e-09	3.4999914078071e-06
TYRAMINE	6639	HMDB	HMDB0000306_74_shen	Tyramine	inchikey_connectivity_formula_mass	2	FALSE	TRUE	1.39999656312284e-09	3.4999914078071e-06
TYRAMINE	6640	HMDB	HMDB0000306_75_shen	Tyramine	inchikey_connectivity_formula_mass	2	FALSE	TRUE	1.39999656312284e-09	3.4999914078071e-06
TYRAMINE	6641	HMDB	HMDB0000306_76_shen	Tyramine	inchikey_connectivity_formula_mass	2	FALSE	TRUE	1.39999656312284e-09	3.4999914078071e-06
TYRAMINE	6642	HMDB	HMDB0000306_77_shen	Tyramine	inchikey_connectivity_formula_mass	2	FALSE	TRUE	1.39999656312284e-09	3.4999914078071e-06
TYRAMINE	6643	HMDB	HMDB0000306_78_shen	Tyramine	inchikey_connectivity_formula_mass	2	FALSE	TRUE	1.39999656312284e-09	3.4999914078071e-06
TYRAMINE	6644	HMDB	HMDB0000306_79_shen	Tyramine	inchikey_connectivity_formula_mass	2	FALSE	TRUE	1.39999656312284e-09	3.4999914078071e-06
TYRAMINE	6645	HMDB	HMDB0000306_80_shen	Tyramine	inchikey_connectivity_formula_mass	2	FALSE	TRUE	1.39999656312284e-09	3.4999914078071e-06
TYRAMINE	6646	HMDB	HMDB0000306_81_shen	Tyramine	inchikey_connectivity_formula_mass	2	FALSE	TRUE	1.39999656312284e-09	3.4999914078071e-06
TYRAMINE	6647	HMDB	HMDB0000306_82_shen	Tyramine	inchikey_connectivity_formula_mass	2	FALSE	TRUE	1.39999656312284e-09	3.4999914078071e-06
TYRAMINE	6648	HMDB	HMDB0000306_83_shen	Tyramine	inchikey_connectivity_formula_mass	2	FALSE	TRUE	1.39999656312284e-09	3.4999914078071e-06
TYRAMINE	6649	HMDB	HMDB0000306_84_shen	Tyramine	inchikey_connectivity_formula_mass	2	FALSE	TRUE	1.39999656312284e-09	3.4999914078071e-06
TYRAMINE	6650	HMDB	HMDB0000306_85_shen	Tyramine	inchikey_connectivity_formula_mass	2	FALSE	TRUE	1.39999656312284e-09	3.4999914078071e-06
TYRAMINE	6651	HMDB	HMDB0000306_86_shen	Tyramine	inchikey_connectivity_formula_mass	2	FALSE	TRUE	1.39999656312284e-09	3.4999914078071e-06
TYRAMINE	6652	HMDB	HMDB0000306_87_shen	Tyramine	inchikey_connectivity_formula_mass	2	FALSE	TRUE	1.39999656312284e-09	3.4999914078071e-06
TYRAMINE	6653	HMDB	HMDB0000306_88_shen	Tyramine	inchikey_connectivity_formula_mass	2	FALSE	TRUE	1.39999656312284e-09	3.4999914078071e-06
TYRAMINE	6654	HMDB	HMDB0000306_89_shen	Tyramine	inchikey_connectivity_formula_mass	2	FALSE	TRUE	1.39999656312284e-09	3.4999914078071e-06
TYRAMINE	6655	HMDB	HMDB0000306_90_shen	Tyramine	inchikey_connectivity_formula_mass	2	FALSE	TRUE	1.39999656312284e-09	3.4999914078071e-06
TYRAMINE	6656	HMDB	HMDB0000306_91_shen	Tyramine	inchikey_connectivity_formula_mass	2	FALSE	TRUE	1.39999656312284e-09	3.4999914078071e-06
TYRAMINE	6657	HMDB	HMDB0000306_92_shen	Tyramine	inchikey_connectivity_formula_mass	2	FALSE	TRUE	1.39999656312284e-09	3.4999914078071e-06
TYRAMINE	6658	HMDB	HMDB0000306_93_shen	Tyramine	inchikey_connectivity_formula_mass	2	FALSE	TRUE	1.39999656312284e-09	3.4999914078071e-06
TYRAMINE	6659	HMDB	HMDB0000306_94_shen	Tyramine	inchikey_connectivity_formula_mass	2	FALSE	TRUE	1.39999656312284e-09	3.4999914078071e-06
TYRAMINE	6660	HMDB	HMDB0000306_95_shen	Tyramine	inchikey_connectivity_formula_mass	2	FALSE	TRUE	1.39999656312284e-09	3.4999914078071e-06
TYRAMINE	6661	HMDB	HMDB0000306_96_shen	Tyramine	inchikey_connectivity_formula_mass	2	FALSE	TRUE	1.39999656312284e-09	3.4999914078071e-06
1-AMINO-PROPAN-2-ONE-3-PHOSPHATE	6786	HMDB	HMDB0000370_1_shen	2-Amino-3-phosphonopropionic acid	name_formula_mass	4	FALSE	TRUE	4.99994712299667e-10	1.24998678074917e-06
CPD0-1308	6786	HMDB	HMDB0000370_1_shen	2-Amino-3-phosphonopropionic acid	name_formula_mass	4	FALSE	TRUE	4.99994712299667e-10	1.24998678074917e-06
1-AMINO-PROPAN-2-ONE-3-PHOSPHATE	6787	HMDB	HMDB0000370_2_shen	2-Amino-3-phosphonopropionic acid	name_formula_mass	4	FALSE	TRUE	4.99994712299667e-10	1.24998678074917e-06
CPD0-1308	6787	HMDB	HMDB0000370_2_shen	2-Amino-3-phosphonopropionic acid	name_formula_mass	4	FALSE	TRUE	4.99994712299667e-10	1.24998678074917e-06
1-AMINO-PROPAN-2-ONE-3-PHOSPHATE	6788	HMDB	HMDB0000370_3_shen	2-Amino-3-phosphonopropionic acid	name_formula_mass	4	FALSE	TRUE	4.99994712299667e-10	1.24998678074917e-06
CPD0-1308	6788	HMDB	HMDB0000370_3_shen	2-Amino-3-phosphonopropionic acid	name_formula_mass	4	FALSE	TRUE	4.99994712299667e-10	1.24998678074917e-06
1-AMINO-PROPAN-2-ONE-3-PHOSPHATE	6789	HMDB	HMDB0000370_4_shen	2-Amino-3-phosphonopropionic acid	name_formula_mass	4	FALSE	TRUE	4.99994712299667e-10	1.24998678074917e-06
CPD0-1308	6789	HMDB	HMDB0000370_4_shen	2-Amino-3-phosphonopropionic acid	name_formula_mass	4	FALSE	TRUE	4.99994712299667e-10	1.24998678074917e-06
1-AMINO-PROPAN-2-ONE-3-PHOSPHATE	6790	HMDB	HMDB0000370_5_shen	2-Amino-3-phosphonopropionic acid	name_formula_mass	4	FALSE	TRUE	4.99994712299667e-10	1.24998678074917e-06
CPD0-1308	6790	HMDB	HMDB0000370_5_shen	2-Amino-3-phosphonopropionic acid	name_formula_mass	4	FALSE	TRUE	4.99994712299667e-10	1.24998678074917e-06
1-AMINO-PROPAN-2-ONE-3-PHOSPHATE	6791	HMDB	HMDB0000370_6_shen	2-Amino-3-phosphonopropionic acid	name_formula_mass	4	FALSE	TRUE	4.99994712299667e-10	1.24998678074917e-06
CPD0-1308	6791	HMDB	HMDB0000370_6_shen	2-Amino-3-phosphonopropionic acid	name_formula_mass	4	FALSE	TRUE	4.99994712299667e-10	1.24998678074917e-06
1-AMINO-PROPAN-2-ONE-3-PHOSPHATE	6792	HMDB	HMDB0000370_7_shen	2-Amino-3-phosphonopropionic acid	name_formula_mass	4	FALSE	TRUE	4.99994712299667e-10	1.24998678074917e-06
CPD0-1308	6792	HMDB	HMDB0000370_7_shen	2-Amino-3-phosphonopropionic acid	name_formula_mass	4	FALSE	TRUE	4.99994712299667e-10	1.24998678074917e-06
1-AMINO-PROPAN-2-ONE-3-PHOSPHATE	6793	HMDB	HMDB0000370_8_shen	2-Amino-3-phosphonopropionic acid	name_formula_mass	4	FALSE	TRUE	4.99994712299667e-10	1.24998678074917e-06
CPD0-1308	6793	HMDB	HMDB0000370_8_shen	2-Amino-3-phosphonopropionic acid	name_formula_mass	4	FALSE	TRUE	4.99994712299667e-10	1.24998678074917e-06
1-AMINO-PROPAN-2-ONE-3-PHOSPHATE	6794	HMDB	HMDB0000370_9_shen	2-Amino-3-phosphonopropionic acid	name_formula_mass	4	FALSE	TRUE	4.99994712299667e-10	1.24998678074917e-06
CPD0-1308	6794	HMDB	HMDB0000370_9_shen	2-Amino-3-phosphonopropionic acid	name_formula_mass	4	FALSE	TRUE	4.99994712299667e-10	1.24998678074917e-06
1-AMINO-PROPAN-2-ONE-3-PHOSPHATE	6795	HMDB	HMDB0000370_10_shen	2-Amino-3-phosphonopropionic acid	name_formula_mass	4	FALSE	TRUE	4.99994712299667e-10	1.24998678074917e-06
CPD0-1308	6795	HMDB	HMDB0000370_10_shen	2-Amino-3-phosphonopropionic acid	name_formula_mass	4	FALSE	TRUE	4.99994712299667e-10	1.24998678074917e-06
1-AMINO-PROPAN-2-ONE-3-PHOSPHATE	6796	HMDB	HMDB0000370_11_shen	2-Amino-3-phosphonopropionic acid	name_formula_mass	4	FALSE	TRUE	4.99994712299667e-10	1.24998678074917e-06
CPD0-1308	6796	HMDB	HMDB0000370_11_shen	2-Amino-3-phosphonopropionic acid	name_formula_mass	4	FALSE	TRUE	4.99994712299667e-10	1.24998678074917e-06
1-AMINO-PROPAN-2-ONE-3-PHOSPHATE	6797	HMDB	HMDB0000370_12_shen	2-Amino-3-phosphonopropionic acid	name_formula_mass	4	FALSE	TRUE	4.99994712299667e-10	1.24998678074917e-06
CPD0-1308	6797	HMDB	HMDB0000370_12_shen	2-Amino-3-phosphonopropionic acid	name_formula_mass	4	FALSE	TRUE	4.99994712299667e-10	1.24998678074917e-06
1-AMINO-PROPAN-2-ONE-3-PHOSPHATE	6798	HMDB	HMDB0000370_13_shen	2-Amino-3-phosphonopropionic acid	name_formula_mass	4	FALSE	TRUE	4.99994712299667e-10	1.24998678074917e-06
CPD0-1308	6798	HMDB	HMDB0000370_13_shen	2-Amino-3-phosphonopropionic acid	name_formula_mass	4	FALSE	TRUE	4.99994712299667e-10	1.24998678074917e-06
1-AMINO-PROPAN-2-ONE-3-PHOSPHATE	6799	HMDB	HMDB0000370_14_shen	2-Amino-3-phosphonopropionic acid	name_formula_mass	4	FALSE	TRUE	4.99994712299667e-10	1.24998678074917e-06
CPD0-1308	6799	HMDB	HMDB0000370_14_shen	2-Amino-3-phosphonopropionic acid	name_formula_mass	4	FALSE	TRUE	4.99994712299667e-10	1.24998678074917e-06
1-AMINO-PROPAN-2-ONE-3-PHOSPHATE	6800	HMDB	HMDB0000370_15_shen	2-Amino-3-phosphonopropionic acid	name_formula_mass	4	FALSE	TRUE	4.99994712299667e-10	1.24998678074917e-06
CPD0-1308	6800	HMDB	HMDB0000370_15_shen	2-Amino-3-phosphonopropionic acid	name_formula_mass	4	FALSE	TRUE	4.99994712299667e-10	1.24998678074917e-06
1-AMINO-PROPAN-2-ONE-3-PHOSPHATE	6801	HMDB	HMDB0000370_16_shen	2-Amino-3-phosphonopropionic acid	name_formula_mass	4	FALSE	TRUE	4.99994712299667e-10	1.24998678074917e-06
CPD0-1308	6801	HMDB	HMDB0000370_16_shen	2-Amino-3-phosphonopropionic acid	name_formula_mass	4	FALSE	TRUE	4.99994712299667e-10	1.24998678074917e-06
1-AMINO-PROPAN-2-ONE-3-PHOSPHATE	6802	HMDB	HMDB0000370_17_shen	2-Amino-3-phosphonopropionic acid	name_formula_mass	4	FALSE	TRUE	4.99994712299667e-10	1.24998678074917e-06
CPD0-1308	6802	HMDB	HMDB0000370_17_shen	2-Amino-3-phosphonopropionic acid	name_formula_mass	4	FALSE	TRUE	4.99994712299667e-10	1.24998678074917e-06
1-AMINO-PROPAN-2-ONE-3-PHOSPHATE	6803	HMDB	HMDB0000370_18_shen	2-Amino-3-phosphonopropionic acid	name_formula_mass	4	FALSE	TRUE	4.99994712299667e-10	1.24998678074917e-06
CPD0-1308	6803	HMDB	HMDB0000370_18_shen	2-Amino-3-phosphonopropionic acid	name_formula_mass	4	FALSE	TRUE	4.99994712299667e-10	1.24998678074917e-06
1-AMINO-PROPAN-2-ONE-3-PHOSPHATE	6804	HMDB	HMDB0000370_19_shen	2-Amino-3-phosphonopropionic acid	name_formula_mass	4	FALSE	TRUE	4.99994712299667e-10	1.24998678074917e-06
CPD0-1308	6804	HMDB	HMDB0000370_19_shen	2-Amino-3-phosphonopropionic acid	name_formula_mass	4	FALSE	TRUE	4.99994712299667e-10	1.24998678074917e-06
1-AMINO-PROPAN-2-ONE-3-PHOSPHATE	6805	HMDB	HMDB0000370_20_shen	2-Amino-3-phosphonopropionic acid	name_formula_mass	4	FALSE	TRUE	4.99994712299667e-10	1.24998678074917e-06
CPD0-1308	6805	HMDB	HMDB0000370_20_shen	2-Amino-3-phosphonopropionic acid	name_formula_mass	4	FALSE	TRUE	4.99994712299667e-10	1.24998678074917e-06
1-AMINO-PROPAN-2-ONE-3-PHOSPHATE	6806	HMDB	HMDB0000370_21_shen	2-Amino-3-phosphonopropionic acid	name_formula_mass	4	FALSE	TRUE	4.99994712299667e-10	1.24998678074917e-06
CPD0-1308	6806	HMDB	HMDB0000370_21_shen	2-Amino-3-phosphonopropionic acid	name_formula_mass	4	FALSE	TRUE	4.99994712299667e-10	1.24998678074917e-06
1-AMINO-PROPAN-2-ONE-3-PHOSPHATE	6807	HMDB	HMDB0000370_22_shen	2-Amino-3-phosphonopropionic acid	name_formula_mass	4	FALSE	TRUE	4.99994712299667e-10	1.24998678074917e-06
CPD0-1308	6807	HMDB	HMDB0000370_22_shen	2-Amino-3-phosphonopropionic acid	name_formula_mass	4	FALSE	TRUE	4.99994712299667e-10	1.24998678074917e-06
1-AMINO-PROPAN-2-ONE-3-PHOSPHATE	6808	HMDB	HMDB0000370_23_shen	2-Amino-3-phosphonopropionic acid	name_formula_mass	4	FALSE	TRUE	4.99994712299667e-10	1.24998678074917e-06
CPD0-1308	6808	HMDB	HMDB0000370_23_shen	2-Amino-3-phosphonopropionic acid	name_formula_mass	4	FALSE	TRUE	4.99994712299667e-10	1.24998678074917e-06
3-CARBOXY-3-HYDROXY-ISOCAPROATE	6858	HMDB	HMDB0000402_1_shen	2-Isopropylmalic acid	inchikey_connectivity_formula_mass	2	FALSE	TRUE	1.70001612787019e-09	4.25004031967546e-06
3-CARBOXY-3-HYDROXY-ISOCAPROATE	6859	HMDB	HMDB0000402_2_shen	2-Isopropylmalic acid	inchikey_connectivity_formula_mass	2	FALSE	TRUE	1.70001612787019e-09	4.25004031967546e-06
3-CARBOXY-3-HYDROXY-ISOCAPROATE	6860	HMDB	HMDB0000402_3_shen	2-Isopropylmalic acid	inchikey_connectivity_formula_mass	2	FALSE	TRUE	1.70001612787019e-09	4.25004031967546e-06
3-CARBOXY-3-HYDROXY-ISOCAPROATE	6861	HMDB	HMDB0000402_4_shen	2-Isopropylmalic acid	inchikey_connectivity_formula_mass	2	FALSE	TRUE	1.70001612787019e-09	4.25004031967546e-06
3-CARBOXY-3-HYDROXY-ISOCAPROATE	6862	HMDB	HMDB0000402_5_shen	2-Isopropylmalic acid	inchikey_connectivity_formula_mass	2	FALSE	TRUE	1.70001612787019e-09	4.25004031967546e-06
3-CARBOXY-3-HYDROXY-ISOCAPROATE	6863	HMDB	HMDB0000402_6_shen	2-Isopropylmalic acid	inchikey_connectivity_formula_mass	2	FALSE	TRUE	1.70001612787019e-09	4.25004031967546e-06
3-CARBOXY-3-HYDROXY-ISOCAPROATE	6864	HMDB	HMDB0000402_7_shen	2-Isopropylmalic acid	inchikey_connectivity_formula_mass	2	FALSE	TRUE	1.70001612787019e-09	4.25004031967546e-06
3-CARBOXY-3-HYDROXY-ISOCAPROATE	6865	HMDB	HMDB0000402_8_shen	2-Isopropylmalic acid	inchikey_connectivity_formula_mass	2	FALSE	TRUE	1.70001612787019e-09	4.25004031967546e-06
3-CARBOXY-3-HYDROXY-ISOCAPROATE	6866	HMDB	HMDB0000402_9_shen	2-Isopropylmalic acid	inchikey_connectivity_formula_mass	2	FALSE	TRUE	1.70001612787019e-09	4.25004031967546e-06
CPD0-2461	6867	HMDB	HMDB0000403_1_shen	2-Hydroxyadenine	inchikey	1	TRUE	TRUE	1.60000013238459e-09	4.00000033096148e-06
CPD0-2461	6868	HMDB	HMDB0000403_2_shen	2-Hydroxyadenine	inchikey	1	TRUE	TRUE	1.60000013238459e-09	4.00000033096148e-06
CPD0-2461	6869	HMDB	HMDB0000403_3_shen	2-Hydroxyadenine	inchikey	1	TRUE	TRUE	1.60000013238459e-09	4.00000033096148e-06
CPD-14325	6908	HMDB	HMDB0000426_1_shen	Citramalic acid	name_formula_mass	4	FALSE	TRUE	1.30000898934668e-09	3.2500224733667e-06
CPD-14325	6909	HMDB	HMDB0000426_2_shen	Citramalic acid	name_formula_mass	4	FALSE	TRUE	1.30000898934668e-09	3.2500224733667e-06
CPD-14325	6910	HMDB	HMDB0000426_3_shen	Citramalic acid	name_formula_mass	4	FALSE	TRUE	1.30000898934668e-09	3.2500224733667e-06
CPD-14325	6911	HMDB	HMDB0000426_4_shen	Citramalic acid	name_formula_mass	4	FALSE	TRUE	1.30000898934668e-09	3.2500224733667e-06
CPD-14325	6912	HMDB	HMDB0000426_5_shen	Citramalic acid	name_formula_mass	4	FALSE	TRUE	1.30000898934668e-09	3.2500224733667e-06
CPD-14325	6913	HMDB	HMDB0000426_6_shen	Citramalic acid	name_formula_mass	4	FALSE	TRUE	1.30000898934668e-09	3.2500224733667e-06
CPD-14325	6914	HMDB	HMDB0000426_7_shen	Citramalic acid	name_formula_mass	4	FALSE	TRUE	1.30000898934668e-09	3.2500224733667e-06
CPD-14325	6915	HMDB	HMDB0000426_8_shen	Citramalic acid	name_formula_mass	4	FALSE	TRUE	1.30000898934668e-09	3.2500224733667e-06
CPD-14325	6916	HMDB	HMDB0000426_9_shen	Citramalic acid	name_formula_mass	4	FALSE	TRUE	1.30000898934668e-09	3.2500224733667e-06
CPD-14325	6917	HMDB	HMDB0000426_10_shen	Citramalic acid	name_formula_mass	4	FALSE	TRUE	1.30000898934668e-09	3.2500224733667e-06
CPD-14325	6918	HMDB	HMDB0000426_11_shen	Citramalic acid	name_formula_mass	4	FALSE	TRUE	1.30000898934668e-09	3.2500224733667e-06
CPD-14325	6919	HMDB	HMDB0000426_12_shen	Citramalic acid	name_formula_mass	4	FALSE	TRUE	1.30000898934668e-09	3.2500224733667e-06
CPD-14325	6920	HMDB	HMDB0000426_13_shen	Citramalic acid	name_formula_mass	4	FALSE	TRUE	1.30000898934668e-09	3.2500224733667e-06
CPD-14325	6921	HMDB	HMDB0000426_14_shen	Citramalic acid	name_formula_mass	4	FALSE	TRUE	1.30000898934668e-09	3.2500224733667e-06
CPD-14325	6922	HMDB	HMDB0000426_15_shen	Citramalic acid	name_formula_mass	4	FALSE	TRUE	1.30000898934668e-09	3.2500224733667e-06
ADIPATE	7004	HMDB	HMDB0000448_1_shen	Adipic acid	inchikey_connectivity_formula_mass	2	FALSE	TRUE	1.39999656312284e-09	3.4999914078071e-06
ADIPATE	7005	HMDB	HMDB0000448_2_shen	Adipic acid	inchikey_connectivity_formula_mass	2	FALSE	TRUE	1.39999656312284e-09	3.4999914078071e-06
ADIPATE	7006	HMDB	HMDB0000448_3_shen	Adipic acid	inchikey_connectivity_formula_mass	2	FALSE	TRUE	1.39999656312284e-09	3.4999914078071e-06
ADIPATE	7007	HMDB	HMDB0000448_4_shen	Adipic acid	inchikey_connectivity_formula_mass	2	FALSE	TRUE	1.39999656312284e-09	3.4999914078071e-06
ADIPATE	7008	HMDB	HMDB0000448_5_shen	Adipic acid	inchikey_connectivity_formula_mass	2	FALSE	TRUE	1.39999656312284e-09	3.4999914078071e-06
ADIPATE	7009	HMDB	HMDB0000448_6_shen	Adipic acid	inchikey_connectivity_formula_mass	2	FALSE	TRUE	1.39999656312284e-09	3.4999914078071e-06
ADIPATE	7010	HMDB	HMDB0000448_7_shen	Adipic acid	inchikey_connectivity_formula_mass	2	FALSE	TRUE	1.39999656312284e-09	3.4999914078071e-06
ADIPATE	7011	HMDB	HMDB0000448_8_shen	Adipic acid	inchikey_connectivity_formula_mass	2	FALSE	TRUE	1.39999656312284e-09	3.4999914078071e-06
ADIPATE	7012	HMDB	HMDB0000448_9_shen	Adipic acid	inchikey_connectivity_formula_mass	2	FALSE	TRUE	1.39999656312284e-09	3.4999914078071e-06
ADIPATE	7013	HMDB	HMDB0000448_10_shen	Adipic acid	inchikey_connectivity_formula_mass	2	FALSE	TRUE	1.39999656312284e-09	3.4999914078071e-06
ADIPATE	7014	HMDB	HMDB0000448_11_shen	Adipic acid	inchikey_connectivity_formula_mass	2	FALSE	TRUE	1.39999656312284e-09	3.4999914078071e-06
ADIPATE	7015	HMDB	HMDB0000448_12_shen	Adipic acid	inchikey_connectivity_formula_mass	2	FALSE	TRUE	1.39999656312284e-09	3.4999914078071e-06
ADIPATE	7016	HMDB	HMDB0000448_13_shen	Adipic acid	inchikey_connectivity_formula_mass	2	FALSE	TRUE	1.39999656312284e-09	3.4999914078071e-06
ADIPATE	7017	HMDB	HMDB0000448_14_shen	Adipic acid	inchikey_connectivity_formula_mass	2	FALSE	TRUE	1.39999656312284e-09	3.4999914078071e-06
ADIPATE	7018	HMDB	HMDB0000448_15_shen	Adipic acid	inchikey_connectivity_formula_mass	2	FALSE	TRUE	1.39999656312284e-09	3.4999914078071e-06
ADIPATE	7019	HMDB	HMDB0000448_16_shen	Adipic acid	inchikey_connectivity_formula_mass	2	FALSE	TRUE	1.39999656312284e-09	3.4999914078071e-06
ADIPATE	7020	HMDB	HMDB0000448_17_shen	Adipic acid	inchikey_connectivity_formula_mass	2	FALSE	TRUE	1.39999656312284e-09	3.4999914078071e-06
ADIPATE	7021	HMDB	HMDB0000448_18_shen	Adipic acid	inchikey_connectivity_formula_mass	2	FALSE	TRUE	1.39999656312284e-09	3.4999914078071e-06
ADIPATE	7022	HMDB	HMDB0000448_19_shen	Adipic acid	inchikey_connectivity_formula_mass	2	FALSE	TRUE	1.39999656312284e-09	3.4999914078071e-06
ADIPATE	7023	HMDB	HMDB0000448_20_shen	Adipic acid	inchikey_connectivity_formula_mass	2	FALSE	TRUE	1.39999656312284e-09	3.4999914078071e-06
ADIPATE	7024	HMDB	HMDB0000448_21_shen	Adipic acid	inchikey_connectivity_formula_mass	2	FALSE	TRUE	1.39999656312284e-09	3.4999914078071e-06
ADIPATE	7025	HMDB	HMDB0000448_22_shen	Adipic acid	inchikey_connectivity_formula_mass	2	FALSE	TRUE	1.39999656312284e-09	3.4999914078071e-06
ADIPATE	7026	HMDB	HMDB0000448_23_shen	Adipic acid	inchikey_connectivity_formula_mass	2	FALSE	TRUE	1.39999656312284e-09	3.4999914078071e-06
ADIPATE	7027	HMDB	HMDB0000448_24_shen	Adipic acid	inchikey_connectivity_formula_mass	2	FALSE	TRUE	1.39999656312284e-09	3.4999914078071e-06
ADIPATE	7028	HMDB	HMDB0000448_25_shen	Adipic acid	inchikey_connectivity_formula_mass	2	FALSE	TRUE	1.39999656312284e-09	3.4999914078071e-06
ADIPATE	7029	HMDB	HMDB0000448_26_shen	Adipic acid	inchikey_connectivity_formula_mass	2	FALSE	TRUE	1.39999656312284e-09	3.4999914078071e-06
ADIPATE	7030	HMDB	HMDB0000448_27_shen	Adipic acid	inchikey_connectivity_formula_mass	2	FALSE	TRUE	1.39999656312284e-09	3.4999914078071e-06
ADIPATE	7031	HMDB	HMDB0000448_28_shen	Adipic acid	inchikey_connectivity_formula_mass	2	FALSE	TRUE	1.39999656312284e-09	3.4999914078071e-06
ADIPATE	7032	HMDB	HMDB0000448_29_shen	Adipic acid	inchikey_connectivity_formula_mass	2	FALSE	TRUE	1.39999656312284e-09	3.4999914078071e-06
ADIPATE	7033	HMDB	HMDB0000448_30_shen	Adipic acid	inchikey_connectivity_formula_mass	2	FALSE	TRUE	1.39999656312284e-09	3.4999914078071e-06
ADIPATE	7034	HMDB	HMDB0000448_31_shen	Adipic acid	inchikey_connectivity_formula_mass	2	FALSE	TRUE	1.39999656312284e-09	3.4999914078071e-06
ADIPATE	7035	HMDB	HMDB0000448_32_shen	Adipic acid	inchikey_connectivity_formula_mass	2	FALSE	TRUE	1.39999656312284e-09	3.4999914078071e-06
ADIPATE	7036	HMDB	HMDB0000448_33_shen	Adipic acid	inchikey_connectivity_formula_mass	2	FALSE	TRUE	1.39999656312284e-09	3.4999914078071e-06
ADIPATE	7037	HMDB	HMDB0000448_34_shen	Adipic acid	inchikey_connectivity_formula_mass	2	FALSE	TRUE	1.39999656312284e-09	3.4999914078071e-06
ADIPATE	7038	HMDB	HMDB0000448_35_shen	Adipic acid	inchikey_connectivity_formula_mass	2	FALSE	TRUE	1.39999656312284e-09	3.4999914078071e-06
5-HYDROXY-L-LYSINE	7039	HMDB	HMDB0000450_1_shen	5-Hydroxylysine	name_formula_mass	4	FALSE	TRUE	2.09999484468426e-09	5.24998711171065e-06
5-HYDROXY-L-LYSINE	7040	HMDB	HMDB0000450_2_shen	5-Hydroxylysine	name_formula_mass	4	FALSE	TRUE	2.09999484468426e-09	5.24998711171065e-06
5-HYDROXY-L-LYSINE	7041	HMDB	HMDB0000450_3_shen	5-Hydroxylysine	name_formula_mass	4	FALSE	TRUE	2.09999484468426e-09	5.24998711171065e-06
5-HYDROXY-L-LYSINE	7042	HMDB	HMDB0000450_4_shen	5-Hydroxylysine	name_formula_mass	4	FALSE	TRUE	2.09999484468426e-09	5.24998711171065e-06
5-HYDROXY-L-LYSINE	7043	HMDB	HMDB0000450_5_shen	5-Hydroxylysine	name_formula_mass	4	FALSE	TRUE	2.09999484468426e-09	5.24998711171065e-06
5-HYDROXY-L-LYSINE	7044	HMDB	HMDB0000450_6_shen	5-Hydroxylysine	name_formula_mass	4	FALSE	TRUE	2.09999484468426e-09	5.24998711171065e-06
5-HYDROXY-L-LYSINE	7045	HMDB	HMDB0000450_7_shen	5-Hydroxylysine	name_formula_mass	4	FALSE	TRUE	2.09999484468426e-09	5.24998711171065e-06
5-HYDROXY-L-LYSINE	7046	HMDB	HMDB0000450_8_shen	5-Hydroxylysine	name_formula_mass	4	FALSE	TRUE	2.09999484468426e-09	5.24998711171065e-06
5-HYDROXY-L-LYSINE	7047	HMDB	HMDB0000450_9_shen	5-Hydroxylysine	name_formula_mass	4	FALSE	TRUE	2.09999484468426e-09	5.24998711171065e-06
5-HYDROXY-L-LYSINE	7048	HMDB	HMDB0000450_10_shen	5-Hydroxylysine	name_formula_mass	4	FALSE	TRUE	2.09999484468426e-09	5.24998711171065e-06
5-HYDROXY-L-LYSINE	7049	HMDB	HMDB0000450_11_shen	5-Hydroxylysine	name_formula_mass	4	FALSE	TRUE	2.09999484468426e-09	5.24998711171065e-06
5-HYDROXY-L-LYSINE	7050	HMDB	HMDB0000450_12_shen	5-Hydroxylysine	name_formula_mass	4	FALSE	TRUE	2.09999484468426e-09	5.24998711171065e-06
5-HYDROXY-L-LYSINE	7051	HMDB	HMDB0000450_13_shen	5-Hydroxylysine	name_formula_mass	4	FALSE	TRUE	2.09999484468426e-09	5.24998711171065e-06
5-HYDROXY-L-LYSINE	7052	HMDB	HMDB0000450_14_shen	5-Hydroxylysine	name_formula_mass	4	FALSE	TRUE	2.09999484468426e-09	5.24998711171065e-06
5-HYDROXY-L-LYSINE	7053	HMDB	HMDB0000450_15_shen	5-Hydroxylysine	name_formula_mass	4	FALSE	TRUE	2.09999484468426e-09	5.24998711171065e-06
5-HYDROXY-L-LYSINE	7054	HMDB	HMDB0000450_16_shen	5-Hydroxylysine	name_formula_mass	4	FALSE	TRUE	2.09999484468426e-09	5.24998711171065e-06
CPD0-1942	7055	HMDB	HMDB0000452_1_shen	L-alpha-Aminobutyric acid	inchikey	1	TRUE	TRUE	1.29999477849196e-09	3.24998694622991e-06
CPD0-1942	7056	HMDB	HMDB0000452_2_shen	L-alpha-Aminobutyric acid	inchikey	1	TRUE	TRUE	1.29999477849196e-09	3.24998694622991e-06
CPD0-1942	7057	HMDB	HMDB0000452_3_shen	L-alpha-Aminobutyric acid	inchikey	1	TRUE	TRUE	1.29999477849196e-09	3.24998694622991e-06
CPD0-1942	7058	HMDB	HMDB0000452_4_shen	L-alpha-Aminobutyric acid	inchikey	1	TRUE	TRUE	1.29999477849196e-09	3.24998694622991e-06
CPD0-1942	7059	HMDB	HMDB0000452_5_shen	L-alpha-Aminobutyric acid	inchikey	1	TRUE	TRUE	1.29999477849196e-09	3.24998694622991e-06
CPD0-1942	7060	HMDB	HMDB0000452_6_shen	L-alpha-Aminobutyric acid	inchikey	1	TRUE	TRUE	1.29999477849196e-09	3.24998694622991e-06
CPD0-1942	7061	HMDB	HMDB0000452_7_shen	L-alpha-Aminobutyric acid	inchikey	1	TRUE	TRUE	1.29999477849196e-09	3.24998694622991e-06
CPD0-1942	7062	HMDB	HMDB0000452_8_shen	L-alpha-Aminobutyric acid	inchikey	1	TRUE	TRUE	1.29999477849196e-09	3.24998694622991e-06
CPD0-1942	7063	HMDB	HMDB0000452_9_shen	L-alpha-Aminobutyric acid	inchikey	1	TRUE	TRUE	1.29999477849196e-09	3.24998694622991e-06
CPD0-1942	7064	HMDB	HMDB0000452_10_shen	L-alpha-Aminobutyric acid	inchikey	1	TRUE	TRUE	1.29999477849196e-09	3.24998694622991e-06
CPD0-1942	7065	HMDB	HMDB0000452_11_shen	L-alpha-Aminobutyric acid	inchikey	1	TRUE	TRUE	1.29999477849196e-09	3.24998694622991e-06
CPD0-1942	7066	HMDB	HMDB0000452_12_shen	L-alpha-Aminobutyric acid	inchikey	1	TRUE	TRUE	1.29999477849196e-09	3.24998694622991e-06
CPD0-1942	7067	HMDB	HMDB0000452_13_shen	L-alpha-Aminobutyric acid	inchikey	1	TRUE	TRUE	1.29999477849196e-09	3.24998694622991e-06
CPD0-1942	7068	HMDB	HMDB0000452_14_shen	L-alpha-Aminobutyric acid	inchikey	1	TRUE	TRUE	1.29999477849196e-09	3.24998694622991e-06
CPD0-1942	7069	HMDB	HMDB0000452_15_shen	L-alpha-Aminobutyric acid	inchikey	1	TRUE	TRUE	1.29999477849196e-09	3.24998694622991e-06
CPD0-1942	7070	HMDB	HMDB0000452_16_shen	L-alpha-Aminobutyric acid	inchikey	1	TRUE	TRUE	1.29999477849196e-09	3.24998694622991e-06
CPD0-1942	7071	HMDB	HMDB0000452_17_shen	L-alpha-Aminobutyric acid	inchikey	1	TRUE	TRUE	1.29999477849196e-09	3.24998694622991e-06
CPD0-1942	7072	HMDB	HMDB0000452_18_shen	L-alpha-Aminobutyric acid	inchikey	1	TRUE	TRUE	1.29999477849196e-09	3.24998694622991e-06
CPD0-1942	7073	HMDB	HMDB0000452_19_shen	L-alpha-Aminobutyric acid	inchikey	1	TRUE	TRUE	1.29999477849196e-09	3.24998694622991e-06
CPD0-1942	7074	HMDB	HMDB0000452_20_shen	L-alpha-Aminobutyric acid	inchikey	1	TRUE	TRUE	1.29999477849196e-09	3.24998694622991e-06
CPD0-1942	7075	HMDB	HMDB0000452_21_shen	L-alpha-Aminobutyric acid	inchikey	1	TRUE	TRUE	1.29999477849196e-09	3.24998694622991e-06
CPD0-1942	7076	HMDB	HMDB0000452_22_shen	L-alpha-Aminobutyric acid	inchikey	1	TRUE	TRUE	1.29999477849196e-09	3.24998694622991e-06
CPD0-1942	7077	HMDB	HMDB0000452_23_shen	L-alpha-Aminobutyric acid	inchikey	1	TRUE	TRUE	1.29999477849196e-09	3.24998694622991e-06
CPD0-1942	7078	HMDB	HMDB0000452_24_shen	L-alpha-Aminobutyric acid	inchikey	1	TRUE	TRUE	1.29999477849196e-09	3.24998694622991e-06
CPD0-1942	7079	HMDB	HMDB0000452_25_shen	L-alpha-Aminobutyric acid	inchikey	1	TRUE	TRUE	1.29999477849196e-09	3.24998694622991e-06
CPD0-1942	7080	HMDB	HMDB0000452_26_shen	L-alpha-Aminobutyric acid	inchikey	1	TRUE	TRUE	1.29999477849196e-09	3.24998694622991e-06
CPD0-1942	7081	HMDB	HMDB0000452_27_shen	L-alpha-Aminobutyric acid	inchikey	1	TRUE	TRUE	1.29999477849196e-09	3.24998694622991e-06
CPD0-1942	7082	HMDB	HMDB0000452_28_shen	L-alpha-Aminobutyric acid	inchikey	1	TRUE	TRUE	1.29999477849196e-09	3.24998694622991e-06
CPD0-1942	7083	HMDB	HMDB0000452_29_shen	L-alpha-Aminobutyric acid	inchikey	1	TRUE	TRUE	1.29999477849196e-09	3.24998694622991e-06
ALLANTOIN	7096	HMDB	HMDB0000462_1_shen	Allantoin	inchikey	1	TRUE	TRUE	1.69998770616075e-09	4.24996926540189e-06
ALLANTOIN	7097	HMDB	HMDB0000462_2_shen	Allantoin	inchikey	1	TRUE	TRUE	1.69998770616075e-09	4.24996926540189e-06
ALLANTOIN	7098	HMDB	HMDB0000462_3_shen	Allantoin	inchikey	1	TRUE	TRUE	1.69998770616075e-09	4.24996926540189e-06
ALLANTOIN	7099	HMDB	HMDB0000462_4_shen	Allantoin	inchikey	1	TRUE	TRUE	1.69998770616075e-09	4.24996926540189e-06
ALLANTOIN	7100	HMDB	HMDB0000462_5_shen	Allantoin	inchikey	1	TRUE	TRUE	1.69998770616075e-09	4.24996926540189e-06
ALLANTOIN	7101	HMDB	HMDB0000462_6_shen	Allantoin	inchikey	1	TRUE	TRUE	1.69998770616075e-09	4.24996926540189e-06
ALLANTOIN	7102	HMDB	HMDB0000462_7_shen	Allantoin	inchikey	1	TRUE	TRUE	1.69998770616075e-09	4.24996926540189e-06
ALLANTOIN	7103	HMDB	HMDB0000462_8_shen	Allantoin	inchikey	1	TRUE	TRUE	1.69998770616075e-09	4.24996926540189e-06
ALLANTOIN	7104	HMDB	HMDB0000462_9_shen	Allantoin	inchikey	1	TRUE	TRUE	1.69998770616075e-09	4.24996926540189e-06
ALLANTOIN	7105	HMDB	HMDB0000462_10_shen	Allantoin	inchikey	1	TRUE	TRUE	1.69998770616075e-09	4.24996926540189e-06
ALLANTOIN	7106	HMDB	HMDB0000462_11_shen	Allantoin	inchikey	1	TRUE	TRUE	1.69998770616075e-09	4.24996926540189e-06
ALLANTOIN	7107	HMDB	HMDB0000462_12_shen	Allantoin	inchikey	1	TRUE	TRUE	1.69998770616075e-09	4.24996926540189e-06
ALLANTOIN	7108	HMDB	HMDB0000462_13_shen	Allantoin	inchikey	1	TRUE	TRUE	1.69998770616075e-09	4.24996926540189e-06
ALLANTOIN	7109	HMDB	HMDB0000462_14_shen	Allantoin	inchikey	1	TRUE	TRUE	1.69998770616075e-09	4.24996926540189e-06
ALLANTOIN	7110	HMDB	HMDB0000462_15_shen	Allantoin	inchikey	1	TRUE	TRUE	1.69998770616075e-09	4.24996926540189e-06
ALLANTOIN	7111	HMDB	HMDB0000462_16_shen	Allantoin	inchikey	1	TRUE	TRUE	1.69998770616075e-09	4.24996926540189e-06
ALLANTOIN	7112	HMDB	HMDB0000462_17_shen	Allantoin	inchikey	1	TRUE	TRUE	1.69998770616075e-09	4.24996926540189e-06
ALLANTOIN	7113	HMDB	HMDB0000462_18_shen	Allantoin	inchikey	1	TRUE	TRUE	1.69998770616075e-09	4.24996926540189e-06
ALLANTOIN	7114	HMDB	HMDB0000462_19_shen	Allantoin	inchikey	1	TRUE	TRUE	1.69998770616075e-09	4.24996926540189e-06
ALLANTOIN	7115	HMDB	HMDB0000462_20_shen	Allantoin	inchikey	1	TRUE	TRUE	1.69998770616075e-09	4.24996926540189e-06
ALLANTOIN	7116	HMDB	HMDB0000462_21_shen	Allantoin	inchikey	1	TRUE	TRUE	1.69998770616075e-09	4.24996926540189e-06
ALLANTOIN	7117	HMDB	HMDB0000462_22_shen	Allantoin	inchikey	1	TRUE	TRUE	1.69998770616075e-09	4.24996926540189e-06
ALLANTOIN	7118	HMDB	HMDB0000462_23_shen	Allantoin	inchikey	1	TRUE	TRUE	1.69998770616075e-09	4.24996926540189e-06
ALLANTOIN	7119	HMDB	HMDB0000462_24_shen	Allantoin	inchikey	1	TRUE	TRUE	1.69998770616075e-09	4.24996926540189e-06
ALLANTOIN	7120	HMDB	HMDB0000462_25_shen	Allantoin	inchikey	1	TRUE	TRUE	1.69998770616075e-09	4.24996926540189e-06
ALLANTOIN	7121	HMDB	HMDB0000462_26_shen	Allantoin	inchikey	1	TRUE	TRUE	1.69998770616075e-09	4.24996926540189e-06
ALLANTOIN	7122	HMDB	HMDB0000462_27_shen	Allantoin	inchikey	1	TRUE	TRUE	1.69998770616075e-09	4.24996926540189e-06
5-HYDROXY-TRYPTOPHAN	7156	HMDB	HMDB0000472_1_shen	5-Hydroxy-L-tryptophan	inchikey	1	TRUE	TRUE	1.89999127542251e-09	4.74997818855627e-06
5-HYDROXY-TRYPTOPHAN	7157	HMDB	HMDB0000472_2_shen	5-Hydroxy-L-tryptophan	inchikey	1	TRUE	TRUE	1.89999127542251e-09	4.74997818855627e-06
5-HYDROXY-TRYPTOPHAN	7158	HMDB	HMDB0000472_3_shen	5-Hydroxy-L-tryptophan	inchikey	1	TRUE	TRUE	1.89999127542251e-09	4.74997818855627e-06
5-HYDROXY-TRYPTOPHAN	7159	HMDB	HMDB0000472_4_shen	5-Hydroxy-L-tryptophan	inchikey	1	TRUE	TRUE	1.89999127542251e-09	4.74997818855627e-06
5-HYDROXY-TRYPTOPHAN	7160	HMDB	HMDB0000472_5_shen	5-Hydroxy-L-tryptophan	inchikey	1	TRUE	TRUE	1.89999127542251e-09	4.74997818855627e-06
5-HYDROXY-TRYPTOPHAN	7161	HMDB	HMDB0000472_6_shen	5-Hydroxy-L-tryptophan	inchikey	1	TRUE	TRUE	1.89999127542251e-09	4.74997818855627e-06
5-HYDROXY-TRYPTOPHAN	7162	HMDB	HMDB0000472_7_shen	5-Hydroxy-L-tryptophan	inchikey	1	TRUE	TRUE	1.89999127542251e-09	4.74997818855627e-06
5-HYDROXY-TRYPTOPHAN	7163	HMDB	HMDB0000472_8_shen	5-Hydroxy-L-tryptophan	inchikey	1	TRUE	TRUE	1.89999127542251e-09	4.74997818855627e-06
5-HYDROXY-TRYPTOPHAN	7164	HMDB	HMDB0000472_9_shen	5-Hydroxy-L-tryptophan	inchikey	1	TRUE	TRUE	1.89999127542251e-09	4.74997818855627e-06
5-HYDROXY-TRYPTOPHAN	7165	HMDB	HMDB0000472_10_shen	5-Hydroxy-L-tryptophan	inchikey	1	TRUE	TRUE	1.89999127542251e-09	4.74997818855627e-06
5-HYDROXY-TRYPTOPHAN	7166	HMDB	HMDB0000472_11_shen	5-Hydroxy-L-tryptophan	inchikey	1	TRUE	TRUE	1.89999127542251e-09	4.74997818855627e-06
5-HYDROXY-TRYPTOPHAN	7167	HMDB	HMDB0000472_12_shen	5-Hydroxy-L-tryptophan	inchikey	1	TRUE	TRUE	1.89999127542251e-09	4.74997818855627e-06
5-HYDROXY-TRYPTOPHAN	7168	HMDB	HMDB0000472_13_shen	5-Hydroxy-L-tryptophan	inchikey	1	TRUE	TRUE	1.89999127542251e-09	4.74997818855627e-06
5-HYDROXY-TRYPTOPHAN	7169	HMDB	HMDB0000472_14_shen	5-Hydroxy-L-tryptophan	inchikey	1	TRUE	TRUE	1.89999127542251e-09	4.74997818855627e-06
5-HYDROXY-TRYPTOPHAN	7170	HMDB	HMDB0000472_15_shen	5-Hydroxy-L-tryptophan	inchikey	1	TRUE	TRUE	1.89999127542251e-09	4.74997818855627e-06
5-HYDROXY-TRYPTOPHAN	7171	HMDB	HMDB0000472_16_shen	5-Hydroxy-L-tryptophan	inchikey	1	TRUE	TRUE	1.89999127542251e-09	4.74997818855627e-06
5-HYDROXY-TRYPTOPHAN	7172	HMDB	HMDB0000472_17_shen	5-Hydroxy-L-tryptophan	inchikey	1	TRUE	TRUE	1.89999127542251e-09	4.74997818855627e-06
5-HYDROXY-TRYPTOPHAN	7173	HMDB	HMDB0000472_18_shen	5-Hydroxy-L-tryptophan	inchikey	1	TRUE	TRUE	1.89999127542251e-09	4.74997818855627e-06
MEK	7177	HMDB	HMDB0000474_1_shen	Butanone	inchikey	1	TRUE	TRUE	8.99987639968458e-10	2.24996909992115e-06
MEK	7178	HMDB	HMDB0000474_2_shen	Butanone	inchikey	1	TRUE	TRUE	8.99987639968458e-10	2.24996909992115e-06
MEK	7179	HMDB	HMDB0000474_3_shen	Butanone	inchikey	1	TRUE	TRUE	8.99987639968458e-10	2.24996909992115e-06
MEK	7180	HMDB	HMDB0000474_4_shen	Butanone	inchikey	1	TRUE	TRUE	8.99987639968458e-10	2.24996909992115e-06
MEK	7181	HMDB	HMDB0000474_5_shen	Butanone	inchikey	1	TRUE	TRUE	8.99987639968458e-10	2.24996909992115e-06
MEK	7182	HMDB	HMDB0000474_6_shen	Butanone	inchikey	1	TRUE	TRUE	8.99987639968458e-10	2.24996909992115e-06
CPD-195	7224	HMDB	HMDB0000482_1_shen	Caprylic acid	inchikey_connectivity_formula_mass	2	FALSE	TRUE	1.79997527993692e-09	4.49993819984229e-06
CPD-195	7225	HMDB	HMDB0000482_2_shen	Caprylic acid	inchikey_connectivity_formula_mass	2	FALSE	TRUE	1.79997527993692e-09	4.49993819984229e-06
CPD-195	7226	HMDB	HMDB0000482_3_shen	Caprylic acid	inchikey_connectivity_formula_mass	2	FALSE	TRUE	1.79997527993692e-09	4.49993819984229e-06
CPD-195	7227	HMDB	HMDB0000482_4_shen	Caprylic acid	inchikey_connectivity_formula_mass	2	FALSE	TRUE	1.79997527993692e-09	4.49993819984229e-06
CPD-195	7228	HMDB	HMDB0000482_5_shen	Caprylic acid	inchikey_connectivity_formula_mass	2	FALSE	TRUE	1.79997527993692e-09	4.49993819984229e-06
CPD-195	7229	HMDB	HMDB0000482_6_shen	Caprylic acid	inchikey_connectivity_formula_mass	2	FALSE	TRUE	1.79997527993692e-09	4.49993819984229e-06
CPD-195	7230	HMDB	HMDB0000482_7_shen	Caprylic acid	inchikey_connectivity_formula_mass	2	FALSE	TRUE	1.79997527993692e-09	4.49993819984229e-06
CPD-195	7231	HMDB	HMDB0000482_8_shen	Caprylic acid	inchikey_connectivity_formula_mass	2	FALSE	TRUE	1.79997527993692e-09	4.49993819984229e-06
CPD-195	7232	HMDB	HMDB0000482_9_shen	Caprylic acid	inchikey_connectivity_formula_mass	2	FALSE	TRUE	1.79997527993692e-09	4.49993819984229e-06
CPD-195	7233	HMDB	HMDB0000482_10_shen	Caprylic acid	inchikey_connectivity_formula_mass	2	FALSE	TRUE	1.79997527993692e-09	4.49993819984229e-06
CPD-195	7234	HMDB	HMDB0000482_11_shen	Caprylic acid	inchikey_connectivity_formula_mass	2	FALSE	TRUE	1.79997527993692e-09	4.49993819984229e-06
CPD-195	7235	HMDB	HMDB0000482_12_shen	Caprylic acid	inchikey_connectivity_formula_mass	2	FALSE	TRUE	1.79997527993692e-09	4.49993819984229e-06
CPD-195	7236	HMDB	HMDB0000482_13_shen	Caprylic acid	inchikey_connectivity_formula_mass	2	FALSE	TRUE	1.79997527993692e-09	4.49993819984229e-06
VANILLATE	7237	HMDB	HMDB0000484_1_shen	Vanillic acid	inchikey_connectivity_formula_mass	2	FALSE	TRUE	7.20001480658539e-09	1.80000370164635e-05
VANILLATE	7238	HMDB	HMDB0000484_2_shen	Vanillic acid	inchikey_connectivity_formula_mass	2	FALSE	TRUE	7.20001480658539e-09	1.80000370164635e-05
VANILLATE	7239	HMDB	HMDB0000484_3_shen	Vanillic acid	inchikey_connectivity_formula_mass	2	FALSE	TRUE	7.20001480658539e-09	1.80000370164635e-05
VANILLATE	7240	HMDB	HMDB0000484_4_shen	Vanillic acid	inchikey_connectivity_formula_mass	2	FALSE	TRUE	7.20001480658539e-09	1.80000370164635e-05
VANILLATE	7241	HMDB	HMDB0000484_5_shen	Vanillic acid	inchikey_connectivity_formula_mass	2	FALSE	TRUE	7.20001480658539e-09	1.80000370164635e-05
VANILLATE	7242	HMDB	HMDB0000484_6_shen	Vanillic acid	inchikey_connectivity_formula_mass	2	FALSE	TRUE	7.20001480658539e-09	1.80000370164635e-05
VANILLATE	7243	HMDB	HMDB0000484_7_shen	Vanillic acid	inchikey_connectivity_formula_mass	2	FALSE	TRUE	7.20001480658539e-09	1.80000370164635e-05
VANILLATE	7244	HMDB	HMDB0000484_8_shen	Vanillic acid	inchikey_connectivity_formula_mass	2	FALSE	TRUE	7.20001480658539e-09	1.80000370164635e-05
VANILLATE	7245	HMDB	HMDB0000484_9_shen	Vanillic acid	inchikey_connectivity_formula_mass	2	FALSE	TRUE	7.20001480658539e-09	1.80000370164635e-05
VANILLATE	7246	HMDB	HMDB0000484_10_shen	Vanillic acid	inchikey_connectivity_formula_mass	2	FALSE	TRUE	7.20001480658539e-09	1.80000370164635e-05
VANILLATE	7247	HMDB	HMDB0000484_11_shen	Vanillic acid	inchikey_connectivity_formula_mass	2	FALSE	TRUE	7.20001480658539e-09	1.80000370164635e-05
VANILLATE	7248	HMDB	HMDB0000484_12_shen	Vanillic acid	inchikey_connectivity_formula_mass	2	FALSE	TRUE	7.20001480658539e-09	1.80000370164635e-05
VANILLATE	7249	HMDB	HMDB0000484_13_shen	Vanillic acid	inchikey_connectivity_formula_mass	2	FALSE	TRUE	7.20001480658539e-09	1.80000370164635e-05
VANILLATE	7250	HMDB	HMDB0000484_14_shen	Vanillic acid	inchikey_connectivity_formula_mass	2	FALSE	TRUE	7.20001480658539e-09	1.80000370164635e-05
VANILLATE	7251	HMDB	HMDB0000484_15_shen	Vanillic acid	inchikey_connectivity_formula_mass	2	FALSE	TRUE	7.20001480658539e-09	1.80000370164635e-05
VANILLATE	7252	HMDB	HMDB0000484_16_shen	Vanillic acid	inchikey_connectivity_formula_mass	2	FALSE	TRUE	7.20001480658539e-09	1.80000370164635e-05
VANILLATE	7253	HMDB	HMDB0000484_17_shen	Vanillic acid	inchikey_connectivity_formula_mass	2	FALSE	TRUE	7.20001480658539e-09	1.80000370164635e-05
VANILLATE	7254	HMDB	HMDB0000484_18_shen	Vanillic acid	inchikey_connectivity_formula_mass	2	FALSE	TRUE	7.20001480658539e-09	1.80000370164635e-05
VANILLATE	7255	HMDB	HMDB0000484_19_shen	Vanillic acid	inchikey_connectivity_formula_mass	2	FALSE	TRUE	7.20001480658539e-09	1.80000370164635e-05
VANILLATE	7256	HMDB	HMDB0000484_20_shen	Vanillic acid	inchikey_connectivity_formula_mass	2	FALSE	TRUE	7.20001480658539e-09	1.80000370164635e-05
VANILLATE	7257	HMDB	HMDB0000484_21_shen	Vanillic acid	inchikey_connectivity_formula_mass	2	FALSE	TRUE	7.20001480658539e-09	1.80000370164635e-05
VANILLATE	7258	HMDB	HMDB0000484_22_shen	Vanillic acid	inchikey_connectivity_formula_mass	2	FALSE	TRUE	7.20001480658539e-09	1.80000370164635e-05
VANILLATE	7259	HMDB	HMDB0000484_23_shen	Vanillic acid	inchikey_connectivity_formula_mass	2	FALSE	TRUE	7.20001480658539e-09	1.80000370164635e-05
VANILLATE	7260	HMDB	HMDB0000484_24_shen	Vanillic acid	inchikey_connectivity_formula_mass	2	FALSE	TRUE	7.20001480658539e-09	1.80000370164635e-05
VANILLATE	7261	HMDB	HMDB0000484_25_shen	Vanillic acid	inchikey_connectivity_formula_mass	2	FALSE	TRUE	7.20001480658539e-09	1.80000370164635e-05
VANILLATE	7262	HMDB	HMDB0000484_26_shen	Vanillic acid	inchikey_connectivity_formula_mass	2	FALSE	TRUE	7.20001480658539e-09	1.80000370164635e-05
VANILLATE	7263	HMDB	HMDB0000484_27_shen	Vanillic acid	inchikey_connectivity_formula_mass	2	FALSE	TRUE	7.20001480658539e-09	1.80000370164635e-05
VANILLATE	7264	HMDB	HMDB0000484_28_shen	Vanillic acid	inchikey_connectivity_formula_mass	2	FALSE	TRUE	7.20001480658539e-09	1.80000370164635e-05
VANILLATE	7265	HMDB	HMDB0000484_29_shen	Vanillic acid	inchikey_connectivity_formula_mass	2	FALSE	TRUE	7.20001480658539e-09	1.80000370164635e-05
VANILLATE	7266	HMDB	HMDB0000484_30_shen	Vanillic acid	inchikey_connectivity_formula_mass	2	FALSE	TRUE	7.20001480658539e-09	1.80000370164635e-05
VANILLATE	7267	HMDB	HMDB0000484_31_shen	Vanillic acid	inchikey_connectivity_formula_mass	2	FALSE	TRUE	7.20001480658539e-09	1.80000370164635e-05
VANILLATE	7268	HMDB	HMDB0000484_32_shen	Vanillic acid	inchikey_connectivity_formula_mass	2	FALSE	TRUE	7.20001480658539e-09	1.80000370164635e-05
VANILLATE	7269	HMDB	HMDB0000484_33_shen	Vanillic acid	inchikey_connectivity_formula_mass	2	FALSE	TRUE	7.20001480658539e-09	1.80000370164635e-05
VANILLATE	7270	HMDB	HMDB0000484_34_shen	Vanillic acid	inchikey_connectivity_formula_mass	2	FALSE	TRUE	7.20001480658539e-09	1.80000370164635e-05
VANILLATE	7271	HMDB	HMDB0000484_35_shen	Vanillic acid	inchikey_connectivity_formula_mass	2	FALSE	TRUE	7.20001480658539e-09	1.80000370164635e-05
VANILLATE	7272	HMDB	HMDB0000484_36_shen	Vanillic acid	inchikey_connectivity_formula_mass	2	FALSE	TRUE	7.20001480658539e-09	1.80000370164635e-05
VANILLATE	7273	HMDB	HMDB0000484_37_shen	Vanillic acid	inchikey_connectivity_formula_mass	2	FALSE	TRUE	7.20001480658539e-09	1.80000370164635e-05
VANILLATE	7274	HMDB	HMDB0000484_38_shen	Vanillic acid	inchikey_connectivity_formula_mass	2	FALSE	TRUE	7.20001480658539e-09	1.80000370164635e-05
2-KETO-3-METHYL-VALERATE	7281	HMDB	HMDB0000491_1_shen	3-Methyl-2-oxovaleric acid	inchikey_connectivity_formula_mass	2	FALSE	TRUE	1.30000898934668e-09	3.2500224733667e-06
2-KETO-3-METHYL-VALERATE	7282	HMDB	HMDB0000491_2_shen	3-Methyl-2-oxovaleric acid	inchikey_connectivity_formula_mass	2	FALSE	TRUE	1.30000898934668e-09	3.2500224733667e-06
2-KETO-3-METHYL-VALERATE	7283	HMDB	HMDB0000491_3_shen	3-Methyl-2-oxovaleric acid	inchikey_connectivity_formula_mass	2	FALSE	TRUE	1.30000898934668e-09	3.2500224733667e-06
2-KETO-3-METHYL-VALERATE	7284	HMDB	HMDB0000491_4_shen	3-Methyl-2-oxovaleric acid	inchikey_connectivity_formula_mass	2	FALSE	TRUE	1.30000898934668e-09	3.2500224733667e-06
2-KETO-3-METHYL-VALERATE	7285	HMDB	HMDB0000491_5_shen	3-Methyl-2-oxovaleric acid	inchikey_connectivity_formula_mass	2	FALSE	TRUE	1.30000898934668e-09	3.2500224733667e-06
4-hydroxybenzoate	7294	HMDB	HMDB0000500_1_shen	4-Hydroxybenzoic acid	inchikey_connectivity_formula_mass	2	FALSE	TRUE	5.90000581723871e-09	1.47500145430968e-05
4-hydroxybenzoate	7295	HMDB	HMDB0000500_2_shen	4-Hydroxybenzoic acid	inchikey_connectivity_formula_mass	2	FALSE	TRUE	5.90000581723871e-09	1.47500145430968e-05
4-hydroxybenzoate	7296	HMDB	HMDB0000500_3_shen	4-Hydroxybenzoic acid	inchikey_connectivity_formula_mass	2	FALSE	TRUE	5.90000581723871e-09	1.47500145430968e-05
4-hydroxybenzoate	7297	HMDB	HMDB0000500_4_shen	4-Hydroxybenzoic acid	inchikey_connectivity_formula_mass	2	FALSE	TRUE	5.90000581723871e-09	1.47500145430968e-05
4-hydroxybenzoate	7298	HMDB	HMDB0000500_5_shen	4-Hydroxybenzoic acid	inchikey_connectivity_formula_mass	2	FALSE	TRUE	5.90000581723871e-09	1.47500145430968e-05
4-hydroxybenzoate	7299	HMDB	HMDB0000500_6_shen	4-Hydroxybenzoic acid	inchikey_connectivity_formula_mass	2	FALSE	TRUE	5.90000581723871e-09	1.47500145430968e-05
4-hydroxybenzoate	7300	HMDB	HMDB0000500_7_shen	4-Hydroxybenzoic acid	inchikey_connectivity_formula_mass	2	FALSE	TRUE	5.90000581723871e-09	1.47500145430968e-05
4-hydroxybenzoate	7301	HMDB	HMDB0000500_8_shen	4-Hydroxybenzoic acid	inchikey_connectivity_formula_mass	2	FALSE	TRUE	5.90000581723871e-09	1.47500145430968e-05
4-hydroxybenzoate	7302	HMDB	HMDB0000500_9_shen	4-Hydroxybenzoic acid	inchikey_connectivity_formula_mass	2	FALSE	TRUE	5.90000581723871e-09	1.47500145430968e-05
4-hydroxybenzoate	7303	HMDB	HMDB0000500_10_shen	4-Hydroxybenzoic acid	inchikey_connectivity_formula_mass	2	FALSE	TRUE	5.90000581723871e-09	1.47500145430968e-05
4-hydroxybenzoate	7304	HMDB	HMDB0000500_11_shen	4-Hydroxybenzoic acid	inchikey_connectivity_formula_mass	2	FALSE	TRUE	5.90000581723871e-09	1.47500145430968e-05
4-hydroxybenzoate	7305	HMDB	HMDB0000500_12_shen	4-Hydroxybenzoic acid	inchikey_connectivity_formula_mass	2	FALSE	TRUE	5.90000581723871e-09	1.47500145430968e-05
4-hydroxybenzoate	7306	HMDB	HMDB0000500_13_shen	4-Hydroxybenzoic acid	inchikey_connectivity_formula_mass	2	FALSE	TRUE	5.90000581723871e-09	1.47500145430968e-05
4-hydroxybenzoate	7307	HMDB	HMDB0000500_14_shen	4-Hydroxybenzoic acid	inchikey_connectivity_formula_mass	2	FALSE	TRUE	5.90000581723871e-09	1.47500145430968e-05
4-hydroxybenzoate	7308	HMDB	HMDB0000500_15_shen	4-Hydroxybenzoic acid	inchikey_connectivity_formula_mass	2	FALSE	TRUE	5.90000581723871e-09	1.47500145430968e-05
4-hydroxybenzoate	7309	HMDB	HMDB0000500_16_shen	4-Hydroxybenzoic acid	inchikey_connectivity_formula_mass	2	FALSE	TRUE	5.90000581723871e-09	1.47500145430968e-05
4-hydroxybenzoate	7310	HMDB	HMDB0000500_17_shen	4-Hydroxybenzoic acid	inchikey_connectivity_formula_mass	2	FALSE	TRUE	5.90000581723871e-09	1.47500145430968e-05
4-hydroxybenzoate	7311	HMDB	HMDB0000500_18_shen	4-Hydroxybenzoic acid	inchikey_connectivity_formula_mass	2	FALSE	TRUE	5.90000581723871e-09	1.47500145430968e-05
4-hydroxybenzoate	7312	HMDB	HMDB0000500_19_shen	4-Hydroxybenzoic acid	inchikey_connectivity_formula_mass	2	FALSE	TRUE	5.90000581723871e-09	1.47500145430968e-05
4-hydroxybenzoate	7313	HMDB	HMDB0000500_20_shen	4-Hydroxybenzoic acid	inchikey_connectivity_formula_mass	2	FALSE	TRUE	5.90000581723871e-09	1.47500145430968e-05
4-hydroxybenzoate	7314	HMDB	HMDB0000500_21_shen	4-Hydroxybenzoic acid	inchikey_connectivity_formula_mass	2	FALSE	TRUE	5.90000581723871e-09	1.47500145430968e-05
4-hydroxybenzoate	7315	HMDB	HMDB0000500_22_shen	4-Hydroxybenzoic acid	inchikey_connectivity_formula_mass	2	FALSE	TRUE	5.90000581723871e-09	1.47500145430968e-05
4-hydroxybenzoate	7316	HMDB	HMDB0000500_23_shen	4-Hydroxybenzoic acid	inchikey_connectivity_formula_mass	2	FALSE	TRUE	5.90000581723871e-09	1.47500145430968e-05
4-hydroxybenzoate	7317	HMDB	HMDB0000500_24_shen	4-Hydroxybenzoic acid	inchikey_connectivity_formula_mass	2	FALSE	TRUE	5.90000581723871e-09	1.47500145430968e-05
4-hydroxybenzoate	7318	HMDB	HMDB0000500_25_shen	4-Hydroxybenzoic acid	inchikey_connectivity_formula_mass	2	FALSE	TRUE	5.90000581723871e-09	1.47500145430968e-05
4-hydroxybenzoate	7319	HMDB	HMDB0000500_26_shen	4-Hydroxybenzoic acid	inchikey_connectivity_formula_mass	2	FALSE	TRUE	5.90000581723871e-09	1.47500145430968e-05
4-hydroxybenzoate	7320	HMDB	HMDB0000500_27_shen	4-Hydroxybenzoic acid	inchikey_connectivity_formula_mass	2	FALSE	TRUE	5.90000581723871e-09	1.47500145430968e-05
4-hydroxybenzoate	7321	HMDB	HMDB0000500_28_shen	4-Hydroxybenzoic acid	inchikey_connectivity_formula_mass	2	FALSE	TRUE	5.90000581723871e-09	1.47500145430968e-05
4-hydroxybenzoate	7322	HMDB	HMDB0000500_29_shen	4-Hydroxybenzoic acid	inchikey_connectivity_formula_mass	2	FALSE	TRUE	5.90000581723871e-09	1.47500145430968e-05
4-hydroxybenzoate	7323	HMDB	HMDB0000500_30_shen	4-Hydroxybenzoic acid	inchikey_connectivity_formula_mass	2	FALSE	TRUE	5.90000581723871e-09	1.47500145430968e-05
4-hydroxybenzoate	7324	HMDB	HMDB0000500_31_shen	4-Hydroxybenzoic acid	inchikey_connectivity_formula_mass	2	FALSE	TRUE	5.90000581723871e-09	1.47500145430968e-05
4-hydroxybenzoate	7325	HMDB	HMDB0000500_32_shen	4-Hydroxybenzoic acid	inchikey_connectivity_formula_mass	2	FALSE	TRUE	5.90000581723871e-09	1.47500145430968e-05
4-hydroxybenzoate	7326	HMDB	HMDB0000500_33_shen	4-Hydroxybenzoic acid	inchikey_connectivity_formula_mass	2	FALSE	TRUE	5.90000581723871e-09	1.47500145430968e-05
4-hydroxybenzoate	7327	HMDB	HMDB0000500_34_shen	4-Hydroxybenzoic acid	inchikey_connectivity_formula_mass	2	FALSE	TRUE	5.90000581723871e-09	1.47500145430968e-05
4-hydroxybenzoate	7328	HMDB	HMDB0000500_35_shen	4-Hydroxybenzoic acid	inchikey_connectivity_formula_mass	2	FALSE	TRUE	5.90000581723871e-09	1.47500145430968e-05
4-hydroxybenzoate	7329	HMDB	HMDB0000500_36_shen	4-Hydroxybenzoic acid	inchikey_connectivity_formula_mass	2	FALSE	TRUE	5.90000581723871e-09	1.47500145430968e-05
4-hydroxybenzoate	7330	HMDB	HMDB0000500_37_shen	4-Hydroxybenzoic acid	inchikey_connectivity_formula_mass	2	FALSE	TRUE	5.90000581723871e-09	1.47500145430968e-05
4-hydroxybenzoate	7331	HMDB	HMDB0000500_38_shen	4-Hydroxybenzoic acid	inchikey_connectivity_formula_mass	2	FALSE	TRUE	5.90000581723871e-09	1.47500145430968e-05
4-hydroxybenzoate	7332	HMDB	HMDB0000500_39_shen	4-Hydroxybenzoic acid	inchikey_connectivity_formula_mass	2	FALSE	TRUE	5.90000581723871e-09	1.47500145430968e-05
4-hydroxybenzoate	7333	HMDB	HMDB0000500_40_shen	4-Hydroxybenzoic acid	inchikey_connectivity_formula_mass	2	FALSE	TRUE	5.90000581723871e-09	1.47500145430968e-05
4-hydroxybenzoate	7334	HMDB	HMDB0000500_41_shen	4-Hydroxybenzoic acid	inchikey_connectivity_formula_mass	2	FALSE	TRUE	5.90000581723871e-09	1.47500145430968e-05
4-hydroxybenzoate	7335	HMDB	HMDB0000500_42_shen	4-Hydroxybenzoic acid	inchikey_connectivity_formula_mass	2	FALSE	TRUE	5.90000581723871e-09	1.47500145430968e-05
4-hydroxybenzoate	7336	HMDB	HMDB0000500_43_shen	4-Hydroxybenzoic acid	inchikey_connectivity_formula_mass	2	FALSE	TRUE	5.90000581723871e-09	1.47500145430968e-05
4-hydroxybenzoate	7337	HMDB	HMDB0000500_44_shen	4-Hydroxybenzoic acid	inchikey_connectivity_formula_mass	2	FALSE	TRUE	5.90000581723871e-09	1.47500145430968e-05
4-hydroxybenzoate	7338	HMDB	HMDB0000500_45_shen	4-Hydroxybenzoic acid	inchikey_connectivity_formula_mass	2	FALSE	TRUE	5.90000581723871e-09	1.47500145430968e-05
4-hydroxybenzoate	7339	HMDB	HMDB0000500_46_shen	4-Hydroxybenzoic acid	inchikey_connectivity_formula_mass	2	FALSE	TRUE	5.90000581723871e-09	1.47500145430968e-05
4-hydroxybenzoate	7340	HMDB	HMDB0000500_47_shen	4-Hydroxybenzoic acid	inchikey_connectivity_formula_mass	2	FALSE	TRUE	5.90000581723871e-09	1.47500145430968e-05
RIBITOL	7344	HMDB	HMDB0000508_1_shen	Ribitol	inchikey	1	TRUE	TRUE	1.70001612787019e-09	4.25004031967546e-06
RIBITOL	7345	HMDB	HMDB0000508_2_shen	Ribitol	inchikey	1	TRUE	TRUE	1.70001612787019e-09	4.25004031967546e-06
RIBITOL	7346	HMDB	HMDB0000508_3_shen	Ribitol	inchikey	1	TRUE	TRUE	1.70001612787019e-09	4.25004031967546e-06
RIBITOL	7347	HMDB	HMDB0000508_4_shen	Ribitol	inchikey	1	TRUE	TRUE	1.70001612787019e-09	4.25004031967546e-06
RIBITOL	7348	HMDB	HMDB0000508_5_shen	Ribitol	inchikey	1	TRUE	TRUE	1.70001612787019e-09	4.25004031967546e-06
RIBITOL	7349	HMDB	HMDB0000508_6_shen	Ribitol	inchikey	1	TRUE	TRUE	1.70001612787019e-09	4.25004031967546e-06
RIBITOL	7350	HMDB	HMDB0000508_7_shen	Ribitol	inchikey	1	TRUE	TRUE	1.70001612787019e-09	4.25004031967546e-06
RIBITOL	7351	HMDB	HMDB0000508_8_shen	Ribitol	inchikey	1	TRUE	TRUE	1.70001612787019e-09	4.25004031967546e-06
RIBITOL	7352	HMDB	HMDB0000508_9_shen	Ribitol	inchikey	1	TRUE	TRUE	1.70001612787019e-09	4.25004031967546e-06
RIBITOL	7353	HMDB	HMDB0000508_10_shen	Ribitol	inchikey	1	TRUE	TRUE	1.70001612787019e-09	4.25004031967546e-06
RIBITOL	7354	HMDB	HMDB0000508_11_shen	Ribitol	inchikey	1	TRUE	TRUE	1.70001612787019e-09	4.25004031967546e-06
RIBITOL	7355	HMDB	HMDB0000508_12_shen	Ribitol	inchikey	1	TRUE	TRUE	1.70001612787019e-09	4.25004031967546e-06
RIBITOL	7356	HMDB	HMDB0000508_13_shen	Ribitol	inchikey	1	TRUE	TRUE	1.70001612787019e-09	4.25004031967546e-06
RIBITOL	7357	HMDB	HMDB0000508_14_shen	Ribitol	inchikey	1	TRUE	TRUE	1.70001612787019e-09	4.25004031967546e-06
RIBITOL	7358	HMDB	HMDB0000508_15_shen	Ribitol	inchikey	1	TRUE	TRUE	1.70001612787019e-09	4.25004031967546e-06
RIBITOL	7359	HMDB	HMDB0000508_16_shen	Ribitol	inchikey	1	TRUE	TRUE	1.70001612787019e-09	4.25004031967546e-06
RIBITOL	7360	HMDB	HMDB0000508_17_shen	Ribitol	inchikey	1	TRUE	TRUE	1.70001612787019e-09	4.25004031967546e-06
CPD-468	7364	HMDB	HMDB0000510_1_shen	Aminoadipic acid	inchikey_connectivity_formula_mass	2	FALSE	TRUE	1.69998770616075e-09	4.24996926540189e-06
CPD-468	7365	HMDB	HMDB0000510_2_shen	Aminoadipic acid	inchikey_connectivity_formula_mass	2	FALSE	TRUE	1.69998770616075e-09	4.24996926540189e-06
CPD-468	7366	HMDB	HMDB0000510_3_shen	Aminoadipic acid	inchikey_connectivity_formula_mass	2	FALSE	TRUE	1.69998770616075e-09	4.24996926540189e-06
CPD-468	7367	HMDB	HMDB0000510_4_shen	Aminoadipic acid	inchikey_connectivity_formula_mass	2	FALSE	TRUE	1.69998770616075e-09	4.24996926540189e-06
CPD-468	7368	HMDB	HMDB0000510_5_shen	Aminoadipic acid	inchikey_connectivity_formula_mass	2	FALSE	TRUE	1.69998770616075e-09	4.24996926540189e-06
CPD-468	7369	HMDB	HMDB0000510_6_shen	Aminoadipic acid	inchikey_connectivity_formula_mass	2	FALSE	TRUE	1.69998770616075e-09	4.24996926540189e-06
CPD-468	7370	HMDB	HMDB0000510_7_shen	Aminoadipic acid	inchikey_connectivity_formula_mass	2	FALSE	TRUE	1.69998770616075e-09	4.24996926540189e-06
CPD-468	7371	HMDB	HMDB0000510_8_shen	Aminoadipic acid	inchikey_connectivity_formula_mass	2	FALSE	TRUE	1.69998770616075e-09	4.24996926540189e-06
CPD-468	7372	HMDB	HMDB0000510_9_shen	Aminoadipic acid	inchikey_connectivity_formula_mass	2	FALSE	TRUE	1.69998770616075e-09	4.24996926540189e-06
CPD-468	7373	HMDB	HMDB0000510_10_shen	Aminoadipic acid	inchikey_connectivity_formula_mass	2	FALSE	TRUE	1.69998770616075e-09	4.24996926540189e-06
CPD-468	7374	HMDB	HMDB0000510_11_shen	Aminoadipic acid	inchikey_connectivity_formula_mass	2	FALSE	TRUE	1.69998770616075e-09	4.24996926540189e-06
CPD-468	7375	HMDB	HMDB0000510_12_shen	Aminoadipic acid	inchikey_connectivity_formula_mass	2	FALSE	TRUE	1.69998770616075e-09	4.24996926540189e-06
CPD-468	7376	HMDB	HMDB0000510_13_shen	Aminoadipic acid	inchikey_connectivity_formula_mass	2	FALSE	TRUE	1.69998770616075e-09	4.24996926540189e-06
CPD-468	7377	HMDB	HMDB0000510_14_shen	Aminoadipic acid	inchikey_connectivity_formula_mass	2	FALSE	TRUE	1.69998770616075e-09	4.24996926540189e-06
CPD-468	7378	HMDB	HMDB0000510_15_shen	Aminoadipic acid	inchikey_connectivity_formula_mass	2	FALSE	TRUE	1.69998770616075e-09	4.24996926540189e-06
CPD-468	7379	HMDB	HMDB0000510_16_shen	Aminoadipic acid	inchikey_connectivity_formula_mass	2	FALSE	TRUE	1.69998770616075e-09	4.24996926540189e-06
CPD-468	7380	HMDB	HMDB0000510_17_shen	Aminoadipic acid	inchikey_connectivity_formula_mass	2	FALSE	TRUE	1.69998770616075e-09	4.24996926540189e-06
CPD-468	7381	HMDB	HMDB0000510_18_shen	Aminoadipic acid	inchikey_connectivity_formula_mass	2	FALSE	TRUE	1.69998770616075e-09	4.24996926540189e-06
CPD-468	7382	HMDB	HMDB0000510_19_shen	Aminoadipic acid	inchikey_connectivity_formula_mass	2	FALSE	TRUE	1.69998770616075e-09	4.24996926540189e-06
CPD-468	7383	HMDB	HMDB0000510_20_shen	Aminoadipic acid	inchikey_connectivity_formula_mass	2	FALSE	TRUE	1.69998770616075e-09	4.24996926540189e-06
CPD-468	7384	HMDB	HMDB0000510_21_shen	Aminoadipic acid	inchikey_connectivity_formula_mass	2	FALSE	TRUE	1.69998770616075e-09	4.24996926540189e-06
CPD-468	7385	HMDB	HMDB0000510_22_shen	Aminoadipic acid	inchikey_connectivity_formula_mass	2	FALSE	TRUE	1.69998770616075e-09	4.24996926540189e-06
CPD-468	7386	HMDB	HMDB0000510_23_shen	Aminoadipic acid	inchikey_connectivity_formula_mass	2	FALSE	TRUE	1.69998770616075e-09	4.24996926540189e-06
CPD-468	7387	HMDB	HMDB0000510_24_shen	Aminoadipic acid	inchikey_connectivity_formula_mass	2	FALSE	TRUE	1.69998770616075e-09	4.24996926540189e-06
CPD-468	7388	HMDB	HMDB0000510_25_shen	Aminoadipic acid	inchikey_connectivity_formula_mass	2	FALSE	TRUE	1.69998770616075e-09	4.24996926540189e-06
CPD-468	7389	HMDB	HMDB0000510_26_shen	Aminoadipic acid	inchikey_connectivity_formula_mass	2	FALSE	TRUE	1.69998770616075e-09	4.24996926540189e-06
CPD-468	7390	HMDB	HMDB0000510_27_shen	Aminoadipic acid	inchikey_connectivity_formula_mass	2	FALSE	TRUE	1.69998770616075e-09	4.24996926540189e-06
CPD-468	7391	HMDB	HMDB0000510_28_shen	Aminoadipic acid	inchikey_connectivity_formula_mass	2	FALSE	TRUE	1.69998770616075e-09	4.24996926540189e-06
CPD-3617	7392	HMDB	HMDB0000511_1_shen	Capric acid	inchikey_connectivity_formula_mass	2	FALSE	TRUE	2.19998241846042e-09	5.49995604615106e-06
CPD-3617	7393	HMDB	HMDB0000511_2_shen	Capric acid	inchikey_connectivity_formula_mass	2	FALSE	TRUE	2.19998241846042e-09	5.49995604615106e-06
CPD-3617	7394	HMDB	HMDB0000511_3_shen	Capric acid	inchikey_connectivity_formula_mass	2	FALSE	TRUE	2.19998241846042e-09	5.49995604615106e-06
CPD-3617	7395	HMDB	HMDB0000511_4_shen	Capric acid	inchikey_connectivity_formula_mass	2	FALSE	TRUE	2.19998241846042e-09	5.49995604615106e-06
CPD-3617	7396	HMDB	HMDB0000511_5_shen	Capric acid	inchikey_connectivity_formula_mass	2	FALSE	TRUE	2.19998241846042e-09	5.49995604615106e-06
CPD-3617	7397	HMDB	HMDB0000511_6_shen	Capric acid	inchikey_connectivity_formula_mass	2	FALSE	TRUE	2.19998241846042e-09	5.49995604615106e-06
CPD-3617	7398	HMDB	HMDB0000511_7_shen	Capric acid	inchikey_connectivity_formula_mass	2	FALSE	TRUE	2.19998241846042e-09	5.49995604615106e-06
CPD-3617	7399	HMDB	HMDB0000511_8_shen	Capric acid	inchikey_connectivity_formula_mass	2	FALSE	TRUE	2.19998241846042e-09	5.49995604615106e-06
CPD-3617	7400	HMDB	HMDB0000511_9_shen	Capric acid	inchikey_connectivity_formula_mass	2	FALSE	TRUE	2.19998241846042e-09	5.49995604615106e-06
CPD-3617	7401	HMDB	HMDB0000511_10_shen	Capric acid	inchikey_connectivity_formula_mass	2	FALSE	TRUE	2.19998241846042e-09	5.49995604615106e-06
CPD-3617	7402	HMDB	HMDB0000511_11_shen	Capric acid	inchikey_connectivity_formula_mass	2	FALSE	TRUE	2.19998241846042e-09	5.49995604615106e-06
CPD-3617	7403	HMDB	HMDB0000511_12_shen	Capric acid	inchikey_connectivity_formula_mass	2	FALSE	TRUE	2.19998241846042e-09	5.49995604615106e-06
CPD-3617	7404	HMDB	HMDB0000511_13_shen	Capric acid	inchikey_connectivity_formula_mass	2	FALSE	TRUE	2.19998241846042e-09	5.49995604615106e-06
CPD-3617	7405	HMDB	HMDB0000511_14_shen	Capric acid	inchikey_connectivity_formula_mass	2	FALSE	TRUE	2.19998241846042e-09	5.49995604615106e-06
CPD-3617	7406	HMDB	HMDB0000511_15_shen	Capric acid	inchikey_connectivity_formula_mass	2	FALSE	TRUE	2.19998241846042e-09	5.49995604615106e-06
CPD-3617	7407	HMDB	HMDB0000511_16_shen	Capric acid	inchikey_connectivity_formula_mass	2	FALSE	TRUE	2.19998241846042e-09	5.49995604615106e-06
CPD-3617	7408	HMDB	HMDB0000511_17_shen	Capric acid	inchikey_connectivity_formula_mass	2	FALSE	TRUE	2.19998241846042e-09	5.49995604615106e-06
CPD-3617	7409	HMDB	HMDB0000511_18_shen	Capric acid	inchikey_connectivity_formula_mass	2	FALSE	TRUE	2.19998241846042e-09	5.49995604615106e-06
CPD-3617	7410	HMDB	HMDB0000511_19_shen	Capric acid	inchikey_connectivity_formula_mass	2	FALSE	TRUE	2.19998241846042e-09	5.49995604615106e-06
CPD-3617	7411	HMDB	HMDB0000511_20_shen	Capric acid	inchikey_connectivity_formula_mass	2	FALSE	TRUE	2.19998241846042e-09	5.49995604615106e-06
CPD-3617	7412	HMDB	HMDB0000511_21_shen	Capric acid	inchikey_connectivity_formula_mass	2	FALSE	TRUE	2.19998241846042e-09	5.49995604615106e-06
CPD-3617	7413	HMDB	HMDB0000511_22_shen	Capric acid	inchikey_connectivity_formula_mass	2	FALSE	TRUE	2.19998241846042e-09	5.49995604615106e-06
CPD-3617	7414	HMDB	HMDB0000511_23_shen	Capric acid	inchikey_connectivity_formula_mass	2	FALSE	TRUE	2.19998241846042e-09	5.49995604615106e-06
CPD-3617	7415	HMDB	HMDB0000511_24_shen	Capric acid	inchikey_connectivity_formula_mass	2	FALSE	TRUE	2.19998241846042e-09	5.49995604615106e-06
CPD-3617	7416	HMDB	HMDB0000511_25_shen	Capric acid	inchikey_connectivity_formula_mass	2	FALSE	TRUE	2.19998241846042e-09	5.49995604615106e-06
CPD-3617	7417	HMDB	HMDB0000511_26_shen	Capric acid	inchikey_connectivity_formula_mass	2	FALSE	TRUE	2.19998241846042e-09	5.49995604615106e-06
CPD-3617	7418	HMDB	HMDB0000511_27_shen	Capric acid	inchikey_connectivity_formula_mass	2	FALSE	TRUE	2.19998241846042e-09	5.49995604615106e-06
CPD-3617	7419	HMDB	HMDB0000511_28_shen	Capric acid	inchikey_connectivity_formula_mass	2	FALSE	TRUE	2.19998241846042e-09	5.49995604615106e-06
CPD-3617	7420	HMDB	HMDB0000511_29_shen	Capric acid	inchikey_connectivity_formula_mass	2	FALSE	TRUE	2.19998241846042e-09	5.49995604615106e-06
CPD-3617	7421	HMDB	HMDB0000511_30_shen	Capric acid	inchikey_connectivity_formula_mass	2	FALSE	TRUE	2.19998241846042e-09	5.49995604615106e-06
CPD-3617	7422	HMDB	HMDB0000511_31_shen	Capric acid	inchikey_connectivity_formula_mass	2	FALSE	TRUE	2.19998241846042e-09	5.49995604615106e-06
CPD-3617	7423	HMDB	HMDB0000511_32_shen	Capric acid	inchikey_connectivity_formula_mass	2	FALSE	TRUE	2.19998241846042e-09	5.49995604615106e-06
CPD-3617	7424	HMDB	HMDB0000511_33_shen	Capric acid	inchikey_connectivity_formula_mass	2	FALSE	TRUE	2.19998241846042e-09	5.49995604615106e-06
ARG	7466	HMDB	HMDB0000517_1_shen	L-Arginine	inchikey_connectivity_formula_mass	2	FALSE	TRUE	2.40001440943161e-09	6.00003602357901e-06
ARG	7467	HMDB	HMDB0000517_2_shen	L-Arginine	inchikey_connectivity_formula_mass	2	FALSE	TRUE	2.40001440943161e-09	6.00003602357901e-06
ARG	7468	HMDB	HMDB0000517_3_shen	L-Arginine	inchikey_connectivity_formula_mass	2	FALSE	TRUE	2.40001440943161e-09	6.00003602357901e-06
ARG	7469	HMDB	HMDB0000517_4_shen	L-Arginine	inchikey_connectivity_formula_mass	2	FALSE	TRUE	2.40001440943161e-09	6.00003602357901e-06
ARG	7470	HMDB	HMDB0000517_5_shen	L-Arginine	inchikey_connectivity_formula_mass	2	FALSE	TRUE	2.40001440943161e-09	6.00003602357901e-06
ARG	7471	HMDB	HMDB0000517_6_shen	L-Arginine	inchikey_connectivity_formula_mass	2	FALSE	TRUE	2.40001440943161e-09	6.00003602357901e-06
ARG	7472	HMDB	HMDB0000517_7_shen	L-Arginine	inchikey_connectivity_formula_mass	2	FALSE	TRUE	2.40001440943161e-09	6.00003602357901e-06
ARG	7473	HMDB	HMDB0000517_8_shen	L-Arginine	inchikey_connectivity_formula_mass	2	FALSE	TRUE	2.40001440943161e-09	6.00003602357901e-06
ARG	7474	HMDB	HMDB0000517_9_shen	L-Arginine	inchikey_connectivity_formula_mass	2	FALSE	TRUE	2.40001440943161e-09	6.00003602357901e-06
ARG	7475	HMDB	HMDB0000517_10_shen	L-Arginine	inchikey_connectivity_formula_mass	2	FALSE	TRUE	2.40001440943161e-09	6.00003602357901e-06
ARG	7476	HMDB	HMDB0000517_11_shen	L-Arginine	inchikey_connectivity_formula_mass	2	FALSE	TRUE	2.40001440943161e-09	6.00003602357901e-06
ARG	7477	HMDB	HMDB0000517_12_shen	L-Arginine	inchikey_connectivity_formula_mass	2	FALSE	TRUE	2.40001440943161e-09	6.00003602357901e-06
ARG	7478	HMDB	HMDB0000517_13_shen	L-Arginine	inchikey_connectivity_formula_mass	2	FALSE	TRUE	2.40001440943161e-09	6.00003602357901e-06
ARG	7479	HMDB	HMDB0000517_14_shen	L-Arginine	inchikey_connectivity_formula_mass	2	FALSE	TRUE	2.40001440943161e-09	6.00003602357901e-06
ARG	7480	HMDB	HMDB0000517_15_shen	L-Arginine	inchikey_connectivity_formula_mass	2	FALSE	TRUE	2.40001440943161e-09	6.00003602357901e-06
ARG	7481	HMDB	HMDB0000517_16_shen	L-Arginine	inchikey_connectivity_formula_mass	2	FALSE	TRUE	2.40001440943161e-09	6.00003602357901e-06
ARG	7482	HMDB	HMDB0000517_17_shen	L-Arginine	inchikey_connectivity_formula_mass	2	FALSE	TRUE	2.40001440943161e-09	6.00003602357901e-06
ARG	7483	HMDB	HMDB0000517_18_shen	L-Arginine	inchikey_connectivity_formula_mass	2	FALSE	TRUE	2.40001440943161e-09	6.00003602357901e-06
ARG	7484	HMDB	HMDB0000517_19_shen	L-Arginine	inchikey_connectivity_formula_mass	2	FALSE	TRUE	2.40001440943161e-09	6.00003602357901e-06
ARG	7485	HMDB	HMDB0000517_20_shen	L-Arginine	inchikey_connectivity_formula_mass	2	FALSE	TRUE	2.40001440943161e-09	6.00003602357901e-06
ARG	7486	HMDB	HMDB0000517_21_shen	L-Arginine	inchikey_connectivity_formula_mass	2	FALSE	TRUE	2.40001440943161e-09	6.00003602357901e-06
ARG	7487	HMDB	HMDB0000517_22_shen	L-Arginine	inchikey_connectivity_formula_mass	2	FALSE	TRUE	2.40001440943161e-09	6.00003602357901e-06
ARG	7488	HMDB	HMDB0000517_23_shen	L-Arginine	inchikey_connectivity_formula_mass	2	FALSE	TRUE	2.40001440943161e-09	6.00003602357901e-06
ARG	7489	HMDB	HMDB0000517_24_shen	L-Arginine	inchikey_connectivity_formula_mass	2	FALSE	TRUE	2.40001440943161e-09	6.00003602357901e-06
ARG	7490	HMDB	HMDB0000517_25_shen	L-Arginine	inchikey_connectivity_formula_mass	2	FALSE	TRUE	2.40001440943161e-09	6.00003602357901e-06
ARG	7491	HMDB	HMDB0000517_26_shen	L-Arginine	inchikey_connectivity_formula_mass	2	FALSE	TRUE	2.40001440943161e-09	6.00003602357901e-06
ARG	7492	HMDB	HMDB0000517_27_shen	L-Arginine	inchikey_connectivity_formula_mass	2	FALSE	TRUE	2.40001440943161e-09	6.00003602357901e-06
ARG	7493	HMDB	HMDB0000517_28_shen	L-Arginine	inchikey_connectivity_formula_mass	2	FALSE	TRUE	2.40001440943161e-09	6.00003602357901e-06
ARG	7494	HMDB	HMDB0000517_29_shen	L-Arginine	inchikey_connectivity_formula_mass	2	FALSE	TRUE	2.40001440943161e-09	6.00003602357901e-06
ARG	7495	HMDB	HMDB0000517_30_shen	L-Arginine	inchikey_connectivity_formula_mass	2	FALSE	TRUE	2.40001440943161e-09	6.00003602357901e-06
ARG	7496	HMDB	HMDB0000517_31_shen	L-Arginine	inchikey_connectivity_formula_mass	2	FALSE	TRUE	2.40001440943161e-09	6.00003602357901e-06
ARG	7497	HMDB	HMDB0000517_32_shen	L-Arginine	inchikey_connectivity_formula_mass	2	FALSE	TRUE	2.40001440943161e-09	6.00003602357901e-06
ARG	7498	HMDB	HMDB0000517_33_shen	L-Arginine	inchikey_connectivity_formula_mass	2	FALSE	TRUE	2.40001440943161e-09	6.00003602357901e-06
ARG	7499	HMDB	HMDB0000517_34_shen	L-Arginine	inchikey_connectivity_formula_mass	2	FALSE	TRUE	2.40001440943161e-09	6.00003602357901e-06
ARG	7500	HMDB	HMDB0000517_35_shen	L-Arginine	inchikey_connectivity_formula_mass	2	FALSE	TRUE	2.40001440943161e-09	6.00003602357901e-06
ARG	7501	HMDB	HMDB0000517_36_shen	L-Arginine	inchikey_connectivity_formula_mass	2	FALSE	TRUE	2.40001440943161e-09	6.00003602357901e-06
ARG	7502	HMDB	HMDB0000517_37_shen	L-Arginine	inchikey_connectivity_formula_mass	2	FALSE	TRUE	2.40001440943161e-09	6.00003602357901e-06
ARG	7503	HMDB	HMDB0000517_38_shen	L-Arginine	inchikey_connectivity_formula_mass	2	FALSE	TRUE	2.40001440943161e-09	6.00003602357901e-06
ARG	7504	HMDB	HMDB0000517_39_shen	L-Arginine	inchikey_connectivity_formula_mass	2	FALSE	TRUE	2.40001440943161e-09	6.00003602357901e-06
ARG	7505	HMDB	HMDB0000517_40_shen	L-Arginine	inchikey_connectivity_formula_mass	2	FALSE	TRUE	2.40001440943161e-09	6.00003602357901e-06
ARG	7506	HMDB	HMDB0000517_41_shen	L-Arginine	inchikey_connectivity_formula_mass	2	FALSE	TRUE	2.40001440943161e-09	6.00003602357901e-06
ARG	7507	HMDB	HMDB0000517_42_shen	L-Arginine	inchikey_connectivity_formula_mass	2	FALSE	TRUE	2.40001440943161e-09	6.00003602357901e-06
ARG	7508	HMDB	HMDB0000517_43_shen	L-Arginine	inchikey_connectivity_formula_mass	2	FALSE	TRUE	2.40001440943161e-09	6.00003602357901e-06
ARG	7509	HMDB	HMDB0000517_44_shen	L-Arginine	inchikey_connectivity_formula_mass	2	FALSE	TRUE	2.40001440943161e-09	6.00003602357901e-06
ARG	7510	HMDB	HMDB0000517_45_shen	L-Arginine	inchikey_connectivity_formula_mass	2	FALSE	TRUE	2.40001440943161e-09	6.00003602357901e-06
ARG	7511	HMDB	HMDB0000517_46_shen	L-Arginine	inchikey_connectivity_formula_mass	2	FALSE	TRUE	2.40001440943161e-09	6.00003602357901e-06
ARG	7512	HMDB	HMDB0000517_47_shen	L-Arginine	inchikey_connectivity_formula_mass	2	FALSE	TRUE	2.40001440943161e-09	6.00003602357901e-06
ARG	7513	HMDB	HMDB0000517_48_shen	L-Arginine	inchikey_connectivity_formula_mass	2	FALSE	TRUE	2.40001440943161e-09	6.00003602357901e-06
ARG	7514	HMDB	HMDB0000517_49_shen	L-Arginine	inchikey_connectivity_formula_mass	2	FALSE	TRUE	2.40001440943161e-09	6.00003602357901e-06
ARG	7515	HMDB	HMDB0000517_50_shen	L-Arginine	inchikey_connectivity_formula_mass	2	FALSE	TRUE	2.40001440943161e-09	6.00003602357901e-06
ARG	7516	HMDB	HMDB0000517_51_shen	L-Arginine	inchikey_connectivity_formula_mass	2	FALSE	TRUE	2.40001440943161e-09	6.00003602357901e-06
ARG	7517	HMDB	HMDB0000517_52_shen	L-Arginine	inchikey_connectivity_formula_mass	2	FALSE	TRUE	2.40001440943161e-09	6.00003602357901e-06
ARG	7518	HMDB	HMDB0000517_53_shen	L-Arginine	inchikey_connectivity_formula_mass	2	FALSE	TRUE	2.40001440943161e-09	6.00003602357901e-06
ARG	7519	HMDB	HMDB0000517_54_shen	L-Arginine	inchikey_connectivity_formula_mass	2	FALSE	TRUE	2.40001440943161e-09	6.00003602357901e-06
ARG	7520	HMDB	HMDB0000517_55_shen	L-Arginine	inchikey_connectivity_formula_mass	2	FALSE	TRUE	2.40001440943161e-09	6.00003602357901e-06
ARG	7521	HMDB	HMDB0000517_56_shen	L-Arginine	inchikey_connectivity_formula_mass	2	FALSE	TRUE	2.40001440943161e-09	6.00003602357901e-06
ARG	7522	HMDB	HMDB0000517_57_shen	L-Arginine	inchikey_connectivity_formula_mass	2	FALSE	TRUE	2.40001440943161e-09	6.00003602357901e-06
ARG	7523	HMDB	HMDB0000517_58_shen	L-Arginine	inchikey_connectivity_formula_mass	2	FALSE	TRUE	2.40001440943161e-09	6.00003602357901e-06
ARG	7524	HMDB	HMDB0000517_59_shen	L-Arginine	inchikey_connectivity_formula_mass	2	FALSE	TRUE	2.40001440943161e-09	6.00003602357901e-06
ARG	7525	HMDB	HMDB0000517_60_shen	L-Arginine	inchikey_connectivity_formula_mass	2	FALSE	TRUE	2.40001440943161e-09	6.00003602357901e-06
ARG	7526	HMDB	HMDB0000517_61_shen	L-Arginine	inchikey_connectivity_formula_mass	2	FALSE	TRUE	2.40001440943161e-09	6.00003602357901e-06
ARG	7527	HMDB	HMDB0000517_62_shen	L-Arginine	inchikey_connectivity_formula_mass	2	FALSE	TRUE	2.40001440943161e-09	6.00003602357901e-06
ARG	7528	HMDB	HMDB0000517_63_shen	L-Arginine	inchikey_connectivity_formula_mass	2	FALSE	TRUE	2.40001440943161e-09	6.00003602357901e-06
ARG	7529	HMDB	HMDB0000517_64_shen	L-Arginine	inchikey_connectivity_formula_mass	2	FALSE	TRUE	2.40001440943161e-09	6.00003602357901e-06
ARG	7530	HMDB	HMDB0000517_65_shen	L-Arginine	inchikey_connectivity_formula_mass	2	FALSE	TRUE	2.40001440943161e-09	6.00003602357901e-06
ARG	7531	HMDB	HMDB0000517_66_shen	L-Arginine	inchikey_connectivity_formula_mass	2	FALSE	TRUE	2.40001440943161e-09	6.00003602357901e-06
ARG	7532	HMDB	HMDB0000517_67_shen	L-Arginine	inchikey_connectivity_formula_mass	2	FALSE	TRUE	2.40001440943161e-09	6.00003602357901e-06
ARG	7533	HMDB	HMDB0000517_68_shen	L-Arginine	inchikey_connectivity_formula_mass	2	FALSE	TRUE	2.40001440943161e-09	6.00003602357901e-06
ARG	7534	HMDB	HMDB0000517_69_shen	L-Arginine	inchikey_connectivity_formula_mass	2	FALSE	TRUE	2.40001440943161e-09	6.00003602357901e-06
ARG	7535	HMDB	HMDB0000517_70_shen	L-Arginine	inchikey_connectivity_formula_mass	2	FALSE	TRUE	2.40001440943161e-09	6.00003602357901e-06
ARG	7536	HMDB	HMDB0000517_71_shen	L-Arginine	inchikey_connectivity_formula_mass	2	FALSE	TRUE	2.40001440943161e-09	6.00003602357901e-06
ARG	7537	HMDB	HMDB0000517_72_shen	L-Arginine	inchikey_connectivity_formula_mass	2	FALSE	TRUE	2.40001440943161e-09	6.00003602357901e-06
ARG	7538	HMDB	HMDB0000517_73_shen	L-Arginine	inchikey_connectivity_formula_mass	2	FALSE	TRUE	2.40001440943161e-09	6.00003602357901e-06
ARG	7539	HMDB	HMDB0000517_74_shen	L-Arginine	inchikey_connectivity_formula_mass	2	FALSE	TRUE	2.40001440943161e-09	6.00003602357901e-06
ARG	7540	HMDB	HMDB0000517_75_shen	L-Arginine	inchikey_connectivity_formula_mass	2	FALSE	TRUE	2.40001440943161e-09	6.00003602357901e-06
ARG	7541	HMDB	HMDB0000517_76_shen	L-Arginine	inchikey_connectivity_formula_mass	2	FALSE	TRUE	2.40001440943161e-09	6.00003602357901e-06
ARG	7542	HMDB	HMDB0000517_77_shen	L-Arginine	inchikey_connectivity_formula_mass	2	FALSE	TRUE	2.40001440943161e-09	6.00003602357901e-06
ARG	7543	HMDB	HMDB0000517_78_shen	L-Arginine	inchikey_connectivity_formula_mass	2	FALSE	TRUE	2.40001440943161e-09	6.00003602357901e-06
DI-H-OROTATE	7563	HMDB	HMDB0000528_1_shen	4,5-Dihydroorotic acid	name_formula_mass	4	FALSE	TRUE	1.39996814141341e-09	3.49992035353353e-06
DI-H-OROTATE	7564	HMDB	HMDB0000528_2_shen	4,5-Dihydroorotic acid	name_formula_mass	4	FALSE	TRUE	1.39996814141341e-09	3.49992035353353e-06
DI-H-OROTATE	7565	HMDB	HMDB0000528_3_shen	4,5-Dihydroorotic acid	name_formula_mass	4	FALSE	TRUE	1.39996814141341e-09	3.49992035353353e-06
HEXANOATE	7589	HMDB	HMDB0000535_1_shen	Caproic acid	inchikey_connectivity_formula_mass	2	FALSE	TRUE	1.39999656312284e-09	3.4999914078071e-06
HEXANOATE	7590	HMDB	HMDB0000535_2_shen	Caproic acid	inchikey_connectivity_formula_mass	2	FALSE	TRUE	1.39999656312284e-09	3.4999914078071e-06
HEXANOATE	7591	HMDB	HMDB0000535_3_shen	Caproic acid	inchikey_connectivity_formula_mass	2	FALSE	TRUE	1.39999656312284e-09	3.4999914078071e-06
HEXANOATE	7592	HMDB	HMDB0000535_4_shen	Caproic acid	inchikey_connectivity_formula_mass	2	FALSE	TRUE	1.39999656312284e-09	3.4999914078071e-06
HEXANOATE	7593	HMDB	HMDB0000535_5_shen	Caproic acid	inchikey_connectivity_formula_mass	2	FALSE	TRUE	1.39999656312284e-09	3.4999914078071e-06
HEXANOATE	7594	HMDB	HMDB0000535_6_shen	Caproic acid	inchikey_connectivity_formula_mass	2	FALSE	TRUE	1.39999656312284e-09	3.4999914078071e-06
HEXANOATE	7595	HMDB	HMDB0000535_7_shen	Caproic acid	inchikey_connectivity_formula_mass	2	FALSE	TRUE	1.39999656312284e-09	3.4999914078071e-06
HEXANOATE	7596	HMDB	HMDB0000535_8_shen	Caproic acid	inchikey_connectivity_formula_mass	2	FALSE	TRUE	1.39999656312284e-09	3.4999914078071e-06
HEXANOATE	7597	HMDB	HMDB0000535_9_shen	Caproic acid	inchikey_connectivity_formula_mass	2	FALSE	TRUE	1.39999656312284e-09	3.4999914078071e-06
HEXANOATE	7598	HMDB	HMDB0000535_10_shen	Caproic acid	inchikey_connectivity_formula_mass	2	FALSE	TRUE	1.39999656312284e-09	3.4999914078071e-06
HEXANOATE	7599	HMDB	HMDB0000535_11_shen	Caproic acid	inchikey_connectivity_formula_mass	2	FALSE	TRUE	1.39999656312284e-09	3.4999914078071e-06
HEXANOATE	7600	HMDB	HMDB0000535_12_shen	Caproic acid	inchikey_connectivity_formula_mass	2	FALSE	TRUE	1.39999656312284e-09	3.4999914078071e-06
HEXANOATE	7601	HMDB	HMDB0000535_13_shen	Caproic acid	inchikey_connectivity_formula_mass	2	FALSE	TRUE	1.39999656312284e-09	3.4999914078071e-06
HEXANOATE	7602	HMDB	HMDB0000535_14_shen	Caproic acid	inchikey_connectivity_formula_mass	2	FALSE	TRUE	1.39999656312284e-09	3.4999914078071e-06
ILE	7724	HMDB	HMDB0000557_1_shen	L-Alloisoleucine	name_formula_mass	4	TRUE	TRUE	1.70001612787019e-09	4.25004031967546e-06
ILE	7725	HMDB	HMDB0000557_2_shen	L-Alloisoleucine	name_formula_mass	4	TRUE	TRUE	1.70001612787019e-09	4.25004031967546e-06
ILE	7726	HMDB	HMDB0000557_3_shen	L-Alloisoleucine	name_formula_mass	4	TRUE	TRUE	1.70001612787019e-09	4.25004031967546e-06
ILE	7727	HMDB	HMDB0000557_4_shen	L-Alloisoleucine	name_formula_mass	4	TRUE	TRUE	1.70001612787019e-09	4.25004031967546e-06
ILE	7728	HMDB	HMDB0000557_5_shen	L-Alloisoleucine	name_formula_mass	4	TRUE	TRUE	1.70001612787019e-09	4.25004031967546e-06
ILE	7729	HMDB	HMDB0000557_6_shen	L-Alloisoleucine	name_formula_mass	4	TRUE	TRUE	1.70001612787019e-09	4.25004031967546e-06
ILE	7730	HMDB	HMDB0000557_7_shen	L-Alloisoleucine	name_formula_mass	4	TRUE	TRUE	1.70001612787019e-09	4.25004031967546e-06
ILE	7731	HMDB	HMDB0000557_8_shen	L-Alloisoleucine	name_formula_mass	4	TRUE	TRUE	1.70001612787019e-09	4.25004031967546e-06
ILE	7732	HMDB	HMDB0000557_9_shen	L-Alloisoleucine	name_formula_mass	4	TRUE	TRUE	1.70001612787019e-09	4.25004031967546e-06
ILE	7733	HMDB	HMDB0000557_10_shen	L-Alloisoleucine	name_formula_mass	4	TRUE	TRUE	1.70001612787019e-09	4.25004031967546e-06
ILE	7734	HMDB	HMDB0000557_11_shen	L-Alloisoleucine	name_formula_mass	4	TRUE	TRUE	1.70001612787019e-09	4.25004031967546e-06
ILE	7735	HMDB	HMDB0000557_12_shen	L-Alloisoleucine	name_formula_mass	4	TRUE	TRUE	1.70001612787019e-09	4.25004031967546e-06
CPD1F-129	7736	HMDB	HMDB0000561_1_shen	beta-Carotene	inchikey	1	TRUE	TRUE	5.40001110493904e-09	1.00664178778537e-05
CPD1F-129	7737	HMDB	HMDB0000561_2_shen	beta-Carotene	inchikey	1	TRUE	TRUE	5.40001110493904e-09	1.00664178778537e-05
CPD1F-129	7738	HMDB	HMDB0000561_3_shen	beta-Carotene	inchikey	1	TRUE	TRUE	5.40001110493904e-09	1.00664178778537e-05
CPD1F-129	7739	HMDB	HMDB0000561_4_shen	beta-Carotene	inchikey	1	TRUE	TRUE	5.40001110493904e-09	1.00664178778537e-05
CPD1F-129	7740	HMDB	HMDB0000561_5_shen	beta-Carotene	inchikey	1	TRUE	TRUE	5.40001110493904e-09	1.00664178778537e-05
CPD-674	7857	HMDB	HMDB0000567_1_shen	Cinnamic acid	name_formula_mass	4	FALSE	TRUE	1.00001784630877e-09	2.50004461577191e-06
CPD-674	7858	HMDB	HMDB0000567_2_shen	Cinnamic acid	name_formula_mass	4	FALSE	TRUE	1.00001784630877e-09	2.50004461577191e-06
CPD-674	7859	HMDB	HMDB0000567_3_shen	Cinnamic acid	name_formula_mass	4	FALSE	TRUE	1.00001784630877e-09	2.50004461577191e-06
CPD-355	7860	HMDB	HMDB0000568_1_shen	D-Arabitol	inchikey	1	TRUE	TRUE	1.70001612787019e-09	4.25004031967546e-06
CPD-355	7861	HMDB	HMDB0000568_2_shen	D-Arabitol	inchikey	1	TRUE	TRUE	1.70001612787019e-09	4.25004031967546e-06
CPD-355	7862	HMDB	HMDB0000568_3_shen	D-Arabitol	inchikey	1	TRUE	TRUE	1.70001612787019e-09	4.25004031967546e-06
CPD-355	7863	HMDB	HMDB0000568_4_shen	D-Arabitol	inchikey	1	TRUE	TRUE	1.70001612787019e-09	4.25004031967546e-06
CPD-355	7864	HMDB	HMDB0000568_5_shen	D-Arabitol	inchikey	1	TRUE	TRUE	1.70001612787019e-09	4.25004031967546e-06
CPD-355	7865	HMDB	HMDB0000568_6_shen	D-Arabitol	inchikey	1	TRUE	TRUE	1.70001612787019e-09	4.25004031967546e-06
CPD-355	7866	HMDB	HMDB0000568_7_shen	D-Arabitol	inchikey	1	TRUE	TRUE	1.70001612787019e-09	4.25004031967546e-06
CPD-355	7867	HMDB	HMDB0000568_8_shen	D-Arabitol	inchikey	1	TRUE	TRUE	1.70001612787019e-09	4.25004031967546e-06
CPD-355	7868	HMDB	HMDB0000568_9_shen	D-Arabitol	inchikey	1	TRUE	TRUE	1.70001612787019e-09	4.25004031967546e-06
CPD-355	7869	HMDB	HMDB0000568_10_shen	D-Arabitol	inchikey	1	TRUE	TRUE	1.70001612787019e-09	4.25004031967546e-06
CPD-355	7870	HMDB	HMDB0000568_11_shen	D-Arabitol	inchikey	1	TRUE	TRUE	1.70001612787019e-09	4.25004031967546e-06
OLEATE-CPD	7871	HMDB	HMDB0000573_1_shen	Elaidic acid	name_formula_mass	4	FALSE	TRUE	3.60000740329269e-09	9.00001850823173e-06
OLEATE-CPD	7872	HMDB	HMDB0000573_2_shen	Elaidic acid	name_formula_mass	4	FALSE	TRUE	3.60000740329269e-09	9.00001850823173e-06
OLEATE-CPD	7873	HMDB	HMDB0000573_3_shen	Elaidic acid	name_formula_mass	4	FALSE	TRUE	3.60000740329269e-09	9.00001850823173e-06
CYS	7874	HMDB	HMDB0000574_1_shen	L-Cysteine	inchikey	1	TRUE	TRUE	1.10000542008493e-09	2.75001355021232e-06
CYS	7875	HMDB	HMDB0000574_2_shen	L-Cysteine	inchikey	1	TRUE	TRUE	1.10000542008493e-09	2.75001355021232e-06
CYS	7876	HMDB	HMDB0000574_3_shen	L-Cysteine	inchikey	1	TRUE	TRUE	1.10000542008493e-09	2.75001355021232e-06
CYS	7877	HMDB	HMDB0000574_4_shen	L-Cysteine	inchikey	1	TRUE	TRUE	1.10000542008493e-09	2.75001355021232e-06
CYS	7878	HMDB	HMDB0000574_5_shen	L-Cysteine	inchikey	1	TRUE	TRUE	1.10000542008493e-09	2.75001355021232e-06
CYS	7879	HMDB	HMDB0000574_6_shen	L-Cysteine	inchikey	1	TRUE	TRUE	1.10000542008493e-09	2.75001355021232e-06
CYS	7880	HMDB	HMDB0000574_7_shen	L-Cysteine	inchikey	1	TRUE	TRUE	1.10000542008493e-09	2.75001355021232e-06
CYS	7881	HMDB	HMDB0000574_8_shen	L-Cysteine	inchikey	1	TRUE	TRUE	1.10000542008493e-09	2.75001355021232e-06
CYS	7882	HMDB	HMDB0000574_9_shen	L-Cysteine	inchikey	1	TRUE	TRUE	1.10000542008493e-09	2.75001355021232e-06
CYS	7883	HMDB	HMDB0000574_10_shen	L-Cysteine	inchikey	1	TRUE	TRUE	1.10000542008493e-09	2.75001355021232e-06
CYS	7884	HMDB	HMDB0000574_11_shen	L-Cysteine	inchikey	1	TRUE	TRUE	1.10000542008493e-09	2.75001355021232e-06
CYS	7885	HMDB	HMDB0000574_12_shen	L-Cysteine	inchikey	1	TRUE	TRUE	1.10000542008493e-09	2.75001355021232e-06
CYS	7886	HMDB	HMDB0000574_13_shen	L-Cysteine	inchikey	1	TRUE	TRUE	1.10000542008493e-09	2.75001355021232e-06
CYS	7887	HMDB	HMDB0000574_14_shen	L-Cysteine	inchikey	1	TRUE	TRUE	1.10000542008493e-09	2.75001355021232e-06
CYS	7888	HMDB	HMDB0000574_15_shen	L-Cysteine	inchikey	1	TRUE	TRUE	1.10000542008493e-09	2.75001355021232e-06
CYS	7889	HMDB	HMDB0000574_16_shen	L-Cysteine	inchikey	1	TRUE	TRUE	1.10000542008493e-09	2.75001355021232e-06
CYS	7890	HMDB	HMDB0000574_17_shen	L-Cysteine	inchikey	1	TRUE	TRUE	1.10000542008493e-09	2.75001355021232e-06
CYS	7891	HMDB	HMDB0000574_18_shen	L-Cysteine	inchikey	1	TRUE	TRUE	1.10000542008493e-09	2.75001355021232e-06
CYS	7892	HMDB	HMDB0000574_19_shen	L-Cysteine	inchikey	1	TRUE	TRUE	1.10000542008493e-09	2.75001355021232e-06
CYS	7893	HMDB	HMDB0000574_20_shen	L-Cysteine	inchikey	1	TRUE	TRUE	1.10000542008493e-09	2.75001355021232e-06
CYS	7894	HMDB	HMDB0000574_21_shen	L-Cysteine	inchikey	1	TRUE	TRUE	1.10000542008493e-09	2.75001355021232e-06
CYS	7895	HMDB	HMDB0000574_22_shen	L-Cysteine	inchikey	1	TRUE	TRUE	1.10000542008493e-09	2.75001355021232e-06
CYS	7896	HMDB	HMDB0000574_23_shen	L-Cysteine	inchikey	1	TRUE	TRUE	1.10000542008493e-09	2.75001355021232e-06
CYS	7897	HMDB	HMDB0000574_24_shen	L-Cysteine	inchikey	1	TRUE	TRUE	1.10000542008493e-09	2.75001355021232e-06
CYS	7898	HMDB	HMDB0000574_25_shen	L-Cysteine	inchikey	1	TRUE	TRUE	1.10000542008493e-09	2.75001355021232e-06
CYS	7899	HMDB	HMDB0000574_26_shen	L-Cysteine	inchikey	1	TRUE	TRUE	1.10000542008493e-09	2.75001355021232e-06
CYS	7900	HMDB	HMDB0000574_27_shen	L-Cysteine	inchikey	1	TRUE	TRUE	1.10000542008493e-09	2.75001355021232e-06
CYS	7901	HMDB	HMDB0000574_28_shen	L-Cysteine	inchikey	1	TRUE	TRUE	1.10000542008493e-09	2.75001355021232e-06
CYS	7902	HMDB	HMDB0000574_29_shen	L-Cysteine	inchikey	1	TRUE	TRUE	1.10000542008493e-09	2.75001355021232e-06
CYS	7903	HMDB	HMDB0000574_30_shen	L-Cysteine	inchikey	1	TRUE	TRUE	1.10000542008493e-09	2.75001355021232e-06
CYS	7904	HMDB	HMDB0000574_31_shen	L-Cysteine	inchikey	1	TRUE	TRUE	1.10000542008493e-09	2.75001355021232e-06
CYS	7905	HMDB	HMDB0000574_32_shen	L-Cysteine	inchikey	1	TRUE	TRUE	1.10000542008493e-09	2.75001355021232e-06
L-DIHYDROXY-PHENYLALANINE	7953	HMDB	HMDB0000609_1_shen	DL-Dopa	name_formula_mass	4	TRUE	TRUE	1.69998770616075e-09	4.24996926540189e-06
L-DIHYDROXY-PHENYLALANINE	7954	HMDB	HMDB0000609_2_shen	DL-Dopa	name_formula_mass	4	TRUE	TRUE	1.69998770616075e-09	4.24996926540189e-06
L-DIHYDROXY-PHENYLALANINE	7955	HMDB	HMDB0000609_3_shen	DL-Dopa	name_formula_mass	4	TRUE	TRUE	1.69998770616075e-09	4.24996926540189e-06
L-DIHYDROXY-PHENYLALANINE	7956	HMDB	HMDB0000609_4_shen	DL-Dopa	name_formula_mass	4	TRUE	TRUE	1.69998770616075e-09	4.24996926540189e-06
L-DIHYDROXY-PHENYLALANINE	7957	HMDB	HMDB0000609_5_shen	DL-Dopa	name_formula_mass	4	TRUE	TRUE	1.69998770616075e-09	4.24996926540189e-06
L-DIHYDROXY-PHENYLALANINE	7958	HMDB	HMDB0000609_6_shen	DL-Dopa	name_formula_mass	4	TRUE	TRUE	1.69998770616075e-09	4.24996926540189e-06
L-DIHYDROXY-PHENYLALANINE	7959	HMDB	HMDB0000609_7_shen	DL-Dopa	name_formula_mass	4	TRUE	TRUE	1.69998770616075e-09	4.24996926540189e-06
L-DIHYDROXY-PHENYLALANINE	7960	HMDB	HMDB0000609_8_shen	DL-Dopa	name_formula_mass	4	TRUE	TRUE	1.69998770616075e-09	4.24996926540189e-06
L-DIHYDROXY-PHENYLALANINE	7961	HMDB	HMDB0000609_9_shen	DL-Dopa	name_formula_mass	4	TRUE	TRUE	1.69998770616075e-09	4.24996926540189e-06
L-DIHYDROXY-PHENYLALANINE	7962	HMDB	HMDB0000609_10_shen	DL-Dopa	name_formula_mass	4	TRUE	TRUE	1.69998770616075e-09	4.24996926540189e-06
L-DIHYDROXY-PHENYLALANINE	7963	HMDB	HMDB0000609_11_shen	DL-Dopa	name_formula_mass	4	TRUE	TRUE	1.69998770616075e-09	4.24996926540189e-06
L-DIHYDROXY-PHENYLALANINE	7964	HMDB	HMDB0000609_12_shen	DL-Dopa	name_formula_mass	4	TRUE	TRUE	1.69998770616075e-09	4.24996926540189e-06
L-DIHYDROXY-PHENYLALANINE	7965	HMDB	HMDB0000609_13_shen	DL-Dopa	name_formula_mass	4	TRUE	TRUE	1.69998770616075e-09	4.24996926540189e-06
L-DIHYDROXY-PHENYLALANINE	7966	HMDB	HMDB0000609_14_shen	DL-Dopa	name_formula_mass	4	TRUE	TRUE	1.69998770616075e-09	4.24996926540189e-06
L-DIHYDROXY-PHENYLALANINE	7967	HMDB	HMDB0000609_15_shen	DL-Dopa	name_formula_mass	4	TRUE	TRUE	1.69998770616075e-09	4.24996926540189e-06
L-DIHYDROXY-PHENYLALANINE	7968	HMDB	HMDB0000609_16_shen	DL-Dopa	name_formula_mass	4	TRUE	TRUE	1.69998770616075e-09	4.24996926540189e-06
L-DIHYDROXY-PHENYLALANINE	7969	HMDB	HMDB0000609_17_shen	DL-Dopa	name_formula_mass	4	TRUE	TRUE	1.69998770616075e-09	4.24996926540189e-06
2-FUROATE	7970	HMDB	HMDB0000617_1_shen	2-Furoic acid	inchikey_connectivity_formula_mass	2	FALSE	TRUE	6.9999828156142e-10	1.74999570390355e-06
2-FUROATE	7971	HMDB	HMDB0000617_2_shen	2-Furoic acid	inchikey_connectivity_formula_mass	2	FALSE	TRUE	6.9999828156142e-10	1.74999570390355e-06
2-FUROATE	7972	HMDB	HMDB0000617_3_shen	2-Furoic acid	inchikey_connectivity_formula_mass	2	FALSE	TRUE	6.9999828156142e-10	1.74999570390355e-06
2-FUROATE	7973	HMDB	HMDB0000617_4_shen	2-Furoic acid	inchikey_connectivity_formula_mass	2	FALSE	TRUE	6.9999828156142e-10	1.74999570390355e-06
2-FUROATE	7974	HMDB	HMDB0000617_5_shen	2-Furoic acid	inchikey_connectivity_formula_mass	2	FALSE	TRUE	6.9999828156142e-10	1.74999570390355e-06
2-FUROATE	7975	HMDB	HMDB0000617_6_shen	2-Furoic acid	inchikey_connectivity_formula_mass	2	FALSE	TRUE	6.9999828156142e-10	1.74999570390355e-06
2-FUROATE	7976	HMDB	HMDB0000617_7_shen	2-Furoic acid	inchikey_connectivity_formula_mass	2	FALSE	TRUE	6.9999828156142e-10	1.74999570390355e-06
2-FUROATE	7977	HMDB	HMDB0000617_8_shen	2-Furoic acid	inchikey_connectivity_formula_mass	2	FALSE	TRUE	6.9999828156142e-10	1.74999570390355e-06
2-FUROATE	7978	HMDB	HMDB0000617_9_shen	2-Furoic acid	inchikey_connectivity_formula_mass	2	FALSE	TRUE	6.9999828156142e-10	1.74999570390355e-06
2-FUROATE	7979	HMDB	HMDB0000617_10_shen	2-Furoic acid	inchikey_connectivity_formula_mass	2	FALSE	TRUE	6.9999828156142e-10	1.74999570390355e-06
2-FUROATE	7980	HMDB	HMDB0000617_11_shen	2-Furoic acid	inchikey_connectivity_formula_mass	2	FALSE	TRUE	6.9999828156142e-10	1.74999570390355e-06
2-FUROATE	7981	HMDB	HMDB0000617_12_shen	2-Furoic acid	inchikey_connectivity_formula_mass	2	FALSE	TRUE	6.9999828156142e-10	1.74999570390355e-06
2-FUROATE	7982	HMDB	HMDB0000617_13_shen	2-Furoic acid	inchikey_connectivity_formula_mass	2	FALSE	TRUE	6.9999828156142e-10	1.74999570390355e-06
2-FUROATE	7983	HMDB	HMDB0000617_14_shen	2-Furoic acid	inchikey_connectivity_formula_mass	2	FALSE	TRUE	6.9999828156142e-10	1.74999570390355e-06
2-FUROATE	7984	HMDB	HMDB0000617_15_shen	2-Furoic acid	inchikey_connectivity_formula_mass	2	FALSE	TRUE	6.9999828156142e-10	1.74999570390355e-06
2-FUROATE	7985	HMDB	HMDB0000617_16_shen	2-Furoic acid	inchikey_connectivity_formula_mass	2	FALSE	TRUE	6.9999828156142e-10	1.74999570390355e-06
2-FUROATE	7986	HMDB	HMDB0000617_17_shen	2-Furoic acid	inchikey_connectivity_formula_mass	2	FALSE	TRUE	6.9999828156142e-10	1.74999570390355e-06
2-FUROATE	7987	HMDB	HMDB0000617_18_shen	2-Furoic acid	inchikey_connectivity_formula_mass	2	FALSE	TRUE	6.9999828156142e-10	1.74999570390355e-06
2-FUROATE	7988	HMDB	HMDB0000617_19_shen	2-Furoic acid	inchikey_connectivity_formula_mass	2	FALSE	TRUE	6.9999828156142e-10	1.74999570390355e-06
2-FUROATE	7989	HMDB	HMDB0000617_20_shen	2-Furoic acid	inchikey_connectivity_formula_mass	2	FALSE	TRUE	6.9999828156142e-10	1.74999570390355e-06
2-FUROATE	7990	HMDB	HMDB0000617_21_shen	2-Furoic acid	inchikey_connectivity_formula_mass	2	FALSE	TRUE	6.9999828156142e-10	1.74999570390355e-06
2-FUROATE	7991	HMDB	HMDB0000617_22_shen	2-Furoic acid	inchikey_connectivity_formula_mass	2	FALSE	TRUE	6.9999828156142e-10	1.74999570390355e-06
2-FUROATE	7992	HMDB	HMDB0000617_23_shen	2-Furoic acid	inchikey_connectivity_formula_mass	2	FALSE	TRUE	6.9999828156142e-10	1.74999570390355e-06
2-FUROATE	7993	HMDB	HMDB0000617_24_shen	2-Furoic acid	inchikey_connectivity_formula_mass	2	FALSE	TRUE	6.9999828156142e-10	1.74999570390355e-06
2-FUROATE	7994	HMDB	HMDB0000617_25_shen	2-Furoic acid	inchikey_connectivity_formula_mass	2	FALSE	TRUE	6.9999828156142e-10	1.74999570390355e-06
2-FUROATE	7995	HMDB	HMDB0000617_26_shen	2-Furoic acid	inchikey_connectivity_formula_mass	2	FALSE	TRUE	6.9999828156142e-10	1.74999570390355e-06
2-FUROATE	7996	HMDB	HMDB0000617_27_shen	2-Furoic acid	inchikey_connectivity_formula_mass	2	FALSE	TRUE	6.9999828156142e-10	1.74999570390355e-06
2-FUROATE	7997	HMDB	HMDB0000617_28_shen	2-Furoic acid	inchikey_connectivity_formula_mass	2	FALSE	TRUE	6.9999828156142e-10	1.74999570390355e-06
2-FUROATE	7998	HMDB	HMDB0000617_29_shen	2-Furoic acid	inchikey_connectivity_formula_mass	2	FALSE	TRUE	6.9999828156142e-10	1.74999570390355e-06
2-FUROATE	7999	HMDB	HMDB0000617_30_shen	2-Furoic acid	inchikey_connectivity_formula_mass	2	FALSE	TRUE	6.9999828156142e-10	1.74999570390355e-06
2-FUROATE	8000	HMDB	HMDB0000617_31_shen	2-Furoic acid	inchikey_connectivity_formula_mass	2	FALSE	TRUE	6.9999828156142e-10	1.74999570390355e-06
2-FUROATE	8001	HMDB	HMDB0000617_32_shen	2-Furoic acid	inchikey_connectivity_formula_mass	2	FALSE	TRUE	6.9999828156142e-10	1.74999570390355e-06
2-FUROATE	8002	HMDB	HMDB0000617_33_shen	2-Furoic acid	inchikey_connectivity_formula_mass	2	FALSE	TRUE	6.9999828156142e-10	1.74999570390355e-06
2-FUROATE	8003	HMDB	HMDB0000617_34_shen	2-Furoic acid	inchikey_connectivity_formula_mass	2	FALSE	TRUE	6.9999828156142e-10	1.74999570390355e-06
2-FUROATE	8004	HMDB	HMDB0000617_35_shen	2-Furoic acid	inchikey_connectivity_formula_mass	2	FALSE	TRUE	6.9999828156142e-10	1.74999570390355e-06
2-FUROATE	8005	HMDB	HMDB0000617_36_shen	2-Furoic acid	inchikey_connectivity_formula_mass	2	FALSE	TRUE	6.9999828156142e-10	1.74999570390355e-06
2-FUROATE	8006	HMDB	HMDB0000617_37_shen	2-Furoic acid	inchikey_connectivity_formula_mass	2	FALSE	TRUE	6.9999828156142e-10	1.74999570390355e-06
2-FUROATE	8007	HMDB	HMDB0000617_38_shen	2-Furoic acid	inchikey_connectivity_formula_mass	2	FALSE	TRUE	6.9999828156142e-10	1.74999570390355e-06
2-FUROATE	8008	HMDB	HMDB0000617_39_shen	2-Furoic acid	inchikey_connectivity_formula_mass	2	FALSE	TRUE	6.9999828156142e-10	1.74999570390355e-06
2-FUROATE	8009	HMDB	HMDB0000617_40_shen	2-Furoic acid	inchikey_connectivity_formula_mass	2	FALSE	TRUE	6.9999828156142e-10	1.74999570390355e-06
2-FUROATE	8010	HMDB	HMDB0000617_41_shen	2-Furoic acid	inchikey_connectivity_formula_mass	2	FALSE	TRUE	6.9999828156142e-10	1.74999570390355e-06
2-FUROATE	8011	HMDB	HMDB0000617_42_shen	2-Furoic acid	inchikey_connectivity_formula_mass	2	FALSE	TRUE	6.9999828156142e-10	1.74999570390355e-06
2-FUROATE	8012	HMDB	HMDB0000617_43_shen	2-Furoic acid	inchikey_connectivity_formula_mass	2	FALSE	TRUE	6.9999828156142e-10	1.74999570390355e-06
2-FUROATE	8013	HMDB	HMDB0000617_44_shen	2-Furoic acid	inchikey_connectivity_formula_mass	2	FALSE	TRUE	6.9999828156142e-10	1.74999570390355e-06
2-FUROATE	8014	HMDB	HMDB0000617_45_shen	2-Furoic acid	inchikey_connectivity_formula_mass	2	FALSE	TRUE	6.9999828156142e-10	1.74999570390355e-06
2-FUROATE	8015	HMDB	HMDB0000617_46_shen	2-Furoic acid	inchikey_connectivity_formula_mass	2	FALSE	TRUE	6.9999828156142e-10	1.74999570390355e-06
2-FUROATE	8016	HMDB	HMDB0000617_47_shen	2-Furoic acid	inchikey_connectivity_formula_mass	2	FALSE	TRUE	6.9999828156142e-10	1.74999570390355e-06
2-FUROATE	8017	HMDB	HMDB0000617_48_shen	2-Furoic acid	inchikey_connectivity_formula_mass	2	FALSE	TRUE	6.9999828156142e-10	1.74999570390355e-06
2-FUROATE	8018	HMDB	HMDB0000617_49_shen	2-Furoic acid	inchikey_connectivity_formula_mass	2	FALSE	TRUE	6.9999828156142e-10	1.74999570390355e-06
2-FUROATE	8019	HMDB	HMDB0000617_50_shen	2-Furoic acid	inchikey_connectivity_formula_mass	2	FALSE	TRUE	6.9999828156142e-10	1.74999570390355e-06
2-FUROATE	8020	HMDB	HMDB0000617_51_shen	2-Furoic acid	inchikey_connectivity_formula_mass	2	FALSE	TRUE	6.9999828156142e-10	1.74999570390355e-06
2-FUROATE	8021	HMDB	HMDB0000617_52_shen	2-Furoic acid	inchikey_connectivity_formula_mass	2	FALSE	TRUE	6.9999828156142e-10	1.74999570390355e-06
2-FUROATE	8022	HMDB	HMDB0000617_53_shen	2-Furoic acid	inchikey_connectivity_formula_mass	2	FALSE	TRUE	6.9999828156142e-10	1.74999570390355e-06
2-FUROATE	8023	HMDB	HMDB0000617_54_shen	2-Furoic acid	inchikey_connectivity_formula_mass	2	FALSE	TRUE	6.9999828156142e-10	1.74999570390355e-06
2-FUROATE	8024	HMDB	HMDB0000617_55_shen	2-Furoic acid	inchikey_connectivity_formula_mass	2	FALSE	TRUE	6.9999828156142e-10	1.74999570390355e-06
2-FUROATE	8025	HMDB	HMDB0000617_56_shen	2-Furoic acid	inchikey_connectivity_formula_mass	2	FALSE	TRUE	6.9999828156142e-10	1.74999570390355e-06
2-FUROATE	8026	HMDB	HMDB0000617_57_shen	2-Furoic acid	inchikey_connectivity_formula_mass	2	FALSE	TRUE	6.9999828156142e-10	1.74999570390355e-06
2-FUROATE	8027	HMDB	HMDB0000617_58_shen	2-Furoic acid	inchikey_connectivity_formula_mass	2	FALSE	TRUE	6.9999828156142e-10	1.74999570390355e-06
2-FUROATE	8028	HMDB	HMDB0000617_59_shen	2-Furoic acid	inchikey_connectivity_formula_mass	2	FALSE	TRUE	6.9999828156142e-10	1.74999570390355e-06
2-FUROATE	8029	HMDB	HMDB0000617_60_shen	2-Furoic acid	inchikey_connectivity_formula_mass	2	FALSE	TRUE	6.9999828156142e-10	1.74999570390355e-06
2-FUROATE	8030	HMDB	HMDB0000617_61_shen	2-Furoic acid	inchikey_connectivity_formula_mass	2	FALSE	TRUE	6.9999828156142e-10	1.74999570390355e-06
2-FUROATE	8031	HMDB	HMDB0000617_62_shen	2-Furoic acid	inchikey_connectivity_formula_mass	2	FALSE	TRUE	6.9999828156142e-10	1.74999570390355e-06
2-FUROATE	8032	HMDB	HMDB0000617_63_shen	2-Furoic acid	inchikey_connectivity_formula_mass	2	FALSE	TRUE	6.9999828156142e-10	1.74999570390355e-06
2-FUROATE	8033	HMDB	HMDB0000617_64_shen	2-Furoic acid	inchikey_connectivity_formula_mass	2	FALSE	TRUE	6.9999828156142e-10	1.74999570390355e-06
2-FUROATE	8034	HMDB	HMDB0000617_65_shen	2-Furoic acid	inchikey_connectivity_formula_mass	2	FALSE	TRUE	6.9999828156142e-10	1.74999570390355e-06
2-FUROATE	8035	HMDB	HMDB0000617_66_shen	2-Furoic acid	inchikey_connectivity_formula_mass	2	FALSE	TRUE	6.9999828156142e-10	1.74999570390355e-06
2-FUROATE	8036	HMDB	HMDB0000617_67_shen	2-Furoic acid	inchikey_connectivity_formula_mass	2	FALSE	TRUE	6.9999828156142e-10	1.74999570390355e-06
2-FUROATE	8037	HMDB	HMDB0000617_68_shen	2-Furoic acid	inchikey_connectivity_formula_mass	2	FALSE	TRUE	6.9999828156142e-10	1.74999570390355e-06
2-FUROATE	8038	HMDB	HMDB0000617_69_shen	2-Furoic acid	inchikey_connectivity_formula_mass	2	FALSE	TRUE	6.9999828156142e-10	1.74999570390355e-06
2-FUROATE	8039	HMDB	HMDB0000617_70_shen	2-Furoic acid	inchikey_connectivity_formula_mass	2	FALSE	TRUE	6.9999828156142e-10	1.74999570390355e-06
2-FUROATE	8040	HMDB	HMDB0000617_71_shen	2-Furoic acid	inchikey_connectivity_formula_mass	2	FALSE	TRUE	6.9999828156142e-10	1.74999570390355e-06
2-FUROATE	8041	HMDB	HMDB0000617_72_shen	2-Furoic acid	inchikey_connectivity_formula_mass	2	FALSE	TRUE	6.9999828156142e-10	1.74999570390355e-06
RIBULOSE-5P	8042	HMDB	HMDB0000618_1_shen	D-Ribulose 5-phosphate	inchikey_connectivity_formula_mass	2	FALSE	TRUE	9.99875737761613e-11	2.49968934440403e-07
RIBULOSE-5P	8043	HMDB	HMDB0000618_2_shen	D-Ribulose 5-phosphate	inchikey_connectivity_formula_mass	2	FALSE	TRUE	9.99875737761613e-11	2.49968934440403e-07
RIBULOSE-5P	8044	HMDB	HMDB0000618_3_shen	D-Ribulose 5-phosphate	inchikey_connectivity_formula_mass	2	FALSE	TRUE	9.99875737761613e-11	2.49968934440403e-07
RIBULOSE-5P	8045	HMDB	HMDB0000618_4_shen	D-Ribulose 5-phosphate	inchikey_connectivity_formula_mass	2	FALSE	TRUE	9.99875737761613e-11	2.49968934440403e-07
RIBULOSE-5P	8046	HMDB	HMDB0000618_5_shen	D-Ribulose 5-phosphate	inchikey_connectivity_formula_mass	2	FALSE	TRUE	9.99875737761613e-11	2.49968934440403e-07
RIBULOSE-5P	8047	HMDB	HMDB0000618_6_shen	D-Ribulose 5-phosphate	inchikey_connectivity_formula_mass	2	FALSE	TRUE	9.99875737761613e-11	2.49968934440403e-07
RIBULOSE-5P	8048	HMDB	HMDB0000618_7_shen	D-Ribulose 5-phosphate	inchikey_connectivity_formula_mass	2	FALSE	TRUE	9.99875737761613e-11	2.49968934440403e-07
RIBULOSE-5P	8049	HMDB	HMDB0000618_8_shen	D-Ribulose 5-phosphate	inchikey_connectivity_formula_mass	2	FALSE	TRUE	9.99875737761613e-11	2.49968934440403e-07
RIBULOSE-5P	8050	HMDB	HMDB0000618_9_shen	D-Ribulose 5-phosphate	inchikey_connectivity_formula_mass	2	FALSE	TRUE	9.99875737761613e-11	2.49968934440403e-07
RIBULOSE-5P	8051	HMDB	HMDB0000618_10_shen	D-Ribulose 5-phosphate	inchikey_connectivity_formula_mass	2	FALSE	TRUE	9.99875737761613e-11	2.49968934440403e-07
RIBULOSE-5P	8052	HMDB	HMDB0000618_11_shen	D-Ribulose 5-phosphate	inchikey_connectivity_formula_mass	2	FALSE	TRUE	9.99875737761613e-11	2.49968934440403e-07
RIBULOSE-5P	8053	HMDB	HMDB0000618_12_shen	D-Ribulose 5-phosphate	inchikey_connectivity_formula_mass	2	FALSE	TRUE	9.99875737761613e-11	2.49968934440403e-07
RIBULOSE-5P	8054	HMDB	HMDB0000618_13_shen	D-Ribulose 5-phosphate	inchikey_connectivity_formula_mass	2	FALSE	TRUE	9.99875737761613e-11	2.49968934440403e-07
RIBULOSE-5P	8055	HMDB	HMDB0000618_14_shen	D-Ribulose 5-phosphate	inchikey_connectivity_formula_mass	2	FALSE	TRUE	9.99875737761613e-11	2.49968934440403e-07
RIBULOSE-5P	8056	HMDB	HMDB0000618_15_shen	D-Ribulose 5-phosphate	inchikey_connectivity_formula_mass	2	FALSE	TRUE	9.99875737761613e-11	2.49968934440403e-07
RIBULOSE-5P	8057	HMDB	HMDB0000618_16_shen	D-Ribulose 5-phosphate	inchikey_connectivity_formula_mass	2	FALSE	TRUE	9.99875737761613e-11	2.49968934440403e-07
RIBULOSE-5P	8058	HMDB	HMDB0000618_17_shen	D-Ribulose 5-phosphate	inchikey_connectivity_formula_mass	2	FALSE	TRUE	9.99875737761613e-11	2.49968934440403e-07
RIBULOSE-5P	8059	HMDB	HMDB0000618_18_shen	D-Ribulose 5-phosphate	inchikey_connectivity_formula_mass	2	FALSE	TRUE	9.99875737761613e-11	2.49968934440403e-07
RIBULOSE-5P	8060	HMDB	HMDB0000618_19_shen	D-Ribulose 5-phosphate	inchikey_connectivity_formula_mass	2	FALSE	TRUE	9.99875737761613e-11	2.49968934440403e-07
RIBULOSE-5P	8061	HMDB	HMDB0000618_20_shen	D-Ribulose 5-phosphate	inchikey_connectivity_formula_mass	2	FALSE	TRUE	9.99875737761613e-11	2.49968934440403e-07
RIBULOSE-5P	8062	HMDB	HMDB0000618_21_shen	D-Ribulose 5-phosphate	inchikey_connectivity_formula_mass	2	FALSE	TRUE	9.99875737761613e-11	2.49968934440403e-07
RIBULOSE-5P	8063	HMDB	HMDB0000618_22_shen	D-Ribulose 5-phosphate	inchikey_connectivity_formula_mass	2	FALSE	TRUE	9.99875737761613e-11	2.49968934440403e-07
RIBULOSE-5P	8064	HMDB	HMDB0000618_23_shen	D-Ribulose 5-phosphate	inchikey_connectivity_formula_mass	2	FALSE	TRUE	9.99875737761613e-11	2.49968934440403e-07
RIBULOSE-5P	8065	HMDB	HMDB0000618_24_shen	D-Ribulose 5-phosphate	inchikey_connectivity_formula_mass	2	FALSE	TRUE	9.99875737761613e-11	2.49968934440403e-07
RIBULOSE-5P	8066	HMDB	HMDB0000618_25_shen	D-Ribulose 5-phosphate	inchikey_connectivity_formula_mass	2	FALSE	TRUE	9.99875737761613e-11	2.49968934440403e-07
RIBULOSE-5P	8067	HMDB	HMDB0000618_26_shen	D-Ribulose 5-phosphate	inchikey_connectivity_formula_mass	2	FALSE	TRUE	9.99875737761613e-11	2.49968934440403e-07
GLUTACONATE	8107	HMDB	HMDB0000620_1_shen	Glutaconic acid	inchikey_connectivity_formula_mass	2	FALSE	TRUE	9.99989424599335e-10	2.49997356149834e-06
GLUTACONATE	8108	HMDB	HMDB0000620_2_shen	Glutaconic acid	inchikey_connectivity_formula_mass	2	FALSE	TRUE	9.99989424599335e-10	2.49997356149834e-06
GLUTACONATE	8109	HMDB	HMDB0000620_3_shen	Glutaconic acid	inchikey_connectivity_formula_mass	2	FALSE	TRUE	9.99989424599335e-10	2.49997356149834e-06
GLUTACONATE	8110	HMDB	HMDB0000620_4_shen	Glutaconic acid	inchikey_connectivity_formula_mass	2	FALSE	TRUE	9.99989424599335e-10	2.49997356149834e-06
GLUTACONATE	8111	HMDB	HMDB0000620_5_shen	Glutaconic acid	inchikey_connectivity_formula_mass	2	FALSE	TRUE	9.99989424599335e-10	2.49997356149834e-06
GLUTACONATE	8112	HMDB	HMDB0000620_6_shen	Glutaconic acid	inchikey_connectivity_formula_mass	2	FALSE	TRUE	9.99989424599335e-10	2.49997356149834e-06
GLUTACONATE	8113	HMDB	HMDB0000620_7_shen	Glutaconic acid	inchikey_connectivity_formula_mass	2	FALSE	TRUE	9.99989424599335e-10	2.49997356149834e-06
GLUTACONATE	8114	HMDB	HMDB0000620_8_shen	Glutaconic acid	inchikey_connectivity_formula_mass	2	FALSE	TRUE	9.99989424599335e-10	2.49997356149834e-06
GLUTACONATE	8115	HMDB	HMDB0000620_9_shen	Glutaconic acid	inchikey_connectivity_formula_mass	2	FALSE	TRUE	9.99989424599335e-10	2.49997356149834e-06
GLUTACONATE	8116	HMDB	HMDB0000620_10_shen	Glutaconic acid	inchikey_connectivity_formula_mass	2	FALSE	TRUE	9.99989424599335e-10	2.49997356149834e-06
GLUTACONATE	8117	HMDB	HMDB0000620_11_shen	Glutaconic acid	inchikey_connectivity_formula_mass	2	FALSE	TRUE	9.99989424599335e-10	2.49997356149834e-06
GLUTACONATE	8118	HMDB	HMDB0000620_12_shen	Glutaconic acid	inchikey_connectivity_formula_mass	2	FALSE	TRUE	9.99989424599335e-10	2.49997356149834e-06
GLUTACONATE	8119	HMDB	HMDB0000620_13_shen	Glutaconic acid	inchikey_connectivity_formula_mass	2	FALSE	TRUE	9.99989424599335e-10	2.49997356149834e-06
GLUTACONATE	8120	HMDB	HMDB0000620_14_shen	Glutaconic acid	inchikey_connectivity_formula_mass	2	FALSE	TRUE	9.99989424599335e-10	2.49997356149834e-06
GLUTACONATE	8121	HMDB	HMDB0000620_15_shen	Glutaconic acid	inchikey_connectivity_formula_mass	2	FALSE	TRUE	9.99989424599335e-10	2.49997356149834e-06
GLUTACONATE	8122	HMDB	HMDB0000620_16_shen	Glutaconic acid	inchikey_connectivity_formula_mass	2	FALSE	TRUE	9.99989424599335e-10	2.49997356149834e-06
GLUTACONATE	8123	HMDB	HMDB0000620_17_shen	Glutaconic acid	inchikey_connectivity_formula_mass	2	FALSE	TRUE	9.99989424599335e-10	2.49997356149834e-06
GLUTACONATE	8124	HMDB	HMDB0000620_18_shen	Glutaconic acid	inchikey_connectivity_formula_mass	2	FALSE	TRUE	9.99989424599335e-10	2.49997356149834e-06
GLUTACONATE	8125	HMDB	HMDB0000620_19_shen	Glutaconic acid	inchikey_connectivity_formula_mass	2	FALSE	TRUE	9.99989424599335e-10	2.49997356149834e-06
GLUTACONATE	8126	HMDB	HMDB0000620_20_shen	Glutaconic acid	inchikey_connectivity_formula_mass	2	FALSE	TRUE	9.99989424599335e-10	2.49997356149834e-06
GLUTACONATE	8127	HMDB	HMDB0000620_21_shen	Glutaconic acid	inchikey_connectivity_formula_mass	2	FALSE	TRUE	9.99989424599335e-10	2.49997356149834e-06
GLUCONATE	8162	HMDB	HMDB0000625_1_shen	Gluconic acid	inchikey_connectivity_formula_mass	2	FALSE	TRUE	1.89999127542251e-09	4.74997818855627e-06
GLUCONATE	8163	HMDB	HMDB0000625_2_shen	Gluconic acid	inchikey_connectivity_formula_mass	2	FALSE	TRUE	1.89999127542251e-09	4.74997818855627e-06
GLUCONATE	8164	HMDB	HMDB0000625_3_shen	Gluconic acid	inchikey_connectivity_formula_mass	2	FALSE	TRUE	1.89999127542251e-09	4.74997818855627e-06
GLUCONATE	8165	HMDB	HMDB0000625_4_shen	Gluconic acid	inchikey_connectivity_formula_mass	2	FALSE	TRUE	1.89999127542251e-09	4.74997818855627e-06
GLUCONATE	8166	HMDB	HMDB0000625_5_shen	Gluconic acid	inchikey_connectivity_formula_mass	2	FALSE	TRUE	1.89999127542251e-09	4.74997818855627e-06
GLUCONATE	8167	HMDB	HMDB0000625_6_shen	Gluconic acid	inchikey_connectivity_formula_mass	2	FALSE	TRUE	1.89999127542251e-09	4.74997818855627e-06
GLUCONATE	8168	HMDB	HMDB0000625_7_shen	Gluconic acid	inchikey_connectivity_formula_mass	2	FALSE	TRUE	1.89999127542251e-09	4.74997818855627e-06
GLUCONATE	8169	HMDB	HMDB0000625_8_shen	Gluconic acid	inchikey_connectivity_formula_mass	2	FALSE	TRUE	1.89999127542251e-09	4.74997818855627e-06
GLUCONATE	8170	HMDB	HMDB0000625_9_shen	Gluconic acid	inchikey_connectivity_formula_mass	2	FALSE	TRUE	1.89999127542251e-09	4.74997818855627e-06
GLUCONATE	8171	HMDB	HMDB0000625_10_shen	Gluconic acid	inchikey_connectivity_formula_mass	2	FALSE	TRUE	1.89999127542251e-09	4.74997818855627e-06
GLUCONATE	8172	HMDB	HMDB0000625_11_shen	Gluconic acid	inchikey_connectivity_formula_mass	2	FALSE	TRUE	1.89999127542251e-09	4.74997818855627e-06
GLUCONATE	8173	HMDB	HMDB0000625_12_shen	Gluconic acid	inchikey_connectivity_formula_mass	2	FALSE	TRUE	1.89999127542251e-09	4.74997818855627e-06
GLUCONATE	8174	HMDB	HMDB0000625_13_shen	Gluconic acid	inchikey_connectivity_formula_mass	2	FALSE	TRUE	1.89999127542251e-09	4.74997818855627e-06
GLUCONATE	8175	HMDB	HMDB0000625_14_shen	Gluconic acid	inchikey_connectivity_formula_mass	2	FALSE	TRUE	1.89999127542251e-09	4.74997818855627e-06
GLUCONATE	8176	HMDB	HMDB0000625_15_shen	Gluconic acid	inchikey_connectivity_formula_mass	2	FALSE	TRUE	1.89999127542251e-09	4.74997818855627e-06
GLUCONATE	8177	HMDB	HMDB0000625_16_shen	Gluconic acid	inchikey_connectivity_formula_mass	2	FALSE	TRUE	1.89999127542251e-09	4.74997818855627e-06
GLUCONATE	8178	HMDB	HMDB0000625_17_shen	Gluconic acid	inchikey_connectivity_formula_mass	2	FALSE	TRUE	1.89999127542251e-09	4.74997818855627e-06
GLUCONATE	8179	HMDB	HMDB0000625_18_shen	Gluconic acid	inchikey_connectivity_formula_mass	2	FALSE	TRUE	1.89999127542251e-09	4.74997818855627e-06
GLUCONATE	8180	HMDB	HMDB0000625_19_shen	Gluconic acid	inchikey_connectivity_formula_mass	2	FALSE	TRUE	1.89999127542251e-09	4.74997818855627e-06
GLUCONATE	8181	HMDB	HMDB0000625_20_shen	Gluconic acid	inchikey_connectivity_formula_mass	2	FALSE	TRUE	1.89999127542251e-09	4.74997818855627e-06
GLUCONATE	8182	HMDB	HMDB0000625_21_shen	Gluconic acid	inchikey_connectivity_formula_mass	2	FALSE	TRUE	1.89999127542251e-09	4.74997818855627e-06
GLUCONATE	8183	HMDB	HMDB0000625_22_shen	Gluconic acid	inchikey_connectivity_formula_mass	2	FALSE	TRUE	1.89999127542251e-09	4.74997818855627e-06
GLUCONATE	8184	HMDB	HMDB0000625_23_shen	Gluconic acid	inchikey_connectivity_formula_mass	2	FALSE	TRUE	1.89999127542251e-09	4.74997818855627e-06
GLUCONATE	8185	HMDB	HMDB0000625_24_shen	Gluconic acid	inchikey_connectivity_formula_mass	2	FALSE	TRUE	1.89999127542251e-09	4.74997818855627e-06
GLUCONATE	8186	HMDB	HMDB0000625_25_shen	Gluconic acid	inchikey_connectivity_formula_mass	2	FALSE	TRUE	1.89999127542251e-09	4.74997818855627e-06
GLUCONATE	8187	HMDB	HMDB0000625_26_shen	Gluconic acid	inchikey_connectivity_formula_mass	2	FALSE	TRUE	1.89999127542251e-09	4.74997818855627e-06
GLUCONATE	8188	HMDB	HMDB0000625_27_shen	Gluconic acid	inchikey_connectivity_formula_mass	2	FALSE	TRUE	1.89999127542251e-09	4.74997818855627e-06
DEOXYCHOLATE	8189	HMDB	HMDB0000626_1_shen	Deoxycholic acid	inchikey_connectivity_formula_mass	2	FALSE	TRUE	4.39996483692084e-09	1.09999120923021e-05
DEOXYCHOLATE	8190	HMDB	HMDB0000626_2_shen	Deoxycholic acid	inchikey_connectivity_formula_mass	2	FALSE	TRUE	4.39996483692084e-09	1.09999120923021e-05
DEOXYCHOLATE	8191	HMDB	HMDB0000626_3_shen	Deoxycholic acid	inchikey_connectivity_formula_mass	2	FALSE	TRUE	4.39996483692084e-09	1.09999120923021e-05
DEOXYCHOLATE	8192	HMDB	HMDB0000626_4_shen	Deoxycholic acid	inchikey_connectivity_formula_mass	2	FALSE	TRUE	4.39996483692084e-09	1.09999120923021e-05
DEOXYCHOLATE	8193	HMDB	HMDB0000626_5_shen	Deoxycholic acid	inchikey_connectivity_formula_mass	2	FALSE	TRUE	4.39996483692084e-09	1.09999120923021e-05
DEOXYCHOLATE	8194	HMDB	HMDB0000626_6_shen	Deoxycholic acid	inchikey_connectivity_formula_mass	2	FALSE	TRUE	4.39996483692084e-09	1.09999120923021e-05
DEOXYCHOLATE	8195	HMDB	HMDB0000626_7_shen	Deoxycholic acid	inchikey_connectivity_formula_mass	2	FALSE	TRUE	4.39996483692084e-09	1.09999120923021e-05
DEOXYCHOLATE	8196	HMDB	HMDB0000626_8_shen	Deoxycholic acid	inchikey_connectivity_formula_mass	2	FALSE	TRUE	4.39996483692084e-09	1.09999120923021e-05
DEOXYCHOLATE	8197	HMDB	HMDB0000626_9_shen	Deoxycholic acid	inchikey_connectivity_formula_mass	2	FALSE	TRUE	4.39996483692084e-09	1.09999120923021e-05
DEOXYCHOLATE	8198	HMDB	HMDB0000626_10_shen	Deoxycholic acid	inchikey_connectivity_formula_mass	2	FALSE	TRUE	4.39996483692084e-09	1.09999120923021e-05
DEOXYCHOLATE	8199	HMDB	HMDB0000626_11_shen	Deoxycholic acid	inchikey_connectivity_formula_mass	2	FALSE	TRUE	4.39996483692084e-09	1.09999120923021e-05
DEOXYCHOLATE	8200	HMDB	HMDB0000626_12_shen	Deoxycholic acid	inchikey_connectivity_formula_mass	2	FALSE	TRUE	4.39996483692084e-09	1.09999120923021e-05
DEOXYCHOLATE	8201	HMDB	HMDB0000626_13_shen	Deoxycholic acid	inchikey_connectivity_formula_mass	2	FALSE	TRUE	4.39996483692084e-09	1.09999120923021e-05
DEOXYCHOLATE	8202	HMDB	HMDB0000626_14_shen	Deoxycholic acid	inchikey_connectivity_formula_mass	2	FALSE	TRUE	4.39996483692084e-09	1.09999120923021e-05
DEOXYCHOLATE	8203	HMDB	HMDB0000626_15_shen	Deoxycholic acid	inchikey_connectivity_formula_mass	2	FALSE	TRUE	4.39996483692084e-09	1.09999120923021e-05
DEOXYCHOLATE	8204	HMDB	HMDB0000626_16_shen	Deoxycholic acid	inchikey_connectivity_formula_mass	2	FALSE	TRUE	4.39996483692084e-09	1.09999120923021e-05
DEOXYCHOLATE	8205	HMDB	HMDB0000626_17_shen	Deoxycholic acid	inchikey_connectivity_formula_mass	2	FALSE	TRUE	4.39996483692084e-09	1.09999120923021e-05
CYTOSINE	8214	HMDB	HMDB0000630_1_shen	Cytosine	inchikey	1	TRUE	TRUE	1.2000072047158e-09	3.00001801178951e-06
CYTOSINE	8215	HMDB	HMDB0000630_2_shen	Cytosine	inchikey	1	TRUE	TRUE	1.2000072047158e-09	3.00001801178951e-06
CYTOSINE	8216	HMDB	HMDB0000630_3_shen	Cytosine	inchikey	1	TRUE	TRUE	1.2000072047158e-09	3.00001801178951e-06
CYTOSINE	8217	HMDB	HMDB0000630_4_shen	Cytosine	inchikey	1	TRUE	TRUE	1.2000072047158e-09	3.00001801178951e-06
CYTOSINE	8218	HMDB	HMDB0000630_5_shen	Cytosine	inchikey	1	TRUE	TRUE	1.2000072047158e-09	3.00001801178951e-06
CYTOSINE	8219	HMDB	HMDB0000630_6_shen	Cytosine	inchikey	1	TRUE	TRUE	1.2000072047158e-09	3.00001801178951e-06
CYTOSINE	8220	HMDB	HMDB0000630_7_shen	Cytosine	inchikey	1	TRUE	TRUE	1.2000072047158e-09	3.00001801178951e-06
CYTOSINE	8221	HMDB	HMDB0000630_8_shen	Cytosine	inchikey	1	TRUE	TRUE	1.2000072047158e-09	3.00001801178951e-06
CYTOSINE	8222	HMDB	HMDB0000630_9_shen	Cytosine	inchikey	1	TRUE	TRUE	1.2000072047158e-09	3.00001801178951e-06
CYTOSINE	8223	HMDB	HMDB0000630_10_shen	Cytosine	inchikey	1	TRUE	TRUE	1.2000072047158e-09	3.00001801178951e-06
CYTOSINE	8224	HMDB	HMDB0000630_11_shen	Cytosine	inchikey	1	TRUE	TRUE	1.2000072047158e-09	3.00001801178951e-06
CYTOSINE	8225	HMDB	HMDB0000630_12_shen	Cytosine	inchikey	1	TRUE	TRUE	1.2000072047158e-09	3.00001801178951e-06
CYTOSINE	8226	HMDB	HMDB0000630_13_shen	Cytosine	inchikey	1	TRUE	TRUE	1.2000072047158e-09	3.00001801178951e-06
CYTOSINE	8227	HMDB	HMDB0000630_14_shen	Cytosine	inchikey	1	TRUE	TRUE	1.2000072047158e-09	3.00001801178951e-06
CYTOSINE	8228	HMDB	HMDB0000630_15_shen	Cytosine	inchikey	1	TRUE	TRUE	1.2000072047158e-09	3.00001801178951e-06
CYTOSINE	8229	HMDB	HMDB0000630_16_shen	Cytosine	inchikey	1	TRUE	TRUE	1.2000072047158e-09	3.00001801178951e-06
CYTOSINE	8230	HMDB	HMDB0000630_17_shen	Cytosine	inchikey	1	TRUE	TRUE	1.2000072047158e-09	3.00001801178951e-06
CYTOSINE	8231	HMDB	HMDB0000630_18_shen	Cytosine	inchikey	1	TRUE	TRUE	1.2000072047158e-09	3.00001801178951e-06
CYTOSINE	8232	HMDB	HMDB0000630_19_shen	Cytosine	inchikey	1	TRUE	TRUE	1.2000072047158e-09	3.00001801178951e-06
CYTOSINE	8233	HMDB	HMDB0000630_20_shen	Cytosine	inchikey	1	TRUE	TRUE	1.2000072047158e-09	3.00001801178951e-06
CYTOSINE	8234	HMDB	HMDB0000630_21_shen	Cytosine	inchikey	1	TRUE	TRUE	1.2000072047158e-09	3.00001801178951e-06
CYTOSINE	8235	HMDB	HMDB0000630_22_shen	Cytosine	inchikey	1	TRUE	TRUE	1.2000072047158e-09	3.00001801178951e-06
CYTOSINE	8236	HMDB	HMDB0000630_23_shen	Cytosine	inchikey	1	TRUE	TRUE	1.2000072047158e-09	3.00001801178951e-06
CYTOSINE	8237	HMDB	HMDB0000630_24_shen	Cytosine	inchikey	1	TRUE	TRUE	1.2000072047158e-09	3.00001801178951e-06
CYTOSINE	8238	HMDB	HMDB0000630_25_shen	Cytosine	inchikey	1	TRUE	TRUE	1.2000072047158e-09	3.00001801178951e-06
CYTOSINE	8239	HMDB	HMDB0000630_26_shen	Cytosine	inchikey	1	TRUE	TRUE	1.2000072047158e-09	3.00001801178951e-06
CYTOSINE	8240	HMDB	HMDB0000630_27_shen	Cytosine	inchikey	1	TRUE	TRUE	1.2000072047158e-09	3.00001801178951e-06
CYTOSINE	8241	HMDB	HMDB0000630_28_shen	Cytosine	inchikey	1	TRUE	TRUE	1.2000072047158e-09	3.00001801178951e-06
CYTOSINE	8242	HMDB	HMDB0000630_29_shen	Cytosine	inchikey	1	TRUE	TRUE	1.2000072047158e-09	3.00001801178951e-06
CYTOSINE	8243	HMDB	HMDB0000630_30_shen	Cytosine	inchikey	1	TRUE	TRUE	1.2000072047158e-09	3.00001801178951e-06
CYTOSINE	8244	HMDB	HMDB0000630_31_shen	Cytosine	inchikey	1	TRUE	TRUE	1.2000072047158e-09	3.00001801178951e-06
CYTOSINE	8245	HMDB	HMDB0000630_32_shen	Cytosine	inchikey	1	TRUE	TRUE	1.2000072047158e-09	3.00001801178951e-06
CYTOSINE	8246	HMDB	HMDB0000630_33_shen	Cytosine	inchikey	1	TRUE	TRUE	1.2000072047158e-09	3.00001801178951e-06
CYTOSINE	8247	HMDB	HMDB0000630_34_shen	Cytosine	inchikey	1	TRUE	TRUE	1.2000072047158e-09	3.00001801178951e-06
CYTOSINE	8248	HMDB	HMDB0000630_35_shen	Cytosine	inchikey	1	TRUE	TRUE	1.2000072047158e-09	3.00001801178951e-06
CYTOSINE	8249	HMDB	HMDB0000630_36_shen	Cytosine	inchikey	1	TRUE	TRUE	1.2000072047158e-09	3.00001801178951e-06
CYTOSINE	8250	HMDB	HMDB0000630_37_shen	Cytosine	inchikey	1	TRUE	TRUE	1.2000072047158e-09	3.00001801178951e-06
CYTOSINE	8251	HMDB	HMDB0000630_38_shen	Cytosine	inchikey	1	TRUE	TRUE	1.2000072047158e-09	3.00001801178951e-06
CYTOSINE	8252	HMDB	HMDB0000630_39_shen	Cytosine	inchikey	1	TRUE	TRUE	1.2000072047158e-09	3.00001801178951e-06
CYTOSINE	8253	HMDB	HMDB0000630_40_shen	Cytosine	inchikey	1	TRUE	TRUE	1.2000072047158e-09	3.00001801178951e-06
CYTOSINE	8254	HMDB	HMDB0000630_41_shen	Cytosine	inchikey	1	TRUE	TRUE	1.2000072047158e-09	3.00001801178951e-06
CYTOSINE	8255	HMDB	HMDB0000630_42_shen	Cytosine	inchikey	1	TRUE	TRUE	1.2000072047158e-09	3.00001801178951e-06
CYTOSINE	8256	HMDB	HMDB0000630_43_shen	Cytosine	inchikey	1	TRUE	TRUE	1.2000072047158e-09	3.00001801178951e-06
CYTOSINE	8257	HMDB	HMDB0000630_44_shen	Cytosine	inchikey	1	TRUE	TRUE	1.2000072047158e-09	3.00001801178951e-06
DODECANOATE	8369	HMDB	HMDB0000638_1_shen	Dodecanoic acid	inchikey_connectivity_formula_mass	2	FALSE	TRUE	2.59998955698393e-09	6.49997389245982e-06
DODECANOATE	8370	HMDB	HMDB0000638_2_shen	Dodecanoic acid	inchikey_connectivity_formula_mass	2	FALSE	TRUE	2.59998955698393e-09	6.49997389245982e-06
DODECANOATE	8371	HMDB	HMDB0000638_3_shen	Dodecanoic acid	inchikey_connectivity_formula_mass	2	FALSE	TRUE	2.59998955698393e-09	6.49997389245982e-06
DODECANOATE	8372	HMDB	HMDB0000638_4_shen	Dodecanoic acid	inchikey_connectivity_formula_mass	2	FALSE	TRUE	2.59998955698393e-09	6.49997389245982e-06
DODECANOATE	8373	HMDB	HMDB0000638_5_shen	Dodecanoic acid	inchikey_connectivity_formula_mass	2	FALSE	TRUE	2.59998955698393e-09	6.49997389245982e-06
DODECANOATE	8374	HMDB	HMDB0000638_6_shen	Dodecanoic acid	inchikey_connectivity_formula_mass	2	FALSE	TRUE	2.59998955698393e-09	6.49997389245982e-06
DODECANOATE	8375	HMDB	HMDB0000638_7_shen	Dodecanoic acid	inchikey_connectivity_formula_mass	2	FALSE	TRUE	2.59998955698393e-09	6.49997389245982e-06
DODECANOATE	8376	HMDB	HMDB0000638_8_shen	Dodecanoic acid	inchikey_connectivity_formula_mass	2	FALSE	TRUE	2.59998955698393e-09	6.49997389245982e-06
DODECANOATE	8377	HMDB	HMDB0000638_9_shen	Dodecanoic acid	inchikey_connectivity_formula_mass	2	FALSE	TRUE	2.59998955698393e-09	6.49997389245982e-06
DODECANOATE	8378	HMDB	HMDB0000638_10_shen	Dodecanoic acid	inchikey_connectivity_formula_mass	2	FALSE	TRUE	2.59998955698393e-09	6.49997389245982e-06
DODECANOATE	8379	HMDB	HMDB0000638_11_shen	Dodecanoic acid	inchikey_connectivity_formula_mass	2	FALSE	TRUE	2.59998955698393e-09	6.49997389245982e-06
DODECANOATE	8380	HMDB	HMDB0000638_12_shen	Dodecanoic acid	inchikey_connectivity_formula_mass	2	FALSE	TRUE	2.59998955698393e-09	6.49997389245982e-06
DODECANOATE	8381	HMDB	HMDB0000638_13_shen	Dodecanoic acid	inchikey_connectivity_formula_mass	2	FALSE	TRUE	2.59998955698393e-09	6.49997389245982e-06
DODECANOATE	8382	HMDB	HMDB0000638_14_shen	Dodecanoic acid	inchikey_connectivity_formula_mass	2	FALSE	TRUE	2.59998955698393e-09	6.49997389245982e-06
DODECANOATE	8383	HMDB	HMDB0000638_15_shen	Dodecanoic acid	inchikey_connectivity_formula_mass	2	FALSE	TRUE	2.59998955698393e-09	6.49997389245982e-06
DODECANOATE	8384	HMDB	HMDB0000638_16_shen	Dodecanoic acid	inchikey_connectivity_formula_mass	2	FALSE	TRUE	2.59998955698393e-09	6.49997389245982e-06
DODECANOATE	8385	HMDB	HMDB0000638_17_shen	Dodecanoic acid	inchikey_connectivity_formula_mass	2	FALSE	TRUE	2.59998955698393e-09	6.49997389245982e-06
GLN	8422	HMDB	HMDB0000641_1_shen	L-Glutamine	inchikey	1	TRUE	TRUE	1.69998770616075e-09	4.24996926540189e-06
GLN	8423	HMDB	HMDB0000641_2_shen	L-Glutamine	inchikey	1	TRUE	TRUE	1.69998770616075e-09	4.24996926540189e-06
GLN	8424	HMDB	HMDB0000641_3_shen	L-Glutamine	inchikey	1	TRUE	TRUE	1.69998770616075e-09	4.24996926540189e-06
GLN	8425	HMDB	HMDB0000641_4_shen	L-Glutamine	inchikey	1	TRUE	TRUE	1.69998770616075e-09	4.24996926540189e-06
GLN	8426	HMDB	HMDB0000641_5_shen	L-Glutamine	inchikey	1	TRUE	TRUE	1.69998770616075e-09	4.24996926540189e-06
GLN	8427	HMDB	HMDB0000641_6_shen	L-Glutamine	inchikey	1	TRUE	TRUE	1.69998770616075e-09	4.24996926540189e-06
GLN	8428	HMDB	HMDB0000641_7_shen	L-Glutamine	inchikey	1	TRUE	TRUE	1.69998770616075e-09	4.24996926540189e-06
GLN	8429	HMDB	HMDB0000641_8_shen	L-Glutamine	inchikey	1	TRUE	TRUE	1.69998770616075e-09	4.24996926540189e-06
GLN	8430	HMDB	HMDB0000641_9_shen	L-Glutamine	inchikey	1	TRUE	TRUE	1.69998770616075e-09	4.24996926540189e-06
GLN	8431	HMDB	HMDB0000641_10_shen	L-Glutamine	inchikey	1	TRUE	TRUE	1.69998770616075e-09	4.24996926540189e-06
GLN	8432	HMDB	HMDB0000641_11_shen	L-Glutamine	inchikey	1	TRUE	TRUE	1.69998770616075e-09	4.24996926540189e-06
GLN	8433	HMDB	HMDB0000641_12_shen	L-Glutamine	inchikey	1	TRUE	TRUE	1.69998770616075e-09	4.24996926540189e-06
GLN	8434	HMDB	HMDB0000641_13_shen	L-Glutamine	inchikey	1	TRUE	TRUE	1.69998770616075e-09	4.24996926540189e-06
GLN	8435	HMDB	HMDB0000641_14_shen	L-Glutamine	inchikey	1	TRUE	TRUE	1.69998770616075e-09	4.24996926540189e-06
GLN	8436	HMDB	HMDB0000641_15_shen	L-Glutamine	inchikey	1	TRUE	TRUE	1.69998770616075e-09	4.24996926540189e-06
GLN	8437	HMDB	HMDB0000641_16_shen	L-Glutamine	inchikey	1	TRUE	TRUE	1.69998770616075e-09	4.24996926540189e-06
GLN	8438	HMDB	HMDB0000641_17_shen	L-Glutamine	inchikey	1	TRUE	TRUE	1.69998770616075e-09	4.24996926540189e-06
GLN	8439	HMDB	HMDB0000641_18_shen	L-Glutamine	inchikey	1	TRUE	TRUE	1.69998770616075e-09	4.24996926540189e-06
GLN	8440	HMDB	HMDB0000641_19_shen	L-Glutamine	inchikey	1	TRUE	TRUE	1.69998770616075e-09	4.24996926540189e-06
GLN	8441	HMDB	HMDB0000641_20_shen	L-Glutamine	inchikey	1	TRUE	TRUE	1.69998770616075e-09	4.24996926540189e-06
GLN	8442	HMDB	HMDB0000641_21_shen	L-Glutamine	inchikey	1	TRUE	TRUE	1.69998770616075e-09	4.24996926540189e-06
GLN	8443	HMDB	HMDB0000641_22_shen	L-Glutamine	inchikey	1	TRUE	TRUE	1.69998770616075e-09	4.24996926540189e-06
GLN	8444	HMDB	HMDB0000641_23_shen	L-Glutamine	inchikey	1	TRUE	TRUE	1.69998770616075e-09	4.24996926540189e-06
GLN	8445	HMDB	HMDB0000641_24_shen	L-Glutamine	inchikey	1	TRUE	TRUE	1.69998770616075e-09	4.24996926540189e-06
GLN	8446	HMDB	HMDB0000641_25_shen	L-Glutamine	inchikey	1	TRUE	TRUE	1.69998770616075e-09	4.24996926540189e-06
GLN	8447	HMDB	HMDB0000641_26_shen	L-Glutamine	inchikey	1	TRUE	TRUE	1.69998770616075e-09	4.24996926540189e-06
GLN	8448	HMDB	HMDB0000641_27_shen	L-Glutamine	inchikey	1	TRUE	TRUE	1.69998770616075e-09	4.24996926540189e-06
GLN	8449	HMDB	HMDB0000641_28_shen	L-Glutamine	inchikey	1	TRUE	TRUE	1.69998770616075e-09	4.24996926540189e-06
GLN	8450	HMDB	HMDB0000641_29_shen	L-Glutamine	inchikey	1	TRUE	TRUE	1.69998770616075e-09	4.24996926540189e-06
GLN	8451	HMDB	HMDB0000641_30_shen	L-Glutamine	inchikey	1	TRUE	TRUE	1.69998770616075e-09	4.24996926540189e-06
GLN	8452	HMDB	HMDB0000641_31_shen	L-Glutamine	inchikey	1	TRUE	TRUE	1.69998770616075e-09	4.24996926540189e-06
GLN	8453	HMDB	HMDB0000641_32_shen	L-Glutamine	inchikey	1	TRUE	TRUE	1.69998770616075e-09	4.24996926540189e-06
GLN	8454	HMDB	HMDB0000641_33_shen	L-Glutamine	inchikey	1	TRUE	TRUE	1.69998770616075e-09	4.24996926540189e-06
GLN	8455	HMDB	HMDB0000641_34_shen	L-Glutamine	inchikey	1	TRUE	TRUE	1.69998770616075e-09	4.24996926540189e-06
GLN	8456	HMDB	HMDB0000641_35_shen	L-Glutamine	inchikey	1	TRUE	TRUE	1.69998770616075e-09	4.24996926540189e-06
GLN	8457	HMDB	HMDB0000641_36_shen	L-Glutamine	inchikey	1	TRUE	TRUE	1.69998770616075e-09	4.24996926540189e-06
GLN	8458	HMDB	HMDB0000641_37_shen	L-Glutamine	inchikey	1	TRUE	TRUE	1.69998770616075e-09	4.24996926540189e-06
GLN	8459	HMDB	HMDB0000641_38_shen	L-Glutamine	inchikey	1	TRUE	TRUE	1.69998770616075e-09	4.24996926540189e-06
GLN	8460	HMDB	HMDB0000641_39_shen	L-Glutamine	inchikey	1	TRUE	TRUE	1.69998770616075e-09	4.24996926540189e-06
GLN	8461	HMDB	HMDB0000641_40_shen	L-Glutamine	inchikey	1	TRUE	TRUE	1.69998770616075e-09	4.24996926540189e-06
GLN	8462	HMDB	HMDB0000641_41_shen	L-Glutamine	inchikey	1	TRUE	TRUE	1.69998770616075e-09	4.24996926540189e-06
GLN	8463	HMDB	HMDB0000641_42_shen	L-Glutamine	inchikey	1	TRUE	TRUE	1.69998770616075e-09	4.24996926540189e-06
GLN	8464	HMDB	HMDB0000641_43_shen	L-Glutamine	inchikey	1	TRUE	TRUE	1.69998770616075e-09	4.24996926540189e-06
GLN	8465	HMDB	HMDB0000641_44_shen	L-Glutamine	inchikey	1	TRUE	TRUE	1.69998770616075e-09	4.24996926540189e-06
GLN	8466	HMDB	HMDB0000641_45_shen	L-Glutamine	inchikey	1	TRUE	TRUE	1.69998770616075e-09	4.24996926540189e-06
GLN	8467	HMDB	HMDB0000641_46_shen	L-Glutamine	inchikey	1	TRUE	TRUE	1.69998770616075e-09	4.24996926540189e-06
GLN	8468	HMDB	HMDB0000641_47_shen	L-Glutamine	inchikey	1	TRUE	TRUE	1.69998770616075e-09	4.24996926540189e-06
GLN	8469	HMDB	HMDB0000641_48_shen	L-Glutamine	inchikey	1	TRUE	TRUE	1.69998770616075e-09	4.24996926540189e-06
GLN	8470	HMDB	HMDB0000641_49_shen	L-Glutamine	inchikey	1	TRUE	TRUE	1.69998770616075e-09	4.24996926540189e-06
GLN	8471	HMDB	HMDB0000641_50_shen	L-Glutamine	inchikey	1	TRUE	TRUE	1.69998770616075e-09	4.24996926540189e-06
GLN	8472	HMDB	HMDB0000641_51_shen	L-Glutamine	inchikey	1	TRUE	TRUE	1.69998770616075e-09	4.24996926540189e-06
GLN	8473	HMDB	HMDB0000641_52_shen	L-Glutamine	inchikey	1	TRUE	TRUE	1.69998770616075e-09	4.24996926540189e-06
GLN	8474	HMDB	HMDB0000641_53_shen	L-Glutamine	inchikey	1	TRUE	TRUE	1.69998770616075e-09	4.24996926540189e-06
GLN	8475	HMDB	HMDB0000641_54_shen	L-Glutamine	inchikey	1	TRUE	TRUE	1.69998770616075e-09	4.24996926540189e-06
GLN	8476	HMDB	HMDB0000641_55_shen	L-Glutamine	inchikey	1	TRUE	TRUE	1.69998770616075e-09	4.24996926540189e-06
GLN	8477	HMDB	HMDB0000641_56_shen	L-Glutamine	inchikey	1	TRUE	TRUE	1.69998770616075e-09	4.24996926540189e-06
GLN	8478	HMDB	HMDB0000641_57_shen	L-Glutamine	inchikey	1	TRUE	TRUE	1.69998770616075e-09	4.24996926540189e-06
GLN	8479	HMDB	HMDB0000641_58_shen	L-Glutamine	inchikey	1	TRUE	TRUE	1.69998770616075e-09	4.24996926540189e-06
GLN	8480	HMDB	HMDB0000641_59_shen	L-Glutamine	inchikey	1	TRUE	TRUE	1.69998770616075e-09	4.24996926540189e-06
GLN	8481	HMDB	HMDB0000641_60_shen	L-Glutamine	inchikey	1	TRUE	TRUE	1.69998770616075e-09	4.24996926540189e-06
GLN	8482	HMDB	HMDB0000641_61_shen	L-Glutamine	inchikey	1	TRUE	TRUE	1.69998770616075e-09	4.24996926540189e-06
GLN	8483	HMDB	HMDB0000641_62_shen	L-Glutamine	inchikey	1	TRUE	TRUE	1.69998770616075e-09	4.24996926540189e-06
GLN	8484	HMDB	HMDB0000641_63_shen	L-Glutamine	inchikey	1	TRUE	TRUE	1.69998770616075e-09	4.24996926540189e-06
GLN	8485	HMDB	HMDB0000641_64_shen	L-Glutamine	inchikey	1	TRUE	TRUE	1.69998770616075e-09	4.24996926540189e-06
GLN	8486	HMDB	HMDB0000641_65_shen	L-Glutamine	inchikey	1	TRUE	TRUE	1.69998770616075e-09	4.24996926540189e-06
GLN	8487	HMDB	HMDB0000641_66_shen	L-Glutamine	inchikey	1	TRUE	TRUE	1.69998770616075e-09	4.24996926540189e-06
GLN	8488	HMDB	HMDB0000641_67_shen	L-Glutamine	inchikey	1	TRUE	TRUE	1.69998770616075e-09	4.24996926540189e-06
GLN	8489	HMDB	HMDB0000641_68_shen	L-Glutamine	inchikey	1	TRUE	TRUE	1.69998770616075e-09	4.24996926540189e-06
GLN	8490	HMDB	HMDB0000641_69_shen	L-Glutamine	inchikey	1	TRUE	TRUE	1.69998770616075e-09	4.24996926540189e-06
GLN	8491	HMDB	HMDB0000641_70_shen	L-Glutamine	inchikey	1	TRUE	TRUE	1.69998770616075e-09	4.24996926540189e-06
GLN	8492	HMDB	HMDB0000641_71_shen	L-Glutamine	inchikey	1	TRUE	TRUE	1.69998770616075e-09	4.24996926540189e-06
GLN	8493	HMDB	HMDB0000641_72_shen	L-Glutamine	inchikey	1	TRUE	TRUE	1.69998770616075e-09	4.24996926540189e-06
GLN	8494	HMDB	HMDB0000641_73_shen	L-Glutamine	inchikey	1	TRUE	TRUE	1.69998770616075e-09	4.24996926540189e-06
GLN	8495	HMDB	HMDB0000641_74_shen	L-Glutamine	inchikey	1	TRUE	TRUE	1.69998770616075e-09	4.24996926540189e-06
GLN	8496	HMDB	HMDB0000641_75_shen	L-Glutamine	inchikey	1	TRUE	TRUE	1.69998770616075e-09	4.24996926540189e-06
GLN	8497	HMDB	HMDB0000641_76_shen	L-Glutamine	inchikey	1	TRUE	TRUE	1.69998770616075e-09	4.24996926540189e-06
GLN	8498	HMDB	HMDB0000641_77_shen	L-Glutamine	inchikey	1	TRUE	TRUE	1.69998770616075e-09	4.24996926540189e-06
GLN	8499	HMDB	HMDB0000641_78_shen	L-Glutamine	inchikey	1	TRUE	TRUE	1.69998770616075e-09	4.24996926540189e-06
GLN	8500	HMDB	HMDB0000641_79_shen	L-Glutamine	inchikey	1	TRUE	TRUE	1.69998770616075e-09	4.24996926540189e-06
GLN	8501	HMDB	HMDB0000641_80_shen	L-Glutamine	inchikey	1	TRUE	TRUE	1.69998770616075e-09	4.24996926540189e-06
GLN	8502	HMDB	HMDB0000641_81_shen	L-Glutamine	inchikey	1	TRUE	TRUE	1.69998770616075e-09	4.24996926540189e-06
GLN	8503	HMDB	HMDB0000641_82_shen	L-Glutamine	inchikey	1	TRUE	TRUE	1.69998770616075e-09	4.24996926540189e-06
GLN	8504	HMDB	HMDB0000641_83_shen	L-Glutamine	inchikey	1	TRUE	TRUE	1.69998770616075e-09	4.24996926540189e-06
GLN	8505	HMDB	HMDB0000641_84_shen	L-Glutamine	inchikey	1	TRUE	TRUE	1.69998770616075e-09	4.24996926540189e-06
GLN	8506	HMDB	HMDB0000641_85_shen	L-Glutamine	inchikey	1	TRUE	TRUE	1.69998770616075e-09	4.24996926540189e-06
GLN	8507	HMDB	HMDB0000641_86_shen	L-Glutamine	inchikey	1	TRUE	TRUE	1.69998770616075e-09	4.24996926540189e-06
GLN	8508	HMDB	HMDB0000641_87_shen	L-Glutamine	inchikey	1	TRUE	TRUE	1.69998770616075e-09	4.24996926540189e-06
GLN	8509	HMDB	HMDB0000641_88_shen	L-Glutamine	inchikey	1	TRUE	TRUE	1.69998770616075e-09	4.24996926540189e-06
GLN	8510	HMDB	HMDB0000641_89_shen	L-Glutamine	inchikey	1	TRUE	TRUE	1.69998770616075e-09	4.24996926540189e-06
GLN	8511	HMDB	HMDB0000641_90_shen	L-Glutamine	inchikey	1	TRUE	TRUE	1.69998770616075e-09	4.24996926540189e-06
GLN	8512	HMDB	HMDB0000641_91_shen	L-Glutamine	inchikey	1	TRUE	TRUE	1.69998770616075e-09	4.24996926540189e-06
GLN	8513	HMDB	HMDB0000641_92_shen	L-Glutamine	inchikey	1	TRUE	TRUE	1.69998770616075e-09	4.24996926540189e-06
GLN	8514	HMDB	HMDB0000641_93_shen	L-Glutamine	inchikey	1	TRUE	TRUE	1.69998770616075e-09	4.24996926540189e-06
GLN	8515	HMDB	HMDB0000641_94_shen	L-Glutamine	inchikey	1	TRUE	TRUE	1.69998770616075e-09	4.24996926540189e-06
GLN	8516	HMDB	HMDB0000641_95_shen	L-Glutamine	inchikey	1	TRUE	TRUE	1.69998770616075e-09	4.24996926540189e-06
GLN	8517	HMDB	HMDB0000641_96_shen	L-Glutamine	inchikey	1	TRUE	TRUE	1.69998770616075e-09	4.24996926540189e-06
GLN	8518	HMDB	HMDB0000641_97_shen	L-Glutamine	inchikey	1	TRUE	TRUE	1.69998770616075e-09	4.24996926540189e-06
GLN	8519	HMDB	HMDB0000641_98_shen	L-Glutamine	inchikey	1	TRUE	TRUE	1.69998770616075e-09	4.24996926540189e-06
GALACTOSE-1P	8520	HMDB	HMDB0000645_1_shen	Galactose 1-phosphate	inchikey_connectivity_formula_mass	2	FALSE	TRUE	1.99975147552323e-10	4.99937868880806e-07
GALACTOSE-1P	8521	HMDB	HMDB0000645_2_shen	Galactose 1-phosphate	inchikey_connectivity_formula_mass	2	FALSE	TRUE	1.99975147552323e-10	4.99937868880806e-07
GALACTOSE-1P	8522	HMDB	HMDB0000645_3_shen	Galactose 1-phosphate	inchikey_connectivity_formula_mass	2	FALSE	TRUE	1.99975147552323e-10	4.99937868880806e-07
GALACTOSE-1P	8523	HMDB	HMDB0000645_4_shen	Galactose 1-phosphate	inchikey_connectivity_formula_mass	2	FALSE	TRUE	1.99975147552323e-10	4.99937868880806e-07
GALACTOSE-1P	8524	HMDB	HMDB0000645_5_shen	Galactose 1-phosphate	inchikey_connectivity_formula_mass	2	FALSE	TRUE	1.99975147552323e-10	4.99937868880806e-07
GALACTOSE-1P	8525	HMDB	HMDB0000645_6_shen	Galactose 1-phosphate	inchikey_connectivity_formula_mass	2	FALSE	TRUE	1.99975147552323e-10	4.99937868880806e-07
GALACTOSE-1P	8526	HMDB	HMDB0000645_7_shen	Galactose 1-phosphate	inchikey_connectivity_formula_mass	2	FALSE	TRUE	1.99975147552323e-10	4.99937868880806e-07
GALACTOSE-1P	8527	HMDB	HMDB0000645_8_shen	Galactose 1-phosphate	inchikey_connectivity_formula_mass	2	FALSE	TRUE	1.99975147552323e-10	4.99937868880806e-07
GALACTOSE-1P	8528	HMDB	HMDB0000645_9_shen	Galactose 1-phosphate	inchikey_connectivity_formula_mass	2	FALSE	TRUE	1.99975147552323e-10	4.99937868880806e-07
GALACTOSE-1P	8529	HMDB	HMDB0000645_10_shen	Galactose 1-phosphate	inchikey_connectivity_formula_mass	2	FALSE	TRUE	1.99975147552323e-10	4.99937868880806e-07
GALACTOSE-1P	8530	HMDB	HMDB0000645_11_shen	Galactose 1-phosphate	inchikey_connectivity_formula_mass	2	FALSE	TRUE	1.99975147552323e-10	4.99937868880806e-07
GALACTOSE-1P	8531	HMDB	HMDB0000645_12_shen	Galactose 1-phosphate	inchikey_connectivity_formula_mass	2	FALSE	TRUE	1.99975147552323e-10	4.99937868880806e-07
GALACTOSE-1P	8532	HMDB	HMDB0000645_13_shen	Galactose 1-phosphate	inchikey_connectivity_formula_mass	2	FALSE	TRUE	1.99975147552323e-10	4.99937868880806e-07
GALACTOSE-1P	8533	HMDB	HMDB0000645_14_shen	Galactose 1-phosphate	inchikey_connectivity_formula_mass	2	FALSE	TRUE	1.99975147552323e-10	4.99937868880806e-07
GALACTOSE-1P	8534	HMDB	HMDB0000645_15_shen	Galactose 1-phosphate	inchikey_connectivity_formula_mass	2	FALSE	TRUE	1.99975147552323e-10	4.99937868880806e-07
GALACTOSE-1P	8535	HMDB	HMDB0000645_16_shen	Galactose 1-phosphate	inchikey_connectivity_formula_mass	2	FALSE	TRUE	1.99975147552323e-10	4.99937868880806e-07
GALACTOSE-1P	8536	HMDB	HMDB0000645_17_shen	Galactose 1-phosphate	inchikey_connectivity_formula_mass	2	FALSE	TRUE	1.99975147552323e-10	4.99937868880806e-07
GALACTOSE-1P	8537	HMDB	HMDB0000645_18_shen	Galactose 1-phosphate	inchikey_connectivity_formula_mass	2	FALSE	TRUE	1.99975147552323e-10	4.99937868880806e-07
GALACTOSE-1P	8538	HMDB	HMDB0000645_19_shen	Galactose 1-phosphate	inchikey_connectivity_formula_mass	2	FALSE	TRUE	1.99975147552323e-10	4.99937868880806e-07
GALACTOSE-1P	8539	HMDB	HMDB0000645_20_shen	Galactose 1-phosphate	inchikey_connectivity_formula_mass	2	FALSE	TRUE	1.99975147552323e-10	4.99937868880806e-07
GALACTOSE-1P	8540	HMDB	HMDB0000645_21_shen	Galactose 1-phosphate	inchikey_connectivity_formula_mass	2	FALSE	TRUE	1.99975147552323e-10	4.99937868880806e-07
GALACTOSE-1P	8541	HMDB	HMDB0000645_22_shen	Galactose 1-phosphate	inchikey_connectivity_formula_mass	2	FALSE	TRUE	1.99975147552323e-10	4.99937868880806e-07
GALACTOSE-1P	8542	HMDB	HMDB0000645_23_shen	Galactose 1-phosphate	inchikey_connectivity_formula_mass	2	FALSE	TRUE	1.99975147552323e-10	4.99937868880806e-07
GALACTOSE-1P	8543	HMDB	HMDB0000645_24_shen	Galactose 1-phosphate	inchikey_connectivity_formula_mass	2	FALSE	TRUE	1.99975147552323e-10	4.99937868880806e-07
GALACTOSE-1P	8544	HMDB	HMDB0000645_25_shen	Galactose 1-phosphate	inchikey_connectivity_formula_mass	2	FALSE	TRUE	1.99975147552323e-10	4.99937868880806e-07
GALACTOSE-1P	8545	HMDB	HMDB0000645_26_shen	Galactose 1-phosphate	inchikey_connectivity_formula_mass	2	FALSE	TRUE	1.99975147552323e-10	4.99937868880806e-07
GALACTOSE-1P	8546	HMDB	HMDB0000645_27_shen	Galactose 1-phosphate	inchikey_connectivity_formula_mass	2	FALSE	TRUE	1.99975147552323e-10	4.99937868880806e-07
GALACTOSE-1P	8547	HMDB	HMDB0000645_28_shen	Galactose 1-phosphate	inchikey_connectivity_formula_mass	2	FALSE	TRUE	1.99975147552323e-10	4.99937868880806e-07
GALACTOSE-1P	8548	HMDB	HMDB0000645_29_shen	Galactose 1-phosphate	inchikey_connectivity_formula_mass	2	FALSE	TRUE	1.99975147552323e-10	4.99937868880806e-07
GALACTOSE-1P	8549	HMDB	HMDB0000645_30_shen	Galactose 1-phosphate	inchikey_connectivity_formula_mass	2	FALSE	TRUE	1.99975147552323e-10	4.99937868880806e-07
GALACTOSE-1P	8550	HMDB	HMDB0000645_31_shen	Galactose 1-phosphate	inchikey_connectivity_formula_mass	2	FALSE	TRUE	1.99975147552323e-10	4.99937868880806e-07
GALACTOSE-1P	8551	HMDB	HMDB0000645_32_shen	Galactose 1-phosphate	inchikey_connectivity_formula_mass	2	FALSE	TRUE	1.99975147552323e-10	4.99937868880806e-07
GALACTOSE-1P	8552	HMDB	HMDB0000645_33_shen	Galactose 1-phosphate	inchikey_connectivity_formula_mass	2	FALSE	TRUE	1.99975147552323e-10	4.99937868880806e-07
GALACTOSE-1P	8553	HMDB	HMDB0000645_34_shen	Galactose 1-phosphate	inchikey_connectivity_formula_mass	2	FALSE	TRUE	1.99975147552323e-10	4.99937868880806e-07
GALACTOSE-1P	8554	HMDB	HMDB0000645_35_shen	Galactose 1-phosphate	inchikey_connectivity_formula_mass	2	FALSE	TRUE	1.99975147552323e-10	4.99937868880806e-07
GALACTOSE-1P	8555	HMDB	HMDB0000645_36_shen	Galactose 1-phosphate	inchikey_connectivity_formula_mass	2	FALSE	TRUE	1.99975147552323e-10	4.99937868880806e-07
GALACTOSE-1P	8556	HMDB	HMDB0000645_37_shen	Galactose 1-phosphate	inchikey_connectivity_formula_mass	2	FALSE	TRUE	1.99975147552323e-10	4.99937868880806e-07
GALACTOSE-1P	8557	HMDB	HMDB0000645_38_shen	Galactose 1-phosphate	inchikey_connectivity_formula_mass	2	FALSE	TRUE	1.99975147552323e-10	4.99937868880806e-07
GALACTOSE-1P	8558	HMDB	HMDB0000645_39_shen	Galactose 1-phosphate	inchikey_connectivity_formula_mass	2	FALSE	TRUE	1.99975147552323e-10	4.99937868880806e-07
GALACTOSE-1P	8559	HMDB	HMDB0000645_40_shen	Galactose 1-phosphate	inchikey_connectivity_formula_mass	2	FALSE	TRUE	1.99975147552323e-10	4.99937868880806e-07
GALACTOSE-1P	8560	HMDB	HMDB0000645_41_shen	Galactose 1-phosphate	inchikey_connectivity_formula_mass	2	FALSE	TRUE	1.99975147552323e-10	4.99937868880806e-07
GALACTOSE-1P	8561	HMDB	HMDB0000645_42_shen	Galactose 1-phosphate	inchikey_connectivity_formula_mass	2	FALSE	TRUE	1.99975147552323e-10	4.99937868880806e-07
GALACTOSE-1P	8562	HMDB	HMDB0000645_43_shen	Galactose 1-phosphate	inchikey_connectivity_formula_mass	2	FALSE	TRUE	1.99975147552323e-10	4.99937868880806e-07
GALACTOSE-1P	8563	HMDB	HMDB0000645_44_shen	Galactose 1-phosphate	inchikey_connectivity_formula_mass	2	FALSE	TRUE	1.99975147552323e-10	4.99937868880806e-07
2-Aminobutyrate	8564	HMDB	HMDB0000650_1_shen	D-alpha-Aminobutyric acid	name_formula_mass	4	TRUE	TRUE	1.29999477849196e-09	3.24998694622991e-06
CPD0-1942	8564	HMDB	HMDB0000650_1_shen	D-alpha-Aminobutyric acid	name_formula_mass	4	TRUE	TRUE	1.29999477849196e-09	3.24998694622991e-06
2-Aminobutyrate	8565	HMDB	HMDB0000650_2_shen	D-alpha-Aminobutyric acid	name_formula_mass	4	TRUE	TRUE	1.29999477849196e-09	3.24998694622991e-06
CPD0-1942	8565	HMDB	HMDB0000650_2_shen	D-alpha-Aminobutyric acid	name_formula_mass	4	TRUE	TRUE	1.29999477849196e-09	3.24998694622991e-06
2-Aminobutyrate	8566	HMDB	HMDB0000650_3_shen	D-alpha-Aminobutyric acid	name_formula_mass	4	TRUE	TRUE	1.29999477849196e-09	3.24998694622991e-06
CPD0-1942	8566	HMDB	HMDB0000650_3_shen	D-alpha-Aminobutyric acid	name_formula_mass	4	TRUE	TRUE	1.29999477849196e-09	3.24998694622991e-06
2-Aminobutyrate	8567	HMDB	HMDB0000650_4_shen	D-alpha-Aminobutyric acid	name_formula_mass	4	TRUE	TRUE	1.29999477849196e-09	3.24998694622991e-06
CPD0-1942	8567	HMDB	HMDB0000650_4_shen	D-alpha-Aminobutyric acid	name_formula_mass	4	TRUE	TRUE	1.29999477849196e-09	3.24998694622991e-06
2-Aminobutyrate	8568	HMDB	HMDB0000650_5_shen	D-alpha-Aminobutyric acid	name_formula_mass	4	TRUE	TRUE	1.29999477849196e-09	3.24998694622991e-06
CPD0-1942	8568	HMDB	HMDB0000650_5_shen	D-alpha-Aminobutyric acid	name_formula_mass	4	TRUE	TRUE	1.29999477849196e-09	3.24998694622991e-06
2-Aminobutyrate	8569	HMDB	HMDB0000650_6_shen	D-alpha-Aminobutyric acid	name_formula_mass	4	TRUE	TRUE	1.29999477849196e-09	3.24998694622991e-06
CPD0-1942	8569	HMDB	HMDB0000650_6_shen	D-alpha-Aminobutyric acid	name_formula_mass	4	TRUE	TRUE	1.29999477849196e-09	3.24998694622991e-06
2-Aminobutyrate	8570	HMDB	HMDB0000650_7_shen	D-alpha-Aminobutyric acid	name_formula_mass	4	TRUE	TRUE	1.29999477849196e-09	3.24998694622991e-06
CPD0-1942	8570	HMDB	HMDB0000650_7_shen	D-alpha-Aminobutyric acid	name_formula_mass	4	TRUE	TRUE	1.29999477849196e-09	3.24998694622991e-06
2-Aminobutyrate	8571	HMDB	HMDB0000650_8_shen	D-alpha-Aminobutyric acid	name_formula_mass	4	TRUE	TRUE	1.29999477849196e-09	3.24998694622991e-06
CPD0-1942	8571	HMDB	HMDB0000650_8_shen	D-alpha-Aminobutyric acid	name_formula_mass	4	TRUE	TRUE	1.29999477849196e-09	3.24998694622991e-06
2-Aminobutyrate	8572	HMDB	HMDB0000650_9_shen	D-alpha-Aminobutyric acid	name_formula_mass	4	TRUE	TRUE	1.29999477849196e-09	3.24998694622991e-06
CPD0-1942	8572	HMDB	HMDB0000650_9_shen	D-alpha-Aminobutyric acid	name_formula_mass	4	TRUE	TRUE	1.29999477849196e-09	3.24998694622991e-06
2-Aminobutyrate	8573	HMDB	HMDB0000650_10_shen	D-alpha-Aminobutyric acid	name_formula_mass	4	TRUE	TRUE	1.29999477849196e-09	3.24998694622991e-06
CPD0-1942	8573	HMDB	HMDB0000650_10_shen	D-alpha-Aminobutyric acid	name_formula_mass	4	TRUE	TRUE	1.29999477849196e-09	3.24998694622991e-06
2-Aminobutyrate	8574	HMDB	HMDB0000650_11_shen	D-alpha-Aminobutyric acid	name_formula_mass	4	TRUE	TRUE	1.29999477849196e-09	3.24998694622991e-06
CPD0-1942	8574	HMDB	HMDB0000650_11_shen	D-alpha-Aminobutyric acid	name_formula_mass	4	TRUE	TRUE	1.29999477849196e-09	3.24998694622991e-06
2-Aminobutyrate	8575	HMDB	HMDB0000650_12_shen	D-alpha-Aminobutyric acid	name_formula_mass	4	TRUE	TRUE	1.29999477849196e-09	3.24998694622991e-06
CPD0-1942	8575	HMDB	HMDB0000650_12_shen	D-alpha-Aminobutyric acid	name_formula_mass	4	TRUE	TRUE	1.29999477849196e-09	3.24998694622991e-06
2-Aminobutyrate	8576	HMDB	HMDB0000650_13_shen	D-alpha-Aminobutyric acid	name_formula_mass	4	TRUE	TRUE	1.29999477849196e-09	3.24998694622991e-06
CPD0-1942	8576	HMDB	HMDB0000650_13_shen	D-alpha-Aminobutyric acid	name_formula_mass	4	TRUE	TRUE	1.29999477849196e-09	3.24998694622991e-06
2-Aminobutyrate	8577	HMDB	HMDB0000650_14_shen	D-alpha-Aminobutyric acid	name_formula_mass	4	TRUE	TRUE	1.29999477849196e-09	3.24998694622991e-06
CPD0-1942	8577	HMDB	HMDB0000650_14_shen	D-alpha-Aminobutyric acid	name_formula_mass	4	TRUE	TRUE	1.29999477849196e-09	3.24998694622991e-06
2-Aminobutyrate	8578	HMDB	HMDB0000650_15_shen	D-alpha-Aminobutyric acid	name_formula_mass	4	TRUE	TRUE	1.29999477849196e-09	3.24998694622991e-06
CPD0-1942	8578	HMDB	HMDB0000650_15_shen	D-alpha-Aminobutyric acid	name_formula_mass	4	TRUE	TRUE	1.29999477849196e-09	3.24998694622991e-06
2-Aminobutyrate	8579	HMDB	HMDB0000650_16_shen	D-alpha-Aminobutyric acid	name_formula_mass	4	TRUE	TRUE	1.29999477849196e-09	3.24998694622991e-06
CPD0-1942	8579	HMDB	HMDB0000650_16_shen	D-alpha-Aminobutyric acid	name_formula_mass	4	TRUE	TRUE	1.29999477849196e-09	3.24998694622991e-06
2-Aminobutyrate	8580	HMDB	HMDB0000650_17_shen	D-alpha-Aminobutyric acid	name_formula_mass	4	TRUE	TRUE	1.29999477849196e-09	3.24998694622991e-06
CPD0-1942	8580	HMDB	HMDB0000650_17_shen	D-alpha-Aminobutyric acid	name_formula_mass	4	TRUE	TRUE	1.29999477849196e-09	3.24998694622991e-06
2-Aminobutyrate	8581	HMDB	HMDB0000650_18_shen	D-alpha-Aminobutyric acid	name_formula_mass	4	TRUE	TRUE	1.29999477849196e-09	3.24998694622991e-06
CPD0-1942	8581	HMDB	HMDB0000650_18_shen	D-alpha-Aminobutyric acid	name_formula_mass	4	TRUE	TRUE	1.29999477849196e-09	3.24998694622991e-06
2-Aminobutyrate	8582	HMDB	HMDB0000650_19_shen	D-alpha-Aminobutyric acid	name_formula_mass	4	TRUE	TRUE	1.29999477849196e-09	3.24998694622991e-06
CPD0-1942	8582	HMDB	HMDB0000650_19_shen	D-alpha-Aminobutyric acid	name_formula_mass	4	TRUE	TRUE	1.29999477849196e-09	3.24998694622991e-06
2-Aminobutyrate	8583	HMDB	HMDB0000650_20_shen	D-alpha-Aminobutyric acid	name_formula_mass	4	TRUE	TRUE	1.29999477849196e-09	3.24998694622991e-06
CPD0-1942	8583	HMDB	HMDB0000650_20_shen	D-alpha-Aminobutyric acid	name_formula_mass	4	TRUE	TRUE	1.29999477849196e-09	3.24998694622991e-06
2-Aminobutyrate	8584	HMDB	HMDB0000650_21_shen	D-alpha-Aminobutyric acid	name_formula_mass	4	TRUE	TRUE	1.29999477849196e-09	3.24998694622991e-06
CPD0-1942	8584	HMDB	HMDB0000650_21_shen	D-alpha-Aminobutyric acid	name_formula_mass	4	TRUE	TRUE	1.29999477849196e-09	3.24998694622991e-06
2-Aminobutyrate	8585	HMDB	HMDB0000650_22_shen	D-alpha-Aminobutyric acid	name_formula_mass	4	TRUE	TRUE	1.29999477849196e-09	3.24998694622991e-06
CPD0-1942	8585	HMDB	HMDB0000650_22_shen	D-alpha-Aminobutyric acid	name_formula_mass	4	TRUE	TRUE	1.29999477849196e-09	3.24998694622991e-06
2-Aminobutyrate	8586	HMDB	HMDB0000650_23_shen	D-alpha-Aminobutyric acid	name_formula_mass	4	TRUE	TRUE	1.29999477849196e-09	3.24998694622991e-06
CPD0-1942	8586	HMDB	HMDB0000650_23_shen	D-alpha-Aminobutyric acid	name_formula_mass	4	TRUE	TRUE	1.29999477849196e-09	3.24998694622991e-06
2-Aminobutyrate	8587	HMDB	HMDB0000650_24_shen	D-alpha-Aminobutyric acid	name_formula_mass	4	TRUE	TRUE	1.29999477849196e-09	3.24998694622991e-06
CPD0-1942	8587	HMDB	HMDB0000650_24_shen	D-alpha-Aminobutyric acid	name_formula_mass	4	TRUE	TRUE	1.29999477849196e-09	3.24998694622991e-06
2-Aminobutyrate	8588	HMDB	HMDB0000650_25_shen	D-alpha-Aminobutyric acid	name_formula_mass	4	TRUE	TRUE	1.29999477849196e-09	3.24998694622991e-06
CPD0-1942	8588	HMDB	HMDB0000650_25_shen	D-alpha-Aminobutyric acid	name_formula_mass	4	TRUE	TRUE	1.29999477849196e-09	3.24998694622991e-06
2-Aminobutyrate	8589	HMDB	HMDB0000650_26_shen	D-alpha-Aminobutyric acid	name_formula_mass	4	TRUE	TRUE	1.29999477849196e-09	3.24998694622991e-06
CPD0-1942	8589	HMDB	HMDB0000650_26_shen	D-alpha-Aminobutyric acid	name_formula_mass	4	TRUE	TRUE	1.29999477849196e-09	3.24998694622991e-06
2-Aminobutyrate	8590	HMDB	HMDB0000650_27_shen	D-alpha-Aminobutyric acid	name_formula_mass	4	TRUE	TRUE	1.29999477849196e-09	3.24998694622991e-06
CPD0-1942	8590	HMDB	HMDB0000650_27_shen	D-alpha-Aminobutyric acid	name_formula_mass	4	TRUE	TRUE	1.29999477849196e-09	3.24998694622991e-06
2-Aminobutyrate	8591	HMDB	HMDB0000650_28_shen	D-alpha-Aminobutyric acid	name_formula_mass	4	TRUE	TRUE	1.29999477849196e-09	3.24998694622991e-06
CPD0-1942	8591	HMDB	HMDB0000650_28_shen	D-alpha-Aminobutyric acid	name_formula_mass	4	TRUE	TRUE	1.29999477849196e-09	3.24998694622991e-06
2-Aminobutyrate	8592	HMDB	HMDB0000650_29_shen	D-alpha-Aminobutyric acid	name_formula_mass	4	TRUE	TRUE	1.29999477849196e-09	3.24998694622991e-06
CPD0-1942	8592	HMDB	HMDB0000650_29_shen	D-alpha-Aminobutyric acid	name_formula_mass	4	TRUE	TRUE	1.29999477849196e-09	3.24998694622991e-06
2-Aminobutyrate	8593	HMDB	HMDB0000650_30_shen	D-alpha-Aminobutyric acid	name_formula_mass	4	TRUE	TRUE	1.29999477849196e-09	3.24998694622991e-06
CPD0-1942	8593	HMDB	HMDB0000650_30_shen	D-alpha-Aminobutyric acid	name_formula_mass	4	TRUE	TRUE	1.29999477849196e-09	3.24998694622991e-06
2-Aminobutyrate	8594	HMDB	HMDB0000650_31_shen	D-alpha-Aminobutyric acid	name_formula_mass	4	TRUE	TRUE	1.29999477849196e-09	3.24998694622991e-06
CPD0-1942	8594	HMDB	HMDB0000650_31_shen	D-alpha-Aminobutyric acid	name_formula_mass	4	TRUE	TRUE	1.29999477849196e-09	3.24998694622991e-06
2-Aminobutyrate	8595	HMDB	HMDB0000650_32_shen	D-alpha-Aminobutyric acid	name_formula_mass	4	TRUE	TRUE	1.29999477849196e-09	3.24998694622991e-06
CPD0-1942	8595	HMDB	HMDB0000650_32_shen	D-alpha-Aminobutyric acid	name_formula_mass	4	TRUE	TRUE	1.29999477849196e-09	3.24998694622991e-06
2-Aminobutyrate	8596	HMDB	HMDB0000650_33_shen	D-alpha-Aminobutyric acid	name_formula_mass	4	TRUE	TRUE	1.29999477849196e-09	3.24998694622991e-06
CPD0-1942	8596	HMDB	HMDB0000650_33_shen	D-alpha-Aminobutyric acid	name_formula_mass	4	TRUE	TRUE	1.29999477849196e-09	3.24998694622991e-06
2-Aminobutyrate	8597	HMDB	HMDB0000650_34_shen	D-alpha-Aminobutyric acid	name_formula_mass	4	TRUE	TRUE	1.29999477849196e-09	3.24998694622991e-06
CPD0-1942	8597	HMDB	HMDB0000650_34_shen	D-alpha-Aminobutyric acid	name_formula_mass	4	TRUE	TRUE	1.29999477849196e-09	3.24998694622991e-06
2-Aminobutyrate	8598	HMDB	HMDB0000650_35_shen	D-alpha-Aminobutyric acid	name_formula_mass	4	TRUE	TRUE	1.29999477849196e-09	3.24998694622991e-06
CPD0-1942	8598	HMDB	HMDB0000650_35_shen	D-alpha-Aminobutyric acid	name_formula_mass	4	TRUE	TRUE	1.29999477849196e-09	3.24998694622991e-06
2-Aminobutyrate	8599	HMDB	HMDB0000650_36_shen	D-alpha-Aminobutyric acid	name_formula_mass	4	TRUE	TRUE	1.29999477849196e-09	3.24998694622991e-06
CPD0-1942	8599	HMDB	HMDB0000650_36_shen	D-alpha-Aminobutyric acid	name_formula_mass	4	TRUE	TRUE	1.29999477849196e-09	3.24998694622991e-06
BETA-D-FRUCTOSE	8615	HMDB	HMDB0000660_1_shen	D-Fructose	inchikey	1	TRUE	TRUE	1.80000370164635e-09	4.50000925411587e-06
BETA-D-FRUCTOSE	8616	HMDB	HMDB0000660_2_shen	D-Fructose	inchikey	1	TRUE	TRUE	1.80000370164635e-09	4.50000925411587e-06
BETA-D-FRUCTOSE	8617	HMDB	HMDB0000660_3_shen	D-Fructose	inchikey	1	TRUE	TRUE	1.80000370164635e-09	4.50000925411587e-06
BETA-D-FRUCTOSE	8618	HMDB	HMDB0000660_4_shen	D-Fructose	inchikey	1	TRUE	TRUE	1.80000370164635e-09	4.50000925411587e-06
BETA-D-FRUCTOSE	8619	HMDB	HMDB0000660_5_shen	D-Fructose	inchikey	1	TRUE	TRUE	1.80000370164635e-09	4.50000925411587e-06
BETA-D-FRUCTOSE	8620	HMDB	HMDB0000660_6_shen	D-Fructose	inchikey	1	TRUE	TRUE	1.80000370164635e-09	4.50000925411587e-06
BETA-D-FRUCTOSE	8621	HMDB	HMDB0000660_7_shen	D-Fructose	inchikey	1	TRUE	TRUE	1.80000370164635e-09	4.50000925411587e-06
BETA-D-FRUCTOSE	8622	HMDB	HMDB0000660_8_shen	D-Fructose	inchikey	1	TRUE	TRUE	1.80000370164635e-09	4.50000925411587e-06
BETA-D-FRUCTOSE	8623	HMDB	HMDB0000660_9_shen	D-Fructose	inchikey	1	TRUE	TRUE	1.80000370164635e-09	4.50000925411587e-06
GLUTARATE	8624	HMDB	HMDB0000661_1_shen	Glutaric acid	inchikey_connectivity_formula_mass	2	FALSE	TRUE	1.19999299386109e-09	2.99998248465272e-06
GLUTARATE	8625	HMDB	HMDB0000661_2_shen	Glutaric acid	inchikey_connectivity_formula_mass	2	FALSE	TRUE	1.19999299386109e-09	2.99998248465272e-06
GLUTARATE	8626	HMDB	HMDB0000661_3_shen	Glutaric acid	inchikey_connectivity_formula_mass	2	FALSE	TRUE	1.19999299386109e-09	2.99998248465272e-06
GLUTARATE	8627	HMDB	HMDB0000661_4_shen	Glutaric acid	inchikey_connectivity_formula_mass	2	FALSE	TRUE	1.19999299386109e-09	2.99998248465272e-06
GLUTARATE	8628	HMDB	HMDB0000661_5_shen	Glutaric acid	inchikey_connectivity_formula_mass	2	FALSE	TRUE	1.19999299386109e-09	2.99998248465272e-06
GLUTARATE	8629	HMDB	HMDB0000661_6_shen	Glutaric acid	inchikey_connectivity_formula_mass	2	FALSE	TRUE	1.19999299386109e-09	2.99998248465272e-06
GLUTARATE	8630	HMDB	HMDB0000661_7_shen	Glutaric acid	inchikey_connectivity_formula_mass	2	FALSE	TRUE	1.19999299386109e-09	2.99998248465272e-06
GLUTARATE	8631	HMDB	HMDB0000661_8_shen	Glutaric acid	inchikey_connectivity_formula_mass	2	FALSE	TRUE	1.19999299386109e-09	2.99998248465272e-06
GLUTARATE	8632	HMDB	HMDB0000661_9_shen	Glutaric acid	inchikey_connectivity_formula_mass	2	FALSE	TRUE	1.19999299386109e-09	2.99998248465272e-06
GLUTARATE	8633	HMDB	HMDB0000661_10_shen	Glutaric acid	inchikey_connectivity_formula_mass	2	FALSE	TRUE	1.19999299386109e-09	2.99998248465272e-06
GLUTARATE	8634	HMDB	HMDB0000661_11_shen	Glutaric acid	inchikey_connectivity_formula_mass	2	FALSE	TRUE	1.19999299386109e-09	2.99998248465272e-06
GLUTARATE	8635	HMDB	HMDB0000661_12_shen	Glutaric acid	inchikey_connectivity_formula_mass	2	FALSE	TRUE	1.19999299386109e-09	2.99998248465272e-06
GLUTARATE	8636	HMDB	HMDB0000661_13_shen	Glutaric acid	inchikey_connectivity_formula_mass	2	FALSE	TRUE	1.19999299386109e-09	2.99998248465272e-06
GLUTARATE	8637	HMDB	HMDB0000661_14_shen	Glutaric acid	inchikey_connectivity_formula_mass	2	FALSE	TRUE	1.19999299386109e-09	2.99998248465272e-06
GLUTARATE	8638	HMDB	HMDB0000661_15_shen	Glutaric acid	inchikey_connectivity_formula_mass	2	FALSE	TRUE	1.19999299386109e-09	2.99998248465272e-06
GLUTARATE	8639	HMDB	HMDB0000661_16_shen	Glutaric acid	inchikey_connectivity_formula_mass	2	FALSE	TRUE	1.19999299386109e-09	2.99998248465272e-06
GLUTARATE	8640	HMDB	HMDB0000661_17_shen	Glutaric acid	inchikey_connectivity_formula_mass	2	FALSE	TRUE	1.19999299386109e-09	2.99998248465272e-06
GLUTARATE	8641	HMDB	HMDB0000661_18_shen	Glutaric acid	inchikey_connectivity_formula_mass	2	FALSE	TRUE	1.19999299386109e-09	2.99998248465272e-06
GLUTARATE	8642	HMDB	HMDB0000661_19_shen	Glutaric acid	inchikey_connectivity_formula_mass	2	FALSE	TRUE	1.19999299386109e-09	2.99998248465272e-06
GLUTARATE	8643	HMDB	HMDB0000661_20_shen	Glutaric acid	inchikey_connectivity_formula_mass	2	FALSE	TRUE	1.19999299386109e-09	2.99998248465272e-06
GLUTARATE	8644	HMDB	HMDB0000661_21_shen	Glutaric acid	inchikey_connectivity_formula_mass	2	FALSE	TRUE	1.19999299386109e-09	2.99998248465272e-06
D-GLUCARATE	8645	HMDB	HMDB0000663_1_shen	Glucaric acid	inchikey_connectivity_formula_mass	2	FALSE	TRUE	1.80000370164635e-09	4.50000925411587e-06
D-GLUCARATE	8646	HMDB	HMDB0000663_2_shen	Glucaric acid	inchikey_connectivity_formula_mass	2	FALSE	TRUE	1.80000370164635e-09	4.50000925411587e-06
D-GLUCARATE	8647	HMDB	HMDB0000663_3_shen	Glucaric acid	inchikey_connectivity_formula_mass	2	FALSE	TRUE	1.80000370164635e-09	4.50000925411587e-06
D-GLUCARATE	8648	HMDB	HMDB0000663_4_shen	Glucaric acid	inchikey_connectivity_formula_mass	2	FALSE	TRUE	1.80000370164635e-09	4.50000925411587e-06
D-GLUCARATE	8649	HMDB	HMDB0000663_5_shen	Glucaric acid	inchikey_connectivity_formula_mass	2	FALSE	TRUE	1.80000370164635e-09	4.50000925411587e-06
D-GLUCARATE	8650	HMDB	HMDB0000663_6_shen	Glucaric acid	inchikey_connectivity_formula_mass	2	FALSE	TRUE	1.80000370164635e-09	4.50000925411587e-06
D-GLUCARATE	8651	HMDB	HMDB0000663_7_shen	Glucaric acid	inchikey_connectivity_formula_mass	2	FALSE	TRUE	1.80000370164635e-09	4.50000925411587e-06
D-GLUCARATE	8652	HMDB	HMDB0000663_8_shen	Glucaric acid	inchikey_connectivity_formula_mass	2	FALSE	TRUE	1.80000370164635e-09	4.50000925411587e-06
D-GLUCARATE	8653	HMDB	HMDB0000663_9_shen	Glucaric acid	inchikey_connectivity_formula_mass	2	FALSE	TRUE	1.80000370164635e-09	4.50000925411587e-06
D-GLUCARATE	8654	HMDB	HMDB0000663_10_shen	Glucaric acid	inchikey_connectivity_formula_mass	2	FALSE	TRUE	1.80000370164635e-09	4.50000925411587e-06
D-GLUCARATE	8655	HMDB	HMDB0000663_11_shen	Glucaric acid	inchikey_connectivity_formula_mass	2	FALSE	TRUE	1.80000370164635e-09	4.50000925411587e-06
D-GLUCARATE	8656	HMDB	HMDB0000663_12_shen	Glucaric acid	inchikey_connectivity_formula_mass	2	FALSE	TRUE	1.80000370164635e-09	4.50000925411587e-06
D-GLUCARATE	8657	HMDB	HMDB0000663_13_shen	Glucaric acid	inchikey_connectivity_formula_mass	2	FALSE	TRUE	1.80000370164635e-09	4.50000925411587e-06
D-GLUCARATE	8658	HMDB	HMDB0000663_14_shen	Glucaric acid	inchikey_connectivity_formula_mass	2	FALSE	TRUE	1.80000370164635e-09	4.50000925411587e-06
D-GLUCARATE	8659	HMDB	HMDB0000663_15_shen	Glucaric acid	inchikey_connectivity_formula_mass	2	FALSE	TRUE	1.80000370164635e-09	4.50000925411587e-06
D-GLUCARATE	8660	HMDB	HMDB0000663_16_shen	Glucaric acid	inchikey_connectivity_formula_mass	2	FALSE	TRUE	1.80000370164635e-09	4.50000925411587e-06
D-GLUCARATE	8661	HMDB	HMDB0000663_17_shen	Glucaric acid	inchikey_connectivity_formula_mass	2	FALSE	TRUE	1.80000370164635e-09	4.50000925411587e-06
D-GLUCARATE	8662	HMDB	HMDB0000663_18_shen	Glucaric acid	inchikey_connectivity_formula_mass	2	FALSE	TRUE	1.80000370164635e-09	4.50000925411587e-06
D-GLUCARATE	8663	HMDB	HMDB0000663_19_shen	Glucaric acid	inchikey_connectivity_formula_mass	2	FALSE	TRUE	1.80000370164635e-09	4.50000925411587e-06
CPD-7619	8671	HMDB	HMDB0000666_1_shen	Heptanoic acid	inchikey_connectivity_formula_mass	2	FALSE	TRUE	1.60000013238459e-09	4.00000033096148e-06
CPD-7619	8672	HMDB	HMDB0000666_2_shen	Heptanoic acid	inchikey_connectivity_formula_mass	2	FALSE	TRUE	1.60000013238459e-09	4.00000033096148e-06
CPD-7619	8673	HMDB	HMDB0000666_3_shen	Heptanoic acid	inchikey_connectivity_formula_mass	2	FALSE	TRUE	1.60000013238459e-09	4.00000033096148e-06
CPD-7619	8674	HMDB	HMDB0000666_4_shen	Heptanoic acid	inchikey_connectivity_formula_mass	2	FALSE	TRUE	1.60000013238459e-09	4.00000033096148e-06
CPD-7619	8675	HMDB	HMDB0000666_5_shen	Heptanoic acid	inchikey_connectivity_formula_mass	2	FALSE	TRUE	1.60000013238459e-09	4.00000033096148e-06
CPD-7619	8676	HMDB	HMDB0000666_6_shen	Heptanoic acid	inchikey_connectivity_formula_mass	2	FALSE	TRUE	1.60000013238459e-09	4.00000033096148e-06
CPD-7619	8677	HMDB	HMDB0000666_7_shen	Heptanoic acid	inchikey_connectivity_formula_mass	2	FALSE	TRUE	1.60000013238459e-09	4.00000033096148e-06
CPD-7619	8678	HMDB	HMDB0000666_8_shen	Heptanoic acid	inchikey_connectivity_formula_mass	2	FALSE	TRUE	1.60000013238459e-09	4.00000033096148e-06
CPD-7619	8679	HMDB	HMDB0000666_9_shen	Heptanoic acid	inchikey_connectivity_formula_mass	2	FALSE	TRUE	1.60000013238459e-09	4.00000033096148e-06
CPD-7619	8680	HMDB	HMDB0000666_10_shen	Heptanoic acid	inchikey_connectivity_formula_mass	2	FALSE	TRUE	1.60000013238459e-09	4.00000033096148e-06
CPD-11495	8684	HMDB	HMDB0000669_1_shen	ortho-Hydroxyphenylacetic acid	inchikey_connectivity_formula_mass	2	FALSE	TRUE	1.10000542008493e-09	2.75001355021232e-06
CPD-11495	8685	HMDB	HMDB0000669_2_shen	ortho-Hydroxyphenylacetic acid	inchikey_connectivity_formula_mass	2	FALSE	TRUE	1.10000542008493e-09	2.75001355021232e-06
CPD-11495	8686	HMDB	HMDB0000669_3_shen	ortho-Hydroxyphenylacetic acid	inchikey_connectivity_formula_mass	2	FALSE	TRUE	1.10000542008493e-09	2.75001355021232e-06
CPD-11495	8687	HMDB	HMDB0000669_4_shen	ortho-Hydroxyphenylacetic acid	inchikey_connectivity_formula_mass	2	FALSE	TRUE	1.10000542008493e-09	2.75001355021232e-06
CPD-11495	8688	HMDB	HMDB0000669_5_shen	ortho-Hydroxyphenylacetic acid	inchikey_connectivity_formula_mass	2	FALSE	TRUE	1.10000542008493e-09	2.75001355021232e-06
CPD-11495	8689	HMDB	HMDB0000669_6_shen	ortho-Hydroxyphenylacetic acid	inchikey_connectivity_formula_mass	2	FALSE	TRUE	1.10000542008493e-09	2.75001355021232e-06
CPD-11495	8690	HMDB	HMDB0000669_7_shen	ortho-Hydroxyphenylacetic acid	inchikey_connectivity_formula_mass	2	FALSE	TRUE	1.10000542008493e-09	2.75001355021232e-06
CPD-11495	8691	HMDB	HMDB0000669_8_shen	ortho-Hydroxyphenylacetic acid	inchikey_connectivity_formula_mass	2	FALSE	TRUE	1.10000542008493e-09	2.75001355021232e-06
CPD-11495	8692	HMDB	HMDB0000669_9_shen	ortho-Hydroxyphenylacetic acid	inchikey_connectivity_formula_mass	2	FALSE	TRUE	1.10000542008493e-09	2.75001355021232e-06
CPD-11495	8693	HMDB	HMDB0000669_10_shen	ortho-Hydroxyphenylacetic acid	inchikey_connectivity_formula_mass	2	FALSE	TRUE	1.10000542008493e-09	2.75001355021232e-06
CPD-11495	8694	HMDB	HMDB0000669_11_shen	ortho-Hydroxyphenylacetic acid	inchikey_connectivity_formula_mass	2	FALSE	TRUE	1.10000542008493e-09	2.75001355021232e-06
CPD-11495	8695	HMDB	HMDB0000669_12_shen	ortho-Hydroxyphenylacetic acid	inchikey_connectivity_formula_mass	2	FALSE	TRUE	1.10000542008493e-09	2.75001355021232e-06
CPD-11495	8696	HMDB	HMDB0000669_13_shen	ortho-Hydroxyphenylacetic acid	inchikey_connectivity_formula_mass	2	FALSE	TRUE	1.10000542008493e-09	2.75001355021232e-06
CPD-11495	8697	HMDB	HMDB0000669_14_shen	ortho-Hydroxyphenylacetic acid	inchikey_connectivity_formula_mass	2	FALSE	TRUE	1.10000542008493e-09	2.75001355021232e-06
CPD-11495	8698	HMDB	HMDB0000669_15_shen	ortho-Hydroxyphenylacetic acid	inchikey_connectivity_formula_mass	2	FALSE	TRUE	1.10000542008493e-09	2.75001355021232e-06
CPD-11495	8699	HMDB	HMDB0000669_16_shen	ortho-Hydroxyphenylacetic acid	inchikey_connectivity_formula_mass	2	FALSE	TRUE	1.10000542008493e-09	2.75001355021232e-06
CPD-11495	8700	HMDB	HMDB0000669_17_shen	ortho-Hydroxyphenylacetic acid	inchikey_connectivity_formula_mass	2	FALSE	TRUE	1.10000542008493e-09	2.75001355021232e-06
CPD-11495	8701	HMDB	HMDB0000669_18_shen	ortho-Hydroxyphenylacetic acid	inchikey_connectivity_formula_mass	2	FALSE	TRUE	1.10000542008493e-09	2.75001355021232e-06
CPD-11495	8702	HMDB	HMDB0000669_19_shen	ortho-Hydroxyphenylacetic acid	inchikey_connectivity_formula_mass	2	FALSE	TRUE	1.10000542008493e-09	2.75001355021232e-06
CPD-11495	8703	HMDB	HMDB0000669_20_shen	ortho-Hydroxyphenylacetic acid	inchikey_connectivity_formula_mass	2	FALSE	TRUE	1.10000542008493e-09	2.75001355021232e-06
CPD-11495	8704	HMDB	HMDB0000669_21_shen	ortho-Hydroxyphenylacetic acid	inchikey_connectivity_formula_mass	2	FALSE	TRUE	1.10000542008493e-09	2.75001355021232e-06
CPD-11495	8705	HMDB	HMDB0000669_22_shen	ortho-Hydroxyphenylacetic acid	inchikey_connectivity_formula_mass	2	FALSE	TRUE	1.10000542008493e-09	2.75001355021232e-06
CPD-11495	8706	HMDB	HMDB0000669_23_shen	ortho-Hydroxyphenylacetic acid	inchikey_connectivity_formula_mass	2	FALSE	TRUE	1.10000542008493e-09	2.75001355021232e-06
CPD-11495	8707	HMDB	HMDB0000669_24_shen	ortho-Hydroxyphenylacetic acid	inchikey_connectivity_formula_mass	2	FALSE	TRUE	1.10000542008493e-09	2.75001355021232e-06
HOMOARGININE	8708	HMDB	HMDB0000670_1_shen	Homo-L-arginine	inchikey_connectivity_formula_mass	2	FALSE	TRUE	2.60001797869336e-09	6.5000449467334e-06
HOMOARGININE	8709	HMDB	HMDB0000670_2_shen	Homo-L-arginine	inchikey_connectivity_formula_mass	2	FALSE	TRUE	2.60001797869336e-09	6.5000449467334e-06
HOMOARGININE	8710	HMDB	HMDB0000670_3_shen	Homo-L-arginine	inchikey_connectivity_formula_mass	2	FALSE	TRUE	2.60001797869336e-09	6.5000449467334e-06
HOMOARGININE	8711	HMDB	HMDB0000670_4_shen	Homo-L-arginine	inchikey_connectivity_formula_mass	2	FALSE	TRUE	2.60001797869336e-09	6.5000449467334e-06
HOMOARGININE	8712	HMDB	HMDB0000670_5_shen	Homo-L-arginine	inchikey_connectivity_formula_mass	2	FALSE	TRUE	2.60001797869336e-09	6.5000449467334e-06
HOMOARGININE	8713	HMDB	HMDB0000670_6_shen	Homo-L-arginine	inchikey_connectivity_formula_mass	2	FALSE	TRUE	2.60001797869336e-09	6.5000449467334e-06
HOMOARGININE	8714	HMDB	HMDB0000670_7_shen	Homo-L-arginine	inchikey_connectivity_formula_mass	2	FALSE	TRUE	2.60001797869336e-09	6.5000449467334e-06
HOMOARGININE	8715	HMDB	HMDB0000670_8_shen	Homo-L-arginine	inchikey_connectivity_formula_mass	2	FALSE	TRUE	2.60001797869336e-09	6.5000449467334e-06
HOMOARGININE	8716	HMDB	HMDB0000670_9_shen	Homo-L-arginine	inchikey_connectivity_formula_mass	2	FALSE	TRUE	2.60001797869336e-09	6.5000449467334e-06
HOMOARGININE	8717	HMDB	HMDB0000670_10_shen	Homo-L-arginine	inchikey_connectivity_formula_mass	2	FALSE	TRUE	2.60001797869336e-09	6.5000449467334e-06
HOMOARGININE	8718	HMDB	HMDB0000670_11_shen	Homo-L-arginine	inchikey_connectivity_formula_mass	2	FALSE	TRUE	2.60001797869336e-09	6.5000449467334e-06
HOMOARGININE	8719	HMDB	HMDB0000670_12_shen	Homo-L-arginine	inchikey_connectivity_formula_mass	2	FALSE	TRUE	2.60001797869336e-09	6.5000449467334e-06
HOMOARGININE	8720	HMDB	HMDB0000670_13_shen	Homo-L-arginine	inchikey_connectivity_formula_mass	2	FALSE	TRUE	2.60001797869336e-09	6.5000449467334e-06
HOMOARGININE	8721	HMDB	HMDB0000670_14_shen	Homo-L-arginine	inchikey_connectivity_formula_mass	2	FALSE	TRUE	2.60001797869336e-09	6.5000449467334e-06
HOMOARGININE	8722	HMDB	HMDB0000670_15_shen	Homo-L-arginine	inchikey_connectivity_formula_mass	2	FALSE	TRUE	2.60001797869336e-09	6.5000449467334e-06
HOMOARGININE	8723	HMDB	HMDB0000670_16_shen	Homo-L-arginine	inchikey_connectivity_formula_mass	2	FALSE	TRUE	2.60001797869336e-09	6.5000449467334e-06
HOMOARGININE	8724	HMDB	HMDB0000670_17_shen	Homo-L-arginine	inchikey_connectivity_formula_mass	2	FALSE	TRUE	2.60001797869336e-09	6.5000449467334e-06
HOMOARGININE	8725	HMDB	HMDB0000670_18_shen	Homo-L-arginine	inchikey_connectivity_formula_mass	2	FALSE	TRUE	2.60001797869336e-09	6.5000449467334e-06
HOMOARGININE	8726	HMDB	HMDB0000670_19_shen	Homo-L-arginine	inchikey_connectivity_formula_mass	2	FALSE	TRUE	2.60001797869336e-09	6.5000449467334e-06
HOMOARGININE	8727	HMDB	HMDB0000670_20_shen	Homo-L-arginine	inchikey_connectivity_formula_mass	2	FALSE	TRUE	2.60001797869336e-09	6.5000449467334e-06
HOMOARGININE	8728	HMDB	HMDB0000670_21_shen	Homo-L-arginine	inchikey_connectivity_formula_mass	2	FALSE	TRUE	2.60001797869336e-09	6.5000449467334e-06
HOMOARGININE	8729	HMDB	HMDB0000670_22_shen	Homo-L-arginine	inchikey_connectivity_formula_mass	2	FALSE	TRUE	2.60001797869336e-09	6.5000449467334e-06
HOMOARGININE	8730	HMDB	HMDB0000670_23_shen	Homo-L-arginine	inchikey_connectivity_formula_mass	2	FALSE	TRUE	2.60001797869336e-09	6.5000449467334e-06
HOMOARGININE	8731	HMDB	HMDB0000670_24_shen	Homo-L-arginine	inchikey_connectivity_formula_mass	2	FALSE	TRUE	2.60001797869336e-09	6.5000449467334e-06
HOMOARGININE	8732	HMDB	HMDB0000670_25_shen	Homo-L-arginine	inchikey_connectivity_formula_mass	2	FALSE	TRUE	2.60001797869336e-09	6.5000449467334e-06
HOMOARGININE	8733	HMDB	HMDB0000670_26_shen	Homo-L-arginine	inchikey_connectivity_formula_mass	2	FALSE	TRUE	2.60001797869336e-09	6.5000449467334e-06
HOMOARGININE	8734	HMDB	HMDB0000670_27_shen	Homo-L-arginine	inchikey_connectivity_formula_mass	2	FALSE	TRUE	2.60001797869336e-09	6.5000449467334e-06
HOMOARGININE	8735	HMDB	HMDB0000670_28_shen	Homo-L-arginine	inchikey_connectivity_formula_mass	2	FALSE	TRUE	2.60001797869336e-09	6.5000449467334e-06
HOMOARGININE	8736	HMDB	HMDB0000670_29_shen	Homo-L-arginine	inchikey_connectivity_formula_mass	2	FALSE	TRUE	2.60001797869336e-09	6.5000449467334e-06
HOMOARGININE	8737	HMDB	HMDB0000670_30_shen	Homo-L-arginine	inchikey_connectivity_formula_mass	2	FALSE	TRUE	2.60001797869336e-09	6.5000449467334e-06
HOMOARGININE	8738	HMDB	HMDB0000670_31_shen	Homo-L-arginine	inchikey_connectivity_formula_mass	2	FALSE	TRUE	2.60001797869336e-09	6.5000449467334e-06
HOMOARGININE	8739	HMDB	HMDB0000670_32_shen	Homo-L-arginine	inchikey_connectivity_formula_mass	2	FALSE	TRUE	2.60001797869336e-09	6.5000449467334e-06
HOMOARGININE	8740	HMDB	HMDB0000670_33_shen	Homo-L-arginine	inchikey_connectivity_formula_mass	2	FALSE	TRUE	2.60001797869336e-09	6.5000449467334e-06
HOMOARGININE	8741	HMDB	HMDB0000670_34_shen	Homo-L-arginine	inchikey_connectivity_formula_mass	2	FALSE	TRUE	2.60001797869336e-09	6.5000449467334e-06
HOMOARGININE	8742	HMDB	HMDB0000670_35_shen	Homo-L-arginine	inchikey_connectivity_formula_mass	2	FALSE	TRUE	2.60001797869336e-09	6.5000449467334e-06
HOMOARGININE	8743	HMDB	HMDB0000670_36_shen	Homo-L-arginine	inchikey_connectivity_formula_mass	2	FALSE	TRUE	2.60001797869336e-09	6.5000449467334e-06
HOMOARGININE	8744	HMDB	HMDB0000670_37_shen	Homo-L-arginine	inchikey_connectivity_formula_mass	2	FALSE	TRUE	2.60001797869336e-09	6.5000449467334e-06
INDOLE_LACTATE	8745	HMDB	HMDB0000671_1_shen	Indolelactic acid	name_formula_mass	4	FALSE	TRUE	1.60000013238459e-09	4.00000033096148e-06
INDOLE_LACTATE	8746	HMDB	HMDB0000671_2_shen	Indolelactic acid	name_formula_mass	4	FALSE	TRUE	1.60000013238459e-09	4.00000033096148e-06
INDOLE_LACTATE	8747	HMDB	HMDB0000671_3_shen	Indolelactic acid	name_formula_mass	4	FALSE	TRUE	1.60000013238459e-09	4.00000033096148e-06
INDOLE_LACTATE	8748	HMDB	HMDB0000671_4_shen	Indolelactic acid	name_formula_mass	4	FALSE	TRUE	1.60000013238459e-09	4.00000033096148e-06
INDOLE_LACTATE	8749	HMDB	HMDB0000671_5_shen	Indolelactic acid	name_formula_mass	4	FALSE	TRUE	1.60000013238459e-09	4.00000033096148e-06
INDOLE_LACTATE	8750	HMDB	HMDB0000671_6_shen	Indolelactic acid	name_formula_mass	4	FALSE	TRUE	1.60000013238459e-09	4.00000033096148e-06
CPD-10511	8751	HMDB	HMDB0000672_1_shen	Hexadecanedioic acid	inchikey_connectivity_formula_mass	2	FALSE	TRUE	3.39997541232151e-09	8.49993853080377e-06
CPD-10511	8752	HMDB	HMDB0000672_2_shen	Hexadecanedioic acid	inchikey_connectivity_formula_mass	2	FALSE	TRUE	3.39997541232151e-09	8.49993853080377e-06
CPD-10511	8753	HMDB	HMDB0000672_3_shen	Hexadecanedioic acid	inchikey_connectivity_formula_mass	2	FALSE	TRUE	3.39997541232151e-09	8.49993853080377e-06
CPD-10511	8754	HMDB	HMDB0000672_4_shen	Hexadecanedioic acid	inchikey_connectivity_formula_mass	2	FALSE	TRUE	3.39997541232151e-09	8.49993853080377e-06
CPD-10511	8755	HMDB	HMDB0000672_5_shen	Hexadecanedioic acid	inchikey_connectivity_formula_mass	2	FALSE	TRUE	3.39997541232151e-09	8.49993853080377e-06
CPD-10511	8756	HMDB	HMDB0000672_6_shen	Hexadecanedioic acid	inchikey_connectivity_formula_mass	2	FALSE	TRUE	3.39997541232151e-09	8.49993853080377e-06
CPD-10511	8757	HMDB	HMDB0000672_7_shen	Hexadecanedioic acid	inchikey_connectivity_formula_mass	2	FALSE	TRUE	3.39997541232151e-09	8.49993853080377e-06
CPD-10511	8758	HMDB	HMDB0000672_8_shen	Hexadecanedioic acid	inchikey_connectivity_formula_mass	2	FALSE	TRUE	3.39997541232151e-09	8.49993853080377e-06
CPD-10511	8759	HMDB	HMDB0000672_9_shen	Hexadecanedioic acid	inchikey_connectivity_formula_mass	2	FALSE	TRUE	3.39997541232151e-09	8.49993853080377e-06
CPD-10511	8760	HMDB	HMDB0000672_10_shen	Hexadecanedioic acid	inchikey_connectivity_formula_mass	2	FALSE	TRUE	3.39997541232151e-09	8.49993853080377e-06
CPD-10511	8761	HMDB	HMDB0000672_11_shen	Hexadecanedioic acid	inchikey_connectivity_formula_mass	2	FALSE	TRUE	3.39997541232151e-09	8.49993853080377e-06
CPD-10511	8762	HMDB	HMDB0000672_12_shen	Hexadecanedioic acid	inchikey_connectivity_formula_mass	2	FALSE	TRUE	3.39997541232151e-09	8.49993853080377e-06
CPD-10511	8763	HMDB	HMDB0000672_13_shen	Hexadecanedioic acid	inchikey_connectivity_formula_mass	2	FALSE	TRUE	3.39997541232151e-09	8.49993853080377e-06
CPD-10511	8764	HMDB	HMDB0000672_14_shen	Hexadecanedioic acid	inchikey_connectivity_formula_mass	2	FALSE	TRUE	3.39997541232151e-09	8.49993853080377e-06
CPD-10511	8765	HMDB	HMDB0000672_15_shen	Hexadecanedioic acid	inchikey_connectivity_formula_mass	2	FALSE	TRUE	3.39997541232151e-09	8.49993853080377e-06
CPD-10511	8766	HMDB	HMDB0000672_16_shen	Hexadecanedioic acid	inchikey_connectivity_formula_mass	2	FALSE	TRUE	3.39997541232151e-09	8.49993853080377e-06
CPD-10511	8767	HMDB	HMDB0000672_17_shen	Hexadecanedioic acid	inchikey_connectivity_formula_mass	2	FALSE	TRUE	3.39997541232151e-09	8.49993853080377e-06
CPD-10511	8768	HMDB	HMDB0000672_18_shen	Hexadecanedioic acid	inchikey_connectivity_formula_mass	2	FALSE	TRUE	3.39997541232151e-09	8.49993853080377e-06
CPD-10511	8769	HMDB	HMDB0000672_19_shen	Hexadecanedioic acid	inchikey_connectivity_formula_mass	2	FALSE	TRUE	3.39997541232151e-09	8.49993853080377e-06
CPD-10511	8770	HMDB	HMDB0000672_20_shen	Hexadecanedioic acid	inchikey_connectivity_formula_mass	2	FALSE	TRUE	3.39997541232151e-09	8.49993853080377e-06
CPD-10511	8771	HMDB	HMDB0000672_21_shen	Hexadecanedioic acid	inchikey_connectivity_formula_mass	2	FALSE	TRUE	3.39997541232151e-09	8.49993853080377e-06
CPD-10511	8772	HMDB	HMDB0000672_22_shen	Hexadecanedioic acid	inchikey_connectivity_formula_mass	2	FALSE	TRUE	3.39997541232151e-09	8.49993853080377e-06
CPD-10511	8773	HMDB	HMDB0000672_23_shen	Hexadecanedioic acid	inchikey_connectivity_formula_mass	2	FALSE	TRUE	3.39997541232151e-09	8.49993853080377e-06
CPD-10511	8774	HMDB	HMDB0000672_24_shen	Hexadecanedioic acid	inchikey_connectivity_formula_mass	2	FALSE	TRUE	3.39997541232151e-09	8.49993853080377e-06
CPD-10511	8775	HMDB	HMDB0000672_25_shen	Hexadecanedioic acid	inchikey_connectivity_formula_mass	2	FALSE	TRUE	3.39997541232151e-09	8.49993853080377e-06
CPD-10511	8776	HMDB	HMDB0000672_26_shen	Hexadecanedioic acid	inchikey_connectivity_formula_mass	2	FALSE	TRUE	3.39997541232151e-09	8.49993853080377e-06
CPD-10511	8777	HMDB	HMDB0000672_27_shen	Hexadecanedioic acid	inchikey_connectivity_formula_mass	2	FALSE	TRUE	3.39997541232151e-09	8.49993853080377e-06
CPD-10511	8778	HMDB	HMDB0000672_28_shen	Hexadecanedioic acid	inchikey_connectivity_formula_mass	2	FALSE	TRUE	3.39997541232151e-09	8.49993853080377e-06
CPD-10511	8779	HMDB	HMDB0000672_29_shen	Hexadecanedioic acid	inchikey_connectivity_formula_mass	2	FALSE	TRUE	3.39997541232151e-09	8.49993853080377e-06
CPD-10511	8780	HMDB	HMDB0000672_30_shen	Hexadecanedioic acid	inchikey_connectivity_formula_mass	2	FALSE	TRUE	3.39997541232151e-09	8.49993853080377e-06
CPD-10511	8781	HMDB	HMDB0000672_31_shen	Hexadecanedioic acid	inchikey_connectivity_formula_mass	2	FALSE	TRUE	3.39997541232151e-09	8.49993853080377e-06
CPD-10511	8782	HMDB	HMDB0000672_32_shen	Hexadecanedioic acid	inchikey_connectivity_formula_mass	2	FALSE	TRUE	3.39997541232151e-09	8.49993853080377e-06
CPD-10511	8783	HMDB	HMDB0000672_33_shen	Hexadecanedioic acid	inchikey_connectivity_formula_mass	2	FALSE	TRUE	3.39997541232151e-09	8.49993853080377e-06
CPD-10511	8784	HMDB	HMDB0000672_34_shen	Hexadecanedioic acid	inchikey_connectivity_formula_mass	2	FALSE	TRUE	3.39997541232151e-09	8.49993853080377e-06
CPD-10511	8785	HMDB	HMDB0000672_35_shen	Hexadecanedioic acid	inchikey_connectivity_formula_mass	2	FALSE	TRUE	3.39997541232151e-09	8.49993853080377e-06
CPD-10511	8786	HMDB	HMDB0000672_36_shen	Hexadecanedioic acid	inchikey_connectivity_formula_mass	2	FALSE	TRUE	3.39997541232151e-09	8.49993853080377e-06
CPD-10511	8787	HMDB	HMDB0000672_37_shen	Hexadecanedioic acid	inchikey_connectivity_formula_mass	2	FALSE	TRUE	3.39997541232151e-09	8.49993853080377e-06
CPD-10511	8788	HMDB	HMDB0000672_38_shen	Hexadecanedioic acid	inchikey_connectivity_formula_mass	2	FALSE	TRUE	3.39997541232151e-09	8.49993853080377e-06
CPD-10511	8789	HMDB	HMDB0000672_39_shen	Hexadecanedioic acid	inchikey_connectivity_formula_mass	2	FALSE	TRUE	3.39997541232151e-09	8.49993853080377e-06
LINOLEIC_ACID	8790	HMDB	HMDB0000673_1_shen	Linoleic acid	inchikey_connectivity_formula_mass	2	FALSE	TRUE	3.39997541232151e-09	8.49993853080377e-06
LINOLEIC_ACID	8791	HMDB	HMDB0000673_2_shen	Linoleic acid	inchikey_connectivity_formula_mass	2	FALSE	TRUE	3.39997541232151e-09	8.49993853080377e-06
LINOLEIC_ACID	8792	HMDB	HMDB0000673_3_shen	Linoleic acid	inchikey_connectivity_formula_mass	2	FALSE	TRUE	3.39997541232151e-09	8.49993853080377e-06
LINOLEIC_ACID	8793	HMDB	HMDB0000673_4_shen	Linoleic acid	inchikey_connectivity_formula_mass	2	FALSE	TRUE	3.39997541232151e-09	8.49993853080377e-06
LINOLEIC_ACID	8794	HMDB	HMDB0000673_5_shen	Linoleic acid	inchikey_connectivity_formula_mass	2	FALSE	TRUE	3.39997541232151e-09	8.49993853080377e-06
LINOLEIC_ACID	8795	HMDB	HMDB0000673_6_shen	Linoleic acid	inchikey_connectivity_formula_mass	2	FALSE	TRUE	3.39997541232151e-09	8.49993853080377e-06
LINOLEIC_ACID	8796	HMDB	HMDB0000673_7_shen	Linoleic acid	inchikey_connectivity_formula_mass	2	FALSE	TRUE	3.39997541232151e-09	8.49993853080377e-06
LINOLEIC_ACID	8797	HMDB	HMDB0000673_8_shen	Linoleic acid	inchikey_connectivity_formula_mass	2	FALSE	TRUE	3.39997541232151e-09	8.49993853080377e-06
LINOLEIC_ACID	8798	HMDB	HMDB0000673_9_shen	Linoleic acid	inchikey_connectivity_formula_mass	2	FALSE	TRUE	3.39997541232151e-09	8.49993853080377e-06
LINOLEIC_ACID	8799	HMDB	HMDB0000673_10_shen	Linoleic acid	inchikey_connectivity_formula_mass	2	FALSE	TRUE	3.39997541232151e-09	8.49993853080377e-06
LINOLEIC_ACID	8800	HMDB	HMDB0000673_11_shen	Linoleic acid	inchikey_connectivity_formula_mass	2	FALSE	TRUE	3.39997541232151e-09	8.49993853080377e-06
LINOLEIC_ACID	8801	HMDB	HMDB0000673_12_shen	Linoleic acid	inchikey_connectivity_formula_mass	2	FALSE	TRUE	3.39997541232151e-09	8.49993853080377e-06
LINOLEIC_ACID	8802	HMDB	HMDB0000673_13_shen	Linoleic acid	inchikey_connectivity_formula_mass	2	FALSE	TRUE	3.39997541232151e-09	8.49993853080377e-06
LINOLEIC_ACID	8803	HMDB	HMDB0000673_14_shen	Linoleic acid	inchikey_connectivity_formula_mass	2	FALSE	TRUE	3.39997541232151e-09	8.49993853080377e-06
LINOLEIC_ACID	8804	HMDB	HMDB0000673_15_shen	Linoleic acid	inchikey_connectivity_formula_mass	2	FALSE	TRUE	3.39997541232151e-09	8.49993853080377e-06
LINOLEIC_ACID	8805	HMDB	HMDB0000673_16_shen	Linoleic acid	inchikey_connectivity_formula_mass	2	FALSE	TRUE	3.39997541232151e-09	8.49993853080377e-06
LINOLEIC_ACID	8806	HMDB	HMDB0000673_17_shen	Linoleic acid	inchikey_connectivity_formula_mass	2	FALSE	TRUE	3.39997541232151e-09	8.49993853080377e-06
LINOLEIC_ACID	8807	HMDB	HMDB0000673_18_shen	Linoleic acid	inchikey_connectivity_formula_mass	2	FALSE	TRUE	3.39997541232151e-09	8.49993853080377e-06
LINOLEIC_ACID	8808	HMDB	HMDB0000673_19_shen	Linoleic acid	inchikey_connectivity_formula_mass	2	FALSE	TRUE	3.39997541232151e-09	8.49993853080377e-06
LINOLEIC_ACID	8809	HMDB	HMDB0000673_20_shen	Linoleic acid	inchikey_connectivity_formula_mass	2	FALSE	TRUE	3.39997541232151e-09	8.49993853080377e-06
LINOLEIC_ACID	8810	HMDB	HMDB0000673_21_shen	Linoleic acid	inchikey_connectivity_formula_mass	2	FALSE	TRUE	3.39997541232151e-09	8.49993853080377e-06
LINOLEIC_ACID	8811	HMDB	HMDB0000673_22_shen	Linoleic acid	inchikey_connectivity_formula_mass	2	FALSE	TRUE	3.39997541232151e-09	8.49993853080377e-06
LINOLEIC_ACID	8812	HMDB	HMDB0000673_23_shen	Linoleic acid	inchikey_connectivity_formula_mass	2	FALSE	TRUE	3.39997541232151e-09	8.49993853080377e-06
LINOLEIC_ACID	8813	HMDB	HMDB0000673_24_shen	Linoleic acid	inchikey_connectivity_formula_mass	2	FALSE	TRUE	3.39997541232151e-09	8.49993853080377e-06
LINOLEIC_ACID	8814	HMDB	HMDB0000673_25_shen	Linoleic acid	inchikey_connectivity_formula_mass	2	FALSE	TRUE	3.39997541232151e-09	8.49993853080377e-06
LINOLEIC_ACID	8815	HMDB	HMDB0000673_26_shen	Linoleic acid	inchikey_connectivity_formula_mass	2	FALSE	TRUE	3.39997541232151e-09	8.49993853080377e-06
LINOLEIC_ACID	8816	HMDB	HMDB0000673_27_shen	Linoleic acid	inchikey_connectivity_formula_mass	2	FALSE	TRUE	3.39997541232151e-09	8.49993853080377e-06
LINOLEIC_ACID	8817	HMDB	HMDB0000673_28_shen	Linoleic acid	inchikey_connectivity_formula_mass	2	FALSE	TRUE	3.39997541232151e-09	8.49993853080377e-06
LINOLEIC_ACID	8818	HMDB	HMDB0000673_29_shen	Linoleic acid	inchikey_connectivity_formula_mass	2	FALSE	TRUE	3.39997541232151e-09	8.49993853080377e-06
LINOLEIC_ACID	8819	HMDB	HMDB0000673_30_shen	Linoleic acid	inchikey_connectivity_formula_mass	2	FALSE	TRUE	3.39997541232151e-09	8.49993853080377e-06
LINOLEIC_ACID	8820	HMDB	HMDB0000673_31_shen	Linoleic acid	inchikey_connectivity_formula_mass	2	FALSE	TRUE	3.39997541232151e-09	8.49993853080377e-06
LINOLEIC_ACID	8821	HMDB	HMDB0000673_32_shen	Linoleic acid	inchikey_connectivity_formula_mass	2	FALSE	TRUE	3.39997541232151e-09	8.49993853080377e-06
LINOLEIC_ACID	8822	HMDB	HMDB0000673_33_shen	Linoleic acid	inchikey_connectivity_formula_mass	2	FALSE	TRUE	3.39997541232151e-09	8.49993853080377e-06
LINOLEIC_ACID	8823	HMDB	HMDB0000673_34_shen	Linoleic acid	inchikey_connectivity_formula_mass	2	FALSE	TRUE	3.39997541232151e-09	8.49993853080377e-06
LINOLEIC_ACID	8824	HMDB	HMDB0000673_35_shen	Linoleic acid	inchikey_connectivity_formula_mass	2	FALSE	TRUE	3.39997541232151e-09	8.49993853080377e-06
LINOLEIC_ACID	8825	HMDB	HMDB0000673_36_shen	Linoleic acid	inchikey_connectivity_formula_mass	2	FALSE	TRUE	3.39997541232151e-09	8.49993853080377e-06
LINOLEIC_ACID	8826	HMDB	HMDB0000673_37_shen	Linoleic acid	inchikey_connectivity_formula_mass	2	FALSE	TRUE	3.39997541232151e-09	8.49993853080377e-06
LINOLEIC_ACID	8827	HMDB	HMDB0000673_38_shen	Linoleic acid	inchikey_connectivity_formula_mass	2	FALSE	TRUE	3.39997541232151e-09	8.49993853080377e-06
LINOLEIC_ACID	8828	HMDB	HMDB0000673_39_shen	Linoleic acid	inchikey_connectivity_formula_mass	2	FALSE	TRUE	3.39997541232151e-09	8.49993853080377e-06
LINOLEIC_ACID	8829	HMDB	HMDB0000673_40_shen	Linoleic acid	inchikey_connectivity_formula_mass	2	FALSE	TRUE	3.39997541232151e-09	8.49993853080377e-06
LINOLEIC_ACID	8830	HMDB	HMDB0000673_41_shen	Linoleic acid	inchikey_connectivity_formula_mass	2	FALSE	TRUE	3.39997541232151e-09	8.49993853080377e-06
LINOLEIC_ACID	8831	HMDB	HMDB0000673_42_shen	Linoleic acid	inchikey_connectivity_formula_mass	2	FALSE	TRUE	3.39997541232151e-09	8.49993853080377e-06
LINOLEIC_ACID	8832	HMDB	HMDB0000673_43_shen	Linoleic acid	inchikey_connectivity_formula_mass	2	FALSE	TRUE	3.39997541232151e-09	8.49993853080377e-06
LINOLEIC_ACID	8833	HMDB	HMDB0000673_44_shen	Linoleic acid	inchikey_connectivity_formula_mass	2	FALSE	TRUE	3.39997541232151e-09	8.49993853080377e-06
LINOLEIC_ACID	8834	HMDB	HMDB0000673_45_shen	Linoleic acid	inchikey_connectivity_formula_mass	2	FALSE	TRUE	3.39997541232151e-09	8.49993853080377e-06
LINOLEIC_ACID	8835	HMDB	HMDB0000673_46_shen	Linoleic acid	inchikey_connectivity_formula_mass	2	FALSE	TRUE	3.39997541232151e-09	8.49993853080377e-06
LINOLEIC_ACID	8836	HMDB	HMDB0000673_47_shen	Linoleic acid	inchikey_connectivity_formula_mass	2	FALSE	TRUE	3.39997541232151e-09	8.49993853080377e-06
LINOLEIC_ACID	8837	HMDB	HMDB0000673_48_shen	Linoleic acid	inchikey_connectivity_formula_mass	2	FALSE	TRUE	3.39997541232151e-09	8.49993853080377e-06
LINOLEIC_ACID	8838	HMDB	HMDB0000673_49_shen	Linoleic acid	inchikey_connectivity_formula_mass	2	FALSE	TRUE	3.39997541232151e-09	8.49993853080377e-06
LINOLEIC_ACID	8839	HMDB	HMDB0000673_50_shen	Linoleic acid	inchikey_connectivity_formula_mass	2	FALSE	TRUE	3.39997541232151e-09	8.49993853080377e-06
LINOLEIC_ACID	8840	HMDB	HMDB0000673_51_shen	Linoleic acid	inchikey_connectivity_formula_mass	2	FALSE	TRUE	3.39997541232151e-09	8.49993853080377e-06
LINOLEIC_ACID	8841	HMDB	HMDB0000673_52_shen	Linoleic acid	inchikey_connectivity_formula_mass	2	FALSE	TRUE	3.39997541232151e-09	8.49993853080377e-06
LINOLEIC_ACID	8842	HMDB	HMDB0000673_53_shen	Linoleic acid	inchikey_connectivity_formula_mass	2	FALSE	TRUE	3.39997541232151e-09	8.49993853080377e-06
LINOLEIC_ACID	8843	HMDB	HMDB0000673_54_shen	Linoleic acid	inchikey_connectivity_formula_mass	2	FALSE	TRUE	3.39997541232151e-09	8.49993853080377e-06
LINOLEIC_ACID	8844	HMDB	HMDB0000673_55_shen	Linoleic acid	inchikey_connectivity_formula_mass	2	FALSE	TRUE	3.39997541232151e-09	8.49993853080377e-06
LINOLEIC_ACID	8845	HMDB	HMDB0000673_56_shen	Linoleic acid	inchikey_connectivity_formula_mass	2	FALSE	TRUE	3.39997541232151e-09	8.49993853080377e-06
LINOLEIC_ACID	8846	HMDB	HMDB0000673_57_shen	Linoleic acid	inchikey_connectivity_formula_mass	2	FALSE	TRUE	3.39997541232151e-09	8.49993853080377e-06
LINOLEIC_ACID	8847	HMDB	HMDB0000673_58_shen	Linoleic acid	inchikey_connectivity_formula_mass	2	FALSE	TRUE	3.39997541232151e-09	8.49993853080377e-06
LINOLEIC_ACID	8848	HMDB	HMDB0000673_59_shen	Linoleic acid	inchikey_connectivity_formula_mass	2	FALSE	TRUE	3.39997541232151e-09	8.49993853080377e-06
LINOLEIC_ACID	8849	HMDB	HMDB0000673_60_shen	Linoleic acid	inchikey_connectivity_formula_mass	2	FALSE	TRUE	3.39997541232151e-09	8.49993853080377e-06
LINOLEIC_ACID	8850	HMDB	HMDB0000673_61_shen	Linoleic acid	inchikey_connectivity_formula_mass	2	FALSE	TRUE	3.39997541232151e-09	8.49993853080377e-06
LINOLEIC_ACID	8851	HMDB	HMDB0000673_62_shen	Linoleic acid	inchikey_connectivity_formula_mass	2	FALSE	TRUE	3.39997541232151e-09	8.49993853080377e-06
LINOLEIC_ACID	8852	HMDB	HMDB0000673_63_shen	Linoleic acid	inchikey_connectivity_formula_mass	2	FALSE	TRUE	3.39997541232151e-09	8.49993853080377e-06
LINOLEIC_ACID	8853	HMDB	HMDB0000673_64_shen	Linoleic acid	inchikey_connectivity_formula_mass	2	FALSE	TRUE	3.39997541232151e-09	8.49993853080377e-06
LINOLEIC_ACID	8854	HMDB	HMDB0000673_65_shen	Linoleic acid	inchikey_connectivity_formula_mass	2	FALSE	TRUE	3.39997541232151e-09	8.49993853080377e-06
LINOLEIC_ACID	8855	HMDB	HMDB0000673_66_shen	Linoleic acid	inchikey_connectivity_formula_mass	2	FALSE	TRUE	3.39997541232151e-09	8.49993853080377e-06
LINOLEIC_ACID	8856	HMDB	HMDB0000673_67_shen	Linoleic acid	inchikey_connectivity_formula_mass	2	FALSE	TRUE	3.39997541232151e-09	8.49993853080377e-06
CPD0-1422	8857	HMDB	HMDB0000674_1_shen	PA(16:0/16:0)	inchikey_connectivity_formula_mass	2	FALSE	TRUE	4.78299966744089e-07	0.000737578839116873
CPD0-1422	8858	HMDB	HMDB0000674_2_shen	PA(16:0/16:0)	inchikey_connectivity_formula_mass	2	FALSE	TRUE	4.78299966744089e-07	0.000737578839116873
CPD0-1422	8859	HMDB	HMDB0000674_3_shen	PA(16:0/16:0)	inchikey_connectivity_formula_mass	2	FALSE	TRUE	4.78299966744089e-07	0.000737578839116873
CPD0-1422	8860	HMDB	HMDB0000674_4_shen	PA(16:0/16:0)	inchikey_connectivity_formula_mass	2	FALSE	TRUE	4.78299966744089e-07	0.000737578839116873
CPD-14736	8926	HMDB	HMDB0000684_1_shen	L-Kynurenine	inchikey	1	TRUE	TRUE	1.89999127542251e-09	4.74997818855627e-06
CPD-14736	8927	HMDB	HMDB0000684_2_shen	L-Kynurenine	inchikey	1	TRUE	TRUE	1.89999127542251e-09	4.74997818855627e-06
CPD-14736	8928	HMDB	HMDB0000684_3_shen	L-Kynurenine	inchikey	1	TRUE	TRUE	1.89999127542251e-09	4.74997818855627e-06
CPD-14736	8929	HMDB	HMDB0000684_4_shen	L-Kynurenine	inchikey	1	TRUE	TRUE	1.89999127542251e-09	4.74997818855627e-06
CPD-14736	8930	HMDB	HMDB0000684_5_shen	L-Kynurenine	inchikey	1	TRUE	TRUE	1.89999127542251e-09	4.74997818855627e-06
CPD-14736	8931	HMDB	HMDB0000684_6_shen	L-Kynurenine	inchikey	1	TRUE	TRUE	1.89999127542251e-09	4.74997818855627e-06
CPD-14736	8932	HMDB	HMDB0000684_7_shen	L-Kynurenine	inchikey	1	TRUE	TRUE	1.89999127542251e-09	4.74997818855627e-06
CPD-14736	8933	HMDB	HMDB0000684_8_shen	L-Kynurenine	inchikey	1	TRUE	TRUE	1.89999127542251e-09	4.74997818855627e-06
CPD-14736	8934	HMDB	HMDB0000684_9_shen	L-Kynurenine	inchikey	1	TRUE	TRUE	1.89999127542251e-09	4.74997818855627e-06
CPD-14736	8935	HMDB	HMDB0000684_10_shen	L-Kynurenine	inchikey	1	TRUE	TRUE	1.89999127542251e-09	4.74997818855627e-06
CPD-14736	8936	HMDB	HMDB0000684_11_shen	L-Kynurenine	inchikey	1	TRUE	TRUE	1.89999127542251e-09	4.74997818855627e-06
CPD-14736	8937	HMDB	HMDB0000684_12_shen	L-Kynurenine	inchikey	1	TRUE	TRUE	1.89999127542251e-09	4.74997818855627e-06
CPD-14736	8938	HMDB	HMDB0000684_13_shen	L-Kynurenine	inchikey	1	TRUE	TRUE	1.89999127542251e-09	4.74997818855627e-06
CPD-14736	8939	HMDB	HMDB0000684_14_shen	L-Kynurenine	inchikey	1	TRUE	TRUE	1.89999127542251e-09	4.74997818855627e-06
CPD-14736	8940	HMDB	HMDB0000684_15_shen	L-Kynurenine	inchikey	1	TRUE	TRUE	1.89999127542251e-09	4.74997818855627e-06
CPD-14736	8941	HMDB	HMDB0000684_16_shen	L-Kynurenine	inchikey	1	TRUE	TRUE	1.89999127542251e-09	4.74997818855627e-06
CPD-14736	8942	HMDB	HMDB0000684_17_shen	L-Kynurenine	inchikey	1	TRUE	TRUE	1.89999127542251e-09	4.74997818855627e-06
CPD-14736	8943	HMDB	HMDB0000684_18_shen	L-Kynurenine	inchikey	1	TRUE	TRUE	1.89999127542251e-09	4.74997818855627e-06
CPD-14736	8944	HMDB	HMDB0000684_19_shen	L-Kynurenine	inchikey	1	TRUE	TRUE	1.89999127542251e-09	4.74997818855627e-06
CPD-14736	8945	HMDB	HMDB0000684_20_shen	L-Kynurenine	inchikey	1	TRUE	TRUE	1.89999127542251e-09	4.74997818855627e-06
CPD-14736	8946	HMDB	HMDB0000684_21_shen	L-Kynurenine	inchikey	1	TRUE	TRUE	1.89999127542251e-09	4.74997818855627e-06
CPD-14736	8947	HMDB	HMDB0000684_22_shen	L-Kynurenine	inchikey	1	TRUE	TRUE	1.89999127542251e-09	4.74997818855627e-06
CPD-14736	8948	HMDB	HMDB0000684_23_shen	L-Kynurenine	inchikey	1	TRUE	TRUE	1.89999127542251e-09	4.74997818855627e-06
CPD-14736	8949	HMDB	HMDB0000684_24_shen	L-Kynurenine	inchikey	1	TRUE	TRUE	1.89999127542251e-09	4.74997818855627e-06
CPD-14736	8950	HMDB	HMDB0000684_25_shen	L-Kynurenine	inchikey	1	TRUE	TRUE	1.89999127542251e-09	4.74997818855627e-06
CPD-14736	8951	HMDB	HMDB0000684_26_shen	L-Kynurenine	inchikey	1	TRUE	TRUE	1.89999127542251e-09	4.74997818855627e-06
CPD-14736	8952	HMDB	HMDB0000684_27_shen	L-Kynurenine	inchikey	1	TRUE	TRUE	1.89999127542251e-09	4.74997818855627e-06
CPD-14736	8953	HMDB	HMDB0000684_28_shen	L-Kynurenine	inchikey	1	TRUE	TRUE	1.89999127542251e-09	4.74997818855627e-06
CPD-14736	8954	HMDB	HMDB0000684_29_shen	L-Kynurenine	inchikey	1	TRUE	TRUE	1.89999127542251e-09	4.74997818855627e-06
CPD-14736	8955	HMDB	HMDB0000684_30_shen	L-Kynurenine	inchikey	1	TRUE	TRUE	1.89999127542251e-09	4.74997818855627e-06
CPD-14736	8956	HMDB	HMDB0000684_31_shen	L-Kynurenine	inchikey	1	TRUE	TRUE	1.89999127542251e-09	4.74997818855627e-06
CPD-14736	8957	HMDB	HMDB0000684_32_shen	L-Kynurenine	inchikey	1	TRUE	TRUE	1.89999127542251e-09	4.74997818855627e-06
CPD-14736	8958	HMDB	HMDB0000684_33_shen	L-Kynurenine	inchikey	1	TRUE	TRUE	1.89999127542251e-09	4.74997818855627e-06
CPD-14736	8959	HMDB	HMDB0000684_34_shen	L-Kynurenine	inchikey	1	TRUE	TRUE	1.89999127542251e-09	4.74997818855627e-06
CPD-14736	8960	HMDB	HMDB0000684_35_shen	L-Kynurenine	inchikey	1	TRUE	TRUE	1.89999127542251e-09	4.74997818855627e-06
CPD-14736	8961	HMDB	HMDB0000684_36_shen	L-Kynurenine	inchikey	1	TRUE	TRUE	1.89999127542251e-09	4.74997818855627e-06
CPD-14736	8962	HMDB	HMDB0000684_37_shen	L-Kynurenine	inchikey	1	TRUE	TRUE	1.89999127542251e-09	4.74997818855627e-06
CPD-14736	8963	HMDB	HMDB0000684_38_shen	L-Kynurenine	inchikey	1	TRUE	TRUE	1.89999127542251e-09	4.74997818855627e-06
CPD-14736	8964	HMDB	HMDB0000684_39_shen	L-Kynurenine	inchikey	1	TRUE	TRUE	1.89999127542251e-09	4.74997818855627e-06
CPD-14736	8965	HMDB	HMDB0000684_40_shen	L-Kynurenine	inchikey	1	TRUE	TRUE	1.89999127542251e-09	4.74997818855627e-06
CPD-14736	8966	HMDB	HMDB0000684_41_shen	L-Kynurenine	inchikey	1	TRUE	TRUE	1.89999127542251e-09	4.74997818855627e-06
CPD-14736	8967	HMDB	HMDB0000684_42_shen	L-Kynurenine	inchikey	1	TRUE	TRUE	1.89999127542251e-09	4.74997818855627e-06
CPD-14736	8968	HMDB	HMDB0000684_43_shen	L-Kynurenine	inchikey	1	TRUE	TRUE	1.89999127542251e-09	4.74997818855627e-06
CPD-14736	8969	HMDB	HMDB0000684_44_shen	L-Kynurenine	inchikey	1	TRUE	TRUE	1.89999127542251e-09	4.74997818855627e-06
CPD-14736	8970	HMDB	HMDB0000684_45_shen	L-Kynurenine	inchikey	1	TRUE	TRUE	1.89999127542251e-09	4.74997818855627e-06
CPD-14736	8971	HMDB	HMDB0000684_46_shen	L-Kynurenine	inchikey	1	TRUE	TRUE	1.89999127542251e-09	4.74997818855627e-06
CPD-14736	8972	HMDB	HMDB0000684_47_shen	L-Kynurenine	inchikey	1	TRUE	TRUE	1.89999127542251e-09	4.74997818855627e-06
CPD-14736	8973	HMDB	HMDB0000684_48_shen	L-Kynurenine	inchikey	1	TRUE	TRUE	1.89999127542251e-09	4.74997818855627e-06
CPD-14736	8974	HMDB	HMDB0000684_49_shen	L-Kynurenine	inchikey	1	TRUE	TRUE	1.89999127542251e-09	4.74997818855627e-06
CPD-14736	8975	HMDB	HMDB0000684_50_shen	L-Kynurenine	inchikey	1	TRUE	TRUE	1.89999127542251e-09	4.74997818855627e-06
CPD-14736	8976	HMDB	HMDB0000684_51_shen	L-Kynurenine	inchikey	1	TRUE	TRUE	1.89999127542251e-09	4.74997818855627e-06
CPD-14736	8977	HMDB	HMDB0000684_52_shen	L-Kynurenine	inchikey	1	TRUE	TRUE	1.89999127542251e-09	4.74997818855627e-06
CPD-14736	8978	HMDB	HMDB0000684_53_shen	L-Kynurenine	inchikey	1	TRUE	TRUE	1.89999127542251e-09	4.74997818855627e-06
CPD-14736	8979	HMDB	HMDB0000684_54_shen	L-Kynurenine	inchikey	1	TRUE	TRUE	1.89999127542251e-09	4.74997818855627e-06
CPD-14736	8980	HMDB	HMDB0000684_55_shen	L-Kynurenine	inchikey	1	TRUE	TRUE	1.89999127542251e-09	4.74997818855627e-06
CPD-14736	8981	HMDB	HMDB0000684_56_shen	L-Kynurenine	inchikey	1	TRUE	TRUE	1.89999127542251e-09	4.74997818855627e-06
CPD-14736	8982	HMDB	HMDB0000684_57_shen	L-Kynurenine	inchikey	1	TRUE	TRUE	1.89999127542251e-09	4.74997818855627e-06
LEU	8983	HMDB	HMDB0000687_1_shen	L-Leucine	inchikey	1	TRUE	TRUE	1.70001612787019e-09	4.25004031967546e-06
LEU	8984	HMDB	HMDB0000687_2_shen	L-Leucine	inchikey	1	TRUE	TRUE	1.70001612787019e-09	4.25004031967546e-06
LEU	8985	HMDB	HMDB0000687_3_shen	L-Leucine	inchikey	1	TRUE	TRUE	1.70001612787019e-09	4.25004031967546e-06
LEU	8986	HMDB	HMDB0000687_4_shen	L-Leucine	inchikey	1	TRUE	TRUE	1.70001612787019e-09	4.25004031967546e-06
LEU	8987	HMDB	HMDB0000687_5_shen	L-Leucine	inchikey	1	TRUE	TRUE	1.70001612787019e-09	4.25004031967546e-06
LEU	8988	HMDB	HMDB0000687_6_shen	L-Leucine	inchikey	1	TRUE	TRUE	1.70001612787019e-09	4.25004031967546e-06
LEU	8989	HMDB	HMDB0000687_7_shen	L-Leucine	inchikey	1	TRUE	TRUE	1.70001612787019e-09	4.25004031967546e-06
LEU	8990	HMDB	HMDB0000687_8_shen	L-Leucine	inchikey	1	TRUE	TRUE	1.70001612787019e-09	4.25004031967546e-06
LEU	8991	HMDB	HMDB0000687_9_shen	L-Leucine	inchikey	1	TRUE	TRUE	1.70001612787019e-09	4.25004031967546e-06
LEU	8992	HMDB	HMDB0000687_10_shen	L-Leucine	inchikey	1	TRUE	TRUE	1.70001612787019e-09	4.25004031967546e-06
LEU	8993	HMDB	HMDB0000687_11_shen	L-Leucine	inchikey	1	TRUE	TRUE	1.70001612787019e-09	4.25004031967546e-06
LEU	8994	HMDB	HMDB0000687_12_shen	L-Leucine	inchikey	1	TRUE	TRUE	1.70001612787019e-09	4.25004031967546e-06
LEU	8995	HMDB	HMDB0000687_13_shen	L-Leucine	inchikey	1	TRUE	TRUE	1.70001612787019e-09	4.25004031967546e-06
LEU	8996	HMDB	HMDB0000687_14_shen	L-Leucine	inchikey	1	TRUE	TRUE	1.70001612787019e-09	4.25004031967546e-06
LEU	8997	HMDB	HMDB0000687_15_shen	L-Leucine	inchikey	1	TRUE	TRUE	1.70001612787019e-09	4.25004031967546e-06
LEU	8998	HMDB	HMDB0000687_16_shen	L-Leucine	inchikey	1	TRUE	TRUE	1.70001612787019e-09	4.25004031967546e-06
LEU	8999	HMDB	HMDB0000687_17_shen	L-Leucine	inchikey	1	TRUE	TRUE	1.70001612787019e-09	4.25004031967546e-06
LEU	9000	HMDB	HMDB0000687_18_shen	L-Leucine	inchikey	1	TRUE	TRUE	1.70001612787019e-09	4.25004031967546e-06
LEU	9001	HMDB	HMDB0000687_19_shen	L-Leucine	inchikey	1	TRUE	TRUE	1.70001612787019e-09	4.25004031967546e-06
LEU	9002	HMDB	HMDB0000687_20_shen	L-Leucine	inchikey	1	TRUE	TRUE	1.70001612787019e-09	4.25004031967546e-06
LEU	9003	HMDB	HMDB0000687_21_shen	L-Leucine	inchikey	1	TRUE	TRUE	1.70001612787019e-09	4.25004031967546e-06
LEU	9004	HMDB	HMDB0000687_22_shen	L-Leucine	inchikey	1	TRUE	TRUE	1.70001612787019e-09	4.25004031967546e-06
LEU	9005	HMDB	HMDB0000687_23_shen	L-Leucine	inchikey	1	TRUE	TRUE	1.70001612787019e-09	4.25004031967546e-06
LEU	9006	HMDB	HMDB0000687_24_shen	L-Leucine	inchikey	1	TRUE	TRUE	1.70001612787019e-09	4.25004031967546e-06
LEU	9007	HMDB	HMDB0000687_25_shen	L-Leucine	inchikey	1	TRUE	TRUE	1.70001612787019e-09	4.25004031967546e-06
LEU	9008	HMDB	HMDB0000687_26_shen	L-Leucine	inchikey	1	TRUE	TRUE	1.70001612787019e-09	4.25004031967546e-06
LEU	9009	HMDB	HMDB0000687_27_shen	L-Leucine	inchikey	1	TRUE	TRUE	1.70001612787019e-09	4.25004031967546e-06
LEU	9010	HMDB	HMDB0000687_28_shen	L-Leucine	inchikey	1	TRUE	TRUE	1.70001612787019e-09	4.25004031967546e-06
LEU	9011	HMDB	HMDB0000687_29_shen	L-Leucine	inchikey	1	TRUE	TRUE	1.70001612787019e-09	4.25004031967546e-06
LEU	9012	HMDB	HMDB0000687_30_shen	L-Leucine	inchikey	1	TRUE	TRUE	1.70001612787019e-09	4.25004031967546e-06
LEU	9013	HMDB	HMDB0000687_31_shen	L-Leucine	inchikey	1	TRUE	TRUE	1.70001612787019e-09	4.25004031967546e-06
LEU	9014	HMDB	HMDB0000687_32_shen	L-Leucine	inchikey	1	TRUE	TRUE	1.70001612787019e-09	4.25004031967546e-06
LEU	9015	HMDB	HMDB0000687_33_shen	L-Leucine	inchikey	1	TRUE	TRUE	1.70001612787019e-09	4.25004031967546e-06
LEU	9016	HMDB	HMDB0000687_34_shen	L-Leucine	inchikey	1	TRUE	TRUE	1.70001612787019e-09	4.25004031967546e-06
LEU	9017	HMDB	HMDB0000687_35_shen	L-Leucine	inchikey	1	TRUE	TRUE	1.70001612787019e-09	4.25004031967546e-06
LEU	9018	HMDB	HMDB0000687_36_shen	L-Leucine	inchikey	1	TRUE	TRUE	1.70001612787019e-09	4.25004031967546e-06
LEU	9019	HMDB	HMDB0000687_37_shen	L-Leucine	inchikey	1	TRUE	TRUE	1.70001612787019e-09	4.25004031967546e-06
LEU	9020	HMDB	HMDB0000687_38_shen	L-Leucine	inchikey	1	TRUE	TRUE	1.70001612787019e-09	4.25004031967546e-06
LEU	9021	HMDB	HMDB0000687_39_shen	L-Leucine	inchikey	1	TRUE	TRUE	1.70001612787019e-09	4.25004031967546e-06
LEU	9022	HMDB	HMDB0000687_40_shen	L-Leucine	inchikey	1	TRUE	TRUE	1.70001612787019e-09	4.25004031967546e-06
LEU	9023	HMDB	HMDB0000687_41_shen	L-Leucine	inchikey	1	TRUE	TRUE	1.70001612787019e-09	4.25004031967546e-06
LEU	9024	HMDB	HMDB0000687_42_shen	L-Leucine	inchikey	1	TRUE	TRUE	1.70001612787019e-09	4.25004031967546e-06
LEU	9025	HMDB	HMDB0000687_43_shen	L-Leucine	inchikey	1	TRUE	TRUE	1.70001612787019e-09	4.25004031967546e-06
LEU	9026	HMDB	HMDB0000687_44_shen	L-Leucine	inchikey	1	TRUE	TRUE	1.70001612787019e-09	4.25004031967546e-06
LEU	9027	HMDB	HMDB0000687_45_shen	L-Leucine	inchikey	1	TRUE	TRUE	1.70001612787019e-09	4.25004031967546e-06
LEU	9028	HMDB	HMDB0000687_46_shen	L-Leucine	inchikey	1	TRUE	TRUE	1.70001612787019e-09	4.25004031967546e-06
LEU	9029	HMDB	HMDB0000687_47_shen	L-Leucine	inchikey	1	TRUE	TRUE	1.70001612787019e-09	4.25004031967546e-06
LEU	9030	HMDB	HMDB0000687_48_shen	L-Leucine	inchikey	1	TRUE	TRUE	1.70001612787019e-09	4.25004031967546e-06
LEU	9031	HMDB	HMDB0000687_49_shen	L-Leucine	inchikey	1	TRUE	TRUE	1.70001612787019e-09	4.25004031967546e-06
LEU	9032	HMDB	HMDB0000687_50_shen	L-Leucine	inchikey	1	TRUE	TRUE	1.70001612787019e-09	4.25004031967546e-06
LEU	9033	HMDB	HMDB0000687_51_shen	L-Leucine	inchikey	1	TRUE	TRUE	1.70001612787019e-09	4.25004031967546e-06
LEU	9034	HMDB	HMDB0000687_52_shen	L-Leucine	inchikey	1	TRUE	TRUE	1.70001612787019e-09	4.25004031967546e-06
LEU	9035	HMDB	HMDB0000687_53_shen	L-Leucine	inchikey	1	TRUE	TRUE	1.70001612787019e-09	4.25004031967546e-06
LEU	9036	HMDB	HMDB0000687_54_shen	L-Leucine	inchikey	1	TRUE	TRUE	1.70001612787019e-09	4.25004031967546e-06
LEU	9037	HMDB	HMDB0000687_55_shen	L-Leucine	inchikey	1	TRUE	TRUE	1.70001612787019e-09	4.25004031967546e-06
LEU	9038	HMDB	HMDB0000687_56_shen	L-Leucine	inchikey	1	TRUE	TRUE	1.70001612787019e-09	4.25004031967546e-06
LEU	9039	HMDB	HMDB0000687_57_shen	L-Leucine	inchikey	1	TRUE	TRUE	1.70001612787019e-09	4.25004031967546e-06
MALONATE	9057	HMDB	HMDB0000691_1_shen	Malonic acid	inchikey_connectivity_formula_mass	2	FALSE	TRUE	8.00000066192297e-10	2.00000016548074e-06
MALONATE	9058	HMDB	HMDB0000691_2_shen	Malonic acid	inchikey_connectivity_formula_mass	2	FALSE	TRUE	8.00000066192297e-10	2.00000016548074e-06
MALONATE	9059	HMDB	HMDB0000691_3_shen	Malonic acid	inchikey_connectivity_formula_mass	2	FALSE	TRUE	8.00000066192297e-10	2.00000016548074e-06
MALONATE	9060	HMDB	HMDB0000691_4_shen	Malonic acid	inchikey_connectivity_formula_mass	2	FALSE	TRUE	8.00000066192297e-10	2.00000016548074e-06
MALONATE	9061	HMDB	HMDB0000691_5_shen	Malonic acid	inchikey_connectivity_formula_mass	2	FALSE	TRUE	8.00000066192297e-10	2.00000016548074e-06
MALONATE	9062	HMDB	HMDB0000691_6_shen	Malonic acid	inchikey_connectivity_formula_mass	2	FALSE	TRUE	8.00000066192297e-10	2.00000016548074e-06
MALONATE	9063	HMDB	HMDB0000691_7_shen	Malonic acid	inchikey_connectivity_formula_mass	2	FALSE	TRUE	8.00000066192297e-10	2.00000016548074e-06
MALONATE	9064	HMDB	HMDB0000691_8_shen	Malonic acid	inchikey_connectivity_formula_mass	2	FALSE	TRUE	8.00000066192297e-10	2.00000016548074e-06
MALONATE	9065	HMDB	HMDB0000691_9_shen	Malonic acid	inchikey_connectivity_formula_mass	2	FALSE	TRUE	8.00000066192297e-10	2.00000016548074e-06
MALONATE	9066	HMDB	HMDB0000691_10_shen	Malonic acid	inchikey_connectivity_formula_mass	2	FALSE	TRUE	8.00000066192297e-10	2.00000016548074e-06
MALONATE	9067	HMDB	HMDB0000691_11_shen	Malonic acid	inchikey_connectivity_formula_mass	2	FALSE	TRUE	8.00000066192297e-10	2.00000016548074e-06
MALONATE	9068	HMDB	HMDB0000691_12_shen	Malonic acid	inchikey_connectivity_formula_mass	2	FALSE	TRUE	8.00000066192297e-10	2.00000016548074e-06
MALONATE	9069	HMDB	HMDB0000691_13_shen	Malonic acid	inchikey_connectivity_formula_mass	2	FALSE	TRUE	8.00000066192297e-10	2.00000016548074e-06
MALONATE	9070	HMDB	HMDB0000691_14_shen	Malonic acid	inchikey_connectivity_formula_mass	2	FALSE	TRUE	8.00000066192297e-10	2.00000016548074e-06
MALONATE	9071	HMDB	HMDB0000691_15_shen	Malonic acid	inchikey_connectivity_formula_mass	2	FALSE	TRUE	8.00000066192297e-10	2.00000016548074e-06
MALONATE	9072	HMDB	HMDB0000691_16_shen	Malonic acid	inchikey_connectivity_formula_mass	2	FALSE	TRUE	8.00000066192297e-10	2.00000016548074e-06
MALONATE	9073	HMDB	HMDB0000691_17_shen	Malonic acid	inchikey_connectivity_formula_mass	2	FALSE	TRUE	8.00000066192297e-10	2.00000016548074e-06
MALONATE	9074	HMDB	HMDB0000691_18_shen	Malonic acid	inchikey_connectivity_formula_mass	2	FALSE	TRUE	8.00000066192297e-10	2.00000016548074e-06
MALONATE	9075	HMDB	HMDB0000691_19_shen	Malonic acid	inchikey_connectivity_formula_mass	2	FALSE	TRUE	8.00000066192297e-10	2.00000016548074e-06
MALONATE	9076	HMDB	HMDB0000691_20_shen	Malonic acid	inchikey_connectivity_formula_mass	2	FALSE	TRUE	8.00000066192297e-10	2.00000016548074e-06
MALONATE	9077	HMDB	HMDB0000691_21_shen	Malonic acid	inchikey_connectivity_formula_mass	2	FALSE	TRUE	8.00000066192297e-10	2.00000016548074e-06
MALONATE	9078	HMDB	HMDB0000691_22_shen	Malonic acid	inchikey_connectivity_formula_mass	2	FALSE	TRUE	8.00000066192297e-10	2.00000016548074e-06
CPD-381	9082	HMDB	HMDB0000694_1_shen	L-2-Hydroxyglutaric acid	inchikey_connectivity_formula_mass	2	FALSE	TRUE	1.30000898934668e-09	3.2500224733667e-06
CPD-381	9083	HMDB	HMDB0000694_2_shen	L-2-Hydroxyglutaric acid	inchikey_connectivity_formula_mass	2	FALSE	TRUE	1.30000898934668e-09	3.2500224733667e-06
CPD-381	9084	HMDB	HMDB0000694_3_shen	L-2-Hydroxyglutaric acid	inchikey_connectivity_formula_mass	2	FALSE	TRUE	1.30000898934668e-09	3.2500224733667e-06
CPD-381	9085	HMDB	HMDB0000694_4_shen	L-2-Hydroxyglutaric acid	inchikey_connectivity_formula_mass	2	FALSE	TRUE	1.30000898934668e-09	3.2500224733667e-06
CPD-381	9086	HMDB	HMDB0000694_5_shen	L-2-Hydroxyglutaric acid	inchikey_connectivity_formula_mass	2	FALSE	TRUE	1.30000898934668e-09	3.2500224733667e-06
2K-4CH3-PENTANOATE	9087	HMDB	HMDB0000695_1_shen	Ketoleucine	inchikey_connectivity_formula_mass	2	FALSE	TRUE	1.30000898934668e-09	3.2500224733667e-06
2K-4CH3-PENTANOATE	9088	HMDB	HMDB0000695_2_shen	Ketoleucine	inchikey_connectivity_formula_mass	2	FALSE	TRUE	1.30000898934668e-09	3.2500224733667e-06
2K-4CH3-PENTANOATE	9089	HMDB	HMDB0000695_3_shen	Ketoleucine	inchikey_connectivity_formula_mass	2	FALSE	TRUE	1.30000898934668e-09	3.2500224733667e-06
2K-4CH3-PENTANOATE	9090	HMDB	HMDB0000695_4_shen	Ketoleucine	inchikey_connectivity_formula_mass	2	FALSE	TRUE	1.30000898934668e-09	3.2500224733667e-06
2K-4CH3-PENTANOATE	9091	HMDB	HMDB0000695_5_shen	Ketoleucine	inchikey_connectivity_formula_mass	2	FALSE	TRUE	1.30000898934668e-09	3.2500224733667e-06
2K-4CH3-PENTANOATE	9092	HMDB	HMDB0000695_6_shen	Ketoleucine	inchikey_connectivity_formula_mass	2	FALSE	TRUE	1.30000898934668e-09	3.2500224733667e-06
2K-4CH3-PENTANOATE	9093	HMDB	HMDB0000695_7_shen	Ketoleucine	inchikey_connectivity_formula_mass	2	FALSE	TRUE	1.30000898934668e-09	3.2500224733667e-06
2K-4CH3-PENTANOATE	9094	HMDB	HMDB0000695_8_shen	Ketoleucine	inchikey_connectivity_formula_mass	2	FALSE	TRUE	1.30000898934668e-09	3.2500224733667e-06
2K-4CH3-PENTANOATE	9095	HMDB	HMDB0000695_9_shen	Ketoleucine	inchikey_connectivity_formula_mass	2	FALSE	TRUE	1.30000898934668e-09	3.2500224733667e-06
2K-4CH3-PENTANOATE	9096	HMDB	HMDB0000695_10_shen	Ketoleucine	inchikey_connectivity_formula_mass	2	FALSE	TRUE	1.30000898934668e-09	3.2500224733667e-06
2K-4CH3-PENTANOATE	9097	HMDB	HMDB0000695_11_shen	Ketoleucine	inchikey_connectivity_formula_mass	2	FALSE	TRUE	1.30000898934668e-09	3.2500224733667e-06
2K-4CH3-PENTANOATE	9098	HMDB	HMDB0000695_12_shen	Ketoleucine	inchikey_connectivity_formula_mass	2	FALSE	TRUE	1.30000898934668e-09	3.2500224733667e-06
2K-4CH3-PENTANOATE	9099	HMDB	HMDB0000695_13_shen	Ketoleucine	inchikey_connectivity_formula_mass	2	FALSE	TRUE	1.30000898934668e-09	3.2500224733667e-06
2K-4CH3-PENTANOATE	9100	HMDB	HMDB0000695_14_shen	Ketoleucine	inchikey_connectivity_formula_mass	2	FALSE	TRUE	1.30000898934668e-09	3.2500224733667e-06
2K-4CH3-PENTANOATE	9101	HMDB	HMDB0000695_15_shen	Ketoleucine	inchikey_connectivity_formula_mass	2	FALSE	TRUE	1.30000898934668e-09	3.2500224733667e-06
2K-4CH3-PENTANOATE	9102	HMDB	HMDB0000695_16_shen	Ketoleucine	inchikey_connectivity_formula_mass	2	FALSE	TRUE	1.30000898934668e-09	3.2500224733667e-06
2K-4CH3-PENTANOATE	9103	HMDB	HMDB0000695_17_shen	Ketoleucine	inchikey_connectivity_formula_mass	2	FALSE	TRUE	1.30000898934668e-09	3.2500224733667e-06
2K-4CH3-PENTANOATE	9104	HMDB	HMDB0000695_18_shen	Ketoleucine	inchikey_connectivity_formula_mass	2	FALSE	TRUE	1.30000898934668e-09	3.2500224733667e-06
2K-4CH3-PENTANOATE	9105	HMDB	HMDB0000695_19_shen	Ketoleucine	inchikey_connectivity_formula_mass	2	FALSE	TRUE	1.30000898934668e-09	3.2500224733667e-06
2K-4CH3-PENTANOATE	9106	HMDB	HMDB0000695_20_shen	Ketoleucine	inchikey_connectivity_formula_mass	2	FALSE	TRUE	1.30000898934668e-09	3.2500224733667e-06
MET	9107	HMDB	HMDB0000696_1_shen	L-Methionine	inchikey	1	TRUE	TRUE	1.50001255860843e-09	3.75003139652108e-06
MET	9108	HMDB	HMDB0000696_2_shen	L-Methionine	inchikey	1	TRUE	TRUE	1.50001255860843e-09	3.75003139652108e-06
MET	9109	HMDB	HMDB0000696_3_shen	L-Methionine	inchikey	1	TRUE	TRUE	1.50001255860843e-09	3.75003139652108e-06
MET	9110	HMDB	HMDB0000696_4_shen	L-Methionine	inchikey	1	TRUE	TRUE	1.50001255860843e-09	3.75003139652108e-06
MET	9111	HMDB	HMDB0000696_5_shen	L-Methionine	inchikey	1	TRUE	TRUE	1.50001255860843e-09	3.75003139652108e-06
MET	9112	HMDB	HMDB0000696_6_shen	L-Methionine	inchikey	1	TRUE	TRUE	1.50001255860843e-09	3.75003139652108e-06
MET	9113	HMDB	HMDB0000696_7_shen	L-Methionine	inchikey	1	TRUE	TRUE	1.50001255860843e-09	3.75003139652108e-06
MET	9114	HMDB	HMDB0000696_8_shen	L-Methionine	inchikey	1	TRUE	TRUE	1.50001255860843e-09	3.75003139652108e-06
MET	9115	HMDB	HMDB0000696_9_shen	L-Methionine	inchikey	1	TRUE	TRUE	1.50001255860843e-09	3.75003139652108e-06
MET	9116	HMDB	HMDB0000696_10_shen	L-Methionine	inchikey	1	TRUE	TRUE	1.50001255860843e-09	3.75003139652108e-06
MET	9117	HMDB	HMDB0000696_11_shen	L-Methionine	inchikey	1	TRUE	TRUE	1.50001255860843e-09	3.75003139652108e-06
MET	9118	HMDB	HMDB0000696_12_shen	L-Methionine	inchikey	1	TRUE	TRUE	1.50001255860843e-09	3.75003139652108e-06
MET	9119	HMDB	HMDB0000696_13_shen	L-Methionine	inchikey	1	TRUE	TRUE	1.50001255860843e-09	3.75003139652108e-06
MET	9120	HMDB	HMDB0000696_14_shen	L-Methionine	inchikey	1	TRUE	TRUE	1.50001255860843e-09	3.75003139652108e-06
MET	9121	HMDB	HMDB0000696_15_shen	L-Methionine	inchikey	1	TRUE	TRUE	1.50001255860843e-09	3.75003139652108e-06
MET	9122	HMDB	HMDB0000696_16_shen	L-Methionine	inchikey	1	TRUE	TRUE	1.50001255860843e-09	3.75003139652108e-06
MET	9123	HMDB	HMDB0000696_17_shen	L-Methionine	inchikey	1	TRUE	TRUE	1.50001255860843e-09	3.75003139652108e-06
MET	9124	HMDB	HMDB0000696_18_shen	L-Methionine	inchikey	1	TRUE	TRUE	1.50001255860843e-09	3.75003139652108e-06
MET	9125	HMDB	HMDB0000696_19_shen	L-Methionine	inchikey	1	TRUE	TRUE	1.50001255860843e-09	3.75003139652108e-06
MET	9126	HMDB	HMDB0000696_20_shen	L-Methionine	inchikey	1	TRUE	TRUE	1.50001255860843e-09	3.75003139652108e-06
MET	9127	HMDB	HMDB0000696_21_shen	L-Methionine	inchikey	1	TRUE	TRUE	1.50001255860843e-09	3.75003139652108e-06
MET	9128	HMDB	HMDB0000696_22_shen	L-Methionine	inchikey	1	TRUE	TRUE	1.50001255860843e-09	3.75003139652108e-06
MET	9129	HMDB	HMDB0000696_23_shen	L-Methionine	inchikey	1	TRUE	TRUE	1.50001255860843e-09	3.75003139652108e-06
MET	9130	HMDB	HMDB0000696_24_shen	L-Methionine	inchikey	1	TRUE	TRUE	1.50001255860843e-09	3.75003139652108e-06
MET	9131	HMDB	HMDB0000696_25_shen	L-Methionine	inchikey	1	TRUE	TRUE	1.50001255860843e-09	3.75003139652108e-06
MET	9132	HMDB	HMDB0000696_26_shen	L-Methionine	inchikey	1	TRUE	TRUE	1.50001255860843e-09	3.75003139652108e-06
MET	9133	HMDB	HMDB0000696_27_shen	L-Methionine	inchikey	1	TRUE	TRUE	1.50001255860843e-09	3.75003139652108e-06
MET	9134	HMDB	HMDB0000696_28_shen	L-Methionine	inchikey	1	TRUE	TRUE	1.50001255860843e-09	3.75003139652108e-06
MET	9135	HMDB	HMDB0000696_29_shen	L-Methionine	inchikey	1	TRUE	TRUE	1.50001255860843e-09	3.75003139652108e-06
MET	9136	HMDB	HMDB0000696_30_shen	L-Methionine	inchikey	1	TRUE	TRUE	1.50001255860843e-09	3.75003139652108e-06
MET	9137	HMDB	HMDB0000696_31_shen	L-Methionine	inchikey	1	TRUE	TRUE	1.50001255860843e-09	3.75003139652108e-06
MET	9138	HMDB	HMDB0000696_32_shen	L-Methionine	inchikey	1	TRUE	TRUE	1.50001255860843e-09	3.75003139652108e-06
MET	9139	HMDB	HMDB0000696_33_shen	L-Methionine	inchikey	1	TRUE	TRUE	1.50001255860843e-09	3.75003139652108e-06
MET	9140	HMDB	HMDB0000696_34_shen	L-Methionine	inchikey	1	TRUE	TRUE	1.50001255860843e-09	3.75003139652108e-06
MET	9141	HMDB	HMDB0000696_35_shen	L-Methionine	inchikey	1	TRUE	TRUE	1.50001255860843e-09	3.75003139652108e-06
MET	9142	HMDB	HMDB0000696_36_shen	L-Methionine	inchikey	1	TRUE	TRUE	1.50001255860843e-09	3.75003139652108e-06
MET	9143	HMDB	HMDB0000696_37_shen	L-Methionine	inchikey	1	TRUE	TRUE	1.50001255860843e-09	3.75003139652108e-06
MET	9144	HMDB	HMDB0000696_38_shen	L-Methionine	inchikey	1	TRUE	TRUE	1.50001255860843e-09	3.75003139652108e-06
MET	9145	HMDB	HMDB0000696_39_shen	L-Methionine	inchikey	1	TRUE	TRUE	1.50001255860843e-09	3.75003139652108e-06
MET	9146	HMDB	HMDB0000696_40_shen	L-Methionine	inchikey	1	TRUE	TRUE	1.50001255860843e-09	3.75003139652108e-06
MET	9147	HMDB	HMDB0000696_41_shen	L-Methionine	inchikey	1	TRUE	TRUE	1.50001255860843e-09	3.75003139652108e-06
MET	9148	HMDB	HMDB0000696_42_shen	L-Methionine	inchikey	1	TRUE	TRUE	1.50001255860843e-09	3.75003139652108e-06
MET	9149	HMDB	HMDB0000696_43_shen	L-Methionine	inchikey	1	TRUE	TRUE	1.50001255860843e-09	3.75003139652108e-06
MET	9150	HMDB	HMDB0000696_44_shen	L-Methionine	inchikey	1	TRUE	TRUE	1.50001255860843e-09	3.75003139652108e-06
MET	9151	HMDB	HMDB0000696_45_shen	L-Methionine	inchikey	1	TRUE	TRUE	1.50001255860843e-09	3.75003139652108e-06
MET	9152	HMDB	HMDB0000696_46_shen	L-Methionine	inchikey	1	TRUE	TRUE	1.50001255860843e-09	3.75003139652108e-06
MET	9153	HMDB	HMDB0000696_47_shen	L-Methionine	inchikey	1	TRUE	TRUE	1.50001255860843e-09	3.75003139652108e-06
MET	9154	HMDB	HMDB0000696_48_shen	L-Methionine	inchikey	1	TRUE	TRUE	1.50001255860843e-09	3.75003139652108e-06
MET	9155	HMDB	HMDB0000696_49_shen	L-Methionine	inchikey	1	TRUE	TRUE	1.50001255860843e-09	3.75003139652108e-06
MET	9156	HMDB	HMDB0000696_50_shen	L-Methionine	inchikey	1	TRUE	TRUE	1.50001255860843e-09	3.75003139652108e-06
MET	9157	HMDB	HMDB0000696_51_shen	L-Methionine	inchikey	1	TRUE	TRUE	1.50001255860843e-09	3.75003139652108e-06
MET	9158	HMDB	HMDB0000696_52_shen	L-Methionine	inchikey	1	TRUE	TRUE	1.50001255860843e-09	3.75003139652108e-06
MET	9159	HMDB	HMDB0000696_53_shen	L-Methionine	inchikey	1	TRUE	TRUE	1.50001255860843e-09	3.75003139652108e-06
MET	9160	HMDB	HMDB0000696_54_shen	L-Methionine	inchikey	1	TRUE	TRUE	1.50001255860843e-09	3.75003139652108e-06
MET	9161	HMDB	HMDB0000696_55_shen	L-Methionine	inchikey	1	TRUE	TRUE	1.50001255860843e-09	3.75003139652108e-06
MET	9162	HMDB	HMDB0000696_56_shen	L-Methionine	inchikey	1	TRUE	TRUE	1.50001255860843e-09	3.75003139652108e-06
MET	9163	HMDB	HMDB0000696_57_shen	L-Methionine	inchikey	1	TRUE	TRUE	1.50001255860843e-09	3.75003139652108e-06
MET	9164	HMDB	HMDB0000696_58_shen	L-Methionine	inchikey	1	TRUE	TRUE	1.50001255860843e-09	3.75003139652108e-06
MET	9165	HMDB	HMDB0000696_59_shen	L-Methionine	inchikey	1	TRUE	TRUE	1.50001255860843e-09	3.75003139652108e-06
MET	9166	HMDB	HMDB0000696_60_shen	L-Methionine	inchikey	1	TRUE	TRUE	1.50001255860843e-09	3.75003139652108e-06
MET	9167	HMDB	HMDB0000696_61_shen	L-Methionine	inchikey	1	TRUE	TRUE	1.50001255860843e-09	3.75003139652108e-06
MET	9168	HMDB	HMDB0000696_62_shen	L-Methionine	inchikey	1	TRUE	TRUE	1.50001255860843e-09	3.75003139652108e-06
MET	9169	HMDB	HMDB0000696_63_shen	L-Methionine	inchikey	1	TRUE	TRUE	1.50001255860843e-09	3.75003139652108e-06
MET	9170	HMDB	HMDB0000696_64_shen	L-Methionine	inchikey	1	TRUE	TRUE	1.50001255860843e-09	3.75003139652108e-06
MET	9171	HMDB	HMDB0000696_65_shen	L-Methionine	inchikey	1	TRUE	TRUE	1.50001255860843e-09	3.75003139652108e-06
MET	9172	HMDB	HMDB0000696_66_shen	L-Methionine	inchikey	1	TRUE	TRUE	1.50001255860843e-09	3.75003139652108e-06
MET	9173	HMDB	HMDB0000696_67_shen	L-Methionine	inchikey	1	TRUE	TRUE	1.50001255860843e-09	3.75003139652108e-06
3-HYDROXY-PROPIONATE	9192	HMDB	HMDB0000700_1_shen	Hydroxypropionic acid	inchikey_connectivity_formula_mass	2	FALSE	TRUE	9.00001850823173e-10	2.25000462705793e-06
3-HYDROXY-PROPIONATE	9193	HMDB	HMDB0000700_2_shen	Hydroxypropionic acid	inchikey_connectivity_formula_mass	2	FALSE	TRUE	9.00001850823173e-10	2.25000462705793e-06
3-HYDROXY-PROPIONATE	9194	HMDB	HMDB0000700_3_shen	Hydroxypropionic acid	inchikey_connectivity_formula_mass	2	FALSE	TRUE	9.00001850823173e-10	2.25000462705793e-06
3-HYDROXY-PROPIONATE	9195	HMDB	HMDB0000700_4_shen	Hydroxypropionic acid	inchikey_connectivity_formula_mass	2	FALSE	TRUE	9.00001850823173e-10	2.25000462705793e-06
3-HYDROXY-PROPIONATE	9196	HMDB	HMDB0000700_5_shen	Hydroxypropionic acid	inchikey_connectivity_formula_mass	2	FALSE	TRUE	9.00001850823173e-10	2.25000462705793e-06
3-HYDROXY-PROPIONATE	9197	HMDB	HMDB0000700_6_shen	Hydroxypropionic acid	inchikey_connectivity_formula_mass	2	FALSE	TRUE	9.00001850823173e-10	2.25000462705793e-06
3-HYDROXY-PROPIONATE	9198	HMDB	HMDB0000700_7_shen	Hydroxypropionic acid	inchikey_connectivity_formula_mass	2	FALSE	TRUE	9.00001850823173e-10	2.25000462705793e-06
3-HYDROXY-PROPIONATE	9199	HMDB	HMDB0000700_8_shen	Hydroxypropionic acid	inchikey_connectivity_formula_mass	2	FALSE	TRUE	9.00001850823173e-10	2.25000462705793e-06
3-HYDROXY-PROPIONATE	9200	HMDB	HMDB0000700_9_shen	Hydroxypropionic acid	inchikey_connectivity_formula_mass	2	FALSE	TRUE	9.00001850823173e-10	2.25000462705793e-06
3-HYDROXY-PROPIONATE	9201	HMDB	HMDB0000700_10_shen	Hydroxypropionic acid	inchikey_connectivity_formula_mass	2	FALSE	TRUE	9.00001850823173e-10	2.25000462705793e-06
3-HYDROXY-PROPIONATE	9202	HMDB	HMDB0000700_11_shen	Hydroxypropionic acid	inchikey_connectivity_formula_mass	2	FALSE	TRUE	9.00001850823173e-10	2.25000462705793e-06
3-HYDROXY-PROPIONATE	9203	HMDB	HMDB0000700_12_shen	Hydroxypropionic acid	inchikey_connectivity_formula_mass	2	FALSE	TRUE	9.00001850823173e-10	2.25000462705793e-06
3-HYDROXY-PROPIONATE	9204	HMDB	HMDB0000700_13_shen	Hydroxypropionic acid	inchikey_connectivity_formula_mass	2	FALSE	TRUE	9.00001850823173e-10	2.25000462705793e-06
3-HYDROXY-PROPIONATE	9205	HMDB	HMDB0000700_14_shen	Hydroxypropionic acid	inchikey_connectivity_formula_mass	2	FALSE	TRUE	9.00001850823173e-10	2.25000462705793e-06
3-HYDROXY-PROPIONATE	9206	HMDB	HMDB0000700_15_shen	Hydroxypropionic acid	inchikey_connectivity_formula_mass	2	FALSE	TRUE	9.00001850823173e-10	2.25000462705793e-06
3-HYDROXY-PROPIONATE	9207	HMDB	HMDB0000700_16_shen	Hydroxypropionic acid	inchikey_connectivity_formula_mass	2	FALSE	TRUE	9.00001850823173e-10	2.25000462705793e-06
3-HYDROXY-PROPIONATE	9208	HMDB	HMDB0000700_17_shen	Hydroxypropionic acid	inchikey_connectivity_formula_mass	2	FALSE	TRUE	9.00001850823173e-10	2.25000462705793e-06
3-HYDROXY-PROPIONATE	9209	HMDB	HMDB0000700_18_shen	Hydroxypropionic acid	inchikey_connectivity_formula_mass	2	FALSE	TRUE	9.00001850823173e-10	2.25000462705793e-06
3-HYDROXY-PROPIONATE	9210	HMDB	HMDB0000700_19_shen	Hydroxypropionic acid	inchikey_connectivity_formula_mass	2	FALSE	TRUE	9.00001850823173e-10	2.25000462705793e-06
P-HYDROXY-PHENYLPYRUVATE	9264	HMDB	HMDB0000707_1_shen	4-Hydroxyphenylpyruvic acid	inchikey_connectivity_formula_mass	2	FALSE	TRUE	1.19999299386109e-09	2.99998248465272e-06
P-HYDROXY-PHENYLPYRUVATE	9265	HMDB	HMDB0000707_2_shen	4-Hydroxyphenylpyruvic acid	inchikey_connectivity_formula_mass	2	FALSE	TRUE	1.19999299386109e-09	2.99998248465272e-06
P-HYDROXY-PHENYLPYRUVATE	9266	HMDB	HMDB0000707_3_shen	4-Hydroxyphenylpyruvic acid	inchikey_connectivity_formula_mass	2	FALSE	TRUE	1.19999299386109e-09	2.99998248465272e-06
P-HYDROXY-PHENYLPYRUVATE	9267	HMDB	HMDB0000707_4_shen	4-Hydroxyphenylpyruvic acid	inchikey_connectivity_formula_mass	2	FALSE	TRUE	1.19999299386109e-09	2.99998248465272e-06
P-HYDROXY-PHENYLPYRUVATE	9268	HMDB	HMDB0000707_5_shen	4-Hydroxyphenylpyruvic acid	inchikey_connectivity_formula_mass	2	FALSE	TRUE	1.19999299386109e-09	2.99998248465272e-06
P-HYDROXY-PHENYLPYRUVATE	9269	HMDB	HMDB0000707_6_shen	4-Hydroxyphenylpyruvic acid	inchikey_connectivity_formula_mass	2	FALSE	TRUE	1.19999299386109e-09	2.99998248465272e-06
P-HYDROXY-PHENYLPYRUVATE	9270	HMDB	HMDB0000707_7_shen	4-Hydroxyphenylpyruvic acid	inchikey_connectivity_formula_mass	2	FALSE	TRUE	1.19999299386109e-09	2.99998248465272e-06
P-HYDROXY-PHENYLPYRUVATE	9271	HMDB	HMDB0000707_8_shen	4-Hydroxyphenylpyruvic acid	inchikey_connectivity_formula_mass	2	FALSE	TRUE	1.19999299386109e-09	2.99998248465272e-06
P-HYDROXY-PHENYLPYRUVATE	9272	HMDB	HMDB0000707_9_shen	4-Hydroxyphenylpyruvic acid	inchikey_connectivity_formula_mass	2	FALSE	TRUE	1.19999299386109e-09	2.99998248465272e-06
P-HYDROXY-PHENYLPYRUVATE	9273	HMDB	HMDB0000707_10_shen	4-Hydroxyphenylpyruvic acid	inchikey_connectivity_formula_mass	2	FALSE	TRUE	1.19999299386109e-09	2.99998248465272e-06
P-HYDROXY-PHENYLPYRUVATE	9274	HMDB	HMDB0000707_11_shen	4-Hydroxyphenylpyruvic acid	inchikey_connectivity_formula_mass	2	FALSE	TRUE	1.19999299386109e-09	2.99998248465272e-06
P-HYDROXY-PHENYLPYRUVATE	9275	HMDB	HMDB0000707_12_shen	4-Hydroxyphenylpyruvic acid	inchikey_connectivity_formula_mass	2	FALSE	TRUE	1.19999299386109e-09	2.99998248465272e-06
P-HYDROXY-PHENYLPYRUVATE	9276	HMDB	HMDB0000707_13_shen	4-Hydroxyphenylpyruvic acid	inchikey_connectivity_formula_mass	2	FALSE	TRUE	1.19999299386109e-09	2.99998248465272e-06
P-HYDROXY-PHENYLPYRUVATE	9277	HMDB	HMDB0000707_14_shen	4-Hydroxyphenylpyruvic acid	inchikey_connectivity_formula_mass	2	FALSE	TRUE	1.19999299386109e-09	2.99998248465272e-06
P-HYDROXY-PHENYLPYRUVATE	9278	HMDB	HMDB0000707_15_shen	4-Hydroxyphenylpyruvic acid	inchikey_connectivity_formula_mass	2	FALSE	TRUE	1.19999299386109e-09	2.99998248465272e-06
P-HYDROXY-PHENYLPYRUVATE	9279	HMDB	HMDB0000707_16_shen	4-Hydroxyphenylpyruvic acid	inchikey_connectivity_formula_mass	2	FALSE	TRUE	1.19999299386109e-09	2.99998248465272e-06
P-HYDROXY-PHENYLPYRUVATE	9280	HMDB	HMDB0000707_17_shen	4-Hydroxyphenylpyruvic acid	inchikey_connectivity_formula_mass	2	FALSE	TRUE	1.19999299386109e-09	2.99998248465272e-06
P-HYDROXY-PHENYLPYRUVATE	9281	HMDB	HMDB0000707_18_shen	4-Hydroxyphenylpyruvic acid	inchikey_connectivity_formula_mass	2	FALSE	TRUE	1.19999299386109e-09	2.99998248465272e-06
P-HYDROXY-PHENYLPYRUVATE	9282	HMDB	HMDB0000707_19_shen	4-Hydroxyphenylpyruvic acid	inchikey_connectivity_formula_mass	2	FALSE	TRUE	1.19999299386109e-09	2.99998248465272e-06
P-HYDROXY-PHENYLPYRUVATE	9283	HMDB	HMDB0000707_20_shen	4-Hydroxyphenylpyruvic acid	inchikey_connectivity_formula_mass	2	FALSE	TRUE	1.19999299386109e-09	2.99998248465272e-06
P-HYDROXY-PHENYLPYRUVATE	9284	HMDB	HMDB0000707_21_shen	4-Hydroxyphenylpyruvic acid	inchikey_connectivity_formula_mass	2	FALSE	TRUE	1.19999299386109e-09	2.99998248465272e-06
P-HYDROXY-PHENYLPYRUVATE	9285	HMDB	HMDB0000707_22_shen	4-Hydroxyphenylpyruvic acid	inchikey_connectivity_formula_mass	2	FALSE	TRUE	1.19999299386109e-09	2.99998248465272e-06
4-HYDROXY-BUTYRATE	9286	HMDB	HMDB0000710_1_shen	4-Hydroxybutyric acid	inchikey_connectivity_formula_mass	2	FALSE	TRUE	1.10000542008493e-09	2.75001355021232e-06
4-HYDROXY-BUTYRATE	9287	HMDB	HMDB0000710_2_shen	4-Hydroxybutyric acid	inchikey_connectivity_formula_mass	2	FALSE	TRUE	1.10000542008493e-09	2.75001355021232e-06
4-HYDROXY-BUTYRATE	9288	HMDB	HMDB0000710_3_shen	4-Hydroxybutyric acid	inchikey_connectivity_formula_mass	2	FALSE	TRUE	1.10000542008493e-09	2.75001355021232e-06
4-HYDROXY-BUTYRATE	9289	HMDB	HMDB0000710_4_shen	4-Hydroxybutyric acid	inchikey_connectivity_formula_mass	2	FALSE	TRUE	1.10000542008493e-09	2.75001355021232e-06
4-HYDROXY-BUTYRATE	9290	HMDB	HMDB0000710_5_shen	4-Hydroxybutyric acid	inchikey_connectivity_formula_mass	2	FALSE	TRUE	1.10000542008493e-09	2.75001355021232e-06
4-HYDROXY-BUTYRATE	9291	HMDB	HMDB0000710_6_shen	4-Hydroxybutyric acid	inchikey_connectivity_formula_mass	2	FALSE	TRUE	1.10000542008493e-09	2.75001355021232e-06
4-HYDROXY-BUTYRATE	9292	HMDB	HMDB0000710_7_shen	4-Hydroxybutyric acid	inchikey_connectivity_formula_mass	2	FALSE	TRUE	1.10000542008493e-09	2.75001355021232e-06
4-HYDROXY-BUTYRATE	9293	HMDB	HMDB0000710_8_shen	4-Hydroxybutyric acid	inchikey_connectivity_formula_mass	2	FALSE	TRUE	1.10000542008493e-09	2.75001355021232e-06
4-HYDROXY-BUTYRATE	9294	HMDB	HMDB0000710_9_shen	4-Hydroxybutyric acid	inchikey_connectivity_formula_mass	2	FALSE	TRUE	1.10000542008493e-09	2.75001355021232e-06
4-HYDROXY-BUTYRATE	9295	HMDB	HMDB0000710_10_shen	4-Hydroxybutyric acid	inchikey_connectivity_formula_mass	2	FALSE	TRUE	1.10000542008493e-09	2.75001355021232e-06
4-HYDROXY-BUTYRATE	9296	HMDB	HMDB0000710_11_shen	4-Hydroxybutyric acid	inchikey_connectivity_formula_mass	2	FALSE	TRUE	1.10000542008493e-09	2.75001355021232e-06
4-HYDROXY-BUTYRATE	9297	HMDB	HMDB0000710_12_shen	4-Hydroxybutyric acid	inchikey_connectivity_formula_mass	2	FALSE	TRUE	1.10000542008493e-09	2.75001355021232e-06
4-HYDROXY-BUTYRATE	9298	HMDB	HMDB0000710_13_shen	4-Hydroxybutyric acid	inchikey_connectivity_formula_mass	2	FALSE	TRUE	1.10000542008493e-09	2.75001355021232e-06
4-HYDROXY-BUTYRATE	9299	HMDB	HMDB0000710_14_shen	4-Hydroxybutyric acid	inchikey_connectivity_formula_mass	2	FALSE	TRUE	1.10000542008493e-09	2.75001355021232e-06
4-HYDROXY-BUTYRATE	9300	HMDB	HMDB0000710_15_shen	4-Hydroxybutyric acid	inchikey_connectivity_formula_mass	2	FALSE	TRUE	1.10000542008493e-09	2.75001355021232e-06
4-HYDROXY-BUTYRATE	9301	HMDB	HMDB0000710_16_shen	4-Hydroxybutyric acid	inchikey_connectivity_formula_mass	2	FALSE	TRUE	1.10000542008493e-09	2.75001355021232e-06
4-HYDROXY-BUTYRATE	9302	HMDB	HMDB0000710_17_shen	4-Hydroxybutyric acid	inchikey_connectivity_formula_mass	2	FALSE	TRUE	1.10000542008493e-09	2.75001355021232e-06
4-HYDROXY-BUTYRATE	9303	HMDB	HMDB0000710_18_shen	4-Hydroxybutyric acid	inchikey_connectivity_formula_mass	2	FALSE	TRUE	1.10000542008493e-09	2.75001355021232e-06
4-HYDROXY-BUTYRATE	9304	HMDB	HMDB0000710_19_shen	4-Hydroxybutyric acid	inchikey_connectivity_formula_mass	2	FALSE	TRUE	1.10000542008493e-09	2.75001355021232e-06
4-HYDROXY-BUTYRATE	9305	HMDB	HMDB0000710_20_shen	4-Hydroxybutyric acid	inchikey_connectivity_formula_mass	2	FALSE	TRUE	1.10000542008493e-09	2.75001355021232e-06
4-HYDROXY-BUTYRATE	9306	HMDB	HMDB0000710_21_shen	4-Hydroxybutyric acid	inchikey_connectivity_formula_mass	2	FALSE	TRUE	1.10000542008493e-09	2.75001355021232e-06
4-HYDROXY-BUTYRATE	9307	HMDB	HMDB0000710_22_shen	4-Hydroxybutyric acid	inchikey_connectivity_formula_mass	2	FALSE	TRUE	1.10000542008493e-09	2.75001355021232e-06
4-HYDROXY-BUTYRATE	9308	HMDB	HMDB0000710_23_shen	4-Hydroxybutyric acid	inchikey_connectivity_formula_mass	2	FALSE	TRUE	1.10000542008493e-09	2.75001355021232e-06
4-HYDROXY-BUTYRATE	9309	HMDB	HMDB0000710_24_shen	4-Hydroxybutyric acid	inchikey_connectivity_formula_mass	2	FALSE	TRUE	1.10000542008493e-09	2.75001355021232e-06
4-HYDROXY-BUTYRATE	9310	HMDB	HMDB0000710_25_shen	4-Hydroxybutyric acid	inchikey_connectivity_formula_mass	2	FALSE	TRUE	1.10000542008493e-09	2.75001355021232e-06
4-HYDROXY-BUTYRATE	9311	HMDB	HMDB0000710_26_shen	4-Hydroxybutyric acid	inchikey_connectivity_formula_mass	2	FALSE	TRUE	1.10000542008493e-09	2.75001355021232e-06
4-HYDROXY-BUTYRATE	9312	HMDB	HMDB0000710_27_shen	4-Hydroxybutyric acid	inchikey_connectivity_formula_mass	2	FALSE	TRUE	1.10000542008493e-09	2.75001355021232e-06
4-HYDROXY-BUTYRATE	9313	HMDB	HMDB0000710_28_shen	4-Hydroxybutyric acid	inchikey_connectivity_formula_mass	2	FALSE	TRUE	1.10000542008493e-09	2.75001355021232e-06
4-HYDROXY-BUTYRATE	9314	HMDB	HMDB0000710_29_shen	4-Hydroxybutyric acid	inchikey_connectivity_formula_mass	2	FALSE	TRUE	1.10000542008493e-09	2.75001355021232e-06
KYNURENATE	9382	HMDB	HMDB0000715_1_shen	Kynurenic acid	inchikey_connectivity_formula_mass	2	FALSE	TRUE	1.19999299386109e-09	2.99998248465272e-06
KYNURENATE	9383	HMDB	HMDB0000715_2_shen	Kynurenic acid	inchikey_connectivity_formula_mass	2	FALSE	TRUE	1.19999299386109e-09	2.99998248465272e-06
KYNURENATE	9384	HMDB	HMDB0000715_3_shen	Kynurenic acid	inchikey_connectivity_formula_mass	2	FALSE	TRUE	1.19999299386109e-09	2.99998248465272e-06
KYNURENATE	9385	HMDB	HMDB0000715_4_shen	Kynurenic acid	inchikey_connectivity_formula_mass	2	FALSE	TRUE	1.19999299386109e-09	2.99998248465272e-06
KYNURENATE	9386	HMDB	HMDB0000715_5_shen	Kynurenic acid	inchikey_connectivity_formula_mass	2	FALSE	TRUE	1.19999299386109e-09	2.99998248465272e-06
KYNURENATE	9387	HMDB	HMDB0000715_6_shen	Kynurenic acid	inchikey_connectivity_formula_mass	2	FALSE	TRUE	1.19999299386109e-09	2.99998248465272e-06
KYNURENATE	9388	HMDB	HMDB0000715_7_shen	Kynurenic acid	inchikey_connectivity_formula_mass	2	FALSE	TRUE	1.19999299386109e-09	2.99998248465272e-06
KYNURENATE	9389	HMDB	HMDB0000715_8_shen	Kynurenic acid	inchikey_connectivity_formula_mass	2	FALSE	TRUE	1.19999299386109e-09	2.99998248465272e-06
KYNURENATE	9390	HMDB	HMDB0000715_9_shen	Kynurenic acid	inchikey_connectivity_formula_mass	2	FALSE	TRUE	1.19999299386109e-09	2.99998248465272e-06
KYNURENATE	9391	HMDB	HMDB0000715_10_shen	Kynurenic acid	inchikey_connectivity_formula_mass	2	FALSE	TRUE	1.19999299386109e-09	2.99998248465272e-06
KYNURENATE	9392	HMDB	HMDB0000715_11_shen	Kynurenic acid	inchikey_connectivity_formula_mass	2	FALSE	TRUE	1.19999299386109e-09	2.99998248465272e-06
KYNURENATE	9393	HMDB	HMDB0000715_12_shen	Kynurenic acid	inchikey_connectivity_formula_mass	2	FALSE	TRUE	1.19999299386109e-09	2.99998248465272e-06
KYNURENATE	9394	HMDB	HMDB0000715_13_shen	Kynurenic acid	inchikey_connectivity_formula_mass	2	FALSE	TRUE	1.19999299386109e-09	2.99998248465272e-06
KYNURENATE	9395	HMDB	HMDB0000715_14_shen	Kynurenic acid	inchikey_connectivity_formula_mass	2	FALSE	TRUE	1.19999299386109e-09	2.99998248465272e-06
KYNURENATE	9396	HMDB	HMDB0000715_15_shen	Kynurenic acid	inchikey_connectivity_formula_mass	2	FALSE	TRUE	1.19999299386109e-09	2.99998248465272e-06
KYNURENATE	9397	HMDB	HMDB0000715_16_shen	Kynurenic acid	inchikey_connectivity_formula_mass	2	FALSE	TRUE	1.19999299386109e-09	2.99998248465272e-06
KYNURENATE	9398	HMDB	HMDB0000715_17_shen	Kynurenic acid	inchikey_connectivity_formula_mass	2	FALSE	TRUE	1.19999299386109e-09	2.99998248465272e-06
KYNURENATE	9399	HMDB	HMDB0000715_18_shen	Kynurenic acid	inchikey_connectivity_formula_mass	2	FALSE	TRUE	1.19999299386109e-09	2.99998248465272e-06
KYNURENATE	9400	HMDB	HMDB0000715_19_shen	Kynurenic acid	inchikey_connectivity_formula_mass	2	FALSE	TRUE	1.19999299386109e-09	2.99998248465272e-06
KYNURENATE	9401	HMDB	HMDB0000715_20_shen	Kynurenic acid	inchikey_connectivity_formula_mass	2	FALSE	TRUE	1.19999299386109e-09	2.99998248465272e-06
KYNURENATE	9402	HMDB	HMDB0000715_21_shen	Kynurenic acid	inchikey_connectivity_formula_mass	2	FALSE	TRUE	1.19999299386109e-09	2.99998248465272e-06
KYNURENATE	9403	HMDB	HMDB0000715_22_shen	Kynurenic acid	inchikey_connectivity_formula_mass	2	FALSE	TRUE	1.19999299386109e-09	2.99998248465272e-06
KYNURENATE	9404	HMDB	HMDB0000715_23_shen	Kynurenic acid	inchikey_connectivity_formula_mass	2	FALSE	TRUE	1.19999299386109e-09	2.99998248465272e-06
KYNURENATE	9405	HMDB	HMDB0000715_24_shen	Kynurenic acid	inchikey_connectivity_formula_mass	2	FALSE	TRUE	1.19999299386109e-09	2.99998248465272e-06
KYNURENATE	9406	HMDB	HMDB0000715_25_shen	Kynurenic acid	inchikey_connectivity_formula_mass	2	FALSE	TRUE	1.19999299386109e-09	2.99998248465272e-06
KYNURENATE	9407	HMDB	HMDB0000715_26_shen	Kynurenic acid	inchikey_connectivity_formula_mass	2	FALSE	TRUE	1.19999299386109e-09	2.99998248465272e-06
KYNURENATE	9408	HMDB	HMDB0000715_27_shen	Kynurenic acid	inchikey_connectivity_formula_mass	2	FALSE	TRUE	1.19999299386109e-09	2.99998248465272e-06
KYNURENATE	9409	HMDB	HMDB0000715_28_shen	Kynurenic acid	inchikey_connectivity_formula_mass	2	FALSE	TRUE	1.19999299386109e-09	2.99998248465272e-06
KYNURENATE	9410	HMDB	HMDB0000715_29_shen	Kynurenic acid	inchikey_connectivity_formula_mass	2	FALSE	TRUE	1.19999299386109e-09	2.99998248465272e-06
KYNURENATE	9411	HMDB	HMDB0000715_30_shen	Kynurenic acid	inchikey_connectivity_formula_mass	2	FALSE	TRUE	1.19999299386109e-09	2.99998248465272e-06
KYNURENATE	9412	HMDB	HMDB0000715_31_shen	Kynurenic acid	inchikey_connectivity_formula_mass	2	FALSE	TRUE	1.19999299386109e-09	2.99998248465272e-06
KYNURENATE	9413	HMDB	HMDB0000715_32_shen	Kynurenic acid	inchikey_connectivity_formula_mass	2	FALSE	TRUE	1.19999299386109e-09	2.99998248465272e-06
KYNURENATE	9414	HMDB	HMDB0000715_33_shen	Kynurenic acid	inchikey_connectivity_formula_mass	2	FALSE	TRUE	1.19999299386109e-09	2.99998248465272e-06
KYNURENATE	9415	HMDB	HMDB0000715_34_shen	Kynurenic acid	inchikey_connectivity_formula_mass	2	FALSE	TRUE	1.19999299386109e-09	2.99998248465272e-06
KYNURENATE	9416	HMDB	HMDB0000715_35_shen	Kynurenic acid	inchikey_connectivity_formula_mass	2	FALSE	TRUE	1.19999299386109e-09	2.99998248465272e-06
KYNURENATE	9417	HMDB	HMDB0000715_36_shen	Kynurenic acid	inchikey_connectivity_formula_mass	2	FALSE	TRUE	1.19999299386109e-09	2.99998248465272e-06
KYNURENATE	9418	HMDB	HMDB0000715_37_shen	Kynurenic acid	inchikey_connectivity_formula_mass	2	FALSE	TRUE	1.19999299386109e-09	2.99998248465272e-06
KYNURENATE	9419	HMDB	HMDB0000715_38_shen	Kynurenic acid	inchikey_connectivity_formula_mass	2	FALSE	TRUE	1.19999299386109e-09	2.99998248465272e-06
KYNURENATE	9420	HMDB	HMDB0000715_39_shen	Kynurenic acid	inchikey_connectivity_formula_mass	2	FALSE	TRUE	1.19999299386109e-09	2.99998248465272e-06
KYNURENATE	9421	HMDB	HMDB0000715_40_shen	Kynurenic acid	inchikey_connectivity_formula_mass	2	FALSE	TRUE	1.19999299386109e-09	2.99998248465272e-06
KYNURENATE	9422	HMDB	HMDB0000715_41_shen	Kynurenic acid	inchikey_connectivity_formula_mass	2	FALSE	TRUE	1.19999299386109e-09	2.99998248465272e-06
KYNURENATE	9423	HMDB	HMDB0000715_42_shen	Kynurenic acid	inchikey_connectivity_formula_mass	2	FALSE	TRUE	1.19999299386109e-09	2.99998248465272e-06
KYNURENATE	9424	HMDB	HMDB0000715_43_shen	Kynurenic acid	inchikey_connectivity_formula_mass	2	FALSE	TRUE	1.19999299386109e-09	2.99998248465272e-06
KYNURENATE	9425	HMDB	HMDB0000715_44_shen	Kynurenic acid	inchikey_connectivity_formula_mass	2	FALSE	TRUE	1.19999299386109e-09	2.99998248465272e-06
KYNURENATE	9426	HMDB	HMDB0000715_45_shen	Kynurenic acid	inchikey_connectivity_formula_mass	2	FALSE	TRUE	1.19999299386109e-09	2.99998248465272e-06
KYNURENATE	9427	HMDB	HMDB0000715_46_shen	Kynurenic acid	inchikey_connectivity_formula_mass	2	FALSE	TRUE	1.19999299386109e-09	2.99998248465272e-06
KYNURENATE	9428	HMDB	HMDB0000715_47_shen	Kynurenic acid	inchikey_connectivity_formula_mass	2	FALSE	TRUE	1.19999299386109e-09	2.99998248465272e-06
KYNURENATE	9429	HMDB	HMDB0000715_48_shen	Kynurenic acid	inchikey_connectivity_formula_mass	2	FALSE	TRUE	1.19999299386109e-09	2.99998248465272e-06
KYNURENATE	9430	HMDB	HMDB0000715_49_shen	Kynurenic acid	inchikey_connectivity_formula_mass	2	FALSE	TRUE	1.19999299386109e-09	2.99998248465272e-06
KYNURENATE	9431	HMDB	HMDB0000715_50_shen	Kynurenic acid	inchikey_connectivity_formula_mass	2	FALSE	TRUE	1.19999299386109e-09	2.99998248465272e-06
KYNURENATE	9432	HMDB	HMDB0000715_51_shen	Kynurenic acid	inchikey_connectivity_formula_mass	2	FALSE	TRUE	1.19999299386109e-09	2.99998248465272e-06
KYNURENATE	9433	HMDB	HMDB0000715_52_shen	Kynurenic acid	inchikey_connectivity_formula_mass	2	FALSE	TRUE	1.19999299386109e-09	2.99998248465272e-06
KYNURENATE	9434	HMDB	HMDB0000715_53_shen	Kynurenic acid	inchikey_connectivity_formula_mass	2	FALSE	TRUE	1.19999299386109e-09	2.99998248465272e-06
KYNURENATE	9435	HMDB	HMDB0000715_54_shen	Kynurenic acid	inchikey_connectivity_formula_mass	2	FALSE	TRUE	1.19999299386109e-09	2.99998248465272e-06
KYNURENATE	9436	HMDB	HMDB0000715_55_shen	Kynurenic acid	inchikey_connectivity_formula_mass	2	FALSE	TRUE	1.19999299386109e-09	2.99998248465272e-06
KYNURENATE	9437	HMDB	HMDB0000715_56_shen	Kynurenic acid	inchikey_connectivity_formula_mass	2	FALSE	TRUE	1.19999299386109e-09	2.99998248465272e-06
KYNURENATE	9438	HMDB	HMDB0000715_57_shen	Kynurenic acid	inchikey_connectivity_formula_mass	2	FALSE	TRUE	1.19999299386109e-09	2.99998248465272e-06
KYNURENATE	9439	HMDB	HMDB0000715_58_shen	Kynurenic acid	inchikey_connectivity_formula_mass	2	FALSE	TRUE	1.19999299386109e-09	2.99998248465272e-06
KYNURENATE	9440	HMDB	HMDB0000715_59_shen	Kynurenic acid	inchikey_connectivity_formula_mass	2	FALSE	TRUE	1.19999299386109e-09	2.99998248465272e-06
KYNURENATE	9441	HMDB	HMDB0000715_60_shen	Kynurenic acid	inchikey_connectivity_formula_mass	2	FALSE	TRUE	1.19999299386109e-09	2.99998248465272e-06
KYNURENATE	9442	HMDB	HMDB0000715_61_shen	Kynurenic acid	inchikey_connectivity_formula_mass	2	FALSE	TRUE	1.19999299386109e-09	2.99998248465272e-06
KYNURENATE	9443	HMDB	HMDB0000715_62_shen	Kynurenic acid	inchikey_connectivity_formula_mass	2	FALSE	TRUE	1.19999299386109e-09	2.99998248465272e-06
KYNURENATE	9444	HMDB	HMDB0000715_63_shen	Kynurenic acid	inchikey_connectivity_formula_mass	2	FALSE	TRUE	1.19999299386109e-09	2.99998248465272e-06
KYNURENATE	9445	HMDB	HMDB0000715_64_shen	Kynurenic acid	inchikey_connectivity_formula_mass	2	FALSE	TRUE	1.19999299386109e-09	2.99998248465272e-06
KYNURENATE	9446	HMDB	HMDB0000715_65_shen	Kynurenic acid	inchikey_connectivity_formula_mass	2	FALSE	TRUE	1.19999299386109e-09	2.99998248465272e-06
KYNURENATE	9447	HMDB	HMDB0000715_66_shen	Kynurenic acid	inchikey_connectivity_formula_mass	2	FALSE	TRUE	1.19999299386109e-09	2.99998248465272e-06
KYNURENATE	9448	HMDB	HMDB0000715_67_shen	Kynurenic acid	inchikey_connectivity_formula_mass	2	FALSE	TRUE	1.19999299386109e-09	2.99998248465272e-06
KYNURENATE	9449	HMDB	HMDB0000715_68_shen	Kynurenic acid	inchikey_connectivity_formula_mass	2	FALSE	TRUE	1.19999299386109e-09	2.99998248465272e-06
L-PIPECOLATE	9450	HMDB	HMDB0000716_1_shen	L-Pipecolic acid	inchikey	1	TRUE	TRUE	1.50001255860843e-09	3.75003139652108e-06
L-PIPECOLATE	9451	HMDB	HMDB0000716_2_shen	L-Pipecolic acid	inchikey	1	TRUE	TRUE	1.50001255860843e-09	3.75003139652108e-06
L-PIPECOLATE	9452	HMDB	HMDB0000716_3_shen	L-Pipecolic acid	inchikey	1	TRUE	TRUE	1.50001255860843e-09	3.75003139652108e-06
L-PIPECOLATE	9453	HMDB	HMDB0000716_4_shen	L-Pipecolic acid	inchikey	1	TRUE	TRUE	1.50001255860843e-09	3.75003139652108e-06
L-PIPECOLATE	9454	HMDB	HMDB0000716_5_shen	L-Pipecolic acid	inchikey	1	TRUE	TRUE	1.50001255860843e-09	3.75003139652108e-06
L-PIPECOLATE	9455	HMDB	HMDB0000716_6_shen	L-Pipecolic acid	inchikey	1	TRUE	TRUE	1.50001255860843e-09	3.75003139652108e-06
L-PIPECOLATE	9456	HMDB	HMDB0000716_7_shen	L-Pipecolic acid	inchikey	1	TRUE	TRUE	1.50001255860843e-09	3.75003139652108e-06
L-PIPECOLATE	9457	HMDB	HMDB0000716_8_shen	L-Pipecolic acid	inchikey	1	TRUE	TRUE	1.50001255860843e-09	3.75003139652108e-06
L-PIPECOLATE	9458	HMDB	HMDB0000716_9_shen	L-Pipecolic acid	inchikey	1	TRUE	TRUE	1.50001255860843e-09	3.75003139652108e-06
L-PIPECOLATE	9459	HMDB	HMDB0000716_10_shen	L-Pipecolic acid	inchikey	1	TRUE	TRUE	1.50001255860843e-09	3.75003139652108e-06
L-PIPECOLATE	9460	HMDB	HMDB0000716_11_shen	L-Pipecolic acid	inchikey	1	TRUE	TRUE	1.50001255860843e-09	3.75003139652108e-06
L-PIPECOLATE	9461	HMDB	HMDB0000716_12_shen	L-Pipecolic acid	inchikey	1	TRUE	TRUE	1.50001255860843e-09	3.75003139652108e-06
L-PIPECOLATE	9462	HMDB	HMDB0000716_13_shen	L-Pipecolic acid	inchikey	1	TRUE	TRUE	1.50001255860843e-09	3.75003139652108e-06
L-PIPECOLATE	9463	HMDB	HMDB0000716_14_shen	L-Pipecolic acid	inchikey	1	TRUE	TRUE	1.50001255860843e-09	3.75003139652108e-06
L-PIPECOLATE	9464	HMDB	HMDB0000716_15_shen	L-Pipecolic acid	inchikey	1	TRUE	TRUE	1.50001255860843e-09	3.75003139652108e-06
L-PIPECOLATE	9465	HMDB	HMDB0000716_16_shen	L-Pipecolic acid	inchikey	1	TRUE	TRUE	1.50001255860843e-09	3.75003139652108e-06
L-PIPECOLATE	9466	HMDB	HMDB0000716_17_shen	L-Pipecolic acid	inchikey	1	TRUE	TRUE	1.50001255860843e-09	3.75003139652108e-06
L-PIPECOLATE	9467	HMDB	HMDB0000716_18_shen	L-Pipecolic acid	inchikey	1	TRUE	TRUE	1.50001255860843e-09	3.75003139652108e-06
L-PIPECOLATE	9468	HMDB	HMDB0000716_19_shen	L-Pipecolic acid	inchikey	1	TRUE	TRUE	1.50001255860843e-09	3.75003139652108e-06
L-PIPECOLATE	9469	HMDB	HMDB0000716_20_shen	L-Pipecolic acid	inchikey	1	TRUE	TRUE	1.50001255860843e-09	3.75003139652108e-06
L-PIPECOLATE	9470	HMDB	HMDB0000716_21_shen	L-Pipecolic acid	inchikey	1	TRUE	TRUE	1.50001255860843e-09	3.75003139652108e-06
L-PIPECOLATE	9471	HMDB	HMDB0000716_22_shen	L-Pipecolic acid	inchikey	1	TRUE	TRUE	1.50001255860843e-09	3.75003139652108e-06
L-PIPECOLATE	9472	HMDB	HMDB0000716_23_shen	L-Pipecolic acid	inchikey	1	TRUE	TRUE	1.50001255860843e-09	3.75003139652108e-06
L-PIPECOLATE	9473	HMDB	HMDB0000716_24_shen	L-Pipecolic acid	inchikey	1	TRUE	TRUE	1.50001255860843e-09	3.75003139652108e-06
L-PIPECOLATE	9474	HMDB	HMDB0000716_25_shen	L-Pipecolic acid	inchikey	1	TRUE	TRUE	1.50001255860843e-09	3.75003139652108e-06
L-PIPECOLATE	9475	HMDB	HMDB0000716_26_shen	L-Pipecolic acid	inchikey	1	TRUE	TRUE	1.50001255860843e-09	3.75003139652108e-06
L-PIPECOLATE	9476	HMDB	HMDB0000716_27_shen	L-Pipecolic acid	inchikey	1	TRUE	TRUE	1.50001255860843e-09	3.75003139652108e-06
L-PIPECOLATE	9477	HMDB	HMDB0000716_28_shen	L-Pipecolic acid	inchikey	1	TRUE	TRUE	1.50001255860843e-09	3.75003139652108e-06
L-PIPECOLATE	9478	HMDB	HMDB0000716_29_shen	L-Pipecolic acid	inchikey	1	TRUE	TRUE	1.50001255860843e-09	3.75003139652108e-06
L-PIPECOLATE	9479	HMDB	HMDB0000716_30_shen	L-Pipecolic acid	inchikey	1	TRUE	TRUE	1.50001255860843e-09	3.75003139652108e-06
L-PIPECOLATE	9480	HMDB	HMDB0000716_31_shen	L-Pipecolic acid	inchikey	1	TRUE	TRUE	1.50001255860843e-09	3.75003139652108e-06
L-PIPECOLATE	9481	HMDB	HMDB0000716_32_shen	L-Pipecolic acid	inchikey	1	TRUE	TRUE	1.50001255860843e-09	3.75003139652108e-06
L-PIPECOLATE	9482	HMDB	HMDB0000716_33_shen	L-Pipecolic acid	inchikey	1	TRUE	TRUE	1.50001255860843e-09	3.75003139652108e-06
L-PIPECOLATE	9483	HMDB	HMDB0000716_34_shen	L-Pipecolic acid	inchikey	1	TRUE	TRUE	1.50001255860843e-09	3.75003139652108e-06
L-PIPECOLATE	9484	HMDB	HMDB0000716_35_shen	L-Pipecolic acid	inchikey	1	TRUE	TRUE	1.50001255860843e-09	3.75003139652108e-06
L-PIPECOLATE	9485	HMDB	HMDB0000716_36_shen	L-Pipecolic acid	inchikey	1	TRUE	TRUE	1.50001255860843e-09	3.75003139652108e-06
L-PIPECOLATE	9486	HMDB	HMDB0000716_37_shen	L-Pipecolic acid	inchikey	1	TRUE	TRUE	1.50001255860843e-09	3.75003139652108e-06
L-PIPECOLATE	9487	HMDB	HMDB0000716_38_shen	L-Pipecolic acid	inchikey	1	TRUE	TRUE	1.50001255860843e-09	3.75003139652108e-06
ISOVALERATE	9492	HMDB	HMDB0000718_1_shen	Isovaleric acid	inchikey_connectivity_formula_mass	2	FALSE	TRUE	1.19999299386109e-09	2.99998248465272e-06
ISOVALERATE	9493	HMDB	HMDB0000718_2_shen	Isovaleric acid	inchikey_connectivity_formula_mass	2	FALSE	TRUE	1.19999299386109e-09	2.99998248465272e-06
ISOVALERATE	9494	HMDB	HMDB0000718_3_shen	Isovaleric acid	inchikey_connectivity_formula_mass	2	FALSE	TRUE	1.19999299386109e-09	2.99998248465272e-06
ISOVALERATE	9495	HMDB	HMDB0000718_4_shen	Isovaleric acid	inchikey_connectivity_formula_mass	2	FALSE	TRUE	1.19999299386109e-09	2.99998248465272e-06
ISOVALERATE	9496	HMDB	HMDB0000718_5_shen	Isovaleric acid	inchikey_connectivity_formula_mass	2	FALSE	TRUE	1.19999299386109e-09	2.99998248465272e-06
ISOVALERATE	9497	HMDB	HMDB0000718_6_shen	Isovaleric acid	inchikey_connectivity_formula_mass	2	FALSE	TRUE	1.19999299386109e-09	2.99998248465272e-06
ISOVALERATE	9498	HMDB	HMDB0000718_7_shen	Isovaleric acid	inchikey_connectivity_formula_mass	2	FALSE	TRUE	1.19999299386109e-09	2.99998248465272e-06
ISOVALERATE	9499	HMDB	HMDB0000718_8_shen	Isovaleric acid	inchikey_connectivity_formula_mass	2	FALSE	TRUE	1.19999299386109e-09	2.99998248465272e-06
ISOVALERATE	9500	HMDB	HMDB0000718_9_shen	Isovaleric acid	inchikey_connectivity_formula_mass	2	FALSE	TRUE	1.19999299386109e-09	2.99998248465272e-06
ISOVALERATE	9501	HMDB	HMDB0000718_10_shen	Isovaleric acid	inchikey_connectivity_formula_mass	2	FALSE	TRUE	1.19999299386109e-09	2.99998248465272e-06
ISOVALERATE	9502	HMDB	HMDB0000718_11_shen	Isovaleric acid	inchikey_connectivity_formula_mass	2	FALSE	TRUE	1.19999299386109e-09	2.99998248465272e-06
ISOVALERATE	9503	HMDB	HMDB0000718_12_shen	Isovaleric acid	inchikey_connectivity_formula_mass	2	FALSE	TRUE	1.19999299386109e-09	2.99998248465272e-06
ISOVALERATE	9504	HMDB	HMDB0000718_13_shen	Isovaleric acid	inchikey_connectivity_formula_mass	2	FALSE	TRUE	1.19999299386109e-09	2.99998248465272e-06
ISOVALERATE	9505	HMDB	HMDB0000718_14_shen	Isovaleric acid	inchikey_connectivity_formula_mass	2	FALSE	TRUE	1.19999299386109e-09	2.99998248465272e-06
HOMO-SER	9506	HMDB	HMDB0000719_1_shen	L-Homoserine	inchikey	1	TRUE	TRUE	1.39999656312284e-09	3.4999914078071e-06
HOMO-SER	9507	HMDB	HMDB0000719_2_shen	L-Homoserine	inchikey	1	TRUE	TRUE	1.39999656312284e-09	3.4999914078071e-06
HOMO-SER	9508	HMDB	HMDB0000719_3_shen	L-Homoserine	inchikey	1	TRUE	TRUE	1.39999656312284e-09	3.4999914078071e-06
HOMO-SER	9509	HMDB	HMDB0000719_4_shen	L-Homoserine	inchikey	1	TRUE	TRUE	1.39999656312284e-09	3.4999914078071e-06
HOMO-SER	9510	HMDB	HMDB0000719_5_shen	L-Homoserine	inchikey	1	TRUE	TRUE	1.39999656312284e-09	3.4999914078071e-06
HOMO-SER	9511	HMDB	HMDB0000719_6_shen	L-Homoserine	inchikey	1	TRUE	TRUE	1.39999656312284e-09	3.4999914078071e-06
HOMO-SER	9512	HMDB	HMDB0000719_7_shen	L-Homoserine	inchikey	1	TRUE	TRUE	1.39999656312284e-09	3.4999914078071e-06
HOMO-SER	9513	HMDB	HMDB0000719_8_shen	L-Homoserine	inchikey	1	TRUE	TRUE	1.39999656312284e-09	3.4999914078071e-06
HOMO-SER	9514	HMDB	HMDB0000719_9_shen	L-Homoserine	inchikey	1	TRUE	TRUE	1.39999656312284e-09	3.4999914078071e-06
HOMO-SER	9515	HMDB	HMDB0000719_10_shen	L-Homoserine	inchikey	1	TRUE	TRUE	1.39999656312284e-09	3.4999914078071e-06
HOMO-SER	9516	HMDB	HMDB0000719_11_shen	L-Homoserine	inchikey	1	TRUE	TRUE	1.39999656312284e-09	3.4999914078071e-06
HOMO-SER	9517	HMDB	HMDB0000719_12_shen	L-Homoserine	inchikey	1	TRUE	TRUE	1.39999656312284e-09	3.4999914078071e-06
HOMO-SER	9518	HMDB	HMDB0000719_13_shen	L-Homoserine	inchikey	1	TRUE	TRUE	1.39999656312284e-09	3.4999914078071e-06
HOMO-SER	9519	HMDB	HMDB0000719_14_shen	L-Homoserine	inchikey	1	TRUE	TRUE	1.39999656312284e-09	3.4999914078071e-06
HOMO-SER	9520	HMDB	HMDB0000719_15_shen	L-Homoserine	inchikey	1	TRUE	TRUE	1.39999656312284e-09	3.4999914078071e-06
HOMO-SER	9521	HMDB	HMDB0000719_16_shen	L-Homoserine	inchikey	1	TRUE	TRUE	1.39999656312284e-09	3.4999914078071e-06
HOMO-SER	9522	HMDB	HMDB0000719_17_shen	L-Homoserine	inchikey	1	TRUE	TRUE	1.39999656312284e-09	3.4999914078071e-06
HOMO-SER	9523	HMDB	HMDB0000719_18_shen	L-Homoserine	inchikey	1	TRUE	TRUE	1.39999656312284e-09	3.4999914078071e-06
HOMO-SER	9524	HMDB	HMDB0000719_19_shen	L-Homoserine	inchikey	1	TRUE	TRUE	1.39999656312284e-09	3.4999914078071e-06
HOMO-SER	9525	HMDB	HMDB0000719_20_shen	L-Homoserine	inchikey	1	TRUE	TRUE	1.39999656312284e-09	3.4999914078071e-06
HOMO-SER	9526	HMDB	HMDB0000719_21_shen	L-Homoserine	inchikey	1	TRUE	TRUE	1.39999656312284e-09	3.4999914078071e-06
HOMO-SER	9527	HMDB	HMDB0000719_22_shen	L-Homoserine	inchikey	1	TRUE	TRUE	1.39999656312284e-09	3.4999914078071e-06
HOMO-SER	9528	HMDB	HMDB0000719_23_shen	L-Homoserine	inchikey	1	TRUE	TRUE	1.39999656312284e-09	3.4999914078071e-06
HOMO-SER	9529	HMDB	HMDB0000719_24_shen	L-Homoserine	inchikey	1	TRUE	TRUE	1.39999656312284e-09	3.4999914078071e-06
HOMO-SER	9530	HMDB	HMDB0000719_25_shen	L-Homoserine	inchikey	1	TRUE	TRUE	1.39999656312284e-09	3.4999914078071e-06
HOMO-SER	9531	HMDB	HMDB0000719_26_shen	L-Homoserine	inchikey	1	TRUE	TRUE	1.39999656312284e-09	3.4999914078071e-06
HOMO-SER	9532	HMDB	HMDB0000719_27_shen	L-Homoserine	inchikey	1	TRUE	TRUE	1.39999656312284e-09	3.4999914078071e-06
HOMO-SER	9533	HMDB	HMDB0000719_28_shen	L-Homoserine	inchikey	1	TRUE	TRUE	1.39999656312284e-09	3.4999914078071e-06
HOMO-SER	9534	HMDB	HMDB0000719_29_shen	L-Homoserine	inchikey	1	TRUE	TRUE	1.39999656312284e-09	3.4999914078071e-06
HOMO-SER	9535	HMDB	HMDB0000719_30_shen	L-Homoserine	inchikey	1	TRUE	TRUE	1.39999656312284e-09	3.4999914078071e-06
HOMO-SER	9536	HMDB	HMDB0000719_31_shen	L-Homoserine	inchikey	1	TRUE	TRUE	1.39999656312284e-09	3.4999914078071e-06
HOMO-SER	9537	HMDB	HMDB0000719_32_shen	L-Homoserine	inchikey	1	TRUE	TRUE	1.39999656312284e-09	3.4999914078071e-06
HOMO-SER	9538	HMDB	HMDB0000719_33_shen	L-Homoserine	inchikey	1	TRUE	TRUE	1.39999656312284e-09	3.4999914078071e-06
HOMO-SER	9539	HMDB	HMDB0000719_34_shen	L-Homoserine	inchikey	1	TRUE	TRUE	1.39999656312284e-09	3.4999914078071e-06
HOMO-SER	9540	HMDB	HMDB0000719_35_shen	L-Homoserine	inchikey	1	TRUE	TRUE	1.39999656312284e-09	3.4999914078071e-06
HOMO-SER	9541	HMDB	HMDB0000719_36_shen	L-Homoserine	inchikey	1	TRUE	TRUE	1.39999656312284e-09	3.4999914078071e-06
HOMO-SER	9542	HMDB	HMDB0000719_37_shen	L-Homoserine	inchikey	1	TRUE	TRUE	1.39999656312284e-09	3.4999914078071e-06
HOMO-SER	9543	HMDB	HMDB0000719_38_shen	L-Homoserine	inchikey	1	TRUE	TRUE	1.39999656312284e-09	3.4999914078071e-06
HOMO-SER	9544	HMDB	HMDB0000719_39_shen	L-Homoserine	inchikey	1	TRUE	TRUE	1.39999656312284e-09	3.4999914078071e-06
HOMO-SER	9545	HMDB	HMDB0000719_40_shen	L-Homoserine	inchikey	1	TRUE	TRUE	1.39999656312284e-09	3.4999914078071e-06
HOMO-SER	9546	HMDB	HMDB0000719_41_shen	L-Homoserine	inchikey	1	TRUE	TRUE	1.39999656312284e-09	3.4999914078071e-06
HOMO-SER	9547	HMDB	HMDB0000719_42_shen	L-Homoserine	inchikey	1	TRUE	TRUE	1.39999656312284e-09	3.4999914078071e-06
HOMO-SER	9548	HMDB	HMDB0000719_43_shen	L-Homoserine	inchikey	1	TRUE	TRUE	1.39999656312284e-09	3.4999914078071e-06
HOMO-SER	9549	HMDB	HMDB0000719_44_shen	L-Homoserine	inchikey	1	TRUE	TRUE	1.39999656312284e-09	3.4999914078071e-06
HOMO-SER	9550	HMDB	HMDB0000719_45_shen	L-Homoserine	inchikey	1	TRUE	TRUE	1.39999656312284e-09	3.4999914078071e-06
HOMO-SER	9551	HMDB	HMDB0000719_46_shen	L-Homoserine	inchikey	1	TRUE	TRUE	1.39999656312284e-09	3.4999914078071e-06
HOMO-SER	9552	HMDB	HMDB0000719_47_shen	L-Homoserine	inchikey	1	TRUE	TRUE	1.39999656312284e-09	3.4999914078071e-06
HOMO-SER	9553	HMDB	HMDB0000719_48_shen	L-Homoserine	inchikey	1	TRUE	TRUE	1.39999656312284e-09	3.4999914078071e-06
HOMO-SER	9554	HMDB	HMDB0000719_49_shen	L-Homoserine	inchikey	1	TRUE	TRUE	1.39999656312284e-09	3.4999914078071e-06
HOMO-SER	9555	HMDB	HMDB0000719_50_shen	L-Homoserine	inchikey	1	TRUE	TRUE	1.39999656312284e-09	3.4999914078071e-06
HOMO-SER	9556	HMDB	HMDB0000719_51_shen	L-Homoserine	inchikey	1	TRUE	TRUE	1.39999656312284e-09	3.4999914078071e-06
HOMO-SER	9557	HMDB	HMDB0000719_52_shen	L-Homoserine	inchikey	1	TRUE	TRUE	1.39999656312284e-09	3.4999914078071e-06
HOMO-SER	9558	HMDB	HMDB0000719_53_shen	L-Homoserine	inchikey	1	TRUE	TRUE	1.39999656312284e-09	3.4999914078071e-06
HOMO-SER	9559	HMDB	HMDB0000719_54_shen	L-Homoserine	inchikey	1	TRUE	TRUE	1.39999656312284e-09	3.4999914078071e-06
4-HYDROXY-L-PROLINE	9609	HMDB	HMDB0000725_1_shen	4-Hydroxyproline	inchikey	1	TRUE	TRUE	1.39999656312284e-09	3.4999914078071e-06
4-HYDROXY-L-PROLINE	9610	HMDB	HMDB0000725_2_shen	4-Hydroxyproline	inchikey	1	TRUE	TRUE	1.39999656312284e-09	3.4999914078071e-06
4-HYDROXY-L-PROLINE	9611	HMDB	HMDB0000725_3_shen	4-Hydroxyproline	inchikey	1	TRUE	TRUE	1.39999656312284e-09	3.4999914078071e-06
4-HYDROXY-L-PROLINE	9612	HMDB	HMDB0000725_4_shen	4-Hydroxyproline	inchikey	1	TRUE	TRUE	1.39999656312284e-09	3.4999914078071e-06
4-HYDROXY-L-PROLINE	9613	HMDB	HMDB0000725_5_shen	4-Hydroxyproline	inchikey	1	TRUE	TRUE	1.39999656312284e-09	3.4999914078071e-06
4-HYDROXY-L-PROLINE	9614	HMDB	HMDB0000725_6_shen	4-Hydroxyproline	inchikey	1	TRUE	TRUE	1.39999656312284e-09	3.4999914078071e-06
4-HYDROXY-L-PROLINE	9615	HMDB	HMDB0000725_7_shen	4-Hydroxyproline	inchikey	1	TRUE	TRUE	1.39999656312284e-09	3.4999914078071e-06
4-HYDROXY-L-PROLINE	9616	HMDB	HMDB0000725_8_shen	4-Hydroxyproline	inchikey	1	TRUE	TRUE	1.39999656312284e-09	3.4999914078071e-06
4-HYDROXY-L-PROLINE	9617	HMDB	HMDB0000725_9_shen	4-Hydroxyproline	inchikey	1	TRUE	TRUE	1.39999656312284e-09	3.4999914078071e-06
4-HYDROXY-L-PROLINE	9618	HMDB	HMDB0000725_10_shen	4-Hydroxyproline	inchikey	1	TRUE	TRUE	1.39999656312284e-09	3.4999914078071e-06
4-HYDROXY-L-PROLINE	9619	HMDB	HMDB0000725_11_shen	4-Hydroxyproline	inchikey	1	TRUE	TRUE	1.39999656312284e-09	3.4999914078071e-06
4-HYDROXY-L-PROLINE	9620	HMDB	HMDB0000725_12_shen	4-Hydroxyproline	inchikey	1	TRUE	TRUE	1.39999656312284e-09	3.4999914078071e-06
4-HYDROXY-L-PROLINE	9621	HMDB	HMDB0000725_13_shen	4-Hydroxyproline	inchikey	1	TRUE	TRUE	1.39999656312284e-09	3.4999914078071e-06
4-HYDROXY-L-PROLINE	9622	HMDB	HMDB0000725_14_shen	4-Hydroxyproline	inchikey	1	TRUE	TRUE	1.39999656312284e-09	3.4999914078071e-06
4-HYDROXY-L-PROLINE	9623	HMDB	HMDB0000725_15_shen	4-Hydroxyproline	inchikey	1	TRUE	TRUE	1.39999656312284e-09	3.4999914078071e-06
4-HYDROXY-L-PROLINE	9624	HMDB	HMDB0000725_16_shen	4-Hydroxyproline	inchikey	1	TRUE	TRUE	1.39999656312284e-09	3.4999914078071e-06
4-HYDROXY-L-PROLINE	9625	HMDB	HMDB0000725_17_shen	4-Hydroxyproline	inchikey	1	TRUE	TRUE	1.39999656312284e-09	3.4999914078071e-06
4-HYDROXY-L-PROLINE	9626	HMDB	HMDB0000725_18_shen	4-Hydroxyproline	inchikey	1	TRUE	TRUE	1.39999656312284e-09	3.4999914078071e-06
4-HYDROXY-L-PROLINE	9627	HMDB	HMDB0000725_19_shen	4-Hydroxyproline	inchikey	1	TRUE	TRUE	1.39999656312284e-09	3.4999914078071e-06
4-HYDROXY-L-PROLINE	9628	HMDB	HMDB0000725_20_shen	4-Hydroxyproline	inchikey	1	TRUE	TRUE	1.39999656312284e-09	3.4999914078071e-06
4-HYDROXY-L-PROLINE	9629	HMDB	HMDB0000725_21_shen	4-Hydroxyproline	inchikey	1	TRUE	TRUE	1.39999656312284e-09	3.4999914078071e-06
4-HYDROXY-L-PROLINE	9630	HMDB	HMDB0000725_22_shen	4-Hydroxyproline	inchikey	1	TRUE	TRUE	1.39999656312284e-09	3.4999914078071e-06
4-HYDROXY-L-PROLINE	9631	HMDB	HMDB0000725_23_shen	4-Hydroxyproline	inchikey	1	TRUE	TRUE	1.39999656312284e-09	3.4999914078071e-06
4-HYDROXY-L-PROLINE	9632	HMDB	HMDB0000725_24_shen	4-Hydroxyproline	inchikey	1	TRUE	TRUE	1.39999656312284e-09	3.4999914078071e-06
4-HYDROXY-L-PROLINE	9633	HMDB	HMDB0000725_25_shen	4-Hydroxyproline	inchikey	1	TRUE	TRUE	1.39999656312284e-09	3.4999914078071e-06
4-HYDROXY-L-PROLINE	9634	HMDB	HMDB0000725_26_shen	4-Hydroxyproline	inchikey	1	TRUE	TRUE	1.39999656312284e-09	3.4999914078071e-06
4-HYDROXY-L-PROLINE	9635	HMDB	HMDB0000725_27_shen	4-Hydroxyproline	inchikey	1	TRUE	TRUE	1.39999656312284e-09	3.4999914078071e-06
4-HYDROXY-L-PROLINE	9636	HMDB	HMDB0000725_28_shen	4-Hydroxyproline	inchikey	1	TRUE	TRUE	1.39999656312284e-09	3.4999914078071e-06
4-HYDROXY-L-PROLINE	9637	HMDB	HMDB0000725_29_shen	4-Hydroxyproline	inchikey	1	TRUE	TRUE	1.39999656312284e-09	3.4999914078071e-06
4-HYDROXY-L-PROLINE	9638	HMDB	HMDB0000725_30_shen	4-Hydroxyproline	inchikey	1	TRUE	TRUE	1.39999656312284e-09	3.4999914078071e-06
4-HYDROXY-L-PROLINE	9639	HMDB	HMDB0000725_31_shen	4-Hydroxyproline	inchikey	1	TRUE	TRUE	1.39999656312284e-09	3.4999914078071e-06
4-HYDROXY-L-PROLINE	9640	HMDB	HMDB0000725_32_shen	4-Hydroxyproline	inchikey	1	TRUE	TRUE	1.39999656312284e-09	3.4999914078071e-06
4-HYDROXY-L-PROLINE	9641	HMDB	HMDB0000725_33_shen	4-Hydroxyproline	inchikey	1	TRUE	TRUE	1.39999656312284e-09	3.4999914078071e-06
4-HYDROXY-L-PROLINE	9642	HMDB	HMDB0000725_34_shen	4-Hydroxyproline	inchikey	1	TRUE	TRUE	1.39999656312284e-09	3.4999914078071e-06
4-HYDROXY-L-PROLINE	9643	HMDB	HMDB0000725_35_shen	4-Hydroxyproline	inchikey	1	TRUE	TRUE	1.39999656312284e-09	3.4999914078071e-06
3-HYDROXY-L-KYNURENINE	9707	HMDB	HMDB0000732_1_shen	Hydroxykynurenine	name_formula_mass	4	TRUE	TRUE	1.99997884919867e-09	4.99994712299667e-06
3-HYDROXY-L-KYNURENINE	9708	HMDB	HMDB0000732_2_shen	Hydroxykynurenine	name_formula_mass	4	TRUE	TRUE	1.99997884919867e-09	4.99994712299667e-06
3-HYDROXY-L-KYNURENINE	9709	HMDB	HMDB0000732_3_shen	Hydroxykynurenine	name_formula_mass	4	TRUE	TRUE	1.99997884919867e-09	4.99994712299667e-06
3-HYDROXY-L-KYNURENINE	9710	HMDB	HMDB0000732_4_shen	Hydroxykynurenine	name_formula_mass	4	TRUE	TRUE	1.99997884919867e-09	4.99994712299667e-06
3-HYDROXY-L-KYNURENINE	9711	HMDB	HMDB0000732_5_shen	Hydroxykynurenine	name_formula_mass	4	TRUE	TRUE	1.99997884919867e-09	4.99994712299667e-06
3-HYDROXY-L-KYNURENINE	9712	HMDB	HMDB0000732_6_shen	Hydroxykynurenine	name_formula_mass	4	TRUE	TRUE	1.99997884919867e-09	4.99994712299667e-06
3-HYDROXY-L-KYNURENINE	9713	HMDB	HMDB0000732_7_shen	Hydroxykynurenine	name_formula_mass	4	TRUE	TRUE	1.99997884919867e-09	4.99994712299667e-06
3-HYDROXY-L-KYNURENINE	9714	HMDB	HMDB0000732_8_shen	Hydroxykynurenine	name_formula_mass	4	TRUE	TRUE	1.99997884919867e-09	4.99994712299667e-06
3-HYDROXY-L-KYNURENINE	9715	HMDB	HMDB0000732_9_shen	Hydroxykynurenine	name_formula_mass	4	TRUE	TRUE	1.99997884919867e-09	4.99994712299667e-06
3-HYDROXY-L-KYNURENINE	9716	HMDB	HMDB0000732_10_shen	Hydroxykynurenine	name_formula_mass	4	TRUE	TRUE	1.99997884919867e-09	4.99994712299667e-06
3-HYDROXY-L-KYNURENINE	9717	HMDB	HMDB0000732_11_shen	Hydroxykynurenine	name_formula_mass	4	TRUE	TRUE	1.99997884919867e-09	4.99994712299667e-06
3-HYDROXY-L-KYNURENINE	9718	HMDB	HMDB0000732_12_shen	Hydroxykynurenine	name_formula_mass	4	TRUE	TRUE	1.99997884919867e-09	4.99994712299667e-06
3-HYDROXY-L-KYNURENINE	9719	HMDB	HMDB0000732_13_shen	Hydroxykynurenine	name_formula_mass	4	TRUE	TRUE	1.99997884919867e-09	4.99994712299667e-06
3-HYDROXY-L-KYNURENINE	9720	HMDB	HMDB0000732_14_shen	Hydroxykynurenine	name_formula_mass	4	TRUE	TRUE	1.99997884919867e-09	4.99994712299667e-06
3-HYDROXY-L-KYNURENINE	9721	HMDB	HMDB0000732_15_shen	Hydroxykynurenine	name_formula_mass	4	TRUE	TRUE	1.99997884919867e-09	4.99994712299667e-06
3-HYDROXY-L-KYNURENINE	9722	HMDB	HMDB0000732_16_shen	Hydroxykynurenine	name_formula_mass	4	TRUE	TRUE	1.99997884919867e-09	4.99994712299667e-06
3-HYDROXY-L-KYNURENINE	9723	HMDB	HMDB0000732_17_shen	Hydroxykynurenine	name_formula_mass	4	TRUE	TRUE	1.99997884919867e-09	4.99994712299667e-06
3-HYDROXY-L-KYNURENINE	9724	HMDB	HMDB0000732_18_shen	Hydroxykynurenine	name_formula_mass	4	TRUE	TRUE	1.99997884919867e-09	4.99994712299667e-06
3-HYDROXY-L-KYNURENINE	9725	HMDB	HMDB0000732_19_shen	Hydroxykynurenine	name_formula_mass	4	TRUE	TRUE	1.99997884919867e-09	4.99994712299667e-06
3-HYDROXY-L-KYNURENINE	9726	HMDB	HMDB0000732_20_shen	Hydroxykynurenine	name_formula_mass	4	TRUE	TRUE	1.99997884919867e-09	4.99994712299667e-06
3-HYDROXY-L-KYNURENINE	9727	HMDB	HMDB0000732_21_shen	Hydroxykynurenine	name_formula_mass	4	TRUE	TRUE	1.99997884919867e-09	4.99994712299667e-06
3-HYDROXY-L-KYNURENINE	9728	HMDB	HMDB0000732_22_shen	Hydroxykynurenine	name_formula_mass	4	TRUE	TRUE	1.99997884919867e-09	4.99994712299667e-06
3-HYDROXY-L-KYNURENINE	9729	HMDB	HMDB0000732_23_shen	Hydroxykynurenine	name_formula_mass	4	TRUE	TRUE	1.99997884919867e-09	4.99994712299667e-06
3-HYDROXY-L-KYNURENINE	9730	HMDB	HMDB0000732_24_shen	Hydroxykynurenine	name_formula_mass	4	TRUE	TRUE	1.99997884919867e-09	4.99994712299667e-06
3-HYDROXY-L-KYNURENINE	9731	HMDB	HMDB0000732_25_shen	Hydroxykynurenine	name_formula_mass	4	TRUE	TRUE	1.99997884919867e-09	4.99994712299667e-06
3-HYDROXY-L-KYNURENINE	9732	HMDB	HMDB0000732_26_shen	Hydroxykynurenine	name_formula_mass	4	TRUE	TRUE	1.99997884919867e-09	4.99994712299667e-06
3-HYDROXY-L-KYNURENINE	9733	HMDB	HMDB0000732_27_shen	Hydroxykynurenine	name_formula_mass	4	TRUE	TRUE	1.99997884919867e-09	4.99994712299667e-06
3-HYDROXY-L-KYNURENINE	9734	HMDB	HMDB0000732_28_shen	Hydroxykynurenine	name_formula_mass	4	TRUE	TRUE	1.99997884919867e-09	4.99994712299667e-06
3-HYDROXY-L-KYNURENINE	9735	HMDB	HMDB0000732_29_shen	Hydroxykynurenine	name_formula_mass	4	TRUE	TRUE	1.99997884919867e-09	4.99994712299667e-06
3-HYDROXY-L-KYNURENINE	9736	HMDB	HMDB0000732_30_shen	Hydroxykynurenine	name_formula_mass	4	TRUE	TRUE	1.99997884919867e-09	4.99994712299667e-06
3-HYDROXY-L-KYNURENINE	9737	HMDB	HMDB0000732_31_shen	Hydroxykynurenine	name_formula_mass	4	TRUE	TRUE	1.99997884919867e-09	4.99994712299667e-06
3-HYDROXY-L-KYNURENINE	9738	HMDB	HMDB0000732_32_shen	Hydroxykynurenine	name_formula_mass	4	TRUE	TRUE	1.99997884919867e-09	4.99994712299667e-06
3-HYDROXY-L-KYNURENINE	9739	HMDB	HMDB0000732_33_shen	Hydroxykynurenine	name_formula_mass	4	TRUE	TRUE	1.99997884919867e-09	4.99994712299667e-06
3-HYDROXY-L-KYNURENINE	9740	HMDB	HMDB0000732_34_shen	Hydroxykynurenine	name_formula_mass	4	TRUE	TRUE	1.99997884919867e-09	4.99994712299667e-06
3-HYDROXY-L-KYNURENINE	9741	HMDB	HMDB0000732_35_shen	Hydroxykynurenine	name_formula_mass	4	TRUE	TRUE	1.99997884919867e-09	4.99994712299667e-06
3-HYDROXY-L-KYNURENINE	9742	HMDB	HMDB0000732_36_shen	Hydroxykynurenine	name_formula_mass	4	TRUE	TRUE	1.99997884919867e-09	4.99994712299667e-06
3-HYDROXY-L-KYNURENINE	9743	HMDB	HMDB0000732_37_shen	Hydroxykynurenine	name_formula_mass	4	TRUE	TRUE	1.99997884919867e-09	4.99994712299667e-06
3-HYDROXY-L-KYNURENINE	9744	HMDB	HMDB0000732_38_shen	Hydroxykynurenine	name_formula_mass	4	TRUE	TRUE	1.99997884919867e-09	4.99994712299667e-06
3-HYDROXY-L-KYNURENINE	9745	HMDB	HMDB0000732_39_shen	Hydroxykynurenine	name_formula_mass	4	TRUE	TRUE	1.99997884919867e-09	4.99994712299667e-06
3-HYDROXY-L-KYNURENINE	9746	HMDB	HMDB0000732_40_shen	Hydroxykynurenine	name_formula_mass	4	TRUE	TRUE	1.99997884919867e-09	4.99994712299667e-06
3-HYDROXY-L-KYNURENINE	9747	HMDB	HMDB0000732_41_shen	Hydroxykynurenine	name_formula_mass	4	TRUE	TRUE	1.99997884919867e-09	4.99994712299667e-06
3-HYDROXY-L-KYNURENINE	9748	HMDB	HMDB0000732_42_shen	Hydroxykynurenine	name_formula_mass	4	TRUE	TRUE	1.99997884919867e-09	4.99994712299667e-06
3-HYDROXY-L-KYNURENINE	9749	HMDB	HMDB0000732_43_shen	Hydroxykynurenine	name_formula_mass	4	TRUE	TRUE	1.99997884919867e-09	4.99994712299667e-06
3-HYDROXY-L-KYNURENINE	9750	HMDB	HMDB0000732_44_shen	Hydroxykynurenine	name_formula_mass	4	TRUE	TRUE	1.99997884919867e-09	4.99994712299667e-06
3-HYDROXY-L-KYNURENINE	9751	HMDB	HMDB0000732_45_shen	Hydroxykynurenine	name_formula_mass	4	TRUE	TRUE	1.99997884919867e-09	4.99994712299667e-06
3-HYDROXY-L-KYNURENINE	9752	HMDB	HMDB0000732_46_shen	Hydroxykynurenine	name_formula_mass	4	TRUE	TRUE	1.99997884919867e-09	4.99994712299667e-06
3-HYDROXY-L-KYNURENINE	9753	HMDB	HMDB0000732_47_shen	Hydroxykynurenine	name_formula_mass	4	TRUE	TRUE	1.99997884919867e-09	4.99994712299667e-06
3-HYDROXY-L-KYNURENINE	9754	HMDB	HMDB0000732_48_shen	Hydroxykynurenine	name_formula_mass	4	TRUE	TRUE	1.99997884919867e-09	4.99994712299667e-06
3-HYDROXY-L-KYNURENINE	9755	HMDB	HMDB0000732_49_shen	Hydroxykynurenine	name_formula_mass	4	TRUE	TRUE	1.99997884919867e-09	4.99994712299667e-06
3-HYDROXY-L-KYNURENINE	9756	HMDB	HMDB0000732_50_shen	Hydroxykynurenine	name_formula_mass	4	TRUE	TRUE	1.99997884919867e-09	4.99994712299667e-06
3-HYDROXY-L-KYNURENINE	9757	HMDB	HMDB0000732_51_shen	Hydroxykynurenine	name_formula_mass	4	TRUE	TRUE	1.99997884919867e-09	4.99994712299667e-06
3-HYDROXY-L-KYNURENINE	9758	HMDB	HMDB0000732_52_shen	Hydroxykynurenine	name_formula_mass	4	TRUE	TRUE	1.99997884919867e-09	4.99994712299667e-06
3-HYDROXY-L-KYNURENINE	9759	HMDB	HMDB0000732_53_shen	Hydroxykynurenine	name_formula_mass	4	TRUE	TRUE	1.99997884919867e-09	4.99994712299667e-06
3-HYDROXY-L-KYNURENINE	9760	HMDB	HMDB0000732_54_shen	Hydroxykynurenine	name_formula_mass	4	TRUE	TRUE	1.99997884919867e-09	4.99994712299667e-06
3-HYDROXY-L-KYNURENINE	9761	HMDB	HMDB0000732_55_shen	Hydroxykynurenine	name_formula_mass	4	TRUE	TRUE	1.99997884919867e-09	4.99994712299667e-06
3-HYDROXY-L-KYNURENINE	9762	HMDB	HMDB0000732_56_shen	Hydroxykynurenine	name_formula_mass	4	TRUE	TRUE	1.99997884919867e-09	4.99994712299667e-06
3-HYDROXY-L-KYNURENINE	9763	HMDB	HMDB0000732_57_shen	Hydroxykynurenine	name_formula_mass	4	TRUE	TRUE	1.99997884919867e-09	4.99994712299667e-06
3-HYDROXY-L-KYNURENINE	9764	HMDB	HMDB0000732_58_shen	Hydroxykynurenine	name_formula_mass	4	TRUE	TRUE	1.99997884919867e-09	4.99994712299667e-06
CPD-11578	9777	HMDB	HMDB0000734_1_shen	Indoleacrylic acid	inchikey_connectivity_formula_mass	2	FALSE	TRUE	4.30000568485411e-09	1.07500142121353e-05
CPD-11578	9778	HMDB	HMDB0000734_2_shen	Indoleacrylic acid	inchikey_connectivity_formula_mass	2	FALSE	TRUE	4.30000568485411e-09	1.07500142121353e-05
CPD-11578	9779	HMDB	HMDB0000734_3_shen	Indoleacrylic acid	inchikey_connectivity_formula_mass	2	FALSE	TRUE	4.30000568485411e-09	1.07500142121353e-05
CPD-11578	9780	HMDB	HMDB0000734_4_shen	Indoleacrylic acid	inchikey_connectivity_formula_mass	2	FALSE	TRUE	4.30000568485411e-09	1.07500142121353e-05
CPD-11578	9781	HMDB	HMDB0000734_5_shen	Indoleacrylic acid	inchikey_connectivity_formula_mass	2	FALSE	TRUE	4.30000568485411e-09	1.07500142121353e-05
CPD-11578	9782	HMDB	HMDB0000734_6_shen	Indoleacrylic acid	inchikey_connectivity_formula_mass	2	FALSE	TRUE	4.30000568485411e-09	1.07500142121353e-05
CPD-11578	9783	HMDB	HMDB0000734_7_shen	Indoleacrylic acid	inchikey_connectivity_formula_mass	2	FALSE	TRUE	4.30000568485411e-09	1.07500142121353e-05
INDOLE	9790	HMDB	HMDB0000738_1_shen	Indole	inchikey	1	TRUE	TRUE	9.00001850823173e-10	2.25000462705793e-06
INDOLE	9791	HMDB	HMDB0000738_2_shen	Indole	inchikey	1	TRUE	TRUE	9.00001850823173e-10	2.25000462705793e-06
INDOLE	9792	HMDB	HMDB0000738_3_shen	Indole	inchikey	1	TRUE	TRUE	9.00001850823173e-10	2.25000462705793e-06
INDOLE	9793	HMDB	HMDB0000738_4_shen	Indole	inchikey	1	TRUE	TRUE	9.00001850823173e-10	2.25000462705793e-06
INDOLE	9794	HMDB	HMDB0000738_5_shen	Indole	inchikey	1	TRUE	TRUE	9.00001850823173e-10	2.25000462705793e-06
INDOLE	9795	HMDB	HMDB0000738_6_shen	Indole	inchikey	1	TRUE	TRUE	9.00001850823173e-10	2.25000462705793e-06
INDOLE	9796	HMDB	HMDB0000738_7_shen	Indole	inchikey	1	TRUE	TRUE	9.00001850823173e-10	2.25000462705793e-06
INDOLE	9797	HMDB	HMDB0000738_8_shen	Indole	inchikey	1	TRUE	TRUE	9.00001850823173e-10	2.25000462705793e-06
INDOLE	9798	HMDB	HMDB0000738_9_shen	Indole	inchikey	1	TRUE	TRUE	9.00001850823173e-10	2.25000462705793e-06
INDOLE	9799	HMDB	HMDB0000738_10_shen	Indole	inchikey	1	TRUE	TRUE	9.00001850823173e-10	2.25000462705793e-06
INDOLE	9800	HMDB	HMDB0000738_11_shen	Indole	inchikey	1	TRUE	TRUE	9.00001850823173e-10	2.25000462705793e-06
INDOLE	9801	HMDB	HMDB0000738_12_shen	Indole	inchikey	1	TRUE	TRUE	9.00001850823173e-10	2.25000462705793e-06
INDOLE	9802	HMDB	HMDB0000738_13_shen	Indole	inchikey	1	TRUE	TRUE	9.00001850823173e-10	2.25000462705793e-06
INDOLE	9803	HMDB	HMDB0000738_14_shen	Indole	inchikey	1	TRUE	TRUE	9.00001850823173e-10	2.25000462705793e-06
INDOLE	9804	HMDB	HMDB0000738_15_shen	Indole	inchikey	1	TRUE	TRUE	9.00001850823173e-10	2.25000462705793e-06
INDOLE	9805	HMDB	HMDB0000738_16_shen	Indole	inchikey	1	TRUE	TRUE	9.00001850823173e-10	2.25000462705793e-06
INDOLE	9806	HMDB	HMDB0000738_17_shen	Indole	inchikey	1	TRUE	TRUE	9.00001850823173e-10	2.25000462705793e-06
INDOLE	9807	HMDB	HMDB0000738_18_shen	Indole	inchikey	1	TRUE	TRUE	9.00001850823173e-10	2.25000462705793e-06
INDOLE	9808	HMDB	HMDB0000738_19_shen	Indole	inchikey	1	TRUE	TRUE	9.00001850823173e-10	2.25000462705793e-06
INDOLE	9809	HMDB	HMDB0000738_20_shen	Indole	inchikey	1	TRUE	TRUE	9.00001850823173e-10	2.25000462705793e-06
INDOLE	9810	HMDB	HMDB0000738_21_shen	Indole	inchikey	1	TRUE	TRUE	9.00001850823173e-10	2.25000462705793e-06
INDOLE	9811	HMDB	HMDB0000738_22_shen	Indole	inchikey	1	TRUE	TRUE	9.00001850823173e-10	2.25000462705793e-06
INDOLE	9812	HMDB	HMDB0000738_23_shen	Indole	inchikey	1	TRUE	TRUE	9.00001850823173e-10	2.25000462705793e-06
INDOLE	9813	HMDB	HMDB0000738_24_shen	Indole	inchikey	1	TRUE	TRUE	9.00001850823173e-10	2.25000462705793e-06
INDOLE	9814	HMDB	HMDB0000738_25_shen	Indole	inchikey	1	TRUE	TRUE	9.00001850823173e-10	2.25000462705793e-06
INDOLE	9815	HMDB	HMDB0000738_26_shen	Indole	inchikey	1	TRUE	TRUE	9.00001850823173e-10	2.25000462705793e-06
INDOLE	9816	HMDB	HMDB0000738_27_shen	Indole	inchikey	1	TRUE	TRUE	9.00001850823173e-10	2.25000462705793e-06
INDOLE	9817	HMDB	HMDB0000738_28_shen	Indole	inchikey	1	TRUE	TRUE	9.00001850823173e-10	2.25000462705793e-06
INDOLE	9818	HMDB	HMDB0000738_29_shen	Indole	inchikey	1	TRUE	TRUE	9.00001850823173e-10	2.25000462705793e-06
INDOLE	9819	HMDB	HMDB0000738_30_shen	Indole	inchikey	1	TRUE	TRUE	9.00001850823173e-10	2.25000462705793e-06
INDOLE	9820	HMDB	HMDB0000738_31_shen	Indole	inchikey	1	TRUE	TRUE	9.00001850823173e-10	2.25000462705793e-06
INDOLE	9821	HMDB	HMDB0000738_32_shen	Indole	inchikey	1	TRUE	TRUE	9.00001850823173e-10	2.25000462705793e-06
INDOLE	9822	HMDB	HMDB0000738_33_shen	Indole	inchikey	1	TRUE	TRUE	9.00001850823173e-10	2.25000462705793e-06
INDOLE	9823	HMDB	HMDB0000738_34_shen	Indole	inchikey	1	TRUE	TRUE	9.00001850823173e-10	2.25000462705793e-06
INDOLE	9824	HMDB	HMDB0000738_35_shen	Indole	inchikey	1	TRUE	TRUE	9.00001850823173e-10	2.25000462705793e-06
INDOLE	9825	HMDB	HMDB0000738_36_shen	Indole	inchikey	1	TRUE	TRUE	9.00001850823173e-10	2.25000462705793e-06
INDOLE	9826	HMDB	HMDB0000738_37_shen	Indole	inchikey	1	TRUE	TRUE	9.00001850823173e-10	2.25000462705793e-06
INDOLE	9827	HMDB	HMDB0000738_38_shen	Indole	inchikey	1	TRUE	TRUE	9.00001850823173e-10	2.25000462705793e-06
INDOLE	9828	HMDB	HMDB0000738_39_shen	Indole	inchikey	1	TRUE	TRUE	9.00001850823173e-10	2.25000462705793e-06
INDOLE	9829	HMDB	HMDB0000738_40_shen	Indole	inchikey	1	TRUE	TRUE	9.00001850823173e-10	2.25000462705793e-06
INDOLE	9830	HMDB	HMDB0000738_41_shen	Indole	inchikey	1	TRUE	TRUE	9.00001850823173e-10	2.25000462705793e-06
INDOLE	9831	HMDB	HMDB0000738_42_shen	Indole	inchikey	1	TRUE	TRUE	9.00001850823173e-10	2.25000462705793e-06
INDOLE	9832	HMDB	HMDB0000738_43_shen	Indole	inchikey	1	TRUE	TRUE	9.00001850823173e-10	2.25000462705793e-06
INDOLE	9833	HMDB	HMDB0000738_44_shen	Indole	inchikey	1	TRUE	TRUE	9.00001850823173e-10	2.25000462705793e-06
INDOLE	9834	HMDB	HMDB0000738_45_shen	Indole	inchikey	1	TRUE	TRUE	9.00001850823173e-10	2.25000462705793e-06
INDOLE	9835	HMDB	HMDB0000738_46_shen	Indole	inchikey	1	TRUE	TRUE	9.00001850823173e-10	2.25000462705793e-06
INDOLE	9836	HMDB	HMDB0000738_47_shen	Indole	inchikey	1	TRUE	TRUE	9.00001850823173e-10	2.25000462705793e-06
INDOLE	9837	HMDB	HMDB0000738_48_shen	Indole	inchikey	1	TRUE	TRUE	9.00001850823173e-10	2.25000462705793e-06
INDOLE	9838	HMDB	HMDB0000738_49_shen	Indole	inchikey	1	TRUE	TRUE	9.00001850823173e-10	2.25000462705793e-06
INDOLE	9839	HMDB	HMDB0000738_50_shen	Indole	inchikey	1	TRUE	TRUE	9.00001850823173e-10	2.25000462705793e-06
INDOLE	9840	HMDB	HMDB0000738_51_shen	Indole	inchikey	1	TRUE	TRUE	9.00001850823173e-10	2.25000462705793e-06
INDOLE	9841	HMDB	HMDB0000738_52_shen	Indole	inchikey	1	TRUE	TRUE	9.00001850823173e-10	2.25000462705793e-06
INDOLE	9842	HMDB	HMDB0000738_53_shen	Indole	inchikey	1	TRUE	TRUE	9.00001850823173e-10	2.25000462705793e-06
INDOLE	9843	HMDB	HMDB0000738_54_shen	Indole	inchikey	1	TRUE	TRUE	9.00001850823173e-10	2.25000462705793e-06
INDOLE	9844	HMDB	HMDB0000738_55_shen	Indole	inchikey	1	TRUE	TRUE	9.00001850823173e-10	2.25000462705793e-06
INDOLE	9845	HMDB	HMDB0000738_56_shen	Indole	inchikey	1	TRUE	TRUE	9.00001850823173e-10	2.25000462705793e-06
INDOLE	9846	HMDB	HMDB0000738_57_shen	Indole	inchikey	1	TRUE	TRUE	9.00001850823173e-10	2.25000462705793e-06
INDOLE	9847	HMDB	HMDB0000738_58_shen	Indole	inchikey	1	TRUE	TRUE	9.00001850823173e-10	2.25000462705793e-06
INDOLE	9848	HMDB	HMDB0000738_59_shen	Indole	inchikey	1	TRUE	TRUE	9.00001850823173e-10	2.25000462705793e-06
INDOLE	9849	HMDB	HMDB0000738_60_shen	Indole	inchikey	1	TRUE	TRUE	9.00001850823173e-10	2.25000462705793e-06
INDOLE	9850	HMDB	HMDB0000738_61_shen	Indole	inchikey	1	TRUE	TRUE	9.00001850823173e-10	2.25000462705793e-06
INDOLE	9851	HMDB	HMDB0000738_62_shen	Indole	inchikey	1	TRUE	TRUE	9.00001850823173e-10	2.25000462705793e-06
INDOLE	9852	HMDB	HMDB0000738_63_shen	Indole	inchikey	1	TRUE	TRUE	9.00001850823173e-10	2.25000462705793e-06
INDOLE	9853	HMDB	HMDB0000738_64_shen	Indole	inchikey	1	TRUE	TRUE	9.00001850823173e-10	2.25000462705793e-06
INDOLE	9854	HMDB	HMDB0000738_65_shen	Indole	inchikey	1	TRUE	TRUE	9.00001850823173e-10	2.25000462705793e-06
INDOLE	9855	HMDB	HMDB0000738_66_shen	Indole	inchikey	1	TRUE	TRUE	9.00001850823173e-10	2.25000462705793e-06
INDOLE	9856	HMDB	HMDB0000738_67_shen	Indole	inchikey	1	TRUE	TRUE	9.00001850823173e-10	2.25000462705793e-06
INDOLE	9857	HMDB	HMDB0000738_68_shen	Indole	inchikey	1	TRUE	TRUE	9.00001850823173e-10	2.25000462705793e-06
INDOLE	9858	HMDB	HMDB0000738_69_shen	Indole	inchikey	1	TRUE	TRUE	9.00001850823173e-10	2.25000462705793e-06
INDOLE	9859	HMDB	HMDB0000738_70_shen	Indole	inchikey	1	TRUE	TRUE	9.00001850823173e-10	2.25000462705793e-06
INDOLE	9860	HMDB	HMDB0000738_71_shen	Indole	inchikey	1	TRUE	TRUE	9.00001850823173e-10	2.25000462705793e-06
INDOLE	9861	HMDB	HMDB0000738_72_shen	Indole	inchikey	1	TRUE	TRUE	9.00001850823173e-10	2.25000462705793e-06
INDOLE	9862	HMDB	HMDB0000738_73_shen	Indole	inchikey	1	TRUE	TRUE	9.00001850823173e-10	2.25000462705793e-06
INDOLE	9863	HMDB	HMDB0000738_74_shen	Indole	inchikey	1	TRUE	TRUE	9.00001850823173e-10	2.25000462705793e-06
INDOLE	9864	HMDB	HMDB0000738_75_shen	Indole	inchikey	1	TRUE	TRUE	9.00001850823173e-10	2.25000462705793e-06
INDOLE	9865	HMDB	HMDB0000738_76_shen	Indole	inchikey	1	TRUE	TRUE	9.00001850823173e-10	2.25000462705793e-06
INDOLE	9866	HMDB	HMDB0000738_77_shen	Indole	inchikey	1	TRUE	TRUE	9.00001850823173e-10	2.25000462705793e-06
INDOLE	9867	HMDB	HMDB0000738_78_shen	Indole	inchikey	1	TRUE	TRUE	9.00001850823173e-10	2.25000462705793e-06
INDOLE	9868	HMDB	HMDB0000738_79_shen	Indole	inchikey	1	TRUE	TRUE	9.00001850823173e-10	2.25000462705793e-06
INDOLE	9869	HMDB	HMDB0000738_80_shen	Indole	inchikey	1	TRUE	TRUE	9.00001850823173e-10	2.25000462705793e-06
INDOLE	9870	HMDB	HMDB0000738_81_shen	Indole	inchikey	1	TRUE	TRUE	9.00001850823173e-10	2.25000462705793e-06
INDOLE	9871	HMDB	HMDB0000738_82_shen	Indole	inchikey	1	TRUE	TRUE	9.00001850823173e-10	2.25000462705793e-06
INDOLE	9872	HMDB	HMDB0000738_83_shen	Indole	inchikey	1	TRUE	TRUE	9.00001850823173e-10	2.25000462705793e-06
INDOLE	9873	HMDB	HMDB0000738_84_shen	Indole	inchikey	1	TRUE	TRUE	9.00001850823173e-10	2.25000462705793e-06
INDOLE	9874	HMDB	HMDB0000738_85_shen	Indole	inchikey	1	TRUE	TRUE	9.00001850823173e-10	2.25000462705793e-06
INDOLE	9875	HMDB	HMDB0000738_86_shen	Indole	inchikey	1	TRUE	TRUE	9.00001850823173e-10	2.25000462705793e-06
INDOLE	9876	HMDB	HMDB0000738_87_shen	Indole	inchikey	1	TRUE	TRUE	9.00001850823173e-10	2.25000462705793e-06
HOMO-CYS	9886	HMDB	HMDB0000742_1_shen	Homocysteine	inchikey	1	TRUE	TRUE	1.30000898934668e-09	3.2500224733667e-06
HOMO-CYS	9887	HMDB	HMDB0000742_2_shen	Homocysteine	inchikey	1	TRUE	TRUE	1.30000898934668e-09	3.2500224733667e-06
HOMO-CYS	9888	HMDB	HMDB0000742_3_shen	Homocysteine	inchikey	1	TRUE	TRUE	1.30000898934668e-09	3.2500224733667e-06
HOMO-CYS	9889	HMDB	HMDB0000742_4_shen	Homocysteine	inchikey	1	TRUE	TRUE	1.30000898934668e-09	3.2500224733667e-06
CPD-5921	9922	HMDB	HMDB0000748_1_shen	L-3-Phenyllactic acid	inchikey_connectivity_formula_mass	2	FALSE	TRUE	1.30000898934668e-09	3.2500224733667e-06
CPD-5921	9923	HMDB	HMDB0000748_2_shen	L-3-Phenyllactic acid	inchikey_connectivity_formula_mass	2	FALSE	TRUE	1.30000898934668e-09	3.2500224733667e-06
CPD-5921	9924	HMDB	HMDB0000748_3_shen	L-3-Phenyllactic acid	inchikey_connectivity_formula_mass	2	FALSE	TRUE	1.30000898934668e-09	3.2500224733667e-06
CPD-5921	9925	HMDB	HMDB0000748_4_shen	L-3-Phenyllactic acid	inchikey_connectivity_formula_mass	2	FALSE	TRUE	1.30000898934668e-09	3.2500224733667e-06
CPD-5921	9926	HMDB	HMDB0000748_5_shen	L-3-Phenyllactic acid	inchikey_connectivity_formula_mass	2	FALSE	TRUE	1.30000898934668e-09	3.2500224733667e-06
CPD-5921	9927	HMDB	HMDB0000748_6_shen	L-3-Phenyllactic acid	inchikey_connectivity_formula_mass	2	FALSE	TRUE	1.30000898934668e-09	3.2500224733667e-06
CPD-5921	9928	HMDB	HMDB0000748_7_shen	L-3-Phenyllactic acid	inchikey_connectivity_formula_mass	2	FALSE	TRUE	1.30000898934668e-09	3.2500224733667e-06
CPD-5921	9929	HMDB	HMDB0000748_8_shen	L-3-Phenyllactic acid	inchikey_connectivity_formula_mass	2	FALSE	TRUE	1.30000898934668e-09	3.2500224733667e-06
CPD-5921	9930	HMDB	HMDB0000748_9_shen	L-3-Phenyllactic acid	inchikey_connectivity_formula_mass	2	FALSE	TRUE	1.30000898934668e-09	3.2500224733667e-06
CPD-5921	9931	HMDB	HMDB0000748_10_shen	L-3-Phenyllactic acid	inchikey_connectivity_formula_mass	2	FALSE	TRUE	1.30000898934668e-09	3.2500224733667e-06
CPD-5921	9932	HMDB	HMDB0000748_11_shen	L-3-Phenyllactic acid	inchikey_connectivity_formula_mass	2	FALSE	TRUE	1.30000898934668e-09	3.2500224733667e-06
CPD-5921	9933	HMDB	HMDB0000748_12_shen	L-3-Phenyllactic acid	inchikey_connectivity_formula_mass	2	FALSE	TRUE	1.30000898934668e-09	3.2500224733667e-06
CPD-13223	9960	HMDB	HMDB0000753_1_shen	3-Hexanone	inchikey	1	TRUE	TRUE	1.29999477849196e-09	3.24998694622991e-06
CPD-13223	9961	HMDB	HMDB0000753_2_shen	3-Hexanone	inchikey	1	TRUE	TRUE	1.29999477849196e-09	3.24998694622991e-06
CPD-13223	9962	HMDB	HMDB0000753_3_shen	3-Hexanone	inchikey	1	TRUE	TRUE	1.29999477849196e-09	3.24998694622991e-06
CPD-13223	9963	HMDB	HMDB0000753_4_shen	3-Hexanone	inchikey	1	TRUE	TRUE	1.29999477849196e-09	3.24998694622991e-06
CPD-13223	9964	HMDB	HMDB0000753_5_shen	3-Hexanone	inchikey	1	TRUE	TRUE	1.29999477849196e-09	3.24998694622991e-06
CPD-14642	9965	HMDB	HMDB0000754_1_shen	3-Hydroxyisovaleric acid	inchikey_connectivity_formula_mass	2	FALSE	TRUE	1.30000898934668e-09	3.2500224733667e-06
CPD-14642	9966	HMDB	HMDB0000754_2_shen	3-Hydroxyisovaleric acid	inchikey_connectivity_formula_mass	2	FALSE	TRUE	1.30000898934668e-09	3.2500224733667e-06
CPD-14642	9967	HMDB	HMDB0000754_3_shen	3-Hydroxyisovaleric acid	inchikey_connectivity_formula_mass	2	FALSE	TRUE	1.30000898934668e-09	3.2500224733667e-06
CPD-14642	9968	HMDB	HMDB0000754_4_shen	3-Hydroxyisovaleric acid	inchikey_connectivity_formula_mass	2	FALSE	TRUE	1.30000898934668e-09	3.2500224733667e-06
CPD-14642	9969	HMDB	HMDB0000754_5_shen	3-Hydroxyisovaleric acid	inchikey_connectivity_formula_mass	2	FALSE	TRUE	1.30000898934668e-09	3.2500224733667e-06
CPD-14642	9970	HMDB	HMDB0000754_6_shen	3-Hydroxyisovaleric acid	inchikey_connectivity_formula_mass	2	FALSE	TRUE	1.30000898934668e-09	3.2500224733667e-06
CPD-14642	9971	HMDB	HMDB0000754_7_shen	3-Hydroxyisovaleric acid	inchikey_connectivity_formula_mass	2	FALSE	TRUE	1.30000898934668e-09	3.2500224733667e-06
4-HYDROXYPHENYLLACTATE	9972	HMDB	HMDB0000755_1_shen	Hydroxyphenyllactic acid	name_formula_mass	4	FALSE	TRUE	1.39999656312284e-09	3.4999914078071e-06
CPD-2222	9972	HMDB	HMDB0000755_1_shen	Hydroxyphenyllactic acid	name_formula_mass	4	FALSE	TRUE	1.39999656312284e-09	3.4999914078071e-06
4-HYDROXYPHENYLLACTATE	9973	HMDB	HMDB0000755_2_shen	Hydroxyphenyllactic acid	name_formula_mass	4	FALSE	TRUE	1.39999656312284e-09	3.4999914078071e-06
CPD-2222	9973	HMDB	HMDB0000755_2_shen	Hydroxyphenyllactic acid	name_formula_mass	4	FALSE	TRUE	1.39999656312284e-09	3.4999914078071e-06
4-HYDROXYPHENYLLACTATE	9974	HMDB	HMDB0000755_3_shen	Hydroxyphenyllactic acid	name_formula_mass	4	FALSE	TRUE	1.39999656312284e-09	3.4999914078071e-06
CPD-2222	9974	HMDB	HMDB0000755_3_shen	Hydroxyphenyllactic acid	name_formula_mass	4	FALSE	TRUE	1.39999656312284e-09	3.4999914078071e-06
4-HYDROXYPHENYLLACTATE	9975	HMDB	HMDB0000755_4_shen	Hydroxyphenyllactic acid	name_formula_mass	4	FALSE	TRUE	1.39999656312284e-09	3.4999914078071e-06
CPD-2222	9975	HMDB	HMDB0000755_4_shen	Hydroxyphenyllactic acid	name_formula_mass	4	FALSE	TRUE	1.39999656312284e-09	3.4999914078071e-06
4-HYDROXYPHENYLLACTATE	9976	HMDB	HMDB0000755_5_shen	Hydroxyphenyllactic acid	name_formula_mass	4	FALSE	TRUE	1.39999656312284e-09	3.4999914078071e-06
CPD-2222	9976	HMDB	HMDB0000755_5_shen	Hydroxyphenyllactic acid	name_formula_mass	4	FALSE	TRUE	1.39999656312284e-09	3.4999914078071e-06
4-HYDROXYPHENYLLACTATE	9977	HMDB	HMDB0000755_6_shen	Hydroxyphenyllactic acid	name_formula_mass	4	FALSE	TRUE	1.39999656312284e-09	3.4999914078071e-06
CPD-2222	9977	HMDB	HMDB0000755_6_shen	Hydroxyphenyllactic acid	name_formula_mass	4	FALSE	TRUE	1.39999656312284e-09	3.4999914078071e-06
4-HYDROXYPHENYLLACTATE	9978	HMDB	HMDB0000755_7_shen	Hydroxyphenyllactic acid	name_formula_mass	4	FALSE	TRUE	1.39999656312284e-09	3.4999914078071e-06
CPD-2222	9978	HMDB	HMDB0000755_7_shen	Hydroxyphenyllactic acid	name_formula_mass	4	FALSE	TRUE	1.39999656312284e-09	3.4999914078071e-06
4-HYDROXYPHENYLLACTATE	9979	HMDB	HMDB0000755_8_shen	Hydroxyphenyllactic acid	name_formula_mass	4	FALSE	TRUE	1.39999656312284e-09	3.4999914078071e-06
CPD-2222	9979	HMDB	HMDB0000755_8_shen	Hydroxyphenyllactic acid	name_formula_mass	4	FALSE	TRUE	1.39999656312284e-09	3.4999914078071e-06
4-HYDROXYPHENYLLACTATE	9980	HMDB	HMDB0000755_9_shen	Hydroxyphenyllactic acid	name_formula_mass	4	FALSE	TRUE	1.39999656312284e-09	3.4999914078071e-06
CPD-2222	9980	HMDB	HMDB0000755_9_shen	Hydroxyphenyllactic acid	name_formula_mass	4	FALSE	TRUE	1.39999656312284e-09	3.4999914078071e-06
4-HYDROXYPHENYLLACTATE	9981	HMDB	HMDB0000755_10_shen	Hydroxyphenyllactic acid	name_formula_mass	4	FALSE	TRUE	1.39999656312284e-09	3.4999914078071e-06
CPD-2222	9981	HMDB	HMDB0000755_10_shen	Hydroxyphenyllactic acid	name_formula_mass	4	FALSE	TRUE	1.39999656312284e-09	3.4999914078071e-06
4-HYDROXYPHENYLLACTATE	9982	HMDB	HMDB0000755_11_shen	Hydroxyphenyllactic acid	name_formula_mass	4	FALSE	TRUE	1.39999656312284e-09	3.4999914078071e-06
CPD-2222	9982	HMDB	HMDB0000755_11_shen	Hydroxyphenyllactic acid	name_formula_mass	4	FALSE	TRUE	1.39999656312284e-09	3.4999914078071e-06
4-HYDROXYPHENYLLACTATE	9983	HMDB	HMDB0000755_12_shen	Hydroxyphenyllactic acid	name_formula_mass	4	FALSE	TRUE	1.39999656312284e-09	3.4999914078071e-06
CPD-2222	9983	HMDB	HMDB0000755_12_shen	Hydroxyphenyllactic acid	name_formula_mass	4	FALSE	TRUE	1.39999656312284e-09	3.4999914078071e-06
4-HYDROXYPHENYLLACTATE	9984	HMDB	HMDB0000755_13_shen	Hydroxyphenyllactic acid	name_formula_mass	4	FALSE	TRUE	1.39999656312284e-09	3.4999914078071e-06
CPD-2222	9984	HMDB	HMDB0000755_13_shen	Hydroxyphenyllactic acid	name_formula_mass	4	FALSE	TRUE	1.39999656312284e-09	3.4999914078071e-06
4-HYDROXYPHENYLLACTATE	9985	HMDB	HMDB0000755_14_shen	Hydroxyphenyllactic acid	name_formula_mass	4	FALSE	TRUE	1.39999656312284e-09	3.4999914078071e-06
CPD-2222	9985	HMDB	HMDB0000755_14_shen	Hydroxyphenyllactic acid	name_formula_mass	4	FALSE	TRUE	1.39999656312284e-09	3.4999914078071e-06
4-HYDROXYPHENYLLACTATE	9986	HMDB	HMDB0000755_15_shen	Hydroxyphenyllactic acid	name_formula_mass	4	FALSE	TRUE	1.39999656312284e-09	3.4999914078071e-06
CPD-2222	9986	HMDB	HMDB0000755_15_shen	Hydroxyphenyllactic acid	name_formula_mass	4	FALSE	TRUE	1.39999656312284e-09	3.4999914078071e-06
4-HYDROXYPHENYLLACTATE	9987	HMDB	HMDB0000755_16_shen	Hydroxyphenyllactic acid	name_formula_mass	4	FALSE	TRUE	1.39999656312284e-09	3.4999914078071e-06
CPD-2222	9987	HMDB	HMDB0000755_16_shen	Hydroxyphenyllactic acid	name_formula_mass	4	FALSE	TRUE	1.39999656312284e-09	3.4999914078071e-06
4-HYDROXYPHENYLLACTATE	9988	HMDB	HMDB0000755_17_shen	Hydroxyphenyllactic acid	name_formula_mass	4	FALSE	TRUE	1.39999656312284e-09	3.4999914078071e-06
CPD-2222	9988	HMDB	HMDB0000755_17_shen	Hydroxyphenyllactic acid	name_formula_mass	4	FALSE	TRUE	1.39999656312284e-09	3.4999914078071e-06
4-HYDROXYPHENYLLACTATE	9989	HMDB	HMDB0000755_18_shen	Hydroxyphenyllactic acid	name_formula_mass	4	FALSE	TRUE	1.39999656312284e-09	3.4999914078071e-06
CPD-2222	9989	HMDB	HMDB0000755_18_shen	Hydroxyphenyllactic acid	name_formula_mass	4	FALSE	TRUE	1.39999656312284e-09	3.4999914078071e-06
4-HYDROXYPHENYLLACTATE	9990	HMDB	HMDB0000755_19_shen	Hydroxyphenyllactic acid	name_formula_mass	4	FALSE	TRUE	1.39999656312284e-09	3.4999914078071e-06
CPD-2222	9990	HMDB	HMDB0000755_19_shen	Hydroxyphenyllactic acid	name_formula_mass	4	FALSE	TRUE	1.39999656312284e-09	3.4999914078071e-06
4-HYDROXYPHENYLLACTATE	9991	HMDB	HMDB0000755_20_shen	Hydroxyphenyllactic acid	name_formula_mass	4	FALSE	TRUE	1.39999656312284e-09	3.4999914078071e-06
CPD-2222	9991	HMDB	HMDB0000755_20_shen	Hydroxyphenyllactic acid	name_formula_mass	4	FALSE	TRUE	1.39999656312284e-09	3.4999914078071e-06
4-HYDROXYPHENYLLACTATE	9992	HMDB	HMDB0000755_21_shen	Hydroxyphenyllactic acid	name_formula_mass	4	FALSE	TRUE	1.39999656312284e-09	3.4999914078071e-06
CPD-2222	9992	HMDB	HMDB0000755_21_shen	Hydroxyphenyllactic acid	name_formula_mass	4	FALSE	TRUE	1.39999656312284e-09	3.4999914078071e-06
4-HYDROXYPHENYLLACTATE	9993	HMDB	HMDB0000755_22_shen	Hydroxyphenyllactic acid	name_formula_mass	4	FALSE	TRUE	1.39999656312284e-09	3.4999914078071e-06
CPD-2222	9993	HMDB	HMDB0000755_22_shen	Hydroxyphenyllactic acid	name_formula_mass	4	FALSE	TRUE	1.39999656312284e-09	3.4999914078071e-06
4-HYDROXYPHENYLLACTATE	9994	HMDB	HMDB0000755_23_shen	Hydroxyphenyllactic acid	name_formula_mass	4	FALSE	TRUE	1.39999656312284e-09	3.4999914078071e-06
CPD-2222	9994	HMDB	HMDB0000755_23_shen	Hydroxyphenyllactic acid	name_formula_mass	4	FALSE	TRUE	1.39999656312284e-09	3.4999914078071e-06
4-HYDROXYPHENYLLACTATE	9995	HMDB	HMDB0000755_24_shen	Hydroxyphenyllactic acid	name_formula_mass	4	FALSE	TRUE	1.39999656312284e-09	3.4999914078071e-06
CPD-2222	9995	HMDB	HMDB0000755_24_shen	Hydroxyphenyllactic acid	name_formula_mass	4	FALSE	TRUE	1.39999656312284e-09	3.4999914078071e-06
4-HYDROXYPHENYLLACTATE	9996	HMDB	HMDB0000755_25_shen	Hydroxyphenyllactic acid	name_formula_mass	4	FALSE	TRUE	1.39999656312284e-09	3.4999914078071e-06
CPD-2222	9996	HMDB	HMDB0000755_25_shen	Hydroxyphenyllactic acid	name_formula_mass	4	FALSE	TRUE	1.39999656312284e-09	3.4999914078071e-06
4-HYDROXYPHENYLLACTATE	9997	HMDB	HMDB0000755_26_shen	Hydroxyphenyllactic acid	name_formula_mass	4	FALSE	TRUE	1.39999656312284e-09	3.4999914078071e-06
CPD-2222	9997	HMDB	HMDB0000755_26_shen	Hydroxyphenyllactic acid	name_formula_mass	4	FALSE	TRUE	1.39999656312284e-09	3.4999914078071e-06
4-HYDROXYPHENYLLACTATE	9998	HMDB	HMDB0000755_27_shen	Hydroxyphenyllactic acid	name_formula_mass	4	FALSE	TRUE	1.39999656312284e-09	3.4999914078071e-06
CPD-2222	9998	HMDB	HMDB0000755_27_shen	Hydroxyphenyllactic acid	name_formula_mass	4	FALSE	TRUE	1.39999656312284e-09	3.4999914078071e-06
4-HYDROXYPHENYLLACTATE	9999	HMDB	HMDB0000755_28_shen	Hydroxyphenyllactic acid	name_formula_mass	4	FALSE	TRUE	1.39999656312284e-09	3.4999914078071e-06
CPD-2222	9999	HMDB	HMDB0000755_28_shen	Hydroxyphenyllactic acid	name_formula_mass	4	FALSE	TRUE	1.39999656312284e-09	3.4999914078071e-06
4-HYDROXYPHENYLLACTATE	10000	HMDB	HMDB0000755_29_shen	Hydroxyphenyllactic acid	name_formula_mass	4	FALSE	TRUE	1.39999656312284e-09	3.4999914078071e-06
CPD-2222	10000	HMDB	HMDB0000755_29_shen	Hydroxyphenyllactic acid	name_formula_mass	4	FALSE	TRUE	1.39999656312284e-09	3.4999914078071e-06
3-PHENYLPROPIONATE	10104	HMDB	HMDB0000764_1_shen	Hydrocinnamic acid	inchikey_connectivity_formula_mass	2	FALSE	TRUE	1.20002141557052e-09	3.0000535389263e-06
3-PHENYLPROPIONATE	10105	HMDB	HMDB0000764_2_shen	Hydrocinnamic acid	inchikey_connectivity_formula_mass	2	FALSE	TRUE	1.20002141557052e-09	3.0000535389263e-06
3-PHENYLPROPIONATE	10106	HMDB	HMDB0000764_3_shen	Hydrocinnamic acid	inchikey_connectivity_formula_mass	2	FALSE	TRUE	1.20002141557052e-09	3.0000535389263e-06
3-PHENYLPROPIONATE	10107	HMDB	HMDB0000764_4_shen	Hydrocinnamic acid	inchikey_connectivity_formula_mass	2	FALSE	TRUE	1.20002141557052e-09	3.0000535389263e-06
3-PHENYLPROPIONATE	10108	HMDB	HMDB0000764_5_shen	Hydrocinnamic acid	inchikey_connectivity_formula_mass	2	FALSE	TRUE	1.20002141557052e-09	3.0000535389263e-06
3-PHENYLPROPIONATE	10109	HMDB	HMDB0000764_6_shen	Hydrocinnamic acid	inchikey_connectivity_formula_mass	2	FALSE	TRUE	1.20002141557052e-09	3.0000535389263e-06
3-PHENYLPROPIONATE	10110	HMDB	HMDB0000764_7_shen	Hydrocinnamic acid	inchikey_connectivity_formula_mass	2	FALSE	TRUE	1.20002141557052e-09	3.0000535389263e-06
3-PHENYLPROPIONATE	10111	HMDB	HMDB0000764_8_shen	Hydrocinnamic acid	inchikey_connectivity_formula_mass	2	FALSE	TRUE	1.20002141557052e-09	3.0000535389263e-06
3-PHENYLPROPIONATE	10112	HMDB	HMDB0000764_9_shen	Hydrocinnamic acid	inchikey_connectivity_formula_mass	2	FALSE	TRUE	1.20002141557052e-09	3.0000535389263e-06
3-PHENYLPROPIONATE	10113	HMDB	HMDB0000764_10_shen	Hydrocinnamic acid	inchikey_connectivity_formula_mass	2	FALSE	TRUE	1.20002141557052e-09	3.0000535389263e-06
3-PHENYLPROPIONATE	10114	HMDB	HMDB0000764_11_shen	Hydrocinnamic acid	inchikey_connectivity_formula_mass	2	FALSE	TRUE	1.20002141557052e-09	3.0000535389263e-06
3-PHENYLPROPIONATE	10115	HMDB	HMDB0000764_12_shen	Hydrocinnamic acid	inchikey_connectivity_formula_mass	2	FALSE	TRUE	1.20002141557052e-09	3.0000535389263e-06
3-PHENYLPROPIONATE	10116	HMDB	HMDB0000764_13_shen	Hydrocinnamic acid	inchikey_connectivity_formula_mass	2	FALSE	TRUE	1.20002141557052e-09	3.0000535389263e-06
3-PHENYLPROPIONATE	10117	HMDB	HMDB0000764_14_shen	Hydrocinnamic acid	inchikey_connectivity_formula_mass	2	FALSE	TRUE	1.20002141557052e-09	3.0000535389263e-06
3-PHENYLPROPIONATE	10118	HMDB	HMDB0000764_15_shen	Hydrocinnamic acid	inchikey_connectivity_formula_mass	2	FALSE	TRUE	1.20002141557052e-09	3.0000535389263e-06
3-PHENYLPROPIONATE	10119	HMDB	HMDB0000764_16_shen	Hydrocinnamic acid	inchikey_connectivity_formula_mass	2	FALSE	TRUE	1.20002141557052e-09	3.0000535389263e-06
3-PHENYLPROPIONATE	10120	HMDB	HMDB0000764_17_shen	Hydrocinnamic acid	inchikey_connectivity_formula_mass	2	FALSE	TRUE	1.20002141557052e-09	3.0000535389263e-06
3-PHENYLPROPIONATE	10121	HMDB	HMDB0000764_18_shen	Hydrocinnamic acid	inchikey_connectivity_formula_mass	2	FALSE	TRUE	1.20002141557052e-09	3.0000535389263e-06
3-PHENYLPROPIONATE	10122	HMDB	HMDB0000764_19_shen	Hydrocinnamic acid	inchikey_connectivity_formula_mass	2	FALSE	TRUE	1.20002141557052e-09	3.0000535389263e-06
MANNITOL	10123	HMDB	HMDB0000765_1_shen	Mannitol	inchikey	1	TRUE	TRUE	2.0000072709081e-09	5.00001817727025e-06
MANNITOL	10124	HMDB	HMDB0000765_2_shen	Mannitol	inchikey	1	TRUE	TRUE	2.0000072709081e-09	5.00001817727025e-06
MANNITOL	10125	HMDB	HMDB0000765_3_shen	Mannitol	inchikey	1	TRUE	TRUE	2.0000072709081e-09	5.00001817727025e-06
MANNITOL	10126	HMDB	HMDB0000765_4_shen	Mannitol	inchikey	1	TRUE	TRUE	2.0000072709081e-09	5.00001817727025e-06
MANNITOL	10127	HMDB	HMDB0000765_5_shen	Mannitol	inchikey	1	TRUE	TRUE	2.0000072709081e-09	5.00001817727025e-06
MANNITOL	10128	HMDB	HMDB0000765_6_shen	Mannitol	inchikey	1	TRUE	TRUE	2.0000072709081e-09	5.00001817727025e-06
MANNITOL	10129	HMDB	HMDB0000765_7_shen	Mannitol	inchikey	1	TRUE	TRUE	2.0000072709081e-09	5.00001817727025e-06
MANNITOL	10130	HMDB	HMDB0000765_8_shen	Mannitol	inchikey	1	TRUE	TRUE	2.0000072709081e-09	5.00001817727025e-06
MANNITOL	10131	HMDB	HMDB0000765_9_shen	Mannitol	inchikey	1	TRUE	TRUE	2.0000072709081e-09	5.00001817727025e-06
MANNITOL	10132	HMDB	HMDB0000765_10_shen	Mannitol	inchikey	1	TRUE	TRUE	2.0000072709081e-09	5.00001817727025e-06
MANNITOL	10133	HMDB	HMDB0000765_11_shen	Mannitol	inchikey	1	TRUE	TRUE	2.0000072709081e-09	5.00001817727025e-06
MANNITOL	10134	HMDB	HMDB0000765_12_shen	Mannitol	inchikey	1	TRUE	TRUE	2.0000072709081e-09	5.00001817727025e-06
MANNITOL	10135	HMDB	HMDB0000765_13_shen	Mannitol	inchikey	1	TRUE	TRUE	2.0000072709081e-09	5.00001817727025e-06
MANNITOL	10136	HMDB	HMDB0000765_14_shen	Mannitol	inchikey	1	TRUE	TRUE	2.0000072709081e-09	5.00001817727025e-06
MANNITOL	10137	HMDB	HMDB0000765_15_shen	Mannitol	inchikey	1	TRUE	TRUE	2.0000072709081e-09	5.00001817727025e-06
MANNITOL	10138	HMDB	HMDB0000765_16_shen	Mannitol	inchikey	1	TRUE	TRUE	2.0000072709081e-09	5.00001817727025e-06
MANNITOL	10139	HMDB	HMDB0000765_17_shen	Mannitol	inchikey	1	TRUE	TRUE	2.0000072709081e-09	5.00001817727025e-06
MANNITOL	10140	HMDB	HMDB0000765_18_shen	Mannitol	inchikey	1	TRUE	TRUE	2.0000072709081e-09	5.00001817727025e-06
MANNITOL	10141	HMDB	HMDB0000765_19_shen	Mannitol	inchikey	1	TRUE	TRUE	2.0000072709081e-09	5.00001817727025e-06
MANNITOL	10142	HMDB	HMDB0000765_20_shen	Mannitol	inchikey	1	TRUE	TRUE	2.0000072709081e-09	5.00001817727025e-06
MANNITOL	10143	HMDB	HMDB0000765_21_shen	Mannitol	inchikey	1	TRUE	TRUE	2.0000072709081e-09	5.00001817727025e-06
MANNITOL	10144	HMDB	HMDB0000765_22_shen	Mannitol	inchikey	1	TRUE	TRUE	2.0000072709081e-09	5.00001817727025e-06
MANNITOL	10145	HMDB	HMDB0000765_23_shen	Mannitol	inchikey	1	TRUE	TRUE	2.0000072709081e-09	5.00001817727025e-06
MANNITOL	10146	HMDB	HMDB0000765_24_shen	Mannitol	inchikey	1	TRUE	TRUE	2.0000072709081e-09	5.00001817727025e-06
CPD-7999	10187	HMDB	HMDB0000779_1_shen	Phenyllactic acid	inchikey_connectivity_formula_mass	2	FALSE	TRUE	1.30000898934668e-09	3.2500224733667e-06
CPD-7999	10188	HMDB	HMDB0000779_2_shen	Phenyllactic acid	inchikey_connectivity_formula_mass	2	FALSE	TRUE	1.30000898934668e-09	3.2500224733667e-06
CPD-7999	10189	HMDB	HMDB0000779_3_shen	Phenyllactic acid	inchikey_connectivity_formula_mass	2	FALSE	TRUE	1.30000898934668e-09	3.2500224733667e-06
CPD-7999	10190	HMDB	HMDB0000779_4_shen	Phenyllactic acid	inchikey_connectivity_formula_mass	2	FALSE	TRUE	1.30000898934668e-09	3.2500224733667e-06
CPD-7999	10191	HMDB	HMDB0000779_5_shen	Phenyllactic acid	inchikey_connectivity_formula_mass	2	FALSE	TRUE	1.30000898934668e-09	3.2500224733667e-06
CPD-7999	10192	HMDB	HMDB0000779_6_shen	Phenyllactic acid	inchikey_connectivity_formula_mass	2	FALSE	TRUE	1.30000898934668e-09	3.2500224733667e-06
CPD-7999	10193	HMDB	HMDB0000779_7_shen	Phenyllactic acid	inchikey_connectivity_formula_mass	2	FALSE	TRUE	1.30000898934668e-09	3.2500224733667e-06
CPD-7999	10194	HMDB	HMDB0000779_8_shen	Phenyllactic acid	inchikey_connectivity_formula_mass	2	FALSE	TRUE	1.30000898934668e-09	3.2500224733667e-06
CPD-7999	10195	HMDB	HMDB0000779_9_shen	Phenyllactic acid	inchikey_connectivity_formula_mass	2	FALSE	TRUE	1.30000898934668e-09	3.2500224733667e-06
CPD-7999	10196	HMDB	HMDB0000779_10_shen	Phenyllactic acid	inchikey_connectivity_formula_mass	2	FALSE	TRUE	1.30000898934668e-09	3.2500224733667e-06
CPD-7999	10197	HMDB	HMDB0000779_11_shen	Phenyllactic acid	inchikey_connectivity_formula_mass	2	FALSE	TRUE	1.30000898934668e-09	3.2500224733667e-06
CPD-7999	10198	HMDB	HMDB0000779_12_shen	Phenyllactic acid	inchikey_connectivity_formula_mass	2	FALSE	TRUE	1.30000898934668e-09	3.2500224733667e-06
CPD-7999	10199	HMDB	HMDB0000779_13_shen	Phenyllactic acid	inchikey_connectivity_formula_mass	2	FALSE	TRUE	1.30000898934668e-09	3.2500224733667e-06
CPD-7999	10200	HMDB	HMDB0000779_14_shen	Phenyllactic acid	inchikey_connectivity_formula_mass	2	FALSE	TRUE	1.30000898934668e-09	3.2500224733667e-06
CPD0-1265	10218	HMDB	HMDB0000784_1_shen	Azelaic acid	inchikey_connectivity_formula_mass	2	FALSE	TRUE	2.0000072709081e-09	5.00001817727025e-06
CPD0-1265	10219	HMDB	HMDB0000784_2_shen	Azelaic acid	inchikey_connectivity_formula_mass	2	FALSE	TRUE	2.0000072709081e-09	5.00001817727025e-06
CPD0-1265	10220	HMDB	HMDB0000784_3_shen	Azelaic acid	inchikey_connectivity_formula_mass	2	FALSE	TRUE	2.0000072709081e-09	5.00001817727025e-06
CPD0-1265	10221	HMDB	HMDB0000784_4_shen	Azelaic acid	inchikey_connectivity_formula_mass	2	FALSE	TRUE	2.0000072709081e-09	5.00001817727025e-06
CPD0-1265	10222	HMDB	HMDB0000784_5_shen	Azelaic acid	inchikey_connectivity_formula_mass	2	FALSE	TRUE	2.0000072709081e-09	5.00001817727025e-06
CPD0-1265	10223	HMDB	HMDB0000784_6_shen	Azelaic acid	inchikey_connectivity_formula_mass	2	FALSE	TRUE	2.0000072709081e-09	5.00001817727025e-06
CPD0-1265	10224	HMDB	HMDB0000784_7_shen	Azelaic acid	inchikey_connectivity_formula_mass	2	FALSE	TRUE	2.0000072709081e-09	5.00001817727025e-06
CPD0-1265	10225	HMDB	HMDB0000784_8_shen	Azelaic acid	inchikey_connectivity_formula_mass	2	FALSE	TRUE	2.0000072709081e-09	5.00001817727025e-06
CPD0-1265	10226	HMDB	HMDB0000784_9_shen	Azelaic acid	inchikey_connectivity_formula_mass	2	FALSE	TRUE	2.0000072709081e-09	5.00001817727025e-06
CPD0-1265	10227	HMDB	HMDB0000784_10_shen	Azelaic acid	inchikey_connectivity_formula_mass	2	FALSE	TRUE	2.0000072709081e-09	5.00001817727025e-06
CPD0-1265	10228	HMDB	HMDB0000784_11_shen	Azelaic acid	inchikey_connectivity_formula_mass	2	FALSE	TRUE	2.0000072709081e-09	5.00001817727025e-06
CPD0-1265	10229	HMDB	HMDB0000784_12_shen	Azelaic acid	inchikey_connectivity_formula_mass	2	FALSE	TRUE	2.0000072709081e-09	5.00001817727025e-06
CPD0-1265	10230	HMDB	HMDB0000784_13_shen	Azelaic acid	inchikey_connectivity_formula_mass	2	FALSE	TRUE	2.0000072709081e-09	5.00001817727025e-06
CPD0-1265	10231	HMDB	HMDB0000784_14_shen	Azelaic acid	inchikey_connectivity_formula_mass	2	FALSE	TRUE	2.0000072709081e-09	5.00001817727025e-06
CPD0-1265	10232	HMDB	HMDB0000784_15_shen	Azelaic acid	inchikey_connectivity_formula_mass	2	FALSE	TRUE	2.0000072709081e-09	5.00001817727025e-06
CPD0-1265	10233	HMDB	HMDB0000784_16_shen	Azelaic acid	inchikey_connectivity_formula_mass	2	FALSE	TRUE	2.0000072709081e-09	5.00001817727025e-06
CPD0-1265	10234	HMDB	HMDB0000784_17_shen	Azelaic acid	inchikey_connectivity_formula_mass	2	FALSE	TRUE	2.0000072709081e-09	5.00001817727025e-06
CPD0-1265	10235	HMDB	HMDB0000784_18_shen	Azelaic acid	inchikey_connectivity_formula_mass	2	FALSE	TRUE	2.0000072709081e-09	5.00001817727025e-06
CPD0-1265	10236	HMDB	HMDB0000784_19_shen	Azelaic acid	inchikey_connectivity_formula_mass	2	FALSE	TRUE	2.0000072709081e-09	5.00001817727025e-06
CPD0-1265	10237	HMDB	HMDB0000784_20_shen	Azelaic acid	inchikey_connectivity_formula_mass	2	FALSE	TRUE	2.0000072709081e-09	5.00001817727025e-06
CPD0-1265	10238	HMDB	HMDB0000784_21_shen	Azelaic acid	inchikey_connectivity_formula_mass	2	FALSE	TRUE	2.0000072709081e-09	5.00001817727025e-06
CPD0-1265	10239	HMDB	HMDB0000784_22_shen	Azelaic acid	inchikey_connectivity_formula_mass	2	FALSE	TRUE	2.0000072709081e-09	5.00001817727025e-06
CPD0-1265	10240	HMDB	HMDB0000784_23_shen	Azelaic acid	inchikey_connectivity_formula_mass	2	FALSE	TRUE	2.0000072709081e-09	5.00001817727025e-06
CPD0-1265	10241	HMDB	HMDB0000784_24_shen	Azelaic acid	inchikey_connectivity_formula_mass	2	FALSE	TRUE	2.0000072709081e-09	5.00001817727025e-06
CPD0-1265	10242	HMDB	HMDB0000784_25_shen	Azelaic acid	inchikey_connectivity_formula_mass	2	FALSE	TRUE	2.0000072709081e-09	5.00001817727025e-06
CPD0-1265	10243	HMDB	HMDB0000784_26_shen	Azelaic acid	inchikey_connectivity_formula_mass	2	FALSE	TRUE	2.0000072709081e-09	5.00001817727025e-06
CPD0-1265	10244	HMDB	HMDB0000784_27_shen	Azelaic acid	inchikey_connectivity_formula_mass	2	FALSE	TRUE	2.0000072709081e-09	5.00001817727025e-06
CPD0-1265	10245	HMDB	HMDB0000784_28_shen	Azelaic acid	inchikey_connectivity_formula_mass	2	FALSE	TRUE	2.0000072709081e-09	5.00001817727025e-06
CPD0-1265	10246	HMDB	HMDB0000784_29_shen	Azelaic acid	inchikey_connectivity_formula_mass	2	FALSE	TRUE	2.0000072709081e-09	5.00001817727025e-06
CPD0-1265	10247	HMDB	HMDB0000784_30_shen	Azelaic acid	inchikey_connectivity_formula_mass	2	FALSE	TRUE	2.0000072709081e-09	5.00001817727025e-06
CPD0-1265	10248	HMDB	HMDB0000784_31_shen	Azelaic acid	inchikey_connectivity_formula_mass	2	FALSE	TRUE	2.0000072709081e-09	5.00001817727025e-06
CPD0-1265	10249	HMDB	HMDB0000784_32_shen	Azelaic acid	inchikey_connectivity_formula_mass	2	FALSE	TRUE	2.0000072709081e-09	5.00001817727025e-06
CPD0-1265	10250	HMDB	HMDB0000784_33_shen	Azelaic acid	inchikey_connectivity_formula_mass	2	FALSE	TRUE	2.0000072709081e-09	5.00001817727025e-06
CPD0-1265	10251	HMDB	HMDB0000784_34_shen	Azelaic acid	inchikey_connectivity_formula_mass	2	FALSE	TRUE	2.0000072709081e-09	5.00001817727025e-06
CPD0-1265	10252	HMDB	HMDB0000784_35_shen	Azelaic acid	inchikey_connectivity_formula_mass	2	FALSE	TRUE	2.0000072709081e-09	5.00001817727025e-06
CPD0-1265	10253	HMDB	HMDB0000784_36_shen	Azelaic acid	inchikey_connectivity_formula_mass	2	FALSE	TRUE	2.0000072709081e-09	5.00001817727025e-06
PHYTANATE	10324	HMDB	HMDB0000801_1_shen	Phytanic acid	inchikey_connectivity_formula_mass	2	FALSE	TRUE	4.19998968936852e-09	1.04999742234213e-05
PHYTANATE	10325	HMDB	HMDB0000801_2_shen	Phytanic acid	inchikey_connectivity_formula_mass	2	FALSE	TRUE	4.19998968936852e-09	1.04999742234213e-05
PHYTANATE	10326	HMDB	HMDB0000801_3_shen	Phytanic acid	inchikey_connectivity_formula_mass	2	FALSE	TRUE	4.19998968936852e-09	1.04999742234213e-05
N-acetyl-D-glucosamine	10339	HMDB	HMDB0000803_1_shen	beta-N-Acetylglucosamine	name_formula_mass	4	TRUE	TRUE	2.29999841394601e-09	5.74999603486503e-06
N-acetyl-D-glucosamine	10340	HMDB	HMDB0000803_2_shen	beta-N-Acetylglucosamine	name_formula_mass	4	TRUE	TRUE	2.29999841394601e-09	5.74999603486503e-06
N-acetyl-D-glucosamine	10341	HMDB	HMDB0000803_3_shen	beta-N-Acetylglucosamine	name_formula_mass	4	TRUE	TRUE	2.29999841394601e-09	5.74999603486503e-06
CPD-7836	10342	HMDB	HMDB0000806_1_shen	Myristic acid	inchikey_connectivity_formula_mass	2	FALSE	TRUE	2.99999669550743e-09	7.49999173876859e-06
CPD-7836	10343	HMDB	HMDB0000806_2_shen	Myristic acid	inchikey_connectivity_formula_mass	2	FALSE	TRUE	2.99999669550743e-09	7.49999173876859e-06
CPD-7836	10344	HMDB	HMDB0000806_3_shen	Myristic acid	inchikey_connectivity_formula_mass	2	FALSE	TRUE	2.99999669550743e-09	7.49999173876859e-06
CPD-7836	10345	HMDB	HMDB0000806_4_shen	Myristic acid	inchikey_connectivity_formula_mass	2	FALSE	TRUE	2.99999669550743e-09	7.49999173876859e-06
CPD-7836	10346	HMDB	HMDB0000806_5_shen	Myristic acid	inchikey_connectivity_formula_mass	2	FALSE	TRUE	2.99999669550743e-09	7.49999173876859e-06
CPD-7836	10347	HMDB	HMDB0000806_6_shen	Myristic acid	inchikey_connectivity_formula_mass	2	FALSE	TRUE	2.99999669550743e-09	7.49999173876859e-06
CPD-7836	10348	HMDB	HMDB0000806_7_shen	Myristic acid	inchikey_connectivity_formula_mass	2	FALSE	TRUE	2.99999669550743e-09	7.49999173876859e-06
CPD-7836	10349	HMDB	HMDB0000806_8_shen	Myristic acid	inchikey_connectivity_formula_mass	2	FALSE	TRUE	2.99999669550743e-09	7.49999173876859e-06
CPD-7836	10350	HMDB	HMDB0000806_9_shen	Myristic acid	inchikey_connectivity_formula_mass	2	FALSE	TRUE	2.99999669550743e-09	7.49999173876859e-06
CPD-7836	10351	HMDB	HMDB0000806_10_shen	Myristic acid	inchikey_connectivity_formula_mass	2	FALSE	TRUE	2.99999669550743e-09	7.49999173876859e-06
CPD-7836	10352	HMDB	HMDB0000806_11_shen	Myristic acid	inchikey_connectivity_formula_mass	2	FALSE	TRUE	2.99999669550743e-09	7.49999173876859e-06
CPD-7836	10353	HMDB	HMDB0000806_12_shen	Myristic acid	inchikey_connectivity_formula_mass	2	FALSE	TRUE	2.99999669550743e-09	7.49999173876859e-06
CPD-7836	10354	HMDB	HMDB0000806_13_shen	Myristic acid	inchikey_connectivity_formula_mass	2	FALSE	TRUE	2.99999669550743e-09	7.49999173876859e-06
CPD-7836	10355	HMDB	HMDB0000806_14_shen	Myristic acid	inchikey_connectivity_formula_mass	2	FALSE	TRUE	2.99999669550743e-09	7.49999173876859e-06
CPD-7836	10356	HMDB	HMDB0000806_15_shen	Myristic acid	inchikey_connectivity_formula_mass	2	FALSE	TRUE	2.99999669550743e-09	7.49999173876859e-06
CPD-7836	10357	HMDB	HMDB0000806_16_shen	Myristic acid	inchikey_connectivity_formula_mass	2	FALSE	TRUE	2.99999669550743e-09	7.49999173876859e-06
CPD-7836	10358	HMDB	HMDB0000806_17_shen	Myristic acid	inchikey_connectivity_formula_mass	2	FALSE	TRUE	2.99999669550743e-09	7.49999173876859e-06
CPD-7836	10359	HMDB	HMDB0000806_18_shen	Myristic acid	inchikey_connectivity_formula_mass	2	FALSE	TRUE	2.99999669550743e-09	7.49999173876859e-06
CPD-7836	10360	HMDB	HMDB0000806_19_shen	Myristic acid	inchikey_connectivity_formula_mass	2	FALSE	TRUE	2.99999669550743e-09	7.49999173876859e-06
CPD-7836	10361	HMDB	HMDB0000806_20_shen	Myristic acid	inchikey_connectivity_formula_mass	2	FALSE	TRUE	2.99999669550743e-09	7.49999173876859e-06
CPD-7836	10362	HMDB	HMDB0000806_21_shen	Myristic acid	inchikey_connectivity_formula_mass	2	FALSE	TRUE	2.99999669550743e-09	7.49999173876859e-06
CPD-7836	10363	HMDB	HMDB0000806_22_shen	Myristic acid	inchikey_connectivity_formula_mass	2	FALSE	TRUE	2.99999669550743e-09	7.49999173876859e-06
CPD-7836	10364	HMDB	HMDB0000806_23_shen	Myristic acid	inchikey_connectivity_formula_mass	2	FALSE	TRUE	2.99999669550743e-09	7.49999173876859e-06
CPD-7836	10365	HMDB	HMDB0000806_24_shen	Myristic acid	inchikey_connectivity_formula_mass	2	FALSE	TRUE	2.99999669550743e-09	7.49999173876859e-06
CPD-7836	10366	HMDB	HMDB0000806_25_shen	Myristic acid	inchikey_connectivity_formula_mass	2	FALSE	TRUE	2.99999669550743e-09	7.49999173876859e-06
CPD-7836	10367	HMDB	HMDB0000806_26_shen	Myristic acid	inchikey_connectivity_formula_mass	2	FALSE	TRUE	2.99999669550743e-09	7.49999173876859e-06
CPD-7836	10368	HMDB	HMDB0000806_27_shen	Myristic acid	inchikey_connectivity_formula_mass	2	FALSE	TRUE	2.99999669550743e-09	7.49999173876859e-06
CPD-7836	10369	HMDB	HMDB0000806_28_shen	Myristic acid	inchikey_connectivity_formula_mass	2	FALSE	TRUE	2.99999669550743e-09	7.49999173876859e-06
CPD-7836	10370	HMDB	HMDB0000806_29_shen	Myristic acid	inchikey_connectivity_formula_mass	2	FALSE	TRUE	2.99999669550743e-09	7.49999173876859e-06
CPD-7836	10371	HMDB	HMDB0000806_30_shen	Myristic acid	inchikey_connectivity_formula_mass	2	FALSE	TRUE	2.99999669550743e-09	7.49999173876859e-06
CPD-7836	10372	HMDB	HMDB0000806_31_shen	Myristic acid	inchikey_connectivity_formula_mass	2	FALSE	TRUE	2.99999669550743e-09	7.49999173876859e-06
CPD-7836	10373	HMDB	HMDB0000806_32_shen	Myristic acid	inchikey_connectivity_formula_mass	2	FALSE	TRUE	2.99999669550743e-09	7.49999173876859e-06
4-HYDROXYMANDELATE	10490	HMDB	HMDB0000822_1_shen	p-Hydroxymandelic acid	inchikey_connectivity_formula_mass	2	FALSE	TRUE	1.19999299386109e-09	2.99998248465272e-06
4-HYDROXYMANDELATE	10491	HMDB	HMDB0000822_2_shen	p-Hydroxymandelic acid	inchikey_connectivity_formula_mass	2	FALSE	TRUE	1.19999299386109e-09	2.99998248465272e-06
4-HYDROXYMANDELATE	10492	HMDB	HMDB0000822_3_shen	p-Hydroxymandelic acid	inchikey_connectivity_formula_mass	2	FALSE	TRUE	1.19999299386109e-09	2.99998248465272e-06
4-HYDROXYMANDELATE	10493	HMDB	HMDB0000822_4_shen	p-Hydroxymandelic acid	inchikey_connectivity_formula_mass	2	FALSE	TRUE	1.19999299386109e-09	2.99998248465272e-06
4-HYDROXYMANDELATE	10494	HMDB	HMDB0000822_5_shen	p-Hydroxymandelic acid	inchikey_connectivity_formula_mass	2	FALSE	TRUE	1.19999299386109e-09	2.99998248465272e-06
4-HYDROXYMANDELATE	10495	HMDB	HMDB0000822_6_shen	p-Hydroxymandelic acid	inchikey_connectivity_formula_mass	2	FALSE	TRUE	1.19999299386109e-09	2.99998248465272e-06
4-HYDROXYMANDELATE	10496	HMDB	HMDB0000822_7_shen	p-Hydroxymandelic acid	inchikey_connectivity_formula_mass	2	FALSE	TRUE	1.19999299386109e-09	2.99998248465272e-06
STEARIC_ACID	10527	HMDB	HMDB0000827_1_shen	Stearic acid	inchikey_connectivity_formula_mass	2	FALSE	TRUE	3.79998255084502e-09	9.49995637711254e-06
STEARIC_ACID	10528	HMDB	HMDB0000827_2_shen	Stearic acid	inchikey_connectivity_formula_mass	2	FALSE	TRUE	3.79998255084502e-09	9.49995637711254e-06
STEARIC_ACID	10529	HMDB	HMDB0000827_3_shen	Stearic acid	inchikey_connectivity_formula_mass	2	FALSE	TRUE	3.79998255084502e-09	9.49995637711254e-06
STEARIC_ACID	10530	HMDB	HMDB0000827_4_shen	Stearic acid	inchikey_connectivity_formula_mass	2	FALSE	TRUE	3.79998255084502e-09	9.49995637711254e-06
STEARIC_ACID	10531	HMDB	HMDB0000827_5_shen	Stearic acid	inchikey_connectivity_formula_mass	2	FALSE	TRUE	3.79998255084502e-09	9.49995637711254e-06
STEARIC_ACID	10532	HMDB	HMDB0000827_6_shen	Stearic acid	inchikey_connectivity_formula_mass	2	FALSE	TRUE	3.79998255084502e-09	9.49995637711254e-06
STEARIC_ACID	10533	HMDB	HMDB0000827_7_shen	Stearic acid	inchikey_connectivity_formula_mass	2	FALSE	TRUE	3.79998255084502e-09	9.49995637711254e-06
STEARIC_ACID	10534	HMDB	HMDB0000827_8_shen	Stearic acid	inchikey_connectivity_formula_mass	2	FALSE	TRUE	3.79998255084502e-09	9.49995637711254e-06
STEARIC_ACID	10535	HMDB	HMDB0000827_9_shen	Stearic acid	inchikey_connectivity_formula_mass	2	FALSE	TRUE	3.79998255084502e-09	9.49995637711254e-06
STEARIC_ACID	10536	HMDB	HMDB0000827_10_shen	Stearic acid	inchikey_connectivity_formula_mass	2	FALSE	TRUE	3.79998255084502e-09	9.49995637711254e-06
STEARIC_ACID	10537	HMDB	HMDB0000827_11_shen	Stearic acid	inchikey_connectivity_formula_mass	2	FALSE	TRUE	3.79998255084502e-09	9.49995637711254e-06
STEARIC_ACID	10538	HMDB	HMDB0000827_12_shen	Stearic acid	inchikey_connectivity_formula_mass	2	FALSE	TRUE	3.79998255084502e-09	9.49995637711254e-06
STEARIC_ACID	10539	HMDB	HMDB0000827_13_shen	Stearic acid	inchikey_connectivity_formula_mass	2	FALSE	TRUE	3.79998255084502e-09	9.49995637711254e-06
STEARIC_ACID	10540	HMDB	HMDB0000827_14_shen	Stearic acid	inchikey_connectivity_formula_mass	2	FALSE	TRUE	3.79998255084502e-09	9.49995637711254e-06
STEARIC_ACID	10541	HMDB	HMDB0000827_15_shen	Stearic acid	inchikey_connectivity_formula_mass	2	FALSE	TRUE	3.79998255084502e-09	9.49995637711254e-06
STEARIC_ACID	10542	HMDB	HMDB0000827_16_shen	Stearic acid	inchikey_connectivity_formula_mass	2	FALSE	TRUE	3.79998255084502e-09	9.49995637711254e-06
STEARIC_ACID	10543	HMDB	HMDB0000827_17_shen	Stearic acid	inchikey_connectivity_formula_mass	2	FALSE	TRUE	3.79998255084502e-09	9.49995637711254e-06
STEARIC_ACID	10544	HMDB	HMDB0000827_18_shen	Stearic acid	inchikey_connectivity_formula_mass	2	FALSE	TRUE	3.79998255084502e-09	9.49995637711254e-06
STEARIC_ACID	10545	HMDB	HMDB0000827_19_shen	Stearic acid	inchikey_connectivity_formula_mass	2	FALSE	TRUE	3.79998255084502e-09	9.49995637711254e-06
STEARIC_ACID	10546	HMDB	HMDB0000827_20_shen	Stearic acid	inchikey_connectivity_formula_mass	2	FALSE	TRUE	3.79998255084502e-09	9.49995637711254e-06
STEARIC_ACID	10547	HMDB	HMDB0000827_21_shen	Stearic acid	inchikey_connectivity_formula_mass	2	FALSE	TRUE	3.79998255084502e-09	9.49995637711254e-06
CARBAMYUL-L-ASPARTATE	10548	HMDB	HMDB0000828_1_shen	Ureidosuccinic acid	inchikey_connectivity_formula_mass	2	FALSE	TRUE	1.70001612787019e-09	4.25004031967546e-06
CARBAMYUL-L-ASPARTATE	10549	HMDB	HMDB0000828_2_shen	Ureidosuccinic acid	inchikey_connectivity_formula_mass	2	FALSE	TRUE	1.70001612787019e-09	4.25004031967546e-06
CARBAMYUL-L-ASPARTATE	10550	HMDB	HMDB0000828_3_shen	Ureidosuccinic acid	inchikey_connectivity_formula_mass	2	FALSE	TRUE	1.70001612787019e-09	4.25004031967546e-06
CARBAMYUL-L-ASPARTATE	10551	HMDB	HMDB0000828_4_shen	Ureidosuccinic acid	inchikey_connectivity_formula_mass	2	FALSE	TRUE	1.70001612787019e-09	4.25004031967546e-06
CARBAMYUL-L-ASPARTATE	10552	HMDB	HMDB0000828_5_shen	Ureidosuccinic acid	inchikey_connectivity_formula_mass	2	FALSE	TRUE	1.70001612787019e-09	4.25004031967546e-06
CARBAMYUL-L-ASPARTATE	10553	HMDB	HMDB0000828_6_shen	Ureidosuccinic acid	inchikey_connectivity_formula_mass	2	FALSE	TRUE	1.70001612787019e-09	4.25004031967546e-06
CARBAMYUL-L-ASPARTATE	10554	HMDB	HMDB0000828_7_shen	Ureidosuccinic acid	inchikey_connectivity_formula_mass	2	FALSE	TRUE	1.70001612787019e-09	4.25004031967546e-06
CARBAMYUL-L-ASPARTATE	10555	HMDB	HMDB0000828_8_shen	Ureidosuccinic acid	inchikey_connectivity_formula_mass	2	FALSE	TRUE	1.70001612787019e-09	4.25004031967546e-06
CARBAMYUL-L-ASPARTATE	10556	HMDB	HMDB0000828_9_shen	Ureidosuccinic acid	inchikey_connectivity_formula_mass	2	FALSE	TRUE	1.70001612787019e-09	4.25004031967546e-06
CARBAMYUL-L-ASPARTATE	10557	HMDB	HMDB0000828_10_shen	Ureidosuccinic acid	inchikey_connectivity_formula_mass	2	FALSE	TRUE	1.70001612787019e-09	4.25004031967546e-06
CARBAMYUL-L-ASPARTATE	10558	HMDB	HMDB0000828_11_shen	Ureidosuccinic acid	inchikey_connectivity_formula_mass	2	FALSE	TRUE	1.70001612787019e-09	4.25004031967546e-06
CARBAMYUL-L-ASPARTATE	10559	HMDB	HMDB0000828_12_shen	Ureidosuccinic acid	inchikey_connectivity_formula_mass	2	FALSE	TRUE	1.70001612787019e-09	4.25004031967546e-06
CARBAMYUL-L-ASPARTATE	10560	HMDB	HMDB0000828_13_shen	Ureidosuccinic acid	inchikey_connectivity_formula_mass	2	FALSE	TRUE	1.70001612787019e-09	4.25004031967546e-06
CARBAMYUL-L-ASPARTATE	10561	HMDB	HMDB0000828_14_shen	Ureidosuccinic acid	inchikey_connectivity_formula_mass	2	FALSE	TRUE	1.70001612787019e-09	4.25004031967546e-06
CARBAMYUL-L-ASPARTATE	10562	HMDB	HMDB0000828_15_shen	Ureidosuccinic acid	inchikey_connectivity_formula_mass	2	FALSE	TRUE	1.70001612787019e-09	4.25004031967546e-06
CARBAMYUL-L-ASPARTATE	10563	HMDB	HMDB0000828_16_shen	Ureidosuccinic acid	inchikey_connectivity_formula_mass	2	FALSE	TRUE	1.70001612787019e-09	4.25004031967546e-06
CARBAMYUL-L-ASPARTATE	10564	HMDB	HMDB0000828_17_shen	Ureidosuccinic acid	inchikey_connectivity_formula_mass	2	FALSE	TRUE	1.70001612787019e-09	4.25004031967546e-06
Neopterins	10624	HMDB	HMDB0000845_1_shen	Neopterin	inchikey	1	TRUE	TRUE	2.50000198320777e-09	6.25000495801942e-06
Neopterins	10625	HMDB	HMDB0000845_2_shen	Neopterin	inchikey	1	TRUE	TRUE	2.50000198320777e-09	6.25000495801942e-06
Neopterins	10626	HMDB	HMDB0000845_3_shen	Neopterin	inchikey	1	TRUE	TRUE	2.50000198320777e-09	6.25000495801942e-06
L-rhamnopyranose	10654	HMDB	HMDB0000849_1_shen	Rhamnose	inchikey	1	TRUE	TRUE	1.70001612787019e-09	4.25004031967546e-06
L-rhamnopyranose	10655	HMDB	HMDB0000849_2_shen	Rhamnose	inchikey	1	TRUE	TRUE	1.70001612787019e-09	4.25004031967546e-06
L-rhamnopyranose	10656	HMDB	HMDB0000849_3_shen	Rhamnose	inchikey	1	TRUE	TRUE	1.70001612787019e-09	4.25004031967546e-06
L-rhamnopyranose	10657	HMDB	HMDB0000849_4_shen	Rhamnose	inchikey	1	TRUE	TRUE	1.70001612787019e-09	4.25004031967546e-06
L-rhamnopyranose	10658	HMDB	HMDB0000849_5_shen	Rhamnose	inchikey	1	TRUE	TRUE	1.70001612787019e-09	4.25004031967546e-06
L-rhamnopyranose	10659	HMDB	HMDB0000849_6_shen	Rhamnose	inchikey	1	TRUE	TRUE	1.70001612787019e-09	4.25004031967546e-06
L-rhamnopyranose	10660	HMDB	HMDB0000849_7_shen	Rhamnose	inchikey	1	TRUE	TRUE	1.70001612787019e-09	4.25004031967546e-06
L-rhamnopyranose	10661	HMDB	HMDB0000849_8_shen	Rhamnose	inchikey	1	TRUE	TRUE	1.70001612787019e-09	4.25004031967546e-06
CPD-4143	10662	HMDB	HMDB0000852_1_shen	beta-Sitosterol	inchikey	1	TRUE	TRUE	2.9000375434407e-09	6.99839372014984e-06
CPD-4143	10663	HMDB	HMDB0000852_2_shen	beta-Sitosterol	inchikey	1	TRUE	TRUE	2.9000375434407e-09	6.99839372014984e-06
CPD-4143	10664	HMDB	HMDB0000852_3_shen	beta-Sitosterol	inchikey	1	TRUE	TRUE	2.9000375434407e-09	6.99839372014984e-06
CPD-4143	10665	HMDB	HMDB0000852_4_shen	beta-Sitosterol	inchikey	1	TRUE	TRUE	2.9000375434407e-09	6.99839372014984e-06
CPD-4143	10666	HMDB	HMDB0000852_5_shen	beta-Sitosterol	inchikey	1	TRUE	TRUE	2.9000375434407e-09	6.99839372014984e-06
CPD-4143	10667	HMDB	HMDB0000852_6_shen	beta-Sitosterol	inchikey	1	TRUE	TRUE	2.9000375434407e-09	6.99839372014984e-06
CPD-4143	10668	HMDB	HMDB0000852_7_shen	beta-Sitosterol	inchikey	1	TRUE	TRUE	2.9000375434407e-09	6.99839372014984e-06
NICOTINAMIDE_RIBOSE	10669	HMDB	HMDB0000855_1_shen	Nicotinamide riboside	inchikey	1	TRUE	TRUE	1.00782503450003	2519.56258625007
NICOTINAMIDE_RIBOSE	10670	HMDB	HMDB0000855_2_shen	Nicotinamide riboside	inchikey	1	TRUE	TRUE	1.00782503450003	2519.56258625007
NICOTINAMIDE_RIBOSE	10671	HMDB	HMDB0000855_3_shen	Nicotinamide riboside	inchikey	1	TRUE	TRUE	1.00782503450003	2519.56258625007
NICOTINAMIDE_RIBOSE	10672	HMDB	HMDB0000855_4_shen	Nicotinamide riboside	inchikey	1	TRUE	TRUE	1.00782503450003	2519.56258625007
NICOTINAMIDE_RIBOSE	10673	HMDB	HMDB0000855_5_shen	Nicotinamide riboside	inchikey	1	TRUE	TRUE	1.00782503450003	2519.56258625007
NICOTINAMIDE_RIBOSE	10674	HMDB	HMDB0000855_6_shen	Nicotinamide riboside	inchikey	1	TRUE	TRUE	1.00782503450003	2519.56258625007
NICOTINAMIDE_RIBOSE	10675	HMDB	HMDB0000855_7_shen	Nicotinamide riboside	inchikey	1	TRUE	TRUE	1.00782503450003	2519.56258625007
NICOTINAMIDE_RIBOSE	10676	HMDB	HMDB0000855_8_shen	Nicotinamide riboside	inchikey	1	TRUE	TRUE	1.00782503450003	2519.56258625007
NICOTINAMIDE_RIBOSE	10677	HMDB	HMDB0000855_9_shen	Nicotinamide riboside	inchikey	1	TRUE	TRUE	1.00782503450003	2519.56258625007
NICOTINAMIDE_RIBOSE	10678	HMDB	HMDB0000855_10_shen	Nicotinamide riboside	inchikey	1	TRUE	TRUE	1.00782503450003	2519.56258625007
NICOTINAMIDE_RIBOSE	10679	HMDB	HMDB0000855_11_shen	Nicotinamide riboside	inchikey	1	TRUE	TRUE	1.00782503450003	2519.56258625007
NICOTINAMIDE_RIBOSE	10680	HMDB	HMDB0000855_12_shen	Nicotinamide riboside	inchikey	1	TRUE	TRUE	1.00782503450003	2519.56258625007
NICOTINAMIDE_RIBOSE	10681	HMDB	HMDB0000855_13_shen	Nicotinamide riboside	inchikey	1	TRUE	TRUE	1.00782503450003	2519.56258625007
NICOTINAMIDE_RIBOSE	10682	HMDB	HMDB0000855_14_shen	Nicotinamide riboside	inchikey	1	TRUE	TRUE	1.00782503450003	2519.56258625007
NICOTINAMIDE_RIBOSE	10683	HMDB	HMDB0000855_15_shen	Nicotinamide riboside	inchikey	1	TRUE	TRUE	1.00782503450003	2519.56258625007
NICOTINAMIDE_RIBOSE	10684	HMDB	HMDB0000855_16_shen	Nicotinamide riboside	inchikey	1	TRUE	TRUE	1.00782503450003	2519.56258625007
NICOTINAMIDE_RIBOSE	10685	HMDB	HMDB0000855_17_shen	Nicotinamide riboside	inchikey	1	TRUE	TRUE	1.00782503450003	2519.56258625007
NICOTINAMIDE_RIBOSE	10686	HMDB	HMDB0000855_18_shen	Nicotinamide riboside	inchikey	1	TRUE	TRUE	1.00782503450003	2519.56258625007
NICOTINAMIDE_RIBOSE	10687	HMDB	HMDB0000855_19_shen	Nicotinamide riboside	inchikey	1	TRUE	TRUE	1.00782503450003	2519.56258625007
NICOTINAMIDE_RIBOSE	10688	HMDB	HMDB0000855_20_shen	Nicotinamide riboside	inchikey	1	TRUE	TRUE	1.00782503450003	2519.56258625007
NICOTINAMIDE_RIBOSE	10689	HMDB	HMDB0000855_21_shen	Nicotinamide riboside	inchikey	1	TRUE	TRUE	1.00782503450003	2519.56258625007
NICOTINAMIDE_RIBOSE	10690	HMDB	HMDB0000855_22_shen	Nicotinamide riboside	inchikey	1	TRUE	TRUE	1.00782503450003	2519.56258625007
NICOTINAMIDE_RIBOSE	10691	HMDB	HMDB0000855_23_shen	Nicotinamide riboside	inchikey	1	TRUE	TRUE	1.00782503450003	2519.56258625007
NICOTINAMIDE_RIBOSE	10692	HMDB	HMDB0000855_24_shen	Nicotinamide riboside	inchikey	1	TRUE	TRUE	1.00782503450003	2519.56258625007
NICOTINAMIDE_RIBOSE	10693	HMDB	HMDB0000855_25_shen	Nicotinamide riboside	inchikey	1	TRUE	TRUE	1.00782503450003	2519.56258625007
NICOTINAMIDE_RIBOSE	10694	HMDB	HMDB0000855_26_shen	Nicotinamide riboside	inchikey	1	TRUE	TRUE	1.00782503450003	2519.56258625007
NICOTINAMIDE_RIBOSE	10695	HMDB	HMDB0000855_27_shen	Nicotinamide riboside	inchikey	1	TRUE	TRUE	1.00782503450003	2519.56258625007
NICOTINAMIDE_RIBOSE	10696	HMDB	HMDB0000855_28_shen	Nicotinamide riboside	inchikey	1	TRUE	TRUE	1.00782503450003	2519.56258625007
NICOTINAMIDE_RIBOSE	10697	HMDB	HMDB0000855_29_shen	Nicotinamide riboside	inchikey	1	TRUE	TRUE	1.00782503450003	2519.56258625007
NICOTINAMIDE_RIBOSE	10698	HMDB	HMDB0000855_30_shen	Nicotinamide riboside	inchikey	1	TRUE	TRUE	1.00782503450003	2519.56258625007
CPD-205	10703	HMDB	HMDB0000857_1_shen	Pimelic acid	inchikey_connectivity_formula_mass	2	FALSE	TRUE	1.60000013238459e-09	4.00000033096148e-06
CPD-205	10704	HMDB	HMDB0000857_2_shen	Pimelic acid	inchikey_connectivity_formula_mass	2	FALSE	TRUE	1.60000013238459e-09	4.00000033096148e-06
CPD-205	10705	HMDB	HMDB0000857_3_shen	Pimelic acid	inchikey_connectivity_formula_mass	2	FALSE	TRUE	1.60000013238459e-09	4.00000033096148e-06
CPD-205	10706	HMDB	HMDB0000857_4_shen	Pimelic acid	inchikey_connectivity_formula_mass	2	FALSE	TRUE	1.60000013238459e-09	4.00000033096148e-06
CPD-205	10707	HMDB	HMDB0000857_5_shen	Pimelic acid	inchikey_connectivity_formula_mass	2	FALSE	TRUE	1.60000013238459e-09	4.00000033096148e-06
CPD-205	10708	HMDB	HMDB0000857_6_shen	Pimelic acid	inchikey_connectivity_formula_mass	2	FALSE	TRUE	1.60000013238459e-09	4.00000033096148e-06
CPD-205	10709	HMDB	HMDB0000857_7_shen	Pimelic acid	inchikey_connectivity_formula_mass	2	FALSE	TRUE	1.60000013238459e-09	4.00000033096148e-06
CPD-205	10710	HMDB	HMDB0000857_8_shen	Pimelic acid	inchikey_connectivity_formula_mass	2	FALSE	TRUE	1.60000013238459e-09	4.00000033096148e-06
CPD-205	10711	HMDB	HMDB0000857_9_shen	Pimelic acid	inchikey_connectivity_formula_mass	2	FALSE	TRUE	1.60000013238459e-09	4.00000033096148e-06
CPD-205	10712	HMDB	HMDB0000857_10_shen	Pimelic acid	inchikey_connectivity_formula_mass	2	FALSE	TRUE	1.60000013238459e-09	4.00000033096148e-06
CPD-205	10713	HMDB	HMDB0000857_11_shen	Pimelic acid	inchikey_connectivity_formula_mass	2	FALSE	TRUE	1.60000013238459e-09	4.00000033096148e-06
CPD-205	10714	HMDB	HMDB0000857_12_shen	Pimelic acid	inchikey_connectivity_formula_mass	2	FALSE	TRUE	1.60000013238459e-09	4.00000033096148e-06
CPD-205	10715	HMDB	HMDB0000857_13_shen	Pimelic acid	inchikey_connectivity_formula_mass	2	FALSE	TRUE	1.60000013238459e-09	4.00000033096148e-06
CPD-205	10716	HMDB	HMDB0000857_14_shen	Pimelic acid	inchikey_connectivity_formula_mass	2	FALSE	TRUE	1.60000013238459e-09	4.00000033096148e-06
CPD-205	10717	HMDB	HMDB0000857_15_shen	Pimelic acid	inchikey_connectivity_formula_mass	2	FALSE	TRUE	1.60000013238459e-09	4.00000033096148e-06
CPD-205	10718	HMDB	HMDB0000857_16_shen	Pimelic acid	inchikey_connectivity_formula_mass	2	FALSE	TRUE	1.60000013238459e-09	4.00000033096148e-06
CPD-205	10719	HMDB	HMDB0000857_17_shen	Pimelic acid	inchikey_connectivity_formula_mass	2	FALSE	TRUE	1.60000013238459e-09	4.00000033096148e-06
CPD-205	10720	HMDB	HMDB0000857_18_shen	Pimelic acid	inchikey_connectivity_formula_mass	2	FALSE	TRUE	1.60000013238459e-09	4.00000033096148e-06
CPD-205	10721	HMDB	HMDB0000857_19_shen	Pimelic acid	inchikey_connectivity_formula_mass	2	FALSE	TRUE	1.60000013238459e-09	4.00000033096148e-06
CPD-205	10722	HMDB	HMDB0000857_20_shen	Pimelic acid	inchikey_connectivity_formula_mass	2	FALSE	TRUE	1.60000013238459e-09	4.00000033096148e-06
CPD-205	10723	HMDB	HMDB0000857_21_shen	Pimelic acid	inchikey_connectivity_formula_mass	2	FALSE	TRUE	1.60000013238459e-09	4.00000033096148e-06
CPD-205	10724	HMDB	HMDB0000857_22_shen	Pimelic acid	inchikey_connectivity_formula_mass	2	FALSE	TRUE	1.60000013238459e-09	4.00000033096148e-06
CPD-205	10725	HMDB	HMDB0000857_23_shen	Pimelic acid	inchikey_connectivity_formula_mass	2	FALSE	TRUE	1.60000013238459e-09	4.00000033096148e-06
CPD-205	10726	HMDB	HMDB0000857_24_shen	Pimelic acid	inchikey_connectivity_formula_mass	2	FALSE	TRUE	1.60000013238459e-09	4.00000033096148e-06
CPD-205	10727	HMDB	HMDB0000857_25_shen	Pimelic acid	inchikey_connectivity_formula_mass	2	FALSE	TRUE	1.60000013238459e-09	4.00000033096148e-06
CPD-205	10728	HMDB	HMDB0000857_26_shen	Pimelic acid	inchikey_connectivity_formula_mass	2	FALSE	TRUE	1.60000013238459e-09	4.00000033096148e-06
CPD-205	10729	HMDB	HMDB0000857_27_shen	Pimelic acid	inchikey_connectivity_formula_mass	2	FALSE	TRUE	1.60000013238459e-09	4.00000033096148e-06
XYLULOSE-5-PHOSPHATE	10781	HMDB	HMDB0000868_1_shen	Xylulose 5-phosphate	inchikey_connectivity_formula_mass	2	FALSE	TRUE	9.99875737761613e-11	2.49968934440403e-07
XYLULOSE-5-PHOSPHATE	10782	HMDB	HMDB0000868_2_shen	Xylulose 5-phosphate	inchikey_connectivity_formula_mass	2	FALSE	TRUE	9.99875737761613e-11	2.49968934440403e-07
XYLULOSE-5-PHOSPHATE	10783	HMDB	HMDB0000868_3_shen	Xylulose 5-phosphate	inchikey_connectivity_formula_mass	2	FALSE	TRUE	9.99875737761613e-11	2.49968934440403e-07
XYLULOSE-5-PHOSPHATE	10784	HMDB	HMDB0000868_4_shen	Xylulose 5-phosphate	inchikey_connectivity_formula_mass	2	FALSE	TRUE	9.99875737761613e-11	2.49968934440403e-07
XYLULOSE-5-PHOSPHATE	10785	HMDB	HMDB0000868_5_shen	Xylulose 5-phosphate	inchikey_connectivity_formula_mass	2	FALSE	TRUE	9.99875737761613e-11	2.49968934440403e-07
XYLULOSE-5-PHOSPHATE	10786	HMDB	HMDB0000868_6_shen	Xylulose 5-phosphate	inchikey_connectivity_formula_mass	2	FALSE	TRUE	9.99875737761613e-11	2.49968934440403e-07
XYLULOSE-5-PHOSPHATE	10787	HMDB	HMDB0000868_7_shen	Xylulose 5-phosphate	inchikey_connectivity_formula_mass	2	FALSE	TRUE	9.99875737761613e-11	2.49968934440403e-07
XYLULOSE-5-PHOSPHATE	10788	HMDB	HMDB0000868_8_shen	Xylulose 5-phosphate	inchikey_connectivity_formula_mass	2	FALSE	TRUE	9.99875737761613e-11	2.49968934440403e-07
XYLULOSE-5-PHOSPHATE	10789	HMDB	HMDB0000868_9_shen	Xylulose 5-phosphate	inchikey_connectivity_formula_mass	2	FALSE	TRUE	9.99875737761613e-11	2.49968934440403e-07
XYLULOSE-5-PHOSPHATE	10790	HMDB	HMDB0000868_10_shen	Xylulose 5-phosphate	inchikey_connectivity_formula_mass	2	FALSE	TRUE	9.99875737761613e-11	2.49968934440403e-07
XYLULOSE-5-PHOSPHATE	10791	HMDB	HMDB0000868_11_shen	Xylulose 5-phosphate	inchikey_connectivity_formula_mass	2	FALSE	TRUE	9.99875737761613e-11	2.49968934440403e-07
XYLULOSE-5-PHOSPHATE	10792	HMDB	HMDB0000868_12_shen	Xylulose 5-phosphate	inchikey_connectivity_formula_mass	2	FALSE	TRUE	9.99875737761613e-11	2.49968934440403e-07
XYLULOSE-5-PHOSPHATE	10793	HMDB	HMDB0000868_13_shen	Xylulose 5-phosphate	inchikey_connectivity_formula_mass	2	FALSE	TRUE	9.99875737761613e-11	2.49968934440403e-07
XYLULOSE-5-PHOSPHATE	10794	HMDB	HMDB0000868_14_shen	Xylulose 5-phosphate	inchikey_connectivity_formula_mass	2	FALSE	TRUE	9.99875737761613e-11	2.49968934440403e-07
XYLULOSE-5-PHOSPHATE	10795	HMDB	HMDB0000868_15_shen	Xylulose 5-phosphate	inchikey_connectivity_formula_mass	2	FALSE	TRUE	9.99875737761613e-11	2.49968934440403e-07
XYLULOSE-5-PHOSPHATE	10796	HMDB	HMDB0000868_16_shen	Xylulose 5-phosphate	inchikey_connectivity_formula_mass	2	FALSE	TRUE	9.99875737761613e-11	2.49968934440403e-07
XYLULOSE-5-PHOSPHATE	10797	HMDB	HMDB0000868_17_shen	Xylulose 5-phosphate	inchikey_connectivity_formula_mass	2	FALSE	TRUE	9.99875737761613e-11	2.49968934440403e-07
XYLULOSE-5-PHOSPHATE	10798	HMDB	HMDB0000868_18_shen	Xylulose 5-phosphate	inchikey_connectivity_formula_mass	2	FALSE	TRUE	9.99875737761613e-11	2.49968934440403e-07
XYLULOSE-5-PHOSPHATE	10799	HMDB	HMDB0000868_19_shen	Xylulose 5-phosphate	inchikey_connectivity_formula_mass	2	FALSE	TRUE	9.99875737761613e-11	2.49968934440403e-07
XYLULOSE-5-PHOSPHATE	10800	HMDB	HMDB0000868_20_shen	Xylulose 5-phosphate	inchikey_connectivity_formula_mass	2	FALSE	TRUE	9.99875737761613e-11	2.49968934440403e-07
XYLULOSE-5-PHOSPHATE	10801	HMDB	HMDB0000868_21_shen	Xylulose 5-phosphate	inchikey_connectivity_formula_mass	2	FALSE	TRUE	9.99875737761613e-11	2.49968934440403e-07
XYLULOSE-5-PHOSPHATE	10802	HMDB	HMDB0000868_22_shen	Xylulose 5-phosphate	inchikey_connectivity_formula_mass	2	FALSE	TRUE	9.99875737761613e-11	2.49968934440403e-07
XYLULOSE-5-PHOSPHATE	10803	HMDB	HMDB0000868_23_shen	Xylulose 5-phosphate	inchikey_connectivity_formula_mass	2	FALSE	TRUE	9.99875737761613e-11	2.49968934440403e-07
XYLULOSE-5-PHOSPHATE	10804	HMDB	HMDB0000868_24_shen	Xylulose 5-phosphate	inchikey_connectivity_formula_mass	2	FALSE	TRUE	9.99875737761613e-11	2.49968934440403e-07
XYLULOSE-5-PHOSPHATE	10805	HMDB	HMDB0000868_25_shen	Xylulose 5-phosphate	inchikey_connectivity_formula_mass	2	FALSE	TRUE	9.99875737761613e-11	2.49968934440403e-07
XYLULOSE-5-PHOSPHATE	10806	HMDB	HMDB0000868_26_shen	Xylulose 5-phosphate	inchikey_connectivity_formula_mass	2	FALSE	TRUE	9.99875737761613e-11	2.49968934440403e-07
XYLULOSE-5-PHOSPHATE	10807	HMDB	HMDB0000868_27_shen	Xylulose 5-phosphate	inchikey_connectivity_formula_mass	2	FALSE	TRUE	9.99875737761613e-11	2.49968934440403e-07
XYLULOSE-5-PHOSPHATE	10808	HMDB	HMDB0000868_28_shen	Xylulose 5-phosphate	inchikey_connectivity_formula_mass	2	FALSE	TRUE	9.99875737761613e-11	2.49968934440403e-07
XYLULOSE-5-PHOSPHATE	10809	HMDB	HMDB0000868_29_shen	Xylulose 5-phosphate	inchikey_connectivity_formula_mass	2	FALSE	TRUE	9.99875737761613e-11	2.49968934440403e-07
XYLULOSE-5-PHOSPHATE	10810	HMDB	HMDB0000868_30_shen	Xylulose 5-phosphate	inchikey_connectivity_formula_mass	2	FALSE	TRUE	9.99875737761613e-11	2.49968934440403e-07
XYLULOSE-5-PHOSPHATE	10811	HMDB	HMDB0000868_31_shen	Xylulose 5-phosphate	inchikey_connectivity_formula_mass	2	FALSE	TRUE	9.99875737761613e-11	2.49968934440403e-07
XYLULOSE-5-PHOSPHATE	10812	HMDB	HMDB0000868_32_shen	Xylulose 5-phosphate	inchikey_connectivity_formula_mass	2	FALSE	TRUE	9.99875737761613e-11	2.49968934440403e-07
XYLULOSE-5-PHOSPHATE	10813	HMDB	HMDB0000868_33_shen	Xylulose 5-phosphate	inchikey_connectivity_formula_mass	2	FALSE	TRUE	9.99875737761613e-11	2.49968934440403e-07
XYLULOSE-5-PHOSPHATE	10814	HMDB	HMDB0000868_34_shen	Xylulose 5-phosphate	inchikey_connectivity_formula_mass	2	FALSE	TRUE	9.99875737761613e-11	2.49968934440403e-07
XYLULOSE-5-PHOSPHATE	10815	HMDB	HMDB0000868_35_shen	Xylulose 5-phosphate	inchikey_connectivity_formula_mass	2	FALSE	TRUE	9.99875737761613e-11	2.49968934440403e-07
XYLULOSE-5-PHOSPHATE	10816	HMDB	HMDB0000868_36_shen	Xylulose 5-phosphate	inchikey_connectivity_formula_mass	2	FALSE	TRUE	9.99875737761613e-11	2.49968934440403e-07
XYLULOSE-5-PHOSPHATE	10817	HMDB	HMDB0000868_37_shen	Xylulose 5-phosphate	inchikey_connectivity_formula_mass	2	FALSE	TRUE	9.99875737761613e-11	2.49968934440403e-07
XYLULOSE-5-PHOSPHATE	10818	HMDB	HMDB0000868_38_shen	Xylulose 5-phosphate	inchikey_connectivity_formula_mass	2	FALSE	TRUE	9.99875737761613e-11	2.49968934440403e-07
XYLULOSE-5-PHOSPHATE	10819	HMDB	HMDB0000868_39_shen	Xylulose 5-phosphate	inchikey_connectivity_formula_mass	2	FALSE	TRUE	9.99875737761613e-11	2.49968934440403e-07
XYLULOSE-5-PHOSPHATE	10820	HMDB	HMDB0000868_40_shen	Xylulose 5-phosphate	inchikey_connectivity_formula_mass	2	FALSE	TRUE	9.99875737761613e-11	2.49968934440403e-07
XYLULOSE-5-PHOSPHATE	10821	HMDB	HMDB0000868_41_shen	Xylulose 5-phosphate	inchikey_connectivity_formula_mass	2	FALSE	TRUE	9.99875737761613e-11	2.49968934440403e-07
XYLULOSE-5-PHOSPHATE	10822	HMDB	HMDB0000868_42_shen	Xylulose 5-phosphate	inchikey_connectivity_formula_mass	2	FALSE	TRUE	9.99875737761613e-11	2.49968934440403e-07
XYLULOSE-5-PHOSPHATE	10823	HMDB	HMDB0000868_43_shen	Xylulose 5-phosphate	inchikey_connectivity_formula_mass	2	FALSE	TRUE	9.99875737761613e-11	2.49968934440403e-07
XYLULOSE-5-PHOSPHATE	10824	HMDB	HMDB0000868_44_shen	Xylulose 5-phosphate	inchikey_connectivity_formula_mass	2	FALSE	TRUE	9.99875737761613e-11	2.49968934440403e-07
XYLULOSE-5-PHOSPHATE	10825	HMDB	HMDB0000868_45_shen	Xylulose 5-phosphate	inchikey_connectivity_formula_mass	2	FALSE	TRUE	9.99875737761613e-11	2.49968934440403e-07
XYLULOSE-5-PHOSPHATE	10826	HMDB	HMDB0000868_46_shen	Xylulose 5-phosphate	inchikey_connectivity_formula_mass	2	FALSE	TRUE	9.99875737761613e-11	2.49968934440403e-07
XYLULOSE-5-PHOSPHATE	10827	HMDB	HMDB0000868_47_shen	Xylulose 5-phosphate	inchikey_connectivity_formula_mass	2	FALSE	TRUE	9.99875737761613e-11	2.49968934440403e-07
XYLULOSE-5-PHOSPHATE	10828	HMDB	HMDB0000868_48_shen	Xylulose 5-phosphate	inchikey_connectivity_formula_mass	2	FALSE	TRUE	9.99875737761613e-11	2.49968934440403e-07
XYLULOSE-5-PHOSPHATE	10829	HMDB	HMDB0000868_49_shen	Xylulose 5-phosphate	inchikey_connectivity_formula_mass	2	FALSE	TRUE	9.99875737761613e-11	2.49968934440403e-07
XYLULOSE-5-PHOSPHATE	10830	HMDB	HMDB0000868_50_shen	Xylulose 5-phosphate	inchikey_connectivity_formula_mass	2	FALSE	TRUE	9.99875737761613e-11	2.49968934440403e-07
XYLULOSE-5-PHOSPHATE	10831	HMDB	HMDB0000868_51_shen	Xylulose 5-phosphate	inchikey_connectivity_formula_mass	2	FALSE	TRUE	9.99875737761613e-11	2.49968934440403e-07
XYLULOSE-5-PHOSPHATE	10832	HMDB	HMDB0000868_52_shen	Xylulose 5-phosphate	inchikey_connectivity_formula_mass	2	FALSE	TRUE	9.99875737761613e-11	2.49968934440403e-07
XYLULOSE-5-PHOSPHATE	10833	HMDB	HMDB0000868_53_shen	Xylulose 5-phosphate	inchikey_connectivity_formula_mass	2	FALSE	TRUE	9.99875737761613e-11	2.49968934440403e-07
XYLULOSE-5-PHOSPHATE	10834	HMDB	HMDB0000868_54_shen	Xylulose 5-phosphate	inchikey_connectivity_formula_mass	2	FALSE	TRUE	9.99875737761613e-11	2.49968934440403e-07
XYLULOSE-5-PHOSPHATE	10835	HMDB	HMDB0000868_55_shen	Xylulose 5-phosphate	inchikey_connectivity_formula_mass	2	FALSE	TRUE	9.99875737761613e-11	2.49968934440403e-07
XYLULOSE-5-PHOSPHATE	10836	HMDB	HMDB0000868_56_shen	Xylulose 5-phosphate	inchikey_connectivity_formula_mass	2	FALSE	TRUE	9.99875737761613e-11	2.49968934440403e-07
XYLULOSE-5-PHOSPHATE	10837	HMDB	HMDB0000868_57_shen	Xylulose 5-phosphate	inchikey_connectivity_formula_mass	2	FALSE	TRUE	9.99875737761613e-11	2.49968934440403e-07
XYLULOSE-5-PHOSPHATE	10838	HMDB	HMDB0000868_58_shen	Xylulose 5-phosphate	inchikey_connectivity_formula_mass	2	FALSE	TRUE	9.99875737761613e-11	2.49968934440403e-07
XYLULOSE-5-PHOSPHATE	10839	HMDB	HMDB0000868_59_shen	Xylulose 5-phosphate	inchikey_connectivity_formula_mass	2	FALSE	TRUE	9.99875737761613e-11	2.49968934440403e-07
XYLULOSE-5-PHOSPHATE	10840	HMDB	HMDB0000868_60_shen	Xylulose 5-phosphate	inchikey_connectivity_formula_mass	2	FALSE	TRUE	9.99875737761613e-11	2.49968934440403e-07
XYLULOSE-5-PHOSPHATE	10841	HMDB	HMDB0000868_61_shen	Xylulose 5-phosphate	inchikey_connectivity_formula_mass	2	FALSE	TRUE	9.99875737761613e-11	2.49968934440403e-07
XYLULOSE-5-PHOSPHATE	10842	HMDB	HMDB0000868_62_shen	Xylulose 5-phosphate	inchikey_connectivity_formula_mass	2	FALSE	TRUE	9.99875737761613e-11	2.49968934440403e-07
XYLULOSE-5-PHOSPHATE	10843	HMDB	HMDB0000868_63_shen	Xylulose 5-phosphate	inchikey_connectivity_formula_mass	2	FALSE	TRUE	9.99875737761613e-11	2.49968934440403e-07
XYLULOSE-5-PHOSPHATE	10844	HMDB	HMDB0000868_64_shen	Xylulose 5-phosphate	inchikey_connectivity_formula_mass	2	FALSE	TRUE	9.99875737761613e-11	2.49968934440403e-07
XYLULOSE-5-PHOSPHATE	10845	HMDB	HMDB0000868_65_shen	Xylulose 5-phosphate	inchikey_connectivity_formula_mass	2	FALSE	TRUE	9.99875737761613e-11	2.49968934440403e-07
XYLULOSE-5-PHOSPHATE	10846	HMDB	HMDB0000868_66_shen	Xylulose 5-phosphate	inchikey_connectivity_formula_mass	2	FALSE	TRUE	9.99875737761613e-11	2.49968934440403e-07
XYLULOSE-5-PHOSPHATE	10847	HMDB	HMDB0000868_67_shen	Xylulose 5-phosphate	inchikey_connectivity_formula_mass	2	FALSE	TRUE	9.99875737761613e-11	2.49968934440403e-07
XYLULOSE-5-PHOSPHATE	10848	HMDB	HMDB0000868_68_shen	Xylulose 5-phosphate	inchikey_connectivity_formula_mass	2	FALSE	TRUE	9.99875737761613e-11	2.49968934440403e-07
XYLULOSE-5-PHOSPHATE	10849	HMDB	HMDB0000868_69_shen	Xylulose 5-phosphate	inchikey_connectivity_formula_mass	2	FALSE	TRUE	9.99875737761613e-11	2.49968934440403e-07
XYLULOSE-5-PHOSPHATE	10850	HMDB	HMDB0000868_70_shen	Xylulose 5-phosphate	inchikey_connectivity_formula_mass	2	FALSE	TRUE	9.99875737761613e-11	2.49968934440403e-07
XYLULOSE-5-PHOSPHATE	10851	HMDB	HMDB0000868_71_shen	Xylulose 5-phosphate	inchikey_connectivity_formula_mass	2	FALSE	TRUE	9.99875737761613e-11	2.49968934440403e-07
XYLULOSE-5-PHOSPHATE	10852	HMDB	HMDB0000868_72_shen	Xylulose 5-phosphate	inchikey_connectivity_formula_mass	2	FALSE	TRUE	9.99875737761613e-11	2.49968934440403e-07
XYLULOSE-5-PHOSPHATE	10853	HMDB	HMDB0000868_73_shen	Xylulose 5-phosphate	inchikey_connectivity_formula_mass	2	FALSE	TRUE	9.99875737761613e-11	2.49968934440403e-07
XYLULOSE-5-PHOSPHATE	10854	HMDB	HMDB0000868_74_shen	Xylulose 5-phosphate	inchikey_connectivity_formula_mass	2	FALSE	TRUE	9.99875737761613e-11	2.49968934440403e-07
XYLULOSE-5-PHOSPHATE	10855	HMDB	HMDB0000868_75_shen	Xylulose 5-phosphate	inchikey_connectivity_formula_mass	2	FALSE	TRUE	9.99875737761613e-11	2.49968934440403e-07
XYLULOSE-5-PHOSPHATE	10856	HMDB	HMDB0000868_76_shen	Xylulose 5-phosphate	inchikey_connectivity_formula_mass	2	FALSE	TRUE	9.99875737761613e-11	2.49968934440403e-07
XYLULOSE-5-PHOSPHATE	10857	HMDB	HMDB0000868_77_shen	Xylulose 5-phosphate	inchikey_connectivity_formula_mass	2	FALSE	TRUE	9.99875737761613e-11	2.49968934440403e-07
XYLULOSE-5-PHOSPHATE	10858	HMDB	HMDB0000868_78_shen	Xylulose 5-phosphate	inchikey_connectivity_formula_mass	2	FALSE	TRUE	9.99875737761613e-11	2.49968934440403e-07
XYLULOSE-5-PHOSPHATE	10859	HMDB	HMDB0000868_79_shen	Xylulose 5-phosphate	inchikey_connectivity_formula_mass	2	FALSE	TRUE	9.99875737761613e-11	2.49968934440403e-07
XYLULOSE-5-PHOSPHATE	10860	HMDB	HMDB0000868_80_shen	Xylulose 5-phosphate	inchikey_connectivity_formula_mass	2	FALSE	TRUE	9.99875737761613e-11	2.49968934440403e-07
XYLULOSE-5-PHOSPHATE	10861	HMDB	HMDB0000868_81_shen	Xylulose 5-phosphate	inchikey_connectivity_formula_mass	2	FALSE	TRUE	9.99875737761613e-11	2.49968934440403e-07
XYLULOSE-5-PHOSPHATE	10862	HMDB	HMDB0000868_82_shen	Xylulose 5-phosphate	inchikey_connectivity_formula_mass	2	FALSE	TRUE	9.99875737761613e-11	2.49968934440403e-07
XYLULOSE-5-PHOSPHATE	10863	HMDB	HMDB0000868_83_shen	Xylulose 5-phosphate	inchikey_connectivity_formula_mass	2	FALSE	TRUE	9.99875737761613e-11	2.49968934440403e-07
METHYLNICOTINATE	10914	HMDB	HMDB0000875_1_shen	Trigonelline	inchikey	1	TRUE	TRUE	2.01565006530001	5039.12516325002
METHYLNICOTINATE	10915	HMDB	HMDB0000875_2_shen	Trigonelline	inchikey	1	TRUE	TRUE	2.01565006530001	5039.12516325002
METHYLNICOTINATE	10916	HMDB	HMDB0000875_3_shen	Trigonelline	inchikey	1	TRUE	TRUE	2.01565006530001	5039.12516325002
METHYLNICOTINATE	10917	HMDB	HMDB0000875_4_shen	Trigonelline	inchikey	1	TRUE	TRUE	2.01565006530001	5039.12516325002
METHYLNICOTINATE	10918	HMDB	HMDB0000875_5_shen	Trigonelline	inchikey	1	TRUE	TRUE	2.01565006530001	5039.12516325002
METHYLNICOTINATE	10919	HMDB	HMDB0000875_6_shen	Trigonelline	inchikey	1	TRUE	TRUE	2.01565006530001	5039.12516325002
METHYLNICOTINATE	10920	HMDB	HMDB0000875_7_shen	Trigonelline	inchikey	1	TRUE	TRUE	2.01565006530001	5039.12516325002
METHYLNICOTINATE	10921	HMDB	HMDB0000875_8_shen	Trigonelline	inchikey	1	TRUE	TRUE	2.01565006530001	5039.12516325002
METHYLNICOTINATE	10922	HMDB	HMDB0000875_9_shen	Trigonelline	inchikey	1	TRUE	TRUE	2.01565006530001	5039.12516325002
METHYLNICOTINATE	10923	HMDB	HMDB0000875_10_shen	Trigonelline	inchikey	1	TRUE	TRUE	2.01565006530001	5039.12516325002
METHYLNICOTINATE	10924	HMDB	HMDB0000875_11_shen	Trigonelline	inchikey	1	TRUE	TRUE	2.01565006530001	5039.12516325002
METHYLNICOTINATE	10925	HMDB	HMDB0000875_12_shen	Trigonelline	inchikey	1	TRUE	TRUE	2.01565006530001	5039.12516325002
METHYLNICOTINATE	10926	HMDB	HMDB0000875_13_shen	Trigonelline	inchikey	1	TRUE	TRUE	2.01565006530001	5039.12516325002
METHYLNICOTINATE	10927	HMDB	HMDB0000875_14_shen	Trigonelline	inchikey	1	TRUE	TRUE	2.01565006530001	5039.12516325002
METHYLNICOTINATE	10928	HMDB	HMDB0000875_15_shen	Trigonelline	inchikey	1	TRUE	TRUE	2.01565006530001	5039.12516325002
METHYLNICOTINATE	10929	HMDB	HMDB0000875_16_shen	Trigonelline	inchikey	1	TRUE	TRUE	2.01565006530001	5039.12516325002
METHYLNICOTINATE	10930	HMDB	HMDB0000875_17_shen	Trigonelline	inchikey	1	TRUE	TRUE	2.01565006530001	5039.12516325002
METHYLNICOTINATE	10931	HMDB	HMDB0000875_18_shen	Trigonelline	inchikey	1	TRUE	TRUE	2.01565006530001	5039.12516325002
METHYLNICOTINATE	10932	HMDB	HMDB0000875_19_shen	Trigonelline	inchikey	1	TRUE	TRUE	2.01565006530001	5039.12516325002
METHYLNICOTINATE	10933	HMDB	HMDB0000875_20_shen	Trigonelline	inchikey	1	TRUE	TRUE	2.01565006530001	5039.12516325002
METHYLNICOTINATE	10934	HMDB	HMDB0000875_21_shen	Trigonelline	inchikey	1	TRUE	TRUE	2.01565006530001	5039.12516325002
METHYLNICOTINATE	10935	HMDB	HMDB0000875_22_shen	Trigonelline	inchikey	1	TRUE	TRUE	2.01565006530001	5039.12516325002
METHYLNICOTINATE	10936	HMDB	HMDB0000875_23_shen	Trigonelline	inchikey	1	TRUE	TRUE	2.01565006530001	5039.12516325002
METHYLNICOTINATE	10937	HMDB	HMDB0000875_24_shen	Trigonelline	inchikey	1	TRUE	TRUE	2.01565006530001	5039.12516325002
METHYLNICOTINATE	10938	HMDB	HMDB0000875_25_shen	Trigonelline	inchikey	1	TRUE	TRUE	2.01565006530001	5039.12516325002
METHYLNICOTINATE	10939	HMDB	HMDB0000875_26_shen	Trigonelline	inchikey	1	TRUE	TRUE	2.01565006530001	5039.12516325002
METHYLNICOTINATE	10940	HMDB	HMDB0000875_27_shen	Trigonelline	inchikey	1	TRUE	TRUE	2.01565006530001	5039.12516325002
METHYLNICOTINATE	10941	HMDB	HMDB0000875_28_shen	Trigonelline	inchikey	1	TRUE	TRUE	2.01565006530001	5039.12516325002
METHYLNICOTINATE	10942	HMDB	HMDB0000875_29_shen	Trigonelline	inchikey	1	TRUE	TRUE	2.01565006530001	5039.12516325002
METHYLNICOTINATE	10943	HMDB	HMDB0000875_30_shen	Trigonelline	inchikey	1	TRUE	TRUE	2.01565006530001	5039.12516325002
METHYLNICOTINATE	10944	HMDB	HMDB0000875_31_shen	Trigonelline	inchikey	1	TRUE	TRUE	2.01565006530001	5039.12516325002
METHYLNICOTINATE	10945	HMDB	HMDB0000875_32_shen	Trigonelline	inchikey	1	TRUE	TRUE	2.01565006530001	5039.12516325002
METHYLNICOTINATE	10946	HMDB	HMDB0000875_33_shen	Trigonelline	inchikey	1	TRUE	TRUE	2.01565006530001	5039.12516325002
ERGOSTEROL	10947	HMDB	HMDB0000878_shen	Ergosterol	inchikey	1	TRUE	TRUE	2.5000304049172e-09	6.25007601229299e-06
XANTHURENATE	10948	HMDB	HMDB0000881_1_shen	Xanthurenic acid	inchikey_connectivity_formula_mass	2	FALSE	TRUE	1.29998056763725e-09	3.24995141909312e-06
XANTHURENATE	10949	HMDB	HMDB0000881_2_shen	Xanthurenic acid	inchikey_connectivity_formula_mass	2	FALSE	TRUE	1.29998056763725e-09	3.24995141909312e-06
XANTHURENATE	10950	HMDB	HMDB0000881_3_shen	Xanthurenic acid	inchikey_connectivity_formula_mass	2	FALSE	TRUE	1.29998056763725e-09	3.24995141909312e-06
XANTHURENATE	10951	HMDB	HMDB0000881_4_shen	Xanthurenic acid	inchikey_connectivity_formula_mass	2	FALSE	TRUE	1.29998056763725e-09	3.24995141909312e-06
XANTHURENATE	10952	HMDB	HMDB0000881_5_shen	Xanthurenic acid	inchikey_connectivity_formula_mass	2	FALSE	TRUE	1.29998056763725e-09	3.24995141909312e-06
XANTHURENATE	10953	HMDB	HMDB0000881_6_shen	Xanthurenic acid	inchikey_connectivity_formula_mass	2	FALSE	TRUE	1.29998056763725e-09	3.24995141909312e-06
XANTHURENATE	10954	HMDB	HMDB0000881_7_shen	Xanthurenic acid	inchikey_connectivity_formula_mass	2	FALSE	TRUE	1.29998056763725e-09	3.24995141909312e-06
XANTHURENATE	10955	HMDB	HMDB0000881_8_shen	Xanthurenic acid	inchikey_connectivity_formula_mass	2	FALSE	TRUE	1.29998056763725e-09	3.24995141909312e-06
XANTHURENATE	10956	HMDB	HMDB0000881_9_shen	Xanthurenic acid	inchikey_connectivity_formula_mass	2	FALSE	TRUE	1.29998056763725e-09	3.24995141909312e-06
XANTHURENATE	10957	HMDB	HMDB0000881_10_shen	Xanthurenic acid	inchikey_connectivity_formula_mass	2	FALSE	TRUE	1.29998056763725e-09	3.24995141909312e-06
XANTHURENATE	10958	HMDB	HMDB0000881_11_shen	Xanthurenic acid	inchikey_connectivity_formula_mass	2	FALSE	TRUE	1.29998056763725e-09	3.24995141909312e-06
XANTHURENATE	10959	HMDB	HMDB0000881_12_shen	Xanthurenic acid	inchikey_connectivity_formula_mass	2	FALSE	TRUE	1.29998056763725e-09	3.24995141909312e-06
XANTHURENATE	10960	HMDB	HMDB0000881_13_shen	Xanthurenic acid	inchikey_connectivity_formula_mass	2	FALSE	TRUE	1.29998056763725e-09	3.24995141909312e-06
XANTHURENATE	10961	HMDB	HMDB0000881_14_shen	Xanthurenic acid	inchikey_connectivity_formula_mass	2	FALSE	TRUE	1.29998056763725e-09	3.24995141909312e-06
XANTHURENATE	10962	HMDB	HMDB0000881_15_shen	Xanthurenic acid	inchikey_connectivity_formula_mass	2	FALSE	TRUE	1.29998056763725e-09	3.24995141909312e-06
XANTHURENATE	10963	HMDB	HMDB0000881_16_shen	Xanthurenic acid	inchikey_connectivity_formula_mass	2	FALSE	TRUE	1.29998056763725e-09	3.24995141909312e-06
XANTHURENATE	10964	HMDB	HMDB0000881_17_shen	Xanthurenic acid	inchikey_connectivity_formula_mass	2	FALSE	TRUE	1.29998056763725e-09	3.24995141909312e-06
XANTHURENATE	10965	HMDB	HMDB0000881_18_shen	Xanthurenic acid	inchikey_connectivity_formula_mass	2	FALSE	TRUE	1.29998056763725e-09	3.24995141909312e-06
XANTHURENATE	10966	HMDB	HMDB0000881_19_shen	Xanthurenic acid	inchikey_connectivity_formula_mass	2	FALSE	TRUE	1.29998056763725e-09	3.24995141909312e-06
XANTHURENATE	10967	HMDB	HMDB0000881_20_shen	Xanthurenic acid	inchikey_connectivity_formula_mass	2	FALSE	TRUE	1.29998056763725e-09	3.24995141909312e-06
XANTHURENATE	10968	HMDB	HMDB0000881_21_shen	Xanthurenic acid	inchikey_connectivity_formula_mass	2	FALSE	TRUE	1.29998056763725e-09	3.24995141909312e-06
XANTHURENATE	10969	HMDB	HMDB0000881_22_shen	Xanthurenic acid	inchikey_connectivity_formula_mass	2	FALSE	TRUE	1.29998056763725e-09	3.24995141909312e-06
XANTHURENATE	10970	HMDB	HMDB0000881_23_shen	Xanthurenic acid	inchikey_connectivity_formula_mass	2	FALSE	TRUE	1.29998056763725e-09	3.24995141909312e-06
XANTHURENATE	10971	HMDB	HMDB0000881_24_shen	Xanthurenic acid	inchikey_connectivity_formula_mass	2	FALSE	TRUE	1.29998056763725e-09	3.24995141909312e-06
XANTHURENATE	10972	HMDB	HMDB0000881_25_shen	Xanthurenic acid	inchikey_connectivity_formula_mass	2	FALSE	TRUE	1.29998056763725e-09	3.24995141909312e-06
XANTHURENATE	10973	HMDB	HMDB0000881_26_shen	Xanthurenic acid	inchikey_connectivity_formula_mass	2	FALSE	TRUE	1.29998056763725e-09	3.24995141909312e-06
XANTHURENATE	10974	HMDB	HMDB0000881_27_shen	Xanthurenic acid	inchikey_connectivity_formula_mass	2	FALSE	TRUE	1.29998056763725e-09	3.24995141909312e-06
XANTHURENATE	10975	HMDB	HMDB0000881_28_shen	Xanthurenic acid	inchikey_connectivity_formula_mass	2	FALSE	TRUE	1.29998056763725e-09	3.24995141909312e-06
XANTHURENATE	10976	HMDB	HMDB0000881_29_shen	Xanthurenic acid	inchikey_connectivity_formula_mass	2	FALSE	TRUE	1.29998056763725e-09	3.24995141909312e-06
XANTHURENATE	10977	HMDB	HMDB0000881_30_shen	Xanthurenic acid	inchikey_connectivity_formula_mass	2	FALSE	TRUE	1.29998056763725e-09	3.24995141909312e-06
XANTHURENATE	10978	HMDB	HMDB0000881_31_shen	Xanthurenic acid	inchikey_connectivity_formula_mass	2	FALSE	TRUE	1.29998056763725e-09	3.24995141909312e-06
XANTHURENATE	10979	HMDB	HMDB0000881_32_shen	Xanthurenic acid	inchikey_connectivity_formula_mass	2	FALSE	TRUE	1.29998056763725e-09	3.24995141909312e-06
XANTHURENATE	10980	HMDB	HMDB0000881_33_shen	Xanthurenic acid	inchikey_connectivity_formula_mass	2	FALSE	TRUE	1.29998056763725e-09	3.24995141909312e-06
XANTHURENATE	10981	HMDB	HMDB0000881_34_shen	Xanthurenic acid	inchikey_connectivity_formula_mass	2	FALSE	TRUE	1.29998056763725e-09	3.24995141909312e-06
XANTHURENATE	10982	HMDB	HMDB0000881_35_shen	Xanthurenic acid	inchikey_connectivity_formula_mass	2	FALSE	TRUE	1.29998056763725e-09	3.24995141909312e-06
XANTHURENATE	10983	HMDB	HMDB0000881_36_shen	Xanthurenic acid	inchikey_connectivity_formula_mass	2	FALSE	TRUE	1.29998056763725e-09	3.24995141909312e-06
XANTHURENATE	10984	HMDB	HMDB0000881_37_shen	Xanthurenic acid	inchikey_connectivity_formula_mass	2	FALSE	TRUE	1.29998056763725e-09	3.24995141909312e-06
XANTHURENATE	10985	HMDB	HMDB0000881_38_shen	Xanthurenic acid	inchikey_connectivity_formula_mass	2	FALSE	TRUE	1.29998056763725e-09	3.24995141909312e-06
XANTHURENATE	10986	HMDB	HMDB0000881_39_shen	Xanthurenic acid	inchikey_connectivity_formula_mass	2	FALSE	TRUE	1.29998056763725e-09	3.24995141909312e-06
XANTHURENATE	10987	HMDB	HMDB0000881_40_shen	Xanthurenic acid	inchikey_connectivity_formula_mass	2	FALSE	TRUE	1.29998056763725e-09	3.24995141909312e-06
XANTHURENATE	10988	HMDB	HMDB0000881_41_shen	Xanthurenic acid	inchikey_connectivity_formula_mass	2	FALSE	TRUE	1.29998056763725e-09	3.24995141909312e-06
XANTHURENATE	10989	HMDB	HMDB0000881_42_shen	Xanthurenic acid	inchikey_connectivity_formula_mass	2	FALSE	TRUE	1.29998056763725e-09	3.24995141909312e-06
XANTHURENATE	10990	HMDB	HMDB0000881_43_shen	Xanthurenic acid	inchikey_connectivity_formula_mass	2	FALSE	TRUE	1.29998056763725e-09	3.24995141909312e-06
XANTHURENATE	10991	HMDB	HMDB0000881_44_shen	Xanthurenic acid	inchikey_connectivity_formula_mass	2	FALSE	TRUE	1.29998056763725e-09	3.24995141909312e-06
XANTHURENATE	10992	HMDB	HMDB0000881_45_shen	Xanthurenic acid	inchikey_connectivity_formula_mass	2	FALSE	TRUE	1.29998056763725e-09	3.24995141909312e-06
XANTHURENATE	10993	HMDB	HMDB0000881_46_shen	Xanthurenic acid	inchikey_connectivity_formula_mass	2	FALSE	TRUE	1.29998056763725e-09	3.24995141909312e-06
XANTHURENATE	10994	HMDB	HMDB0000881_47_shen	Xanthurenic acid	inchikey_connectivity_formula_mass	2	FALSE	TRUE	1.29998056763725e-09	3.24995141909312e-06
XANTHURENATE	10995	HMDB	HMDB0000881_48_shen	Xanthurenic acid	inchikey_connectivity_formula_mass	2	FALSE	TRUE	1.29998056763725e-09	3.24995141909312e-06
XANTHURENATE	10996	HMDB	HMDB0000881_49_shen	Xanthurenic acid	inchikey_connectivity_formula_mass	2	FALSE	TRUE	1.29998056763725e-09	3.24995141909312e-06
XANTHURENATE	10997	HMDB	HMDB0000881_50_shen	Xanthurenic acid	inchikey_connectivity_formula_mass	2	FALSE	TRUE	1.29998056763725e-09	3.24995141909312e-06
XANTHURENATE	10998	HMDB	HMDB0000881_51_shen	Xanthurenic acid	inchikey_connectivity_formula_mass	2	FALSE	TRUE	1.29998056763725e-09	3.24995141909312e-06
XANTHURENATE	10999	HMDB	HMDB0000881_52_shen	Xanthurenic acid	inchikey_connectivity_formula_mass	2	FALSE	TRUE	1.29998056763725e-09	3.24995141909312e-06
XANTHURENATE	11000	HMDB	HMDB0000881_53_shen	Xanthurenic acid	inchikey_connectivity_formula_mass	2	FALSE	TRUE	1.29998056763725e-09	3.24995141909312e-06
XANTHURENATE	11001	HMDB	HMDB0000881_54_shen	Xanthurenic acid	inchikey_connectivity_formula_mass	2	FALSE	TRUE	1.29998056763725e-09	3.24995141909312e-06
XANTHURENATE	11002	HMDB	HMDB0000881_55_shen	Xanthurenic acid	inchikey_connectivity_formula_mass	2	FALSE	TRUE	1.29998056763725e-09	3.24995141909312e-06
XANTHURENATE	11003	HMDB	HMDB0000881_56_shen	Xanthurenic acid	inchikey_connectivity_formula_mass	2	FALSE	TRUE	1.29998056763725e-09	3.24995141909312e-06
XANTHURENATE	11004	HMDB	HMDB0000881_57_shen	Xanthurenic acid	inchikey_connectivity_formula_mass	2	FALSE	TRUE	1.29998056763725e-09	3.24995141909312e-06
XANTHURENATE	11005	HMDB	HMDB0000881_58_shen	Xanthurenic acid	inchikey_connectivity_formula_mass	2	FALSE	TRUE	1.29998056763725e-09	3.24995141909312e-06
XANTHURENATE	11006	HMDB	HMDB0000881_59_shen	Xanthurenic acid	inchikey_connectivity_formula_mass	2	FALSE	TRUE	1.29998056763725e-09	3.24995141909312e-06
XANTHURENATE	11007	HMDB	HMDB0000881_60_shen	Xanthurenic acid	inchikey_connectivity_formula_mass	2	FALSE	TRUE	1.29998056763725e-09	3.24995141909312e-06
XANTHURENATE	11008	HMDB	HMDB0000881_61_shen	Xanthurenic acid	inchikey_connectivity_formula_mass	2	FALSE	TRUE	1.29998056763725e-09	3.24995141909312e-06
XANTHURENATE	11009	HMDB	HMDB0000881_62_shen	Xanthurenic acid	inchikey_connectivity_formula_mass	2	FALSE	TRUE	1.29998056763725e-09	3.24995141909312e-06
XANTHURENATE	11010	HMDB	HMDB0000881_63_shen	Xanthurenic acid	inchikey_connectivity_formula_mass	2	FALSE	TRUE	1.29998056763725e-09	3.24995141909312e-06
XANTHURENATE	11011	HMDB	HMDB0000881_64_shen	Xanthurenic acid	inchikey_connectivity_formula_mass	2	FALSE	TRUE	1.29998056763725e-09	3.24995141909312e-06
XANTHURENATE	11012	HMDB	HMDB0000881_65_shen	Xanthurenic acid	inchikey_connectivity_formula_mass	2	FALSE	TRUE	1.29998056763725e-09	3.24995141909312e-06
XANTHURENATE	11013	HMDB	HMDB0000881_66_shen	Xanthurenic acid	inchikey_connectivity_formula_mass	2	FALSE	TRUE	1.29998056763725e-09	3.24995141909312e-06
XANTHURENATE	11014	HMDB	HMDB0000881_67_shen	Xanthurenic acid	inchikey_connectivity_formula_mass	2	FALSE	TRUE	1.29998056763725e-09	3.24995141909312e-06
XANTHURENATE	11015	HMDB	HMDB0000881_68_shen	Xanthurenic acid	inchikey_connectivity_formula_mass	2	FALSE	TRUE	1.29998056763725e-09	3.24995141909312e-06
XANTHURENATE	11016	HMDB	HMDB0000881_69_shen	Xanthurenic acid	inchikey_connectivity_formula_mass	2	FALSE	TRUE	1.29998056763725e-09	3.24995141909312e-06
XANTHURENATE	11017	HMDB	HMDB0000881_70_shen	Xanthurenic acid	inchikey_connectivity_formula_mass	2	FALSE	TRUE	1.29998056763725e-09	3.24995141909312e-06
XANTHURENATE	11018	HMDB	HMDB0000881_71_shen	Xanthurenic acid	inchikey_connectivity_formula_mass	2	FALSE	TRUE	1.29998056763725e-09	3.24995141909312e-06
XANTHURENATE	11019	HMDB	HMDB0000881_72_shen	Xanthurenic acid	inchikey_connectivity_formula_mass	2	FALSE	TRUE	1.29998056763725e-09	3.24995141909312e-06
XANTHURENATE	11020	HMDB	HMDB0000881_73_shen	Xanthurenic acid	inchikey_connectivity_formula_mass	2	FALSE	TRUE	1.29998056763725e-09	3.24995141909312e-06
XANTHURENATE	11021	HMDB	HMDB0000881_74_shen	Xanthurenic acid	inchikey_connectivity_formula_mass	2	FALSE	TRUE	1.29998056763725e-09	3.24995141909312e-06
XANTHURENATE	11022	HMDB	HMDB0000881_75_shen	Xanthurenic acid	inchikey_connectivity_formula_mass	2	FALSE	TRUE	1.29998056763725e-09	3.24995141909312e-06
XANTHURENATE	11023	HMDB	HMDB0000881_76_shen	Xanthurenic acid	inchikey_connectivity_formula_mass	2	FALSE	TRUE	1.29998056763725e-09	3.24995141909312e-06
VAL	11024	HMDB	HMDB0000883_1_shen	L-Valine	inchikey	1	TRUE	TRUE	1.49999834775372e-09	3.74999586938429e-06
VAL	11025	HMDB	HMDB0000883_2_shen	L-Valine	inchikey	1	TRUE	TRUE	1.49999834775372e-09	3.74999586938429e-06
VAL	11026	HMDB	HMDB0000883_3_shen	L-Valine	inchikey	1	TRUE	TRUE	1.49999834775372e-09	3.74999586938429e-06
VAL	11027	HMDB	HMDB0000883_4_shen	L-Valine	inchikey	1	TRUE	TRUE	1.49999834775372e-09	3.74999586938429e-06
VAL	11028	HMDB	HMDB0000883_5_shen	L-Valine	inchikey	1	TRUE	TRUE	1.49999834775372e-09	3.74999586938429e-06
VAL	11029	HMDB	HMDB0000883_6_shen	L-Valine	inchikey	1	TRUE	TRUE	1.49999834775372e-09	3.74999586938429e-06
VAL	11030	HMDB	HMDB0000883_7_shen	L-Valine	inchikey	1	TRUE	TRUE	1.49999834775372e-09	3.74999586938429e-06
VAL	11031	HMDB	HMDB0000883_8_shen	L-Valine	inchikey	1	TRUE	TRUE	1.49999834775372e-09	3.74999586938429e-06
VAL	11032	HMDB	HMDB0000883_9_shen	L-Valine	inchikey	1	TRUE	TRUE	1.49999834775372e-09	3.74999586938429e-06
VAL	11033	HMDB	HMDB0000883_10_shen	L-Valine	inchikey	1	TRUE	TRUE	1.49999834775372e-09	3.74999586938429e-06
VAL	11034	HMDB	HMDB0000883_11_shen	L-Valine	inchikey	1	TRUE	TRUE	1.49999834775372e-09	3.74999586938429e-06
VAL	11035	HMDB	HMDB0000883_12_shen	L-Valine	inchikey	1	TRUE	TRUE	1.49999834775372e-09	3.74999586938429e-06
VAL	11036	HMDB	HMDB0000883_13_shen	L-Valine	inchikey	1	TRUE	TRUE	1.49999834775372e-09	3.74999586938429e-06
VAL	11037	HMDB	HMDB0000883_14_shen	L-Valine	inchikey	1	TRUE	TRUE	1.49999834775372e-09	3.74999586938429e-06
VAL	11038	HMDB	HMDB0000883_15_shen	L-Valine	inchikey	1	TRUE	TRUE	1.49999834775372e-09	3.74999586938429e-06
VAL	11039	HMDB	HMDB0000883_16_shen	L-Valine	inchikey	1	TRUE	TRUE	1.49999834775372e-09	3.74999586938429e-06
VAL	11040	HMDB	HMDB0000883_17_shen	L-Valine	inchikey	1	TRUE	TRUE	1.49999834775372e-09	3.74999586938429e-06
VAL	11041	HMDB	HMDB0000883_18_shen	L-Valine	inchikey	1	TRUE	TRUE	1.49999834775372e-09	3.74999586938429e-06
VAL	11042	HMDB	HMDB0000883_19_shen	L-Valine	inchikey	1	TRUE	TRUE	1.49999834775372e-09	3.74999586938429e-06
VAL	11043	HMDB	HMDB0000883_20_shen	L-Valine	inchikey	1	TRUE	TRUE	1.49999834775372e-09	3.74999586938429e-06
VAL	11044	HMDB	HMDB0000883_21_shen	L-Valine	inchikey	1	TRUE	TRUE	1.49999834775372e-09	3.74999586938429e-06
VAL	11045	HMDB	HMDB0000883_22_shen	L-Valine	inchikey	1	TRUE	TRUE	1.49999834775372e-09	3.74999586938429e-06
VAL	11046	HMDB	HMDB0000883_23_shen	L-Valine	inchikey	1	TRUE	TRUE	1.49999834775372e-09	3.74999586938429e-06
VAL	11047	HMDB	HMDB0000883_24_shen	L-Valine	inchikey	1	TRUE	TRUE	1.49999834775372e-09	3.74999586938429e-06
VAL	11048	HMDB	HMDB0000883_25_shen	L-Valine	inchikey	1	TRUE	TRUE	1.49999834775372e-09	3.74999586938429e-06
VAL	11049	HMDB	HMDB0000883_26_shen	L-Valine	inchikey	1	TRUE	TRUE	1.49999834775372e-09	3.74999586938429e-06
VAL	11050	HMDB	HMDB0000883_27_shen	L-Valine	inchikey	1	TRUE	TRUE	1.49999834775372e-09	3.74999586938429e-06
VAL	11051	HMDB	HMDB0000883_28_shen	L-Valine	inchikey	1	TRUE	TRUE	1.49999834775372e-09	3.74999586938429e-06
VAL	11052	HMDB	HMDB0000883_29_shen	L-Valine	inchikey	1	TRUE	TRUE	1.49999834775372e-09	3.74999586938429e-06
VAL	11053	HMDB	HMDB0000883_30_shen	L-Valine	inchikey	1	TRUE	TRUE	1.49999834775372e-09	3.74999586938429e-06
VAL	11054	HMDB	HMDB0000883_31_shen	L-Valine	inchikey	1	TRUE	TRUE	1.49999834775372e-09	3.74999586938429e-06
VAL	11055	HMDB	HMDB0000883_32_shen	L-Valine	inchikey	1	TRUE	TRUE	1.49999834775372e-09	3.74999586938429e-06
VAL	11056	HMDB	HMDB0000883_33_shen	L-Valine	inchikey	1	TRUE	TRUE	1.49999834775372e-09	3.74999586938429e-06
VAL	11057	HMDB	HMDB0000883_34_shen	L-Valine	inchikey	1	TRUE	TRUE	1.49999834775372e-09	3.74999586938429e-06
VAL	11058	HMDB	HMDB0000883_35_shen	L-Valine	inchikey	1	TRUE	TRUE	1.49999834775372e-09	3.74999586938429e-06
VAL	11059	HMDB	HMDB0000883_36_shen	L-Valine	inchikey	1	TRUE	TRUE	1.49999834775372e-09	3.74999586938429e-06
VAL	11060	HMDB	HMDB0000883_37_shen	L-Valine	inchikey	1	TRUE	TRUE	1.49999834775372e-09	3.74999586938429e-06
VAL	11061	HMDB	HMDB0000883_38_shen	L-Valine	inchikey	1	TRUE	TRUE	1.49999834775372e-09	3.74999586938429e-06
VAL	11062	HMDB	HMDB0000883_39_shen	L-Valine	inchikey	1	TRUE	TRUE	1.49999834775372e-09	3.74999586938429e-06
VAL	11063	HMDB	HMDB0000883_40_shen	L-Valine	inchikey	1	TRUE	TRUE	1.49999834775372e-09	3.74999586938429e-06
VAL	11064	HMDB	HMDB0000883_41_shen	L-Valine	inchikey	1	TRUE	TRUE	1.49999834775372e-09	3.74999586938429e-06
VAL	11065	HMDB	HMDB0000883_42_shen	L-Valine	inchikey	1	TRUE	TRUE	1.49999834775372e-09	3.74999586938429e-06
VAL	11066	HMDB	HMDB0000883_43_shen	L-Valine	inchikey	1	TRUE	TRUE	1.49999834775372e-09	3.74999586938429e-06
VAL	11067	HMDB	HMDB0000883_44_shen	L-Valine	inchikey	1	TRUE	TRUE	1.49999834775372e-09	3.74999586938429e-06
VAL	11068	HMDB	HMDB0000883_45_shen	L-Valine	inchikey	1	TRUE	TRUE	1.49999834775372e-09	3.74999586938429e-06
VAL	11069	HMDB	HMDB0000883_46_shen	L-Valine	inchikey	1	TRUE	TRUE	1.49999834775372e-09	3.74999586938429e-06
VAL	11070	HMDB	HMDB0000883_47_shen	L-Valine	inchikey	1	TRUE	TRUE	1.49999834775372e-09	3.74999586938429e-06
VAL	11071	HMDB	HMDB0000883_48_shen	L-Valine	inchikey	1	TRUE	TRUE	1.49999834775372e-09	3.74999586938429e-06
VAL	11072	HMDB	HMDB0000883_49_shen	L-Valine	inchikey	1	TRUE	TRUE	1.49999834775372e-09	3.74999586938429e-06
VAL	11073	HMDB	HMDB0000883_50_shen	L-Valine	inchikey	1	TRUE	TRUE	1.49999834775372e-09	3.74999586938429e-06
VAL	11074	HMDB	HMDB0000883_51_shen	L-Valine	inchikey	1	TRUE	TRUE	1.49999834775372e-09	3.74999586938429e-06
VAL	11075	HMDB	HMDB0000883_52_shen	L-Valine	inchikey	1	TRUE	TRUE	1.49999834775372e-09	3.74999586938429e-06
VAL	11076	HMDB	HMDB0000883_53_shen	L-Valine	inchikey	1	TRUE	TRUE	1.49999834775372e-09	3.74999586938429e-06
VAL	11077	HMDB	HMDB0000883_54_shen	L-Valine	inchikey	1	TRUE	TRUE	1.49999834775372e-09	3.74999586938429e-06
VAL	11078	HMDB	HMDB0000883_55_shen	L-Valine	inchikey	1	TRUE	TRUE	1.49999834775372e-09	3.74999586938429e-06
CPD-15123	11079	HMDB	HMDB0000884_1_shen	Ribothymidine	inchikey	1	TRUE	TRUE	2.39998598772218e-09	5.99996496930544e-06
CPD-15123	11080	HMDB	HMDB0000884_2_shen	Ribothymidine	inchikey	1	TRUE	TRUE	2.39998598772218e-09	5.99996496930544e-06
CPD-15123	11081	HMDB	HMDB0000884_3_shen	Ribothymidine	inchikey	1	TRUE	TRUE	2.39998598772218e-09	5.99996496930544e-06
CPD-15123	11082	HMDB	HMDB0000884_4_shen	Ribothymidine	inchikey	1	TRUE	TRUE	2.39998598772218e-09	5.99996496930544e-06
CPD-15123	11083	HMDB	HMDB0000884_5_shen	Ribothymidine	inchikey	1	TRUE	TRUE	2.39998598772218e-09	5.99996496930544e-06
CPD-15123	11084	HMDB	HMDB0000884_6_shen	Ribothymidine	inchikey	1	TRUE	TRUE	2.39998598772218e-09	5.99996496930544e-06
CPD-15123	11085	HMDB	HMDB0000884_7_shen	Ribothymidine	inchikey	1	TRUE	TRUE	2.39998598772218e-09	5.99996496930544e-06
CPD-15123	11086	HMDB	HMDB0000884_8_shen	Ribothymidine	inchikey	1	TRUE	TRUE	2.39998598772218e-09	5.99996496930544e-06
CPD-15123	11087	HMDB	HMDB0000884_9_shen	Ribothymidine	inchikey	1	TRUE	TRUE	2.39998598772218e-09	5.99996496930544e-06
CPD-15123	11088	HMDB	HMDB0000884_10_shen	Ribothymidine	inchikey	1	TRUE	TRUE	2.39998598772218e-09	5.99996496930544e-06
CPD-15123	11089	HMDB	HMDB0000884_11_shen	Ribothymidine	inchikey	1	TRUE	TRUE	2.39998598772218e-09	5.99996496930544e-06
CPD-15123	11090	HMDB	HMDB0000884_12_shen	Ribothymidine	inchikey	1	TRUE	TRUE	2.39998598772218e-09	5.99996496930544e-06
CPD-15123	11091	HMDB	HMDB0000884_13_shen	Ribothymidine	inchikey	1	TRUE	TRUE	2.39998598772218e-09	5.99996496930544e-06
CPD-15123	11092	HMDB	HMDB0000884_14_shen	Ribothymidine	inchikey	1	TRUE	TRUE	2.39998598772218e-09	5.99996496930544e-06
CPD-15123	11093	HMDB	HMDB0000884_15_shen	Ribothymidine	inchikey	1	TRUE	TRUE	2.39998598772218e-09	5.99996496930544e-06
CPD0-1264	11121	HMDB	HMDB0000893_1_shen	Suberic acid	inchikey_connectivity_formula_mass	2	FALSE	TRUE	1.80000370164635e-09	4.50000925411587e-06
CPD0-1264	11122	HMDB	HMDB0000893_2_shen	Suberic acid	inchikey_connectivity_formula_mass	2	FALSE	TRUE	1.80000370164635e-09	4.50000925411587e-06
CPD0-1264	11123	HMDB	HMDB0000893_3_shen	Suberic acid	inchikey_connectivity_formula_mass	2	FALSE	TRUE	1.80000370164635e-09	4.50000925411587e-06
CPD0-1264	11124	HMDB	HMDB0000893_4_shen	Suberic acid	inchikey_connectivity_formula_mass	2	FALSE	TRUE	1.80000370164635e-09	4.50000925411587e-06
CPD0-1264	11125	HMDB	HMDB0000893_5_shen	Suberic acid	inchikey_connectivity_formula_mass	2	FALSE	TRUE	1.80000370164635e-09	4.50000925411587e-06
CPD0-1264	11126	HMDB	HMDB0000893_6_shen	Suberic acid	inchikey_connectivity_formula_mass	2	FALSE	TRUE	1.80000370164635e-09	4.50000925411587e-06
CPD0-1264	11127	HMDB	HMDB0000893_7_shen	Suberic acid	inchikey_connectivity_formula_mass	2	FALSE	TRUE	1.80000370164635e-09	4.50000925411587e-06
CPD0-1264	11128	HMDB	HMDB0000893_8_shen	Suberic acid	inchikey_connectivity_formula_mass	2	FALSE	TRUE	1.80000370164635e-09	4.50000925411587e-06
CPD0-1264	11129	HMDB	HMDB0000893_9_shen	Suberic acid	inchikey_connectivity_formula_mass	2	FALSE	TRUE	1.80000370164635e-09	4.50000925411587e-06
CPD0-1264	11130	HMDB	HMDB0000893_10_shen	Suberic acid	inchikey_connectivity_formula_mass	2	FALSE	TRUE	1.80000370164635e-09	4.50000925411587e-06
CPD0-1264	11131	HMDB	HMDB0000893_11_shen	Suberic acid	inchikey_connectivity_formula_mass	2	FALSE	TRUE	1.80000370164635e-09	4.50000925411587e-06
CPD0-1264	11132	HMDB	HMDB0000893_12_shen	Suberic acid	inchikey_connectivity_formula_mass	2	FALSE	TRUE	1.80000370164635e-09	4.50000925411587e-06
CPD0-1264	11133	HMDB	HMDB0000893_13_shen	Suberic acid	inchikey_connectivity_formula_mass	2	FALSE	TRUE	1.80000370164635e-09	4.50000925411587e-06
CPD0-1264	11134	HMDB	HMDB0000893_14_shen	Suberic acid	inchikey_connectivity_formula_mass	2	FALSE	TRUE	1.80000370164635e-09	4.50000925411587e-06
CPD0-1264	11135	HMDB	HMDB0000893_15_shen	Suberic acid	inchikey_connectivity_formula_mass	2	FALSE	TRUE	1.80000370164635e-09	4.50000925411587e-06
CPD0-1264	11136	HMDB	HMDB0000893_16_shen	Suberic acid	inchikey_connectivity_formula_mass	2	FALSE	TRUE	1.80000370164635e-09	4.50000925411587e-06
CPD0-1264	11137	HMDB	HMDB0000893_17_shen	Suberic acid	inchikey_connectivity_formula_mass	2	FALSE	TRUE	1.80000370164635e-09	4.50000925411587e-06
CPD0-1264	11138	HMDB	HMDB0000893_18_shen	Suberic acid	inchikey_connectivity_formula_mass	2	FALSE	TRUE	1.80000370164635e-09	4.50000925411587e-06
CPD0-1264	11139	HMDB	HMDB0000893_19_shen	Suberic acid	inchikey_connectivity_formula_mass	2	FALSE	TRUE	1.80000370164635e-09	4.50000925411587e-06
CPD0-1264	11140	HMDB	HMDB0000893_20_shen	Suberic acid	inchikey_connectivity_formula_mass	2	FALSE	TRUE	1.80000370164635e-09	4.50000925411587e-06
CPD0-1264	11141	HMDB	HMDB0000893_21_shen	Suberic acid	inchikey_connectivity_formula_mass	2	FALSE	TRUE	1.80000370164635e-09	4.50000925411587e-06
CPD0-1264	11142	HMDB	HMDB0000893_22_shen	Suberic acid	inchikey_connectivity_formula_mass	2	FALSE	TRUE	1.80000370164635e-09	4.50000925411587e-06
CPD0-1264	11143	HMDB	HMDB0000893_23_shen	Suberic acid	inchikey_connectivity_formula_mass	2	FALSE	TRUE	1.80000370164635e-09	4.50000925411587e-06
CPD0-1264	11144	HMDB	HMDB0000893_24_shen	Suberic acid	inchikey_connectivity_formula_mass	2	FALSE	TRUE	1.80000370164635e-09	4.50000925411587e-06
CPD0-1264	11145	HMDB	HMDB0000893_25_shen	Suberic acid	inchikey_connectivity_formula_mass	2	FALSE	TRUE	1.80000370164635e-09	4.50000925411587e-06
CPD0-1264	11146	HMDB	HMDB0000893_26_shen	Suberic acid	inchikey_connectivity_formula_mass	2	FALSE	TRUE	1.80000370164635e-09	4.50000925411587e-06
CPD0-1264	11147	HMDB	HMDB0000893_27_shen	Suberic acid	inchikey_connectivity_formula_mass	2	FALSE	TRUE	1.80000370164635e-09	4.50000925411587e-06
CPD0-1264	11148	HMDB	HMDB0000893_28_shen	Suberic acid	inchikey_connectivity_formula_mass	2	FALSE	TRUE	1.80000370164635e-09	4.50000925411587e-06
CPD0-1264	11149	HMDB	HMDB0000893_29_shen	Suberic acid	inchikey_connectivity_formula_mass	2	FALSE	TRUE	1.80000370164635e-09	4.50000925411587e-06
CPD0-1264	11150	HMDB	HMDB0000893_30_shen	Suberic acid	inchikey_connectivity_formula_mass	2	FALSE	TRUE	1.80000370164635e-09	4.50000925411587e-06
CPD0-1264	11151	HMDB	HMDB0000893_31_shen	Suberic acid	inchikey_connectivity_formula_mass	2	FALSE	TRUE	1.80000370164635e-09	4.50000925411587e-06
CPD0-1264	11152	HMDB	HMDB0000893_32_shen	Suberic acid	inchikey_connectivity_formula_mass	2	FALSE	TRUE	1.80000370164635e-09	4.50000925411587e-06
CPD0-1264	11153	HMDB	HMDB0000893_33_shen	Suberic acid	inchikey_connectivity_formula_mass	2	FALSE	TRUE	1.80000370164635e-09	4.50000925411587e-06
CPD0-1264	11154	HMDB	HMDB0000893_34_shen	Suberic acid	inchikey_connectivity_formula_mass	2	FALSE	TRUE	1.80000370164635e-09	4.50000925411587e-06
CPD0-1264	11155	HMDB	HMDB0000893_35_shen	Suberic acid	inchikey_connectivity_formula_mass	2	FALSE	TRUE	1.80000370164635e-09	4.50000925411587e-06
CPD0-1264	11156	HMDB	HMDB0000893_36_shen	Suberic acid	inchikey_connectivity_formula_mass	2	FALSE	TRUE	1.80000370164635e-09	4.50000925411587e-06
CPD0-1264	11157	HMDB	HMDB0000893_37_shen	Suberic acid	inchikey_connectivity_formula_mass	2	FALSE	TRUE	1.80000370164635e-09	4.50000925411587e-06
CPD0-1264	11158	HMDB	HMDB0000893_38_shen	Suberic acid	inchikey_connectivity_formula_mass	2	FALSE	TRUE	1.80000370164635e-09	4.50000925411587e-06
CPD0-1264	11159	HMDB	HMDB0000893_39_shen	Suberic acid	inchikey_connectivity_formula_mass	2	FALSE	TRUE	1.80000370164635e-09	4.50000925411587e-06
CPD0-1264	11160	HMDB	HMDB0000893_40_shen	Suberic acid	inchikey_connectivity_formula_mass	2	FALSE	TRUE	1.80000370164635e-09	4.50000925411587e-06
CPD0-1264	11161	HMDB	HMDB0000893_41_shen	Suberic acid	inchikey_connectivity_formula_mass	2	FALSE	TRUE	1.80000370164635e-09	4.50000925411587e-06
CPD0-1264	11162	HMDB	HMDB0000893_42_shen	Suberic acid	inchikey_connectivity_formula_mass	2	FALSE	TRUE	1.80000370164635e-09	4.50000925411587e-06
CPD0-1264	11163	HMDB	HMDB0000893_43_shen	Suberic acid	inchikey_connectivity_formula_mass	2	FALSE	TRUE	1.80000370164635e-09	4.50000925411587e-06
CPD0-1264	11164	HMDB	HMDB0000893_44_shen	Suberic acid	inchikey_connectivity_formula_mass	2	FALSE	TRUE	1.80000370164635e-09	4.50000925411587e-06
CPD0-1264	11165	HMDB	HMDB0000893_45_shen	Suberic acid	inchikey_connectivity_formula_mass	2	FALSE	TRUE	1.80000370164635e-09	4.50000925411587e-06
CPD0-1264	11166	HMDB	HMDB0000893_46_shen	Suberic acid	inchikey_connectivity_formula_mass	2	FALSE	TRUE	1.80000370164635e-09	4.50000925411587e-06
CPD0-1264	11167	HMDB	HMDB0000893_47_shen	Suberic acid	inchikey_connectivity_formula_mass	2	FALSE	TRUE	1.80000370164635e-09	4.50000925411587e-06
CPD0-1264	11168	HMDB	HMDB0000893_48_shen	Suberic acid	inchikey_connectivity_formula_mass	2	FALSE	TRUE	1.80000370164635e-09	4.50000925411587e-06
CPD0-1264	11169	HMDB	HMDB0000893_49_shen	Suberic acid	inchikey_connectivity_formula_mass	2	FALSE	TRUE	1.80000370164635e-09	4.50000925411587e-06
CPD0-1264	11170	HMDB	HMDB0000893_50_shen	Suberic acid	inchikey_connectivity_formula_mass	2	FALSE	TRUE	1.80000370164635e-09	4.50000925411587e-06
CPD0-1264	11171	HMDB	HMDB0000893_51_shen	Suberic acid	inchikey_connectivity_formula_mass	2	FALSE	TRUE	1.80000370164635e-09	4.50000925411587e-06
CPD0-1264	11172	HMDB	HMDB0000893_52_shen	Suberic acid	inchikey_connectivity_formula_mass	2	FALSE	TRUE	1.80000370164635e-09	4.50000925411587e-06
CPD0-1264	11173	HMDB	HMDB0000893_53_shen	Suberic acid	inchikey_connectivity_formula_mass	2	FALSE	TRUE	1.80000370164635e-09	4.50000925411587e-06
ACETYLCHOLINE	11177	HMDB	HMDB0000895_1_shen	Acetylcholine	inchikey	1	TRUE	TRUE	1.00782503410002	2519.56258525006
ACETYLCHOLINE	11178	HMDB	HMDB0000895_2_shen	Acetylcholine	inchikey	1	TRUE	TRUE	1.00782503410002	2519.56258525006
ACETYLCHOLINE	11179	HMDB	HMDB0000895_3_shen	Acetylcholine	inchikey	1	TRUE	TRUE	1.00782503410002	2519.56258525006
ACETYLCHOLINE	11180	HMDB	HMDB0000895_4_shen	Acetylcholine	inchikey	1	TRUE	TRUE	1.00782503410002	2519.56258525006
ACETYLCHOLINE	11181	HMDB	HMDB0000895_5_shen	Acetylcholine	inchikey	1	TRUE	TRUE	1.00782503410002	2519.56258525006
ACETYLCHOLINE	11182	HMDB	HMDB0000895_6_shen	Acetylcholine	inchikey	1	TRUE	TRUE	1.00782503410002	2519.56258525006
ACETYLCHOLINE	11183	HMDB	HMDB0000895_7_shen	Acetylcholine	inchikey	1	TRUE	TRUE	1.00782503410002	2519.56258525006
ACETYLCHOLINE	11184	HMDB	HMDB0000895_8_shen	Acetylcholine	inchikey	1	TRUE	TRUE	1.00782503410002	2519.56258525006
ACETYLCHOLINE	11185	HMDB	HMDB0000895_9_shen	Acetylcholine	inchikey	1	TRUE	TRUE	1.00782503410002	2519.56258525006
ACETYLCHOLINE	11186	HMDB	HMDB0000895_10_shen	Acetylcholine	inchikey	1	TRUE	TRUE	1.00782503410002	2519.56258525006
ACETYLCHOLINE	11187	HMDB	HMDB0000895_11_shen	Acetylcholine	inchikey	1	TRUE	TRUE	1.00782503410002	2519.56258525006
ACETYLCHOLINE	11188	HMDB	HMDB0000895_12_shen	Acetylcholine	inchikey	1	TRUE	TRUE	1.00782503410002	2519.56258525006
ACETYLCHOLINE	11189	HMDB	HMDB0000895_13_shen	Acetylcholine	inchikey	1	TRUE	TRUE	1.00782503410002	2519.56258525006
ACETYLCHOLINE	11190	HMDB	HMDB0000895_14_shen	Acetylcholine	inchikey	1	TRUE	TRUE	1.00782503410002	2519.56258525006
ACETYLCHOLINE	11191	HMDB	HMDB0000895_15_shen	Acetylcholine	inchikey	1	TRUE	TRUE	1.00782503410002	2519.56258525006
ACETYLCHOLINE	11192	HMDB	HMDB0000895_16_shen	Acetylcholine	inchikey	1	TRUE	TRUE	1.00782503410002	2519.56258525006
ACETYLCHOLINE	11193	HMDB	HMDB0000895_17_shen	Acetylcholine	inchikey	1	TRUE	TRUE	1.00782503410002	2519.56258525006
ACETYLCHOLINE	11194	HMDB	HMDB0000895_18_shen	Acetylcholine	inchikey	1	TRUE	TRUE	1.00782503410002	2519.56258525006
ACETYLCHOLINE	11195	HMDB	HMDB0000895_19_shen	Acetylcholine	inchikey	1	TRUE	TRUE	1.00782503410002	2519.56258525006
CPD-342	11246	HMDB	HMDB0000899_1_shen	Androstanedione	inchikey	1	TRUE	TRUE	2.999968273798e-09	7.49992068449501e-06
CPD-342	11247	HMDB	HMDB0000899_2_shen	Androstanedione	inchikey	1	TRUE	TRUE	2.999968273798e-09	7.49992068449501e-06
CPD-342	11248	HMDB	HMDB0000899_3_shen	Androstanedione	inchikey	1	TRUE	TRUE	2.999968273798e-09	7.49992068449501e-06
CPD-342	11249	HMDB	HMDB0000899_4_shen	Androstanedione	inchikey	1	TRUE	TRUE	2.999968273798e-09	7.49992068449501e-06
CPD-342	11250	HMDB	HMDB0000899_5_shen	Androstanedione	inchikey	1	TRUE	TRUE	2.999968273798e-09	7.49992068449501e-06
CPD-342	11251	HMDB	HMDB0000899_6_shen	Androstanedione	inchikey	1	TRUE	TRUE	2.999968273798e-09	7.49992068449501e-06
L-CITRULLINE	11279	HMDB	HMDB0000904_1_shen	Citrulline	inchikey	1	TRUE	TRUE	2.20001084016985e-09	5.50002710042463e-06
L-CITRULLINE	11280	HMDB	HMDB0000904_2_shen	Citrulline	inchikey	1	TRUE	TRUE	2.20001084016985e-09	5.50002710042463e-06
L-CITRULLINE	11281	HMDB	HMDB0000904_3_shen	Citrulline	inchikey	1	TRUE	TRUE	2.20001084016985e-09	5.50002710042463e-06
L-CITRULLINE	11282	HMDB	HMDB0000904_4_shen	Citrulline	inchikey	1	TRUE	TRUE	2.20001084016985e-09	5.50002710042463e-06
L-CITRULLINE	11283	HMDB	HMDB0000904_5_shen	Citrulline	inchikey	1	TRUE	TRUE	2.20001084016985e-09	5.50002710042463e-06
L-CITRULLINE	11284	HMDB	HMDB0000904_6_shen	Citrulline	inchikey	1	TRUE	TRUE	2.20001084016985e-09	5.50002710042463e-06
L-CITRULLINE	11285	HMDB	HMDB0000904_7_shen	Citrulline	inchikey	1	TRUE	TRUE	2.20001084016985e-09	5.50002710042463e-06
L-CITRULLINE	11286	HMDB	HMDB0000904_8_shen	Citrulline	inchikey	1	TRUE	TRUE	2.20001084016985e-09	5.50002710042463e-06
L-CITRULLINE	11287	HMDB	HMDB0000904_9_shen	Citrulline	inchikey	1	TRUE	TRUE	2.20001084016985e-09	5.50002710042463e-06
L-CITRULLINE	11288	HMDB	HMDB0000904_10_shen	Citrulline	inchikey	1	TRUE	TRUE	2.20001084016985e-09	5.50002710042463e-06
L-CITRULLINE	11289	HMDB	HMDB0000904_11_shen	Citrulline	inchikey	1	TRUE	TRUE	2.20001084016985e-09	5.50002710042463e-06
L-CITRULLINE	11290	HMDB	HMDB0000904_12_shen	Citrulline	inchikey	1	TRUE	TRUE	2.20001084016985e-09	5.50002710042463e-06
L-CITRULLINE	11291	HMDB	HMDB0000904_13_shen	Citrulline	inchikey	1	TRUE	TRUE	2.20001084016985e-09	5.50002710042463e-06
L-CITRULLINE	11292	HMDB	HMDB0000904_14_shen	Citrulline	inchikey	1	TRUE	TRUE	2.20001084016985e-09	5.50002710042463e-06
L-CITRULLINE	11293	HMDB	HMDB0000904_15_shen	Citrulline	inchikey	1	TRUE	TRUE	2.20001084016985e-09	5.50002710042463e-06
L-CITRULLINE	11294	HMDB	HMDB0000904_16_shen	Citrulline	inchikey	1	TRUE	TRUE	2.20001084016985e-09	5.50002710042463e-06
L-CITRULLINE	11295	HMDB	HMDB0000904_17_shen	Citrulline	inchikey	1	TRUE	TRUE	2.20001084016985e-09	5.50002710042463e-06
L-CITRULLINE	11296	HMDB	HMDB0000904_18_shen	Citrulline	inchikey	1	TRUE	TRUE	2.20001084016985e-09	5.50002710042463e-06
L-CITRULLINE	11297	HMDB	HMDB0000904_19_shen	Citrulline	inchikey	1	TRUE	TRUE	2.20001084016985e-09	5.50002710042463e-06
L-CITRULLINE	11298	HMDB	HMDB0000904_20_shen	Citrulline	inchikey	1	TRUE	TRUE	2.20001084016985e-09	5.50002710042463e-06
L-CITRULLINE	11299	HMDB	HMDB0000904_21_shen	Citrulline	inchikey	1	TRUE	TRUE	2.20001084016985e-09	5.50002710042463e-06
L-CITRULLINE	11300	HMDB	HMDB0000904_22_shen	Citrulline	inchikey	1	TRUE	TRUE	2.20001084016985e-09	5.50002710042463e-06
L-CITRULLINE	11301	HMDB	HMDB0000904_23_shen	Citrulline	inchikey	1	TRUE	TRUE	2.20001084016985e-09	5.50002710042463e-06
L-CITRULLINE	11302	HMDB	HMDB0000904_24_shen	Citrulline	inchikey	1	TRUE	TRUE	2.20001084016985e-09	5.50002710042463e-06
L-CITRULLINE	11303	HMDB	HMDB0000904_25_shen	Citrulline	inchikey	1	TRUE	TRUE	2.20001084016985e-09	5.50002710042463e-06
L-CITRULLINE	11304	HMDB	HMDB0000904_26_shen	Citrulline	inchikey	1	TRUE	TRUE	2.20001084016985e-09	5.50002710042463e-06
L-CITRULLINE	11305	HMDB	HMDB0000904_27_shen	Citrulline	inchikey	1	TRUE	TRUE	2.20001084016985e-09	5.50002710042463e-06
L-CITRULLINE	11306	HMDB	HMDB0000904_28_shen	Citrulline	inchikey	1	TRUE	TRUE	2.20001084016985e-09	5.50002710042463e-06
L-CITRULLINE	11307	HMDB	HMDB0000904_29_shen	Citrulline	inchikey	1	TRUE	TRUE	2.20001084016985e-09	5.50002710042463e-06
L-CITRULLINE	11308	HMDB	HMDB0000904_30_shen	Citrulline	inchikey	1	TRUE	TRUE	2.20001084016985e-09	5.50002710042463e-06
L-CITRULLINE	11309	HMDB	HMDB0000904_31_shen	Citrulline	inchikey	1	TRUE	TRUE	2.20001084016985e-09	5.50002710042463e-06
L-CITRULLINE	11310	HMDB	HMDB0000904_32_shen	Citrulline	inchikey	1	TRUE	TRUE	2.20001084016985e-09	5.50002710042463e-06
L-CITRULLINE	11311	HMDB	HMDB0000904_33_shen	Citrulline	inchikey	1	TRUE	TRUE	2.20001084016985e-09	5.50002710042463e-06
L-CITRULLINE	11312	HMDB	HMDB0000904_34_shen	Citrulline	inchikey	1	TRUE	TRUE	2.20001084016985e-09	5.50002710042463e-06
L-CITRULLINE	11313	HMDB	HMDB0000904_35_shen	Citrulline	inchikey	1	TRUE	TRUE	2.20001084016985e-09	5.50002710042463e-06
L-CITRULLINE	11314	HMDB	HMDB0000904_36_shen	Citrulline	inchikey	1	TRUE	TRUE	2.20001084016985e-09	5.50002710042463e-06
L-CITRULLINE	11315	HMDB	HMDB0000904_37_shen	Citrulline	inchikey	1	TRUE	TRUE	2.20001084016985e-09	5.50002710042463e-06
L-CITRULLINE	11316	HMDB	HMDB0000904_38_shen	Citrulline	inchikey	1	TRUE	TRUE	2.20001084016985e-09	5.50002710042463e-06
L-CITRULLINE	11317	HMDB	HMDB0000904_39_shen	Citrulline	inchikey	1	TRUE	TRUE	2.20001084016985e-09	5.50002710042463e-06
L-CITRULLINE	11318	HMDB	HMDB0000904_40_shen	Citrulline	inchikey	1	TRUE	TRUE	2.20001084016985e-09	5.50002710042463e-06
L-CITRULLINE	11319	HMDB	HMDB0000904_41_shen	Citrulline	inchikey	1	TRUE	TRUE	2.20001084016985e-09	5.50002710042463e-06
L-CITRULLINE	11320	HMDB	HMDB0000904_42_shen	Citrulline	inchikey	1	TRUE	TRUE	2.20001084016985e-09	5.50002710042463e-06
L-CITRULLINE	11321	HMDB	HMDB0000904_43_shen	Citrulline	inchikey	1	TRUE	TRUE	2.20001084016985e-09	5.50002710042463e-06
L-CITRULLINE	11322	HMDB	HMDB0000904_44_shen	Citrulline	inchikey	1	TRUE	TRUE	2.20001084016985e-09	5.50002710042463e-06
L-CITRULLINE	11323	HMDB	HMDB0000904_45_shen	Citrulline	inchikey	1	TRUE	TRUE	2.20001084016985e-09	5.50002710042463e-06
L-CITRULLINE	11324	HMDB	HMDB0000904_46_shen	Citrulline	inchikey	1	TRUE	TRUE	2.20001084016985e-09	5.50002710042463e-06
L-CITRULLINE	11325	HMDB	HMDB0000904_47_shen	Citrulline	inchikey	1	TRUE	TRUE	2.20001084016985e-09	5.50002710042463e-06
L-CITRULLINE	11326	HMDB	HMDB0000904_48_shen	Citrulline	inchikey	1	TRUE	TRUE	2.20001084016985e-09	5.50002710042463e-06
L-CITRULLINE	11327	HMDB	HMDB0000904_49_shen	Citrulline	inchikey	1	TRUE	TRUE	2.20001084016985e-09	5.50002710042463e-06
L-CITRULLINE	11328	HMDB	HMDB0000904_50_shen	Citrulline	inchikey	1	TRUE	TRUE	2.20001084016985e-09	5.50002710042463e-06
L-CITRULLINE	11329	HMDB	HMDB0000904_51_shen	Citrulline	inchikey	1	TRUE	TRUE	2.20001084016985e-09	5.50002710042463e-06
L-CITRULLINE	11330	HMDB	HMDB0000904_52_shen	Citrulline	inchikey	1	TRUE	TRUE	2.20001084016985e-09	5.50002710042463e-06
L-CITRULLINE	11331	HMDB	HMDB0000904_53_shen	Citrulline	inchikey	1	TRUE	TRUE	2.20001084016985e-09	5.50002710042463e-06
L-CITRULLINE	11332	HMDB	HMDB0000904_54_shen	Citrulline	inchikey	1	TRUE	TRUE	2.20001084016985e-09	5.50002710042463e-06
L-CITRULLINE	11333	HMDB	HMDB0000904_55_shen	Citrulline	inchikey	1	TRUE	TRUE	2.20001084016985e-09	5.50002710042463e-06
L-CITRULLINE	11334	HMDB	HMDB0000904_56_shen	Citrulline	inchikey	1	TRUE	TRUE	2.20001084016985e-09	5.50002710042463e-06
L-CITRULLINE	11335	HMDB	HMDB0000904_57_shen	Citrulline	inchikey	1	TRUE	TRUE	2.20001084016985e-09	5.50002710042463e-06
L-CITRULLINE	11336	HMDB	HMDB0000904_58_shen	Citrulline	inchikey	1	TRUE	TRUE	2.20001084016985e-09	5.50002710042463e-06
L-CITRULLINE	11337	HMDB	HMDB0000904_59_shen	Citrulline	inchikey	1	TRUE	TRUE	2.20001084016985e-09	5.50002710042463e-06
L-CITRULLINE	11338	HMDB	HMDB0000904_60_shen	Citrulline	inchikey	1	TRUE	TRUE	2.20001084016985e-09	5.50002710042463e-06
L-CITRULLINE	11339	HMDB	HMDB0000904_61_shen	Citrulline	inchikey	1	TRUE	TRUE	2.20001084016985e-09	5.50002710042463e-06
L-CITRULLINE	11340	HMDB	HMDB0000904_62_shen	Citrulline	inchikey	1	TRUE	TRUE	2.20001084016985e-09	5.50002710042463e-06
L-CITRULLINE	11341	HMDB	HMDB0000904_63_shen	Citrulline	inchikey	1	TRUE	TRUE	2.20001084016985e-09	5.50002710042463e-06
L-CITRULLINE	11342	HMDB	HMDB0000904_64_shen	Citrulline	inchikey	1	TRUE	TRUE	2.20001084016985e-09	5.50002710042463e-06
L-CITRULLINE	11343	HMDB	HMDB0000904_65_shen	Citrulline	inchikey	1	TRUE	TRUE	2.20001084016985e-09	5.50002710042463e-06
L-CITRULLINE	11344	HMDB	HMDB0000904_66_shen	Citrulline	inchikey	1	TRUE	TRUE	2.20001084016985e-09	5.50002710042463e-06
L-CITRULLINE	11345	HMDB	HMDB0000904_67_shen	Citrulline	inchikey	1	TRUE	TRUE	2.20001084016985e-09	5.50002710042463e-06
L-CITRULLINE	11346	HMDB	HMDB0000904_68_shen	Citrulline	inchikey	1	TRUE	TRUE	2.20001084016985e-09	5.50002710042463e-06
L-CITRULLINE	11347	HMDB	HMDB0000904_69_shen	Citrulline	inchikey	1	TRUE	TRUE	2.20001084016985e-09	5.50002710042463e-06
L-CITRULLINE	11348	HMDB	HMDB0000904_70_shen	Citrulline	inchikey	1	TRUE	TRUE	2.20001084016985e-09	5.50002710042463e-06
L-CITRULLINE	11349	HMDB	HMDB0000904_71_shen	Citrulline	inchikey	1	TRUE	TRUE	2.20001084016985e-09	5.50002710042463e-06
L-CITRULLINE	11350	HMDB	HMDB0000904_72_shen	Citrulline	inchikey	1	TRUE	TRUE	2.20001084016985e-09	5.50002710042463e-06
L-CITRULLINE	11351	HMDB	HMDB0000904_73_shen	Citrulline	inchikey	1	TRUE	TRUE	2.20001084016985e-09	5.50002710042463e-06
L-CITRULLINE	11352	HMDB	HMDB0000904_74_shen	Citrulline	inchikey	1	TRUE	TRUE	2.20001084016985e-09	5.50002710042463e-06
L-CITRULLINE	11353	HMDB	HMDB0000904_75_shen	Citrulline	inchikey	1	TRUE	TRUE	2.20001084016985e-09	5.50002710042463e-06
L-CITRULLINE	11354	HMDB	HMDB0000904_76_shen	Citrulline	inchikey	1	TRUE	TRUE	2.20001084016985e-09	5.50002710042463e-06
L-CITRULLINE	11355	HMDB	HMDB0000904_77_shen	Citrulline	inchikey	1	TRUE	TRUE	2.20001084016985e-09	5.50002710042463e-06
L-CITRULLINE	11356	HMDB	HMDB0000904_78_shen	Citrulline	inchikey	1	TRUE	TRUE	2.20001084016985e-09	5.50002710042463e-06
L-CITRULLINE	11357	HMDB	HMDB0000904_79_shen	Citrulline	inchikey	1	TRUE	TRUE	2.20001084016985e-09	5.50002710042463e-06
L-CITRULLINE	11358	HMDB	HMDB0000904_80_shen	Citrulline	inchikey	1	TRUE	TRUE	2.20001084016985e-09	5.50002710042463e-06
L-CITRULLINE	11359	HMDB	HMDB0000904_81_shen	Citrulline	inchikey	1	TRUE	TRUE	2.20001084016985e-09	5.50002710042463e-06
L-CITRULLINE	11360	HMDB	HMDB0000904_82_shen	Citrulline	inchikey	1	TRUE	TRUE	2.20001084016985e-09	5.50002710042463e-06
L-CITRULLINE	11361	HMDB	HMDB0000904_83_shen	Citrulline	inchikey	1	TRUE	TRUE	2.20001084016985e-09	5.50002710042463e-06
L-CITRULLINE	11362	HMDB	HMDB0000904_84_shen	Citrulline	inchikey	1	TRUE	TRUE	2.20001084016985e-09	5.50002710042463e-06
L-CITRULLINE	11363	HMDB	HMDB0000904_85_shen	Citrulline	inchikey	1	TRUE	TRUE	2.20001084016985e-09	5.50002710042463e-06
L-CITRULLINE	11364	HMDB	HMDB0000904_86_shen	Citrulline	inchikey	1	TRUE	TRUE	2.20001084016985e-09	5.50002710042463e-06
L-CITRULLINE	11365	HMDB	HMDB0000904_87_shen	Citrulline	inchikey	1	TRUE	TRUE	2.20001084016985e-09	5.50002710042463e-06
DAMP	11366	HMDB	HMDB0000905_1_shen	Deoxyadenosine monophosphate	inchikey_connectivity_formula_mass	2	FALSE	TRUE	9.99989424599335e-10	2.49997356149834e-06
DAMP	11367	HMDB	HMDB0000905_2_shen	Deoxyadenosine monophosphate	inchikey_connectivity_formula_mass	2	FALSE	TRUE	9.99989424599335e-10	2.49997356149834e-06
DAMP	11368	HMDB	HMDB0000905_3_shen	Deoxyadenosine monophosphate	inchikey_connectivity_formula_mass	2	FALSE	TRUE	9.99989424599335e-10	2.49997356149834e-06
DAMP	11369	HMDB	HMDB0000905_4_shen	Deoxyadenosine monophosphate	inchikey_connectivity_formula_mass	2	FALSE	TRUE	9.99989424599335e-10	2.49997356149834e-06
DAMP	11370	HMDB	HMDB0000905_5_shen	Deoxyadenosine monophosphate	inchikey_connectivity_formula_mass	2	FALSE	TRUE	9.99989424599335e-10	2.49997356149834e-06
DAMP	11371	HMDB	HMDB0000905_6_shen	Deoxyadenosine monophosphate	inchikey_connectivity_formula_mass	2	FALSE	TRUE	9.99989424599335e-10	2.49997356149834e-06
DAMP	11372	HMDB	HMDB0000905_7_shen	Deoxyadenosine monophosphate	inchikey_connectivity_formula_mass	2	FALSE	TRUE	9.99989424599335e-10	2.49997356149834e-06
DAMP	11373	HMDB	HMDB0000905_8_shen	Deoxyadenosine monophosphate	inchikey_connectivity_formula_mass	2	FALSE	TRUE	9.99989424599335e-10	2.49997356149834e-06
DAMP	11374	HMDB	HMDB0000905_9_shen	Deoxyadenosine monophosphate	inchikey_connectivity_formula_mass	2	FALSE	TRUE	9.99989424599335e-10	2.49997356149834e-06
DAMP	11375	HMDB	HMDB0000905_10_shen	Deoxyadenosine monophosphate	inchikey_connectivity_formula_mass	2	FALSE	TRUE	9.99989424599335e-10	2.49997356149834e-06
DAMP	11376	HMDB	HMDB0000905_11_shen	Deoxyadenosine monophosphate	inchikey_connectivity_formula_mass	2	FALSE	TRUE	9.99989424599335e-10	2.49997356149834e-06
DAMP	11377	HMDB	HMDB0000905_12_shen	Deoxyadenosine monophosphate	inchikey_connectivity_formula_mass	2	FALSE	TRUE	9.99989424599335e-10	2.49997356149834e-06
DAMP	11378	HMDB	HMDB0000905_13_shen	Deoxyadenosine monophosphate	inchikey_connectivity_formula_mass	2	FALSE	TRUE	9.99989424599335e-10	2.49997356149834e-06
DAMP	11379	HMDB	HMDB0000905_14_shen	Deoxyadenosine monophosphate	inchikey_connectivity_formula_mass	2	FALSE	TRUE	9.99989424599335e-10	2.49997356149834e-06
DAMP	11380	HMDB	HMDB0000905_15_shen	Deoxyadenosine monophosphate	inchikey_connectivity_formula_mass	2	FALSE	TRUE	9.99989424599335e-10	2.49997356149834e-06
DAMP	11381	HMDB	HMDB0000905_16_shen	Deoxyadenosine monophosphate	inchikey_connectivity_formula_mass	2	FALSE	TRUE	9.99989424599335e-10	2.49997356149834e-06
DAMP	11382	HMDB	HMDB0000905_17_shen	Deoxyadenosine monophosphate	inchikey_connectivity_formula_mass	2	FALSE	TRUE	9.99989424599335e-10	2.49997356149834e-06
DAMP	11383	HMDB	HMDB0000905_18_shen	Deoxyadenosine monophosphate	inchikey_connectivity_formula_mass	2	FALSE	TRUE	9.99989424599335e-10	2.49997356149834e-06
DAMP	11384	HMDB	HMDB0000905_19_shen	Deoxyadenosine monophosphate	inchikey_connectivity_formula_mass	2	FALSE	TRUE	9.99989424599335e-10	2.49997356149834e-06
DAMP	11385	HMDB	HMDB0000905_20_shen	Deoxyadenosine monophosphate	inchikey_connectivity_formula_mass	2	FALSE	TRUE	9.99989424599335e-10	2.49997356149834e-06
DAMP	11386	HMDB	HMDB0000905_21_shen	Deoxyadenosine monophosphate	inchikey_connectivity_formula_mass	2	FALSE	TRUE	9.99989424599335e-10	2.49997356149834e-06
DAMP	11387	HMDB	HMDB0000905_22_shen	Deoxyadenosine monophosphate	inchikey_connectivity_formula_mass	2	FALSE	TRUE	9.99989424599335e-10	2.49997356149834e-06
DAMP	11388	HMDB	HMDB0000905_23_shen	Deoxyadenosine monophosphate	inchikey_connectivity_formula_mass	2	FALSE	TRUE	9.99989424599335e-10	2.49997356149834e-06
DAMP	11389	HMDB	HMDB0000905_24_shen	Deoxyadenosine monophosphate	inchikey_connectivity_formula_mass	2	FALSE	TRUE	9.99989424599335e-10	2.49997356149834e-06
DAMP	11390	HMDB	HMDB0000905_25_shen	Deoxyadenosine monophosphate	inchikey_connectivity_formula_mass	2	FALSE	TRUE	9.99989424599335e-10	2.49997356149834e-06
PYRIDINE	11458	HMDB	HMDB0000926_1_shen	Pyridine	inchikey	1	TRUE	TRUE	6.9999828156142e-10	1.74999570390355e-06
PYRIDINE	11459	HMDB	HMDB0000926_2_shen	Pyridine	inchikey	1	TRUE	TRUE	6.9999828156142e-10	1.74999570390355e-06
PYRIDINE	11460	HMDB	HMDB0000926_3_shen	Pyridine	inchikey	1	TRUE	TRUE	6.9999828156142e-10	1.74999570390355e-06
PYRIDINE	11461	HMDB	HMDB0000926_4_shen	Pyridine	inchikey	1	TRUE	TRUE	6.9999828156142e-10	1.74999570390355e-06
PYRIDINE	11462	HMDB	HMDB0000926_5_shen	Pyridine	inchikey	1	TRUE	TRUE	6.9999828156142e-10	1.74999570390355e-06
PYRIDINE	11463	HMDB	HMDB0000926_6_shen	Pyridine	inchikey	1	TRUE	TRUE	6.9999828156142e-10	1.74999570390355e-06
PYRIDINE	11464	HMDB	HMDB0000926_7_shen	Pyridine	inchikey	1	TRUE	TRUE	6.9999828156142e-10	1.74999570390355e-06
PYRIDINE	11465	HMDB	HMDB0000926_8_shen	Pyridine	inchikey	1	TRUE	TRUE	6.9999828156142e-10	1.74999570390355e-06
PYRIDINE	11466	HMDB	HMDB0000926_9_shen	Pyridine	inchikey	1	TRUE	TRUE	6.9999828156142e-10	1.74999570390355e-06
PYRIDINE	11467	HMDB	HMDB0000926_10_shen	Pyridine	inchikey	1	TRUE	TRUE	6.9999828156142e-10	1.74999570390355e-06
PYRIDINE	11468	HMDB	HMDB0000926_11_shen	Pyridine	inchikey	1	TRUE	TRUE	6.9999828156142e-10	1.74999570390355e-06
PYRIDINE	11469	HMDB	HMDB0000926_12_shen	Pyridine	inchikey	1	TRUE	TRUE	6.9999828156142e-10	1.74999570390355e-06
PYRIDINE	11470	HMDB	HMDB0000926_13_shen	Pyridine	inchikey	1	TRUE	TRUE	6.9999828156142e-10	1.74999570390355e-06
PYRIDINE	11471	HMDB	HMDB0000926_14_shen	Pyridine	inchikey	1	TRUE	TRUE	6.9999828156142e-10	1.74999570390355e-06
PYRIDINE	11472	HMDB	HMDB0000926_15_shen	Pyridine	inchikey	1	TRUE	TRUE	6.9999828156142e-10	1.74999570390355e-06
PYRIDINE	11473	HMDB	HMDB0000926_16_shen	Pyridine	inchikey	1	TRUE	TRUE	6.9999828156142e-10	1.74999570390355e-06
PYRIDINE	11474	HMDB	HMDB0000926_17_shen	Pyridine	inchikey	1	TRUE	TRUE	6.9999828156142e-10	1.74999570390355e-06
PYRIDINE	11475	HMDB	HMDB0000926_18_shen	Pyridine	inchikey	1	TRUE	TRUE	6.9999828156142e-10	1.74999570390355e-06
PYRIDINE	11476	HMDB	HMDB0000926_19_shen	Pyridine	inchikey	1	TRUE	TRUE	6.9999828156142e-10	1.74999570390355e-06
PYRIDINE	11477	HMDB	HMDB0000926_20_shen	Pyridine	inchikey	1	TRUE	TRUE	6.9999828156142e-10	1.74999570390355e-06
PYRIDINE	11478	HMDB	HMDB0000926_21_shen	Pyridine	inchikey	1	TRUE	TRUE	6.9999828156142e-10	1.74999570390355e-06
PYRIDINE	11479	HMDB	HMDB0000926_22_shen	Pyridine	inchikey	1	TRUE	TRUE	6.9999828156142e-10	1.74999570390355e-06
PYRIDINE	11480	HMDB	HMDB0000926_23_shen	Pyridine	inchikey	1	TRUE	TRUE	6.9999828156142e-10	1.74999570390355e-06
PYRIDINE	11481	HMDB	HMDB0000926_24_shen	Pyridine	inchikey	1	TRUE	TRUE	6.9999828156142e-10	1.74999570390355e-06
PYRIDINE	11482	HMDB	HMDB0000926_25_shen	Pyridine	inchikey	1	TRUE	TRUE	6.9999828156142e-10	1.74999570390355e-06
PYRIDINE	11483	HMDB	HMDB0000926_26_shen	Pyridine	inchikey	1	TRUE	TRUE	6.9999828156142e-10	1.74999570390355e-06
PYRIDINE	11484	HMDB	HMDB0000926_27_shen	Pyridine	inchikey	1	TRUE	TRUE	6.9999828156142e-10	1.74999570390355e-06
PYRIDINE	11485	HMDB	HMDB0000926_28_shen	Pyridine	inchikey	1	TRUE	TRUE	6.9999828156142e-10	1.74999570390355e-06
PYRIDINE	11486	HMDB	HMDB0000926_29_shen	Pyridine	inchikey	1	TRUE	TRUE	6.9999828156142e-10	1.74999570390355e-06
PYRIDINE	11487	HMDB	HMDB0000926_30_shen	Pyridine	inchikey	1	TRUE	TRUE	6.9999828156142e-10	1.74999570390355e-06
PYRIDINE	11488	HMDB	HMDB0000926_31_shen	Pyridine	inchikey	1	TRUE	TRUE	6.9999828156142e-10	1.74999570390355e-06
PYRIDINE	11489	HMDB	HMDB0000926_32_shen	Pyridine	inchikey	1	TRUE	TRUE	6.9999828156142e-10	1.74999570390355e-06
PYRIDINE	11490	HMDB	HMDB0000926_33_shen	Pyridine	inchikey	1	TRUE	TRUE	6.9999828156142e-10	1.74999570390355e-06
PYRIDINE	11491	HMDB	HMDB0000926_34_shen	Pyridine	inchikey	1	TRUE	TRUE	6.9999828156142e-10	1.74999570390355e-06
PYRIDINE	11492	HMDB	HMDB0000926_35_shen	Pyridine	inchikey	1	TRUE	TRUE	6.9999828156142e-10	1.74999570390355e-06
PYRIDINE	11493	HMDB	HMDB0000926_36_shen	Pyridine	inchikey	1	TRUE	TRUE	6.9999828156142e-10	1.74999570390355e-06
PYRIDINE	11494	HMDB	HMDB0000926_37_shen	Pyridine	inchikey	1	TRUE	TRUE	6.9999828156142e-10	1.74999570390355e-06
PYRIDINE	11495	HMDB	HMDB0000926_38_shen	Pyridine	inchikey	1	TRUE	TRUE	6.9999828156142e-10	1.74999570390355e-06
TRP	11499	HMDB	HMDB0000929_1_shen	L-Tryptophan	inchikey	1	TRUE	TRUE	1.80000370164635e-09	4.50000925411587e-06
TRP	11500	HMDB	HMDB0000929_2_shen	L-Tryptophan	inchikey	1	TRUE	TRUE	1.80000370164635e-09	4.50000925411587e-06
TRP	11501	HMDB	HMDB0000929_3_shen	L-Tryptophan	inchikey	1	TRUE	TRUE	1.80000370164635e-09	4.50000925411587e-06
TRP	11502	HMDB	HMDB0000929_4_shen	L-Tryptophan	inchikey	1	TRUE	TRUE	1.80000370164635e-09	4.50000925411587e-06
TRP	11503	HMDB	HMDB0000929_5_shen	L-Tryptophan	inchikey	1	TRUE	TRUE	1.80000370164635e-09	4.50000925411587e-06
TRP	11504	HMDB	HMDB0000929_6_shen	L-Tryptophan	inchikey	1	TRUE	TRUE	1.80000370164635e-09	4.50000925411587e-06
TRP	11505	HMDB	HMDB0000929_7_shen	L-Tryptophan	inchikey	1	TRUE	TRUE	1.80000370164635e-09	4.50000925411587e-06
TRP	11506	HMDB	HMDB0000929_8_shen	L-Tryptophan	inchikey	1	TRUE	TRUE	1.80000370164635e-09	4.50000925411587e-06
TRP	11507	HMDB	HMDB0000929_9_shen	L-Tryptophan	inchikey	1	TRUE	TRUE	1.80000370164635e-09	4.50000925411587e-06
TRP	11508	HMDB	HMDB0000929_10_shen	L-Tryptophan	inchikey	1	TRUE	TRUE	1.80000370164635e-09	4.50000925411587e-06
TRP	11509	HMDB	HMDB0000929_11_shen	L-Tryptophan	inchikey	1	TRUE	TRUE	1.80000370164635e-09	4.50000925411587e-06
TRP	11510	HMDB	HMDB0000929_12_shen	L-Tryptophan	inchikey	1	TRUE	TRUE	1.80000370164635e-09	4.50000925411587e-06
TRP	11511	HMDB	HMDB0000929_13_shen	L-Tryptophan	inchikey	1	TRUE	TRUE	1.80000370164635e-09	4.50000925411587e-06
TRP	11512	HMDB	HMDB0000929_14_shen	L-Tryptophan	inchikey	1	TRUE	TRUE	1.80000370164635e-09	4.50000925411587e-06
TRP	11513	HMDB	HMDB0000929_15_shen	L-Tryptophan	inchikey	1	TRUE	TRUE	1.80000370164635e-09	4.50000925411587e-06
TRP	11514	HMDB	HMDB0000929_16_shen	L-Tryptophan	inchikey	1	TRUE	TRUE	1.80000370164635e-09	4.50000925411587e-06
TRP	11515	HMDB	HMDB0000929_17_shen	L-Tryptophan	inchikey	1	TRUE	TRUE	1.80000370164635e-09	4.50000925411587e-06
TRP	11516	HMDB	HMDB0000929_18_shen	L-Tryptophan	inchikey	1	TRUE	TRUE	1.80000370164635e-09	4.50000925411587e-06
TRP	11517	HMDB	HMDB0000929_19_shen	L-Tryptophan	inchikey	1	TRUE	TRUE	1.80000370164635e-09	4.50000925411587e-06
TRP	11518	HMDB	HMDB0000929_20_shen	L-Tryptophan	inchikey	1	TRUE	TRUE	1.80000370164635e-09	4.50000925411587e-06
TRP	11519	HMDB	HMDB0000929_21_shen	L-Tryptophan	inchikey	1	TRUE	TRUE	1.80000370164635e-09	4.50000925411587e-06
TRP	11520	HMDB	HMDB0000929_22_shen	L-Tryptophan	inchikey	1	TRUE	TRUE	1.80000370164635e-09	4.50000925411587e-06
TRP	11521	HMDB	HMDB0000929_23_shen	L-Tryptophan	inchikey	1	TRUE	TRUE	1.80000370164635e-09	4.50000925411587e-06
TRP	11522	HMDB	HMDB0000929_24_shen	L-Tryptophan	inchikey	1	TRUE	TRUE	1.80000370164635e-09	4.50000925411587e-06
TRP	11523	HMDB	HMDB0000929_25_shen	L-Tryptophan	inchikey	1	TRUE	TRUE	1.80000370164635e-09	4.50000925411587e-06
TRP	11524	HMDB	HMDB0000929_26_shen	L-Tryptophan	inchikey	1	TRUE	TRUE	1.80000370164635e-09	4.50000925411587e-06
TRP	11525	HMDB	HMDB0000929_27_shen	L-Tryptophan	inchikey	1	TRUE	TRUE	1.80000370164635e-09	4.50000925411587e-06
TRP	11526	HMDB	HMDB0000929_28_shen	L-Tryptophan	inchikey	1	TRUE	TRUE	1.80000370164635e-09	4.50000925411587e-06
TRP	11527	HMDB	HMDB0000929_29_shen	L-Tryptophan	inchikey	1	TRUE	TRUE	1.80000370164635e-09	4.50000925411587e-06
TRP	11528	HMDB	HMDB0000929_30_shen	L-Tryptophan	inchikey	1	TRUE	TRUE	1.80000370164635e-09	4.50000925411587e-06
TRP	11529	HMDB	HMDB0000929_31_shen	L-Tryptophan	inchikey	1	TRUE	TRUE	1.80000370164635e-09	4.50000925411587e-06
TRP	11530	HMDB	HMDB0000929_32_shen	L-Tryptophan	inchikey	1	TRUE	TRUE	1.80000370164635e-09	4.50000925411587e-06
TRP	11531	HMDB	HMDB0000929_33_shen	L-Tryptophan	inchikey	1	TRUE	TRUE	1.80000370164635e-09	4.50000925411587e-06
TRP	11532	HMDB	HMDB0000929_34_shen	L-Tryptophan	inchikey	1	TRUE	TRUE	1.80000370164635e-09	4.50000925411587e-06
TRP	11533	HMDB	HMDB0000929_35_shen	L-Tryptophan	inchikey	1	TRUE	TRUE	1.80000370164635e-09	4.50000925411587e-06
TRP	11534	HMDB	HMDB0000929_36_shen	L-Tryptophan	inchikey	1	TRUE	TRUE	1.80000370164635e-09	4.50000925411587e-06
TRP	11535	HMDB	HMDB0000929_37_shen	L-Tryptophan	inchikey	1	TRUE	TRUE	1.80000370164635e-09	4.50000925411587e-06
TRP	11536	HMDB	HMDB0000929_38_shen	L-Tryptophan	inchikey	1	TRUE	TRUE	1.80000370164635e-09	4.50000925411587e-06
TRP	11537	HMDB	HMDB0000929_39_shen	L-Tryptophan	inchikey	1	TRUE	TRUE	1.80000370164635e-09	4.50000925411587e-06
TRP	11538	HMDB	HMDB0000929_40_shen	L-Tryptophan	inchikey	1	TRUE	TRUE	1.80000370164635e-09	4.50000925411587e-06
TRP	11539	HMDB	HMDB0000929_41_shen	L-Tryptophan	inchikey	1	TRUE	TRUE	1.80000370164635e-09	4.50000925411587e-06
TRP	11540	HMDB	HMDB0000929_42_shen	L-Tryptophan	inchikey	1	TRUE	TRUE	1.80000370164635e-09	4.50000925411587e-06
TRP	11541	HMDB	HMDB0000929_43_shen	L-Tryptophan	inchikey	1	TRUE	TRUE	1.80000370164635e-09	4.50000925411587e-06
TRP	11542	HMDB	HMDB0000929_44_shen	L-Tryptophan	inchikey	1	TRUE	TRUE	1.80000370164635e-09	4.50000925411587e-06
TRP	11543	HMDB	HMDB0000929_45_shen	L-Tryptophan	inchikey	1	TRUE	TRUE	1.80000370164635e-09	4.50000925411587e-06
TRP	11544	HMDB	HMDB0000929_46_shen	L-Tryptophan	inchikey	1	TRUE	TRUE	1.80000370164635e-09	4.50000925411587e-06
TRP	11545	HMDB	HMDB0000929_47_shen	L-Tryptophan	inchikey	1	TRUE	TRUE	1.80000370164635e-09	4.50000925411587e-06
TRP	11546	HMDB	HMDB0000929_48_shen	L-Tryptophan	inchikey	1	TRUE	TRUE	1.80000370164635e-09	4.50000925411587e-06
TRP	11547	HMDB	HMDB0000929_49_shen	L-Tryptophan	inchikey	1	TRUE	TRUE	1.80000370164635e-09	4.50000925411587e-06
TRP	11548	HMDB	HMDB0000929_50_shen	L-Tryptophan	inchikey	1	TRUE	TRUE	1.80000370164635e-09	4.50000925411587e-06
TRP	11549	HMDB	HMDB0000929_51_shen	L-Tryptophan	inchikey	1	TRUE	TRUE	1.80000370164635e-09	4.50000925411587e-06
TRP	11550	HMDB	HMDB0000929_52_shen	L-Tryptophan	inchikey	1	TRUE	TRUE	1.80000370164635e-09	4.50000925411587e-06
TRP	11551	HMDB	HMDB0000929_53_shen	L-Tryptophan	inchikey	1	TRUE	TRUE	1.80000370164635e-09	4.50000925411587e-06
TRP	11552	HMDB	HMDB0000929_54_shen	L-Tryptophan	inchikey	1	TRUE	TRUE	1.80000370164635e-09	4.50000925411587e-06
TRP	11553	HMDB	HMDB0000929_55_shen	L-Tryptophan	inchikey	1	TRUE	TRUE	1.80000370164635e-09	4.50000925411587e-06
TRP	11554	HMDB	HMDB0000929_56_shen	L-Tryptophan	inchikey	1	TRUE	TRUE	1.80000370164635e-09	4.50000925411587e-06
TRP	11555	HMDB	HMDB0000929_57_shen	L-Tryptophan	inchikey	1	TRUE	TRUE	1.80000370164635e-09	4.50000925411587e-06
TRP	11556	HMDB	HMDB0000929_58_shen	L-Tryptophan	inchikey	1	TRUE	TRUE	1.80000370164635e-09	4.50000925411587e-06
TRP	11557	HMDB	HMDB0000929_59_shen	L-Tryptophan	inchikey	1	TRUE	TRUE	1.80000370164635e-09	4.50000925411587e-06
TRP	11558	HMDB	HMDB0000929_60_shen	L-Tryptophan	inchikey	1	TRUE	TRUE	1.80000370164635e-09	4.50000925411587e-06
TRP	11559	HMDB	HMDB0000929_61_shen	L-Tryptophan	inchikey	1	TRUE	TRUE	1.80000370164635e-09	4.50000925411587e-06
TRP	11560	HMDB	HMDB0000929_62_shen	L-Tryptophan	inchikey	1	TRUE	TRUE	1.80000370164635e-09	4.50000925411587e-06
TRP	11561	HMDB	HMDB0000929_63_shen	L-Tryptophan	inchikey	1	TRUE	TRUE	1.80000370164635e-09	4.50000925411587e-06
TRP	11562	HMDB	HMDB0000929_64_shen	L-Tryptophan	inchikey	1	TRUE	TRUE	1.80000370164635e-09	4.50000925411587e-06
TRP	11563	HMDB	HMDB0000929_65_shen	L-Tryptophan	inchikey	1	TRUE	TRUE	1.80000370164635e-09	4.50000925411587e-06
TRP	11564	HMDB	HMDB0000929_66_shen	L-Tryptophan	inchikey	1	TRUE	TRUE	1.80000370164635e-09	4.50000925411587e-06
TRP	11565	HMDB	HMDB0000929_67_shen	L-Tryptophan	inchikey	1	TRUE	TRUE	1.80000370164635e-09	4.50000925411587e-06
TRP	11566	HMDB	HMDB0000929_68_shen	L-Tryptophan	inchikey	1	TRUE	TRUE	1.80000370164635e-09	4.50000925411587e-06
TRP	11567	HMDB	HMDB0000929_69_shen	L-Tryptophan	inchikey	1	TRUE	TRUE	1.80000370164635e-09	4.50000925411587e-06
TRP	11568	HMDB	HMDB0000929_70_shen	L-Tryptophan	inchikey	1	TRUE	TRUE	1.80000370164635e-09	4.50000925411587e-06
TRP	11569	HMDB	HMDB0000929_71_shen	L-Tryptophan	inchikey	1	TRUE	TRUE	1.80000370164635e-09	4.50000925411587e-06
TRP	11570	HMDB	HMDB0000929_72_shen	L-Tryptophan	inchikey	1	TRUE	TRUE	1.80000370164635e-09	4.50000925411587e-06
TRP	11571	HMDB	HMDB0000929_73_shen	L-Tryptophan	inchikey	1	TRUE	TRUE	1.80000370164635e-09	4.50000925411587e-06
TRP	11572	HMDB	HMDB0000929_74_shen	L-Tryptophan	inchikey	1	TRUE	TRUE	1.80000370164635e-09	4.50000925411587e-06
TRP	11573	HMDB	HMDB0000929_75_shen	L-Tryptophan	inchikey	1	TRUE	TRUE	1.80000370164635e-09	4.50000925411587e-06
TRP	11574	HMDB	HMDB0000929_76_shen	L-Tryptophan	inchikey	1	TRUE	TRUE	1.80000370164635e-09	4.50000925411587e-06
TRP	11575	HMDB	HMDB0000929_77_shen	L-Tryptophan	inchikey	1	TRUE	TRUE	1.80000370164635e-09	4.50000925411587e-06
TRP	11576	HMDB	HMDB0000929_78_shen	L-Tryptophan	inchikey	1	TRUE	TRUE	1.80000370164635e-09	4.50000925411587e-06
TRP	11577	HMDB	HMDB0000929_79_shen	L-Tryptophan	inchikey	1	TRUE	TRUE	1.80000370164635e-09	4.50000925411587e-06
TRP	11578	HMDB	HMDB0000929_80_shen	L-Tryptophan	inchikey	1	TRUE	TRUE	1.80000370164635e-09	4.50000925411587e-06
TRP	11579	HMDB	HMDB0000929_81_shen	L-Tryptophan	inchikey	1	TRUE	TRUE	1.80000370164635e-09	4.50000925411587e-06
TRP	11580	HMDB	HMDB0000929_82_shen	L-Tryptophan	inchikey	1	TRUE	TRUE	1.80000370164635e-09	4.50000925411587e-06
TRP	11581	HMDB	HMDB0000929_83_shen	L-Tryptophan	inchikey	1	TRUE	TRUE	1.80000370164635e-09	4.50000925411587e-06
TRP	11582	HMDB	HMDB0000929_84_shen	L-Tryptophan	inchikey	1	TRUE	TRUE	1.80000370164635e-09	4.50000925411587e-06
TRP	11583	HMDB	HMDB0000929_85_shen	L-Tryptophan	inchikey	1	TRUE	TRUE	1.80000370164635e-09	4.50000925411587e-06
TRP	11584	HMDB	HMDB0000929_86_shen	L-Tryptophan	inchikey	1	TRUE	TRUE	1.80000370164635e-09	4.50000925411587e-06
TRP	11585	HMDB	HMDB0000929_87_shen	L-Tryptophan	inchikey	1	TRUE	TRUE	1.80000370164635e-09	4.50000925411587e-06
TRP	11586	HMDB	HMDB0000929_88_shen	L-Tryptophan	inchikey	1	TRUE	TRUE	1.80000370164635e-09	4.50000925411587e-06
TRP	11587	HMDB	HMDB0000929_89_shen	L-Tryptophan	inchikey	1	TRUE	TRUE	1.80000370164635e-09	4.50000925411587e-06
TRP	11588	HMDB	HMDB0000929_90_shen	L-Tryptophan	inchikey	1	TRUE	TRUE	1.80000370164635e-09	4.50000925411587e-06
TRP	11589	HMDB	HMDB0000929_91_shen	L-Tryptophan	inchikey	1	TRUE	TRUE	1.80000370164635e-09	4.50000925411587e-06
TRP	11590	HMDB	HMDB0000929_92_shen	L-Tryptophan	inchikey	1	TRUE	TRUE	1.80000370164635e-09	4.50000925411587e-06
TRP	11591	HMDB	HMDB0000929_93_shen	L-Tryptophan	inchikey	1	TRUE	TRUE	1.80000370164635e-09	4.50000925411587e-06
TRP	11592	HMDB	HMDB0000929_94_shen	L-Tryptophan	inchikey	1	TRUE	TRUE	1.80000370164635e-09	4.50000925411587e-06
TRP	11593	HMDB	HMDB0000929_95_shen	L-Tryptophan	inchikey	1	TRUE	TRUE	1.80000370164635e-09	4.50000925411587e-06
TRP	11594	HMDB	HMDB0000929_96_shen	L-Tryptophan	inchikey	1	TRUE	TRUE	1.80000370164635e-09	4.50000925411587e-06
TRP	11595	HMDB	HMDB0000929_97_shen	L-Tryptophan	inchikey	1	TRUE	TRUE	1.80000370164635e-09	4.50000925411587e-06
TRP	11596	HMDB	HMDB0000929_98_shen	L-Tryptophan	inchikey	1	TRUE	TRUE	1.80000370164635e-09	4.50000925411587e-06
TRP	11597	HMDB	HMDB0000929_99_shen	L-Tryptophan	inchikey	1	TRUE	TRUE	1.80000370164635e-09	4.50000925411587e-06
TRP	11598	HMDB	HMDB0000929_100_shen	L-Tryptophan	inchikey	1	TRUE	TRUE	1.80000370164635e-09	4.50000925411587e-06
TRP	11599	HMDB	HMDB0000929_101_shen	L-Tryptophan	inchikey	1	TRUE	TRUE	1.80000370164635e-09	4.50000925411587e-06
TRP	11600	HMDB	HMDB0000929_102_shen	L-Tryptophan	inchikey	1	TRUE	TRUE	1.80000370164635e-09	4.50000925411587e-06
TRP	11601	HMDB	HMDB0000929_103_shen	L-Tryptophan	inchikey	1	TRUE	TRUE	1.80000370164635e-09	4.50000925411587e-06
TRP	11602	HMDB	HMDB0000929_104_shen	L-Tryptophan	inchikey	1	TRUE	TRUE	1.80000370164635e-09	4.50000925411587e-06
TRP	11603	HMDB	HMDB0000929_105_shen	L-Tryptophan	inchikey	1	TRUE	TRUE	1.80000370164635e-09	4.50000925411587e-06
TRP	11604	HMDB	HMDB0000929_106_shen	L-Tryptophan	inchikey	1	TRUE	TRUE	1.80000370164635e-09	4.50000925411587e-06
TRP	11605	HMDB	HMDB0000929_107_shen	L-Tryptophan	inchikey	1	TRUE	TRUE	1.80000370164635e-09	4.50000925411587e-06
TRP	11606	HMDB	HMDB0000929_108_shen	L-Tryptophan	inchikey	1	TRUE	TRUE	1.80000370164635e-09	4.50000925411587e-06
TRP	11607	HMDB	HMDB0000929_109_shen	L-Tryptophan	inchikey	1	TRUE	TRUE	1.80000370164635e-09	4.50000925411587e-06
TRP	11608	HMDB	HMDB0000929_110_shen	L-Tryptophan	inchikey	1	TRUE	TRUE	1.80000370164635e-09	4.50000925411587e-06
TRP	11609	HMDB	HMDB0000929_111_shen	L-Tryptophan	inchikey	1	TRUE	TRUE	1.80000370164635e-09	4.50000925411587e-06
TRP	11610	HMDB	HMDB0000929_112_shen	L-Tryptophan	inchikey	1	TRUE	TRUE	1.80000370164635e-09	4.50000925411587e-06
TRP	11611	HMDB	HMDB0000929_113_shen	L-Tryptophan	inchikey	1	TRUE	TRUE	1.80000370164635e-09	4.50000925411587e-06
TRP	11612	HMDB	HMDB0000929_114_shen	L-Tryptophan	inchikey	1	TRUE	TRUE	1.80000370164635e-09	4.50000925411587e-06
TRP	11613	HMDB	HMDB0000929_115_shen	L-Tryptophan	inchikey	1	TRUE	TRUE	1.80000370164635e-09	4.50000925411587e-06
TRP	11614	HMDB	HMDB0000929_116_shen	L-Tryptophan	inchikey	1	TRUE	TRUE	1.80000370164635e-09	4.50000925411587e-06
TRP	11615	HMDB	HMDB0000929_117_shen	L-Tryptophan	inchikey	1	TRUE	TRUE	1.80000370164635e-09	4.50000925411587e-06
TRP	11616	HMDB	HMDB0000929_118_shen	L-Tryptophan	inchikey	1	TRUE	TRUE	1.80000370164635e-09	4.50000925411587e-06
TRP	11617	HMDB	HMDB0000929_119_shen	L-Tryptophan	inchikey	1	TRUE	TRUE	1.80000370164635e-09	4.50000925411587e-06
TRP	11618	HMDB	HMDB0000929_120_shen	L-Tryptophan	inchikey	1	TRUE	TRUE	1.80000370164635e-09	4.50000925411587e-06
TRP	11619	HMDB	HMDB0000929_121_shen	L-Tryptophan	inchikey	1	TRUE	TRUE	1.80000370164635e-09	4.50000925411587e-06
TRP	11620	HMDB	HMDB0000929_122_shen	L-Tryptophan	inchikey	1	TRUE	TRUE	1.80000370164635e-09	4.50000925411587e-06
TRP	11621	HMDB	HMDB0000929_123_shen	L-Tryptophan	inchikey	1	TRUE	TRUE	1.80000370164635e-09	4.50000925411587e-06
TRP	11622	HMDB	HMDB0000929_124_shen	L-Tryptophan	inchikey	1	TRUE	TRUE	1.80000370164635e-09	4.50000925411587e-06
TRP	11623	HMDB	HMDB0000929_125_shen	L-Tryptophan	inchikey	1	TRUE	TRUE	1.80000370164635e-09	4.50000925411587e-06
TRP	11624	HMDB	HMDB0000929_126_shen	L-Tryptophan	inchikey	1	TRUE	TRUE	1.80000370164635e-09	4.50000925411587e-06
TRP	11625	HMDB	HMDB0000929_127_shen	L-Tryptophan	inchikey	1	TRUE	TRUE	1.80000370164635e-09	4.50000925411587e-06
TRP	11626	HMDB	HMDB0000929_128_shen	L-Tryptophan	inchikey	1	TRUE	TRUE	1.80000370164635e-09	4.50000925411587e-06
TRP	11627	HMDB	HMDB0000929_129_shen	L-Tryptophan	inchikey	1	TRUE	TRUE	1.80000370164635e-09	4.50000925411587e-06
TRP	11628	HMDB	HMDB0000929_130_shen	L-Tryptophan	inchikey	1	TRUE	TRUE	1.80000370164635e-09	4.50000925411587e-06
TRP	11629	HMDB	HMDB0000929_131_shen	L-Tryptophan	inchikey	1	TRUE	TRUE	1.80000370164635e-09	4.50000925411587e-06
TRP	11630	HMDB	HMDB0000929_132_shen	L-Tryptophan	inchikey	1	TRUE	TRUE	1.80000370164635e-09	4.50000925411587e-06
TRP	11631	HMDB	HMDB0000929_133_shen	L-Tryptophan	inchikey	1	TRUE	TRUE	1.80000370164635e-09	4.50000925411587e-06
TRP	11632	HMDB	HMDB0000929_134_shen	L-Tryptophan	inchikey	1	TRUE	TRUE	1.80000370164635e-09	4.50000925411587e-06
TRP	11633	HMDB	HMDB0000929_135_shen	L-Tryptophan	inchikey	1	TRUE	TRUE	1.80000370164635e-09	4.50000925411587e-06
TRP	11634	HMDB	HMDB0000929_136_shen	L-Tryptophan	inchikey	1	TRUE	TRUE	1.80000370164635e-09	4.50000925411587e-06
TRP	11635	HMDB	HMDB0000929_137_shen	L-Tryptophan	inchikey	1	TRUE	TRUE	1.80000370164635e-09	4.50000925411587e-06
TRP	11636	HMDB	HMDB0000929_138_shen	L-Tryptophan	inchikey	1	TRUE	TRUE	1.80000370164635e-09	4.50000925411587e-06
TRP	11637	HMDB	HMDB0000929_139_shen	L-Tryptophan	inchikey	1	TRUE	TRUE	1.80000370164635e-09	4.50000925411587e-06
TRP	11638	HMDB	HMDB0000929_140_shen	L-Tryptophan	inchikey	1	TRUE	TRUE	1.80000370164635e-09	4.50000925411587e-06
TRP	11639	HMDB	HMDB0000929_141_shen	L-Tryptophan	inchikey	1	TRUE	TRUE	1.80000370164635e-09	4.50000925411587e-06
TRP	11640	HMDB	HMDB0000929_142_shen	L-Tryptophan	inchikey	1	TRUE	TRUE	1.80000370164635e-09	4.50000925411587e-06
TRP	11641	HMDB	HMDB0000929_143_shen	L-Tryptophan	inchikey	1	TRUE	TRUE	1.80000370164635e-09	4.50000925411587e-06
TRP	11642	HMDB	HMDB0000929_144_shen	L-Tryptophan	inchikey	1	TRUE	TRUE	1.80000370164635e-09	4.50000925411587e-06
TRP	11643	HMDB	HMDB0000929_145_shen	L-Tryptophan	inchikey	1	TRUE	TRUE	1.80000370164635e-09	4.50000925411587e-06
TRP	11644	HMDB	HMDB0000929_146_shen	L-Tryptophan	inchikey	1	TRUE	TRUE	1.80000370164635e-09	4.50000925411587e-06
CPD-674	11645	HMDB	HMDB0000930_1_shen	trans-Cinnamic acid	inchikey_connectivity_formula_mass	2	FALSE	TRUE	1.00001784630877e-09	2.50004461577191e-06
CPD-674	11646	HMDB	HMDB0000930_2_shen	trans-Cinnamic acid	inchikey_connectivity_formula_mass	2	FALSE	TRUE	1.00001784630877e-09	2.50004461577191e-06
CPD-674	11647	HMDB	HMDB0000930_3_shen	trans-Cinnamic acid	inchikey_connectivity_formula_mass	2	FALSE	TRUE	1.00001784630877e-09	2.50004461577191e-06
CPD-674	11648	HMDB	HMDB0000930_4_shen	trans-Cinnamic acid	inchikey_connectivity_formula_mass	2	FALSE	TRUE	1.00001784630877e-09	2.50004461577191e-06
CPD-674	11649	HMDB	HMDB0000930_5_shen	trans-Cinnamic acid	inchikey_connectivity_formula_mass	2	FALSE	TRUE	1.00001784630877e-09	2.50004461577191e-06
CPD-674	11650	HMDB	HMDB0000930_6_shen	trans-Cinnamic acid	inchikey_connectivity_formula_mass	2	FALSE	TRUE	1.00001784630877e-09	2.50004461577191e-06
CPD-674	11651	HMDB	HMDB0000930_7_shen	trans-Cinnamic acid	inchikey_connectivity_formula_mass	2	FALSE	TRUE	1.00001784630877e-09	2.50004461577191e-06
CPD-674	11652	HMDB	HMDB0000930_8_shen	trans-Cinnamic acid	inchikey_connectivity_formula_mass	2	FALSE	TRUE	1.00001784630877e-09	2.50004461577191e-06
CPD-674	11653	HMDB	HMDB0000930_9_shen	trans-Cinnamic acid	inchikey_connectivity_formula_mass	2	FALSE	TRUE	1.00001784630877e-09	2.50004461577191e-06
CPD-674	11654	HMDB	HMDB0000930_10_shen	trans-Cinnamic acid	inchikey_connectivity_formula_mass	2	FALSE	TRUE	1.00001784630877e-09	2.50004461577191e-06
CPD-674	11655	HMDB	HMDB0000930_11_shen	trans-Cinnamic acid	inchikey_connectivity_formula_mass	2	FALSE	TRUE	1.00001784630877e-09	2.50004461577191e-06
CPD-674	11656	HMDB	HMDB0000930_12_shen	trans-Cinnamic acid	inchikey_connectivity_formula_mass	2	FALSE	TRUE	1.00001784630877e-09	2.50004461577191e-06
CPD-674	11657	HMDB	HMDB0000930_13_shen	trans-Cinnamic acid	inchikey_connectivity_formula_mass	2	FALSE	TRUE	1.00001784630877e-09	2.50004461577191e-06
CPD-674	11658	HMDB	HMDB0000930_14_shen	trans-Cinnamic acid	inchikey_connectivity_formula_mass	2	FALSE	TRUE	1.00001784630877e-09	2.50004461577191e-06
CPD-674	11659	HMDB	HMDB0000930_15_shen	trans-Cinnamic acid	inchikey_connectivity_formula_mass	2	FALSE	TRUE	1.00001784630877e-09	2.50004461577191e-06
CPD-674	11660	HMDB	HMDB0000930_16_shen	trans-Cinnamic acid	inchikey_connectivity_formula_mass	2	FALSE	TRUE	1.00001784630877e-09	2.50004461577191e-06
CPD-674	11661	HMDB	HMDB0000930_17_shen	trans-Cinnamic acid	inchikey_connectivity_formula_mass	2	FALSE	TRUE	1.00001784630877e-09	2.50004461577191e-06
CPD-674	11662	HMDB	HMDB0000930_18_shen	trans-Cinnamic acid	inchikey_connectivity_formula_mass	2	FALSE	TRUE	1.00001784630877e-09	2.50004461577191e-06
CPD-674	11663	HMDB	HMDB0000930_19_shen	trans-Cinnamic acid	inchikey_connectivity_formula_mass	2	FALSE	TRUE	1.00001784630877e-09	2.50004461577191e-06
CPD-674	11664	HMDB	HMDB0000930_20_shen	trans-Cinnamic acid	inchikey_connectivity_formula_mass	2	FALSE	TRUE	1.00001784630877e-09	2.50004461577191e-06
CPD-674	11665	HMDB	HMDB0000930_21_shen	trans-Cinnamic acid	inchikey_connectivity_formula_mass	2	FALSE	TRUE	1.00001784630877e-09	2.50004461577191e-06
CPD-674	11666	HMDB	HMDB0000930_22_shen	trans-Cinnamic acid	inchikey_connectivity_formula_mass	2	FALSE	TRUE	1.00001784630877e-09	2.50004461577191e-06
CPD-674	11667	HMDB	HMDB0000930_23_shen	trans-Cinnamic acid	inchikey_connectivity_formula_mass	2	FALSE	TRUE	1.00001784630877e-09	2.50004461577191e-06
CPD-674	11668	HMDB	HMDB0000930_24_shen	trans-Cinnamic acid	inchikey_connectivity_formula_mass	2	FALSE	TRUE	1.00001784630877e-09	2.50004461577191e-06
CPD-674	11669	HMDB	HMDB0000930_25_shen	trans-Cinnamic acid	inchikey_connectivity_formula_mass	2	FALSE	TRUE	1.00001784630877e-09	2.50004461577191e-06
CPD-674	11670	HMDB	HMDB0000930_26_shen	trans-Cinnamic acid	inchikey_connectivity_formula_mass	2	FALSE	TRUE	1.00001784630877e-09	2.50004461577191e-06
CPD-674	11671	HMDB	HMDB0000930_27_shen	trans-Cinnamic acid	inchikey_connectivity_formula_mass	2	FALSE	TRUE	1.00001784630877e-09	2.50004461577191e-06
CPD-674	11672	HMDB	HMDB0000930_28_shen	trans-Cinnamic acid	inchikey_connectivity_formula_mass	2	FALSE	TRUE	1.00001784630877e-09	2.50004461577191e-06
CPD-674	11673	HMDB	HMDB0000930_29_shen	trans-Cinnamic acid	inchikey_connectivity_formula_mass	2	FALSE	TRUE	1.00001784630877e-09	2.50004461577191e-06
CPD-674	11674	HMDB	HMDB0000930_30_shen	trans-Cinnamic acid	inchikey_connectivity_formula_mass	2	FALSE	TRUE	1.00001784630877e-09	2.50004461577191e-06
CPD-674	11675	HMDB	HMDB0000930_31_shen	trans-Cinnamic acid	inchikey_connectivity_formula_mass	2	FALSE	TRUE	1.00001784630877e-09	2.50004461577191e-06
CPD-674	11676	HMDB	HMDB0000930_32_shen	trans-Cinnamic acid	inchikey_connectivity_formula_mass	2	FALSE	TRUE	1.00001784630877e-09	2.50004461577191e-06
CPD-674	11677	HMDB	HMDB0000930_33_shen	trans-Cinnamic acid	inchikey_connectivity_formula_mass	2	FALSE	TRUE	1.00001784630877e-09	2.50004461577191e-06
CPD-674	11678	HMDB	HMDB0000930_34_shen	trans-Cinnamic acid	inchikey_connectivity_formula_mass	2	FALSE	TRUE	1.00001784630877e-09	2.50004461577191e-06
CPD-674	11679	HMDB	HMDB0000930_35_shen	trans-Cinnamic acid	inchikey_connectivity_formula_mass	2	FALSE	TRUE	1.00001784630877e-09	2.50004461577191e-06
CPD-674	11680	HMDB	HMDB0000930_36_shen	trans-Cinnamic acid	inchikey_connectivity_formula_mass	2	FALSE	TRUE	1.00001784630877e-09	2.50004461577191e-06
CPD-674	11681	HMDB	HMDB0000930_37_shen	trans-Cinnamic acid	inchikey_connectivity_formula_mass	2	FALSE	TRUE	1.00001784630877e-09	2.50004461577191e-06
CPD-674	11682	HMDB	HMDB0000930_38_shen	trans-Cinnamic acid	inchikey_connectivity_formula_mass	2	FALSE	TRUE	1.00001784630877e-09	2.50004461577191e-06
CPD-674	11683	HMDB	HMDB0000930_39_shen	trans-Cinnamic acid	inchikey_connectivity_formula_mass	2	FALSE	TRUE	1.00001784630877e-09	2.50004461577191e-06
CPD-674	11684	HMDB	HMDB0000930_40_shen	trans-Cinnamic acid	inchikey_connectivity_formula_mass	2	FALSE	TRUE	1.00001784630877e-09	2.50004461577191e-06
CPD-674	11685	HMDB	HMDB0000930_41_shen	trans-Cinnamic acid	inchikey_connectivity_formula_mass	2	FALSE	TRUE	1.00001784630877e-09	2.50004461577191e-06
CPD-674	11686	HMDB	HMDB0000930_42_shen	trans-Cinnamic acid	inchikey_connectivity_formula_mass	2	FALSE	TRUE	1.00001784630877e-09	2.50004461577191e-06
CPD-674	11687	HMDB	HMDB0000930_43_shen	trans-Cinnamic acid	inchikey_connectivity_formula_mass	2	FALSE	TRUE	1.00001784630877e-09	2.50004461577191e-06
CPD-674	11688	HMDB	HMDB0000930_44_shen	trans-Cinnamic acid	inchikey_connectivity_formula_mass	2	FALSE	TRUE	1.00001784630877e-09	2.50004461577191e-06
CPD-674	11689	HMDB	HMDB0000930_45_shen	trans-Cinnamic acid	inchikey_connectivity_formula_mass	2	FALSE	TRUE	1.00001784630877e-09	2.50004461577191e-06
CPD-674	11690	HMDB	HMDB0000930_46_shen	trans-Cinnamic acid	inchikey_connectivity_formula_mass	2	FALSE	TRUE	1.00001784630877e-09	2.50004461577191e-06
CPD-674	11691	HMDB	HMDB0000930_47_shen	trans-Cinnamic acid	inchikey_connectivity_formula_mass	2	FALSE	TRUE	1.00001784630877e-09	2.50004461577191e-06
CPD-674	11692	HMDB	HMDB0000930_48_shen	trans-Cinnamic acid	inchikey_connectivity_formula_mass	2	FALSE	TRUE	1.00001784630877e-09	2.50004461577191e-06
CPD-674	11693	HMDB	HMDB0000930_49_shen	trans-Cinnamic acid	inchikey_connectivity_formula_mass	2	FALSE	TRUE	1.00001784630877e-09	2.50004461577191e-06
CPD-674	11694	HMDB	HMDB0000930_50_shen	trans-Cinnamic acid	inchikey_connectivity_formula_mass	2	FALSE	TRUE	1.00001784630877e-09	2.50004461577191e-06
CPD-674	11695	HMDB	HMDB0000930_51_shen	trans-Cinnamic acid	inchikey_connectivity_formula_mass	2	FALSE	TRUE	1.00001784630877e-09	2.50004461577191e-06
CPD-674	11696	HMDB	HMDB0000930_52_shen	trans-Cinnamic acid	inchikey_connectivity_formula_mass	2	FALSE	TRUE	1.00001784630877e-09	2.50004461577191e-06
CPD-674	11697	HMDB	HMDB0000930_53_shen	trans-Cinnamic acid	inchikey_connectivity_formula_mass	2	FALSE	TRUE	1.00001784630877e-09	2.50004461577191e-06
CPD-674	11698	HMDB	HMDB0000930_54_shen	trans-Cinnamic acid	inchikey_connectivity_formula_mass	2	FALSE	TRUE	1.00001784630877e-09	2.50004461577191e-06
CPD-25932	11699	HMDB	HMDB0000933_1_shen	Traumatic acid	inchikey_connectivity_formula_mass	2	FALSE	TRUE	2.39998598772218e-09	5.99996496930544e-06
CPD-25932	11700	HMDB	HMDB0000933_2_shen	Traumatic acid	inchikey_connectivity_formula_mass	2	FALSE	TRUE	2.39998598772218e-09	5.99996496930544e-06
CPD-25932	11701	HMDB	HMDB0000933_3_shen	Traumatic acid	inchikey_connectivity_formula_mass	2	FALSE	TRUE	2.39998598772218e-09	5.99996496930544e-06
CPD-4162	11707	HMDB	HMDB0000937_1_shen	Stigmasterol	inchikey	1	TRUE	TRUE	3.10001269099303e-09	7.51754203922867e-06
CPD-4162	11708	HMDB	HMDB0000937_2_shen	Stigmasterol	inchikey	1	TRUE	TRUE	3.10001269099303e-09	7.51754203922867e-06
CPD-4162	11709	HMDB	HMDB0000937_3_shen	Stigmasterol	inchikey	1	TRUE	TRUE	3.10001269099303e-09	7.51754203922867e-06
CPD-4162	11710	HMDB	HMDB0000937_4_shen	Stigmasterol	inchikey	1	TRUE	TRUE	3.10001269099303e-09	7.51754203922867e-06
ADENOSYL-HOMO-CYS	11711	HMDB	HMDB0000939_1_shen	S-Adenosylhomocysteine	inchikey	1	TRUE	TRUE	3.69999497706885e-09	9.24998744267214e-06
ADENOSYL-HOMO-CYS	11712	HMDB	HMDB0000939_2_shen	S-Adenosylhomocysteine	inchikey	1	TRUE	TRUE	3.69999497706885e-09	9.24998744267214e-06
ADENOSYL-HOMO-CYS	11713	HMDB	HMDB0000939_3_shen	S-Adenosylhomocysteine	inchikey	1	TRUE	TRUE	3.69999497706885e-09	9.24998744267214e-06
ADENOSYL-HOMO-CYS	11714	HMDB	HMDB0000939_4_shen	S-Adenosylhomocysteine	inchikey	1	TRUE	TRUE	3.69999497706885e-09	9.24998744267214e-06
ADENOSYL-HOMO-CYS	11715	HMDB	HMDB0000939_5_shen	S-Adenosylhomocysteine	inchikey	1	TRUE	TRUE	3.69999497706885e-09	9.24998744267214e-06
ADENOSYL-HOMO-CYS	11716	HMDB	HMDB0000939_6_shen	S-Adenosylhomocysteine	inchikey	1	TRUE	TRUE	3.69999497706885e-09	9.24998744267214e-06
ADENOSYL-HOMO-CYS	11717	HMDB	HMDB0000939_7_shen	S-Adenosylhomocysteine	inchikey	1	TRUE	TRUE	3.69999497706885e-09	9.24998744267214e-06
ADENOSYL-HOMO-CYS	11718	HMDB	HMDB0000939_8_shen	S-Adenosylhomocysteine	inchikey	1	TRUE	TRUE	3.69999497706885e-09	9.24998744267214e-06
ADENOSYL-HOMO-CYS	11719	HMDB	HMDB0000939_9_shen	S-Adenosylhomocysteine	inchikey	1	TRUE	TRUE	3.69999497706885e-09	9.24998744267214e-06
ADENOSYL-HOMO-CYS	11720	HMDB	HMDB0000939_10_shen	S-Adenosylhomocysteine	inchikey	1	TRUE	TRUE	3.69999497706885e-09	9.24998744267214e-06
ADENOSYL-HOMO-CYS	11721	HMDB	HMDB0000939_11_shen	S-Adenosylhomocysteine	inchikey	1	TRUE	TRUE	3.69999497706885e-09	9.24998744267214e-06
ADENOSYL-HOMO-CYS	11722	HMDB	HMDB0000939_12_shen	S-Adenosylhomocysteine	inchikey	1	TRUE	TRUE	3.69999497706885e-09	9.24998744267214e-06
ADENOSYL-HOMO-CYS	11723	HMDB	HMDB0000939_13_shen	S-Adenosylhomocysteine	inchikey	1	TRUE	TRUE	3.69999497706885e-09	9.24998744267214e-06
ADENOSYL-HOMO-CYS	11724	HMDB	HMDB0000939_14_shen	S-Adenosylhomocysteine	inchikey	1	TRUE	TRUE	3.69999497706885e-09	9.24998744267214e-06
ADENOSYL-HOMO-CYS	11725	HMDB	HMDB0000939_15_shen	S-Adenosylhomocysteine	inchikey	1	TRUE	TRUE	3.69999497706885e-09	9.24998744267214e-06
ADENOSYL-HOMO-CYS	11726	HMDB	HMDB0000939_16_shen	S-Adenosylhomocysteine	inchikey	1	TRUE	TRUE	3.69999497706885e-09	9.24998744267214e-06
ADENOSYL-HOMO-CYS	11727	HMDB	HMDB0000939_17_shen	S-Adenosylhomocysteine	inchikey	1	TRUE	TRUE	3.69999497706885e-09	9.24998744267214e-06
ADENOSYL-HOMO-CYS	11728	HMDB	HMDB0000939_18_shen	S-Adenosylhomocysteine	inchikey	1	TRUE	TRUE	3.69999497706885e-09	9.24998744267214e-06
ADENOSYL-HOMO-CYS	11729	HMDB	HMDB0000939_19_shen	S-Adenosylhomocysteine	inchikey	1	TRUE	TRUE	3.69999497706885e-09	9.24998744267214e-06
ADENOSYL-HOMO-CYS	11730	HMDB	HMDB0000939_20_shen	S-Adenosylhomocysteine	inchikey	1	TRUE	TRUE	3.69999497706885e-09	9.24998744267214e-06
ADENOSYL-HOMO-CYS	11731	HMDB	HMDB0000939_21_shen	S-Adenosylhomocysteine	inchikey	1	TRUE	TRUE	3.69999497706885e-09	9.24998744267214e-06
ADENOSYL-HOMO-CYS	11732	HMDB	HMDB0000939_22_shen	S-Adenosylhomocysteine	inchikey	1	TRUE	TRUE	3.69999497706885e-09	9.24998744267214e-06
ADENOSYL-HOMO-CYS	11733	HMDB	HMDB0000939_23_shen	S-Adenosylhomocysteine	inchikey	1	TRUE	TRUE	3.69999497706885e-09	9.24998744267214e-06
ADENOSYL-HOMO-CYS	11734	HMDB	HMDB0000939_24_shen	S-Adenosylhomocysteine	inchikey	1	TRUE	TRUE	3.69999497706885e-09	9.24998744267214e-06
ADENOSYL-HOMO-CYS	11735	HMDB	HMDB0000939_25_shen	S-Adenosylhomocysteine	inchikey	1	TRUE	TRUE	3.69999497706885e-09	9.24998744267214e-06
ADENOSYL-HOMO-CYS	11736	HMDB	HMDB0000939_26_shen	S-Adenosylhomocysteine	inchikey	1	TRUE	TRUE	3.69999497706885e-09	9.24998744267214e-06
ADENOSYL-HOMO-CYS	11737	HMDB	HMDB0000939_27_shen	S-Adenosylhomocysteine	inchikey	1	TRUE	TRUE	3.69999497706885e-09	9.24998744267214e-06
ADENOSYL-HOMO-CYS	11738	HMDB	HMDB0000939_28_shen	S-Adenosylhomocysteine	inchikey	1	TRUE	TRUE	3.69999497706885e-09	9.24998744267214e-06
ADENOSYL-HOMO-CYS	11739	HMDB	HMDB0000939_29_shen	S-Adenosylhomocysteine	inchikey	1	TRUE	TRUE	3.69999497706885e-09	9.24998744267214e-06
ADENOSYL-HOMO-CYS	11740	HMDB	HMDB0000939_30_shen	S-Adenosylhomocysteine	inchikey	1	TRUE	TRUE	3.69999497706885e-09	9.24998744267214e-06
ADENOSYL-HOMO-CYS	11741	HMDB	HMDB0000939_31_shen	S-Adenosylhomocysteine	inchikey	1	TRUE	TRUE	3.69999497706885e-09	9.24998744267214e-06
ADENOSYL-HOMO-CYS	11742	HMDB	HMDB0000939_32_shen	S-Adenosylhomocysteine	inchikey	1	TRUE	TRUE	3.69999497706885e-09	9.24998744267214e-06
ADENOSYL-HOMO-CYS	11743	HMDB	HMDB0000939_33_shen	S-Adenosylhomocysteine	inchikey	1	TRUE	TRUE	3.69999497706885e-09	9.24998744267214e-06
ADENOSYL-HOMO-CYS	11744	HMDB	HMDB0000939_34_shen	S-Adenosylhomocysteine	inchikey	1	TRUE	TRUE	3.69999497706885e-09	9.24998744267214e-06
ADENOSYL-HOMO-CYS	11745	HMDB	HMDB0000939_35_shen	S-Adenosylhomocysteine	inchikey	1	TRUE	TRUE	3.69999497706885e-09	9.24998744267214e-06
ADENOSYL-HOMO-CYS	11746	HMDB	HMDB0000939_36_shen	S-Adenosylhomocysteine	inchikey	1	TRUE	TRUE	3.69999497706885e-09	9.24998744267214e-06
ADENOSYL-HOMO-CYS	11747	HMDB	HMDB0000939_37_shen	S-Adenosylhomocysteine	inchikey	1	TRUE	TRUE	3.69999497706885e-09	9.24998744267214e-06
ADENOSYL-HOMO-CYS	11748	HMDB	HMDB0000939_38_shen	S-Adenosylhomocysteine	inchikey	1	TRUE	TRUE	3.69999497706885e-09	9.24998744267214e-06
ADENOSYL-HOMO-CYS	11749	HMDB	HMDB0000939_39_shen	S-Adenosylhomocysteine	inchikey	1	TRUE	TRUE	3.69999497706885e-09	9.24998744267214e-06
ADENOSYL-HOMO-CYS	11750	HMDB	HMDB0000939_40_shen	S-Adenosylhomocysteine	inchikey	1	TRUE	TRUE	3.69999497706885e-09	9.24998744267214e-06
ADENOSYL-HOMO-CYS	11751	HMDB	HMDB0000939_41_shen	S-Adenosylhomocysteine	inchikey	1	TRUE	TRUE	3.69999497706885e-09	9.24998744267214e-06
ADENOSYL-HOMO-CYS	11752	HMDB	HMDB0000939_42_shen	S-Adenosylhomocysteine	inchikey	1	TRUE	TRUE	3.69999497706885e-09	9.24998744267214e-06
ADENOSYL-HOMO-CYS	11753	HMDB	HMDB0000939_43_shen	S-Adenosylhomocysteine	inchikey	1	TRUE	TRUE	3.69999497706885e-09	9.24998744267214e-06
ADENOSYL-HOMO-CYS	11754	HMDB	HMDB0000939_44_shen	S-Adenosylhomocysteine	inchikey	1	TRUE	TRUE	3.69999497706885e-09	9.24998744267214e-06
ADENOSYL-HOMO-CYS	11755	HMDB	HMDB0000939_45_shen	S-Adenosylhomocysteine	inchikey	1	TRUE	TRUE	3.69999497706885e-09	9.24998744267214e-06
ADENOSYL-HOMO-CYS	11756	HMDB	HMDB0000939_46_shen	S-Adenosylhomocysteine	inchikey	1	TRUE	TRUE	3.69999497706885e-09	9.24998744267214e-06
ADENOSYL-HOMO-CYS	11757	HMDB	HMDB0000939_47_shen	S-Adenosylhomocysteine	inchikey	1	TRUE	TRUE	3.69999497706885e-09	9.24998744267214e-06
ADENOSYL-HOMO-CYS	11758	HMDB	HMDB0000939_48_shen	S-Adenosylhomocysteine	inchikey	1	TRUE	TRUE	3.69999497706885e-09	9.24998744267214e-06
ADENOSYL-HOMO-CYS	11759	HMDB	HMDB0000939_49_shen	S-Adenosylhomocysteine	inchikey	1	TRUE	TRUE	3.69999497706885e-09	9.24998744267214e-06
ADENOSYL-HOMO-CYS	11760	HMDB	HMDB0000939_50_shen	S-Adenosylhomocysteine	inchikey	1	TRUE	TRUE	3.69999497706885e-09	9.24998744267214e-06
ADENOSYL-HOMO-CYS	11761	HMDB	HMDB0000939_51_shen	S-Adenosylhomocysteine	inchikey	1	TRUE	TRUE	3.69999497706885e-09	9.24998744267214e-06
L-THREONATE	11762	HMDB	HMDB0000943_1_shen	Threonic acid	inchikey_connectivity_formula_mass	2	FALSE	TRUE	1.30000898934668e-09	3.2500224733667e-06
L-THREONATE	11763	HMDB	HMDB0000943_2_shen	Threonic acid	inchikey_connectivity_formula_mass	2	FALSE	TRUE	1.30000898934668e-09	3.2500224733667e-06
L-THREONATE	11764	HMDB	HMDB0000943_3_shen	Threonic acid	inchikey_connectivity_formula_mass	2	FALSE	TRUE	1.30000898934668e-09	3.2500224733667e-06
DOCOSANOATE	11765	HMDB	HMDB0000944_1_shen	Behenic acid	inchikey_connectivity_formula_mass	2	FALSE	TRUE	4.59999682789203e-09	1.14999920697301e-05
DOCOSANOATE	11766	HMDB	HMDB0000944_2_shen	Behenic acid	inchikey_connectivity_formula_mass	2	FALSE	TRUE	4.59999682789203e-09	1.14999920697301e-05
DOCOSANOATE	11767	HMDB	HMDB0000944_3_shen	Behenic acid	inchikey_connectivity_formula_mass	2	FALSE	TRUE	4.59999682789203e-09	1.14999920697301e-05
DOCOSANOATE	11768	HMDB	HMDB0000944_4_shen	Behenic acid	inchikey_connectivity_formula_mass	2	FALSE	TRUE	4.59999682789203e-09	1.14999920697301e-05
DOCOSANOATE	11769	HMDB	HMDB0000944_5_shen	Behenic acid	inchikey_connectivity_formula_mass	2	FALSE	TRUE	4.59999682789203e-09	1.14999920697301e-05
DOCOSANOATE	11770	HMDB	HMDB0000944_6_shen	Behenic acid	inchikey_connectivity_formula_mass	2	FALSE	TRUE	4.59999682789203e-09	1.14999920697301e-05
DOCOSANOATE	11771	HMDB	HMDB0000944_7_shen	Behenic acid	inchikey_connectivity_formula_mass	2	FALSE	TRUE	4.59999682789203e-09	1.14999920697301e-05
DOCOSANOATE	11772	HMDB	HMDB0000944_8_shen	Behenic acid	inchikey_connectivity_formula_mass	2	FALSE	TRUE	4.59999682789203e-09	1.14999920697301e-05
DOCOSANOATE	11773	HMDB	HMDB0000944_9_shen	Behenic acid	inchikey_connectivity_formula_mass	2	FALSE	TRUE	4.59999682789203e-09	1.14999920697301e-05
DOCOSANOATE	11774	HMDB	HMDB0000944_10_shen	Behenic acid	inchikey_connectivity_formula_mass	2	FALSE	TRUE	4.59999682789203e-09	1.14999920697301e-05
DOCOSANOATE	11775	HMDB	HMDB0000944_11_shen	Behenic acid	inchikey_connectivity_formula_mass	2	FALSE	TRUE	4.59999682789203e-09	1.14999920697301e-05
DOCOSANOATE	11776	HMDB	HMDB0000944_12_shen	Behenic acid	inchikey_connectivity_formula_mass	2	FALSE	TRUE	4.59999682789203e-09	1.14999920697301e-05
DOCOSANOATE	11777	HMDB	HMDB0000944_13_shen	Behenic acid	inchikey_connectivity_formula_mass	2	FALSE	TRUE	4.59999682789203e-09	1.14999920697301e-05
DOCOSANOATE	11778	HMDB	HMDB0000944_14_shen	Behenic acid	inchikey_connectivity_formula_mass	2	FALSE	TRUE	4.59999682789203e-09	1.14999920697301e-05
DOCOSANOATE	11779	HMDB	HMDB0000944_15_shen	Behenic acid	inchikey_connectivity_formula_mass	2	FALSE	TRUE	4.59999682789203e-09	1.14999920697301e-05
DOCOSANOATE	11780	HMDB	HMDB0000944_16_shen	Behenic acid	inchikey_connectivity_formula_mass	2	FALSE	TRUE	4.59999682789203e-09	1.14999920697301e-05
DOCOSANOATE	11781	HMDB	HMDB0000944_17_shen	Behenic acid	inchikey_connectivity_formula_mass	2	FALSE	TRUE	4.59999682789203e-09	1.14999920697301e-05
DOCOSANOATE	11782	HMDB	HMDB0000944_18_shen	Behenic acid	inchikey_connectivity_formula_mass	2	FALSE	TRUE	4.59999682789203e-09	1.14999920697301e-05
DOCOSANOATE	11783	HMDB	HMDB0000944_19_shen	Behenic acid	inchikey_connectivity_formula_mass	2	FALSE	TRUE	4.59999682789203e-09	1.14999920697301e-05
DOCOSANOATE	11784	HMDB	HMDB0000944_20_shen	Behenic acid	inchikey_connectivity_formula_mass	2	FALSE	TRUE	4.59999682789203e-09	1.14999920697301e-05
FERULIC-ACID	11835	HMDB	HMDB0000954_1_shen	Ferulic acid	inchikey_connectivity_formula_mass	2	FALSE	TRUE	1.39999656312284e-09	3.4999914078071e-06
FERULIC-ACID	11836	HMDB	HMDB0000954_2_shen	Ferulic acid	inchikey_connectivity_formula_mass	2	FALSE	TRUE	1.39999656312284e-09	3.4999914078071e-06
FERULIC-ACID	11837	HMDB	HMDB0000954_3_shen	Ferulic acid	inchikey_connectivity_formula_mass	2	FALSE	TRUE	1.39999656312284e-09	3.4999914078071e-06
FERULIC-ACID	11838	HMDB	HMDB0000954_4_shen	Ferulic acid	inchikey_connectivity_formula_mass	2	FALSE	TRUE	1.39999656312284e-09	3.4999914078071e-06
FERULIC-ACID	11839	HMDB	HMDB0000954_5_shen	Ferulic acid	inchikey_connectivity_formula_mass	2	FALSE	TRUE	1.39999656312284e-09	3.4999914078071e-06
FERULIC-ACID	11840	HMDB	HMDB0000954_6_shen	Ferulic acid	inchikey_connectivity_formula_mass	2	FALSE	TRUE	1.39999656312284e-09	3.4999914078071e-06
FERULIC-ACID	11841	HMDB	HMDB0000954_7_shen	Ferulic acid	inchikey_connectivity_formula_mass	2	FALSE	TRUE	1.39999656312284e-09	3.4999914078071e-06
FERULIC-ACID	11842	HMDB	HMDB0000954_8_shen	Ferulic acid	inchikey_connectivity_formula_mass	2	FALSE	TRUE	1.39999656312284e-09	3.4999914078071e-06
FERULIC-ACID	11843	HMDB	HMDB0000954_9_shen	Ferulic acid	inchikey_connectivity_formula_mass	2	FALSE	TRUE	1.39999656312284e-09	3.4999914078071e-06
FERULIC-ACID	11844	HMDB	HMDB0000954_10_shen	Ferulic acid	inchikey_connectivity_formula_mass	2	FALSE	TRUE	1.39999656312284e-09	3.4999914078071e-06
FERULIC-ACID	11845	HMDB	HMDB0000954_11_shen	Ferulic acid	inchikey_connectivity_formula_mass	2	FALSE	TRUE	1.39999656312284e-09	3.4999914078071e-06
FERULIC-ACID	11846	HMDB	HMDB0000954_12_shen	Ferulic acid	inchikey_connectivity_formula_mass	2	FALSE	TRUE	1.39999656312284e-09	3.4999914078071e-06
FERULIC-ACID	11847	HMDB	HMDB0000954_13_shen	Ferulic acid	inchikey_connectivity_formula_mass	2	FALSE	TRUE	1.39999656312284e-09	3.4999914078071e-06
FERULIC-ACID	11848	HMDB	HMDB0000954_14_shen	Ferulic acid	inchikey_connectivity_formula_mass	2	FALSE	TRUE	1.39999656312284e-09	3.4999914078071e-06
FERULIC-ACID	11849	HMDB	HMDB0000954_15_shen	Ferulic acid	inchikey_connectivity_formula_mass	2	FALSE	TRUE	1.39999656312284e-09	3.4999914078071e-06
FERULIC-ACID	11850	HMDB	HMDB0000954_16_shen	Ferulic acid	inchikey_connectivity_formula_mass	2	FALSE	TRUE	1.39999656312284e-09	3.4999914078071e-06
FERULIC-ACID	11851	HMDB	HMDB0000954_17_shen	Ferulic acid	inchikey_connectivity_formula_mass	2	FALSE	TRUE	1.39999656312284e-09	3.4999914078071e-06
FERULIC-ACID	11852	HMDB	HMDB0000954_18_shen	Ferulic acid	inchikey_connectivity_formula_mass	2	FALSE	TRUE	1.39999656312284e-09	3.4999914078071e-06
FERULIC-ACID	11853	HMDB	HMDB0000954_19_shen	Ferulic acid	inchikey_connectivity_formula_mass	2	FALSE	TRUE	1.39999656312284e-09	3.4999914078071e-06
FERULIC-ACID	11854	HMDB	HMDB0000954_20_shen	Ferulic acid	inchikey_connectivity_formula_mass	2	FALSE	TRUE	1.39999656312284e-09	3.4999914078071e-06
FERULIC-ACID	11855	HMDB	HMDB0000954_21_shen	Ferulic acid	inchikey_connectivity_formula_mass	2	FALSE	TRUE	1.39999656312284e-09	3.4999914078071e-06
FERULIC-ACID	11856	HMDB	HMDB0000954_22_shen	Ferulic acid	inchikey_connectivity_formula_mass	2	FALSE	TRUE	1.39999656312284e-09	3.4999914078071e-06
FERULIC-ACID	11857	HMDB	HMDB0000954_23_shen	Ferulic acid	inchikey_connectivity_formula_mass	2	FALSE	TRUE	1.39999656312284e-09	3.4999914078071e-06
FERULIC-ACID	11858	HMDB	HMDB0000954_24_shen	Ferulic acid	inchikey_connectivity_formula_mass	2	FALSE	TRUE	1.39999656312284e-09	3.4999914078071e-06
FERULIC-ACID	11859	HMDB	HMDB0000954_25_shen	Ferulic acid	inchikey_connectivity_formula_mass	2	FALSE	TRUE	1.39999656312284e-09	3.4999914078071e-06
FERULIC-ACID	11860	HMDB	HMDB0000954_26_shen	Ferulic acid	inchikey_connectivity_formula_mass	2	FALSE	TRUE	1.39999656312284e-09	3.4999914078071e-06
FERULIC-ACID	11861	HMDB	HMDB0000954_27_shen	Ferulic acid	inchikey_connectivity_formula_mass	2	FALSE	TRUE	1.39999656312284e-09	3.4999914078071e-06
FERULIC-ACID	11862	HMDB	HMDB0000954_28_shen	Ferulic acid	inchikey_connectivity_formula_mass	2	FALSE	TRUE	1.39999656312284e-09	3.4999914078071e-06
FERULIC-ACID	11863	HMDB	HMDB0000954_29_shen	Ferulic acid	inchikey_connectivity_formula_mass	2	FALSE	TRUE	1.39999656312284e-09	3.4999914078071e-06
FERULIC-ACID	11864	HMDB	HMDB0000954_30_shen	Ferulic acid	inchikey_connectivity_formula_mass	2	FALSE	TRUE	1.39999656312284e-09	3.4999914078071e-06
FERULIC-ACID	11865	HMDB	HMDB0000954_31_shen	Ferulic acid	inchikey_connectivity_formula_mass	2	FALSE	TRUE	1.39999656312284e-09	3.4999914078071e-06
FERULIC-ACID	11866	HMDB	HMDB0000954_32_shen	Ferulic acid	inchikey_connectivity_formula_mass	2	FALSE	TRUE	1.39999656312284e-09	3.4999914078071e-06
FERULIC-ACID	11867	HMDB	HMDB0000954_33_shen	Ferulic acid	inchikey_connectivity_formula_mass	2	FALSE	TRUE	1.39999656312284e-09	3.4999914078071e-06
FERULIC-ACID	11868	HMDB	HMDB0000954_34_shen	Ferulic acid	inchikey_connectivity_formula_mass	2	FALSE	TRUE	1.39999656312284e-09	3.4999914078071e-06
FERULIC-ACID	11869	HMDB	HMDB0000954_35_shen	Ferulic acid	inchikey_connectivity_formula_mass	2	FALSE	TRUE	1.39999656312284e-09	3.4999914078071e-06
FERULIC-ACID	11870	HMDB	HMDB0000954_36_shen	Ferulic acid	inchikey_connectivity_formula_mass	2	FALSE	TRUE	1.39999656312284e-09	3.4999914078071e-06
FERULIC-ACID	11871	HMDB	HMDB0000954_37_shen	Ferulic acid	inchikey_connectivity_formula_mass	2	FALSE	TRUE	1.39999656312284e-09	3.4999914078071e-06
FERULIC-ACID	11872	HMDB	HMDB0000954_38_shen	Ferulic acid	inchikey_connectivity_formula_mass	2	FALSE	TRUE	1.39999656312284e-09	3.4999914078071e-06
FERULIC-ACID	11873	HMDB	HMDB0000954_39_shen	Ferulic acid	inchikey_connectivity_formula_mass	2	FALSE	TRUE	1.39999656312284e-09	3.4999914078071e-06
FERULIC-ACID	11874	HMDB	HMDB0000954_40_shen	Ferulic acid	inchikey_connectivity_formula_mass	2	FALSE	TRUE	1.39999656312284e-09	3.4999914078071e-06
FERULIC-ACID	11875	HMDB	HMDB0000954_41_shen	Ferulic acid	inchikey_connectivity_formula_mass	2	FALSE	TRUE	1.39999656312284e-09	3.4999914078071e-06
FERULIC-ACID	11876	HMDB	HMDB0000954_42_shen	Ferulic acid	inchikey_connectivity_formula_mass	2	FALSE	TRUE	1.39999656312284e-09	3.4999914078071e-06
FERULIC-ACID	11877	HMDB	HMDB0000954_43_shen	Ferulic acid	inchikey_connectivity_formula_mass	2	FALSE	TRUE	1.39999656312284e-09	3.4999914078071e-06
FERULIC-ACID	11878	HMDB	HMDB0000954_44_shen	Ferulic acid	inchikey_connectivity_formula_mass	2	FALSE	TRUE	1.39999656312284e-09	3.4999914078071e-06
FERULIC-ACID	11879	HMDB	HMDB0000954_45_shen	Ferulic acid	inchikey_connectivity_formula_mass	2	FALSE	TRUE	1.39999656312284e-09	3.4999914078071e-06
FERULIC-ACID	11880	HMDB	HMDB0000954_46_shen	Ferulic acid	inchikey_connectivity_formula_mass	2	FALSE	TRUE	1.39999656312284e-09	3.4999914078071e-06
FERULIC-ACID	11881	HMDB	HMDB0000954_47_shen	Ferulic acid	inchikey_connectivity_formula_mass	2	FALSE	TRUE	1.39999656312284e-09	3.4999914078071e-06
FERULIC-ACID	11882	HMDB	HMDB0000954_48_shen	Ferulic acid	inchikey_connectivity_formula_mass	2	FALSE	TRUE	1.39999656312284e-09	3.4999914078071e-06
FERULIC-ACID	11883	HMDB	HMDB0000954_49_shen	Ferulic acid	inchikey_connectivity_formula_mass	2	FALSE	TRUE	1.39999656312284e-09	3.4999914078071e-06
FERULIC-ACID	11884	HMDB	HMDB0000954_50_shen	Ferulic acid	inchikey_connectivity_formula_mass	2	FALSE	TRUE	1.39999656312284e-09	3.4999914078071e-06
FERULIC-ACID	11885	HMDB	HMDB0000954_51_shen	Ferulic acid	inchikey_connectivity_formula_mass	2	FALSE	TRUE	1.39999656312284e-09	3.4999914078071e-06
FERULIC-ACID	11886	HMDB	HMDB0000954_52_shen	Ferulic acid	inchikey_connectivity_formula_mass	2	FALSE	TRUE	1.39999656312284e-09	3.4999914078071e-06
FERULIC-ACID	11887	HMDB	HMDB0000954_53_shen	Ferulic acid	inchikey_connectivity_formula_mass	2	FALSE	TRUE	1.39999656312284e-09	3.4999914078071e-06
FERULIC-ACID	11888	HMDB	HMDB0000954_54_shen	Ferulic acid	inchikey_connectivity_formula_mass	2	FALSE	TRUE	1.39999656312284e-09	3.4999914078071e-06
FERULIC-ACID	11889	HMDB	HMDB0000954_55_shen	Ferulic acid	inchikey_connectivity_formula_mass	2	FALSE	TRUE	1.39999656312284e-09	3.4999914078071e-06
FERULIC-ACID	11890	HMDB	HMDB0000954_56_shen	Ferulic acid	inchikey_connectivity_formula_mass	2	FALSE	TRUE	1.39999656312284e-09	3.4999914078071e-06
FERULIC-ACID	11891	HMDB	HMDB0000954_57_shen	Ferulic acid	inchikey_connectivity_formula_mass	2	FALSE	TRUE	1.39999656312284e-09	3.4999914078071e-06
FERULIC-ACID	11892	HMDB	HMDB0000954_58_shen	Ferulic acid	inchikey_connectivity_formula_mass	2	FALSE	TRUE	1.39999656312284e-09	3.4999914078071e-06
FERULIC-ACID	11893	HMDB	HMDB0000954_59_shen	Ferulic acid	inchikey_connectivity_formula_mass	2	FALSE	TRUE	1.39999656312284e-09	3.4999914078071e-06
FERULIC-ACID	11894	HMDB	HMDB0000954_60_shen	Ferulic acid	inchikey_connectivity_formula_mass	2	FALSE	TRUE	1.39999656312284e-09	3.4999914078071e-06
FERULIC-ACID	11895	HMDB	HMDB0000954_61_shen	Ferulic acid	inchikey_connectivity_formula_mass	2	FALSE	TRUE	1.39999656312284e-09	3.4999914078071e-06
FERULIC-ACID	11896	HMDB	HMDB0000954_62_shen	Ferulic acid	inchikey_connectivity_formula_mass	2	FALSE	TRUE	1.39999656312284e-09	3.4999914078071e-06
FERULIC-ACID	11897	HMDB	HMDB0000954_63_shen	Ferulic acid	inchikey_connectivity_formula_mass	2	FALSE	TRUE	1.39999656312284e-09	3.4999914078071e-06
FERULIC-ACID	11898	HMDB	HMDB0000954_64_shen	Ferulic acid	inchikey_connectivity_formula_mass	2	FALSE	TRUE	1.39999656312284e-09	3.4999914078071e-06
FERULIC-ACID	11899	HMDB	HMDB0000954_65_shen	Ferulic acid	inchikey_connectivity_formula_mass	2	FALSE	TRUE	1.39999656312284e-09	3.4999914078071e-06
FERULIC-ACID	11900	HMDB	HMDB0000954_66_shen	Ferulic acid	inchikey_connectivity_formula_mass	2	FALSE	TRUE	1.39999656312284e-09	3.4999914078071e-06
FERULIC-ACID	11901	HMDB	HMDB0000954_67_shen	Ferulic acid	inchikey_connectivity_formula_mass	2	FALSE	TRUE	1.39999656312284e-09	3.4999914078071e-06
FERULIC-ACID	11902	HMDB	HMDB0000954_68_shen	Ferulic acid	inchikey_connectivity_formula_mass	2	FALSE	TRUE	1.39999656312284e-09	3.4999914078071e-06
TARTRATE	11942	HMDB	HMDB0000956_1_shen	Tartaric acid	inchikey_connectivity_formula_mass	2	FALSE	TRUE	1.19999299386109e-09	2.99998248465272e-06
TARTRATE	11943	HMDB	HMDB0000956_2_shen	Tartaric acid	inchikey_connectivity_formula_mass	2	FALSE	TRUE	1.19999299386109e-09	2.99998248465272e-06
TARTRATE	11944	HMDB	HMDB0000956_3_shen	Tartaric acid	inchikey_connectivity_formula_mass	2	FALSE	TRUE	1.19999299386109e-09	2.99998248465272e-06
TARTRATE	11945	HMDB	HMDB0000956_4_shen	Tartaric acid	inchikey_connectivity_formula_mass	2	FALSE	TRUE	1.19999299386109e-09	2.99998248465272e-06
TARTRATE	11946	HMDB	HMDB0000956_5_shen	Tartaric acid	inchikey_connectivity_formula_mass	2	FALSE	TRUE	1.19999299386109e-09	2.99998248465272e-06
TARTRATE	11947	HMDB	HMDB0000956_6_shen	Tartaric acid	inchikey_connectivity_formula_mass	2	FALSE	TRUE	1.19999299386109e-09	2.99998248465272e-06
TARTRATE	11948	HMDB	HMDB0000956_7_shen	Tartaric acid	inchikey_connectivity_formula_mass	2	FALSE	TRUE	1.19999299386109e-09	2.99998248465272e-06
TARTRATE	11949	HMDB	HMDB0000956_8_shen	Tartaric acid	inchikey_connectivity_formula_mass	2	FALSE	TRUE	1.19999299386109e-09	2.99998248465272e-06
TARTRATE	11950	HMDB	HMDB0000956_9_shen	Tartaric acid	inchikey_connectivity_formula_mass	2	FALSE	TRUE	1.19999299386109e-09	2.99998248465272e-06
TARTRATE	11951	HMDB	HMDB0000956_10_shen	Tartaric acid	inchikey_connectivity_formula_mass	2	FALSE	TRUE	1.19999299386109e-09	2.99998248465272e-06
TARTRATE	11952	HMDB	HMDB0000956_11_shen	Tartaric acid	inchikey_connectivity_formula_mass	2	FALSE	TRUE	1.19999299386109e-09	2.99998248465272e-06
TARTRATE	11953	HMDB	HMDB0000956_12_shen	Tartaric acid	inchikey_connectivity_formula_mass	2	FALSE	TRUE	1.19999299386109e-09	2.99998248465272e-06
TARTRATE	11954	HMDB	HMDB0000956_13_shen	Tartaric acid	inchikey_connectivity_formula_mass	2	FALSE	TRUE	1.19999299386109e-09	2.99998248465272e-06
TARTRATE	11955	HMDB	HMDB0000956_14_shen	Tartaric acid	inchikey_connectivity_formula_mass	2	FALSE	TRUE	1.19999299386109e-09	2.99998248465272e-06
TARTRATE	11956	HMDB	HMDB0000956_15_shen	Tartaric acid	inchikey_connectivity_formula_mass	2	FALSE	TRUE	1.19999299386109e-09	2.99998248465272e-06
TARTRATE	11957	HMDB	HMDB0000956_16_shen	Tartaric acid	inchikey_connectivity_formula_mass	2	FALSE	TRUE	1.19999299386109e-09	2.99998248465272e-06
TARTRATE	11958	HMDB	HMDB0000956_17_shen	Tartaric acid	inchikey_connectivity_formula_mass	2	FALSE	TRUE	1.19999299386109e-09	2.99998248465272e-06
CATECHOL	11959	HMDB	HMDB0000957_1_shen	Pyrocatechol	inchikey	1	TRUE	TRUE	8.00000066192297e-10	2.00000016548074e-06
CATECHOL	11960	HMDB	HMDB0000957_2_shen	Pyrocatechol	inchikey	1	TRUE	TRUE	8.00000066192297e-10	2.00000016548074e-06
CATECHOL	11961	HMDB	HMDB0000957_3_shen	Pyrocatechol	inchikey	1	TRUE	TRUE	8.00000066192297e-10	2.00000016548074e-06
CATECHOL	11962	HMDB	HMDB0000957_4_shen	Pyrocatechol	inchikey	1	TRUE	TRUE	8.00000066192297e-10	2.00000016548074e-06
CATECHOL	11963	HMDB	HMDB0000957_5_shen	Pyrocatechol	inchikey	1	TRUE	TRUE	8.00000066192297e-10	2.00000016548074e-06
CATECHOL	11964	HMDB	HMDB0000957_6_shen	Pyrocatechol	inchikey	1	TRUE	TRUE	8.00000066192297e-10	2.00000016548074e-06
CATECHOL	11965	HMDB	HMDB0000957_7_shen	Pyrocatechol	inchikey	1	TRUE	TRUE	8.00000066192297e-10	2.00000016548074e-06
CATECHOL	11966	HMDB	HMDB0000957_8_shen	Pyrocatechol	inchikey	1	TRUE	TRUE	8.00000066192297e-10	2.00000016548074e-06
CATECHOL	11967	HMDB	HMDB0000957_9_shen	Pyrocatechol	inchikey	1	TRUE	TRUE	8.00000066192297e-10	2.00000016548074e-06
CATECHOL	11968	HMDB	HMDB0000957_10_shen	Pyrocatechol	inchikey	1	TRUE	TRUE	8.00000066192297e-10	2.00000016548074e-06
CATECHOL	11969	HMDB	HMDB0000957_11_shen	Pyrocatechol	inchikey	1	TRUE	TRUE	8.00000066192297e-10	2.00000016548074e-06
CATECHOL	11970	HMDB	HMDB0000957_12_shen	Pyrocatechol	inchikey	1	TRUE	TRUE	8.00000066192297e-10	2.00000016548074e-06
CATECHOL	11971	HMDB	HMDB0000957_13_shen	Pyrocatechol	inchikey	1	TRUE	TRUE	8.00000066192297e-10	2.00000016548074e-06
CATECHOL	11972	HMDB	HMDB0000957_14_shen	Pyrocatechol	inchikey	1	TRUE	TRUE	8.00000066192297e-10	2.00000016548074e-06
CATECHOL	11973	HMDB	HMDB0000957_15_shen	Pyrocatechol	inchikey	1	TRUE	TRUE	8.00000066192297e-10	2.00000016548074e-06
CATECHOL	11974	HMDB	HMDB0000957_16_shen	Pyrocatechol	inchikey	1	TRUE	TRUE	8.00000066192297e-10	2.00000016548074e-06
CATECHOL	11975	HMDB	HMDB0000957_17_shen	Pyrocatechol	inchikey	1	TRUE	TRUE	8.00000066192297e-10	2.00000016548074e-06
CATECHOL	11976	HMDB	HMDB0000957_18_shen	Pyrocatechol	inchikey	1	TRUE	TRUE	8.00000066192297e-10	2.00000016548074e-06
CATECHOL	11977	HMDB	HMDB0000957_19_shen	Pyrocatechol	inchikey	1	TRUE	TRUE	8.00000066192297e-10	2.00000016548074e-06
CATECHOL	11978	HMDB	HMDB0000957_20_shen	Pyrocatechol	inchikey	1	TRUE	TRUE	8.00000066192297e-10	2.00000016548074e-06
CATECHOL	11979	HMDB	HMDB0000957_21_shen	Pyrocatechol	inchikey	1	TRUE	TRUE	8.00000066192297e-10	2.00000016548074e-06
CATECHOL	11980	HMDB	HMDB0000957_22_shen	Pyrocatechol	inchikey	1	TRUE	TRUE	8.00000066192297e-10	2.00000016548074e-06
CATECHOL	11981	HMDB	HMDB0000957_23_shen	Pyrocatechol	inchikey	1	TRUE	TRUE	8.00000066192297e-10	2.00000016548074e-06
CATECHOL	11982	HMDB	HMDB0000957_24_shen	Pyrocatechol	inchikey	1	TRUE	TRUE	8.00000066192297e-10	2.00000016548074e-06
CATECHOL	11983	HMDB	HMDB0000957_25_shen	Pyrocatechol	inchikey	1	TRUE	TRUE	8.00000066192297e-10	2.00000016548074e-06
CATECHOL	11984	HMDB	HMDB0000957_26_shen	Pyrocatechol	inchikey	1	TRUE	TRUE	8.00000066192297e-10	2.00000016548074e-06
CATECHOL	11985	HMDB	HMDB0000957_27_shen	Pyrocatechol	inchikey	1	TRUE	TRUE	8.00000066192297e-10	2.00000016548074e-06
CATECHOL	11986	HMDB	HMDB0000957_28_shen	Pyrocatechol	inchikey	1	TRUE	TRUE	8.00000066192297e-10	2.00000016548074e-06
CATECHOL	11987	HMDB	HMDB0000957_29_shen	Pyrocatechol	inchikey	1	TRUE	TRUE	8.00000066192297e-10	2.00000016548074e-06
CATECHOL	11988	HMDB	HMDB0000957_30_shen	Pyrocatechol	inchikey	1	TRUE	TRUE	8.00000066192297e-10	2.00000016548074e-06
CATECHOL	11989	HMDB	HMDB0000957_31_shen	Pyrocatechol	inchikey	1	TRUE	TRUE	8.00000066192297e-10	2.00000016548074e-06
CATECHOL	11990	HMDB	HMDB0000957_32_shen	Pyrocatechol	inchikey	1	TRUE	TRUE	8.00000066192297e-10	2.00000016548074e-06
CATECHOL	11991	HMDB	HMDB0000957_33_shen	Pyrocatechol	inchikey	1	TRUE	TRUE	8.00000066192297e-10	2.00000016548074e-06
CATECHOL	11992	HMDB	HMDB0000957_34_shen	Pyrocatechol	inchikey	1	TRUE	TRUE	8.00000066192297e-10	2.00000016548074e-06
CATECHOL	11993	HMDB	HMDB0000957_35_shen	Pyrocatechol	inchikey	1	TRUE	TRUE	8.00000066192297e-10	2.00000016548074e-06
CATECHOL	11994	HMDB	HMDB0000957_36_shen	Pyrocatechol	inchikey	1	TRUE	TRUE	8.00000066192297e-10	2.00000016548074e-06
CATECHOL	11995	HMDB	HMDB0000957_37_shen	Pyrocatechol	inchikey	1	TRUE	TRUE	8.00000066192297e-10	2.00000016548074e-06
CATECHOL	11996	HMDB	HMDB0000957_38_shen	Pyrocatechol	inchikey	1	TRUE	TRUE	8.00000066192297e-10	2.00000016548074e-06
TREHALOSE	12125	HMDB	HMDB0000975_1_shen	Trehalose	inchikey	1	TRUE	TRUE	3.30004468196421e-09	8.25011170491052e-06
TREHALOSE	12126	HMDB	HMDB0000975_2_shen	Trehalose	inchikey	1	TRUE	TRUE	3.30004468196421e-09	8.25011170491052e-06
TREHALOSE	12127	HMDB	HMDB0000975_3_shen	Trehalose	inchikey	1	TRUE	TRUE	3.30004468196421e-09	8.25011170491052e-06
TREHALOSE	12128	HMDB	HMDB0000975_4_shen	Trehalose	inchikey	1	TRUE	TRUE	3.30004468196421e-09	8.25011170491052e-06
TREHALOSE	12129	HMDB	HMDB0000975_5_shen	Trehalose	inchikey	1	TRUE	TRUE	3.30004468196421e-09	8.25011170491052e-06
TREHALOSE	12130	HMDB	HMDB0000975_6_shen	Trehalose	inchikey	1	TRUE	TRUE	3.30004468196421e-09	8.25011170491052e-06
TREHALOSE	12131	HMDB	HMDB0000975_7_shen	Trehalose	inchikey	1	TRUE	TRUE	3.30004468196421e-09	8.25011170491052e-06
TREHALOSE	12132	HMDB	HMDB0000975_8_shen	Trehalose	inchikey	1	TRUE	TRUE	3.30004468196421e-09	8.25011170491052e-06
TREHALOSE	12133	HMDB	HMDB0000975_9_shen	Trehalose	inchikey	1	TRUE	TRUE	3.30004468196421e-09	8.25011170491052e-06
TREHALOSE	12134	HMDB	HMDB0000975_10_shen	Trehalose	inchikey	1	TRUE	TRUE	3.30004468196421e-09	8.25011170491052e-06
TREHALOSE	12135	HMDB	HMDB0000975_11_shen	Trehalose	inchikey	1	TRUE	TRUE	3.30004468196421e-09	8.25011170491052e-06
TREHALOSE	12136	HMDB	HMDB0000975_12_shen	Trehalose	inchikey	1	TRUE	TRUE	3.30004468196421e-09	8.25011170491052e-06
TREHALOSE	12137	HMDB	HMDB0000975_13_shen	Trehalose	inchikey	1	TRUE	TRUE	3.30004468196421e-09	8.25011170491052e-06
TREHALOSE	12138	HMDB	HMDB0000975_14_shen	Trehalose	inchikey	1	TRUE	TRUE	3.30004468196421e-09	8.25011170491052e-06
TREHALOSE	12139	HMDB	HMDB0000975_15_shen	Trehalose	inchikey	1	TRUE	TRUE	3.30004468196421e-09	8.25011170491052e-06
TREHALOSE	12140	HMDB	HMDB0000975_16_shen	Trehalose	inchikey	1	TRUE	TRUE	3.30004468196421e-09	8.25011170491052e-06
TREHALOSE	12141	HMDB	HMDB0000975_17_shen	Trehalose	inchikey	1	TRUE	TRUE	3.30004468196421e-09	8.25011170491052e-06
TREHALOSE	12142	HMDB	HMDB0000975_18_shen	Trehalose	inchikey	1	TRUE	TRUE	3.30004468196421e-09	8.25011170491052e-06
TREHALOSE	12143	HMDB	HMDB0000975_19_shen	Trehalose	inchikey	1	TRUE	TRUE	3.30004468196421e-09	8.25011170491052e-06
TREHALOSE	12144	HMDB	HMDB0000975_20_shen	Trehalose	inchikey	1	TRUE	TRUE	3.30004468196421e-09	8.25011170491052e-06
TREHALOSE	12145	HMDB	HMDB0000975_21_shen	Trehalose	inchikey	1	TRUE	TRUE	3.30004468196421e-09	8.25011170491052e-06
TREHALOSE	12146	HMDB	HMDB0000975_22_shen	Trehalose	inchikey	1	TRUE	TRUE	3.30004468196421e-09	8.25011170491052e-06
TREHALOSE	12147	HMDB	HMDB0000975_23_shen	Trehalose	inchikey	1	TRUE	TRUE	3.30004468196421e-09	8.25011170491052e-06
CPD0-2495	12148	HMDB	HMDB0000982_1_shen	5-Methylcytidine	inchikey	1	TRUE	TRUE	2.60001797869336e-09	6.5000449467334e-06
CPD0-2495	12149	HMDB	HMDB0000982_2_shen	5-Methylcytidine	inchikey	1	TRUE	TRUE	2.60001797869336e-09	6.5000449467334e-06
CPD0-2495	12150	HMDB	HMDB0000982_3_shen	5-Methylcytidine	inchikey	1	TRUE	TRUE	2.60001797869336e-09	6.5000449467334e-06
CPD0-2495	12151	HMDB	HMDB0000982_4_shen	5-Methylcytidine	inchikey	1	TRUE	TRUE	2.60001797869336e-09	6.5000449467334e-06
CPD0-2495	12152	HMDB	HMDB0000982_5_shen	5-Methylcytidine	inchikey	1	TRUE	TRUE	2.60001797869336e-09	6.5000449467334e-06
CPD0-2495	12153	HMDB	HMDB0000982_6_shen	5-Methylcytidine	inchikey	1	TRUE	TRUE	2.60001797869336e-09	6.5000449467334e-06
CPD0-2495	12154	HMDB	HMDB0000982_7_shen	5-Methylcytidine	inchikey	1	TRUE	TRUE	2.60001797869336e-09	6.5000449467334e-06
CPD0-2495	12155	HMDB	HMDB0000982_8_shen	5-Methylcytidine	inchikey	1	TRUE	TRUE	2.60001797869336e-09	6.5000449467334e-06
CPD0-2495	12156	HMDB	HMDB0000982_9_shen	5-Methylcytidine	inchikey	1	TRUE	TRUE	2.60001797869336e-09	6.5000449467334e-06
CPD0-2495	12157	HMDB	HMDB0000982_10_shen	5-Methylcytidine	inchikey	1	TRUE	TRUE	2.60001797869336e-09	6.5000449467334e-06
CPD0-2495	12158	HMDB	HMDB0000982_11_shen	5-Methylcytidine	inchikey	1	TRUE	TRUE	2.60001797869336e-09	6.5000449467334e-06
3-SULFINOALANINE	12178	HMDB	HMDB0000996_1_shen	3-Sulfinoalanine	inchikey_connectivity_formula_mass	2	FALSE	TRUE	1.30000898934668e-09	3.2500224733667e-06
3-SULFINOALANINE	12179	HMDB	HMDB0000996_2_shen	3-Sulfinoalanine	inchikey_connectivity_formula_mass	2	FALSE	TRUE	1.30000898934668e-09	3.2500224733667e-06
3-SULFINOALANINE	12180	HMDB	HMDB0000996_3_shen	3-Sulfinoalanine	inchikey_connectivity_formula_mass	2	FALSE	TRUE	1.30000898934668e-09	3.2500224733667e-06
3-SULFINOALANINE	12181	HMDB	HMDB0000996_4_shen	3-Sulfinoalanine	inchikey_connectivity_formula_mass	2	FALSE	TRUE	1.30000898934668e-09	3.2500224733667e-06
3-SULFINOALANINE	12182	HMDB	HMDB0000996_5_shen	3-Sulfinoalanine	inchikey_connectivity_formula_mass	2	FALSE	TRUE	1.30000898934668e-09	3.2500224733667e-06
3-SULFINOALANINE	12183	HMDB	HMDB0000996_6_shen	3-Sulfinoalanine	inchikey_connectivity_formula_mass	2	FALSE	TRUE	1.30000898934668e-09	3.2500224733667e-06
3-SULFINOALANINE	12184	HMDB	HMDB0000996_7_shen	3-Sulfinoalanine	inchikey_connectivity_formula_mass	2	FALSE	TRUE	1.30000898934668e-09	3.2500224733667e-06
3-SULFINOALANINE	12185	HMDB	HMDB0000996_8_shen	3-Sulfinoalanine	inchikey_connectivity_formula_mass	2	FALSE	TRUE	1.30000898934668e-09	3.2500224733667e-06
3-SULFINOALANINE	12186	HMDB	HMDB0000996_9_shen	3-Sulfinoalanine	inchikey_connectivity_formula_mass	2	FALSE	TRUE	1.30000898934668e-09	3.2500224733667e-06
3-SULFINOALANINE	12187	HMDB	HMDB0000996_10_shen	3-Sulfinoalanine	inchikey_connectivity_formula_mass	2	FALSE	TRUE	1.30000898934668e-09	3.2500224733667e-06
3-SULFINOALANINE	12188	HMDB	HMDB0000996_11_shen	3-Sulfinoalanine	inchikey_connectivity_formula_mass	2	FALSE	TRUE	1.30000898934668e-09	3.2500224733667e-06
3-SULFINOALANINE	12189	HMDB	HMDB0000996_12_shen	3-Sulfinoalanine	inchikey_connectivity_formula_mass	2	FALSE	TRUE	1.30000898934668e-09	3.2500224733667e-06
3-SULFINOALANINE	12190	HMDB	HMDB0000996_13_shen	3-Sulfinoalanine	inchikey_connectivity_formula_mass	2	FALSE	TRUE	1.30000898934668e-09	3.2500224733667e-06
3-SULFINOALANINE	12191	HMDB	HMDB0000996_14_shen	3-Sulfinoalanine	inchikey_connectivity_formula_mass	2	FALSE	TRUE	1.30000898934668e-09	3.2500224733667e-06
3-SULFINOALANINE	12192	HMDB	HMDB0000996_15_shen	3-Sulfinoalanine	inchikey_connectivity_formula_mass	2	FALSE	TRUE	1.30000898934668e-09	3.2500224733667e-06
3-SULFINOALANINE	12193	HMDB	HMDB0000996_16_shen	3-Sulfinoalanine	inchikey_connectivity_formula_mass	2	FALSE	TRUE	1.30000898934668e-09	3.2500224733667e-06
3-SULFINOALANINE	12194	HMDB	HMDB0000996_17_shen	3-Sulfinoalanine	inchikey_connectivity_formula_mass	2	FALSE	TRUE	1.30000898934668e-09	3.2500224733667e-06
3-SULFINOALANINE	12195	HMDB	HMDB0000996_18_shen	3-Sulfinoalanine	inchikey_connectivity_formula_mass	2	FALSE	TRUE	1.30000898934668e-09	3.2500224733667e-06
3-SULFINOALANINE	12196	HMDB	HMDB0000996_19_shen	3-Sulfinoalanine	inchikey_connectivity_formula_mass	2	FALSE	TRUE	1.30000898934668e-09	3.2500224733667e-06
3-SULFINOALANINE	12197	HMDB	HMDB0000996_20_shen	3-Sulfinoalanine	inchikey_connectivity_formula_mass	2	FALSE	TRUE	1.30000898934668e-09	3.2500224733667e-06
3-SULFINOALANINE	12198	HMDB	HMDB0000996_21_shen	3-Sulfinoalanine	inchikey_connectivity_formula_mass	2	FALSE	TRUE	1.30000898934668e-09	3.2500224733667e-06
3-SULFINOALANINE	12199	HMDB	HMDB0000996_22_shen	3-Sulfinoalanine	inchikey_connectivity_formula_mass	2	FALSE	TRUE	1.30000898934668e-09	3.2500224733667e-06
3-SULFINOALANINE	12200	HMDB	HMDB0000996_23_shen	3-Sulfinoalanine	inchikey_connectivity_formula_mass	2	FALSE	TRUE	1.30000898934668e-09	3.2500224733667e-06
3-SULFINOALANINE	12201	HMDB	HMDB0000996_24_shen	3-Sulfinoalanine	inchikey_connectivity_formula_mass	2	FALSE	TRUE	1.30000898934668e-09	3.2500224733667e-06
3-SULFINOALANINE	12202	HMDB	HMDB0000996_25_shen	3-Sulfinoalanine	inchikey_connectivity_formula_mass	2	FALSE	TRUE	1.30000898934668e-09	3.2500224733667e-06
3-SULFINOALANINE	12203	HMDB	HMDB0000996_26_shen	3-Sulfinoalanine	inchikey_connectivity_formula_mass	2	FALSE	TRUE	1.30000898934668e-09	3.2500224733667e-06
3-SULFINOALANINE	12204	HMDB	HMDB0000996_27_shen	3-Sulfinoalanine	inchikey_connectivity_formula_mass	2	FALSE	TRUE	1.30000898934668e-09	3.2500224733667e-06
3-SULFINOALANINE	12205	HMDB	HMDB0000996_28_shen	3-Sulfinoalanine	inchikey_connectivity_formula_mass	2	FALSE	TRUE	1.30000898934668e-09	3.2500224733667e-06
3-SULFINOALANINE	12206	HMDB	HMDB0000996_29_shen	3-Sulfinoalanine	inchikey_connectivity_formula_mass	2	FALSE	TRUE	1.30000898934668e-09	3.2500224733667e-06
3-SULFINOALANINE	12207	HMDB	HMDB0000996_30_shen	3-Sulfinoalanine	inchikey_connectivity_formula_mass	2	FALSE	TRUE	1.30000898934668e-09	3.2500224733667e-06
BILIVERDINE	12293	HMDB	HMDB0001008_1_shen	Biliverdin	inchikey_connectivity_formula_mass	2	FALSE	TRUE	1.38001041705138e-08	2.3701426342259e-05
BILIVERDINE	12294	HMDB	HMDB0001008_2_shen	Biliverdin	inchikey_connectivity_formula_mass	2	FALSE	TRUE	1.38001041705138e-08	2.3701426342259e-05
BILIVERDINE	12295	HMDB	HMDB0001008_3_shen	Biliverdin	inchikey_connectivity_formula_mass	2	FALSE	TRUE	1.38001041705138e-08	2.3701426342259e-05
BILIVERDINE	12296	HMDB	HMDB0001008_4_shen	Biliverdin	inchikey_connectivity_formula_mass	2	FALSE	TRUE	1.38001041705138e-08	2.3701426342259e-05
BILIVERDINE	12297	HMDB	HMDB0001008_5_shen	Biliverdin	inchikey_connectivity_formula_mass	2	FALSE	TRUE	1.38001041705138e-08	2.3701426342259e-05
BILIVERDINE	12298	HMDB	HMDB0001008_6_shen	Biliverdin	inchikey_connectivity_formula_mass	2	FALSE	TRUE	1.38001041705138e-08	2.3701426342259e-05
BILIVERDINE	12299	HMDB	HMDB0001008_7_shen	Biliverdin	inchikey_connectivity_formula_mass	2	FALSE	TRUE	1.38001041705138e-08	2.3701426342259e-05
BILIVERDINE	12300	HMDB	HMDB0001008_8_shen	Biliverdin	inchikey_connectivity_formula_mass	2	FALSE	TRUE	1.38001041705138e-08	2.3701426342259e-05
BILIVERDINE	12301	HMDB	HMDB0001008_9_shen	Biliverdin	inchikey_connectivity_formula_mass	2	FALSE	TRUE	1.38001041705138e-08	2.3701426342259e-05
BILIVERDINE	12302	HMDB	HMDB0001008_10_shen	Biliverdin	inchikey_connectivity_formula_mass	2	FALSE	TRUE	1.38001041705138e-08	2.3701426342259e-05
BILIVERDINE	12303	HMDB	HMDB0001008_11_shen	Biliverdin	inchikey_connectivity_formula_mass	2	FALSE	TRUE	1.38001041705138e-08	2.3701426342259e-05
BILIVERDINE	12304	HMDB	HMDB0001008_12_shen	Biliverdin	inchikey_connectivity_formula_mass	2	FALSE	TRUE	1.38001041705138e-08	2.3701426342259e-05
BILIVERDINE	12305	HMDB	HMDB0001008_13_shen	Biliverdin	inchikey_connectivity_formula_mass	2	FALSE	TRUE	1.38001041705138e-08	2.3701426342259e-05
BILIVERDINE	12306	HMDB	HMDB0001008_14_shen	Biliverdin	inchikey_connectivity_formula_mass	2	FALSE	TRUE	1.38001041705138e-08	2.3701426342259e-05
BILIVERDINE	12307	HMDB	HMDB0001008_15_shen	Biliverdin	inchikey_connectivity_formula_mass	2	FALSE	TRUE	1.38001041705138e-08	2.3701426342259e-05
BILIVERDINE	12308	HMDB	HMDB0001008_16_shen	Biliverdin	inchikey_connectivity_formula_mass	2	FALSE	TRUE	1.38001041705138e-08	2.3701426342259e-05
BILIVERDINE	12309	HMDB	HMDB0001008_17_shen	Biliverdin	inchikey_connectivity_formula_mass	2	FALSE	TRUE	1.38001041705138e-08	2.3701426342259e-05
BILIVERDINE	12310	HMDB	HMDB0001008_18_shen	Biliverdin	inchikey_connectivity_formula_mass	2	FALSE	TRUE	1.38001041705138e-08	2.3701426342259e-05
BILIVERDINE	12311	HMDB	HMDB0001008_19_shen	Biliverdin	inchikey_connectivity_formula_mass	2	FALSE	TRUE	1.38001041705138e-08	2.3701426342259e-05
BILIVERDINE	12312	HMDB	HMDB0001008_20_shen	Biliverdin	inchikey_connectivity_formula_mass	2	FALSE	TRUE	1.38001041705138e-08	2.3701426342259e-05
BILIVERDINE	12313	HMDB	HMDB0001008_21_shen	Biliverdin	inchikey_connectivity_formula_mass	2	FALSE	TRUE	1.38001041705138e-08	2.3701426342259e-05
BILIVERDINE	12314	HMDB	HMDB0001008_22_shen	Biliverdin	inchikey_connectivity_formula_mass	2	FALSE	TRUE	1.38001041705138e-08	2.3701426342259e-05
BILIVERDINE	12315	HMDB	HMDB0001008_23_shen	Biliverdin	inchikey_connectivity_formula_mass	2	FALSE	TRUE	1.38001041705138e-08	2.3701426342259e-05
BILIVERDINE	12316	HMDB	HMDB0001008_24_shen	Biliverdin	inchikey_connectivity_formula_mass	2	FALSE	TRUE	1.38001041705138e-08	2.3701426342259e-05
BILIVERDINE	12317	HMDB	HMDB0001008_25_shen	Biliverdin	inchikey_connectivity_formula_mass	2	FALSE	TRUE	1.38001041705138e-08	2.3701426342259e-05
BILIVERDINE	12318	HMDB	HMDB0001008_26_shen	Biliverdin	inchikey_connectivity_formula_mass	2	FALSE	TRUE	1.38001041705138e-08	2.3701426342259e-05
44-DIMETHYL-CHOLESTA-814-24-TRIENOL	12400	HMDB	HMDB0001023_1_shen	4,4-Dimethylcholesta-8,14,24-trienol	inchikey	1	TRUE	TRUE	4.69998440166819e-09	1.14534633068972e-05
44-DIMETHYL-CHOLESTA-812-24-TRIENOL	12400	HMDB	HMDB0001023_1_shen	4,4-Dimethylcholesta-8,14,24-trienol	inchikey	1	TRUE	TRUE	4.69998440166819e-09	1.14534633068972e-05
44-DIMETHYL-CHOLESTA-814-24-TRIENOL	12401	HMDB	HMDB0001023_2_shen	4,4-Dimethylcholesta-8,14,24-trienol	inchikey	1	TRUE	TRUE	4.69998440166819e-09	1.14534633068972e-05
44-DIMETHYL-CHOLESTA-812-24-TRIENOL	12401	HMDB	HMDB0001023_2_shen	4,4-Dimethylcholesta-8,14,24-trienol	inchikey	1	TRUE	TRUE	4.69998440166819e-09	1.14534633068972e-05
44-DIMETHYL-CHOLESTA-814-24-TRIENOL	12402	HMDB	HMDB0001023_3_shen	4,4-Dimethylcholesta-8,14,24-trienol	inchikey	1	TRUE	TRUE	4.69998440166819e-09	1.14534633068972e-05
44-DIMETHYL-CHOLESTA-812-24-TRIENOL	12402	HMDB	HMDB0001023_3_shen	4,4-Dimethylcholesta-8,14,24-trienol	inchikey	1	TRUE	TRUE	4.69998440166819e-09	1.14534633068972e-05
44-DIMETHYL-CHOLESTA-814-24-TRIENOL	12403	HMDB	HMDB0001023_4_shen	4,4-Dimethylcholesta-8,14,24-trienol	inchikey	1	TRUE	TRUE	4.69998440166819e-09	1.14534633068972e-05
44-DIMETHYL-CHOLESTA-812-24-TRIENOL	12403	HMDB	HMDB0001023_4_shen	4,4-Dimethylcholesta-8,14,24-trienol	inchikey	1	TRUE	TRUE	4.69998440166819e-09	1.14534633068972e-05
44-DIMETHYL-CHOLESTA-814-24-TRIENOL	12404	HMDB	HMDB0001023_5_shen	4,4-Dimethylcholesta-8,14,24-trienol	inchikey	1	TRUE	TRUE	4.69998440166819e-09	1.14534633068972e-05
44-DIMETHYL-CHOLESTA-812-24-TRIENOL	12404	HMDB	HMDB0001023_5_shen	4,4-Dimethylcholesta-8,14,24-trienol	inchikey	1	TRUE	TRUE	4.69998440166819e-09	1.14534633068972e-05
44-DIMETHYL-CHOLESTA-814-24-TRIENOL	12405	HMDB	HMDB0001023_6_shen	4,4-Dimethylcholesta-8,14,24-trienol	inchikey	1	TRUE	TRUE	4.69998440166819e-09	1.14534633068972e-05
44-DIMETHYL-CHOLESTA-812-24-TRIENOL	12405	HMDB	HMDB0001023_6_shen	4,4-Dimethylcholesta-8,14,24-trienol	inchikey	1	TRUE	TRUE	4.69998440166819e-09	1.14534633068972e-05
44-DIMETHYL-CHOLESTA-814-24-TRIENOL	12406	HMDB	HMDB0001023_7_shen	4,4-Dimethylcholesta-8,14,24-trienol	inchikey	1	TRUE	TRUE	4.69998440166819e-09	1.14534633068972e-05
44-DIMETHYL-CHOLESTA-812-24-TRIENOL	12406	HMDB	HMDB0001023_7_shen	4,4-Dimethylcholesta-8,14,24-trienol	inchikey	1	TRUE	TRUE	4.69998440166819e-09	1.14534633068972e-05
44-DIMETHYL-CHOLESTA-814-24-TRIENOL	12407	HMDB	HMDB0001023_8_shen	4,4-Dimethylcholesta-8,14,24-trienol	inchikey	1	TRUE	TRUE	4.69998440166819e-09	1.14534633068972e-05
44-DIMETHYL-CHOLESTA-812-24-TRIENOL	12407	HMDB	HMDB0001023_8_shen	4,4-Dimethylcholesta-8,14,24-trienol	inchikey	1	TRUE	TRUE	4.69998440166819e-09	1.14534633068972e-05
44-DIMETHYL-CHOLESTA-814-24-TRIENOL	12408	HMDB	HMDB0001023_9_shen	4,4-Dimethylcholesta-8,14,24-trienol	inchikey	1	TRUE	TRUE	4.69998440166819e-09	1.14534633068972e-05
44-DIMETHYL-CHOLESTA-812-24-TRIENOL	12408	HMDB	HMDB0001023_9_shen	4,4-Dimethylcholesta-8,14,24-trienol	inchikey	1	TRUE	TRUE	4.69998440166819e-09	1.14534633068972e-05
44-DIMETHYL-CHOLESTA-814-24-TRIENOL	12409	HMDB	HMDB0001023_10_shen	4,4-Dimethylcholesta-8,14,24-trienol	inchikey	1	TRUE	TRUE	4.69998440166819e-09	1.14534633068972e-05
44-DIMETHYL-CHOLESTA-812-24-TRIENOL	12409	HMDB	HMDB0001023_10_shen	4,4-Dimethylcholesta-8,14,24-trienol	inchikey	1	TRUE	TRUE	4.69998440166819e-09	1.14534633068972e-05
44-DIMETHYL-CHOLESTA-814-24-TRIENOL	12410	HMDB	HMDB0001023_11_shen	4,4-Dimethylcholesta-8,14,24-trienol	inchikey	1	TRUE	TRUE	4.69998440166819e-09	1.14534633068972e-05
44-DIMETHYL-CHOLESTA-812-24-TRIENOL	12410	HMDB	HMDB0001023_11_shen	4,4-Dimethylcholesta-8,14,24-trienol	inchikey	1	TRUE	TRUE	4.69998440166819e-09	1.14534633068972e-05
44-DIMETHYL-CHOLESTA-814-24-TRIENOL	12411	HMDB	HMDB0001023_12_shen	4,4-Dimethylcholesta-8,14,24-trienol	inchikey	1	TRUE	TRUE	4.69998440166819e-09	1.14534633068972e-05
44-DIMETHYL-CHOLESTA-812-24-TRIENOL	12411	HMDB	HMDB0001023_12_shen	4,4-Dimethylcholesta-8,14,24-trienol	inchikey	1	TRUE	TRUE	4.69998440166819e-09	1.14534633068972e-05
44-DIMETHYL-CHOLESTA-814-24-TRIENOL	12412	HMDB	HMDB0001023_13_shen	4,4-Dimethylcholesta-8,14,24-trienol	inchikey	1	TRUE	TRUE	4.69998440166819e-09	1.14534633068972e-05
44-DIMETHYL-CHOLESTA-812-24-TRIENOL	12412	HMDB	HMDB0001023_13_shen	4,4-Dimethylcholesta-8,14,24-trienol	inchikey	1	TRUE	TRUE	4.69998440166819e-09	1.14534633068972e-05
44-DIMETHYL-CHOLESTA-814-24-TRIENOL	12413	HMDB	HMDB0001023_14_shen	4,4-Dimethylcholesta-8,14,24-trienol	inchikey	1	TRUE	TRUE	4.69998440166819e-09	1.14534633068972e-05
44-DIMETHYL-CHOLESTA-812-24-TRIENOL	12413	HMDB	HMDB0001023_14_shen	4,4-Dimethylcholesta-8,14,24-trienol	inchikey	1	TRUE	TRUE	4.69998440166819e-09	1.14534633068972e-05
44-DIMETHYL-CHOLESTA-814-24-TRIENOL	12414	HMDB	HMDB0001023_15_shen	4,4-Dimethylcholesta-8,14,24-trienol	inchikey	1	TRUE	TRUE	4.69998440166819e-09	1.14534633068972e-05
44-DIMETHYL-CHOLESTA-812-24-TRIENOL	12414	HMDB	HMDB0001023_15_shen	4,4-Dimethylcholesta-8,14,24-trienol	inchikey	1	TRUE	TRUE	4.69998440166819e-09	1.14534633068972e-05
44-DIMETHYL-CHOLESTA-814-24-TRIENOL	12415	HMDB	HMDB0001023_16_shen	4,4-Dimethylcholesta-8,14,24-trienol	inchikey	1	TRUE	TRUE	4.69998440166819e-09	1.14534633068972e-05
44-DIMETHYL-CHOLESTA-812-24-TRIENOL	12415	HMDB	HMDB0001023_16_shen	4,4-Dimethylcholesta-8,14,24-trienol	inchikey	1	TRUE	TRUE	4.69998440166819e-09	1.14534633068972e-05
44-DIMETHYL-CHOLESTA-814-24-TRIENOL	12416	HMDB	HMDB0001023_17_shen	4,4-Dimethylcholesta-8,14,24-trienol	inchikey	1	TRUE	TRUE	4.69998440166819e-09	1.14534633068972e-05
44-DIMETHYL-CHOLESTA-812-24-TRIENOL	12416	HMDB	HMDB0001023_17_shen	4,4-Dimethylcholesta-8,14,24-trienol	inchikey	1	TRUE	TRUE	4.69998440166819e-09	1.14534633068972e-05
44-DIMETHYL-CHOLESTA-814-24-TRIENOL	12417	HMDB	HMDB0001023_18_shen	4,4-Dimethylcholesta-8,14,24-trienol	inchikey	1	TRUE	TRUE	4.69998440166819e-09	1.14534633068972e-05
44-DIMETHYL-CHOLESTA-812-24-TRIENOL	12417	HMDB	HMDB0001023_18_shen	4,4-Dimethylcholesta-8,14,24-trienol	inchikey	1	TRUE	TRUE	4.69998440166819e-09	1.14534633068972e-05
ARACHIDONIC_ACID	12422	HMDB	HMDB0001043_1_shen	Arachidonic acid	inchikey_connectivity_formula_mass	2	FALSE	TRUE	3.39997541232151e-09	8.49993853080377e-06
ARACHIDONIC_ACID	12423	HMDB	HMDB0001043_2_shen	Arachidonic acid	inchikey_connectivity_formula_mass	2	FALSE	TRUE	3.39997541232151e-09	8.49993853080377e-06
ARACHIDONIC_ACID	12424	HMDB	HMDB0001043_3_shen	Arachidonic acid	inchikey_connectivity_formula_mass	2	FALSE	TRUE	3.39997541232151e-09	8.49993853080377e-06
ARACHIDONIC_ACID	12425	HMDB	HMDB0001043_4_shen	Arachidonic acid	inchikey_connectivity_formula_mass	2	FALSE	TRUE	3.39997541232151e-09	8.49993853080377e-06
ARACHIDONIC_ACID	12426	HMDB	HMDB0001043_5_shen	Arachidonic acid	inchikey_connectivity_formula_mass	2	FALSE	TRUE	3.39997541232151e-09	8.49993853080377e-06
ARACHIDONIC_ACID	12427	HMDB	HMDB0001043_6_shen	Arachidonic acid	inchikey_connectivity_formula_mass	2	FALSE	TRUE	3.39997541232151e-09	8.49993853080377e-06
ARACHIDONIC_ACID	12428	HMDB	HMDB0001043_7_shen	Arachidonic acid	inchikey_connectivity_formula_mass	2	FALSE	TRUE	3.39997541232151e-09	8.49993853080377e-06
ARACHIDONIC_ACID	12429	HMDB	HMDB0001043_8_shen	Arachidonic acid	inchikey_connectivity_formula_mass	2	FALSE	TRUE	3.39997541232151e-09	8.49993853080377e-06
ARACHIDONIC_ACID	12430	HMDB	HMDB0001043_9_shen	Arachidonic acid	inchikey_connectivity_formula_mass	2	FALSE	TRUE	3.39997541232151e-09	8.49993853080377e-06
ARACHIDONIC_ACID	12431	HMDB	HMDB0001043_10_shen	Arachidonic acid	inchikey_connectivity_formula_mass	2	FALSE	TRUE	3.39997541232151e-09	8.49993853080377e-06
ARACHIDONIC_ACID	12432	HMDB	HMDB0001043_11_shen	Arachidonic acid	inchikey_connectivity_formula_mass	2	FALSE	TRUE	3.39997541232151e-09	8.49993853080377e-06
ARACHIDONIC_ACID	12433	HMDB	HMDB0001043_12_shen	Arachidonic acid	inchikey_connectivity_formula_mass	2	FALSE	TRUE	3.39997541232151e-09	8.49993853080377e-06
ARACHIDONIC_ACID	12434	HMDB	HMDB0001043_13_shen	Arachidonic acid	inchikey_connectivity_formula_mass	2	FALSE	TRUE	3.39997541232151e-09	8.49993853080377e-06
ARACHIDONIC_ACID	12435	HMDB	HMDB0001043_14_shen	Arachidonic acid	inchikey_connectivity_formula_mass	2	FALSE	TRUE	3.39997541232151e-09	8.49993853080377e-06
ARACHIDONIC_ACID	12436	HMDB	HMDB0001043_15_shen	Arachidonic acid	inchikey_connectivity_formula_mass	2	FALSE	TRUE	3.39997541232151e-09	8.49993853080377e-06
ARACHIDONIC_ACID	12437	HMDB	HMDB0001043_16_shen	Arachidonic acid	inchikey_connectivity_formula_mass	2	FALSE	TRUE	3.39997541232151e-09	8.49993853080377e-06
ARACHIDONIC_ACID	12438	HMDB	HMDB0001043_17_shen	Arachidonic acid	inchikey_connectivity_formula_mass	2	FALSE	TRUE	3.39997541232151e-09	8.49993853080377e-06
ARACHIDONIC_ACID	12439	HMDB	HMDB0001043_18_shen	Arachidonic acid	inchikey_connectivity_formula_mass	2	FALSE	TRUE	3.39997541232151e-09	8.49993853080377e-06
ARACHIDONIC_ACID	12440	HMDB	HMDB0001043_19_shen	Arachidonic acid	inchikey_connectivity_formula_mass	2	FALSE	TRUE	3.39997541232151e-09	8.49993853080377e-06
ARACHIDONIC_ACID	12441	HMDB	HMDB0001043_20_shen	Arachidonic acid	inchikey_connectivity_formula_mass	2	FALSE	TRUE	3.39997541232151e-09	8.49993853080377e-06
ARACHIDONIC_ACID	12442	HMDB	HMDB0001043_21_shen	Arachidonic acid	inchikey_connectivity_formula_mass	2	FALSE	TRUE	3.39997541232151e-09	8.49993853080377e-06
DGMP	12443	HMDB	HMDB0001044_1_shen	2'-Deoxyguanosine 5'-monophosphate	inchikey_connectivity_formula_mass	2	FALSE	TRUE	1.0999769983755e-09	2.74994249593874e-06
DGMP	12444	HMDB	HMDB0001044_2_shen	2'-Deoxyguanosine 5'-monophosphate	inchikey_connectivity_formula_mass	2	FALSE	TRUE	1.0999769983755e-09	2.74994249593874e-06
DGMP	12445	HMDB	HMDB0001044_3_shen	2'-Deoxyguanosine 5'-monophosphate	inchikey_connectivity_formula_mass	2	FALSE	TRUE	1.0999769983755e-09	2.74994249593874e-06
DGMP	12446	HMDB	HMDB0001044_4_shen	2'-Deoxyguanosine 5'-monophosphate	inchikey_connectivity_formula_mass	2	FALSE	TRUE	1.0999769983755e-09	2.74994249593874e-06
DGMP	12447	HMDB	HMDB0001044_5_shen	2'-Deoxyguanosine 5'-monophosphate	inchikey_connectivity_formula_mass	2	FALSE	TRUE	1.0999769983755e-09	2.74994249593874e-06
DGMP	12448	HMDB	HMDB0001044_6_shen	2'-Deoxyguanosine 5'-monophosphate	inchikey_connectivity_formula_mass	2	FALSE	TRUE	1.0999769983755e-09	2.74994249593874e-06
DGMP	12449	HMDB	HMDB0001044_7_shen	2'-Deoxyguanosine 5'-monophosphate	inchikey_connectivity_formula_mass	2	FALSE	TRUE	1.0999769983755e-09	2.74994249593874e-06
DGMP	12450	HMDB	HMDB0001044_8_shen	2'-Deoxyguanosine 5'-monophosphate	inchikey_connectivity_formula_mass	2	FALSE	TRUE	1.0999769983755e-09	2.74994249593874e-06
DGMP	12451	HMDB	HMDB0001044_9_shen	2'-Deoxyguanosine 5'-monophosphate	inchikey_connectivity_formula_mass	2	FALSE	TRUE	1.0999769983755e-09	2.74994249593874e-06
DGMP	12452	HMDB	HMDB0001044_10_shen	2'-Deoxyguanosine 5'-monophosphate	inchikey_connectivity_formula_mass	2	FALSE	TRUE	1.0999769983755e-09	2.74994249593874e-06
DGMP	12453	HMDB	HMDB0001044_11_shen	2'-Deoxyguanosine 5'-monophosphate	inchikey_connectivity_formula_mass	2	FALSE	TRUE	1.0999769983755e-09	2.74994249593874e-06
DGMP	12454	HMDB	HMDB0001044_12_shen	2'-Deoxyguanosine 5'-monophosphate	inchikey_connectivity_formula_mass	2	FALSE	TRUE	1.0999769983755e-09	2.74994249593874e-06
DGMP	12455	HMDB	HMDB0001044_13_shen	2'-Deoxyguanosine 5'-monophosphate	inchikey_connectivity_formula_mass	2	FALSE	TRUE	1.0999769983755e-09	2.74994249593874e-06
DGMP	12456	HMDB	HMDB0001044_14_shen	2'-Deoxyguanosine 5'-monophosphate	inchikey_connectivity_formula_mass	2	FALSE	TRUE	1.0999769983755e-09	2.74994249593874e-06
DGMP	12457	HMDB	HMDB0001044_15_shen	2'-Deoxyguanosine 5'-monophosphate	inchikey_connectivity_formula_mass	2	FALSE	TRUE	1.0999769983755e-09	2.74994249593874e-06
DGMP	12458	HMDB	HMDB0001044_16_shen	2'-Deoxyguanosine 5'-monophosphate	inchikey_connectivity_formula_mass	2	FALSE	TRUE	1.0999769983755e-09	2.74994249593874e-06
DGMP	12459	HMDB	HMDB0001044_17_shen	2'-Deoxyguanosine 5'-monophosphate	inchikey_connectivity_formula_mass	2	FALSE	TRUE	1.0999769983755e-09	2.74994249593874e-06
DGMP	12460	HMDB	HMDB0001044_18_shen	2'-Deoxyguanosine 5'-monophosphate	inchikey_connectivity_formula_mass	2	FALSE	TRUE	1.0999769983755e-09	2.74994249593874e-06
DGMP	12461	HMDB	HMDB0001044_19_shen	2'-Deoxyguanosine 5'-monophosphate	inchikey_connectivity_formula_mass	2	FALSE	TRUE	1.0999769983755e-09	2.74994249593874e-06
DGMP	12462	HMDB	HMDB0001044_20_shen	2'-Deoxyguanosine 5'-monophosphate	inchikey_connectivity_formula_mass	2	FALSE	TRUE	1.0999769983755e-09	2.74994249593874e-06
DGMP	12463	HMDB	HMDB0001044_21_shen	2'-Deoxyguanosine 5'-monophosphate	inchikey_connectivity_formula_mass	2	FALSE	TRUE	1.0999769983755e-09	2.74994249593874e-06
L-GAMMA-GLUTAMYLCYSTEINE	12485	HMDB	HMDB0001049_1_shen	gamma-Glutamylcysteine	inchikey_connectivity_formula_mass	2	FALSE	TRUE	2.29999841394601e-09	5.74999603486503e-06
L-GAMMA-GLUTAMYLCYSTEINE	12486	HMDB	HMDB0001049_2_shen	gamma-Glutamylcysteine	inchikey_connectivity_formula_mass	2	FALSE	TRUE	2.29999841394601e-09	5.74999603486503e-06
L-GAMMA-GLUTAMYLCYSTEINE	12487	HMDB	HMDB0001049_3_shen	gamma-Glutamylcysteine	inchikey_connectivity_formula_mass	2	FALSE	TRUE	2.29999841394601e-09	5.74999603486503e-06
L-GAMMA-GLUTAMYLCYSTEINE	12488	HMDB	HMDB0001049_4_shen	gamma-Glutamylcysteine	inchikey_connectivity_formula_mass	2	FALSE	TRUE	2.29999841394601e-09	5.74999603486503e-06
L-GAMMA-GLUTAMYLCYSTEINE	12489	HMDB	HMDB0001049_5_shen	gamma-Glutamylcysteine	inchikey_connectivity_formula_mass	2	FALSE	TRUE	2.29999841394601e-09	5.74999603486503e-06
L-GAMMA-GLUTAMYLCYSTEINE	12490	HMDB	HMDB0001049_6_shen	gamma-Glutamylcysteine	inchikey_connectivity_formula_mass	2	FALSE	TRUE	2.29999841394601e-09	5.74999603486503e-06
L-GAMMA-GLUTAMYLCYSTEINE	12491	HMDB	HMDB0001049_7_shen	gamma-Glutamylcysteine	inchikey_connectivity_formula_mass	2	FALSE	TRUE	2.29999841394601e-09	5.74999603486503e-06
L-GAMMA-GLUTAMYLCYSTEINE	12492	HMDB	HMDB0001049_8_shen	gamma-Glutamylcysteine	inchikey_connectivity_formula_mass	2	FALSE	TRUE	2.29999841394601e-09	5.74999603486503e-06
L-GAMMA-GLUTAMYLCYSTEINE	12493	HMDB	HMDB0001049_9_shen	gamma-Glutamylcysteine	inchikey_connectivity_formula_mass	2	FALSE	TRUE	2.29999841394601e-09	5.74999603486503e-06
CPD0-1551	12494	HMDB	HMDB0001051_1_shen	Glyceraldehyde	name_formula_mass	4	TRUE	TRUE	9.00001850823173e-10	2.25000462705793e-06
GLYCERALD	12494	HMDB	HMDB0001051_1_shen	Glyceraldehyde	name_formula_mass	4	TRUE	TRUE	9.00001850823173e-10	2.25000462705793e-06
CPD0-1551	12495	HMDB	HMDB0001051_2_shen	Glyceraldehyde	name_formula_mass	4	TRUE	TRUE	9.00001850823173e-10	2.25000462705793e-06
GLYCERALD	12495	HMDB	HMDB0001051_2_shen	Glyceraldehyde	name_formula_mass	4	TRUE	TRUE	9.00001850823173e-10	2.25000462705793e-06
CPD0-1551	12496	HMDB	HMDB0001051_3_shen	Glyceraldehyde	name_formula_mass	4	TRUE	TRUE	9.00001850823173e-10	2.25000462705793e-06
GLYCERALD	12496	HMDB	HMDB0001051_3_shen	Glyceraldehyde	name_formula_mass	4	TRUE	TRUE	9.00001850823173e-10	2.25000462705793e-06
CPD0-1551	12497	HMDB	HMDB0001051_4_shen	Glyceraldehyde	name_formula_mass	4	TRUE	TRUE	9.00001850823173e-10	2.25000462705793e-06
GLYCERALD	12497	HMDB	HMDB0001051_4_shen	Glyceraldehyde	name_formula_mass	4	TRUE	TRUE	9.00001850823173e-10	2.25000462705793e-06
DIHYDROFOLATE	12498	HMDB	HMDB0001056_shen	Dihydrofolic acid	inchikey_connectivity_formula_mass	2	FALSE	TRUE	4.10000211559236e-09	9.2518397606569e-06
N-ACETYL-D-GLUCOSAMINE-6-P	12576	HMDB	HMDB0001062_1_shen	N-Acetyl-D-Glucosamine 6-Phosphate	inchikey_connectivity_formula_mass	2	FALSE	TRUE	6.9996985985199e-10	1.74992464962997e-06
N-ACETYL-D-GLUCOSAMINE-6-P	12577	HMDB	HMDB0001062_2_shen	N-Acetyl-D-Glucosamine 6-Phosphate	inchikey_connectivity_formula_mass	2	FALSE	TRUE	6.9996985985199e-10	1.74992464962997e-06
N-ACETYL-D-GLUCOSAMINE-6-P	12578	HMDB	HMDB0001062_3_shen	N-Acetyl-D-Glucosamine 6-Phosphate	inchikey_connectivity_formula_mass	2	FALSE	TRUE	6.9996985985199e-10	1.74992464962997e-06
N-ACETYL-D-GLUCOSAMINE-6-P	12579	HMDB	HMDB0001062_4_shen	N-Acetyl-D-Glucosamine 6-Phosphate	inchikey_connectivity_formula_mass	2	FALSE	TRUE	6.9996985985199e-10	1.74992464962997e-06
N-ACETYL-D-GLUCOSAMINE-6-P	12580	HMDB	HMDB0001062_5_shen	N-Acetyl-D-Glucosamine 6-Phosphate	inchikey_connectivity_formula_mass	2	FALSE	TRUE	6.9996985985199e-10	1.74992464962997e-06
S-LACTOYL-GLUTATHIONE	12615	HMDB	HMDB0001066_1_shen	S-Lactoylglutathione	inchikey_connectivity_formula_mass	2	FALSE	TRUE	3.50001982951653e-09	8.75004957379133e-06
S-LACTOYL-GLUTATHIONE	12616	HMDB	HMDB0001066_2_shen	S-Lactoylglutathione	inchikey_connectivity_formula_mass	2	FALSE	TRUE	3.50001982951653e-09	8.75004957379133e-06
S-LACTOYL-GLUTATHIONE	12617	HMDB	HMDB0001066_3_shen	S-Lactoylglutathione	inchikey_connectivity_formula_mass	2	FALSE	TRUE	3.50001982951653e-09	8.75004957379133e-06
S-LACTOYL-GLUTATHIONE	12618	HMDB	HMDB0001066_4_shen	S-Lactoylglutathione	inchikey_connectivity_formula_mass	2	FALSE	TRUE	3.50001982951653e-09	8.75004957379133e-06
S-LACTOYL-GLUTATHIONE	12619	HMDB	HMDB0001066_5_shen	S-Lactoylglutathione	inchikey_connectivity_formula_mass	2	FALSE	TRUE	3.50001982951653e-09	8.75004957379133e-06
S-LACTOYL-GLUTATHIONE	12620	HMDB	HMDB0001066_6_shen	S-Lactoylglutathione	inchikey_connectivity_formula_mass	2	FALSE	TRUE	3.50001982951653e-09	8.75004957379133e-06
S-LACTOYL-GLUTATHIONE	12621	HMDB	HMDB0001066_7_shen	S-Lactoylglutathione	inchikey_connectivity_formula_mass	2	FALSE	TRUE	3.50001982951653e-09	8.75004957379133e-06
S-LACTOYL-GLUTATHIONE	12622	HMDB	HMDB0001066_8_shen	S-Lactoylglutathione	inchikey_connectivity_formula_mass	2	FALSE	TRUE	3.50001982951653e-09	8.75004957379133e-06
S-LACTOYL-GLUTATHIONE	12623	HMDB	HMDB0001066_9_shen	S-Lactoylglutathione	inchikey_connectivity_formula_mass	2	FALSE	TRUE	3.50001982951653e-09	8.75004957379133e-06
S-LACTOYL-GLUTATHIONE	12624	HMDB	HMDB0001066_10_shen	S-Lactoylglutathione	inchikey_connectivity_formula_mass	2	FALSE	TRUE	3.50001982951653e-09	8.75004957379133e-06
S-LACTOYL-GLUTATHIONE	12625	HMDB	HMDB0001066_11_shen	S-Lactoylglutathione	inchikey_connectivity_formula_mass	2	FALSE	TRUE	3.50001982951653e-09	8.75004957379133e-06
S-LACTOYL-GLUTATHIONE	12626	HMDB	HMDB0001066_12_shen	S-Lactoylglutathione	inchikey_connectivity_formula_mass	2	FALSE	TRUE	3.50001982951653e-09	8.75004957379133e-06
S-LACTOYL-GLUTATHIONE	12627	HMDB	HMDB0001066_13_shen	S-Lactoylglutathione	inchikey_connectivity_formula_mass	2	FALSE	TRUE	3.50001982951653e-09	8.75004957379133e-06
CPD-15711	12635	HMDB	HMDB0001078_1_shen	Mannose 6-phosphate	inchikey_connectivity_formula_mass	2	FALSE	TRUE	1.99975147552323e-10	4.99937868880806e-07
CPD-15711	12636	HMDB	HMDB0001078_2_shen	Mannose 6-phosphate	inchikey_connectivity_formula_mass	2	FALSE	TRUE	1.99975147552323e-10	4.99937868880806e-07
CPD-15711	12637	HMDB	HMDB0001078_3_shen	Mannose 6-phosphate	inchikey_connectivity_formula_mass	2	FALSE	TRUE	1.99975147552323e-10	4.99937868880806e-07
N-ACETYL-BETA-GLUCOSAMINYLAMINE	12664	HMDB	HMDB0001104_1_shen	N-Acetyl-b-glucosaminylamine	inchikey	1	TRUE	TRUE	2.50000198320777e-09	6.25000495801942e-06
N-ACETYL-BETA-GLUCOSAMINYLAMINE	12665	HMDB	HMDB0001104_2_shen	N-Acetyl-b-glucosaminylamine	inchikey	1	TRUE	TRUE	2.50000198320777e-09	6.25000495801942e-06
N-ACETYL-BETA-GLUCOSAMINYLAMINE	12666	HMDB	HMDB0001104_3_shen	N-Acetyl-b-glucosaminylamine	inchikey	1	TRUE	TRUE	2.50000198320777e-09	6.25000495801942e-06
CPD-15544	12667	HMDB	HMDB0001107_1_shen	7-Methylguanosine	inchikey	1	TRUE	TRUE	1.00782503519997	2519.56258799993
CPD-15544	12668	HMDB	HMDB0001107_2_shen	7-Methylguanosine	inchikey	1	TRUE	TRUE	1.00782503519997	2519.56258799993
CPD-15544	12669	HMDB	HMDB0001107_3_shen	7-Methylguanosine	inchikey	1	TRUE	TRUE	1.00782503519997	2519.56258799993
CPD-15544	12670	HMDB	HMDB0001107_4_shen	7-Methylguanosine	inchikey	1	TRUE	TRUE	1.00782503519997	2519.56258799993
CPD-15544	12671	HMDB	HMDB0001107_5_shen	7-Methylguanosine	inchikey	1	TRUE	TRUE	1.00782503519997	2519.56258799993
CPD-15544	12672	HMDB	HMDB0001107_6_shen	7-Methylguanosine	inchikey	1	TRUE	TRUE	1.00782503519997	2519.56258799993
CPD-15544	12673	HMDB	HMDB0001107_7_shen	7-Methylguanosine	inchikey	1	TRUE	TRUE	1.00782503519997	2519.56258799993
GAP	12674	HMDB	HMDB0001112_shen	Glyceraldehyde 3-phosphate	inchikey_connectivity_formula_mass	2	FALSE	TRUE	6.9999828156142e-10	1.74999570390355e-06
ANTHRANILATE	12676	HMDB	HMDB0001123_1_shen	2-Aminobenzoic acid	inchikey_connectivity_formula_mass	2	FALSE	TRUE	1.10000542008493e-09	2.75001355021232e-06
ANTHRANILATE	12677	HMDB	HMDB0001123_2_shen	2-Aminobenzoic acid	inchikey_connectivity_formula_mass	2	FALSE	TRUE	1.10000542008493e-09	2.75001355021232e-06
ANTHRANILATE	12678	HMDB	HMDB0001123_3_shen	2-Aminobenzoic acid	inchikey_connectivity_formula_mass	2	FALSE	TRUE	1.10000542008493e-09	2.75001355021232e-06
ANTHRANILATE	12679	HMDB	HMDB0001123_4_shen	2-Aminobenzoic acid	inchikey_connectivity_formula_mass	2	FALSE	TRUE	1.10000542008493e-09	2.75001355021232e-06
ANTHRANILATE	12680	HMDB	HMDB0001123_5_shen	2-Aminobenzoic acid	inchikey_connectivity_formula_mass	2	FALSE	TRUE	1.10000542008493e-09	2.75001355021232e-06
ANTHRANILATE	12681	HMDB	HMDB0001123_6_shen	2-Aminobenzoic acid	inchikey_connectivity_formula_mass	2	FALSE	TRUE	1.10000542008493e-09	2.75001355021232e-06
ANTHRANILATE	12682	HMDB	HMDB0001123_7_shen	2-Aminobenzoic acid	inchikey_connectivity_formula_mass	2	FALSE	TRUE	1.10000542008493e-09	2.75001355021232e-06
ANTHRANILATE	12683	HMDB	HMDB0001123_8_shen	2-Aminobenzoic acid	inchikey_connectivity_formula_mass	2	FALSE	TRUE	1.10000542008493e-09	2.75001355021232e-06
ANTHRANILATE	12684	HMDB	HMDB0001123_9_shen	2-Aminobenzoic acid	inchikey_connectivity_formula_mass	2	FALSE	TRUE	1.10000542008493e-09	2.75001355021232e-06
ANTHRANILATE	12685	HMDB	HMDB0001123_10_shen	2-Aminobenzoic acid	inchikey_connectivity_formula_mass	2	FALSE	TRUE	1.10000542008493e-09	2.75001355021232e-06
ANTHRANILATE	12686	HMDB	HMDB0001123_11_shen	2-Aminobenzoic acid	inchikey_connectivity_formula_mass	2	FALSE	TRUE	1.10000542008493e-09	2.75001355021232e-06
ANTHRANILATE	12687	HMDB	HMDB0001123_12_shen	2-Aminobenzoic acid	inchikey_connectivity_formula_mass	2	FALSE	TRUE	1.10000542008493e-09	2.75001355021232e-06
ANTHRANILATE	12688	HMDB	HMDB0001123_13_shen	2-Aminobenzoic acid	inchikey_connectivity_formula_mass	2	FALSE	TRUE	1.10000542008493e-09	2.75001355021232e-06
ANTHRANILATE	12689	HMDB	HMDB0001123_14_shen	2-Aminobenzoic acid	inchikey_connectivity_formula_mass	2	FALSE	TRUE	1.10000542008493e-09	2.75001355021232e-06
ANTHRANILATE	12690	HMDB	HMDB0001123_15_shen	2-Aminobenzoic acid	inchikey_connectivity_formula_mass	2	FALSE	TRUE	1.10000542008493e-09	2.75001355021232e-06
ANTHRANILATE	12691	HMDB	HMDB0001123_16_shen	2-Aminobenzoic acid	inchikey_connectivity_formula_mass	2	FALSE	TRUE	1.10000542008493e-09	2.75001355021232e-06
ANTHRANILATE	12692	HMDB	HMDB0001123_17_shen	2-Aminobenzoic acid	inchikey_connectivity_formula_mass	2	FALSE	TRUE	1.10000542008493e-09	2.75001355021232e-06
ANTHRANILATE	12693	HMDB	HMDB0001123_18_shen	2-Aminobenzoic acid	inchikey_connectivity_formula_mass	2	FALSE	TRUE	1.10000542008493e-09	2.75001355021232e-06
ANTHRANILATE	12694	HMDB	HMDB0001123_19_shen	2-Aminobenzoic acid	inchikey_connectivity_formula_mass	2	FALSE	TRUE	1.10000542008493e-09	2.75001355021232e-06
ANTHRANILATE	12695	HMDB	HMDB0001123_20_shen	2-Aminobenzoic acid	inchikey_connectivity_formula_mass	2	FALSE	TRUE	1.10000542008493e-09	2.75001355021232e-06
ANTHRANILATE	12696	HMDB	HMDB0001123_21_shen	2-Aminobenzoic acid	inchikey_connectivity_formula_mass	2	FALSE	TRUE	1.10000542008493e-09	2.75001355021232e-06
ANTHRANILATE	12697	HMDB	HMDB0001123_22_shen	2-Aminobenzoic acid	inchikey_connectivity_formula_mass	2	FALSE	TRUE	1.10000542008493e-09	2.75001355021232e-06
ANTHRANILATE	12698	HMDB	HMDB0001123_23_shen	2-Aminobenzoic acid	inchikey_connectivity_formula_mass	2	FALSE	TRUE	1.10000542008493e-09	2.75001355021232e-06
ANTHRANILATE	12699	HMDB	HMDB0001123_24_shen	2-Aminobenzoic acid	inchikey_connectivity_formula_mass	2	FALSE	TRUE	1.10000542008493e-09	2.75001355021232e-06
ANTHRANILATE	12700	HMDB	HMDB0001123_25_shen	2-Aminobenzoic acid	inchikey_connectivity_formula_mass	2	FALSE	TRUE	1.10000542008493e-09	2.75001355021232e-06
ANTHRANILATE	12701	HMDB	HMDB0001123_26_shen	2-Aminobenzoic acid	inchikey_connectivity_formula_mass	2	FALSE	TRUE	1.10000542008493e-09	2.75001355021232e-06
ANTHRANILATE	12702	HMDB	HMDB0001123_27_shen	2-Aminobenzoic acid	inchikey_connectivity_formula_mass	2	FALSE	TRUE	1.10000542008493e-09	2.75001355021232e-06
ANTHRANILATE	12703	HMDB	HMDB0001123_28_shen	2-Aminobenzoic acid	inchikey_connectivity_formula_mass	2	FALSE	TRUE	1.10000542008493e-09	2.75001355021232e-06
ANTHRANILATE	12704	HMDB	HMDB0001123_29_shen	2-Aminobenzoic acid	inchikey_connectivity_formula_mass	2	FALSE	TRUE	1.10000542008493e-09	2.75001355021232e-06
ANTHRANILATE	12705	HMDB	HMDB0001123_30_shen	2-Aminobenzoic acid	inchikey_connectivity_formula_mass	2	FALSE	TRUE	1.10000542008493e-09	2.75001355021232e-06
ANTHRANILATE	12706	HMDB	HMDB0001123_31_shen	2-Aminobenzoic acid	inchikey_connectivity_formula_mass	2	FALSE	TRUE	1.10000542008493e-09	2.75001355021232e-06
ANTHRANILATE	12707	HMDB	HMDB0001123_32_shen	2-Aminobenzoic acid	inchikey_connectivity_formula_mass	2	FALSE	TRUE	1.10000542008493e-09	2.75001355021232e-06
ANTHRANILATE	12708	HMDB	HMDB0001123_33_shen	2-Aminobenzoic acid	inchikey_connectivity_formula_mass	2	FALSE	TRUE	1.10000542008493e-09	2.75001355021232e-06
ANTHRANILATE	12709	HMDB	HMDB0001123_34_shen	2-Aminobenzoic acid	inchikey_connectivity_formula_mass	2	FALSE	TRUE	1.10000542008493e-09	2.75001355021232e-06
ANTHRANILATE	12710	HMDB	HMDB0001123_35_shen	2-Aminobenzoic acid	inchikey_connectivity_formula_mass	2	FALSE	TRUE	1.10000542008493e-09	2.75001355021232e-06
ANTHRANILATE	12711	HMDB	HMDB0001123_36_shen	2-Aminobenzoic acid	inchikey_connectivity_formula_mass	2	FALSE	TRUE	1.10000542008493e-09	2.75001355021232e-06
ANTHRANILATE	12712	HMDB	HMDB0001123_37_shen	2-Aminobenzoic acid	inchikey_connectivity_formula_mass	2	FALSE	TRUE	1.10000542008493e-09	2.75001355021232e-06
ANTHRANILATE	12713	HMDB	HMDB0001123_38_shen	2-Aminobenzoic acid	inchikey_connectivity_formula_mass	2	FALSE	TRUE	1.10000542008493e-09	2.75001355021232e-06
ANTHRANILATE	12714	HMDB	HMDB0001123_39_shen	2-Aminobenzoic acid	inchikey_connectivity_formula_mass	2	FALSE	TRUE	1.10000542008493e-09	2.75001355021232e-06
ANTHRANILATE	12715	HMDB	HMDB0001123_40_shen	2-Aminobenzoic acid	inchikey_connectivity_formula_mass	2	FALSE	TRUE	1.10000542008493e-09	2.75001355021232e-06
ANTHRANILATE	12716	HMDB	HMDB0001123_41_shen	2-Aminobenzoic acid	inchikey_connectivity_formula_mass	2	FALSE	TRUE	1.10000542008493e-09	2.75001355021232e-06
ANTHRANILATE	12717	HMDB	HMDB0001123_42_shen	2-Aminobenzoic acid	inchikey_connectivity_formula_mass	2	FALSE	TRUE	1.10000542008493e-09	2.75001355021232e-06
ANTHRANILATE	12718	HMDB	HMDB0001123_43_shen	2-Aminobenzoic acid	inchikey_connectivity_formula_mass	2	FALSE	TRUE	1.10000542008493e-09	2.75001355021232e-06
ANTHRANILATE	12719	HMDB	HMDB0001123_44_shen	2-Aminobenzoic acid	inchikey_connectivity_formula_mass	2	FALSE	TRUE	1.10000542008493e-09	2.75001355021232e-06
ANTHRANILATE	12720	HMDB	HMDB0001123_45_shen	2-Aminobenzoic acid	inchikey_connectivity_formula_mass	2	FALSE	TRUE	1.10000542008493e-09	2.75001355021232e-06
ANTHRANILATE	12721	HMDB	HMDB0001123_46_shen	2-Aminobenzoic acid	inchikey_connectivity_formula_mass	2	FALSE	TRUE	1.10000542008493e-09	2.75001355021232e-06
ANTHRANILATE	12722	HMDB	HMDB0001123_47_shen	2-Aminobenzoic acid	inchikey_connectivity_formula_mass	2	FALSE	TRUE	1.10000542008493e-09	2.75001355021232e-06
ANTHRANILATE	12723	HMDB	HMDB0001123_48_shen	2-Aminobenzoic acid	inchikey_connectivity_formula_mass	2	FALSE	TRUE	1.10000542008493e-09	2.75001355021232e-06
ANTHRANILATE	12724	HMDB	HMDB0001123_49_shen	2-Aminobenzoic acid	inchikey_connectivity_formula_mass	2	FALSE	TRUE	1.10000542008493e-09	2.75001355021232e-06
ANTHRANILATE	12725	HMDB	HMDB0001123_50_shen	2-Aminobenzoic acid	inchikey_connectivity_formula_mass	2	FALSE	TRUE	1.10000542008493e-09	2.75001355021232e-06
ANTHRANILATE	12726	HMDB	HMDB0001123_51_shen	2-Aminobenzoic acid	inchikey_connectivity_formula_mass	2	FALSE	TRUE	1.10000542008493e-09	2.75001355021232e-06
ANTHRANILATE	12727	HMDB	HMDB0001123_52_shen	2-Aminobenzoic acid	inchikey_connectivity_formula_mass	2	FALSE	TRUE	1.10000542008493e-09	2.75001355021232e-06
ANTHRANILATE	12728	HMDB	HMDB0001123_53_shen	2-Aminobenzoic acid	inchikey_connectivity_formula_mass	2	FALSE	TRUE	1.10000542008493e-09	2.75001355021232e-06
ANTHRANILATE	12729	HMDB	HMDB0001123_54_shen	2-Aminobenzoic acid	inchikey_connectivity_formula_mass	2	FALSE	TRUE	1.10000542008493e-09	2.75001355021232e-06
ANTHRANILATE	12730	HMDB	HMDB0001123_55_shen	2-Aminobenzoic acid	inchikey_connectivity_formula_mass	2	FALSE	TRUE	1.10000542008493e-09	2.75001355021232e-06
ANTHRANILATE	12731	HMDB	HMDB0001123_56_shen	2-Aminobenzoic acid	inchikey_connectivity_formula_mass	2	FALSE	TRUE	1.10000542008493e-09	2.75001355021232e-06
ANTHRANILATE	12732	HMDB	HMDB0001123_57_shen	2-Aminobenzoic acid	inchikey_connectivity_formula_mass	2	FALSE	TRUE	1.10000542008493e-09	2.75001355021232e-06
TREHALOSE-6P	12733	HMDB	HMDB0001124_1_shen	Trehalose 6-phosphate	inchikey_connectivity_formula_mass	2	FALSE	TRUE	1.70001612787019e-09	4.02768643304976e-06
TREHALOSE-6P	12734	HMDB	HMDB0001124_2_shen	Trehalose 6-phosphate	inchikey_connectivity_formula_mass	2	FALSE	TRUE	1.70001612787019e-09	4.02768643304976e-06
TREHALOSE-6P	12735	HMDB	HMDB0001124_3_shen	Trehalose 6-phosphate	inchikey_connectivity_formula_mass	2	FALSE	TRUE	1.70001612787019e-09	4.02768643304976e-06
TREHALOSE-6P	12736	HMDB	HMDB0001124_4_shen	Trehalose 6-phosphate	inchikey_connectivity_formula_mass	2	FALSE	TRUE	1.70001612787019e-09	4.02768643304976e-06
TREHALOSE-6P	12737	HMDB	HMDB0001124_5_shen	Trehalose 6-phosphate	inchikey_connectivity_formula_mass	2	FALSE	TRUE	1.70001612787019e-09	4.02768643304976e-06
TREHALOSE-6P	12738	HMDB	HMDB0001124_6_shen	Trehalose 6-phosphate	inchikey_connectivity_formula_mass	2	FALSE	TRUE	1.70001612787019e-09	4.02768643304976e-06
TREHALOSE-6P	12739	HMDB	HMDB0001124_7_shen	Trehalose 6-phosphate	inchikey_connectivity_formula_mass	2	FALSE	TRUE	1.70001612787019e-09	4.02768643304976e-06
TREHALOSE-6P	12740	HMDB	HMDB0001124_8_shen	Trehalose 6-phosphate	inchikey_connectivity_formula_mass	2	FALSE	TRUE	1.70001612787019e-09	4.02768643304976e-06
TREHALOSE-6P	12741	HMDB	HMDB0001124_9_shen	Trehalose 6-phosphate	inchikey_connectivity_formula_mass	2	FALSE	TRUE	1.70001612787019e-09	4.02768643304976e-06
TREHALOSE-6P	12742	HMDB	HMDB0001124_10_shen	Trehalose 6-phosphate	inchikey_connectivity_formula_mass	2	FALSE	TRUE	1.70001612787019e-09	4.02768643304976e-06
TREHALOSE-6P	12743	HMDB	HMDB0001124_11_shen	Trehalose 6-phosphate	inchikey_connectivity_formula_mass	2	FALSE	TRUE	1.70001612787019e-09	4.02768643304976e-06
TREHALOSE-6P	12744	HMDB	HMDB0001124_12_shen	Trehalose 6-phosphate	inchikey_connectivity_formula_mass	2	FALSE	TRUE	1.70001612787019e-09	4.02768643304976e-06
TREHALOSE-6P	12745	HMDB	HMDB0001124_13_shen	Trehalose 6-phosphate	inchikey_connectivity_formula_mass	2	FALSE	TRUE	1.70001612787019e-09	4.02768643304976e-06
ACETYL-GLU	12781	HMDB	HMDB0001138_1_shen	N-Acetyl-L-glutamic acid	inchikey_connectivity_formula_mass	2	FALSE	TRUE	1.80000370164635e-09	4.50000925411587e-06
ACETYL-GLU	12782	HMDB	HMDB0001138_2_shen	N-Acetyl-L-glutamic acid	inchikey_connectivity_formula_mass	2	FALSE	TRUE	1.80000370164635e-09	4.50000925411587e-06
ACETYL-GLU	12783	HMDB	HMDB0001138_3_shen	N-Acetyl-L-glutamic acid	inchikey_connectivity_formula_mass	2	FALSE	TRUE	1.80000370164635e-09	4.50000925411587e-06
ACETYL-GLU	12784	HMDB	HMDB0001138_4_shen	N-Acetyl-L-glutamic acid	inchikey_connectivity_formula_mass	2	FALSE	TRUE	1.80000370164635e-09	4.50000925411587e-06
ACETYL-GLU	12785	HMDB	HMDB0001138_5_shen	N-Acetyl-L-glutamic acid	inchikey_connectivity_formula_mass	2	FALSE	TRUE	1.80000370164635e-09	4.50000925411587e-06
ACETYL-GLU	12786	HMDB	HMDB0001138_6_shen	N-Acetyl-L-glutamic acid	inchikey_connectivity_formula_mass	2	FALSE	TRUE	1.80000370164635e-09	4.50000925411587e-06
ACETYL-GLU	12787	HMDB	HMDB0001138_7_shen	N-Acetyl-L-glutamic acid	inchikey_connectivity_formula_mass	2	FALSE	TRUE	1.80000370164635e-09	4.50000925411587e-06
ACETYL-GLU	12788	HMDB	HMDB0001138_8_shen	N-Acetyl-L-glutamic acid	inchikey_connectivity_formula_mass	2	FALSE	TRUE	1.80000370164635e-09	4.50000925411587e-06
ACETYL-GLU	12789	HMDB	HMDB0001138_9_shen	N-Acetyl-L-glutamic acid	inchikey_connectivity_formula_mass	2	FALSE	TRUE	1.80000370164635e-09	4.50000925411587e-06
ACETYL-GLU	12790	HMDB	HMDB0001138_10_shen	N-Acetyl-L-glutamic acid	inchikey_connectivity_formula_mass	2	FALSE	TRUE	1.80000370164635e-09	4.50000925411587e-06
ACETYL-GLU	12791	HMDB	HMDB0001138_11_shen	N-Acetyl-L-glutamic acid	inchikey_connectivity_formula_mass	2	FALSE	TRUE	1.80000370164635e-09	4.50000925411587e-06
ACETYL-GLU	12792	HMDB	HMDB0001138_12_shen	N-Acetyl-L-glutamic acid	inchikey_connectivity_formula_mass	2	FALSE	TRUE	1.80000370164635e-09	4.50000925411587e-06
ACETYL-GLU	12793	HMDB	HMDB0001138_13_shen	N-Acetyl-L-glutamic acid	inchikey_connectivity_formula_mass	2	FALSE	TRUE	1.80000370164635e-09	4.50000925411587e-06
ACETYL-GLU	12794	HMDB	HMDB0001138_14_shen	N-Acetyl-L-glutamic acid	inchikey_connectivity_formula_mass	2	FALSE	TRUE	1.80000370164635e-09	4.50000925411587e-06
ACETYL-GLU	12795	HMDB	HMDB0001138_15_shen	N-Acetyl-L-glutamic acid	inchikey_connectivity_formula_mass	2	FALSE	TRUE	1.80000370164635e-09	4.50000925411587e-06
ACETYL-GLU	12796	HMDB	HMDB0001138_16_shen	N-Acetyl-L-glutamic acid	inchikey_connectivity_formula_mass	2	FALSE	TRUE	1.80000370164635e-09	4.50000925411587e-06
ACETYL-GLU	12797	HMDB	HMDB0001138_17_shen	N-Acetyl-L-glutamic acid	inchikey_connectivity_formula_mass	2	FALSE	TRUE	1.80000370164635e-09	4.50000925411587e-06
ACETYL-GLU	12798	HMDB	HMDB0001138_18_shen	N-Acetyl-L-glutamic acid	inchikey_connectivity_formula_mass	2	FALSE	TRUE	1.80000370164635e-09	4.50000925411587e-06
ACETYL-GLU	12799	HMDB	HMDB0001138_19_shen	N-Acetyl-L-glutamic acid	inchikey_connectivity_formula_mass	2	FALSE	TRUE	1.80000370164635e-09	4.50000925411587e-06
ACETYL-GLU	12800	HMDB	HMDB0001138_20_shen	N-Acetyl-L-glutamic acid	inchikey_connectivity_formula_mass	2	FALSE	TRUE	1.80000370164635e-09	4.50000925411587e-06
ACETYL-GLU	12801	HMDB	HMDB0001138_21_shen	N-Acetyl-L-glutamic acid	inchikey_connectivity_formula_mass	2	FALSE	TRUE	1.80000370164635e-09	4.50000925411587e-06
ACETYL-GLU	12802	HMDB	HMDB0001138_22_shen	N-Acetyl-L-glutamic acid	inchikey_connectivity_formula_mass	2	FALSE	TRUE	1.80000370164635e-09	4.50000925411587e-06
ACETYL-GLU	12803	HMDB	HMDB0001138_23_shen	N-Acetyl-L-glutamic acid	inchikey_connectivity_formula_mass	2	FALSE	TRUE	1.80000370164635e-09	4.50000925411587e-06
5-AMINO-LEVULINATE	12894	HMDB	HMDB0001149_1_shen	5-Aminolevulinic acid	inchikey	1	TRUE	TRUE	1.39999656312284e-09	3.4999914078071e-06
5-AMINO-LEVULINATE	12895	HMDB	HMDB0001149_2_shen	5-Aminolevulinic acid	inchikey	1	TRUE	TRUE	1.39999656312284e-09	3.4999914078071e-06
5-AMINO-LEVULINATE	12896	HMDB	HMDB0001149_3_shen	5-Aminolevulinic acid	inchikey	1	TRUE	TRUE	1.39999656312284e-09	3.4999914078071e-06
5-AMINO-LEVULINATE	12897	HMDB	HMDB0001149_4_shen	5-Aminolevulinic acid	inchikey	1	TRUE	TRUE	1.39999656312284e-09	3.4999914078071e-06
5-AMINO-LEVULINATE	12898	HMDB	HMDB0001149_5_shen	5-Aminolevulinic acid	inchikey	1	TRUE	TRUE	1.39999656312284e-09	3.4999914078071e-06
5-AMINO-LEVULINATE	12899	HMDB	HMDB0001149_6_shen	5-Aminolevulinic acid	inchikey	1	TRUE	TRUE	1.39999656312284e-09	3.4999914078071e-06
5-AMINO-LEVULINATE	12900	HMDB	HMDB0001149_7_shen	5-Aminolevulinic acid	inchikey	1	TRUE	TRUE	1.39999656312284e-09	3.4999914078071e-06
5-AMINO-LEVULINATE	12901	HMDB	HMDB0001149_8_shen	5-Aminolevulinic acid	inchikey	1	TRUE	TRUE	1.39999656312284e-09	3.4999914078071e-06
5-AMINO-LEVULINATE	12902	HMDB	HMDB0001149_9_shen	5-Aminolevulinic acid	inchikey	1	TRUE	TRUE	1.39999656312284e-09	3.4999914078071e-06
5-AMINO-LEVULINATE	12903	HMDB	HMDB0001149_10_shen	5-Aminolevulinic acid	inchikey	1	TRUE	TRUE	1.39999656312284e-09	3.4999914078071e-06
5-AMINO-LEVULINATE	12904	HMDB	HMDB0001149_11_shen	5-Aminolevulinic acid	inchikey	1	TRUE	TRUE	1.39999656312284e-09	3.4999914078071e-06
5-AMINO-LEVULINATE	12905	HMDB	HMDB0001149_12_shen	5-Aminolevulinic acid	inchikey	1	TRUE	TRUE	1.39999656312284e-09	3.4999914078071e-06
5-AMINO-LEVULINATE	12906	HMDB	HMDB0001149_13_shen	5-Aminolevulinic acid	inchikey	1	TRUE	TRUE	1.39999656312284e-09	3.4999914078071e-06
5-AMINO-LEVULINATE	12907	HMDB	HMDB0001149_14_shen	5-Aminolevulinic acid	inchikey	1	TRUE	TRUE	1.39999656312284e-09	3.4999914078071e-06
5-AMINO-LEVULINATE	12908	HMDB	HMDB0001149_15_shen	5-Aminolevulinic acid	inchikey	1	TRUE	TRUE	1.39999656312284e-09	3.4999914078071e-06
5-AMINO-LEVULINATE	12909	HMDB	HMDB0001149_16_shen	5-Aminolevulinic acid	inchikey	1	TRUE	TRUE	1.39999656312284e-09	3.4999914078071e-06
5-AMINO-LEVULINATE	12910	HMDB	HMDB0001149_17_shen	5-Aminolevulinic acid	inchikey	1	TRUE	TRUE	1.39999656312284e-09	3.4999914078071e-06
5-AMINO-LEVULINATE	12911	HMDB	HMDB0001149_18_shen	5-Aminolevulinic acid	inchikey	1	TRUE	TRUE	1.39999656312284e-09	3.4999914078071e-06
5-AMINO-LEVULINATE	12912	HMDB	HMDB0001149_19_shen	5-Aminolevulinic acid	inchikey	1	TRUE	TRUE	1.39999656312284e-09	3.4999914078071e-06
5-AMINO-LEVULINATE	12913	HMDB	HMDB0001149_20_shen	5-Aminolevulinic acid	inchikey	1	TRUE	TRUE	1.39999656312284e-09	3.4999914078071e-06
5-AMINO-LEVULINATE	12914	HMDB	HMDB0001149_21_shen	5-Aminolevulinic acid	inchikey	1	TRUE	TRUE	1.39999656312284e-09	3.4999914078071e-06
5-AMINO-LEVULINATE	12915	HMDB	HMDB0001149_22_shen	5-Aminolevulinic acid	inchikey	1	TRUE	TRUE	1.39999656312284e-09	3.4999914078071e-06
5-AMINO-LEVULINATE	12916	HMDB	HMDB0001149_23_shen	5-Aminolevulinic acid	inchikey	1	TRUE	TRUE	1.39999656312284e-09	3.4999914078071e-06
5-AMINO-LEVULINATE	12917	HMDB	HMDB0001149_24_shen	5-Aminolevulinic acid	inchikey	1	TRUE	TRUE	1.39999656312284e-09	3.4999914078071e-06
5-AMINO-LEVULINATE	12918	HMDB	HMDB0001149_25_shen	5-Aminolevulinic acid	inchikey	1	TRUE	TRUE	1.39999656312284e-09	3.4999914078071e-06
5-AMINO-LEVULINATE	12919	HMDB	HMDB0001149_26_shen	5-Aminolevulinic acid	inchikey	1	TRUE	TRUE	1.39999656312284e-09	3.4999914078071e-06
5-AMINO-LEVULINATE	12920	HMDB	HMDB0001149_27_shen	5-Aminolevulinic acid	inchikey	1	TRUE	TRUE	1.39999656312284e-09	3.4999914078071e-06
5-AMINO-LEVULINATE	12921	HMDB	HMDB0001149_28_shen	5-Aminolevulinic acid	inchikey	1	TRUE	TRUE	1.39999656312284e-09	3.4999914078071e-06
5-AMINO-LEVULINATE	12922	HMDB	HMDB0001149_29_shen	5-Aminolevulinic acid	inchikey	1	TRUE	TRUE	1.39999656312284e-09	3.4999914078071e-06
5-AMINO-LEVULINATE	12923	HMDB	HMDB0001149_30_shen	5-Aminolevulinic acid	inchikey	1	TRUE	TRUE	1.39999656312284e-09	3.4999914078071e-06
5-AMINO-LEVULINATE	12924	HMDB	HMDB0001149_31_shen	5-Aminolevulinic acid	inchikey	1	TRUE	TRUE	1.39999656312284e-09	3.4999914078071e-06
5-AMINO-LEVULINATE	12925	HMDB	HMDB0001149_32_shen	5-Aminolevulinic acid	inchikey	1	TRUE	TRUE	1.39999656312284e-09	3.4999914078071e-06
5-AMINO-LEVULINATE	12926	HMDB	HMDB0001149_33_shen	5-Aminolevulinic acid	inchikey	1	TRUE	TRUE	1.39999656312284e-09	3.4999914078071e-06
5-AMINO-LEVULINATE	12927	HMDB	HMDB0001149_34_shen	5-Aminolevulinic acid	inchikey	1	TRUE	TRUE	1.39999656312284e-09	3.4999914078071e-06
5-AMINO-LEVULINATE	12928	HMDB	HMDB0001149_35_shen	5-Aminolevulinic acid	inchikey	1	TRUE	TRUE	1.39999656312284e-09	3.4999914078071e-06
5-AMINO-LEVULINATE	12929	HMDB	HMDB0001149_36_shen	5-Aminolevulinic acid	inchikey	1	TRUE	TRUE	1.39999656312284e-09	3.4999914078071e-06
GDP-MANNOSE	12981	HMDB	HMDB0001163_1_shen	Guanosine diphosphate mannose	inchikey_connectivity_formula_mass	2	FALSE	TRUE	1.09992015495664e-09	1.81781802512775e-06
GDP-MANNOSE	12982	HMDB	HMDB0001163_2_shen	Guanosine diphosphate mannose	inchikey_connectivity_formula_mass	2	FALSE	TRUE	1.09992015495664e-09	1.81781802512775e-06
GDP-MANNOSE	12983	HMDB	HMDB0001163_3_shen	Guanosine diphosphate mannose	inchikey_connectivity_formula_mass	2	FALSE	TRUE	1.09992015495664e-09	1.81781802512775e-06
GDP-MANNOSE	12984	HMDB	HMDB0001163_4_shen	Guanosine diphosphate mannose	inchikey_connectivity_formula_mass	2	FALSE	TRUE	1.09992015495664e-09	1.81781802512775e-06
GDP-MANNOSE	12985	HMDB	HMDB0001163_5_shen	Guanosine diphosphate mannose	inchikey_connectivity_formula_mass	2	FALSE	TRUE	1.09992015495664e-09	1.81781802512775e-06
GDP-MANNOSE	12986	HMDB	HMDB0001163_6_shen	Guanosine diphosphate mannose	inchikey_connectivity_formula_mass	2	FALSE	TRUE	1.09992015495664e-09	1.81781802512775e-06
GDP-MANNOSE	12987	HMDB	HMDB0001163_7_shen	Guanosine diphosphate mannose	inchikey_connectivity_formula_mass	2	FALSE	TRUE	1.09992015495664e-09	1.81781802512775e-06
GDP-MANNOSE	12988	HMDB	HMDB0001163_8_shen	Guanosine diphosphate mannose	inchikey_connectivity_formula_mass	2	FALSE	TRUE	1.09992015495664e-09	1.81781802512775e-06
METHYL-GLYOXAL	12989	HMDB	HMDB0001167_1_shen	Pyruvaldehyde	inchikey	1	TRUE	TRUE	5.99996496930544e-10	1.49999124232636e-06
METHYL-GLYOXAL	12990	HMDB	HMDB0001167_2_shen	Pyruvaldehyde	inchikey	1	TRUE	TRUE	5.99996496930544e-10	1.49999124232636e-06
METHYL-GLYOXAL	12991	HMDB	HMDB0001167_3_shen	Pyruvaldehyde	inchikey	1	TRUE	TRUE	5.99996496930544e-10	1.49999124232636e-06
5-METHYLTHIOADENOSINE	12998	HMDB	HMDB0001173_1_shen	5'-Methylthioadenosine	inchikey	1	TRUE	TRUE	2.80004996966454e-09	7.00012492416136e-06
5-METHYLTHIOADENOSINE	12999	HMDB	HMDB0001173_2_shen	5'-Methylthioadenosine	inchikey	1	TRUE	TRUE	2.80004996966454e-09	7.00012492416136e-06
5-METHYLTHIOADENOSINE	13000	HMDB	HMDB0001173_3_shen	5'-Methylthioadenosine	inchikey	1	TRUE	TRUE	2.80004996966454e-09	7.00012492416136e-06
5-METHYLTHIOADENOSINE	13001	HMDB	HMDB0001173_4_shen	5'-Methylthioadenosine	inchikey	1	TRUE	TRUE	2.80004996966454e-09	7.00012492416136e-06
5-METHYLTHIOADENOSINE	13002	HMDB	HMDB0001173_5_shen	5'-Methylthioadenosine	inchikey	1	TRUE	TRUE	2.80004996966454e-09	7.00012492416136e-06
5-METHYLTHIOADENOSINE	13003	HMDB	HMDB0001173_6_shen	5'-Methylthioadenosine	inchikey	1	TRUE	TRUE	2.80004996966454e-09	7.00012492416136e-06
5-METHYLTHIOADENOSINE	13004	HMDB	HMDB0001173_7_shen	5'-Methylthioadenosine	inchikey	1	TRUE	TRUE	2.80004996966454e-09	7.00012492416136e-06
5-METHYLTHIOADENOSINE	13005	HMDB	HMDB0001173_8_shen	5'-Methylthioadenosine	inchikey	1	TRUE	TRUE	2.80004996966454e-09	7.00012492416136e-06
5-METHYLTHIOADENOSINE	13006	HMDB	HMDB0001173_9_shen	5'-Methylthioadenosine	inchikey	1	TRUE	TRUE	2.80004996966454e-09	7.00012492416136e-06
5-METHYLTHIOADENOSINE	13007	HMDB	HMDB0001173_10_shen	5'-Methylthioadenosine	inchikey	1	TRUE	TRUE	2.80004996966454e-09	7.00012492416136e-06
5-METHYLTHIOADENOSINE	13008	HMDB	HMDB0001173_11_shen	5'-Methylthioadenosine	inchikey	1	TRUE	TRUE	2.80004996966454e-09	7.00012492416136e-06
5-METHYLTHIOADENOSINE	13009	HMDB	HMDB0001173_12_shen	5'-Methylthioadenosine	inchikey	1	TRUE	TRUE	2.80004996966454e-09	7.00012492416136e-06
5-METHYLTHIOADENOSINE	13010	HMDB	HMDB0001173_13_shen	5'-Methylthioadenosine	inchikey	1	TRUE	TRUE	2.80004996966454e-09	7.00012492416136e-06
5-METHYLTHIOADENOSINE	13011	HMDB	HMDB0001173_14_shen	5'-Methylthioadenosine	inchikey	1	TRUE	TRUE	2.80004996966454e-09	7.00012492416136e-06
5-METHYLTHIOADENOSINE	13012	HMDB	HMDB0001173_15_shen	5'-Methylthioadenosine	inchikey	1	TRUE	TRUE	2.80004996966454e-09	7.00012492416136e-06
5-METHYLTHIOADENOSINE	13013	HMDB	HMDB0001173_16_shen	5'-Methylthioadenosine	inchikey	1	TRUE	TRUE	2.80004996966454e-09	7.00012492416136e-06
5-METHYLTHIOADENOSINE	13014	HMDB	HMDB0001173_17_shen	5'-Methylthioadenosine	inchikey	1	TRUE	TRUE	2.80004996966454e-09	7.00012492416136e-06
5-METHYLTHIOADENOSINE	13015	HMDB	HMDB0001173_18_shen	5'-Methylthioadenosine	inchikey	1	TRUE	TRUE	2.80004996966454e-09	7.00012492416136e-06
5-METHYLTHIOADENOSINE	13016	HMDB	HMDB0001173_19_shen	5'-Methylthioadenosine	inchikey	1	TRUE	TRUE	2.80004996966454e-09	7.00012492416136e-06
5-METHYLTHIOADENOSINE	13017	HMDB	HMDB0001173_20_shen	5'-Methylthioadenosine	inchikey	1	TRUE	TRUE	2.80004996966454e-09	7.00012492416136e-06
5-METHYLTHIOADENOSINE	13018	HMDB	HMDB0001173_21_shen	5'-Methylthioadenosine	inchikey	1	TRUE	TRUE	2.80004996966454e-09	7.00012492416136e-06
5-METHYLTHIOADENOSINE	13019	HMDB	HMDB0001173_22_shen	5'-Methylthioadenosine	inchikey	1	TRUE	TRUE	2.80004996966454e-09	7.00012492416136e-06
5-METHYLTHIOADENOSINE	13020	HMDB	HMDB0001173_23_shen	5'-Methylthioadenosine	inchikey	1	TRUE	TRUE	2.80004996966454e-09	7.00012492416136e-06
5-METHYLTHIOADENOSINE	13021	HMDB	HMDB0001173_24_shen	5'-Methylthioadenosine	inchikey	1	TRUE	TRUE	2.80004996966454e-09	7.00012492416136e-06
5-METHYLTHIOADENOSINE	13022	HMDB	HMDB0001173_25_shen	5'-Methylthioadenosine	inchikey	1	TRUE	TRUE	2.80004996966454e-09	7.00012492416136e-06
5-METHYLTHIOADENOSINE	13023	HMDB	HMDB0001173_26_shen	5'-Methylthioadenosine	inchikey	1	TRUE	TRUE	2.80004996966454e-09	7.00012492416136e-06
5-METHYLTHIOADENOSINE	13024	HMDB	HMDB0001173_27_shen	5'-Methylthioadenosine	inchikey	1	TRUE	TRUE	2.80004996966454e-09	7.00012492416136e-06
5-METHYLTHIOADENOSINE	13025	HMDB	HMDB0001173_28_shen	5'-Methylthioadenosine	inchikey	1	TRUE	TRUE	2.80004996966454e-09	7.00012492416136e-06
5-METHYLTHIOADENOSINE	13026	HMDB	HMDB0001173_29_shen	5'-Methylthioadenosine	inchikey	1	TRUE	TRUE	2.80004996966454e-09	7.00012492416136e-06
5-METHYLTHIOADENOSINE	13027	HMDB	HMDB0001173_30_shen	5'-Methylthioadenosine	inchikey	1	TRUE	TRUE	2.80004996966454e-09	7.00012492416136e-06
5-METHYLTHIOADENOSINE	13028	HMDB	HMDB0001173_31_shen	5'-Methylthioadenosine	inchikey	1	TRUE	TRUE	2.80004996966454e-09	7.00012492416136e-06
5-METHYLTHIOADENOSINE	13029	HMDB	HMDB0001173_32_shen	5'-Methylthioadenosine	inchikey	1	TRUE	TRUE	2.80004996966454e-09	7.00012492416136e-06
5-METHYLTHIOADENOSINE	13030	HMDB	HMDB0001173_33_shen	5'-Methylthioadenosine	inchikey	1	TRUE	TRUE	2.80004996966454e-09	7.00012492416136e-06
5-METHYLTHIOADENOSINE	13031	HMDB	HMDB0001173_34_shen	5'-Methylthioadenosine	inchikey	1	TRUE	TRUE	2.80004996966454e-09	7.00012492416136e-06
5-METHYLTHIOADENOSINE	13032	HMDB	HMDB0001173_35_shen	5'-Methylthioadenosine	inchikey	1	TRUE	TRUE	2.80004996966454e-09	7.00012492416136e-06
5-METHYLTHIOADENOSINE	13033	HMDB	HMDB0001173_36_shen	5'-Methylthioadenosine	inchikey	1	TRUE	TRUE	2.80004996966454e-09	7.00012492416136e-06
5-METHYLTHIOADENOSINE	13034	HMDB	HMDB0001173_37_shen	5'-Methylthioadenosine	inchikey	1	TRUE	TRUE	2.80004996966454e-09	7.00012492416136e-06
5-METHYLTHIOADENOSINE	13035	HMDB	HMDB0001173_38_shen	5'-Methylthioadenosine	inchikey	1	TRUE	TRUE	2.80004996966454e-09	7.00012492416136e-06
5-METHYLTHIOADENOSINE	13036	HMDB	HMDB0001173_39_shen	5'-Methylthioadenosine	inchikey	1	TRUE	TRUE	2.80004996966454e-09	7.00012492416136e-06
5-METHYLTHIOADENOSINE	13037	HMDB	HMDB0001173_40_shen	5'-Methylthioadenosine	inchikey	1	TRUE	TRUE	2.80004996966454e-09	7.00012492416136e-06
5-METHYLTHIOADENOSINE	13038	HMDB	HMDB0001173_41_shen	5'-Methylthioadenosine	inchikey	1	TRUE	TRUE	2.80004996966454e-09	7.00012492416136e-06
5-METHYLTHIOADENOSINE	13039	HMDB	HMDB0001173_42_shen	5'-Methylthioadenosine	inchikey	1	TRUE	TRUE	2.80004996966454e-09	7.00012492416136e-06
5-METHYLTHIOADENOSINE	13040	HMDB	HMDB0001173_43_shen	5'-Methylthioadenosine	inchikey	1	TRUE	TRUE	2.80004996966454e-09	7.00012492416136e-06
5-METHYLTHIOADENOSINE	13041	HMDB	HMDB0001173_44_shen	5'-Methylthioadenosine	inchikey	1	TRUE	TRUE	2.80004996966454e-09	7.00012492416136e-06
5-METHYLTHIOADENOSINE	13042	HMDB	HMDB0001173_45_shen	5'-Methylthioadenosine	inchikey	1	TRUE	TRUE	2.80004996966454e-09	7.00012492416136e-06
OCTANOL	13043	HMDB	HMDB0001183_1_shen	Octanol	inchikey	1	TRUE	TRUE	1.89999127542251e-09	4.74997818855627e-06
OCTANOL	13044	HMDB	HMDB0001183_2_shen	Octanol	inchikey	1	TRUE	TRUE	1.89999127542251e-09	4.74997818855627e-06
OCTANOL	13045	HMDB	HMDB0001183_3_shen	Octanol	inchikey	1	TRUE	TRUE	1.89999127542251e-09	4.74997818855627e-06
OCTANOL	13046	HMDB	HMDB0001183_4_shen	Octanol	inchikey	1	TRUE	TRUE	1.89999127542251e-09	4.74997818855627e-06
OCTANOL	13047	HMDB	HMDB0001183_5_shen	Octanol	inchikey	1	TRUE	TRUE	1.89999127542251e-09	4.74997818855627e-06
OCTANOL	13048	HMDB	HMDB0001183_6_shen	Octanol	inchikey	1	TRUE	TRUE	1.89999127542251e-09	4.74997818855627e-06
OCTANOL	13049	HMDB	HMDB0001183_7_shen	Octanol	inchikey	1	TRUE	TRUE	1.89999127542251e-09	4.74997818855627e-06
INDOLE_ACETALDEHYDE	13089	HMDB	HMDB0001190_1_shen	Indoleacetaldehyde	inchikey	1	TRUE	TRUE	1.19999299386109e-09	2.99998248465272e-06
INDOLE_ACETALDEHYDE	13090	HMDB	HMDB0001190_2_shen	Indoleacetaldehyde	inchikey	1	TRUE	TRUE	1.19999299386109e-09	2.99998248465272e-06
INDOLE_ACETALDEHYDE	13091	HMDB	HMDB0001190_3_shen	Indoleacetaldehyde	inchikey	1	TRUE	TRUE	1.19999299386109e-09	2.99998248465272e-06
INDOLE_ACETALDEHYDE	13092	HMDB	HMDB0001190_4_shen	Indoleacetaldehyde	inchikey	1	TRUE	TRUE	1.19999299386109e-09	2.99998248465272e-06
INDOLE_ACETALDEHYDE	13093	HMDB	HMDB0001190_5_shen	Indoleacetaldehyde	inchikey	1	TRUE	TRUE	1.19999299386109e-09	2.99998248465272e-06
INDOLE_ACETALDEHYDE	13094	HMDB	HMDB0001190_6_shen	Indoleacetaldehyde	inchikey	1	TRUE	TRUE	1.19999299386109e-09	2.99998248465272e-06
FADH2	13103	HMDB	HMDB0001197_1_shen	FADH	inchikey_connectivity_formula_mass	2	FALSE	TRUE	2.79999312624568e-09	3.55702481247068e-06
FADH2	13104	HMDB	HMDB0001197_2_shen	FADH	inchikey_connectivity_formula_mass	2	FALSE	TRUE	2.79999312624568e-09	3.55702481247068e-06
FADH2	13105	HMDB	HMDB0001197_3_shen	FADH	inchikey_connectivity_formula_mass	2	FALSE	TRUE	2.79999312624568e-09	3.55702481247068e-06
DCMP	13128	HMDB	HMDB0001202_1_shen	dCMP	inchikey_connectivity_formula_mass	2	FALSE	TRUE	7.00026703270851e-10	1.75006675817713e-06
DCMP	13129	HMDB	HMDB0001202_2_shen	dCMP	inchikey_connectivity_formula_mass	2	FALSE	TRUE	7.00026703270851e-10	1.75006675817713e-06
DCMP	13130	HMDB	HMDB0001202_3_shen	dCMP	inchikey_connectivity_formula_mass	2	FALSE	TRUE	7.00026703270851e-10	1.75006675817713e-06
DCMP	13131	HMDB	HMDB0001202_4_shen	dCMP	inchikey_connectivity_formula_mass	2	FALSE	TRUE	7.00026703270851e-10	1.75006675817713e-06
DCMP	13132	HMDB	HMDB0001202_5_shen	dCMP	inchikey_connectivity_formula_mass	2	FALSE	TRUE	7.00026703270851e-10	1.75006675817713e-06
DCMP	13133	HMDB	HMDB0001202_6_shen	dCMP	inchikey_connectivity_formula_mass	2	FALSE	TRUE	7.00026703270851e-10	1.75006675817713e-06
DCMP	13134	HMDB	HMDB0001202_7_shen	dCMP	inchikey_connectivity_formula_mass	2	FALSE	TRUE	7.00026703270851e-10	1.75006675817713e-06
DCMP	13135	HMDB	HMDB0001202_8_shen	dCMP	inchikey_connectivity_formula_mass	2	FALSE	TRUE	7.00026703270851e-10	1.75006675817713e-06
DCMP	13136	HMDB	HMDB0001202_9_shen	dCMP	inchikey_connectivity_formula_mass	2	FALSE	TRUE	7.00026703270851e-10	1.75006675817713e-06
DCMP	13137	HMDB	HMDB0001202_10_shen	dCMP	inchikey_connectivity_formula_mass	2	FALSE	TRUE	7.00026703270851e-10	1.75006675817713e-06
DCMP	13138	HMDB	HMDB0001202_11_shen	dCMP	inchikey_connectivity_formula_mass	2	FALSE	TRUE	7.00026703270851e-10	1.75006675817713e-06
DCMP	13139	HMDB	HMDB0001202_12_shen	dCMP	inchikey_connectivity_formula_mass	2	FALSE	TRUE	7.00026703270851e-10	1.75006675817713e-06
DCMP	13140	HMDB	HMDB0001202_13_shen	dCMP	inchikey_connectivity_formula_mass	2	FALSE	TRUE	7.00026703270851e-10	1.75006675817713e-06
DCMP	13141	HMDB	HMDB0001202_14_shen	dCMP	inchikey_connectivity_formula_mass	2	FALSE	TRUE	7.00026703270851e-10	1.75006675817713e-06
DCMP	13142	HMDB	HMDB0001202_15_shen	dCMP	inchikey_connectivity_formula_mass	2	FALSE	TRUE	7.00026703270851e-10	1.75006675817713e-06
DCMP	13143	HMDB	HMDB0001202_16_shen	dCMP	inchikey_connectivity_formula_mass	2	FALSE	TRUE	7.00026703270851e-10	1.75006675817713e-06
DCMP	13144	HMDB	HMDB0001202_17_shen	dCMP	inchikey_connectivity_formula_mass	2	FALSE	TRUE	7.00026703270851e-10	1.75006675817713e-06
DCMP	13145	HMDB	HMDB0001202_18_shen	dCMP	inchikey_connectivity_formula_mass	2	FALSE	TRUE	7.00026703270851e-10	1.75006675817713e-06
DCMP	13146	HMDB	HMDB0001202_19_shen	dCMP	inchikey_connectivity_formula_mass	2	FALSE	TRUE	7.00026703270851e-10	1.75006675817713e-06
DCMP	13147	HMDB	HMDB0001202_20_shen	dCMP	inchikey_connectivity_formula_mass	2	FALSE	TRUE	7.00026703270851e-10	1.75006675817713e-06
ALLANTOATE	13157	HMDB	HMDB0001209_1_shen	Allantoic acid	inchikey_connectivity_formula_mass	2	FALSE	TRUE	2.0000072709081e-09	5.00001817727025e-06
ALLANTOATE	13158	HMDB	HMDB0001209_2_shen	Allantoic acid	inchikey_connectivity_formula_mass	2	FALSE	TRUE	2.0000072709081e-09	5.00001817727025e-06
ALLANTOATE	13159	HMDB	HMDB0001209_3_shen	Allantoic acid	inchikey_connectivity_formula_mass	2	FALSE	TRUE	2.0000072709081e-09	5.00001817727025e-06
ALLANTOATE	13160	HMDB	HMDB0001209_4_shen	Allantoic acid	inchikey_connectivity_formula_mass	2	FALSE	TRUE	2.0000072709081e-09	5.00001817727025e-06
ALLANTOATE	13161	HMDB	HMDB0001209_5_shen	Allantoic acid	inchikey_connectivity_formula_mass	2	FALSE	TRUE	2.0000072709081e-09	5.00001817727025e-06
ALLANTOATE	13162	HMDB	HMDB0001209_6_shen	Allantoic acid	inchikey_connectivity_formula_mass	2	FALSE	TRUE	2.0000072709081e-09	5.00001817727025e-06
ALLANTOATE	13163	HMDB	HMDB0001209_7_shen	Allantoic acid	inchikey_connectivity_formula_mass	2	FALSE	TRUE	2.0000072709081e-09	5.00001817727025e-06
ALLANTOATE	13164	HMDB	HMDB0001209_8_shen	Allantoic acid	inchikey_connectivity_formula_mass	2	FALSE	TRUE	2.0000072709081e-09	5.00001817727025e-06
ALLANTOATE	13165	HMDB	HMDB0001209_9_shen	Allantoic acid	inchikey_connectivity_formula_mass	2	FALSE	TRUE	2.0000072709081e-09	5.00001817727025e-06
ALLANTOATE	13166	HMDB	HMDB0001209_10_shen	Allantoic acid	inchikey_connectivity_formula_mass	2	FALSE	TRUE	2.0000072709081e-09	5.00001817727025e-06
ALLANTOATE	13167	HMDB	HMDB0001209_11_shen	Allantoic acid	inchikey_connectivity_formula_mass	2	FALSE	TRUE	2.0000072709081e-09	5.00001817727025e-06
ALLANTOATE	13168	HMDB	HMDB0001209_12_shen	Allantoic acid	inchikey_connectivity_formula_mass	2	FALSE	TRUE	2.0000072709081e-09	5.00001817727025e-06
ALLANTOATE	13169	HMDB	HMDB0001209_13_shen	Allantoic acid	inchikey_connectivity_formula_mass	2	FALSE	TRUE	2.0000072709081e-09	5.00001817727025e-06
ALLANTOATE	13170	HMDB	HMDB0001209_14_shen	Allantoic acid	inchikey_connectivity_formula_mass	2	FALSE	TRUE	2.0000072709081e-09	5.00001817727025e-06
ALLANTOATE	13171	HMDB	HMDB0001209_15_shen	Allantoic acid	inchikey_connectivity_formula_mass	2	FALSE	TRUE	2.0000072709081e-09	5.00001817727025e-06
ALLANTOATE	13172	HMDB	HMDB0001209_16_shen	Allantoic acid	inchikey_connectivity_formula_mass	2	FALSE	TRUE	2.0000072709081e-09	5.00001817727025e-06
ALLANTOATE	13173	HMDB	HMDB0001209_17_shen	Allantoic acid	inchikey_connectivity_formula_mass	2	FALSE	TRUE	2.0000072709081e-09	5.00001817727025e-06
ALLANTOATE	13174	HMDB	HMDB0001209_18_shen	Allantoic acid	inchikey_connectivity_formula_mass	2	FALSE	TRUE	2.0000072709081e-09	5.00001817727025e-06
ALLANTOATE	13175	HMDB	HMDB0001209_19_shen	Allantoic acid	inchikey_connectivity_formula_mass	2	FALSE	TRUE	2.0000072709081e-09	5.00001817727025e-06
ALLANTOATE	13176	HMDB	HMDB0001209_20_shen	Allantoic acid	inchikey_connectivity_formula_mass	2	FALSE	TRUE	2.0000072709081e-09	5.00001817727025e-06
ALLANTOATE	13177	HMDB	HMDB0001209_21_shen	Allantoic acid	inchikey_connectivity_formula_mass	2	FALSE	TRUE	2.0000072709081e-09	5.00001817727025e-06
ALLANTOATE	13178	HMDB	HMDB0001209_22_shen	Allantoic acid	inchikey_connectivity_formula_mass	2	FALSE	TRUE	2.0000072709081e-09	5.00001817727025e-06
ALLANTOATE	13179	HMDB	HMDB0001209_23_shen	Allantoic acid	inchikey_connectivity_formula_mass	2	FALSE	TRUE	2.0000072709081e-09	5.00001817727025e-06
ALLANTOATE	13180	HMDB	HMDB0001209_24_shen	Allantoic acid	inchikey_connectivity_formula_mass	2	FALSE	TRUE	2.0000072709081e-09	5.00001817727025e-06
ALLANTOATE	13181	HMDB	HMDB0001209_25_shen	Allantoic acid	inchikey_connectivity_formula_mass	2	FALSE	TRUE	2.0000072709081e-09	5.00001817727025e-06
ALLANTOATE	13182	HMDB	HMDB0001209_26_shen	Allantoic acid	inchikey_connectivity_formula_mass	2	FALSE	TRUE	2.0000072709081e-09	5.00001817727025e-06
ALLANTOATE	13183	HMDB	HMDB0001209_27_shen	Allantoic acid	inchikey_connectivity_formula_mass	2	FALSE	TRUE	2.0000072709081e-09	5.00001817727025e-06
ALLANTOATE	13184	HMDB	HMDB0001209_28_shen	Allantoic acid	inchikey_connectivity_formula_mass	2	FALSE	TRUE	2.0000072709081e-09	5.00001817727025e-06
ALLANTOATE	13185	HMDB	HMDB0001209_29_shen	Allantoic acid	inchikey_connectivity_formula_mass	2	FALSE	TRUE	2.0000072709081e-09	5.00001817727025e-06
ALLANTOATE	13186	HMDB	HMDB0001209_30_shen	Allantoic acid	inchikey_connectivity_formula_mass	2	FALSE	TRUE	2.0000072709081e-09	5.00001817727025e-06
ALLANTOATE	13187	HMDB	HMDB0001209_31_shen	Allantoic acid	inchikey_connectivity_formula_mass	2	FALSE	TRUE	2.0000072709081e-09	5.00001817727025e-06
ALLANTOATE	13188	HMDB	HMDB0001209_32_shen	Allantoic acid	inchikey_connectivity_formula_mass	2	FALSE	TRUE	2.0000072709081e-09	5.00001817727025e-06
ALLANTOATE	13189	HMDB	HMDB0001209_33_shen	Allantoic acid	inchikey_connectivity_formula_mass	2	FALSE	TRUE	2.0000072709081e-09	5.00001817727025e-06
ALLANTOATE	13190	HMDB	HMDB0001209_34_shen	Allantoic acid	inchikey_connectivity_formula_mass	2	FALSE	TRUE	2.0000072709081e-09	5.00001817727025e-06
ALLANTOATE	13191	HMDB	HMDB0001209_35_shen	Allantoic acid	inchikey_connectivity_formula_mass	2	FALSE	TRUE	2.0000072709081e-09	5.00001817727025e-06
ALLANTOATE	13192	HMDB	HMDB0001209_36_shen	Allantoic acid	inchikey_connectivity_formula_mass	2	FALSE	TRUE	2.0000072709081e-09	5.00001817727025e-06
DEOXYXYLULOSE-5P	13193	HMDB	HMDB0001213_1_shen	1-Deoxy-D-xylulose 5-phosphate	inchikey_connectivity_formula_mass	2	FALSE	TRUE	2.00003569261753e-10	5.00008923154383e-07
DEOXYXYLULOSE-5P	13194	HMDB	HMDB0001213_2_shen	1-Deoxy-D-xylulose 5-phosphate	inchikey_connectivity_formula_mass	2	FALSE	TRUE	2.00003569261753e-10	5.00008923154383e-07
DEOXYXYLULOSE-5P	13195	HMDB	HMDB0001213_3_shen	1-Deoxy-D-xylulose 5-phosphate	inchikey_connectivity_formula_mass	2	FALSE	TRUE	2.00003569261753e-10	5.00008923154383e-07
DEOXYXYLULOSE-5P	13196	HMDB	HMDB0001213_4_shen	1-Deoxy-D-xylulose 5-phosphate	inchikey_connectivity_formula_mass	2	FALSE	TRUE	2.00003569261753e-10	5.00008923154383e-07
DEOXYXYLULOSE-5P	13197	HMDB	HMDB0001213_5_shen	1-Deoxy-D-xylulose 5-phosphate	inchikey_connectivity_formula_mass	2	FALSE	TRUE	2.00003569261753e-10	5.00008923154383e-07
DEOXYXYLULOSE-5P	13198	HMDB	HMDB0001213_6_shen	1-Deoxy-D-xylulose 5-phosphate	inchikey_connectivity_formula_mass	2	FALSE	TRUE	2.00003569261753e-10	5.00008923154383e-07
DEOXYXYLULOSE-5P	13199	HMDB	HMDB0001213_7_shen	1-Deoxy-D-xylulose 5-phosphate	inchikey_connectivity_formula_mass	2	FALSE	TRUE	2.00003569261753e-10	5.00008923154383e-07
DEOXYXYLULOSE-5P	13200	HMDB	HMDB0001213_8_shen	1-Deoxy-D-xylulose 5-phosphate	inchikey_connectivity_formula_mass	2	FALSE	TRUE	2.00003569261753e-10	5.00008923154383e-07
DEOXYXYLULOSE-5P	13201	HMDB	HMDB0001213_9_shen	1-Deoxy-D-xylulose 5-phosphate	inchikey_connectivity_formula_mass	2	FALSE	TRUE	2.00003569261753e-10	5.00008923154383e-07
DEOXYXYLULOSE-5P	13202	HMDB	HMDB0001213_10_shen	1-Deoxy-D-xylulose 5-phosphate	inchikey_connectivity_formula_mass	2	FALSE	TRUE	2.00003569261753e-10	5.00008923154383e-07
DEOXYXYLULOSE-5P	13203	HMDB	HMDB0001213_11_shen	1-Deoxy-D-xylulose 5-phosphate	inchikey_connectivity_formula_mass	2	FALSE	TRUE	2.00003569261753e-10	5.00008923154383e-07
DEOXYXYLULOSE-5P	13204	HMDB	HMDB0001213_12_shen	1-Deoxy-D-xylulose 5-phosphate	inchikey_connectivity_formula_mass	2	FALSE	TRUE	2.00003569261753e-10	5.00008923154383e-07
DEOXYXYLULOSE-5P	13205	HMDB	HMDB0001213_13_shen	1-Deoxy-D-xylulose 5-phosphate	inchikey_connectivity_formula_mass	2	FALSE	TRUE	2.00003569261753e-10	5.00008923154383e-07
DEOXYXYLULOSE-5P	13206	HMDB	HMDB0001213_14_shen	1-Deoxy-D-xylulose 5-phosphate	inchikey_connectivity_formula_mass	2	FALSE	TRUE	2.00003569261753e-10	5.00008923154383e-07
DEOXYXYLULOSE-5P	13207	HMDB	HMDB0001213_15_shen	1-Deoxy-D-xylulose 5-phosphate	inchikey_connectivity_formula_mass	2	FALSE	TRUE	2.00003569261753e-10	5.00008923154383e-07
DEOXYXYLULOSE-5P	13208	HMDB	HMDB0001213_16_shen	1-Deoxy-D-xylulose 5-phosphate	inchikey_connectivity_formula_mass	2	FALSE	TRUE	2.00003569261753e-10	5.00008923154383e-07
DEOXYXYLULOSE-5P	13209	HMDB	HMDB0001213_17_shen	1-Deoxy-D-xylulose 5-phosphate	inchikey_connectivity_formula_mass	2	FALSE	TRUE	2.00003569261753e-10	5.00008923154383e-07
DEOXYXYLULOSE-5P	13210	HMDB	HMDB0001213_18_shen	1-Deoxy-D-xylulose 5-phosphate	inchikey_connectivity_formula_mass	2	FALSE	TRUE	2.00003569261753e-10	5.00008923154383e-07
DEOXYXYLULOSE-5P	13211	HMDB	HMDB0001213_19_shen	1-Deoxy-D-xylulose 5-phosphate	inchikey_connectivity_formula_mass	2	FALSE	TRUE	2.00003569261753e-10	5.00008923154383e-07
DEOXYXYLULOSE-5P	13212	HMDB	HMDB0001213_20_shen	1-Deoxy-D-xylulose 5-phosphate	inchikey_connectivity_formula_mass	2	FALSE	TRUE	2.00003569261753e-10	5.00008923154383e-07
DEOXYXYLULOSE-5P	13213	HMDB	HMDB0001213_21_shen	1-Deoxy-D-xylulose 5-phosphate	inchikey_connectivity_formula_mass	2	FALSE	TRUE	2.00003569261753e-10	5.00008923154383e-07
DEOXYXYLULOSE-5P	13214	HMDB	HMDB0001213_22_shen	1-Deoxy-D-xylulose 5-phosphate	inchikey_connectivity_formula_mass	2	FALSE	TRUE	2.00003569261753e-10	5.00008923154383e-07
DEOXYXYLULOSE-5P	13215	HMDB	HMDB0001213_23_shen	1-Deoxy-D-xylulose 5-phosphate	inchikey_connectivity_formula_mass	2	FALSE	TRUE	2.00003569261753e-10	5.00008923154383e-07
DEOXYXYLULOSE-5P	13216	HMDB	HMDB0001213_24_shen	1-Deoxy-D-xylulose 5-phosphate	inchikey_connectivity_formula_mass	2	FALSE	TRUE	2.00003569261753e-10	5.00008923154383e-07
DEOXYXYLULOSE-5P	13217	HMDB	HMDB0001213_25_shen	1-Deoxy-D-xylulose 5-phosphate	inchikey_connectivity_formula_mass	2	FALSE	TRUE	2.00003569261753e-10	5.00008923154383e-07
DEOXYXYLULOSE-5P	13218	HMDB	HMDB0001213_26_shen	1-Deoxy-D-xylulose 5-phosphate	inchikey_connectivity_formula_mass	2	FALSE	TRUE	2.00003569261753e-10	5.00008923154383e-07
DEOXYXYLULOSE-5P	13219	HMDB	HMDB0001213_27_shen	1-Deoxy-D-xylulose 5-phosphate	inchikey_connectivity_formula_mass	2	FALSE	TRUE	2.00003569261753e-10	5.00008923154383e-07
DEOXYXYLULOSE-5P	13220	HMDB	HMDB0001213_28_shen	1-Deoxy-D-xylulose 5-phosphate	inchikey_connectivity_formula_mass	2	FALSE	TRUE	2.00003569261753e-10	5.00008923154383e-07
DEOXYXYLULOSE-5P	13221	HMDB	HMDB0001213_29_shen	1-Deoxy-D-xylulose 5-phosphate	inchikey_connectivity_formula_mass	2	FALSE	TRUE	2.00003569261753e-10	5.00008923154383e-07
DEOXYXYLULOSE-5P	13222	HMDB	HMDB0001213_30_shen	1-Deoxy-D-xylulose 5-phosphate	inchikey_connectivity_formula_mass	2	FALSE	TRUE	2.00003569261753e-10	5.00008923154383e-07
DEOXYXYLULOSE-5P	13223	HMDB	HMDB0001213_31_shen	1-Deoxy-D-xylulose 5-phosphate	inchikey_connectivity_formula_mass	2	FALSE	TRUE	2.00003569261753e-10	5.00008923154383e-07
DEOXYXYLULOSE-5P	13224	HMDB	HMDB0001213_32_shen	1-Deoxy-D-xylulose 5-phosphate	inchikey_connectivity_formula_mass	2	FALSE	TRUE	2.00003569261753e-10	5.00008923154383e-07
DEOXYXYLULOSE-5P	13225	HMDB	HMDB0001213_33_shen	1-Deoxy-D-xylulose 5-phosphate	inchikey_connectivity_formula_mass	2	FALSE	TRUE	2.00003569261753e-10	5.00008923154383e-07
DEOXYXYLULOSE-5P	13226	HMDB	HMDB0001213_34_shen	1-Deoxy-D-xylulose 5-phosphate	inchikey_connectivity_formula_mass	2	FALSE	TRUE	2.00003569261753e-10	5.00008923154383e-07
DEOXYXYLULOSE-5P	13227	HMDB	HMDB0001213_35_shen	1-Deoxy-D-xylulose 5-phosphate	inchikey_connectivity_formula_mass	2	FALSE	TRUE	2.00003569261753e-10	5.00008923154383e-07
DEOXYXYLULOSE-5P	13228	HMDB	HMDB0001213_36_shen	1-Deoxy-D-xylulose 5-phosphate	inchikey_connectivity_formula_mass	2	FALSE	TRUE	2.00003569261753e-10	5.00008923154383e-07
Coumarins	13229	HMDB	HMDB0001218_1_shen	Coumarin	inchikey	1	TRUE	TRUE	3.80001097255445e-09	9.50002743138612e-06
COUMARIN	13229	HMDB	HMDB0001218_1_shen	Coumarin	inchikey	1	TRUE	TRUE	3.80001097255445e-09	9.50002743138612e-06
Coumarins	13230	HMDB	HMDB0001218_2_shen	Coumarin	inchikey	1	TRUE	TRUE	3.80001097255445e-09	9.50002743138612e-06
COUMARIN	13230	HMDB	HMDB0001218_2_shen	Coumarin	inchikey	1	TRUE	TRUE	3.80001097255445e-09	9.50002743138612e-06
Coumarins	13231	HMDB	HMDB0001218_3_shen	Coumarin	inchikey	1	TRUE	TRUE	3.80001097255445e-09	9.50002743138612e-06
COUMARIN	13231	HMDB	HMDB0001218_3_shen	Coumarin	inchikey	1	TRUE	TRUE	3.80001097255445e-09	9.50002743138612e-06
Coumarins	13232	HMDB	HMDB0001218_4_shen	Coumarin	inchikey	1	TRUE	TRUE	3.80001097255445e-09	9.50002743138612e-06
COUMARIN	13232	HMDB	HMDB0001218_4_shen	Coumarin	inchikey	1	TRUE	TRUE	3.80001097255445e-09	9.50002743138612e-06
Coumarins	13233	HMDB	HMDB0001218_5_shen	Coumarin	inchikey	1	TRUE	TRUE	3.80001097255445e-09	9.50002743138612e-06
COUMARIN	13233	HMDB	HMDB0001218_5_shen	Coumarin	inchikey	1	TRUE	TRUE	3.80001097255445e-09	9.50002743138612e-06
Coumarins	13234	HMDB	HMDB0001218_6_shen	Coumarin	inchikey	1	TRUE	TRUE	3.80001097255445e-09	9.50002743138612e-06
COUMARIN	13234	HMDB	HMDB0001218_6_shen	Coumarin	inchikey	1	TRUE	TRUE	3.80001097255445e-09	9.50002743138612e-06
Coumarins	13235	HMDB	HMDB0001218_7_shen	Coumarin	inchikey	1	TRUE	TRUE	3.80001097255445e-09	9.50002743138612e-06
COUMARIN	13235	HMDB	HMDB0001218_7_shen	Coumarin	inchikey	1	TRUE	TRUE	3.80001097255445e-09	9.50002743138612e-06
Coumarins	13236	HMDB	HMDB0001218_8_shen	Coumarin	inchikey	1	TRUE	TRUE	3.80001097255445e-09	9.50002743138612e-06
COUMARIN	13236	HMDB	HMDB0001218_8_shen	Coumarin	inchikey	1	TRUE	TRUE	3.80001097255445e-09	9.50002743138612e-06
Coumarins	13237	HMDB	HMDB0001218_9_shen	Coumarin	inchikey	1	TRUE	TRUE	3.80001097255445e-09	9.50002743138612e-06
COUMARIN	13237	HMDB	HMDB0001218_9_shen	Coumarin	inchikey	1	TRUE	TRUE	3.80001097255445e-09	9.50002743138612e-06
Coumarins	13238	HMDB	HMDB0001218_10_shen	Coumarin	inchikey	1	TRUE	TRUE	3.80001097255445e-09	9.50002743138612e-06
COUMARIN	13238	HMDB	HMDB0001218_10_shen	Coumarin	inchikey	1	TRUE	TRUE	3.80001097255445e-09	9.50002743138612e-06
Coumarins	13239	HMDB	HMDB0001218_11_shen	Coumarin	inchikey	1	TRUE	TRUE	3.80001097255445e-09	9.50002743138612e-06
COUMARIN	13239	HMDB	HMDB0001218_11_shen	Coumarin	inchikey	1	TRUE	TRUE	3.80001097255445e-09	9.50002743138612e-06
Coumarins	13240	HMDB	HMDB0001218_12_shen	Coumarin	inchikey	1	TRUE	TRUE	3.80001097255445e-09	9.50002743138612e-06
COUMARIN	13240	HMDB	HMDB0001218_12_shen	Coumarin	inchikey	1	TRUE	TRUE	3.80001097255445e-09	9.50002743138612e-06
Coumarins	13241	HMDB	HMDB0001218_13_shen	Coumarin	inchikey	1	TRUE	TRUE	3.80001097255445e-09	9.50002743138612e-06
COUMARIN	13241	HMDB	HMDB0001218_13_shen	Coumarin	inchikey	1	TRUE	TRUE	3.80001097255445e-09	9.50002743138612e-06
Coumarins	13242	HMDB	HMDB0001218_14_shen	Coumarin	inchikey	1	TRUE	TRUE	3.80001097255445e-09	9.50002743138612e-06
COUMARIN	13242	HMDB	HMDB0001218_14_shen	Coumarin	inchikey	1	TRUE	TRUE	3.80001097255445e-09	9.50002743138612e-06
Coumarins	13243	HMDB	HMDB0001218_15_shen	Coumarin	inchikey	1	TRUE	TRUE	3.80001097255445e-09	9.50002743138612e-06
COUMARIN	13243	HMDB	HMDB0001218_15_shen	Coumarin	inchikey	1	TRUE	TRUE	3.80001097255445e-09	9.50002743138612e-06
Coumarins	13244	HMDB	HMDB0001218_16_shen	Coumarin	inchikey	1	TRUE	TRUE	3.80001097255445e-09	9.50002743138612e-06
COUMARIN	13244	HMDB	HMDB0001218_16_shen	Coumarin	inchikey	1	TRUE	TRUE	3.80001097255445e-09	9.50002743138612e-06
Coumarins	13245	HMDB	HMDB0001218_17_shen	Coumarin	inchikey	1	TRUE	TRUE	3.80001097255445e-09	9.50002743138612e-06
COUMARIN	13245	HMDB	HMDB0001218_17_shen	Coumarin	inchikey	1	TRUE	TRUE	3.80001097255445e-09	9.50002743138612e-06
Coumarins	13246	HMDB	HMDB0001218_18_shen	Coumarin	inchikey	1	TRUE	TRUE	3.80001097255445e-09	9.50002743138612e-06
COUMARIN	13246	HMDB	HMDB0001218_18_shen	Coumarin	inchikey	1	TRUE	TRUE	3.80001097255445e-09	9.50002743138612e-06
Coumarins	13247	HMDB	HMDB0001218_19_shen	Coumarin	inchikey	1	TRUE	TRUE	3.80001097255445e-09	9.50002743138612e-06
COUMARIN	13247	HMDB	HMDB0001218_19_shen	Coumarin	inchikey	1	TRUE	TRUE	3.80001097255445e-09	9.50002743138612e-06
Coumarins	13248	HMDB	HMDB0001218_20_shen	Coumarin	inchikey	1	TRUE	TRUE	3.80001097255445e-09	9.50002743138612e-06
COUMARIN	13248	HMDB	HMDB0001218_20_shen	Coumarin	inchikey	1	TRUE	TRUE	3.80001097255445e-09	9.50002743138612e-06
Coumarins	13249	HMDB	HMDB0001218_21_shen	Coumarin	inchikey	1	TRUE	TRUE	3.80001097255445e-09	9.50002743138612e-06
COUMARIN	13249	HMDB	HMDB0001218_21_shen	Coumarin	inchikey	1	TRUE	TRUE	3.80001097255445e-09	9.50002743138612e-06
Coumarins	13250	HMDB	HMDB0001218_22_shen	Coumarin	inchikey	1	TRUE	TRUE	3.80001097255445e-09	9.50002743138612e-06
COUMARIN	13250	HMDB	HMDB0001218_22_shen	Coumarin	inchikey	1	TRUE	TRUE	3.80001097255445e-09	9.50002743138612e-06
Coumarins	13251	HMDB	HMDB0001218_23_shen	Coumarin	inchikey	1	TRUE	TRUE	3.80001097255445e-09	9.50002743138612e-06
COUMARIN	13251	HMDB	HMDB0001218_23_shen	Coumarin	inchikey	1	TRUE	TRUE	3.80001097255445e-09	9.50002743138612e-06
Coumarins	13252	HMDB	HMDB0001218_24_shen	Coumarin	inchikey	1	TRUE	TRUE	3.80001097255445e-09	9.50002743138612e-06
COUMARIN	13252	HMDB	HMDB0001218_24_shen	Coumarin	inchikey	1	TRUE	TRUE	3.80001097255445e-09	9.50002743138612e-06
Coumarins	13253	HMDB	HMDB0001218_25_shen	Coumarin	inchikey	1	TRUE	TRUE	3.80001097255445e-09	9.50002743138612e-06
COUMARIN	13253	HMDB	HMDB0001218_25_shen	Coumarin	inchikey	1	TRUE	TRUE	3.80001097255445e-09	9.50002743138612e-06
Coumarins	13254	HMDB	HMDB0001218_26_shen	Coumarin	inchikey	1	TRUE	TRUE	3.80001097255445e-09	9.50002743138612e-06
COUMARIN	13254	HMDB	HMDB0001218_26_shen	Coumarin	inchikey	1	TRUE	TRUE	3.80001097255445e-09	9.50002743138612e-06
Coumarins	13255	HMDB	HMDB0001218_27_shen	Coumarin	inchikey	1	TRUE	TRUE	3.80001097255445e-09	9.50002743138612e-06
COUMARIN	13255	HMDB	HMDB0001218_27_shen	Coumarin	inchikey	1	TRUE	TRUE	3.80001097255445e-09	9.50002743138612e-06
Coumarins	13256	HMDB	HMDB0001218_28_shen	Coumarin	inchikey	1	TRUE	TRUE	3.80001097255445e-09	9.50002743138612e-06
COUMARIN	13256	HMDB	HMDB0001218_28_shen	Coumarin	inchikey	1	TRUE	TRUE	3.80001097255445e-09	9.50002743138612e-06
Coumarins	13257	HMDB	HMDB0001218_29_shen	Coumarin	inchikey	1	TRUE	TRUE	3.80001097255445e-09	9.50002743138612e-06
COUMARIN	13257	HMDB	HMDB0001218_29_shen	Coumarin	inchikey	1	TRUE	TRUE	3.80001097255445e-09	9.50002743138612e-06
Coumarins	13258	HMDB	HMDB0001218_30_shen	Coumarin	inchikey	1	TRUE	TRUE	3.80001097255445e-09	9.50002743138612e-06
COUMARIN	13258	HMDB	HMDB0001218_30_shen	Coumarin	inchikey	1	TRUE	TRUE	3.80001097255445e-09	9.50002743138612e-06
Coumarins	13259	HMDB	HMDB0001218_31_shen	Coumarin	inchikey	1	TRUE	TRUE	3.80001097255445e-09	9.50002743138612e-06
COUMARIN	13259	HMDB	HMDB0001218_31_shen	Coumarin	inchikey	1	TRUE	TRUE	3.80001097255445e-09	9.50002743138612e-06
Coumarins	13260	HMDB	HMDB0001218_32_shen	Coumarin	inchikey	1	TRUE	TRUE	3.80001097255445e-09	9.50002743138612e-06
COUMARIN	13260	HMDB	HMDB0001218_32_shen	Coumarin	inchikey	1	TRUE	TRUE	3.80001097255445e-09	9.50002743138612e-06
Coumarins	13261	HMDB	HMDB0001218_33_shen	Coumarin	inchikey	1	TRUE	TRUE	3.80001097255445e-09	9.50002743138612e-06
COUMARIN	13261	HMDB	HMDB0001218_33_shen	Coumarin	inchikey	1	TRUE	TRUE	3.80001097255445e-09	9.50002743138612e-06
Coumarins	13262	HMDB	HMDB0001218_34_shen	Coumarin	inchikey	1	TRUE	TRUE	3.80001097255445e-09	9.50002743138612e-06
COUMARIN	13262	HMDB	HMDB0001218_34_shen	Coumarin	inchikey	1	TRUE	TRUE	3.80001097255445e-09	9.50002743138612e-06
Coumarins	13263	HMDB	HMDB0001218_35_shen	Coumarin	inchikey	1	TRUE	TRUE	3.80001097255445e-09	9.50002743138612e-06
COUMARIN	13263	HMDB	HMDB0001218_35_shen	Coumarin	inchikey	1	TRUE	TRUE	3.80001097255445e-09	9.50002743138612e-06
Coumarins	13264	HMDB	HMDB0001218_36_shen	Coumarin	inchikey	1	TRUE	TRUE	3.80001097255445e-09	9.50002743138612e-06
COUMARIN	13264	HMDB	HMDB0001218_36_shen	Coumarin	inchikey	1	TRUE	TRUE	3.80001097255445e-09	9.50002743138612e-06
Coumarins	13265	HMDB	HMDB0001218_37_shen	Coumarin	inchikey	1	TRUE	TRUE	3.80001097255445e-09	9.50002743138612e-06
COUMARIN	13265	HMDB	HMDB0001218_37_shen	Coumarin	inchikey	1	TRUE	TRUE	3.80001097255445e-09	9.50002743138612e-06
Coumarins	13266	HMDB	HMDB0001218_38_shen	Coumarin	inchikey	1	TRUE	TRUE	3.80001097255445e-09	9.50002743138612e-06
COUMARIN	13266	HMDB	HMDB0001218_38_shen	Coumarin	inchikey	1	TRUE	TRUE	3.80001097255445e-09	9.50002743138612e-06
Coumarins	13267	HMDB	HMDB0001218_39_shen	Coumarin	inchikey	1	TRUE	TRUE	3.80001097255445e-09	9.50002743138612e-06
COUMARIN	13267	HMDB	HMDB0001218_39_shen	Coumarin	inchikey	1	TRUE	TRUE	3.80001097255445e-09	9.50002743138612e-06
5Z13E-15S-1115-DIHYDROXY-9-OXOPROS	13268	HMDB	HMDB0001220_1_shen	Prostaglandin E2	inchikey_connectivity_formula_mass	2	FALSE	TRUE	3.69999497706885e-09	9.24998744267214e-06
5Z13E-15S-1115-DIHYDROXY-9-OXOPROS	13269	HMDB	HMDB0001220_2_shen	Prostaglandin E2	inchikey_connectivity_formula_mass	2	FALSE	TRUE	3.69999497706885e-09	9.24998744267214e-06
5Z13E-15S-1115-DIHYDROXY-9-OXOPROS	13270	HMDB	HMDB0001220_3_shen	Prostaglandin E2	inchikey_connectivity_formula_mass	2	FALSE	TRUE	3.69999497706885e-09	9.24998744267214e-06
5Z13E-15S-1115-DIHYDROXY-9-OXOPROS	13271	HMDB	HMDB0001220_4_shen	Prostaglandin E2	inchikey_connectivity_formula_mass	2	FALSE	TRUE	3.69999497706885e-09	9.24998744267214e-06
5Z13E-15S-1115-DIHYDROXY-9-OXOPROS	13272	HMDB	HMDB0001220_5_shen	Prostaglandin E2	inchikey_connectivity_formula_mass	2	FALSE	TRUE	3.69999497706885e-09	9.24998744267214e-06
5Z13E-15S-1115-DIHYDROXY-9-OXOPROS	13273	HMDB	HMDB0001220_6_shen	Prostaglandin E2	inchikey_connectivity_formula_mass	2	FALSE	TRUE	3.69999497706885e-09	9.24998744267214e-06
5Z13E-15S-1115-DIHYDROXY-9-OXOPROS	13274	HMDB	HMDB0001220_7_shen	Prostaglandin E2	inchikey_connectivity_formula_mass	2	FALSE	TRUE	3.69999497706885e-09	9.24998744267214e-06
5Z13E-15S-1115-DIHYDROXY-9-OXOPROS	13275	HMDB	HMDB0001220_8_shen	Prostaglandin E2	inchikey_connectivity_formula_mass	2	FALSE	TRUE	3.69999497706885e-09	9.24998744267214e-06
5Z13E-15S-1115-DIHYDROXY-9-OXOPROS	13276	HMDB	HMDB0001220_9_shen	Prostaglandin E2	inchikey_connectivity_formula_mass	2	FALSE	TRUE	3.69999497706885e-09	9.24998744267214e-06
5Z13E-15S-1115-DIHYDROXY-9-OXOPROS	13277	HMDB	HMDB0001220_10_shen	Prostaglandin E2	inchikey_connectivity_formula_mass	2	FALSE	TRUE	3.69999497706885e-09	9.24998744267214e-06
5Z13E-15S-1115-DIHYDROXY-9-OXOPROS	13278	HMDB	HMDB0001220_11_shen	Prostaglandin E2	inchikey_connectivity_formula_mass	2	FALSE	TRUE	3.69999497706885e-09	9.24998744267214e-06
5Z13E-15S-1115-DIHYDROXY-9-OXOPROS	13279	HMDB	HMDB0001220_12_shen	Prostaglandin E2	inchikey_connectivity_formula_mass	2	FALSE	TRUE	3.69999497706885e-09	9.24998744267214e-06
5Z13E-15S-1115-DIHYDROXY-9-OXOPROS	13280	HMDB	HMDB0001220_13_shen	Prostaglandin E2	inchikey_connectivity_formula_mass	2	FALSE	TRUE	3.69999497706885e-09	9.24998744267214e-06
5Z13E-15S-1115-DIHYDROXY-9-OXOPROS	13281	HMDB	HMDB0001220_14_shen	Prostaglandin E2	inchikey_connectivity_formula_mass	2	FALSE	TRUE	3.69999497706885e-09	9.24998744267214e-06
5Z13E-15S-1115-DIHYDROXY-9-OXOPROS	13282	HMDB	HMDB0001220_15_shen	Prostaglandin E2	inchikey_connectivity_formula_mass	2	FALSE	TRUE	3.69999497706885e-09	9.24998744267214e-06
5Z13E-15S-1115-DIHYDROXY-9-OXOPROS	13283	HMDB	HMDB0001220_16_shen	Prostaglandin E2	inchikey_connectivity_formula_mass	2	FALSE	TRUE	3.69999497706885e-09	9.24998744267214e-06
5Z13E-15S-1115-DIHYDROXY-9-OXOPROS	13284	HMDB	HMDB0001220_17_shen	Prostaglandin E2	inchikey_connectivity_formula_mass	2	FALSE	TRUE	3.69999497706885e-09	9.24998744267214e-06
5Z13E-15S-1115-DIHYDROXY-9-OXOPROS	13285	HMDB	HMDB0001220_18_shen	Prostaglandin E2	inchikey_connectivity_formula_mass	2	FALSE	TRUE	3.69999497706885e-09	9.24998744267214e-06
5Z13E-15S-1115-DIHYDROXY-9-OXOPROS	13286	HMDB	HMDB0001220_19_shen	Prostaglandin E2	inchikey_connectivity_formula_mass	2	FALSE	TRUE	3.69999497706885e-09	9.24998744267214e-06
5Z13E-15S-1115-DIHYDROXY-9-OXOPROS	13287	HMDB	HMDB0001220_20_shen	Prostaglandin E2	inchikey_connectivity_formula_mass	2	FALSE	TRUE	3.69999497706885e-09	9.24998744267214e-06
TMP	13288	HMDB	HMDB0001227_1_shen	5-Thymidylic acid	inchikey_connectivity_formula_mass	2	FALSE	TRUE	6.9996985985199e-10	1.74992464962997e-06
TMP	13289	HMDB	HMDB0001227_2_shen	5-Thymidylic acid	inchikey_connectivity_formula_mass	2	FALSE	TRUE	6.9996985985199e-10	1.74992464962997e-06
TMP	13290	HMDB	HMDB0001227_3_shen	5-Thymidylic acid	inchikey_connectivity_formula_mass	2	FALSE	TRUE	6.9996985985199e-10	1.74992464962997e-06
TMP	13291	HMDB	HMDB0001227_4_shen	5-Thymidylic acid	inchikey_connectivity_formula_mass	2	FALSE	TRUE	6.9996985985199e-10	1.74992464962997e-06
TMP	13292	HMDB	HMDB0001227_5_shen	5-Thymidylic acid	inchikey_connectivity_formula_mass	2	FALSE	TRUE	6.9996985985199e-10	1.74992464962997e-06
TMP	13293	HMDB	HMDB0001227_6_shen	5-Thymidylic acid	inchikey_connectivity_formula_mass	2	FALSE	TRUE	6.9996985985199e-10	1.74992464962997e-06
TMP	13294	HMDB	HMDB0001227_7_shen	5-Thymidylic acid	inchikey_connectivity_formula_mass	2	FALSE	TRUE	6.9996985985199e-10	1.74992464962997e-06
TMP	13295	HMDB	HMDB0001227_8_shen	5-Thymidylic acid	inchikey_connectivity_formula_mass	2	FALSE	TRUE	6.9996985985199e-10	1.74992464962997e-06
TMP	13296	HMDB	HMDB0001227_9_shen	5-Thymidylic acid	inchikey_connectivity_formula_mass	2	FALSE	TRUE	6.9996985985199e-10	1.74992464962997e-06
TMP	13297	HMDB	HMDB0001227_10_shen	5-Thymidylic acid	inchikey_connectivity_formula_mass	2	FALSE	TRUE	6.9996985985199e-10	1.74992464962997e-06
TMP	13298	HMDB	HMDB0001227_11_shen	5-Thymidylic acid	inchikey_connectivity_formula_mass	2	FALSE	TRUE	6.9996985985199e-10	1.74992464962997e-06
TMP	13299	HMDB	HMDB0001227_12_shen	5-Thymidylic acid	inchikey_connectivity_formula_mass	2	FALSE	TRUE	6.9996985985199e-10	1.74992464962997e-06
TMP	13300	HMDB	HMDB0001227_13_shen	5-Thymidylic acid	inchikey_connectivity_formula_mass	2	FALSE	TRUE	6.9996985985199e-10	1.74992464962997e-06
TMP	13301	HMDB	HMDB0001227_14_shen	5-Thymidylic acid	inchikey_connectivity_formula_mass	2	FALSE	TRUE	6.9996985985199e-10	1.74992464962997e-06
TMP	13302	HMDB	HMDB0001227_15_shen	5-Thymidylic acid	inchikey_connectivity_formula_mass	2	FALSE	TRUE	6.9996985985199e-10	1.74992464962997e-06
TMP	13303	HMDB	HMDB0001227_16_shen	5-Thymidylic acid	inchikey_connectivity_formula_mass	2	FALSE	TRUE	6.9996985985199e-10	1.74992464962997e-06
TMP	13304	HMDB	HMDB0001227_17_shen	5-Thymidylic acid	inchikey_connectivity_formula_mass	2	FALSE	TRUE	6.9996985985199e-10	1.74992464962997e-06
TMP	13305	HMDB	HMDB0001227_18_shen	5-Thymidylic acid	inchikey_connectivity_formula_mass	2	FALSE	TRUE	6.9996985985199e-10	1.74992464962997e-06
TMP	13306	HMDB	HMDB0001227_19_shen	5-Thymidylic acid	inchikey_connectivity_formula_mass	2	FALSE	TRUE	6.9996985985199e-10	1.74992464962997e-06
TMP	13307	HMDB	HMDB0001227_20_shen	5-Thymidylic acid	inchikey_connectivity_formula_mass	2	FALSE	TRUE	6.9996985985199e-10	1.74992464962997e-06
TMP	13308	HMDB	HMDB0001227_21_shen	5-Thymidylic acid	inchikey_connectivity_formula_mass	2	FALSE	TRUE	6.9996985985199e-10	1.74992464962997e-06
TMP	13309	HMDB	HMDB0001227_22_shen	5-Thymidylic acid	inchikey_connectivity_formula_mass	2	FALSE	TRUE	6.9996985985199e-10	1.74992464962997e-06
TMP	13310	HMDB	HMDB0001227_23_shen	5-Thymidylic acid	inchikey_connectivity_formula_mass	2	FALSE	TRUE	6.9996985985199e-10	1.74992464962997e-06
TMP	13311	HMDB	HMDB0001227_24_shen	5-Thymidylic acid	inchikey_connectivity_formula_mass	2	FALSE	TRUE	6.9996985985199e-10	1.74992464962997e-06
N-ACETYL-SEROTONIN	13346	HMDB	HMDB0001238_1_shen	N-Acetylserotonin	inchikey	1	TRUE	TRUE	2.0000072709081e-09	5.00001817727025e-06
N-ACETYL-SEROTONIN	13347	HMDB	HMDB0001238_2_shen	N-Acetylserotonin	inchikey	1	TRUE	TRUE	2.0000072709081e-09	5.00001817727025e-06
N-ACETYL-SEROTONIN	13348	HMDB	HMDB0001238_3_shen	N-Acetylserotonin	inchikey	1	TRUE	TRUE	2.0000072709081e-09	5.00001817727025e-06
N-ACETYL-SEROTONIN	13349	HMDB	HMDB0001238_4_shen	N-Acetylserotonin	inchikey	1	TRUE	TRUE	2.0000072709081e-09	5.00001817727025e-06
N-ACETYL-SEROTONIN	13350	HMDB	HMDB0001238_5_shen	N-Acetylserotonin	inchikey	1	TRUE	TRUE	2.0000072709081e-09	5.00001817727025e-06
N-ACETYL-SEROTONIN	13351	HMDB	HMDB0001238_6_shen	N-Acetylserotonin	inchikey	1	TRUE	TRUE	2.0000072709081e-09	5.00001817727025e-06
N-ACETYL-SEROTONIN	13352	HMDB	HMDB0001238_7_shen	N-Acetylserotonin	inchikey	1	TRUE	TRUE	2.0000072709081e-09	5.00001817727025e-06
N-ACETYL-SEROTONIN	13353	HMDB	HMDB0001238_8_shen	N-Acetylserotonin	inchikey	1	TRUE	TRUE	2.0000072709081e-09	5.00001817727025e-06
N-ACETYL-SEROTONIN	13354	HMDB	HMDB0001238_9_shen	N-Acetylserotonin	inchikey	1	TRUE	TRUE	2.0000072709081e-09	5.00001817727025e-06
N-ACETYL-SEROTONIN	13355	HMDB	HMDB0001238_10_shen	N-Acetylserotonin	inchikey	1	TRUE	TRUE	2.0000072709081e-09	5.00001817727025e-06
N-ACETYL-SEROTONIN	13356	HMDB	HMDB0001238_11_shen	N-Acetylserotonin	inchikey	1	TRUE	TRUE	2.0000072709081e-09	5.00001817727025e-06
N-ACETYL-SEROTONIN	13357	HMDB	HMDB0001238_12_shen	N-Acetylserotonin	inchikey	1	TRUE	TRUE	2.0000072709081e-09	5.00001817727025e-06
N-ACETYL-SEROTONIN	13358	HMDB	HMDB0001238_13_shen	N-Acetylserotonin	inchikey	1	TRUE	TRUE	2.0000072709081e-09	5.00001817727025e-06
N-ACETYL-SEROTONIN	13359	HMDB	HMDB0001238_14_shen	N-Acetylserotonin	inchikey	1	TRUE	TRUE	2.0000072709081e-09	5.00001817727025e-06
N-ACETYL-SEROTONIN	13360	HMDB	HMDB0001238_15_shen	N-Acetylserotonin	inchikey	1	TRUE	TRUE	2.0000072709081e-09	5.00001817727025e-06
N-ACETYL-SEROTONIN	13361	HMDB	HMDB0001238_16_shen	N-Acetylserotonin	inchikey	1	TRUE	TRUE	2.0000072709081e-09	5.00001817727025e-06
N-ACETYL-SEROTONIN	13362	HMDB	HMDB0001238_17_shen	N-Acetylserotonin	inchikey	1	TRUE	TRUE	2.0000072709081e-09	5.00001817727025e-06
N-ACETYL-SEROTONIN	13363	HMDB	HMDB0001238_18_shen	N-Acetylserotonin	inchikey	1	TRUE	TRUE	2.0000072709081e-09	5.00001817727025e-06
N-ACETYL-SEROTONIN	13364	HMDB	HMDB0001238_19_shen	N-Acetylserotonin	inchikey	1	TRUE	TRUE	2.0000072709081e-09	5.00001817727025e-06
N-ACETYL-SEROTONIN	13365	HMDB	HMDB0001238_20_shen	N-Acetylserotonin	inchikey	1	TRUE	TRUE	2.0000072709081e-09	5.00001817727025e-06
N-ACETYL-SEROTONIN	13366	HMDB	HMDB0001238_21_shen	N-Acetylserotonin	inchikey	1	TRUE	TRUE	2.0000072709081e-09	5.00001817727025e-06
N-ACETYL-SEROTONIN	13367	HMDB	HMDB0001238_22_shen	N-Acetylserotonin	inchikey	1	TRUE	TRUE	2.0000072709081e-09	5.00001817727025e-06
N-ACETYL-SEROTONIN	13368	HMDB	HMDB0001238_23_shen	N-Acetylserotonin	inchikey	1	TRUE	TRUE	2.0000072709081e-09	5.00001817727025e-06
N-ACETYL-SEROTONIN	13369	HMDB	HMDB0001238_24_shen	N-Acetylserotonin	inchikey	1	TRUE	TRUE	2.0000072709081e-09	5.00001817727025e-06
N-ACETYL-SEROTONIN	13370	HMDB	HMDB0001238_25_shen	N-Acetylserotonin	inchikey	1	TRUE	TRUE	2.0000072709081e-09	5.00001817727025e-06
N-ACETYL-SEROTONIN	13371	HMDB	HMDB0001238_26_shen	N-Acetylserotonin	inchikey	1	TRUE	TRUE	2.0000072709081e-09	5.00001817727025e-06
N-ACETYL-SEROTONIN	13372	HMDB	HMDB0001238_27_shen	N-Acetylserotonin	inchikey	1	TRUE	TRUE	2.0000072709081e-09	5.00001817727025e-06
N-ACETYL-SEROTONIN	13373	HMDB	HMDB0001238_28_shen	N-Acetylserotonin	inchikey	1	TRUE	TRUE	2.0000072709081e-09	5.00001817727025e-06
N-ACETYL-SEROTONIN	13374	HMDB	HMDB0001238_29_shen	N-Acetylserotonin	inchikey	1	TRUE	TRUE	2.0000072709081e-09	5.00001817727025e-06
N-ACETYL-SEROTONIN	13375	HMDB	HMDB0001238_30_shen	N-Acetylserotonin	inchikey	1	TRUE	TRUE	2.0000072709081e-09	5.00001817727025e-06
N-ACETYL-SEROTONIN	13376	HMDB	HMDB0001238_31_shen	N-Acetylserotonin	inchikey	1	TRUE	TRUE	2.0000072709081e-09	5.00001817727025e-06
N-ACETYL-SEROTONIN	13377	HMDB	HMDB0001238_32_shen	N-Acetylserotonin	inchikey	1	TRUE	TRUE	2.0000072709081e-09	5.00001817727025e-06
N-ACETYL-SEROTONIN	13378	HMDB	HMDB0001238_33_shen	N-Acetylserotonin	inchikey	1	TRUE	TRUE	2.0000072709081e-09	5.00001817727025e-06
N-ACETYL-SEROTONIN	13379	HMDB	HMDB0001238_34_shen	N-Acetylserotonin	inchikey	1	TRUE	TRUE	2.0000072709081e-09	5.00001817727025e-06
N-ACETYL-SEROTONIN	13380	HMDB	HMDB0001238_35_shen	N-Acetylserotonin	inchikey	1	TRUE	TRUE	2.0000072709081e-09	5.00001817727025e-06
N-ACETYL-SEROTONIN	13381	HMDB	HMDB0001238_36_shen	N-Acetylserotonin	inchikey	1	TRUE	TRUE	2.0000072709081e-09	5.00001817727025e-06
CPD-238	13426	HMDB	HMDB0001250_1_shen	N-Acetylarylamine	name_formula_mass	4	TRUE	TRUE	1.19999299386109e-09	2.99998248465272e-06
CPD-238	13427	HMDB	HMDB0001250_2_shen	N-Acetylarylamine	name_formula_mass	4	TRUE	TRUE	1.19999299386109e-09	2.99998248465272e-06
CPD-238	13428	HMDB	HMDB0001250_3_shen	N-Acetylarylamine	name_formula_mass	4	TRUE	TRUE	1.19999299386109e-09	2.99998248465272e-06
CPD-238	13429	HMDB	HMDB0001250_4_shen	N-Acetylarylamine	name_formula_mass	4	TRUE	TRUE	1.19999299386109e-09	2.99998248465272e-06
CPD-238	13430	HMDB	HMDB0001250_5_shen	N-Acetylarylamine	name_formula_mass	4	TRUE	TRUE	1.19999299386109e-09	2.99998248465272e-06
CPD-238	13431	HMDB	HMDB0001250_6_shen	N-Acetylarylamine	name_formula_mass	4	TRUE	TRUE	1.19999299386109e-09	2.99998248465272e-06
CPD-238	13432	HMDB	HMDB0001250_7_shen	N-Acetylarylamine	name_formula_mass	4	TRUE	TRUE	1.19999299386109e-09	2.99998248465272e-06
CPD-238	13433	HMDB	HMDB0001250_8_shen	N-Acetylarylamine	name_formula_mass	4	TRUE	TRUE	1.19999299386109e-09	2.99998248465272e-06
CPD-238	13434	HMDB	HMDB0001250_9_shen	N-Acetylarylamine	name_formula_mass	4	TRUE	TRUE	1.19999299386109e-09	2.99998248465272e-06
CPD-238	13435	HMDB	HMDB0001250_10_shen	N-Acetylarylamine	name_formula_mass	4	TRUE	TRUE	1.19999299386109e-09	2.99998248465272e-06
CPD-238	13436	HMDB	HMDB0001250_11_shen	N-Acetylarylamine	name_formula_mass	4	TRUE	TRUE	1.19999299386109e-09	2.99998248465272e-06
LANOSTEROL	13437	HMDB	HMDB0001251_1_shen	Lanosterol	inchikey	1	TRUE	TRUE	5.0999915401917e-09	1.19609685870422e-05
LANOSTEROL	13438	HMDB	HMDB0001251_2_shen	Lanosterol	inchikey	1	TRUE	TRUE	5.0999915401917e-09	1.19609685870422e-05
LANOSTEROL	13439	HMDB	HMDB0001251_3_shen	Lanosterol	inchikey	1	TRUE	TRUE	5.0999915401917e-09	1.19609685870422e-05
LANOSTEROL	13440	HMDB	HMDB0001251_4_shen	Lanosterol	inchikey	1	TRUE	TRUE	5.0999915401917e-09	1.19609685870422e-05
LANOSTEROL	13441	HMDB	HMDB0001251_5_shen	Lanosterol	inchikey	1	TRUE	TRUE	5.0999915401917e-09	1.19609685870422e-05
LANOSTEROL	13442	HMDB	HMDB0001251_6_shen	Lanosterol	inchikey	1	TRUE	TRUE	5.0999915401917e-09	1.19609685870422e-05
LANOSTEROL	13443	HMDB	HMDB0001251_7_shen	Lanosterol	inchikey	1	TRUE	TRUE	5.0999915401917e-09	1.19609685870422e-05
LANOSTEROL	13444	HMDB	HMDB0001251_8_shen	Lanosterol	inchikey	1	TRUE	TRUE	5.0999915401917e-09	1.19609685870422e-05
LANOSTEROL	13445	HMDB	HMDB0001251_9_shen	Lanosterol	inchikey	1	TRUE	TRUE	5.0999915401917e-09	1.19609685870422e-05
LANOSTEROL	13446	HMDB	HMDB0001251_10_shen	Lanosterol	inchikey	1	TRUE	TRUE	5.0999915401917e-09	1.19609685870422e-05
LANOSTEROL	13447	HMDB	HMDB0001251_11_shen	Lanosterol	inchikey	1	TRUE	TRUE	5.0999915401917e-09	1.19609685870422e-05
LANOSTEROL	13448	HMDB	HMDB0001251_12_shen	Lanosterol	inchikey	1	TRUE	TRUE	5.0999915401917e-09	1.19609685870422e-05
LANOSTEROL	13449	HMDB	HMDB0001251_13_shen	Lanosterol	inchikey	1	TRUE	TRUE	5.0999915401917e-09	1.19609685870422e-05
LANOSTEROL	13450	HMDB	HMDB0001251_14_shen	Lanosterol	inchikey	1	TRUE	TRUE	5.0999915401917e-09	1.19609685870422e-05
LANOSTEROL	13451	HMDB	HMDB0001251_15_shen	Lanosterol	inchikey	1	TRUE	TRUE	5.0999915401917e-09	1.19609685870422e-05
LANOSTEROL	13452	HMDB	HMDB0001251_16_shen	Lanosterol	inchikey	1	TRUE	TRUE	5.0999915401917e-09	1.19609685870422e-05
LANOSTEROL	13453	HMDB	HMDB0001251_17_shen	Lanosterol	inchikey	1	TRUE	TRUE	5.0999915401917e-09	1.19609685870422e-05
LANOSTEROL	13454	HMDB	HMDB0001251_18_shen	Lanosterol	inchikey	1	TRUE	TRUE	5.0999915401917e-09	1.19609685870422e-05
LANOSTEROL	13455	HMDB	HMDB0001251_19_shen	Lanosterol	inchikey	1	TRUE	TRUE	5.0999915401917e-09	1.19609685870422e-05
LANOSTEROL	13456	HMDB	HMDB0001251_20_shen	Lanosterol	inchikey	1	TRUE	TRUE	5.0999915401917e-09	1.19609685870422e-05
LANOSTEROL	13457	HMDB	HMDB0001251_21_shen	Lanosterol	inchikey	1	TRUE	TRUE	5.0999915401917e-09	1.19609685870422e-05
BETAINE_ALDEHYDE	13458	HMDB	HMDB0001252_1_shen	Betaine aldehyde	inchikey	1	TRUE	TRUE	1.0078250336	2519.562584
BETAINE_ALDEHYDE	13459	HMDB	HMDB0001252_2_shen	Betaine aldehyde	inchikey	1	TRUE	TRUE	1.0078250336	2519.562584
BETAINE_ALDEHYDE	13460	HMDB	HMDB0001252_3_shen	Betaine aldehyde	inchikey	1	TRUE	TRUE	1.0078250336	2519.562584
BETAINE_ALDEHYDE	13461	HMDB	HMDB0001252_4_shen	Betaine aldehyde	inchikey	1	TRUE	TRUE	1.0078250336	2519.562584
BETAINE_ALDEHYDE	13462	HMDB	HMDB0001252_5_shen	Betaine aldehyde	inchikey	1	TRUE	TRUE	1.0078250336	2519.562584
BETAINE_ALDEHYDE	13463	HMDB	HMDB0001252_6_shen	Betaine aldehyde	inchikey	1	TRUE	TRUE	1.0078250336	2519.562584
BETAINE_ALDEHYDE	13464	HMDB	HMDB0001252_7_shen	Betaine aldehyde	inchikey	1	TRUE	TRUE	1.0078250336	2519.562584
BETAINE_ALDEHYDE	13465	HMDB	HMDB0001252_8_shen	Betaine aldehyde	inchikey	1	TRUE	TRUE	1.0078250336	2519.562584
BETAINE_ALDEHYDE	13466	HMDB	HMDB0001252_9_shen	Betaine aldehyde	inchikey	1	TRUE	TRUE	1.0078250336	2519.562584
BETAINE_ALDEHYDE	13467	HMDB	HMDB0001252_10_shen	Betaine aldehyde	inchikey	1	TRUE	TRUE	1.0078250336	2519.562584
BETAINE_ALDEHYDE	13468	HMDB	HMDB0001252_11_shen	Betaine aldehyde	inchikey	1	TRUE	TRUE	1.0078250336	2519.562584
BETAINE_ALDEHYDE	13469	HMDB	HMDB0001252_12_shen	Betaine aldehyde	inchikey	1	TRUE	TRUE	1.0078250336	2519.562584
BETAINE_ALDEHYDE	13470	HMDB	HMDB0001252_13_shen	Betaine aldehyde	inchikey	1	TRUE	TRUE	1.0078250336	2519.562584
BETAINE_ALDEHYDE	13471	HMDB	HMDB0001252_14_shen	Betaine aldehyde	inchikey	1	TRUE	TRUE	1.0078250336	2519.562584
BETAINE_ALDEHYDE	13472	HMDB	HMDB0001252_15_shen	Betaine aldehyde	inchikey	1	TRUE	TRUE	1.0078250336	2519.562584
BETAINE_ALDEHYDE	13473	HMDB	HMDB0001252_16_shen	Betaine aldehyde	inchikey	1	TRUE	TRUE	1.0078250336	2519.562584
BETAINE_ALDEHYDE	13474	HMDB	HMDB0001252_17_shen	Betaine aldehyde	inchikey	1	TRUE	TRUE	1.0078250336	2519.562584
BETAINE_ALDEHYDE	13475	HMDB	HMDB0001252_18_shen	Betaine aldehyde	inchikey	1	TRUE	TRUE	1.0078250336	2519.562584
BETAINE_ALDEHYDE	13476	HMDB	HMDB0001252_19_shen	Betaine aldehyde	inchikey	1	TRUE	TRUE	1.0078250336	2519.562584
BETAINE_ALDEHYDE	13477	HMDB	HMDB0001252_20_shen	Betaine aldehyde	inchikey	1	TRUE	TRUE	1.0078250336	2519.562584
BETAINE_ALDEHYDE	13478	HMDB	HMDB0001252_21_shen	Betaine aldehyde	inchikey	1	TRUE	TRUE	1.0078250336	2519.562584
BETAINE_ALDEHYDE	13479	HMDB	HMDB0001252_22_shen	Betaine aldehyde	inchikey	1	TRUE	TRUE	1.0078250336	2519.562584
BETAINE_ALDEHYDE	13480	HMDB	HMDB0001252_23_shen	Betaine aldehyde	inchikey	1	TRUE	TRUE	1.0078250336	2519.562584
BETAINE_ALDEHYDE	13481	HMDB	HMDB0001252_24_shen	Betaine aldehyde	inchikey	1	TRUE	TRUE	1.0078250336	2519.562584
BETAINE_ALDEHYDE	13482	HMDB	HMDB0001252_25_shen	Betaine aldehyde	inchikey	1	TRUE	TRUE	1.0078250336	2519.562584
BETAINE_ALDEHYDE	13483	HMDB	HMDB0001252_26_shen	Betaine aldehyde	inchikey	1	TRUE	TRUE	1.0078250336	2519.562584
BETAINE_ALDEHYDE	13484	HMDB	HMDB0001252_27_shen	Betaine aldehyde	inchikey	1	TRUE	TRUE	1.0078250336	2519.562584
BETAINE_ALDEHYDE	13485	HMDB	HMDB0001252_28_shen	Betaine aldehyde	inchikey	1	TRUE	TRUE	1.0078250336	2519.562584
BETAINE_ALDEHYDE	13486	HMDB	HMDB0001252_29_shen	Betaine aldehyde	inchikey	1	TRUE	TRUE	1.0078250336	2519.562584
BETAINE_ALDEHYDE	13487	HMDB	HMDB0001252_30_shen	Betaine aldehyde	inchikey	1	TRUE	TRUE	1.0078250336	2519.562584
BETAINE_ALDEHYDE	13488	HMDB	HMDB0001252_31_shen	Betaine aldehyde	inchikey	1	TRUE	TRUE	1.0078250336	2519.562584
BETAINE_ALDEHYDE	13489	HMDB	HMDB0001252_32_shen	Betaine aldehyde	inchikey	1	TRUE	TRUE	1.0078250336	2519.562584
BETAINE_ALDEHYDE	13490	HMDB	HMDB0001252_33_shen	Betaine aldehyde	inchikey	1	TRUE	TRUE	1.0078250336	2519.562584
BETAINE_ALDEHYDE	13491	HMDB	HMDB0001252_34_shen	Betaine aldehyde	inchikey	1	TRUE	TRUE	1.0078250336	2519.562584
BETAINE_ALDEHYDE	13492	HMDB	HMDB0001252_35_shen	Betaine aldehyde	inchikey	1	TRUE	TRUE	1.0078250336	2519.562584
BETAINE_ALDEHYDE	13493	HMDB	HMDB0001252_36_shen	Betaine aldehyde	inchikey	1	TRUE	TRUE	1.0078250336	2519.562584
BETAINE_ALDEHYDE	13494	HMDB	HMDB0001252_37_shen	Betaine aldehyde	inchikey	1	TRUE	TRUE	1.0078250336	2519.562584
BETAINE_ALDEHYDE	13495	HMDB	HMDB0001252_38_shen	Betaine aldehyde	inchikey	1	TRUE	TRUE	1.0078250336	2519.562584
BETAINE_ALDEHYDE	13496	HMDB	HMDB0001252_39_shen	Betaine aldehyde	inchikey	1	TRUE	TRUE	1.0078250336	2519.562584
BETAINE_ALDEHYDE	13497	HMDB	HMDB0001252_40_shen	Betaine aldehyde	inchikey	1	TRUE	TRUE	1.0078250336	2519.562584
BETAINE_ALDEHYDE	13498	HMDB	HMDB0001252_41_shen	Betaine aldehyde	inchikey	1	TRUE	TRUE	1.0078250336	2519.562584
BETAINE_ALDEHYDE	13499	HMDB	HMDB0001252_42_shen	Betaine aldehyde	inchikey	1	TRUE	TRUE	1.0078250336	2519.562584
BETAINE_ALDEHYDE	13500	HMDB	HMDB0001252_43_shen	Betaine aldehyde	inchikey	1	TRUE	TRUE	1.0078250336	2519.562584
BETAINE_ALDEHYDE	13501	HMDB	HMDB0001252_44_shen	Betaine aldehyde	inchikey	1	TRUE	TRUE	1.0078250336	2519.562584
BETAINE_ALDEHYDE	13502	HMDB	HMDB0001252_45_shen	Betaine aldehyde	inchikey	1	TRUE	TRUE	1.0078250336	2519.562584
BETAINE_ALDEHYDE	13503	HMDB	HMDB0001252_46_shen	Betaine aldehyde	inchikey	1	TRUE	TRUE	1.0078250336	2519.562584
BETAINE_ALDEHYDE	13504	HMDB	HMDB0001252_47_shen	Betaine aldehyde	inchikey	1	TRUE	TRUE	1.0078250336	2519.562584
BETAINE_ALDEHYDE	13505	HMDB	HMDB0001252_48_shen	Betaine aldehyde	inchikey	1	TRUE	TRUE	1.0078250336	2519.562584
BETAINE_ALDEHYDE	13506	HMDB	HMDB0001252_49_shen	Betaine aldehyde	inchikey	1	TRUE	TRUE	1.0078250336	2519.562584
BETAINE_ALDEHYDE	13507	HMDB	HMDB0001252_50_shen	Betaine aldehyde	inchikey	1	TRUE	TRUE	1.0078250336	2519.562584
BETAINE_ALDEHYDE	13508	HMDB	HMDB0001252_51_shen	Betaine aldehyde	inchikey	1	TRUE	TRUE	1.0078250336	2519.562584
BETAINE_ALDEHYDE	13509	HMDB	HMDB0001252_52_shen	Betaine aldehyde	inchikey	1	TRUE	TRUE	1.0078250336	2519.562584
BETAINE_ALDEHYDE	13510	HMDB	HMDB0001252_53_shen	Betaine aldehyde	inchikey	1	TRUE	TRUE	1.0078250336	2519.562584
D-GLUCOSAMINE-6-P	13511	HMDB	HMDB0001254_1_shen	Glucosamine 6-phosphate	name_formula_mass	4	FALSE	TRUE	4.00007138523506e-10	1.00001784630877e-06
D-GLUCOSAMINE-6-P	13512	HMDB	HMDB0001254_2_shen	Glucosamine 6-phosphate	name_formula_mass	4	FALSE	TRUE	4.00007138523506e-10	1.00001784630877e-06
D-GLUCOSAMINE-6-P	13513	HMDB	HMDB0001254_3_shen	Glucosamine 6-phosphate	name_formula_mass	4	FALSE	TRUE	4.00007138523506e-10	1.00001784630877e-06
D-GLUCOSAMINE-6-P	13514	HMDB	HMDB0001254_4_shen	Glucosamine 6-phosphate	name_formula_mass	4	FALSE	TRUE	4.00007138523506e-10	1.00001784630877e-06
D-GLUCOSAMINE-6-P	13515	HMDB	HMDB0001254_5_shen	Glucosamine 6-phosphate	name_formula_mass	4	FALSE	TRUE	4.00007138523506e-10	1.00001784630877e-06
D-GLUCOSAMINE-6-P	13516	HMDB	HMDB0001254_6_shen	Glucosamine 6-phosphate	name_formula_mass	4	FALSE	TRUE	4.00007138523506e-10	1.00001784630877e-06
D-GLUCOSAMINE-6-P	13517	HMDB	HMDB0001254_7_shen	Glucosamine 6-phosphate	name_formula_mass	4	FALSE	TRUE	4.00007138523506e-10	1.00001784630877e-06
D-GLUCOSAMINE-6-P	13518	HMDB	HMDB0001254_8_shen	Glucosamine 6-phosphate	name_formula_mass	4	FALSE	TRUE	4.00007138523506e-10	1.00001784630877e-06
D-GLUCOSAMINE-6-P	13519	HMDB	HMDB0001254_9_shen	Glucosamine 6-phosphate	name_formula_mass	4	FALSE	TRUE	4.00007138523506e-10	1.00001784630877e-06
D-GLUCOSAMINE-6-P	13520	HMDB	HMDB0001254_10_shen	Glucosamine 6-phosphate	name_formula_mass	4	FALSE	TRUE	4.00007138523506e-10	1.00001784630877e-06
D-GLUCOSAMINE-6-P	13521	HMDB	HMDB0001254_11_shen	Glucosamine 6-phosphate	name_formula_mass	4	FALSE	TRUE	4.00007138523506e-10	1.00001784630877e-06
SUCC-S-ALD	13637	HMDB	HMDB0001259_1_shen	Succinic acid semialdehyde	inchikey_connectivity_formula_mass	2	FALSE	TRUE	9.00001850823173e-10	2.25000462705793e-06
SUCC-S-ALD	13638	HMDB	HMDB0001259_2_shen	Succinic acid semialdehyde	inchikey_connectivity_formula_mass	2	FALSE	TRUE	9.00001850823173e-10	2.25000462705793e-06
SUCC-S-ALD	13639	HMDB	HMDB0001259_3_shen	Succinic acid semialdehyde	inchikey_connectivity_formula_mass	2	FALSE	TRUE	9.00001850823173e-10	2.25000462705793e-06
SUCC-S-ALD	13640	HMDB	HMDB0001259_4_shen	Succinic acid semialdehyde	inchikey_connectivity_formula_mass	2	FALSE	TRUE	9.00001850823173e-10	2.25000462705793e-06
SUCC-S-ALD	13641	HMDB	HMDB0001259_5_shen	Succinic acid semialdehyde	inchikey_connectivity_formula_mass	2	FALSE	TRUE	9.00001850823173e-10	2.25000462705793e-06
SUCC-S-ALD	13642	HMDB	HMDB0001259_6_shen	Succinic acid semialdehyde	inchikey_connectivity_formula_mass	2	FALSE	TRUE	9.00001850823173e-10	2.25000462705793e-06
SUCC-S-ALD	13643	HMDB	HMDB0001259_7_shen	Succinic acid semialdehyde	inchikey_connectivity_formula_mass	2	FALSE	TRUE	9.00001850823173e-10	2.25000462705793e-06
SUCC-S-ALD	13644	HMDB	HMDB0001259_8_shen	Succinic acid semialdehyde	inchikey_connectivity_formula_mass	2	FALSE	TRUE	9.00001850823173e-10	2.25000462705793e-06
SUCC-S-ALD	13645	HMDB	HMDB0001259_9_shen	Succinic acid semialdehyde	inchikey_connectivity_formula_mass	2	FALSE	TRUE	9.00001850823173e-10	2.25000462705793e-06
MALTOTRIOSE	13646	HMDB	HMDB0001262_1_shen	Maltotriose	inchikey	1	TRUE	TRUE	4.80002881886321e-09	9.52067359520802e-06
MALTOTRIOSE	13647	HMDB	HMDB0001262_2_shen	Maltotriose	inchikey	1	TRUE	TRUE	4.80002881886321e-09	9.52067359520802e-06
MALTOTRIOSE	13648	HMDB	HMDB0001262_3_shen	Maltotriose	inchikey	1	TRUE	TRUE	4.80002881886321e-09	9.52067359520802e-06
MALTOTRIOSE	13649	HMDB	HMDB0001262_4_shen	Maltotriose	inchikey	1	TRUE	TRUE	4.80002881886321e-09	9.52067359520802e-06
MALTOTRIOSE	13650	HMDB	HMDB0001262_5_shen	Maltotriose	inchikey	1	TRUE	TRUE	4.80002881886321e-09	9.52067359520802e-06
MALTOTRIOSE	13651	HMDB	HMDB0001262_6_shen	Maltotriose	inchikey	1	TRUE	TRUE	4.80002881886321e-09	9.52067359520802e-06
MALTOTRIOSE	13652	HMDB	HMDB0001262_7_shen	Maltotriose	inchikey	1	TRUE	TRUE	4.80002881886321e-09	9.52067359520802e-06
MALTOTRIOSE	13653	HMDB	HMDB0001262_8_shen	Maltotriose	inchikey	1	TRUE	TRUE	4.80002881886321e-09	9.52067359520802e-06
MALTOTRIOSE	13654	HMDB	HMDB0001262_9_shen	Maltotriose	inchikey	1	TRUE	TRUE	4.80002881886321e-09	9.52067359520802e-06
MALTOTRIOSE	13655	HMDB	HMDB0001262_10_shen	Maltotriose	inchikey	1	TRUE	TRUE	4.80002881886321e-09	9.52067359520802e-06
MALTOTRIOSE	13656	HMDB	HMDB0001262_11_shen	Maltotriose	inchikey	1	TRUE	TRUE	4.80002881886321e-09	9.52067359520802e-06
MALTOTRIOSE	13657	HMDB	HMDB0001262_12_shen	Maltotriose	inchikey	1	TRUE	TRUE	4.80002881886321e-09	9.52067359520802e-06
MALTOTRIOSE	13658	HMDB	HMDB0001262_13_shen	Maltotriose	inchikey	1	TRUE	TRUE	4.80002881886321e-09	9.52067359520802e-06
MALTOTRIOSE	13659	HMDB	HMDB0001262_14_shen	Maltotriose	inchikey	1	TRUE	TRUE	4.80002881886321e-09	9.52067359520802e-06
L-DEHYDRO-ASCORBATE	13660	HMDB	HMDB0001264_shen	Dehydroascorbic acid	name_formula_mass	4	FALSE	TRUE	1.19999299386109e-09	2.99998248465272e-06
MALTOTETRAOSE	13733	HMDB	HMDB0001296_1_shen	Maltotetraose	inchikey	1	TRUE	TRUE	6.29995611234335e-09	9.45624349125535e-06
MALTOTETRAOSE	13734	HMDB	HMDB0001296_2_shen	Maltotetraose	inchikey	1	TRUE	TRUE	6.29995611234335e-09	9.45624349125535e-06
MALTOTETRAOSE	13735	HMDB	HMDB0001296_3_shen	Maltotetraose	inchikey	1	TRUE	TRUE	6.29995611234335e-09	9.45624349125535e-06
D-ALANINE	13736	HMDB	HMDB0001310_1_shen	D-Alanine	inchikey	1	TRUE	TRUE	1.09999120923021e-09	2.74997802307553e-06
D-ALANINE	13737	HMDB	HMDB0001310_2_shen	D-Alanine	inchikey	1	TRUE	TRUE	1.09999120923021e-09	2.74997802307553e-06
D-ALANINE	13738	HMDB	HMDB0001310_3_shen	D-Alanine	inchikey	1	TRUE	TRUE	1.09999120923021e-09	2.74997802307553e-06
D-ALANINE	13739	HMDB	HMDB0001310_4_shen	D-Alanine	inchikey	1	TRUE	TRUE	1.09999120923021e-09	2.74997802307553e-06
D-ALANINE	13740	HMDB	HMDB0001310_5_shen	D-Alanine	inchikey	1	TRUE	TRUE	1.09999120923021e-09	2.74997802307553e-06
D-ALANINE	13741	HMDB	HMDB0001310_6_shen	D-Alanine	inchikey	1	TRUE	TRUE	1.09999120923021e-09	2.74997802307553e-06
D-ALANINE	13742	HMDB	HMDB0001310_7_shen	D-Alanine	inchikey	1	TRUE	TRUE	1.09999120923021e-09	2.74997802307553e-06
D-ALANINE	13743	HMDB	HMDB0001310_8_shen	D-Alanine	inchikey	1	TRUE	TRUE	1.09999120923021e-09	2.74997802307553e-06
D-ALANINE	13744	HMDB	HMDB0001310_9_shen	D-Alanine	inchikey	1	TRUE	TRUE	1.09999120923021e-09	2.74997802307553e-06
D-ALANINE	13745	HMDB	HMDB0001310_10_shen	D-Alanine	inchikey	1	TRUE	TRUE	1.09999120923021e-09	2.74997802307553e-06
D-ALANINE	13746	HMDB	HMDB0001310_11_shen	D-Alanine	inchikey	1	TRUE	TRUE	1.09999120923021e-09	2.74997802307553e-06
D-ALANINE	13747	HMDB	HMDB0001310_12_shen	D-Alanine	inchikey	1	TRUE	TRUE	1.09999120923021e-09	2.74997802307553e-06
D-ALANINE	13748	HMDB	HMDB0001310_13_shen	D-Alanine	inchikey	1	TRUE	TRUE	1.09999120923021e-09	2.74997802307553e-06
D-ALANINE	13749	HMDB	HMDB0001310_14_shen	D-Alanine	inchikey	1	TRUE	TRUE	1.09999120923021e-09	2.74997802307553e-06
D-ALANINE	13750	HMDB	HMDB0001310_15_shen	D-Alanine	inchikey	1	TRUE	TRUE	1.09999120923021e-09	2.74997802307553e-06
D-ALANINE	13751	HMDB	HMDB0001310_16_shen	D-Alanine	inchikey	1	TRUE	TRUE	1.09999120923021e-09	2.74997802307553e-06
D-ALANINE	13752	HMDB	HMDB0001310_17_shen	D-Alanine	inchikey	1	TRUE	TRUE	1.09999120923021e-09	2.74997802307553e-06
D-ALANINE	13753	HMDB	HMDB0001310_18_shen	D-Alanine	inchikey	1	TRUE	TRUE	1.09999120923021e-09	2.74997802307553e-06
D-ALANINE	13754	HMDB	HMDB0001310_19_shen	D-Alanine	inchikey	1	TRUE	TRUE	1.09999120923021e-09	2.74997802307553e-06
D-ALANINE	13755	HMDB	HMDB0001310_20_shen	D-Alanine	inchikey	1	TRUE	TRUE	1.09999120923021e-09	2.74997802307553e-06
D-ALANINE	13756	HMDB	HMDB0001310_21_shen	D-Alanine	inchikey	1	TRUE	TRUE	1.09999120923021e-09	2.74997802307553e-06
D-ALANINE	13757	HMDB	HMDB0001310_22_shen	D-Alanine	inchikey	1	TRUE	TRUE	1.09999120923021e-09	2.74997802307553e-06
D-ALANINE	13758	HMDB	HMDB0001310_23_shen	D-Alanine	inchikey	1	TRUE	TRUE	1.09999120923021e-09	2.74997802307553e-06
D-ALANINE	13759	HMDB	HMDB0001310_24_shen	D-Alanine	inchikey	1	TRUE	TRUE	1.09999120923021e-09	2.74997802307553e-06
D-ALANINE	13760	HMDB	HMDB0001310_25_shen	D-Alanine	inchikey	1	TRUE	TRUE	1.09999120923021e-09	2.74997802307553e-06
D-ALANINE	13761	HMDB	HMDB0001310_26_shen	D-Alanine	inchikey	1	TRUE	TRUE	1.09999120923021e-09	2.74997802307553e-06
D-ALANINE	13762	HMDB	HMDB0001310_27_shen	D-Alanine	inchikey	1	TRUE	TRUE	1.09999120923021e-09	2.74997802307553e-06
D-ALANINE	13763	HMDB	HMDB0001310_28_shen	D-Alanine	inchikey	1	TRUE	TRUE	1.09999120923021e-09	2.74997802307553e-06
CPD-24843	13764	HMDB	HMDB0001311_1_shen	D-Lactic acid	inchikey	1	TRUE	TRUE	9.00001850823173e-10	2.25000462705793e-06
CPD-24843	13765	HMDB	HMDB0001311_2_shen	D-Lactic acid	inchikey	1	TRUE	TRUE	9.00001850823173e-10	2.25000462705793e-06
CPD-24843	13766	HMDB	HMDB0001311_3_shen	D-Lactic acid	inchikey	1	TRUE	TRUE	9.00001850823173e-10	2.25000462705793e-06
CPD-24843	13767	HMDB	HMDB0001311_4_shen	D-Lactic acid	inchikey	1	TRUE	TRUE	9.00001850823173e-10	2.25000462705793e-06
CPD-24843	13768	HMDB	HMDB0001311_5_shen	D-Lactic acid	inchikey	1	TRUE	TRUE	9.00001850823173e-10	2.25000462705793e-06
CPD-24843	13769	HMDB	HMDB0001311_6_shen	D-Lactic acid	inchikey	1	TRUE	TRUE	9.00001850823173e-10	2.25000462705793e-06
CPD-24843	13770	HMDB	HMDB0001311_7_shen	D-Lactic acid	inchikey	1	TRUE	TRUE	9.00001850823173e-10	2.25000462705793e-06
CGMP	13771	HMDB	HMDB0001314_1_shen	Cyclic GMP	inchikey_connectivity_formula_mass	2	FALSE	TRUE	8.99945007404312e-10	2.24986251851078e-06
CGMP	13772	HMDB	HMDB0001314_2_shen	Cyclic GMP	inchikey_connectivity_formula_mass	2	FALSE	TRUE	8.99945007404312e-10	2.24986251851078e-06
CGMP	13773	HMDB	HMDB0001314_3_shen	Cyclic GMP	inchikey_connectivity_formula_mass	2	FALSE	TRUE	8.99945007404312e-10	2.24986251851078e-06
CGMP	13774	HMDB	HMDB0001314_4_shen	Cyclic GMP	inchikey_connectivity_formula_mass	2	FALSE	TRUE	8.99945007404312e-10	2.24986251851078e-06
CGMP	13775	HMDB	HMDB0001314_5_shen	Cyclic GMP	inchikey_connectivity_formula_mass	2	FALSE	TRUE	8.99945007404312e-10	2.24986251851078e-06
CGMP	13776	HMDB	HMDB0001314_6_shen	Cyclic GMP	inchikey_connectivity_formula_mass	2	FALSE	TRUE	8.99945007404312e-10	2.24986251851078e-06
CGMP	13777	HMDB	HMDB0001314_7_shen	Cyclic GMP	inchikey_connectivity_formula_mass	2	FALSE	TRUE	8.99945007404312e-10	2.24986251851078e-06
CGMP	13778	HMDB	HMDB0001314_8_shen	Cyclic GMP	inchikey_connectivity_formula_mass	2	FALSE	TRUE	8.99945007404312e-10	2.24986251851078e-06
CGMP	13779	HMDB	HMDB0001314_9_shen	Cyclic GMP	inchikey_connectivity_formula_mass	2	FALSE	TRUE	8.99945007404312e-10	2.24986251851078e-06
CGMP	13780	HMDB	HMDB0001314_10_shen	Cyclic GMP	inchikey_connectivity_formula_mass	2	FALSE	TRUE	8.99945007404312e-10	2.24986251851078e-06
CGMP	13781	HMDB	HMDB0001314_11_shen	Cyclic GMP	inchikey_connectivity_formula_mass	2	FALSE	TRUE	8.99945007404312e-10	2.24986251851078e-06
CGMP	13782	HMDB	HMDB0001314_12_shen	Cyclic GMP	inchikey_connectivity_formula_mass	2	FALSE	TRUE	8.99945007404312e-10	2.24986251851078e-06
CGMP	13783	HMDB	HMDB0001314_13_shen	Cyclic GMP	inchikey_connectivity_formula_mass	2	FALSE	TRUE	8.99945007404312e-10	2.24986251851078e-06
CGMP	13784	HMDB	HMDB0001314_14_shen	Cyclic GMP	inchikey_connectivity_formula_mass	2	FALSE	TRUE	8.99945007404312e-10	2.24986251851078e-06
CGMP	13785	HMDB	HMDB0001314_15_shen	Cyclic GMP	inchikey_connectivity_formula_mass	2	FALSE	TRUE	8.99945007404312e-10	2.24986251851078e-06
CGMP	13786	HMDB	HMDB0001314_16_shen	Cyclic GMP	inchikey_connectivity_formula_mass	2	FALSE	TRUE	8.99945007404312e-10	2.24986251851078e-06
CGMP	13787	HMDB	HMDB0001314_17_shen	Cyclic GMP	inchikey_connectivity_formula_mass	2	FALSE	TRUE	8.99945007404312e-10	2.24986251851078e-06
CGMP	13788	HMDB	HMDB0001314_18_shen	Cyclic GMP	inchikey_connectivity_formula_mass	2	FALSE	TRUE	8.99945007404312e-10	2.24986251851078e-06
CGMP	13789	HMDB	HMDB0001314_19_shen	Cyclic GMP	inchikey_connectivity_formula_mass	2	FALSE	TRUE	8.99945007404312e-10	2.24986251851078e-06
CGMP	13790	HMDB	HMDB0001314_20_shen	Cyclic GMP	inchikey_connectivity_formula_mass	2	FALSE	TRUE	8.99945007404312e-10	2.24986251851078e-06
CGMP	13791	HMDB	HMDB0001314_21_shen	Cyclic GMP	inchikey_connectivity_formula_mass	2	FALSE	TRUE	8.99945007404312e-10	2.24986251851078e-06
CGMP	13792	HMDB	HMDB0001314_22_shen	Cyclic GMP	inchikey_connectivity_formula_mass	2	FALSE	TRUE	8.99945007404312e-10	2.24986251851078e-06
CGMP	13793	HMDB	HMDB0001314_23_shen	Cyclic GMP	inchikey_connectivity_formula_mass	2	FALSE	TRUE	8.99945007404312e-10	2.24986251851078e-06
CGMP	13794	HMDB	HMDB0001314_24_shen	Cyclic GMP	inchikey_connectivity_formula_mass	2	FALSE	TRUE	8.99945007404312e-10	2.24986251851078e-06
CGMP	13795	HMDB	HMDB0001314_25_shen	Cyclic GMP	inchikey_connectivity_formula_mass	2	FALSE	TRUE	8.99945007404312e-10	2.24986251851078e-06
CGMP	13796	HMDB	HMDB0001314_26_shen	Cyclic GMP	inchikey_connectivity_formula_mass	2	FALSE	TRUE	8.99945007404312e-10	2.24986251851078e-06
CGMP	13797	HMDB	HMDB0001314_27_shen	Cyclic GMP	inchikey_connectivity_formula_mass	2	FALSE	TRUE	8.99945007404312e-10	2.24986251851078e-06
CGMP	13798	HMDB	HMDB0001314_28_shen	Cyclic GMP	inchikey_connectivity_formula_mass	2	FALSE	TRUE	8.99945007404312e-10	2.24986251851078e-06
CGMP	13799	HMDB	HMDB0001314_29_shen	Cyclic GMP	inchikey_connectivity_formula_mass	2	FALSE	TRUE	8.99945007404312e-10	2.24986251851078e-06
CGMP	13800	HMDB	HMDB0001314_30_shen	Cyclic GMP	inchikey_connectivity_formula_mass	2	FALSE	TRUE	8.99945007404312e-10	2.24986251851078e-06
CGMP	13801	HMDB	HMDB0001314_31_shen	Cyclic GMP	inchikey_connectivity_formula_mass	2	FALSE	TRUE	8.99945007404312e-10	2.24986251851078e-06
CGMP	13802	HMDB	HMDB0001314_32_shen	Cyclic GMP	inchikey_connectivity_formula_mass	2	FALSE	TRUE	8.99945007404312e-10	2.24986251851078e-06
CGMP	13803	HMDB	HMDB0001314_33_shen	Cyclic GMP	inchikey_connectivity_formula_mass	2	FALSE	TRUE	8.99945007404312e-10	2.24986251851078e-06
CGMP	13804	HMDB	HMDB0001314_34_shen	Cyclic GMP	inchikey_connectivity_formula_mass	2	FALSE	TRUE	8.99945007404312e-10	2.24986251851078e-06
CGMP	13805	HMDB	HMDB0001314_35_shen	Cyclic GMP	inchikey_connectivity_formula_mass	2	FALSE	TRUE	8.99945007404312e-10	2.24986251851078e-06
CGMP	13806	HMDB	HMDB0001314_36_shen	Cyclic GMP	inchikey_connectivity_formula_mass	2	FALSE	TRUE	8.99945007404312e-10	2.24986251851078e-06
CGMP	13807	HMDB	HMDB0001314_37_shen	Cyclic GMP	inchikey_connectivity_formula_mass	2	FALSE	TRUE	8.99945007404312e-10	2.24986251851078e-06
CGMP	13808	HMDB	HMDB0001314_38_shen	Cyclic GMP	inchikey_connectivity_formula_mass	2	FALSE	TRUE	8.99945007404312e-10	2.24986251851078e-06
ERYTHROSE-4P	13839	HMDB	HMDB0001321_1_shen	D-Erythrose 4-phosphate	inchikey_connectivity_formula_mass	2	FALSE	TRUE	3.99978716814076e-10	9.99946792035189e-07
ERYTHROSE-4P	13840	HMDB	HMDB0001321_2_shen	D-Erythrose 4-phosphate	inchikey_connectivity_formula_mass	2	FALSE	TRUE	3.99978716814076e-10	9.99946792035189e-07
ERYTHROSE-4P	13841	HMDB	HMDB0001321_3_shen	D-Erythrose 4-phosphate	inchikey_connectivity_formula_mass	2	FALSE	TRUE	3.99978716814076e-10	9.99946792035189e-07
DTDP-D-GLUCOSE	13860	HMDB	HMDB0001328_1_shen	dTDP-D-glucose	inchikey_connectivity_formula_mass	2	FALSE	TRUE	6.0003912949469e-10	1.06375628327422e-06
DTDP-D-GLUCOSE	13861	HMDB	HMDB0001328_2_shen	dTDP-D-glucose	inchikey_connectivity_formula_mass	2	FALSE	TRUE	6.0003912949469e-10	1.06375628327422e-06
DTDP-D-GLUCOSE	13862	HMDB	HMDB0001328_3_shen	dTDP-D-glucose	inchikey_connectivity_formula_mass	2	FALSE	TRUE	6.0003912949469e-10	1.06375628327422e-06
DTDP-D-GLUCOSE	13863	HMDB	HMDB0001328_4_shen	dTDP-D-glucose	inchikey_connectivity_formula_mass	2	FALSE	TRUE	6.0003912949469e-10	1.06375628327422e-06
OH-PYR	13982	HMDB	HMDB0001352_shen	Hydroxypyruvic acid	inchikey_connectivity_formula_mass	2	FALSE	TRUE	8.00000066192297e-10	2.00000016548074e-06
RETINAL	13995	HMDB	HMDB0001358_1_shen	Retinal	inchikey	1	TRUE	TRUE	2.89998070002184e-09	7.24995175005461e-06
RETINAL	13996	HMDB	HMDB0001358_2_shen	Retinal	inchikey	1	TRUE	TRUE	2.89998070002184e-09	7.24995175005461e-06
RETINAL	13997	HMDB	HMDB0001358_3_shen	Retinal	inchikey	1	TRUE	TRUE	2.89998070002184e-09	7.24995175005461e-06
RETINAL	13998	HMDB	HMDB0001358_4_shen	Retinal	inchikey	1	TRUE	TRUE	2.89998070002184e-09	7.24995175005461e-06
PURINE	13999	HMDB	HMDB0001366_1_shen	Purine	inchikey	1	TRUE	TRUE	1.19999299386109e-09	2.99998248465272e-06
PURINE	14000	HMDB	HMDB0001366_2_shen	Purine	inchikey	1	TRUE	TRUE	1.19999299386109e-09	2.99998248465272e-06
PURINE	14001	HMDB	HMDB0001366_3_shen	Purine	inchikey	1	TRUE	TRUE	1.19999299386109e-09	2.99998248465272e-06
PURINE	14002	HMDB	HMDB0001366_4_shen	Purine	inchikey	1	TRUE	TRUE	1.19999299386109e-09	2.99998248465272e-06
PURINE	14003	HMDB	HMDB0001366_5_shen	Purine	inchikey	1	TRUE	TRUE	1.19999299386109e-09	2.99998248465272e-06
PURINE	14004	HMDB	HMDB0001366_6_shen	Purine	inchikey	1	TRUE	TRUE	1.19999299386109e-09	2.99998248465272e-06
PURINE	14005	HMDB	HMDB0001366_7_shen	Purine	inchikey	1	TRUE	TRUE	1.19999299386109e-09	2.99998248465272e-06
PURINE	14006	HMDB	HMDB0001366_8_shen	Purine	inchikey	1	TRUE	TRUE	1.19999299386109e-09	2.99998248465272e-06
PURINE	14007	HMDB	HMDB0001366_9_shen	Purine	inchikey	1	TRUE	TRUE	1.19999299386109e-09	2.99998248465272e-06
PURINE	14008	HMDB	HMDB0001366_10_shen	Purine	inchikey	1	TRUE	TRUE	1.19999299386109e-09	2.99998248465272e-06
PURINE	14009	HMDB	HMDB0001366_11_shen	Purine	inchikey	1	TRUE	TRUE	1.19999299386109e-09	2.99998248465272e-06
PURINE	14010	HMDB	HMDB0001366_12_shen	Purine	inchikey	1	TRUE	TRUE	1.19999299386109e-09	2.99998248465272e-06
PURINE	14011	HMDB	HMDB0001366_13_shen	Purine	inchikey	1	TRUE	TRUE	1.19999299386109e-09	2.99998248465272e-06
PURINE	14012	HMDB	HMDB0001366_14_shen	Purine	inchikey	1	TRUE	TRUE	1.19999299386109e-09	2.99998248465272e-06
PURINE	14013	HMDB	HMDB0001366_15_shen	Purine	inchikey	1	TRUE	TRUE	1.19999299386109e-09	2.99998248465272e-06
PURINE	14014	HMDB	HMDB0001366_16_shen	Purine	inchikey	1	TRUE	TRUE	1.19999299386109e-09	2.99998248465272e-06
PURINE	14015	HMDB	HMDB0001366_17_shen	Purine	inchikey	1	TRUE	TRUE	1.19999299386109e-09	2.99998248465272e-06
PURINE	14016	HMDB	HMDB0001366_18_shen	Purine	inchikey	1	TRUE	TRUE	1.19999299386109e-09	2.99998248465272e-06
PURINE	14017	HMDB	HMDB0001366_19_shen	Purine	inchikey	1	TRUE	TRUE	1.19999299386109e-09	2.99998248465272e-06
PURINE	14018	HMDB	HMDB0001366_20_shen	Purine	inchikey	1	TRUE	TRUE	1.19999299386109e-09	2.99998248465272e-06
PURINE	14019	HMDB	HMDB0001366_21_shen	Purine	inchikey	1	TRUE	TRUE	1.19999299386109e-09	2.99998248465272e-06
PURINE	14020	HMDB	HMDB0001366_22_shen	Purine	inchikey	1	TRUE	TRUE	1.19999299386109e-09	2.99998248465272e-06
PURINE	14021	HMDB	HMDB0001366_23_shen	Purine	inchikey	1	TRUE	TRUE	1.19999299386109e-09	2.99998248465272e-06
PURINE	14022	HMDB	HMDB0001366_24_shen	Purine	inchikey	1	TRUE	TRUE	1.19999299386109e-09	2.99998248465272e-06
PURINE	14023	HMDB	HMDB0001366_25_shen	Purine	inchikey	1	TRUE	TRUE	1.19999299386109e-09	2.99998248465272e-06
PURINE	14024	HMDB	HMDB0001366_26_shen	Purine	inchikey	1	TRUE	TRUE	1.19999299386109e-09	2.99998248465272e-06
PURINE	14025	HMDB	HMDB0001366_27_shen	Purine	inchikey	1	TRUE	TRUE	1.19999299386109e-09	2.99998248465272e-06
PURINE	14026	HMDB	HMDB0001366_28_shen	Purine	inchikey	1	TRUE	TRUE	1.19999299386109e-09	2.99998248465272e-06
3-MERCAPTO-PYRUVATE	14027	HMDB	HMDB0001368_1_shen	3-Mercaptopyruvic acid	inchikey_connectivity_formula_mass	2	FALSE	TRUE	6.9999828156142e-10	1.74999570390355e-06
3-MERCAPTO-PYRUVATE	14028	HMDB	HMDB0001368_2_shen	3-Mercaptopyruvic acid	inchikey_connectivity_formula_mass	2	FALSE	TRUE	6.9999828156142e-10	1.74999570390355e-06
3-MERCAPTO-PYRUVATE	14029	HMDB	HMDB0001368_3_shen	3-Mercaptopyruvic acid	inchikey_connectivity_formula_mass	2	FALSE	TRUE	6.9999828156142e-10	1.74999570390355e-06
3-MERCAPTO-PYRUVATE	14030	HMDB	HMDB0001368_4_shen	3-Mercaptopyruvic acid	inchikey_connectivity_formula_mass	2	FALSE	TRUE	6.9999828156142e-10	1.74999570390355e-06
3-MERCAPTO-PYRUVATE	14031	HMDB	HMDB0001368_5_shen	3-Mercaptopyruvic acid	inchikey_connectivity_formula_mass	2	FALSE	TRUE	6.9999828156142e-10	1.74999570390355e-06
3-MERCAPTO-PYRUVATE	14032	HMDB	HMDB0001368_6_shen	3-Mercaptopyruvic acid	inchikey_connectivity_formula_mass	2	FALSE	TRUE	6.9999828156142e-10	1.74999570390355e-06
PYRROLINE-HYDROXY-CARBOXYLATE	14033	HMDB	HMDB0001369_shen	Pyrroline hydroxycarboxylic acid	name_formula_mass	4	FALSE	TRUE	1.19999299386109e-09	2.99998248465272e-06
LL-DIAMINOPIMELATE	14034	HMDB	HMDB0001370_1_shen	Diaminopimelic acid	inchikey	1	TRUE	TRUE	2.19998241846042e-09	5.49995604615106e-06
LL-DIAMINOPIMELATE	14035	HMDB	HMDB0001370_2_shen	Diaminopimelic acid	inchikey	1	TRUE	TRUE	2.19998241846042e-09	5.49995604615106e-06
LL-DIAMINOPIMELATE	14036	HMDB	HMDB0001370_3_shen	Diaminopimelic acid	inchikey	1	TRUE	TRUE	2.19998241846042e-09	5.49995604615106e-06
LL-DIAMINOPIMELATE	14037	HMDB	HMDB0001370_4_shen	Diaminopimelic acid	inchikey	1	TRUE	TRUE	2.19998241846042e-09	5.49995604615106e-06
LL-DIAMINOPIMELATE	14038	HMDB	HMDB0001370_5_shen	Diaminopimelic acid	inchikey	1	TRUE	TRUE	2.19998241846042e-09	5.49995604615106e-06
LL-DIAMINOPIMELATE	14039	HMDB	HMDB0001370_6_shen	Diaminopimelic acid	inchikey	1	TRUE	TRUE	2.19998241846042e-09	5.49995604615106e-06
LL-DIAMINOPIMELATE	14040	HMDB	HMDB0001370_7_shen	Diaminopimelic acid	inchikey	1	TRUE	TRUE	2.19998241846042e-09	5.49995604615106e-06
LL-DIAMINOPIMELATE	14041	HMDB	HMDB0001370_8_shen	Diaminopimelic acid	inchikey	1	TRUE	TRUE	2.19998241846042e-09	5.49995604615106e-06
LL-DIAMINOPIMELATE	14042	HMDB	HMDB0001370_9_shen	Diaminopimelic acid	inchikey	1	TRUE	TRUE	2.19998241846042e-09	5.49995604615106e-06
LL-DIAMINOPIMELATE	14043	HMDB	HMDB0001370_10_shen	Diaminopimelic acid	inchikey	1	TRUE	TRUE	2.19998241846042e-09	5.49995604615106e-06
LL-DIAMINOPIMELATE	14044	HMDB	HMDB0001370_11_shen	Diaminopimelic acid	inchikey	1	TRUE	TRUE	2.19998241846042e-09	5.49995604615106e-06
LL-DIAMINOPIMELATE	14045	HMDB	HMDB0001370_12_shen	Diaminopimelic acid	inchikey	1	TRUE	TRUE	2.19998241846042e-09	5.49995604615106e-06
LL-DIAMINOPIMELATE	14046	HMDB	HMDB0001370_13_shen	Diaminopimelic acid	inchikey	1	TRUE	TRUE	2.19998241846042e-09	5.49995604615106e-06
LL-DIAMINOPIMELATE	14047	HMDB	HMDB0001370_14_shen	Diaminopimelic acid	inchikey	1	TRUE	TRUE	2.19998241846042e-09	5.49995604615106e-06
LL-DIAMINOPIMELATE	14048	HMDB	HMDB0001370_15_shen	Diaminopimelic acid	inchikey	1	TRUE	TRUE	2.19998241846042e-09	5.49995604615106e-06
LL-DIAMINOPIMELATE	14049	HMDB	HMDB0001370_16_shen	Diaminopimelic acid	inchikey	1	TRUE	TRUE	2.19998241846042e-09	5.49995604615106e-06
LL-DIAMINOPIMELATE	14050	HMDB	HMDB0001370_17_shen	Diaminopimelic acid	inchikey	1	TRUE	TRUE	2.19998241846042e-09	5.49995604615106e-06
CPD-649	14076	HMDB	HMDB0001383_1_shen	Sphinganine 1-phosphate	inchikey_connectivity_formula_mass	2	FALSE	TRUE	2.70000555246952e-09	6.7500138811738e-06
CPD-649	14077	HMDB	HMDB0001383_2_shen	Sphinganine 1-phosphate	inchikey_connectivity_formula_mass	2	FALSE	TRUE	2.70000555246952e-09	6.7500138811738e-06
CPD-649	14078	HMDB	HMDB0001383_3_shen	Sphinganine 1-phosphate	inchikey_connectivity_formula_mass	2	FALSE	TRUE	2.70000555246952e-09	6.7500138811738e-06
LINOLENIC_ACID	14079	HMDB	HMDB0001388_1_shen	alpha-Linolenic acid	inchikey_connectivity_formula_mass	2	FALSE	TRUE	3.20000026476919e-09	8.00000066192297e-06
LINOLENIC_ACID	14080	HMDB	HMDB0001388_2_shen	alpha-Linolenic acid	inchikey_connectivity_formula_mass	2	FALSE	TRUE	3.20000026476919e-09	8.00000066192297e-06
LINOLENIC_ACID	14081	HMDB	HMDB0001388_3_shen	alpha-Linolenic acid	inchikey_connectivity_formula_mass	2	FALSE	TRUE	3.20000026476919e-09	8.00000066192297e-06
LINOLENIC_ACID	14082	HMDB	HMDB0001388_4_shen	alpha-Linolenic acid	inchikey_connectivity_formula_mass	2	FALSE	TRUE	3.20000026476919e-09	8.00000066192297e-06
LINOLENIC_ACID	14083	HMDB	HMDB0001388_5_shen	alpha-Linolenic acid	inchikey_connectivity_formula_mass	2	FALSE	TRUE	3.20000026476919e-09	8.00000066192297e-06
LINOLENIC_ACID	14084	HMDB	HMDB0001388_6_shen	alpha-Linolenic acid	inchikey_connectivity_formula_mass	2	FALSE	TRUE	3.20000026476919e-09	8.00000066192297e-06
LINOLENIC_ACID	14085	HMDB	HMDB0001388_7_shen	alpha-Linolenic acid	inchikey_connectivity_formula_mass	2	FALSE	TRUE	3.20000026476919e-09	8.00000066192297e-06
LINOLENIC_ACID	14086	HMDB	HMDB0001388_8_shen	alpha-Linolenic acid	inchikey_connectivity_formula_mass	2	FALSE	TRUE	3.20000026476919e-09	8.00000066192297e-06
LINOLENIC_ACID	14087	HMDB	HMDB0001388_9_shen	alpha-Linolenic acid	inchikey_connectivity_formula_mass	2	FALSE	TRUE	3.20000026476919e-09	8.00000066192297e-06
LINOLENIC_ACID	14088	HMDB	HMDB0001388_10_shen	alpha-Linolenic acid	inchikey_connectivity_formula_mass	2	FALSE	TRUE	3.20000026476919e-09	8.00000066192297e-06
LINOLENIC_ACID	14089	HMDB	HMDB0001388_11_shen	alpha-Linolenic acid	inchikey_connectivity_formula_mass	2	FALSE	TRUE	3.20000026476919e-09	8.00000066192297e-06
LINOLENIC_ACID	14090	HMDB	HMDB0001388_12_shen	alpha-Linolenic acid	inchikey_connectivity_formula_mass	2	FALSE	TRUE	3.20000026476919e-09	8.00000066192297e-06
LINOLENIC_ACID	14091	HMDB	HMDB0001388_13_shen	alpha-Linolenic acid	inchikey_connectivity_formula_mass	2	FALSE	TRUE	3.20000026476919e-09	8.00000066192297e-06
LINOLENIC_ACID	14092	HMDB	HMDB0001388_14_shen	alpha-Linolenic acid	inchikey_connectivity_formula_mass	2	FALSE	TRUE	3.20000026476919e-09	8.00000066192297e-06
LINOLENIC_ACID	14093	HMDB	HMDB0001388_15_shen	alpha-Linolenic acid	inchikey_connectivity_formula_mass	2	FALSE	TRUE	3.20000026476919e-09	8.00000066192297e-06
LINOLENIC_ACID	14094	HMDB	HMDB0001388_16_shen	alpha-Linolenic acid	inchikey_connectivity_formula_mass	2	FALSE	TRUE	3.20000026476919e-09	8.00000066192297e-06
LINOLENIC_ACID	14095	HMDB	HMDB0001388_17_shen	alpha-Linolenic acid	inchikey_connectivity_formula_mass	2	FALSE	TRUE	3.20000026476919e-09	8.00000066192297e-06
LINOLENIC_ACID	14096	HMDB	HMDB0001388_18_shen	alpha-Linolenic acid	inchikey_connectivity_formula_mass	2	FALSE	TRUE	3.20000026476919e-09	8.00000066192297e-06
LINOLENIC_ACID	14097	HMDB	HMDB0001388_19_shen	alpha-Linolenic acid	inchikey_connectivity_formula_mass	2	FALSE	TRUE	3.20000026476919e-09	8.00000066192297e-06
LINOLENIC_ACID	14098	HMDB	HMDB0001388_20_shen	alpha-Linolenic acid	inchikey_connectivity_formula_mass	2	FALSE	TRUE	3.20000026476919e-09	8.00000066192297e-06
LINOLENIC_ACID	14099	HMDB	HMDB0001388_21_shen	alpha-Linolenic acid	inchikey_connectivity_formula_mass	2	FALSE	TRUE	3.20000026476919e-09	8.00000066192297e-06
LINOLENIC_ACID	14100	HMDB	HMDB0001388_22_shen	alpha-Linolenic acid	inchikey_connectivity_formula_mass	2	FALSE	TRUE	3.20000026476919e-09	8.00000066192297e-06
LINOLENIC_ACID	14101	HMDB	HMDB0001388_23_shen	alpha-Linolenic acid	inchikey_connectivity_formula_mass	2	FALSE	TRUE	3.20000026476919e-09	8.00000066192297e-06
LINOLENIC_ACID	14102	HMDB	HMDB0001388_24_shen	alpha-Linolenic acid	inchikey_connectivity_formula_mass	2	FALSE	TRUE	3.20000026476919e-09	8.00000066192297e-06
LINOLENIC_ACID	14103	HMDB	HMDB0001388_25_shen	alpha-Linolenic acid	inchikey_connectivity_formula_mass	2	FALSE	TRUE	3.20000026476919e-09	8.00000066192297e-06
LINOLENIC_ACID	14104	HMDB	HMDB0001388_26_shen	alpha-Linolenic acid	inchikey_connectivity_formula_mass	2	FALSE	TRUE	3.20000026476919e-09	8.00000066192297e-06
LINOLENIC_ACID	14105	HMDB	HMDB0001388_27_shen	alpha-Linolenic acid	inchikey_connectivity_formula_mass	2	FALSE	TRUE	3.20000026476919e-09	8.00000066192297e-06
LINOLENIC_ACID	14106	HMDB	HMDB0001388_28_shen	alpha-Linolenic acid	inchikey_connectivity_formula_mass	2	FALSE	TRUE	3.20000026476919e-09	8.00000066192297e-06
LINOLENIC_ACID	14107	HMDB	HMDB0001388_29_shen	alpha-Linolenic acid	inchikey_connectivity_formula_mass	2	FALSE	TRUE	3.20000026476919e-09	8.00000066192297e-06
N-ACETYL-5-METHOXY-TRYPTAMINE	14108	HMDB	HMDB0001389_1_shen	Melatonin	inchikey	1	TRUE	TRUE	2.20001084016985e-09	5.50002710042463e-06
N-ACETYL-5-METHOXY-TRYPTAMINE	14109	HMDB	HMDB0001389_2_shen	Melatonin	inchikey	1	TRUE	TRUE	2.20001084016985e-09	5.50002710042463e-06
N-ACETYL-5-METHOXY-TRYPTAMINE	14110	HMDB	HMDB0001389_3_shen	Melatonin	inchikey	1	TRUE	TRUE	2.20001084016985e-09	5.50002710042463e-06
N-ACETYL-5-METHOXY-TRYPTAMINE	14111	HMDB	HMDB0001389_4_shen	Melatonin	inchikey	1	TRUE	TRUE	2.20001084016985e-09	5.50002710042463e-06
N-ACETYL-5-METHOXY-TRYPTAMINE	14112	HMDB	HMDB0001389_5_shen	Melatonin	inchikey	1	TRUE	TRUE	2.20001084016985e-09	5.50002710042463e-06
N-ACETYL-5-METHOXY-TRYPTAMINE	14113	HMDB	HMDB0001389_6_shen	Melatonin	inchikey	1	TRUE	TRUE	2.20001084016985e-09	5.50002710042463e-06
N-ACETYL-5-METHOXY-TRYPTAMINE	14114	HMDB	HMDB0001389_7_shen	Melatonin	inchikey	1	TRUE	TRUE	2.20001084016985e-09	5.50002710042463e-06
N-ACETYL-5-METHOXY-TRYPTAMINE	14115	HMDB	HMDB0001389_8_shen	Melatonin	inchikey	1	TRUE	TRUE	2.20001084016985e-09	5.50002710042463e-06
N-ACETYL-5-METHOXY-TRYPTAMINE	14116	HMDB	HMDB0001389_9_shen	Melatonin	inchikey	1	TRUE	TRUE	2.20001084016985e-09	5.50002710042463e-06
N-ACETYL-5-METHOXY-TRYPTAMINE	14117	HMDB	HMDB0001389_10_shen	Melatonin	inchikey	1	TRUE	TRUE	2.20001084016985e-09	5.50002710042463e-06
N-ACETYL-5-METHOXY-TRYPTAMINE	14118	HMDB	HMDB0001389_11_shen	Melatonin	inchikey	1	TRUE	TRUE	2.20001084016985e-09	5.50002710042463e-06
N-ACETYL-5-METHOXY-TRYPTAMINE	14119	HMDB	HMDB0001389_12_shen	Melatonin	inchikey	1	TRUE	TRUE	2.20001084016985e-09	5.50002710042463e-06
N-ACETYL-5-METHOXY-TRYPTAMINE	14120	HMDB	HMDB0001389_13_shen	Melatonin	inchikey	1	TRUE	TRUE	2.20001084016985e-09	5.50002710042463e-06
N-ACETYL-5-METHOXY-TRYPTAMINE	14121	HMDB	HMDB0001389_14_shen	Melatonin	inchikey	1	TRUE	TRUE	2.20001084016985e-09	5.50002710042463e-06
N-ACETYL-5-METHOXY-TRYPTAMINE	14122	HMDB	HMDB0001389_15_shen	Melatonin	inchikey	1	TRUE	TRUE	2.20001084016985e-09	5.50002710042463e-06
N-ACETYL-5-METHOXY-TRYPTAMINE	14123	HMDB	HMDB0001389_16_shen	Melatonin	inchikey	1	TRUE	TRUE	2.20001084016985e-09	5.50002710042463e-06
N-ACETYL-5-METHOXY-TRYPTAMINE	14124	HMDB	HMDB0001389_17_shen	Melatonin	inchikey	1	TRUE	TRUE	2.20001084016985e-09	5.50002710042463e-06
N-ACETYL-5-METHOXY-TRYPTAMINE	14125	HMDB	HMDB0001389_18_shen	Melatonin	inchikey	1	TRUE	TRUE	2.20001084016985e-09	5.50002710042463e-06
N-ACETYL-5-METHOXY-TRYPTAMINE	14126	HMDB	HMDB0001389_19_shen	Melatonin	inchikey	1	TRUE	TRUE	2.20001084016985e-09	5.50002710042463e-06
N-ACETYL-5-METHOXY-TRYPTAMINE	14127	HMDB	HMDB0001389_20_shen	Melatonin	inchikey	1	TRUE	TRUE	2.20001084016985e-09	5.50002710042463e-06
N-ACETYL-5-METHOXY-TRYPTAMINE	14128	HMDB	HMDB0001389_21_shen	Melatonin	inchikey	1	TRUE	TRUE	2.20001084016985e-09	5.50002710042463e-06
N-ACETYL-5-METHOXY-TRYPTAMINE	14129	HMDB	HMDB0001389_22_shen	Melatonin	inchikey	1	TRUE	TRUE	2.20001084016985e-09	5.50002710042463e-06
N-ACETYL-5-METHOXY-TRYPTAMINE	14130	HMDB	HMDB0001389_23_shen	Melatonin	inchikey	1	TRUE	TRUE	2.20001084016985e-09	5.50002710042463e-06
N-ACETYL-5-METHOXY-TRYPTAMINE	14131	HMDB	HMDB0001389_24_shen	Melatonin	inchikey	1	TRUE	TRUE	2.20001084016985e-09	5.50002710042463e-06
N-ACETYL-5-METHOXY-TRYPTAMINE	14132	HMDB	HMDB0001389_25_shen	Melatonin	inchikey	1	TRUE	TRUE	2.20001084016985e-09	5.50002710042463e-06
N-ACETYL-5-METHOXY-TRYPTAMINE	14133	HMDB	HMDB0001389_26_shen	Melatonin	inchikey	1	TRUE	TRUE	2.20001084016985e-09	5.50002710042463e-06
N-ACETYL-5-METHOXY-TRYPTAMINE	14134	HMDB	HMDB0001389_27_shen	Melatonin	inchikey	1	TRUE	TRUE	2.20001084016985e-09	5.50002710042463e-06
N-ACETYL-5-METHOXY-TRYPTAMINE	14135	HMDB	HMDB0001389_28_shen	Melatonin	inchikey	1	TRUE	TRUE	2.20001084016985e-09	5.50002710042463e-06
N-ACETYL-5-METHOXY-TRYPTAMINE	14136	HMDB	HMDB0001389_29_shen	Melatonin	inchikey	1	TRUE	TRUE	2.20001084016985e-09	5.50002710042463e-06
N-ACETYL-5-METHOXY-TRYPTAMINE	14137	HMDB	HMDB0001389_30_shen	Melatonin	inchikey	1	TRUE	TRUE	2.20001084016985e-09	5.50002710042463e-06
N-ACETYL-5-METHOXY-TRYPTAMINE	14138	HMDB	HMDB0001389_31_shen	Melatonin	inchikey	1	TRUE	TRUE	2.20001084016985e-09	5.50002710042463e-06
N-ACETYL-5-METHOXY-TRYPTAMINE	14139	HMDB	HMDB0001389_32_shen	Melatonin	inchikey	1	TRUE	TRUE	2.20001084016985e-09	5.50002710042463e-06
N-ACETYL-5-METHOXY-TRYPTAMINE	14140	HMDB	HMDB0001389_33_shen	Melatonin	inchikey	1	TRUE	TRUE	2.20001084016985e-09	5.50002710042463e-06
N-ACETYL-5-METHOXY-TRYPTAMINE	14141	HMDB	HMDB0001389_34_shen	Melatonin	inchikey	1	TRUE	TRUE	2.20001084016985e-09	5.50002710042463e-06
N-ACETYL-5-METHOXY-TRYPTAMINE	14142	HMDB	HMDB0001389_35_shen	Melatonin	inchikey	1	TRUE	TRUE	2.20001084016985e-09	5.50002710042463e-06
N-ACETYL-5-METHOXY-TRYPTAMINE	14143	HMDB	HMDB0001389_36_shen	Melatonin	inchikey	1	TRUE	TRUE	2.20001084016985e-09	5.50002710042463e-06
N-ACETYL-5-METHOXY-TRYPTAMINE	14144	HMDB	HMDB0001389_37_shen	Melatonin	inchikey	1	TRUE	TRUE	2.20001084016985e-09	5.50002710042463e-06
N-ACETYL-5-METHOXY-TRYPTAMINE	14145	HMDB	HMDB0001389_38_shen	Melatonin	inchikey	1	TRUE	TRUE	2.20001084016985e-09	5.50002710042463e-06
N-ACETYL-5-METHOXY-TRYPTAMINE	14146	HMDB	HMDB0001389_39_shen	Melatonin	inchikey	1	TRUE	TRUE	2.20001084016985e-09	5.50002710042463e-06
N-ACETYL-5-METHOXY-TRYPTAMINE	14147	HMDB	HMDB0001389_40_shen	Melatonin	inchikey	1	TRUE	TRUE	2.20001084016985e-09	5.50002710042463e-06
N-ACETYL-5-METHOXY-TRYPTAMINE	14148	HMDB	HMDB0001389_41_shen	Melatonin	inchikey	1	TRUE	TRUE	2.20001084016985e-09	5.50002710042463e-06
N-ACETYL-5-METHOXY-TRYPTAMINE	14149	HMDB	HMDB0001389_42_shen	Melatonin	inchikey	1	TRUE	TRUE	2.20001084016985e-09	5.50002710042463e-06
N-ACETYL-5-METHOXY-TRYPTAMINE	14150	HMDB	HMDB0001389_43_shen	Melatonin	inchikey	1	TRUE	TRUE	2.20001084016985e-09	5.50002710042463e-06
N-ACETYL-5-METHOXY-TRYPTAMINE	14151	HMDB	HMDB0001389_44_shen	Melatonin	inchikey	1	TRUE	TRUE	2.20001084016985e-09	5.50002710042463e-06
N-ACETYL-5-METHOXY-TRYPTAMINE	14152	HMDB	HMDB0001389_45_shen	Melatonin	inchikey	1	TRUE	TRUE	2.20001084016985e-09	5.50002710042463e-06
N-ACETYL-5-METHOXY-TRYPTAMINE	14153	HMDB	HMDB0001389_46_shen	Melatonin	inchikey	1	TRUE	TRUE	2.20001084016985e-09	5.50002710042463e-06
N-ACETYL-5-METHOXY-TRYPTAMINE	14154	HMDB	HMDB0001389_47_shen	Melatonin	inchikey	1	TRUE	TRUE	2.20001084016985e-09	5.50002710042463e-06
N-ACETYL-5-METHOXY-TRYPTAMINE	14155	HMDB	HMDB0001389_48_shen	Melatonin	inchikey	1	TRUE	TRUE	2.20001084016985e-09	5.50002710042463e-06
N-ACETYL-5-METHOXY-TRYPTAMINE	14156	HMDB	HMDB0001389_49_shen	Melatonin	inchikey	1	TRUE	TRUE	2.20001084016985e-09	5.50002710042463e-06
N-ACETYL-5-METHOXY-TRYPTAMINE	14157	HMDB	HMDB0001389_50_shen	Melatonin	inchikey	1	TRUE	TRUE	2.20001084016985e-09	5.50002710042463e-06
N-ACETYL-5-METHOXY-TRYPTAMINE	14158	HMDB	HMDB0001389_51_shen	Melatonin	inchikey	1	TRUE	TRUE	2.20001084016985e-09	5.50002710042463e-06
N-ACETYL-5-METHOXY-TRYPTAMINE	14159	HMDB	HMDB0001389_52_shen	Melatonin	inchikey	1	TRUE	TRUE	2.20001084016985e-09	5.50002710042463e-06
N-ACETYL-5-METHOXY-TRYPTAMINE	14160	HMDB	HMDB0001389_53_shen	Melatonin	inchikey	1	TRUE	TRUE	2.20001084016985e-09	5.50002710042463e-06
N-ACETYL-5-METHOXY-TRYPTAMINE	14161	HMDB	HMDB0001389_54_shen	Melatonin	inchikey	1	TRUE	TRUE	2.20001084016985e-09	5.50002710042463e-06
N-ACETYL-5-METHOXY-TRYPTAMINE	14162	HMDB	HMDB0001389_55_shen	Melatonin	inchikey	1	TRUE	TRUE	2.20001084016985e-09	5.50002710042463e-06
N-ACETYL-5-METHOXY-TRYPTAMINE	14163	HMDB	HMDB0001389_56_shen	Melatonin	inchikey	1	TRUE	TRUE	2.20001084016985e-09	5.50002710042463e-06
N-ACETYL-5-METHOXY-TRYPTAMINE	14164	HMDB	HMDB0001389_57_shen	Melatonin	inchikey	1	TRUE	TRUE	2.20001084016985e-09	5.50002710042463e-06
N-ACETYL-5-METHOXY-TRYPTAMINE	14165	HMDB	HMDB0001389_58_shen	Melatonin	inchikey	1	TRUE	TRUE	2.20001084016985e-09	5.50002710042463e-06
N-ACETYL-5-METHOXY-TRYPTAMINE	14166	HMDB	HMDB0001389_59_shen	Melatonin	inchikey	1	TRUE	TRUE	2.20001084016985e-09	5.50002710042463e-06
N-ACETYL-5-METHOXY-TRYPTAMINE	14167	HMDB	HMDB0001389_60_shen	Melatonin	inchikey	1	TRUE	TRUE	2.20001084016985e-09	5.50002710042463e-06
N-ACETYL-5-METHOXY-TRYPTAMINE	14168	HMDB	HMDB0001389_61_shen	Melatonin	inchikey	1	TRUE	TRUE	2.20001084016985e-09	5.50002710042463e-06
N-ACETYL-5-METHOXY-TRYPTAMINE	14169	HMDB	HMDB0001389_62_shen	Melatonin	inchikey	1	TRUE	TRUE	2.20001084016985e-09	5.50002710042463e-06
N-ACETYL-5-METHOXY-TRYPTAMINE	14170	HMDB	HMDB0001389_63_shen	Melatonin	inchikey	1	TRUE	TRUE	2.20001084016985e-09	5.50002710042463e-06
N-ACETYL-5-METHOXY-TRYPTAMINE	14171	HMDB	HMDB0001389_64_shen	Melatonin	inchikey	1	TRUE	TRUE	2.20001084016985e-09	5.50002710042463e-06
N-ACETYL-5-METHOXY-TRYPTAMINE	14172	HMDB	HMDB0001389_65_shen	Melatonin	inchikey	1	TRUE	TRUE	2.20001084016985e-09	5.50002710042463e-06
N-ACETYL-5-METHOXY-TRYPTAMINE	14173	HMDB	HMDB0001389_66_shen	Melatonin	inchikey	1	TRUE	TRUE	2.20001084016985e-09	5.50002710042463e-06
N-ACETYL-5-METHOXY-TRYPTAMINE	14174	HMDB	HMDB0001389_67_shen	Melatonin	inchikey	1	TRUE	TRUE	2.20001084016985e-09	5.50002710042463e-06
N-ACETYL-5-METHOXY-TRYPTAMINE	14175	HMDB	HMDB0001389_68_shen	Melatonin	inchikey	1	TRUE	TRUE	2.20001084016985e-09	5.50002710042463e-06
N-ACETYL-5-METHOXY-TRYPTAMINE	14176	HMDB	HMDB0001389_69_shen	Melatonin	inchikey	1	TRUE	TRUE	2.20001084016985e-09	5.50002710042463e-06
N-ACETYL-5-METHOXY-TRYPTAMINE	14177	HMDB	HMDB0001389_70_shen	Melatonin	inchikey	1	TRUE	TRUE	2.20001084016985e-09	5.50002710042463e-06
N-ACETYL-5-METHOXY-TRYPTAMINE	14178	HMDB	HMDB0001389_71_shen	Melatonin	inchikey	1	TRUE	TRUE	2.20001084016985e-09	5.50002710042463e-06
N-ACETYL-5-METHOXY-TRYPTAMINE	14179	HMDB	HMDB0001389_72_shen	Melatonin	inchikey	1	TRUE	TRUE	2.20001084016985e-09	5.50002710042463e-06
N-ACETYL-5-METHOXY-TRYPTAMINE	14180	HMDB	HMDB0001389_73_shen	Melatonin	inchikey	1	TRUE	TRUE	2.20001084016985e-09	5.50002710042463e-06
N-ACETYL-5-METHOXY-TRYPTAMINE	14181	HMDB	HMDB0001389_74_shen	Melatonin	inchikey	1	TRUE	TRUE	2.20001084016985e-09	5.50002710042463e-06
N-ACETYL-5-METHOXY-TRYPTAMINE	14182	HMDB	HMDB0001389_75_shen	Melatonin	inchikey	1	TRUE	TRUE	2.20001084016985e-09	5.50002710042463e-06
N-ACETYL-5-METHOXY-TRYPTAMINE	14183	HMDB	HMDB0001389_76_shen	Melatonin	inchikey	1	TRUE	TRUE	2.20001084016985e-09	5.50002710042463e-06
N-ACETYL-5-METHOXY-TRYPTAMINE	14184	HMDB	HMDB0001389_77_shen	Melatonin	inchikey	1	TRUE	TRUE	2.20001084016985e-09	5.50002710042463e-06
N-ACETYL-5-METHOXY-TRYPTAMINE	14185	HMDB	HMDB0001389_78_shen	Melatonin	inchikey	1	TRUE	TRUE	2.20001084016985e-09	5.50002710042463e-06
N-ACETYL-5-METHOXY-TRYPTAMINE	14186	HMDB	HMDB0001389_79_shen	Melatonin	inchikey	1	TRUE	TRUE	2.20001084016985e-09	5.50002710042463e-06
N-ACETYL-5-METHOXY-TRYPTAMINE	14187	HMDB	HMDB0001389_80_shen	Melatonin	inchikey	1	TRUE	TRUE	2.20001084016985e-09	5.50002710042463e-06
N-ACETYL-5-METHOXY-TRYPTAMINE	14188	HMDB	HMDB0001389_81_shen	Melatonin	inchikey	1	TRUE	TRUE	2.20001084016985e-09	5.50002710042463e-06
N-ACETYL-5-METHOXY-TRYPTAMINE	14189	HMDB	HMDB0001389_82_shen	Melatonin	inchikey	1	TRUE	TRUE	2.20001084016985e-09	5.50002710042463e-06
N-ACETYL-5-METHOXY-TRYPTAMINE	14190	HMDB	HMDB0001389_83_shen	Melatonin	inchikey	1	TRUE	TRUE	2.20001084016985e-09	5.50002710042463e-06
N-ACETYL-5-METHOXY-TRYPTAMINE	14191	HMDB	HMDB0001389_84_shen	Melatonin	inchikey	1	TRUE	TRUE	2.20001084016985e-09	5.50002710042463e-06
N-ACETYL-5-METHOXY-TRYPTAMINE	14192	HMDB	HMDB0001389_85_shen	Melatonin	inchikey	1	TRUE	TRUE	2.20001084016985e-09	5.50002710042463e-06
N-ACETYL-5-METHOXY-TRYPTAMINE	14193	HMDB	HMDB0001389_86_shen	Melatonin	inchikey	1	TRUE	TRUE	2.20001084016985e-09	5.50002710042463e-06
P-AMINO-BENZOATE	14200	HMDB	HMDB0001392_1_shen	p-Aminobenzoic acid	inchikey_connectivity_formula_mass	2	FALSE	TRUE	1.10000542008493e-09	2.75001355021232e-06
P-AMINO-BENZOATE	14201	HMDB	HMDB0001392_2_shen	p-Aminobenzoic acid	inchikey_connectivity_formula_mass	2	FALSE	TRUE	1.10000542008493e-09	2.75001355021232e-06
P-AMINO-BENZOATE	14202	HMDB	HMDB0001392_3_shen	p-Aminobenzoic acid	inchikey_connectivity_formula_mass	2	FALSE	TRUE	1.10000542008493e-09	2.75001355021232e-06
P-AMINO-BENZOATE	14203	HMDB	HMDB0001392_4_shen	p-Aminobenzoic acid	inchikey_connectivity_formula_mass	2	FALSE	TRUE	1.10000542008493e-09	2.75001355021232e-06
P-AMINO-BENZOATE	14204	HMDB	HMDB0001392_5_shen	p-Aminobenzoic acid	inchikey_connectivity_formula_mass	2	FALSE	TRUE	1.10000542008493e-09	2.75001355021232e-06
P-AMINO-BENZOATE	14205	HMDB	HMDB0001392_6_shen	p-Aminobenzoic acid	inchikey_connectivity_formula_mass	2	FALSE	TRUE	1.10000542008493e-09	2.75001355021232e-06
P-AMINO-BENZOATE	14206	HMDB	HMDB0001392_7_shen	p-Aminobenzoic acid	inchikey_connectivity_formula_mass	2	FALSE	TRUE	1.10000542008493e-09	2.75001355021232e-06
P-AMINO-BENZOATE	14207	HMDB	HMDB0001392_8_shen	p-Aminobenzoic acid	inchikey_connectivity_formula_mass	2	FALSE	TRUE	1.10000542008493e-09	2.75001355021232e-06
P-AMINO-BENZOATE	14208	HMDB	HMDB0001392_9_shen	p-Aminobenzoic acid	inchikey_connectivity_formula_mass	2	FALSE	TRUE	1.10000542008493e-09	2.75001355021232e-06
P-AMINO-BENZOATE	14209	HMDB	HMDB0001392_10_shen	p-Aminobenzoic acid	inchikey_connectivity_formula_mass	2	FALSE	TRUE	1.10000542008493e-09	2.75001355021232e-06
P-AMINO-BENZOATE	14210	HMDB	HMDB0001392_11_shen	p-Aminobenzoic acid	inchikey_connectivity_formula_mass	2	FALSE	TRUE	1.10000542008493e-09	2.75001355021232e-06
P-AMINO-BENZOATE	14211	HMDB	HMDB0001392_12_shen	p-Aminobenzoic acid	inchikey_connectivity_formula_mass	2	FALSE	TRUE	1.10000542008493e-09	2.75001355021232e-06
P-AMINO-BENZOATE	14212	HMDB	HMDB0001392_13_shen	p-Aminobenzoic acid	inchikey_connectivity_formula_mass	2	FALSE	TRUE	1.10000542008493e-09	2.75001355021232e-06
P-AMINO-BENZOATE	14213	HMDB	HMDB0001392_14_shen	p-Aminobenzoic acid	inchikey_connectivity_formula_mass	2	FALSE	TRUE	1.10000542008493e-09	2.75001355021232e-06
P-AMINO-BENZOATE	14214	HMDB	HMDB0001392_15_shen	p-Aminobenzoic acid	inchikey_connectivity_formula_mass	2	FALSE	TRUE	1.10000542008493e-09	2.75001355021232e-06
P-AMINO-BENZOATE	14215	HMDB	HMDB0001392_16_shen	p-Aminobenzoic acid	inchikey_connectivity_formula_mass	2	FALSE	TRUE	1.10000542008493e-09	2.75001355021232e-06
P-AMINO-BENZOATE	14216	HMDB	HMDB0001392_17_shen	p-Aminobenzoic acid	inchikey_connectivity_formula_mass	2	FALSE	TRUE	1.10000542008493e-09	2.75001355021232e-06
P-AMINO-BENZOATE	14217	HMDB	HMDB0001392_18_shen	p-Aminobenzoic acid	inchikey_connectivity_formula_mass	2	FALSE	TRUE	1.10000542008493e-09	2.75001355021232e-06
P-AMINO-BENZOATE	14218	HMDB	HMDB0001392_19_shen	p-Aminobenzoic acid	inchikey_connectivity_formula_mass	2	FALSE	TRUE	1.10000542008493e-09	2.75001355021232e-06
P-AMINO-BENZOATE	14219	HMDB	HMDB0001392_20_shen	p-Aminobenzoic acid	inchikey_connectivity_formula_mass	2	FALSE	TRUE	1.10000542008493e-09	2.75001355021232e-06
P-AMINO-BENZOATE	14220	HMDB	HMDB0001392_21_shen	p-Aminobenzoic acid	inchikey_connectivity_formula_mass	2	FALSE	TRUE	1.10000542008493e-09	2.75001355021232e-06
P-AMINO-BENZOATE	14221	HMDB	HMDB0001392_22_shen	p-Aminobenzoic acid	inchikey_connectivity_formula_mass	2	FALSE	TRUE	1.10000542008493e-09	2.75001355021232e-06
P-AMINO-BENZOATE	14222	HMDB	HMDB0001392_23_shen	p-Aminobenzoic acid	inchikey_connectivity_formula_mass	2	FALSE	TRUE	1.10000542008493e-09	2.75001355021232e-06
P-AMINO-BENZOATE	14223	HMDB	HMDB0001392_24_shen	p-Aminobenzoic acid	inchikey_connectivity_formula_mass	2	FALSE	TRUE	1.10000542008493e-09	2.75001355021232e-06
P-AMINO-BENZOATE	14224	HMDB	HMDB0001392_25_shen	p-Aminobenzoic acid	inchikey_connectivity_formula_mass	2	FALSE	TRUE	1.10000542008493e-09	2.75001355021232e-06
P-AMINO-BENZOATE	14225	HMDB	HMDB0001392_26_shen	p-Aminobenzoic acid	inchikey_connectivity_formula_mass	2	FALSE	TRUE	1.10000542008493e-09	2.75001355021232e-06
P-AMINO-BENZOATE	14226	HMDB	HMDB0001392_27_shen	p-Aminobenzoic acid	inchikey_connectivity_formula_mass	2	FALSE	TRUE	1.10000542008493e-09	2.75001355021232e-06
P-AMINO-BENZOATE	14227	HMDB	HMDB0001392_28_shen	p-Aminobenzoic acid	inchikey_connectivity_formula_mass	2	FALSE	TRUE	1.10000542008493e-09	2.75001355021232e-06
P-AMINO-BENZOATE	14228	HMDB	HMDB0001392_29_shen	p-Aminobenzoic acid	inchikey_connectivity_formula_mass	2	FALSE	TRUE	1.10000542008493e-09	2.75001355021232e-06
P-AMINO-BENZOATE	14229	HMDB	HMDB0001392_30_shen	p-Aminobenzoic acid	inchikey_connectivity_formula_mass	2	FALSE	TRUE	1.10000542008493e-09	2.75001355021232e-06
P-AMINO-BENZOATE	14230	HMDB	HMDB0001392_31_shen	p-Aminobenzoic acid	inchikey_connectivity_formula_mass	2	FALSE	TRUE	1.10000542008493e-09	2.75001355021232e-06
P-AMINO-BENZOATE	14231	HMDB	HMDB0001392_32_shen	p-Aminobenzoic acid	inchikey_connectivity_formula_mass	2	FALSE	TRUE	1.10000542008493e-09	2.75001355021232e-06
P-AMINO-BENZOATE	14232	HMDB	HMDB0001392_33_shen	p-Aminobenzoic acid	inchikey_connectivity_formula_mass	2	FALSE	TRUE	1.10000542008493e-09	2.75001355021232e-06
P-AMINO-BENZOATE	14233	HMDB	HMDB0001392_34_shen	p-Aminobenzoic acid	inchikey_connectivity_formula_mass	2	FALSE	TRUE	1.10000542008493e-09	2.75001355021232e-06
P-AMINO-BENZOATE	14234	HMDB	HMDB0001392_35_shen	p-Aminobenzoic acid	inchikey_connectivity_formula_mass	2	FALSE	TRUE	1.10000542008493e-09	2.75001355021232e-06
P-AMINO-BENZOATE	14235	HMDB	HMDB0001392_36_shen	p-Aminobenzoic acid	inchikey_connectivity_formula_mass	2	FALSE	TRUE	1.10000542008493e-09	2.75001355021232e-06
P-AMINO-BENZOATE	14236	HMDB	HMDB0001392_37_shen	p-Aminobenzoic acid	inchikey_connectivity_formula_mass	2	FALSE	TRUE	1.10000542008493e-09	2.75001355021232e-06
P-AMINO-BENZOATE	14237	HMDB	HMDB0001392_38_shen	p-Aminobenzoic acid	inchikey_connectivity_formula_mass	2	FALSE	TRUE	1.10000542008493e-09	2.75001355021232e-06
P-AMINO-BENZOATE	14238	HMDB	HMDB0001392_39_shen	p-Aminobenzoic acid	inchikey_connectivity_formula_mass	2	FALSE	TRUE	1.10000542008493e-09	2.75001355021232e-06
P-AMINO-BENZOATE	14239	HMDB	HMDB0001392_40_shen	p-Aminobenzoic acid	inchikey_connectivity_formula_mass	2	FALSE	TRUE	1.10000542008493e-09	2.75001355021232e-06
P-AMINO-BENZOATE	14240	HMDB	HMDB0001392_41_shen	p-Aminobenzoic acid	inchikey_connectivity_formula_mass	2	FALSE	TRUE	1.10000542008493e-09	2.75001355021232e-06
P-AMINO-BENZOATE	14241	HMDB	HMDB0001392_42_shen	p-Aminobenzoic acid	inchikey_connectivity_formula_mass	2	FALSE	TRUE	1.10000542008493e-09	2.75001355021232e-06
P-AMINO-BENZOATE	14242	HMDB	HMDB0001392_43_shen	p-Aminobenzoic acid	inchikey_connectivity_formula_mass	2	FALSE	TRUE	1.10000542008493e-09	2.75001355021232e-06
P-AMINO-BENZOATE	14243	HMDB	HMDB0001392_44_shen	p-Aminobenzoic acid	inchikey_connectivity_formula_mass	2	FALSE	TRUE	1.10000542008493e-09	2.75001355021232e-06
P-AMINO-BENZOATE	14244	HMDB	HMDB0001392_45_shen	p-Aminobenzoic acid	inchikey_connectivity_formula_mass	2	FALSE	TRUE	1.10000542008493e-09	2.75001355021232e-06
P-AMINO-BENZOATE	14245	HMDB	HMDB0001392_46_shen	p-Aminobenzoic acid	inchikey_connectivity_formula_mass	2	FALSE	TRUE	1.10000542008493e-09	2.75001355021232e-06
P-AMINO-BENZOATE	14246	HMDB	HMDB0001392_47_shen	p-Aminobenzoic acid	inchikey_connectivity_formula_mass	2	FALSE	TRUE	1.10000542008493e-09	2.75001355021232e-06
P-AMINO-BENZOATE	14247	HMDB	HMDB0001392_48_shen	p-Aminobenzoic acid	inchikey_connectivity_formula_mass	2	FALSE	TRUE	1.10000542008493e-09	2.75001355021232e-06
P-AMINO-BENZOATE	14248	HMDB	HMDB0001392_49_shen	p-Aminobenzoic acid	inchikey_connectivity_formula_mass	2	FALSE	TRUE	1.10000542008493e-09	2.75001355021232e-06
P-AMINO-BENZOATE	14249	HMDB	HMDB0001392_50_shen	p-Aminobenzoic acid	inchikey_connectivity_formula_mass	2	FALSE	TRUE	1.10000542008493e-09	2.75001355021232e-06
P-AMINO-BENZOATE	14250	HMDB	HMDB0001392_51_shen	p-Aminobenzoic acid	inchikey_connectivity_formula_mass	2	FALSE	TRUE	1.10000542008493e-09	2.75001355021232e-06
P-AMINO-BENZOATE	14251	HMDB	HMDB0001392_52_shen	p-Aminobenzoic acid	inchikey_connectivity_formula_mass	2	FALSE	TRUE	1.10000542008493e-09	2.75001355021232e-06
D-glucopyranose-6-phosphate	14276	HMDB	HMDB0001401_1_shen	Glucose 6-phosphate	inchikey_connectivity_formula_mass	2	FALSE	TRUE	1.99975147552323e-10	4.99937868880806e-07
D-glucopyranose-6-phosphate	14277	HMDB	HMDB0001401_2_shen	Glucose 6-phosphate	inchikey_connectivity_formula_mass	2	FALSE	TRUE	1.99975147552323e-10	4.99937868880806e-07
D-glucopyranose-6-phosphate	14278	HMDB	HMDB0001401_3_shen	Glucose 6-phosphate	inchikey_connectivity_formula_mass	2	FALSE	TRUE	1.99975147552323e-10	4.99937868880806e-07
D-glucopyranose-6-phosphate	14279	HMDB	HMDB0001401_4_shen	Glucose 6-phosphate	inchikey_connectivity_formula_mass	2	FALSE	TRUE	1.99975147552323e-10	4.99937868880806e-07
D-glucopyranose-6-phosphate	14280	HMDB	HMDB0001401_5_shen	Glucose 6-phosphate	inchikey_connectivity_formula_mass	2	FALSE	TRUE	1.99975147552323e-10	4.99937868880806e-07
D-glucopyranose-6-phosphate	14281	HMDB	HMDB0001401_6_shen	Glucose 6-phosphate	inchikey_connectivity_formula_mass	2	FALSE	TRUE	1.99975147552323e-10	4.99937868880806e-07
D-glucopyranose-6-phosphate	14282	HMDB	HMDB0001401_7_shen	Glucose 6-phosphate	inchikey_connectivity_formula_mass	2	FALSE	TRUE	1.99975147552323e-10	4.99937868880806e-07
D-glucopyranose-6-phosphate	14283	HMDB	HMDB0001401_8_shen	Glucose 6-phosphate	inchikey_connectivity_formula_mass	2	FALSE	TRUE	1.99975147552323e-10	4.99937868880806e-07
D-glucopyranose-6-phosphate	14284	HMDB	HMDB0001401_9_shen	Glucose 6-phosphate	inchikey_connectivity_formula_mass	2	FALSE	TRUE	1.99975147552323e-10	4.99937868880806e-07
D-glucopyranose-6-phosphate	14285	HMDB	HMDB0001401_10_shen	Glucose 6-phosphate	inchikey_connectivity_formula_mass	2	FALSE	TRUE	1.99975147552323e-10	4.99937868880806e-07
D-glucopyranose-6-phosphate	14286	HMDB	HMDB0001401_11_shen	Glucose 6-phosphate	inchikey_connectivity_formula_mass	2	FALSE	TRUE	1.99975147552323e-10	4.99937868880806e-07
D-glucopyranose-6-phosphate	14287	HMDB	HMDB0001401_12_shen	Glucose 6-phosphate	inchikey_connectivity_formula_mass	2	FALSE	TRUE	1.99975147552323e-10	4.99937868880806e-07
D-glucopyranose-6-phosphate	14288	HMDB	HMDB0001401_13_shen	Glucose 6-phosphate	inchikey_connectivity_formula_mass	2	FALSE	TRUE	1.99975147552323e-10	4.99937868880806e-07
D-glucopyranose-6-phosphate	14289	HMDB	HMDB0001401_14_shen	Glucose 6-phosphate	inchikey_connectivity_formula_mass	2	FALSE	TRUE	1.99975147552323e-10	4.99937868880806e-07
D-glucopyranose-6-phosphate	14290	HMDB	HMDB0001401_15_shen	Glucose 6-phosphate	inchikey_connectivity_formula_mass	2	FALSE	TRUE	1.99975147552323e-10	4.99937868880806e-07
D-glucopyranose-6-phosphate	14291	HMDB	HMDB0001401_16_shen	Glucose 6-phosphate	inchikey_connectivity_formula_mass	2	FALSE	TRUE	1.99975147552323e-10	4.99937868880806e-07
D-glucopyranose-6-phosphate	14292	HMDB	HMDB0001401_17_shen	Glucose 6-phosphate	inchikey_connectivity_formula_mass	2	FALSE	TRUE	1.99975147552323e-10	4.99937868880806e-07
D-glucopyranose-6-phosphate	14293	HMDB	HMDB0001401_18_shen	Glucose 6-phosphate	inchikey_connectivity_formula_mass	2	FALSE	TRUE	1.99975147552323e-10	4.99937868880806e-07
D-glucopyranose-6-phosphate	14294	HMDB	HMDB0001401_19_shen	Glucose 6-phosphate	inchikey_connectivity_formula_mass	2	FALSE	TRUE	1.99975147552323e-10	4.99937868880806e-07
D-glucopyranose-6-phosphate	14295	HMDB	HMDB0001401_20_shen	Glucose 6-phosphate	inchikey_connectivity_formula_mass	2	FALSE	TRUE	1.99975147552323e-10	4.99937868880806e-07
D-glucopyranose-6-phosphate	14296	HMDB	HMDB0001401_21_shen	Glucose 6-phosphate	inchikey_connectivity_formula_mass	2	FALSE	TRUE	1.99975147552323e-10	4.99937868880806e-07
D-glucopyranose-6-phosphate	14297	HMDB	HMDB0001401_22_shen	Glucose 6-phosphate	inchikey_connectivity_formula_mass	2	FALSE	TRUE	1.99975147552323e-10	4.99937868880806e-07
D-glucopyranose-6-phosphate	14298	HMDB	HMDB0001401_23_shen	Glucose 6-phosphate	inchikey_connectivity_formula_mass	2	FALSE	TRUE	1.99975147552323e-10	4.99937868880806e-07
D-glucopyranose-6-phosphate	14299	HMDB	HMDB0001401_24_shen	Glucose 6-phosphate	inchikey_connectivity_formula_mass	2	FALSE	TRUE	1.99975147552323e-10	4.99937868880806e-07
D-glucopyranose-6-phosphate	14300	HMDB	HMDB0001401_25_shen	Glucose 6-phosphate	inchikey_connectivity_formula_mass	2	FALSE	TRUE	1.99975147552323e-10	4.99937868880806e-07
D-glucopyranose-6-phosphate	14301	HMDB	HMDB0001401_26_shen	Glucose 6-phosphate	inchikey_connectivity_formula_mass	2	FALSE	TRUE	1.99975147552323e-10	4.99937868880806e-07
D-glucopyranose-6-phosphate	14302	HMDB	HMDB0001401_27_shen	Glucose 6-phosphate	inchikey_connectivity_formula_mass	2	FALSE	TRUE	1.99975147552323e-10	4.99937868880806e-07
D-glucopyranose-6-phosphate	14303	HMDB	HMDB0001401_28_shen	Glucose 6-phosphate	inchikey_connectivity_formula_mass	2	FALSE	TRUE	1.99975147552323e-10	4.99937868880806e-07
D-glucopyranose-6-phosphate	14304	HMDB	HMDB0001401_29_shen	Glucose 6-phosphate	inchikey_connectivity_formula_mass	2	FALSE	TRUE	1.99975147552323e-10	4.99937868880806e-07
D-glucopyranose-6-phosphate	14305	HMDB	HMDB0001401_30_shen	Glucose 6-phosphate	inchikey_connectivity_formula_mass	2	FALSE	TRUE	1.99975147552323e-10	4.99937868880806e-07
D-glucopyranose-6-phosphate	14306	HMDB	HMDB0001401_31_shen	Glucose 6-phosphate	inchikey_connectivity_formula_mass	2	FALSE	TRUE	1.99975147552323e-10	4.99937868880806e-07
D-glucopyranose-6-phosphate	14307	HMDB	HMDB0001401_32_shen	Glucose 6-phosphate	inchikey_connectivity_formula_mass	2	FALSE	TRUE	1.99975147552323e-10	4.99937868880806e-07
D-glucopyranose-6-phosphate	14308	HMDB	HMDB0001401_33_shen	Glucose 6-phosphate	inchikey_connectivity_formula_mass	2	FALSE	TRUE	1.99975147552323e-10	4.99937868880806e-07
D-glucopyranose-6-phosphate	14309	HMDB	HMDB0001401_34_shen	Glucose 6-phosphate	inchikey_connectivity_formula_mass	2	FALSE	TRUE	1.99975147552323e-10	4.99937868880806e-07
D-glucopyranose-6-phosphate	14310	HMDB	HMDB0001401_35_shen	Glucose 6-phosphate	inchikey_connectivity_formula_mass	2	FALSE	TRUE	1.99975147552323e-10	4.99937868880806e-07
D-glucopyranose-6-phosphate	14311	HMDB	HMDB0001401_36_shen	Glucose 6-phosphate	inchikey_connectivity_formula_mass	2	FALSE	TRUE	1.99975147552323e-10	4.99937868880806e-07
D-glucopyranose-6-phosphate	14312	HMDB	HMDB0001401_37_shen	Glucose 6-phosphate	inchikey_connectivity_formula_mass	2	FALSE	TRUE	1.99975147552323e-10	4.99937868880806e-07
NIACINAMIDE	14332	HMDB	HMDB0001406_1_shen	Niacinamide	inchikey	1	TRUE	TRUE	1.10000542008493e-09	2.75001355021232e-06
NIACINAMIDE	14333	HMDB	HMDB0001406_2_shen	Niacinamide	inchikey	1	TRUE	TRUE	1.10000542008493e-09	2.75001355021232e-06
NIACINAMIDE	14334	HMDB	HMDB0001406_3_shen	Niacinamide	inchikey	1	TRUE	TRUE	1.10000542008493e-09	2.75001355021232e-06
NIACINAMIDE	14335	HMDB	HMDB0001406_4_shen	Niacinamide	inchikey	1	TRUE	TRUE	1.10000542008493e-09	2.75001355021232e-06
NIACINAMIDE	14336	HMDB	HMDB0001406_5_shen	Niacinamide	inchikey	1	TRUE	TRUE	1.10000542008493e-09	2.75001355021232e-06
NIACINAMIDE	14337	HMDB	HMDB0001406_6_shen	Niacinamide	inchikey	1	TRUE	TRUE	1.10000542008493e-09	2.75001355021232e-06
NIACINAMIDE	14338	HMDB	HMDB0001406_7_shen	Niacinamide	inchikey	1	TRUE	TRUE	1.10000542008493e-09	2.75001355021232e-06
NIACINAMIDE	14339	HMDB	HMDB0001406_8_shen	Niacinamide	inchikey	1	TRUE	TRUE	1.10000542008493e-09	2.75001355021232e-06
NIACINAMIDE	14340	HMDB	HMDB0001406_9_shen	Niacinamide	inchikey	1	TRUE	TRUE	1.10000542008493e-09	2.75001355021232e-06
NIACINAMIDE	14341	HMDB	HMDB0001406_10_shen	Niacinamide	inchikey	1	TRUE	TRUE	1.10000542008493e-09	2.75001355021232e-06
NIACINAMIDE	14342	HMDB	HMDB0001406_11_shen	Niacinamide	inchikey	1	TRUE	TRUE	1.10000542008493e-09	2.75001355021232e-06
NIACINAMIDE	14343	HMDB	HMDB0001406_12_shen	Niacinamide	inchikey	1	TRUE	TRUE	1.10000542008493e-09	2.75001355021232e-06
NIACINAMIDE	14344	HMDB	HMDB0001406_13_shen	Niacinamide	inchikey	1	TRUE	TRUE	1.10000542008493e-09	2.75001355021232e-06
NIACINAMIDE	14345	HMDB	HMDB0001406_14_shen	Niacinamide	inchikey	1	TRUE	TRUE	1.10000542008493e-09	2.75001355021232e-06
NIACINAMIDE	14346	HMDB	HMDB0001406_15_shen	Niacinamide	inchikey	1	TRUE	TRUE	1.10000542008493e-09	2.75001355021232e-06
NIACINAMIDE	14347	HMDB	HMDB0001406_16_shen	Niacinamide	inchikey	1	TRUE	TRUE	1.10000542008493e-09	2.75001355021232e-06
NIACINAMIDE	14348	HMDB	HMDB0001406_17_shen	Niacinamide	inchikey	1	TRUE	TRUE	1.10000542008493e-09	2.75001355021232e-06
NIACINAMIDE	14349	HMDB	HMDB0001406_18_shen	Niacinamide	inchikey	1	TRUE	TRUE	1.10000542008493e-09	2.75001355021232e-06
NIACINAMIDE	14350	HMDB	HMDB0001406_19_shen	Niacinamide	inchikey	1	TRUE	TRUE	1.10000542008493e-09	2.75001355021232e-06
NIACINAMIDE	14351	HMDB	HMDB0001406_20_shen	Niacinamide	inchikey	1	TRUE	TRUE	1.10000542008493e-09	2.75001355021232e-06
NIACINAMIDE	14352	HMDB	HMDB0001406_21_shen	Niacinamide	inchikey	1	TRUE	TRUE	1.10000542008493e-09	2.75001355021232e-06
NIACINAMIDE	14353	HMDB	HMDB0001406_22_shen	Niacinamide	inchikey	1	TRUE	TRUE	1.10000542008493e-09	2.75001355021232e-06
NIACINAMIDE	14354	HMDB	HMDB0001406_23_shen	Niacinamide	inchikey	1	TRUE	TRUE	1.10000542008493e-09	2.75001355021232e-06
NIACINAMIDE	14355	HMDB	HMDB0001406_24_shen	Niacinamide	inchikey	1	TRUE	TRUE	1.10000542008493e-09	2.75001355021232e-06
NIACINAMIDE	14356	HMDB	HMDB0001406_25_shen	Niacinamide	inchikey	1	TRUE	TRUE	1.10000542008493e-09	2.75001355021232e-06
NIACINAMIDE	14357	HMDB	HMDB0001406_26_shen	Niacinamide	inchikey	1	TRUE	TRUE	1.10000542008493e-09	2.75001355021232e-06
NIACINAMIDE	14358	HMDB	HMDB0001406_27_shen	Niacinamide	inchikey	1	TRUE	TRUE	1.10000542008493e-09	2.75001355021232e-06
NIACINAMIDE	14359	HMDB	HMDB0001406_28_shen	Niacinamide	inchikey	1	TRUE	TRUE	1.10000542008493e-09	2.75001355021232e-06
NIACINAMIDE	14360	HMDB	HMDB0001406_29_shen	Niacinamide	inchikey	1	TRUE	TRUE	1.10000542008493e-09	2.75001355021232e-06
NIACINAMIDE	14361	HMDB	HMDB0001406_30_shen	Niacinamide	inchikey	1	TRUE	TRUE	1.10000542008493e-09	2.75001355021232e-06
NIACINAMIDE	14362	HMDB	HMDB0001406_31_shen	Niacinamide	inchikey	1	TRUE	TRUE	1.10000542008493e-09	2.75001355021232e-06
NIACINAMIDE	14363	HMDB	HMDB0001406_32_shen	Niacinamide	inchikey	1	TRUE	TRUE	1.10000542008493e-09	2.75001355021232e-06
NIACINAMIDE	14364	HMDB	HMDB0001406_33_shen	Niacinamide	inchikey	1	TRUE	TRUE	1.10000542008493e-09	2.75001355021232e-06
NIACINAMIDE	14365	HMDB	HMDB0001406_34_shen	Niacinamide	inchikey	1	TRUE	TRUE	1.10000542008493e-09	2.75001355021232e-06
NIACINAMIDE	14366	HMDB	HMDB0001406_35_shen	Niacinamide	inchikey	1	TRUE	TRUE	1.10000542008493e-09	2.75001355021232e-06
NIACINAMIDE	14367	HMDB	HMDB0001406_36_shen	Niacinamide	inchikey	1	TRUE	TRUE	1.10000542008493e-09	2.75001355021232e-06
NIACINAMIDE	14368	HMDB	HMDB0001406_37_shen	Niacinamide	inchikey	1	TRUE	TRUE	1.10000542008493e-09	2.75001355021232e-06
NIACINAMIDE	14369	HMDB	HMDB0001406_38_shen	Niacinamide	inchikey	1	TRUE	TRUE	1.10000542008493e-09	2.75001355021232e-06
NIACINAMIDE	14370	HMDB	HMDB0001406_39_shen	Niacinamide	inchikey	1	TRUE	TRUE	1.10000542008493e-09	2.75001355021232e-06
NIACINAMIDE	14371	HMDB	HMDB0001406_40_shen	Niacinamide	inchikey	1	TRUE	TRUE	1.10000542008493e-09	2.75001355021232e-06
NIACINAMIDE	14372	HMDB	HMDB0001406_41_shen	Niacinamide	inchikey	1	TRUE	TRUE	1.10000542008493e-09	2.75001355021232e-06
NIACINAMIDE	14373	HMDB	HMDB0001406_42_shen	Niacinamide	inchikey	1	TRUE	TRUE	1.10000542008493e-09	2.75001355021232e-06
NIACINAMIDE	14374	HMDB	HMDB0001406_43_shen	Niacinamide	inchikey	1	TRUE	TRUE	1.10000542008493e-09	2.75001355021232e-06
NIACINAMIDE	14375	HMDB	HMDB0001406_44_shen	Niacinamide	inchikey	1	TRUE	TRUE	1.10000542008493e-09	2.75001355021232e-06
NIACINAMIDE	14376	HMDB	HMDB0001406_45_shen	Niacinamide	inchikey	1	TRUE	TRUE	1.10000542008493e-09	2.75001355021232e-06
NIACINAMIDE	14377	HMDB	HMDB0001406_46_shen	Niacinamide	inchikey	1	TRUE	TRUE	1.10000542008493e-09	2.75001355021232e-06
NIACINAMIDE	14378	HMDB	HMDB0001406_47_shen	Niacinamide	inchikey	1	TRUE	TRUE	1.10000542008493e-09	2.75001355021232e-06
NIACINAMIDE	14379	HMDB	HMDB0001406_48_shen	Niacinamide	inchikey	1	TRUE	TRUE	1.10000542008493e-09	2.75001355021232e-06
NIACINAMIDE	14380	HMDB	HMDB0001406_49_shen	Niacinamide	inchikey	1	TRUE	TRUE	1.10000542008493e-09	2.75001355021232e-06
NIACINAMIDE	14381	HMDB	HMDB0001406_50_shen	Niacinamide	inchikey	1	TRUE	TRUE	1.10000542008493e-09	2.75001355021232e-06
NIACINAMIDE	14382	HMDB	HMDB0001406_51_shen	Niacinamide	inchikey	1	TRUE	TRUE	1.10000542008493e-09	2.75001355021232e-06
DUMP	14383	HMDB	HMDB0001409_1_shen	dUMP	inchikey_connectivity_formula_mass	2	FALSE	TRUE	4.99994712299667e-10	1.24998678074917e-06
DUMP	14384	HMDB	HMDB0001409_2_shen	dUMP	inchikey_connectivity_formula_mass	2	FALSE	TRUE	4.99994712299667e-10	1.24998678074917e-06
DUMP	14385	HMDB	HMDB0001409_3_shen	dUMP	inchikey_connectivity_formula_mass	2	FALSE	TRUE	4.99994712299667e-10	1.24998678074917e-06
DUMP	14386	HMDB	HMDB0001409_4_shen	dUMP	inchikey_connectivity_formula_mass	2	FALSE	TRUE	4.99994712299667e-10	1.24998678074917e-06
DUMP	14387	HMDB	HMDB0001409_5_shen	dUMP	inchikey_connectivity_formula_mass	2	FALSE	TRUE	4.99994712299667e-10	1.24998678074917e-06
DUMP	14388	HMDB	HMDB0001409_6_shen	dUMP	inchikey_connectivity_formula_mass	2	FALSE	TRUE	4.99994712299667e-10	1.24998678074917e-06
DUMP	14389	HMDB	HMDB0001409_7_shen	dUMP	inchikey_connectivity_formula_mass	2	FALSE	TRUE	4.99994712299667e-10	1.24998678074917e-06
DUMP	14390	HMDB	HMDB0001409_8_shen	dUMP	inchikey_connectivity_formula_mass	2	FALSE	TRUE	4.99994712299667e-10	1.24998678074917e-06
DUMP	14391	HMDB	HMDB0001409_9_shen	dUMP	inchikey_connectivity_formula_mass	2	FALSE	TRUE	4.99994712299667e-10	1.24998678074917e-06
DUMP	14392	HMDB	HMDB0001409_10_shen	dUMP	inchikey_connectivity_formula_mass	2	FALSE	TRUE	4.99994712299667e-10	1.24998678074917e-06
DUMP	14393	HMDB	HMDB0001409_11_shen	dUMP	inchikey_connectivity_formula_mass	2	FALSE	TRUE	4.99994712299667e-10	1.24998678074917e-06
DUMP	14394	HMDB	HMDB0001409_12_shen	dUMP	inchikey_connectivity_formula_mass	2	FALSE	TRUE	4.99994712299667e-10	1.24998678074917e-06
DUMP	14395	HMDB	HMDB0001409_13_shen	dUMP	inchikey_connectivity_formula_mass	2	FALSE	TRUE	4.99994712299667e-10	1.24998678074917e-06
DUMP	14396	HMDB	HMDB0001409_14_shen	dUMP	inchikey_connectivity_formula_mass	2	FALSE	TRUE	4.99994712299667e-10	1.24998678074917e-06
DUMP	14397	HMDB	HMDB0001409_15_shen	dUMP	inchikey_connectivity_formula_mass	2	FALSE	TRUE	4.99994712299667e-10	1.24998678074917e-06
DUMP	14398	HMDB	HMDB0001409_16_shen	dUMP	inchikey_connectivity_formula_mass	2	FALSE	TRUE	4.99994712299667e-10	1.24998678074917e-06
DUMP	14399	HMDB	HMDB0001409_17_shen	dUMP	inchikey_connectivity_formula_mass	2	FALSE	TRUE	4.99994712299667e-10	1.24998678074917e-06
DUMP	14400	HMDB	HMDB0001409_18_shen	dUMP	inchikey_connectivity_formula_mass	2	FALSE	TRUE	4.99994712299667e-10	1.24998678074917e-06
DUMP	14401	HMDB	HMDB0001409_19_shen	dUMP	inchikey_connectivity_formula_mass	2	FALSE	TRUE	4.99994712299667e-10	1.24998678074917e-06
DUMP	14402	HMDB	HMDB0001409_20_shen	dUMP	inchikey_connectivity_formula_mass	2	FALSE	TRUE	4.99994712299667e-10	1.24998678074917e-06
DUMP	14403	HMDB	HMDB0001409_21_shen	dUMP	inchikey_connectivity_formula_mass	2	FALSE	TRUE	4.99994712299667e-10	1.24998678074917e-06
DUMP	14404	HMDB	HMDB0001409_22_shen	dUMP	inchikey_connectivity_formula_mass	2	FALSE	TRUE	4.99994712299667e-10	1.24998678074917e-06
PUTRESCINE	14418	HMDB	HMDB0001414_1_shen	Putrescine	inchikey_connectivity_formula_mass	2	FALSE	TRUE	1.60000013238459e-09	4.00000033096148e-06
PUTRESCINE	14419	HMDB	HMDB0001414_2_shen	Putrescine	inchikey_connectivity_formula_mass	2	FALSE	TRUE	1.60000013238459e-09	4.00000033096148e-06
PUTRESCINE	14420	HMDB	HMDB0001414_3_shen	Putrescine	inchikey_connectivity_formula_mass	2	FALSE	TRUE	1.60000013238459e-09	4.00000033096148e-06
PUTRESCINE	14421	HMDB	HMDB0001414_4_shen	Putrescine	inchikey_connectivity_formula_mass	2	FALSE	TRUE	1.60000013238459e-09	4.00000033096148e-06
PUTRESCINE	14422	HMDB	HMDB0001414_5_shen	Putrescine	inchikey_connectivity_formula_mass	2	FALSE	TRUE	1.60000013238459e-09	4.00000033096148e-06
PUTRESCINE	14423	HMDB	HMDB0001414_6_shen	Putrescine	inchikey_connectivity_formula_mass	2	FALSE	TRUE	1.60000013238459e-09	4.00000033096148e-06
PUTRESCINE	14424	HMDB	HMDB0001414_7_shen	Putrescine	inchikey_connectivity_formula_mass	2	FALSE	TRUE	1.60000013238459e-09	4.00000033096148e-06
PUTRESCINE	14425	HMDB	HMDB0001414_8_shen	Putrescine	inchikey_connectivity_formula_mass	2	FALSE	TRUE	1.60000013238459e-09	4.00000033096148e-06
PUTRESCINE	14426	HMDB	HMDB0001414_9_shen	Putrescine	inchikey_connectivity_formula_mass	2	FALSE	TRUE	1.60000013238459e-09	4.00000033096148e-06
PUTRESCINE	14427	HMDB	HMDB0001414_10_shen	Putrescine	inchikey_connectivity_formula_mass	2	FALSE	TRUE	1.60000013238459e-09	4.00000033096148e-06
PUTRESCINE	14428	HMDB	HMDB0001414_11_shen	Putrescine	inchikey_connectivity_formula_mass	2	FALSE	TRUE	1.60000013238459e-09	4.00000033096148e-06
PUTRESCINE	14429	HMDB	HMDB0001414_12_shen	Putrescine	inchikey_connectivity_formula_mass	2	FALSE	TRUE	1.60000013238459e-09	4.00000033096148e-06
PUTRESCINE	14430	HMDB	HMDB0001414_13_shen	Putrescine	inchikey_connectivity_formula_mass	2	FALSE	TRUE	1.60000013238459e-09	4.00000033096148e-06
PUTRESCINE	14431	HMDB	HMDB0001414_14_shen	Putrescine	inchikey_connectivity_formula_mass	2	FALSE	TRUE	1.60000013238459e-09	4.00000033096148e-06
PUTRESCINE	14432	HMDB	HMDB0001414_15_shen	Putrescine	inchikey_connectivity_formula_mass	2	FALSE	TRUE	1.60000013238459e-09	4.00000033096148e-06
PUTRESCINE	14433	HMDB	HMDB0001414_16_shen	Putrescine	inchikey_connectivity_formula_mass	2	FALSE	TRUE	1.60000013238459e-09	4.00000033096148e-06
PUTRESCINE	14434	HMDB	HMDB0001414_17_shen	Putrescine	inchikey_connectivity_formula_mass	2	FALSE	TRUE	1.60000013238459e-09	4.00000033096148e-06
PUTRESCINE	14435	HMDB	HMDB0001414_18_shen	Putrescine	inchikey_connectivity_formula_mass	2	FALSE	TRUE	1.60000013238459e-09	4.00000033096148e-06
PUTRESCINE	14436	HMDB	HMDB0001414_19_shen	Putrescine	inchikey_connectivity_formula_mass	2	FALSE	TRUE	1.60000013238459e-09	4.00000033096148e-06
PUTRESCINE	14437	HMDB	HMDB0001414_20_shen	Putrescine	inchikey_connectivity_formula_mass	2	FALSE	TRUE	1.60000013238459e-09	4.00000033096148e-06
PUTRESCINE	14438	HMDB	HMDB0001414_21_shen	Putrescine	inchikey_connectivity_formula_mass	2	FALSE	TRUE	1.60000013238459e-09	4.00000033096148e-06
PUTRESCINE	14439	HMDB	HMDB0001414_22_shen	Putrescine	inchikey_connectivity_formula_mass	2	FALSE	TRUE	1.60000013238459e-09	4.00000033096148e-06
PUTRESCINE	14440	HMDB	HMDB0001414_23_shen	Putrescine	inchikey_connectivity_formula_mass	2	FALSE	TRUE	1.60000013238459e-09	4.00000033096148e-06
PUTRESCINE	14441	HMDB	HMDB0001414_24_shen	Putrescine	inchikey_connectivity_formula_mass	2	FALSE	TRUE	1.60000013238459e-09	4.00000033096148e-06
PUTRESCINE	14442	HMDB	HMDB0001414_25_shen	Putrescine	inchikey_connectivity_formula_mass	2	FALSE	TRUE	1.60000013238459e-09	4.00000033096148e-06
PUTRESCINE	14443	HMDB	HMDB0001414_26_shen	Putrescine	inchikey_connectivity_formula_mass	2	FALSE	TRUE	1.60000013238459e-09	4.00000033096148e-06
PUTRESCINE	14444	HMDB	HMDB0001414_27_shen	Putrescine	inchikey_connectivity_formula_mass	2	FALSE	TRUE	1.60000013238459e-09	4.00000033096148e-06
PUTRESCINE	14445	HMDB	HMDB0001414_28_shen	Putrescine	inchikey_connectivity_formula_mass	2	FALSE	TRUE	1.60000013238459e-09	4.00000033096148e-06
PUTRESCINE	14446	HMDB	HMDB0001414_29_shen	Putrescine	inchikey_connectivity_formula_mass	2	FALSE	TRUE	1.60000013238459e-09	4.00000033096148e-06
PUTRESCINE	14447	HMDB	HMDB0001414_30_shen	Putrescine	inchikey_connectivity_formula_mass	2	FALSE	TRUE	1.60000013238459e-09	4.00000033096148e-06
PUTRESCINE	14448	HMDB	HMDB0001414_31_shen	Putrescine	inchikey_connectivity_formula_mass	2	FALSE	TRUE	1.60000013238459e-09	4.00000033096148e-06
PUTRESCINE	14449	HMDB	HMDB0001414_32_shen	Putrescine	inchikey_connectivity_formula_mass	2	FALSE	TRUE	1.60000013238459e-09	4.00000033096148e-06
PYRIDOXAMINE	14633	HMDB	HMDB0001431_1_shen	Pyridoxamine	inchikey_connectivity_formula_mass	2	FALSE	TRUE	1.80000370164635e-09	4.50000925411587e-06
PYRIDOXAMINE	14634	HMDB	HMDB0001431_2_shen	Pyridoxamine	inchikey_connectivity_formula_mass	2	FALSE	TRUE	1.80000370164635e-09	4.50000925411587e-06
PYRIDOXAMINE	14635	HMDB	HMDB0001431_3_shen	Pyridoxamine	inchikey_connectivity_formula_mass	2	FALSE	TRUE	1.80000370164635e-09	4.50000925411587e-06
PYRIDOXAMINE	14636	HMDB	HMDB0001431_4_shen	Pyridoxamine	inchikey_connectivity_formula_mass	2	FALSE	TRUE	1.80000370164635e-09	4.50000925411587e-06
PYRIDOXAMINE	14637	HMDB	HMDB0001431_5_shen	Pyridoxamine	inchikey_connectivity_formula_mass	2	FALSE	TRUE	1.80000370164635e-09	4.50000925411587e-06
PYRIDOXAMINE	14638	HMDB	HMDB0001431_6_shen	Pyridoxamine	inchikey_connectivity_formula_mass	2	FALSE	TRUE	1.80000370164635e-09	4.50000925411587e-06
PYRIDOXAMINE	14639	HMDB	HMDB0001431_7_shen	Pyridoxamine	inchikey_connectivity_formula_mass	2	FALSE	TRUE	1.80000370164635e-09	4.50000925411587e-06
PYRIDOXAMINE	14640	HMDB	HMDB0001431_8_shen	Pyridoxamine	inchikey_connectivity_formula_mass	2	FALSE	TRUE	1.80000370164635e-09	4.50000925411587e-06
PYRIDOXAMINE	14641	HMDB	HMDB0001431_9_shen	Pyridoxamine	inchikey_connectivity_formula_mass	2	FALSE	TRUE	1.80000370164635e-09	4.50000925411587e-06
PYRIDOXAMINE	14642	HMDB	HMDB0001431_10_shen	Pyridoxamine	inchikey_connectivity_formula_mass	2	FALSE	TRUE	1.80000370164635e-09	4.50000925411587e-06
PYRIDOXAMINE	14643	HMDB	HMDB0001431_11_shen	Pyridoxamine	inchikey_connectivity_formula_mass	2	FALSE	TRUE	1.80000370164635e-09	4.50000925411587e-06
PYRIDOXAMINE	14644	HMDB	HMDB0001431_12_shen	Pyridoxamine	inchikey_connectivity_formula_mass	2	FALSE	TRUE	1.80000370164635e-09	4.50000925411587e-06
PYRIDOXAMINE	14645	HMDB	HMDB0001431_13_shen	Pyridoxamine	inchikey_connectivity_formula_mass	2	FALSE	TRUE	1.80000370164635e-09	4.50000925411587e-06
PYRIDOXAMINE	14646	HMDB	HMDB0001431_14_shen	Pyridoxamine	inchikey_connectivity_formula_mass	2	FALSE	TRUE	1.80000370164635e-09	4.50000925411587e-06
PYRIDOXAMINE	14647	HMDB	HMDB0001431_15_shen	Pyridoxamine	inchikey_connectivity_formula_mass	2	FALSE	TRUE	1.80000370164635e-09	4.50000925411587e-06
PYRIDOXAMINE	14648	HMDB	HMDB0001431_16_shen	Pyridoxamine	inchikey_connectivity_formula_mass	2	FALSE	TRUE	1.80000370164635e-09	4.50000925411587e-06
PYRIDOXAMINE	14649	HMDB	HMDB0001431_17_shen	Pyridoxamine	inchikey_connectivity_formula_mass	2	FALSE	TRUE	1.80000370164635e-09	4.50000925411587e-06
PYRIDOXAMINE	14650	HMDB	HMDB0001431_18_shen	Pyridoxamine	inchikey_connectivity_formula_mass	2	FALSE	TRUE	1.80000370164635e-09	4.50000925411587e-06
PYRIDOXAMINE	14651	HMDB	HMDB0001431_19_shen	Pyridoxamine	inchikey_connectivity_formula_mass	2	FALSE	TRUE	1.80000370164635e-09	4.50000925411587e-06
PYRIDOXAMINE	14652	HMDB	HMDB0001431_20_shen	Pyridoxamine	inchikey_connectivity_formula_mass	2	FALSE	TRUE	1.80000370164635e-09	4.50000925411587e-06
PYRIDOXAMINE	14653	HMDB	HMDB0001431_21_shen	Pyridoxamine	inchikey_connectivity_formula_mass	2	FALSE	TRUE	1.80000370164635e-09	4.50000925411587e-06
PYRIDOXAMINE	14654	HMDB	HMDB0001431_22_shen	Pyridoxamine	inchikey_connectivity_formula_mass	2	FALSE	TRUE	1.80000370164635e-09	4.50000925411587e-06
PYRIDOXAMINE	14655	HMDB	HMDB0001431_23_shen	Pyridoxamine	inchikey_connectivity_formula_mass	2	FALSE	TRUE	1.80000370164635e-09	4.50000925411587e-06
PYRIDOXAMINE	14656	HMDB	HMDB0001431_24_shen	Pyridoxamine	inchikey_connectivity_formula_mass	2	FALSE	TRUE	1.80000370164635e-09	4.50000925411587e-06
PYRIDOXAMINE	14657	HMDB	HMDB0001431_25_shen	Pyridoxamine	inchikey_connectivity_formula_mass	2	FALSE	TRUE	1.80000370164635e-09	4.50000925411587e-06
PYRIDOXAMINE	14658	HMDB	HMDB0001431_26_shen	Pyridoxamine	inchikey_connectivity_formula_mass	2	FALSE	TRUE	1.80000370164635e-09	4.50000925411587e-06
PYRIDOXAMINE	14659	HMDB	HMDB0001431_27_shen	Pyridoxamine	inchikey_connectivity_formula_mass	2	FALSE	TRUE	1.80000370164635e-09	4.50000925411587e-06
PYRIDOXAMINE	14660	HMDB	HMDB0001431_28_shen	Pyridoxamine	inchikey_connectivity_formula_mass	2	FALSE	TRUE	1.80000370164635e-09	4.50000925411587e-06
PYRIDOXAMINE	14661	HMDB	HMDB0001431_29_shen	Pyridoxamine	inchikey_connectivity_formula_mass	2	FALSE	TRUE	1.80000370164635e-09	4.50000925411587e-06
PYRIDOXAMINE	14662	HMDB	HMDB0001431_30_shen	Pyridoxamine	inchikey_connectivity_formula_mass	2	FALSE	TRUE	1.80000370164635e-09	4.50000925411587e-06
PYRIDOXAMINE	14663	HMDB	HMDB0001431_31_shen	Pyridoxamine	inchikey_connectivity_formula_mass	2	FALSE	TRUE	1.80000370164635e-09	4.50000925411587e-06
PYRIDOXAMINE	14664	HMDB	HMDB0001431_32_shen	Pyridoxamine	inchikey_connectivity_formula_mass	2	FALSE	TRUE	1.80000370164635e-09	4.50000925411587e-06
PYRIDOXAMINE	14665	HMDB	HMDB0001431_33_shen	Pyridoxamine	inchikey_connectivity_formula_mass	2	FALSE	TRUE	1.80000370164635e-09	4.50000925411587e-06
PYRIDOXAMINE	14666	HMDB	HMDB0001431_34_shen	Pyridoxamine	inchikey_connectivity_formula_mass	2	FALSE	TRUE	1.80000370164635e-09	4.50000925411587e-06
PYRIDOXAMINE	14667	HMDB	HMDB0001431_35_shen	Pyridoxamine	inchikey_connectivity_formula_mass	2	FALSE	TRUE	1.80000370164635e-09	4.50000925411587e-06
AGMATHINE	14668	HMDB	HMDB0001432_1_shen	Agmatine	inchikey_connectivity_formula_mass	2	FALSE	TRUE	2.20001084016985e-09	5.50002710042463e-06
AGMATHINE	14669	HMDB	HMDB0001432_2_shen	Agmatine	inchikey_connectivity_formula_mass	2	FALSE	TRUE	2.20001084016985e-09	5.50002710042463e-06
AGMATHINE	14670	HMDB	HMDB0001432_3_shen	Agmatine	inchikey_connectivity_formula_mass	2	FALSE	TRUE	2.20001084016985e-09	5.50002710042463e-06
AGMATHINE	14671	HMDB	HMDB0001432_4_shen	Agmatine	inchikey_connectivity_formula_mass	2	FALSE	TRUE	2.20001084016985e-09	5.50002710042463e-06
AGMATHINE	14672	HMDB	HMDB0001432_5_shen	Agmatine	inchikey_connectivity_formula_mass	2	FALSE	TRUE	2.20001084016985e-09	5.50002710042463e-06
AGMATHINE	14673	HMDB	HMDB0001432_6_shen	Agmatine	inchikey_connectivity_formula_mass	2	FALSE	TRUE	2.20001084016985e-09	5.50002710042463e-06
AGMATHINE	14674	HMDB	HMDB0001432_7_shen	Agmatine	inchikey_connectivity_formula_mass	2	FALSE	TRUE	2.20001084016985e-09	5.50002710042463e-06
AGMATHINE	14675	HMDB	HMDB0001432_8_shen	Agmatine	inchikey_connectivity_formula_mass	2	FALSE	TRUE	2.20001084016985e-09	5.50002710042463e-06
AGMATHINE	14676	HMDB	HMDB0001432_9_shen	Agmatine	inchikey_connectivity_formula_mass	2	FALSE	TRUE	2.20001084016985e-09	5.50002710042463e-06
AGMATHINE	14677	HMDB	HMDB0001432_10_shen	Agmatine	inchikey_connectivity_formula_mass	2	FALSE	TRUE	2.20001084016985e-09	5.50002710042463e-06
AGMATHINE	14678	HMDB	HMDB0001432_11_shen	Agmatine	inchikey_connectivity_formula_mass	2	FALSE	TRUE	2.20001084016985e-09	5.50002710042463e-06
AGMATHINE	14679	HMDB	HMDB0001432_12_shen	Agmatine	inchikey_connectivity_formula_mass	2	FALSE	TRUE	2.20001084016985e-09	5.50002710042463e-06
AGMATHINE	14680	HMDB	HMDB0001432_13_shen	Agmatine	inchikey_connectivity_formula_mass	2	FALSE	TRUE	2.20001084016985e-09	5.50002710042463e-06
AGMATHINE	14681	HMDB	HMDB0001432_14_shen	Agmatine	inchikey_connectivity_formula_mass	2	FALSE	TRUE	2.20001084016985e-09	5.50002710042463e-06
AGMATHINE	14682	HMDB	HMDB0001432_15_shen	Agmatine	inchikey_connectivity_formula_mass	2	FALSE	TRUE	2.20001084016985e-09	5.50002710042463e-06
AGMATHINE	14683	HMDB	HMDB0001432_16_shen	Agmatine	inchikey_connectivity_formula_mass	2	FALSE	TRUE	2.20001084016985e-09	5.50002710042463e-06
AGMATHINE	14684	HMDB	HMDB0001432_17_shen	Agmatine	inchikey_connectivity_formula_mass	2	FALSE	TRUE	2.20001084016985e-09	5.50002710042463e-06
AGMATHINE	14685	HMDB	HMDB0001432_18_shen	Agmatine	inchikey_connectivity_formula_mass	2	FALSE	TRUE	2.20001084016985e-09	5.50002710042463e-06
AGMATHINE	14686	HMDB	HMDB0001432_19_shen	Agmatine	inchikey_connectivity_formula_mass	2	FALSE	TRUE	2.20001084016985e-09	5.50002710042463e-06
AGMATHINE	14687	HMDB	HMDB0001432_20_shen	Agmatine	inchikey_connectivity_formula_mass	2	FALSE	TRUE	2.20001084016985e-09	5.50002710042463e-06
AGMATHINE	14688	HMDB	HMDB0001432_21_shen	Agmatine	inchikey_connectivity_formula_mass	2	FALSE	TRUE	2.20001084016985e-09	5.50002710042463e-06
AGMATHINE	14689	HMDB	HMDB0001432_22_shen	Agmatine	inchikey_connectivity_formula_mass	2	FALSE	TRUE	2.20001084016985e-09	5.50002710042463e-06
AGMATHINE	14690	HMDB	HMDB0001432_23_shen	Agmatine	inchikey_connectivity_formula_mass	2	FALSE	TRUE	2.20001084016985e-09	5.50002710042463e-06
AGMATHINE	14691	HMDB	HMDB0001432_24_shen	Agmatine	inchikey_connectivity_formula_mass	2	FALSE	TRUE	2.20001084016985e-09	5.50002710042463e-06
AGMATHINE	14692	HMDB	HMDB0001432_25_shen	Agmatine	inchikey_connectivity_formula_mass	2	FALSE	TRUE	2.20001084016985e-09	5.50002710042463e-06
AGMATHINE	14693	HMDB	HMDB0001432_26_shen	Agmatine	inchikey_connectivity_formula_mass	2	FALSE	TRUE	2.20001084016985e-09	5.50002710042463e-06
AGMATHINE	14694	HMDB	HMDB0001432_27_shen	Agmatine	inchikey_connectivity_formula_mass	2	FALSE	TRUE	2.20001084016985e-09	5.50002710042463e-06
AGMATHINE	14695	HMDB	HMDB0001432_28_shen	Agmatine	inchikey_connectivity_formula_mass	2	FALSE	TRUE	2.20001084016985e-09	5.50002710042463e-06
LIPOIC-ACID	14714	HMDB	HMDB0001451_1_shen	(R)-Lipoic acid	inchikey_connectivity_formula_mass	2	FALSE	TRUE	1.60000013238459e-09	4.00000033096148e-06
LIPOIC-ACID	14715	HMDB	HMDB0001451_2_shen	(R)-Lipoic acid	inchikey_connectivity_formula_mass	2	FALSE	TRUE	1.60000013238459e-09	4.00000033096148e-06
LIPOIC-ACID	14716	HMDB	HMDB0001451_3_shen	(R)-Lipoic acid	inchikey_connectivity_formula_mass	2	FALSE	TRUE	1.60000013238459e-09	4.00000033096148e-06
LIPOIC-ACID	14717	HMDB	HMDB0001451_4_shen	(R)-Lipoic acid	inchikey_connectivity_formula_mass	2	FALSE	TRUE	1.60000013238459e-09	4.00000033096148e-06
LIPOIC-ACID	14718	HMDB	HMDB0001451_5_shen	(R)-Lipoic acid	inchikey_connectivity_formula_mass	2	FALSE	TRUE	1.60000013238459e-09	4.00000033096148e-06
LIPOIC-ACID	14719	HMDB	HMDB0001451_6_shen	(R)-Lipoic acid	inchikey_connectivity_formula_mass	2	FALSE	TRUE	1.60000013238459e-09	4.00000033096148e-06
LIPOIC-ACID	14720	HMDB	HMDB0001451_7_shen	(R)-Lipoic acid	inchikey_connectivity_formula_mass	2	FALSE	TRUE	1.60000013238459e-09	4.00000033096148e-06
DIHYDROXY-ACETONE-PHOSPHATE	14750	HMDB	HMDB0001473_1_shen	Dihydroxyacetone phosphate	inchikey_connectivity_formula_mass	2	FALSE	TRUE	6.9999828156142e-10	1.74999570390355e-06
DIHYDROXY-ACETONE-PHOSPHATE	14751	HMDB	HMDB0001473_2_shen	Dihydroxyacetone phosphate	inchikey_connectivity_formula_mass	2	FALSE	TRUE	6.9999828156142e-10	1.74999570390355e-06
DIHYDROXY-ACETONE-PHOSPHATE	14752	HMDB	HMDB0001473_3_shen	Dihydroxyacetone phosphate	inchikey_connectivity_formula_mass	2	FALSE	TRUE	6.9999828156142e-10	1.74999570390355e-06
DIHYDROXY-ACETONE-PHOSPHATE	14753	HMDB	HMDB0001473_4_shen	Dihydroxyacetone phosphate	inchikey_connectivity_formula_mass	2	FALSE	TRUE	6.9999828156142e-10	1.74999570390355e-06
DIHYDROXY-ACETONE-PHOSPHATE	14754	HMDB	HMDB0001473_5_shen	Dihydroxyacetone phosphate	inchikey_connectivity_formula_mass	2	FALSE	TRUE	6.9999828156142e-10	1.74999570390355e-06
DIHYDROXY-ACETONE-PHOSPHATE	14755	HMDB	HMDB0001473_6_shen	Dihydroxyacetone phosphate	inchikey_connectivity_formula_mass	2	FALSE	TRUE	6.9999828156142e-10	1.74999570390355e-06
DIHYDROXY-ACETONE-PHOSPHATE	14756	HMDB	HMDB0001473_7_shen	Dihydroxyacetone phosphate	inchikey_connectivity_formula_mass	2	FALSE	TRUE	6.9999828156142e-10	1.74999570390355e-06
DIHYDROXY-ACETONE-PHOSPHATE	14757	HMDB	HMDB0001473_8_shen	Dihydroxyacetone phosphate	inchikey_connectivity_formula_mass	2	FALSE	TRUE	6.9999828156142e-10	1.74999570390355e-06
3-HYDROXY-ANTHRANILATE	14758	HMDB	HMDB0001476_1_shen	3-Hydroxyanthranilic acid	inchikey_connectivity_formula_mass	2	FALSE	TRUE	1.19999299386109e-09	2.99998248465272e-06
3-HYDROXY-ANTHRANILATE	14759	HMDB	HMDB0001476_2_shen	3-Hydroxyanthranilic acid	inchikey_connectivity_formula_mass	2	FALSE	TRUE	1.19999299386109e-09	2.99998248465272e-06
3-HYDROXY-ANTHRANILATE	14760	HMDB	HMDB0001476_3_shen	3-Hydroxyanthranilic acid	inchikey_connectivity_formula_mass	2	FALSE	TRUE	1.19999299386109e-09	2.99998248465272e-06
3-HYDROXY-ANTHRANILATE	14761	HMDB	HMDB0001476_4_shen	3-Hydroxyanthranilic acid	inchikey_connectivity_formula_mass	2	FALSE	TRUE	1.19999299386109e-09	2.99998248465272e-06
3-HYDROXY-ANTHRANILATE	14762	HMDB	HMDB0001476_5_shen	3-Hydroxyanthranilic acid	inchikey_connectivity_formula_mass	2	FALSE	TRUE	1.19999299386109e-09	2.99998248465272e-06
3-HYDROXY-ANTHRANILATE	14763	HMDB	HMDB0001476_6_shen	3-Hydroxyanthranilic acid	inchikey_connectivity_formula_mass	2	FALSE	TRUE	1.19999299386109e-09	2.99998248465272e-06
3-HYDROXY-ANTHRANILATE	14764	HMDB	HMDB0001476_7_shen	3-Hydroxyanthranilic acid	inchikey_connectivity_formula_mass	2	FALSE	TRUE	1.19999299386109e-09	2.99998248465272e-06
3-HYDROXY-ANTHRANILATE	14765	HMDB	HMDB0001476_8_shen	3-Hydroxyanthranilic acid	inchikey_connectivity_formula_mass	2	FALSE	TRUE	1.19999299386109e-09	2.99998248465272e-06
3-HYDROXY-ANTHRANILATE	14766	HMDB	HMDB0001476_9_shen	3-Hydroxyanthranilic acid	inchikey_connectivity_formula_mass	2	FALSE	TRUE	1.19999299386109e-09	2.99998248465272e-06
3-HYDROXY-ANTHRANILATE	14767	HMDB	HMDB0001476_10_shen	3-Hydroxyanthranilic acid	inchikey_connectivity_formula_mass	2	FALSE	TRUE	1.19999299386109e-09	2.99998248465272e-06
3-HYDROXY-ANTHRANILATE	14768	HMDB	HMDB0001476_11_shen	3-Hydroxyanthranilic acid	inchikey_connectivity_formula_mass	2	FALSE	TRUE	1.19999299386109e-09	2.99998248465272e-06
3-HYDROXY-ANTHRANILATE	14769	HMDB	HMDB0001476_12_shen	3-Hydroxyanthranilic acid	inchikey_connectivity_formula_mass	2	FALSE	TRUE	1.19999299386109e-09	2.99998248465272e-06
3-HYDROXY-ANTHRANILATE	14770	HMDB	HMDB0001476_13_shen	3-Hydroxyanthranilic acid	inchikey_connectivity_formula_mass	2	FALSE	TRUE	1.19999299386109e-09	2.99998248465272e-06
3-HYDROXY-ANTHRANILATE	14771	HMDB	HMDB0001476_14_shen	3-Hydroxyanthranilic acid	inchikey_connectivity_formula_mass	2	FALSE	TRUE	1.19999299386109e-09	2.99998248465272e-06
3-HYDROXY-ANTHRANILATE	14772	HMDB	HMDB0001476_15_shen	3-Hydroxyanthranilic acid	inchikey_connectivity_formula_mass	2	FALSE	TRUE	1.19999299386109e-09	2.99998248465272e-06
3-HYDROXY-ANTHRANILATE	14773	HMDB	HMDB0001476_16_shen	3-Hydroxyanthranilic acid	inchikey_connectivity_formula_mass	2	FALSE	TRUE	1.19999299386109e-09	2.99998248465272e-06
3-HYDROXY-ANTHRANILATE	14774	HMDB	HMDB0001476_17_shen	3-Hydroxyanthranilic acid	inchikey_connectivity_formula_mass	2	FALSE	TRUE	1.19999299386109e-09	2.99998248465272e-06
3-HYDROXY-ANTHRANILATE	14775	HMDB	HMDB0001476_18_shen	3-Hydroxyanthranilic acid	inchikey_connectivity_formula_mass	2	FALSE	TRUE	1.19999299386109e-09	2.99998248465272e-06
3-HYDROXY-ANTHRANILATE	14776	HMDB	HMDB0001476_19_shen	3-Hydroxyanthranilic acid	inchikey_connectivity_formula_mass	2	FALSE	TRUE	1.19999299386109e-09	2.99998248465272e-06
3-HYDROXY-ANTHRANILATE	14777	HMDB	HMDB0001476_20_shen	3-Hydroxyanthranilic acid	inchikey_connectivity_formula_mass	2	FALSE	TRUE	1.19999299386109e-09	2.99998248465272e-06
3-HYDROXY-ANTHRANILATE	14778	HMDB	HMDB0001476_21_shen	3-Hydroxyanthranilic acid	inchikey_connectivity_formula_mass	2	FALSE	TRUE	1.19999299386109e-09	2.99998248465272e-06
3-HYDROXY-ANTHRANILATE	14779	HMDB	HMDB0001476_22_shen	3-Hydroxyanthranilic acid	inchikey_connectivity_formula_mass	2	FALSE	TRUE	1.19999299386109e-09	2.99998248465272e-06
3-HYDROXY-ANTHRANILATE	14780	HMDB	HMDB0001476_23_shen	3-Hydroxyanthranilic acid	inchikey_connectivity_formula_mass	2	FALSE	TRUE	1.19999299386109e-09	2.99998248465272e-06
3-HYDROXY-ANTHRANILATE	14781	HMDB	HMDB0001476_24_shen	3-Hydroxyanthranilic acid	inchikey_connectivity_formula_mass	2	FALSE	TRUE	1.19999299386109e-09	2.99998248465272e-06
3-HYDROXY-ANTHRANILATE	14782	HMDB	HMDB0001476_25_shen	3-Hydroxyanthranilic acid	inchikey_connectivity_formula_mass	2	FALSE	TRUE	1.19999299386109e-09	2.99998248465272e-06
3-HYDROXY-ANTHRANILATE	14783	HMDB	HMDB0001476_26_shen	3-Hydroxyanthranilic acid	inchikey_connectivity_formula_mass	2	FALSE	TRUE	1.19999299386109e-09	2.99998248465272e-06
3-HYDROXY-ANTHRANILATE	14784	HMDB	HMDB0001476_27_shen	3-Hydroxyanthranilic acid	inchikey_connectivity_formula_mass	2	FALSE	TRUE	1.19999299386109e-09	2.99998248465272e-06
3-HYDROXY-ANTHRANILATE	14785	HMDB	HMDB0001476_28_shen	3-Hydroxyanthranilic acid	inchikey_connectivity_formula_mass	2	FALSE	TRUE	1.19999299386109e-09	2.99998248465272e-06
3-HYDROXY-ANTHRANILATE	14786	HMDB	HMDB0001476_29_shen	3-Hydroxyanthranilic acid	inchikey_connectivity_formula_mass	2	FALSE	TRUE	1.19999299386109e-09	2.99998248465272e-06
3-HYDROXY-ANTHRANILATE	14787	HMDB	HMDB0001476_30_shen	3-Hydroxyanthranilic acid	inchikey_connectivity_formula_mass	2	FALSE	TRUE	1.19999299386109e-09	2.99998248465272e-06
3-HYDROXY-ANTHRANILATE	14788	HMDB	HMDB0001476_31_shen	3-Hydroxyanthranilic acid	inchikey_connectivity_formula_mass	2	FALSE	TRUE	1.19999299386109e-09	2.99998248465272e-06
3-HYDROXY-ANTHRANILATE	14789	HMDB	HMDB0001476_32_shen	3-Hydroxyanthranilic acid	inchikey_connectivity_formula_mass	2	FALSE	TRUE	1.19999299386109e-09	2.99998248465272e-06
3-HYDROXY-ANTHRANILATE	14790	HMDB	HMDB0001476_33_shen	3-Hydroxyanthranilic acid	inchikey_connectivity_formula_mass	2	FALSE	TRUE	1.19999299386109e-09	2.99998248465272e-06
3-HYDROXY-ANTHRANILATE	14791	HMDB	HMDB0001476_34_shen	3-Hydroxyanthranilic acid	inchikey_connectivity_formula_mass	2	FALSE	TRUE	1.19999299386109e-09	2.99998248465272e-06
3-HYDROXY-ANTHRANILATE	14792	HMDB	HMDB0001476_35_shen	3-Hydroxyanthranilic acid	inchikey_connectivity_formula_mass	2	FALSE	TRUE	1.19999299386109e-09	2.99998248465272e-06
3-HYDROXY-ANTHRANILATE	14793	HMDB	HMDB0001476_36_shen	3-Hydroxyanthranilic acid	inchikey_connectivity_formula_mass	2	FALSE	TRUE	1.19999299386109e-09	2.99998248465272e-06
3-HYDROXY-ANTHRANILATE	14794	HMDB	HMDB0001476_37_shen	3-Hydroxyanthranilic acid	inchikey_connectivity_formula_mass	2	FALSE	TRUE	1.19999299386109e-09	2.99998248465272e-06
3-HYDROXY-ANTHRANILATE	14795	HMDB	HMDB0001476_38_shen	3-Hydroxyanthranilic acid	inchikey_connectivity_formula_mass	2	FALSE	TRUE	1.19999299386109e-09	2.99998248465272e-06
3-HYDROXY-ANTHRANILATE	14796	HMDB	HMDB0001476_39_shen	3-Hydroxyanthranilic acid	inchikey_connectivity_formula_mass	2	FALSE	TRUE	1.19999299386109e-09	2.99998248465272e-06
3-HYDROXY-ANTHRANILATE	14797	HMDB	HMDB0001476_40_shen	3-Hydroxyanthranilic acid	inchikey_connectivity_formula_mass	2	FALSE	TRUE	1.19999299386109e-09	2.99998248465272e-06
3-HYDROXY-ANTHRANILATE	14798	HMDB	HMDB0001476_41_shen	3-Hydroxyanthranilic acid	inchikey_connectivity_formula_mass	2	FALSE	TRUE	1.19999299386109e-09	2.99998248465272e-06
NIACINE	14861	HMDB	HMDB0001488_1_shen	Nicotinic acid	inchikey_connectivity_formula_mass	2	FALSE	TRUE	8.99987639968458e-10	2.24996909992115e-06
NIACINE	14862	HMDB	HMDB0001488_2_shen	Nicotinic acid	inchikey_connectivity_formula_mass	2	FALSE	TRUE	8.99987639968458e-10	2.24996909992115e-06
NIACINE	14863	HMDB	HMDB0001488_3_shen	Nicotinic acid	inchikey_connectivity_formula_mass	2	FALSE	TRUE	8.99987639968458e-10	2.24996909992115e-06
NIACINE	14864	HMDB	HMDB0001488_4_shen	Nicotinic acid	inchikey_connectivity_formula_mass	2	FALSE	TRUE	8.99987639968458e-10	2.24996909992115e-06
NIACINE	14865	HMDB	HMDB0001488_5_shen	Nicotinic acid	inchikey_connectivity_formula_mass	2	FALSE	TRUE	8.99987639968458e-10	2.24996909992115e-06
NIACINE	14866	HMDB	HMDB0001488_6_shen	Nicotinic acid	inchikey_connectivity_formula_mass	2	FALSE	TRUE	8.99987639968458e-10	2.24996909992115e-06
NIACINE	14867	HMDB	HMDB0001488_7_shen	Nicotinic acid	inchikey_connectivity_formula_mass	2	FALSE	TRUE	8.99987639968458e-10	2.24996909992115e-06
NIACINE	14868	HMDB	HMDB0001488_8_shen	Nicotinic acid	inchikey_connectivity_formula_mass	2	FALSE	TRUE	8.99987639968458e-10	2.24996909992115e-06
NIACINE	14869	HMDB	HMDB0001488_9_shen	Nicotinic acid	inchikey_connectivity_formula_mass	2	FALSE	TRUE	8.99987639968458e-10	2.24996909992115e-06
NIACINE	14870	HMDB	HMDB0001488_10_shen	Nicotinic acid	inchikey_connectivity_formula_mass	2	FALSE	TRUE	8.99987639968458e-10	2.24996909992115e-06
NIACINE	14871	HMDB	HMDB0001488_11_shen	Nicotinic acid	inchikey_connectivity_formula_mass	2	FALSE	TRUE	8.99987639968458e-10	2.24996909992115e-06
NIACINE	14872	HMDB	HMDB0001488_12_shen	Nicotinic acid	inchikey_connectivity_formula_mass	2	FALSE	TRUE	8.99987639968458e-10	2.24996909992115e-06
NIACINE	14873	HMDB	HMDB0001488_13_shen	Nicotinic acid	inchikey_connectivity_formula_mass	2	FALSE	TRUE	8.99987639968458e-10	2.24996909992115e-06
NIACINE	14874	HMDB	HMDB0001488_14_shen	Nicotinic acid	inchikey_connectivity_formula_mass	2	FALSE	TRUE	8.99987639968458e-10	2.24996909992115e-06
NIACINE	14875	HMDB	HMDB0001488_15_shen	Nicotinic acid	inchikey_connectivity_formula_mass	2	FALSE	TRUE	8.99987639968458e-10	2.24996909992115e-06
NIACINE	14876	HMDB	HMDB0001488_16_shen	Nicotinic acid	inchikey_connectivity_formula_mass	2	FALSE	TRUE	8.99987639968458e-10	2.24996909992115e-06
NIACINE	14877	HMDB	HMDB0001488_17_shen	Nicotinic acid	inchikey_connectivity_formula_mass	2	FALSE	TRUE	8.99987639968458e-10	2.24996909992115e-06
NIACINE	14878	HMDB	HMDB0001488_18_shen	Nicotinic acid	inchikey_connectivity_formula_mass	2	FALSE	TRUE	8.99987639968458e-10	2.24996909992115e-06
NIACINE	14879	HMDB	HMDB0001488_19_shen	Nicotinic acid	inchikey_connectivity_formula_mass	2	FALSE	TRUE	8.99987639968458e-10	2.24996909992115e-06
NIACINE	14880	HMDB	HMDB0001488_20_shen	Nicotinic acid	inchikey_connectivity_formula_mass	2	FALSE	TRUE	8.99987639968458e-10	2.24996909992115e-06
NIACINE	14881	HMDB	HMDB0001488_21_shen	Nicotinic acid	inchikey_connectivity_formula_mass	2	FALSE	TRUE	8.99987639968458e-10	2.24996909992115e-06
NIACINE	14882	HMDB	HMDB0001488_22_shen	Nicotinic acid	inchikey_connectivity_formula_mass	2	FALSE	TRUE	8.99987639968458e-10	2.24996909992115e-06
NIACINE	14883	HMDB	HMDB0001488_23_shen	Nicotinic acid	inchikey_connectivity_formula_mass	2	FALSE	TRUE	8.99987639968458e-10	2.24996909992115e-06
NIACINE	14884	HMDB	HMDB0001488_24_shen	Nicotinic acid	inchikey_connectivity_formula_mass	2	FALSE	TRUE	8.99987639968458e-10	2.24996909992115e-06
NIACINE	14885	HMDB	HMDB0001488_25_shen	Nicotinic acid	inchikey_connectivity_formula_mass	2	FALSE	TRUE	8.99987639968458e-10	2.24996909992115e-06
NIACINE	14886	HMDB	HMDB0001488_26_shen	Nicotinic acid	inchikey_connectivity_formula_mass	2	FALSE	TRUE	8.99987639968458e-10	2.24996909992115e-06
NIACINE	14887	HMDB	HMDB0001488_27_shen	Nicotinic acid	inchikey_connectivity_formula_mass	2	FALSE	TRUE	8.99987639968458e-10	2.24996909992115e-06
NIACINE	14888	HMDB	HMDB0001488_28_shen	Nicotinic acid	inchikey_connectivity_formula_mass	2	FALSE	TRUE	8.99987639968458e-10	2.24996909992115e-06
NIACINE	14889	HMDB	HMDB0001488_29_shen	Nicotinic acid	inchikey_connectivity_formula_mass	2	FALSE	TRUE	8.99987639968458e-10	2.24996909992115e-06
NIACINE	14890	HMDB	HMDB0001488_30_shen	Nicotinic acid	inchikey_connectivity_formula_mass	2	FALSE	TRUE	8.99987639968458e-10	2.24996909992115e-06
NIACINE	14891	HMDB	HMDB0001488_31_shen	Nicotinic acid	inchikey_connectivity_formula_mass	2	FALSE	TRUE	8.99987639968458e-10	2.24996909992115e-06
NIACINE	14892	HMDB	HMDB0001488_32_shen	Nicotinic acid	inchikey_connectivity_formula_mass	2	FALSE	TRUE	8.99987639968458e-10	2.24996909992115e-06
NIACINE	14893	HMDB	HMDB0001488_33_shen	Nicotinic acid	inchikey_connectivity_formula_mass	2	FALSE	TRUE	8.99987639968458e-10	2.24996909992115e-06
NIACINE	14894	HMDB	HMDB0001488_34_shen	Nicotinic acid	inchikey_connectivity_formula_mass	2	FALSE	TRUE	8.99987639968458e-10	2.24996909992115e-06
NIACINE	14895	HMDB	HMDB0001488_35_shen	Nicotinic acid	inchikey_connectivity_formula_mass	2	FALSE	TRUE	8.99987639968458e-10	2.24996909992115e-06
NIACINE	14896	HMDB	HMDB0001488_36_shen	Nicotinic acid	inchikey_connectivity_formula_mass	2	FALSE	TRUE	8.99987639968458e-10	2.24996909992115e-06
NIACINE	14897	HMDB	HMDB0001488_37_shen	Nicotinic acid	inchikey_connectivity_formula_mass	2	FALSE	TRUE	8.99987639968458e-10	2.24996909992115e-06
NIACINE	14898	HMDB	HMDB0001488_38_shen	Nicotinic acid	inchikey_connectivity_formula_mass	2	FALSE	TRUE	8.99987639968458e-10	2.24996909992115e-06
NIACINE	14899	HMDB	HMDB0001488_39_shen	Nicotinic acid	inchikey_connectivity_formula_mass	2	FALSE	TRUE	8.99987639968458e-10	2.24996909992115e-06
NIACINE	14900	HMDB	HMDB0001488_40_shen	Nicotinic acid	inchikey_connectivity_formula_mass	2	FALSE	TRUE	8.99987639968458e-10	2.24996909992115e-06
NIACINE	14901	HMDB	HMDB0001488_41_shen	Nicotinic acid	inchikey_connectivity_formula_mass	2	FALSE	TRUE	8.99987639968458e-10	2.24996909992115e-06
NIACINE	14902	HMDB	HMDB0001488_42_shen	Nicotinic acid	inchikey_connectivity_formula_mass	2	FALSE	TRUE	8.99987639968458e-10	2.24996909992115e-06
NIACINE	14903	HMDB	HMDB0001488_43_shen	Nicotinic acid	inchikey_connectivity_formula_mass	2	FALSE	TRUE	8.99987639968458e-10	2.24996909992115e-06
NIACINE	14904	HMDB	HMDB0001488_44_shen	Nicotinic acid	inchikey_connectivity_formula_mass	2	FALSE	TRUE	8.99987639968458e-10	2.24996909992115e-06
NIACINE	14905	HMDB	HMDB0001488_45_shen	Nicotinic acid	inchikey_connectivity_formula_mass	2	FALSE	TRUE	8.99987639968458e-10	2.24996909992115e-06
NIACINE	14906	HMDB	HMDB0001488_46_shen	Nicotinic acid	inchikey_connectivity_formula_mass	2	FALSE	TRUE	8.99987639968458e-10	2.24996909992115e-06
NIACINE	14907	HMDB	HMDB0001488_47_shen	Nicotinic acid	inchikey_connectivity_formula_mass	2	FALSE	TRUE	8.99987639968458e-10	2.24996909992115e-06
NIACINE	14908	HMDB	HMDB0001488_48_shen	Nicotinic acid	inchikey_connectivity_formula_mass	2	FALSE	TRUE	8.99987639968458e-10	2.24996909992115e-06
NIACINE	14909	HMDB	HMDB0001488_49_shen	Nicotinic acid	inchikey_connectivity_formula_mass	2	FALSE	TRUE	8.99987639968458e-10	2.24996909992115e-06
NIACINE	14910	HMDB	HMDB0001488_50_shen	Nicotinic acid	inchikey_connectivity_formula_mass	2	FALSE	TRUE	8.99987639968458e-10	2.24996909992115e-06
NIACINE	14911	HMDB	HMDB0001488_51_shen	Nicotinic acid	inchikey_connectivity_formula_mass	2	FALSE	TRUE	8.99987639968458e-10	2.24996909992115e-06
NIACINE	14912	HMDB	HMDB0001488_52_shen	Nicotinic acid	inchikey_connectivity_formula_mass	2	FALSE	TRUE	8.99987639968458e-10	2.24996909992115e-06
NIACINE	14913	HMDB	HMDB0001488_53_shen	Nicotinic acid	inchikey_connectivity_formula_mass	2	FALSE	TRUE	8.99987639968458e-10	2.24996909992115e-06
NIACINE	14914	HMDB	HMDB0001488_54_shen	Nicotinic acid	inchikey_connectivity_formula_mass	2	FALSE	TRUE	8.99987639968458e-10	2.24996909992115e-06
NIACINE	14915	HMDB	HMDB0001488_55_shen	Nicotinic acid	inchikey_connectivity_formula_mass	2	FALSE	TRUE	8.99987639968458e-10	2.24996909992115e-06
NIACINE	14916	HMDB	HMDB0001488_56_shen	Nicotinic acid	inchikey_connectivity_formula_mass	2	FALSE	TRUE	8.99987639968458e-10	2.24996909992115e-06
NIACINE	14917	HMDB	HMDB0001488_57_shen	Nicotinic acid	inchikey_connectivity_formula_mass	2	FALSE	TRUE	8.99987639968458e-10	2.24996909992115e-06
NIACINE	14918	HMDB	HMDB0001488_58_shen	Nicotinic acid	inchikey_connectivity_formula_mass	2	FALSE	TRUE	8.99987639968458e-10	2.24996909992115e-06
NIACINE	14919	HMDB	HMDB0001488_59_shen	Nicotinic acid	inchikey_connectivity_formula_mass	2	FALSE	TRUE	8.99987639968458e-10	2.24996909992115e-06
NIACINE	14920	HMDB	HMDB0001488_60_shen	Nicotinic acid	inchikey_connectivity_formula_mass	2	FALSE	TRUE	8.99987639968458e-10	2.24996909992115e-06
NIACINE	14921	HMDB	HMDB0001488_61_shen	Nicotinic acid	inchikey_connectivity_formula_mass	2	FALSE	TRUE	8.99987639968458e-10	2.24996909992115e-06
NIACINE	14922	HMDB	HMDB0001488_62_shen	Nicotinic acid	inchikey_connectivity_formula_mass	2	FALSE	TRUE	8.99987639968458e-10	2.24996909992115e-06
NIACINE	14923	HMDB	HMDB0001488_63_shen	Nicotinic acid	inchikey_connectivity_formula_mass	2	FALSE	TRUE	8.99987639968458e-10	2.24996909992115e-06
NIACINE	14924	HMDB	HMDB0001488_64_shen	Nicotinic acid	inchikey_connectivity_formula_mass	2	FALSE	TRUE	8.99987639968458e-10	2.24996909992115e-06
NIACINE	14925	HMDB	HMDB0001488_65_shen	Nicotinic acid	inchikey_connectivity_formula_mass	2	FALSE	TRUE	8.99987639968458e-10	2.24996909992115e-06
NIACINE	14926	HMDB	HMDB0001488_66_shen	Nicotinic acid	inchikey_connectivity_formula_mass	2	FALSE	TRUE	8.99987639968458e-10	2.24996909992115e-06
NIACINE	14927	HMDB	HMDB0001488_67_shen	Nicotinic acid	inchikey_connectivity_formula_mass	2	FALSE	TRUE	8.99987639968458e-10	2.24996909992115e-06
NIACINE	14928	HMDB	HMDB0001488_68_shen	Nicotinic acid	inchikey_connectivity_formula_mass	2	FALSE	TRUE	8.99987639968458e-10	2.24996909992115e-06
NIACINE	14929	HMDB	HMDB0001488_69_shen	Nicotinic acid	inchikey_connectivity_formula_mass	2	FALSE	TRUE	8.99987639968458e-10	2.24996909992115e-06
NIACINE	14930	HMDB	HMDB0001488_70_shen	Nicotinic acid	inchikey_connectivity_formula_mass	2	FALSE	TRUE	8.99987639968458e-10	2.24996909992115e-06
NIACINE	14931	HMDB	HMDB0001488_71_shen	Nicotinic acid	inchikey_connectivity_formula_mass	2	FALSE	TRUE	8.99987639968458e-10	2.24996909992115e-06
NIACINE	14932	HMDB	HMDB0001488_72_shen	Nicotinic acid	inchikey_connectivity_formula_mass	2	FALSE	TRUE	8.99987639968458e-10	2.24996909992115e-06
NIACINE	14933	HMDB	HMDB0001488_73_shen	Nicotinic acid	inchikey_connectivity_formula_mass	2	FALSE	TRUE	8.99987639968458e-10	2.24996909992115e-06
NIACINE	14934	HMDB	HMDB0001488_74_shen	Nicotinic acid	inchikey_connectivity_formula_mass	2	FALSE	TRUE	8.99987639968458e-10	2.24996909992115e-06
RIBOSE-1P	14935	HMDB	HMDB0001489_1_shen	Ribose 1-phosphate	inchikey_connectivity_formula_mass	2	FALSE	TRUE	9.99875737761613e-11	2.49968934440403e-07
RIBOSE-1P	14936	HMDB	HMDB0001489_2_shen	Ribose 1-phosphate	inchikey_connectivity_formula_mass	2	FALSE	TRUE	9.99875737761613e-11	2.49968934440403e-07
RIBOSE-1P	14937	HMDB	HMDB0001489_3_shen	Ribose 1-phosphate	inchikey_connectivity_formula_mass	2	FALSE	TRUE	9.99875737761613e-11	2.49968934440403e-07
RIBOSE-1P	14938	HMDB	HMDB0001489_4_shen	Ribose 1-phosphate	inchikey_connectivity_formula_mass	2	FALSE	TRUE	9.99875737761613e-11	2.49968934440403e-07
RIBOSE-1P	14939	HMDB	HMDB0001489_5_shen	Ribose 1-phosphate	inchikey_connectivity_formula_mass	2	FALSE	TRUE	9.99875737761613e-11	2.49968934440403e-07
PYRIDOXAL_PHOSPHATE	14943	HMDB	HMDB0001491_1_shen	Pyridoxal 5'-phosphate	inchikey_connectivity_formula_mass	2	FALSE	TRUE	2.00003569261753e-10	5.00008923154383e-07
PYRIDOXAL_PHOSPHATE	14944	HMDB	HMDB0001491_2_shen	Pyridoxal 5'-phosphate	inchikey_connectivity_formula_mass	2	FALSE	TRUE	2.00003569261753e-10	5.00008923154383e-07
PYRIDOXAL_PHOSPHATE	14945	HMDB	HMDB0001491_3_shen	Pyridoxal 5'-phosphate	inchikey_connectivity_formula_mass	2	FALSE	TRUE	2.00003569261753e-10	5.00008923154383e-07
PYRIDOXAL_PHOSPHATE	14946	HMDB	HMDB0001491_4_shen	Pyridoxal 5'-phosphate	inchikey_connectivity_formula_mass	2	FALSE	TRUE	2.00003569261753e-10	5.00008923154383e-07
PYRIDOXAL_PHOSPHATE	14947	HMDB	HMDB0001491_5_shen	Pyridoxal 5'-phosphate	inchikey_connectivity_formula_mass	2	FALSE	TRUE	2.00003569261753e-10	5.00008923154383e-07
PYRIDOXAL_PHOSPHATE	14948	HMDB	HMDB0001491_6_shen	Pyridoxal 5'-phosphate	inchikey_connectivity_formula_mass	2	FALSE	TRUE	2.00003569261753e-10	5.00008923154383e-07
PYRIDOXAL_PHOSPHATE	14949	HMDB	HMDB0001491_7_shen	Pyridoxal 5'-phosphate	inchikey_connectivity_formula_mass	2	FALSE	TRUE	2.00003569261753e-10	5.00008923154383e-07
PYRIDOXAL_PHOSPHATE	14950	HMDB	HMDB0001491_8_shen	Pyridoxal 5'-phosphate	inchikey_connectivity_formula_mass	2	FALSE	TRUE	2.00003569261753e-10	5.00008923154383e-07
PYRIDOXAL_PHOSPHATE	14951	HMDB	HMDB0001491_9_shen	Pyridoxal 5'-phosphate	inchikey_connectivity_formula_mass	2	FALSE	TRUE	2.00003569261753e-10	5.00008923154383e-07
PYRIDOXAL_PHOSPHATE	14952	HMDB	HMDB0001491_10_shen	Pyridoxal 5'-phosphate	inchikey_connectivity_formula_mass	2	FALSE	TRUE	2.00003569261753e-10	5.00008923154383e-07
PYRIDOXAL_PHOSPHATE	14953	HMDB	HMDB0001491_11_shen	Pyridoxal 5'-phosphate	inchikey_connectivity_formula_mass	2	FALSE	TRUE	2.00003569261753e-10	5.00008923154383e-07
PYRIDOXAL_PHOSPHATE	14954	HMDB	HMDB0001491_12_shen	Pyridoxal 5'-phosphate	inchikey_connectivity_formula_mass	2	FALSE	TRUE	2.00003569261753e-10	5.00008923154383e-07
PYRIDOXAL_PHOSPHATE	14955	HMDB	HMDB0001491_13_shen	Pyridoxal 5'-phosphate	inchikey_connectivity_formula_mass	2	FALSE	TRUE	2.00003569261753e-10	5.00008923154383e-07
PYRIDOXAL_PHOSPHATE	14956	HMDB	HMDB0001491_14_shen	Pyridoxal 5'-phosphate	inchikey_connectivity_formula_mass	2	FALSE	TRUE	2.00003569261753e-10	5.00008923154383e-07
PYRIDOXAL_PHOSPHATE	14957	HMDB	HMDB0001491_15_shen	Pyridoxal 5'-phosphate	inchikey_connectivity_formula_mass	2	FALSE	TRUE	2.00003569261753e-10	5.00008923154383e-07
PYRIDOXAL_PHOSPHATE	14958	HMDB	HMDB0001491_16_shen	Pyridoxal 5'-phosphate	inchikey_connectivity_formula_mass	2	FALSE	TRUE	2.00003569261753e-10	5.00008923154383e-07
PYRIDOXAL_PHOSPHATE	14959	HMDB	HMDB0001491_17_shen	Pyridoxal 5'-phosphate	inchikey_connectivity_formula_mass	2	FALSE	TRUE	2.00003569261753e-10	5.00008923154383e-07
PYRIDOXAL_PHOSPHATE	14960	HMDB	HMDB0001491_18_shen	Pyridoxal 5'-phosphate	inchikey_connectivity_formula_mass	2	FALSE	TRUE	2.00003569261753e-10	5.00008923154383e-07
PYRIDOXAL_PHOSPHATE	14961	HMDB	HMDB0001491_19_shen	Pyridoxal 5'-phosphate	inchikey_connectivity_formula_mass	2	FALSE	TRUE	2.00003569261753e-10	5.00008923154383e-07
PYRIDOXAL_PHOSPHATE	14962	HMDB	HMDB0001491_20_shen	Pyridoxal 5'-phosphate	inchikey_connectivity_formula_mass	2	FALSE	TRUE	2.00003569261753e-10	5.00008923154383e-07
PYRIDOXAL_PHOSPHATE	14963	HMDB	HMDB0001491_21_shen	Pyridoxal 5'-phosphate	inchikey_connectivity_formula_mass	2	FALSE	TRUE	2.00003569261753e-10	5.00008923154383e-07
PYRIDOXAL_PHOSPHATE	14964	HMDB	HMDB0001491_22_shen	Pyridoxal 5'-phosphate	inchikey_connectivity_formula_mass	2	FALSE	TRUE	2.00003569261753e-10	5.00008923154383e-07
PYRIDOXAL_PHOSPHATE	14965	HMDB	HMDB0001491_23_shen	Pyridoxal 5'-phosphate	inchikey_connectivity_formula_mass	2	FALSE	TRUE	2.00003569261753e-10	5.00008923154383e-07
PYRIDOXAL_PHOSPHATE	14966	HMDB	HMDB0001491_24_shen	Pyridoxal 5'-phosphate	inchikey_connectivity_formula_mass	2	FALSE	TRUE	2.00003569261753e-10	5.00008923154383e-07
PYRIDOXAL_PHOSPHATE	14967	HMDB	HMDB0001491_25_shen	Pyridoxal 5'-phosphate	inchikey_connectivity_formula_mass	2	FALSE	TRUE	2.00003569261753e-10	5.00008923154383e-07
PYRIDOXAL_PHOSPHATE	14968	HMDB	HMDB0001491_26_shen	Pyridoxal 5'-phosphate	inchikey_connectivity_formula_mass	2	FALSE	TRUE	2.00003569261753e-10	5.00008923154383e-07
PYRIDOXAL_PHOSPHATE	14969	HMDB	HMDB0001491_27_shen	Pyridoxal 5'-phosphate	inchikey_connectivity_formula_mass	2	FALSE	TRUE	2.00003569261753e-10	5.00008923154383e-07
PYRIDOXAL_PHOSPHATE	14970	HMDB	HMDB0001491_28_shen	Pyridoxal 5'-phosphate	inchikey_connectivity_formula_mass	2	FALSE	TRUE	2.00003569261753e-10	5.00008923154383e-07
GAMA-TOCOPHEROL	14971	HMDB	HMDB0001492_1_shen	gamma-Tocopherol	inchikey	1	TRUE	TRUE	5.00000396641553e-09	1.20086913963744e-05
GAMA-TOCOPHEROL	14972	HMDB	HMDB0001492_2_shen	gamma-Tocopherol	inchikey	1	TRUE	TRUE	5.00000396641553e-09	1.20086913963744e-05
GAMA-TOCOPHEROL	14973	HMDB	HMDB0001492_3_shen	gamma-Tocopherol	inchikey	1	TRUE	TRUE	5.00000396641553e-09	1.20086913963744e-05
GAMA-TOCOPHEROL	14974	HMDB	HMDB0001492_4_shen	gamma-Tocopherol	inchikey	1	TRUE	TRUE	5.00000396641553e-09	1.20086913963744e-05
GAMA-TOCOPHEROL	14975	HMDB	HMDB0001492_5_shen	gamma-Tocopherol	inchikey	1	TRUE	TRUE	5.00000396641553e-09	1.20086913963744e-05
GAMA-TOCOPHEROL	14976	HMDB	HMDB0001492_6_shen	gamma-Tocopherol	inchikey	1	TRUE	TRUE	5.00000396641553e-09	1.20086913963744e-05
GAMA-TOCOPHEROL	14977	HMDB	HMDB0001492_7_shen	gamma-Tocopherol	inchikey	1	TRUE	TRUE	5.00000396641553e-09	1.20086913963744e-05
GAMA-TOCOPHEROL	14978	HMDB	HMDB0001492_8_shen	gamma-Tocopherol	inchikey	1	TRUE	TRUE	5.00000396641553e-09	1.20086913963744e-05
GAMA-TOCOPHEROL	14979	HMDB	HMDB0001492_9_shen	gamma-Tocopherol	inchikey	1	TRUE	TRUE	5.00000396641553e-09	1.20086913963744e-05
GAMA-TOCOPHEROL	14980	HMDB	HMDB0001492_10_shen	gamma-Tocopherol	inchikey	1	TRUE	TRUE	5.00000396641553e-09	1.20086913963744e-05
GAMA-TOCOPHEROL	14981	HMDB	HMDB0001492_11_shen	gamma-Tocopherol	inchikey	1	TRUE	TRUE	5.00000396641553e-09	1.20086913963744e-05
GAMA-TOCOPHEROL	14982	HMDB	HMDB0001492_12_shen	gamma-Tocopherol	inchikey	1	TRUE	TRUE	5.00000396641553e-09	1.20086913963744e-05
GAMA-TOCOPHEROL	14983	HMDB	HMDB0001492_13_shen	gamma-Tocopherol	inchikey	1	TRUE	TRUE	5.00000396641553e-09	1.20086913963744e-05
GAMA-TOCOPHEROL	14984	HMDB	HMDB0001492_14_shen	gamma-Tocopherol	inchikey	1	TRUE	TRUE	5.00000396641553e-09	1.20086913963744e-05
GAMA-TOCOPHEROL	14985	HMDB	HMDB0001492_15_shen	gamma-Tocopherol	inchikey	1	TRUE	TRUE	5.00000396641553e-09	1.20086913963744e-05
GAMA-TOCOPHEROL	14986	HMDB	HMDB0001492_16_shen	gamma-Tocopherol	inchikey	1	TRUE	TRUE	5.00000396641553e-09	1.20086913963744e-05
GAMA-TOCOPHEROL	14987	HMDB	HMDB0001492_17_shen	gamma-Tocopherol	inchikey	1	TRUE	TRUE	5.00000396641553e-09	1.20086913963744e-05
GAMA-TOCOPHEROL	14988	HMDB	HMDB0001492_18_shen	gamma-Tocopherol	inchikey	1	TRUE	TRUE	5.00000396641553e-09	1.20086913963744e-05
GAMA-TOCOPHEROL	14989	HMDB	HMDB0001492_19_shen	gamma-Tocopherol	inchikey	1	TRUE	TRUE	5.00000396641553e-09	1.20086913963744e-05
GAMA-TOCOPHEROL	14990	HMDB	HMDB0001492_20_shen	gamma-Tocopherol	inchikey	1	TRUE	TRUE	5.00000396641553e-09	1.20086913963744e-05
GAMA-TOCOPHEROL	14991	HMDB	HMDB0001492_21_shen	gamma-Tocopherol	inchikey	1	TRUE	TRUE	5.00000396641553e-09	1.20086913963744e-05
GAMA-TOCOPHEROL	14992	HMDB	HMDB0001492_22_shen	gamma-Tocopherol	inchikey	1	TRUE	TRUE	5.00000396641553e-09	1.20086913963744e-05
GAMA-TOCOPHEROL	14993	HMDB	HMDB0001492_23_shen	gamma-Tocopherol	inchikey	1	TRUE	TRUE	5.00000396641553e-09	1.20086913963744e-05
GAMA-TOCOPHEROL	14994	HMDB	HMDB0001492_24_shen	gamma-Tocopherol	inchikey	1	TRUE	TRUE	5.00000396641553e-09	1.20086913963744e-05
GAMA-TOCOPHEROL	14995	HMDB	HMDB0001492_25_shen	gamma-Tocopherol	inchikey	1	TRUE	TRUE	5.00000396641553e-09	1.20086913963744e-05
GAMA-TOCOPHEROL	14996	HMDB	HMDB0001492_26_shen	gamma-Tocopherol	inchikey	1	TRUE	TRUE	5.00000396641553e-09	1.20086913963744e-05
GAMA-TOCOPHEROL	14997	HMDB	HMDB0001492_27_shen	gamma-Tocopherol	inchikey	1	TRUE	TRUE	5.00000396641553e-09	1.20086913963744e-05
GAMA-TOCOPHEROL	14998	HMDB	HMDB0001492_28_shen	gamma-Tocopherol	inchikey	1	TRUE	TRUE	5.00000396641553e-09	1.20086913963744e-05
GAMA-TOCOPHEROL	14999	HMDB	HMDB0001492_29_shen	gamma-Tocopherol	inchikey	1	TRUE	TRUE	5.00000396641553e-09	1.20086913963744e-05
GAMA-TOCOPHEROL	15000	HMDB	HMDB0001492_30_shen	gamma-Tocopherol	inchikey	1	TRUE	TRUE	5.00000396641553e-09	1.20086913963744e-05
GAMA-TOCOPHEROL	15001	HMDB	HMDB0001492_31_shen	gamma-Tocopherol	inchikey	1	TRUE	TRUE	5.00000396641553e-09	1.20086913963744e-05
GAMA-TOCOPHEROL	15002	HMDB	HMDB0001492_32_shen	gamma-Tocopherol	inchikey	1	TRUE	TRUE	5.00000396641553e-09	1.20086913963744e-05
GAMA-TOCOPHEROL	15003	HMDB	HMDB0001492_33_shen	gamma-Tocopherol	inchikey	1	TRUE	TRUE	5.00000396641553e-09	1.20086913963744e-05
GAMA-TOCOPHEROL	15004	HMDB	HMDB0001492_34_shen	gamma-Tocopherol	inchikey	1	TRUE	TRUE	5.00000396641553e-09	1.20086913963744e-05
GAMA-TOCOPHEROL	15005	HMDB	HMDB0001492_35_shen	gamma-Tocopherol	inchikey	1	TRUE	TRUE	5.00000396641553e-09	1.20086913963744e-05
GAMA-TOCOPHEROL	15006	HMDB	HMDB0001492_36_shen	gamma-Tocopherol	inchikey	1	TRUE	TRUE	5.00000396641553e-09	1.20086913963744e-05
GAMA-TOCOPHEROL	15007	HMDB	HMDB0001492_37_shen	gamma-Tocopherol	inchikey	1	TRUE	TRUE	5.00000396641553e-09	1.20086913963744e-05
GAMA-TOCOPHEROL	15008	HMDB	HMDB0001492_38_shen	gamma-Tocopherol	inchikey	1	TRUE	TRUE	5.00000396641553e-09	1.20086913963744e-05
GAMA-TOCOPHEROL	15009	HMDB	HMDB0001492_39_shen	gamma-Tocopherol	inchikey	1	TRUE	TRUE	5.00000396641553e-09	1.20086913963744e-05
GAMA-TOCOPHEROL	15010	HMDB	HMDB0001492_40_shen	gamma-Tocopherol	inchikey	1	TRUE	TRUE	5.00000396641553e-09	1.20086913963744e-05
GAMA-TOCOPHEROL	15011	HMDB	HMDB0001492_41_shen	gamma-Tocopherol	inchikey	1	TRUE	TRUE	5.00000396641553e-09	1.20086913963744e-05
GAMA-TOCOPHEROL	15012	HMDB	HMDB0001492_42_shen	gamma-Tocopherol	inchikey	1	TRUE	TRUE	5.00000396641553e-09	1.20086913963744e-05
GAMA-TOCOPHEROL	15013	HMDB	HMDB0001492_43_shen	gamma-Tocopherol	inchikey	1	TRUE	TRUE	5.00000396641553e-09	1.20086913963744e-05
GAMA-TOCOPHEROL	15014	HMDB	HMDB0001492_44_shen	gamma-Tocopherol	inchikey	1	TRUE	TRUE	5.00000396641553e-09	1.20086913963744e-05
GAMA-TOCOPHEROL	15015	HMDB	HMDB0001492_45_shen	gamma-Tocopherol	inchikey	1	TRUE	TRUE	5.00000396641553e-09	1.20086913963744e-05
GAMA-TOCOPHEROL	15016	HMDB	HMDB0001492_46_shen	gamma-Tocopherol	inchikey	1	TRUE	TRUE	5.00000396641553e-09	1.20086913963744e-05
GAMA-TOCOPHEROL	15017	HMDB	HMDB0001492_47_shen	gamma-Tocopherol	inchikey	1	TRUE	TRUE	5.00000396641553e-09	1.20086913963744e-05
GAMA-TOCOPHEROL	15018	HMDB	HMDB0001492_48_shen	gamma-Tocopherol	inchikey	1	TRUE	TRUE	5.00000396641553e-09	1.20086913963744e-05
GAMA-TOCOPHEROL	15019	HMDB	HMDB0001492_49_shen	gamma-Tocopherol	inchikey	1	TRUE	TRUE	5.00000396641553e-09	1.20086913963744e-05
GAMA-TOCOPHEROL	15020	HMDB	HMDB0001492_50_shen	gamma-Tocopherol	inchikey	1	TRUE	TRUE	5.00000396641553e-09	1.20086913963744e-05
GAMA-TOCOPHEROL	15021	HMDB	HMDB0001492_51_shen	gamma-Tocopherol	inchikey	1	TRUE	TRUE	5.00000396641553e-09	1.20086913963744e-05
GAMA-TOCOPHEROL	15022	HMDB	HMDB0001492_52_shen	gamma-Tocopherol	inchikey	1	TRUE	TRUE	5.00000396641553e-09	1.20086913963744e-05
GAMA-TOCOPHEROL	15023	HMDB	HMDB0001492_53_shen	gamma-Tocopherol	inchikey	1	TRUE	TRUE	5.00000396641553e-09	1.20086913963744e-05
GAMA-TOCOPHEROL	15024	HMDB	HMDB0001492_54_shen	gamma-Tocopherol	inchikey	1	TRUE	TRUE	5.00000396641553e-09	1.20086913963744e-05
ACETYL-P	15025	HMDB	HMDB0001494_1_shen	Acetylphosphate	inchikey_connectivity_formula_mass	2	FALSE	TRUE	9.99989424599335e-10	2.49997356149834e-06
ACETYL-P	15026	HMDB	HMDB0001494_2_shen	Acetylphosphate	inchikey_connectivity_formula_mass	2	FALSE	TRUE	9.99989424599335e-10	2.49997356149834e-06
ACETYL-P	15027	HMDB	HMDB0001494_3_shen	Acetylphosphate	inchikey_connectivity_formula_mass	2	FALSE	TRUE	9.99989424599335e-10	2.49997356149834e-06
CREATINE-P	15158	HMDB	HMDB0001511_1_shen	Phosphocreatine	inchikey_connectivity_formula_mass	2	FALSE	TRUE	9.99875737761613e-11	2.49968934440403e-07
CREATINE-P	15159	HMDB	HMDB0001511_2_shen	Phosphocreatine	inchikey_connectivity_formula_mass	2	FALSE	TRUE	9.99875737761613e-11	2.49968934440403e-07
CREATINE-P	15160	HMDB	HMDB0001511_3_shen	Phosphocreatine	inchikey_connectivity_formula_mass	2	FALSE	TRUE	9.99875737761613e-11	2.49968934440403e-07
CREATINE-P	15161	HMDB	HMDB0001511_4_shen	Phosphocreatine	inchikey_connectivity_formula_mass	2	FALSE	TRUE	9.99875737761613e-11	2.49968934440403e-07
CREATINE-P	15162	HMDB	HMDB0001511_5_shen	Phosphocreatine	inchikey_connectivity_formula_mass	2	FALSE	TRUE	9.99875737761613e-11	2.49968934440403e-07
CREATINE-P	15163	HMDB	HMDB0001511_6_shen	Phosphocreatine	inchikey_connectivity_formula_mass	2	FALSE	TRUE	9.99875737761613e-11	2.49968934440403e-07
CREATINE-P	15164	HMDB	HMDB0001511_7_shen	Phosphocreatine	inchikey_connectivity_formula_mass	2	FALSE	TRUE	9.99875737761613e-11	2.49968934440403e-07
CREATINE-P	15165	HMDB	HMDB0001511_8_shen	Phosphocreatine	inchikey_connectivity_formula_mass	2	FALSE	TRUE	9.99875737761613e-11	2.49968934440403e-07
CREATINE-P	15166	HMDB	HMDB0001511_9_shen	Phosphocreatine	inchikey_connectivity_formula_mass	2	FALSE	TRUE	9.99875737761613e-11	2.49968934440403e-07
CREATINE-P	15167	HMDB	HMDB0001511_10_shen	Phosphocreatine	inchikey_connectivity_formula_mass	2	FALSE	TRUE	9.99875737761613e-11	2.49968934440403e-07
CREATINE-P	15168	HMDB	HMDB0001511_11_shen	Phosphocreatine	inchikey_connectivity_formula_mass	2	FALSE	TRUE	9.99875737761613e-11	2.49968934440403e-07
CREATINE-P	15169	HMDB	HMDB0001511_12_shen	Phosphocreatine	inchikey_connectivity_formula_mass	2	FALSE	TRUE	9.99875737761613e-11	2.49968934440403e-07
CREATINE-P	15170	HMDB	HMDB0001511_13_shen	Phosphocreatine	inchikey_connectivity_formula_mass	2	FALSE	TRUE	9.99875737761613e-11	2.49968934440403e-07
CREATINE-P	15171	HMDB	HMDB0001511_14_shen	Phosphocreatine	inchikey_connectivity_formula_mass	2	FALSE	TRUE	9.99875737761613e-11	2.49968934440403e-07
CREATINE-P	15172	HMDB	HMDB0001511_15_shen	Phosphocreatine	inchikey_connectivity_formula_mass	2	FALSE	TRUE	9.99875737761613e-11	2.49968934440403e-07
CREATINE-P	15173	HMDB	HMDB0001511_16_shen	Phosphocreatine	inchikey_connectivity_formula_mass	2	FALSE	TRUE	9.99875737761613e-11	2.49968934440403e-07
CREATINE-P	15174	HMDB	HMDB0001511_17_shen	Phosphocreatine	inchikey_connectivity_formula_mass	2	FALSE	TRUE	9.99875737761613e-11	2.49968934440403e-07
CREATINE-P	15175	HMDB	HMDB0001511_18_shen	Phosphocreatine	inchikey_connectivity_formula_mass	2	FALSE	TRUE	9.99875737761613e-11	2.49968934440403e-07
CREATINE-P	15176	HMDB	HMDB0001511_19_shen	Phosphocreatine	inchikey_connectivity_formula_mass	2	FALSE	TRUE	9.99875737761613e-11	2.49968934440403e-07
CREATINE-P	15177	HMDB	HMDB0001511_20_shen	Phosphocreatine	inchikey_connectivity_formula_mass	2	FALSE	TRUE	9.99875737761613e-11	2.49968934440403e-07
CREATINE-P	15178	HMDB	HMDB0001511_21_shen	Phosphocreatine	inchikey_connectivity_formula_mass	2	FALSE	TRUE	9.99875737761613e-11	2.49968934440403e-07
CREATINE-P	15179	HMDB	HMDB0001511_22_shen	Phosphocreatine	inchikey_connectivity_formula_mass	2	FALSE	TRUE	9.99875737761613e-11	2.49968934440403e-07
CREATINE-P	15180	HMDB	HMDB0001511_23_shen	Phosphocreatine	inchikey_connectivity_formula_mass	2	FALSE	TRUE	9.99875737761613e-11	2.49968934440403e-07
CREATINE-P	15181	HMDB	HMDB0001511_24_shen	Phosphocreatine	inchikey_connectivity_formula_mass	2	FALSE	TRUE	9.99875737761613e-11	2.49968934440403e-07
CREATINE-P	15182	HMDB	HMDB0001511_25_shen	Phosphocreatine	inchikey_connectivity_formula_mass	2	FALSE	TRUE	9.99875737761613e-11	2.49968934440403e-07
CREATINE-P	15183	HMDB	HMDB0001511_26_shen	Phosphocreatine	inchikey_connectivity_formula_mass	2	FALSE	TRUE	9.99875737761613e-11	2.49968934440403e-07
CREATINE-P	15184	HMDB	HMDB0001511_27_shen	Phosphocreatine	inchikey_connectivity_formula_mass	2	FALSE	TRUE	9.99875737761613e-11	2.49968934440403e-07
GLUCOSAMINE	15185	HMDB	HMDB0001514_1_shen	Glucosamine	inchikey_connectivity_formula_mass	2	FALSE	TRUE	2.00006411432696e-09	5.0001602858174e-06
GLUCOSAMINE	15186	HMDB	HMDB0001514_2_shen	Glucosamine	inchikey_connectivity_formula_mass	2	FALSE	TRUE	2.00006411432696e-09	5.0001602858174e-06
GLUCOSAMINE	15187	HMDB	HMDB0001514_3_shen	Glucosamine	inchikey_connectivity_formula_mass	2	FALSE	TRUE	2.00006411432696e-09	5.0001602858174e-06
GLUCOSAMINE	15188	HMDB	HMDB0001514_4_shen	Glucosamine	inchikey_connectivity_formula_mass	2	FALSE	TRUE	2.00006411432696e-09	5.0001602858174e-06
GLUCOSAMINE	15189	HMDB	HMDB0001514_5_shen	Glucosamine	inchikey_connectivity_formula_mass	2	FALSE	TRUE	2.00006411432696e-09	5.0001602858174e-06
GLUCOSAMINE	15190	HMDB	HMDB0001514_6_shen	Glucosamine	inchikey_connectivity_formula_mass	2	FALSE	TRUE	2.00006411432696e-09	5.0001602858174e-06
GLUCOSAMINE	15191	HMDB	HMDB0001514_7_shen	Glucosamine	inchikey_connectivity_formula_mass	2	FALSE	TRUE	2.00006411432696e-09	5.0001602858174e-06
GLUCOSAMINE	15192	HMDB	HMDB0001514_8_shen	Glucosamine	inchikey_connectivity_formula_mass	2	FALSE	TRUE	2.00006411432696e-09	5.0001602858174e-06
GLUCOSAMINE	15193	HMDB	HMDB0001514_9_shen	Glucosamine	inchikey_connectivity_formula_mass	2	FALSE	TRUE	2.00006411432696e-09	5.0001602858174e-06
GLUCOSAMINE	15194	HMDB	HMDB0001514_10_shen	Glucosamine	inchikey_connectivity_formula_mass	2	FALSE	TRUE	2.00006411432696e-09	5.0001602858174e-06
GLUCOSAMINE	15195	HMDB	HMDB0001514_11_shen	Glucosamine	inchikey_connectivity_formula_mass	2	FALSE	TRUE	2.00006411432696e-09	5.0001602858174e-06
GLUCOSAMINE	15196	HMDB	HMDB0001514_12_shen	Glucosamine	inchikey_connectivity_formula_mass	2	FALSE	TRUE	2.00006411432696e-09	5.0001602858174e-06
GLUCOSAMINE	15197	HMDB	HMDB0001514_13_shen	Glucosamine	inchikey_connectivity_formula_mass	2	FALSE	TRUE	2.00006411432696e-09	5.0001602858174e-06
GLUCOSAMINE	15198	HMDB	HMDB0001514_14_shen	Glucosamine	inchikey_connectivity_formula_mass	2	FALSE	TRUE	2.00006411432696e-09	5.0001602858174e-06
GLUCOSAMINE	15199	HMDB	HMDB0001514_15_shen	Glucosamine	inchikey_connectivity_formula_mass	2	FALSE	TRUE	2.00006411432696e-09	5.0001602858174e-06
GLUCOSAMINE	15200	HMDB	HMDB0001514_16_shen	Glucosamine	inchikey_connectivity_formula_mass	2	FALSE	TRUE	2.00006411432696e-09	5.0001602858174e-06
GLUCOSAMINE	15201	HMDB	HMDB0001514_17_shen	Glucosamine	inchikey_connectivity_formula_mass	2	FALSE	TRUE	2.00006411432696e-09	5.0001602858174e-06
GLUCOSAMINE	15202	HMDB	HMDB0001514_18_shen	Glucosamine	inchikey_connectivity_formula_mass	2	FALSE	TRUE	2.00006411432696e-09	5.0001602858174e-06
GLUCOSAMINE	15203	HMDB	HMDB0001514_19_shen	Glucosamine	inchikey_connectivity_formula_mass	2	FALSE	TRUE	2.00006411432696e-09	5.0001602858174e-06
GLUCOSAMINE	15204	HMDB	HMDB0001514_20_shen	Glucosamine	inchikey_connectivity_formula_mass	2	FALSE	TRUE	2.00006411432696e-09	5.0001602858174e-06
GLUCOSAMINE	15205	HMDB	HMDB0001514_21_shen	Glucosamine	inchikey_connectivity_formula_mass	2	FALSE	TRUE	2.00006411432696e-09	5.0001602858174e-06
GLUCOSAMINE	15206	HMDB	HMDB0001514_22_shen	Glucosamine	inchikey_connectivity_formula_mass	2	FALSE	TRUE	2.00006411432696e-09	5.0001602858174e-06
GLUCOSAMINE	15207	HMDB	HMDB0001514_23_shen	Glucosamine	inchikey_connectivity_formula_mass	2	FALSE	TRUE	2.00006411432696e-09	5.0001602858174e-06
AICAR	15208	HMDB	HMDB0001517_1_shen	AICAR	inchikey_connectivity_formula_mass	2	FALSE	TRUE	1.0999769983755e-09	2.74994249593874e-06
AICAR	15209	HMDB	HMDB0001517_2_shen	AICAR	inchikey_connectivity_formula_mass	2	FALSE	TRUE	1.0999769983755e-09	2.74994249593874e-06
AICAR	15210	HMDB	HMDB0001517_3_shen	AICAR	inchikey_connectivity_formula_mass	2	FALSE	TRUE	1.0999769983755e-09	2.74994249593874e-06
AICAR	15211	HMDB	HMDB0001517_4_shen	AICAR	inchikey_connectivity_formula_mass	2	FALSE	TRUE	1.0999769983755e-09	2.74994249593874e-06
AICAR	15212	HMDB	HMDB0001517_5_shen	AICAR	inchikey_connectivity_formula_mass	2	FALSE	TRUE	1.0999769983755e-09	2.74994249593874e-06
AICAR	15213	HMDB	HMDB0001517_6_shen	AICAR	inchikey_connectivity_formula_mass	2	FALSE	TRUE	1.0999769983755e-09	2.74994249593874e-06
AICAR	15214	HMDB	HMDB0001517_7_shen	AICAR	inchikey_connectivity_formula_mass	2	FALSE	TRUE	1.0999769983755e-09	2.74994249593874e-06
AICAR	15215	HMDB	HMDB0001517_8_shen	AICAR	inchikey_connectivity_formula_mass	2	FALSE	TRUE	1.0999769983755e-09	2.74994249593874e-06
AICAR	15216	HMDB	HMDB0001517_9_shen	AICAR	inchikey_connectivity_formula_mass	2	FALSE	TRUE	1.0999769983755e-09	2.74994249593874e-06
AICAR	15217	HMDB	HMDB0001517_10_shen	AICAR	inchikey_connectivity_formula_mass	2	FALSE	TRUE	1.0999769983755e-09	2.74994249593874e-06
AICAR	15218	HMDB	HMDB0001517_11_shen	AICAR	inchikey_connectivity_formula_mass	2	FALSE	TRUE	1.0999769983755e-09	2.74994249593874e-06
AICAR	15219	HMDB	HMDB0001517_12_shen	AICAR	inchikey_connectivity_formula_mass	2	FALSE	TRUE	1.0999769983755e-09	2.74994249593874e-06
AICAR	15220	HMDB	HMDB0001517_13_shen	AICAR	inchikey_connectivity_formula_mass	2	FALSE	TRUE	1.0999769983755e-09	2.74994249593874e-06
AICAR	15221	HMDB	HMDB0001517_14_shen	AICAR	inchikey_connectivity_formula_mass	2	FALSE	TRUE	1.0999769983755e-09	2.74994249593874e-06
AICAR	15222	HMDB	HMDB0001517_15_shen	AICAR	inchikey_connectivity_formula_mass	2	FALSE	TRUE	1.0999769983755e-09	2.74994249593874e-06
AICAR	15223	HMDB	HMDB0001517_16_shen	AICAR	inchikey_connectivity_formula_mass	2	FALSE	TRUE	1.0999769983755e-09	2.74994249593874e-06
AICAR	15224	HMDB	HMDB0001517_17_shen	AICAR	inchikey_connectivity_formula_mass	2	FALSE	TRUE	1.0999769983755e-09	2.74994249593874e-06
AICAR	15225	HMDB	HMDB0001517_18_shen	AICAR	inchikey_connectivity_formula_mass	2	FALSE	TRUE	1.0999769983755e-09	2.74994249593874e-06
AICAR	15226	HMDB	HMDB0001517_19_shen	AICAR	inchikey_connectivity_formula_mass	2	FALSE	TRUE	1.0999769983755e-09	2.74994249593874e-06
AICAR	15227	HMDB	HMDB0001517_20_shen	AICAR	inchikey_connectivity_formula_mass	2	FALSE	TRUE	1.0999769983755e-09	2.74994249593874e-06
AICAR	15228	HMDB	HMDB0001517_21_shen	AICAR	inchikey_connectivity_formula_mass	2	FALSE	TRUE	1.0999769983755e-09	2.74994249593874e-06
AICAR	15229	HMDB	HMDB0001517_22_shen	AICAR	inchikey_connectivity_formula_mass	2	FALSE	TRUE	1.0999769983755e-09	2.74994249593874e-06
AICAR	15230	HMDB	HMDB0001517_23_shen	AICAR	inchikey_connectivity_formula_mass	2	FALSE	TRUE	1.0999769983755e-09	2.74994249593874e-06
AICAR	15231	HMDB	HMDB0001517_24_shen	AICAR	inchikey_connectivity_formula_mass	2	FALSE	TRUE	1.0999769983755e-09	2.74994249593874e-06
AICAR	15232	HMDB	HMDB0001517_25_shen	AICAR	inchikey_connectivity_formula_mass	2	FALSE	TRUE	1.0999769983755e-09	2.74994249593874e-06
AICAR	15233	HMDB	HMDB0001517_26_shen	AICAR	inchikey_connectivity_formula_mass	2	FALSE	TRUE	1.0999769983755e-09	2.74994249593874e-06
AICAR	15234	HMDB	HMDB0001517_27_shen	AICAR	inchikey_connectivity_formula_mass	2	FALSE	TRUE	1.0999769983755e-09	2.74994249593874e-06
MANNITOL-1P	15338	HMDB	HMDB0001530_1_shen	Mannitol 1-phosphate	inchikey_connectivity_formula_mass	2	FALSE	TRUE	4.00007138523506e-10	1.00001784630877e-06
MANNITOL-1P	15339	HMDB	HMDB0001530_2_shen	Mannitol 1-phosphate	inchikey_connectivity_formula_mass	2	FALSE	TRUE	4.00007138523506e-10	1.00001784630877e-06
MANNITOL-1P	15340	HMDB	HMDB0001530_3_shen	Mannitol 1-phosphate	inchikey_connectivity_formula_mass	2	FALSE	TRUE	4.00007138523506e-10	1.00001784630877e-06
MANNITOL-1P	15341	HMDB	HMDB0001530_4_shen	Mannitol 1-phosphate	inchikey_connectivity_formula_mass	2	FALSE	TRUE	4.00007138523506e-10	1.00001784630877e-06
MANNITOL-1P	15342	HMDB	HMDB0001530_5_shen	Mannitol 1-phosphate	inchikey_connectivity_formula_mass	2	FALSE	TRUE	4.00007138523506e-10	1.00001784630877e-06
MANNITOL-1P	15343	HMDB	HMDB0001530_6_shen	Mannitol 1-phosphate	inchikey_connectivity_formula_mass	2	FALSE	TRUE	4.00007138523506e-10	1.00001784630877e-06
MANNITOL-1P	15344	HMDB	HMDB0001530_7_shen	Mannitol 1-phosphate	inchikey_connectivity_formula_mass	2	FALSE	TRUE	4.00007138523506e-10	1.00001784630877e-06
MANNITOL-1P	15345	HMDB	HMDB0001530_8_shen	Mannitol 1-phosphate	inchikey_connectivity_formula_mass	2	FALSE	TRUE	4.00007138523506e-10	1.00001784630877e-06
MANNITOL-1P	15346	HMDB	HMDB0001530_9_shen	Mannitol 1-phosphate	inchikey_connectivity_formula_mass	2	FALSE	TRUE	4.00007138523506e-10	1.00001784630877e-06
MANNITOL-1P	15347	HMDB	HMDB0001530_10_shen	Mannitol 1-phosphate	inchikey_connectivity_formula_mass	2	FALSE	TRUE	4.00007138523506e-10	1.00001784630877e-06
MANNITOL-1P	15348	HMDB	HMDB0001530_11_shen	Mannitol 1-phosphate	inchikey_connectivity_formula_mass	2	FALSE	TRUE	4.00007138523506e-10	1.00001784630877e-06
MANNITOL-1P	15349	HMDB	HMDB0001530_12_shen	Mannitol 1-phosphate	inchikey_connectivity_formula_mass	2	FALSE	TRUE	4.00007138523506e-10	1.00001784630877e-06
MANNITOL-1P	15350	HMDB	HMDB0001530_13_shen	Mannitol 1-phosphate	inchikey_connectivity_formula_mass	2	FALSE	TRUE	4.00007138523506e-10	1.00001784630877e-06
MANNITOL-1P	15351	HMDB	HMDB0001530_14_shen	Mannitol 1-phosphate	inchikey_connectivity_formula_mass	2	FALSE	TRUE	4.00007138523506e-10	1.00001784630877e-06
MANNITOL-1P	15352	HMDB	HMDB0001530_15_shen	Mannitol 1-phosphate	inchikey_connectivity_formula_mass	2	FALSE	TRUE	4.00007138523506e-10	1.00001784630877e-06
MANNITOL-1P	15353	HMDB	HMDB0001530_16_shen	Mannitol 1-phosphate	inchikey_connectivity_formula_mass	2	FALSE	TRUE	4.00007138523506e-10	1.00001784630877e-06
MANNITOL-1P	15354	HMDB	HMDB0001530_17_shen	Mannitol 1-phosphate	inchikey_connectivity_formula_mass	2	FALSE	TRUE	4.00007138523506e-10	1.00001784630877e-06
MANNITOL-1P	15355	HMDB	HMDB0001530_18_shen	Mannitol 1-phosphate	inchikey_connectivity_formula_mass	2	FALSE	TRUE	4.00007138523506e-10	1.00001784630877e-06
MANNITOL-1P	15356	HMDB	HMDB0001530_19_shen	Mannitol 1-phosphate	inchikey_connectivity_formula_mass	2	FALSE	TRUE	4.00007138523506e-10	1.00001784630877e-06
MANNITOL-1P	15357	HMDB	HMDB0001530_20_shen	Mannitol 1-phosphate	inchikey_connectivity_formula_mass	2	FALSE	TRUE	4.00007138523506e-10	1.00001784630877e-06
MANNITOL-1P	15358	HMDB	HMDB0001530_21_shen	Mannitol 1-phosphate	inchikey_connectivity_formula_mass	2	FALSE	TRUE	4.00007138523506e-10	1.00001784630877e-06
MANNITOL-1P	15359	HMDB	HMDB0001530_22_shen	Mannitol 1-phosphate	inchikey_connectivity_formula_mass	2	FALSE	TRUE	4.00007138523506e-10	1.00001784630877e-06
MANNITOL-1P	15360	HMDB	HMDB0001530_23_shen	Mannitol 1-phosphate	inchikey_connectivity_formula_mass	2	FALSE	TRUE	4.00007138523506e-10	1.00001784630877e-06
MANNITOL-1P	15361	HMDB	HMDB0001530_24_shen	Mannitol 1-phosphate	inchikey_connectivity_formula_mass	2	FALSE	TRUE	4.00007138523506e-10	1.00001784630877e-06
MANNITOL-1P	15362	HMDB	HMDB0001530_25_shen	Mannitol 1-phosphate	inchikey_connectivity_formula_mass	2	FALSE	TRUE	4.00007138523506e-10	1.00001784630877e-06
MANNITOL-1P	15363	HMDB	HMDB0001530_26_shen	Mannitol 1-phosphate	inchikey_connectivity_formula_mass	2	FALSE	TRUE	4.00007138523506e-10	1.00001784630877e-06
PYRIDOXAL	15390	HMDB	HMDB0001545_1_shen	Pyridoxal	inchikey	1	TRUE	TRUE	1.39999656312284e-09	3.4999914078071e-06
PYRIDOXAL	15391	HMDB	HMDB0001545_2_shen	Pyridoxal	inchikey	1	TRUE	TRUE	1.39999656312284e-09	3.4999914078071e-06
PYRIDOXAL	15392	HMDB	HMDB0001545_3_shen	Pyridoxal	inchikey	1	TRUE	TRUE	1.39999656312284e-09	3.4999914078071e-06
PYRIDOXAL	15393	HMDB	HMDB0001545_4_shen	Pyridoxal	inchikey	1	TRUE	TRUE	1.39999656312284e-09	3.4999914078071e-06
PYRIDOXAL	15394	HMDB	HMDB0001545_5_shen	Pyridoxal	inchikey	1	TRUE	TRUE	1.39999656312284e-09	3.4999914078071e-06
PYRIDOXAL	15395	HMDB	HMDB0001545_6_shen	Pyridoxal	inchikey	1	TRUE	TRUE	1.39999656312284e-09	3.4999914078071e-06
PYRIDOXAL	15396	HMDB	HMDB0001545_7_shen	Pyridoxal	inchikey	1	TRUE	TRUE	1.39999656312284e-09	3.4999914078071e-06
PYRIDOXAL	15397	HMDB	HMDB0001545_8_shen	Pyridoxal	inchikey	1	TRUE	TRUE	1.39999656312284e-09	3.4999914078071e-06
PYRIDOXAL	15398	HMDB	HMDB0001545_9_shen	Pyridoxal	inchikey	1	TRUE	TRUE	1.39999656312284e-09	3.4999914078071e-06
PYRIDOXAL	15399	HMDB	HMDB0001545_10_shen	Pyridoxal	inchikey	1	TRUE	TRUE	1.39999656312284e-09	3.4999914078071e-06
PYRIDOXAL	15400	HMDB	HMDB0001545_11_shen	Pyridoxal	inchikey	1	TRUE	TRUE	1.39999656312284e-09	3.4999914078071e-06
PYRIDOXAL	15401	HMDB	HMDB0001545_12_shen	Pyridoxal	inchikey	1	TRUE	TRUE	1.39999656312284e-09	3.4999914078071e-06
PYRIDOXAL	15402	HMDB	HMDB0001545_13_shen	Pyridoxal	inchikey	1	TRUE	TRUE	1.39999656312284e-09	3.4999914078071e-06
PYRIDOXAL	15403	HMDB	HMDB0001545_14_shen	Pyridoxal	inchikey	1	TRUE	TRUE	1.39999656312284e-09	3.4999914078071e-06
PYRIDOXAL	15404	HMDB	HMDB0001545_15_shen	Pyridoxal	inchikey	1	TRUE	TRUE	1.39999656312284e-09	3.4999914078071e-06
PYRIDOXAL	15405	HMDB	HMDB0001545_16_shen	Pyridoxal	inchikey	1	TRUE	TRUE	1.39999656312284e-09	3.4999914078071e-06
PYRIDOXAL	15406	HMDB	HMDB0001545_17_shen	Pyridoxal	inchikey	1	TRUE	TRUE	1.39999656312284e-09	3.4999914078071e-06
PYRIDOXAL	15407	HMDB	HMDB0001545_18_shen	Pyridoxal	inchikey	1	TRUE	TRUE	1.39999656312284e-09	3.4999914078071e-06
PYRIDOXAL	15408	HMDB	HMDB0001545_19_shen	Pyridoxal	inchikey	1	TRUE	TRUE	1.39999656312284e-09	3.4999914078071e-06
PYRIDOXAL	15409	HMDB	HMDB0001545_20_shen	Pyridoxal	inchikey	1	TRUE	TRUE	1.39999656312284e-09	3.4999914078071e-06
PYRIDOXAL	15410	HMDB	HMDB0001545_21_shen	Pyridoxal	inchikey	1	TRUE	TRUE	1.39999656312284e-09	3.4999914078071e-06
PYRIDOXAL	15411	HMDB	HMDB0001545_22_shen	Pyridoxal	inchikey	1	TRUE	TRUE	1.39999656312284e-09	3.4999914078071e-06
PYRIDOXAL	15412	HMDB	HMDB0001545_23_shen	Pyridoxal	inchikey	1	TRUE	TRUE	1.39999656312284e-09	3.4999914078071e-06
PYRIDOXAL	15413	HMDB	HMDB0001545_24_shen	Pyridoxal	inchikey	1	TRUE	TRUE	1.39999656312284e-09	3.4999914078071e-06
PYRIDOXAL	15414	HMDB	HMDB0001545_25_shen	Pyridoxal	inchikey	1	TRUE	TRUE	1.39999656312284e-09	3.4999914078071e-06
PYRIDOXAL	15415	HMDB	HMDB0001545_26_shen	Pyridoxal	inchikey	1	TRUE	TRUE	1.39999656312284e-09	3.4999914078071e-06
PYRIDOXAL	15416	HMDB	HMDB0001545_27_shen	Pyridoxal	inchikey	1	TRUE	TRUE	1.39999656312284e-09	3.4999914078071e-06
PYRIDOXAL	15417	HMDB	HMDB0001545_28_shen	Pyridoxal	inchikey	1	TRUE	TRUE	1.39999656312284e-09	3.4999914078071e-06
PYRIDOXAL	15418	HMDB	HMDB0001545_29_shen	Pyridoxal	inchikey	1	TRUE	TRUE	1.39999656312284e-09	3.4999914078071e-06
PYRIDOXAL	15419	HMDB	HMDB0001545_30_shen	Pyridoxal	inchikey	1	TRUE	TRUE	1.39999656312284e-09	3.4999914078071e-06
PYRIDOXAL	15420	HMDB	HMDB0001545_31_shen	Pyridoxal	inchikey	1	TRUE	TRUE	1.39999656312284e-09	3.4999914078071e-06
PYRIDOXAL	15421	HMDB	HMDB0001545_32_shen	Pyridoxal	inchikey	1	TRUE	TRUE	1.39999656312284e-09	3.4999914078071e-06
PYRIDOXAL	15422	HMDB	HMDB0001545_33_shen	Pyridoxal	inchikey	1	TRUE	TRUE	1.39999656312284e-09	3.4999914078071e-06
PYRIDOXAL	15423	HMDB	HMDB0001545_34_shen	Pyridoxal	inchikey	1	TRUE	TRUE	1.39999656312284e-09	3.4999914078071e-06
PYRIDOXAL	15424	HMDB	HMDB0001545_35_shen	Pyridoxal	inchikey	1	TRUE	TRUE	1.39999656312284e-09	3.4999914078071e-06
PYRIDOXAL	15425	HMDB	HMDB0001545_36_shen	Pyridoxal	inchikey	1	TRUE	TRUE	1.39999656312284e-09	3.4999914078071e-06
PYRIDOXAL	15426	HMDB	HMDB0001545_37_shen	Pyridoxal	inchikey	1	TRUE	TRUE	1.39999656312284e-09	3.4999914078071e-06
PYRIDOXAL	15427	HMDB	HMDB0001545_38_shen	Pyridoxal	inchikey	1	TRUE	TRUE	1.39999656312284e-09	3.4999914078071e-06
PYRIDOXAL	15428	HMDB	HMDB0001545_39_shen	Pyridoxal	inchikey	1	TRUE	TRUE	1.39999656312284e-09	3.4999914078071e-06
PYRIDOXAL	15429	HMDB	HMDB0001545_40_shen	Pyridoxal	inchikey	1	TRUE	TRUE	1.39999656312284e-09	3.4999914078071e-06
PYRIDOXAL	15430	HMDB	HMDB0001545_41_shen	Pyridoxal	inchikey	1	TRUE	TRUE	1.39999656312284e-09	3.4999914078071e-06
PYRIDOXAL	15431	HMDB	HMDB0001545_42_shen	Pyridoxal	inchikey	1	TRUE	TRUE	1.39999656312284e-09	3.4999914078071e-06
PYRIDOXAL	15432	HMDB	HMDB0001545_43_shen	Pyridoxal	inchikey	1	TRUE	TRUE	1.39999656312284e-09	3.4999914078071e-06
CPD-15318	15507	HMDB	HMDB0001548_1_shen	D-Ribose 5-phosphate	inchikey_connectivity_formula_mass	2	FALSE	TRUE	9.99875737761613e-11	2.49968934440403e-07
CPD-15318	15508	HMDB	HMDB0001548_2_shen	D-Ribose 5-phosphate	inchikey_connectivity_formula_mass	2	FALSE	TRUE	9.99875737761613e-11	2.49968934440403e-07
CPD-15318	15509	HMDB	HMDB0001548_3_shen	D-Ribose 5-phosphate	inchikey_connectivity_formula_mass	2	FALSE	TRUE	9.99875737761613e-11	2.49968934440403e-07
CPD-15318	15510	HMDB	HMDB0001548_4_shen	D-Ribose 5-phosphate	inchikey_connectivity_formula_mass	2	FALSE	TRUE	9.99875737761613e-11	2.49968934440403e-07
CPD-15318	15511	HMDB	HMDB0001548_5_shen	D-Ribose 5-phosphate	inchikey_connectivity_formula_mass	2	FALSE	TRUE	9.99875737761613e-11	2.49968934440403e-07
CPD-15318	15512	HMDB	HMDB0001548_6_shen	D-Ribose 5-phosphate	inchikey_connectivity_formula_mass	2	FALSE	TRUE	9.99875737761613e-11	2.49968934440403e-07
CPD-15318	15513	HMDB	HMDB0001548_7_shen	D-Ribose 5-phosphate	inchikey_connectivity_formula_mass	2	FALSE	TRUE	9.99875737761613e-11	2.49968934440403e-07
CPD-15318	15514	HMDB	HMDB0001548_8_shen	D-Ribose 5-phosphate	inchikey_connectivity_formula_mass	2	FALSE	TRUE	9.99875737761613e-11	2.49968934440403e-07
CPD-15318	15515	HMDB	HMDB0001548_9_shen	D-Ribose 5-phosphate	inchikey_connectivity_formula_mass	2	FALSE	TRUE	9.99875737761613e-11	2.49968934440403e-07
CPD-15318	15516	HMDB	HMDB0001548_10_shen	D-Ribose 5-phosphate	inchikey_connectivity_formula_mass	2	FALSE	TRUE	9.99875737761613e-11	2.49968934440403e-07
CPD-15318	15517	HMDB	HMDB0001548_11_shen	D-Ribose 5-phosphate	inchikey_connectivity_formula_mass	2	FALSE	TRUE	9.99875737761613e-11	2.49968934440403e-07
CPD-479	15518	HMDB	HMDB0001553_1_shen	2-Oxo-4-methylthiobutanoic acid	inchikey_connectivity_formula_mass	2	FALSE	TRUE	1.10000542008493e-09	2.75001355021232e-06
CPD-479	15519	HMDB	HMDB0001553_2_shen	2-Oxo-4-methylthiobutanoic acid	inchikey_connectivity_formula_mass	2	FALSE	TRUE	1.10000542008493e-09	2.75001355021232e-06
CPD-479	15520	HMDB	HMDB0001553_3_shen	2-Oxo-4-methylthiobutanoic acid	inchikey_connectivity_formula_mass	2	FALSE	TRUE	1.10000542008493e-09	2.75001355021232e-06
CPD-479	15521	HMDB	HMDB0001553_4_shen	2-Oxo-4-methylthiobutanoic acid	inchikey_connectivity_formula_mass	2	FALSE	TRUE	1.10000542008493e-09	2.75001355021232e-06
CPD-479	15522	HMDB	HMDB0001553_5_shen	2-Oxo-4-methylthiobutanoic acid	inchikey_connectivity_formula_mass	2	FALSE	TRUE	1.10000542008493e-09	2.75001355021232e-06
CPD-479	15523	HMDB	HMDB0001553_6_shen	2-Oxo-4-methylthiobutanoic acid	inchikey_connectivity_formula_mass	2	FALSE	TRUE	1.10000542008493e-09	2.75001355021232e-06
CPD-479	15524	HMDB	HMDB0001553_7_shen	2-Oxo-4-methylthiobutanoic acid	inchikey_connectivity_formula_mass	2	FALSE	TRUE	1.10000542008493e-09	2.75001355021232e-06
CPD-479	15525	HMDB	HMDB0001553_8_shen	2-Oxo-4-methylthiobutanoic acid	inchikey_connectivity_formula_mass	2	FALSE	TRUE	1.10000542008493e-09	2.75001355021232e-06
CPD-479	15526	HMDB	HMDB0001553_9_shen	2-Oxo-4-methylthiobutanoic acid	inchikey_connectivity_formula_mass	2	FALSE	TRUE	1.10000542008493e-09	2.75001355021232e-06
CPD-479	15527	HMDB	HMDB0001553_10_shen	2-Oxo-4-methylthiobutanoic acid	inchikey_connectivity_formula_mass	2	FALSE	TRUE	1.10000542008493e-09	2.75001355021232e-06
CPD-479	15528	HMDB	HMDB0001553_11_shen	2-Oxo-4-methylthiobutanoic acid	inchikey_connectivity_formula_mass	2	FALSE	TRUE	1.10000542008493e-09	2.75001355021232e-06
CPD-479	15529	HMDB	HMDB0001553_12_shen	2-Oxo-4-methylthiobutanoic acid	inchikey_connectivity_formula_mass	2	FALSE	TRUE	1.10000542008493e-09	2.75001355021232e-06
CPD-479	15530	HMDB	HMDB0001553_13_shen	2-Oxo-4-methylthiobutanoic acid	inchikey_connectivity_formula_mass	2	FALSE	TRUE	1.10000542008493e-09	2.75001355021232e-06
CPD-479	15531	HMDB	HMDB0001553_14_shen	2-Oxo-4-methylthiobutanoic acid	inchikey_connectivity_formula_mass	2	FALSE	TRUE	1.10000542008493e-09	2.75001355021232e-06
CPD-479	15532	HMDB	HMDB0001553_15_shen	2-Oxo-4-methylthiobutanoic acid	inchikey_connectivity_formula_mass	2	FALSE	TRUE	1.10000542008493e-09	2.75001355021232e-06
CPD-479	15533	HMDB	HMDB0001553_16_shen	2-Oxo-4-methylthiobutanoic acid	inchikey_connectivity_formula_mass	2	FALSE	TRUE	1.10000542008493e-09	2.75001355021232e-06
CPD-479	15534	HMDB	HMDB0001553_17_shen	2-Oxo-4-methylthiobutanoic acid	inchikey_connectivity_formula_mass	2	FALSE	TRUE	1.10000542008493e-09	2.75001355021232e-06
CPD-479	15535	HMDB	HMDB0001553_18_shen	2-Oxo-4-methylthiobutanoic acid	inchikey_connectivity_formula_mass	2	FALSE	TRUE	1.10000542008493e-09	2.75001355021232e-06
CPD-479	15536	HMDB	HMDB0001553_19_shen	2-Oxo-4-methylthiobutanoic acid	inchikey_connectivity_formula_mass	2	FALSE	TRUE	1.10000542008493e-09	2.75001355021232e-06
CPD-479	15537	HMDB	HMDB0001553_20_shen	2-Oxo-4-methylthiobutanoic acid	inchikey_connectivity_formula_mass	2	FALSE	TRUE	1.10000542008493e-09	2.75001355021232e-06
CPD-479	15538	HMDB	HMDB0001553_21_shen	2-Oxo-4-methylthiobutanoic acid	inchikey_connectivity_formula_mass	2	FALSE	TRUE	1.10000542008493e-09	2.75001355021232e-06
CPD-479	15539	HMDB	HMDB0001553_22_shen	2-Oxo-4-methylthiobutanoic acid	inchikey_connectivity_formula_mass	2	FALSE	TRUE	1.10000542008493e-09	2.75001355021232e-06
CPD-479	15540	HMDB	HMDB0001553_23_shen	2-Oxo-4-methylthiobutanoic acid	inchikey_connectivity_formula_mass	2	FALSE	TRUE	1.10000542008493e-09	2.75001355021232e-06
CPD-479	15541	HMDB	HMDB0001553_24_shen	2-Oxo-4-methylthiobutanoic acid	inchikey_connectivity_formula_mass	2	FALSE	TRUE	1.10000542008493e-09	2.75001355021232e-06
CPD-479	15542	HMDB	HMDB0001553_25_shen	2-Oxo-4-methylthiobutanoic acid	inchikey_connectivity_formula_mass	2	FALSE	TRUE	1.10000542008493e-09	2.75001355021232e-06
CPD-479	15543	HMDB	HMDB0001553_26_shen	2-Oxo-4-methylthiobutanoic acid	inchikey_connectivity_formula_mass	2	FALSE	TRUE	1.10000542008493e-09	2.75001355021232e-06
CPD-479	15544	HMDB	HMDB0001553_27_shen	2-Oxo-4-methylthiobutanoic acid	inchikey_connectivity_formula_mass	2	FALSE	TRUE	1.10000542008493e-09	2.75001355021232e-06
CPD-479	15545	HMDB	HMDB0001553_28_shen	2-Oxo-4-methylthiobutanoic acid	inchikey_connectivity_formula_mass	2	FALSE	TRUE	1.10000542008493e-09	2.75001355021232e-06
CPD-479	15546	HMDB	HMDB0001553_29_shen	2-Oxo-4-methylthiobutanoic acid	inchikey_connectivity_formula_mass	2	FALSE	TRUE	1.10000542008493e-09	2.75001355021232e-06
XANTHOSINE-5-PHOSPHATE	15547	HMDB	HMDB0001554_1_shen	Xanthylic acid	inchikey_connectivity_formula_mass	2	FALSE	TRUE	9.99989424599335e-10	2.49997356149834e-06
XANTHOSINE-5-PHOSPHATE	15548	HMDB	HMDB0001554_2_shen	Xanthylic acid	inchikey_connectivity_formula_mass	2	FALSE	TRUE	9.99989424599335e-10	2.49997356149834e-06
XANTHOSINE-5-PHOSPHATE	15549	HMDB	HMDB0001554_3_shen	Xanthylic acid	inchikey_connectivity_formula_mass	2	FALSE	TRUE	9.99989424599335e-10	2.49997356149834e-06
XANTHOSINE-5-PHOSPHATE	15550	HMDB	HMDB0001554_4_shen	Xanthylic acid	inchikey_connectivity_formula_mass	2	FALSE	TRUE	9.99989424599335e-10	2.49997356149834e-06
XANTHOSINE-5-PHOSPHATE	15551	HMDB	HMDB0001554_5_shen	Xanthylic acid	inchikey_connectivity_formula_mass	2	FALSE	TRUE	9.99989424599335e-10	2.49997356149834e-06
XANTHOSINE-5-PHOSPHATE	15552	HMDB	HMDB0001554_6_shen	Xanthylic acid	inchikey_connectivity_formula_mass	2	FALSE	TRUE	9.99989424599335e-10	2.49997356149834e-06
XANTHOSINE-5-PHOSPHATE	15553	HMDB	HMDB0001554_7_shen	Xanthylic acid	inchikey_connectivity_formula_mass	2	FALSE	TRUE	9.99989424599335e-10	2.49997356149834e-06
XANTHOSINE-5-PHOSPHATE	15554	HMDB	HMDB0001554_8_shen	Xanthylic acid	inchikey_connectivity_formula_mass	2	FALSE	TRUE	9.99989424599335e-10	2.49997356149834e-06
XANTHOSINE-5-PHOSPHATE	15555	HMDB	HMDB0001554_9_shen	Xanthylic acid	inchikey_connectivity_formula_mass	2	FALSE	TRUE	9.99989424599335e-10	2.49997356149834e-06
XANTHOSINE-5-PHOSPHATE	15556	HMDB	HMDB0001554_10_shen	Xanthylic acid	inchikey_connectivity_formula_mass	2	FALSE	TRUE	9.99989424599335e-10	2.49997356149834e-06
XANTHOSINE-5-PHOSPHATE	15557	HMDB	HMDB0001554_11_shen	Xanthylic acid	inchikey_connectivity_formula_mass	2	FALSE	TRUE	9.99989424599335e-10	2.49997356149834e-06
XANTHOSINE-5-PHOSPHATE	15558	HMDB	HMDB0001554_12_shen	Xanthylic acid	inchikey_connectivity_formula_mass	2	FALSE	TRUE	9.99989424599335e-10	2.49997356149834e-06
PYRIDOXAMINE-5P	15559	HMDB	HMDB0001555_1_shen	Pyridoxamine 5'-phosphate	inchikey_connectivity_formula_mass	2	FALSE	TRUE	2.00031990971183e-10	5.00079977427959e-07
PYRIDOXAMINE-5P	15560	HMDB	HMDB0001555_2_shen	Pyridoxamine 5'-phosphate	inchikey_connectivity_formula_mass	2	FALSE	TRUE	2.00031990971183e-10	5.00079977427959e-07
PYRIDOXAMINE-5P	15561	HMDB	HMDB0001555_3_shen	Pyridoxamine 5'-phosphate	inchikey_connectivity_formula_mass	2	FALSE	TRUE	2.00031990971183e-10	5.00079977427959e-07
PYRIDOXAMINE-5P	15562	HMDB	HMDB0001555_4_shen	Pyridoxamine 5'-phosphate	inchikey_connectivity_formula_mass	2	FALSE	TRUE	2.00031990971183e-10	5.00079977427959e-07
PYRIDOXAMINE-5P	15563	HMDB	HMDB0001555_5_shen	Pyridoxamine 5'-phosphate	inchikey_connectivity_formula_mass	2	FALSE	TRUE	2.00031990971183e-10	5.00079977427959e-07
PYRIDOXAMINE-5P	15564	HMDB	HMDB0001555_6_shen	Pyridoxamine 5'-phosphate	inchikey_connectivity_formula_mass	2	FALSE	TRUE	2.00031990971183e-10	5.00079977427959e-07
PYRIDOXAMINE-5P	15565	HMDB	HMDB0001555_7_shen	Pyridoxamine 5'-phosphate	inchikey_connectivity_formula_mass	2	FALSE	TRUE	2.00031990971183e-10	5.00079977427959e-07
PYRIDOXAMINE-5P	15566	HMDB	HMDB0001555_8_shen	Pyridoxamine 5'-phosphate	inchikey_connectivity_formula_mass	2	FALSE	TRUE	2.00031990971183e-10	5.00079977427959e-07
PYRIDOXAMINE-5P	15567	HMDB	HMDB0001555_9_shen	Pyridoxamine 5'-phosphate	inchikey_connectivity_formula_mass	2	FALSE	TRUE	2.00031990971183e-10	5.00079977427959e-07
PYRIDOXAMINE-5P	15568	HMDB	HMDB0001555_10_shen	Pyridoxamine 5'-phosphate	inchikey_connectivity_formula_mass	2	FALSE	TRUE	2.00031990971183e-10	5.00079977427959e-07
PYRIDOXAMINE-5P	15569	HMDB	HMDB0001555_11_shen	Pyridoxamine 5'-phosphate	inchikey_connectivity_formula_mass	2	FALSE	TRUE	2.00031990971183e-10	5.00079977427959e-07
CDP-ETHANOLAMINE	15586	HMDB	HMDB0001564_1_shen	CDP-ethanolamine	inchikey_connectivity_formula_mass	2	FALSE	TRUE	1.00044417195022e-10	2.24284472602276e-07
CDP-ETHANOLAMINE	15587	HMDB	HMDB0001564_2_shen	CDP-ethanolamine	inchikey_connectivity_formula_mass	2	FALSE	TRUE	1.00044417195022e-10	2.24284472602276e-07
CDP-ETHANOLAMINE	15588	HMDB	HMDB0001564_3_shen	CDP-ethanolamine	inchikey_connectivity_formula_mass	2	FALSE	TRUE	1.00044417195022e-10	2.24284472602276e-07
CDP-ETHANOLAMINE	15589	HMDB	HMDB0001564_4_shen	CDP-ethanolamine	inchikey_connectivity_formula_mass	2	FALSE	TRUE	1.00044417195022e-10	2.24284472602276e-07
CDP-ETHANOLAMINE	15590	HMDB	HMDB0001564_5_shen	CDP-ethanolamine	inchikey_connectivity_formula_mass	2	FALSE	TRUE	1.00044417195022e-10	2.24284472602276e-07
CDP-ETHANOLAMINE	15591	HMDB	HMDB0001564_6_shen	CDP-ethanolamine	inchikey_connectivity_formula_mass	2	FALSE	TRUE	1.00044417195022e-10	2.24284472602276e-07
CDP-ETHANOLAMINE	15592	HMDB	HMDB0001564_7_shen	CDP-ethanolamine	inchikey_connectivity_formula_mass	2	FALSE	TRUE	1.00044417195022e-10	2.24284472602276e-07
CDP-ETHANOLAMINE	15593	HMDB	HMDB0001564_8_shen	CDP-ethanolamine	inchikey_connectivity_formula_mass	2	FALSE	TRUE	1.00044417195022e-10	2.24284472602276e-07
CDP-ETHANOLAMINE	15594	HMDB	HMDB0001564_9_shen	CDP-ethanolamine	inchikey_connectivity_formula_mass	2	FALSE	TRUE	1.00044417195022e-10	2.24284472602276e-07
CDP-ETHANOLAMINE	15595	HMDB	HMDB0001564_10_shen	CDP-ethanolamine	inchikey_connectivity_formula_mass	2	FALSE	TRUE	1.00044417195022e-10	2.24284472602276e-07
CDP-ETHANOLAMINE	15596	HMDB	HMDB0001564_11_shen	CDP-ethanolamine	inchikey_connectivity_formula_mass	2	FALSE	TRUE	1.00044417195022e-10	2.24284472602276e-07
CDP-ETHANOLAMINE	15597	HMDB	HMDB0001564_12_shen	CDP-ethanolamine	inchikey_connectivity_formula_mass	2	FALSE	TRUE	1.00044417195022e-10	2.24284472602276e-07
CDP-ETHANOLAMINE	15598	HMDB	HMDB0001564_13_shen	CDP-ethanolamine	inchikey_connectivity_formula_mass	2	FALSE	TRUE	1.00044417195022e-10	2.24284472602276e-07
CDP-ETHANOLAMINE	15599	HMDB	HMDB0001564_14_shen	CDP-ethanolamine	inchikey_connectivity_formula_mass	2	FALSE	TRUE	1.00044417195022e-10	2.24284472602276e-07
CDP-ETHANOLAMINE	15600	HMDB	HMDB0001564_15_shen	CDP-ethanolamine	inchikey_connectivity_formula_mass	2	FALSE	TRUE	1.00044417195022e-10	2.24284472602276e-07
CDP-ETHANOLAMINE	15601	HMDB	HMDB0001564_16_shen	CDP-ethanolamine	inchikey_connectivity_formula_mass	2	FALSE	TRUE	1.00044417195022e-10	2.24284472602276e-07
CDP-ETHANOLAMINE	15602	HMDB	HMDB0001564_17_shen	CDP-ethanolamine	inchikey_connectivity_formula_mass	2	FALSE	TRUE	1.00044417195022e-10	2.24284472602276e-07
CDP-ETHANOLAMINE	15603	HMDB	HMDB0001564_18_shen	CDP-ethanolamine	inchikey_connectivity_formula_mass	2	FALSE	TRUE	1.00044417195022e-10	2.24284472602276e-07
CDP-ETHANOLAMINE	15604	HMDB	HMDB0001564_19_shen	CDP-ethanolamine	inchikey_connectivity_formula_mass	2	FALSE	TRUE	1.00044417195022e-10	2.24284472602276e-07
CDP-ETHANOLAMINE	15605	HMDB	HMDB0001564_20_shen	CDP-ethanolamine	inchikey_connectivity_formula_mass	2	FALSE	TRUE	1.00044417195022e-10	2.24284472602276e-07
CDP-ETHANOLAMINE	15606	HMDB	HMDB0001564_21_shen	CDP-ethanolamine	inchikey_connectivity_formula_mass	2	FALSE	TRUE	1.00044417195022e-10	2.24284472602276e-07
CDP-ETHANOLAMINE	15607	HMDB	HMDB0001564_22_shen	CDP-ethanolamine	inchikey_connectivity_formula_mass	2	FALSE	TRUE	1.00044417195022e-10	2.24284472602276e-07
CDP-ETHANOLAMINE	15608	HMDB	HMDB0001564_23_shen	CDP-ethanolamine	inchikey_connectivity_formula_mass	2	FALSE	TRUE	1.00044417195022e-10	2.24284472602276e-07
CDP-ETHANOLAMINE	15609	HMDB	HMDB0001564_24_shen	CDP-ethanolamine	inchikey_connectivity_formula_mass	2	FALSE	TRUE	1.00044417195022e-10	2.24284472602276e-07
CDP-ETHANOLAMINE	15610	HMDB	HMDB0001564_25_shen	CDP-ethanolamine	inchikey_connectivity_formula_mass	2	FALSE	TRUE	1.00044417195022e-10	2.24284472602276e-07
CDP-ETHANOLAMINE	15611	HMDB	HMDB0001564_26_shen	CDP-ethanolamine	inchikey_connectivity_formula_mass	2	FALSE	TRUE	1.00044417195022e-10	2.24284472602276e-07
CDP-ETHANOLAMINE	15612	HMDB	HMDB0001564_27_shen	CDP-ethanolamine	inchikey_connectivity_formula_mass	2	FALSE	TRUE	1.00044417195022e-10	2.24284472602276e-07
CDP-ETHANOLAMINE	15613	HMDB	HMDB0001564_28_shen	CDP-ethanolamine	inchikey_connectivity_formula_mass	2	FALSE	TRUE	1.00044417195022e-10	2.24284472602276e-07
CDP-ETHANOLAMINE	15614	HMDB	HMDB0001564_29_shen	CDP-ethanolamine	inchikey_connectivity_formula_mass	2	FALSE	TRUE	1.00044417195022e-10	2.24284472602276e-07
CDP-ETHANOLAMINE	15615	HMDB	HMDB0001564_30_shen	CDP-ethanolamine	inchikey_connectivity_formula_mass	2	FALSE	TRUE	1.00044417195022e-10	2.24284472602276e-07
CDP-ETHANOLAMINE	15616	HMDB	HMDB0001564_31_shen	CDP-ethanolamine	inchikey_connectivity_formula_mass	2	FALSE	TRUE	1.00044417195022e-10	2.24284472602276e-07
CDP-ETHANOLAMINE	15617	HMDB	HMDB0001564_32_shen	CDP-ethanolamine	inchikey_connectivity_formula_mass	2	FALSE	TRUE	1.00044417195022e-10	2.24284472602276e-07
CDP-ETHANOLAMINE	15618	HMDB	HMDB0001564_33_shen	CDP-ethanolamine	inchikey_connectivity_formula_mass	2	FALSE	TRUE	1.00044417195022e-10	2.24284472602276e-07
CDP-ETHANOLAMINE	15619	HMDB	HMDB0001564_34_shen	CDP-ethanolamine	inchikey_connectivity_formula_mass	2	FALSE	TRUE	1.00044417195022e-10	2.24284472602276e-07
CDP-ETHANOLAMINE	15620	HMDB	HMDB0001564_35_shen	CDP-ethanolamine	inchikey_connectivity_formula_mass	2	FALSE	TRUE	1.00044417195022e-10	2.24284472602276e-07
CDP-ETHANOLAMINE	15621	HMDB	HMDB0001564_36_shen	CDP-ethanolamine	inchikey_connectivity_formula_mass	2	FALSE	TRUE	1.00044417195022e-10	2.24284472602276e-07
CDP-ETHANOLAMINE	15622	HMDB	HMDB0001564_37_shen	CDP-ethanolamine	inchikey_connectivity_formula_mass	2	FALSE	TRUE	1.00044417195022e-10	2.24284472602276e-07
CDP-ETHANOLAMINE	15623	HMDB	HMDB0001564_38_shen	CDP-ethanolamine	inchikey_connectivity_formula_mass	2	FALSE	TRUE	1.00044417195022e-10	2.24284472602276e-07
CDP-ETHANOLAMINE	15624	HMDB	HMDB0001564_39_shen	CDP-ethanolamine	inchikey_connectivity_formula_mass	2	FALSE	TRUE	1.00044417195022e-10	2.24284472602276e-07
CDP-ETHANOLAMINE	15625	HMDB	HMDB0001564_40_shen	CDP-ethanolamine	inchikey_connectivity_formula_mass	2	FALSE	TRUE	1.00044417195022e-10	2.24284472602276e-07
CDP-ETHANOLAMINE	15626	HMDB	HMDB0001564_41_shen	CDP-ethanolamine	inchikey_connectivity_formula_mass	2	FALSE	TRUE	1.00044417195022e-10	2.24284472602276e-07
CDP-ETHANOLAMINE	15627	HMDB	HMDB0001564_42_shen	CDP-ethanolamine	inchikey_connectivity_formula_mass	2	FALSE	TRUE	1.00044417195022e-10	2.24284472602276e-07
CDP-ETHANOLAMINE	15628	HMDB	HMDB0001564_43_shen	CDP-ethanolamine	inchikey_connectivity_formula_mass	2	FALSE	TRUE	1.00044417195022e-10	2.24284472602276e-07
CDP-ETHANOLAMINE	15629	HMDB	HMDB0001564_44_shen	CDP-ethanolamine	inchikey_connectivity_formula_mass	2	FALSE	TRUE	1.00044417195022e-10	2.24284472602276e-07
CDP-ETHANOLAMINE	15630	HMDB	HMDB0001564_45_shen	CDP-ethanolamine	inchikey_connectivity_formula_mass	2	FALSE	TRUE	1.00044417195022e-10	2.24284472602276e-07
CDP-ETHANOLAMINE	15631	HMDB	HMDB0001564_46_shen	CDP-ethanolamine	inchikey_connectivity_formula_mass	2	FALSE	TRUE	1.00044417195022e-10	2.24284472602276e-07
CDP-ETHANOLAMINE	15632	HMDB	HMDB0001564_47_shen	CDP-ethanolamine	inchikey_connectivity_formula_mass	2	FALSE	TRUE	1.00044417195022e-10	2.24284472602276e-07
CDP-ETHANOLAMINE	15633	HMDB	HMDB0001564_48_shen	CDP-ethanolamine	inchikey_connectivity_formula_mass	2	FALSE	TRUE	1.00044417195022e-10	2.24284472602276e-07
CDP-ETHANOLAMINE	15634	HMDB	HMDB0001564_49_shen	CDP-ethanolamine	inchikey_connectivity_formula_mass	2	FALSE	TRUE	1.00044417195022e-10	2.24284472602276e-07
CDP-ETHANOLAMINE	15635	HMDB	HMDB0001564_50_shen	CDP-ethanolamine	inchikey_connectivity_formula_mass	2	FALSE	TRUE	1.00044417195022e-10	2.24284472602276e-07
CDP-ETHANOLAMINE	15636	HMDB	HMDB0001564_51_shen	CDP-ethanolamine	inchikey_connectivity_formula_mass	2	FALSE	TRUE	1.00044417195022e-10	2.24284472602276e-07
CDP-ETHANOLAMINE	15637	HMDB	HMDB0001564_52_shen	CDP-ethanolamine	inchikey_connectivity_formula_mass	2	FALSE	TRUE	1.00044417195022e-10	2.24284472602276e-07
CDP-ETHANOLAMINE	15638	HMDB	HMDB0001564_53_shen	CDP-ethanolamine	inchikey_connectivity_formula_mass	2	FALSE	TRUE	1.00044417195022e-10	2.24284472602276e-07
CDP-ETHANOLAMINE	15639	HMDB	HMDB0001564_54_shen	CDP-ethanolamine	inchikey_connectivity_formula_mass	2	FALSE	TRUE	1.00044417195022e-10	2.24284472602276e-07
CDP-ETHANOLAMINE	15640	HMDB	HMDB0001564_55_shen	CDP-ethanolamine	inchikey_connectivity_formula_mass	2	FALSE	TRUE	1.00044417195022e-10	2.24284472602276e-07
CDP-ETHANOLAMINE	15641	HMDB	HMDB0001564_56_shen	CDP-ethanolamine	inchikey_connectivity_formula_mass	2	FALSE	TRUE	1.00044417195022e-10	2.24284472602276e-07
CDP-ETHANOLAMINE	15642	HMDB	HMDB0001564_57_shen	CDP-ethanolamine	inchikey_connectivity_formula_mass	2	FALSE	TRUE	1.00044417195022e-10	2.24284472602276e-07
CDP-ETHANOLAMINE	15643	HMDB	HMDB0001564_58_shen	CDP-ethanolamine	inchikey_connectivity_formula_mass	2	FALSE	TRUE	1.00044417195022e-10	2.24284472602276e-07
CDP-ETHANOLAMINE	15644	HMDB	HMDB0001564_59_shen	CDP-ethanolamine	inchikey_connectivity_formula_mass	2	FALSE	TRUE	1.00044417195022e-10	2.24284472602276e-07
CDP-ETHANOLAMINE	15645	HMDB	HMDB0001564_60_shen	CDP-ethanolamine	inchikey_connectivity_formula_mass	2	FALSE	TRUE	1.00044417195022e-10	2.24284472602276e-07
CDP-ETHANOLAMINE	15646	HMDB	HMDB0001564_61_shen	CDP-ethanolamine	inchikey_connectivity_formula_mass	2	FALSE	TRUE	1.00044417195022e-10	2.24284472602276e-07
CDP-ETHANOLAMINE	15647	HMDB	HMDB0001564_62_shen	CDP-ethanolamine	inchikey_connectivity_formula_mass	2	FALSE	TRUE	1.00044417195022e-10	2.24284472602276e-07
CDP-ETHANOLAMINE	15648	HMDB	HMDB0001564_63_shen	CDP-ethanolamine	inchikey_connectivity_formula_mass	2	FALSE	TRUE	1.00044417195022e-10	2.24284472602276e-07
CDP-ETHANOLAMINE	15649	HMDB	HMDB0001564_64_shen	CDP-ethanolamine	inchikey_connectivity_formula_mass	2	FALSE	TRUE	1.00044417195022e-10	2.24284472602276e-07
CDP-ETHANOLAMINE	15650	HMDB	HMDB0001564_65_shen	CDP-ethanolamine	inchikey_connectivity_formula_mass	2	FALSE	TRUE	1.00044417195022e-10	2.24284472602276e-07
CDP-ETHANOLAMINE	15651	HMDB	HMDB0001564_66_shen	CDP-ethanolamine	inchikey_connectivity_formula_mass	2	FALSE	TRUE	1.00044417195022e-10	2.24284472602276e-07
CDP-ETHANOLAMINE	15652	HMDB	HMDB0001564_67_shen	CDP-ethanolamine	inchikey_connectivity_formula_mass	2	FALSE	TRUE	1.00044417195022e-10	2.24284472602276e-07
CDP-ETHANOLAMINE	15653	HMDB	HMDB0001564_68_shen	CDP-ethanolamine	inchikey_connectivity_formula_mass	2	FALSE	TRUE	1.00044417195022e-10	2.24284472602276e-07
CDP-ETHANOLAMINE	15654	HMDB	HMDB0001564_69_shen	CDP-ethanolamine	inchikey_connectivity_formula_mass	2	FALSE	TRUE	1.00044417195022e-10	2.24284472602276e-07
CDP-ETHANOLAMINE	15655	HMDB	HMDB0001564_70_shen	CDP-ethanolamine	inchikey_connectivity_formula_mass	2	FALSE	TRUE	1.00044417195022e-10	2.24284472602276e-07
CDP-ETHANOLAMINE	15656	HMDB	HMDB0001564_71_shen	CDP-ethanolamine	inchikey_connectivity_formula_mass	2	FALSE	TRUE	1.00044417195022e-10	2.24284472602276e-07
CDP-ETHANOLAMINE	15657	HMDB	HMDB0001564_72_shen	CDP-ethanolamine	inchikey_connectivity_formula_mass	2	FALSE	TRUE	1.00044417195022e-10	2.24284472602276e-07
CDP-ETHANOLAMINE	15658	HMDB	HMDB0001564_73_shen	CDP-ethanolamine	inchikey_connectivity_formula_mass	2	FALSE	TRUE	1.00044417195022e-10	2.24284472602276e-07
CDP-ETHANOLAMINE	15659	HMDB	HMDB0001564_74_shen	CDP-ethanolamine	inchikey_connectivity_formula_mass	2	FALSE	TRUE	1.00044417195022e-10	2.24284472602276e-07
CDP-ETHANOLAMINE	15660	HMDB	HMDB0001564_75_shen	CDP-ethanolamine	inchikey_connectivity_formula_mass	2	FALSE	TRUE	1.00044417195022e-10	2.24284472602276e-07
CDP-ETHANOLAMINE	15661	HMDB	HMDB0001564_76_shen	CDP-ethanolamine	inchikey_connectivity_formula_mass	2	FALSE	TRUE	1.00044417195022e-10	2.24284472602276e-07
CDP-ETHANOLAMINE	15662	HMDB	HMDB0001564_77_shen	CDP-ethanolamine	inchikey_connectivity_formula_mass	2	FALSE	TRUE	1.00044417195022e-10	2.24284472602276e-07
CDP-ETHANOLAMINE	15663	HMDB	HMDB0001564_78_shen	CDP-ethanolamine	inchikey_connectivity_formula_mass	2	FALSE	TRUE	1.00044417195022e-10	2.24284472602276e-07
CDP-ETHANOLAMINE	15664	HMDB	HMDB0001564_79_shen	CDP-ethanolamine	inchikey_connectivity_formula_mass	2	FALSE	TRUE	1.00044417195022e-10	2.24284472602276e-07
CDP-ETHANOLAMINE	15665	HMDB	HMDB0001564_80_shen	CDP-ethanolamine	inchikey_connectivity_formula_mass	2	FALSE	TRUE	1.00044417195022e-10	2.24284472602276e-07
GLC-1-P	15702	HMDB	HMDB0001586_1_shen	Glucose 1-phosphate	inchikey_connectivity_formula_mass	2	FALSE	TRUE	1.99975147552323e-10	4.99937868880806e-07
GLC-1-P	15703	HMDB	HMDB0001586_2_shen	Glucose 1-phosphate	inchikey_connectivity_formula_mass	2	FALSE	TRUE	1.99975147552323e-10	4.99937868880806e-07
GLC-1-P	15704	HMDB	HMDB0001586_3_shen	Glucose 1-phosphate	inchikey_connectivity_formula_mass	2	FALSE	TRUE	1.99975147552323e-10	4.99937868880806e-07
GLC-1-P	15705	HMDB	HMDB0001586_4_shen	Glucose 1-phosphate	inchikey_connectivity_formula_mass	2	FALSE	TRUE	1.99975147552323e-10	4.99937868880806e-07
GLC-1-P	15706	HMDB	HMDB0001586_5_shen	Glucose 1-phosphate	inchikey_connectivity_formula_mass	2	FALSE	TRUE	1.99975147552323e-10	4.99937868880806e-07
GLC-1-P	15707	HMDB	HMDB0001586_6_shen	Glucose 1-phosphate	inchikey_connectivity_formula_mass	2	FALSE	TRUE	1.99975147552323e-10	4.99937868880806e-07
GLC-1-P	15708	HMDB	HMDB0001586_7_shen	Glucose 1-phosphate	inchikey_connectivity_formula_mass	2	FALSE	TRUE	1.99975147552323e-10	4.99937868880806e-07
GLC-1-P	15709	HMDB	HMDB0001586_8_shen	Glucose 1-phosphate	inchikey_connectivity_formula_mass	2	FALSE	TRUE	1.99975147552323e-10	4.99937868880806e-07
GLC-1-P	15710	HMDB	HMDB0001586_9_shen	Glucose 1-phosphate	inchikey_connectivity_formula_mass	2	FALSE	TRUE	1.99975147552323e-10	4.99937868880806e-07
GLC-1-P	15711	HMDB	HMDB0001586_10_shen	Glucose 1-phosphate	inchikey_connectivity_formula_mass	2	FALSE	TRUE	1.99975147552323e-10	4.99937868880806e-07
GLC-1-P	15712	HMDB	HMDB0001586_11_shen	Glucose 1-phosphate	inchikey_connectivity_formula_mass	2	FALSE	TRUE	1.99975147552323e-10	4.99937868880806e-07
GLC-1-P	15713	HMDB	HMDB0001586_12_shen	Glucose 1-phosphate	inchikey_connectivity_formula_mass	2	FALSE	TRUE	1.99975147552323e-10	4.99937868880806e-07
GLC-1-P	15714	HMDB	HMDB0001586_13_shen	Glucose 1-phosphate	inchikey_connectivity_formula_mass	2	FALSE	TRUE	1.99975147552323e-10	4.99937868880806e-07
GLC-1-P	15715	HMDB	HMDB0001586_14_shen	Glucose 1-phosphate	inchikey_connectivity_formula_mass	2	FALSE	TRUE	1.99975147552323e-10	4.99937868880806e-07
GLC-1-P	15716	HMDB	HMDB0001586_15_shen	Glucose 1-phosphate	inchikey_connectivity_formula_mass	2	FALSE	TRUE	1.99975147552323e-10	4.99937868880806e-07
GLC-1-P	15717	HMDB	HMDB0001586_16_shen	Glucose 1-phosphate	inchikey_connectivity_formula_mass	2	FALSE	TRUE	1.99975147552323e-10	4.99937868880806e-07
GLC-1-P	15718	HMDB	HMDB0001586_17_shen	Glucose 1-phosphate	inchikey_connectivity_formula_mass	2	FALSE	TRUE	1.99975147552323e-10	4.99937868880806e-07
GLC-1-P	15719	HMDB	HMDB0001586_18_shen	Glucose 1-phosphate	inchikey_connectivity_formula_mass	2	FALSE	TRUE	1.99975147552323e-10	4.99937868880806e-07
GLC-1-P	15720	HMDB	HMDB0001586_19_shen	Glucose 1-phosphate	inchikey_connectivity_formula_mass	2	FALSE	TRUE	1.99975147552323e-10	4.99937868880806e-07
GLC-1-P	15721	HMDB	HMDB0001586_20_shen	Glucose 1-phosphate	inchikey_connectivity_formula_mass	2	FALSE	TRUE	1.99975147552323e-10	4.99937868880806e-07
L-2-AMINOHEXANOATE	15752	HMDB	HMDB0001645_1_shen	L-Norleucine	inchikey	1	TRUE	TRUE	1.70001612787019e-09	4.25004031967546e-06
L-2-AMINOHEXANOATE	15753	HMDB	HMDB0001645_2_shen	L-Norleucine	inchikey	1	TRUE	TRUE	1.70001612787019e-09	4.25004031967546e-06
L-2-AMINOHEXANOATE	15754	HMDB	HMDB0001645_3_shen	L-Norleucine	inchikey	1	TRUE	TRUE	1.70001612787019e-09	4.25004031967546e-06
L-2-AMINOHEXANOATE	15755	HMDB	HMDB0001645_4_shen	L-Norleucine	inchikey	1	TRUE	TRUE	1.70001612787019e-09	4.25004031967546e-06
L-2-AMINOHEXANOATE	15756	HMDB	HMDB0001645_5_shen	L-Norleucine	inchikey	1	TRUE	TRUE	1.70001612787019e-09	4.25004031967546e-06
L-2-AMINOHEXANOATE	15757	HMDB	HMDB0001645_6_shen	L-Norleucine	inchikey	1	TRUE	TRUE	1.70001612787019e-09	4.25004031967546e-06
L-2-AMINOHEXANOATE	15758	HMDB	HMDB0001645_7_shen	L-Norleucine	inchikey	1	TRUE	TRUE	1.70001612787019e-09	4.25004031967546e-06
L-2-AMINOHEXANOATE	15759	HMDB	HMDB0001645_8_shen	L-Norleucine	inchikey	1	TRUE	TRUE	1.70001612787019e-09	4.25004031967546e-06
L-2-AMINOHEXANOATE	15760	HMDB	HMDB0001645_9_shen	L-Norleucine	inchikey	1	TRUE	TRUE	1.70001612787019e-09	4.25004031967546e-06
L-2-AMINOHEXANOATE	15761	HMDB	HMDB0001645_10_shen	L-Norleucine	inchikey	1	TRUE	TRUE	1.70001612787019e-09	4.25004031967546e-06
L-2-AMINOHEXANOATE	15762	HMDB	HMDB0001645_11_shen	L-Norleucine	inchikey	1	TRUE	TRUE	1.70001612787019e-09	4.25004031967546e-06
L-2-AMINOHEXANOATE	15763	HMDB	HMDB0001645_12_shen	L-Norleucine	inchikey	1	TRUE	TRUE	1.70001612787019e-09	4.25004031967546e-06
L-2-AMINOHEXANOATE	15764	HMDB	HMDB0001645_13_shen	L-Norleucine	inchikey	1	TRUE	TRUE	1.70001612787019e-09	4.25004031967546e-06
L-2-AMINOHEXANOATE	15765	HMDB	HMDB0001645_14_shen	L-Norleucine	inchikey	1	TRUE	TRUE	1.70001612787019e-09	4.25004031967546e-06
L-2-AMINOHEXANOATE	15766	HMDB	HMDB0001645_15_shen	L-Norleucine	inchikey	1	TRUE	TRUE	1.70001612787019e-09	4.25004031967546e-06
L-2-AMINOHEXANOATE	15767	HMDB	HMDB0001645_16_shen	L-Norleucine	inchikey	1	TRUE	TRUE	1.70001612787019e-09	4.25004031967546e-06
L-2-AMINOHEXANOATE	15768	HMDB	HMDB0001645_17_shen	L-Norleucine	inchikey	1	TRUE	TRUE	1.70001612787019e-09	4.25004031967546e-06
L-2-AMINOHEXANOATE	15769	HMDB	HMDB0001645_18_shen	L-Norleucine	inchikey	1	TRUE	TRUE	1.70001612787019e-09	4.25004031967546e-06
L-2-AMINOHEXANOATE	15770	HMDB	HMDB0001645_19_shen	L-Norleucine	inchikey	1	TRUE	TRUE	1.70001612787019e-09	4.25004031967546e-06
L-2-AMINOHEXANOATE	15771	HMDB	HMDB0001645_20_shen	L-Norleucine	inchikey	1	TRUE	TRUE	1.70001612787019e-09	4.25004031967546e-06
L-2-AMINOHEXANOATE	15772	HMDB	HMDB0001645_21_shen	L-Norleucine	inchikey	1	TRUE	TRUE	1.70001612787019e-09	4.25004031967546e-06
L-2-AMINOHEXANOATE	15773	HMDB	HMDB0001645_22_shen	L-Norleucine	inchikey	1	TRUE	TRUE	1.70001612787019e-09	4.25004031967546e-06
L-2-AMINOHEXANOATE	15774	HMDB	HMDB0001645_23_shen	L-Norleucine	inchikey	1	TRUE	TRUE	1.70001612787019e-09	4.25004031967546e-06
L-2-AMINOHEXANOATE	15775	HMDB	HMDB0001645_24_shen	L-Norleucine	inchikey	1	TRUE	TRUE	1.70001612787019e-09	4.25004031967546e-06
L-2-AMINOHEXANOATE	15776	HMDB	HMDB0001645_25_shen	L-Norleucine	inchikey	1	TRUE	TRUE	1.70001612787019e-09	4.25004031967546e-06
L-2-AMINOHEXANOATE	15777	HMDB	HMDB0001645_26_shen	L-Norleucine	inchikey	1	TRUE	TRUE	1.70001612787019e-09	4.25004031967546e-06
L-2-AMINOHEXANOATE	15778	HMDB	HMDB0001645_27_shen	L-Norleucine	inchikey	1	TRUE	TRUE	1.70001612787019e-09	4.25004031967546e-06
L-2-AMINOHEXANOATE	15779	HMDB	HMDB0001645_28_shen	L-Norleucine	inchikey	1	TRUE	TRUE	1.70001612787019e-09	4.25004031967546e-06
L-2-AMINOHEXANOATE	15780	HMDB	HMDB0001645_29_shen	L-Norleucine	inchikey	1	TRUE	TRUE	1.70001612787019e-09	4.25004031967546e-06
L-2-AMINOHEXANOATE	15781	HMDB	HMDB0001645_30_shen	L-Norleucine	inchikey	1	TRUE	TRUE	1.70001612787019e-09	4.25004031967546e-06
L-2-AMINOHEXANOATE	15782	HMDB	HMDB0001645_31_shen	L-Norleucine	inchikey	1	TRUE	TRUE	1.70001612787019e-09	4.25004031967546e-06
L-2-AMINOHEXANOATE	15783	HMDB	HMDB0001645_32_shen	L-Norleucine	inchikey	1	TRUE	TRUE	1.70001612787019e-09	4.25004031967546e-06
L-2-AMINOHEXANOATE	15784	HMDB	HMDB0001645_33_shen	L-Norleucine	inchikey	1	TRUE	TRUE	1.70001612787019e-09	4.25004031967546e-06
L-2-AMINOHEXANOATE	15785	HMDB	HMDB0001645_34_shen	L-Norleucine	inchikey	1	TRUE	TRUE	1.70001612787019e-09	4.25004031967546e-06
L-2-AMINOHEXANOATE	15786	HMDB	HMDB0001645_35_shen	L-Norleucine	inchikey	1	TRUE	TRUE	1.70001612787019e-09	4.25004031967546e-06
L-2-AMINOHEXANOATE	15787	HMDB	HMDB0001645_36_shen	L-Norleucine	inchikey	1	TRUE	TRUE	1.70001612787019e-09	4.25004031967546e-06
L-2-AMINOHEXANOATE	15788	HMDB	HMDB0001645_37_shen	L-Norleucine	inchikey	1	TRUE	TRUE	1.70001612787019e-09	4.25004031967546e-06
L-2-AMINOHEXANOATE	15789	HMDB	HMDB0001645_38_shen	L-Norleucine	inchikey	1	TRUE	TRUE	1.70001612787019e-09	4.25004031967546e-06
L-2-AMINOHEXANOATE	15790	HMDB	HMDB0001645_39_shen	L-Norleucine	inchikey	1	TRUE	TRUE	1.70001612787019e-09	4.25004031967546e-06
L-2-AMINOHEXANOATE	15791	HMDB	HMDB0001645_40_shen	L-Norleucine	inchikey	1	TRUE	TRUE	1.70001612787019e-09	4.25004031967546e-06
L-2-AMINOHEXANOATE	15792	HMDB	HMDB0001645_41_shen	L-Norleucine	inchikey	1	TRUE	TRUE	1.70001612787019e-09	4.25004031967546e-06
L-2-AMINOHEXANOATE	15793	HMDB	HMDB0001645_42_shen	L-Norleucine	inchikey	1	TRUE	TRUE	1.70001612787019e-09	4.25004031967546e-06
L-2-AMINOHEXANOATE	15794	HMDB	HMDB0001645_43_shen	L-Norleucine	inchikey	1	TRUE	TRUE	1.70001612787019e-09	4.25004031967546e-06
L-2-AMINOHEXANOATE	15795	HMDB	HMDB0001645_44_shen	L-Norleucine	inchikey	1	TRUE	TRUE	1.70001612787019e-09	4.25004031967546e-06
L-2-AMINOHEXANOATE	15796	HMDB	HMDB0001645_45_shen	L-Norleucine	inchikey	1	TRUE	TRUE	1.70001612787019e-09	4.25004031967546e-06
L-2-AMINOHEXANOATE	15797	HMDB	HMDB0001645_46_shen	L-Norleucine	inchikey	1	TRUE	TRUE	1.70001612787019e-09	4.25004031967546e-06
L-2-AMINOHEXANOATE	15798	HMDB	HMDB0001645_47_shen	L-Norleucine	inchikey	1	TRUE	TRUE	1.70001612787019e-09	4.25004031967546e-06
L-2-AMINOHEXANOATE	15799	HMDB	HMDB0001645_48_shen	L-Norleucine	inchikey	1	TRUE	TRUE	1.70001612787019e-09	4.25004031967546e-06
L-2-AMINOHEXANOATE	15800	HMDB	HMDB0001645_49_shen	L-Norleucine	inchikey	1	TRUE	TRUE	1.70001612787019e-09	4.25004031967546e-06
L-2-AMINOHEXANOATE	15801	HMDB	HMDB0001645_50_shen	L-Norleucine	inchikey	1	TRUE	TRUE	1.70001612787019e-09	4.25004031967546e-06
L-2-AMINOHEXANOATE	15802	HMDB	HMDB0001645_51_shen	L-Norleucine	inchikey	1	TRUE	TRUE	1.70001612787019e-09	4.25004031967546e-06
CPD-10797	15809	HMDB	HMDB0001713_1_shen	m-Coumaric acid	inchikey_connectivity_formula_mass	2	FALSE	TRUE	1.10000542008493e-09	2.75001355021232e-06
CPD-10797	15810	HMDB	HMDB0001713_2_shen	m-Coumaric acid	inchikey_connectivity_formula_mass	2	FALSE	TRUE	1.10000542008493e-09	2.75001355021232e-06
CPD-10797	15811	HMDB	HMDB0001713_3_shen	m-Coumaric acid	inchikey_connectivity_formula_mass	2	FALSE	TRUE	1.10000542008493e-09	2.75001355021232e-06
CPD-10797	15812	HMDB	HMDB0001713_4_shen	m-Coumaric acid	inchikey_connectivity_formula_mass	2	FALSE	TRUE	1.10000542008493e-09	2.75001355021232e-06
CPD-10797	15813	HMDB	HMDB0001713_5_shen	m-Coumaric acid	inchikey_connectivity_formula_mass	2	FALSE	TRUE	1.10000542008493e-09	2.75001355021232e-06
CPD-10797	15814	HMDB	HMDB0001713_6_shen	m-Coumaric acid	inchikey_connectivity_formula_mass	2	FALSE	TRUE	1.10000542008493e-09	2.75001355021232e-06
CPD-10797	15815	HMDB	HMDB0001713_7_shen	m-Coumaric acid	inchikey_connectivity_formula_mass	2	FALSE	TRUE	1.10000542008493e-09	2.75001355021232e-06
CPD-10797	15816	HMDB	HMDB0001713_8_shen	m-Coumaric acid	inchikey_connectivity_formula_mass	2	FALSE	TRUE	1.10000542008493e-09	2.75001355021232e-06
CPD-10797	15817	HMDB	HMDB0001713_9_shen	m-Coumaric acid	inchikey_connectivity_formula_mass	2	FALSE	TRUE	1.10000542008493e-09	2.75001355021232e-06
CPD-10797	15818	HMDB	HMDB0001713_10_shen	m-Coumaric acid	inchikey_connectivity_formula_mass	2	FALSE	TRUE	1.10000542008493e-09	2.75001355021232e-06
CPD-10797	15819	HMDB	HMDB0001713_11_shen	m-Coumaric acid	inchikey_connectivity_formula_mass	2	FALSE	TRUE	1.10000542008493e-09	2.75001355021232e-06
CPD-10797	15820	HMDB	HMDB0001713_12_shen	m-Coumaric acid	inchikey_connectivity_formula_mass	2	FALSE	TRUE	1.10000542008493e-09	2.75001355021232e-06
CPD-10797	15821	HMDB	HMDB0001713_13_shen	m-Coumaric acid	inchikey_connectivity_formula_mass	2	FALSE	TRUE	1.10000542008493e-09	2.75001355021232e-06
CPD-10797	15822	HMDB	HMDB0001713_14_shen	m-Coumaric acid	inchikey_connectivity_formula_mass	2	FALSE	TRUE	1.10000542008493e-09	2.75001355021232e-06
CPD-10797	15823	HMDB	HMDB0001713_15_shen	m-Coumaric acid	inchikey_connectivity_formula_mass	2	FALSE	TRUE	1.10000542008493e-09	2.75001355021232e-06
CPD-10797	15824	HMDB	HMDB0001713_16_shen	m-Coumaric acid	inchikey_connectivity_formula_mass	2	FALSE	TRUE	1.10000542008493e-09	2.75001355021232e-06
CPD-10797	15825	HMDB	HMDB0001713_17_shen	m-Coumaric acid	inchikey_connectivity_formula_mass	2	FALSE	TRUE	1.10000542008493e-09	2.75001355021232e-06
CPD-10797	15826	HMDB	HMDB0001713_18_shen	m-Coumaric acid	inchikey_connectivity_formula_mass	2	FALSE	TRUE	1.10000542008493e-09	2.75001355021232e-06
CPD-10797	15827	HMDB	HMDB0001713_19_shen	m-Coumaric acid	inchikey_connectivity_formula_mass	2	FALSE	TRUE	1.10000542008493e-09	2.75001355021232e-06
CPD-10797	15828	HMDB	HMDB0001713_20_shen	m-Coumaric acid	inchikey_connectivity_formula_mass	2	FALSE	TRUE	1.10000542008493e-09	2.75001355021232e-06
CPD-10797	15829	HMDB	HMDB0001713_21_shen	m-Coumaric acid	inchikey_connectivity_formula_mass	2	FALSE	TRUE	1.10000542008493e-09	2.75001355021232e-06
CPD-10797	15830	HMDB	HMDB0001713_22_shen	m-Coumaric acid	inchikey_connectivity_formula_mass	2	FALSE	TRUE	1.10000542008493e-09	2.75001355021232e-06
CPD-10797	15831	HMDB	HMDB0001713_23_shen	m-Coumaric acid	inchikey_connectivity_formula_mass	2	FALSE	TRUE	1.10000542008493e-09	2.75001355021232e-06
CPD-10797	15832	HMDB	HMDB0001713_24_shen	m-Coumaric acid	inchikey_connectivity_formula_mass	2	FALSE	TRUE	1.10000542008493e-09	2.75001355021232e-06
CPD-10797	15833	HMDB	HMDB0001713_25_shen	m-Coumaric acid	inchikey_connectivity_formula_mass	2	FALSE	TRUE	1.10000542008493e-09	2.75001355021232e-06
CPD-10797	15834	HMDB	HMDB0001713_26_shen	m-Coumaric acid	inchikey_connectivity_formula_mass	2	FALSE	TRUE	1.10000542008493e-09	2.75001355021232e-06
CPD-10797	15835	HMDB	HMDB0001713_27_shen	m-Coumaric acid	inchikey_connectivity_formula_mass	2	FALSE	TRUE	1.10000542008493e-09	2.75001355021232e-06
CPD-10797	15836	HMDB	HMDB0001713_28_shen	m-Coumaric acid	inchikey_connectivity_formula_mass	2	FALSE	TRUE	1.10000542008493e-09	2.75001355021232e-06
CPD-10797	15837	HMDB	HMDB0001713_29_shen	m-Coumaric acid	inchikey_connectivity_formula_mass	2	FALSE	TRUE	1.10000542008493e-09	2.75001355021232e-06
PROGESTERONE	15849	HMDB	HMDB0001830_1_shen	Progesterone	inchikey	1	TRUE	TRUE	3.20000026476919e-09	8.00000066192297e-06
PROGESTERONE	15850	HMDB	HMDB0001830_2_shen	Progesterone	inchikey	1	TRUE	TRUE	3.20000026476919e-09	8.00000066192297e-06
PROGESTERONE	15851	HMDB	HMDB0001830_3_shen	Progesterone	inchikey	1	TRUE	TRUE	3.20000026476919e-09	8.00000066192297e-06
PROGESTERONE	15852	HMDB	HMDB0001830_4_shen	Progesterone	inchikey	1	TRUE	TRUE	3.20000026476919e-09	8.00000066192297e-06
PROGESTERONE	15853	HMDB	HMDB0001830_5_shen	Progesterone	inchikey	1	TRUE	TRUE	3.20000026476919e-09	8.00000066192297e-06
PROGESTERONE	15854	HMDB	HMDB0001830_6_shen	Progesterone	inchikey	1	TRUE	TRUE	3.20000026476919e-09	8.00000066192297e-06
PROGESTERONE	15855	HMDB	HMDB0001830_7_shen	Progesterone	inchikey	1	TRUE	TRUE	3.20000026476919e-09	8.00000066192297e-06
PROGESTERONE	15856	HMDB	HMDB0001830_8_shen	Progesterone	inchikey	1	TRUE	TRUE	3.20000026476919e-09	8.00000066192297e-06
PROGESTERONE	15857	HMDB	HMDB0001830_9_shen	Progesterone	inchikey	1	TRUE	TRUE	3.20000026476919e-09	8.00000066192297e-06
PROGESTERONE	15858	HMDB	HMDB0001830_10_shen	Progesterone	inchikey	1	TRUE	TRUE	3.20000026476919e-09	8.00000066192297e-06
PROGESTERONE	15859	HMDB	HMDB0001830_11_shen	Progesterone	inchikey	1	TRUE	TRUE	3.20000026476919e-09	8.00000066192297e-06
PROGESTERONE	15860	HMDB	HMDB0001830_12_shen	Progesterone	inchikey	1	TRUE	TRUE	3.20000026476919e-09	8.00000066192297e-06
PROGESTERONE	15861	HMDB	HMDB0001830_13_shen	Progesterone	inchikey	1	TRUE	TRUE	3.20000026476919e-09	8.00000066192297e-06
PROGESTERONE	15862	HMDB	HMDB0001830_14_shen	Progesterone	inchikey	1	TRUE	TRUE	3.20000026476919e-09	8.00000066192297e-06
PROGESTERONE	15863	HMDB	HMDB0001830_15_shen	Progesterone	inchikey	1	TRUE	TRUE	3.20000026476919e-09	8.00000066192297e-06
PROGESTERONE	15864	HMDB	HMDB0001830_16_shen	Progesterone	inchikey	1	TRUE	TRUE	3.20000026476919e-09	8.00000066192297e-06
PROGESTERONE	15865	HMDB	HMDB0001830_17_shen	Progesterone	inchikey	1	TRUE	TRUE	3.20000026476919e-09	8.00000066192297e-06
PROGESTERONE	15866	HMDB	HMDB0001830_18_shen	Progesterone	inchikey	1	TRUE	TRUE	3.20000026476919e-09	8.00000066192297e-06
PROGESTERONE	15867	HMDB	HMDB0001830_19_shen	Progesterone	inchikey	1	TRUE	TRUE	3.20000026476919e-09	8.00000066192297e-06
PROGESTERONE	15868	HMDB	HMDB0001830_20_shen	Progesterone	inchikey	1	TRUE	TRUE	3.20000026476919e-09	8.00000066192297e-06
PROGESTERONE	15869	HMDB	HMDB0001830_21_shen	Progesterone	inchikey	1	TRUE	TRUE	3.20000026476919e-09	8.00000066192297e-06
PROGESTERONE	15870	HMDB	HMDB0001830_22_shen	Progesterone	inchikey	1	TRUE	TRUE	3.20000026476919e-09	8.00000066192297e-06
PROGESTERONE	15871	HMDB	HMDB0001830_23_shen	Progesterone	inchikey	1	TRUE	TRUE	3.20000026476919e-09	8.00000066192297e-06
PROGESTERONE	15872	HMDB	HMDB0001830_24_shen	Progesterone	inchikey	1	TRUE	TRUE	3.20000026476919e-09	8.00000066192297e-06
PROGESTERONE	15873	HMDB	HMDB0001830_25_shen	Progesterone	inchikey	1	TRUE	TRUE	3.20000026476919e-09	8.00000066192297e-06
PROGESTERONE	15874	HMDB	HMDB0001830_26_shen	Progesterone	inchikey	1	TRUE	TRUE	3.20000026476919e-09	8.00000066192297e-06
PROGESTERONE	15875	HMDB	HMDB0001830_27_shen	Progesterone	inchikey	1	TRUE	TRUE	3.20000026476919e-09	8.00000066192297e-06
PROGESTERONE	15876	HMDB	HMDB0001830_28_shen	Progesterone	inchikey	1	TRUE	TRUE	3.20000026476919e-09	8.00000066192297e-06
PROGESTERONE	15877	HMDB	HMDB0001830_29_shen	Progesterone	inchikey	1	TRUE	TRUE	3.20000026476919e-09	8.00000066192297e-06
PROGESTERONE	15878	HMDB	HMDB0001830_30_shen	Progesterone	inchikey	1	TRUE	TRUE	3.20000026476919e-09	8.00000066192297e-06
PROGESTERONE	15879	HMDB	HMDB0001830_31_shen	Progesterone	inchikey	1	TRUE	TRUE	3.20000026476919e-09	8.00000066192297e-06
PROGESTERONE	15880	HMDB	HMDB0001830_32_shen	Progesterone	inchikey	1	TRUE	TRUE	3.20000026476919e-09	8.00000066192297e-06
PROGESTERONE	15881	HMDB	HMDB0001830_33_shen	Progesterone	inchikey	1	TRUE	TRUE	3.20000026476919e-09	8.00000066192297e-06
PROGESTERONE	15882	HMDB	HMDB0001830_34_shen	Progesterone	inchikey	1	TRUE	TRUE	3.20000026476919e-09	8.00000066192297e-06
PROGESTERONE	15883	HMDB	HMDB0001830_35_shen	Progesterone	inchikey	1	TRUE	TRUE	3.20000026476919e-09	8.00000066192297e-06
PROGESTERONE	15884	HMDB	HMDB0001830_36_shen	Progesterone	inchikey	1	TRUE	TRUE	3.20000026476919e-09	8.00000066192297e-06
PROGESTERONE	15885	HMDB	HMDB0001830_37_shen	Progesterone	inchikey	1	TRUE	TRUE	3.20000026476919e-09	8.00000066192297e-06
PROGESTERONE	15886	HMDB	HMDB0001830_38_shen	Progesterone	inchikey	1	TRUE	TRUE	3.20000026476919e-09	8.00000066192297e-06
PROGESTERONE	15887	HMDB	HMDB0001830_39_shen	Progesterone	inchikey	1	TRUE	TRUE	3.20000026476919e-09	8.00000066192297e-06
PROGESTERONE	15888	HMDB	HMDB0001830_40_shen	Progesterone	inchikey	1	TRUE	TRUE	3.20000026476919e-09	8.00000066192297e-06
PROGESTERONE	15889	HMDB	HMDB0001830_41_shen	Progesterone	inchikey	1	TRUE	TRUE	3.20000026476919e-09	8.00000066192297e-06
PROGESTERONE	15890	HMDB	HMDB0001830_42_shen	Progesterone	inchikey	1	TRUE	TRUE	3.20000026476919e-09	8.00000066192297e-06
PROGESTERONE	15891	HMDB	HMDB0001830_43_shen	Progesterone	inchikey	1	TRUE	TRUE	3.20000026476919e-09	8.00000066192297e-06
PROGESTERONE	15892	HMDB	HMDB0001830_44_shen	Progesterone	inchikey	1	TRUE	TRUE	3.20000026476919e-09	8.00000066192297e-06
PROGESTERONE	15893	HMDB	HMDB0001830_45_shen	Progesterone	inchikey	1	TRUE	TRUE	3.20000026476919e-09	8.00000066192297e-06
PROGESTERONE	15894	HMDB	HMDB0001830_46_shen	Progesterone	inchikey	1	TRUE	TRUE	3.20000026476919e-09	8.00000066192297e-06
PROGESTERONE	15895	HMDB	HMDB0001830_47_shen	Progesterone	inchikey	1	TRUE	TRUE	3.20000026476919e-09	8.00000066192297e-06
PROGESTERONE	15896	HMDB	HMDB0001830_48_shen	Progesterone	inchikey	1	TRUE	TRUE	3.20000026476919e-09	8.00000066192297e-06
PROGESTERONE	15897	HMDB	HMDB0001830_49_shen	Progesterone	inchikey	1	TRUE	TRUE	3.20000026476919e-09	8.00000066192297e-06
PROGESTERONE	15898	HMDB	HMDB0001830_50_shen	Progesterone	inchikey	1	TRUE	TRUE	3.20000026476919e-09	8.00000066192297e-06
PROGESTERONE	15899	HMDB	HMDB0001830_51_shen	Progesterone	inchikey	1	TRUE	TRUE	3.20000026476919e-09	8.00000066192297e-06
PROGESTERONE	15900	HMDB	HMDB0001830_52_shen	Progesterone	inchikey	1	TRUE	TRUE	3.20000026476919e-09	8.00000066192297e-06
PROGESTERONE	15901	HMDB	HMDB0001830_53_shen	Progesterone	inchikey	1	TRUE	TRUE	3.20000026476919e-09	8.00000066192297e-06
PROGESTERONE	15902	HMDB	HMDB0001830_54_shen	Progesterone	inchikey	1	TRUE	TRUE	3.20000026476919e-09	8.00000066192297e-06
PROGESTERONE	15903	HMDB	HMDB0001830_55_shen	Progesterone	inchikey	1	TRUE	TRUE	3.20000026476919e-09	8.00000066192297e-06
PROGESTERONE	15904	HMDB	HMDB0001830_56_shen	Progesterone	inchikey	1	TRUE	TRUE	3.20000026476919e-09	8.00000066192297e-06
PROGESTERONE	15905	HMDB	HMDB0001830_57_shen	Progesterone	inchikey	1	TRUE	TRUE	3.20000026476919e-09	8.00000066192297e-06
PROGESTERONE	15906	HMDB	HMDB0001830_58_shen	Progesterone	inchikey	1	TRUE	TRUE	3.20000026476919e-09	8.00000066192297e-06
PROGESTERONE	15907	HMDB	HMDB0001830_59_shen	Progesterone	inchikey	1	TRUE	TRUE	3.20000026476919e-09	8.00000066192297e-06
PROGESTERONE	15908	HMDB	HMDB0001830_60_shen	Progesterone	inchikey	1	TRUE	TRUE	3.20000026476919e-09	8.00000066192297e-06
CPD-2461	15918	HMDB	HMDB0001844_1_shen	Methylsuccinic acid	name_formula_mass	4	FALSE	TRUE	7.20001480658539e-09	1.80000370164635e-05
CPD-2461	15919	HMDB	HMDB0001844_2_shen	Methylsuccinic acid	name_formula_mass	4	FALSE	TRUE	7.20001480658539e-09	1.80000370164635e-05
CPD-2461	15920	HMDB	HMDB0001844_3_shen	Methylsuccinic acid	name_formula_mass	4	FALSE	TRUE	7.20001480658539e-09	1.80000370164635e-05
CPD-2461	15921	HMDB	HMDB0001844_4_shen	Methylsuccinic acid	name_formula_mass	4	FALSE	TRUE	7.20001480658539e-09	1.80000370164635e-05
CPD-2461	15922	HMDB	HMDB0001844_5_shen	Methylsuccinic acid	name_formula_mass	4	FALSE	TRUE	7.20001480658539e-09	1.80000370164635e-05
CPD-2461	15923	HMDB	HMDB0001844_6_shen	Methylsuccinic acid	name_formula_mass	4	FALSE	TRUE	7.20001480658539e-09	1.80000370164635e-05
CPD-2461	15924	HMDB	HMDB0001844_7_shen	Methylsuccinic acid	name_formula_mass	4	FALSE	TRUE	7.20001480658539e-09	1.80000370164635e-05
THF	15925	HMDB	HMDB0001846_1_shen	Tetrahydrofolic acid	name_formula_mass	4	FALSE	TRUE	4.29997726314468e-09	9.65915893391216e-06
THF	15926	HMDB	HMDB0001846_2_shen	Tetrahydrofolic acid	name_formula_mass	4	FALSE	TRUE	4.29997726314468e-09	9.65915893391216e-06
THF	15927	HMDB	HMDB0001846_3_shen	Tetrahydrofolic acid	name_formula_mass	4	FALSE	TRUE	4.29997726314468e-09	9.65915893391216e-06
1-3-7-TRIMETHYLXANTHINE	15928	HMDB	HMDB0001847_1_shen	Caffeine	inchikey	1	TRUE	TRUE	2.0000072709081e-09	5.00001817727025e-06
1-3-7-TRIMETHYLXANTHINE	15929	HMDB	HMDB0001847_2_shen	Caffeine	inchikey	1	TRUE	TRUE	2.0000072709081e-09	5.00001817727025e-06
1-3-7-TRIMETHYLXANTHINE	15930	HMDB	HMDB0001847_3_shen	Caffeine	inchikey	1	TRUE	TRUE	2.0000072709081e-09	5.00001817727025e-06
1-3-7-TRIMETHYLXANTHINE	15931	HMDB	HMDB0001847_4_shen	Caffeine	inchikey	1	TRUE	TRUE	2.0000072709081e-09	5.00001817727025e-06
1-3-7-TRIMETHYLXANTHINE	15932	HMDB	HMDB0001847_5_shen	Caffeine	inchikey	1	TRUE	TRUE	2.0000072709081e-09	5.00001817727025e-06
1-3-7-TRIMETHYLXANTHINE	15933	HMDB	HMDB0001847_6_shen	Caffeine	inchikey	1	TRUE	TRUE	2.0000072709081e-09	5.00001817727025e-06
1-3-7-TRIMETHYLXANTHINE	15934	HMDB	HMDB0001847_7_shen	Caffeine	inchikey	1	TRUE	TRUE	2.0000072709081e-09	5.00001817727025e-06
1-3-7-TRIMETHYLXANTHINE	15935	HMDB	HMDB0001847_8_shen	Caffeine	inchikey	1	TRUE	TRUE	2.0000072709081e-09	5.00001817727025e-06
1-3-7-TRIMETHYLXANTHINE	15936	HMDB	HMDB0001847_9_shen	Caffeine	inchikey	1	TRUE	TRUE	2.0000072709081e-09	5.00001817727025e-06
1-3-7-TRIMETHYLXANTHINE	15937	HMDB	HMDB0001847_10_shen	Caffeine	inchikey	1	TRUE	TRUE	2.0000072709081e-09	5.00001817727025e-06
1-3-7-TRIMETHYLXANTHINE	15938	HMDB	HMDB0001847_11_shen	Caffeine	inchikey	1	TRUE	TRUE	2.0000072709081e-09	5.00001817727025e-06
1-3-7-TRIMETHYLXANTHINE	15939	HMDB	HMDB0001847_12_shen	Caffeine	inchikey	1	TRUE	TRUE	2.0000072709081e-09	5.00001817727025e-06
1-3-7-TRIMETHYLXANTHINE	15940	HMDB	HMDB0001847_13_shen	Caffeine	inchikey	1	TRUE	TRUE	2.0000072709081e-09	5.00001817727025e-06
1-3-7-TRIMETHYLXANTHINE	15941	HMDB	HMDB0001847_14_shen	Caffeine	inchikey	1	TRUE	TRUE	2.0000072709081e-09	5.00001817727025e-06
1-3-7-TRIMETHYLXANTHINE	15942	HMDB	HMDB0001847_15_shen	Caffeine	inchikey	1	TRUE	TRUE	2.0000072709081e-09	5.00001817727025e-06
1-3-7-TRIMETHYLXANTHINE	15943	HMDB	HMDB0001847_16_shen	Caffeine	inchikey	1	TRUE	TRUE	2.0000072709081e-09	5.00001817727025e-06
1-3-7-TRIMETHYLXANTHINE	15944	HMDB	HMDB0001847_17_shen	Caffeine	inchikey	1	TRUE	TRUE	2.0000072709081e-09	5.00001817727025e-06
1-3-7-TRIMETHYLXANTHINE	15945	HMDB	HMDB0001847_18_shen	Caffeine	inchikey	1	TRUE	TRUE	2.0000072709081e-09	5.00001817727025e-06
1-3-7-TRIMETHYLXANTHINE	15946	HMDB	HMDB0001847_19_shen	Caffeine	inchikey	1	TRUE	TRUE	2.0000072709081e-09	5.00001817727025e-06
1-3-7-TRIMETHYLXANTHINE	15947	HMDB	HMDB0001847_20_shen	Caffeine	inchikey	1	TRUE	TRUE	2.0000072709081e-09	5.00001817727025e-06
1-3-7-TRIMETHYLXANTHINE	15948	HMDB	HMDB0001847_21_shen	Caffeine	inchikey	1	TRUE	TRUE	2.0000072709081e-09	5.00001817727025e-06
1-3-7-TRIMETHYLXANTHINE	15949	HMDB	HMDB0001847_22_shen	Caffeine	inchikey	1	TRUE	TRUE	2.0000072709081e-09	5.00001817727025e-06
1-3-7-TRIMETHYLXANTHINE	15950	HMDB	HMDB0001847_23_shen	Caffeine	inchikey	1	TRUE	TRUE	2.0000072709081e-09	5.00001817727025e-06
1-3-7-TRIMETHYLXANTHINE	15951	HMDB	HMDB0001847_24_shen	Caffeine	inchikey	1	TRUE	TRUE	2.0000072709081e-09	5.00001817727025e-06
1-3-7-TRIMETHYLXANTHINE	15952	HMDB	HMDB0001847_25_shen	Caffeine	inchikey	1	TRUE	TRUE	2.0000072709081e-09	5.00001817727025e-06
1-3-7-TRIMETHYLXANTHINE	15953	HMDB	HMDB0001847_26_shen	Caffeine	inchikey	1	TRUE	TRUE	2.0000072709081e-09	5.00001817727025e-06
1-3-7-TRIMETHYLXANTHINE	15954	HMDB	HMDB0001847_27_shen	Caffeine	inchikey	1	TRUE	TRUE	2.0000072709081e-09	5.00001817727025e-06
1-3-7-TRIMETHYLXANTHINE	15955	HMDB	HMDB0001847_28_shen	Caffeine	inchikey	1	TRUE	TRUE	2.0000072709081e-09	5.00001817727025e-06
1-3-7-TRIMETHYLXANTHINE	15956	HMDB	HMDB0001847_29_shen	Caffeine	inchikey	1	TRUE	TRUE	2.0000072709081e-09	5.00001817727025e-06
1-3-7-TRIMETHYLXANTHINE	15957	HMDB	HMDB0001847_30_shen	Caffeine	inchikey	1	TRUE	TRUE	2.0000072709081e-09	5.00001817727025e-06
1-3-7-TRIMETHYLXANTHINE	15958	HMDB	HMDB0001847_31_shen	Caffeine	inchikey	1	TRUE	TRUE	2.0000072709081e-09	5.00001817727025e-06
1-3-7-TRIMETHYLXANTHINE	15959	HMDB	HMDB0001847_32_shen	Caffeine	inchikey	1	TRUE	TRUE	2.0000072709081e-09	5.00001817727025e-06
1-3-7-TRIMETHYLXANTHINE	15960	HMDB	HMDB0001847_33_shen	Caffeine	inchikey	1	TRUE	TRUE	2.0000072709081e-09	5.00001817727025e-06
1-3-7-TRIMETHYLXANTHINE	15961	HMDB	HMDB0001847_34_shen	Caffeine	inchikey	1	TRUE	TRUE	2.0000072709081e-09	5.00001817727025e-06
1-3-7-TRIMETHYLXANTHINE	15962	HMDB	HMDB0001847_35_shen	Caffeine	inchikey	1	TRUE	TRUE	2.0000072709081e-09	5.00001817727025e-06
1-3-7-TRIMETHYLXANTHINE	15963	HMDB	HMDB0001847_36_shen	Caffeine	inchikey	1	TRUE	TRUE	2.0000072709081e-09	5.00001817727025e-06
1-3-7-TRIMETHYLXANTHINE	15964	HMDB	HMDB0001847_37_shen	Caffeine	inchikey	1	TRUE	TRUE	2.0000072709081e-09	5.00001817727025e-06
1-3-7-TRIMETHYLXANTHINE	15965	HMDB	HMDB0001847_38_shen	Caffeine	inchikey	1	TRUE	TRUE	2.0000072709081e-09	5.00001817727025e-06
1-3-7-TRIMETHYLXANTHINE	15966	HMDB	HMDB0001847_39_shen	Caffeine	inchikey	1	TRUE	TRUE	2.0000072709081e-09	5.00001817727025e-06
1-3-7-TRIMETHYLXANTHINE	15967	HMDB	HMDB0001847_40_shen	Caffeine	inchikey	1	TRUE	TRUE	2.0000072709081e-09	5.00001817727025e-06
1-3-7-TRIMETHYLXANTHINE	15968	HMDB	HMDB0001847_41_shen	Caffeine	inchikey	1	TRUE	TRUE	2.0000072709081e-09	5.00001817727025e-06
1-3-7-TRIMETHYLXANTHINE	15969	HMDB	HMDB0001847_42_shen	Caffeine	inchikey	1	TRUE	TRUE	2.0000072709081e-09	5.00001817727025e-06
1-3-7-TRIMETHYLXANTHINE	15970	HMDB	HMDB0001847_43_shen	Caffeine	inchikey	1	TRUE	TRUE	2.0000072709081e-09	5.00001817727025e-06
1-3-7-TRIMETHYLXANTHINE	15971	HMDB	HMDB0001847_44_shen	Caffeine	inchikey	1	TRUE	TRUE	2.0000072709081e-09	5.00001817727025e-06
1-3-7-TRIMETHYLXANTHINE	15972	HMDB	HMDB0001847_45_shen	Caffeine	inchikey	1	TRUE	TRUE	2.0000072709081e-09	5.00001817727025e-06
1-3-7-TRIMETHYLXANTHINE	15973	HMDB	HMDB0001847_46_shen	Caffeine	inchikey	1	TRUE	TRUE	2.0000072709081e-09	5.00001817727025e-06
1-3-7-TRIMETHYLXANTHINE	15974	HMDB	HMDB0001847_47_shen	Caffeine	inchikey	1	TRUE	TRUE	2.0000072709081e-09	5.00001817727025e-06
1-3-7-TRIMETHYLXANTHINE	15975	HMDB	HMDB0001847_48_shen	Caffeine	inchikey	1	TRUE	TRUE	2.0000072709081e-09	5.00001817727025e-06
1-3-7-TRIMETHYLXANTHINE	15976	HMDB	HMDB0001847_49_shen	Caffeine	inchikey	1	TRUE	TRUE	2.0000072709081e-09	5.00001817727025e-06
1-3-7-TRIMETHYLXANTHINE	15977	HMDB	HMDB0001847_50_shen	Caffeine	inchikey	1	TRUE	TRUE	2.0000072709081e-09	5.00001817727025e-06
1-3-7-TRIMETHYLXANTHINE	15978	HMDB	HMDB0001847_51_shen	Caffeine	inchikey	1	TRUE	TRUE	2.0000072709081e-09	5.00001817727025e-06
1-3-7-TRIMETHYLXANTHINE	15979	HMDB	HMDB0001847_52_shen	Caffeine	inchikey	1	TRUE	TRUE	2.0000072709081e-09	5.00001817727025e-06
1-3-7-TRIMETHYLXANTHINE	15980	HMDB	HMDB0001847_53_shen	Caffeine	inchikey	1	TRUE	TRUE	2.0000072709081e-09	5.00001817727025e-06
1-3-7-TRIMETHYLXANTHINE	15981	HMDB	HMDB0001847_54_shen	Caffeine	inchikey	1	TRUE	TRUE	2.0000072709081e-09	5.00001817727025e-06
1-3-7-TRIMETHYLXANTHINE	15982	HMDB	HMDB0001847_55_shen	Caffeine	inchikey	1	TRUE	TRUE	2.0000072709081e-09	5.00001817727025e-06
1-3-7-TRIMETHYLXANTHINE	15983	HMDB	HMDB0001847_56_shen	Caffeine	inchikey	1	TRUE	TRUE	2.0000072709081e-09	5.00001817727025e-06
1-3-7-TRIMETHYLXANTHINE	15984	HMDB	HMDB0001847_57_shen	Caffeine	inchikey	1	TRUE	TRUE	2.0000072709081e-09	5.00001817727025e-06
1-3-7-TRIMETHYLXANTHINE	15985	HMDB	HMDB0001847_58_shen	Caffeine	inchikey	1	TRUE	TRUE	2.0000072709081e-09	5.00001817727025e-06
1-3-7-TRIMETHYLXANTHINE	15986	HMDB	HMDB0001847_59_shen	Caffeine	inchikey	1	TRUE	TRUE	2.0000072709081e-09	5.00001817727025e-06
1-3-7-TRIMETHYLXANTHINE	15987	HMDB	HMDB0001847_60_shen	Caffeine	inchikey	1	TRUE	TRUE	2.0000072709081e-09	5.00001817727025e-06
1-3-7-TRIMETHYLXANTHINE	15988	HMDB	HMDB0001847_61_shen	Caffeine	inchikey	1	TRUE	TRUE	2.0000072709081e-09	5.00001817727025e-06
1-3-7-TRIMETHYLXANTHINE	15989	HMDB	HMDB0001847_62_shen	Caffeine	inchikey	1	TRUE	TRUE	2.0000072709081e-09	5.00001817727025e-06
1-3-7-TRIMETHYLXANTHINE	15990	HMDB	HMDB0001847_63_shen	Caffeine	inchikey	1	TRUE	TRUE	2.0000072709081e-09	5.00001817727025e-06
1-3-7-TRIMETHYLXANTHINE	15991	HMDB	HMDB0001847_64_shen	Caffeine	inchikey	1	TRUE	TRUE	2.0000072709081e-09	5.00001817727025e-06
1-3-7-TRIMETHYLXANTHINE	15992	HMDB	HMDB0001847_65_shen	Caffeine	inchikey	1	TRUE	TRUE	2.0000072709081e-09	5.00001817727025e-06
1-3-7-TRIMETHYLXANTHINE	15993	HMDB	HMDB0001847_66_shen	Caffeine	inchikey	1	TRUE	TRUE	2.0000072709081e-09	5.00001817727025e-06
1-3-7-TRIMETHYLXANTHINE	15994	HMDB	HMDB0001847_67_shen	Caffeine	inchikey	1	TRUE	TRUE	2.0000072709081e-09	5.00001817727025e-06
1-3-7-TRIMETHYLXANTHINE	15995	HMDB	HMDB0001847_68_shen	Caffeine	inchikey	1	TRUE	TRUE	2.0000072709081e-09	5.00001817727025e-06
1-3-7-TRIMETHYLXANTHINE	15996	HMDB	HMDB0001847_69_shen	Caffeine	inchikey	1	TRUE	TRUE	2.0000072709081e-09	5.00001817727025e-06
1-3-7-TRIMETHYLXANTHINE	15997	HMDB	HMDB0001847_70_shen	Caffeine	inchikey	1	TRUE	TRUE	2.0000072709081e-09	5.00001817727025e-06
1-3-7-TRIMETHYLXANTHINE	15998	HMDB	HMDB0001847_71_shen	Caffeine	inchikey	1	TRUE	TRUE	2.0000072709081e-09	5.00001817727025e-06
1-3-7-TRIMETHYLXANTHINE	15999	HMDB	HMDB0001847_72_shen	Caffeine	inchikey	1	TRUE	TRUE	2.0000072709081e-09	5.00001817727025e-06
1-3-7-TRIMETHYLXANTHINE	16000	HMDB	HMDB0001847_73_shen	Caffeine	inchikey	1	TRUE	TRUE	2.0000072709081e-09	5.00001817727025e-06
1-3-7-TRIMETHYLXANTHINE	16001	HMDB	HMDB0001847_74_shen	Caffeine	inchikey	1	TRUE	TRUE	2.0000072709081e-09	5.00001817727025e-06
1-3-7-TRIMETHYLXANTHINE	16002	HMDB	HMDB0001847_75_shen	Caffeine	inchikey	1	TRUE	TRUE	2.0000072709081e-09	5.00001817727025e-06
1-3-7-TRIMETHYLXANTHINE	16003	HMDB	HMDB0001847_76_shen	Caffeine	inchikey	1	TRUE	TRUE	2.0000072709081e-09	5.00001817727025e-06
1-3-7-TRIMETHYLXANTHINE	16004	HMDB	HMDB0001847_77_shen	Caffeine	inchikey	1	TRUE	TRUE	2.0000072709081e-09	5.00001817727025e-06
1-3-7-TRIMETHYLXANTHINE	16005	HMDB	HMDB0001847_78_shen	Caffeine	inchikey	1	TRUE	TRUE	2.0000072709081e-09	5.00001817727025e-06
1-3-7-TRIMETHYLXANTHINE	16006	HMDB	HMDB0001847_79_shen	Caffeine	inchikey	1	TRUE	TRUE	2.0000072709081e-09	5.00001817727025e-06
1-3-7-TRIMETHYLXANTHINE	16007	HMDB	HMDB0001847_80_shen	Caffeine	inchikey	1	TRUE	TRUE	2.0000072709081e-09	5.00001817727025e-06
1-3-7-TRIMETHYLXANTHINE	16008	HMDB	HMDB0001847_81_shen	Caffeine	inchikey	1	TRUE	TRUE	2.0000072709081e-09	5.00001817727025e-06
1-3-7-TRIMETHYLXANTHINE	16009	HMDB	HMDB0001847_82_shen	Caffeine	inchikey	1	TRUE	TRUE	2.0000072709081e-09	5.00001817727025e-06
1-3-7-TRIMETHYLXANTHINE	16010	HMDB	HMDB0001847_83_shen	Caffeine	inchikey	1	TRUE	TRUE	2.0000072709081e-09	5.00001817727025e-06
1-3-7-TRIMETHYLXANTHINE	16011	HMDB	HMDB0001847_84_shen	Caffeine	inchikey	1	TRUE	TRUE	2.0000072709081e-09	5.00001817727025e-06
1-3-7-TRIMETHYLXANTHINE	16012	HMDB	HMDB0001847_85_shen	Caffeine	inchikey	1	TRUE	TRUE	2.0000072709081e-09	5.00001817727025e-06
1-3-7-TRIMETHYLXANTHINE	16013	HMDB	HMDB0001847_86_shen	Caffeine	inchikey	1	TRUE	TRUE	2.0000072709081e-09	5.00001817727025e-06
1-3-7-TRIMETHYLXANTHINE	16014	HMDB	HMDB0001847_87_shen	Caffeine	inchikey	1	TRUE	TRUE	2.0000072709081e-09	5.00001817727025e-06
1-3-7-TRIMETHYLXANTHINE	16015	HMDB	HMDB0001847_88_shen	Caffeine	inchikey	1	TRUE	TRUE	2.0000072709081e-09	5.00001817727025e-06
1-3-7-TRIMETHYLXANTHINE	16016	HMDB	HMDB0001847_89_shen	Caffeine	inchikey	1	TRUE	TRUE	2.0000072709081e-09	5.00001817727025e-06
1-3-7-TRIMETHYLXANTHINE	16017	HMDB	HMDB0001847_90_shen	Caffeine	inchikey	1	TRUE	TRUE	2.0000072709081e-09	5.00001817727025e-06
1-3-7-TRIMETHYLXANTHINE	16018	HMDB	HMDB0001847_91_shen	Caffeine	inchikey	1	TRUE	TRUE	2.0000072709081e-09	5.00001817727025e-06
1-3-7-TRIMETHYLXANTHINE	16019	HMDB	HMDB0001847_92_shen	Caffeine	inchikey	1	TRUE	TRUE	2.0000072709081e-09	5.00001817727025e-06
1-3-7-TRIMETHYLXANTHINE	16020	HMDB	HMDB0001847_93_shen	Caffeine	inchikey	1	TRUE	TRUE	2.0000072709081e-09	5.00001817727025e-06
1-3-7-TRIMETHYLXANTHINE	16021	HMDB	HMDB0001847_94_shen	Caffeine	inchikey	1	TRUE	TRUE	2.0000072709081e-09	5.00001817727025e-06
1-3-7-TRIMETHYLXANTHINE	16022	HMDB	HMDB0001847_95_shen	Caffeine	inchikey	1	TRUE	TRUE	2.0000072709081e-09	5.00001817727025e-06
1-3-7-TRIMETHYLXANTHINE	16023	HMDB	HMDB0001847_96_shen	Caffeine	inchikey	1	TRUE	TRUE	2.0000072709081e-09	5.00001817727025e-06
1-3-7-TRIMETHYLXANTHINE	16024	HMDB	HMDB0001847_97_shen	Caffeine	inchikey	1	TRUE	TRUE	2.0000072709081e-09	5.00001817727025e-06
1-3-7-TRIMETHYLXANTHINE	16025	HMDB	HMDB0001847_98_shen	Caffeine	inchikey	1	TRUE	TRUE	2.0000072709081e-09	5.00001817727025e-06
1-3-7-TRIMETHYLXANTHINE	16026	HMDB	HMDB0001847_99_shen	Caffeine	inchikey	1	TRUE	TRUE	2.0000072709081e-09	5.00001817727025e-06
1-3-7-TRIMETHYLXANTHINE	16027	HMDB	HMDB0001847_100_shen	Caffeine	inchikey	1	TRUE	TRUE	2.0000072709081e-09	5.00001817727025e-06
1-3-7-TRIMETHYLXANTHINE	16028	HMDB	HMDB0001847_101_shen	Caffeine	inchikey	1	TRUE	TRUE	2.0000072709081e-09	5.00001817727025e-06
1-3-7-TRIMETHYLXANTHINE	16029	HMDB	HMDB0001847_102_shen	Caffeine	inchikey	1	TRUE	TRUE	2.0000072709081e-09	5.00001817727025e-06
1-3-7-TRIMETHYLXANTHINE	16030	HMDB	HMDB0001847_103_shen	Caffeine	inchikey	1	TRUE	TRUE	2.0000072709081e-09	5.00001817727025e-06
1-3-7-TRIMETHYLXANTHINE	16031	HMDB	HMDB0001847_104_shen	Caffeine	inchikey	1	TRUE	TRUE	2.0000072709081e-09	5.00001817727025e-06
1-3-7-TRIMETHYLXANTHINE	16032	HMDB	HMDB0001847_105_shen	Caffeine	inchikey	1	TRUE	TRUE	2.0000072709081e-09	5.00001817727025e-06
1-3-7-TRIMETHYLXANTHINE	16033	HMDB	HMDB0001847_106_shen	Caffeine	inchikey	1	TRUE	TRUE	2.0000072709081e-09	5.00001817727025e-06
1-3-7-TRIMETHYLXANTHINE	16034	HMDB	HMDB0001847_107_shen	Caffeine	inchikey	1	TRUE	TRUE	2.0000072709081e-09	5.00001817727025e-06
1-3-7-TRIMETHYLXANTHINE	16035	HMDB	HMDB0001847_108_shen	Caffeine	inchikey	1	TRUE	TRUE	2.0000072709081e-09	5.00001817727025e-06
1-3-7-TRIMETHYLXANTHINE	16036	HMDB	HMDB0001847_109_shen	Caffeine	inchikey	1	TRUE	TRUE	2.0000072709081e-09	5.00001817727025e-06
1-3-7-TRIMETHYLXANTHINE	16037	HMDB	HMDB0001847_110_shen	Caffeine	inchikey	1	TRUE	TRUE	2.0000072709081e-09	5.00001817727025e-06
1-3-7-TRIMETHYLXANTHINE	16038	HMDB	HMDB0001847_111_shen	Caffeine	inchikey	1	TRUE	TRUE	2.0000072709081e-09	5.00001817727025e-06
1-3-7-TRIMETHYLXANTHINE	16039	HMDB	HMDB0001847_112_shen	Caffeine	inchikey	1	TRUE	TRUE	2.0000072709081e-09	5.00001817727025e-06
1-3-7-TRIMETHYLXANTHINE	16040	HMDB	HMDB0001847_113_shen	Caffeine	inchikey	1	TRUE	TRUE	2.0000072709081e-09	5.00001817727025e-06
1-3-7-TRIMETHYLXANTHINE	16041	HMDB	HMDB0001847_114_shen	Caffeine	inchikey	1	TRUE	TRUE	2.0000072709081e-09	5.00001817727025e-06
1-3-7-TRIMETHYLXANTHINE	16042	HMDB	HMDB0001847_115_shen	Caffeine	inchikey	1	TRUE	TRUE	2.0000072709081e-09	5.00001817727025e-06
CPD-355	16225	HMDB	HMDB0001851_1_shen	L-Arabitol	name_formula_mass	4	TRUE	TRUE	1.70001612787019e-09	4.25004031967546e-06
CPD-355	16226	HMDB	HMDB0001851_2_shen	L-Arabitol	name_formula_mass	4	TRUE	TRUE	1.70001612787019e-09	4.25004031967546e-06
CPD-355	16227	HMDB	HMDB0001851_3_shen	L-Arabitol	name_formula_mass	4	TRUE	TRUE	1.70001612787019e-09	4.25004031967546e-06
CPD-355	16228	HMDB	HMDB0001851_4_shen	L-Arabitol	name_formula_mass	4	TRUE	TRUE	1.70001612787019e-09	4.25004031967546e-06
CPD-355	16229	HMDB	HMDB0001851_5_shen	L-Arabitol	name_formula_mass	4	TRUE	TRUE	1.70001612787019e-09	4.25004031967546e-06
CPD-355	16230	HMDB	HMDB0001851_6_shen	L-Arabitol	name_formula_mass	4	TRUE	TRUE	1.70001612787019e-09	4.25004031967546e-06
CPD-355	16231	HMDB	HMDB0001851_7_shen	L-Arabitol	name_formula_mass	4	TRUE	TRUE	1.70001612787019e-09	4.25004031967546e-06
CPD-355	16232	HMDB	HMDB0001851_8_shen	L-Arabitol	name_formula_mass	4	TRUE	TRUE	1.70001612787019e-09	4.25004031967546e-06
CPD-355	16233	HMDB	HMDB0001851_9_shen	L-Arabitol	name_formula_mass	4	TRUE	TRUE	1.70001612787019e-09	4.25004031967546e-06
CPD-355	16234	HMDB	HMDB0001851_10_shen	L-Arabitol	name_formula_mass	4	TRUE	TRUE	1.70001612787019e-09	4.25004031967546e-06
RETINOATE	16235	HMDB	HMDB0001852_1_shen	all-trans-Retinoic acid	inchikey_connectivity_formula_mass	2	FALSE	TRUE	9.99989424599335e-10	2.49997356149834e-06
RETINOATE	16236	HMDB	HMDB0001852_2_shen	all-trans-Retinoic acid	inchikey_connectivity_formula_mass	2	FALSE	TRUE	9.99989424599335e-10	2.49997356149834e-06
RETINOATE	16237	HMDB	HMDB0001852_3_shen	all-trans-Retinoic acid	inchikey_connectivity_formula_mass	2	FALSE	TRUE	9.99989424599335e-10	2.49997356149834e-06
RETINOATE	16238	HMDB	HMDB0001852_4_shen	all-trans-Retinoic acid	inchikey_connectivity_formula_mass	2	FALSE	TRUE	9.99989424599335e-10	2.49997356149834e-06
RETINOATE	16239	HMDB	HMDB0001852_5_shen	all-trans-Retinoic acid	inchikey_connectivity_formula_mass	2	FALSE	TRUE	9.99989424599335e-10	2.49997356149834e-06
RETINOATE	16240	HMDB	HMDB0001852_6_shen	all-trans-Retinoic acid	inchikey_connectivity_formula_mass	2	FALSE	TRUE	9.99989424599335e-10	2.49997356149834e-06
RETINOATE	16241	HMDB	HMDB0001852_7_shen	all-trans-Retinoic acid	inchikey_connectivity_formula_mass	2	FALSE	TRUE	9.99989424599335e-10	2.49997356149834e-06
RETINOATE	16242	HMDB	HMDB0001852_8_shen	all-trans-Retinoic acid	inchikey_connectivity_formula_mass	2	FALSE	TRUE	9.99989424599335e-10	2.49997356149834e-06
RETINOATE	16243	HMDB	HMDB0001852_9_shen	all-trans-Retinoic acid	inchikey_connectivity_formula_mass	2	FALSE	TRUE	9.99989424599335e-10	2.49997356149834e-06
RETINOATE	16244	HMDB	HMDB0001852_10_shen	all-trans-Retinoic acid	inchikey_connectivity_formula_mass	2	FALSE	TRUE	9.99989424599335e-10	2.49997356149834e-06
RETINOATE	16245	HMDB	HMDB0001852_11_shen	all-trans-Retinoic acid	inchikey_connectivity_formula_mass	2	FALSE	TRUE	9.99989424599335e-10	2.49997356149834e-06
RETINOATE	16246	HMDB	HMDB0001852_12_shen	all-trans-Retinoic acid	inchikey_connectivity_formula_mass	2	FALSE	TRUE	9.99989424599335e-10	2.49997356149834e-06
RETINOATE	16247	HMDB	HMDB0001852_13_shen	all-trans-Retinoic acid	inchikey_connectivity_formula_mass	2	FALSE	TRUE	9.99989424599335e-10	2.49997356149834e-06
3-4-DIHYDROXYBENZOATE	16251	HMDB	HMDB0001856_1_shen	Protocatechuic acid	inchikey_connectivity_formula_mass	2	FALSE	TRUE	8.00000066192297e-09	2.00000016548074e-05
3-4-DIHYDROXYBENZOATE	16252	HMDB	HMDB0001856_2_shen	Protocatechuic acid	inchikey_connectivity_formula_mass	2	FALSE	TRUE	8.00000066192297e-09	2.00000016548074e-05
3-4-DIHYDROXYBENZOATE	16253	HMDB	HMDB0001856_3_shen	Protocatechuic acid	inchikey_connectivity_formula_mass	2	FALSE	TRUE	8.00000066192297e-09	2.00000016548074e-05
3-4-DIHYDROXYBENZOATE	16254	HMDB	HMDB0001856_4_shen	Protocatechuic acid	inchikey_connectivity_formula_mass	2	FALSE	TRUE	8.00000066192297e-09	2.00000016548074e-05
3-4-DIHYDROXYBENZOATE	16255	HMDB	HMDB0001856_5_shen	Protocatechuic acid	inchikey_connectivity_formula_mass	2	FALSE	TRUE	8.00000066192297e-09	2.00000016548074e-05
3-4-DIHYDROXYBENZOATE	16256	HMDB	HMDB0001856_6_shen	Protocatechuic acid	inchikey_connectivity_formula_mass	2	FALSE	TRUE	8.00000066192297e-09	2.00000016548074e-05
3-4-DIHYDROXYBENZOATE	16257	HMDB	HMDB0001856_7_shen	Protocatechuic acid	inchikey_connectivity_formula_mass	2	FALSE	TRUE	8.00000066192297e-09	2.00000016548074e-05
3-4-DIHYDROXYBENZOATE	16258	HMDB	HMDB0001856_8_shen	Protocatechuic acid	inchikey_connectivity_formula_mass	2	FALSE	TRUE	8.00000066192297e-09	2.00000016548074e-05
3-4-DIHYDROXYBENZOATE	16259	HMDB	HMDB0001856_9_shen	Protocatechuic acid	inchikey_connectivity_formula_mass	2	FALSE	TRUE	8.00000066192297e-09	2.00000016548074e-05
3-4-DIHYDROXYBENZOATE	16260	HMDB	HMDB0001856_10_shen	Protocatechuic acid	inchikey_connectivity_formula_mass	2	FALSE	TRUE	8.00000066192297e-09	2.00000016548074e-05
3-4-DIHYDROXYBENZOATE	16261	HMDB	HMDB0001856_11_shen	Protocatechuic acid	inchikey_connectivity_formula_mass	2	FALSE	TRUE	8.00000066192297e-09	2.00000016548074e-05
3-4-DIHYDROXYBENZOATE	16262	HMDB	HMDB0001856_12_shen	Protocatechuic acid	inchikey_connectivity_formula_mass	2	FALSE	TRUE	8.00000066192297e-09	2.00000016548074e-05
3-4-DIHYDROXYBENZOATE	16263	HMDB	HMDB0001856_13_shen	Protocatechuic acid	inchikey_connectivity_formula_mass	2	FALSE	TRUE	8.00000066192297e-09	2.00000016548074e-05
3-4-DIHYDROXYBENZOATE	16264	HMDB	HMDB0001856_14_shen	Protocatechuic acid	inchikey_connectivity_formula_mass	2	FALSE	TRUE	8.00000066192297e-09	2.00000016548074e-05
3-4-DIHYDROXYBENZOATE	16265	HMDB	HMDB0001856_15_shen	Protocatechuic acid	inchikey_connectivity_formula_mass	2	FALSE	TRUE	8.00000066192297e-09	2.00000016548074e-05
3-4-DIHYDROXYBENZOATE	16266	HMDB	HMDB0001856_16_shen	Protocatechuic acid	inchikey_connectivity_formula_mass	2	FALSE	TRUE	8.00000066192297e-09	2.00000016548074e-05
3-4-DIHYDROXYBENZOATE	16267	HMDB	HMDB0001856_17_shen	Protocatechuic acid	inchikey_connectivity_formula_mass	2	FALSE	TRUE	8.00000066192297e-09	2.00000016548074e-05
1-7-DIMETHYLXANTHINE	16397	HMDB	HMDB0001860_1_shen	Paraxanthine	inchikey	1	TRUE	TRUE	1.80000370164635e-09	4.50000925411587e-06
1-7-DIMETHYLXANTHINE	16398	HMDB	HMDB0001860_2_shen	Paraxanthine	inchikey	1	TRUE	TRUE	1.80000370164635e-09	4.50000925411587e-06
1-7-DIMETHYLXANTHINE	16399	HMDB	HMDB0001860_3_shen	Paraxanthine	inchikey	1	TRUE	TRUE	1.80000370164635e-09	4.50000925411587e-06
1-7-DIMETHYLXANTHINE	16400	HMDB	HMDB0001860_4_shen	Paraxanthine	inchikey	1	TRUE	TRUE	1.80000370164635e-09	4.50000925411587e-06
1-7-DIMETHYLXANTHINE	16401	HMDB	HMDB0001860_5_shen	Paraxanthine	inchikey	1	TRUE	TRUE	1.80000370164635e-09	4.50000925411587e-06
1-7-DIMETHYLXANTHINE	16402	HMDB	HMDB0001860_6_shen	Paraxanthine	inchikey	1	TRUE	TRUE	1.80000370164635e-09	4.50000925411587e-06
1-7-DIMETHYLXANTHINE	16403	HMDB	HMDB0001860_7_shen	Paraxanthine	inchikey	1	TRUE	TRUE	1.80000370164635e-09	4.50000925411587e-06
1-7-DIMETHYLXANTHINE	16404	HMDB	HMDB0001860_8_shen	Paraxanthine	inchikey	1	TRUE	TRUE	1.80000370164635e-09	4.50000925411587e-06
1-7-DIMETHYLXANTHINE	16405	HMDB	HMDB0001860_9_shen	Paraxanthine	inchikey	1	TRUE	TRUE	1.80000370164635e-09	4.50000925411587e-06
1-7-DIMETHYLXANTHINE	16406	HMDB	HMDB0001860_10_shen	Paraxanthine	inchikey	1	TRUE	TRUE	1.80000370164635e-09	4.50000925411587e-06
1-7-DIMETHYLXANTHINE	16407	HMDB	HMDB0001860_11_shen	Paraxanthine	inchikey	1	TRUE	TRUE	1.80000370164635e-09	4.50000925411587e-06
1-7-DIMETHYLXANTHINE	16408	HMDB	HMDB0001860_12_shen	Paraxanthine	inchikey	1	TRUE	TRUE	1.80000370164635e-09	4.50000925411587e-06
1-7-DIMETHYLXANTHINE	16409	HMDB	HMDB0001860_13_shen	Paraxanthine	inchikey	1	TRUE	TRUE	1.80000370164635e-09	4.50000925411587e-06
1-7-DIMETHYLXANTHINE	16410	HMDB	HMDB0001860_14_shen	Paraxanthine	inchikey	1	TRUE	TRUE	1.80000370164635e-09	4.50000925411587e-06
1-7-DIMETHYLXANTHINE	16411	HMDB	HMDB0001860_15_shen	Paraxanthine	inchikey	1	TRUE	TRUE	1.80000370164635e-09	4.50000925411587e-06
1-7-DIMETHYLXANTHINE	16412	HMDB	HMDB0001860_16_shen	Paraxanthine	inchikey	1	TRUE	TRUE	1.80000370164635e-09	4.50000925411587e-06
1-7-DIMETHYLXANTHINE	16413	HMDB	HMDB0001860_17_shen	Paraxanthine	inchikey	1	TRUE	TRUE	1.80000370164635e-09	4.50000925411587e-06
1-7-DIMETHYLXANTHINE	16414	HMDB	HMDB0001860_18_shen	Paraxanthine	inchikey	1	TRUE	TRUE	1.80000370164635e-09	4.50000925411587e-06
1-7-DIMETHYLXANTHINE	16415	HMDB	HMDB0001860_19_shen	Paraxanthine	inchikey	1	TRUE	TRUE	1.80000370164635e-09	4.50000925411587e-06
1-7-DIMETHYLXANTHINE	16416	HMDB	HMDB0001860_20_shen	Paraxanthine	inchikey	1	TRUE	TRUE	1.80000370164635e-09	4.50000925411587e-06
1-7-DIMETHYLXANTHINE	16417	HMDB	HMDB0001860_21_shen	Paraxanthine	inchikey	1	TRUE	TRUE	1.80000370164635e-09	4.50000925411587e-06
1-7-DIMETHYLXANTHINE	16418	HMDB	HMDB0001860_22_shen	Paraxanthine	inchikey	1	TRUE	TRUE	1.80000370164635e-09	4.50000925411587e-06
1-7-DIMETHYLXANTHINE	16419	HMDB	HMDB0001860_23_shen	Paraxanthine	inchikey	1	TRUE	TRUE	1.80000370164635e-09	4.50000925411587e-06
1-7-DIMETHYLXANTHINE	16420	HMDB	HMDB0001860_24_shen	Paraxanthine	inchikey	1	TRUE	TRUE	1.80000370164635e-09	4.50000925411587e-06
1-7-DIMETHYLXANTHINE	16421	HMDB	HMDB0001860_25_shen	Paraxanthine	inchikey	1	TRUE	TRUE	1.80000370164635e-09	4.50000925411587e-06
1-7-DIMETHYLXANTHINE	16422	HMDB	HMDB0001860_26_shen	Paraxanthine	inchikey	1	TRUE	TRUE	1.80000370164635e-09	4.50000925411587e-06
1-7-DIMETHYLXANTHINE	16423	HMDB	HMDB0001860_27_shen	Paraxanthine	inchikey	1	TRUE	TRUE	1.80000370164635e-09	4.50000925411587e-06
1-7-DIMETHYLXANTHINE	16424	HMDB	HMDB0001860_28_shen	Paraxanthine	inchikey	1	TRUE	TRUE	1.80000370164635e-09	4.50000925411587e-06
1-7-DIMETHYLXANTHINE	16425	HMDB	HMDB0001860_29_shen	Paraxanthine	inchikey	1	TRUE	TRUE	1.80000370164635e-09	4.50000925411587e-06
1-7-DIMETHYLXANTHINE	16426	HMDB	HMDB0001860_30_shen	Paraxanthine	inchikey	1	TRUE	TRUE	1.80000370164635e-09	4.50000925411587e-06
1-7-DIMETHYLXANTHINE	16427	HMDB	HMDB0001860_31_shen	Paraxanthine	inchikey	1	TRUE	TRUE	1.80000370164635e-09	4.50000925411587e-06
1-7-DIMETHYLXANTHINE	16428	HMDB	HMDB0001860_32_shen	Paraxanthine	inchikey	1	TRUE	TRUE	1.80000370164635e-09	4.50000925411587e-06
CPD-16713	16445	HMDB	HMDB0001863_shen	2-Hydroxyvaleric acid	inchikey_connectivity_formula_mass	2	FALSE	TRUE	1.30000898934668e-09	3.2500224733667e-06
2-OXOHEXANOATE	16446	HMDB	HMDB0001864_1_shen	2-Ketohexanoic acid	inchikey_connectivity_formula_mass	2	FALSE	TRUE	1.30000898934668e-09	3.2500224733667e-06
2-OXOHEXANOATE	16447	HMDB	HMDB0001864_2_shen	2-Ketohexanoic acid	inchikey_connectivity_formula_mass	2	FALSE	TRUE	1.30000898934668e-09	3.2500224733667e-06
2-OXOHEXANOATE	16448	HMDB	HMDB0001864_3_shen	2-Ketohexanoic acid	inchikey_connectivity_formula_mass	2	FALSE	TRUE	1.30000898934668e-09	3.2500224733667e-06
CPD-3618	16449	HMDB	HMDB0001865_1_shen	2-Oxovaleric acid	inchikey_connectivity_formula_mass	2	FALSE	TRUE	1.10000542008493e-09	2.75001355021232e-06
CPD-3618	16450	HMDB	HMDB0001865_2_shen	2-Oxovaleric acid	inchikey_connectivity_formula_mass	2	FALSE	TRUE	1.10000542008493e-09	2.75001355021232e-06
BENZOATE	16517	HMDB	HMDB0001870_1_shen	Benzoic acid	inchikey_connectivity_formula_mass	2	FALSE	TRUE	3.79999676169973e-09	9.49999190424933e-06
BENZOATE	16518	HMDB	HMDB0001870_2_shen	Benzoic acid	inchikey_connectivity_formula_mass	2	FALSE	TRUE	3.79999676169973e-09	9.49999190424933e-06
BENZOATE	16519	HMDB	HMDB0001870_3_shen	Benzoic acid	inchikey_connectivity_formula_mass	2	FALSE	TRUE	3.79999676169973e-09	9.49999190424933e-06
BENZOATE	16520	HMDB	HMDB0001870_4_shen	Benzoic acid	inchikey_connectivity_formula_mass	2	FALSE	TRUE	3.79999676169973e-09	9.49999190424933e-06
BENZOATE	16521	HMDB	HMDB0001870_5_shen	Benzoic acid	inchikey_connectivity_formula_mass	2	FALSE	TRUE	3.79999676169973e-09	9.49999190424933e-06
BENZOATE	16522	HMDB	HMDB0001870_6_shen	Benzoic acid	inchikey_connectivity_formula_mass	2	FALSE	TRUE	3.79999676169973e-09	9.49999190424933e-06
BENZOATE	16523	HMDB	HMDB0001870_7_shen	Benzoic acid	inchikey_connectivity_formula_mass	2	FALSE	TRUE	3.79999676169973e-09	9.49999190424933e-06
BENZOATE	16524	HMDB	HMDB0001870_8_shen	Benzoic acid	inchikey_connectivity_formula_mass	2	FALSE	TRUE	3.79999676169973e-09	9.49999190424933e-06
BENZOATE	16525	HMDB	HMDB0001870_9_shen	Benzoic acid	inchikey_connectivity_formula_mass	2	FALSE	TRUE	3.79999676169973e-09	9.49999190424933e-06
BENZOATE	16526	HMDB	HMDB0001870_10_shen	Benzoic acid	inchikey_connectivity_formula_mass	2	FALSE	TRUE	3.79999676169973e-09	9.49999190424933e-06
BENZOATE	16527	HMDB	HMDB0001870_11_shen	Benzoic acid	inchikey_connectivity_formula_mass	2	FALSE	TRUE	3.79999676169973e-09	9.49999190424933e-06
BENZOATE	16528	HMDB	HMDB0001870_12_shen	Benzoic acid	inchikey_connectivity_formula_mass	2	FALSE	TRUE	3.79999676169973e-09	9.49999190424933e-06
BENZOATE	16529	HMDB	HMDB0001870_13_shen	Benzoic acid	inchikey_connectivity_formula_mass	2	FALSE	TRUE	3.79999676169973e-09	9.49999190424933e-06
BENZOATE	16530	HMDB	HMDB0001870_14_shen	Benzoic acid	inchikey_connectivity_formula_mass	2	FALSE	TRUE	3.79999676169973e-09	9.49999190424933e-06
BENZOATE	16531	HMDB	HMDB0001870_15_shen	Benzoic acid	inchikey_connectivity_formula_mass	2	FALSE	TRUE	3.79999676169973e-09	9.49999190424933e-06
BENZOATE	16532	HMDB	HMDB0001870_16_shen	Benzoic acid	inchikey_connectivity_formula_mass	2	FALSE	TRUE	3.79999676169973e-09	9.49999190424933e-06
BENZOATE	16533	HMDB	HMDB0001870_17_shen	Benzoic acid	inchikey_connectivity_formula_mass	2	FALSE	TRUE	3.79999676169973e-09	9.49999190424933e-06
BENZOATE	16534	HMDB	HMDB0001870_18_shen	Benzoic acid	inchikey_connectivity_formula_mass	2	FALSE	TRUE	3.79999676169973e-09	9.49999190424933e-06
BENZOATE	16535	HMDB	HMDB0001870_19_shen	Benzoic acid	inchikey_connectivity_formula_mass	2	FALSE	TRUE	3.79999676169973e-09	9.49999190424933e-06
BENZOATE	16536	HMDB	HMDB0001870_20_shen	Benzoic acid	inchikey_connectivity_formula_mass	2	FALSE	TRUE	3.79999676169973e-09	9.49999190424933e-06
BENZOATE	16537	HMDB	HMDB0001870_21_shen	Benzoic acid	inchikey_connectivity_formula_mass	2	FALSE	TRUE	3.79999676169973e-09	9.49999190424933e-06
BENZOATE	16538	HMDB	HMDB0001870_22_shen	Benzoic acid	inchikey_connectivity_formula_mass	2	FALSE	TRUE	3.79999676169973e-09	9.49999190424933e-06
BENZOATE	16539	HMDB	HMDB0001870_23_shen	Benzoic acid	inchikey_connectivity_formula_mass	2	FALSE	TRUE	3.79999676169973e-09	9.49999190424933e-06
BENZOATE	16540	HMDB	HMDB0001870_24_shen	Benzoic acid	inchikey_connectivity_formula_mass	2	FALSE	TRUE	3.79999676169973e-09	9.49999190424933e-06
BENZOATE	16541	HMDB	HMDB0001870_25_shen	Benzoic acid	inchikey_connectivity_formula_mass	2	FALSE	TRUE	3.79999676169973e-09	9.49999190424933e-06
BENZOATE	16542	HMDB	HMDB0001870_26_shen	Benzoic acid	inchikey_connectivity_formula_mass	2	FALSE	TRUE	3.79999676169973e-09	9.49999190424933e-06
BENZOATE	16543	HMDB	HMDB0001870_27_shen	Benzoic acid	inchikey_connectivity_formula_mass	2	FALSE	TRUE	3.79999676169973e-09	9.49999190424933e-06
BENZOATE	16544	HMDB	HMDB0001870_28_shen	Benzoic acid	inchikey_connectivity_formula_mass	2	FALSE	TRUE	3.79999676169973e-09	9.49999190424933e-06
BENZOATE	16545	HMDB	HMDB0001870_29_shen	Benzoic acid	inchikey_connectivity_formula_mass	2	FALSE	TRUE	3.79999676169973e-09	9.49999190424933e-06
BENZOATE	16546	HMDB	HMDB0001870_30_shen	Benzoic acid	inchikey_connectivity_formula_mass	2	FALSE	TRUE	3.79999676169973e-09	9.49999190424933e-06
CPD-7630	16547	HMDB	HMDB0001871_1_shen	Epicatechin	inchikey	1	TRUE	TRUE	1.99997884919867e-09	4.99994712299667e-06
CPD-7630	16548	HMDB	HMDB0001871_2_shen	Epicatechin	inchikey	1	TRUE	TRUE	1.99997884919867e-09	4.99994712299667e-06
CPD-7630	16549	HMDB	HMDB0001871_3_shen	Epicatechin	inchikey	1	TRUE	TRUE	1.99997884919867e-09	4.99994712299667e-06
CPD-7630	16550	HMDB	HMDB0001871_4_shen	Epicatechin	inchikey	1	TRUE	TRUE	1.99997884919867e-09	4.99994712299667e-06
CPD-7630	16551	HMDB	HMDB0001871_5_shen	Epicatechin	inchikey	1	TRUE	TRUE	1.99997884919867e-09	4.99994712299667e-06
CPD-7630	16552	HMDB	HMDB0001871_6_shen	Epicatechin	inchikey	1	TRUE	TRUE	1.99997884919867e-09	4.99994712299667e-06
CPD-7630	16553	HMDB	HMDB0001871_7_shen	Epicatechin	inchikey	1	TRUE	TRUE	1.99997884919867e-09	4.99994712299667e-06
CPD-7630	16554	HMDB	HMDB0001871_8_shen	Epicatechin	inchikey	1	TRUE	TRUE	1.99997884919867e-09	4.99994712299667e-06
CPD-7630	16555	HMDB	HMDB0001871_9_shen	Epicatechin	inchikey	1	TRUE	TRUE	1.99997884919867e-09	4.99994712299667e-06
CPD-7630	16556	HMDB	HMDB0001871_10_shen	Epicatechin	inchikey	1	TRUE	TRUE	1.99997884919867e-09	4.99994712299667e-06
CPD-7630	16557	HMDB	HMDB0001871_11_shen	Epicatechin	inchikey	1	TRUE	TRUE	1.99997884919867e-09	4.99994712299667e-06
CPD-7630	16558	HMDB	HMDB0001871_12_shen	Epicatechin	inchikey	1	TRUE	TRUE	1.99997884919867e-09	4.99994712299667e-06
CPD-7630	16559	HMDB	HMDB0001871_13_shen	Epicatechin	inchikey	1	TRUE	TRUE	1.99997884919867e-09	4.99994712299667e-06
CPD-7630	16560	HMDB	HMDB0001871_14_shen	Epicatechin	inchikey	1	TRUE	TRUE	1.99997884919867e-09	4.99994712299667e-06
CPD-7630	16561	HMDB	HMDB0001871_15_shen	Epicatechin	inchikey	1	TRUE	TRUE	1.99997884919867e-09	4.99994712299667e-06
CPD-7630	16562	HMDB	HMDB0001871_16_shen	Epicatechin	inchikey	1	TRUE	TRUE	1.99997884919867e-09	4.99994712299667e-06
CPD-7630	16563	HMDB	HMDB0001871_17_shen	Epicatechin	inchikey	1	TRUE	TRUE	1.99997884919867e-09	4.99994712299667e-06
CPD-7630	16564	HMDB	HMDB0001871_18_shen	Epicatechin	inchikey	1	TRUE	TRUE	1.99997884919867e-09	4.99994712299667e-06
CPD-7630	16565	HMDB	HMDB0001871_19_shen	Epicatechin	inchikey	1	TRUE	TRUE	1.99997884919867e-09	4.99994712299667e-06
CPD-7630	16566	HMDB	HMDB0001871_20_shen	Epicatechin	inchikey	1	TRUE	TRUE	1.99997884919867e-09	4.99994712299667e-06
CPD-7630	16567	HMDB	HMDB0001871_21_shen	Epicatechin	inchikey	1	TRUE	TRUE	1.99997884919867e-09	4.99994712299667e-06
CPD-7630	16568	HMDB	HMDB0001871_22_shen	Epicatechin	inchikey	1	TRUE	TRUE	1.99997884919867e-09	4.99994712299667e-06
CPD-7630	16569	HMDB	HMDB0001871_23_shen	Epicatechin	inchikey	1	TRUE	TRUE	1.99997884919867e-09	4.99994712299667e-06
CPD-7630	16570	HMDB	HMDB0001871_24_shen	Epicatechin	inchikey	1	TRUE	TRUE	1.99997884919867e-09	4.99994712299667e-06
CPD-7630	16571	HMDB	HMDB0001871_25_shen	Epicatechin	inchikey	1	TRUE	TRUE	1.99997884919867e-09	4.99994712299667e-06
CPD-7630	16572	HMDB	HMDB0001871_26_shen	Epicatechin	inchikey	1	TRUE	TRUE	1.99997884919867e-09	4.99994712299667e-06
CPD-7630	16573	HMDB	HMDB0001871_27_shen	Epicatechin	inchikey	1	TRUE	TRUE	1.99997884919867e-09	4.99994712299667e-06
CPD-7630	16574	HMDB	HMDB0001871_28_shen	Epicatechin	inchikey	1	TRUE	TRUE	1.99997884919867e-09	4.99994712299667e-06
CPD-7630	16575	HMDB	HMDB0001871_29_shen	Epicatechin	inchikey	1	TRUE	TRUE	1.99997884919867e-09	4.99994712299667e-06
CPD-7630	16576	HMDB	HMDB0001871_30_shen	Epicatechin	inchikey	1	TRUE	TRUE	1.99997884919867e-09	4.99994712299667e-06
CPD-7630	16577	HMDB	HMDB0001871_31_shen	Epicatechin	inchikey	1	TRUE	TRUE	1.99997884919867e-09	4.99994712299667e-06
CPD-7630	16578	HMDB	HMDB0001871_32_shen	Epicatechin	inchikey	1	TRUE	TRUE	1.99997884919867e-09	4.99994712299667e-06
CPD-7630	16579	HMDB	HMDB0001871_33_shen	Epicatechin	inchikey	1	TRUE	TRUE	1.99997884919867e-09	4.99994712299667e-06
CPD-7630	16580	HMDB	HMDB0001871_34_shen	Epicatechin	inchikey	1	TRUE	TRUE	1.99997884919867e-09	4.99994712299667e-06
CPD-7630	16581	HMDB	HMDB0001871_35_shen	Epicatechin	inchikey	1	TRUE	TRUE	1.99997884919867e-09	4.99994712299667e-06
CPD-7630	16582	HMDB	HMDB0001871_36_shen	Epicatechin	inchikey	1	TRUE	TRUE	1.99997884919867e-09	4.99994712299667e-06
CPD-7630	16583	HMDB	HMDB0001871_37_shen	Epicatechin	inchikey	1	TRUE	TRUE	1.99997884919867e-09	4.99994712299667e-06
CPD-7630	16584	HMDB	HMDB0001871_38_shen	Epicatechin	inchikey	1	TRUE	TRUE	1.99997884919867e-09	4.99994712299667e-06
CPD-7630	16585	HMDB	HMDB0001871_39_shen	Epicatechin	inchikey	1	TRUE	TRUE	1.99997884919867e-09	4.99994712299667e-06
CPD-7630	16586	HMDB	HMDB0001871_40_shen	Epicatechin	inchikey	1	TRUE	TRUE	1.99997884919867e-09	4.99994712299667e-06
CPD-7630	16587	HMDB	HMDB0001871_41_shen	Epicatechin	inchikey	1	TRUE	TRUE	1.99997884919867e-09	4.99994712299667e-06
CPD-7630	16588	HMDB	HMDB0001871_42_shen	Epicatechin	inchikey	1	TRUE	TRUE	1.99997884919867e-09	4.99994712299667e-06
CPD-7630	16589	HMDB	HMDB0001871_43_shen	Epicatechin	inchikey	1	TRUE	TRUE	1.99997884919867e-09	4.99994712299667e-06
CPD-7630	16590	HMDB	HMDB0001871_44_shen	Epicatechin	inchikey	1	TRUE	TRUE	1.99997884919867e-09	4.99994712299667e-06
CPD-7630	16591	HMDB	HMDB0001871_45_shen	Epicatechin	inchikey	1	TRUE	TRUE	1.99997884919867e-09	4.99994712299667e-06
CPD-7630	16592	HMDB	HMDB0001871_46_shen	Epicatechin	inchikey	1	TRUE	TRUE	1.99997884919867e-09	4.99994712299667e-06
CPD-7630	16593	HMDB	HMDB0001871_47_shen	Epicatechin	inchikey	1	TRUE	TRUE	1.99997884919867e-09	4.99994712299667e-06
CPD-7630	16594	HMDB	HMDB0001871_48_shen	Epicatechin	inchikey	1	TRUE	TRUE	1.99997884919867e-09	4.99994712299667e-06
CPD-7630	16595	HMDB	HMDB0001871_49_shen	Epicatechin	inchikey	1	TRUE	TRUE	1.99997884919867e-09	4.99994712299667e-06
CPD-7630	16596	HMDB	HMDB0001871_50_shen	Epicatechin	inchikey	1	TRUE	TRUE	1.99997884919867e-09	4.99994712299667e-06
CPD-7630	16597	HMDB	HMDB0001871_51_shen	Epicatechin	inchikey	1	TRUE	TRUE	1.99997884919867e-09	4.99994712299667e-06
CPD-7630	16598	HMDB	HMDB0001871_52_shen	Epicatechin	inchikey	1	TRUE	TRUE	1.99997884919867e-09	4.99994712299667e-06
CPD-7630	16599	HMDB	HMDB0001871_53_shen	Epicatechin	inchikey	1	TRUE	TRUE	1.99997884919867e-09	4.99994712299667e-06
CPD-7630	16600	HMDB	HMDB0001871_54_shen	Epicatechin	inchikey	1	TRUE	TRUE	1.99997884919867e-09	4.99994712299667e-06
CPD-7630	16601	HMDB	HMDB0001871_55_shen	Epicatechin	inchikey	1	TRUE	TRUE	1.99997884919867e-09	4.99994712299667e-06
CPD-7630	16602	HMDB	HMDB0001871_56_shen	Epicatechin	inchikey	1	TRUE	TRUE	1.99997884919867e-09	4.99994712299667e-06
CPD-7630	16603	HMDB	HMDB0001871_57_shen	Epicatechin	inchikey	1	TRUE	TRUE	1.99997884919867e-09	4.99994712299667e-06
CPD-7630	16604	HMDB	HMDB0001871_58_shen	Epicatechin	inchikey	1	TRUE	TRUE	1.99997884919867e-09	4.99994712299667e-06
CPD-7630	16605	HMDB	HMDB0001871_59_shen	Epicatechin	inchikey	1	TRUE	TRUE	1.99997884919867e-09	4.99994712299667e-06
CPD-7630	16606	HMDB	HMDB0001871_60_shen	Epicatechin	inchikey	1	TRUE	TRUE	1.99997884919867e-09	4.99994712299667e-06
CPD-7630	16607	HMDB	HMDB0001871_61_shen	Epicatechin	inchikey	1	TRUE	TRUE	1.99997884919867e-09	4.99994712299667e-06
CPD-7630	16608	HMDB	HMDB0001871_62_shen	Epicatechin	inchikey	1	TRUE	TRUE	1.99997884919867e-09	4.99994712299667e-06
CPD-7630	16609	HMDB	HMDB0001871_63_shen	Epicatechin	inchikey	1	TRUE	TRUE	1.99997884919867e-09	4.99994712299667e-06
CPD-7630	16610	HMDB	HMDB0001871_64_shen	Epicatechin	inchikey	1	TRUE	TRUE	1.99997884919867e-09	4.99994712299667e-06
CPD-7630	16611	HMDB	HMDB0001871_65_shen	Epicatechin	inchikey	1	TRUE	TRUE	1.99997884919867e-09	4.99994712299667e-06
CPD-7630	16612	HMDB	HMDB0001871_66_shen	Epicatechin	inchikey	1	TRUE	TRUE	1.99997884919867e-09	4.99994712299667e-06
CPD-7630	16613	HMDB	HMDB0001871_67_shen	Epicatechin	inchikey	1	TRUE	TRUE	1.99997884919867e-09	4.99994712299667e-06
CPD-7630	16614	HMDB	HMDB0001871_68_shen	Epicatechin	inchikey	1	TRUE	TRUE	1.99997884919867e-09	4.99994712299667e-06
CPD-7630	16615	HMDB	HMDB0001871_69_shen	Epicatechin	inchikey	1	TRUE	TRUE	1.99997884919867e-09	4.99994712299667e-06
CPD-7630	16616	HMDB	HMDB0001871_70_shen	Epicatechin	inchikey	1	TRUE	TRUE	1.99997884919867e-09	4.99994712299667e-06
CPD-7630	16617	HMDB	HMDB0001871_71_shen	Epicatechin	inchikey	1	TRUE	TRUE	1.99997884919867e-09	4.99994712299667e-06
CPD-7630	16618	HMDB	HMDB0001871_72_shen	Epicatechin	inchikey	1	TRUE	TRUE	1.99997884919867e-09	4.99994712299667e-06
CPD-7630	16619	HMDB	HMDB0001871_73_shen	Epicatechin	inchikey	1	TRUE	TRUE	1.99997884919867e-09	4.99994712299667e-06
CPD-7630	16620	HMDB	HMDB0001871_74_shen	Epicatechin	inchikey	1	TRUE	TRUE	1.99997884919867e-09	4.99994712299667e-06
CPD-7630	16621	HMDB	HMDB0001871_75_shen	Epicatechin	inchikey	1	TRUE	TRUE	1.99997884919867e-09	4.99994712299667e-06
CPD-7630	16622	HMDB	HMDB0001871_76_shen	Epicatechin	inchikey	1	TRUE	TRUE	1.99997884919867e-09	4.99994712299667e-06
CPD-7630	16623	HMDB	HMDB0001871_77_shen	Epicatechin	inchikey	1	TRUE	TRUE	1.99997884919867e-09	4.99994712299667e-06
CPD-7630	16624	HMDB	HMDB0001871_78_shen	Epicatechin	inchikey	1	TRUE	TRUE	1.99997884919867e-09	4.99994712299667e-06
CPD-7630	16625	HMDB	HMDB0001871_79_shen	Epicatechin	inchikey	1	TRUE	TRUE	1.99997884919867e-09	4.99994712299667e-06
CPD-7630	16626	HMDB	HMDB0001871_80_shen	Epicatechin	inchikey	1	TRUE	TRUE	1.99997884919867e-09	4.99994712299667e-06
CPD-7630	16627	HMDB	HMDB0001871_81_shen	Epicatechin	inchikey	1	TRUE	TRUE	1.99997884919867e-09	4.99994712299667e-06
CPD-7630	16628	HMDB	HMDB0001871_82_shen	Epicatechin	inchikey	1	TRUE	TRUE	1.99997884919867e-09	4.99994712299667e-06
CPD-7630	16629	HMDB	HMDB0001871_83_shen	Epicatechin	inchikey	1	TRUE	TRUE	1.99997884919867e-09	4.99994712299667e-06
CPD-7630	16630	HMDB	HMDB0001871_84_shen	Epicatechin	inchikey	1	TRUE	TRUE	1.99997884919867e-09	4.99994712299667e-06
CPD-7630	16631	HMDB	HMDB0001871_85_shen	Epicatechin	inchikey	1	TRUE	TRUE	1.99997884919867e-09	4.99994712299667e-06
CPD-7630	16632	HMDB	HMDB0001871_86_shen	Epicatechin	inchikey	1	TRUE	TRUE	1.99997884919867e-09	4.99994712299667e-06
CPD-7630	16633	HMDB	HMDB0001871_87_shen	Epicatechin	inchikey	1	TRUE	TRUE	1.99997884919867e-09	4.99994712299667e-06
CPD-7630	16634	HMDB	HMDB0001871_88_shen	Epicatechin	inchikey	1	TRUE	TRUE	1.99997884919867e-09	4.99994712299667e-06
CPD-7630	16635	HMDB	HMDB0001871_89_shen	Epicatechin	inchikey	1	TRUE	TRUE	1.99997884919867e-09	4.99994712299667e-06
CPD-7630	16636	HMDB	HMDB0001871_90_shen	Epicatechin	inchikey	1	TRUE	TRUE	1.99997884919867e-09	4.99994712299667e-06
CPD-7630	16637	HMDB	HMDB0001871_91_shen	Epicatechin	inchikey	1	TRUE	TRUE	1.99997884919867e-09	4.99994712299667e-06
CPD-7630	16638	HMDB	HMDB0001871_92_shen	Epicatechin	inchikey	1	TRUE	TRUE	1.99997884919867e-09	4.99994712299667e-06
CPD-7630	16639	HMDB	HMDB0001871_93_shen	Epicatechin	inchikey	1	TRUE	TRUE	1.99997884919867e-09	4.99994712299667e-06
CPD-7630	16640	HMDB	HMDB0001871_94_shen	Epicatechin	inchikey	1	TRUE	TRUE	1.99997884919867e-09	4.99994712299667e-06
CPD-7630	16641	HMDB	HMDB0001871_95_shen	Epicatechin	inchikey	1	TRUE	TRUE	1.99997884919867e-09	4.99994712299667e-06
CPD-7630	16642	HMDB	HMDB0001871_96_shen	Epicatechin	inchikey	1	TRUE	TRUE	1.99997884919867e-09	4.99994712299667e-06
CPD-7630	16643	HMDB	HMDB0001871_97_shen	Epicatechin	inchikey	1	TRUE	TRUE	1.99997884919867e-09	4.99994712299667e-06
CPD-7630	16644	HMDB	HMDB0001871_98_shen	Epicatechin	inchikey	1	TRUE	TRUE	1.99997884919867e-09	4.99994712299667e-06
CPD-7630	16645	HMDB	HMDB0001871_99_shen	Epicatechin	inchikey	1	TRUE	TRUE	1.99997884919867e-09	4.99994712299667e-06
CPD-7630	16646	HMDB	HMDB0001871_100_shen	Epicatechin	inchikey	1	TRUE	TRUE	1.99997884919867e-09	4.99994712299667e-06
CPD-7630	16647	HMDB	HMDB0001871_101_shen	Epicatechin	inchikey	1	TRUE	TRUE	1.99997884919867e-09	4.99994712299667e-06
CPD-7630	16648	HMDB	HMDB0001871_102_shen	Epicatechin	inchikey	1	TRUE	TRUE	1.99997884919867e-09	4.99994712299667e-06
CPD-7630	16649	HMDB	HMDB0001871_103_shen	Epicatechin	inchikey	1	TRUE	TRUE	1.99997884919867e-09	4.99994712299667e-06
CPD-7630	16650	HMDB	HMDB0001871_104_shen	Epicatechin	inchikey	1	TRUE	TRUE	1.99997884919867e-09	4.99994712299667e-06
CPD-7630	16651	HMDB	HMDB0001871_105_shen	Epicatechin	inchikey	1	TRUE	TRUE	1.99997884919867e-09	4.99994712299667e-06
CPD-7630	16652	HMDB	HMDB0001871_106_shen	Epicatechin	inchikey	1	TRUE	TRUE	1.99997884919867e-09	4.99994712299667e-06
CPD-7630	16653	HMDB	HMDB0001871_107_shen	Epicatechin	inchikey	1	TRUE	TRUE	1.99997884919867e-09	4.99994712299667e-06
CPD-7630	16654	HMDB	HMDB0001871_108_shen	Epicatechin	inchikey	1	TRUE	TRUE	1.99997884919867e-09	4.99994712299667e-06
CPD-7630	16655	HMDB	HMDB0001871_109_shen	Epicatechin	inchikey	1	TRUE	TRUE	1.99997884919867e-09	4.99994712299667e-06
CPD-7630	16656	HMDB	HMDB0001871_110_shen	Epicatechin	inchikey	1	TRUE	TRUE	1.99997884919867e-09	4.99994712299667e-06
CPD-7630	16657	HMDB	HMDB0001871_111_shen	Epicatechin	inchikey	1	TRUE	TRUE	1.99997884919867e-09	4.99994712299667e-06
CPD-7630	16658	HMDB	HMDB0001871_112_shen	Epicatechin	inchikey	1	TRUE	TRUE	1.99997884919867e-09	4.99994712299667e-06
CPD-7630	16659	HMDB	HMDB0001871_113_shen	Epicatechin	inchikey	1	TRUE	TRUE	1.99997884919867e-09	4.99994712299667e-06
CPD-7630	16660	HMDB	HMDB0001871_114_shen	Epicatechin	inchikey	1	TRUE	TRUE	1.99997884919867e-09	4.99994712299667e-06
CPD-7630	16661	HMDB	HMDB0001871_115_shen	Epicatechin	inchikey	1	TRUE	TRUE	1.99997884919867e-09	4.99994712299667e-06
CPD-7630	16662	HMDB	HMDB0001871_116_shen	Epicatechin	inchikey	1	TRUE	TRUE	1.99997884919867e-09	4.99994712299667e-06
CPD-7630	16663	HMDB	HMDB0001871_117_shen	Epicatechin	inchikey	1	TRUE	TRUE	1.99997884919867e-09	4.99994712299667e-06
CPD-7630	16664	HMDB	HMDB0001871_118_shen	Epicatechin	inchikey	1	TRUE	TRUE	1.99997884919867e-09	4.99994712299667e-06
CPD-7630	16665	HMDB	HMDB0001871_119_shen	Epicatechin	inchikey	1	TRUE	TRUE	1.99997884919867e-09	4.99994712299667e-06
CPD-7630	16666	HMDB	HMDB0001871_120_shen	Epicatechin	inchikey	1	TRUE	TRUE	1.99997884919867e-09	4.99994712299667e-06
CPD-7630	16667	HMDB	HMDB0001871_121_shen	Epicatechin	inchikey	1	TRUE	TRUE	1.99997884919867e-09	4.99994712299667e-06
CPD-7630	16668	HMDB	HMDB0001871_122_shen	Epicatechin	inchikey	1	TRUE	TRUE	1.99997884919867e-09	4.99994712299667e-06
CPD-7630	16669	HMDB	HMDB0001871_123_shen	Epicatechin	inchikey	1	TRUE	TRUE	1.99997884919867e-09	4.99994712299667e-06
CPD-7630	16670	HMDB	HMDB0001871_124_shen	Epicatechin	inchikey	1	TRUE	TRUE	1.99997884919867e-09	4.99994712299667e-06
CPD-7630	16671	HMDB	HMDB0001871_125_shen	Epicatechin	inchikey	1	TRUE	TRUE	1.99997884919867e-09	4.99994712299667e-06
ISOBUTYRATE	16672	HMDB	HMDB0001873_1_shen	Isobutyric acid	inchikey_connectivity_formula_mass	2	FALSE	TRUE	9.99989424599335e-10	2.49997356149834e-06
ISOBUTYRATE	16673	HMDB	HMDB0001873_2_shen	Isobutyric acid	inchikey_connectivity_formula_mass	2	FALSE	TRUE	9.99989424599335e-10	2.49997356149834e-06
ISOBUTYRATE	16674	HMDB	HMDB0001873_3_shen	Isobutyric acid	inchikey_connectivity_formula_mass	2	FALSE	TRUE	9.99989424599335e-10	2.49997356149834e-06
ISOBUTYRATE	16675	HMDB	HMDB0001873_4_shen	Isobutyric acid	inchikey_connectivity_formula_mass	2	FALSE	TRUE	9.99989424599335e-10	2.49997356149834e-06
ISOBUTYRATE	16676	HMDB	HMDB0001873_5_shen	Isobutyric acid	inchikey_connectivity_formula_mass	2	FALSE	TRUE	9.99989424599335e-10	2.49997356149834e-06
ISOBUTYRATE	16677	HMDB	HMDB0001873_6_shen	Isobutyric acid	inchikey_connectivity_formula_mass	2	FALSE	TRUE	9.99989424599335e-10	2.49997356149834e-06
ISOBUTYRATE	16678	HMDB	HMDB0001873_7_shen	Isobutyric acid	inchikey_connectivity_formula_mass	2	FALSE	TRUE	9.99989424599335e-10	2.49997356149834e-06
ISOBUTYRATE	16679	HMDB	HMDB0001873_8_shen	Isobutyric acid	inchikey_connectivity_formula_mass	2	FALSE	TRUE	9.99989424599335e-10	2.49997356149834e-06
ISOBUTYRATE	16680	HMDB	HMDB0001873_9_shen	Isobutyric acid	inchikey_connectivity_formula_mass	2	FALSE	TRUE	9.99989424599335e-10	2.49997356149834e-06
ISOBUTYRATE	16681	HMDB	HMDB0001873_10_shen	Isobutyric acid	inchikey_connectivity_formula_mass	2	FALSE	TRUE	9.99989424599335e-10	2.49997356149834e-06
ISOBUTYRATE	16682	HMDB	HMDB0001873_11_shen	Isobutyric acid	inchikey_connectivity_formula_mass	2	FALSE	TRUE	9.99989424599335e-10	2.49997356149834e-06
ISOBUTYRATE	16683	HMDB	HMDB0001873_12_shen	Isobutyric acid	inchikey_connectivity_formula_mass	2	FALSE	TRUE	9.99989424599335e-10	2.49997356149834e-06
threo-ds-iso-citrate	16684	HMDB	HMDB0001874_1_shen	D-threo-Isocitric acid	name_formula_mass	4	TRUE	TRUE	1.499984136899e-09	3.7499603422475e-06
threo-ds-iso-citrate	16685	HMDB	HMDB0001874_2_shen	D-threo-Isocitric acid	name_formula_mass	4	TRUE	TRUE	1.499984136899e-09	3.7499603422475e-06
threo-ds-iso-citrate	16686	HMDB	HMDB0001874_3_shen	D-threo-Isocitric acid	name_formula_mass	4	TRUE	TRUE	1.499984136899e-09	3.7499603422475e-06
DL-12-Propanediol	16767	HMDB	HMDB0001881_1_shen	Propylene glycol	name_formula_mass	4	TRUE	TRUE	9.99989424599335e-10	2.49997356149834e-06
DL-12-Propanediol	16768	HMDB	HMDB0001881_2_shen	Propylene glycol	name_formula_mass	4	TRUE	TRUE	9.99989424599335e-10	2.49997356149834e-06
DL-12-Propanediol	16769	HMDB	HMDB0001881_3_shen	Propylene glycol	name_formula_mass	4	TRUE	TRUE	9.99989424599335e-10	2.49997356149834e-06
DL-12-Propanediol	16770	HMDB	HMDB0001881_4_shen	Propylene glycol	name_formula_mass	4	TRUE	TRUE	9.99989424599335e-10	2.49997356149834e-06
DL-12-Propanediol	16771	HMDB	HMDB0001881_5_shen	Propylene glycol	name_formula_mass	4	TRUE	TRUE	9.99989424599335e-10	2.49997356149834e-06
3-METHYLXANTHINE	16784	HMDB	HMDB0001886_1_shen	3-Methylxanthine	inchikey	1	TRUE	TRUE	1.60000013238459e-09	4.00000033096148e-06
3-METHYLXANTHINE	16785	HMDB	HMDB0001886_2_shen	3-Methylxanthine	inchikey	1	TRUE	TRUE	1.60000013238459e-09	4.00000033096148e-06
3-METHYLXANTHINE	16786	HMDB	HMDB0001886_3_shen	3-Methylxanthine	inchikey	1	TRUE	TRUE	1.60000013238459e-09	4.00000033096148e-06
3-METHYLXANTHINE	16787	HMDB	HMDB0001886_4_shen	3-Methylxanthine	inchikey	1	TRUE	TRUE	1.60000013238459e-09	4.00000033096148e-06
3-METHYLXANTHINE	16788	HMDB	HMDB0001886_5_shen	3-Methylxanthine	inchikey	1	TRUE	TRUE	1.60000013238459e-09	4.00000033096148e-06
3-METHYLXANTHINE	16789	HMDB	HMDB0001886_6_shen	3-Methylxanthine	inchikey	1	TRUE	TRUE	1.60000013238459e-09	4.00000033096148e-06
3-METHYLXANTHINE	16790	HMDB	HMDB0001886_7_shen	3-Methylxanthine	inchikey	1	TRUE	TRUE	1.60000013238459e-09	4.00000033096148e-06
3-METHYLXANTHINE	16791	HMDB	HMDB0001886_8_shen	3-Methylxanthine	inchikey	1	TRUE	TRUE	1.60000013238459e-09	4.00000033096148e-06
3-METHYLXANTHINE	16792	HMDB	HMDB0001886_9_shen	3-Methylxanthine	inchikey	1	TRUE	TRUE	1.60000013238459e-09	4.00000033096148e-06
3-METHYLXANTHINE	16793	HMDB	HMDB0001886_10_shen	3-Methylxanthine	inchikey	1	TRUE	TRUE	1.60000013238459e-09	4.00000033096148e-06
3-METHYLXANTHINE	16794	HMDB	HMDB0001886_11_shen	3-Methylxanthine	inchikey	1	TRUE	TRUE	1.60000013238459e-09	4.00000033096148e-06
3-METHYLXANTHINE	16795	HMDB	HMDB0001886_12_shen	3-Methylxanthine	inchikey	1	TRUE	TRUE	1.60000013238459e-09	4.00000033096148e-06
3-METHYLXANTHINE	16796	HMDB	HMDB0001886_13_shen	3-Methylxanthine	inchikey	1	TRUE	TRUE	1.60000013238459e-09	4.00000033096148e-06
3-METHYLXANTHINE	16797	HMDB	HMDB0001886_14_shen	3-Methylxanthine	inchikey	1	TRUE	TRUE	1.60000013238459e-09	4.00000033096148e-06
CPD-12479	16807	HMDB	HMDB0001889_1_shen	Theophylline	inchikey	1	TRUE	TRUE	1.80000370164635e-09	4.50000925411587e-06
CPD-12479	16808	HMDB	HMDB0001889_2_shen	Theophylline	inchikey	1	TRUE	TRUE	1.80000370164635e-09	4.50000925411587e-06
CPD-12479	16809	HMDB	HMDB0001889_3_shen	Theophylline	inchikey	1	TRUE	TRUE	1.80000370164635e-09	4.50000925411587e-06
CPD-12479	16810	HMDB	HMDB0001889_4_shen	Theophylline	inchikey	1	TRUE	TRUE	1.80000370164635e-09	4.50000925411587e-06
CPD-12479	16811	HMDB	HMDB0001889_5_shen	Theophylline	inchikey	1	TRUE	TRUE	1.80000370164635e-09	4.50000925411587e-06
CPD-12479	16812	HMDB	HMDB0001889_6_shen	Theophylline	inchikey	1	TRUE	TRUE	1.80000370164635e-09	4.50000925411587e-06
CPD-12479	16813	HMDB	HMDB0001889_7_shen	Theophylline	inchikey	1	TRUE	TRUE	1.80000370164635e-09	4.50000925411587e-06
CPD-12479	16814	HMDB	HMDB0001889_8_shen	Theophylline	inchikey	1	TRUE	TRUE	1.80000370164635e-09	4.50000925411587e-06
CPD-12479	16815	HMDB	HMDB0001889_9_shen	Theophylline	inchikey	1	TRUE	TRUE	1.80000370164635e-09	4.50000925411587e-06
CPD-12479	16816	HMDB	HMDB0001889_10_shen	Theophylline	inchikey	1	TRUE	TRUE	1.80000370164635e-09	4.50000925411587e-06
CPD-12479	16817	HMDB	HMDB0001889_11_shen	Theophylline	inchikey	1	TRUE	TRUE	1.80000370164635e-09	4.50000925411587e-06
CPD-12479	16818	HMDB	HMDB0001889_12_shen	Theophylline	inchikey	1	TRUE	TRUE	1.80000370164635e-09	4.50000925411587e-06
CPD-12479	16819	HMDB	HMDB0001889_13_shen	Theophylline	inchikey	1	TRUE	TRUE	1.80000370164635e-09	4.50000925411587e-06
CPD-12479	16820	HMDB	HMDB0001889_14_shen	Theophylline	inchikey	1	TRUE	TRUE	1.80000370164635e-09	4.50000925411587e-06
CPD-12479	16821	HMDB	HMDB0001889_15_shen	Theophylline	inchikey	1	TRUE	TRUE	1.80000370164635e-09	4.50000925411587e-06
CPD-12479	16822	HMDB	HMDB0001889_16_shen	Theophylline	inchikey	1	TRUE	TRUE	1.80000370164635e-09	4.50000925411587e-06
CPD-12479	16823	HMDB	HMDB0001889_17_shen	Theophylline	inchikey	1	TRUE	TRUE	1.80000370164635e-09	4.50000925411587e-06
CPD-12479	16824	HMDB	HMDB0001889_18_shen	Theophylline	inchikey	1	TRUE	TRUE	1.80000370164635e-09	4.50000925411587e-06
CPD-12479	16825	HMDB	HMDB0001889_19_shen	Theophylline	inchikey	1	TRUE	TRUE	1.80000370164635e-09	4.50000925411587e-06
CPD-12479	16826	HMDB	HMDB0001889_20_shen	Theophylline	inchikey	1	TRUE	TRUE	1.80000370164635e-09	4.50000925411587e-06
CPD-12479	16827	HMDB	HMDB0001889_21_shen	Theophylline	inchikey	1	TRUE	TRUE	1.80000370164635e-09	4.50000925411587e-06
CPD-12479	16828	HMDB	HMDB0001889_22_shen	Theophylline	inchikey	1	TRUE	TRUE	1.80000370164635e-09	4.50000925411587e-06
CPD-12479	16829	HMDB	HMDB0001889_23_shen	Theophylline	inchikey	1	TRUE	TRUE	1.80000370164635e-09	4.50000925411587e-06
CPD-12479	16830	HMDB	HMDB0001889_24_shen	Theophylline	inchikey	1	TRUE	TRUE	1.80000370164635e-09	4.50000925411587e-06
CPD-12479	16831	HMDB	HMDB0001889_25_shen	Theophylline	inchikey	1	TRUE	TRUE	1.80000370164635e-09	4.50000925411587e-06
CPD-12479	16832	HMDB	HMDB0001889_26_shen	Theophylline	inchikey	1	TRUE	TRUE	1.80000370164635e-09	4.50000925411587e-06
CPD-12479	16833	HMDB	HMDB0001889_27_shen	Theophylline	inchikey	1	TRUE	TRUE	1.80000370164635e-09	4.50000925411587e-06
CPD-12479	16834	HMDB	HMDB0001889_28_shen	Theophylline	inchikey	1	TRUE	TRUE	1.80000370164635e-09	4.50000925411587e-06
CPD-12479	16835	HMDB	HMDB0001889_29_shen	Theophylline	inchikey	1	TRUE	TRUE	1.80000370164635e-09	4.50000925411587e-06
CPD-12479	16836	HMDB	HMDB0001889_30_shen	Theophylline	inchikey	1	TRUE	TRUE	1.80000370164635e-09	4.50000925411587e-06
CPD-12479	16837	HMDB	HMDB0001889_31_shen	Theophylline	inchikey	1	TRUE	TRUE	1.80000370164635e-09	4.50000925411587e-06
CPD-12479	16838	HMDB	HMDB0001889_32_shen	Theophylline	inchikey	1	TRUE	TRUE	1.80000370164635e-09	4.50000925411587e-06
CPD-12479	16839	HMDB	HMDB0001889_33_shen	Theophylline	inchikey	1	TRUE	TRUE	1.80000370164635e-09	4.50000925411587e-06
CPD-12479	16840	HMDB	HMDB0001889_34_shen	Theophylline	inchikey	1	TRUE	TRUE	1.80000370164635e-09	4.50000925411587e-06
CPD-12479	16841	HMDB	HMDB0001889_35_shen	Theophylline	inchikey	1	TRUE	TRUE	1.80000370164635e-09	4.50000925411587e-06
CPD-12479	16842	HMDB	HMDB0001889_36_shen	Theophylline	inchikey	1	TRUE	TRUE	1.80000370164635e-09	4.50000925411587e-06
CPD-12479	16843	HMDB	HMDB0001889_37_shen	Theophylline	inchikey	1	TRUE	TRUE	1.80000370164635e-09	4.50000925411587e-06
CPD-12479	16844	HMDB	HMDB0001889_38_shen	Theophylline	inchikey	1	TRUE	TRUE	1.80000370164635e-09	4.50000925411587e-06
CPD-12479	16845	HMDB	HMDB0001889_39_shen	Theophylline	inchikey	1	TRUE	TRUE	1.80000370164635e-09	4.50000925411587e-06
CPD-12479	16846	HMDB	HMDB0001889_40_shen	Theophylline	inchikey	1	TRUE	TRUE	1.80000370164635e-09	4.50000925411587e-06
CPD-12479	16847	HMDB	HMDB0001889_41_shen	Theophylline	inchikey	1	TRUE	TRUE	1.80000370164635e-09	4.50000925411587e-06
CPD-12479	16848	HMDB	HMDB0001889_42_shen	Theophylline	inchikey	1	TRUE	TRUE	1.80000370164635e-09	4.50000925411587e-06
CPD-12479	16849	HMDB	HMDB0001889_43_shen	Theophylline	inchikey	1	TRUE	TRUE	1.80000370164635e-09	4.50000925411587e-06
CPD-12479	16850	HMDB	HMDB0001889_44_shen	Theophylline	inchikey	1	TRUE	TRUE	1.80000370164635e-09	4.50000925411587e-06
CPD-12479	16851	HMDB	HMDB0001889_45_shen	Theophylline	inchikey	1	TRUE	TRUE	1.80000370164635e-09	4.50000925411587e-06
CPD-12479	16852	HMDB	HMDB0001889_46_shen	Theophylline	inchikey	1	TRUE	TRUE	1.80000370164635e-09	4.50000925411587e-06
CPD-12479	16853	HMDB	HMDB0001889_47_shen	Theophylline	inchikey	1	TRUE	TRUE	1.80000370164635e-09	4.50000925411587e-06
CPD-12479	16854	HMDB	HMDB0001889_48_shen	Theophylline	inchikey	1	TRUE	TRUE	1.80000370164635e-09	4.50000925411587e-06
CPD-12479	16855	HMDB	HMDB0001889_49_shen	Theophylline	inchikey	1	TRUE	TRUE	1.80000370164635e-09	4.50000925411587e-06
CPD-12479	16856	HMDB	HMDB0001889_50_shen	Theophylline	inchikey	1	TRUE	TRUE	1.80000370164635e-09	4.50000925411587e-06
CPD-12479	16857	HMDB	HMDB0001889_51_shen	Theophylline	inchikey	1	TRUE	TRUE	1.80000370164635e-09	4.50000925411587e-06
CPD-12479	16858	HMDB	HMDB0001889_52_shen	Theophylline	inchikey	1	TRUE	TRUE	1.80000370164635e-09	4.50000925411587e-06
CPD-12479	16859	HMDB	HMDB0001889_53_shen	Theophylline	inchikey	1	TRUE	TRUE	1.80000370164635e-09	4.50000925411587e-06
CPD-12479	16860	HMDB	HMDB0001889_54_shen	Theophylline	inchikey	1	TRUE	TRUE	1.80000370164635e-09	4.50000925411587e-06
CPD-12479	16861	HMDB	HMDB0001889_55_shen	Theophylline	inchikey	1	TRUE	TRUE	1.80000370164635e-09	4.50000925411587e-06
CPD-12479	16862	HMDB	HMDB0001889_56_shen	Theophylline	inchikey	1	TRUE	TRUE	1.80000370164635e-09	4.50000925411587e-06
CPD-12479	16863	HMDB	HMDB0001889_57_shen	Theophylline	inchikey	1	TRUE	TRUE	1.80000370164635e-09	4.50000925411587e-06
CPD-12479	16864	HMDB	HMDB0001889_58_shen	Theophylline	inchikey	1	TRUE	TRUE	1.80000370164635e-09	4.50000925411587e-06
CPD-12479	16865	HMDB	HMDB0001889_59_shen	Theophylline	inchikey	1	TRUE	TRUE	1.80000370164635e-09	4.50000925411587e-06
CPD-12479	16866	HMDB	HMDB0001889_60_shen	Theophylline	inchikey	1	TRUE	TRUE	1.80000370164635e-09	4.50000925411587e-06
CPD-12479	16867	HMDB	HMDB0001889_61_shen	Theophylline	inchikey	1	TRUE	TRUE	1.80000370164635e-09	4.50000925411587e-06
CPD-12479	16868	HMDB	HMDB0001889_62_shen	Theophylline	inchikey	1	TRUE	TRUE	1.80000370164635e-09	4.50000925411587e-06
CPD-12479	16869	HMDB	HMDB0001889_63_shen	Theophylline	inchikey	1	TRUE	TRUE	1.80000370164635e-09	4.50000925411587e-06
CPD-12479	16870	HMDB	HMDB0001889_64_shen	Theophylline	inchikey	1	TRUE	TRUE	1.80000370164635e-09	4.50000925411587e-06
CPD-12479	16871	HMDB	HMDB0001889_65_shen	Theophylline	inchikey	1	TRUE	TRUE	1.80000370164635e-09	4.50000925411587e-06
CPD-12479	16872	HMDB	HMDB0001889_66_shen	Theophylline	inchikey	1	TRUE	TRUE	1.80000370164635e-09	4.50000925411587e-06
CPD-12479	16873	HMDB	HMDB0001889_67_shen	Theophylline	inchikey	1	TRUE	TRUE	1.80000370164635e-09	4.50000925411587e-06
CPD-12479	16874	HMDB	HMDB0001889_68_shen	Theophylline	inchikey	1	TRUE	TRUE	1.80000370164635e-09	4.50000925411587e-06
CPD-12479	16875	HMDB	HMDB0001889_69_shen	Theophylline	inchikey	1	TRUE	TRUE	1.80000370164635e-09	4.50000925411587e-06
CPD-12479	16876	HMDB	HMDB0001889_70_shen	Theophylline	inchikey	1	TRUE	TRUE	1.80000370164635e-09	4.50000925411587e-06
CPD-12479	16877	HMDB	HMDB0001889_71_shen	Theophylline	inchikey	1	TRUE	TRUE	1.80000370164635e-09	4.50000925411587e-06
CPD-12479	16878	HMDB	HMDB0001889_72_shen	Theophylline	inchikey	1	TRUE	TRUE	1.80000370164635e-09	4.50000925411587e-06
CPD-12479	16879	HMDB	HMDB0001889_73_shen	Theophylline	inchikey	1	TRUE	TRUE	1.80000370164635e-09	4.50000925411587e-06
CPD-12479	16880	HMDB	HMDB0001889_74_shen	Theophylline	inchikey	1	TRUE	TRUE	1.80000370164635e-09	4.50000925411587e-06
CPD-12479	16881	HMDB	HMDB0001889_75_shen	Theophylline	inchikey	1	TRUE	TRUE	1.80000370164635e-09	4.50000925411587e-06
CPD-12479	16882	HMDB	HMDB0001889_76_shen	Theophylline	inchikey	1	TRUE	TRUE	1.80000370164635e-09	4.50000925411587e-06
CPD-12479	16883	HMDB	HMDB0001889_77_shen	Theophylline	inchikey	1	TRUE	TRUE	1.80000370164635e-09	4.50000925411587e-06
CPD-12479	16884	HMDB	HMDB0001889_78_shen	Theophylline	inchikey	1	TRUE	TRUE	1.80000370164635e-09	4.50000925411587e-06
CPD-12479	16885	HMDB	HMDB0001889_79_shen	Theophylline	inchikey	1	TRUE	TRUE	1.80000370164635e-09	4.50000925411587e-06
CPD-12479	16886	HMDB	HMDB0001889_80_shen	Theophylline	inchikey	1	TRUE	TRUE	1.80000370164635e-09	4.50000925411587e-06
CPD-12479	16887	HMDB	HMDB0001889_81_shen	Theophylline	inchikey	1	TRUE	TRUE	1.80000370164635e-09	4.50000925411587e-06
CPD-12479	16888	HMDB	HMDB0001889_82_shen	Theophylline	inchikey	1	TRUE	TRUE	1.80000370164635e-09	4.50000925411587e-06
CPD-12479	16889	HMDB	HMDB0001889_83_shen	Theophylline	inchikey	1	TRUE	TRUE	1.80000370164635e-09	4.50000925411587e-06
CPD-12479	16890	HMDB	HMDB0001889_84_shen	Theophylline	inchikey	1	TRUE	TRUE	1.80000370164635e-09	4.50000925411587e-06
CPD-12479	16891	HMDB	HMDB0001889_85_shen	Theophylline	inchikey	1	TRUE	TRUE	1.80000370164635e-09	4.50000925411587e-06
CPD-12479	16892	HMDB	HMDB0001889_86_shen	Theophylline	inchikey	1	TRUE	TRUE	1.80000370164635e-09	4.50000925411587e-06
CPD-12479	16893	HMDB	HMDB0001889_87_shen	Theophylline	inchikey	1	TRUE	TRUE	1.80000370164635e-09	4.50000925411587e-06
CPD-12479	16894	HMDB	HMDB0001889_88_shen	Theophylline	inchikey	1	TRUE	TRUE	1.80000370164635e-09	4.50000925411587e-06
CPD-12479	16895	HMDB	HMDB0001889_89_shen	Theophylline	inchikey	1	TRUE	TRUE	1.80000370164635e-09	4.50000925411587e-06
CPD-12479	16896	HMDB	HMDB0001889_90_shen	Theophylline	inchikey	1	TRUE	TRUE	1.80000370164635e-09	4.50000925411587e-06
CPD-12479	16897	HMDB	HMDB0001889_91_shen	Theophylline	inchikey	1	TRUE	TRUE	1.80000370164635e-09	4.50000925411587e-06
CPD-12479	16898	HMDB	HMDB0001889_92_shen	Theophylline	inchikey	1	TRUE	TRUE	1.80000370164635e-09	4.50000925411587e-06
CPD-12479	16899	HMDB	HMDB0001889_93_shen	Theophylline	inchikey	1	TRUE	TRUE	1.80000370164635e-09	4.50000925411587e-06
CPD-12479	16900	HMDB	HMDB0001889_94_shen	Theophylline	inchikey	1	TRUE	TRUE	1.80000370164635e-09	4.50000925411587e-06
CPD-12479	16901	HMDB	HMDB0001889_95_shen	Theophylline	inchikey	1	TRUE	TRUE	1.80000370164635e-09	4.50000925411587e-06
CPD-12479	16902	HMDB	HMDB0001889_96_shen	Theophylline	inchikey	1	TRUE	TRUE	1.80000370164635e-09	4.50000925411587e-06
CPD-12479	16903	HMDB	HMDB0001889_97_shen	Theophylline	inchikey	1	TRUE	TRUE	1.80000370164635e-09	4.50000925411587e-06
CPD-12479	16904	HMDB	HMDB0001889_98_shen	Theophylline	inchikey	1	TRUE	TRUE	1.80000370164635e-09	4.50000925411587e-06
CPD-12479	16905	HMDB	HMDB0001889_99_shen	Theophylline	inchikey	1	TRUE	TRUE	1.80000370164635e-09	4.50000925411587e-06
CPD-12479	16906	HMDB	HMDB0001889_100_shen	Theophylline	inchikey	1	TRUE	TRUE	1.80000370164635e-09	4.50000925411587e-06
CPD-12479	16907	HMDB	HMDB0001889_101_shen	Theophylline	inchikey	1	TRUE	TRUE	1.80000370164635e-09	4.50000925411587e-06
CPD-12479	16908	HMDB	HMDB0001889_102_shen	Theophylline	inchikey	1	TRUE	TRUE	1.80000370164635e-09	4.50000925411587e-06
CPD-12479	16909	HMDB	HMDB0001889_103_shen	Theophylline	inchikey	1	TRUE	TRUE	1.80000370164635e-09	4.50000925411587e-06
CPD-12479	16910	HMDB	HMDB0001889_104_shen	Theophylline	inchikey	1	TRUE	TRUE	1.80000370164635e-09	4.50000925411587e-06
CPD-12479	16911	HMDB	HMDB0001889_105_shen	Theophylline	inchikey	1	TRUE	TRUE	1.80000370164635e-09	4.50000925411587e-06
CPD-12479	16912	HMDB	HMDB0001889_106_shen	Theophylline	inchikey	1	TRUE	TRUE	1.80000370164635e-09	4.50000925411587e-06
CPD-12479	16913	HMDB	HMDB0001889_107_shen	Theophylline	inchikey	1	TRUE	TRUE	1.80000370164635e-09	4.50000925411587e-06
CPD-12479	16914	HMDB	HMDB0001889_108_shen	Theophylline	inchikey	1	TRUE	TRUE	1.80000370164635e-09	4.50000925411587e-06
CPD-12479	16915	HMDB	HMDB0001889_109_shen	Theophylline	inchikey	1	TRUE	TRUE	1.80000370164635e-09	4.50000925411587e-06
CPD-12479	16916	HMDB	HMDB0001889_110_shen	Theophylline	inchikey	1	TRUE	TRUE	1.80000370164635e-09	4.50000925411587e-06
CPD-12479	16917	HMDB	HMDB0001889_111_shen	Theophylline	inchikey	1	TRUE	TRUE	1.80000370164635e-09	4.50000925411587e-06
CPD-12479	16918	HMDB	HMDB0001889_112_shen	Theophylline	inchikey	1	TRUE	TRUE	1.80000370164635e-09	4.50000925411587e-06
CPD-12479	16919	HMDB	HMDB0001889_113_shen	Theophylline	inchikey	1	TRUE	TRUE	1.80000370164635e-09	4.50000925411587e-06
CPD-12479	16920	HMDB	HMDB0001889_114_shen	Theophylline	inchikey	1	TRUE	TRUE	1.80000370164635e-09	4.50000925411587e-06
CPD-12479	16921	HMDB	HMDB0001889_115_shen	Theophylline	inchikey	1	TRUE	TRUE	1.80000370164635e-09	4.50000925411587e-06
CPD-12479	16922	HMDB	HMDB0001889_116_shen	Theophylline	inchikey	1	TRUE	TRUE	1.80000370164635e-09	4.50000925411587e-06
CPD-12479	16923	HMDB	HMDB0001889_117_shen	Theophylline	inchikey	1	TRUE	TRUE	1.80000370164635e-09	4.50000925411587e-06
CPD-12479	16924	HMDB	HMDB0001889_118_shen	Theophylline	inchikey	1	TRUE	TRUE	1.80000370164635e-09	4.50000925411587e-06
CPD-12479	16925	HMDB	HMDB0001889_119_shen	Theophylline	inchikey	1	TRUE	TRUE	1.80000370164635e-09	4.50000925411587e-06
CPD-12479	16926	HMDB	HMDB0001889_120_shen	Theophylline	inchikey	1	TRUE	TRUE	1.80000370164635e-09	4.50000925411587e-06
CPD-12479	16927	HMDB	HMDB0001889_121_shen	Theophylline	inchikey	1	TRUE	TRUE	1.80000370164635e-09	4.50000925411587e-06
CPD-12479	16928	HMDB	HMDB0001889_122_shen	Theophylline	inchikey	1	TRUE	TRUE	1.80000370164635e-09	4.50000925411587e-06
CPD-12479	16929	HMDB	HMDB0001889_123_shen	Theophylline	inchikey	1	TRUE	TRUE	1.80000370164635e-09	4.50000925411587e-06
CPD-12479	16930	HMDB	HMDB0001889_124_shen	Theophylline	inchikey	1	TRUE	TRUE	1.80000370164635e-09	4.50000925411587e-06
CPD-12479	16931	HMDB	HMDB0001889_125_shen	Theophylline	inchikey	1	TRUE	TRUE	1.80000370164635e-09	4.50000925411587e-06
CPD-12479	16932	HMDB	HMDB0001889_126_shen	Theophylline	inchikey	1	TRUE	TRUE	1.80000370164635e-09	4.50000925411587e-06
CPD-12479	16933	HMDB	HMDB0001889_127_shen	Theophylline	inchikey	1	TRUE	TRUE	1.80000370164635e-09	4.50000925411587e-06
CPD-12479	16934	HMDB	HMDB0001889_128_shen	Theophylline	inchikey	1	TRUE	TRUE	1.80000370164635e-09	4.50000925411587e-06
CPD-12479	16935	HMDB	HMDB0001889_129_shen	Theophylline	inchikey	1	TRUE	TRUE	1.80000370164635e-09	4.50000925411587e-06
CPD-12479	16936	HMDB	HMDB0001889_130_shen	Theophylline	inchikey	1	TRUE	TRUE	1.80000370164635e-09	4.50000925411587e-06
CPD-12479	16937	HMDB	HMDB0001889_131_shen	Theophylline	inchikey	1	TRUE	TRUE	1.80000370164635e-09	4.50000925411587e-06
CPD-12479	16938	HMDB	HMDB0001889_132_shen	Theophylline	inchikey	1	TRUE	TRUE	1.80000370164635e-09	4.50000925411587e-06
CPD-12479	16939	HMDB	HMDB0001889_133_shen	Theophylline	inchikey	1	TRUE	TRUE	1.80000370164635e-09	4.50000925411587e-06
CPD-12479	16940	HMDB	HMDB0001889_134_shen	Theophylline	inchikey	1	TRUE	TRUE	1.80000370164635e-09	4.50000925411587e-06
CPD-12479	16941	HMDB	HMDB0001889_135_shen	Theophylline	inchikey	1	TRUE	TRUE	1.80000370164635e-09	4.50000925411587e-06
CPD-12479	16942	HMDB	HMDB0001889_136_shen	Theophylline	inchikey	1	TRUE	TRUE	1.80000370164635e-09	4.50000925411587e-06
CPD-12479	16943	HMDB	HMDB0001889_137_shen	Theophylline	inchikey	1	TRUE	TRUE	1.80000370164635e-09	4.50000925411587e-06
CPD-12479	16944	HMDB	HMDB0001889_138_shen	Theophylline	inchikey	1	TRUE	TRUE	1.80000370164635e-09	4.50000925411587e-06
CPD-12479	16945	HMDB	HMDB0001889_139_shen	Theophylline	inchikey	1	TRUE	TRUE	1.80000370164635e-09	4.50000925411587e-06
CPD-12479	16946	HMDB	HMDB0001889_140_shen	Theophylline	inchikey	1	TRUE	TRUE	1.80000370164635e-09	4.50000925411587e-06
CPD-12479	16947	HMDB	HMDB0001889_141_shen	Theophylline	inchikey	1	TRUE	TRUE	1.80000370164635e-09	4.50000925411587e-06
CPD-12479	16948	HMDB	HMDB0001889_142_shen	Theophylline	inchikey	1	TRUE	TRUE	1.80000370164635e-09	4.50000925411587e-06
CPD-12479	16949	HMDB	HMDB0001889_143_shen	Theophylline	inchikey	1	TRUE	TRUE	1.80000370164635e-09	4.50000925411587e-06
CPD-12479	16950	HMDB	HMDB0001889_144_shen	Theophylline	inchikey	1	TRUE	TRUE	1.80000370164635e-09	4.50000925411587e-06
CPD-12479	16951	HMDB	HMDB0001889_145_shen	Theophylline	inchikey	1	TRUE	TRUE	1.80000370164635e-09	4.50000925411587e-06
CPD-12479	16952	HMDB	HMDB0001889_146_shen	Theophylline	inchikey	1	TRUE	TRUE	1.80000370164635e-09	4.50000925411587e-06
CPD-12479	16953	HMDB	HMDB0001889_147_shen	Theophylline	inchikey	1	TRUE	TRUE	1.80000370164635e-09	4.50000925411587e-06
CPD-12479	16954	HMDB	HMDB0001889_148_shen	Theophylline	inchikey	1	TRUE	TRUE	1.80000370164635e-09	4.50000925411587e-06
CPD-12479	16955	HMDB	HMDB0001889_149_shen	Theophylline	inchikey	1	TRUE	TRUE	1.80000370164635e-09	4.50000925411587e-06
CPD-12479	16956	HMDB	HMDB0001889_150_shen	Theophylline	inchikey	1	TRUE	TRUE	1.80000370164635e-09	4.50000925411587e-06
CPD-12479	16957	HMDB	HMDB0001889_151_shen	Theophylline	inchikey	1	TRUE	TRUE	1.80000370164635e-09	4.50000925411587e-06
CPD-12479	16958	HMDB	HMDB0001889_152_shen	Theophylline	inchikey	1	TRUE	TRUE	1.80000370164635e-09	4.50000925411587e-06
CPD-12479	16959	HMDB	HMDB0001889_153_shen	Theophylline	inchikey	1	TRUE	TRUE	1.80000370164635e-09	4.50000925411587e-06
CPD-12479	16960	HMDB	HMDB0001889_154_shen	Theophylline	inchikey	1	TRUE	TRUE	1.80000370164635e-09	4.50000925411587e-06
CPD-12479	16961	HMDB	HMDB0001889_155_shen	Theophylline	inchikey	1	TRUE	TRUE	1.80000370164635e-09	4.50000925411587e-06
CPD-12479	16962	HMDB	HMDB0001889_156_shen	Theophylline	inchikey	1	TRUE	TRUE	1.80000370164635e-09	4.50000925411587e-06
CPD-12479	16963	HMDB	HMDB0001889_157_shen	Theophylline	inchikey	1	TRUE	TRUE	1.80000370164635e-09	4.50000925411587e-06
CPD-12479	16964	HMDB	HMDB0001889_158_shen	Theophylline	inchikey	1	TRUE	TRUE	1.80000370164635e-09	4.50000925411587e-06
ALPHA-TOCOPHEROL	17007	HMDB	HMDB0001893_1_shen	alpha-Tocopherol	inchikey	1	TRUE	TRUE	5.19997911396786e-09	1.20822669614278e-05
ALPHA-TOCOPHEROL	17008	HMDB	HMDB0001893_2_shen	alpha-Tocopherol	inchikey	1	TRUE	TRUE	5.19997911396786e-09	1.20822669614278e-05
ALPHA-TOCOPHEROL	17009	HMDB	HMDB0001893_3_shen	alpha-Tocopherol	inchikey	1	TRUE	TRUE	5.19997911396786e-09	1.20822669614278e-05
ALPHA-TOCOPHEROL	17010	HMDB	HMDB0001893_4_shen	alpha-Tocopherol	inchikey	1	TRUE	TRUE	5.19997911396786e-09	1.20822669614278e-05
ALPHA-TOCOPHEROL	17011	HMDB	HMDB0001893_5_shen	alpha-Tocopherol	inchikey	1	TRUE	TRUE	5.19997911396786e-09	1.20822669614278e-05
ALPHA-TOCOPHEROL	17012	HMDB	HMDB0001893_6_shen	alpha-Tocopherol	inchikey	1	TRUE	TRUE	5.19997911396786e-09	1.20822669614278e-05
CPD-110	17030	HMDB	HMDB0001895_1_shen	Salicylic acid	inchikey_connectivity_formula_mass	2	FALSE	TRUE	5.90000581723871e-09	1.47500145430968e-05
CPD-110	17031	HMDB	HMDB0001895_2_shen	Salicylic acid	inchikey_connectivity_formula_mass	2	FALSE	TRUE	5.90000581723871e-09	1.47500145430968e-05
CPD-110	17032	HMDB	HMDB0001895_3_shen	Salicylic acid	inchikey_connectivity_formula_mass	2	FALSE	TRUE	5.90000581723871e-09	1.47500145430968e-05
CPD-110	17033	HMDB	HMDB0001895_4_shen	Salicylic acid	inchikey_connectivity_formula_mass	2	FALSE	TRUE	5.90000581723871e-09	1.47500145430968e-05
CPD-110	17034	HMDB	HMDB0001895_5_shen	Salicylic acid	inchikey_connectivity_formula_mass	2	FALSE	TRUE	5.90000581723871e-09	1.47500145430968e-05
CPD-110	17035	HMDB	HMDB0001895_6_shen	Salicylic acid	inchikey_connectivity_formula_mass	2	FALSE	TRUE	5.90000581723871e-09	1.47500145430968e-05
CPD-110	17036	HMDB	HMDB0001895_7_shen	Salicylic acid	inchikey_connectivity_formula_mass	2	FALSE	TRUE	5.90000581723871e-09	1.47500145430968e-05
CPD-110	17037	HMDB	HMDB0001895_8_shen	Salicylic acid	inchikey_connectivity_formula_mass	2	FALSE	TRUE	5.90000581723871e-09	1.47500145430968e-05
CPD-110	17038	HMDB	HMDB0001895_9_shen	Salicylic acid	inchikey_connectivity_formula_mass	2	FALSE	TRUE	5.90000581723871e-09	1.47500145430968e-05
CPD-110	17039	HMDB	HMDB0001895_10_shen	Salicylic acid	inchikey_connectivity_formula_mass	2	FALSE	TRUE	5.90000581723871e-09	1.47500145430968e-05
CPD-110	17040	HMDB	HMDB0001895_11_shen	Salicylic acid	inchikey_connectivity_formula_mass	2	FALSE	TRUE	5.90000581723871e-09	1.47500145430968e-05
CPD-110	17041	HMDB	HMDB0001895_12_shen	Salicylic acid	inchikey_connectivity_formula_mass	2	FALSE	TRUE	5.90000581723871e-09	1.47500145430968e-05
CPD-110	17042	HMDB	HMDB0001895_13_shen	Salicylic acid	inchikey_connectivity_formula_mass	2	FALSE	TRUE	5.90000581723871e-09	1.47500145430968e-05
CPD-110	17043	HMDB	HMDB0001895_14_shen	Salicylic acid	inchikey_connectivity_formula_mass	2	FALSE	TRUE	5.90000581723871e-09	1.47500145430968e-05
CPD-110	17044	HMDB	HMDB0001895_15_shen	Salicylic acid	inchikey_connectivity_formula_mass	2	FALSE	TRUE	5.90000581723871e-09	1.47500145430968e-05
CPD-110	17045	HMDB	HMDB0001895_16_shen	Salicylic acid	inchikey_connectivity_formula_mass	2	FALSE	TRUE	5.90000581723871e-09	1.47500145430968e-05
CPD-110	17046	HMDB	HMDB0001895_17_shen	Salicylic acid	inchikey_connectivity_formula_mass	2	FALSE	TRUE	5.90000581723871e-09	1.47500145430968e-05
CPD-110	17047	HMDB	HMDB0001895_18_shen	Salicylic acid	inchikey_connectivity_formula_mass	2	FALSE	TRUE	5.90000581723871e-09	1.47500145430968e-05
CPD-110	17048	HMDB	HMDB0001895_19_shen	Salicylic acid	inchikey_connectivity_formula_mass	2	FALSE	TRUE	5.90000581723871e-09	1.47500145430968e-05
CPD-110	17049	HMDB	HMDB0001895_20_shen	Salicylic acid	inchikey_connectivity_formula_mass	2	FALSE	TRUE	5.90000581723871e-09	1.47500145430968e-05
CPD-110	17050	HMDB	HMDB0001895_21_shen	Salicylic acid	inchikey_connectivity_formula_mass	2	FALSE	TRUE	5.90000581723871e-09	1.47500145430968e-05
CPD-110	17051	HMDB	HMDB0001895_22_shen	Salicylic acid	inchikey_connectivity_formula_mass	2	FALSE	TRUE	5.90000581723871e-09	1.47500145430968e-05
CPD-110	17052	HMDB	HMDB0001895_23_shen	Salicylic acid	inchikey_connectivity_formula_mass	2	FALSE	TRUE	5.90000581723871e-09	1.47500145430968e-05
CPD-110	17053	HMDB	HMDB0001895_24_shen	Salicylic acid	inchikey_connectivity_formula_mass	2	FALSE	TRUE	5.90000581723871e-09	1.47500145430968e-05
CPD-110	17054	HMDB	HMDB0001895_25_shen	Salicylic acid	inchikey_connectivity_formula_mass	2	FALSE	TRUE	5.90000581723871e-09	1.47500145430968e-05
CPD-110	17055	HMDB	HMDB0001895_26_shen	Salicylic acid	inchikey_connectivity_formula_mass	2	FALSE	TRUE	5.90000581723871e-09	1.47500145430968e-05
CPD-110	17056	HMDB	HMDB0001895_27_shen	Salicylic acid	inchikey_connectivity_formula_mass	2	FALSE	TRUE	5.90000581723871e-09	1.47500145430968e-05
CPD-110	17057	HMDB	HMDB0001895_28_shen	Salicylic acid	inchikey_connectivity_formula_mass	2	FALSE	TRUE	5.90000581723871e-09	1.47500145430968e-05
CPD-110	17058	HMDB	HMDB0001895_29_shen	Salicylic acid	inchikey_connectivity_formula_mass	2	FALSE	TRUE	5.90000581723871e-09	1.47500145430968e-05
CPD-110	17059	HMDB	HMDB0001895_30_shen	Salicylic acid	inchikey_connectivity_formula_mass	2	FALSE	TRUE	5.90000581723871e-09	1.47500145430968e-05
CPD-110	17060	HMDB	HMDB0001895_31_shen	Salicylic acid	inchikey_connectivity_formula_mass	2	FALSE	TRUE	5.90000581723871e-09	1.47500145430968e-05
CPD-110	17061	HMDB	HMDB0001895_32_shen	Salicylic acid	inchikey_connectivity_formula_mass	2	FALSE	TRUE	5.90000581723871e-09	1.47500145430968e-05
CPD-110	17062	HMDB	HMDB0001895_33_shen	Salicylic acid	inchikey_connectivity_formula_mass	2	FALSE	TRUE	5.90000581723871e-09	1.47500145430968e-05
CPD-110	17063	HMDB	HMDB0001895_34_shen	Salicylic acid	inchikey_connectivity_formula_mass	2	FALSE	TRUE	5.90000581723871e-09	1.47500145430968e-05
CPD-110	17064	HMDB	HMDB0001895_35_shen	Salicylic acid	inchikey_connectivity_formula_mass	2	FALSE	TRUE	5.90000581723871e-09	1.47500145430968e-05
CPD-110	17065	HMDB	HMDB0001895_36_shen	Salicylic acid	inchikey_connectivity_formula_mass	2	FALSE	TRUE	5.90000581723871e-09	1.47500145430968e-05
CPD-110	17066	HMDB	HMDB0001895_37_shen	Salicylic acid	inchikey_connectivity_formula_mass	2	FALSE	TRUE	5.90000581723871e-09	1.47500145430968e-05
CPD-110	17067	HMDB	HMDB0001895_38_shen	Salicylic acid	inchikey_connectivity_formula_mass	2	FALSE	TRUE	5.90000581723871e-09	1.47500145430968e-05
CPD-110	17068	HMDB	HMDB0001895_39_shen	Salicylic acid	inchikey_connectivity_formula_mass	2	FALSE	TRUE	5.90000581723871e-09	1.47500145430968e-05
CPD-110	17069	HMDB	HMDB0001895_40_shen	Salicylic acid	inchikey_connectivity_formula_mass	2	FALSE	TRUE	5.90000581723871e-09	1.47500145430968e-05
CPD-110	17070	HMDB	HMDB0001895_41_shen	Salicylic acid	inchikey_connectivity_formula_mass	2	FALSE	TRUE	5.90000581723871e-09	1.47500145430968e-05
CPD-110	17071	HMDB	HMDB0001895_42_shen	Salicylic acid	inchikey_connectivity_formula_mass	2	FALSE	TRUE	5.90000581723871e-09	1.47500145430968e-05
CPD-110	17072	HMDB	HMDB0001895_43_shen	Salicylic acid	inchikey_connectivity_formula_mass	2	FALSE	TRUE	5.90000581723871e-09	1.47500145430968e-05
CPD-110	17073	HMDB	HMDB0001895_44_shen	Salicylic acid	inchikey_connectivity_formula_mass	2	FALSE	TRUE	5.90000581723871e-09	1.47500145430968e-05
CPD-110	17074	HMDB	HMDB0001895_45_shen	Salicylic acid	inchikey_connectivity_formula_mass	2	FALSE	TRUE	5.90000581723871e-09	1.47500145430968e-05
CPD-110	17075	HMDB	HMDB0001895_46_shen	Salicylic acid	inchikey_connectivity_formula_mass	2	FALSE	TRUE	5.90000581723871e-09	1.47500145430968e-05
CPD-110	17076	HMDB	HMDB0001895_47_shen	Salicylic acid	inchikey_connectivity_formula_mass	2	FALSE	TRUE	5.90000581723871e-09	1.47500145430968e-05
CPD-110	17077	HMDB	HMDB0001895_48_shen	Salicylic acid	inchikey_connectivity_formula_mass	2	FALSE	TRUE	5.90000581723871e-09	1.47500145430968e-05
CPD-110	17078	HMDB	HMDB0001895_49_shen	Salicylic acid	inchikey_connectivity_formula_mass	2	FALSE	TRUE	5.90000581723871e-09	1.47500145430968e-05
CPD-110	17079	HMDB	HMDB0001895_50_shen	Salicylic acid	inchikey_connectivity_formula_mass	2	FALSE	TRUE	5.90000581723871e-09	1.47500145430968e-05
CPD-110	17080	HMDB	HMDB0001895_51_shen	Salicylic acid	inchikey_connectivity_formula_mass	2	FALSE	TRUE	5.90000581723871e-09	1.47500145430968e-05
CPD-110	17081	HMDB	HMDB0001895_52_shen	Salicylic acid	inchikey_connectivity_formula_mass	2	FALSE	TRUE	5.90000581723871e-09	1.47500145430968e-05
CPD-110	17082	HMDB	HMDB0001895_53_shen	Salicylic acid	inchikey_connectivity_formula_mass	2	FALSE	TRUE	5.90000581723871e-09	1.47500145430968e-05
CPD-110	17083	HMDB	HMDB0001895_54_shen	Salicylic acid	inchikey_connectivity_formula_mass	2	FALSE	TRUE	5.90000581723871e-09	1.47500145430968e-05
CPD-110	17084	HMDB	HMDB0001895_55_shen	Salicylic acid	inchikey_connectivity_formula_mass	2	FALSE	TRUE	5.90000581723871e-09	1.47500145430968e-05
CPD-110	17085	HMDB	HMDB0001895_56_shen	Salicylic acid	inchikey_connectivity_formula_mass	2	FALSE	TRUE	5.90000581723871e-09	1.47500145430968e-05
CPD-110	17086	HMDB	HMDB0001895_57_shen	Salicylic acid	inchikey_connectivity_formula_mass	2	FALSE	TRUE	5.90000581723871e-09	1.47500145430968e-05
CPD-110	17087	HMDB	HMDB0001895_58_shen	Salicylic acid	inchikey_connectivity_formula_mass	2	FALSE	TRUE	5.90000581723871e-09	1.47500145430968e-05
CPD-110	17088	HMDB	HMDB0001895_59_shen	Salicylic acid	inchikey_connectivity_formula_mass	2	FALSE	TRUE	5.90000581723871e-09	1.47500145430968e-05
CPD-110	17089	HMDB	HMDB0001895_60_shen	Salicylic acid	inchikey_connectivity_formula_mass	2	FALSE	TRUE	5.90000581723871e-09	1.47500145430968e-05
CPD-110	17090	HMDB	HMDB0001895_61_shen	Salicylic acid	inchikey_connectivity_formula_mass	2	FALSE	TRUE	5.90000581723871e-09	1.47500145430968e-05
CPD-110	17091	HMDB	HMDB0001895_62_shen	Salicylic acid	inchikey_connectivity_formula_mass	2	FALSE	TRUE	5.90000581723871e-09	1.47500145430968e-05
CPD-110	17092	HMDB	HMDB0001895_63_shen	Salicylic acid	inchikey_connectivity_formula_mass	2	FALSE	TRUE	5.90000581723871e-09	1.47500145430968e-05
CPD-110	17093	HMDB	HMDB0001895_64_shen	Salicylic acid	inchikey_connectivity_formula_mass	2	FALSE	TRUE	5.90000581723871e-09	1.47500145430968e-05
CPD-110	17094	HMDB	HMDB0001895_65_shen	Salicylic acid	inchikey_connectivity_formula_mass	2	FALSE	TRUE	5.90000581723871e-09	1.47500145430968e-05
CPD-110	17095	HMDB	HMDB0001895_66_shen	Salicylic acid	inchikey_connectivity_formula_mass	2	FALSE	TRUE	5.90000581723871e-09	1.47500145430968e-05
CPD-110	17096	HMDB	HMDB0001895_67_shen	Salicylic acid	inchikey_connectivity_formula_mass	2	FALSE	TRUE	5.90000581723871e-09	1.47500145430968e-05
CPD-110	17097	HMDB	HMDB0001895_68_shen	Salicylic acid	inchikey_connectivity_formula_mass	2	FALSE	TRUE	5.90000581723871e-09	1.47500145430968e-05
CPD-110	17098	HMDB	HMDB0001895_69_shen	Salicylic acid	inchikey_connectivity_formula_mass	2	FALSE	TRUE	5.90000581723871e-09	1.47500145430968e-05
CPD-110	17099	HMDB	HMDB0001895_70_shen	Salicylic acid	inchikey_connectivity_formula_mass	2	FALSE	TRUE	5.90000581723871e-09	1.47500145430968e-05
CPD-110	17100	HMDB	HMDB0001895_71_shen	Salicylic acid	inchikey_connectivity_formula_mass	2	FALSE	TRUE	5.90000581723871e-09	1.47500145430968e-05
CPD-110	17101	HMDB	HMDB0001895_72_shen	Salicylic acid	inchikey_connectivity_formula_mass	2	FALSE	TRUE	5.90000581723871e-09	1.47500145430968e-05
CPD-110	17102	HMDB	HMDB0001895_73_shen	Salicylic acid	inchikey_connectivity_formula_mass	2	FALSE	TRUE	5.90000581723871e-09	1.47500145430968e-05
CPD-110	17103	HMDB	HMDB0001895_74_shen	Salicylic acid	inchikey_connectivity_formula_mass	2	FALSE	TRUE	5.90000581723871e-09	1.47500145430968e-05
CPD-110	17104	HMDB	HMDB0001895_75_shen	Salicylic acid	inchikey_connectivity_formula_mass	2	FALSE	TRUE	5.90000581723871e-09	1.47500145430968e-05
CPD-110	17105	HMDB	HMDB0001895_76_shen	Salicylic acid	inchikey_connectivity_formula_mass	2	FALSE	TRUE	5.90000581723871e-09	1.47500145430968e-05
CPD-110	17106	HMDB	HMDB0001895_77_shen	Salicylic acid	inchikey_connectivity_formula_mass	2	FALSE	TRUE	5.90000581723871e-09	1.47500145430968e-05
CPD-884	17114	HMDB	HMDB0001901_1_shen	Aminocaproic acid	inchikey	1	TRUE	TRUE	1.70001612787019e-09	4.25004031967546e-06
CPD-884	17115	HMDB	HMDB0001901_2_shen	Aminocaproic acid	inchikey	1	TRUE	TRUE	1.70001612787019e-09	4.25004031967546e-06
CPD-884	17116	HMDB	HMDB0001901_3_shen	Aminocaproic acid	inchikey	1	TRUE	TRUE	1.70001612787019e-09	4.25004031967546e-06
CPD-884	17117	HMDB	HMDB0001901_4_shen	Aminocaproic acid	inchikey	1	TRUE	TRUE	1.70001612787019e-09	4.25004031967546e-06
CPD-884	17118	HMDB	HMDB0001901_5_shen	Aminocaproic acid	inchikey	1	TRUE	TRUE	1.70001612787019e-09	4.25004031967546e-06
CPD-884	17119	HMDB	HMDB0001901_6_shen	Aminocaproic acid	inchikey	1	TRUE	TRUE	1.70001612787019e-09	4.25004031967546e-06
CPD-884	17120	HMDB	HMDB0001901_7_shen	Aminocaproic acid	inchikey	1	TRUE	TRUE	1.70001612787019e-09	4.25004031967546e-06
CPD-884	17121	HMDB	HMDB0001901_8_shen	Aminocaproic acid	inchikey	1	TRUE	TRUE	1.70001612787019e-09	4.25004031967546e-06
CPD-884	17122	HMDB	HMDB0001901_9_shen	Aminocaproic acid	inchikey	1	TRUE	TRUE	1.70001612787019e-09	4.25004031967546e-06
CPD-884	17123	HMDB	HMDB0001901_10_shen	Aminocaproic acid	inchikey	1	TRUE	TRUE	1.70001612787019e-09	4.25004031967546e-06
CPD-884	17124	HMDB	HMDB0001901_11_shen	Aminocaproic acid	inchikey	1	TRUE	TRUE	1.70001612787019e-09	4.25004031967546e-06
CPD-884	17125	HMDB	HMDB0001901_12_shen	Aminocaproic acid	inchikey	1	TRUE	TRUE	1.70001612787019e-09	4.25004031967546e-06
CPD-884	17126	HMDB	HMDB0001901_13_shen	Aminocaproic acid	inchikey	1	TRUE	TRUE	1.70001612787019e-09	4.25004031967546e-06
CPD-884	17127	HMDB	HMDB0001901_14_shen	Aminocaproic acid	inchikey	1	TRUE	TRUE	1.70001612787019e-09	4.25004031967546e-06
CPD-884	17128	HMDB	HMDB0001901_15_shen	Aminocaproic acid	inchikey	1	TRUE	TRUE	1.70001612787019e-09	4.25004031967546e-06
CPD-884	17129	HMDB	HMDB0001901_16_shen	Aminocaproic acid	inchikey	1	TRUE	TRUE	1.70001612787019e-09	4.25004031967546e-06
CPD-884	17130	HMDB	HMDB0001901_17_shen	Aminocaproic acid	inchikey	1	TRUE	TRUE	1.70001612787019e-09	4.25004031967546e-06
CPD-884	17131	HMDB	HMDB0001901_18_shen	Aminocaproic acid	inchikey	1	TRUE	TRUE	1.70001612787019e-09	4.25004031967546e-06
CPD-884	17132	HMDB	HMDB0001901_19_shen	Aminocaproic acid	inchikey	1	TRUE	TRUE	1.70001612787019e-09	4.25004031967546e-06
CPD-884	17133	HMDB	HMDB0001901_20_shen	Aminocaproic acid	inchikey	1	TRUE	TRUE	1.70001612787019e-09	4.25004031967546e-06
CPD-884	17134	HMDB	HMDB0001901_21_shen	Aminocaproic acid	inchikey	1	TRUE	TRUE	1.70001612787019e-09	4.25004031967546e-06
CPD-884	17135	HMDB	HMDB0001901_22_shen	Aminocaproic acid	inchikey	1	TRUE	TRUE	1.70001612787019e-09	4.25004031967546e-06
CPD-884	17136	HMDB	HMDB0001901_23_shen	Aminocaproic acid	inchikey	1	TRUE	TRUE	1.70001612787019e-09	4.25004031967546e-06
CPD-884	17137	HMDB	HMDB0001901_24_shen	Aminocaproic acid	inchikey	1	TRUE	TRUE	1.70001612787019e-09	4.25004031967546e-06
CPD-884	17138	HMDB	HMDB0001901_25_shen	Aminocaproic acid	inchikey	1	TRUE	TRUE	1.70001612787019e-09	4.25004031967546e-06
CPD-884	17139	HMDB	HMDB0001901_26_shen	Aminocaproic acid	inchikey	1	TRUE	TRUE	1.70001612787019e-09	4.25004031967546e-06
CPD-884	17140	HMDB	HMDB0001901_27_shen	Aminocaproic acid	inchikey	1	TRUE	TRUE	1.70001612787019e-09	4.25004031967546e-06
CPD-884	17141	HMDB	HMDB0001901_28_shen	Aminocaproic acid	inchikey	1	TRUE	TRUE	1.70001612787019e-09	4.25004031967546e-06
CPD-884	17142	HMDB	HMDB0001901_29_shen	Aminocaproic acid	inchikey	1	TRUE	TRUE	1.70001612787019e-09	4.25004031967546e-06
CPD-884	17143	HMDB	HMDB0001901_30_shen	Aminocaproic acid	inchikey	1	TRUE	TRUE	1.70001612787019e-09	4.25004031967546e-06
CPD-884	17144	HMDB	HMDB0001901_31_shen	Aminocaproic acid	inchikey	1	TRUE	TRUE	1.70001612787019e-09	4.25004031967546e-06
CPD-884	17145	HMDB	HMDB0001901_32_shen	Aminocaproic acid	inchikey	1	TRUE	TRUE	1.70001612787019e-09	4.25004031967546e-06
CPD-884	17146	HMDB	HMDB0001901_33_shen	Aminocaproic acid	inchikey	1	TRUE	TRUE	1.70001612787019e-09	4.25004031967546e-06
CPD-884	17147	HMDB	HMDB0001901_34_shen	Aminocaproic acid	inchikey	1	TRUE	TRUE	1.70001612787019e-09	4.25004031967546e-06
CPD-884	17148	HMDB	HMDB0001901_35_shen	Aminocaproic acid	inchikey	1	TRUE	TRUE	1.70001612787019e-09	4.25004031967546e-06
CPD-884	17149	HMDB	HMDB0001901_36_shen	Aminocaproic acid	inchikey	1	TRUE	TRUE	1.70001612787019e-09	4.25004031967546e-06
CPD-884	17150	HMDB	HMDB0001901_37_shen	Aminocaproic acid	inchikey	1	TRUE	TRUE	1.70001612787019e-09	4.25004031967546e-06
CPD-884	17151	HMDB	HMDB0001901_38_shen	Aminocaproic acid	inchikey	1	TRUE	TRUE	1.70001612787019e-09	4.25004031967546e-06
CPD-884	17152	HMDB	HMDB0001901_39_shen	Aminocaproic acid	inchikey	1	TRUE	TRUE	1.70001612787019e-09	4.25004031967546e-06
ALENDRONATE	17252	HMDB	HMDB0001915_1_shen	Alendronic acid	inchikey_connectivity_formula_mass	2	FALSE	TRUE	1.79997527993692e-09	4.49993819984229e-06
ALENDRONATE	17253	HMDB	HMDB0001915_2_shen	Alendronic acid	inchikey_connectivity_formula_mass	2	FALSE	TRUE	1.79997527993692e-09	4.49993819984229e-06
ALENDRONATE	17254	HMDB	HMDB0001915_3_shen	Alendronic acid	inchikey_connectivity_formula_mass	2	FALSE	TRUE	1.79997527993692e-09	4.49993819984229e-06
CPD-8926	17358	HMDB	HMDB0001922_1_shen	Clotrimazole	inchikey	1	FALSE	FALSE	5.0999915401917e-09	1.27499788504792e-05
CPD-8926	17359	HMDB	HMDB0001922_2_shen	Clotrimazole	inchikey	1	FALSE	FALSE	5.0999915401917e-09	1.27499788504792e-05
CPD-8926	17360	HMDB	HMDB0001922_3_shen	Clotrimazole	inchikey	1	FALSE	FALSE	5.0999915401917e-09	1.27499788504792e-05
CPD-8926	17361	HMDB	HMDB0001922_4_shen	Clotrimazole	inchikey	1	FALSE	FALSE	5.0999915401917e-09	1.27499788504792e-05
CPD-8926	17362	HMDB	HMDB0001922_5_shen	Clotrimazole	inchikey	1	FALSE	FALSE	5.0999915401917e-09	1.27499788504792e-05
CPD-8926	17363	HMDB	HMDB0001922_6_shen	Clotrimazole	inchikey	1	FALSE	FALSE	5.0999915401917e-09	1.27499788504792e-05
CPD-8926	17364	HMDB	HMDB0001922_7_shen	Clotrimazole	inchikey	1	FALSE	FALSE	5.0999915401917e-09	1.27499788504792e-05
CPD-8926	17365	HMDB	HMDB0001922_8_shen	Clotrimazole	inchikey	1	FALSE	FALSE	5.0999915401917e-09	1.27499788504792e-05
CPD-8926	17366	HMDB	HMDB0001922_9_shen	Clotrimazole	inchikey	1	FALSE	FALSE	5.0999915401917e-09	1.27499788504792e-05
CPD-8926	17367	HMDB	HMDB0001922_10_shen	Clotrimazole	inchikey	1	FALSE	FALSE	5.0999915401917e-09	1.27499788504792e-05
CPD-8926	17368	HMDB	HMDB0001922_11_shen	Clotrimazole	inchikey	1	FALSE	FALSE	5.0999915401917e-09	1.27499788504792e-05
CPD-8926	17369	HMDB	HMDB0001922_12_shen	Clotrimazole	inchikey	1	FALSE	FALSE	5.0999915401917e-09	1.27499788504792e-05
CPD-8926	17370	HMDB	HMDB0001922_13_shen	Clotrimazole	inchikey	1	FALSE	FALSE	5.0999915401917e-09	1.27499788504792e-05
CPD-8926	17371	HMDB	HMDB0001922_14_shen	Clotrimazole	inchikey	1	FALSE	FALSE	5.0999915401917e-09	1.27499788504792e-05
CPD-8926	17372	HMDB	HMDB0001922_15_shen	Clotrimazole	inchikey	1	FALSE	FALSE	5.0999915401917e-09	1.27499788504792e-05
CPD-8926	17373	HMDB	HMDB0001922_16_shen	Clotrimazole	inchikey	1	FALSE	FALSE	5.0999915401917e-09	1.27499788504792e-05
CPD-8926	17374	HMDB	HMDB0001922_17_shen	Clotrimazole	inchikey	1	FALSE	FALSE	5.0999915401917e-09	1.27499788504792e-05
Ibuprofen	17465	HMDB	HMDB0001925_1_shen	Ibuprofen	inchikey_connectivity_formula_mass	2	FALSE	TRUE	1.99997884919867e-09	4.99994712299667e-06
Ibuprofen	17466	HMDB	HMDB0001925_2_shen	Ibuprofen	inchikey_connectivity_formula_mass	2	FALSE	TRUE	1.99997884919867e-09	4.99994712299667e-06
Ibuprofen	17467	HMDB	HMDB0001925_3_shen	Ibuprofen	inchikey_connectivity_formula_mass	2	FALSE	TRUE	1.99997884919867e-09	4.99994712299667e-06
Ibuprofen	17468	HMDB	HMDB0001925_4_shen	Ibuprofen	inchikey_connectivity_formula_mass	2	FALSE	TRUE	1.99997884919867e-09	4.99994712299667e-06
Ibuprofen	17469	HMDB	HMDB0001925_5_shen	Ibuprofen	inchikey_connectivity_formula_mass	2	FALSE	TRUE	1.99997884919867e-09	4.99994712299667e-06
Ibuprofen	17470	HMDB	HMDB0001925_6_shen	Ibuprofen	inchikey_connectivity_formula_mass	2	FALSE	TRUE	1.99997884919867e-09	4.99994712299667e-06
Ibuprofen	17471	HMDB	HMDB0001925_7_shen	Ibuprofen	inchikey_connectivity_formula_mass	2	FALSE	TRUE	1.99997884919867e-09	4.99994712299667e-06
Ibuprofen	17472	HMDB	HMDB0001925_8_shen	Ibuprofen	inchikey_connectivity_formula_mass	2	FALSE	TRUE	1.99997884919867e-09	4.99994712299667e-06
Ibuprofen	17473	HMDB	HMDB0001925_9_shen	Ibuprofen	inchikey_connectivity_formula_mass	2	FALSE	TRUE	1.99997884919867e-09	4.99994712299667e-06
Ibuprofen	17474	HMDB	HMDB0001925_10_shen	Ibuprofen	inchikey_connectivity_formula_mass	2	FALSE	TRUE	1.99997884919867e-09	4.99994712299667e-06
Ibuprofen	17475	HMDB	HMDB0001925_11_shen	Ibuprofen	inchikey_connectivity_formula_mass	2	FALSE	TRUE	1.99997884919867e-09	4.99994712299667e-06
NICOTINE	17860	HMDB	HMDB0001934_1_shen	Nicotine	inchikey_connectivity_formula_mass	2	FALSE	TRUE	1.80000370164635e-09	4.50000925411587e-06
NICOTINE	17861	HMDB	HMDB0001934_2_shen	Nicotine	inchikey_connectivity_formula_mass	2	FALSE	TRUE	1.80000370164635e-09	4.50000925411587e-06
NICOTINE	17862	HMDB	HMDB0001934_3_shen	Nicotine	inchikey_connectivity_formula_mass	2	FALSE	TRUE	1.80000370164635e-09	4.50000925411587e-06
NICOTINE	17863	HMDB	HMDB0001934_4_shen	Nicotine	inchikey_connectivity_formula_mass	2	FALSE	TRUE	1.80000370164635e-09	4.50000925411587e-06
NICOTINE	17864	HMDB	HMDB0001934_5_shen	Nicotine	inchikey_connectivity_formula_mass	2	FALSE	TRUE	1.80000370164635e-09	4.50000925411587e-06
NICOTINE	17865	HMDB	HMDB0001934_6_shen	Nicotine	inchikey_connectivity_formula_mass	2	FALSE	TRUE	1.80000370164635e-09	4.50000925411587e-06
NICOTINE	17866	HMDB	HMDB0001934_7_shen	Nicotine	inchikey_connectivity_formula_mass	2	FALSE	TRUE	1.80000370164635e-09	4.50000925411587e-06
NICOTINE	17867	HMDB	HMDB0001934_8_shen	Nicotine	inchikey_connectivity_formula_mass	2	FALSE	TRUE	1.80000370164635e-09	4.50000925411587e-06
NICOTINE	17868	HMDB	HMDB0001934_9_shen	Nicotine	inchikey_connectivity_formula_mass	2	FALSE	TRUE	1.80000370164635e-09	4.50000925411587e-06
NICOTINE	17869	HMDB	HMDB0001934_10_shen	Nicotine	inchikey_connectivity_formula_mass	2	FALSE	TRUE	1.80000370164635e-09	4.50000925411587e-06
NICOTINE	17870	HMDB	HMDB0001934_11_shen	Nicotine	inchikey_connectivity_formula_mass	2	FALSE	TRUE	1.80000370164635e-09	4.50000925411587e-06
NICOTINE	17871	HMDB	HMDB0001934_12_shen	Nicotine	inchikey_connectivity_formula_mass	2	FALSE	TRUE	1.80000370164635e-09	4.50000925411587e-06
NICOTINE	17872	HMDB	HMDB0001934_13_shen	Nicotine	inchikey_connectivity_formula_mass	2	FALSE	TRUE	1.80000370164635e-09	4.50000925411587e-06
NICOTINE	17873	HMDB	HMDB0001934_14_shen	Nicotine	inchikey_connectivity_formula_mass	2	FALSE	TRUE	1.80000370164635e-09	4.50000925411587e-06
NICOTINE	17874	HMDB	HMDB0001934_15_shen	Nicotine	inchikey_connectivity_formula_mass	2	FALSE	TRUE	1.80000370164635e-09	4.50000925411587e-06
NICOTINE	17875	HMDB	HMDB0001934_16_shen	Nicotine	inchikey_connectivity_formula_mass	2	FALSE	TRUE	1.80000370164635e-09	4.50000925411587e-06
NICOTINE	17876	HMDB	HMDB0001934_17_shen	Nicotine	inchikey_connectivity_formula_mass	2	FALSE	TRUE	1.80000370164635e-09	4.50000925411587e-06
NICOTINE	17877	HMDB	HMDB0001934_18_shen	Nicotine	inchikey_connectivity_formula_mass	2	FALSE	TRUE	1.80000370164635e-09	4.50000925411587e-06
NICOTINE	17878	HMDB	HMDB0001934_19_shen	Nicotine	inchikey_connectivity_formula_mass	2	FALSE	TRUE	1.80000370164635e-09	4.50000925411587e-06
NICOTINE	17879	HMDB	HMDB0001934_20_shen	Nicotine	inchikey_connectivity_formula_mass	2	FALSE	TRUE	1.80000370164635e-09	4.50000925411587e-06
NICOTINE	17880	HMDB	HMDB0001934_21_shen	Nicotine	inchikey_connectivity_formula_mass	2	FALSE	TRUE	1.80000370164635e-09	4.50000925411587e-06
NICOTINE	17881	HMDB	HMDB0001934_22_shen	Nicotine	inchikey_connectivity_formula_mass	2	FALSE	TRUE	1.80000370164635e-09	4.50000925411587e-06
NICOTINE	17882	HMDB	HMDB0001934_23_shen	Nicotine	inchikey_connectivity_formula_mass	2	FALSE	TRUE	1.80000370164635e-09	4.50000925411587e-06
NICOTINE	17883	HMDB	HMDB0001934_24_shen	Nicotine	inchikey_connectivity_formula_mass	2	FALSE	TRUE	1.80000370164635e-09	4.50000925411587e-06
NICOTINE	17884	HMDB	HMDB0001934_25_shen	Nicotine	inchikey_connectivity_formula_mass	2	FALSE	TRUE	1.80000370164635e-09	4.50000925411587e-06
NICOTINE	17885	HMDB	HMDB0001934_26_shen	Nicotine	inchikey_connectivity_formula_mass	2	FALSE	TRUE	1.80000370164635e-09	4.50000925411587e-06
NICOTINE	17886	HMDB	HMDB0001934_27_shen	Nicotine	inchikey_connectivity_formula_mass	2	FALSE	TRUE	1.80000370164635e-09	4.50000925411587e-06
NICOTINE	17887	HMDB	HMDB0001934_28_shen	Nicotine	inchikey_connectivity_formula_mass	2	FALSE	TRUE	1.80000370164635e-09	4.50000925411587e-06
NICOTINE	17888	HMDB	HMDB0001934_29_shen	Nicotine	inchikey_connectivity_formula_mass	2	FALSE	TRUE	1.80000370164635e-09	4.50000925411587e-06
NICOTINE	17889	HMDB	HMDB0001934_30_shen	Nicotine	inchikey_connectivity_formula_mass	2	FALSE	TRUE	1.80000370164635e-09	4.50000925411587e-06
NICOTINE	17890	HMDB	HMDB0001934_31_shen	Nicotine	inchikey_connectivity_formula_mass	2	FALSE	TRUE	1.80000370164635e-09	4.50000925411587e-06
NICOTINE	17891	HMDB	HMDB0001934_32_shen	Nicotine	inchikey_connectivity_formula_mass	2	FALSE	TRUE	1.80000370164635e-09	4.50000925411587e-06
NICOTINE	17892	HMDB	HMDB0001934_33_shen	Nicotine	inchikey_connectivity_formula_mass	2	FALSE	TRUE	1.80000370164635e-09	4.50000925411587e-06
NICOTINE	17893	HMDB	HMDB0001934_34_shen	Nicotine	inchikey_connectivity_formula_mass	2	FALSE	TRUE	1.80000370164635e-09	4.50000925411587e-06
NICOTINE	17894	HMDB	HMDB0001934_35_shen	Nicotine	inchikey_connectivity_formula_mass	2	FALSE	TRUE	1.80000370164635e-09	4.50000925411587e-06
NICOTINE	17895	HMDB	HMDB0001934_36_shen	Nicotine	inchikey_connectivity_formula_mass	2	FALSE	TRUE	1.80000370164635e-09	4.50000925411587e-06
NICOTINE	17896	HMDB	HMDB0001934_37_shen	Nicotine	inchikey_connectivity_formula_mass	2	FALSE	TRUE	1.80000370164635e-09	4.50000925411587e-06
NICOTINE	17897	HMDB	HMDB0001934_38_shen	Nicotine	inchikey_connectivity_formula_mass	2	FALSE	TRUE	1.80000370164635e-09	4.50000925411587e-06
NICOTINE	17898	HMDB	HMDB0001934_39_shen	Nicotine	inchikey_connectivity_formula_mass	2	FALSE	TRUE	1.80000370164635e-09	4.50000925411587e-06
NICOTINE	17899	HMDB	HMDB0001934_40_shen	Nicotine	inchikey_connectivity_formula_mass	2	FALSE	TRUE	1.80000370164635e-09	4.50000925411587e-06
NICOTINE	17900	HMDB	HMDB0001934_41_shen	Nicotine	inchikey_connectivity_formula_mass	2	FALSE	TRUE	1.80000370164635e-09	4.50000925411587e-06
NICOTINE	17901	HMDB	HMDB0001934_42_shen	Nicotine	inchikey_connectivity_formula_mass	2	FALSE	TRUE	1.80000370164635e-09	4.50000925411587e-06
NICOTINE	17902	HMDB	HMDB0001934_43_shen	Nicotine	inchikey_connectivity_formula_mass	2	FALSE	TRUE	1.80000370164635e-09	4.50000925411587e-06
NICOTINE	17903	HMDB	HMDB0001934_44_shen	Nicotine	inchikey_connectivity_formula_mass	2	FALSE	TRUE	1.80000370164635e-09	4.50000925411587e-06
NICOTINE	17904	HMDB	HMDB0001934_45_shen	Nicotine	inchikey_connectivity_formula_mass	2	FALSE	TRUE	1.80000370164635e-09	4.50000925411587e-06
NICOTINE	17905	HMDB	HMDB0001934_46_shen	Nicotine	inchikey_connectivity_formula_mass	2	FALSE	TRUE	1.80000370164635e-09	4.50000925411587e-06
NICOTINE	17906	HMDB	HMDB0001934_47_shen	Nicotine	inchikey_connectivity_formula_mass	2	FALSE	TRUE	1.80000370164635e-09	4.50000925411587e-06
NICOTINE	17907	HMDB	HMDB0001934_48_shen	Nicotine	inchikey_connectivity_formula_mass	2	FALSE	TRUE	1.80000370164635e-09	4.50000925411587e-06
NICOTINE	17908	HMDB	HMDB0001934_49_shen	Nicotine	inchikey_connectivity_formula_mass	2	FALSE	TRUE	1.80000370164635e-09	4.50000925411587e-06
NICOTINE	17909	HMDB	HMDB0001934_50_shen	Nicotine	inchikey_connectivity_formula_mass	2	FALSE	TRUE	1.80000370164635e-09	4.50000925411587e-06
NICOTINE	17910	HMDB	HMDB0001934_51_shen	Nicotine	inchikey_connectivity_formula_mass	2	FALSE	TRUE	1.80000370164635e-09	4.50000925411587e-06
NICOTINE	17911	HMDB	HMDB0001934_52_shen	Nicotine	inchikey_connectivity_formula_mass	2	FALSE	TRUE	1.80000370164635e-09	4.50000925411587e-06
NICOTINE	17912	HMDB	HMDB0001934_53_shen	Nicotine	inchikey_connectivity_formula_mass	2	FALSE	TRUE	1.80000370164635e-09	4.50000925411587e-06
NICOTINE	17913	HMDB	HMDB0001934_54_shen	Nicotine	inchikey_connectivity_formula_mass	2	FALSE	TRUE	1.80000370164635e-09	4.50000925411587e-06
NICOTINE	17914	HMDB	HMDB0001934_55_shen	Nicotine	inchikey_connectivity_formula_mass	2	FALSE	TRUE	1.80000370164635e-09	4.50000925411587e-06
NICOTINE	17915	HMDB	HMDB0001934_56_shen	Nicotine	inchikey_connectivity_formula_mass	2	FALSE	TRUE	1.80000370164635e-09	4.50000925411587e-06
NICOTINE	17916	HMDB	HMDB0001934_57_shen	Nicotine	inchikey_connectivity_formula_mass	2	FALSE	TRUE	1.80000370164635e-09	4.50000925411587e-06
NICOTINE	17917	HMDB	HMDB0001934_58_shen	Nicotine	inchikey_connectivity_formula_mass	2	FALSE	TRUE	1.80000370164635e-09	4.50000925411587e-06
NICOTINE	17918	HMDB	HMDB0001934_59_shen	Nicotine	inchikey_connectivity_formula_mass	2	FALSE	TRUE	1.80000370164635e-09	4.50000925411587e-06
NICOTINE	17919	HMDB	HMDB0001934_60_shen	Nicotine	inchikey_connectivity_formula_mass	2	FALSE	TRUE	1.80000370164635e-09	4.50000925411587e-06
NICOTINE	17920	HMDB	HMDB0001934_61_shen	Nicotine	inchikey_connectivity_formula_mass	2	FALSE	TRUE	1.80000370164635e-09	4.50000925411587e-06
NICOTINE	17921	HMDB	HMDB0001934_62_shen	Nicotine	inchikey_connectivity_formula_mass	2	FALSE	TRUE	1.80000370164635e-09	4.50000925411587e-06
NICOTINE	17922	HMDB	HMDB0001934_63_shen	Nicotine	inchikey_connectivity_formula_mass	2	FALSE	TRUE	1.80000370164635e-09	4.50000925411587e-06
NICOTINE	17923	HMDB	HMDB0001934_64_shen	Nicotine	inchikey_connectivity_formula_mass	2	FALSE	TRUE	1.80000370164635e-09	4.50000925411587e-06
NICOTINE	17924	HMDB	HMDB0001934_65_shen	Nicotine	inchikey_connectivity_formula_mass	2	FALSE	TRUE	1.80000370164635e-09	4.50000925411587e-06
NICOTINE	17925	HMDB	HMDB0001934_66_shen	Nicotine	inchikey_connectivity_formula_mass	2	FALSE	TRUE	1.80000370164635e-09	4.50000925411587e-06
NICOTINE	17926	HMDB	HMDB0001934_67_shen	Nicotine	inchikey_connectivity_formula_mass	2	FALSE	TRUE	1.80000370164635e-09	4.50000925411587e-06
NICOTINE	17927	HMDB	HMDB0001934_68_shen	Nicotine	inchikey_connectivity_formula_mass	2	FALSE	TRUE	1.80000370164635e-09	4.50000925411587e-06
NICOTINE	17928	HMDB	HMDB0001934_69_shen	Nicotine	inchikey_connectivity_formula_mass	2	FALSE	TRUE	1.80000370164635e-09	4.50000925411587e-06
NICOTINE	17929	HMDB	HMDB0001934_70_shen	Nicotine	inchikey_connectivity_formula_mass	2	FALSE	TRUE	1.80000370164635e-09	4.50000925411587e-06
NICOTINE	17930	HMDB	HMDB0001934_71_shen	Nicotine	inchikey_connectivity_formula_mass	2	FALSE	TRUE	1.80000370164635e-09	4.50000925411587e-06
NICOTINE	17931	HMDB	HMDB0001934_72_shen	Nicotine	inchikey_connectivity_formula_mass	2	FALSE	TRUE	1.80000370164635e-09	4.50000925411587e-06
NICOTINE	17932	HMDB	HMDB0001934_73_shen	Nicotine	inchikey_connectivity_formula_mass	2	FALSE	TRUE	1.80000370164635e-09	4.50000925411587e-06
NICOTINE	17933	HMDB	HMDB0001934_74_shen	Nicotine	inchikey_connectivity_formula_mass	2	FALSE	TRUE	1.80000370164635e-09	4.50000925411587e-06
NICOTINE	17934	HMDB	HMDB0001934_75_shen	Nicotine	inchikey_connectivity_formula_mass	2	FALSE	TRUE	1.80000370164635e-09	4.50000925411587e-06
NICOTINE	17935	HMDB	HMDB0001934_76_shen	Nicotine	inchikey_connectivity_formula_mass	2	FALSE	TRUE	1.80000370164635e-09	4.50000925411587e-06
NICOTINE	17936	HMDB	HMDB0001934_77_shen	Nicotine	inchikey_connectivity_formula_mass	2	FALSE	TRUE	1.80000370164635e-09	4.50000925411587e-06
NICOTINE	17937	HMDB	HMDB0001934_78_shen	Nicotine	inchikey_connectivity_formula_mass	2	FALSE	TRUE	1.80000370164635e-09	4.50000925411587e-06
NICOTINE	17938	HMDB	HMDB0001934_79_shen	Nicotine	inchikey_connectivity_formula_mass	2	FALSE	TRUE	1.80000370164635e-09	4.50000925411587e-06
NICOTINE	17939	HMDB	HMDB0001934_80_shen	Nicotine	inchikey_connectivity_formula_mass	2	FALSE	TRUE	1.80000370164635e-09	4.50000925411587e-06
CPD-676	18160	HMDB	HMDB0001964_1_shen	Caffeic acid	inchikey_connectivity_formula_mass	2	FALSE	TRUE	1.19999299386109e-09	2.99998248465272e-06
CPD-676	18161	HMDB	HMDB0001964_2_shen	Caffeic acid	inchikey_connectivity_formula_mass	2	FALSE	TRUE	1.19999299386109e-09	2.99998248465272e-06
CPD-676	18162	HMDB	HMDB0001964_3_shen	Caffeic acid	inchikey_connectivity_formula_mass	2	FALSE	TRUE	1.19999299386109e-09	2.99998248465272e-06
CPD-676	18163	HMDB	HMDB0001964_4_shen	Caffeic acid	inchikey_connectivity_formula_mass	2	FALSE	TRUE	1.19999299386109e-09	2.99998248465272e-06
CPD-676	18164	HMDB	HMDB0001964_5_shen	Caffeic acid	inchikey_connectivity_formula_mass	2	FALSE	TRUE	1.19999299386109e-09	2.99998248465272e-06
CPD-676	18165	HMDB	HMDB0001964_6_shen	Caffeic acid	inchikey_connectivity_formula_mass	2	FALSE	TRUE	1.19999299386109e-09	2.99998248465272e-06
CPD-676	18166	HMDB	HMDB0001964_7_shen	Caffeic acid	inchikey_connectivity_formula_mass	2	FALSE	TRUE	1.19999299386109e-09	2.99998248465272e-06
CPD-676	18167	HMDB	HMDB0001964_8_shen	Caffeic acid	inchikey_connectivity_formula_mass	2	FALSE	TRUE	1.19999299386109e-09	2.99998248465272e-06
CPD-676	18168	HMDB	HMDB0001964_9_shen	Caffeic acid	inchikey_connectivity_formula_mass	2	FALSE	TRUE	1.19999299386109e-09	2.99998248465272e-06
CPD-676	18169	HMDB	HMDB0001964_10_shen	Caffeic acid	inchikey_connectivity_formula_mass	2	FALSE	TRUE	1.19999299386109e-09	2.99998248465272e-06
CPD-676	18170	HMDB	HMDB0001964_11_shen	Caffeic acid	inchikey_connectivity_formula_mass	2	FALSE	TRUE	1.19999299386109e-09	2.99998248465272e-06
CPD-676	18171	HMDB	HMDB0001964_12_shen	Caffeic acid	inchikey_connectivity_formula_mass	2	FALSE	TRUE	1.19999299386109e-09	2.99998248465272e-06
CPD-676	18172	HMDB	HMDB0001964_13_shen	Caffeic acid	inchikey_connectivity_formula_mass	2	FALSE	TRUE	1.19999299386109e-09	2.99998248465272e-06
CPD-676	18173	HMDB	HMDB0001964_14_shen	Caffeic acid	inchikey_connectivity_formula_mass	2	FALSE	TRUE	1.19999299386109e-09	2.99998248465272e-06
CPD-676	18174	HMDB	HMDB0001964_15_shen	Caffeic acid	inchikey_connectivity_formula_mass	2	FALSE	TRUE	1.19999299386109e-09	2.99998248465272e-06
CPD-676	18175	HMDB	HMDB0001964_16_shen	Caffeic acid	inchikey_connectivity_formula_mass	2	FALSE	TRUE	1.19999299386109e-09	2.99998248465272e-06
CPD-676	18176	HMDB	HMDB0001964_17_shen	Caffeic acid	inchikey_connectivity_formula_mass	2	FALSE	TRUE	1.19999299386109e-09	2.99998248465272e-06
CPD-676	18177	HMDB	HMDB0001964_18_shen	Caffeic acid	inchikey_connectivity_formula_mass	2	FALSE	TRUE	1.19999299386109e-09	2.99998248465272e-06
CPD-676	18178	HMDB	HMDB0001964_19_shen	Caffeic acid	inchikey_connectivity_formula_mass	2	FALSE	TRUE	1.19999299386109e-09	2.99998248465272e-06
CPD-676	18179	HMDB	HMDB0001964_20_shen	Caffeic acid	inchikey_connectivity_formula_mass	2	FALSE	TRUE	1.19999299386109e-09	2.99998248465272e-06
CPD-676	18180	HMDB	HMDB0001964_21_shen	Caffeic acid	inchikey_connectivity_formula_mass	2	FALSE	TRUE	1.19999299386109e-09	2.99998248465272e-06
CPD-676	18181	HMDB	HMDB0001964_22_shen	Caffeic acid	inchikey_connectivity_formula_mass	2	FALSE	TRUE	1.19999299386109e-09	2.99998248465272e-06
CPD-676	18182	HMDB	HMDB0001964_23_shen	Caffeic acid	inchikey_connectivity_formula_mass	2	FALSE	TRUE	1.19999299386109e-09	2.99998248465272e-06
CPD-676	18183	HMDB	HMDB0001964_24_shen	Caffeic acid	inchikey_connectivity_formula_mass	2	FALSE	TRUE	1.19999299386109e-09	2.99998248465272e-06
CPD-676	18184	HMDB	HMDB0001964_25_shen	Caffeic acid	inchikey_connectivity_formula_mass	2	FALSE	TRUE	1.19999299386109e-09	2.99998248465272e-06
CPD-676	18185	HMDB	HMDB0001964_26_shen	Caffeic acid	inchikey_connectivity_formula_mass	2	FALSE	TRUE	1.19999299386109e-09	2.99998248465272e-06
CPD-676	18186	HMDB	HMDB0001964_27_shen	Caffeic acid	inchikey_connectivity_formula_mass	2	FALSE	TRUE	1.19999299386109e-09	2.99998248465272e-06
CPD-676	18187	HMDB	HMDB0001964_28_shen	Caffeic acid	inchikey_connectivity_formula_mass	2	FALSE	TRUE	1.19999299386109e-09	2.99998248465272e-06
CPD-676	18188	HMDB	HMDB0001964_29_shen	Caffeic acid	inchikey_connectivity_formula_mass	2	FALSE	TRUE	1.19999299386109e-09	2.99998248465272e-06
CPD-676	18189	HMDB	HMDB0001964_30_shen	Caffeic acid	inchikey_connectivity_formula_mass	2	FALSE	TRUE	1.19999299386109e-09	2.99998248465272e-06
CPD-676	18190	HMDB	HMDB0001964_31_shen	Caffeic acid	inchikey_connectivity_formula_mass	2	FALSE	TRUE	1.19999299386109e-09	2.99998248465272e-06
CH33ADO	18246	HMDB	HMDB0001983_1_shen	5'-Deoxyadenosine	inchikey	1	TRUE	TRUE	2.59998955698393e-09	6.49997389245982e-06
CH33ADO	18247	HMDB	HMDB0001983_2_shen	5'-Deoxyadenosine	inchikey	1	TRUE	TRUE	2.59998955698393e-09	6.49997389245982e-06
CH33ADO	18248	HMDB	HMDB0001983_3_shen	5'-Deoxyadenosine	inchikey	1	TRUE	TRUE	2.59998955698393e-09	6.49997389245982e-06
CH33ADO	18249	HMDB	HMDB0001983_4_shen	5'-Deoxyadenosine	inchikey	1	TRUE	TRUE	2.59998955698393e-09	6.49997389245982e-06
CH33ADO	18250	HMDB	HMDB0001983_5_shen	5'-Deoxyadenosine	inchikey	1	TRUE	TRUE	2.59998955698393e-09	6.49997389245982e-06
CH33ADO	18251	HMDB	HMDB0001983_6_shen	5'-Deoxyadenosine	inchikey	1	TRUE	TRUE	2.59998955698393e-09	6.49997389245982e-06
CH33ADO	18252	HMDB	HMDB0001983_7_shen	5'-Deoxyadenosine	inchikey	1	TRUE	TRUE	2.59998955698393e-09	6.49997389245982e-06
CH33ADO	18253	HMDB	HMDB0001983_8_shen	5'-Deoxyadenosine	inchikey	1	TRUE	TRUE	2.59998955698393e-09	6.49997389245982e-06
CH33ADO	18254	HMDB	HMDB0001983_9_shen	5'-Deoxyadenosine	inchikey	1	TRUE	TRUE	2.59998955698393e-09	6.49997389245982e-06
CH33ADO	18255	HMDB	HMDB0001983_10_shen	5'-Deoxyadenosine	inchikey	1	TRUE	TRUE	2.59998955698393e-09	6.49997389245982e-06
CH33ADO	18256	HMDB	HMDB0001983_11_shen	5'-Deoxyadenosine	inchikey	1	TRUE	TRUE	2.59998955698393e-09	6.49997389245982e-06
CH33ADO	18257	HMDB	HMDB0001983_12_shen	5'-Deoxyadenosine	inchikey	1	TRUE	TRUE	2.59998955698393e-09	6.49997389245982e-06
CH33ADO	18258	HMDB	HMDB0001983_13_shen	5'-Deoxyadenosine	inchikey	1	TRUE	TRUE	2.59998955698393e-09	6.49997389245982e-06
CH33ADO	18259	HMDB	HMDB0001983_14_shen	5'-Deoxyadenosine	inchikey	1	TRUE	TRUE	2.59998955698393e-09	6.49997389245982e-06
CH33ADO	18260	HMDB	HMDB0001983_15_shen	5'-Deoxyadenosine	inchikey	1	TRUE	TRUE	2.59998955698393e-09	6.49997389245982e-06
CH33ADO	18261	HMDB	HMDB0001983_16_shen	5'-Deoxyadenosine	inchikey	1	TRUE	TRUE	2.59998955698393e-09	6.49997389245982e-06
CH33ADO	18262	HMDB	HMDB0001983_17_shen	5'-Deoxyadenosine	inchikey	1	TRUE	TRUE	2.59998955698393e-09	6.49997389245982e-06
CH33ADO	18263	HMDB	HMDB0001983_18_shen	5'-Deoxyadenosine	inchikey	1	TRUE	TRUE	2.59998955698393e-09	6.49997389245982e-06
CH33ADO	18264	HMDB	HMDB0001983_19_shen	5'-Deoxyadenosine	inchikey	1	TRUE	TRUE	2.59998955698393e-09	6.49997389245982e-06
CH33ADO	18265	HMDB	HMDB0001983_20_shen	5'-Deoxyadenosine	inchikey	1	TRUE	TRUE	2.59998955698393e-09	6.49997389245982e-06
CH33ADO	18266	HMDB	HMDB0001983_21_shen	5'-Deoxyadenosine	inchikey	1	TRUE	TRUE	2.59998955698393e-09	6.49997389245982e-06
CH33ADO	18267	HMDB	HMDB0001983_22_shen	5'-Deoxyadenosine	inchikey	1	TRUE	TRUE	2.59998955698393e-09	6.49997389245982e-06
CH33ADO	18268	HMDB	HMDB0001983_23_shen	5'-Deoxyadenosine	inchikey	1	TRUE	TRUE	2.59998955698393e-09	6.49997389245982e-06
7-METHYLXANTHINE	18308	HMDB	HMDB0001991_1_shen	7-Methylxanthine	inchikey	1	TRUE	TRUE	1.60000013238459e-09	4.00000033096148e-06
7-METHYLXANTHINE	18309	HMDB	HMDB0001991_2_shen	7-Methylxanthine	inchikey	1	TRUE	TRUE	1.60000013238459e-09	4.00000033096148e-06
7-METHYLXANTHINE	18310	HMDB	HMDB0001991_3_shen	7-Methylxanthine	inchikey	1	TRUE	TRUE	1.60000013238459e-09	4.00000033096148e-06
7-METHYLXANTHINE	18311	HMDB	HMDB0001991_4_shen	7-Methylxanthine	inchikey	1	TRUE	TRUE	1.60000013238459e-09	4.00000033096148e-06
7-METHYLXANTHINE	18312	HMDB	HMDB0001991_5_shen	7-Methylxanthine	inchikey	1	TRUE	TRUE	1.60000013238459e-09	4.00000033096148e-06
7-METHYLXANTHINE	18313	HMDB	HMDB0001991_6_shen	7-Methylxanthine	inchikey	1	TRUE	TRUE	1.60000013238459e-09	4.00000033096148e-06
7-METHYLXANTHINE	18314	HMDB	HMDB0001991_7_shen	7-Methylxanthine	inchikey	1	TRUE	TRUE	1.60000013238459e-09	4.00000033096148e-06
7-METHYLXANTHINE	18315	HMDB	HMDB0001991_8_shen	7-Methylxanthine	inchikey	1	TRUE	TRUE	1.60000013238459e-09	4.00000033096148e-06
7-METHYLXANTHINE	18316	HMDB	HMDB0001991_9_shen	7-Methylxanthine	inchikey	1	TRUE	TRUE	1.60000013238459e-09	4.00000033096148e-06
7-METHYLXANTHINE	18317	HMDB	HMDB0001991_10_shen	7-Methylxanthine	inchikey	1	TRUE	TRUE	1.60000013238459e-09	4.00000033096148e-06
7-METHYLXANTHINE	18318	HMDB	HMDB0001991_11_shen	7-Methylxanthine	inchikey	1	TRUE	TRUE	1.60000013238459e-09	4.00000033096148e-06
7-METHYLXANTHINE	18319	HMDB	HMDB0001991_12_shen	7-Methylxanthine	inchikey	1	TRUE	TRUE	1.60000013238459e-09	4.00000033096148e-06
7-METHYLXANTHINE	18320	HMDB	HMDB0001991_13_shen	7-Methylxanthine	inchikey	1	TRUE	TRUE	1.60000013238459e-09	4.00000033096148e-06
7-METHYLXANTHINE	18321	HMDB	HMDB0001991_14_shen	7-Methylxanthine	inchikey	1	TRUE	TRUE	1.60000013238459e-09	4.00000033096148e-06
7-METHYLXANTHINE	18322	HMDB	HMDB0001991_15_shen	7-Methylxanthine	inchikey	1	TRUE	TRUE	1.60000013238459e-09	4.00000033096148e-06
7-METHYLXANTHINE	18323	HMDB	HMDB0001991_16_shen	7-Methylxanthine	inchikey	1	TRUE	TRUE	1.60000013238459e-09	4.00000033096148e-06
7-METHYLXANTHINE	18324	HMDB	HMDB0001991_17_shen	7-Methylxanthine	inchikey	1	TRUE	TRUE	1.60000013238459e-09	4.00000033096148e-06
7-METHYLXANTHINE	18325	HMDB	HMDB0001991_18_shen	7-Methylxanthine	inchikey	1	TRUE	TRUE	1.60000013238459e-09	4.00000033096148e-06
7-METHYLXANTHINE	18326	HMDB	HMDB0001991_19_shen	7-Methylxanthine	inchikey	1	TRUE	TRUE	1.60000013238459e-09	4.00000033096148e-06
7-METHYLXANTHINE	18327	HMDB	HMDB0001991_20_shen	7-Methylxanthine	inchikey	1	TRUE	TRUE	1.60000013238459e-09	4.00000033096148e-06
7-METHYLXANTHINE	18328	HMDB	HMDB0001991_21_shen	7-Methylxanthine	inchikey	1	TRUE	TRUE	1.60000013238459e-09	4.00000033096148e-06
7-METHYLXANTHINE	18329	HMDB	HMDB0001991_22_shen	7-Methylxanthine	inchikey	1	TRUE	TRUE	1.60000013238459e-09	4.00000033096148e-06
7-METHYLXANTHINE	18330	HMDB	HMDB0001991_23_shen	7-Methylxanthine	inchikey	1	TRUE	TRUE	1.60000013238459e-09	4.00000033096148e-06
7-METHYLXANTHINE	18331	HMDB	HMDB0001991_24_shen	7-Methylxanthine	inchikey	1	TRUE	TRUE	1.60000013238459e-09	4.00000033096148e-06
7-METHYLXANTHINE	18332	HMDB	HMDB0001991_25_shen	7-Methylxanthine	inchikey	1	TRUE	TRUE	1.60000013238459e-09	4.00000033096148e-06
7-METHYLXANTHINE	18333	HMDB	HMDB0001991_26_shen	7-Methylxanthine	inchikey	1	TRUE	TRUE	1.60000013238459e-09	4.00000033096148e-06
7-METHYLXANTHINE	18334	HMDB	HMDB0001991_27_shen	7-Methylxanthine	inchikey	1	TRUE	TRUE	1.60000013238459e-09	4.00000033096148e-06
7-METHYLXANTHINE	18335	HMDB	HMDB0001991_28_shen	7-Methylxanthine	inchikey	1	TRUE	TRUE	1.60000013238459e-09	4.00000033096148e-06
7-METHYLXANTHINE	18336	HMDB	HMDB0001991_29_shen	7-Methylxanthine	inchikey	1	TRUE	TRUE	1.60000013238459e-09	4.00000033096148e-06
7-METHYLXANTHINE	18337	HMDB	HMDB0001991_30_shen	7-Methylxanthine	inchikey	1	TRUE	TRUE	1.60000013238459e-09	4.00000033096148e-06
7-METHYLXANTHINE	18338	HMDB	HMDB0001991_31_shen	7-Methylxanthine	inchikey	1	TRUE	TRUE	1.60000013238459e-09	4.00000033096148e-06
7-METHYLXANTHINE	18339	HMDB	HMDB0001991_32_shen	7-Methylxanthine	inchikey	1	TRUE	TRUE	1.60000013238459e-09	4.00000033096148e-06
7-METHYLXANTHINE	18340	HMDB	HMDB0001991_33_shen	7-Methylxanthine	inchikey	1	TRUE	TRUE	1.60000013238459e-09	4.00000033096148e-06
7-METHYLXANTHINE	18341	HMDB	HMDB0001991_34_shen	7-Methylxanthine	inchikey	1	TRUE	TRUE	1.60000013238459e-09	4.00000033096148e-06
7-METHYLXANTHINE	18342	HMDB	HMDB0001991_35_shen	7-Methylxanthine	inchikey	1	TRUE	TRUE	1.60000013238459e-09	4.00000033096148e-06
7-METHYLXANTHINE	18343	HMDB	HMDB0001991_36_shen	7-Methylxanthine	inchikey	1	TRUE	TRUE	1.60000013238459e-09	4.00000033096148e-06
7-METHYLXANTHINE	18344	HMDB	HMDB0001991_37_shen	7-Methylxanthine	inchikey	1	TRUE	TRUE	1.60000013238459e-09	4.00000033096148e-06
7-METHYLXANTHINE	18345	HMDB	HMDB0001991_38_shen	7-Methylxanthine	inchikey	1	TRUE	TRUE	1.60000013238459e-09	4.00000033096148e-06
7-METHYLXANTHINE	18346	HMDB	HMDB0001991_39_shen	7-Methylxanthine	inchikey	1	TRUE	TRUE	1.60000013238459e-09	4.00000033096148e-06
7-METHYLXANTHINE	18347	HMDB	HMDB0001991_40_shen	7-Methylxanthine	inchikey	1	TRUE	TRUE	1.60000013238459e-09	4.00000033096148e-06
7-METHYLXANTHINE	18348	HMDB	HMDB0001991_41_shen	7-Methylxanthine	inchikey	1	TRUE	TRUE	1.60000013238459e-09	4.00000033096148e-06
7-METHYLXANTHINE	18349	HMDB	HMDB0001991_42_shen	7-Methylxanthine	inchikey	1	TRUE	TRUE	1.60000013238459e-09	4.00000033096148e-06
7-METHYLXANTHINE	18350	HMDB	HMDB0001991_43_shen	7-Methylxanthine	inchikey	1	TRUE	TRUE	1.60000013238459e-09	4.00000033096148e-06
7-METHYLXANTHINE	18351	HMDB	HMDB0001991_44_shen	7-Methylxanthine	inchikey	1	TRUE	TRUE	1.60000013238459e-09	4.00000033096148e-06
7-METHYLXANTHINE	18352	HMDB	HMDB0001991_45_shen	7-Methylxanthine	inchikey	1	TRUE	TRUE	1.60000013238459e-09	4.00000033096148e-06
7-METHYLXANTHINE	18353	HMDB	HMDB0001991_46_shen	7-Methylxanthine	inchikey	1	TRUE	TRUE	1.60000013238459e-09	4.00000033096148e-06
7-METHYLXANTHINE	18354	HMDB	HMDB0001991_47_shen	7-Methylxanthine	inchikey	1	TRUE	TRUE	1.60000013238459e-09	4.00000033096148e-06
7-METHYLXANTHINE	18355	HMDB	HMDB0001991_48_shen	7-Methylxanthine	inchikey	1	TRUE	TRUE	1.60000013238459e-09	4.00000033096148e-06
7-METHYLXANTHINE	18356	HMDB	HMDB0001991_49_shen	7-Methylxanthine	inchikey	1	TRUE	TRUE	1.60000013238459e-09	4.00000033096148e-06
7-METHYLXANTHINE	18357	HMDB	HMDB0001991_50_shen	7-Methylxanthine	inchikey	1	TRUE	TRUE	1.60000013238459e-09	4.00000033096148e-06
7-METHYLXANTHINE	18358	HMDB	HMDB0001991_51_shen	7-Methylxanthine	inchikey	1	TRUE	TRUE	1.60000013238459e-09	4.00000033096148e-06
7-METHYLXANTHINE	18359	HMDB	HMDB0001991_52_shen	7-Methylxanthine	inchikey	1	TRUE	TRUE	1.60000013238459e-09	4.00000033096148e-06
7-METHYLXANTHINE	18360	HMDB	HMDB0001991_53_shen	7-Methylxanthine	inchikey	1	TRUE	TRUE	1.60000013238459e-09	4.00000033096148e-06
7-METHYLXANTHINE	18361	HMDB	HMDB0001991_54_shen	7-Methylxanthine	inchikey	1	TRUE	TRUE	1.60000013238459e-09	4.00000033096148e-06
7-METHYLXANTHINE	18362	HMDB	HMDB0001991_55_shen	7-Methylxanthine	inchikey	1	TRUE	TRUE	1.60000013238459e-09	4.00000033096148e-06
7-METHYLXANTHINE	18363	HMDB	HMDB0001991_56_shen	7-Methylxanthine	inchikey	1	TRUE	TRUE	1.60000013238459e-09	4.00000033096148e-06
7-METHYLXANTHINE	18364	HMDB	HMDB0001991_57_shen	7-Methylxanthine	inchikey	1	TRUE	TRUE	1.60000013238459e-09	4.00000033096148e-06
7-METHYLXANTHINE	18365	HMDB	HMDB0001991_58_shen	7-Methylxanthine	inchikey	1	TRUE	TRUE	1.60000013238459e-09	4.00000033096148e-06
7-METHYLXANTHINE	18366	HMDB	HMDB0001991_59_shen	7-Methylxanthine	inchikey	1	TRUE	TRUE	1.60000013238459e-09	4.00000033096148e-06
5Z8Z11Z14Z17Z-EICOSAPENTAENOATE	18367	HMDB	HMDB0001999_1_shen	Eicosapentaenoic acid	inchikey_connectivity_formula_mass	2	FALSE	TRUE	3.20000026476919e-09	8.00000066192297e-06
5Z8Z11Z14Z17Z-EICOSAPENTAENOATE	18368	HMDB	HMDB0001999_2_shen	Eicosapentaenoic acid	inchikey_connectivity_formula_mass	2	FALSE	TRUE	3.20000026476919e-09	8.00000066192297e-06
5Z8Z11Z14Z17Z-EICOSAPENTAENOATE	18369	HMDB	HMDB0001999_3_shen	Eicosapentaenoic acid	inchikey_connectivity_formula_mass	2	FALSE	TRUE	3.20000026476919e-09	8.00000066192297e-06
5Z8Z11Z14Z17Z-EICOSAPENTAENOATE	18370	HMDB	HMDB0001999_4_shen	Eicosapentaenoic acid	inchikey_connectivity_formula_mass	2	FALSE	TRUE	3.20000026476919e-09	8.00000066192297e-06
5Z8Z11Z14Z17Z-EICOSAPENTAENOATE	18371	HMDB	HMDB0001999_5_shen	Eicosapentaenoic acid	inchikey_connectivity_formula_mass	2	FALSE	TRUE	3.20000026476919e-09	8.00000066192297e-06
5Z8Z11Z14Z17Z-EICOSAPENTAENOATE	18372	HMDB	HMDB0001999_6_shen	Eicosapentaenoic acid	inchikey_connectivity_formula_mass	2	FALSE	TRUE	3.20000026476919e-09	8.00000066192297e-06
5Z8Z11Z14Z17Z-EICOSAPENTAENOATE	18373	HMDB	HMDB0001999_7_shen	Eicosapentaenoic acid	inchikey_connectivity_formula_mass	2	FALSE	TRUE	3.20000026476919e-09	8.00000066192297e-06
TETRACOSANOATE	18382	HMDB	HMDB0002003_1_shen	Tetracosanoic acid	inchikey_connectivity_formula_mass	2	FALSE	TRUE	5.00000396641553e-09	1.25000099160388e-05
TETRACOSANOATE	18383	HMDB	HMDB0002003_2_shen	Tetracosanoic acid	inchikey_connectivity_formula_mass	2	FALSE	TRUE	5.00000396641553e-09	1.25000099160388e-05
TETRACOSANOATE	18384	HMDB	HMDB0002003_3_shen	Tetracosanoic acid	inchikey_connectivity_formula_mass	2	FALSE	TRUE	5.00000396641553e-09	1.25000099160388e-05
TETRACOSANOATE	18385	HMDB	HMDB0002003_4_shen	Tetracosanoic acid	inchikey_connectivity_formula_mass	2	FALSE	TRUE	5.00000396641553e-09	1.25000099160388e-05
TETRACOSANOATE	18386	HMDB	HMDB0002003_5_shen	Tetracosanoic acid	inchikey_connectivity_formula_mass	2	FALSE	TRUE	5.00000396641553e-09	1.25000099160388e-05
TETRACOSANOATE	18387	HMDB	HMDB0002003_6_shen	Tetracosanoic acid	inchikey_connectivity_formula_mass	2	FALSE	TRUE	5.00000396641553e-09	1.25000099160388e-05
TETRACOSANOATE	18388	HMDB	HMDB0002003_7_shen	Tetracosanoic acid	inchikey_connectivity_formula_mass	2	FALSE	TRUE	5.00000396641553e-09	1.25000099160388e-05
TETRACOSANOATE	18389	HMDB	HMDB0002003_8_shen	Tetracosanoic acid	inchikey_connectivity_formula_mass	2	FALSE	TRUE	5.00000396641553e-09	1.25000099160388e-05
TETRACOSANOATE	18390	HMDB	HMDB0002003_9_shen	Tetracosanoic acid	inchikey_connectivity_formula_mass	2	FALSE	TRUE	5.00000396641553e-09	1.25000099160388e-05
TETRACOSANOATE	18391	HMDB	HMDB0002003_10_shen	Tetracosanoic acid	inchikey_connectivity_formula_mass	2	FALSE	TRUE	5.00000396641553e-09	1.25000099160388e-05
TETRACOSANOATE	18392	HMDB	HMDB0002003_11_shen	Tetracosanoic acid	inchikey_connectivity_formula_mass	2	FALSE	TRUE	5.00000396641553e-09	1.25000099160388e-05
TETRACOSANOATE	18393	HMDB	HMDB0002003_12_shen	Tetracosanoic acid	inchikey_connectivity_formula_mass	2	FALSE	TRUE	5.00000396641553e-09	1.25000099160388e-05
TETRACOSANOATE	18394	HMDB	HMDB0002003_13_shen	Tetracosanoic acid	inchikey_connectivity_formula_mass	2	FALSE	TRUE	5.00000396641553e-09	1.25000099160388e-05
TETRACOSANOATE	18395	HMDB	HMDB0002003_14_shen	Tetracosanoic acid	inchikey_connectivity_formula_mass	2	FALSE	TRUE	5.00000396641553e-09	1.25000099160388e-05
TETRACOSANOATE	18396	HMDB	HMDB0002003_15_shen	Tetracosanoic acid	inchikey_connectivity_formula_mass	2	FALSE	TRUE	5.00000396641553e-09	1.25000099160388e-05
TETRACOSANOATE	18397	HMDB	HMDB0002003_16_shen	Tetracosanoic acid	inchikey_connectivity_formula_mass	2	FALSE	TRUE	5.00000396641553e-09	1.25000099160388e-05
TETRACOSANOATE	18398	HMDB	HMDB0002003_17_shen	Tetracosanoic acid	inchikey_connectivity_formula_mass	2	FALSE	TRUE	5.00000396641553e-09	1.25000099160388e-05
TETRACOSANOATE	18399	HMDB	HMDB0002003_18_shen	Tetracosanoic acid	inchikey_connectivity_formula_mass	2	FALSE	TRUE	5.00000396641553e-09	1.25000099160388e-05
TETRACOSANOATE	18400	HMDB	HMDB0002003_19_shen	Tetracosanoic acid	inchikey_connectivity_formula_mass	2	FALSE	TRUE	5.00000396641553e-09	1.25000099160388e-05
TETRACOSANOATE	18401	HMDB	HMDB0002003_20_shen	Tetracosanoic acid	inchikey_connectivity_formula_mass	2	FALSE	TRUE	5.00000396641553e-09	1.25000099160388e-05
L-Methionine-sulfoxides	18417	HMDB	HMDB0002005_1_shen	Methionine sulfoxide	inchikey	1	TRUE	TRUE	4.77399993314975e-07	0.00119349998328744
L-Methionine-sulfoxides	18418	HMDB	HMDB0002005_2_shen	Methionine sulfoxide	inchikey	1	TRUE	TRUE	4.77399993314975e-07	0.00119349998328744
L-Methionine-sulfoxides	18419	HMDB	HMDB0002005_3_shen	Methionine sulfoxide	inchikey	1	TRUE	TRUE	4.77399993314975e-07	0.00119349998328744
L-Methionine-sulfoxides	18420	HMDB	HMDB0002005_4_shen	Methionine sulfoxide	inchikey	1	TRUE	TRUE	4.77399993314975e-07	0.00119349998328744
L-Methionine-sulfoxides	18421	HMDB	HMDB0002005_5_shen	Methionine sulfoxide	inchikey	1	TRUE	TRUE	4.77399993314975e-07	0.00119349998328744
23-Diaminopropanoate	18422	HMDB	HMDB0002006_1_shen	2,3-Diaminopropionic acid	name_formula_mass	4	FALSE	TRUE	1.39999656312284e-09	3.4999914078071e-06
23-Diaminopropanoate	18423	HMDB	HMDB0002006_2_shen	2,3-Diaminopropionic acid	name_formula_mass	4	FALSE	TRUE	1.39999656312284e-09	3.4999914078071e-06
23-Diaminopropanoate	18424	HMDB	HMDB0002006_3_shen	2,3-Diaminopropionic acid	name_formula_mass	4	FALSE	TRUE	1.39999656312284e-09	3.4999914078071e-06
23-Diaminopropanoate	18425	HMDB	HMDB0002006_4_shen	2,3-Diaminopropionic acid	name_formula_mass	4	FALSE	TRUE	1.39999656312284e-09	3.4999914078071e-06
23-Diaminopropanoate	18426	HMDB	HMDB0002006_5_shen	2,3-Diaminopropionic acid	name_formula_mass	4	FALSE	TRUE	1.39999656312284e-09	3.4999914078071e-06
23-Diaminopropanoate	18427	HMDB	HMDB0002006_6_shen	2,3-Diaminopropionic acid	name_formula_mass	4	FALSE	TRUE	1.39999656312284e-09	3.4999914078071e-06
23-Diaminopropanoate	18428	HMDB	HMDB0002006_7_shen	2,3-Diaminopropionic acid	name_formula_mass	4	FALSE	TRUE	1.39999656312284e-09	3.4999914078071e-06
23-Diaminopropanoate	18429	HMDB	HMDB0002006_8_shen	2,3-Diaminopropionic acid	name_formula_mass	4	FALSE	TRUE	1.39999656312284e-09	3.4999914078071e-06
23-Diaminopropanoate	18430	HMDB	HMDB0002006_9_shen	2,3-Diaminopropionic acid	name_formula_mass	4	FALSE	TRUE	1.39999656312284e-09	3.4999914078071e-06
23-Diaminopropanoate	18431	HMDB	HMDB0002006_10_shen	2,3-Diaminopropionic acid	name_formula_mass	4	FALSE	TRUE	1.39999656312284e-09	3.4999914078071e-06
23-Diaminopropanoate	18432	HMDB	HMDB0002006_11_shen	2,3-Diaminopropionic acid	name_formula_mass	4	FALSE	TRUE	1.39999656312284e-09	3.4999914078071e-06
23-Diaminopropanoate	18433	HMDB	HMDB0002006_12_shen	2,3-Diaminopropionic acid	name_formula_mass	4	FALSE	TRUE	1.39999656312284e-09	3.4999914078071e-06
23-Diaminopropanoate	18434	HMDB	HMDB0002006_13_shen	2,3-Diaminopropionic acid	name_formula_mass	4	FALSE	TRUE	1.39999656312284e-09	3.4999914078071e-06
23-Diaminopropanoate	18435	HMDB	HMDB0002006_14_shen	2,3-Diaminopropionic acid	name_formula_mass	4	FALSE	TRUE	1.39999656312284e-09	3.4999914078071e-06
23-Diaminopropanoate	18436	HMDB	HMDB0002006_15_shen	2,3-Diaminopropionic acid	name_formula_mass	4	FALSE	TRUE	1.39999656312284e-09	3.4999914078071e-06
23-Diaminopropanoate	18437	HMDB	HMDB0002006_16_shen	2,3-Diaminopropionic acid	name_formula_mass	4	FALSE	TRUE	1.39999656312284e-09	3.4999914078071e-06
PHYTOL	18449	HMDB	HMDB0002019_1_shen	Phytol	inchikey	1	TRUE	TRUE	1.89999127542251e-09	4.74997818855627e-06
PHYTOL	18450	HMDB	HMDB0002019_2_shen	Phytol	inchikey	1	TRUE	TRUE	1.89999127542251e-09	4.74997818855627e-06
PHYTOL	18451	HMDB	HMDB0002019_3_shen	Phytol	inchikey	1	TRUE	TRUE	1.89999127542251e-09	4.74997818855627e-06
COUMARATE	18496	HMDB	HMDB0002035_1_shen	4-Hydroxycinnamic acid	inchikey_connectivity_formula_mass	2	FALSE	TRUE	1.10000542008493e-09	2.75001355021232e-06
COUMARATE	18497	HMDB	HMDB0002035_2_shen	4-Hydroxycinnamic acid	inchikey_connectivity_formula_mass	2	FALSE	TRUE	1.10000542008493e-09	2.75001355021232e-06
COUMARATE	18498	HMDB	HMDB0002035_3_shen	4-Hydroxycinnamic acid	inchikey_connectivity_formula_mass	2	FALSE	TRUE	1.10000542008493e-09	2.75001355021232e-06
COUMARATE	18499	HMDB	HMDB0002035_4_shen	4-Hydroxycinnamic acid	inchikey_connectivity_formula_mass	2	FALSE	TRUE	1.10000542008493e-09	2.75001355021232e-06
COUMARATE	18500	HMDB	HMDB0002035_5_shen	4-Hydroxycinnamic acid	inchikey_connectivity_formula_mass	2	FALSE	TRUE	1.10000542008493e-09	2.75001355021232e-06
COUMARATE	18501	HMDB	HMDB0002035_6_shen	4-Hydroxycinnamic acid	inchikey_connectivity_formula_mass	2	FALSE	TRUE	1.10000542008493e-09	2.75001355021232e-06
COUMARATE	18502	HMDB	HMDB0002035_7_shen	4-Hydroxycinnamic acid	inchikey_connectivity_formula_mass	2	FALSE	TRUE	1.10000542008493e-09	2.75001355021232e-06
COUMARATE	18503	HMDB	HMDB0002035_8_shen	4-Hydroxycinnamic acid	inchikey_connectivity_formula_mass	2	FALSE	TRUE	1.10000542008493e-09	2.75001355021232e-06
COUMARATE	18504	HMDB	HMDB0002035_9_shen	4-Hydroxycinnamic acid	inchikey_connectivity_formula_mass	2	FALSE	TRUE	1.10000542008493e-09	2.75001355021232e-06
COUMARATE	18505	HMDB	HMDB0002035_10_shen	4-Hydroxycinnamic acid	inchikey_connectivity_formula_mass	2	FALSE	TRUE	1.10000542008493e-09	2.75001355021232e-06
COUMARATE	18506	HMDB	HMDB0002035_11_shen	4-Hydroxycinnamic acid	inchikey_connectivity_formula_mass	2	FALSE	TRUE	1.10000542008493e-09	2.75001355021232e-06
COUMARATE	18507	HMDB	HMDB0002035_12_shen	4-Hydroxycinnamic acid	inchikey_connectivity_formula_mass	2	FALSE	TRUE	1.10000542008493e-09	2.75001355021232e-06
COUMARATE	18508	HMDB	HMDB0002035_13_shen	4-Hydroxycinnamic acid	inchikey_connectivity_formula_mass	2	FALSE	TRUE	1.10000542008493e-09	2.75001355021232e-06
COUMARATE	18509	HMDB	HMDB0002035_14_shen	4-Hydroxycinnamic acid	inchikey_connectivity_formula_mass	2	FALSE	TRUE	1.10000542008493e-09	2.75001355021232e-06
COUMARATE	18510	HMDB	HMDB0002035_15_shen	4-Hydroxycinnamic acid	inchikey_connectivity_formula_mass	2	FALSE	TRUE	1.10000542008493e-09	2.75001355021232e-06
COUMARATE	18511	HMDB	HMDB0002035_16_shen	4-Hydroxycinnamic acid	inchikey_connectivity_formula_mass	2	FALSE	TRUE	1.10000542008493e-09	2.75001355021232e-06
COUMARATE	18512	HMDB	HMDB0002035_17_shen	4-Hydroxycinnamic acid	inchikey_connectivity_formula_mass	2	FALSE	TRUE	1.10000542008493e-09	2.75001355021232e-06
COUMARATE	18513	HMDB	HMDB0002035_18_shen	4-Hydroxycinnamic acid	inchikey_connectivity_formula_mass	2	FALSE	TRUE	1.10000542008493e-09	2.75001355021232e-06
COUMARATE	18514	HMDB	HMDB0002035_19_shen	4-Hydroxycinnamic acid	inchikey_connectivity_formula_mass	2	FALSE	TRUE	1.10000542008493e-09	2.75001355021232e-06
COUMARATE	18515	HMDB	HMDB0002035_20_shen	4-Hydroxycinnamic acid	inchikey_connectivity_formula_mass	2	FALSE	TRUE	1.10000542008493e-09	2.75001355021232e-06
COUMARATE	18516	HMDB	HMDB0002035_21_shen	4-Hydroxycinnamic acid	inchikey_connectivity_formula_mass	2	FALSE	TRUE	1.10000542008493e-09	2.75001355021232e-06
COUMARATE	18517	HMDB	HMDB0002035_22_shen	4-Hydroxycinnamic acid	inchikey_connectivity_formula_mass	2	FALSE	TRUE	1.10000542008493e-09	2.75001355021232e-06
COUMARATE	18518	HMDB	HMDB0002035_23_shen	4-Hydroxycinnamic acid	inchikey_connectivity_formula_mass	2	FALSE	TRUE	1.10000542008493e-09	2.75001355021232e-06
COUMARATE	18519	HMDB	HMDB0002035_24_shen	4-Hydroxycinnamic acid	inchikey_connectivity_formula_mass	2	FALSE	TRUE	1.10000542008493e-09	2.75001355021232e-06
COUMARATE	18520	HMDB	HMDB0002035_25_shen	4-Hydroxycinnamic acid	inchikey_connectivity_formula_mass	2	FALSE	TRUE	1.10000542008493e-09	2.75001355021232e-06
COUMARATE	18521	HMDB	HMDB0002035_26_shen	4-Hydroxycinnamic acid	inchikey_connectivity_formula_mass	2	FALSE	TRUE	1.10000542008493e-09	2.75001355021232e-06
COUMARATE	18522	HMDB	HMDB0002035_27_shen	4-Hydroxycinnamic acid	inchikey_connectivity_formula_mass	2	FALSE	TRUE	1.10000542008493e-09	2.75001355021232e-06
COUMARATE	18523	HMDB	HMDB0002035_28_shen	4-Hydroxycinnamic acid	inchikey_connectivity_formula_mass	2	FALSE	TRUE	1.10000542008493e-09	2.75001355021232e-06
COUMARATE	18524	HMDB	HMDB0002035_29_shen	4-Hydroxycinnamic acid	inchikey_connectivity_formula_mass	2	FALSE	TRUE	1.10000542008493e-09	2.75001355021232e-06
COUMARATE	18525	HMDB	HMDB0002035_30_shen	4-Hydroxycinnamic acid	inchikey_connectivity_formula_mass	2	FALSE	TRUE	1.10000542008493e-09	2.75001355021232e-06
COUMARATE	18526	HMDB	HMDB0002035_31_shen	4-Hydroxycinnamic acid	inchikey_connectivity_formula_mass	2	FALSE	TRUE	1.10000542008493e-09	2.75001355021232e-06
COUMARATE	18527	HMDB	HMDB0002035_32_shen	4-Hydroxycinnamic acid	inchikey_connectivity_formula_mass	2	FALSE	TRUE	1.10000542008493e-09	2.75001355021232e-06
COUMARATE	18528	HMDB	HMDB0002035_33_shen	4-Hydroxycinnamic acid	inchikey_connectivity_formula_mass	2	FALSE	TRUE	1.10000542008493e-09	2.75001355021232e-06
COUMARATE	18529	HMDB	HMDB0002035_34_shen	4-Hydroxycinnamic acid	inchikey_connectivity_formula_mass	2	FALSE	TRUE	1.10000542008493e-09	2.75001355021232e-06
COUMARATE	18530	HMDB	HMDB0002035_35_shen	4-Hydroxycinnamic acid	inchikey_connectivity_formula_mass	2	FALSE	TRUE	1.10000542008493e-09	2.75001355021232e-06
COUMARATE	18531	HMDB	HMDB0002035_36_shen	4-Hydroxycinnamic acid	inchikey_connectivity_formula_mass	2	FALSE	TRUE	1.10000542008493e-09	2.75001355021232e-06
COUMARATE	18532	HMDB	HMDB0002035_37_shen	4-Hydroxycinnamic acid	inchikey_connectivity_formula_mass	2	FALSE	TRUE	1.10000542008493e-09	2.75001355021232e-06
COUMARATE	18533	HMDB	HMDB0002035_38_shen	4-Hydroxycinnamic acid	inchikey_connectivity_formula_mass	2	FALSE	TRUE	1.10000542008493e-09	2.75001355021232e-06
COUMARATE	18534	HMDB	HMDB0002035_39_shen	4-Hydroxycinnamic acid	inchikey_connectivity_formula_mass	2	FALSE	TRUE	1.10000542008493e-09	2.75001355021232e-06
COUMARATE	18535	HMDB	HMDB0002035_40_shen	4-Hydroxycinnamic acid	inchikey_connectivity_formula_mass	2	FALSE	TRUE	1.10000542008493e-09	2.75001355021232e-06
COUMARATE	18536	HMDB	HMDB0002035_41_shen	4-Hydroxycinnamic acid	inchikey_connectivity_formula_mass	2	FALSE	TRUE	1.10000542008493e-09	2.75001355021232e-06
COUMARATE	18537	HMDB	HMDB0002035_42_shen	4-Hydroxycinnamic acid	inchikey_connectivity_formula_mass	2	FALSE	TRUE	1.10000542008493e-09	2.75001355021232e-06
COUMARATE	18538	HMDB	HMDB0002035_43_shen	4-Hydroxycinnamic acid	inchikey_connectivity_formula_mass	2	FALSE	TRUE	1.10000542008493e-09	2.75001355021232e-06
COUMARATE	18539	HMDB	HMDB0002035_44_shen	4-Hydroxycinnamic acid	inchikey_connectivity_formula_mass	2	FALSE	TRUE	1.10000542008493e-09	2.75001355021232e-06
COUMARATE	18540	HMDB	HMDB0002035_45_shen	4-Hydroxycinnamic acid	inchikey_connectivity_formula_mass	2	FALSE	TRUE	1.10000542008493e-09	2.75001355021232e-06
COUMARATE	18541	HMDB	HMDB0002035_46_shen	4-Hydroxycinnamic acid	inchikey_connectivity_formula_mass	2	FALSE	TRUE	1.10000542008493e-09	2.75001355021232e-06
COUMARATE	18542	HMDB	HMDB0002035_47_shen	4-Hydroxycinnamic acid	inchikey_connectivity_formula_mass	2	FALSE	TRUE	1.10000542008493e-09	2.75001355021232e-06
COUMARATE	18543	HMDB	HMDB0002035_48_shen	4-Hydroxycinnamic acid	inchikey_connectivity_formula_mass	2	FALSE	TRUE	1.10000542008493e-09	2.75001355021232e-06
COUMARATE	18544	HMDB	HMDB0002035_49_shen	4-Hydroxycinnamic acid	inchikey_connectivity_formula_mass	2	FALSE	TRUE	1.10000542008493e-09	2.75001355021232e-06
COUMARATE	18545	HMDB	HMDB0002035_50_shen	4-Hydroxycinnamic acid	inchikey_connectivity_formula_mass	2	FALSE	TRUE	1.10000542008493e-09	2.75001355021232e-06
COUMARATE	18546	HMDB	HMDB0002035_51_shen	4-Hydroxycinnamic acid	inchikey_connectivity_formula_mass	2	FALSE	TRUE	1.10000542008493e-09	2.75001355021232e-06
COUMARATE	18547	HMDB	HMDB0002035_52_shen	4-Hydroxycinnamic acid	inchikey_connectivity_formula_mass	2	FALSE	TRUE	1.10000542008493e-09	2.75001355021232e-06
COUMARATE	18548	HMDB	HMDB0002035_53_shen	4-Hydroxycinnamic acid	inchikey_connectivity_formula_mass	2	FALSE	TRUE	1.10000542008493e-09	2.75001355021232e-06
COUMARATE	18549	HMDB	HMDB0002035_54_shen	4-Hydroxycinnamic acid	inchikey_connectivity_formula_mass	2	FALSE	TRUE	1.10000542008493e-09	2.75001355021232e-06
COUMARATE	18550	HMDB	HMDB0002035_55_shen	4-Hydroxycinnamic acid	inchikey_connectivity_formula_mass	2	FALSE	TRUE	1.10000542008493e-09	2.75001355021232e-06
CPD-19607	18564	HMDB	HMDB0002039_1_shen	2-Pyrrolidinone	inchikey	1	TRUE	TRUE	1.00000363545405e-09	2.50000908863512e-06
CPD-19607	18565	HMDB	HMDB0002039_2_shen	2-Pyrrolidinone	inchikey	1	TRUE	TRUE	1.00000363545405e-09	2.50000908863512e-06
CPD-19607	18566	HMDB	HMDB0002039_3_shen	2-Pyrrolidinone	inchikey	1	TRUE	TRUE	1.00000363545405e-09	2.50000908863512e-06
CPD-19607	18567	HMDB	HMDB0002039_4_shen	2-Pyrrolidinone	inchikey	1	TRUE	TRUE	1.00000363545405e-09	2.50000908863512e-06
CPD-19607	18568	HMDB	HMDB0002039_5_shen	2-Pyrrolidinone	inchikey	1	TRUE	TRUE	1.00000363545405e-09	2.50000908863512e-06
CPD-19607	18569	HMDB	HMDB0002039_6_shen	2-Pyrrolidinone	inchikey	1	TRUE	TRUE	1.00000363545405e-09	2.50000908863512e-06
CPD-19607	18570	HMDB	HMDB0002039_7_shen	2-Pyrrolidinone	inchikey	1	TRUE	TRUE	1.00000363545405e-09	2.50000908863512e-06
CPD-19607	18571	HMDB	HMDB0002039_8_shen	2-Pyrrolidinone	inchikey	1	TRUE	TRUE	1.00000363545405e-09	2.50000908863512e-06
CPD-19607	18572	HMDB	HMDB0002039_9_shen	2-Pyrrolidinone	inchikey	1	TRUE	TRUE	1.00000363545405e-09	2.50000908863512e-06
CPD-19607	18573	HMDB	HMDB0002039_10_shen	2-Pyrrolidinone	inchikey	1	TRUE	TRUE	1.00000363545405e-09	2.50000908863512e-06
CPD-11884	18574	HMDB	HMDB0002040_1_shen	4-Methoxycinnamic acid	inchikey_connectivity_formula_mass	2	FALSE	TRUE	1.29998056763725e-09	3.24995141909312e-06
CPD-11884	18575	HMDB	HMDB0002040_2_shen	4-Methoxycinnamic acid	inchikey_connectivity_formula_mass	2	FALSE	TRUE	1.29998056763725e-09	3.24995141909312e-06
CPD-11884	18576	HMDB	HMDB0002040_3_shen	4-Methoxycinnamic acid	inchikey_connectivity_formula_mass	2	FALSE	TRUE	1.29998056763725e-09	3.24995141909312e-06
CPD-11884	18577	HMDB	HMDB0002040_4_shen	4-Methoxycinnamic acid	inchikey_connectivity_formula_mass	2	FALSE	TRUE	1.29998056763725e-09	3.24995141909312e-06
CPD-11884	18578	HMDB	HMDB0002040_5_shen	4-Methoxycinnamic acid	inchikey_connectivity_formula_mass	2	FALSE	TRUE	1.29998056763725e-09	3.24995141909312e-06
CPD-11884	18579	HMDB	HMDB0002040_6_shen	4-Methoxycinnamic acid	inchikey_connectivity_formula_mass	2	FALSE	TRUE	1.29998056763725e-09	3.24995141909312e-06
CPD-11884	18580	HMDB	HMDB0002040_7_shen	4-Methoxycinnamic acid	inchikey_connectivity_formula_mass	2	FALSE	TRUE	1.29998056763725e-09	3.24995141909312e-06
CPD-11884	18581	HMDB	HMDB0002040_8_shen	4-Methoxycinnamic acid	inchikey_connectivity_formula_mass	2	FALSE	TRUE	1.29998056763725e-09	3.24995141909312e-06
CPD-11884	18582	HMDB	HMDB0002040_9_shen	4-Methoxycinnamic acid	inchikey_connectivity_formula_mass	2	FALSE	TRUE	1.29998056763725e-09	3.24995141909312e-06
CPD-11884	18583	HMDB	HMDB0002040_10_shen	4-Methoxycinnamic acid	inchikey_connectivity_formula_mass	2	FALSE	TRUE	1.29998056763725e-09	3.24995141909312e-06
CPD-11884	18584	HMDB	HMDB0002040_11_shen	4-Methoxycinnamic acid	inchikey_connectivity_formula_mass	2	FALSE	TRUE	1.29998056763725e-09	3.24995141909312e-06
CPD-11884	18585	HMDB	HMDB0002040_12_shen	4-Methoxycinnamic acid	inchikey_connectivity_formula_mass	2	FALSE	TRUE	1.29998056763725e-09	3.24995141909312e-06
CPD-11884	18586	HMDB	HMDB0002040_13_shen	4-Methoxycinnamic acid	inchikey_connectivity_formula_mass	2	FALSE	TRUE	1.29998056763725e-09	3.24995141909312e-06
CPD-11884	18587	HMDB	HMDB0002040_14_shen	4-Methoxycinnamic acid	inchikey_connectivity_formula_mass	2	FALSE	TRUE	1.29998056763725e-09	3.24995141909312e-06
CPD-11884	18588	HMDB	HMDB0002040_15_shen	4-Methoxycinnamic acid	inchikey_connectivity_formula_mass	2	FALSE	TRUE	1.29998056763725e-09	3.24995141909312e-06
CPD-11884	18589	HMDB	HMDB0002040_16_shen	4-Methoxycinnamic acid	inchikey_connectivity_formula_mass	2	FALSE	TRUE	1.29998056763725e-09	3.24995141909312e-06
CPD-11884	18590	HMDB	HMDB0002040_17_shen	4-Methoxycinnamic acid	inchikey_connectivity_formula_mass	2	FALSE	TRUE	1.29998056763725e-09	3.24995141909312e-06
CPD-11884	18591	HMDB	HMDB0002040_18_shen	4-Methoxycinnamic acid	inchikey_connectivity_formula_mass	2	FALSE	TRUE	1.29998056763725e-09	3.24995141909312e-06
CPD-11884	18592	HMDB	HMDB0002040_19_shen	4-Methoxycinnamic acid	inchikey_connectivity_formula_mass	2	FALSE	TRUE	1.29998056763725e-09	3.24995141909312e-06
CPD-12282	18618	HMDB	HMDB0002059_1_shen	12-Hydroxydodecanoic acid	inchikey_connectivity_formula_mass	2	FALSE	TRUE	2.70000555246952e-09	6.7500138811738e-06
CPD-12282	18619	HMDB	HMDB0002059_2_shen	12-Hydroxydodecanoic acid	inchikey_connectivity_formula_mass	2	FALSE	TRUE	2.70000555246952e-09	6.7500138811738e-06
CPD-12282	18620	HMDB	HMDB0002059_3_shen	12-Hydroxydodecanoic acid	inchikey_connectivity_formula_mass	2	FALSE	TRUE	2.70000555246952e-09	6.7500138811738e-06
CPD-12282	18621	HMDB	HMDB0002059_4_shen	12-Hydroxydodecanoic acid	inchikey_connectivity_formula_mass	2	FALSE	TRUE	2.70000555246952e-09	6.7500138811738e-06
CPD-12282	18622	HMDB	HMDB0002059_5_shen	12-Hydroxydodecanoic acid	inchikey_connectivity_formula_mass	2	FALSE	TRUE	2.70000555246952e-09	6.7500138811738e-06
CPD-12282	18623	HMDB	HMDB0002059_6_shen	12-Hydroxydodecanoic acid	inchikey_connectivity_formula_mass	2	FALSE	TRUE	2.70000555246952e-09	6.7500138811738e-06
CPD-12282	18624	HMDB	HMDB0002059_7_shen	12-Hydroxydodecanoic acid	inchikey_connectivity_formula_mass	2	FALSE	TRUE	2.70000555246952e-09	6.7500138811738e-06
CPD-10507	18775	HMDB	HMDB0002096_1_shen	3-Indolebutyric acid	inchikey_connectivity_formula_mass	2	FALSE	TRUE	1.70001612787019e-09	4.25004031967546e-06
CPD-10507	18776	HMDB	HMDB0002096_2_shen	3-Indolebutyric acid	inchikey_connectivity_formula_mass	2	FALSE	TRUE	1.70001612787019e-09	4.25004031967546e-06
CPD-10507	18777	HMDB	HMDB0002096_3_shen	3-Indolebutyric acid	inchikey_connectivity_formula_mass	2	FALSE	TRUE	1.70001612787019e-09	4.25004031967546e-06
CPD-10507	18778	HMDB	HMDB0002096_4_shen	3-Indolebutyric acid	inchikey_connectivity_formula_mass	2	FALSE	TRUE	1.70001612787019e-09	4.25004031967546e-06
CPD-10507	18779	HMDB	HMDB0002096_5_shen	3-Indolebutyric acid	inchikey_connectivity_formula_mass	2	FALSE	TRUE	1.70001612787019e-09	4.25004031967546e-06
CPD-10507	18780	HMDB	HMDB0002096_6_shen	3-Indolebutyric acid	inchikey_connectivity_formula_mass	2	FALSE	TRUE	1.70001612787019e-09	4.25004031967546e-06
CPD-10507	18781	HMDB	HMDB0002096_7_shen	3-Indolebutyric acid	inchikey_connectivity_formula_mass	2	FALSE	TRUE	1.70001612787019e-09	4.25004031967546e-06
CPD-10507	18782	HMDB	HMDB0002096_8_shen	3-Indolebutyric acid	inchikey_connectivity_formula_mass	2	FALSE	TRUE	1.70001612787019e-09	4.25004031967546e-06
CPD-10507	18783	HMDB	HMDB0002096_9_shen	3-Indolebutyric acid	inchikey_connectivity_formula_mass	2	FALSE	TRUE	1.70001612787019e-09	4.25004031967546e-06
CPD-10507	18784	HMDB	HMDB0002096_10_shen	3-Indolebutyric acid	inchikey_connectivity_formula_mass	2	FALSE	TRUE	1.70001612787019e-09	4.25004031967546e-06
CPD-10507	18785	HMDB	HMDB0002096_11_shen	3-Indolebutyric acid	inchikey_connectivity_formula_mass	2	FALSE	TRUE	1.70001612787019e-09	4.25004031967546e-06
CPD-10507	18786	HMDB	HMDB0002096_12_shen	3-Indolebutyric acid	inchikey_connectivity_formula_mass	2	FALSE	TRUE	1.70001612787019e-09	4.25004031967546e-06
CPD-10507	18787	HMDB	HMDB0002096_13_shen	3-Indolebutyric acid	inchikey_connectivity_formula_mass	2	FALSE	TRUE	1.70001612787019e-09	4.25004031967546e-06
CPD-10507	18788	HMDB	HMDB0002096_14_shen	3-Indolebutyric acid	inchikey_connectivity_formula_mass	2	FALSE	TRUE	1.70001612787019e-09	4.25004031967546e-06
CPD-10507	18789	HMDB	HMDB0002096_15_shen	3-Indolebutyric acid	inchikey_connectivity_formula_mass	2	FALSE	TRUE	1.70001612787019e-09	4.25004031967546e-06
CPD-10507	18790	HMDB	HMDB0002096_16_shen	3-Indolebutyric acid	inchikey_connectivity_formula_mass	2	FALSE	TRUE	1.70001612787019e-09	4.25004031967546e-06
CPD-10507	18791	HMDB	HMDB0002096_17_shen	3-Indolebutyric acid	inchikey_connectivity_formula_mass	2	FALSE	TRUE	1.70001612787019e-09	4.25004031967546e-06
CPD-10507	18792	HMDB	HMDB0002096_18_shen	3-Indolebutyric acid	inchikey_connectivity_formula_mass	2	FALSE	TRUE	1.70001612787019e-09	4.25004031967546e-06
CPD-10507	18793	HMDB	HMDB0002096_19_shen	3-Indolebutyric acid	inchikey_connectivity_formula_mass	2	FALSE	TRUE	1.70001612787019e-09	4.25004031967546e-06
CPD-10507	18794	HMDB	HMDB0002096_20_shen	3-Indolebutyric acid	inchikey_connectivity_formula_mass	2	FALSE	TRUE	1.70001612787019e-09	4.25004031967546e-06
CPD-10507	18795	HMDB	HMDB0002096_21_shen	3-Indolebutyric acid	inchikey_connectivity_formula_mass	2	FALSE	TRUE	1.70001612787019e-09	4.25004031967546e-06
CPD-10507	18796	HMDB	HMDB0002096_22_shen	3-Indolebutyric acid	inchikey_connectivity_formula_mass	2	FALSE	TRUE	1.70001612787019e-09	4.25004031967546e-06
CPD-10507	18797	HMDB	HMDB0002096_23_shen	3-Indolebutyric acid	inchikey_connectivity_formula_mass	2	FALSE	TRUE	1.70001612787019e-09	4.25004031967546e-06
CPD-10507	18798	HMDB	HMDB0002096_24_shen	3-Indolebutyric acid	inchikey_connectivity_formula_mass	2	FALSE	TRUE	1.70001612787019e-09	4.25004031967546e-06
CPD-10507	18799	HMDB	HMDB0002096_25_shen	3-Indolebutyric acid	inchikey_connectivity_formula_mass	2	FALSE	TRUE	1.70001612787019e-09	4.25004031967546e-06
CPD-10507	18800	HMDB	HMDB0002096_26_shen	3-Indolebutyric acid	inchikey_connectivity_formula_mass	2	FALSE	TRUE	1.70001612787019e-09	4.25004031967546e-06
CPD-10507	18801	HMDB	HMDB0002096_27_shen	3-Indolebutyric acid	inchikey_connectivity_formula_mass	2	FALSE	TRUE	1.70001612787019e-09	4.25004031967546e-06
CPD-10507	18802	HMDB	HMDB0002096_28_shen	3-Indolebutyric acid	inchikey_connectivity_formula_mass	2	FALSE	TRUE	1.70001612787019e-09	4.25004031967546e-06
CPD-10507	18803	HMDB	HMDB0002096_29_shen	3-Indolebutyric acid	inchikey_connectivity_formula_mass	2	FALSE	TRUE	1.70001612787019e-09	4.25004031967546e-06
CPD-10507	18804	HMDB	HMDB0002096_30_shen	3-Indolebutyric acid	inchikey_connectivity_formula_mass	2	FALSE	TRUE	1.70001612787019e-09	4.25004031967546e-06
CPD-10507	18805	HMDB	HMDB0002096_31_shen	3-Indolebutyric acid	inchikey_connectivity_formula_mass	2	FALSE	TRUE	1.70001612787019e-09	4.25004031967546e-06
CPD-10507	18806	HMDB	HMDB0002096_32_shen	3-Indolebutyric acid	inchikey_connectivity_formula_mass	2	FALSE	TRUE	1.70001612787019e-09	4.25004031967546e-06
CPD-10507	18807	HMDB	HMDB0002096_33_shen	3-Indolebutyric acid	inchikey_connectivity_formula_mass	2	FALSE	TRUE	1.70001612787019e-09	4.25004031967546e-06
CPD-10507	18808	HMDB	HMDB0002096_34_shen	3-Indolebutyric acid	inchikey_connectivity_formula_mass	2	FALSE	TRUE	1.70001612787019e-09	4.25004031967546e-06
CPD-10507	18809	HMDB	HMDB0002096_35_shen	3-Indolebutyric acid	inchikey_connectivity_formula_mass	2	FALSE	TRUE	1.70001612787019e-09	4.25004031967546e-06
CPD-10507	18810	HMDB	HMDB0002096_36_shen	3-Indolebutyric acid	inchikey_connectivity_formula_mass	2	FALSE	TRUE	1.70001612787019e-09	4.25004031967546e-06
CPD-10507	18811	HMDB	HMDB0002096_37_shen	3-Indolebutyric acid	inchikey_connectivity_formula_mass	2	FALSE	TRUE	1.70001612787019e-09	4.25004031967546e-06
CPD-10507	18812	HMDB	HMDB0002096_38_shen	3-Indolebutyric acid	inchikey_connectivity_formula_mass	2	FALSE	TRUE	1.70001612787019e-09	4.25004031967546e-06
CPD-10507	18813	HMDB	HMDB0002096_39_shen	3-Indolebutyric acid	inchikey_connectivity_formula_mass	2	FALSE	TRUE	1.70001612787019e-09	4.25004031967546e-06
CPD-10507	18814	HMDB	HMDB0002096_40_shen	3-Indolebutyric acid	inchikey_connectivity_formula_mass	2	FALSE	TRUE	1.70001612787019e-09	4.25004031967546e-06
CPD-10507	18815	HMDB	HMDB0002096_41_shen	3-Indolebutyric acid	inchikey_connectivity_formula_mass	2	FALSE	TRUE	1.70001612787019e-09	4.25004031967546e-06
CPD-10507	18816	HMDB	HMDB0002096_42_shen	3-Indolebutyric acid	inchikey_connectivity_formula_mass	2	FALSE	TRUE	1.70001612787019e-09	4.25004031967546e-06
CPD-10507	18817	HMDB	HMDB0002096_43_shen	3-Indolebutyric acid	inchikey_connectivity_formula_mass	2	FALSE	TRUE	1.70001612787019e-09	4.25004031967546e-06
CPD-10507	18818	HMDB	HMDB0002096_44_shen	3-Indolebutyric acid	inchikey_connectivity_formula_mass	2	FALSE	TRUE	1.70001612787019e-09	4.25004031967546e-06
CPD-10507	18819	HMDB	HMDB0002096_45_shen	3-Indolebutyric acid	inchikey_connectivity_formula_mass	2	FALSE	TRUE	1.70001612787019e-09	4.25004031967546e-06
CPD-10507	18820	HMDB	HMDB0002096_46_shen	3-Indolebutyric acid	inchikey_connectivity_formula_mass	2	FALSE	TRUE	1.70001612787019e-09	4.25004031967546e-06
CPD-10507	18821	HMDB	HMDB0002096_47_shen	3-Indolebutyric acid	inchikey_connectivity_formula_mass	2	FALSE	TRUE	1.70001612787019e-09	4.25004031967546e-06
CPD-10507	18822	HMDB	HMDB0002096_48_shen	3-Indolebutyric acid	inchikey_connectivity_formula_mass	2	FALSE	TRUE	1.70001612787019e-09	4.25004031967546e-06
CPD-10507	18823	HMDB	HMDB0002096_49_shen	3-Indolebutyric acid	inchikey_connectivity_formula_mass	2	FALSE	TRUE	1.70001612787019e-09	4.25004031967546e-06
PHTHALATE	18838	HMDB	HMDB0002107_1_shen	Phthalic acid	inchikey_connectivity_formula_mass	2	FALSE	TRUE	9.99989424599335e-10	2.49997356149834e-06
PHTHALATE	18839	HMDB	HMDB0002107_2_shen	Phthalic acid	inchikey_connectivity_formula_mass	2	FALSE	TRUE	9.99989424599335e-10	2.49997356149834e-06
PHTHALATE	18840	HMDB	HMDB0002107_3_shen	Phthalic acid	inchikey_connectivity_formula_mass	2	FALSE	TRUE	9.99989424599335e-10	2.49997356149834e-06
PHTHALATE	18841	HMDB	HMDB0002107_4_shen	Phthalic acid	inchikey_connectivity_formula_mass	2	FALSE	TRUE	9.99989424599335e-10	2.49997356149834e-06
PHTHALATE	18842	HMDB	HMDB0002107_5_shen	Phthalic acid	inchikey_connectivity_formula_mass	2	FALSE	TRUE	9.99989424599335e-10	2.49997356149834e-06
PHTHALATE	18843	HMDB	HMDB0002107_6_shen	Phthalic acid	inchikey_connectivity_formula_mass	2	FALSE	TRUE	9.99989424599335e-10	2.49997356149834e-06
PHTHALATE	18844	HMDB	HMDB0002107_7_shen	Phthalic acid	inchikey_connectivity_formula_mass	2	FALSE	TRUE	9.99989424599335e-10	2.49997356149834e-06
PHTHALATE	18845	HMDB	HMDB0002107_8_shen	Phthalic acid	inchikey_connectivity_formula_mass	2	FALSE	TRUE	9.99989424599335e-10	2.49997356149834e-06
PHTHALATE	18846	HMDB	HMDB0002107_9_shen	Phthalic acid	inchikey_connectivity_formula_mass	2	FALSE	TRUE	9.99989424599335e-10	2.49997356149834e-06
PHTHALATE	18847	HMDB	HMDB0002107_10_shen	Phthalic acid	inchikey_connectivity_formula_mass	2	FALSE	TRUE	9.99989424599335e-10	2.49997356149834e-06
PHTHALATE	18848	HMDB	HMDB0002107_11_shen	Phthalic acid	inchikey_connectivity_formula_mass	2	FALSE	TRUE	9.99989424599335e-10	2.49997356149834e-06
PHTHALATE	18849	HMDB	HMDB0002107_12_shen	Phthalic acid	inchikey_connectivity_formula_mass	2	FALSE	TRUE	9.99989424599335e-10	2.49997356149834e-06
PHTHALATE	18850	HMDB	HMDB0002107_13_shen	Phthalic acid	inchikey_connectivity_formula_mass	2	FALSE	TRUE	9.99989424599335e-10	2.49997356149834e-06
PHTHALATE	18851	HMDB	HMDB0002107_14_shen	Phthalic acid	inchikey_connectivity_formula_mass	2	FALSE	TRUE	9.99989424599335e-10	2.49997356149834e-06
PHTHALATE	18852	HMDB	HMDB0002107_15_shen	Phthalic acid	inchikey_connectivity_formula_mass	2	FALSE	TRUE	9.99989424599335e-10	2.49997356149834e-06
PHTHALATE	18853	HMDB	HMDB0002107_16_shen	Phthalic acid	inchikey_connectivity_formula_mass	2	FALSE	TRUE	9.99989424599335e-10	2.49997356149834e-06
PHTHALATE	18854	HMDB	HMDB0002107_17_shen	Phthalic acid	inchikey_connectivity_formula_mass	2	FALSE	TRUE	9.99989424599335e-10	2.49997356149834e-06
PHTHALATE	18855	HMDB	HMDB0002107_18_shen	Phthalic acid	inchikey_connectivity_formula_mass	2	FALSE	TRUE	9.99989424599335e-10	2.49997356149834e-06
PHTHALATE	18856	HMDB	HMDB0002107_19_shen	Phthalic acid	inchikey_connectivity_formula_mass	2	FALSE	TRUE	9.99989424599335e-10	2.49997356149834e-06
PHTHALATE	18857	HMDB	HMDB0002107_20_shen	Phthalic acid	inchikey_connectivity_formula_mass	2	FALSE	TRUE	9.99989424599335e-10	2.49997356149834e-06
PHTHALATE	18858	HMDB	HMDB0002107_21_shen	Phthalic acid	inchikey_connectivity_formula_mass	2	FALSE	TRUE	9.99989424599335e-10	2.49997356149834e-06
PHTHALATE	18859	HMDB	HMDB0002107_22_shen	Phthalic acid	inchikey_connectivity_formula_mass	2	FALSE	TRUE	9.99989424599335e-10	2.49997356149834e-06
PHTHALATE	18860	HMDB	HMDB0002107_23_shen	Phthalic acid	inchikey_connectivity_formula_mass	2	FALSE	TRUE	9.99989424599335e-10	2.49997356149834e-06
PHTHALATE	18861	HMDB	HMDB0002107_24_shen	Phthalic acid	inchikey_connectivity_formula_mass	2	FALSE	TRUE	9.99989424599335e-10	2.49997356149834e-06
CPD-12188	18864	HMDB	HMDB0002114_shen	Bisdemethoxycurcumin	name_formula_mass	4	TRUE	TRUE	2.00003569261753e-09	5.00008923154383e-06
CPD-12480	18875	HMDB	HMDB0002123_1_shen	1,3,7-Trimethyluric acid	inchikey	1	TRUE	TRUE	2.09999484468426e-09	5.24998711171065e-06
CPD-12480	18876	HMDB	HMDB0002123_2_shen	1,3,7-Trimethyluric acid	inchikey	1	TRUE	TRUE	2.09999484468426e-09	5.24998711171065e-06
CPD-12480	18877	HMDB	HMDB0002123_3_shen	1,3,7-Trimethyluric acid	inchikey	1	TRUE	TRUE	2.09999484468426e-09	5.24998711171065e-06
CPD-12480	18878	HMDB	HMDB0002123_4_shen	1,3,7-Trimethyluric acid	inchikey	1	TRUE	TRUE	2.09999484468426e-09	5.24998711171065e-06
CPD-12480	18879	HMDB	HMDB0002123_5_shen	1,3,7-Trimethyluric acid	inchikey	1	TRUE	TRUE	2.09999484468426e-09	5.24998711171065e-06
CPD-12480	18880	HMDB	HMDB0002123_6_shen	1,3,7-Trimethyluric acid	inchikey	1	TRUE	TRUE	2.09999484468426e-09	5.24998711171065e-06
CPD-12480	18881	HMDB	HMDB0002123_7_shen	1,3,7-Trimethyluric acid	inchikey	1	TRUE	TRUE	2.09999484468426e-09	5.24998711171065e-06
CPD-12480	18882	HMDB	HMDB0002123_8_shen	1,3,7-Trimethyluric acid	inchikey	1	TRUE	TRUE	2.09999484468426e-09	5.24998711171065e-06
CPD-12480	18883	HMDB	HMDB0002123_9_shen	1,3,7-Trimethyluric acid	inchikey	1	TRUE	TRUE	2.09999484468426e-09	5.24998711171065e-06
CPD-12480	18884	HMDB	HMDB0002123_10_shen	1,3,7-Trimethyluric acid	inchikey	1	TRUE	TRUE	2.09999484468426e-09	5.24998711171065e-06
CPD-12480	18885	HMDB	HMDB0002123_11_shen	1,3,7-Trimethyluric acid	inchikey	1	TRUE	TRUE	2.09999484468426e-09	5.24998711171065e-06
CPD-12480	18886	HMDB	HMDB0002123_12_shen	1,3,7-Trimethyluric acid	inchikey	1	TRUE	TRUE	2.09999484468426e-09	5.24998711171065e-06
CPD-12480	18887	HMDB	HMDB0002123_13_shen	1,3,7-Trimethyluric acid	inchikey	1	TRUE	TRUE	2.09999484468426e-09	5.24998711171065e-06
CPD-12480	18888	HMDB	HMDB0002123_14_shen	1,3,7-Trimethyluric acid	inchikey	1	TRUE	TRUE	2.09999484468426e-09	5.24998711171065e-06
CPD-12480	18889	HMDB	HMDB0002123_15_shen	1,3,7-Trimethyluric acid	inchikey	1	TRUE	TRUE	2.09999484468426e-09	5.24998711171065e-06
CPD-12480	18890	HMDB	HMDB0002123_16_shen	1,3,7-Trimethyluric acid	inchikey	1	TRUE	TRUE	2.09999484468426e-09	5.24998711171065e-06
CPD-12480	18891	HMDB	HMDB0002123_17_shen	1,3,7-Trimethyluric acid	inchikey	1	TRUE	TRUE	2.09999484468426e-09	5.24998711171065e-06
CPD-12480	18892	HMDB	HMDB0002123_18_shen	1,3,7-Trimethyluric acid	inchikey	1	TRUE	TRUE	2.09999484468426e-09	5.24998711171065e-06
CPD-12480	18893	HMDB	HMDB0002123_19_shen	1,3,7-Trimethyluric acid	inchikey	1	TRUE	TRUE	2.09999484468426e-09	5.24998711171065e-06
CPD-12480	18894	HMDB	HMDB0002123_20_shen	1,3,7-Trimethyluric acid	inchikey	1	TRUE	TRUE	2.09999484468426e-09	5.24998711171065e-06
CPD-12480	18895	HMDB	HMDB0002123_21_shen	1,3,7-Trimethyluric acid	inchikey	1	TRUE	TRUE	2.09999484468426e-09	5.24998711171065e-06
CPD-12480	18896	HMDB	HMDB0002123_22_shen	1,3,7-Trimethyluric acid	inchikey	1	TRUE	TRUE	2.09999484468426e-09	5.24998711171065e-06
CPD-12480	18897	HMDB	HMDB0002123_23_shen	1,3,7-Trimethyluric acid	inchikey	1	TRUE	TRUE	2.09999484468426e-09	5.24998711171065e-06
CPD-12480	18898	HMDB	HMDB0002123_24_shen	1,3,7-Trimethyluric acid	inchikey	1	TRUE	TRUE	2.09999484468426e-09	5.24998711171065e-06
CPD-431	18899	HMDB	HMDB0002124_1_shen	Apigenin	inchikey_connectivity_formula_mass	2	FALSE	TRUE	1.499984136899e-09	3.7499603422475e-06
CPD-431	18900	HMDB	HMDB0002124_2_shen	Apigenin	inchikey_connectivity_formula_mass	2	FALSE	TRUE	1.499984136899e-09	3.7499603422475e-06
CPD-431	18901	HMDB	HMDB0002124_3_shen	Apigenin	inchikey_connectivity_formula_mass	2	FALSE	TRUE	1.499984136899e-09	3.7499603422475e-06
CPD-431	18902	HMDB	HMDB0002124_4_shen	Apigenin	inchikey_connectivity_formula_mass	2	FALSE	TRUE	1.499984136899e-09	3.7499603422475e-06
CPD-431	18903	HMDB	HMDB0002124_5_shen	Apigenin	inchikey_connectivity_formula_mass	2	FALSE	TRUE	1.499984136899e-09	3.7499603422475e-06
CPD-431	18904	HMDB	HMDB0002124_6_shen	Apigenin	inchikey_connectivity_formula_mass	2	FALSE	TRUE	1.499984136899e-09	3.7499603422475e-06
CPD-431	18905	HMDB	HMDB0002124_7_shen	Apigenin	inchikey_connectivity_formula_mass	2	FALSE	TRUE	1.499984136899e-09	3.7499603422475e-06
CPD-431	18906	HMDB	HMDB0002124_8_shen	Apigenin	inchikey_connectivity_formula_mass	2	FALSE	TRUE	1.499984136899e-09	3.7499603422475e-06
CPD-431	18907	HMDB	HMDB0002124_9_shen	Apigenin	inchikey_connectivity_formula_mass	2	FALSE	TRUE	1.499984136899e-09	3.7499603422475e-06
CPD-431	18908	HMDB	HMDB0002124_10_shen	Apigenin	inchikey_connectivity_formula_mass	2	FALSE	TRUE	1.499984136899e-09	3.7499603422475e-06
CPD-431	18909	HMDB	HMDB0002124_11_shen	Apigenin	inchikey_connectivity_formula_mass	2	FALSE	TRUE	1.499984136899e-09	3.7499603422475e-06
CPD-431	18910	HMDB	HMDB0002124_12_shen	Apigenin	inchikey_connectivity_formula_mass	2	FALSE	TRUE	1.499984136899e-09	3.7499603422475e-06
CPD-431	18911	HMDB	HMDB0002124_13_shen	Apigenin	inchikey_connectivity_formula_mass	2	FALSE	TRUE	1.499984136899e-09	3.7499603422475e-06
CPD-431	18912	HMDB	HMDB0002124_14_shen	Apigenin	inchikey_connectivity_formula_mass	2	FALSE	TRUE	1.499984136899e-09	3.7499603422475e-06
CPD-431	18913	HMDB	HMDB0002124_15_shen	Apigenin	inchikey_connectivity_formula_mass	2	FALSE	TRUE	1.499984136899e-09	3.7499603422475e-06
CPD-431	18914	HMDB	HMDB0002124_16_shen	Apigenin	inchikey_connectivity_formula_mass	2	FALSE	TRUE	1.499984136899e-09	3.7499603422475e-06
CPD-431	18915	HMDB	HMDB0002124_17_shen	Apigenin	inchikey_connectivity_formula_mass	2	FALSE	TRUE	1.499984136899e-09	3.7499603422475e-06
CPD-431	18916	HMDB	HMDB0002124_18_shen	Apigenin	inchikey_connectivity_formula_mass	2	FALSE	TRUE	1.499984136899e-09	3.7499603422475e-06
CPD-431	18917	HMDB	HMDB0002124_19_shen	Apigenin	inchikey_connectivity_formula_mass	2	FALSE	TRUE	1.499984136899e-09	3.7499603422475e-06
CPD-431	18918	HMDB	HMDB0002124_20_shen	Apigenin	inchikey_connectivity_formula_mass	2	FALSE	TRUE	1.499984136899e-09	3.7499603422475e-06
CPD-431	18919	HMDB	HMDB0002124_21_shen	Apigenin	inchikey_connectivity_formula_mass	2	FALSE	TRUE	1.499984136899e-09	3.7499603422475e-06
CPD-431	18920	HMDB	HMDB0002124_22_shen	Apigenin	inchikey_connectivity_formula_mass	2	FALSE	TRUE	1.499984136899e-09	3.7499603422475e-06
CPD-431	18921	HMDB	HMDB0002124_23_shen	Apigenin	inchikey_connectivity_formula_mass	2	FALSE	TRUE	1.499984136899e-09	3.7499603422475e-06
CPD-431	18922	HMDB	HMDB0002124_24_shen	Apigenin	inchikey_connectivity_formula_mass	2	FALSE	TRUE	1.499984136899e-09	3.7499603422475e-06
CPD-431	18923	HMDB	HMDB0002124_25_shen	Apigenin	inchikey_connectivity_formula_mass	2	FALSE	TRUE	1.499984136899e-09	3.7499603422475e-06
CPD-431	18924	HMDB	HMDB0002124_26_shen	Apigenin	inchikey_connectivity_formula_mass	2	FALSE	TRUE	1.499984136899e-09	3.7499603422475e-06
CPD-431	18925	HMDB	HMDB0002124_27_shen	Apigenin	inchikey_connectivity_formula_mass	2	FALSE	TRUE	1.499984136899e-09	3.7499603422475e-06
CPD-431	18926	HMDB	HMDB0002124_28_shen	Apigenin	inchikey_connectivity_formula_mass	2	FALSE	TRUE	1.499984136899e-09	3.7499603422475e-06
CPD-431	18927	HMDB	HMDB0002124_29_shen	Apigenin	inchikey_connectivity_formula_mass	2	FALSE	TRUE	1.499984136899e-09	3.7499603422475e-06
CPD-431	18928	HMDB	HMDB0002124_30_shen	Apigenin	inchikey_connectivity_formula_mass	2	FALSE	TRUE	1.499984136899e-09	3.7499603422475e-06
CPD-431	18929	HMDB	HMDB0002124_31_shen	Apigenin	inchikey_connectivity_formula_mass	2	FALSE	TRUE	1.499984136899e-09	3.7499603422475e-06
CPD-431	18930	HMDB	HMDB0002124_32_shen	Apigenin	inchikey_connectivity_formula_mass	2	FALSE	TRUE	1.499984136899e-09	3.7499603422475e-06
CPD-431	18931	HMDB	HMDB0002124_33_shen	Apigenin	inchikey_connectivity_formula_mass	2	FALSE	TRUE	1.499984136899e-09	3.7499603422475e-06
CPD-431	18932	HMDB	HMDB0002124_34_shen	Apigenin	inchikey_connectivity_formula_mass	2	FALSE	TRUE	1.499984136899e-09	3.7499603422475e-06
CPD-431	18933	HMDB	HMDB0002124_35_shen	Apigenin	inchikey_connectivity_formula_mass	2	FALSE	TRUE	1.499984136899e-09	3.7499603422475e-06
CPD-431	18934	HMDB	HMDB0002124_36_shen	Apigenin	inchikey_connectivity_formula_mass	2	FALSE	TRUE	1.499984136899e-09	3.7499603422475e-06
CPD-431	18935	HMDB	HMDB0002124_37_shen	Apigenin	inchikey_connectivity_formula_mass	2	FALSE	TRUE	1.499984136899e-09	3.7499603422475e-06
CPD-431	18936	HMDB	HMDB0002124_38_shen	Apigenin	inchikey_connectivity_formula_mass	2	FALSE	TRUE	1.499984136899e-09	3.7499603422475e-06
CPD-431	18937	HMDB	HMDB0002124_39_shen	Apigenin	inchikey_connectivity_formula_mass	2	FALSE	TRUE	1.499984136899e-09	3.7499603422475e-06
CPD-431	18938	HMDB	HMDB0002124_40_shen	Apigenin	inchikey_connectivity_formula_mass	2	FALSE	TRUE	1.499984136899e-09	3.7499603422475e-06
CPD-431	18939	HMDB	HMDB0002124_41_shen	Apigenin	inchikey_connectivity_formula_mass	2	FALSE	TRUE	1.499984136899e-09	3.7499603422475e-06
CPD-431	18940	HMDB	HMDB0002124_42_shen	Apigenin	inchikey_connectivity_formula_mass	2	FALSE	TRUE	1.499984136899e-09	3.7499603422475e-06
CPD-431	18941	HMDB	HMDB0002124_43_shen	Apigenin	inchikey_connectivity_formula_mass	2	FALSE	TRUE	1.499984136899e-09	3.7499603422475e-06
CPD-431	18942	HMDB	HMDB0002124_44_shen	Apigenin	inchikey_connectivity_formula_mass	2	FALSE	TRUE	1.499984136899e-09	3.7499603422475e-06
CPD-431	18943	HMDB	HMDB0002124_45_shen	Apigenin	inchikey_connectivity_formula_mass	2	FALSE	TRUE	1.499984136899e-09	3.7499603422475e-06
CPD-431	18944	HMDB	HMDB0002124_46_shen	Apigenin	inchikey_connectivity_formula_mass	2	FALSE	TRUE	1.499984136899e-09	3.7499603422475e-06
CPD-431	18945	HMDB	HMDB0002124_47_shen	Apigenin	inchikey_connectivity_formula_mass	2	FALSE	TRUE	1.499984136899e-09	3.7499603422475e-06
CPD-431	18946	HMDB	HMDB0002124_48_shen	Apigenin	inchikey_connectivity_formula_mass	2	FALSE	TRUE	1.499984136899e-09	3.7499603422475e-06
CPD-431	18947	HMDB	HMDB0002124_49_shen	Apigenin	inchikey_connectivity_formula_mass	2	FALSE	TRUE	1.499984136899e-09	3.7499603422475e-06
CPD-431	18948	HMDB	HMDB0002124_50_shen	Apigenin	inchikey_connectivity_formula_mass	2	FALSE	TRUE	1.499984136899e-09	3.7499603422475e-06
CPD-431	18949	HMDB	HMDB0002124_51_shen	Apigenin	inchikey_connectivity_formula_mass	2	FALSE	TRUE	1.499984136899e-09	3.7499603422475e-06
CPD-431	18950	HMDB	HMDB0002124_52_shen	Apigenin	inchikey_connectivity_formula_mass	2	FALSE	TRUE	1.499984136899e-09	3.7499603422475e-06
CPD-431	18951	HMDB	HMDB0002124_53_shen	Apigenin	inchikey_connectivity_formula_mass	2	FALSE	TRUE	1.499984136899e-09	3.7499603422475e-06
CPD-431	18952	HMDB	HMDB0002124_54_shen	Apigenin	inchikey_connectivity_formula_mass	2	FALSE	TRUE	1.499984136899e-09	3.7499603422475e-06
CPD-431	18953	HMDB	HMDB0002124_55_shen	Apigenin	inchikey_connectivity_formula_mass	2	FALSE	TRUE	1.499984136899e-09	3.7499603422475e-06
CPD-431	18954	HMDB	HMDB0002124_56_shen	Apigenin	inchikey_connectivity_formula_mass	2	FALSE	TRUE	1.499984136899e-09	3.7499603422475e-06
CPD-431	18955	HMDB	HMDB0002124_57_shen	Apigenin	inchikey_connectivity_formula_mass	2	FALSE	TRUE	1.499984136899e-09	3.7499603422475e-06
CPD-431	18956	HMDB	HMDB0002124_58_shen	Apigenin	inchikey_connectivity_formula_mass	2	FALSE	TRUE	1.499984136899e-09	3.7499603422475e-06
CPD-431	18957	HMDB	HMDB0002124_59_shen	Apigenin	inchikey_connectivity_formula_mass	2	FALSE	TRUE	1.499984136899e-09	3.7499603422475e-06
CPD-431	18958	HMDB	HMDB0002124_60_shen	Apigenin	inchikey_connectivity_formula_mass	2	FALSE	TRUE	1.499984136899e-09	3.7499603422475e-06
CPD-431	18959	HMDB	HMDB0002124_61_shen	Apigenin	inchikey_connectivity_formula_mass	2	FALSE	TRUE	1.499984136899e-09	3.7499603422475e-06
CPD-431	18960	HMDB	HMDB0002124_62_shen	Apigenin	inchikey_connectivity_formula_mass	2	FALSE	TRUE	1.499984136899e-09	3.7499603422475e-06
CPD-431	18961	HMDB	HMDB0002124_63_shen	Apigenin	inchikey_connectivity_formula_mass	2	FALSE	TRUE	1.499984136899e-09	3.7499603422475e-06
CPD-431	18962	HMDB	HMDB0002124_64_shen	Apigenin	inchikey_connectivity_formula_mass	2	FALSE	TRUE	1.499984136899e-09	3.7499603422475e-06
CPD-431	18963	HMDB	HMDB0002124_65_shen	Apigenin	inchikey_connectivity_formula_mass	2	FALSE	TRUE	1.499984136899e-09	3.7499603422475e-06
CPD-431	18964	HMDB	HMDB0002124_66_shen	Apigenin	inchikey_connectivity_formula_mass	2	FALSE	TRUE	1.499984136899e-09	3.7499603422475e-06
CPD-431	18965	HMDB	HMDB0002124_67_shen	Apigenin	inchikey_connectivity_formula_mass	2	FALSE	TRUE	1.499984136899e-09	3.7499603422475e-06
CPD-431	18966	HMDB	HMDB0002124_68_shen	Apigenin	inchikey_connectivity_formula_mass	2	FALSE	TRUE	1.499984136899e-09	3.7499603422475e-06
CPD-431	18967	HMDB	HMDB0002124_69_shen	Apigenin	inchikey_connectivity_formula_mass	2	FALSE	TRUE	1.499984136899e-09	3.7499603422475e-06
CPD-431	18968	HMDB	HMDB0002124_70_shen	Apigenin	inchikey_connectivity_formula_mass	2	FALSE	TRUE	1.499984136899e-09	3.7499603422475e-06
CPD-431	18969	HMDB	HMDB0002124_71_shen	Apigenin	inchikey_connectivity_formula_mass	2	FALSE	TRUE	1.499984136899e-09	3.7499603422475e-06
CPD-431	18970	HMDB	HMDB0002124_72_shen	Apigenin	inchikey_connectivity_formula_mass	2	FALSE	TRUE	1.499984136899e-09	3.7499603422475e-06
CPD-431	18971	HMDB	HMDB0002124_73_shen	Apigenin	inchikey_connectivity_formula_mass	2	FALSE	TRUE	1.499984136899e-09	3.7499603422475e-06
CPD-431	18972	HMDB	HMDB0002124_74_shen	Apigenin	inchikey_connectivity_formula_mass	2	FALSE	TRUE	1.499984136899e-09	3.7499603422475e-06
CPD-431	18973	HMDB	HMDB0002124_75_shen	Apigenin	inchikey_connectivity_formula_mass	2	FALSE	TRUE	1.499984136899e-09	3.7499603422475e-06
CPD-431	18974	HMDB	HMDB0002124_76_shen	Apigenin	inchikey_connectivity_formula_mass	2	FALSE	TRUE	1.499984136899e-09	3.7499603422475e-06
CPD-431	18975	HMDB	HMDB0002124_77_shen	Apigenin	inchikey_connectivity_formula_mass	2	FALSE	TRUE	1.499984136899e-09	3.7499603422475e-06
CPD-431	18976	HMDB	HMDB0002124_78_shen	Apigenin	inchikey_connectivity_formula_mass	2	FALSE	TRUE	1.499984136899e-09	3.7499603422475e-06
CPD-431	18977	HMDB	HMDB0002124_79_shen	Apigenin	inchikey_connectivity_formula_mass	2	FALSE	TRUE	1.499984136899e-09	3.7499603422475e-06
CPD-431	18978	HMDB	HMDB0002124_80_shen	Apigenin	inchikey_connectivity_formula_mass	2	FALSE	TRUE	1.499984136899e-09	3.7499603422475e-06
CPD-431	18979	HMDB	HMDB0002124_81_shen	Apigenin	inchikey_connectivity_formula_mass	2	FALSE	TRUE	1.499984136899e-09	3.7499603422475e-06
CPD-431	18980	HMDB	HMDB0002124_82_shen	Apigenin	inchikey_connectivity_formula_mass	2	FALSE	TRUE	1.499984136899e-09	3.7499603422475e-06
CPD-431	18981	HMDB	HMDB0002124_83_shen	Apigenin	inchikey_connectivity_formula_mass	2	FALSE	TRUE	1.499984136899e-09	3.7499603422475e-06
CPD-431	18982	HMDB	HMDB0002124_84_shen	Apigenin	inchikey_connectivity_formula_mass	2	FALSE	TRUE	1.499984136899e-09	3.7499603422475e-06
CPD-431	18983	HMDB	HMDB0002124_85_shen	Apigenin	inchikey_connectivity_formula_mass	2	FALSE	TRUE	1.499984136899e-09	3.7499603422475e-06
CPD-431	18984	HMDB	HMDB0002124_86_shen	Apigenin	inchikey_connectivity_formula_mass	2	FALSE	TRUE	1.499984136899e-09	3.7499603422475e-06
CPD-431	18985	HMDB	HMDB0002124_87_shen	Apigenin	inchikey_connectivity_formula_mass	2	FALSE	TRUE	1.499984136899e-09	3.7499603422475e-06
CPD-431	18986	HMDB	HMDB0002124_88_shen	Apigenin	inchikey_connectivity_formula_mass	2	FALSE	TRUE	1.499984136899e-09	3.7499603422475e-06
CPD-431	18987	HMDB	HMDB0002124_89_shen	Apigenin	inchikey_connectivity_formula_mass	2	FALSE	TRUE	1.499984136899e-09	3.7499603422475e-06
CPD-431	18988	HMDB	HMDB0002124_90_shen	Apigenin	inchikey_connectivity_formula_mass	2	FALSE	TRUE	1.499984136899e-09	3.7499603422475e-06
CPD-431	18989	HMDB	HMDB0002124_91_shen	Apigenin	inchikey_connectivity_formula_mass	2	FALSE	TRUE	1.499984136899e-09	3.7499603422475e-06
CPD-431	18990	HMDB	HMDB0002124_92_shen	Apigenin	inchikey_connectivity_formula_mass	2	FALSE	TRUE	1.499984136899e-09	3.7499603422475e-06
CPD-431	18991	HMDB	HMDB0002124_93_shen	Apigenin	inchikey_connectivity_formula_mass	2	FALSE	TRUE	1.499984136899e-09	3.7499603422475e-06
CPD-431	18992	HMDB	HMDB0002124_94_shen	Apigenin	inchikey_connectivity_formula_mass	2	FALSE	TRUE	1.499984136899e-09	3.7499603422475e-06
CPD-431	18993	HMDB	HMDB0002124_95_shen	Apigenin	inchikey_connectivity_formula_mass	2	FALSE	TRUE	1.499984136899e-09	3.7499603422475e-06
CPD-431	18994	HMDB	HMDB0002124_96_shen	Apigenin	inchikey_connectivity_formula_mass	2	FALSE	TRUE	1.499984136899e-09	3.7499603422475e-06
CPD-431	18995	HMDB	HMDB0002124_97_shen	Apigenin	inchikey_connectivity_formula_mass	2	FALSE	TRUE	1.499984136899e-09	3.7499603422475e-06
CPD-431	18996	HMDB	HMDB0002124_98_shen	Apigenin	inchikey_connectivity_formula_mass	2	FALSE	TRUE	1.499984136899e-09	3.7499603422475e-06
CPD-431	18997	HMDB	HMDB0002124_99_shen	Apigenin	inchikey_connectivity_formula_mass	2	FALSE	TRUE	1.499984136899e-09	3.7499603422475e-06
CPD-431	18998	HMDB	HMDB0002124_100_shen	Apigenin	inchikey_connectivity_formula_mass	2	FALSE	TRUE	1.499984136899e-09	3.7499603422475e-06
CPD-431	18999	HMDB	HMDB0002124_101_shen	Apigenin	inchikey_connectivity_formula_mass	2	FALSE	TRUE	1.499984136899e-09	3.7499603422475e-06
CPD-431	19000	HMDB	HMDB0002124_102_shen	Apigenin	inchikey_connectivity_formula_mass	2	FALSE	TRUE	1.499984136899e-09	3.7499603422475e-06
CPD-431	19001	HMDB	HMDB0002124_103_shen	Apigenin	inchikey_connectivity_formula_mass	2	FALSE	TRUE	1.499984136899e-09	3.7499603422475e-06
CPD-431	19002	HMDB	HMDB0002124_104_shen	Apigenin	inchikey_connectivity_formula_mass	2	FALSE	TRUE	1.499984136899e-09	3.7499603422475e-06
CPD-431	19003	HMDB	HMDB0002124_105_shen	Apigenin	inchikey_connectivity_formula_mass	2	FALSE	TRUE	1.499984136899e-09	3.7499603422475e-06
CPD-431	19004	HMDB	HMDB0002124_106_shen	Apigenin	inchikey_connectivity_formula_mass	2	FALSE	TRUE	1.499984136899e-09	3.7499603422475e-06
CPD-431	19005	HMDB	HMDB0002124_107_shen	Apigenin	inchikey_connectivity_formula_mass	2	FALSE	TRUE	1.499984136899e-09	3.7499603422475e-06
CPD-431	19006	HMDB	HMDB0002124_108_shen	Apigenin	inchikey_connectivity_formula_mass	2	FALSE	TRUE	1.499984136899e-09	3.7499603422475e-06
CPD-431	19007	HMDB	HMDB0002124_109_shen	Apigenin	inchikey_connectivity_formula_mass	2	FALSE	TRUE	1.499984136899e-09	3.7499603422475e-06
CPD-431	19008	HMDB	HMDB0002124_110_shen	Apigenin	inchikey_connectivity_formula_mass	2	FALSE	TRUE	1.499984136899e-09	3.7499603422475e-06
CPD-431	19009	HMDB	HMDB0002124_111_shen	Apigenin	inchikey_connectivity_formula_mass	2	FALSE	TRUE	1.499984136899e-09	3.7499603422475e-06
CPD-431	19010	HMDB	HMDB0002124_112_shen	Apigenin	inchikey_connectivity_formula_mass	2	FALSE	TRUE	1.499984136899e-09	3.7499603422475e-06
CPD-431	19011	HMDB	HMDB0002124_113_shen	Apigenin	inchikey_connectivity_formula_mass	2	FALSE	TRUE	1.499984136899e-09	3.7499603422475e-06
CPD-431	19012	HMDB	HMDB0002124_114_shen	Apigenin	inchikey_connectivity_formula_mass	2	FALSE	TRUE	1.499984136899e-09	3.7499603422475e-06
CPD-431	19013	HMDB	HMDB0002124_115_shen	Apigenin	inchikey_connectivity_formula_mass	2	FALSE	TRUE	1.499984136899e-09	3.7499603422475e-06
CPD-431	19014	HMDB	HMDB0002124_116_shen	Apigenin	inchikey_connectivity_formula_mass	2	FALSE	TRUE	1.499984136899e-09	3.7499603422475e-06
CPD-431	19015	HMDB	HMDB0002124_117_shen	Apigenin	inchikey_connectivity_formula_mass	2	FALSE	TRUE	1.499984136899e-09	3.7499603422475e-06
CPD-431	19016	HMDB	HMDB0002124_118_shen	Apigenin	inchikey_connectivity_formula_mass	2	FALSE	TRUE	1.499984136899e-09	3.7499603422475e-06
CPD-431	19017	HMDB	HMDB0002124_119_shen	Apigenin	inchikey_connectivity_formula_mass	2	FALSE	TRUE	1.499984136899e-09	3.7499603422475e-06
CPD-466	19040	HMDB	HMDB0002166_1_shen	(S)-beta-Aminoisobutyric acid	inchikey	1	TRUE	TRUE	1.29999477849196e-09	3.24998694622991e-06
CPD-466	19041	HMDB	HMDB0002166_2_shen	(S)-beta-Aminoisobutyric acid	inchikey	1	TRUE	TRUE	1.29999477849196e-09	3.24998694622991e-06
CPD-466	19042	HMDB	HMDB0002166_3_shen	(S)-beta-Aminoisobutyric acid	inchikey	1	TRUE	TRUE	1.29999477849196e-09	3.24998694622991e-06
CPD-466	19043	HMDB	HMDB0002166_4_shen	(S)-beta-Aminoisobutyric acid	inchikey	1	TRUE	TRUE	1.29999477849196e-09	3.24998694622991e-06
CPD-466	19044	HMDB	HMDB0002166_5_shen	(S)-beta-Aminoisobutyric acid	inchikey	1	TRUE	TRUE	1.29999477849196e-09	3.24998694622991e-06
CPD-466	19045	HMDB	HMDB0002166_6_shen	(S)-beta-Aminoisobutyric acid	inchikey	1	TRUE	TRUE	1.29999477849196e-09	3.24998694622991e-06
CPD-466	19046	HMDB	HMDB0002166_7_shen	(S)-beta-Aminoisobutyric acid	inchikey	1	TRUE	TRUE	1.29999477849196e-09	3.24998694622991e-06
CPD-466	19047	HMDB	HMDB0002166_8_shen	(S)-beta-Aminoisobutyric acid	inchikey	1	TRUE	TRUE	1.29999477849196e-09	3.24998694622991e-06
CPD-466	19048	HMDB	HMDB0002166_9_shen	(S)-beta-Aminoisobutyric acid	inchikey	1	TRUE	TRUE	1.29999477849196e-09	3.24998694622991e-06
CPD-466	19049	HMDB	HMDB0002166_10_shen	(S)-beta-Aminoisobutyric acid	inchikey	1	TRUE	TRUE	1.29999477849196e-09	3.24998694622991e-06
CPD-466	19050	HMDB	HMDB0002166_11_shen	(S)-beta-Aminoisobutyric acid	inchikey	1	TRUE	TRUE	1.29999477849196e-09	3.24998694622991e-06
CPD-466	19051	HMDB	HMDB0002166_12_shen	(S)-beta-Aminoisobutyric acid	inchikey	1	TRUE	TRUE	1.29999477849196e-09	3.24998694622991e-06
CPD-466	19052	HMDB	HMDB0002166_13_shen	(S)-beta-Aminoisobutyric acid	inchikey	1	TRUE	TRUE	1.29999477849196e-09	3.24998694622991e-06
CPD-466	19053	HMDB	HMDB0002166_14_shen	(S)-beta-Aminoisobutyric acid	inchikey	1	TRUE	TRUE	1.29999477849196e-09	3.24998694622991e-06
CPD-466	19054	HMDB	HMDB0002166_15_shen	(S)-beta-Aminoisobutyric acid	inchikey	1	TRUE	TRUE	1.29999477849196e-09	3.24998694622991e-06
CPD-466	19055	HMDB	HMDB0002166_16_shen	(S)-beta-Aminoisobutyric acid	inchikey	1	TRUE	TRUE	1.29999477849196e-09	3.24998694622991e-06
CPD-466	19056	HMDB	HMDB0002166_17_shen	(S)-beta-Aminoisobutyric acid	inchikey	1	TRUE	TRUE	1.29999477849196e-09	3.24998694622991e-06
CPD-466	19057	HMDB	HMDB0002166_18_shen	(S)-beta-Aminoisobutyric acid	inchikey	1	TRUE	TRUE	1.29999477849196e-09	3.24998694622991e-06
CPD-466	19058	HMDB	HMDB0002166_19_shen	(S)-beta-Aminoisobutyric acid	inchikey	1	TRUE	TRUE	1.29999477849196e-09	3.24998694622991e-06
CPD-466	19059	HMDB	HMDB0002166_20_shen	(S)-beta-Aminoisobutyric acid	inchikey	1	TRUE	TRUE	1.29999477849196e-09	3.24998694622991e-06
CPD-466	19060	HMDB	HMDB0002166_21_shen	(S)-beta-Aminoisobutyric acid	inchikey	1	TRUE	TRUE	1.29999477849196e-09	3.24998694622991e-06
CPD-466	19061	HMDB	HMDB0002166_22_shen	(S)-beta-Aminoisobutyric acid	inchikey	1	TRUE	TRUE	1.29999477849196e-09	3.24998694622991e-06
CPD-466	19062	HMDB	HMDB0002166_23_shen	(S)-beta-Aminoisobutyric acid	inchikey	1	TRUE	TRUE	1.29999477849196e-09	3.24998694622991e-06
CPD-466	19063	HMDB	HMDB0002166_24_shen	(S)-beta-Aminoisobutyric acid	inchikey	1	TRUE	TRUE	1.29999477849196e-09	3.24998694622991e-06
CPD-466	19064	HMDB	HMDB0002166_25_shen	(S)-beta-Aminoisobutyric acid	inchikey	1	TRUE	TRUE	1.29999477849196e-09	3.24998694622991e-06
CPD-466	19065	HMDB	HMDB0002166_26_shen	(S)-beta-Aminoisobutyric acid	inchikey	1	TRUE	TRUE	1.29999477849196e-09	3.24998694622991e-06
CPD-466	19066	HMDB	HMDB0002166_27_shen	(S)-beta-Aminoisobutyric acid	inchikey	1	TRUE	TRUE	1.29999477849196e-09	3.24998694622991e-06
CPD-7076	19067	HMDB	HMDB0002176_shen	Ethylmethylacetic acid	inchikey_connectivity_formula_mass	2	FALSE	TRUE	1.19999299386109e-09	2.99998248465272e-06
CPD-8121	19068	HMDB	HMDB0002177_1_shen	Cis-8,11,14,17-Eicosatetraenoic acid	inchikey_connectivity_formula_mass	2	FALSE	TRUE	3.39997541232151e-09	8.49993853080377e-06
CPD-8121	19069	HMDB	HMDB0002177_2_shen	Cis-8,11,14,17-Eicosatetraenoic acid	inchikey_connectivity_formula_mass	2	FALSE	TRUE	3.39997541232151e-09	8.49993853080377e-06
CPD-8121	19070	HMDB	HMDB0002177_3_shen	Cis-8,11,14,17-Eicosatetraenoic acid	inchikey_connectivity_formula_mass	2	FALSE	TRUE	3.39997541232151e-09	8.49993853080377e-06
CPD-10244	19105	HMDB	HMDB0002183_1_shen	Docosahexaenoic acid	inchikey_connectivity_formula_mass	2	FALSE	TRUE	3.39997541232151e-09	8.49993853080377e-06
CPD-10244	19106	HMDB	HMDB0002183_2_shen	Docosahexaenoic acid	inchikey_connectivity_formula_mass	2	FALSE	TRUE	3.39997541232151e-09	8.49993853080377e-06
CPD-10244	19107	HMDB	HMDB0002183_3_shen	Docosahexaenoic acid	inchikey_connectivity_formula_mass	2	FALSE	TRUE	3.39997541232151e-09	8.49993853080377e-06
CPD-10244	19108	HMDB	HMDB0002183_4_shen	Docosahexaenoic acid	inchikey_connectivity_formula_mass	2	FALSE	TRUE	3.39997541232151e-09	8.49993853080377e-06
CPD-10244	19109	HMDB	HMDB0002183_5_shen	Docosahexaenoic acid	inchikey_connectivity_formula_mass	2	FALSE	TRUE	3.39997541232151e-09	8.49993853080377e-06
CPD-10244	19110	HMDB	HMDB0002183_6_shen	Docosahexaenoic acid	inchikey_connectivity_formula_mass	2	FALSE	TRUE	3.39997541232151e-09	8.49993853080377e-06
CPD-10244	19111	HMDB	HMDB0002183_7_shen	Docosahexaenoic acid	inchikey_connectivity_formula_mass	2	FALSE	TRUE	3.39997541232151e-09	8.49993853080377e-06
CPD-10244	19112	HMDB	HMDB0002183_8_shen	Docosahexaenoic acid	inchikey_connectivity_formula_mass	2	FALSE	TRUE	3.39997541232151e-09	8.49993853080377e-06
CPD-10244	19113	HMDB	HMDB0002183_9_shen	Docosahexaenoic acid	inchikey_connectivity_formula_mass	2	FALSE	TRUE	3.39997541232151e-09	8.49993853080377e-06
CPD-10244	19114	HMDB	HMDB0002183_10_shen	Docosahexaenoic acid	inchikey_connectivity_formula_mass	2	FALSE	TRUE	3.39997541232151e-09	8.49993853080377e-06
CPD-10244	19115	HMDB	HMDB0002183_11_shen	Docosahexaenoic acid	inchikey_connectivity_formula_mass	2	FALSE	TRUE	3.39997541232151e-09	8.49993853080377e-06
CPD-10244	19116	HMDB	HMDB0002183_12_shen	Docosahexaenoic acid	inchikey_connectivity_formula_mass	2	FALSE	TRUE	3.39997541232151e-09	8.49993853080377e-06
CPD-10244	19117	HMDB	HMDB0002183_13_shen	Docosahexaenoic acid	inchikey_connectivity_formula_mass	2	FALSE	TRUE	3.39997541232151e-09	8.49993853080377e-06
CPD-10244	19118	HMDB	HMDB0002183_14_shen	Docosahexaenoic acid	inchikey_connectivity_formula_mass	2	FALSE	TRUE	3.39997541232151e-09	8.49993853080377e-06
CPD-3462	19119	HMDB	HMDB0002189_1_shen	N8-Acetylspermidine	inchikey_connectivity_formula_mass	2	FALSE	TRUE	2.79999312624568e-09	6.9999828156142e-06
CPD-3462	19120	HMDB	HMDB0002189_2_shen	N8-Acetylspermidine	inchikey_connectivity_formula_mass	2	FALSE	TRUE	2.79999312624568e-09	6.9999828156142e-06
CPD-3462	19121	HMDB	HMDB0002189_3_shen	N8-Acetylspermidine	inchikey_connectivity_formula_mass	2	FALSE	TRUE	2.79999312624568e-09	6.9999828156142e-06
CPD-3462	19122	HMDB	HMDB0002189_4_shen	N8-Acetylspermidine	inchikey_connectivity_formula_mass	2	FALSE	TRUE	2.79999312624568e-09	6.9999828156142e-06
CPD-3462	19123	HMDB	HMDB0002189_5_shen	N8-Acetylspermidine	inchikey_connectivity_formula_mass	2	FALSE	TRUE	2.79999312624568e-09	6.9999828156142e-06
CPD-3462	19124	HMDB	HMDB0002189_6_shen	N8-Acetylspermidine	inchikey_connectivity_formula_mass	2	FALSE	TRUE	2.79999312624568e-09	6.9999828156142e-06
CPD-21098	19138	HMDB	HMDB0002203_shen	3-Hydroxycapric acid	name_formula_mass	4	FALSE	TRUE	4.29997726314468e-09	1.07499431578617e-05
CPD-7847	19139	HMDB	HMDB0002204_1_shen	Astaxanthin	inchikey	1	TRUE	TRUE	3.60000740329269e-09	6.03636574630616e-06
CPD-7847	19140	HMDB	HMDB0002204_2_shen	Astaxanthin	inchikey	1	TRUE	TRUE	3.60000740329269e-09	6.03636574630616e-06
CPD-7847	19141	HMDB	HMDB0002204_3_shen	Astaxanthin	inchikey	1	TRUE	TRUE	3.60000740329269e-09	6.03636574630616e-06
L-HOMOCYSTEATE	19142	HMDB	HMDB0002205_1_shen	L-Homocysteic acid	name_formula_mass	4	FALSE	TRUE	1.60002855409402e-09	4.00007138523506e-06
L-HOMOCYSTEATE	19143	HMDB	HMDB0002205_2_shen	L-Homocysteic acid	name_formula_mass	4	FALSE	TRUE	1.60002855409402e-09	4.00007138523506e-06
L-HOMOCYSTEATE	19144	HMDB	HMDB0002205_3_shen	L-Homocysteic acid	name_formula_mass	4	FALSE	TRUE	1.60002855409402e-09	4.00007138523506e-06
ARACHIDIC_ACID	19167	HMDB	HMDB0002212_1_shen	Arachidic acid	inchikey_connectivity_formula_mass	2	FALSE	TRUE	4.19998968936852e-09	1.04999742234213e-05
ARACHIDIC_ACID	19168	HMDB	HMDB0002212_2_shen	Arachidic acid	inchikey_connectivity_formula_mass	2	FALSE	TRUE	4.19998968936852e-09	1.04999742234213e-05
ARACHIDIC_ACID	19169	HMDB	HMDB0002212_3_shen	Arachidic acid	inchikey_connectivity_formula_mass	2	FALSE	TRUE	4.19998968936852e-09	1.04999742234213e-05
ARACHIDIC_ACID	19170	HMDB	HMDB0002212_4_shen	Arachidic acid	inchikey_connectivity_formula_mass	2	FALSE	TRUE	4.19998968936852e-09	1.04999742234213e-05
ARACHIDIC_ACID	19171	HMDB	HMDB0002212_5_shen	Arachidic acid	inchikey_connectivity_formula_mass	2	FALSE	TRUE	4.19998968936852e-09	1.04999742234213e-05
ARACHIDIC_ACID	19172	HMDB	HMDB0002212_6_shen	Arachidic acid	inchikey_connectivity_formula_mass	2	FALSE	TRUE	4.19998968936852e-09	1.04999742234213e-05
ARACHIDIC_ACID	19173	HMDB	HMDB0002212_7_shen	Arachidic acid	inchikey_connectivity_formula_mass	2	FALSE	TRUE	4.19998968936852e-09	1.04999742234213e-05
ARACHIDIC_ACID	19174	HMDB	HMDB0002212_8_shen	Arachidic acid	inchikey_connectivity_formula_mass	2	FALSE	TRUE	4.19998968936852e-09	1.04999742234213e-05
ARACHIDIC_ACID	19175	HMDB	HMDB0002212_9_shen	Arachidic acid	inchikey_connectivity_formula_mass	2	FALSE	TRUE	4.19998968936852e-09	1.04999742234213e-05
ARACHIDIC_ACID	19176	HMDB	HMDB0002212_10_shen	Arachidic acid	inchikey_connectivity_formula_mass	2	FALSE	TRUE	4.19998968936852e-09	1.04999742234213e-05
ARACHIDIC_ACID	19177	HMDB	HMDB0002212_11_shen	Arachidic acid	inchikey_connectivity_formula_mass	2	FALSE	TRUE	4.19998968936852e-09	1.04999742234213e-05
ARACHIDIC_ACID	19178	HMDB	HMDB0002212_12_shen	Arachidic acid	inchikey_connectivity_formula_mass	2	FALSE	TRUE	4.19998968936852e-09	1.04999742234213e-05
ARACHIDIC_ACID	19179	HMDB	HMDB0002212_13_shen	Arachidic acid	inchikey_connectivity_formula_mass	2	FALSE	TRUE	4.19998968936852e-09	1.04999742234213e-05
ARACHIDIC_ACID	19180	HMDB	HMDB0002212_14_shen	Arachidic acid	inchikey_connectivity_formula_mass	2	FALSE	TRUE	4.19998968936852e-09	1.04999742234213e-05
ARACHIDIC_ACID	19181	HMDB	HMDB0002212_15_shen	Arachidic acid	inchikey_connectivity_formula_mass	2	FALSE	TRUE	4.19998968936852e-09	1.04999742234213e-05
CAPSAICIN	19197	HMDB	HMDB0002227_1_shen	Capsaicin	inchikey	1	TRUE	TRUE	3.20000026476919e-09	8.00000066192297e-06
CAPSAICIN	19198	HMDB	HMDB0002227_2_shen	Capsaicin	inchikey	1	TRUE	TRUE	3.20000026476919e-09	8.00000066192297e-06
CAPSAICIN	19199	HMDB	HMDB0002227_3_shen	Capsaicin	inchikey	1	TRUE	TRUE	3.20000026476919e-09	8.00000066192297e-06
CAPSAICIN	19200	HMDB	HMDB0002227_4_shen	Capsaicin	inchikey	1	TRUE	TRUE	3.20000026476919e-09	8.00000066192297e-06
CAPSAICIN	19201	HMDB	HMDB0002227_5_shen	Capsaicin	inchikey	1	TRUE	TRUE	3.20000026476919e-09	8.00000066192297e-06
CAPSAICIN	19202	HMDB	HMDB0002227_6_shen	Capsaicin	inchikey	1	TRUE	TRUE	3.20000026476919e-09	8.00000066192297e-06
CAPSAICIN	19203	HMDB	HMDB0002227_7_shen	Capsaicin	inchikey	1	TRUE	TRUE	3.20000026476919e-09	8.00000066192297e-06
CAPSAICIN	19204	HMDB	HMDB0002227_8_shen	Capsaicin	inchikey	1	TRUE	TRUE	3.20000026476919e-09	8.00000066192297e-06
CAPSAICIN	19205	HMDB	HMDB0002227_9_shen	Capsaicin	inchikey	1	TRUE	TRUE	3.20000026476919e-09	8.00000066192297e-06
CAPSAICIN	19206	HMDB	HMDB0002227_10_shen	Capsaicin	inchikey	1	TRUE	TRUE	3.20000026476919e-09	8.00000066192297e-06
CAPSAICIN	19207	HMDB	HMDB0002227_11_shen	Capsaicin	inchikey	1	TRUE	TRUE	3.20000026476919e-09	8.00000066192297e-06
CAPSAICIN	19208	HMDB	HMDB0002227_12_shen	Capsaicin	inchikey	1	TRUE	TRUE	3.20000026476919e-09	8.00000066192297e-06
CAPSAICIN	19209	HMDB	HMDB0002227_13_shen	Capsaicin	inchikey	1	TRUE	TRUE	3.20000026476919e-09	8.00000066192297e-06
CAPSAICIN	19210	HMDB	HMDB0002227_14_shen	Capsaicin	inchikey	1	TRUE	TRUE	3.20000026476919e-09	8.00000066192297e-06
CAPSAICIN	19211	HMDB	HMDB0002227_15_shen	Capsaicin	inchikey	1	TRUE	TRUE	3.20000026476919e-09	8.00000066192297e-06
CAPSAICIN	19212	HMDB	HMDB0002227_16_shen	Capsaicin	inchikey	1	TRUE	TRUE	3.20000026476919e-09	8.00000066192297e-06
CAPSAICIN	19213	HMDB	HMDB0002227_17_shen	Capsaicin	inchikey	1	TRUE	TRUE	3.20000026476919e-09	8.00000066192297e-06
CAPSAICIN	19214	HMDB	HMDB0002227_18_shen	Capsaicin	inchikey	1	TRUE	TRUE	3.20000026476919e-09	8.00000066192297e-06
CAPSAICIN	19215	HMDB	HMDB0002227_19_shen	Capsaicin	inchikey	1	TRUE	TRUE	3.20000026476919e-09	8.00000066192297e-06
CAPSAICIN	19216	HMDB	HMDB0002227_20_shen	Capsaicin	inchikey	1	TRUE	TRUE	3.20000026476919e-09	8.00000066192297e-06
CAPSAICIN	19217	HMDB	HMDB0002227_21_shen	Capsaicin	inchikey	1	TRUE	TRUE	3.20000026476919e-09	8.00000066192297e-06
CAPSAICIN	19218	HMDB	HMDB0002227_22_shen	Capsaicin	inchikey	1	TRUE	TRUE	3.20000026476919e-09	8.00000066192297e-06
CAPSAICIN	19219	HMDB	HMDB0002227_23_shen	Capsaicin	inchikey	1	TRUE	TRUE	3.20000026476919e-09	8.00000066192297e-06
CAPSAICIN	19220	HMDB	HMDB0002227_24_shen	Capsaicin	inchikey	1	TRUE	TRUE	3.20000026476919e-09	8.00000066192297e-06
CAPSAICIN	19221	HMDB	HMDB0002227_25_shen	Capsaicin	inchikey	1	TRUE	TRUE	3.20000026476919e-09	8.00000066192297e-06
CAPSAICIN	19222	HMDB	HMDB0002227_26_shen	Capsaicin	inchikey	1	TRUE	TRUE	3.20000026476919e-09	8.00000066192297e-06
CAPSAICIN	19223	HMDB	HMDB0002227_27_shen	Capsaicin	inchikey	1	TRUE	TRUE	3.20000026476919e-09	8.00000066192297e-06
CAPSAICIN	19224	HMDB	HMDB0002227_28_shen	Capsaicin	inchikey	1	TRUE	TRUE	3.20000026476919e-09	8.00000066192297e-06
CAPSAICIN	19225	HMDB	HMDB0002227_29_shen	Capsaicin	inchikey	1	TRUE	TRUE	3.20000026476919e-09	8.00000066192297e-06
CAPSAICIN	19226	HMDB	HMDB0002227_30_shen	Capsaicin	inchikey	1	TRUE	TRUE	3.20000026476919e-09	8.00000066192297e-06
CAPSAICIN	19227	HMDB	HMDB0002227_31_shen	Capsaicin	inchikey	1	TRUE	TRUE	3.20000026476919e-09	8.00000066192297e-06
CPD-12189	19231	HMDB	HMDB0002231_1_shen	11Z-Eicosenoic acid	inchikey_connectivity_formula_mass	2	FALSE	TRUE	4.0000145418162e-09	1.00000363545405e-05
CPD-12189	19232	HMDB	HMDB0002231_2_shen	11Z-Eicosenoic acid	inchikey_connectivity_formula_mass	2	FALSE	TRUE	4.0000145418162e-09	1.00000363545405e-05
CPD-12189	19233	HMDB	HMDB0002231_3_shen	11Z-Eicosenoic acid	inchikey_connectivity_formula_mass	2	FALSE	TRUE	4.0000145418162e-09	1.00000363545405e-05
CPD-12189	19234	HMDB	HMDB0002231_4_shen	11Z-Eicosenoic acid	inchikey_connectivity_formula_mass	2	FALSE	TRUE	4.0000145418162e-09	1.00000363545405e-05
CPD-12189	19235	HMDB	HMDB0002231_5_shen	11Z-Eicosenoic acid	inchikey_connectivity_formula_mass	2	FALSE	TRUE	4.0000145418162e-09	1.00000363545405e-05
CPD-12189	19236	HMDB	HMDB0002231_6_shen	11Z-Eicosenoic acid	inchikey_connectivity_formula_mass	2	FALSE	TRUE	4.0000145418162e-09	1.00000363545405e-05
CPD-12189	19237	HMDB	HMDB0002231_7_shen	11Z-Eicosenoic acid	inchikey_connectivity_formula_mass	2	FALSE	TRUE	4.0000145418162e-09	1.00000363545405e-05
CPD-12189	19238	HMDB	HMDB0002231_8_shen	11Z-Eicosenoic acid	inchikey_connectivity_formula_mass	2	FALSE	TRUE	4.0000145418162e-09	1.00000363545405e-05
CPD-12189	19239	HMDB	HMDB0002231_9_shen	11Z-Eicosenoic acid	inchikey_connectivity_formula_mass	2	FALSE	TRUE	4.0000145418162e-09	1.00000363545405e-05
CPD-12189	19240	HMDB	HMDB0002231_10_shen	11Z-Eicosenoic acid	inchikey_connectivity_formula_mass	2	FALSE	TRUE	4.0000145418162e-09	1.00000363545405e-05
CPD-12189	19241	HMDB	HMDB0002231_11_shen	11Z-Eicosenoic acid	inchikey_connectivity_formula_mass	2	FALSE	TRUE	4.0000145418162e-09	1.00000363545405e-05
CPD-12189	19242	HMDB	HMDB0002231_12_shen	11Z-Eicosenoic acid	inchikey_connectivity_formula_mass	2	FALSE	TRUE	4.0000145418162e-09	1.00000363545405e-05
CPD-12189	19243	HMDB	HMDB0002231_13_shen	11Z-Eicosenoic acid	inchikey_connectivity_formula_mass	2	FALSE	TRUE	4.0000145418162e-09	1.00000363545405e-05
CPD-12189	19244	HMDB	HMDB0002231_14_shen	11Z-Eicosenoic acid	inchikey_connectivity_formula_mass	2	FALSE	TRUE	4.0000145418162e-09	1.00000363545405e-05
PICOLINATE	19287	HMDB	HMDB0002243_1_shen	Picolinic acid	inchikey_connectivity_formula_mass	2	FALSE	TRUE	8.99987639968458e-10	2.24996909992115e-06
PICOLINATE	19288	HMDB	HMDB0002243_2_shen	Picolinic acid	inchikey_connectivity_formula_mass	2	FALSE	TRUE	8.99987639968458e-10	2.24996909992115e-06
PICOLINATE	19289	HMDB	HMDB0002243_3_shen	Picolinic acid	inchikey_connectivity_formula_mass	2	FALSE	TRUE	8.99987639968458e-10	2.24996909992115e-06
PICOLINATE	19290	HMDB	HMDB0002243_4_shen	Picolinic acid	inchikey_connectivity_formula_mass	2	FALSE	TRUE	8.99987639968458e-10	2.24996909992115e-06
PICOLINATE	19291	HMDB	HMDB0002243_5_shen	Picolinic acid	inchikey_connectivity_formula_mass	2	FALSE	TRUE	8.99987639968458e-10	2.24996909992115e-06
PICOLINATE	19292	HMDB	HMDB0002243_6_shen	Picolinic acid	inchikey_connectivity_formula_mass	2	FALSE	TRUE	8.99987639968458e-10	2.24996909992115e-06
PICOLINATE	19293	HMDB	HMDB0002243_7_shen	Picolinic acid	inchikey_connectivity_formula_mass	2	FALSE	TRUE	8.99987639968458e-10	2.24996909992115e-06
PICOLINATE	19294	HMDB	HMDB0002243_8_shen	Picolinic acid	inchikey_connectivity_formula_mass	2	FALSE	TRUE	8.99987639968458e-10	2.24996909992115e-06
PICOLINATE	19295	HMDB	HMDB0002243_9_shen	Picolinic acid	inchikey_connectivity_formula_mass	2	FALSE	TRUE	8.99987639968458e-10	2.24996909992115e-06
PICOLINATE	19296	HMDB	HMDB0002243_10_shen	Picolinic acid	inchikey_connectivity_formula_mass	2	FALSE	TRUE	8.99987639968458e-10	2.24996909992115e-06
PICOLINATE	19297	HMDB	HMDB0002243_11_shen	Picolinic acid	inchikey_connectivity_formula_mass	2	FALSE	TRUE	8.99987639968458e-10	2.24996909992115e-06
PICOLINATE	19298	HMDB	HMDB0002243_12_shen	Picolinic acid	inchikey_connectivity_formula_mass	2	FALSE	TRUE	8.99987639968458e-10	2.24996909992115e-06
PICOLINATE	19299	HMDB	HMDB0002243_13_shen	Picolinic acid	inchikey_connectivity_formula_mass	2	FALSE	TRUE	8.99987639968458e-10	2.24996909992115e-06
PICOLINATE	19300	HMDB	HMDB0002243_14_shen	Picolinic acid	inchikey_connectivity_formula_mass	2	FALSE	TRUE	8.99987639968458e-10	2.24996909992115e-06
PICOLINATE	19301	HMDB	HMDB0002243_15_shen	Picolinic acid	inchikey_connectivity_formula_mass	2	FALSE	TRUE	8.99987639968458e-10	2.24996909992115e-06
PICOLINATE	19302	HMDB	HMDB0002243_16_shen	Picolinic acid	inchikey_connectivity_formula_mass	2	FALSE	TRUE	8.99987639968458e-10	2.24996909992115e-06
PICOLINATE	19303	HMDB	HMDB0002243_17_shen	Picolinic acid	inchikey_connectivity_formula_mass	2	FALSE	TRUE	8.99987639968458e-10	2.24996909992115e-06
PICOLINATE	19304	HMDB	HMDB0002243_18_shen	Picolinic acid	inchikey_connectivity_formula_mass	2	FALSE	TRUE	8.99987639968458e-10	2.24996909992115e-06
PICOLINATE	19305	HMDB	HMDB0002243_19_shen	Picolinic acid	inchikey_connectivity_formula_mass	2	FALSE	TRUE	8.99987639968458e-10	2.24996909992115e-06
PICOLINATE	19306	HMDB	HMDB0002243_20_shen	Picolinic acid	inchikey_connectivity_formula_mass	2	FALSE	TRUE	8.99987639968458e-10	2.24996909992115e-06
PICOLINATE	19307	HMDB	HMDB0002243_21_shen	Picolinic acid	inchikey_connectivity_formula_mass	2	FALSE	TRUE	8.99987639968458e-10	2.24996909992115e-06
PICOLINATE	19308	HMDB	HMDB0002243_22_shen	Picolinic acid	inchikey_connectivity_formula_mass	2	FALSE	TRUE	8.99987639968458e-10	2.24996909992115e-06
PICOLINATE	19309	HMDB	HMDB0002243_23_shen	Picolinic acid	inchikey_connectivity_formula_mass	2	FALSE	TRUE	8.99987639968458e-10	2.24996909992115e-06
PICOLINATE	19310	HMDB	HMDB0002243_24_shen	Picolinic acid	inchikey_connectivity_formula_mass	2	FALSE	TRUE	8.99987639968458e-10	2.24996909992115e-06
PICOLINATE	19311	HMDB	HMDB0002243_25_shen	Picolinic acid	inchikey_connectivity_formula_mass	2	FALSE	TRUE	8.99987639968458e-10	2.24996909992115e-06
PICOLINATE	19312	HMDB	HMDB0002243_26_shen	Picolinic acid	inchikey_connectivity_formula_mass	2	FALSE	TRUE	8.99987639968458e-10	2.24996909992115e-06
CPD-6602	19338	HMDB	HMDB0002269_1_shen	Curcumin	name_formula_mass	4	TRUE	TRUE	2.60001797869336e-09	6.5000449467334e-06
CPD-6602	19339	HMDB	HMDB0002269_2_shen	Curcumin	name_formula_mass	4	TRUE	TRUE	2.60001797869336e-09	6.5000449467334e-06
CPD-6602	19340	HMDB	HMDB0002269_3_shen	Curcumin	name_formula_mass	4	TRUE	TRUE	2.60001797869336e-09	6.5000449467334e-06
CPD-6602	19341	HMDB	HMDB0002269_4_shen	Curcumin	name_formula_mass	4	TRUE	TRUE	2.60001797869336e-09	6.5000449467334e-06
CPD-6602	19342	HMDB	HMDB0002269_5_shen	Curcumin	name_formula_mass	4	TRUE	TRUE	2.60001797869336e-09	6.5000449467334e-06
CPD-6602	19343	HMDB	HMDB0002269_6_shen	Curcumin	name_formula_mass	4	TRUE	TRUE	2.60001797869336e-09	6.5000449467334e-06
CPD-6602	19344	HMDB	HMDB0002269_7_shen	Curcumin	name_formula_mass	4	TRUE	TRUE	2.60001797869336e-09	6.5000449467334e-06
CPD-6602	19345	HMDB	HMDB0002269_8_shen	Curcumin	name_formula_mass	4	TRUE	TRUE	2.60001797869336e-09	6.5000449467334e-06
CPD-6602	19346	HMDB	HMDB0002269_9_shen	Curcumin	name_formula_mass	4	TRUE	TRUE	2.60001797869336e-09	6.5000449467334e-06
CPD-6602	19347	HMDB	HMDB0002269_10_shen	Curcumin	name_formula_mass	4	TRUE	TRUE	2.60001797869336e-09	6.5000449467334e-06
CPD-6602	19348	HMDB	HMDB0002269_11_shen	Curcumin	name_formula_mass	4	TRUE	TRUE	2.60001797869336e-09	6.5000449467334e-06
DIHYDRO-NEO-PTERIN	19353	HMDB	HMDB0002275_1_shen	7,8-Dihydroneopterin	inchikey	1	TRUE	TRUE	2.70000555246952e-09	6.7500138811738e-06
DIHYDRO-NEO-PTERIN	19354	HMDB	HMDB0002275_2_shen	7,8-Dihydroneopterin	inchikey	1	TRUE	TRUE	2.70000555246952e-09	6.7500138811738e-06
DIHYDRO-NEO-PTERIN	19355	HMDB	HMDB0002275_3_shen	7,8-Dihydroneopterin	inchikey	1	TRUE	TRUE	2.70000555246952e-09	6.7500138811738e-06
DIHYDRO-NEO-PTERIN	19356	HMDB	HMDB0002275_4_shen	7,8-Dihydroneopterin	inchikey	1	TRUE	TRUE	2.70000555246952e-09	6.7500138811738e-06
DIHYDRO-NEO-PTERIN	19357	HMDB	HMDB0002275_5_shen	7,8-Dihydroneopterin	inchikey	1	TRUE	TRUE	2.70000555246952e-09	6.7500138811738e-06
DIHYDRO-NEO-PTERIN	19358	HMDB	HMDB0002275_6_shen	7,8-Dihydroneopterin	inchikey	1	TRUE	TRUE	2.70000555246952e-09	6.7500138811738e-06
DIHYDRO-NEO-PTERIN	19359	HMDB	HMDB0002275_7_shen	7,8-Dihydroneopterin	inchikey	1	TRUE	TRUE	2.70000555246952e-09	6.7500138811738e-06
DIHYDRO-NEO-PTERIN	19360	HMDB	HMDB0002275_8_shen	7,8-Dihydroneopterin	inchikey	1	TRUE	TRUE	2.70000555246952e-09	6.7500138811738e-06
DIHYDRO-NEO-PTERIN	19361	HMDB	HMDB0002275_9_shen	7,8-Dihydroneopterin	inchikey	1	TRUE	TRUE	2.70000555246952e-09	6.7500138811738e-06
DIHYDRO-NEO-PTERIN	19362	HMDB	HMDB0002275_10_shen	7,8-Dihydroneopterin	inchikey	1	TRUE	TRUE	2.70000555246952e-09	6.7500138811738e-06
DIHYDRO-NEO-PTERIN	19363	HMDB	HMDB0002275_11_shen	7,8-Dihydroneopterin	inchikey	1	TRUE	TRUE	2.70000555246952e-09	6.7500138811738e-06
DIHYDRO-NEO-PTERIN	19364	HMDB	HMDB0002275_12_shen	7,8-Dihydroneopterin	inchikey	1	TRUE	TRUE	2.70000555246952e-09	6.7500138811738e-06
DIHYDRO-NEO-PTERIN	19365	HMDB	HMDB0002275_13_shen	7,8-Dihydroneopterin	inchikey	1	TRUE	TRUE	2.70000555246952e-09	6.7500138811738e-06
INDOLE-PROPIONATE	19366	HMDB	HMDB0002302_1_shen	Indole-3-propionic acid	inchikey_connectivity_formula_mass	2	FALSE	TRUE	1.50001255860843e-09	3.75003139652108e-06
INDOLE-PROPIONATE	19367	HMDB	HMDB0002302_2_shen	Indole-3-propionic acid	inchikey_connectivity_formula_mass	2	FALSE	TRUE	1.50001255860843e-09	3.75003139652108e-06
INDOLE-PROPIONATE	19368	HMDB	HMDB0002302_3_shen	Indole-3-propionic acid	inchikey_connectivity_formula_mass	2	FALSE	TRUE	1.50001255860843e-09	3.75003139652108e-06
INDOLE-PROPIONATE	19369	HMDB	HMDB0002302_4_shen	Indole-3-propionic acid	inchikey_connectivity_formula_mass	2	FALSE	TRUE	1.50001255860843e-09	3.75003139652108e-06
INDOLE-PROPIONATE	19370	HMDB	HMDB0002302_5_shen	Indole-3-propionic acid	inchikey_connectivity_formula_mass	2	FALSE	TRUE	1.50001255860843e-09	3.75003139652108e-06
INDOLE-PROPIONATE	19371	HMDB	HMDB0002302_6_shen	Indole-3-propionic acid	inchikey_connectivity_formula_mass	2	FALSE	TRUE	1.50001255860843e-09	3.75003139652108e-06
INDOLE-PROPIONATE	19372	HMDB	HMDB0002302_7_shen	Indole-3-propionic acid	inchikey_connectivity_formula_mass	2	FALSE	TRUE	1.50001255860843e-09	3.75003139652108e-06
INDOLE-PROPIONATE	19373	HMDB	HMDB0002302_8_shen	Indole-3-propionic acid	inchikey_connectivity_formula_mass	2	FALSE	TRUE	1.50001255860843e-09	3.75003139652108e-06
INDOLE-PROPIONATE	19374	HMDB	HMDB0002302_9_shen	Indole-3-propionic acid	inchikey_connectivity_formula_mass	2	FALSE	TRUE	1.50001255860843e-09	3.75003139652108e-06
INDOLE-PROPIONATE	19375	HMDB	HMDB0002302_10_shen	Indole-3-propionic acid	inchikey_connectivity_formula_mass	2	FALSE	TRUE	1.50001255860843e-09	3.75003139652108e-06
INDOLE-PROPIONATE	19376	HMDB	HMDB0002302_11_shen	Indole-3-propionic acid	inchikey_connectivity_formula_mass	2	FALSE	TRUE	1.50001255860843e-09	3.75003139652108e-06
INDOLE-PROPIONATE	19377	HMDB	HMDB0002302_12_shen	Indole-3-propionic acid	inchikey_connectivity_formula_mass	2	FALSE	TRUE	1.50001255860843e-09	3.75003139652108e-06
INDOLE-PROPIONATE	19378	HMDB	HMDB0002302_13_shen	Indole-3-propionic acid	inchikey_connectivity_formula_mass	2	FALSE	TRUE	1.50001255860843e-09	3.75003139652108e-06
INDOLE-PROPIONATE	19379	HMDB	HMDB0002302_14_shen	Indole-3-propionic acid	inchikey_connectivity_formula_mass	2	FALSE	TRUE	1.50001255860843e-09	3.75003139652108e-06
INDOLE-PROPIONATE	19380	HMDB	HMDB0002302_15_shen	Indole-3-propionic acid	inchikey_connectivity_formula_mass	2	FALSE	TRUE	1.50001255860843e-09	3.75003139652108e-06
INDOLE-PROPIONATE	19381	HMDB	HMDB0002302_16_shen	Indole-3-propionic acid	inchikey_connectivity_formula_mass	2	FALSE	TRUE	1.50001255860843e-09	3.75003139652108e-06
INDOLE-PROPIONATE	19382	HMDB	HMDB0002302_17_shen	Indole-3-propionic acid	inchikey_connectivity_formula_mass	2	FALSE	TRUE	1.50001255860843e-09	3.75003139652108e-06
INDOLE-PROPIONATE	19383	HMDB	HMDB0002302_18_shen	Indole-3-propionic acid	inchikey_connectivity_formula_mass	2	FALSE	TRUE	1.50001255860843e-09	3.75003139652108e-06
INDOLE-PROPIONATE	19384	HMDB	HMDB0002302_19_shen	Indole-3-propionic acid	inchikey_connectivity_formula_mass	2	FALSE	TRUE	1.50001255860843e-09	3.75003139652108e-06
INDOLE-PROPIONATE	19385	HMDB	HMDB0002302_20_shen	Indole-3-propionic acid	inchikey_connectivity_formula_mass	2	FALSE	TRUE	1.50001255860843e-09	3.75003139652108e-06
CADAVERINE	19395	HMDB	HMDB0002322_1_shen	Cadaverine	inchikey_connectivity_formula_mass	2	FALSE	TRUE	1.80000370164635e-09	4.50000925411587e-06
CADAVERINE	19396	HMDB	HMDB0002322_2_shen	Cadaverine	inchikey_connectivity_formula_mass	2	FALSE	TRUE	1.80000370164635e-09	4.50000925411587e-06
CADAVERINE	19397	HMDB	HMDB0002322_3_shen	Cadaverine	inchikey_connectivity_formula_mass	2	FALSE	TRUE	1.80000370164635e-09	4.50000925411587e-06
CADAVERINE	19398	HMDB	HMDB0002322_4_shen	Cadaverine	inchikey_connectivity_formula_mass	2	FALSE	TRUE	1.80000370164635e-09	4.50000925411587e-06
CADAVERINE	19399	HMDB	HMDB0002322_5_shen	Cadaverine	inchikey_connectivity_formula_mass	2	FALSE	TRUE	1.80000370164635e-09	4.50000925411587e-06
CADAVERINE	19400	HMDB	HMDB0002322_6_shen	Cadaverine	inchikey_connectivity_formula_mass	2	FALSE	TRUE	1.80000370164635e-09	4.50000925411587e-06
CADAVERINE	19401	HMDB	HMDB0002322_7_shen	Cadaverine	inchikey_connectivity_formula_mass	2	FALSE	TRUE	1.80000370164635e-09	4.50000925411587e-06
CADAVERINE	19402	HMDB	HMDB0002322_8_shen	Cadaverine	inchikey_connectivity_formula_mass	2	FALSE	TRUE	1.80000370164635e-09	4.50000925411587e-06
CADAVERINE	19403	HMDB	HMDB0002322_9_shen	Cadaverine	inchikey_connectivity_formula_mass	2	FALSE	TRUE	1.80000370164635e-09	4.50000925411587e-06
CADAVERINE	19404	HMDB	HMDB0002322_10_shen	Cadaverine	inchikey_connectivity_formula_mass	2	FALSE	TRUE	1.80000370164635e-09	4.50000925411587e-06
CADAVERINE	19405	HMDB	HMDB0002322_11_shen	Cadaverine	inchikey_connectivity_formula_mass	2	FALSE	TRUE	1.80000370164635e-09	4.50000925411587e-06
CADAVERINE	19406	HMDB	HMDB0002322_12_shen	Cadaverine	inchikey_connectivity_formula_mass	2	FALSE	TRUE	1.80000370164635e-09	4.50000925411587e-06
CADAVERINE	19407	HMDB	HMDB0002322_13_shen	Cadaverine	inchikey_connectivity_formula_mass	2	FALSE	TRUE	1.80000370164635e-09	4.50000925411587e-06
CADAVERINE	19408	HMDB	HMDB0002322_14_shen	Cadaverine	inchikey_connectivity_formula_mass	2	FALSE	TRUE	1.80000370164635e-09	4.50000925411587e-06
CADAVERINE	19409	HMDB	HMDB0002322_15_shen	Cadaverine	inchikey_connectivity_formula_mass	2	FALSE	TRUE	1.80000370164635e-09	4.50000925411587e-06
CADAVERINE	19410	HMDB	HMDB0002322_16_shen	Cadaverine	inchikey_connectivity_formula_mass	2	FALSE	TRUE	1.80000370164635e-09	4.50000925411587e-06
CADAVERINE	19411	HMDB	HMDB0002322_17_shen	Cadaverine	inchikey_connectivity_formula_mass	2	FALSE	TRUE	1.80000370164635e-09	4.50000925411587e-06
CADAVERINE	19412	HMDB	HMDB0002322_18_shen	Cadaverine	inchikey_connectivity_formula_mass	2	FALSE	TRUE	1.80000370164635e-09	4.50000925411587e-06
CADAVERINE	19413	HMDB	HMDB0002322_19_shen	Cadaverine	inchikey_connectivity_formula_mass	2	FALSE	TRUE	1.80000370164635e-09	4.50000925411587e-06
CADAVERINE	19414	HMDB	HMDB0002322_20_shen	Cadaverine	inchikey_connectivity_formula_mass	2	FALSE	TRUE	1.80000370164635e-09	4.50000925411587e-06
CADAVERINE	19415	HMDB	HMDB0002322_21_shen	Cadaverine	inchikey_connectivity_formula_mass	2	FALSE	TRUE	1.80000370164635e-09	4.50000925411587e-06
CADAVERINE	19416	HMDB	HMDB0002322_22_shen	Cadaverine	inchikey_connectivity_formula_mass	2	FALSE	TRUE	1.80000370164635e-09	4.50000925411587e-06
CADAVERINE	19417	HMDB	HMDB0002322_23_shen	Cadaverine	inchikey_connectivity_formula_mass	2	FALSE	TRUE	1.80000370164635e-09	4.50000925411587e-06
CADAVERINE	19418	HMDB	HMDB0002322_24_shen	Cadaverine	inchikey_connectivity_formula_mass	2	FALSE	TRUE	1.80000370164635e-09	4.50000925411587e-06
CADAVERINE	19419	HMDB	HMDB0002322_25_shen	Cadaverine	inchikey_connectivity_formula_mass	2	FALSE	TRUE	1.80000370164635e-09	4.50000925411587e-06
CADAVERINE	19420	HMDB	HMDB0002322_26_shen	Cadaverine	inchikey_connectivity_formula_mass	2	FALSE	TRUE	1.80000370164635e-09	4.50000925411587e-06
CADAVERINE	19421	HMDB	HMDB0002322_27_shen	Cadaverine	inchikey_connectivity_formula_mass	2	FALSE	TRUE	1.80000370164635e-09	4.50000925411587e-06
CPD-11779	19422	HMDB	HMDB0002326_1_shen	Coumesterol	inchikey	1	TRUE	TRUE	9.29998122956022e-09	2.32499530739005e-05
CPD-11779	19423	HMDB	HMDB0002326_2_shen	Coumesterol	inchikey	1	TRUE	TRUE	9.29998122956022e-09	2.32499530739005e-05
CPD-11779	19424	HMDB	HMDB0002326_3_shen	Coumesterol	inchikey	1	TRUE	TRUE	9.29998122956022e-09	2.32499530739005e-05
CPD-11779	19425	HMDB	HMDB0002326_4_shen	Coumesterol	inchikey	1	TRUE	TRUE	9.29998122956022e-09	2.32499530739005e-05
CPD-11779	19426	HMDB	HMDB0002326_5_shen	Coumesterol	inchikey	1	TRUE	TRUE	9.29998122956022e-09	2.32499530739005e-05
CPD-11779	19427	HMDB	HMDB0002326_6_shen	Coumesterol	inchikey	1	TRUE	TRUE	9.29998122956022e-09	2.32499530739005e-05
CPD-11779	19428	HMDB	HMDB0002326_7_shen	Coumesterol	inchikey	1	TRUE	TRUE	9.29998122956022e-09	2.32499530739005e-05
CPD-11779	19429	HMDB	HMDB0002326_8_shen	Coumesterol	inchikey	1	TRUE	TRUE	9.29998122956022e-09	2.32499530739005e-05
CPD-11779	19430	HMDB	HMDB0002326_9_shen	Coumesterol	inchikey	1	TRUE	TRUE	9.29998122956022e-09	2.32499530739005e-05
CPD-11779	19431	HMDB	HMDB0002326_10_shen	Coumesterol	inchikey	1	TRUE	TRUE	9.29998122956022e-09	2.32499530739005e-05
CPD-11779	19432	HMDB	HMDB0002326_11_shen	Coumesterol	inchikey	1	TRUE	TRUE	9.29998122956022e-09	2.32499530739005e-05
CPD-11779	19433	HMDB	HMDB0002326_12_shen	Coumesterol	inchikey	1	TRUE	TRUE	9.29998122956022e-09	2.32499530739005e-05
CPD-11779	19434	HMDB	HMDB0002326_13_shen	Coumesterol	inchikey	1	TRUE	TRUE	9.29998122956022e-09	2.32499530739005e-05
CPD-11779	19435	HMDB	HMDB0002326_14_shen	Coumesterol	inchikey	1	TRUE	TRUE	9.29998122956022e-09	2.32499530739005e-05
CPD-11779	19436	HMDB	HMDB0002326_15_shen	Coumesterol	inchikey	1	TRUE	TRUE	9.29998122956022e-09	2.32499530739005e-05
CPD-11779	19437	HMDB	HMDB0002326_16_shen	Coumesterol	inchikey	1	TRUE	TRUE	9.29998122956022e-09	2.32499530739005e-05
CPD-11779	19438	HMDB	HMDB0002326_17_shen	Coumesterol	inchikey	1	TRUE	TRUE	9.29998122956022e-09	2.32499530739005e-05
CPD-11779	19439	HMDB	HMDB0002326_18_shen	Coumesterol	inchikey	1	TRUE	TRUE	9.29998122956022e-09	2.32499530739005e-05
CPD-11779	19440	HMDB	HMDB0002326_19_shen	Coumesterol	inchikey	1	TRUE	TRUE	9.29998122956022e-09	2.32499530739005e-05
CPD-11779	19441	HMDB	HMDB0002326_20_shen	Coumesterol	inchikey	1	TRUE	TRUE	9.29998122956022e-09	2.32499530739005e-05
CPD-11779	19442	HMDB	HMDB0002326_21_shen	Coumesterol	inchikey	1	TRUE	TRUE	9.29998122956022e-09	2.32499530739005e-05
CPD-11779	19443	HMDB	HMDB0002326_22_shen	Coumesterol	inchikey	1	TRUE	TRUE	9.29998122956022e-09	2.32499530739005e-05
CPD-11779	19444	HMDB	HMDB0002326_23_shen	Coumesterol	inchikey	1	TRUE	TRUE	9.29998122956022e-09	2.32499530739005e-05
CPD-11779	19445	HMDB	HMDB0002326_24_shen	Coumesterol	inchikey	1	TRUE	TRUE	9.29998122956022e-09	2.32499530739005e-05
CPD-11779	19446	HMDB	HMDB0002326_25_shen	Coumesterol	inchikey	1	TRUE	TRUE	9.29998122956022e-09	2.32499530739005e-05
CPD-11779	19447	HMDB	HMDB0002326_26_shen	Coumesterol	inchikey	1	TRUE	TRUE	9.29998122956022e-09	2.32499530739005e-05
CPD-11779	19448	HMDB	HMDB0002326_27_shen	Coumesterol	inchikey	1	TRUE	TRUE	9.29998122956022e-09	2.32499530739005e-05
CPD-11779	19449	HMDB	HMDB0002326_28_shen	Coumesterol	inchikey	1	TRUE	TRUE	9.29998122956022e-09	2.32499530739005e-05
CPD-11779	19450	HMDB	HMDB0002326_29_shen	Coumesterol	inchikey	1	TRUE	TRUE	9.29998122956022e-09	2.32499530739005e-05
CPD-11779	19451	HMDB	HMDB0002326_30_shen	Coumesterol	inchikey	1	TRUE	TRUE	9.29998122956022e-09	2.32499530739005e-05
OXALATE	19461	HMDB	HMDB0002329_1_shen	Oxalic acid	inchikey_connectivity_formula_mass	2	FALSE	TRUE	5.99996496930544e-10	1.49999124232636e-06
OXALATE	19462	HMDB	HMDB0002329_2_shen	Oxalic acid	inchikey_connectivity_formula_mass	2	FALSE	TRUE	5.99996496930544e-10	1.49999124232636e-06
OXALATE	19463	HMDB	HMDB0002329_3_shen	Oxalic acid	inchikey_connectivity_formula_mass	2	FALSE	TRUE	5.99996496930544e-10	1.49999124232636e-06
OXALATE	19464	HMDB	HMDB0002329_4_shen	Oxalic acid	inchikey_connectivity_formula_mass	2	FALSE	TRUE	5.99996496930544e-10	1.49999124232636e-06
BIOCHANIN-A	19465	HMDB	HMDB0002338_1_shen	Biochanin A	inchikey_connectivity_formula_mass	2	FALSE	TRUE	9.69998836808372e-09	2.42499709202093e-05
BIOCHANIN-A	19466	HMDB	HMDB0002338_2_shen	Biochanin A	inchikey_connectivity_formula_mass	2	FALSE	TRUE	9.69998836808372e-09	2.42499709202093e-05
BIOCHANIN-A	19467	HMDB	HMDB0002338_3_shen	Biochanin A	inchikey_connectivity_formula_mass	2	FALSE	TRUE	9.69998836808372e-09	2.42499709202093e-05
BIOCHANIN-A	19468	HMDB	HMDB0002338_4_shen	Biochanin A	inchikey_connectivity_formula_mass	2	FALSE	TRUE	9.69998836808372e-09	2.42499709202093e-05
BIOCHANIN-A	19469	HMDB	HMDB0002338_5_shen	Biochanin A	inchikey_connectivity_formula_mass	2	FALSE	TRUE	9.69998836808372e-09	2.42499709202093e-05
BIOCHANIN-A	19470	HMDB	HMDB0002338_6_shen	Biochanin A	inchikey_connectivity_formula_mass	2	FALSE	TRUE	9.69998836808372e-09	2.42499709202093e-05
BIOCHANIN-A	19471	HMDB	HMDB0002338_7_shen	Biochanin A	inchikey_connectivity_formula_mass	2	FALSE	TRUE	9.69998836808372e-09	2.42499709202093e-05
BIOCHANIN-A	19472	HMDB	HMDB0002338_8_shen	Biochanin A	inchikey_connectivity_formula_mass	2	FALSE	TRUE	9.69998836808372e-09	2.42499709202093e-05
BIOCHANIN-A	19473	HMDB	HMDB0002338_9_shen	Biochanin A	inchikey_connectivity_formula_mass	2	FALSE	TRUE	9.69998836808372e-09	2.42499709202093e-05
BIOCHANIN-A	19474	HMDB	HMDB0002338_10_shen	Biochanin A	inchikey_connectivity_formula_mass	2	FALSE	TRUE	9.69998836808372e-09	2.42499709202093e-05
BIOCHANIN-A	19475	HMDB	HMDB0002338_11_shen	Biochanin A	inchikey_connectivity_formula_mass	2	FALSE	TRUE	9.69998836808372e-09	2.42499709202093e-05
BIOCHANIN-A	19476	HMDB	HMDB0002338_12_shen	Biochanin A	inchikey_connectivity_formula_mass	2	FALSE	TRUE	9.69998836808372e-09	2.42499709202093e-05
BIOCHANIN-A	19477	HMDB	HMDB0002338_13_shen	Biochanin A	inchikey_connectivity_formula_mass	2	FALSE	TRUE	9.69998836808372e-09	2.42499709202093e-05
BIOCHANIN-A	19478	HMDB	HMDB0002338_14_shen	Biochanin A	inchikey_connectivity_formula_mass	2	FALSE	TRUE	9.69998836808372e-09	2.42499709202093e-05
BIOCHANIN-A	19479	HMDB	HMDB0002338_15_shen	Biochanin A	inchikey_connectivity_formula_mass	2	FALSE	TRUE	9.69998836808372e-09	2.42499709202093e-05
BIOCHANIN-A	19480	HMDB	HMDB0002338_16_shen	Biochanin A	inchikey_connectivity_formula_mass	2	FALSE	TRUE	9.69998836808372e-09	2.42499709202093e-05
BIOCHANIN-A	19481	HMDB	HMDB0002338_17_shen	Biochanin A	inchikey_connectivity_formula_mass	2	FALSE	TRUE	9.69998836808372e-09	2.42499709202093e-05
BIOCHANIN-A	19482	HMDB	HMDB0002338_18_shen	Biochanin A	inchikey_connectivity_formula_mass	2	FALSE	TRUE	9.69998836808372e-09	2.42499709202093e-05
BIOCHANIN-A	19483	HMDB	HMDB0002338_19_shen	Biochanin A	inchikey_connectivity_formula_mass	2	FALSE	TRUE	9.69998836808372e-09	2.42499709202093e-05
BIOCHANIN-A	19484	HMDB	HMDB0002338_20_shen	Biochanin A	inchikey_connectivity_formula_mass	2	FALSE	TRUE	9.69998836808372e-09	2.42499709202093e-05
BIOCHANIN-A	19485	HMDB	HMDB0002338_21_shen	Biochanin A	inchikey_connectivity_formula_mass	2	FALSE	TRUE	9.69998836808372e-09	2.42499709202093e-05
BIOCHANIN-A	19486	HMDB	HMDB0002338_22_shen	Biochanin A	inchikey_connectivity_formula_mass	2	FALSE	TRUE	9.69998836808372e-09	2.42499709202093e-05
BIOCHANIN-A	19487	HMDB	HMDB0002338_23_shen	Biochanin A	inchikey_connectivity_formula_mass	2	FALSE	TRUE	9.69998836808372e-09	2.42499709202093e-05
BIOCHANIN-A	19488	HMDB	HMDB0002338_24_shen	Biochanin A	inchikey_connectivity_formula_mass	2	FALSE	TRUE	9.69998836808372e-09	2.42499709202093e-05
BIOCHANIN-A	19489	HMDB	HMDB0002338_25_shen	Biochanin A	inchikey_connectivity_formula_mass	2	FALSE	TRUE	9.69998836808372e-09	2.42499709202093e-05
BIOCHANIN-A	19490	HMDB	HMDB0002338_26_shen	Biochanin A	inchikey_connectivity_formula_mass	2	FALSE	TRUE	9.69998836808372e-09	2.42499709202093e-05
BIOCHANIN-A	19491	HMDB	HMDB0002338_27_shen	Biochanin A	inchikey_connectivity_formula_mass	2	FALSE	TRUE	9.69998836808372e-09	2.42499709202093e-05
BIOCHANIN-A	19492	HMDB	HMDB0002338_28_shen	Biochanin A	inchikey_connectivity_formula_mass	2	FALSE	TRUE	9.69998836808372e-09	2.42499709202093e-05
BIOCHANIN-A	19493	HMDB	HMDB0002338_29_shen	Biochanin A	inchikey_connectivity_formula_mass	2	FALSE	TRUE	9.69998836808372e-09	2.42499709202093e-05
BIOCHANIN-A	19494	HMDB	HMDB0002338_30_shen	Biochanin A	inchikey_connectivity_formula_mass	2	FALSE	TRUE	9.69998836808372e-09	2.42499709202093e-05
BIOCHANIN-A	19495	HMDB	HMDB0002338_31_shen	Biochanin A	inchikey_connectivity_formula_mass	2	FALSE	TRUE	9.69998836808372e-09	2.42499709202093e-05
BIOCHANIN-A	19496	HMDB	HMDB0002338_32_shen	Biochanin A	inchikey_connectivity_formula_mass	2	FALSE	TRUE	9.69998836808372e-09	2.42499709202093e-05
BIOCHANIN-A	19497	HMDB	HMDB0002338_33_shen	Biochanin A	inchikey_connectivity_formula_mass	2	FALSE	TRUE	9.69998836808372e-09	2.42499709202093e-05
BIOCHANIN-A	19498	HMDB	HMDB0002338_34_shen	Biochanin A	inchikey_connectivity_formula_mass	2	FALSE	TRUE	9.69998836808372e-09	2.42499709202093e-05
BIOCHANIN-A	19499	HMDB	HMDB0002338_35_shen	Biochanin A	inchikey_connectivity_formula_mass	2	FALSE	TRUE	9.69998836808372e-09	2.42499709202093e-05
BIOCHANIN-A	19500	HMDB	HMDB0002338_36_shen	Biochanin A	inchikey_connectivity_formula_mass	2	FALSE	TRUE	9.69998836808372e-09	2.42499709202093e-05
BIOCHANIN-A	19501	HMDB	HMDB0002338_37_shen	Biochanin A	inchikey_connectivity_formula_mass	2	FALSE	TRUE	9.69998836808372e-09	2.42499709202093e-05
BIOCHANIN-A	19502	HMDB	HMDB0002338_38_shen	Biochanin A	inchikey_connectivity_formula_mass	2	FALSE	TRUE	9.69998836808372e-09	2.42499709202093e-05
BIOCHANIN-A	19503	HMDB	HMDB0002338_39_shen	Biochanin A	inchikey_connectivity_formula_mass	2	FALSE	TRUE	9.69998836808372e-09	2.42499709202093e-05
BIOCHANIN-A	19504	HMDB	HMDB0002338_40_shen	Biochanin A	inchikey_connectivity_formula_mass	2	FALSE	TRUE	9.69998836808372e-09	2.42499709202093e-05
BIOCHANIN-A	19505	HMDB	HMDB0002338_41_shen	Biochanin A	inchikey_connectivity_formula_mass	2	FALSE	TRUE	9.69998836808372e-09	2.42499709202093e-05
BIOCHANIN-A	19506	HMDB	HMDB0002338_42_shen	Biochanin A	inchikey_connectivity_formula_mass	2	FALSE	TRUE	9.69998836808372e-09	2.42499709202093e-05
BIOCHANIN-A	19507	HMDB	HMDB0002338_43_shen	Biochanin A	inchikey_connectivity_formula_mass	2	FALSE	TRUE	9.69998836808372e-09	2.42499709202093e-05
BIOCHANIN-A	19508	HMDB	HMDB0002338_44_shen	Biochanin A	inchikey_connectivity_formula_mass	2	FALSE	TRUE	9.69998836808372e-09	2.42499709202093e-05
BIOCHANIN-A	19509	HMDB	HMDB0002338_45_shen	Biochanin A	inchikey_connectivity_formula_mass	2	FALSE	TRUE	9.69998836808372e-09	2.42499709202093e-05
BIOCHANIN-A	19510	HMDB	HMDB0002338_46_shen	Biochanin A	inchikey_connectivity_formula_mass	2	FALSE	TRUE	9.69998836808372e-09	2.42499709202093e-05
BIOCHANIN-A	19511	HMDB	HMDB0002338_47_shen	Biochanin A	inchikey_connectivity_formula_mass	2	FALSE	TRUE	9.69998836808372e-09	2.42499709202093e-05
BIOCHANIN-A	19512	HMDB	HMDB0002338_48_shen	Biochanin A	inchikey_connectivity_formula_mass	2	FALSE	TRUE	9.69998836808372e-09	2.42499709202093e-05
BIOCHANIN-A	19513	HMDB	HMDB0002338_49_shen	Biochanin A	inchikey_connectivity_formula_mass	2	FALSE	TRUE	9.69998836808372e-09	2.42499709202093e-05
BIOCHANIN-A	19514	HMDB	HMDB0002338_50_shen	Biochanin A	inchikey_connectivity_formula_mass	2	FALSE	TRUE	9.69998836808372e-09	2.42499709202093e-05
BIOCHANIN-A	19515	HMDB	HMDB0002338_51_shen	Biochanin A	inchikey_connectivity_formula_mass	2	FALSE	TRUE	9.69998836808372e-09	2.42499709202093e-05
BIOCHANIN-A	19516	HMDB	HMDB0002338_52_shen	Biochanin A	inchikey_connectivity_formula_mass	2	FALSE	TRUE	9.69998836808372e-09	2.42499709202093e-05
BIOCHANIN-A	19517	HMDB	HMDB0002338_53_shen	Biochanin A	inchikey_connectivity_formula_mass	2	FALSE	TRUE	9.69998836808372e-09	2.42499709202093e-05
BIOCHANIN-A	19518	HMDB	HMDB0002338_54_shen	Biochanin A	inchikey_connectivity_formula_mass	2	FALSE	TRUE	9.69998836808372e-09	2.42499709202093e-05
BIOCHANIN-A	19519	HMDB	HMDB0002338_55_shen	Biochanin A	inchikey_connectivity_formula_mass	2	FALSE	TRUE	9.69998836808372e-09	2.42499709202093e-05
BIOCHANIN-A	19520	HMDB	HMDB0002338_56_shen	Biochanin A	inchikey_connectivity_formula_mass	2	FALSE	TRUE	9.69998836808372e-09	2.42499709202093e-05
BIOCHANIN-A	19521	HMDB	HMDB0002338_57_shen	Biochanin A	inchikey_connectivity_formula_mass	2	FALSE	TRUE	9.69998836808372e-09	2.42499709202093e-05
BIOCHANIN-A	19522	HMDB	HMDB0002338_58_shen	Biochanin A	inchikey_connectivity_formula_mass	2	FALSE	TRUE	9.69998836808372e-09	2.42499709202093e-05
BIOCHANIN-A	19523	HMDB	HMDB0002338_59_shen	Biochanin A	inchikey_connectivity_formula_mass	2	FALSE	TRUE	9.69998836808372e-09	2.42499709202093e-05
BIOCHANIN-A	19524	HMDB	HMDB0002338_60_shen	Biochanin A	inchikey_connectivity_formula_mass	2	FALSE	TRUE	9.69998836808372e-09	2.42499709202093e-05
BIOCHANIN-A	19525	HMDB	HMDB0002338_61_shen	Biochanin A	inchikey_connectivity_formula_mass	2	FALSE	TRUE	9.69998836808372e-09	2.42499709202093e-05
BIOCHANIN-A	19526	HMDB	HMDB0002338_62_shen	Biochanin A	inchikey_connectivity_formula_mass	2	FALSE	TRUE	9.69998836808372e-09	2.42499709202093e-05
BIOCHANIN-A	19527	HMDB	HMDB0002338_63_shen	Biochanin A	inchikey_connectivity_formula_mass	2	FALSE	TRUE	9.69998836808372e-09	2.42499709202093e-05
BIOCHANIN-A	19528	HMDB	HMDB0002338_64_shen	Biochanin A	inchikey_connectivity_formula_mass	2	FALSE	TRUE	9.69998836808372e-09	2.42499709202093e-05
BIOCHANIN-A	19529	HMDB	HMDB0002338_65_shen	Biochanin A	inchikey_connectivity_formula_mass	2	FALSE	TRUE	9.69998836808372e-09	2.42499709202093e-05
BIOCHANIN-A	19530	HMDB	HMDB0002338_66_shen	Biochanin A	inchikey_connectivity_formula_mass	2	FALSE	TRUE	9.69998836808372e-09	2.42499709202093e-05
BIOCHANIN-A	19531	HMDB	HMDB0002338_67_shen	Biochanin A	inchikey_connectivity_formula_mass	2	FALSE	TRUE	9.69998836808372e-09	2.42499709202093e-05
BIOCHANIN-A	19532	HMDB	HMDB0002338_68_shen	Biochanin A	inchikey_connectivity_formula_mass	2	FALSE	TRUE	9.69998836808372e-09	2.42499709202093e-05
BIOCHANIN-A	19533	HMDB	HMDB0002338_69_shen	Biochanin A	inchikey_connectivity_formula_mass	2	FALSE	TRUE	9.69998836808372e-09	2.42499709202093e-05
BIOCHANIN-A	19534	HMDB	HMDB0002338_70_shen	Biochanin A	inchikey_connectivity_formula_mass	2	FALSE	TRUE	9.69998836808372e-09	2.42499709202093e-05
BIOCHANIN-A	19535	HMDB	HMDB0002338_71_shen	Biochanin A	inchikey_connectivity_formula_mass	2	FALSE	TRUE	9.69998836808372e-09	2.42499709202093e-05
BIOCHANIN-A	19536	HMDB	HMDB0002338_72_shen	Biochanin A	inchikey_connectivity_formula_mass	2	FALSE	TRUE	9.69998836808372e-09	2.42499709202093e-05
BIOCHANIN-A	19537	HMDB	HMDB0002338_73_shen	Biochanin A	inchikey_connectivity_formula_mass	2	FALSE	TRUE	9.69998836808372e-09	2.42499709202093e-05
BIOCHANIN-A	19538	HMDB	HMDB0002338_74_shen	Biochanin A	inchikey_connectivity_formula_mass	2	FALSE	TRUE	9.69998836808372e-09	2.42499709202093e-05
BIOCHANIN-A	19539	HMDB	HMDB0002338_75_shen	Biochanin A	inchikey_connectivity_formula_mass	2	FALSE	TRUE	9.69998836808372e-09	2.42499709202093e-05
BIOCHANIN-A	19540	HMDB	HMDB0002338_76_shen	Biochanin A	inchikey_connectivity_formula_mass	2	FALSE	TRUE	9.69998836808372e-09	2.42499709202093e-05
BIOCHANIN-A	19541	HMDB	HMDB0002338_77_shen	Biochanin A	inchikey_connectivity_formula_mass	2	FALSE	TRUE	9.69998836808372e-09	2.42499709202093e-05
BIOCHANIN-A	19542	HMDB	HMDB0002338_78_shen	Biochanin A	inchikey_connectivity_formula_mass	2	FALSE	TRUE	9.69998836808372e-09	2.42499709202093e-05
BIOCHANIN-A	19543	HMDB	HMDB0002338_79_shen	Biochanin A	inchikey_connectivity_formula_mass	2	FALSE	TRUE	9.69998836808372e-09	2.42499709202093e-05
BIOCHANIN-A	19544	HMDB	HMDB0002338_80_shen	Biochanin A	inchikey_connectivity_formula_mass	2	FALSE	TRUE	9.69998836808372e-09	2.42499709202093e-05
BIOCHANIN-A	19545	HMDB	HMDB0002338_81_shen	Biochanin A	inchikey_connectivity_formula_mass	2	FALSE	TRUE	9.69998836808372e-09	2.42499709202093e-05
BIOCHANIN-A	19546	HMDB	HMDB0002338_82_shen	Biochanin A	inchikey_connectivity_formula_mass	2	FALSE	TRUE	9.69998836808372e-09	2.42499709202093e-05
BIOCHANIN-A	19547	HMDB	HMDB0002338_83_shen	Biochanin A	inchikey_connectivity_formula_mass	2	FALSE	TRUE	9.69998836808372e-09	2.42499709202093e-05
BIOCHANIN-A	19548	HMDB	HMDB0002338_84_shen	Biochanin A	inchikey_connectivity_formula_mass	2	FALSE	TRUE	9.69998836808372e-09	2.42499709202093e-05
BIOCHANIN-A	19549	HMDB	HMDB0002338_85_shen	Biochanin A	inchikey_connectivity_formula_mass	2	FALSE	TRUE	9.69998836808372e-09	2.42499709202093e-05
BIOCHANIN-A	19550	HMDB	HMDB0002338_86_shen	Biochanin A	inchikey_connectivity_formula_mass	2	FALSE	TRUE	9.69998836808372e-09	2.42499709202093e-05
BIOCHANIN-A	19551	HMDB	HMDB0002338_87_shen	Biochanin A	inchikey_connectivity_formula_mass	2	FALSE	TRUE	9.69998836808372e-09	2.42499709202093e-05
BIOCHANIN-A	19552	HMDB	HMDB0002338_88_shen	Biochanin A	inchikey_connectivity_formula_mass	2	FALSE	TRUE	9.69998836808372e-09	2.42499709202093e-05
BIOCHANIN-A	19553	HMDB	HMDB0002338_89_shen	Biochanin A	inchikey_connectivity_formula_mass	2	FALSE	TRUE	9.69998836808372e-09	2.42499709202093e-05
BIOCHANIN-A	19554	HMDB	HMDB0002338_90_shen	Biochanin A	inchikey_connectivity_formula_mass	2	FALSE	TRUE	9.69998836808372e-09	2.42499709202093e-05
BIOCHANIN-A	19555	HMDB	HMDB0002338_91_shen	Biochanin A	inchikey_connectivity_formula_mass	2	FALSE	TRUE	9.69998836808372e-09	2.42499709202093e-05
BIOCHANIN-A	19556	HMDB	HMDB0002338_92_shen	Biochanin A	inchikey_connectivity_formula_mass	2	FALSE	TRUE	9.69998836808372e-09	2.42499709202093e-05
BIOCHANIN-A	19557	HMDB	HMDB0002338_93_shen	Biochanin A	inchikey_connectivity_formula_mass	2	FALSE	TRUE	9.69998836808372e-09	2.42499709202093e-05
BIOCHANIN-A	19558	HMDB	HMDB0002338_94_shen	Biochanin A	inchikey_connectivity_formula_mass	2	FALSE	TRUE	9.69998836808372e-09	2.42499709202093e-05
BIOCHANIN-A	19559	HMDB	HMDB0002338_95_shen	Biochanin A	inchikey_connectivity_formula_mass	2	FALSE	TRUE	9.69998836808372e-09	2.42499709202093e-05
BIOCHANIN-A	19560	HMDB	HMDB0002338_96_shen	Biochanin A	inchikey_connectivity_formula_mass	2	FALSE	TRUE	9.69998836808372e-09	2.42499709202093e-05
BIOCHANIN-A	19561	HMDB	HMDB0002338_97_shen	Biochanin A	inchikey_connectivity_formula_mass	2	FALSE	TRUE	9.69998836808372e-09	2.42499709202093e-05
BIOCHANIN-A	19562	HMDB	HMDB0002338_98_shen	Biochanin A	inchikey_connectivity_formula_mass	2	FALSE	TRUE	9.69998836808372e-09	2.42499709202093e-05
BIOCHANIN-A	19563	HMDB	HMDB0002338_99_shen	Biochanin A	inchikey_connectivity_formula_mass	2	FALSE	TRUE	9.69998836808372e-09	2.42499709202093e-05
BIOCHANIN-A	19564	HMDB	HMDB0002338_100_shen	Biochanin A	inchikey_connectivity_formula_mass	2	FALSE	TRUE	9.69998836808372e-09	2.42499709202093e-05
BIOCHANIN-A	19565	HMDB	HMDB0002338_101_shen	Biochanin A	inchikey_connectivity_formula_mass	2	FALSE	TRUE	9.69998836808372e-09	2.42499709202093e-05
BIOCHANIN-A	19566	HMDB	HMDB0002338_102_shen	Biochanin A	inchikey_connectivity_formula_mass	2	FALSE	TRUE	9.69998836808372e-09	2.42499709202093e-05
BIOCHANIN-A	19567	HMDB	HMDB0002338_103_shen	Biochanin A	inchikey_connectivity_formula_mass	2	FALSE	TRUE	9.69998836808372e-09	2.42499709202093e-05
BIOCHANIN-A	19568	HMDB	HMDB0002338_104_shen	Biochanin A	inchikey_connectivity_formula_mass	2	FALSE	TRUE	9.69998836808372e-09	2.42499709202093e-05
BIOCHANIN-A	19569	HMDB	HMDB0002338_105_shen	Biochanin A	inchikey_connectivity_formula_mass	2	FALSE	TRUE	9.69998836808372e-09	2.42499709202093e-05
BIOCHANIN-A	19570	HMDB	HMDB0002338_106_shen	Biochanin A	inchikey_connectivity_formula_mass	2	FALSE	TRUE	9.69998836808372e-09	2.42499709202093e-05
BIOCHANIN-A	19571	HMDB	HMDB0002338_107_shen	Biochanin A	inchikey_connectivity_formula_mass	2	FALSE	TRUE	9.69998836808372e-09	2.42499709202093e-05
BIOCHANIN-A	19572	HMDB	HMDB0002338_108_shen	Biochanin A	inchikey_connectivity_formula_mass	2	FALSE	TRUE	9.69998836808372e-09	2.42499709202093e-05
BIOCHANIN-A	19573	HMDB	HMDB0002338_109_shen	Biochanin A	inchikey_connectivity_formula_mass	2	FALSE	TRUE	9.69998836808372e-09	2.42499709202093e-05
BIOCHANIN-A	19574	HMDB	HMDB0002338_110_shen	Biochanin A	inchikey_connectivity_formula_mass	2	FALSE	TRUE	9.69998836808372e-09	2.42499709202093e-05
BIOCHANIN-A	19575	HMDB	HMDB0002338_111_shen	Biochanin A	inchikey_connectivity_formula_mass	2	FALSE	TRUE	9.69998836808372e-09	2.42499709202093e-05
BIOCHANIN-A	19576	HMDB	HMDB0002338_112_shen	Biochanin A	inchikey_connectivity_formula_mass	2	FALSE	TRUE	9.69998836808372e-09	2.42499709202093e-05
BIOCHANIN-A	19577	HMDB	HMDB0002338_113_shen	Biochanin A	inchikey_connectivity_formula_mass	2	FALSE	TRUE	9.69998836808372e-09	2.42499709202093e-05
BIOCHANIN-A	19578	HMDB	HMDB0002338_114_shen	Biochanin A	inchikey_connectivity_formula_mass	2	FALSE	TRUE	9.69998836808372e-09	2.42499709202093e-05
BIOCHANIN-A	19579	HMDB	HMDB0002338_115_shen	Biochanin A	inchikey_connectivity_formula_mass	2	FALSE	TRUE	9.69998836808372e-09	2.42499709202093e-05
BIOCHANIN-A	19580	HMDB	HMDB0002338_116_shen	Biochanin A	inchikey_connectivity_formula_mass	2	FALSE	TRUE	9.69998836808372e-09	2.42499709202093e-05
BIOCHANIN-A	19581	HMDB	HMDB0002338_117_shen	Biochanin A	inchikey_connectivity_formula_mass	2	FALSE	TRUE	9.69998836808372e-09	2.42499709202093e-05
BIOCHANIN-A	19582	HMDB	HMDB0002338_118_shen	Biochanin A	inchikey_connectivity_formula_mass	2	FALSE	TRUE	9.69998836808372e-09	2.42499709202093e-05
BIOCHANIN-A	19583	HMDB	HMDB0002338_119_shen	Biochanin A	inchikey_connectivity_formula_mass	2	FALSE	TRUE	9.69998836808372e-09	2.42499709202093e-05
BIOCHANIN-A	19584	HMDB	HMDB0002338_120_shen	Biochanin A	inchikey_connectivity_formula_mass	2	FALSE	TRUE	9.69998836808372e-09	2.42499709202093e-05
BIOCHANIN-A	19585	HMDB	HMDB0002338_121_shen	Biochanin A	inchikey_connectivity_formula_mass	2	FALSE	TRUE	9.69998836808372e-09	2.42499709202093e-05
BIOCHANIN-A	19586	HMDB	HMDB0002338_122_shen	Biochanin A	inchikey_connectivity_formula_mass	2	FALSE	TRUE	9.69998836808372e-09	2.42499709202093e-05
BIOCHANIN-A	19587	HMDB	HMDB0002338_123_shen	Biochanin A	inchikey_connectivity_formula_mass	2	FALSE	TRUE	9.69998836808372e-09	2.42499709202093e-05
BIOCHANIN-A	19588	HMDB	HMDB0002338_124_shen	Biochanin A	inchikey_connectivity_formula_mass	2	FALSE	TRUE	9.69998836808372e-09	2.42499709202093e-05
BIOCHANIN-A	19589	HMDB	HMDB0002338_125_shen	Biochanin A	inchikey_connectivity_formula_mass	2	FALSE	TRUE	9.69998836808372e-09	2.42499709202093e-05
BIOCHANIN-A	19590	HMDB	HMDB0002338_126_shen	Biochanin A	inchikey_connectivity_formula_mass	2	FALSE	TRUE	9.69998836808372e-09	2.42499709202093e-05
BIOCHANIN-A	19591	HMDB	HMDB0002338_127_shen	Biochanin A	inchikey_connectivity_formula_mass	2	FALSE	TRUE	9.69998836808372e-09	2.42499709202093e-05
BIOCHANIN-A	19592	HMDB	HMDB0002338_128_shen	Biochanin A	inchikey_connectivity_formula_mass	2	FALSE	TRUE	9.69998836808372e-09	2.42499709202093e-05
BIOCHANIN-A	19593	HMDB	HMDB0002338_129_shen	Biochanin A	inchikey_connectivity_formula_mass	2	FALSE	TRUE	9.69998836808372e-09	2.42499709202093e-05
BIOCHANIN-A	19594	HMDB	HMDB0002338_130_shen	Biochanin A	inchikey_connectivity_formula_mass	2	FALSE	TRUE	9.69998836808372e-09	2.42499709202093e-05
BIOCHANIN-A	19595	HMDB	HMDB0002338_131_shen	Biochanin A	inchikey_connectivity_formula_mass	2	FALSE	TRUE	9.69998836808372e-09	2.42499709202093e-05
BIOCHANIN-A	19596	HMDB	HMDB0002338_132_shen	Biochanin A	inchikey_connectivity_formula_mass	2	FALSE	TRUE	9.69998836808372e-09	2.42499709202093e-05
CPD-7833	19630	HMDB	HMDB0002348_1_shen	Octacosanoic acid	inchikey_connectivity_formula_mass	2	FALSE	TRUE	5.80001824346255e-09	1.36654928969367e-05
CPD-7833	19631	HMDB	HMDB0002348_2_shen	Octacosanoic acid	inchikey_connectivity_formula_mass	2	FALSE	TRUE	5.80001824346255e-09	1.36654928969367e-05
CPD-7833	19632	HMDB	HMDB0002348_3_shen	Octacosanoic acid	inchikey_connectivity_formula_mass	2	FALSE	TRUE	5.80001824346255e-09	1.36654928969367e-05
CPD-470	19649	HMDB	HMDB0002362_1_shen	2,4-Diaminobutyric acid	name_formula_mass	4	FALSE	TRUE	1.60000013238459e-09	4.00000033096148e-06
CPD-470	19650	HMDB	HMDB0002362_2_shen	2,4-Diaminobutyric acid	name_formula_mass	4	FALSE	TRUE	1.60000013238459e-09	4.00000033096148e-06
CPD-470	19651	HMDB	HMDB0002362_3_shen	2,4-Diaminobutyric acid	name_formula_mass	4	FALSE	TRUE	1.60000013238459e-09	4.00000033096148e-06
CPD-9459	19652	HMDB	HMDB0002364_1_shen	Oleanolic acid	inchikey_connectivity_formula_mass	2	FALSE	TRUE	1.0999769983755e-09	2.41032554525361e-06
CPD-9459	19653	HMDB	HMDB0002364_2_shen	Oleanolic acid	inchikey_connectivity_formula_mass	2	FALSE	TRUE	1.0999769983755e-09	2.41032554525361e-06
CPD-9459	19654	HMDB	HMDB0002364_3_shen	Oleanolic acid	inchikey_connectivity_formula_mass	2	FALSE	TRUE	1.0999769983755e-09	2.41032554525361e-06
CPD-9459	19655	HMDB	HMDB0002364_4_shen	Oleanolic acid	inchikey_connectivity_formula_mass	2	FALSE	TRUE	1.0999769983755e-09	2.41032554525361e-06
CPD-9459	19656	HMDB	HMDB0002364_5_shen	Oleanolic acid	inchikey_connectivity_formula_mass	2	FALSE	TRUE	1.0999769983755e-09	2.41032554525361e-06
CPD-9459	19657	HMDB	HMDB0002364_6_shen	Oleanolic acid	inchikey_connectivity_formula_mass	2	FALSE	TRUE	1.0999769983755e-09	2.41032554525361e-06
CPD-14496	19717	HMDB	HMDB0002395_1_shen	Ursolic acid	inchikey_connectivity_formula_mass	2	FALSE	TRUE	1.0999769983755e-09	2.41032554525361e-06
CPD-14496	19718	HMDB	HMDB0002395_2_shen	Ursolic acid	inchikey_connectivity_formula_mass	2	FALSE	TRUE	1.0999769983755e-09	2.41032554525361e-06
CPD-14496	19719	HMDB	HMDB0002395_3_shen	Ursolic acid	inchikey_connectivity_formula_mass	2	FALSE	TRUE	1.0999769983755e-09	2.41032554525361e-06
CPD-14496	19720	HMDB	HMDB0002395_4_shen	Ursolic acid	inchikey_connectivity_formula_mass	2	FALSE	TRUE	1.0999769983755e-09	2.41032554525361e-06
CPD-14496	19721	HMDB	HMDB0002395_5_shen	Ursolic acid	inchikey_connectivity_formula_mass	2	FALSE	TRUE	1.0999769983755e-09	2.41032554525361e-06
CPD-14496	19722	HMDB	HMDB0002395_6_shen	Ursolic acid	inchikey_connectivity_formula_mass	2	FALSE	TRUE	1.0999769983755e-09	2.41032554525361e-06
CPD-14496	19723	HMDB	HMDB0002395_7_shen	Ursolic acid	inchikey_connectivity_formula_mass	2	FALSE	TRUE	1.0999769983755e-09	2.41032554525361e-06
CPD-14496	19724	HMDB	HMDB0002395_8_shen	Ursolic acid	inchikey_connectivity_formula_mass	2	FALSE	TRUE	1.0999769983755e-09	2.41032554525361e-06
CPD-14496	19725	HMDB	HMDB0002395_9_shen	Ursolic acid	inchikey_connectivity_formula_mass	2	FALSE	TRUE	1.0999769983755e-09	2.41032554525361e-06
CPD-14496	19726	HMDB	HMDB0002395_10_shen	Ursolic acid	inchikey_connectivity_formula_mass	2	FALSE	TRUE	1.0999769983755e-09	2.41032554525361e-06
CPD-14496	19727	HMDB	HMDB0002395_11_shen	Ursolic acid	inchikey_connectivity_formula_mass	2	FALSE	TRUE	1.0999769983755e-09	2.41032554525361e-06
CPD-14496	19728	HMDB	HMDB0002395_12_shen	Ursolic acid	inchikey_connectivity_formula_mass	2	FALSE	TRUE	1.0999769983755e-09	2.41032554525361e-06
CPD-14496	19729	HMDB	HMDB0002395_13_shen	Ursolic acid	inchikey_connectivity_formula_mass	2	FALSE	TRUE	1.0999769983755e-09	2.41032554525361e-06
CPD-14496	19730	HMDB	HMDB0002395_14_shen	Ursolic acid	inchikey_connectivity_formula_mass	2	FALSE	TRUE	1.0999769983755e-09	2.41032554525361e-06
CPD-14496	19731	HMDB	HMDB0002395_15_shen	Ursolic acid	inchikey_connectivity_formula_mass	2	FALSE	TRUE	1.0999769983755e-09	2.41032554525361e-06
CPD-14496	19732	HMDB	HMDB0002395_16_shen	Ursolic acid	inchikey_connectivity_formula_mass	2	FALSE	TRUE	1.0999769983755e-09	2.41032554525361e-06
CPD-14496	19733	HMDB	HMDB0002395_17_shen	Ursolic acid	inchikey_connectivity_formula_mass	2	FALSE	TRUE	1.0999769983755e-09	2.41032554525361e-06
CPD-14496	19734	HMDB	HMDB0002395_18_shen	Ursolic acid	inchikey_connectivity_formula_mass	2	FALSE	TRUE	1.0999769983755e-09	2.41032554525361e-06
CPD-14496	19735	HMDB	HMDB0002395_19_shen	Ursolic acid	inchikey_connectivity_formula_mass	2	FALSE	TRUE	1.0999769983755e-09	2.41032554525361e-06
CPD-14496	19736	HMDB	HMDB0002395_20_shen	Ursolic acid	inchikey_connectivity_formula_mass	2	FALSE	TRUE	1.0999769983755e-09	2.41032554525361e-06
CPD-14496	19737	HMDB	HMDB0002395_21_shen	Ursolic acid	inchikey_connectivity_formula_mass	2	FALSE	TRUE	1.0999769983755e-09	2.41032554525361e-06
CPD-14496	19738	HMDB	HMDB0002395_22_shen	Ursolic acid	inchikey_connectivity_formula_mass	2	FALSE	TRUE	1.0999769983755e-09	2.41032554525361e-06
CPD-14496	19739	HMDB	HMDB0002395_23_shen	Ursolic acid	inchikey_connectivity_formula_mass	2	FALSE	TRUE	1.0999769983755e-09	2.41032554525361e-06
CPD-14496	19740	HMDB	HMDB0002395_24_shen	Ursolic acid	inchikey_connectivity_formula_mass	2	FALSE	TRUE	1.0999769983755e-09	2.41032554525361e-06
CPD-14496	19741	HMDB	HMDB0002395_25_shen	Ursolic acid	inchikey_connectivity_formula_mass	2	FALSE	TRUE	1.0999769983755e-09	2.41032554525361e-06
CPD-14496	19742	HMDB	HMDB0002395_26_shen	Ursolic acid	inchikey_connectivity_formula_mass	2	FALSE	TRUE	1.0999769983755e-09	2.41032554525361e-06
CPD-8666	19743	HMDB	HMDB0002398_1_shen	Crocin	inchikey	1	TRUE	TRUE	4.38000142821693e-08	4.48596552805683e-05
CPD-8666	19744	HMDB	HMDB0002398_2_shen	Crocin	inchikey	1	TRUE	TRUE	4.38000142821693e-08	4.48596552805683e-05
CPD-8666	19745	HMDB	HMDB0002398_3_shen	Crocin	inchikey	1	TRUE	TRUE	4.38000142821693e-08	4.48596552805683e-05
TEREPHTHALATE	19767	HMDB	HMDB0002428_1_shen	Terephthalic acid	inchikey_connectivity_formula_mass	2	FALSE	TRUE	9.99989424599335e-10	2.49997356149834e-06
TEREPHTHALATE	19768	HMDB	HMDB0002428_2_shen	Terephthalic acid	inchikey_connectivity_formula_mass	2	FALSE	TRUE	9.99989424599335e-10	2.49997356149834e-06
TEREPHTHALATE	19769	HMDB	HMDB0002428_3_shen	Terephthalic acid	inchikey_connectivity_formula_mass	2	FALSE	TRUE	9.99989424599335e-10	2.49997356149834e-06
TEREPHTHALATE	19770	HMDB	HMDB0002428_4_shen	Terephthalic acid	inchikey_connectivity_formula_mass	2	FALSE	TRUE	9.99989424599335e-10	2.49997356149834e-06
TEREPHTHALATE	19771	HMDB	HMDB0002428_5_shen	Terephthalic acid	inchikey_connectivity_formula_mass	2	FALSE	TRUE	9.99989424599335e-10	2.49997356149834e-06
TEREPHTHALATE	19772	HMDB	HMDB0002428_6_shen	Terephthalic acid	inchikey_connectivity_formula_mass	2	FALSE	TRUE	9.99989424599335e-10	2.49997356149834e-06
TEREPHTHALATE	19773	HMDB	HMDB0002428_7_shen	Terephthalic acid	inchikey_connectivity_formula_mass	2	FALSE	TRUE	9.99989424599335e-10	2.49997356149834e-06
TEREPHTHALATE	19774	HMDB	HMDB0002428_8_shen	Terephthalic acid	inchikey_connectivity_formula_mass	2	FALSE	TRUE	9.99989424599335e-10	2.49997356149834e-06
TEREPHTHALATE	19775	HMDB	HMDB0002428_9_shen	Terephthalic acid	inchikey_connectivity_formula_mass	2	FALSE	TRUE	9.99989424599335e-10	2.49997356149834e-06
TEREPHTHALATE	19776	HMDB	HMDB0002428_10_shen	Terephthalic acid	inchikey_connectivity_formula_mass	2	FALSE	TRUE	9.99989424599335e-10	2.49997356149834e-06
TEREPHTHALATE	19777	HMDB	HMDB0002428_11_shen	Terephthalic acid	inchikey_connectivity_formula_mass	2	FALSE	TRUE	9.99989424599335e-10	2.49997356149834e-06
TEREPHTHALATE	19778	HMDB	HMDB0002428_12_shen	Terephthalic acid	inchikey_connectivity_formula_mass	2	FALSE	TRUE	9.99989424599335e-10	2.49997356149834e-06
TEREPHTHALATE	19779	HMDB	HMDB0002428_13_shen	Terephthalic acid	inchikey_connectivity_formula_mass	2	FALSE	TRUE	9.99989424599335e-10	2.49997356149834e-06
TEREPHTHALATE	19780	HMDB	HMDB0002428_14_shen	Terephthalic acid	inchikey_connectivity_formula_mass	2	FALSE	TRUE	9.99989424599335e-10	2.49997356149834e-06
TEREPHTHALATE	19781	HMDB	HMDB0002428_15_shen	Terephthalic acid	inchikey_connectivity_formula_mass	2	FALSE	TRUE	9.99989424599335e-10	2.49997356149834e-06
TEREPHTHALATE	19782	HMDB	HMDB0002428_16_shen	Terephthalic acid	inchikey_connectivity_formula_mass	2	FALSE	TRUE	9.99989424599335e-10	2.49997356149834e-06
TEREPHTHALATE	19783	HMDB	HMDB0002428_17_shen	Terephthalic acid	inchikey_connectivity_formula_mass	2	FALSE	TRUE	9.99989424599335e-10	2.49997356149834e-06
TEREPHTHALATE	19784	HMDB	HMDB0002428_18_shen	Terephthalic acid	inchikey_connectivity_formula_mass	2	FALSE	TRUE	9.99989424599335e-10	2.49997356149834e-06
TEREPHTHALATE	19785	HMDB	HMDB0002428_19_shen	Terephthalic acid	inchikey_connectivity_formula_mass	2	FALSE	TRUE	9.99989424599335e-10	2.49997356149834e-06
TEREPHTHALATE	19786	HMDB	HMDB0002428_20_shen	Terephthalic acid	inchikey_connectivity_formula_mass	2	FALSE	TRUE	9.99989424599335e-10	2.49997356149834e-06
3-HYDROXYBENZOATE	19856	HMDB	HMDB0002466_1_shen	3-Hydroxybenzoic acid	inchikey_connectivity_formula_mass	2	FALSE	TRUE	5.90000581723871e-09	1.47500145430968e-05
3-HYDROXYBENZOATE	19857	HMDB	HMDB0002466_2_shen	3-Hydroxybenzoic acid	inchikey_connectivity_formula_mass	2	FALSE	TRUE	5.90000581723871e-09	1.47500145430968e-05
3-HYDROXYBENZOATE	19858	HMDB	HMDB0002466_3_shen	3-Hydroxybenzoic acid	inchikey_connectivity_formula_mass	2	FALSE	TRUE	5.90000581723871e-09	1.47500145430968e-05
3-HYDROXYBENZOATE	19859	HMDB	HMDB0002466_4_shen	3-Hydroxybenzoic acid	inchikey_connectivity_formula_mass	2	FALSE	TRUE	5.90000581723871e-09	1.47500145430968e-05
3-HYDROXYBENZOATE	19860	HMDB	HMDB0002466_5_shen	3-Hydroxybenzoic acid	inchikey_connectivity_formula_mass	2	FALSE	TRUE	5.90000581723871e-09	1.47500145430968e-05
3-HYDROXYBENZOATE	19861	HMDB	HMDB0002466_6_shen	3-Hydroxybenzoic acid	inchikey_connectivity_formula_mass	2	FALSE	TRUE	5.90000581723871e-09	1.47500145430968e-05
3-HYDROXYBENZOATE	19862	HMDB	HMDB0002466_7_shen	3-Hydroxybenzoic acid	inchikey_connectivity_formula_mass	2	FALSE	TRUE	5.90000581723871e-09	1.47500145430968e-05
3-HYDROXYBENZOATE	19863	HMDB	HMDB0002466_8_shen	3-Hydroxybenzoic acid	inchikey_connectivity_formula_mass	2	FALSE	TRUE	5.90000581723871e-09	1.47500145430968e-05
3-HYDROXYBENZOATE	19864	HMDB	HMDB0002466_9_shen	3-Hydroxybenzoic acid	inchikey_connectivity_formula_mass	2	FALSE	TRUE	5.90000581723871e-09	1.47500145430968e-05
3-HYDROXYBENZOATE	19865	HMDB	HMDB0002466_10_shen	3-Hydroxybenzoic acid	inchikey_connectivity_formula_mass	2	FALSE	TRUE	5.90000581723871e-09	1.47500145430968e-05
3-HYDROXYBENZOATE	19866	HMDB	HMDB0002466_11_shen	3-Hydroxybenzoic acid	inchikey_connectivity_formula_mass	2	FALSE	TRUE	5.90000581723871e-09	1.47500145430968e-05
3-HYDROXYBENZOATE	19867	HMDB	HMDB0002466_12_shen	3-Hydroxybenzoic acid	inchikey_connectivity_formula_mass	2	FALSE	TRUE	5.90000581723871e-09	1.47500145430968e-05
3-HYDROXYBENZOATE	19868	HMDB	HMDB0002466_13_shen	3-Hydroxybenzoic acid	inchikey_connectivity_formula_mass	2	FALSE	TRUE	5.90000581723871e-09	1.47500145430968e-05
3-HYDROXYBENZOATE	19869	HMDB	HMDB0002466_14_shen	3-Hydroxybenzoic acid	inchikey_connectivity_formula_mass	2	FALSE	TRUE	5.90000581723871e-09	1.47500145430968e-05
3-HYDROXYBENZOATE	19870	HMDB	HMDB0002466_15_shen	3-Hydroxybenzoic acid	inchikey_connectivity_formula_mass	2	FALSE	TRUE	5.90000581723871e-09	1.47500145430968e-05
3-HYDROXYBENZOATE	19871	HMDB	HMDB0002466_16_shen	3-Hydroxybenzoic acid	inchikey_connectivity_formula_mass	2	FALSE	TRUE	5.90000581723871e-09	1.47500145430968e-05
3-HYDROXYBENZOATE	19872	HMDB	HMDB0002466_17_shen	3-Hydroxybenzoic acid	inchikey_connectivity_formula_mass	2	FALSE	TRUE	5.90000581723871e-09	1.47500145430968e-05
3-HYDROXYBENZOATE	19873	HMDB	HMDB0002466_18_shen	3-Hydroxybenzoic acid	inchikey_connectivity_formula_mass	2	FALSE	TRUE	5.90000581723871e-09	1.47500145430968e-05
3-HYDROXYBENZOATE	19874	HMDB	HMDB0002466_19_shen	3-Hydroxybenzoic acid	inchikey_connectivity_formula_mass	2	FALSE	TRUE	5.90000581723871e-09	1.47500145430968e-05
3-HYDROXYBENZOATE	19875	HMDB	HMDB0002466_20_shen	3-Hydroxybenzoic acid	inchikey_connectivity_formula_mass	2	FALSE	TRUE	5.90000581723871e-09	1.47500145430968e-05
CPD-536	19915	HMDB	HMDB0002520_1_shen	beta-Glycerophosphoric acid	inchikey_connectivity_formula_mass	2	FALSE	TRUE	4.99994712299667e-10	1.24998678074917e-06
CPD-536	19916	HMDB	HMDB0002520_2_shen	beta-Glycerophosphoric acid	inchikey_connectivity_formula_mass	2	FALSE	TRUE	4.99994712299667e-10	1.24998678074917e-06
CPD-536	19917	HMDB	HMDB0002520_3_shen	beta-Glycerophosphoric acid	inchikey_connectivity_formula_mass	2	FALSE	TRUE	4.99994712299667e-10	1.24998678074917e-06
CPD-536	19918	HMDB	HMDB0002520_4_shen	beta-Glycerophosphoric acid	inchikey_connectivity_formula_mass	2	FALSE	TRUE	4.99994712299667e-10	1.24998678074917e-06
CPD-536	19919	HMDB	HMDB0002520_5_shen	beta-Glycerophosphoric acid	inchikey_connectivity_formula_mass	2	FALSE	TRUE	4.99994712299667e-10	1.24998678074917e-06
CPD-536	19920	HMDB	HMDB0002520_6_shen	beta-Glycerophosphoric acid	inchikey_connectivity_formula_mass	2	FALSE	TRUE	4.99994712299667e-10	1.24998678074917e-06
CPD-536	19921	HMDB	HMDB0002520_7_shen	beta-Glycerophosphoric acid	inchikey_connectivity_formula_mass	2	FALSE	TRUE	4.99994712299667e-10	1.24998678074917e-06
CPD-536	19922	HMDB	HMDB0002520_8_shen	beta-Glycerophosphoric acid	inchikey_connectivity_formula_mass	2	FALSE	TRUE	4.99994712299667e-10	1.24998678074917e-06
CPD-536	19923	HMDB	HMDB0002520_9_shen	beta-Glycerophosphoric acid	inchikey_connectivity_formula_mass	2	FALSE	TRUE	4.99994712299667e-10	1.24998678074917e-06
CPD-536	19924	HMDB	HMDB0002520_10_shen	beta-Glycerophosphoric acid	inchikey_connectivity_formula_mass	2	FALSE	TRUE	4.99994712299667e-10	1.24998678074917e-06
CPD-536	19925	HMDB	HMDB0002520_11_shen	beta-Glycerophosphoric acid	inchikey_connectivity_formula_mass	2	FALSE	TRUE	4.99994712299667e-10	1.24998678074917e-06
CPD-536	19926	HMDB	HMDB0002520_12_shen	beta-Glycerophosphoric acid	inchikey_connectivity_formula_mass	2	FALSE	TRUE	4.99994712299667e-10	1.24998678074917e-06
CPD-536	19927	HMDB	HMDB0002520_13_shen	beta-Glycerophosphoric acid	inchikey_connectivity_formula_mass	2	FALSE	TRUE	4.99994712299667e-10	1.24998678074917e-06
CPD-536	19928	HMDB	HMDB0002520_14_shen	beta-Glycerophosphoric acid	inchikey_connectivity_formula_mass	2	FALSE	TRUE	4.99994712299667e-10	1.24998678074917e-06
CPD-536	19929	HMDB	HMDB0002520_15_shen	beta-Glycerophosphoric acid	inchikey_connectivity_formula_mass	2	FALSE	TRUE	4.99994712299667e-10	1.24998678074917e-06
CPD-536	19930	HMDB	HMDB0002520_16_shen	beta-Glycerophosphoric acid	inchikey_connectivity_formula_mass	2	FALSE	TRUE	4.99994712299667e-10	1.24998678074917e-06
D-GALACTURONATE	19931	HMDB	HMDB0002545_1_shen	Galacturonic acid	inchikey_connectivity_formula_mass	2	FALSE	TRUE	1.69998770616075e-09	4.24996926540189e-06
Galacturonate	19931	HMDB	HMDB0002545_1_shen	Galacturonic acid	inchikey_connectivity_formula_mass	2	FALSE	TRUE	1.69998770616075e-09	4.24996926540189e-06
CPD-15633	19931	HMDB	HMDB0002545_1_shen	Galacturonic acid	inchikey_connectivity_formula_mass	2	FALSE	TRUE	1.69998770616075e-09	4.24996926540189e-06
D-GALACTURONATE	19932	HMDB	HMDB0002545_2_shen	Galacturonic acid	inchikey_connectivity_formula_mass	2	FALSE	TRUE	1.69998770616075e-09	4.24996926540189e-06
Galacturonate	19932	HMDB	HMDB0002545_2_shen	Galacturonic acid	inchikey_connectivity_formula_mass	2	FALSE	TRUE	1.69998770616075e-09	4.24996926540189e-06
CPD-15633	19932	HMDB	HMDB0002545_2_shen	Galacturonic acid	inchikey_connectivity_formula_mass	2	FALSE	TRUE	1.69998770616075e-09	4.24996926540189e-06
D-GALACTURONATE	19933	HMDB	HMDB0002545_3_shen	Galacturonic acid	inchikey_connectivity_formula_mass	2	FALSE	TRUE	1.69998770616075e-09	4.24996926540189e-06
Galacturonate	19933	HMDB	HMDB0002545_3_shen	Galacturonic acid	inchikey_connectivity_formula_mass	2	FALSE	TRUE	1.69998770616075e-09	4.24996926540189e-06
CPD-15633	19933	HMDB	HMDB0002545_3_shen	Galacturonic acid	inchikey_connectivity_formula_mass	2	FALSE	TRUE	1.69998770616075e-09	4.24996926540189e-06
D-GALACTURONATE	19934	HMDB	HMDB0002545_4_shen	Galacturonic acid	inchikey_connectivity_formula_mass	2	FALSE	TRUE	1.69998770616075e-09	4.24996926540189e-06
Galacturonate	19934	HMDB	HMDB0002545_4_shen	Galacturonic acid	inchikey_connectivity_formula_mass	2	FALSE	TRUE	1.69998770616075e-09	4.24996926540189e-06
CPD-15633	19934	HMDB	HMDB0002545_4_shen	Galacturonic acid	inchikey_connectivity_formula_mass	2	FALSE	TRUE	1.69998770616075e-09	4.24996926540189e-06
2-COUMARATE	19936	HMDB	HMDB0002641_1_shen	2-Hydroxycinnamic acid	inchikey_connectivity_formula_mass	2	FALSE	TRUE	1.10000542008493e-09	2.75001355021232e-06
2-COUMARATE	19937	HMDB	HMDB0002641_2_shen	2-Hydroxycinnamic acid	inchikey_connectivity_formula_mass	2	FALSE	TRUE	1.10000542008493e-09	2.75001355021232e-06
2-COUMARATE	19938	HMDB	HMDB0002641_3_shen	2-Hydroxycinnamic acid	inchikey_connectivity_formula_mass	2	FALSE	TRUE	1.10000542008493e-09	2.75001355021232e-06
2-COUMARATE	19939	HMDB	HMDB0002641_4_shen	2-Hydroxycinnamic acid	inchikey_connectivity_formula_mass	2	FALSE	TRUE	1.10000542008493e-09	2.75001355021232e-06
2-COUMARATE	19940	HMDB	HMDB0002641_5_shen	2-Hydroxycinnamic acid	inchikey_connectivity_formula_mass	2	FALSE	TRUE	1.10000542008493e-09	2.75001355021232e-06
2-COUMARATE	19941	HMDB	HMDB0002641_6_shen	2-Hydroxycinnamic acid	inchikey_connectivity_formula_mass	2	FALSE	TRUE	1.10000542008493e-09	2.75001355021232e-06
2-COUMARATE	19942	HMDB	HMDB0002641_7_shen	2-Hydroxycinnamic acid	inchikey_connectivity_formula_mass	2	FALSE	TRUE	1.10000542008493e-09	2.75001355021232e-06
2-COUMARATE	19943	HMDB	HMDB0002641_8_shen	2-Hydroxycinnamic acid	inchikey_connectivity_formula_mass	2	FALSE	TRUE	1.10000542008493e-09	2.75001355021232e-06
2-COUMARATE	19944	HMDB	HMDB0002641_9_shen	2-Hydroxycinnamic acid	inchikey_connectivity_formula_mass	2	FALSE	TRUE	1.10000542008493e-09	2.75001355021232e-06
2-COUMARATE	19945	HMDB	HMDB0002641_10_shen	2-Hydroxycinnamic acid	inchikey_connectivity_formula_mass	2	FALSE	TRUE	1.10000542008493e-09	2.75001355021232e-06
2-COUMARATE	19946	HMDB	HMDB0002641_11_shen	2-Hydroxycinnamic acid	inchikey_connectivity_formula_mass	2	FALSE	TRUE	1.10000542008493e-09	2.75001355021232e-06
2-COUMARATE	19947	HMDB	HMDB0002641_12_shen	2-Hydroxycinnamic acid	inchikey_connectivity_formula_mass	2	FALSE	TRUE	1.10000542008493e-09	2.75001355021232e-06
2-COUMARATE	19948	HMDB	HMDB0002641_13_shen	2-Hydroxycinnamic acid	inchikey_connectivity_formula_mass	2	FALSE	TRUE	1.10000542008493e-09	2.75001355021232e-06
2-COUMARATE	19949	HMDB	HMDB0002641_14_shen	2-Hydroxycinnamic acid	inchikey_connectivity_formula_mass	2	FALSE	TRUE	1.10000542008493e-09	2.75001355021232e-06
2-COUMARATE	19950	HMDB	HMDB0002641_15_shen	2-Hydroxycinnamic acid	inchikey_connectivity_formula_mass	2	FALSE	TRUE	1.10000542008493e-09	2.75001355021232e-06
2-COUMARATE	19951	HMDB	HMDB0002641_16_shen	2-Hydroxycinnamic acid	inchikey_connectivity_formula_mass	2	FALSE	TRUE	1.10000542008493e-09	2.75001355021232e-06
2-COUMARATE	19952	HMDB	HMDB0002641_17_shen	2-Hydroxycinnamic acid	inchikey_connectivity_formula_mass	2	FALSE	TRUE	1.10000542008493e-09	2.75001355021232e-06
CPD-8004	19958	HMDB	HMDB0002655_1_shen	Isorhamnetin	inchikey_connectivity_formula_mass	2	FALSE	TRUE	1.89999127542251e-09	4.74997818855627e-06
CPD-8004	19959	HMDB	HMDB0002655_2_shen	Isorhamnetin	inchikey_connectivity_formula_mass	2	FALSE	TRUE	1.89999127542251e-09	4.74997818855627e-06
CPD-8004	19960	HMDB	HMDB0002655_3_shen	Isorhamnetin	inchikey_connectivity_formula_mass	2	FALSE	TRUE	1.89999127542251e-09	4.74997818855627e-06
CPD-8004	19961	HMDB	HMDB0002655_4_shen	Isorhamnetin	inchikey_connectivity_formula_mass	2	FALSE	TRUE	1.89999127542251e-09	4.74997818855627e-06
CPD-8004	19962	HMDB	HMDB0002655_5_shen	Isorhamnetin	inchikey_connectivity_formula_mass	2	FALSE	TRUE	1.89999127542251e-09	4.74997818855627e-06
CPD-8004	19963	HMDB	HMDB0002655_6_shen	Isorhamnetin	inchikey_connectivity_formula_mass	2	FALSE	TRUE	1.89999127542251e-09	4.74997818855627e-06
CPD-8004	19964	HMDB	HMDB0002655_7_shen	Isorhamnetin	inchikey_connectivity_formula_mass	2	FALSE	TRUE	1.89999127542251e-09	4.74997818855627e-06
CPD-8004	19965	HMDB	HMDB0002655_8_shen	Isorhamnetin	inchikey_connectivity_formula_mass	2	FALSE	TRUE	1.89999127542251e-09	4.74997818855627e-06
CPD-8004	19966	HMDB	HMDB0002655_9_shen	Isorhamnetin	inchikey_connectivity_formula_mass	2	FALSE	TRUE	1.89999127542251e-09	4.74997818855627e-06
CPD-8004	19967	HMDB	HMDB0002655_10_shen	Isorhamnetin	inchikey_connectivity_formula_mass	2	FALSE	TRUE	1.89999127542251e-09	4.74997818855627e-06
CPD-8004	19968	HMDB	HMDB0002655_11_shen	Isorhamnetin	inchikey_connectivity_formula_mass	2	FALSE	TRUE	1.89999127542251e-09	4.74997818855627e-06
CPD-8004	19969	HMDB	HMDB0002655_12_shen	Isorhamnetin	inchikey_connectivity_formula_mass	2	FALSE	TRUE	1.89999127542251e-09	4.74997818855627e-06
CPD-8004	19970	HMDB	HMDB0002655_13_shen	Isorhamnetin	inchikey_connectivity_formula_mass	2	FALSE	TRUE	1.89999127542251e-09	4.74997818855627e-06
CPD-8004	19971	HMDB	HMDB0002655_14_shen	Isorhamnetin	inchikey_connectivity_formula_mass	2	FALSE	TRUE	1.89999127542251e-09	4.74997818855627e-06
CPD-8004	19972	HMDB	HMDB0002655_15_shen	Isorhamnetin	inchikey_connectivity_formula_mass	2	FALSE	TRUE	1.89999127542251e-09	4.74997818855627e-06
CPD-8004	19973	HMDB	HMDB0002655_16_shen	Isorhamnetin	inchikey_connectivity_formula_mass	2	FALSE	TRUE	1.89999127542251e-09	4.74997818855627e-06
CPD-8004	19974	HMDB	HMDB0002655_17_shen	Isorhamnetin	inchikey_connectivity_formula_mass	2	FALSE	TRUE	1.89999127542251e-09	4.74997818855627e-06
CPD-8004	19975	HMDB	HMDB0002655_18_shen	Isorhamnetin	inchikey_connectivity_formula_mass	2	FALSE	TRUE	1.89999127542251e-09	4.74997818855627e-06
CPD-8004	19976	HMDB	HMDB0002655_19_shen	Isorhamnetin	inchikey_connectivity_formula_mass	2	FALSE	TRUE	1.89999127542251e-09	4.74997818855627e-06
CPD-8004	19977	HMDB	HMDB0002655_20_shen	Isorhamnetin	inchikey_connectivity_formula_mass	2	FALSE	TRUE	1.89999127542251e-09	4.74997818855627e-06
CPD-8004	19978	HMDB	HMDB0002655_21_shen	Isorhamnetin	inchikey_connectivity_formula_mass	2	FALSE	TRUE	1.89999127542251e-09	4.74997818855627e-06
CPD-8004	19979	HMDB	HMDB0002655_22_shen	Isorhamnetin	inchikey_connectivity_formula_mass	2	FALSE	TRUE	1.89999127542251e-09	4.74997818855627e-06
CPD-8004	19980	HMDB	HMDB0002655_23_shen	Isorhamnetin	inchikey_connectivity_formula_mass	2	FALSE	TRUE	1.89999127542251e-09	4.74997818855627e-06
CPD-8004	19981	HMDB	HMDB0002655_24_shen	Isorhamnetin	inchikey_connectivity_formula_mass	2	FALSE	TRUE	1.89999127542251e-09	4.74997818855627e-06
CPD-8004	19982	HMDB	HMDB0002655_25_shen	Isorhamnetin	inchikey_connectivity_formula_mass	2	FALSE	TRUE	1.89999127542251e-09	4.74997818855627e-06
CPD-8004	19983	HMDB	HMDB0002655_26_shen	Isorhamnetin	inchikey_connectivity_formula_mass	2	FALSE	TRUE	1.89999127542251e-09	4.74997818855627e-06
CPD-8004	19984	HMDB	HMDB0002655_27_shen	Isorhamnetin	inchikey_connectivity_formula_mass	2	FALSE	TRUE	1.89999127542251e-09	4.74997818855627e-06
CPD-8004	19985	HMDB	HMDB0002655_28_shen	Isorhamnetin	inchikey_connectivity_formula_mass	2	FALSE	TRUE	1.89999127542251e-09	4.74997818855627e-06
CPD-8004	19986	HMDB	HMDB0002655_29_shen	Isorhamnetin	inchikey_connectivity_formula_mass	2	FALSE	TRUE	1.89999127542251e-09	4.74997818855627e-06
CPD-8004	19987	HMDB	HMDB0002655_30_shen	Isorhamnetin	inchikey_connectivity_formula_mass	2	FALSE	TRUE	1.89999127542251e-09	4.74997818855627e-06
CPD-8004	19988	HMDB	HMDB0002655_31_shen	Isorhamnetin	inchikey_connectivity_formula_mass	2	FALSE	TRUE	1.89999127542251e-09	4.74997818855627e-06
CPD-8004	19989	HMDB	HMDB0002655_32_shen	Isorhamnetin	inchikey_connectivity_formula_mass	2	FALSE	TRUE	1.89999127542251e-09	4.74997818855627e-06
CPD-8004	19990	HMDB	HMDB0002655_33_shen	Isorhamnetin	inchikey_connectivity_formula_mass	2	FALSE	TRUE	1.89999127542251e-09	4.74997818855627e-06
CPD-8004	19991	HMDB	HMDB0002655_34_shen	Isorhamnetin	inchikey_connectivity_formula_mass	2	FALSE	TRUE	1.89999127542251e-09	4.74997818855627e-06
CPD-8004	19992	HMDB	HMDB0002655_35_shen	Isorhamnetin	inchikey_connectivity_formula_mass	2	FALSE	TRUE	1.89999127542251e-09	4.74997818855627e-06
CPD-8004	19993	HMDB	HMDB0002655_36_shen	Isorhamnetin	inchikey_connectivity_formula_mass	2	FALSE	TRUE	1.89999127542251e-09	4.74997818855627e-06
CPD-8004	19994	HMDB	HMDB0002655_37_shen	Isorhamnetin	inchikey_connectivity_formula_mass	2	FALSE	TRUE	1.89999127542251e-09	4.74997818855627e-06
CPD-8004	19995	HMDB	HMDB0002655_38_shen	Isorhamnetin	inchikey_connectivity_formula_mass	2	FALSE	TRUE	1.89999127542251e-09	4.74997818855627e-06
CPD-8004	19996	HMDB	HMDB0002655_39_shen	Isorhamnetin	inchikey_connectivity_formula_mass	2	FALSE	TRUE	1.89999127542251e-09	4.74997818855627e-06
CPD-8004	19997	HMDB	HMDB0002655_40_shen	Isorhamnetin	inchikey_connectivity_formula_mass	2	FALSE	TRUE	1.89999127542251e-09	4.74997818855627e-06
CPD-8004	19998	HMDB	HMDB0002655_41_shen	Isorhamnetin	inchikey_connectivity_formula_mass	2	FALSE	TRUE	1.89999127542251e-09	4.74997818855627e-06
CPD-8004	19999	HMDB	HMDB0002655_42_shen	Isorhamnetin	inchikey_connectivity_formula_mass	2	FALSE	TRUE	1.89999127542251e-09	4.74997818855627e-06
CPD-8004	20000	HMDB	HMDB0002655_43_shen	Isorhamnetin	inchikey_connectivity_formula_mass	2	FALSE	TRUE	1.89999127542251e-09	4.74997818855627e-06
CPD-8004	20001	HMDB	HMDB0002655_44_shen	Isorhamnetin	inchikey_connectivity_formula_mass	2	FALSE	TRUE	1.89999127542251e-09	4.74997818855627e-06
CPD-8004	20002	HMDB	HMDB0002655_45_shen	Isorhamnetin	inchikey_connectivity_formula_mass	2	FALSE	TRUE	1.89999127542251e-09	4.74997818855627e-06
NARINGENIN-CMPD	20046	HMDB	HMDB0002670_1_shen	Naringenin	inchikey	1	TRUE	TRUE	1.70001612787019e-09	4.25004031967546e-06
NARINGENIN-CMPD	20047	HMDB	HMDB0002670_2_shen	Naringenin	inchikey	1	TRUE	TRUE	1.70001612787019e-09	4.25004031967546e-06
NARINGENIN-CMPD	20048	HMDB	HMDB0002670_3_shen	Naringenin	inchikey	1	TRUE	TRUE	1.70001612787019e-09	4.25004031967546e-06
NARINGENIN-CMPD	20049	HMDB	HMDB0002670_4_shen	Naringenin	inchikey	1	TRUE	TRUE	1.70001612787019e-09	4.25004031967546e-06
NARINGENIN-CMPD	20050	HMDB	HMDB0002670_5_shen	Naringenin	inchikey	1	TRUE	TRUE	1.70001612787019e-09	4.25004031967546e-06
NARINGENIN-CMPD	20051	HMDB	HMDB0002670_6_shen	Naringenin	inchikey	1	TRUE	TRUE	1.70001612787019e-09	4.25004031967546e-06
NARINGENIN-CMPD	20052	HMDB	HMDB0002670_7_shen	Naringenin	inchikey	1	TRUE	TRUE	1.70001612787019e-09	4.25004031967546e-06
NARINGENIN-CMPD	20053	HMDB	HMDB0002670_8_shen	Naringenin	inchikey	1	TRUE	TRUE	1.70001612787019e-09	4.25004031967546e-06
NARINGENIN-CMPD	20054	HMDB	HMDB0002670_9_shen	Naringenin	inchikey	1	TRUE	TRUE	1.70001612787019e-09	4.25004031967546e-06
NARINGENIN-CMPD	20055	HMDB	HMDB0002670_10_shen	Naringenin	inchikey	1	TRUE	TRUE	1.70001612787019e-09	4.25004031967546e-06
NARINGENIN-CMPD	20056	HMDB	HMDB0002670_11_shen	Naringenin	inchikey	1	TRUE	TRUE	1.70001612787019e-09	4.25004031967546e-06
NARINGENIN-CMPD	20057	HMDB	HMDB0002670_12_shen	Naringenin	inchikey	1	TRUE	TRUE	1.70001612787019e-09	4.25004031967546e-06
NARINGENIN-CMPD	20058	HMDB	HMDB0002670_13_shen	Naringenin	inchikey	1	TRUE	TRUE	1.70001612787019e-09	4.25004031967546e-06
NARINGENIN-CMPD	20059	HMDB	HMDB0002670_14_shen	Naringenin	inchikey	1	TRUE	TRUE	1.70001612787019e-09	4.25004031967546e-06
NARINGENIN-CMPD	20060	HMDB	HMDB0002670_15_shen	Naringenin	inchikey	1	TRUE	TRUE	1.70001612787019e-09	4.25004031967546e-06
NARINGENIN-CMPD	20061	HMDB	HMDB0002670_16_shen	Naringenin	inchikey	1	TRUE	TRUE	1.70001612787019e-09	4.25004031967546e-06
NARINGENIN-CMPD	20062	HMDB	HMDB0002670_17_shen	Naringenin	inchikey	1	TRUE	TRUE	1.70001612787019e-09	4.25004031967546e-06
NARINGENIN-CMPD	20063	HMDB	HMDB0002670_18_shen	Naringenin	inchikey	1	TRUE	TRUE	1.70001612787019e-09	4.25004031967546e-06
NARINGENIN-CMPD	20064	HMDB	HMDB0002670_19_shen	Naringenin	inchikey	1	TRUE	TRUE	1.70001612787019e-09	4.25004031967546e-06
NARINGENIN-CMPD	20065	HMDB	HMDB0002670_20_shen	Naringenin	inchikey	1	TRUE	TRUE	1.70001612787019e-09	4.25004031967546e-06
NARINGENIN-CMPD	20066	HMDB	HMDB0002670_21_shen	Naringenin	inchikey	1	TRUE	TRUE	1.70001612787019e-09	4.25004031967546e-06
NARINGENIN-CMPD	20067	HMDB	HMDB0002670_22_shen	Naringenin	inchikey	1	TRUE	TRUE	1.70001612787019e-09	4.25004031967546e-06
NARINGENIN-CMPD	20068	HMDB	HMDB0002670_23_shen	Naringenin	inchikey	1	TRUE	TRUE	1.70001612787019e-09	4.25004031967546e-06
NARINGENIN-CMPD	20069	HMDB	HMDB0002670_24_shen	Naringenin	inchikey	1	TRUE	TRUE	1.70001612787019e-09	4.25004031967546e-06
NARINGENIN-CMPD	20070	HMDB	HMDB0002670_25_shen	Naringenin	inchikey	1	TRUE	TRUE	1.70001612787019e-09	4.25004031967546e-06
NARINGENIN-CMPD	20071	HMDB	HMDB0002670_26_shen	Naringenin	inchikey	1	TRUE	TRUE	1.70001612787019e-09	4.25004031967546e-06
NARINGENIN-CMPD	20072	HMDB	HMDB0002670_27_shen	Naringenin	inchikey	1	TRUE	TRUE	1.70001612787019e-09	4.25004031967546e-06
NARINGENIN-CMPD	20073	HMDB	HMDB0002670_28_shen	Naringenin	inchikey	1	TRUE	TRUE	1.70001612787019e-09	4.25004031967546e-06
NARINGENIN-CMPD	20074	HMDB	HMDB0002670_29_shen	Naringenin	inchikey	1	TRUE	TRUE	1.70001612787019e-09	4.25004031967546e-06
NARINGENIN-CMPD	20075	HMDB	HMDB0002670_30_shen	Naringenin	inchikey	1	TRUE	TRUE	1.70001612787019e-09	4.25004031967546e-06
NARINGENIN-CMPD	20076	HMDB	HMDB0002670_31_shen	Naringenin	inchikey	1	TRUE	TRUE	1.70001612787019e-09	4.25004031967546e-06
NARINGENIN-CMPD	20077	HMDB	HMDB0002670_32_shen	Naringenin	inchikey	1	TRUE	TRUE	1.70001612787019e-09	4.25004031967546e-06
NARINGENIN-CMPD	20078	HMDB	HMDB0002670_33_shen	Naringenin	inchikey	1	TRUE	TRUE	1.70001612787019e-09	4.25004031967546e-06
NARINGENIN-CMPD	20079	HMDB	HMDB0002670_34_shen	Naringenin	inchikey	1	TRUE	TRUE	1.70001612787019e-09	4.25004031967546e-06
NARINGENIN-CMPD	20080	HMDB	HMDB0002670_35_shen	Naringenin	inchikey	1	TRUE	TRUE	1.70001612787019e-09	4.25004031967546e-06
NARINGENIN-CMPD	20081	HMDB	HMDB0002670_36_shen	Naringenin	inchikey	1	TRUE	TRUE	1.70001612787019e-09	4.25004031967546e-06
NARINGENIN-CMPD	20082	HMDB	HMDB0002670_37_shen	Naringenin	inchikey	1	TRUE	TRUE	1.70001612787019e-09	4.25004031967546e-06
NARINGENIN-CMPD	20083	HMDB	HMDB0002670_38_shen	Naringenin	inchikey	1	TRUE	TRUE	1.70001612787019e-09	4.25004031967546e-06
NARINGENIN-CMPD	20084	HMDB	HMDB0002670_39_shen	Naringenin	inchikey	1	TRUE	TRUE	1.70001612787019e-09	4.25004031967546e-06
NARINGENIN-CMPD	20085	HMDB	HMDB0002670_40_shen	Naringenin	inchikey	1	TRUE	TRUE	1.70001612787019e-09	4.25004031967546e-06
NARINGENIN-CMPD	20086	HMDB	HMDB0002670_41_shen	Naringenin	inchikey	1	TRUE	TRUE	1.70001612787019e-09	4.25004031967546e-06
NARINGENIN-CMPD	20087	HMDB	HMDB0002670_42_shen	Naringenin	inchikey	1	TRUE	TRUE	1.70001612787019e-09	4.25004031967546e-06
NARINGENIN-CMPD	20088	HMDB	HMDB0002670_43_shen	Naringenin	inchikey	1	TRUE	TRUE	1.70001612787019e-09	4.25004031967546e-06
NARINGENIN-CMPD	20089	HMDB	HMDB0002670_44_shen	Naringenin	inchikey	1	TRUE	TRUE	1.70001612787019e-09	4.25004031967546e-06
NARINGENIN-CMPD	20090	HMDB	HMDB0002670_45_shen	Naringenin	inchikey	1	TRUE	TRUE	1.70001612787019e-09	4.25004031967546e-06
NARINGENIN-CMPD	20091	HMDB	HMDB0002670_46_shen	Naringenin	inchikey	1	TRUE	TRUE	1.70001612787019e-09	4.25004031967546e-06
NARINGENIN-CMPD	20092	HMDB	HMDB0002670_47_shen	Naringenin	inchikey	1	TRUE	TRUE	1.70001612787019e-09	4.25004031967546e-06
NARINGENIN-CMPD	20093	HMDB	HMDB0002670_48_shen	Naringenin	inchikey	1	TRUE	TRUE	1.70001612787019e-09	4.25004031967546e-06
NARINGENIN-CMPD	20094	HMDB	HMDB0002670_49_shen	Naringenin	inchikey	1	TRUE	TRUE	1.70001612787019e-09	4.25004031967546e-06
NARINGENIN-CMPD	20095	HMDB	HMDB0002670_50_shen	Naringenin	inchikey	1	TRUE	TRUE	1.70001612787019e-09	4.25004031967546e-06
NARINGENIN-CMPD	20096	HMDB	HMDB0002670_51_shen	Naringenin	inchikey	1	TRUE	TRUE	1.70001612787019e-09	4.25004031967546e-06
NARINGENIN-CMPD	20097	HMDB	HMDB0002670_52_shen	Naringenin	inchikey	1	TRUE	TRUE	1.70001612787019e-09	4.25004031967546e-06
NARINGENIN-CMPD	20098	HMDB	HMDB0002670_53_shen	Naringenin	inchikey	1	TRUE	TRUE	1.70001612787019e-09	4.25004031967546e-06
NARINGENIN-CMPD	20099	HMDB	HMDB0002670_54_shen	Naringenin	inchikey	1	TRUE	TRUE	1.70001612787019e-09	4.25004031967546e-06
NARINGENIN-CMPD	20100	HMDB	HMDB0002670_55_shen	Naringenin	inchikey	1	TRUE	TRUE	1.70001612787019e-09	4.25004031967546e-06
NARINGENIN-CMPD	20101	HMDB	HMDB0002670_56_shen	Naringenin	inchikey	1	TRUE	TRUE	1.70001612787019e-09	4.25004031967546e-06
NARINGENIN-CMPD	20102	HMDB	HMDB0002670_57_shen	Naringenin	inchikey	1	TRUE	TRUE	1.70001612787019e-09	4.25004031967546e-06
NARINGENIN-CMPD	20103	HMDB	HMDB0002670_58_shen	Naringenin	inchikey	1	TRUE	TRUE	1.70001612787019e-09	4.25004031967546e-06
NARINGENIN-CMPD	20104	HMDB	HMDB0002670_59_shen	Naringenin	inchikey	1	TRUE	TRUE	1.70001612787019e-09	4.25004031967546e-06
NARINGENIN-CMPD	20105	HMDB	HMDB0002670_60_shen	Naringenin	inchikey	1	TRUE	TRUE	1.70001612787019e-09	4.25004031967546e-06
NARINGENIN-CMPD	20106	HMDB	HMDB0002670_61_shen	Naringenin	inchikey	1	TRUE	TRUE	1.70001612787019e-09	4.25004031967546e-06
NARINGENIN-CMPD	20107	HMDB	HMDB0002670_62_shen	Naringenin	inchikey	1	TRUE	TRUE	1.70001612787019e-09	4.25004031967546e-06
NARINGENIN-CMPD	20108	HMDB	HMDB0002670_63_shen	Naringenin	inchikey	1	TRUE	TRUE	1.70001612787019e-09	4.25004031967546e-06
NARINGENIN-CMPD	20109	HMDB	HMDB0002670_64_shen	Naringenin	inchikey	1	TRUE	TRUE	1.70001612787019e-09	4.25004031967546e-06
NARINGENIN-CMPD	20110	HMDB	HMDB0002670_65_shen	Naringenin	inchikey	1	TRUE	TRUE	1.70001612787019e-09	4.25004031967546e-06
NARINGENIN-CMPD	20111	HMDB	HMDB0002670_66_shen	Naringenin	inchikey	1	TRUE	TRUE	1.70001612787019e-09	4.25004031967546e-06
NARINGENIN-CMPD	20112	HMDB	HMDB0002670_67_shen	Naringenin	inchikey	1	TRUE	TRUE	1.70001612787019e-09	4.25004031967546e-06
NARINGENIN-CMPD	20113	HMDB	HMDB0002670_68_shen	Naringenin	inchikey	1	TRUE	TRUE	1.70001612787019e-09	4.25004031967546e-06
NARINGENIN-CMPD	20114	HMDB	HMDB0002670_69_shen	Naringenin	inchikey	1	TRUE	TRUE	1.70001612787019e-09	4.25004031967546e-06
NARINGENIN-CMPD	20115	HMDB	HMDB0002670_70_shen	Naringenin	inchikey	1	TRUE	TRUE	1.70001612787019e-09	4.25004031967546e-06
NARINGENIN-CMPD	20116	HMDB	HMDB0002670_71_shen	Naringenin	inchikey	1	TRUE	TRUE	1.70001612787019e-09	4.25004031967546e-06
NARINGENIN-CMPD	20117	HMDB	HMDB0002670_72_shen	Naringenin	inchikey	1	TRUE	TRUE	1.70001612787019e-09	4.25004031967546e-06
NARINGENIN-CMPD	20118	HMDB	HMDB0002670_73_shen	Naringenin	inchikey	1	TRUE	TRUE	1.70001612787019e-09	4.25004031967546e-06
NARINGENIN-CMPD	20119	HMDB	HMDB0002670_74_shen	Naringenin	inchikey	1	TRUE	TRUE	1.70001612787019e-09	4.25004031967546e-06
NARINGENIN-CMPD	20120	HMDB	HMDB0002670_75_shen	Naringenin	inchikey	1	TRUE	TRUE	1.70001612787019e-09	4.25004031967546e-06
NARINGENIN-CMPD	20121	HMDB	HMDB0002670_76_shen	Naringenin	inchikey	1	TRUE	TRUE	1.70001612787019e-09	4.25004031967546e-06
NARINGENIN-CMPD	20122	HMDB	HMDB0002670_77_shen	Naringenin	inchikey	1	TRUE	TRUE	1.70001612787019e-09	4.25004031967546e-06
NARINGENIN-CMPD	20123	HMDB	HMDB0002670_78_shen	Naringenin	inchikey	1	TRUE	TRUE	1.70001612787019e-09	4.25004031967546e-06
NARINGENIN-CMPD	20124	HMDB	HMDB0002670_79_shen	Naringenin	inchikey	1	TRUE	TRUE	1.70001612787019e-09	4.25004031967546e-06
NARINGENIN-CMPD	20125	HMDB	HMDB0002670_80_shen	Naringenin	inchikey	1	TRUE	TRUE	1.70001612787019e-09	4.25004031967546e-06
NARINGENIN-CMPD	20126	HMDB	HMDB0002670_81_shen	Naringenin	inchikey	1	TRUE	TRUE	1.70001612787019e-09	4.25004031967546e-06
NARINGENIN-CMPD	20127	HMDB	HMDB0002670_82_shen	Naringenin	inchikey	1	TRUE	TRUE	1.70001612787019e-09	4.25004031967546e-06
NARINGENIN-CMPD	20128	HMDB	HMDB0002670_83_shen	Naringenin	inchikey	1	TRUE	TRUE	1.70001612787019e-09	4.25004031967546e-06
NARINGENIN-CMPD	20129	HMDB	HMDB0002670_84_shen	Naringenin	inchikey	1	TRUE	TRUE	1.70001612787019e-09	4.25004031967546e-06
NARINGENIN-CMPD	20130	HMDB	HMDB0002670_85_shen	Naringenin	inchikey	1	TRUE	TRUE	1.70001612787019e-09	4.25004031967546e-06
NARINGENIN-CMPD	20131	HMDB	HMDB0002670_86_shen	Naringenin	inchikey	1	TRUE	TRUE	1.70001612787019e-09	4.25004031967546e-06
NARINGENIN-CMPD	20132	HMDB	HMDB0002670_87_shen	Naringenin	inchikey	1	TRUE	TRUE	1.70001612787019e-09	4.25004031967546e-06
NARINGENIN-CMPD	20133	HMDB	HMDB0002670_88_shen	Naringenin	inchikey	1	TRUE	TRUE	1.70001612787019e-09	4.25004031967546e-06
NARINGENIN-CMPD	20134	HMDB	HMDB0002670_89_shen	Naringenin	inchikey	1	TRUE	TRUE	1.70001612787019e-09	4.25004031967546e-06
NARINGENIN-CMPD	20135	HMDB	HMDB0002670_90_shen	Naringenin	inchikey	1	TRUE	TRUE	1.70001612787019e-09	4.25004031967546e-06
NARINGENIN-CMPD	20136	HMDB	HMDB0002670_91_shen	Naringenin	inchikey	1	TRUE	TRUE	1.70001612787019e-09	4.25004031967546e-06
NARINGENIN-CMPD	20137	HMDB	HMDB0002670_92_shen	Naringenin	inchikey	1	TRUE	TRUE	1.70001612787019e-09	4.25004031967546e-06
NARINGENIN-CMPD	20138	HMDB	HMDB0002670_93_shen	Naringenin	inchikey	1	TRUE	TRUE	1.70001612787019e-09	4.25004031967546e-06
NARINGENIN-CMPD	20139	HMDB	HMDB0002670_94_shen	Naringenin	inchikey	1	TRUE	TRUE	1.70001612787019e-09	4.25004031967546e-06
NARINGENIN-CMPD	20140	HMDB	HMDB0002670_95_shen	Naringenin	inchikey	1	TRUE	TRUE	1.70001612787019e-09	4.25004031967546e-06
NARINGENIN-CMPD	20141	HMDB	HMDB0002670_96_shen	Naringenin	inchikey	1	TRUE	TRUE	1.70001612787019e-09	4.25004031967546e-06
NARINGENIN-CMPD	20142	HMDB	HMDB0002670_97_shen	Naringenin	inchikey	1	TRUE	TRUE	1.70001612787019e-09	4.25004031967546e-06
NARINGENIN-CMPD	20143	HMDB	HMDB0002670_98_shen	Naringenin	inchikey	1	TRUE	TRUE	1.70001612787019e-09	4.25004031967546e-06
NARINGENIN-CMPD	20144	HMDB	HMDB0002670_99_shen	Naringenin	inchikey	1	TRUE	TRUE	1.70001612787019e-09	4.25004031967546e-06
NARINGENIN-CMPD	20145	HMDB	HMDB0002670_100_shen	Naringenin	inchikey	1	TRUE	TRUE	1.70001612787019e-09	4.25004031967546e-06
NARINGENIN-CMPD	20146	HMDB	HMDB0002670_101_shen	Naringenin	inchikey	1	TRUE	TRUE	1.70001612787019e-09	4.25004031967546e-06
NARINGENIN-CMPD	20147	HMDB	HMDB0002670_102_shen	Naringenin	inchikey	1	TRUE	TRUE	1.70001612787019e-09	4.25004031967546e-06
NARINGENIN-CMPD	20148	HMDB	HMDB0002670_103_shen	Naringenin	inchikey	1	TRUE	TRUE	1.70001612787019e-09	4.25004031967546e-06
NARINGENIN-CMPD	20149	HMDB	HMDB0002670_104_shen	Naringenin	inchikey	1	TRUE	TRUE	1.70001612787019e-09	4.25004031967546e-06
NARINGENIN-CMPD	20150	HMDB	HMDB0002670_105_shen	Naringenin	inchikey	1	TRUE	TRUE	1.70001612787019e-09	4.25004031967546e-06
NARINGENIN-CMPD	20151	HMDB	HMDB0002670_106_shen	Naringenin	inchikey	1	TRUE	TRUE	1.70001612787019e-09	4.25004031967546e-06
NARINGENIN-CMPD	20152	HMDB	HMDB0002670_107_shen	Naringenin	inchikey	1	TRUE	TRUE	1.70001612787019e-09	4.25004031967546e-06
NARINGENIN-CMPD	20153	HMDB	HMDB0002670_108_shen	Naringenin	inchikey	1	TRUE	TRUE	1.70001612787019e-09	4.25004031967546e-06
NARINGENIN-CMPD	20154	HMDB	HMDB0002670_109_shen	Naringenin	inchikey	1	TRUE	TRUE	1.70001612787019e-09	4.25004031967546e-06
NARINGENIN-CMPD	20155	HMDB	HMDB0002670_110_shen	Naringenin	inchikey	1	TRUE	TRUE	1.70001612787019e-09	4.25004031967546e-06
NARINGENIN-CMPD	20156	HMDB	HMDB0002670_111_shen	Naringenin	inchikey	1	TRUE	TRUE	1.70001612787019e-09	4.25004031967546e-06
NARINGENIN-CMPD	20157	HMDB	HMDB0002670_112_shen	Naringenin	inchikey	1	TRUE	TRUE	1.70001612787019e-09	4.25004031967546e-06
NARINGENIN-CMPD	20158	HMDB	HMDB0002670_113_shen	Naringenin	inchikey	1	TRUE	TRUE	1.70001612787019e-09	4.25004031967546e-06
NARINGENIN-CMPD	20159	HMDB	HMDB0002670_114_shen	Naringenin	inchikey	1	TRUE	TRUE	1.70001612787019e-09	4.25004031967546e-06
NARINGENIN-CMPD	20160	HMDB	HMDB0002670_115_shen	Naringenin	inchikey	1	TRUE	TRUE	1.70001612787019e-09	4.25004031967546e-06
NARINGENIN-CMPD	20161	HMDB	HMDB0002670_116_shen	Naringenin	inchikey	1	TRUE	TRUE	1.70001612787019e-09	4.25004031967546e-06
NARINGENIN-CMPD	20162	HMDB	HMDB0002670_117_shen	Naringenin	inchikey	1	TRUE	TRUE	1.70001612787019e-09	4.25004031967546e-06
NARINGENIN-CMPD	20163	HMDB	HMDB0002670_118_shen	Naringenin	inchikey	1	TRUE	TRUE	1.70001612787019e-09	4.25004031967546e-06
CANAVANINE	20164	HMDB	HMDB0002706_1_shen	Canavanine	inchikey_connectivity_formula_mass	2	FALSE	TRUE	2.29999841394601e-09	5.74999603486503e-06
CANAVANINE	20165	HMDB	HMDB0002706_2_shen	Canavanine	inchikey_connectivity_formula_mass	2	FALSE	TRUE	2.29999841394601e-09	5.74999603486503e-06
CANAVANINE	20166	HMDB	HMDB0002706_3_shen	Canavanine	inchikey_connectivity_formula_mass	2	FALSE	TRUE	2.29999841394601e-09	5.74999603486503e-06
CANAVANINE	20167	HMDB	HMDB0002706_4_shen	Canavanine	inchikey_connectivity_formula_mass	2	FALSE	TRUE	2.29999841394601e-09	5.74999603486503e-06
CANAVANINE	20168	HMDB	HMDB0002706_5_shen	Canavanine	inchikey_connectivity_formula_mass	2	FALSE	TRUE	2.29999841394601e-09	5.74999603486503e-06
CANAVANINE	20169	HMDB	HMDB0002706_6_shen	Canavanine	inchikey_connectivity_formula_mass	2	FALSE	TRUE	2.29999841394601e-09	5.74999603486503e-06
CANAVANINE	20170	HMDB	HMDB0002706_7_shen	Canavanine	inchikey_connectivity_formula_mass	2	FALSE	TRUE	2.29999841394601e-09	5.74999603486503e-06
CANAVANINE	20171	HMDB	HMDB0002706_8_shen	Canavanine	inchikey_connectivity_formula_mass	2	FALSE	TRUE	2.29999841394601e-09	5.74999603486503e-06
CANAVANINE	20172	HMDB	HMDB0002706_9_shen	Canavanine	inchikey_connectivity_formula_mass	2	FALSE	TRUE	2.29999841394601e-09	5.74999603486503e-06
CANAVANINE	20173	HMDB	HMDB0002706_10_shen	Canavanine	inchikey_connectivity_formula_mass	2	FALSE	TRUE	2.29999841394601e-09	5.74999603486503e-06
CANAVANINE	20174	HMDB	HMDB0002706_11_shen	Canavanine	inchikey_connectivity_formula_mass	2	FALSE	TRUE	2.29999841394601e-09	5.74999603486503e-06
CANAVANINE	20175	HMDB	HMDB0002706_12_shen	Canavanine	inchikey_connectivity_formula_mass	2	FALSE	TRUE	2.29999841394601e-09	5.74999603486503e-06
CANAVANINE	20176	HMDB	HMDB0002706_13_shen	Canavanine	inchikey_connectivity_formula_mass	2	FALSE	TRUE	2.29999841394601e-09	5.74999603486503e-06
CANAVANINE	20177	HMDB	HMDB0002706_14_shen	Canavanine	inchikey_connectivity_formula_mass	2	FALSE	TRUE	2.29999841394601e-09	5.74999603486503e-06
CANAVANINE	20178	HMDB	HMDB0002706_15_shen	Canavanine	inchikey_connectivity_formula_mass	2	FALSE	TRUE	2.29999841394601e-09	5.74999603486503e-06
CANAVANINE	20179	HMDB	HMDB0002706_16_shen	Canavanine	inchikey_connectivity_formula_mass	2	FALSE	TRUE	2.29999841394601e-09	5.74999603486503e-06
CANAVANINE	20180	HMDB	HMDB0002706_17_shen	Canavanine	inchikey_connectivity_formula_mass	2	FALSE	TRUE	2.29999841394601e-09	5.74999603486503e-06
CANAVANINE	20181	HMDB	HMDB0002706_18_shen	Canavanine	inchikey_connectivity_formula_mass	2	FALSE	TRUE	2.29999841394601e-09	5.74999603486503e-06
CANAVANINE	20182	HMDB	HMDB0002706_19_shen	Canavanine	inchikey_connectivity_formula_mass	2	FALSE	TRUE	2.29999841394601e-09	5.74999603486503e-06
CANAVANINE	20183	HMDB	HMDB0002706_20_shen	Canavanine	inchikey_connectivity_formula_mass	2	FALSE	TRUE	2.29999841394601e-09	5.74999603486503e-06
CANAVANINE	20184	HMDB	HMDB0002706_21_shen	Canavanine	inchikey_connectivity_formula_mass	2	FALSE	TRUE	2.29999841394601e-09	5.74999603486503e-06
CANAVANINE	20185	HMDB	HMDB0002706_22_shen	Canavanine	inchikey_connectivity_formula_mass	2	FALSE	TRUE	2.29999841394601e-09	5.74999603486503e-06
CANAVANINE	20186	HMDB	HMDB0002706_23_shen	Canavanine	inchikey_connectivity_formula_mass	2	FALSE	TRUE	2.29999841394601e-09	5.74999603486503e-06
CANAVANINE	20187	HMDB	HMDB0002706_24_shen	Canavanine	inchikey_connectivity_formula_mass	2	FALSE	TRUE	2.29999841394601e-09	5.74999603486503e-06
CPD-591	20188	HMDB	HMDB0002708_1_shen	Cyanidin	inchikey_connectivity_formula_mass	2	FALSE	TRUE	1.69995928445132e-09	4.24989821112831e-06
CPD-591	20189	HMDB	HMDB0002708_2_shen	Cyanidin	inchikey_connectivity_formula_mass	2	FALSE	TRUE	1.69995928445132e-09	4.24989821112831e-06
MYRICETIN	20219	HMDB	HMDB0002755_1_shen	Myricetin	inchikey_connectivity_formula_mass	2	FALSE	TRUE	1.80000370164635e-09	4.50000925411587e-06
MYRICETIN	20220	HMDB	HMDB0002755_2_shen	Myricetin	inchikey_connectivity_formula_mass	2	FALSE	TRUE	1.80000370164635e-09	4.50000925411587e-06
MYRICETIN	20221	HMDB	HMDB0002755_3_shen	Myricetin	inchikey_connectivity_formula_mass	2	FALSE	TRUE	1.80000370164635e-09	4.50000925411587e-06
MYRICETIN	20222	HMDB	HMDB0002755_4_shen	Myricetin	inchikey_connectivity_formula_mass	2	FALSE	TRUE	1.80000370164635e-09	4.50000925411587e-06
MYRICETIN	20223	HMDB	HMDB0002755_5_shen	Myricetin	inchikey_connectivity_formula_mass	2	FALSE	TRUE	1.80000370164635e-09	4.50000925411587e-06
MYRICETIN	20224	HMDB	HMDB0002755_6_shen	Myricetin	inchikey_connectivity_formula_mass	2	FALSE	TRUE	1.80000370164635e-09	4.50000925411587e-06
MYRICETIN	20225	HMDB	HMDB0002755_7_shen	Myricetin	inchikey_connectivity_formula_mass	2	FALSE	TRUE	1.80000370164635e-09	4.50000925411587e-06
MYRICETIN	20226	HMDB	HMDB0002755_8_shen	Myricetin	inchikey_connectivity_formula_mass	2	FALSE	TRUE	1.80000370164635e-09	4.50000925411587e-06
MYRICETIN	20227	HMDB	HMDB0002755_9_shen	Myricetin	inchikey_connectivity_formula_mass	2	FALSE	TRUE	1.80000370164635e-09	4.50000925411587e-06
MYRICETIN	20228	HMDB	HMDB0002755_10_shen	Myricetin	inchikey_connectivity_formula_mass	2	FALSE	TRUE	1.80000370164635e-09	4.50000925411587e-06
MYRICETIN	20229	HMDB	HMDB0002755_11_shen	Myricetin	inchikey_connectivity_formula_mass	2	FALSE	TRUE	1.80000370164635e-09	4.50000925411587e-06
MYRICETIN	20230	HMDB	HMDB0002755_12_shen	Myricetin	inchikey_connectivity_formula_mass	2	FALSE	TRUE	1.80000370164635e-09	4.50000925411587e-06
MYRICETIN	20231	HMDB	HMDB0002755_13_shen	Myricetin	inchikey_connectivity_formula_mass	2	FALSE	TRUE	1.80000370164635e-09	4.50000925411587e-06
MYRICETIN	20232	HMDB	HMDB0002755_14_shen	Myricetin	inchikey_connectivity_formula_mass	2	FALSE	TRUE	1.80000370164635e-09	4.50000925411587e-06
MYRICETIN	20233	HMDB	HMDB0002755_15_shen	Myricetin	inchikey_connectivity_formula_mass	2	FALSE	TRUE	1.80000370164635e-09	4.50000925411587e-06
MYRICETIN	20234	HMDB	HMDB0002755_16_shen	Myricetin	inchikey_connectivity_formula_mass	2	FALSE	TRUE	1.80000370164635e-09	4.50000925411587e-06
MYRICETIN	20235	HMDB	HMDB0002755_17_shen	Myricetin	inchikey_connectivity_formula_mass	2	FALSE	TRUE	1.80000370164635e-09	4.50000925411587e-06
MYRICETIN	20236	HMDB	HMDB0002755_18_shen	Myricetin	inchikey_connectivity_formula_mass	2	FALSE	TRUE	1.80000370164635e-09	4.50000925411587e-06
MYRICETIN	20237	HMDB	HMDB0002755_19_shen	Myricetin	inchikey_connectivity_formula_mass	2	FALSE	TRUE	1.80000370164635e-09	4.50000925411587e-06
MYRICETIN	20238	HMDB	HMDB0002755_20_shen	Myricetin	inchikey_connectivity_formula_mass	2	FALSE	TRUE	1.80000370164635e-09	4.50000925411587e-06
MYRICETIN	20239	HMDB	HMDB0002755_21_shen	Myricetin	inchikey_connectivity_formula_mass	2	FALSE	TRUE	1.80000370164635e-09	4.50000925411587e-06
MYRICETIN	20240	HMDB	HMDB0002755_22_shen	Myricetin	inchikey_connectivity_formula_mass	2	FALSE	TRUE	1.80000370164635e-09	4.50000925411587e-06
MYRICETIN	20241	HMDB	HMDB0002755_23_shen	Myricetin	inchikey_connectivity_formula_mass	2	FALSE	TRUE	1.80000370164635e-09	4.50000925411587e-06
MYRICETIN	20242	HMDB	HMDB0002755_24_shen	Myricetin	inchikey_connectivity_formula_mass	2	FALSE	TRUE	1.80000370164635e-09	4.50000925411587e-06
MYRICETIN	20243	HMDB	HMDB0002755_25_shen	Myricetin	inchikey_connectivity_formula_mass	2	FALSE	TRUE	1.80000370164635e-09	4.50000925411587e-06
MYRICETIN	20244	HMDB	HMDB0002755_26_shen	Myricetin	inchikey_connectivity_formula_mass	2	FALSE	TRUE	1.80000370164635e-09	4.50000925411587e-06
MYRICETIN	20245	HMDB	HMDB0002755_27_shen	Myricetin	inchikey_connectivity_formula_mass	2	FALSE	TRUE	1.80000370164635e-09	4.50000925411587e-06
MYRICETIN	20246	HMDB	HMDB0002755_28_shen	Myricetin	inchikey_connectivity_formula_mass	2	FALSE	TRUE	1.80000370164635e-09	4.50000925411587e-06
MYRICETIN	20247	HMDB	HMDB0002755_29_shen	Myricetin	inchikey_connectivity_formula_mass	2	FALSE	TRUE	1.80000370164635e-09	4.50000925411587e-06
MYRICETIN	20248	HMDB	HMDB0002755_30_shen	Myricetin	inchikey_connectivity_formula_mass	2	FALSE	TRUE	1.80000370164635e-09	4.50000925411587e-06
MYRICETIN	20249	HMDB	HMDB0002755_31_shen	Myricetin	inchikey_connectivity_formula_mass	2	FALSE	TRUE	1.80000370164635e-09	4.50000925411587e-06
MYRICETIN	20250	HMDB	HMDB0002755_32_shen	Myricetin	inchikey_connectivity_formula_mass	2	FALSE	TRUE	1.80000370164635e-09	4.50000925411587e-06
MYRICETIN	20251	HMDB	HMDB0002755_33_shen	Myricetin	inchikey_connectivity_formula_mass	2	FALSE	TRUE	1.80000370164635e-09	4.50000925411587e-06
MYRICETIN	20252	HMDB	HMDB0002755_34_shen	Myricetin	inchikey_connectivity_formula_mass	2	FALSE	TRUE	1.80000370164635e-09	4.50000925411587e-06
MYRICETIN	20253	HMDB	HMDB0002755_35_shen	Myricetin	inchikey_connectivity_formula_mass	2	FALSE	TRUE	1.80000370164635e-09	4.50000925411587e-06
MYRICETIN	20254	HMDB	HMDB0002755_36_shen	Myricetin	inchikey_connectivity_formula_mass	2	FALSE	TRUE	1.80000370164635e-09	4.50000925411587e-06
MYRICETIN	20255	HMDB	HMDB0002755_37_shen	Myricetin	inchikey_connectivity_formula_mass	2	FALSE	TRUE	1.80000370164635e-09	4.50000925411587e-06
MYRICETIN	20256	HMDB	HMDB0002755_38_shen	Myricetin	inchikey_connectivity_formula_mass	2	FALSE	TRUE	1.80000370164635e-09	4.50000925411587e-06
MYRICETIN	20257	HMDB	HMDB0002755_39_shen	Myricetin	inchikey_connectivity_formula_mass	2	FALSE	TRUE	1.80000370164635e-09	4.50000925411587e-06
MYRICETIN	20258	HMDB	HMDB0002755_40_shen	Myricetin	inchikey_connectivity_formula_mass	2	FALSE	TRUE	1.80000370164635e-09	4.50000925411587e-06
MYRICETIN	20259	HMDB	HMDB0002755_41_shen	Myricetin	inchikey_connectivity_formula_mass	2	FALSE	TRUE	1.80000370164635e-09	4.50000925411587e-06
MYRICETIN	20260	HMDB	HMDB0002755_42_shen	Myricetin	inchikey_connectivity_formula_mass	2	FALSE	TRUE	1.80000370164635e-09	4.50000925411587e-06
MYRICETIN	20261	HMDB	HMDB0002755_43_shen	Myricetin	inchikey_connectivity_formula_mass	2	FALSE	TRUE	1.80000370164635e-09	4.50000925411587e-06
MYRICETIN	20262	HMDB	HMDB0002755_44_shen	Myricetin	inchikey_connectivity_formula_mass	2	FALSE	TRUE	1.80000370164635e-09	4.50000925411587e-06
MYRICETIN	20263	HMDB	HMDB0002755_45_shen	Myricetin	inchikey_connectivity_formula_mass	2	FALSE	TRUE	1.80000370164635e-09	4.50000925411587e-06
MYRICETIN	20264	HMDB	HMDB0002755_46_shen	Myricetin	inchikey_connectivity_formula_mass	2	FALSE	TRUE	1.80000370164635e-09	4.50000925411587e-06
MYRICETIN	20265	HMDB	HMDB0002755_47_shen	Myricetin	inchikey_connectivity_formula_mass	2	FALSE	TRUE	1.80000370164635e-09	4.50000925411587e-06
MYRICETIN	20266	HMDB	HMDB0002755_48_shen	Myricetin	inchikey_connectivity_formula_mass	2	FALSE	TRUE	1.80000370164635e-09	4.50000925411587e-06
MYRICETIN	20267	HMDB	HMDB0002755_49_shen	Myricetin	inchikey_connectivity_formula_mass	2	FALSE	TRUE	1.80000370164635e-09	4.50000925411587e-06
MYRICETIN	20268	HMDB	HMDB0002755_50_shen	Myricetin	inchikey_connectivity_formula_mass	2	FALSE	TRUE	1.80000370164635e-09	4.50000925411587e-06
MYRICETIN	20269	HMDB	HMDB0002755_51_shen	Myricetin	inchikey_connectivity_formula_mass	2	FALSE	TRUE	1.80000370164635e-09	4.50000925411587e-06
MYRICETIN	20270	HMDB	HMDB0002755_52_shen	Myricetin	inchikey_connectivity_formula_mass	2	FALSE	TRUE	1.80000370164635e-09	4.50000925411587e-06
MYRICETIN	20271	HMDB	HMDB0002755_53_shen	Myricetin	inchikey_connectivity_formula_mass	2	FALSE	TRUE	1.80000370164635e-09	4.50000925411587e-06
MYRICETIN	20272	HMDB	HMDB0002755_54_shen	Myricetin	inchikey_connectivity_formula_mass	2	FALSE	TRUE	1.80000370164635e-09	4.50000925411587e-06
MYRICETIN	20273	HMDB	HMDB0002755_55_shen	Myricetin	inchikey_connectivity_formula_mass	2	FALSE	TRUE	1.80000370164635e-09	4.50000925411587e-06
MYRICETIN	20274	HMDB	HMDB0002755_56_shen	Myricetin	inchikey_connectivity_formula_mass	2	FALSE	TRUE	1.80000370164635e-09	4.50000925411587e-06
MYRICETIN	20275	HMDB	HMDB0002755_57_shen	Myricetin	inchikey_connectivity_formula_mass	2	FALSE	TRUE	1.80000370164635e-09	4.50000925411587e-06
MYRICETIN	20276	HMDB	HMDB0002755_58_shen	Myricetin	inchikey_connectivity_formula_mass	2	FALSE	TRUE	1.80000370164635e-09	4.50000925411587e-06
MYRICETIN	20277	HMDB	HMDB0002755_59_shen	Myricetin	inchikey_connectivity_formula_mass	2	FALSE	TRUE	1.80000370164635e-09	4.50000925411587e-06
MYRICETIN	20278	HMDB	HMDB0002755_60_shen	Myricetin	inchikey_connectivity_formula_mass	2	FALSE	TRUE	1.80000370164635e-09	4.50000925411587e-06
MYRICETIN	20279	HMDB	HMDB0002755_61_shen	Myricetin	inchikey_connectivity_formula_mass	2	FALSE	TRUE	1.80000370164635e-09	4.50000925411587e-06
MYRICETIN	20280	HMDB	HMDB0002755_62_shen	Myricetin	inchikey_connectivity_formula_mass	2	FALSE	TRUE	1.80000370164635e-09	4.50000925411587e-06
MYRICETIN	20281	HMDB	HMDB0002755_63_shen	Myricetin	inchikey_connectivity_formula_mass	2	FALSE	TRUE	1.80000370164635e-09	4.50000925411587e-06
MYRICETIN	20282	HMDB	HMDB0002755_64_shen	Myricetin	inchikey_connectivity_formula_mass	2	FALSE	TRUE	1.80000370164635e-09	4.50000925411587e-06
MYRICETIN	20283	HMDB	HMDB0002755_65_shen	Myricetin	inchikey_connectivity_formula_mass	2	FALSE	TRUE	1.80000370164635e-09	4.50000925411587e-06
MYRICETIN	20284	HMDB	HMDB0002755_66_shen	Myricetin	inchikey_connectivity_formula_mass	2	FALSE	TRUE	1.80000370164635e-09	4.50000925411587e-06
MYRICETIN	20285	HMDB	HMDB0002755_67_shen	Myricetin	inchikey_connectivity_formula_mass	2	FALSE	TRUE	1.80000370164635e-09	4.50000925411587e-06
MYRICETIN	20286	HMDB	HMDB0002755_68_shen	Myricetin	inchikey_connectivity_formula_mass	2	FALSE	TRUE	1.80000370164635e-09	4.50000925411587e-06
MYRICETIN	20287	HMDB	HMDB0002755_69_shen	Myricetin	inchikey_connectivity_formula_mass	2	FALSE	TRUE	1.80000370164635e-09	4.50000925411587e-06
MYRICETIN	20288	HMDB	HMDB0002755_70_shen	Myricetin	inchikey_connectivity_formula_mass	2	FALSE	TRUE	1.80000370164635e-09	4.50000925411587e-06
MYRICETIN	20289	HMDB	HMDB0002755_71_shen	Myricetin	inchikey_connectivity_formula_mass	2	FALSE	TRUE	1.80000370164635e-09	4.50000925411587e-06
MYRICETIN	20290	HMDB	HMDB0002755_72_shen	Myricetin	inchikey_connectivity_formula_mass	2	FALSE	TRUE	1.80000370164635e-09	4.50000925411587e-06
MYRICETIN	20291	HMDB	HMDB0002755_73_shen	Myricetin	inchikey_connectivity_formula_mass	2	FALSE	TRUE	1.80000370164635e-09	4.50000925411587e-06
MYRICETIN	20292	HMDB	HMDB0002755_74_shen	Myricetin	inchikey_connectivity_formula_mass	2	FALSE	TRUE	1.80000370164635e-09	4.50000925411587e-06
MYRICETIN	20293	HMDB	HMDB0002755_75_shen	Myricetin	inchikey_connectivity_formula_mass	2	FALSE	TRUE	1.80000370164635e-09	4.50000925411587e-06
MYRICETIN	20294	HMDB	HMDB0002755_76_shen	Myricetin	inchikey_connectivity_formula_mass	2	FALSE	TRUE	1.80000370164635e-09	4.50000925411587e-06
MYRICETIN	20295	HMDB	HMDB0002755_77_shen	Myricetin	inchikey_connectivity_formula_mass	2	FALSE	TRUE	1.80000370164635e-09	4.50000925411587e-06
MYRICETIN	20296	HMDB	HMDB0002755_78_shen	Myricetin	inchikey_connectivity_formula_mass	2	FALSE	TRUE	1.80000370164635e-09	4.50000925411587e-06
MYRICETIN	20297	HMDB	HMDB0002755_79_shen	Myricetin	inchikey_connectivity_formula_mass	2	FALSE	TRUE	1.80000370164635e-09	4.50000925411587e-06
MYRICETIN	20298	HMDB	HMDB0002755_80_shen	Myricetin	inchikey_connectivity_formula_mass	2	FALSE	TRUE	1.80000370164635e-09	4.50000925411587e-06
MYRICETIN	20299	HMDB	HMDB0002755_81_shen	Myricetin	inchikey_connectivity_formula_mass	2	FALSE	TRUE	1.80000370164635e-09	4.50000925411587e-06
MYRICETIN	20300	HMDB	HMDB0002755_82_shen	Myricetin	inchikey_connectivity_formula_mass	2	FALSE	TRUE	1.80000370164635e-09	4.50000925411587e-06
MYRICETIN	20301	HMDB	HMDB0002755_83_shen	Myricetin	inchikey_connectivity_formula_mass	2	FALSE	TRUE	1.80000370164635e-09	4.50000925411587e-06
MYRICETIN	20302	HMDB	HMDB0002755_84_shen	Myricetin	inchikey_connectivity_formula_mass	2	FALSE	TRUE	1.80000370164635e-09	4.50000925411587e-06
MYRICETIN	20303	HMDB	HMDB0002755_85_shen	Myricetin	inchikey_connectivity_formula_mass	2	FALSE	TRUE	1.80000370164635e-09	4.50000925411587e-06
MYRICETIN	20304	HMDB	HMDB0002755_86_shen	Myricetin	inchikey_connectivity_formula_mass	2	FALSE	TRUE	1.80000370164635e-09	4.50000925411587e-06
MYRICETIN	20305	HMDB	HMDB0002755_87_shen	Myricetin	inchikey_connectivity_formula_mass	2	FALSE	TRUE	1.80000370164635e-09	4.50000925411587e-06
MYRICETIN	20306	HMDB	HMDB0002755_88_shen	Myricetin	inchikey_connectivity_formula_mass	2	FALSE	TRUE	1.80000370164635e-09	4.50000925411587e-06
MYRICETIN	20307	HMDB	HMDB0002755_89_shen	Myricetin	inchikey_connectivity_formula_mass	2	FALSE	TRUE	1.80000370164635e-09	4.50000925411587e-06
MYRICETIN	20308	HMDB	HMDB0002755_90_shen	Myricetin	inchikey_connectivity_formula_mass	2	FALSE	TRUE	1.80000370164635e-09	4.50000925411587e-06
MYRICETIN	20309	HMDB	HMDB0002755_91_shen	Myricetin	inchikey_connectivity_formula_mass	2	FALSE	TRUE	1.80000370164635e-09	4.50000925411587e-06
MYRICETIN	20310	HMDB	HMDB0002755_92_shen	Myricetin	inchikey_connectivity_formula_mass	2	FALSE	TRUE	1.80000370164635e-09	4.50000925411587e-06
MYRICETIN	20311	HMDB	HMDB0002755_93_shen	Myricetin	inchikey_connectivity_formula_mass	2	FALSE	TRUE	1.80000370164635e-09	4.50000925411587e-06
MYRICETIN	20312	HMDB	HMDB0002755_94_shen	Myricetin	inchikey_connectivity_formula_mass	2	FALSE	TRUE	1.80000370164635e-09	4.50000925411587e-06
MYRICETIN	20313	HMDB	HMDB0002755_95_shen	Myricetin	inchikey_connectivity_formula_mass	2	FALSE	TRUE	1.80000370164635e-09	4.50000925411587e-06
MYRICETIN	20314	HMDB	HMDB0002755_96_shen	Myricetin	inchikey_connectivity_formula_mass	2	FALSE	TRUE	1.80000370164635e-09	4.50000925411587e-06
MYRICETIN	20315	HMDB	HMDB0002755_97_shen	Myricetin	inchikey_connectivity_formula_mass	2	FALSE	TRUE	1.80000370164635e-09	4.50000925411587e-06
MYRICETIN	20316	HMDB	HMDB0002755_98_shen	Myricetin	inchikey_connectivity_formula_mass	2	FALSE	TRUE	1.80000370164635e-09	4.50000925411587e-06
MYRICETIN	20317	HMDB	HMDB0002755_99_shen	Myricetin	inchikey_connectivity_formula_mass	2	FALSE	TRUE	1.80000370164635e-09	4.50000925411587e-06
MYRICETIN	20318	HMDB	HMDB0002755_100_shen	Myricetin	inchikey_connectivity_formula_mass	2	FALSE	TRUE	1.80000370164635e-09	4.50000925411587e-06
MYRICETIN	20319	HMDB	HMDB0002755_101_shen	Myricetin	inchikey_connectivity_formula_mass	2	FALSE	TRUE	1.80000370164635e-09	4.50000925411587e-06
MYRICETIN	20320	HMDB	HMDB0002755_102_shen	Myricetin	inchikey_connectivity_formula_mass	2	FALSE	TRUE	1.80000370164635e-09	4.50000925411587e-06
MYRICETIN	20321	HMDB	HMDB0002755_103_shen	Myricetin	inchikey_connectivity_formula_mass	2	FALSE	TRUE	1.80000370164635e-09	4.50000925411587e-06
L-CYSTEATE	20322	HMDB	HMDB0002757_1_shen	Cysteic acid	name_formula_mass	4	FALSE	TRUE	1.39999656312284e-09	3.4999914078071e-06
L-CYSTEATE	20323	HMDB	HMDB0002757_2_shen	Cysteic acid	name_formula_mass	4	FALSE	TRUE	1.39999656312284e-09	3.4999914078071e-06
L-CYSTEATE	20324	HMDB	HMDB0002757_3_shen	Cysteic acid	name_formula_mass	4	FALSE	TRUE	1.39999656312284e-09	3.4999914078071e-06
L-CYSTEATE	20325	HMDB	HMDB0002757_4_shen	Cysteic acid	name_formula_mass	4	FALSE	TRUE	1.39999656312284e-09	3.4999914078071e-06
L-CYSTEATE	20326	HMDB	HMDB0002757_5_shen	Cysteic acid	name_formula_mass	4	FALSE	TRUE	1.39999656312284e-09	3.4999914078071e-06
L-CYSTEATE	20327	HMDB	HMDB0002757_6_shen	Cysteic acid	name_formula_mass	4	FALSE	TRUE	1.39999656312284e-09	3.4999914078071e-06
L-CYSTEATE	20328	HMDB	HMDB0002757_7_shen	Cysteic acid	name_formula_mass	4	FALSE	TRUE	1.39999656312284e-09	3.4999914078071e-06
L-CYSTEATE	20329	HMDB	HMDB0002757_8_shen	Cysteic acid	name_formula_mass	4	FALSE	TRUE	1.39999656312284e-09	3.4999914078071e-06
L-CYSTEATE	20330	HMDB	HMDB0002757_9_shen	Cysteic acid	name_formula_mass	4	FALSE	TRUE	1.39999656312284e-09	3.4999914078071e-06
L-CYSTEATE	20331	HMDB	HMDB0002757_10_shen	Cysteic acid	name_formula_mass	4	FALSE	TRUE	1.39999656312284e-09	3.4999914078071e-06
L-CYSTEATE	20332	HMDB	HMDB0002757_11_shen	Cysteic acid	name_formula_mass	4	FALSE	TRUE	1.39999656312284e-09	3.4999914078071e-06
L-CYSTEATE	20333	HMDB	HMDB0002757_12_shen	Cysteic acid	name_formula_mass	4	FALSE	TRUE	1.39999656312284e-09	3.4999914078071e-06
L-CYSTEATE	20334	HMDB	HMDB0002757_13_shen	Cysteic acid	name_formula_mass	4	FALSE	TRUE	1.39999656312284e-09	3.4999914078071e-06
L-CYSTEATE	20335	HMDB	HMDB0002757_14_shen	Cysteic acid	name_formula_mass	4	FALSE	TRUE	1.39999656312284e-09	3.4999914078071e-06
L-CYSTEATE	20336	HMDB	HMDB0002757_15_shen	Cysteic acid	name_formula_mass	4	FALSE	TRUE	1.39999656312284e-09	3.4999914078071e-06
L-CYSTEATE	20337	HMDB	HMDB0002757_16_shen	Cysteic acid	name_formula_mass	4	FALSE	TRUE	1.39999656312284e-09	3.4999914078071e-06
L-CYSTEATE	20338	HMDB	HMDB0002757_17_shen	Cysteic acid	name_formula_mass	4	FALSE	TRUE	1.39999656312284e-09	3.4999914078071e-06
L-CYSTEATE	20339	HMDB	HMDB0002757_18_shen	Cysteic acid	name_formula_mass	4	FALSE	TRUE	1.39999656312284e-09	3.4999914078071e-06
L-CYSTEATE	20340	HMDB	HMDB0002757_19_shen	Cysteic acid	name_formula_mass	4	FALSE	TRUE	1.39999656312284e-09	3.4999914078071e-06
L-CYSTEATE	20341	HMDB	HMDB0002757_20_shen	Cysteic acid	name_formula_mass	4	FALSE	TRUE	1.39999656312284e-09	3.4999914078071e-06
L-CYSTEATE	20342	HMDB	HMDB0002757_21_shen	Cysteic acid	name_formula_mass	4	FALSE	TRUE	1.39999656312284e-09	3.4999914078071e-06
L-CYSTEATE	20343	HMDB	HMDB0002757_22_shen	Cysteic acid	name_formula_mass	4	FALSE	TRUE	1.39999656312284e-09	3.4999914078071e-06
CPD-1961	20344	HMDB	HMDB0002780_1_shen	Catechin	inchikey	1	TRUE	TRUE	1.99997884919867e-09	4.99994712299667e-06
CPD-1961	20345	HMDB	HMDB0002780_2_shen	Catechin	inchikey	1	TRUE	TRUE	1.99997884919867e-09	4.99994712299667e-06
CPD-1961	20346	HMDB	HMDB0002780_3_shen	Catechin	inchikey	1	TRUE	TRUE	1.99997884919867e-09	4.99994712299667e-06
CPD-1961	20347	HMDB	HMDB0002780_4_shen	Catechin	inchikey	1	TRUE	TRUE	1.99997884919867e-09	4.99994712299667e-06
CPD-1961	20348	HMDB	HMDB0002780_5_shen	Catechin	inchikey	1	TRUE	TRUE	1.99997884919867e-09	4.99994712299667e-06
CPD-1961	20349	HMDB	HMDB0002780_6_shen	Catechin	inchikey	1	TRUE	TRUE	1.99997884919867e-09	4.99994712299667e-06
CPD-1961	20350	HMDB	HMDB0002780_7_shen	Catechin	inchikey	1	TRUE	TRUE	1.99997884919867e-09	4.99994712299667e-06
CPD-1961	20351	HMDB	HMDB0002780_8_shen	Catechin	inchikey	1	TRUE	TRUE	1.99997884919867e-09	4.99994712299667e-06
CPD-1961	20352	HMDB	HMDB0002780_9_shen	Catechin	inchikey	1	TRUE	TRUE	1.99997884919867e-09	4.99994712299667e-06
CPD-1961	20353	HMDB	HMDB0002780_10_shen	Catechin	inchikey	1	TRUE	TRUE	1.99997884919867e-09	4.99994712299667e-06
CPD-1961	20354	HMDB	HMDB0002780_11_shen	Catechin	inchikey	1	TRUE	TRUE	1.99997884919867e-09	4.99994712299667e-06
CPD-1961	20355	HMDB	HMDB0002780_12_shen	Catechin	inchikey	1	TRUE	TRUE	1.99997884919867e-09	4.99994712299667e-06
CPD-1961	20356	HMDB	HMDB0002780_13_shen	Catechin	inchikey	1	TRUE	TRUE	1.99997884919867e-09	4.99994712299667e-06
CPD-1961	20357	HMDB	HMDB0002780_14_shen	Catechin	inchikey	1	TRUE	TRUE	1.99997884919867e-09	4.99994712299667e-06
CPD-1961	20358	HMDB	HMDB0002780_15_shen	Catechin	inchikey	1	TRUE	TRUE	1.99997884919867e-09	4.99994712299667e-06
CPD-1961	20359	HMDB	HMDB0002780_16_shen	Catechin	inchikey	1	TRUE	TRUE	1.99997884919867e-09	4.99994712299667e-06
CPD-1961	20360	HMDB	HMDB0002780_17_shen	Catechin	inchikey	1	TRUE	TRUE	1.99997884919867e-09	4.99994712299667e-06
CPD-1961	20361	HMDB	HMDB0002780_18_shen	Catechin	inchikey	1	TRUE	TRUE	1.99997884919867e-09	4.99994712299667e-06
CPD-1961	20362	HMDB	HMDB0002780_19_shen	Catechin	inchikey	1	TRUE	TRUE	1.99997884919867e-09	4.99994712299667e-06
CPD-1961	20363	HMDB	HMDB0002780_20_shen	Catechin	inchikey	1	TRUE	TRUE	1.99997884919867e-09	4.99994712299667e-06
CPD-1961	20364	HMDB	HMDB0002780_21_shen	Catechin	inchikey	1	TRUE	TRUE	1.99997884919867e-09	4.99994712299667e-06
CPD-1961	20365	HMDB	HMDB0002780_22_shen	Catechin	inchikey	1	TRUE	TRUE	1.99997884919867e-09	4.99994712299667e-06
CPD-1961	20366	HMDB	HMDB0002780_23_shen	Catechin	inchikey	1	TRUE	TRUE	1.99997884919867e-09	4.99994712299667e-06
CPD-1961	20367	HMDB	HMDB0002780_24_shen	Catechin	inchikey	1	TRUE	TRUE	1.99997884919867e-09	4.99994712299667e-06
CPD-1961	20368	HMDB	HMDB0002780_25_shen	Catechin	inchikey	1	TRUE	TRUE	1.99997884919867e-09	4.99994712299667e-06
CPD-1961	20369	HMDB	HMDB0002780_26_shen	Catechin	inchikey	1	TRUE	TRUE	1.99997884919867e-09	4.99994712299667e-06
CPD-1961	20370	HMDB	HMDB0002780_27_shen	Catechin	inchikey	1	TRUE	TRUE	1.99997884919867e-09	4.99994712299667e-06
CPD-1961	20371	HMDB	HMDB0002780_28_shen	Catechin	inchikey	1	TRUE	TRUE	1.99997884919867e-09	4.99994712299667e-06
CPD-1961	20372	HMDB	HMDB0002780_29_shen	Catechin	inchikey	1	TRUE	TRUE	1.99997884919867e-09	4.99994712299667e-06
CPD-1961	20373	HMDB	HMDB0002780_30_shen	Catechin	inchikey	1	TRUE	TRUE	1.99997884919867e-09	4.99994712299667e-06
CPD-1961	20374	HMDB	HMDB0002780_31_shen	Catechin	inchikey	1	TRUE	TRUE	1.99997884919867e-09	4.99994712299667e-06
CPD-1961	20375	HMDB	HMDB0002780_32_shen	Catechin	inchikey	1	TRUE	TRUE	1.99997884919867e-09	4.99994712299667e-06
CPD-1961	20376	HMDB	HMDB0002780_33_shen	Catechin	inchikey	1	TRUE	TRUE	1.99997884919867e-09	4.99994712299667e-06
CPD-1961	20377	HMDB	HMDB0002780_34_shen	Catechin	inchikey	1	TRUE	TRUE	1.99997884919867e-09	4.99994712299667e-06
CPD-1961	20378	HMDB	HMDB0002780_35_shen	Catechin	inchikey	1	TRUE	TRUE	1.99997884919867e-09	4.99994712299667e-06
CPD-1961	20379	HMDB	HMDB0002780_36_shen	Catechin	inchikey	1	TRUE	TRUE	1.99997884919867e-09	4.99994712299667e-06
CPD-1961	20380	HMDB	HMDB0002780_37_shen	Catechin	inchikey	1	TRUE	TRUE	1.99997884919867e-09	4.99994712299667e-06
CPD-1961	20381	HMDB	HMDB0002780_38_shen	Catechin	inchikey	1	TRUE	TRUE	1.99997884919867e-09	4.99994712299667e-06
CPD-1961	20382	HMDB	HMDB0002780_39_shen	Catechin	inchikey	1	TRUE	TRUE	1.99997884919867e-09	4.99994712299667e-06
CPD-1961	20383	HMDB	HMDB0002780_40_shen	Catechin	inchikey	1	TRUE	TRUE	1.99997884919867e-09	4.99994712299667e-06
CPD-1961	20384	HMDB	HMDB0002780_41_shen	Catechin	inchikey	1	TRUE	TRUE	1.99997884919867e-09	4.99994712299667e-06
CPD-1961	20385	HMDB	HMDB0002780_42_shen	Catechin	inchikey	1	TRUE	TRUE	1.99997884919867e-09	4.99994712299667e-06
CPD-1961	20386	HMDB	HMDB0002780_43_shen	Catechin	inchikey	1	TRUE	TRUE	1.99997884919867e-09	4.99994712299667e-06
CPD-1961	20387	HMDB	HMDB0002780_44_shen	Catechin	inchikey	1	TRUE	TRUE	1.99997884919867e-09	4.99994712299667e-06
CPD-1961	20388	HMDB	HMDB0002780_45_shen	Catechin	inchikey	1	TRUE	TRUE	1.99997884919867e-09	4.99994712299667e-06
CPD-1961	20389	HMDB	HMDB0002780_46_shen	Catechin	inchikey	1	TRUE	TRUE	1.99997884919867e-09	4.99994712299667e-06
CPD-1961	20390	HMDB	HMDB0002780_47_shen	Catechin	inchikey	1	TRUE	TRUE	1.99997884919867e-09	4.99994712299667e-06
CPD-1961	20391	HMDB	HMDB0002780_48_shen	Catechin	inchikey	1	TRUE	TRUE	1.99997884919867e-09	4.99994712299667e-06
CPD-1961	20392	HMDB	HMDB0002780_49_shen	Catechin	inchikey	1	TRUE	TRUE	1.99997884919867e-09	4.99994712299667e-06
CPD-1961	20393	HMDB	HMDB0002780_50_shen	Catechin	inchikey	1	TRUE	TRUE	1.99997884919867e-09	4.99994712299667e-06
CPD-1961	20394	HMDB	HMDB0002780_51_shen	Catechin	inchikey	1	TRUE	TRUE	1.99997884919867e-09	4.99994712299667e-06
CPD-1961	20395	HMDB	HMDB0002780_52_shen	Catechin	inchikey	1	TRUE	TRUE	1.99997884919867e-09	4.99994712299667e-06
CPD-1961	20396	HMDB	HMDB0002780_53_shen	Catechin	inchikey	1	TRUE	TRUE	1.99997884919867e-09	4.99994712299667e-06
CPD-1961	20397	HMDB	HMDB0002780_54_shen	Catechin	inchikey	1	TRUE	TRUE	1.99997884919867e-09	4.99994712299667e-06
CPD-1961	20398	HMDB	HMDB0002780_55_shen	Catechin	inchikey	1	TRUE	TRUE	1.99997884919867e-09	4.99994712299667e-06
CPD-1961	20399	HMDB	HMDB0002780_56_shen	Catechin	inchikey	1	TRUE	TRUE	1.99997884919867e-09	4.99994712299667e-06
CPD-1961	20400	HMDB	HMDB0002780_57_shen	Catechin	inchikey	1	TRUE	TRUE	1.99997884919867e-09	4.99994712299667e-06
CPD-1961	20401	HMDB	HMDB0002780_58_shen	Catechin	inchikey	1	TRUE	TRUE	1.99997884919867e-09	4.99994712299667e-06
CPD-1961	20402	HMDB	HMDB0002780_59_shen	Catechin	inchikey	1	TRUE	TRUE	1.99997884919867e-09	4.99994712299667e-06
CPD-1961	20403	HMDB	HMDB0002780_60_shen	Catechin	inchikey	1	TRUE	TRUE	1.99997884919867e-09	4.99994712299667e-06
CPD-1961	20404	HMDB	HMDB0002780_61_shen	Catechin	inchikey	1	TRUE	TRUE	1.99997884919867e-09	4.99994712299667e-06
CPD-1961	20405	HMDB	HMDB0002780_62_shen	Catechin	inchikey	1	TRUE	TRUE	1.99997884919867e-09	4.99994712299667e-06
CPD-1961	20406	HMDB	HMDB0002780_63_shen	Catechin	inchikey	1	TRUE	TRUE	1.99997884919867e-09	4.99994712299667e-06
CPD-1961	20407	HMDB	HMDB0002780_64_shen	Catechin	inchikey	1	TRUE	TRUE	1.99997884919867e-09	4.99994712299667e-06
CPD-1961	20408	HMDB	HMDB0002780_65_shen	Catechin	inchikey	1	TRUE	TRUE	1.99997884919867e-09	4.99994712299667e-06
CPD-1961	20409	HMDB	HMDB0002780_66_shen	Catechin	inchikey	1	TRUE	TRUE	1.99997884919867e-09	4.99994712299667e-06
CPD-1961	20410	HMDB	HMDB0002780_67_shen	Catechin	inchikey	1	TRUE	TRUE	1.99997884919867e-09	4.99994712299667e-06
CPD-1961	20411	HMDB	HMDB0002780_68_shen	Catechin	inchikey	1	TRUE	TRUE	1.99997884919867e-09	4.99994712299667e-06
CPD-1961	20412	HMDB	HMDB0002780_69_shen	Catechin	inchikey	1	TRUE	TRUE	1.99997884919867e-09	4.99994712299667e-06
CPD-1961	20413	HMDB	HMDB0002780_70_shen	Catechin	inchikey	1	TRUE	TRUE	1.99997884919867e-09	4.99994712299667e-06
CPD-1961	20414	HMDB	HMDB0002780_71_shen	Catechin	inchikey	1	TRUE	TRUE	1.99997884919867e-09	4.99994712299667e-06
CPD-1961	20415	HMDB	HMDB0002780_72_shen	Catechin	inchikey	1	TRUE	TRUE	1.99997884919867e-09	4.99994712299667e-06
CPD-1961	20416	HMDB	HMDB0002780_73_shen	Catechin	inchikey	1	TRUE	TRUE	1.99997884919867e-09	4.99994712299667e-06
CPD-1961	20417	HMDB	HMDB0002780_74_shen	Catechin	inchikey	1	TRUE	TRUE	1.99997884919867e-09	4.99994712299667e-06
CPD-1961	20418	HMDB	HMDB0002780_75_shen	Catechin	inchikey	1	TRUE	TRUE	1.99997884919867e-09	4.99994712299667e-06
CPD-1961	20419	HMDB	HMDB0002780_76_shen	Catechin	inchikey	1	TRUE	TRUE	1.99997884919867e-09	4.99994712299667e-06
CPD-1961	20420	HMDB	HMDB0002780_77_shen	Catechin	inchikey	1	TRUE	TRUE	1.99997884919867e-09	4.99994712299667e-06
CPD-1961	20421	HMDB	HMDB0002780_78_shen	Catechin	inchikey	1	TRUE	TRUE	1.99997884919867e-09	4.99994712299667e-06
CPD-1961	20422	HMDB	HMDB0002780_79_shen	Catechin	inchikey	1	TRUE	TRUE	1.99997884919867e-09	4.99994712299667e-06
CPD-1961	20423	HMDB	HMDB0002780_80_shen	Catechin	inchikey	1	TRUE	TRUE	1.99997884919867e-09	4.99994712299667e-06
CPD-1961	20424	HMDB	HMDB0002780_81_shen	Catechin	inchikey	1	TRUE	TRUE	1.99997884919867e-09	4.99994712299667e-06
CPD-1961	20425	HMDB	HMDB0002780_82_shen	Catechin	inchikey	1	TRUE	TRUE	1.99997884919867e-09	4.99994712299667e-06
CPD-1961	20426	HMDB	HMDB0002780_83_shen	Catechin	inchikey	1	TRUE	TRUE	1.99997884919867e-09	4.99994712299667e-06
CPD-1961	20427	HMDB	HMDB0002780_84_shen	Catechin	inchikey	1	TRUE	TRUE	1.99997884919867e-09	4.99994712299667e-06
CPD-1961	20428	HMDB	HMDB0002780_85_shen	Catechin	inchikey	1	TRUE	TRUE	1.99997884919867e-09	4.99994712299667e-06
CPD-1961	20429	HMDB	HMDB0002780_86_shen	Catechin	inchikey	1	TRUE	TRUE	1.99997884919867e-09	4.99994712299667e-06
CPD-1961	20430	HMDB	HMDB0002780_87_shen	Catechin	inchikey	1	TRUE	TRUE	1.99997884919867e-09	4.99994712299667e-06
CPD-1961	20431	HMDB	HMDB0002780_88_shen	Catechin	inchikey	1	TRUE	TRUE	1.99997884919867e-09	4.99994712299667e-06
CPD-1961	20432	HMDB	HMDB0002780_89_shen	Catechin	inchikey	1	TRUE	TRUE	1.99997884919867e-09	4.99994712299667e-06
CPD-1961	20433	HMDB	HMDB0002780_90_shen	Catechin	inchikey	1	TRUE	TRUE	1.99997884919867e-09	4.99994712299667e-06
CPD-1961	20434	HMDB	HMDB0002780_91_shen	Catechin	inchikey	1	TRUE	TRUE	1.99997884919867e-09	4.99994712299667e-06
CPD-1961	20435	HMDB	HMDB0002780_92_shen	Catechin	inchikey	1	TRUE	TRUE	1.99997884919867e-09	4.99994712299667e-06
CPD-1961	20436	HMDB	HMDB0002780_93_shen	Catechin	inchikey	1	TRUE	TRUE	1.99997884919867e-09	4.99994712299667e-06
CPD-1961	20437	HMDB	HMDB0002780_94_shen	Catechin	inchikey	1	TRUE	TRUE	1.99997884919867e-09	4.99994712299667e-06
CPD1F-130	20441	HMDB	HMDB0002789_1_shen	Zeaxanthin	inchikey	1	TRUE	TRUE	1.20007825898938e-09	2.11122286983263e-06
CPD1F-130	20442	HMDB	HMDB0002789_2_shen	Zeaxanthin	inchikey	1	TRUE	TRUE	1.20007825898938e-09	2.11122286983263e-06
CPD1F-130	20443	HMDB	HMDB0002789_3_shen	Zeaxanthin	inchikey	1	TRUE	TRUE	1.20007825898938e-09	2.11122286983263e-06
CPD1F-130	20444	HMDB	HMDB0002789_4_shen	Zeaxanthin	inchikey	1	TRUE	TRUE	1.20007825898938e-09	2.11122286983263e-06
CPD1F-130	20445	HMDB	HMDB0002789_5_shen	Zeaxanthin	inchikey	1	TRUE	TRUE	1.20007825898938e-09	2.11122286983263e-06
CPD1F-130	20446	HMDB	HMDB0002789_6_shen	Zeaxanthin	inchikey	1	TRUE	TRUE	1.20007825898938e-09	2.11122286983263e-06
CPD1F-130	20447	HMDB	HMDB0002789_7_shen	Zeaxanthin	inchikey	1	TRUE	TRUE	1.20007825898938e-09	2.11122286983263e-06
CPD1F-130	20448	HMDB	HMDB0002789_8_shen	Zeaxanthin	inchikey	1	TRUE	TRUE	1.20007825898938e-09	2.11122286983263e-06
CPD1F-130	20449	HMDB	HMDB0002789_9_shen	Zeaxanthin	inchikey	1	TRUE	TRUE	1.20007825898938e-09	2.11122286983263e-06
CPD1F-130	20450	HMDB	HMDB0002789_10_shen	Zeaxanthin	inchikey	1	TRUE	TRUE	1.20007825898938e-09	2.11122286983263e-06
CPD1F-130	20451	HMDB	HMDB0002789_11_shen	Zeaxanthin	inchikey	1	TRUE	TRUE	1.20007825898938e-09	2.11122286983263e-06
CPD1F-130	20452	HMDB	HMDB0002789_12_shen	Zeaxanthin	inchikey	1	TRUE	TRUE	1.20007825898938e-09	2.11122286983263e-06
CPD1F-130	20453	HMDB	HMDB0002789_13_shen	Zeaxanthin	inchikey	1	TRUE	TRUE	1.20007825898938e-09	2.11122286983263e-06
CPD1F-130	20454	HMDB	HMDB0002789_14_shen	Zeaxanthin	inchikey	1	TRUE	TRUE	1.20007825898938e-09	2.11122286983263e-06
CPD1F-130	20455	HMDB	HMDB0002789_15_shen	Zeaxanthin	inchikey	1	TRUE	TRUE	1.20007825898938e-09	2.11122286983263e-06
CPD1F-130	20456	HMDB	HMDB0002789_16_shen	Zeaxanthin	inchikey	1	TRUE	TRUE	1.20007825898938e-09	2.11122286983263e-06
CORTISONE	20457	HMDB	HMDB0002802_1_shen	Cortisone	inchikey	1	TRUE	TRUE	3.30004468196421e-09	8.25011170491052e-06
CORTISONE	20458	HMDB	HMDB0002802_2_shen	Cortisone	inchikey	1	TRUE	TRUE	3.30004468196421e-09	8.25011170491052e-06
CORTISONE	20459	HMDB	HMDB0002802_3_shen	Cortisone	inchikey	1	TRUE	TRUE	3.30004468196421e-09	8.25011170491052e-06
CORTISONE	20460	HMDB	HMDB0002802_4_shen	Cortisone	inchikey	1	TRUE	TRUE	3.30004468196421e-09	8.25011170491052e-06
CORTISONE	20461	HMDB	HMDB0002802_5_shen	Cortisone	inchikey	1	TRUE	TRUE	3.30004468196421e-09	8.25011170491052e-06
CORTISONE	20462	HMDB	HMDB0002802_6_shen	Cortisone	inchikey	1	TRUE	TRUE	3.30004468196421e-09	8.25011170491052e-06
CORTISONE	20463	HMDB	HMDB0002802_7_shen	Cortisone	inchikey	1	TRUE	TRUE	3.30004468196421e-09	8.25011170491052e-06
CORTISONE	20464	HMDB	HMDB0002802_8_shen	Cortisone	inchikey	1	TRUE	TRUE	3.30004468196421e-09	8.25011170491052e-06
CORTISONE	20465	HMDB	HMDB0002802_9_shen	Cortisone	inchikey	1	TRUE	TRUE	3.30004468196421e-09	8.25011170491052e-06
CORTISONE	20466	HMDB	HMDB0002802_10_shen	Cortisone	inchikey	1	TRUE	TRUE	3.30004468196421e-09	8.25011170491052e-06
CORTISONE	20467	HMDB	HMDB0002802_11_shen	Cortisone	inchikey	1	TRUE	TRUE	3.30004468196421e-09	8.25011170491052e-06
CORTISONE	20468	HMDB	HMDB0002802_12_shen	Cortisone	inchikey	1	TRUE	TRUE	3.30004468196421e-09	8.25011170491052e-06
CORTISONE	20469	HMDB	HMDB0002802_13_shen	Cortisone	inchikey	1	TRUE	TRUE	3.30004468196421e-09	8.25011170491052e-06
CORTISONE	20470	HMDB	HMDB0002802_14_shen	Cortisone	inchikey	1	TRUE	TRUE	3.30004468196421e-09	8.25011170491052e-06
CORTISONE	20471	HMDB	HMDB0002802_15_shen	Cortisone	inchikey	1	TRUE	TRUE	3.30004468196421e-09	8.25011170491052e-06
CORTISONE	20472	HMDB	HMDB0002802_16_shen	Cortisone	inchikey	1	TRUE	TRUE	3.30004468196421e-09	8.25011170491052e-06
CORTISONE	20473	HMDB	HMDB0002802_17_shen	Cortisone	inchikey	1	TRUE	TRUE	3.30004468196421e-09	8.25011170491052e-06
CORTISONE	20474	HMDB	HMDB0002802_18_shen	Cortisone	inchikey	1	TRUE	TRUE	3.30004468196421e-09	8.25011170491052e-06
CORTISONE	20475	HMDB	HMDB0002802_19_shen	Cortisone	inchikey	1	TRUE	TRUE	3.30004468196421e-09	8.25011170491052e-06
CORTISONE	20476	HMDB	HMDB0002802_20_shen	Cortisone	inchikey	1	TRUE	TRUE	3.30004468196421e-09	8.25011170491052e-06
CORTISONE	20477	HMDB	HMDB0002802_21_shen	Cortisone	inchikey	1	TRUE	TRUE	3.30004468196421e-09	8.25011170491052e-06
CORTISONE	20478	HMDB	HMDB0002802_22_shen	Cortisone	inchikey	1	TRUE	TRUE	3.30004468196421e-09	8.25011170491052e-06
CORTISONE	20479	HMDB	HMDB0002802_23_shen	Cortisone	inchikey	1	TRUE	TRUE	3.30004468196421e-09	8.25011170491052e-06
CORTISONE	20480	HMDB	HMDB0002802_24_shen	Cortisone	inchikey	1	TRUE	TRUE	3.30004468196421e-09	8.25011170491052e-06
CORTISONE	20481	HMDB	HMDB0002802_25_shen	Cortisone	inchikey	1	TRUE	TRUE	3.30004468196421e-09	8.25011170491052e-06
CORTISONE	20482	HMDB	HMDB0002802_26_shen	Cortisone	inchikey	1	TRUE	TRUE	3.30004468196421e-09	8.25011170491052e-06
CORTISONE	20483	HMDB	HMDB0002802_27_shen	Cortisone	inchikey	1	TRUE	TRUE	3.30004468196421e-09	8.25011170491052e-06
CORTISONE	20484	HMDB	HMDB0002802_28_shen	Cortisone	inchikey	1	TRUE	TRUE	3.30004468196421e-09	8.25011170491052e-06
CORTISONE	20485	HMDB	HMDB0002802_29_shen	Cortisone	inchikey	1	TRUE	TRUE	3.30004468196421e-09	8.25011170491052e-06
CORTISONE	20486	HMDB	HMDB0002802_30_shen	Cortisone	inchikey	1	TRUE	TRUE	3.30004468196421e-09	8.25011170491052e-06
CORTISONE	20487	HMDB	HMDB0002802_31_shen	Cortisone	inchikey	1	TRUE	TRUE	3.30004468196421e-09	8.25011170491052e-06
CORTISONE	20488	HMDB	HMDB0002802_32_shen	Cortisone	inchikey	1	TRUE	TRUE	3.30004468196421e-09	8.25011170491052e-06
CORTISONE	20489	HMDB	HMDB0002802_33_shen	Cortisone	inchikey	1	TRUE	TRUE	3.30004468196421e-09	8.25011170491052e-06
CORTISONE	20490	HMDB	HMDB0002802_34_shen	Cortisone	inchikey	1	TRUE	TRUE	3.30004468196421e-09	8.25011170491052e-06
CORTISONE	20491	HMDB	HMDB0002802_35_shen	Cortisone	inchikey	1	TRUE	TRUE	3.30004468196421e-09	8.25011170491052e-06
CORTISONE	20492	HMDB	HMDB0002802_36_shen	Cortisone	inchikey	1	TRUE	TRUE	3.30004468196421e-09	8.25011170491052e-06
CORTISONE	20493	HMDB	HMDB0002802_37_shen	Cortisone	inchikey	1	TRUE	TRUE	3.30004468196421e-09	8.25011170491052e-06
CORTISONE	20494	HMDB	HMDB0002802_38_shen	Cortisone	inchikey	1	TRUE	TRUE	3.30004468196421e-09	8.25011170491052e-06
CORTISONE	20495	HMDB	HMDB0002802_39_shen	Cortisone	inchikey	1	TRUE	TRUE	3.30004468196421e-09	8.25011170491052e-06
CORTISONE	20496	HMDB	HMDB0002802_40_shen	Cortisone	inchikey	1	TRUE	TRUE	3.30004468196421e-09	8.25011170491052e-06
CORTISONE	20497	HMDB	HMDB0002802_41_shen	Cortisone	inchikey	1	TRUE	TRUE	3.30004468196421e-09	8.25011170491052e-06
CORTISONE	20498	HMDB	HMDB0002802_42_shen	Cortisone	inchikey	1	TRUE	TRUE	3.30004468196421e-09	8.25011170491052e-06
CORTISONE	20499	HMDB	HMDB0002802_43_shen	Cortisone	inchikey	1	TRUE	TRUE	3.30004468196421e-09	8.25011170491052e-06
CORTISONE	20500	HMDB	HMDB0002802_44_shen	Cortisone	inchikey	1	TRUE	TRUE	3.30004468196421e-09	8.25011170491052e-06
CORTISONE	20501	HMDB	HMDB0002802_45_shen	Cortisone	inchikey	1	TRUE	TRUE	3.30004468196421e-09	8.25011170491052e-06
CORTISONE	20502	HMDB	HMDB0002802_46_shen	Cortisone	inchikey	1	TRUE	TRUE	3.30004468196421e-09	8.25011170491052e-06
CORTISONE	20503	HMDB	HMDB0002802_47_shen	Cortisone	inchikey	1	TRUE	TRUE	3.30004468196421e-09	8.25011170491052e-06
CORTISONE	20504	HMDB	HMDB0002802_48_shen	Cortisone	inchikey	1	TRUE	TRUE	3.30004468196421e-09	8.25011170491052e-06
CORTISONE	20505	HMDB	HMDB0002802_49_shen	Cortisone	inchikey	1	TRUE	TRUE	3.30004468196421e-09	8.25011170491052e-06
CORTISONE	20506	HMDB	HMDB0002802_50_shen	Cortisone	inchikey	1	TRUE	TRUE	3.30004468196421e-09	8.25011170491052e-06
CORTISONE	20507	HMDB	HMDB0002802_51_shen	Cortisone	inchikey	1	TRUE	TRUE	3.30004468196421e-09	8.25011170491052e-06
CORTISONE	20508	HMDB	HMDB0002802_52_shen	Cortisone	inchikey	1	TRUE	TRUE	3.30004468196421e-09	8.25011170491052e-06
CORTISONE	20509	HMDB	HMDB0002802_53_shen	Cortisone	inchikey	1	TRUE	TRUE	3.30004468196421e-09	8.25011170491052e-06
CORTISONE	20510	HMDB	HMDB0002802_54_shen	Cortisone	inchikey	1	TRUE	TRUE	3.30004468196421e-09	8.25011170491052e-06
CORTISONE	20511	HMDB	HMDB0002802_55_shen	Cortisone	inchikey	1	TRUE	TRUE	3.30004468196421e-09	8.25011170491052e-06
CORTISONE	20512	HMDB	HMDB0002802_56_shen	Cortisone	inchikey	1	TRUE	TRUE	3.30004468196421e-09	8.25011170491052e-06
CORTISONE	20513	HMDB	HMDB0002802_57_shen	Cortisone	inchikey	1	TRUE	TRUE	3.30004468196421e-09	8.25011170491052e-06
CORTISONE	20514	HMDB	HMDB0002802_58_shen	Cortisone	inchikey	1	TRUE	TRUE	3.30004468196421e-09	8.25011170491052e-06
CORTISONE	20515	HMDB	HMDB0002802_59_shen	Cortisone	inchikey	1	TRUE	TRUE	3.30004468196421e-09	8.25011170491052e-06
CORTISONE	20516	HMDB	HMDB0002802_60_shen	Cortisone	inchikey	1	TRUE	TRUE	3.30004468196421e-09	8.25011170491052e-06
CORTISONE	20517	HMDB	HMDB0002802_61_shen	Cortisone	inchikey	1	TRUE	TRUE	3.30004468196421e-09	8.25011170491052e-06
CORTISONE	20518	HMDB	HMDB0002802_62_shen	Cortisone	inchikey	1	TRUE	TRUE	3.30004468196421e-09	8.25011170491052e-06
CORTISONE	20519	HMDB	HMDB0002802_63_shen	Cortisone	inchikey	1	TRUE	TRUE	3.30004468196421e-09	8.25011170491052e-06
CORTISONE	20520	HMDB	HMDB0002802_64_shen	Cortisone	inchikey	1	TRUE	TRUE	3.30004468196421e-09	8.25011170491052e-06
CORTISONE	20521	HMDB	HMDB0002802_65_shen	Cortisone	inchikey	1	TRUE	TRUE	3.30004468196421e-09	8.25011170491052e-06
CORTISONE	20522	HMDB	HMDB0002802_66_shen	Cortisone	inchikey	1	TRUE	TRUE	3.30004468196421e-09	8.25011170491052e-06
CORTISONE	20523	HMDB	HMDB0002802_67_shen	Cortisone	inchikey	1	TRUE	TRUE	3.30004468196421e-09	8.25011170491052e-06
CORTISONE	20524	HMDB	HMDB0002802_68_shen	Cortisone	inchikey	1	TRUE	TRUE	3.30004468196421e-09	8.25011170491052e-06
CORTISONE	20525	HMDB	HMDB0002802_69_shen	Cortisone	inchikey	1	TRUE	TRUE	3.30004468196421e-09	8.25011170491052e-06
CORTISONE	20526	HMDB	HMDB0002802_70_shen	Cortisone	inchikey	1	TRUE	TRUE	3.30004468196421e-09	8.25011170491052e-06
CORTISONE	20527	HMDB	HMDB0002802_71_shen	Cortisone	inchikey	1	TRUE	TRUE	3.30004468196421e-09	8.25011170491052e-06
CORTISONE	20528	HMDB	HMDB0002802_72_shen	Cortisone	inchikey	1	TRUE	TRUE	3.30004468196421e-09	8.25011170491052e-06
CORTISONE	20529	HMDB	HMDB0002802_73_shen	Cortisone	inchikey	1	TRUE	TRUE	3.30004468196421e-09	8.25011170491052e-06
CORTISONE	20530	HMDB	HMDB0002802_74_shen	Cortisone	inchikey	1	TRUE	TRUE	3.30004468196421e-09	8.25011170491052e-06
CORTISONE	20531	HMDB	HMDB0002802_75_shen	Cortisone	inchikey	1	TRUE	TRUE	3.30004468196421e-09	8.25011170491052e-06
CORTISONE	20532	HMDB	HMDB0002802_76_shen	Cortisone	inchikey	1	TRUE	TRUE	3.30004468196421e-09	8.25011170491052e-06
CORTISONE	20533	HMDB	HMDB0002802_77_shen	Cortisone	inchikey	1	TRUE	TRUE	3.30004468196421e-09	8.25011170491052e-06
CORTISONE	20534	HMDB	HMDB0002802_78_shen	Cortisone	inchikey	1	TRUE	TRUE	3.30004468196421e-09	8.25011170491052e-06
CORTISONE	20535	HMDB	HMDB0002802_79_shen	Cortisone	inchikey	1	TRUE	TRUE	3.30004468196421e-09	8.25011170491052e-06
CORTISONE	20536	HMDB	HMDB0002802_80_shen	Cortisone	inchikey	1	TRUE	TRUE	3.30004468196421e-09	8.25011170491052e-06
CORTISONE	20537	HMDB	HMDB0002802_81_shen	Cortisone	inchikey	1	TRUE	TRUE	3.30004468196421e-09	8.25011170491052e-06
CORTISONE	20538	HMDB	HMDB0002802_82_shen	Cortisone	inchikey	1	TRUE	TRUE	3.30004468196421e-09	8.25011170491052e-06
CORTISONE	20539	HMDB	HMDB0002802_83_shen	Cortisone	inchikey	1	TRUE	TRUE	3.30004468196421e-09	8.25011170491052e-06
CORTISONE	20540	HMDB	HMDB0002802_84_shen	Cortisone	inchikey	1	TRUE	TRUE	3.30004468196421e-09	8.25011170491052e-06
CORTISONE	20541	HMDB	HMDB0002802_85_shen	Cortisone	inchikey	1	TRUE	TRUE	3.30004468196421e-09	8.25011170491052e-06
CORTISONE	20542	HMDB	HMDB0002802_86_shen	Cortisone	inchikey	1	TRUE	TRUE	3.30004468196421e-09	8.25011170491052e-06
CORTISONE	20543	HMDB	HMDB0002802_87_shen	Cortisone	inchikey	1	TRUE	TRUE	3.30004468196421e-09	8.25011170491052e-06
CORTISONE	20544	HMDB	HMDB0002802_88_shen	Cortisone	inchikey	1	TRUE	TRUE	3.30004468196421e-09	8.25011170491052e-06
CORTISONE	20545	HMDB	HMDB0002802_89_shen	Cortisone	inchikey	1	TRUE	TRUE	3.30004468196421e-09	8.25011170491052e-06
CORTISONE	20546	HMDB	HMDB0002802_90_shen	Cortisone	inchikey	1	TRUE	TRUE	3.30004468196421e-09	8.25011170491052e-06
CORTISONE	20547	HMDB	HMDB0002802_91_shen	Cortisone	inchikey	1	TRUE	TRUE	3.30004468196421e-09	8.25011170491052e-06
CORTISONE	20548	HMDB	HMDB0002802_92_shen	Cortisone	inchikey	1	TRUE	TRUE	3.30004468196421e-09	8.25011170491052e-06
CORTISONE	20549	HMDB	HMDB0002802_93_shen	Cortisone	inchikey	1	TRUE	TRUE	3.30004468196421e-09	8.25011170491052e-06
CORTISONE	20550	HMDB	HMDB0002802_94_shen	Cortisone	inchikey	1	TRUE	TRUE	3.30004468196421e-09	8.25011170491052e-06
CORTISONE	20551	HMDB	HMDB0002802_95_shen	Cortisone	inchikey	1	TRUE	TRUE	3.30004468196421e-09	8.25011170491052e-06
CORTISONE	20552	HMDB	HMDB0002802_96_shen	Cortisone	inchikey	1	TRUE	TRUE	3.30004468196421e-09	8.25011170491052e-06
CORTISONE	20553	HMDB	HMDB0002802_97_shen	Cortisone	inchikey	1	TRUE	TRUE	3.30004468196421e-09	8.25011170491052e-06
CORTISONE	20554	HMDB	HMDB0002802_98_shen	Cortisone	inchikey	1	TRUE	TRUE	3.30004468196421e-09	8.25011170491052e-06
CORTISONE	20555	HMDB	HMDB0002802_99_shen	Cortisone	inchikey	1	TRUE	TRUE	3.30004468196421e-09	8.25011170491052e-06
CORTISONE	20556	HMDB	HMDB0002802_100_shen	Cortisone	inchikey	1	TRUE	TRUE	3.30004468196421e-09	8.25011170491052e-06
CORTISONE	20557	HMDB	HMDB0002802_101_shen	Cortisone	inchikey	1	TRUE	TRUE	3.30004468196421e-09	8.25011170491052e-06
CORTISONE	20558	HMDB	HMDB0002802_102_shen	Cortisone	inchikey	1	TRUE	TRUE	3.30004468196421e-09	8.25011170491052e-06
CORTISONE	20559	HMDB	HMDB0002802_103_shen	Cortisone	inchikey	1	TRUE	TRUE	3.30004468196421e-09	8.25011170491052e-06
CORTISONE	20560	HMDB	HMDB0002802_104_shen	Cortisone	inchikey	1	TRUE	TRUE	3.30004468196421e-09	8.25011170491052e-06
3-7-DIMETHYLXANTHINE	20578	HMDB	HMDB0002825_1_shen	Theobromine	inchikey	1	TRUE	TRUE	1.80000370164635e-09	4.50000925411587e-06
3-7-DIMETHYLXANTHINE	20579	HMDB	HMDB0002825_2_shen	Theobromine	inchikey	1	TRUE	TRUE	1.80000370164635e-09	4.50000925411587e-06
3-7-DIMETHYLXANTHINE	20580	HMDB	HMDB0002825_3_shen	Theobromine	inchikey	1	TRUE	TRUE	1.80000370164635e-09	4.50000925411587e-06
3-7-DIMETHYLXANTHINE	20581	HMDB	HMDB0002825_4_shen	Theobromine	inchikey	1	TRUE	TRUE	1.80000370164635e-09	4.50000925411587e-06
3-7-DIMETHYLXANTHINE	20582	HMDB	HMDB0002825_5_shen	Theobromine	inchikey	1	TRUE	TRUE	1.80000370164635e-09	4.50000925411587e-06
3-7-DIMETHYLXANTHINE	20583	HMDB	HMDB0002825_6_shen	Theobromine	inchikey	1	TRUE	TRUE	1.80000370164635e-09	4.50000925411587e-06
3-7-DIMETHYLXANTHINE	20584	HMDB	HMDB0002825_7_shen	Theobromine	inchikey	1	TRUE	TRUE	1.80000370164635e-09	4.50000925411587e-06
3-7-DIMETHYLXANTHINE	20585	HMDB	HMDB0002825_8_shen	Theobromine	inchikey	1	TRUE	TRUE	1.80000370164635e-09	4.50000925411587e-06
3-7-DIMETHYLXANTHINE	20586	HMDB	HMDB0002825_9_shen	Theobromine	inchikey	1	TRUE	TRUE	1.80000370164635e-09	4.50000925411587e-06
3-7-DIMETHYLXANTHINE	20587	HMDB	HMDB0002825_10_shen	Theobromine	inchikey	1	TRUE	TRUE	1.80000370164635e-09	4.50000925411587e-06
3-7-DIMETHYLXANTHINE	20588	HMDB	HMDB0002825_11_shen	Theobromine	inchikey	1	TRUE	TRUE	1.80000370164635e-09	4.50000925411587e-06
3-7-DIMETHYLXANTHINE	20589	HMDB	HMDB0002825_12_shen	Theobromine	inchikey	1	TRUE	TRUE	1.80000370164635e-09	4.50000925411587e-06
3-7-DIMETHYLXANTHINE	20590	HMDB	HMDB0002825_13_shen	Theobromine	inchikey	1	TRUE	TRUE	1.80000370164635e-09	4.50000925411587e-06
3-7-DIMETHYLXANTHINE	20591	HMDB	HMDB0002825_14_shen	Theobromine	inchikey	1	TRUE	TRUE	1.80000370164635e-09	4.50000925411587e-06
3-7-DIMETHYLXANTHINE	20592	HMDB	HMDB0002825_15_shen	Theobromine	inchikey	1	TRUE	TRUE	1.80000370164635e-09	4.50000925411587e-06
3-7-DIMETHYLXANTHINE	20593	HMDB	HMDB0002825_16_shen	Theobromine	inchikey	1	TRUE	TRUE	1.80000370164635e-09	4.50000925411587e-06
3-7-DIMETHYLXANTHINE	20594	HMDB	HMDB0002825_17_shen	Theobromine	inchikey	1	TRUE	TRUE	1.80000370164635e-09	4.50000925411587e-06
3-7-DIMETHYLXANTHINE	20595	HMDB	HMDB0002825_18_shen	Theobromine	inchikey	1	TRUE	TRUE	1.80000370164635e-09	4.50000925411587e-06
3-7-DIMETHYLXANTHINE	20596	HMDB	HMDB0002825_19_shen	Theobromine	inchikey	1	TRUE	TRUE	1.80000370164635e-09	4.50000925411587e-06
3-7-DIMETHYLXANTHINE	20597	HMDB	HMDB0002825_20_shen	Theobromine	inchikey	1	TRUE	TRUE	1.80000370164635e-09	4.50000925411587e-06
3-7-DIMETHYLXANTHINE	20598	HMDB	HMDB0002825_21_shen	Theobromine	inchikey	1	TRUE	TRUE	1.80000370164635e-09	4.50000925411587e-06
3-7-DIMETHYLXANTHINE	20599	HMDB	HMDB0002825_22_shen	Theobromine	inchikey	1	TRUE	TRUE	1.80000370164635e-09	4.50000925411587e-06
3-7-DIMETHYLXANTHINE	20600	HMDB	HMDB0002825_23_shen	Theobromine	inchikey	1	TRUE	TRUE	1.80000370164635e-09	4.50000925411587e-06
3-7-DIMETHYLXANTHINE	20601	HMDB	HMDB0002825_24_shen	Theobromine	inchikey	1	TRUE	TRUE	1.80000370164635e-09	4.50000925411587e-06
3-7-DIMETHYLXANTHINE	20602	HMDB	HMDB0002825_25_shen	Theobromine	inchikey	1	TRUE	TRUE	1.80000370164635e-09	4.50000925411587e-06
3-7-DIMETHYLXANTHINE	20603	HMDB	HMDB0002825_26_shen	Theobromine	inchikey	1	TRUE	TRUE	1.80000370164635e-09	4.50000925411587e-06
3-7-DIMETHYLXANTHINE	20604	HMDB	HMDB0002825_27_shen	Theobromine	inchikey	1	TRUE	TRUE	1.80000370164635e-09	4.50000925411587e-06
3-7-DIMETHYLXANTHINE	20605	HMDB	HMDB0002825_28_shen	Theobromine	inchikey	1	TRUE	TRUE	1.80000370164635e-09	4.50000925411587e-06
3-7-DIMETHYLXANTHINE	20606	HMDB	HMDB0002825_29_shen	Theobromine	inchikey	1	TRUE	TRUE	1.80000370164635e-09	4.50000925411587e-06
3-7-DIMETHYLXANTHINE	20607	HMDB	HMDB0002825_30_shen	Theobromine	inchikey	1	TRUE	TRUE	1.80000370164635e-09	4.50000925411587e-06
3-7-DIMETHYLXANTHINE	20608	HMDB	HMDB0002825_31_shen	Theobromine	inchikey	1	TRUE	TRUE	1.80000370164635e-09	4.50000925411587e-06
3-7-DIMETHYLXANTHINE	20609	HMDB	HMDB0002825_32_shen	Theobromine	inchikey	1	TRUE	TRUE	1.80000370164635e-09	4.50000925411587e-06
3-7-DIMETHYLXANTHINE	20610	HMDB	HMDB0002825_33_shen	Theobromine	inchikey	1	TRUE	TRUE	1.80000370164635e-09	4.50000925411587e-06
3-7-DIMETHYLXANTHINE	20611	HMDB	HMDB0002825_34_shen	Theobromine	inchikey	1	TRUE	TRUE	1.80000370164635e-09	4.50000925411587e-06
3-7-DIMETHYLXANTHINE	20612	HMDB	HMDB0002825_35_shen	Theobromine	inchikey	1	TRUE	TRUE	1.80000370164635e-09	4.50000925411587e-06
3-7-DIMETHYLXANTHINE	20613	HMDB	HMDB0002825_36_shen	Theobromine	inchikey	1	TRUE	TRUE	1.80000370164635e-09	4.50000925411587e-06
3-7-DIMETHYLXANTHINE	20614	HMDB	HMDB0002825_37_shen	Theobromine	inchikey	1	TRUE	TRUE	1.80000370164635e-09	4.50000925411587e-06
3-7-DIMETHYLXANTHINE	20615	HMDB	HMDB0002825_38_shen	Theobromine	inchikey	1	TRUE	TRUE	1.80000370164635e-09	4.50000925411587e-06
3-7-DIMETHYLXANTHINE	20616	HMDB	HMDB0002825_39_shen	Theobromine	inchikey	1	TRUE	TRUE	1.80000370164635e-09	4.50000925411587e-06
3-7-DIMETHYLXANTHINE	20617	HMDB	HMDB0002825_40_shen	Theobromine	inchikey	1	TRUE	TRUE	1.80000370164635e-09	4.50000925411587e-06
3-7-DIMETHYLXANTHINE	20618	HMDB	HMDB0002825_41_shen	Theobromine	inchikey	1	TRUE	TRUE	1.80000370164635e-09	4.50000925411587e-06
3-7-DIMETHYLXANTHINE	20619	HMDB	HMDB0002825_42_shen	Theobromine	inchikey	1	TRUE	TRUE	1.80000370164635e-09	4.50000925411587e-06
3-7-DIMETHYLXANTHINE	20620	HMDB	HMDB0002825_43_shen	Theobromine	inchikey	1	TRUE	TRUE	1.80000370164635e-09	4.50000925411587e-06
3-7-DIMETHYLXANTHINE	20621	HMDB	HMDB0002825_44_shen	Theobromine	inchikey	1	TRUE	TRUE	1.80000370164635e-09	4.50000925411587e-06
3-7-DIMETHYLXANTHINE	20622	HMDB	HMDB0002825_45_shen	Theobromine	inchikey	1	TRUE	TRUE	1.80000370164635e-09	4.50000925411587e-06
3-7-DIMETHYLXANTHINE	20623	HMDB	HMDB0002825_46_shen	Theobromine	inchikey	1	TRUE	TRUE	1.80000370164635e-09	4.50000925411587e-06
3-7-DIMETHYLXANTHINE	20624	HMDB	HMDB0002825_47_shen	Theobromine	inchikey	1	TRUE	TRUE	1.80000370164635e-09	4.50000925411587e-06
3-7-DIMETHYLXANTHINE	20625	HMDB	HMDB0002825_48_shen	Theobromine	inchikey	1	TRUE	TRUE	1.80000370164635e-09	4.50000925411587e-06
3-7-DIMETHYLXANTHINE	20626	HMDB	HMDB0002825_49_shen	Theobromine	inchikey	1	TRUE	TRUE	1.80000370164635e-09	4.50000925411587e-06
3-7-DIMETHYLXANTHINE	20627	HMDB	HMDB0002825_50_shen	Theobromine	inchikey	1	TRUE	TRUE	1.80000370164635e-09	4.50000925411587e-06
3-7-DIMETHYLXANTHINE	20628	HMDB	HMDB0002825_51_shen	Theobromine	inchikey	1	TRUE	TRUE	1.80000370164635e-09	4.50000925411587e-06
3-7-DIMETHYLXANTHINE	20629	HMDB	HMDB0002825_52_shen	Theobromine	inchikey	1	TRUE	TRUE	1.80000370164635e-09	4.50000925411587e-06
3-7-DIMETHYLXANTHINE	20630	HMDB	HMDB0002825_53_shen	Theobromine	inchikey	1	TRUE	TRUE	1.80000370164635e-09	4.50000925411587e-06
3-7-DIMETHYLXANTHINE	20631	HMDB	HMDB0002825_54_shen	Theobromine	inchikey	1	TRUE	TRUE	1.80000370164635e-09	4.50000925411587e-06
3-7-DIMETHYLXANTHINE	20632	HMDB	HMDB0002825_55_shen	Theobromine	inchikey	1	TRUE	TRUE	1.80000370164635e-09	4.50000925411587e-06
3-7-DIMETHYLXANTHINE	20633	HMDB	HMDB0002825_56_shen	Theobromine	inchikey	1	TRUE	TRUE	1.80000370164635e-09	4.50000925411587e-06
3-7-DIMETHYLXANTHINE	20634	HMDB	HMDB0002825_57_shen	Theobromine	inchikey	1	TRUE	TRUE	1.80000370164635e-09	4.50000925411587e-06
3-7-DIMETHYLXANTHINE	20635	HMDB	HMDB0002825_58_shen	Theobromine	inchikey	1	TRUE	TRUE	1.80000370164635e-09	4.50000925411587e-06
3-7-DIMETHYLXANTHINE	20636	HMDB	HMDB0002825_59_shen	Theobromine	inchikey	1	TRUE	TRUE	1.80000370164635e-09	4.50000925411587e-06
3-7-DIMETHYLXANTHINE	20637	HMDB	HMDB0002825_60_shen	Theobromine	inchikey	1	TRUE	TRUE	1.80000370164635e-09	4.50000925411587e-06
3-7-DIMETHYLXANTHINE	20638	HMDB	HMDB0002825_61_shen	Theobromine	inchikey	1	TRUE	TRUE	1.80000370164635e-09	4.50000925411587e-06
3-7-DIMETHYLXANTHINE	20639	HMDB	HMDB0002825_62_shen	Theobromine	inchikey	1	TRUE	TRUE	1.80000370164635e-09	4.50000925411587e-06
3-7-DIMETHYLXANTHINE	20640	HMDB	HMDB0002825_63_shen	Theobromine	inchikey	1	TRUE	TRUE	1.80000370164635e-09	4.50000925411587e-06
3-7-DIMETHYLXANTHINE	20641	HMDB	HMDB0002825_64_shen	Theobromine	inchikey	1	TRUE	TRUE	1.80000370164635e-09	4.50000925411587e-06
3-7-DIMETHYLXANTHINE	20642	HMDB	HMDB0002825_65_shen	Theobromine	inchikey	1	TRUE	TRUE	1.80000370164635e-09	4.50000925411587e-06
DELTA-TOCOPHEROL	20707	HMDB	HMDB0002902_1_shen	delta-Tocopherol	inchikey	1	TRUE	TRUE	4.80002881886321e-09	1.19299898965126e-05
DELTA-TOCOPHEROL	20708	HMDB	HMDB0002902_2_shen	delta-Tocopherol	inchikey	1	TRUE	TRUE	4.80002881886321e-09	1.19299898965126e-05
DELTA-TOCOPHEROL	20709	HMDB	HMDB0002902_3_shen	delta-Tocopherol	inchikey	1	TRUE	TRUE	4.80002881886321e-09	1.19299898965126e-05
DELTA-TOCOPHEROL	20710	HMDB	HMDB0002902_4_shen	delta-Tocopherol	inchikey	1	TRUE	TRUE	4.80002881886321e-09	1.19299898965126e-05
XYLITOL	20712	HMDB	HMDB0002917_1_shen	D-Xylitol	inchikey	1	TRUE	TRUE	1.70001612787019e-09	4.25004031967546e-06
XYLITOL	20713	HMDB	HMDB0002917_2_shen	D-Xylitol	inchikey	1	TRUE	TRUE	1.70001612787019e-09	4.25004031967546e-06
XYLITOL	20714	HMDB	HMDB0002917_3_shen	D-Xylitol	inchikey	1	TRUE	TRUE	1.70001612787019e-09	4.25004031967546e-06
XYLITOL	20715	HMDB	HMDB0002917_4_shen	D-Xylitol	inchikey	1	TRUE	TRUE	1.70001612787019e-09	4.25004031967546e-06
Isomaltose	20716	HMDB	HMDB0002923_1_shen	Isomaltose	name_formula_mass	4	TRUE	TRUE	3.30004468196421e-09	8.25011170491052e-06
Isomaltose	20717	HMDB	HMDB0002923_2_shen	Isomaltose	name_formula_mass	4	TRUE	TRUE	3.30004468196421e-09	8.25011170491052e-06
Isomaltose	20718	HMDB	HMDB0002923_3_shen	Isomaltose	name_formula_mass	4	TRUE	TRUE	3.30004468196421e-09	8.25011170491052e-06
CPD-8120	20719	HMDB	HMDB0002925_1_shen	Dihomo-gamma-linolenic acid	inchikey_connectivity_formula_mass	2	FALSE	TRUE	3.60000740329269e-09	9.00001850823173e-06
CPD-8120	20720	HMDB	HMDB0002925_2_shen	Dihomo-gamma-linolenic acid	inchikey_connectivity_formula_mass	2	FALSE	TRUE	3.60000740329269e-09	9.00001850823173e-06
CPD-8120	20721	HMDB	HMDB0002925_3_shen	Dihomo-gamma-linolenic acid	inchikey_connectivity_formula_mass	2	FALSE	TRUE	3.60000740329269e-09	9.00001850823173e-06
CPD-8120	20722	HMDB	HMDB0002925_4_shen	Dihomo-gamma-linolenic acid	inchikey_connectivity_formula_mass	2	FALSE	TRUE	3.60000740329269e-09	9.00001850823173e-06
CPD-8120	20723	HMDB	HMDB0002925_5_shen	Dihomo-gamma-linolenic acid	inchikey_connectivity_formula_mass	2	FALSE	TRUE	3.60000740329269e-09	9.00001850823173e-06
CPD-8120	20724	HMDB	HMDB0002925_6_shen	Dihomo-gamma-linolenic acid	inchikey_connectivity_formula_mass	2	FALSE	TRUE	3.60000740329269e-09	9.00001850823173e-06
CPD-8120	20725	HMDB	HMDB0002925_7_shen	Dihomo-gamma-linolenic acid	inchikey_connectivity_formula_mass	2	FALSE	TRUE	3.60000740329269e-09	9.00001850823173e-06
CPD-8120	20726	HMDB	HMDB0002925_8_shen	Dihomo-gamma-linolenic acid	inchikey_connectivity_formula_mass	2	FALSE	TRUE	3.60000740329269e-09	9.00001850823173e-06
CPD-8120	20727	HMDB	HMDB0002925_9_shen	Dihomo-gamma-linolenic acid	inchikey_connectivity_formula_mass	2	FALSE	TRUE	3.60000740329269e-09	9.00001850823173e-06
NARINGIN	20728	HMDB	HMDB0002927_1_shen	Naringin	inchikey	1	TRUE	TRUE	4.59999682789203e-09	7.92857927759034e-06
NARINGIN	20729	HMDB	HMDB0002927_2_shen	Naringin	inchikey	1	TRUE	TRUE	4.59999682789203e-09	7.92857927759034e-06
NARINGIN	20730	HMDB	HMDB0002927_3_shen	Naringin	inchikey	1	TRUE	TRUE	4.59999682789203e-09	7.92857927759034e-06
NARINGIN	20731	HMDB	HMDB0002927_4_shen	Naringin	inchikey	1	TRUE	TRUE	4.59999682789203e-09	7.92857927759034e-06
NARINGIN	20732	HMDB	HMDB0002927_5_shen	Naringin	inchikey	1	TRUE	TRUE	4.59999682789203e-09	7.92857927759034e-06
NARINGIN	20733	HMDB	HMDB0002927_6_shen	Naringin	inchikey	1	TRUE	TRUE	4.59999682789203e-09	7.92857927759034e-06
NARINGIN	20734	HMDB	HMDB0002927_7_shen	Naringin	inchikey	1	TRUE	TRUE	4.59999682789203e-09	7.92857927759034e-06
NARINGIN	20735	HMDB	HMDB0002927_8_shen	Naringin	inchikey	1	TRUE	TRUE	4.59999682789203e-09	7.92857927759034e-06
NARINGIN	20736	HMDB	HMDB0002927_9_shen	Naringin	inchikey	1	TRUE	TRUE	4.59999682789203e-09	7.92857927759034e-06
NARINGIN	20737	HMDB	HMDB0002927_10_shen	Naringin	inchikey	1	TRUE	TRUE	4.59999682789203e-09	7.92857927759034e-06
NARINGIN	20738	HMDB	HMDB0002927_11_shen	Naringin	inchikey	1	TRUE	TRUE	4.59999682789203e-09	7.92857927759034e-06
NARINGIN	20739	HMDB	HMDB0002927_12_shen	Naringin	inchikey	1	TRUE	TRUE	4.59999682789203e-09	7.92857927759034e-06
NARINGIN	20740	HMDB	HMDB0002927_13_shen	Naringin	inchikey	1	TRUE	TRUE	4.59999682789203e-09	7.92857927759034e-06
NARINGIN	20741	HMDB	HMDB0002927_14_shen	Naringin	inchikey	1	TRUE	TRUE	4.59999682789203e-09	7.92857927759034e-06
NARINGIN	20742	HMDB	HMDB0002927_15_shen	Naringin	inchikey	1	TRUE	TRUE	4.59999682789203e-09	7.92857927759034e-06
NARINGIN	20743	HMDB	HMDB0002927_16_shen	Naringin	inchikey	1	TRUE	TRUE	4.59999682789203e-09	7.92857927759034e-06
NARINGIN	20744	HMDB	HMDB0002927_17_shen	Naringin	inchikey	1	TRUE	TRUE	4.59999682789203e-09	7.92857927759034e-06
NARINGIN	20745	HMDB	HMDB0002927_18_shen	Naringin	inchikey	1	TRUE	TRUE	4.59999682789203e-09	7.92857927759034e-06
NARINGIN	20746	HMDB	HMDB0002927_19_shen	Naringin	inchikey	1	TRUE	TRUE	4.59999682789203e-09	7.92857927759034e-06
NARINGIN	20747	HMDB	HMDB0002927_20_shen	Naringin	inchikey	1	TRUE	TRUE	4.59999682789203e-09	7.92857927759034e-06
NARINGIN	20748	HMDB	HMDB0002927_21_shen	Naringin	inchikey	1	TRUE	TRUE	4.59999682789203e-09	7.92857927759034e-06
NARINGIN	20749	HMDB	HMDB0002927_22_shen	Naringin	inchikey	1	TRUE	TRUE	4.59999682789203e-09	7.92857927759034e-06
NARINGIN	20750	HMDB	HMDB0002927_23_shen	Naringin	inchikey	1	TRUE	TRUE	4.59999682789203e-09	7.92857927759034e-06
NARINGIN	20751	HMDB	HMDB0002927_24_shen	Naringin	inchikey	1	TRUE	TRUE	4.59999682789203e-09	7.92857927759034e-06
NARINGIN	20752	HMDB	HMDB0002927_25_shen	Naringin	inchikey	1	TRUE	TRUE	4.59999682789203e-09	7.92857927759034e-06
NARINGIN	20753	HMDB	HMDB0002927_26_shen	Naringin	inchikey	1	TRUE	TRUE	4.59999682789203e-09	7.92857927759034e-06
NARINGIN	20754	HMDB	HMDB0002927_27_shen	Naringin	inchikey	1	TRUE	TRUE	4.59999682789203e-09	7.92857927759034e-06
NARINGIN	20755	HMDB	HMDB0002927_28_shen	Naringin	inchikey	1	TRUE	TRUE	4.59999682789203e-09	7.92857927759034e-06
NARINGIN	20756	HMDB	HMDB0002927_29_shen	Naringin	inchikey	1	TRUE	TRUE	4.59999682789203e-09	7.92857927759034e-06
NARINGIN	20757	HMDB	HMDB0002927_30_shen	Naringin	inchikey	1	TRUE	TRUE	4.59999682789203e-09	7.92857927759034e-06
NARINGIN	20758	HMDB	HMDB0002927_31_shen	Naringin	inchikey	1	TRUE	TRUE	4.59999682789203e-09	7.92857927759034e-06
NARINGIN	20759	HMDB	HMDB0002927_32_shen	Naringin	inchikey	1	TRUE	TRUE	4.59999682789203e-09	7.92857927759034e-06
NARINGIN	20760	HMDB	HMDB0002927_33_shen	Naringin	inchikey	1	TRUE	TRUE	4.59999682789203e-09	7.92857927759034e-06
NARINGIN	20761	HMDB	HMDB0002927_34_shen	Naringin	inchikey	1	TRUE	TRUE	4.59999682789203e-09	7.92857927759034e-06
NARINGIN	20762	HMDB	HMDB0002927_35_shen	Naringin	inchikey	1	TRUE	TRUE	4.59999682789203e-09	7.92857927759034e-06
NARINGIN	20763	HMDB	HMDB0002927_36_shen	Naringin	inchikey	1	TRUE	TRUE	4.59999682789203e-09	7.92857927759034e-06
NARINGIN	20764	HMDB	HMDB0002927_37_shen	Naringin	inchikey	1	TRUE	TRUE	4.59999682789203e-09	7.92857927759034e-06
NARINGIN	20765	HMDB	HMDB0002927_38_shen	Naringin	inchikey	1	TRUE	TRUE	4.59999682789203e-09	7.92857927759034e-06
NARINGIN	20766	HMDB	HMDB0002927_39_shen	Naringin	inchikey	1	TRUE	TRUE	4.59999682789203e-09	7.92857927759034e-06
NARINGIN	20767	HMDB	HMDB0002927_40_shen	Naringin	inchikey	1	TRUE	TRUE	4.59999682789203e-09	7.92857927759034e-06
NARINGIN	20768	HMDB	HMDB0002927_41_shen	Naringin	inchikey	1	TRUE	TRUE	4.59999682789203e-09	7.92857927759034e-06
NARINGIN	20769	HMDB	HMDB0002927_42_shen	Naringin	inchikey	1	TRUE	TRUE	4.59999682789203e-09	7.92857927759034e-06
NARINGIN	20770	HMDB	HMDB0002927_43_shen	Naringin	inchikey	1	TRUE	TRUE	4.59999682789203e-09	7.92857927759034e-06
NARINGIN	20771	HMDB	HMDB0002927_44_shen	Naringin	inchikey	1	TRUE	TRUE	4.59999682789203e-09	7.92857927759034e-06
NARINGIN	20772	HMDB	HMDB0002927_45_shen	Naringin	inchikey	1	TRUE	TRUE	4.59999682789203e-09	7.92857927759034e-06
NARINGIN	20773	HMDB	HMDB0002927_46_shen	Naringin	inchikey	1	TRUE	TRUE	4.59999682789203e-09	7.92857927759034e-06
NARINGIN	20774	HMDB	HMDB0002927_47_shen	Naringin	inchikey	1	TRUE	TRUE	4.59999682789203e-09	7.92857927759034e-06
NARINGIN	20775	HMDB	HMDB0002927_48_shen	Naringin	inchikey	1	TRUE	TRUE	4.59999682789203e-09	7.92857927759034e-06
NARINGIN	20776	HMDB	HMDB0002927_49_shen	Naringin	inchikey	1	TRUE	TRUE	4.59999682789203e-09	7.92857927759034e-06
NARINGIN	20777	HMDB	HMDB0002927_50_shen	Naringin	inchikey	1	TRUE	TRUE	4.59999682789203e-09	7.92857927759034e-06
NARINGIN	20778	HMDB	HMDB0002927_51_shen	Naringin	inchikey	1	TRUE	TRUE	4.59999682789203e-09	7.92857927759034e-06
NARINGIN	20779	HMDB	HMDB0002927_52_shen	Naringin	inchikey	1	TRUE	TRUE	4.59999682789203e-09	7.92857927759034e-06
NARINGIN	20780	HMDB	HMDB0002927_53_shen	Naringin	inchikey	1	TRUE	TRUE	4.59999682789203e-09	7.92857927759034e-06
NARINGIN	20781	HMDB	HMDB0002927_54_shen	Naringin	inchikey	1	TRUE	TRUE	4.59999682789203e-09	7.92857927759034e-06
ACETYLSERINE	20792	HMDB	HMDB0002931_1_shen	N-Acetylserine	name_formula_mass	4	TRUE	TRUE	1.499984136899e-09	3.7499603422475e-06
ACETYLSERINE	20793	HMDB	HMDB0002931_2_shen	N-Acetylserine	name_formula_mass	4	TRUE	TRUE	1.499984136899e-09	3.7499603422475e-06
ACETYLSERINE	20794	HMDB	HMDB0002931_3_shen	N-Acetylserine	name_formula_mass	4	TRUE	TRUE	1.499984136899e-09	3.7499603422475e-06
ACETYLSERINE	20795	HMDB	HMDB0002931_4_shen	N-Acetylserine	name_formula_mass	4	TRUE	TRUE	1.499984136899e-09	3.7499603422475e-06
CPD-239	20806	HMDB	HMDB0002991_1_shen	Cysteamine	inchikey_connectivity_formula_mass	2	FALSE	TRUE	9.00001850823173e-10	2.25000462705793e-06
CPD-239	20807	HMDB	HMDB0002991_2_shen	Cysteamine	inchikey_connectivity_formula_mass	2	FALSE	TRUE	9.00001850823173e-10	2.25000462705793e-06
CPD-239	20808	HMDB	HMDB0002991_3_shen	Cysteamine	inchikey_connectivity_formula_mass	2	FALSE	TRUE	9.00001850823173e-10	2.25000462705793e-06
CPD-239	20809	HMDB	HMDB0002991_4_shen	Cysteamine	inchikey_connectivity_formula_mass	2	FALSE	TRUE	9.00001850823173e-10	2.25000462705793e-06
CPD-6995	20810	HMDB	HMDB0002994_1_shen	Erythritol	name_formula_mass	4	TRUE	TRUE	1.40001077397756e-09	3.50002693494389e-06
CPD-6995	20811	HMDB	HMDB0002994_2_shen	Erythritol	name_formula_mass	4	TRUE	TRUE	1.40001077397756e-09	3.50002693494389e-06
CPD-6995	20812	HMDB	HMDB0002994_3_shen	Erythritol	name_formula_mass	4	TRUE	TRUE	1.40001077397756e-09	3.50002693494389e-06
CPD-6995	20813	HMDB	HMDB0002994_4_shen	Erythritol	name_formula_mass	4	TRUE	TRUE	1.40001077397756e-09	3.50002693494389e-06
CPD-6995	20814	HMDB	HMDB0002994_5_shen	Erythritol	name_formula_mass	4	TRUE	TRUE	1.40001077397756e-09	3.50002693494389e-06
CPD-6995	20815	HMDB	HMDB0002994_6_shen	Erythritol	name_formula_mass	4	TRUE	TRUE	1.40001077397756e-09	3.50002693494389e-06
CPD-6995	20816	HMDB	HMDB0002994_7_shen	Erythritol	name_formula_mass	4	TRUE	TRUE	1.40001077397756e-09	3.50002693494389e-06
CPD-6995	20817	HMDB	HMDB0002994_8_shen	Erythritol	name_formula_mass	4	TRUE	TRUE	1.40001077397756e-09	3.50002693494389e-06
CPD-6995	20818	HMDB	HMDB0002994_9_shen	Erythritol	name_formula_mass	4	TRUE	TRUE	1.40001077397756e-09	3.50002693494389e-06
CPD-6995	20819	HMDB	HMDB0002994_10_shen	Erythritol	name_formula_mass	4	TRUE	TRUE	1.40001077397756e-09	3.50002693494389e-06
CPD-6995	20820	HMDB	HMDB0002994_11_shen	Erythritol	name_formula_mass	4	TRUE	TRUE	1.40001077397756e-09	3.50002693494389e-06
CPD-6995	20821	HMDB	HMDB0002994_12_shen	Erythritol	name_formula_mass	4	TRUE	TRUE	1.40001077397756e-09	3.50002693494389e-06
CPD-6995	20822	HMDB	HMDB0002994_13_shen	Erythritol	name_formula_mass	4	TRUE	TRUE	1.40001077397756e-09	3.50002693494389e-06
CPD-6995	20823	HMDB	HMDB0002994_14_shen	Erythritol	name_formula_mass	4	TRUE	TRUE	1.40001077397756e-09	3.50002693494389e-06
CPD-6995	20824	HMDB	HMDB0002994_15_shen	Erythritol	name_formula_mass	4	TRUE	TRUE	1.40001077397756e-09	3.50002693494389e-06
CPD-6995	20825	HMDB	HMDB0002994_16_shen	Erythritol	name_formula_mass	4	TRUE	TRUE	1.40001077397756e-09	3.50002693494389e-06
CPD-6995	20826	HMDB	HMDB0002994_17_shen	Erythritol	name_formula_mass	4	TRUE	TRUE	1.40001077397756e-09	3.50002693494389e-06
CPD-6995	20827	HMDB	HMDB0002994_18_shen	Erythritol	name_formula_mass	4	TRUE	TRUE	1.40001077397756e-09	3.50002693494389e-06
CPD-6995	20828	HMDB	HMDB0002994_19_shen	Erythritol	name_formula_mass	4	TRUE	TRUE	1.40001077397756e-09	3.50002693494389e-06
CPD-6995	20829	HMDB	HMDB0002994_20_shen	Erythritol	name_formula_mass	4	TRUE	TRUE	1.40001077397756e-09	3.50002693494389e-06
CPD-6995	20830	HMDB	HMDB0002994_21_shen	Erythritol	name_formula_mass	4	TRUE	TRUE	1.40001077397756e-09	3.50002693494389e-06
CPD-6995	20831	HMDB	HMDB0002994_22_shen	Erythritol	name_formula_mass	4	TRUE	TRUE	1.40001077397756e-09	3.50002693494389e-06
CPD-6995	20832	HMDB	HMDB0002994_23_shen	Erythritol	name_formula_mass	4	TRUE	TRUE	1.40001077397756e-09	3.50002693494389e-06
CPD-6995	20833	HMDB	HMDB0002994_24_shen	Erythritol	name_formula_mass	4	TRUE	TRUE	1.40001077397756e-09	3.50002693494389e-06
CPD-6995	20834	HMDB	HMDB0002994_25_shen	Erythritol	name_formula_mass	4	TRUE	TRUE	1.40001077397756e-09	3.50002693494389e-06
CPD-6995	20835	HMDB	HMDB0002994_26_shen	Erythritol	name_formula_mass	4	TRUE	TRUE	1.40001077397756e-09	3.50002693494389e-06
CPD-6995	20836	HMDB	HMDB0002994_27_shen	Erythritol	name_formula_mass	4	TRUE	TRUE	1.40001077397756e-09	3.50002693494389e-06
CPD-6995	20837	HMDB	HMDB0002994_28_shen	Erythritol	name_formula_mass	4	TRUE	TRUE	1.40001077397756e-09	3.50002693494389e-06
CPD-6995	20838	HMDB	HMDB0002994_29_shen	Erythritol	name_formula_mass	4	TRUE	TRUE	1.40001077397756e-09	3.50002693494389e-06
CPD-6995	20839	HMDB	HMDB0002994_30_shen	Erythritol	name_formula_mass	4	TRUE	TRUE	1.40001077397756e-09	3.50002693494389e-06
CPD-6995	20840	HMDB	HMDB0002994_31_shen	Erythritol	name_formula_mass	4	TRUE	TRUE	1.40001077397756e-09	3.50002693494389e-06
CPD-6995	20841	HMDB	HMDB0002994_32_shen	Erythritol	name_formula_mass	4	TRUE	TRUE	1.40001077397756e-09	3.50002693494389e-06
CPD-6995	20842	HMDB	HMDB0002994_33_shen	Erythritol	name_formula_mass	4	TRUE	TRUE	1.40001077397756e-09	3.50002693494389e-06
CPD-6995	20843	HMDB	HMDB0002994_34_shen	Erythritol	name_formula_mass	4	TRUE	TRUE	1.40001077397756e-09	3.50002693494389e-06
CPD-6995	20844	HMDB	HMDB0002994_35_shen	Erythritol	name_formula_mass	4	TRUE	TRUE	1.40001077397756e-09	3.50002693494389e-06
CPD1F-114	20845	HMDB	HMDB0003000_1_shen	Lycopene	inchikey	1	TRUE	TRUE	5.40001110493904e-09	1.00664178778537e-05
CPD1F-114	20846	HMDB	HMDB0003000_2_shen	Lycopene	inchikey	1	TRUE	TRUE	5.40001110493904e-09	1.00664178778537e-05
CPD1F-114	20847	HMDB	HMDB0003000_3_shen	Lycopene	inchikey	1	TRUE	TRUE	5.40001110493904e-09	1.00664178778537e-05
CPD1F-114	20848	HMDB	HMDB0003000_4_shen	Lycopene	inchikey	1	TRUE	TRUE	5.40001110493904e-09	1.00664178778537e-05
CPD1F-114	20849	HMDB	HMDB0003000_5_shen	Lycopene	inchikey	1	TRUE	TRUE	5.40001110493904e-09	1.00664178778537e-05
CPD1F-114	20850	HMDB	HMDB0003000_6_shen	Lycopene	inchikey	1	TRUE	TRUE	5.40001110493904e-09	1.00664178778537e-05
ACETYLSERINE	20851	HMDB	HMDB0003011_1_shen	O-Acetylserine	inchikey	1	TRUE	TRUE	1.499984136899e-09	3.7499603422475e-06
ACETYLSERINE	20852	HMDB	HMDB0003011_2_shen	O-Acetylserine	inchikey	1	TRUE	TRUE	1.499984136899e-09	3.7499603422475e-06
ACETYLSERINE	20853	HMDB	HMDB0003011_3_shen	O-Acetylserine	inchikey	1	TRUE	TRUE	1.499984136899e-09	3.7499603422475e-06
ACETYLSERINE	20854	HMDB	HMDB0003011_4_shen	O-Acetylserine	inchikey	1	TRUE	TRUE	1.499984136899e-09	3.7499603422475e-06
ACETYLSERINE	20855	HMDB	HMDB0003011_5_shen	O-Acetylserine	inchikey	1	TRUE	TRUE	1.499984136899e-09	3.7499603422475e-06
ACETYLSERINE	20856	HMDB	HMDB0003011_6_shen	O-Acetylserine	inchikey	1	TRUE	TRUE	1.499984136899e-09	3.7499603422475e-06
ACETYLSERINE	20857	HMDB	HMDB0003011_7_shen	O-Acetylserine	inchikey	1	TRUE	TRUE	1.499984136899e-09	3.7499603422475e-06
ACETYLSERINE	20858	HMDB	HMDB0003011_8_shen	O-Acetylserine	inchikey	1	TRUE	TRUE	1.499984136899e-09	3.7499603422475e-06
ACETYLSERINE	20859	HMDB	HMDB0003011_9_shen	O-Acetylserine	inchikey	1	TRUE	TRUE	1.499984136899e-09	3.7499603422475e-06
ACETYLSERINE	20860	HMDB	HMDB0003011_10_shen	O-Acetylserine	inchikey	1	TRUE	TRUE	1.499984136899e-09	3.7499603422475e-06
ACETYLSERINE	20861	HMDB	HMDB0003011_11_shen	O-Acetylserine	inchikey	1	TRUE	TRUE	1.499984136899e-09	3.7499603422475e-06
ACETYLSERINE	20862	HMDB	HMDB0003011_12_shen	O-Acetylserine	inchikey	1	TRUE	TRUE	1.499984136899e-09	3.7499603422475e-06
ACETYLSERINE	20863	HMDB	HMDB0003011_13_shen	O-Acetylserine	inchikey	1	TRUE	TRUE	1.499984136899e-09	3.7499603422475e-06
ACETYLSERINE	20864	HMDB	HMDB0003011_14_shen	O-Acetylserine	inchikey	1	TRUE	TRUE	1.499984136899e-09	3.7499603422475e-06
ACETYLSERINE	20865	HMDB	HMDB0003011_15_shen	O-Acetylserine	inchikey	1	TRUE	TRUE	1.499984136899e-09	3.7499603422475e-06
ACETYLSERINE	20866	HMDB	HMDB0003011_16_shen	O-Acetylserine	inchikey	1	TRUE	TRUE	1.499984136899e-09	3.7499603422475e-06
ACETYLSERINE	20867	HMDB	HMDB0003011_17_shen	O-Acetylserine	inchikey	1	TRUE	TRUE	1.499984136899e-09	3.7499603422475e-06
ACETYLSERINE	20868	HMDB	HMDB0003011_18_shen	O-Acetylserine	inchikey	1	TRUE	TRUE	1.499984136899e-09	3.7499603422475e-06
ACETYLSERINE	20869	HMDB	HMDB0003011_19_shen	O-Acetylserine	inchikey	1	TRUE	TRUE	1.499984136899e-09	3.7499603422475e-06
ACETYLSERINE	20870	HMDB	HMDB0003011_20_shen	O-Acetylserine	inchikey	1	TRUE	TRUE	1.499984136899e-09	3.7499603422475e-06
ACETYLSERINE	20871	HMDB	HMDB0003011_21_shen	O-Acetylserine	inchikey	1	TRUE	TRUE	1.499984136899e-09	3.7499603422475e-06
ACETYLSERINE	20872	HMDB	HMDB0003011_22_shen	O-Acetylserine	inchikey	1	TRUE	TRUE	1.499984136899e-09	3.7499603422475e-06
ACETYLSERINE	20873	HMDB	HMDB0003011_23_shen	O-Acetylserine	inchikey	1	TRUE	TRUE	1.499984136899e-09	3.7499603422475e-06
ACETYLSERINE	20874	HMDB	HMDB0003011_24_shen	O-Acetylserine	inchikey	1	TRUE	TRUE	1.499984136899e-09	3.7499603422475e-06
ACETYLSERINE	20875	HMDB	HMDB0003011_25_shen	O-Acetylserine	inchikey	1	TRUE	TRUE	1.499984136899e-09	3.7499603422475e-06
ACETYLSERINE	20876	HMDB	HMDB0003011_26_shen	O-Acetylserine	inchikey	1	TRUE	TRUE	1.499984136899e-09	3.7499603422475e-06
ACETYLSERINE	20877	HMDB	HMDB0003011_27_shen	O-Acetylserine	inchikey	1	TRUE	TRUE	1.499984136899e-09	3.7499603422475e-06
ACETYLSERINE	20878	HMDB	HMDB0003011_28_shen	O-Acetylserine	inchikey	1	TRUE	TRUE	1.499984136899e-09	3.7499603422475e-06
ACETYLSERINE	20879	HMDB	HMDB0003011_29_shen	O-Acetylserine	inchikey	1	TRUE	TRUE	1.499984136899e-09	3.7499603422475e-06
ANILINE	20880	HMDB	HMDB0003012_1_shen	Aniline	inchikey	1	TRUE	TRUE	9.00001850823173e-10	2.25000462705793e-06
ANILINE	20881	HMDB	HMDB0003012_2_shen	Aniline	inchikey	1	TRUE	TRUE	9.00001850823173e-10	2.25000462705793e-06
ANILINE	20882	HMDB	HMDB0003012_3_shen	Aniline	inchikey	1	TRUE	TRUE	9.00001850823173e-10	2.25000462705793e-06
ANILINE	20883	HMDB	HMDB0003012_4_shen	Aniline	inchikey	1	TRUE	TRUE	9.00001850823173e-10	2.25000462705793e-06
ANILINE	20884	HMDB	HMDB0003012_5_shen	Aniline	inchikey	1	TRUE	TRUE	9.00001850823173e-10	2.25000462705793e-06
ANILINE	20885	HMDB	HMDB0003012_6_shen	Aniline	inchikey	1	TRUE	TRUE	9.00001850823173e-10	2.25000462705793e-06
ANILINE	20886	HMDB	HMDB0003012_7_shen	Aniline	inchikey	1	TRUE	TRUE	9.00001850823173e-10	2.25000462705793e-06
ANILINE	20887	HMDB	HMDB0003012_8_shen	Aniline	inchikey	1	TRUE	TRUE	9.00001850823173e-10	2.25000462705793e-06
ANILINE	20888	HMDB	HMDB0003012_9_shen	Aniline	inchikey	1	TRUE	TRUE	9.00001850823173e-10	2.25000462705793e-06
ANILINE	20889	HMDB	HMDB0003012_10_shen	Aniline	inchikey	1	TRUE	TRUE	9.00001850823173e-10	2.25000462705793e-06
ANILINE	20890	HMDB	HMDB0003012_11_shen	Aniline	inchikey	1	TRUE	TRUE	9.00001850823173e-10	2.25000462705793e-06
ANILINE	20891	HMDB	HMDB0003012_12_shen	Aniline	inchikey	1	TRUE	TRUE	9.00001850823173e-10	2.25000462705793e-06
ANILINE	20892	HMDB	HMDB0003012_13_shen	Aniline	inchikey	1	TRUE	TRUE	9.00001850823173e-10	2.25000462705793e-06
ANILINE	20893	HMDB	HMDB0003012_14_shen	Aniline	inchikey	1	TRUE	TRUE	9.00001850823173e-10	2.25000462705793e-06
ANILINE	20894	HMDB	HMDB0003012_15_shen	Aniline	inchikey	1	TRUE	TRUE	9.00001850823173e-10	2.25000462705793e-06
ANILINE	20895	HMDB	HMDB0003012_16_shen	Aniline	inchikey	1	TRUE	TRUE	9.00001850823173e-10	2.25000462705793e-06
ANILINE	20896	HMDB	HMDB0003012_17_shen	Aniline	inchikey	1	TRUE	TRUE	9.00001850823173e-10	2.25000462705793e-06
ANILINE	20897	HMDB	HMDB0003012_18_shen	Aniline	inchikey	1	TRUE	TRUE	9.00001850823173e-10	2.25000462705793e-06
ANILINE	20898	HMDB	HMDB0003012_19_shen	Aniline	inchikey	1	TRUE	TRUE	9.00001850823173e-10	2.25000462705793e-06
ANILINE	20899	HMDB	HMDB0003012_20_shen	Aniline	inchikey	1	TRUE	TRUE	9.00001850823173e-10	2.25000462705793e-06
ANILINE	20900	HMDB	HMDB0003012_21_shen	Aniline	inchikey	1	TRUE	TRUE	9.00001850823173e-10	2.25000462705793e-06
ANILINE	20901	HMDB	HMDB0003012_22_shen	Aniline	inchikey	1	TRUE	TRUE	9.00001850823173e-10	2.25000462705793e-06
ANILINE	20902	HMDB	HMDB0003012_23_shen	Aniline	inchikey	1	TRUE	TRUE	9.00001850823173e-10	2.25000462705793e-06
ANILINE	20903	HMDB	HMDB0003012_24_shen	Aniline	inchikey	1	TRUE	TRUE	9.00001850823173e-10	2.25000462705793e-06
ANILINE	20904	HMDB	HMDB0003012_25_shen	Aniline	inchikey	1	TRUE	TRUE	9.00001850823173e-10	2.25000462705793e-06
ANILINE	20905	HMDB	HMDB0003012_26_shen	Aniline	inchikey	1	TRUE	TRUE	9.00001850823173e-10	2.25000462705793e-06
ANILINE	20906	HMDB	HMDB0003012_27_shen	Aniline	inchikey	1	TRUE	TRUE	9.00001850823173e-10	2.25000462705793e-06
ANILINE	20907	HMDB	HMDB0003012_28_shen	Aniline	inchikey	1	TRUE	TRUE	9.00001850823173e-10	2.25000462705793e-06
ANILINE	20908	HMDB	HMDB0003012_29_shen	Aniline	inchikey	1	TRUE	TRUE	9.00001850823173e-10	2.25000462705793e-06
ANILINE	20909	HMDB	HMDB0003012_30_shen	Aniline	inchikey	1	TRUE	TRUE	9.00001850823173e-10	2.25000462705793e-06
ANILINE	20910	HMDB	HMDB0003012_31_shen	Aniline	inchikey	1	TRUE	TRUE	9.00001850823173e-10	2.25000462705793e-06
ANILINE	20911	HMDB	HMDB0003012_32_shen	Aniline	inchikey	1	TRUE	TRUE	9.00001850823173e-10	2.25000462705793e-06
ANILINE	20912	HMDB	HMDB0003012_33_shen	Aniline	inchikey	1	TRUE	TRUE	9.00001850823173e-10	2.25000462705793e-06
ANILINE	20913	HMDB	HMDB0003012_34_shen	Aniline	inchikey	1	TRUE	TRUE	9.00001850823173e-10	2.25000462705793e-06
ANILINE	20914	HMDB	HMDB0003012_35_shen	Aniline	inchikey	1	TRUE	TRUE	9.00001850823173e-10	2.25000462705793e-06
ANILINE	20915	HMDB	HMDB0003012_36_shen	Aniline	inchikey	1	TRUE	TRUE	9.00001850823173e-10	2.25000462705793e-06
ANILINE	20916	HMDB	HMDB0003012_37_shen	Aniline	inchikey	1	TRUE	TRUE	9.00001850823173e-10	2.25000462705793e-06
ANILINE	20917	HMDB	HMDB0003012_38_shen	Aniline	inchikey	1	TRUE	TRUE	9.00001850823173e-10	2.25000462705793e-06
ANILINE	20918	HMDB	HMDB0003012_39_shen	Aniline	inchikey	1	TRUE	TRUE	9.00001850823173e-10	2.25000462705793e-06
ANILINE	20919	HMDB	HMDB0003012_40_shen	Aniline	inchikey	1	TRUE	TRUE	9.00001850823173e-10	2.25000462705793e-06
ANILINE	20920	HMDB	HMDB0003012_41_shen	Aniline	inchikey	1	TRUE	TRUE	9.00001850823173e-10	2.25000462705793e-06
ANILINE	20921	HMDB	HMDB0003012_42_shen	Aniline	inchikey	1	TRUE	TRUE	9.00001850823173e-10	2.25000462705793e-06
ANILINE	20922	HMDB	HMDB0003012_43_shen	Aniline	inchikey	1	TRUE	TRUE	9.00001850823173e-10	2.25000462705793e-06
ANILINE	20923	HMDB	HMDB0003012_44_shen	Aniline	inchikey	1	TRUE	TRUE	9.00001850823173e-10	2.25000462705793e-06
ANILINE	20924	HMDB	HMDB0003012_45_shen	Aniline	inchikey	1	TRUE	TRUE	9.00001850823173e-10	2.25000462705793e-06
ANILINE	20925	HMDB	HMDB0003012_46_shen	Aniline	inchikey	1	TRUE	TRUE	9.00001850823173e-10	2.25000462705793e-06
ANILINE	20926	HMDB	HMDB0003012_47_shen	Aniline	inchikey	1	TRUE	TRUE	9.00001850823173e-10	2.25000462705793e-06
ANILINE	20927	HMDB	HMDB0003012_48_shen	Aniline	inchikey	1	TRUE	TRUE	9.00001850823173e-10	2.25000462705793e-06
ANILINE	20928	HMDB	HMDB0003012_49_shen	Aniline	inchikey	1	TRUE	TRUE	9.00001850823173e-10	2.25000462705793e-06
ANILINE	20929	HMDB	HMDB0003012_50_shen	Aniline	inchikey	1	TRUE	TRUE	9.00001850823173e-10	2.25000462705793e-06
ANILINE	20930	HMDB	HMDB0003012_51_shen	Aniline	inchikey	1	TRUE	TRUE	9.00001850823173e-10	2.25000462705793e-06
ANILINE	20931	HMDB	HMDB0003012_52_shen	Aniline	inchikey	1	TRUE	TRUE	9.00001850823173e-10	2.25000462705793e-06
ANILINE	20932	HMDB	HMDB0003012_53_shen	Aniline	inchikey	1	TRUE	TRUE	9.00001850823173e-10	2.25000462705793e-06
ANILINE	20933	HMDB	HMDB0003012_54_shen	Aniline	inchikey	1	TRUE	TRUE	9.00001850823173e-10	2.25000462705793e-06
ANILINE	20934	HMDB	HMDB0003012_55_shen	Aniline	inchikey	1	TRUE	TRUE	9.00001850823173e-10	2.25000462705793e-06
ANILINE	20935	HMDB	HMDB0003012_56_shen	Aniline	inchikey	1	TRUE	TRUE	9.00001850823173e-10	2.25000462705793e-06
ANILINE	20936	HMDB	HMDB0003012_57_shen	Aniline	inchikey	1	TRUE	TRUE	9.00001850823173e-10	2.25000462705793e-06
ANILINE	20937	HMDB	HMDB0003012_58_shen	Aniline	inchikey	1	TRUE	TRUE	9.00001850823173e-10	2.25000462705793e-06
ANILINE	20938	HMDB	HMDB0003012_59_shen	Aniline	inchikey	1	TRUE	TRUE	9.00001850823173e-10	2.25000462705793e-06
ANILINE	20939	HMDB	HMDB0003012_60_shen	Aniline	inchikey	1	TRUE	TRUE	9.00001850823173e-10	2.25000462705793e-06
ANILINE	20940	HMDB	HMDB0003012_61_shen	Aniline	inchikey	1	TRUE	TRUE	9.00001850823173e-10	2.25000462705793e-06
ANILINE	20941	HMDB	HMDB0003012_62_shen	Aniline	inchikey	1	TRUE	TRUE	9.00001850823173e-10	2.25000462705793e-06
ANILINE	20942	HMDB	HMDB0003012_63_shen	Aniline	inchikey	1	TRUE	TRUE	9.00001850823173e-10	2.25000462705793e-06
ANILINE	20943	HMDB	HMDB0003012_64_shen	Aniline	inchikey	1	TRUE	TRUE	9.00001850823173e-10	2.25000462705793e-06
ANILINE	20944	HMDB	HMDB0003012_65_shen	Aniline	inchikey	1	TRUE	TRUE	9.00001850823173e-10	2.25000462705793e-06
ANILINE	20945	HMDB	HMDB0003012_66_shen	Aniline	inchikey	1	TRUE	TRUE	9.00001850823173e-10	2.25000462705793e-06
ANILINE	20946	HMDB	HMDB0003012_67_shen	Aniline	inchikey	1	TRUE	TRUE	9.00001850823173e-10	2.25000462705793e-06
ANILINE	20947	HMDB	HMDB0003012_68_shen	Aniline	inchikey	1	TRUE	TRUE	9.00001850823173e-10	2.25000462705793e-06
ANILINE	20948	HMDB	HMDB0003012_69_shen	Aniline	inchikey	1	TRUE	TRUE	9.00001850823173e-10	2.25000462705793e-06
ANILINE	20949	HMDB	HMDB0003012_70_shen	Aniline	inchikey	1	TRUE	TRUE	9.00001850823173e-10	2.25000462705793e-06
ANILINE	20950	HMDB	HMDB0003012_71_shen	Aniline	inchikey	1	TRUE	TRUE	9.00001850823173e-10	2.25000462705793e-06
ANILINE	20951	HMDB	HMDB0003012_72_shen	Aniline	inchikey	1	TRUE	TRUE	9.00001850823173e-10	2.25000462705793e-06
ANILINE	20952	HMDB	HMDB0003012_73_shen	Aniline	inchikey	1	TRUE	TRUE	9.00001850823173e-10	2.25000462705793e-06
ANILINE	20953	HMDB	HMDB0003012_74_shen	Aniline	inchikey	1	TRUE	TRUE	9.00001850823173e-10	2.25000462705793e-06
ANILINE	20954	HMDB	HMDB0003012_75_shen	Aniline	inchikey	1	TRUE	TRUE	9.00001850823173e-10	2.25000462705793e-06
ANILINE	20955	HMDB	HMDB0003012_76_shen	Aniline	inchikey	1	TRUE	TRUE	9.00001850823173e-10	2.25000462705793e-06
ANILINE	20956	HMDB	HMDB0003012_77_shen	Aniline	inchikey	1	TRUE	TRUE	9.00001850823173e-10	2.25000462705793e-06
ANILINE	20957	HMDB	HMDB0003012_78_shen	Aniline	inchikey	1	TRUE	TRUE	9.00001850823173e-10	2.25000462705793e-06
ANILINE	20958	HMDB	HMDB0003012_79_shen	Aniline	inchikey	1	TRUE	TRUE	9.00001850823173e-10	2.25000462705793e-06
ANILINE	20959	HMDB	HMDB0003012_80_shen	Aniline	inchikey	1	TRUE	TRUE	9.00001850823173e-10	2.25000462705793e-06
ANILINE	20960	HMDB	HMDB0003012_81_shen	Aniline	inchikey	1	TRUE	TRUE	9.00001850823173e-10	2.25000462705793e-06
ANILINE	20961	HMDB	HMDB0003012_82_shen	Aniline	inchikey	1	TRUE	TRUE	9.00001850823173e-10	2.25000462705793e-06
ANILINE	20962	HMDB	HMDB0003012_83_shen	Aniline	inchikey	1	TRUE	TRUE	9.00001850823173e-10	2.25000462705793e-06
ANILINE	20963	HMDB	HMDB0003012_84_shen	Aniline	inchikey	1	TRUE	TRUE	9.00001850823173e-10	2.25000462705793e-06
ANILINE	20964	HMDB	HMDB0003012_85_shen	Aniline	inchikey	1	TRUE	TRUE	9.00001850823173e-10	2.25000462705793e-06
ANILINE	20965	HMDB	HMDB0003012_86_shen	Aniline	inchikey	1	TRUE	TRUE	9.00001850823173e-10	2.25000462705793e-06
ANILINE	20966	HMDB	HMDB0003012_87_shen	Aniline	inchikey	1	TRUE	TRUE	9.00001850823173e-10	2.25000462705793e-06
ANILINE	20967	HMDB	HMDB0003012_88_shen	Aniline	inchikey	1	TRUE	TRUE	9.00001850823173e-10	2.25000462705793e-06
ANILINE	20968	HMDB	HMDB0003012_89_shen	Aniline	inchikey	1	TRUE	TRUE	9.00001850823173e-10	2.25000462705793e-06
ANILINE	20969	HMDB	HMDB0003012_90_shen	Aniline	inchikey	1	TRUE	TRUE	9.00001850823173e-10	2.25000462705793e-06
ANILINE	20970	HMDB	HMDB0003012_91_shen	Aniline	inchikey	1	TRUE	TRUE	9.00001850823173e-10	2.25000462705793e-06
ANILINE	20971	HMDB	HMDB0003012_92_shen	Aniline	inchikey	1	TRUE	TRUE	9.00001850823173e-10	2.25000462705793e-06
ANILINE	20972	HMDB	HMDB0003012_93_shen	Aniline	inchikey	1	TRUE	TRUE	9.00001850823173e-10	2.25000462705793e-06
ANILINE	20973	HMDB	HMDB0003012_94_shen	Aniline	inchikey	1	TRUE	TRUE	9.00001850823173e-10	2.25000462705793e-06
ANILINE	20974	HMDB	HMDB0003012_95_shen	Aniline	inchikey	1	TRUE	TRUE	9.00001850823173e-10	2.25000462705793e-06
SHIKIMATE	21028	HMDB	HMDB0003070_1_shen	Shikimic acid	inchikey_connectivity_formula_mass	2	FALSE	TRUE	1.50001255860843e-09	3.75003139652108e-06
SHIKIMATE	21029	HMDB	HMDB0003070_2_shen	Shikimic acid	inchikey_connectivity_formula_mass	2	FALSE	TRUE	1.50001255860843e-09	3.75003139652108e-06
SHIKIMATE	21030	HMDB	HMDB0003070_3_shen	Shikimic acid	inchikey_connectivity_formula_mass	2	FALSE	TRUE	1.50001255860843e-09	3.75003139652108e-06
SHIKIMATE	21031	HMDB	HMDB0003070_4_shen	Shikimic acid	inchikey_connectivity_formula_mass	2	FALSE	TRUE	1.50001255860843e-09	3.75003139652108e-06
SHIKIMATE	21032	HMDB	HMDB0003070_5_shen	Shikimic acid	inchikey_connectivity_formula_mass	2	FALSE	TRUE	1.50001255860843e-09	3.75003139652108e-06
SHIKIMATE	21033	HMDB	HMDB0003070_6_shen	Shikimic acid	inchikey_connectivity_formula_mass	2	FALSE	TRUE	1.50001255860843e-09	3.75003139652108e-06
SHIKIMATE	21034	HMDB	HMDB0003070_7_shen	Shikimic acid	inchikey_connectivity_formula_mass	2	FALSE	TRUE	1.50001255860843e-09	3.75003139652108e-06
SHIKIMATE	21035	HMDB	HMDB0003070_8_shen	Shikimic acid	inchikey_connectivity_formula_mass	2	FALSE	TRUE	1.50001255860843e-09	3.75003139652108e-06
SHIKIMATE	21036	HMDB	HMDB0003070_9_shen	Shikimic acid	inchikey_connectivity_formula_mass	2	FALSE	TRUE	1.50001255860843e-09	3.75003139652108e-06
SHIKIMATE	21037	HMDB	HMDB0003070_10_shen	Shikimic acid	inchikey_connectivity_formula_mass	2	FALSE	TRUE	1.50001255860843e-09	3.75003139652108e-06
SHIKIMATE	21038	HMDB	HMDB0003070_11_shen	Shikimic acid	inchikey_connectivity_formula_mass	2	FALSE	TRUE	1.50001255860843e-09	3.75003139652108e-06
SHIKIMATE	21039	HMDB	HMDB0003070_12_shen	Shikimic acid	inchikey_connectivity_formula_mass	2	FALSE	TRUE	1.50001255860843e-09	3.75003139652108e-06
SHIKIMATE	21040	HMDB	HMDB0003070_13_shen	Shikimic acid	inchikey_connectivity_formula_mass	2	FALSE	TRUE	1.50001255860843e-09	3.75003139652108e-06
SHIKIMATE	21041	HMDB	HMDB0003070_14_shen	Shikimic acid	inchikey_connectivity_formula_mass	2	FALSE	TRUE	1.50001255860843e-09	3.75003139652108e-06
SHIKIMATE	21042	HMDB	HMDB0003070_15_shen	Shikimic acid	inchikey_connectivity_formula_mass	2	FALSE	TRUE	1.50001255860843e-09	3.75003139652108e-06
SHIKIMATE	21043	HMDB	HMDB0003070_16_shen	Shikimic acid	inchikey_connectivity_formula_mass	2	FALSE	TRUE	1.50001255860843e-09	3.75003139652108e-06
SHIKIMATE	21044	HMDB	HMDB0003070_17_shen	Shikimic acid	inchikey_connectivity_formula_mass	2	FALSE	TRUE	1.50001255860843e-09	3.75003139652108e-06
SHIKIMATE	21045	HMDB	HMDB0003070_18_shen	Shikimic acid	inchikey_connectivity_formula_mass	2	FALSE	TRUE	1.50001255860843e-09	3.75003139652108e-06
SHIKIMATE	21046	HMDB	HMDB0003070_19_shen	Shikimic acid	inchikey_connectivity_formula_mass	2	FALSE	TRUE	1.50001255860843e-09	3.75003139652108e-06
SHIKIMATE	21047	HMDB	HMDB0003070_20_shen	Shikimic acid	inchikey_connectivity_formula_mass	2	FALSE	TRUE	1.50001255860843e-09	3.75003139652108e-06
SHIKIMATE	21048	HMDB	HMDB0003070_21_shen	Shikimic acid	inchikey_connectivity_formula_mass	2	FALSE	TRUE	1.50001255860843e-09	3.75003139652108e-06
SHIKIMATE	21049	HMDB	HMDB0003070_22_shen	Shikimic acid	inchikey_connectivity_formula_mass	2	FALSE	TRUE	1.50001255860843e-09	3.75003139652108e-06
SHIKIMATE	21050	HMDB	HMDB0003070_23_shen	Shikimic acid	inchikey_connectivity_formula_mass	2	FALSE	TRUE	1.50001255860843e-09	3.75003139652108e-06
SHIKIMATE	21051	HMDB	HMDB0003070_24_shen	Shikimic acid	inchikey_connectivity_formula_mass	2	FALSE	TRUE	1.50001255860843e-09	3.75003139652108e-06
SHIKIMATE	21052	HMDB	HMDB0003070_25_shen	Shikimic acid	inchikey_connectivity_formula_mass	2	FALSE	TRUE	1.50001255860843e-09	3.75003139652108e-06
SHIKIMATE	21053	HMDB	HMDB0003070_26_shen	Shikimic acid	inchikey_connectivity_formula_mass	2	FALSE	TRUE	1.50001255860843e-09	3.75003139652108e-06
SHIKIMATE	21054	HMDB	HMDB0003070_27_shen	Shikimic acid	inchikey_connectivity_formula_mass	2	FALSE	TRUE	1.50001255860843e-09	3.75003139652108e-06
SHIKIMATE	21055	HMDB	HMDB0003070_28_shen	Shikimic acid	inchikey_connectivity_formula_mass	2	FALSE	TRUE	1.50001255860843e-09	3.75003139652108e-06
SHIKIMATE	21056	HMDB	HMDB0003070_29_shen	Shikimic acid	inchikey_connectivity_formula_mass	2	FALSE	TRUE	1.50001255860843e-09	3.75003139652108e-06
SHIKIMATE	21057	HMDB	HMDB0003070_30_shen	Shikimic acid	inchikey_connectivity_formula_mass	2	FALSE	TRUE	1.50001255860843e-09	3.75003139652108e-06
QUINATE	21058	HMDB	HMDB0003072_1_shen	Quinic acid	inchikey_connectivity_formula_mass	2	FALSE	TRUE	1.80000370164635e-09	4.50000925411587e-06
QUINATE	21059	HMDB	HMDB0003072_2_shen	Quinic acid	inchikey_connectivity_formula_mass	2	FALSE	TRUE	1.80000370164635e-09	4.50000925411587e-06
QUINATE	21060	HMDB	HMDB0003072_3_shen	Quinic acid	inchikey_connectivity_formula_mass	2	FALSE	TRUE	1.80000370164635e-09	4.50000925411587e-06
QUINATE	21061	HMDB	HMDB0003072_4_shen	Quinic acid	inchikey_connectivity_formula_mass	2	FALSE	TRUE	1.80000370164635e-09	4.50000925411587e-06
QUINATE	21062	HMDB	HMDB0003072_5_shen	Quinic acid	inchikey_connectivity_formula_mass	2	FALSE	TRUE	1.80000370164635e-09	4.50000925411587e-06
QUINATE	21063	HMDB	HMDB0003072_6_shen	Quinic acid	inchikey_connectivity_formula_mass	2	FALSE	TRUE	1.80000370164635e-09	4.50000925411587e-06
QUINATE	21064	HMDB	HMDB0003072_7_shen	Quinic acid	inchikey_connectivity_formula_mass	2	FALSE	TRUE	1.80000370164635e-09	4.50000925411587e-06
QUINATE	21065	HMDB	HMDB0003072_8_shen	Quinic acid	inchikey_connectivity_formula_mass	2	FALSE	TRUE	1.80000370164635e-09	4.50000925411587e-06
QUINATE	21066	HMDB	HMDB0003072_9_shen	Quinic acid	inchikey_connectivity_formula_mass	2	FALSE	TRUE	1.80000370164635e-09	4.50000925411587e-06
QUINATE	21067	HMDB	HMDB0003072_10_shen	Quinic acid	inchikey_connectivity_formula_mass	2	FALSE	TRUE	1.80000370164635e-09	4.50000925411587e-06
QUINATE	21068	HMDB	HMDB0003072_11_shen	Quinic acid	inchikey_connectivity_formula_mass	2	FALSE	TRUE	1.80000370164635e-09	4.50000925411587e-06
QUINATE	21069	HMDB	HMDB0003072_12_shen	Quinic acid	inchikey_connectivity_formula_mass	2	FALSE	TRUE	1.80000370164635e-09	4.50000925411587e-06
QUINATE	21070	HMDB	HMDB0003072_13_shen	Quinic acid	inchikey_connectivity_formula_mass	2	FALSE	TRUE	1.80000370164635e-09	4.50000925411587e-06
QUINATE	21071	HMDB	HMDB0003072_14_shen	Quinic acid	inchikey_connectivity_formula_mass	2	FALSE	TRUE	1.80000370164635e-09	4.50000925411587e-06
QUINATE	21072	HMDB	HMDB0003072_15_shen	Quinic acid	inchikey_connectivity_formula_mass	2	FALSE	TRUE	1.80000370164635e-09	4.50000925411587e-06
QUINATE	21073	HMDB	HMDB0003072_16_shen	Quinic acid	inchikey_connectivity_formula_mass	2	FALSE	TRUE	1.80000370164635e-09	4.50000925411587e-06
QUINATE	21074	HMDB	HMDB0003072_17_shen	Quinic acid	inchikey_connectivity_formula_mass	2	FALSE	TRUE	1.80000370164635e-09	4.50000925411587e-06
QUINATE	21075	HMDB	HMDB0003072_18_shen	Quinic acid	inchikey_connectivity_formula_mass	2	FALSE	TRUE	1.80000370164635e-09	4.50000925411587e-06
QUINATE	21076	HMDB	HMDB0003072_19_shen	Quinic acid	inchikey_connectivity_formula_mass	2	FALSE	TRUE	1.80000370164635e-09	4.50000925411587e-06
QUINATE	21077	HMDB	HMDB0003072_20_shen	Quinic acid	inchikey_connectivity_formula_mass	2	FALSE	TRUE	1.80000370164635e-09	4.50000925411587e-06
QUINATE	21078	HMDB	HMDB0003072_21_shen	Quinic acid	inchikey_connectivity_formula_mass	2	FALSE	TRUE	1.80000370164635e-09	4.50000925411587e-06
QUINATE	21079	HMDB	HMDB0003072_22_shen	Quinic acid	inchikey_connectivity_formula_mass	2	FALSE	TRUE	1.80000370164635e-09	4.50000925411587e-06
QUINATE	21080	HMDB	HMDB0003072_23_shen	Quinic acid	inchikey_connectivity_formula_mass	2	FALSE	TRUE	1.80000370164635e-09	4.50000925411587e-06
QUINATE	21081	HMDB	HMDB0003072_24_shen	Quinic acid	inchikey_connectivity_formula_mass	2	FALSE	TRUE	1.80000370164635e-09	4.50000925411587e-06
QUINATE	21082	HMDB	HMDB0003072_25_shen	Quinic acid	inchikey_connectivity_formula_mass	2	FALSE	TRUE	1.80000370164635e-09	4.50000925411587e-06
QUINATE	21083	HMDB	HMDB0003072_26_shen	Quinic acid	inchikey_connectivity_formula_mass	2	FALSE	TRUE	1.80000370164635e-09	4.50000925411587e-06
QUINATE	21084	HMDB	HMDB0003072_27_shen	Quinic acid	inchikey_connectivity_formula_mass	2	FALSE	TRUE	1.80000370164635e-09	4.50000925411587e-06
QUINATE	21085	HMDB	HMDB0003072_28_shen	Quinic acid	inchikey_connectivity_formula_mass	2	FALSE	TRUE	1.80000370164635e-09	4.50000925411587e-06
QUINATE	21086	HMDB	HMDB0003072_29_shen	Quinic acid	inchikey_connectivity_formula_mass	2	FALSE	TRUE	1.80000370164635e-09	4.50000925411587e-06
QUINATE	21087	HMDB	HMDB0003072_30_shen	Quinic acid	inchikey_connectivity_formula_mass	2	FALSE	TRUE	1.80000370164635e-09	4.50000925411587e-06
QUINATE	21088	HMDB	HMDB0003072_31_shen	Quinic acid	inchikey_connectivity_formula_mass	2	FALSE	TRUE	1.80000370164635e-09	4.50000925411587e-06
QUINATE	21089	HMDB	HMDB0003072_32_shen	Quinic acid	inchikey_connectivity_formula_mass	2	FALSE	TRUE	1.80000370164635e-09	4.50000925411587e-06
QUINATE	21090	HMDB	HMDB0003072_33_shen	Quinic acid	inchikey_connectivity_formula_mass	2	FALSE	TRUE	1.80000370164635e-09	4.50000925411587e-06
QUINATE	21091	HMDB	HMDB0003072_34_shen	Quinic acid	inchikey_connectivity_formula_mass	2	FALSE	TRUE	1.80000370164635e-09	4.50000925411587e-06
QUINATE	21092	HMDB	HMDB0003072_35_shen	Quinic acid	inchikey_connectivity_formula_mass	2	FALSE	TRUE	1.80000370164635e-09	4.50000925411587e-06
QUINATE	21093	HMDB	HMDB0003072_36_shen	Quinic acid	inchikey_connectivity_formula_mass	2	FALSE	TRUE	1.80000370164635e-09	4.50000925411587e-06
QUINATE	21094	HMDB	HMDB0003072_37_shen	Quinic acid	inchikey_connectivity_formula_mass	2	FALSE	TRUE	1.80000370164635e-09	4.50000925411587e-06
QUINATE	21095	HMDB	HMDB0003072_38_shen	Quinic acid	inchikey_connectivity_formula_mass	2	FALSE	TRUE	1.80000370164635e-09	4.50000925411587e-06
QUINATE	21096	HMDB	HMDB0003072_39_shen	Quinic acid	inchikey_connectivity_formula_mass	2	FALSE	TRUE	1.80000370164635e-09	4.50000925411587e-06
QUINATE	21097	HMDB	HMDB0003072_40_shen	Quinic acid	inchikey_connectivity_formula_mass	2	FALSE	TRUE	1.80000370164635e-09	4.50000925411587e-06
QUINATE	21098	HMDB	HMDB0003072_41_shen	Quinic acid	inchikey_connectivity_formula_mass	2	FALSE	TRUE	1.80000370164635e-09	4.50000925411587e-06
QUINATE	21099	HMDB	HMDB0003072_42_shen	Quinic acid	inchikey_connectivity_formula_mass	2	FALSE	TRUE	1.80000370164635e-09	4.50000925411587e-06
QUINATE	21100	HMDB	HMDB0003072_43_shen	Quinic acid	inchikey_connectivity_formula_mass	2	FALSE	TRUE	1.80000370164635e-09	4.50000925411587e-06
QUINATE	21101	HMDB	HMDB0003072_44_shen	Quinic acid	inchikey_connectivity_formula_mass	2	FALSE	TRUE	1.80000370164635e-09	4.50000925411587e-06
QUINATE	21102	HMDB	HMDB0003072_45_shen	Quinic acid	inchikey_connectivity_formula_mass	2	FALSE	TRUE	1.80000370164635e-09	4.50000925411587e-06
QUINATE	21103	HMDB	HMDB0003072_46_shen	Quinic acid	inchikey_connectivity_formula_mass	2	FALSE	TRUE	1.80000370164635e-09	4.50000925411587e-06
QUINATE	21104	HMDB	HMDB0003072_47_shen	Quinic acid	inchikey_connectivity_formula_mass	2	FALSE	TRUE	1.80000370164635e-09	4.50000925411587e-06
QUINATE	21105	HMDB	HMDB0003072_48_shen	Quinic acid	inchikey_connectivity_formula_mass	2	FALSE	TRUE	1.80000370164635e-09	4.50000925411587e-06
QUINATE	21106	HMDB	HMDB0003072_49_shen	Quinic acid	inchikey_connectivity_formula_mass	2	FALSE	TRUE	1.80000370164635e-09	4.50000925411587e-06
QUINATE	21107	HMDB	HMDB0003072_50_shen	Quinic acid	inchikey_connectivity_formula_mass	2	FALSE	TRUE	1.80000370164635e-09	4.50000925411587e-06
QUINATE	21108	HMDB	HMDB0003072_51_shen	Quinic acid	inchikey_connectivity_formula_mass	2	FALSE	TRUE	1.80000370164635e-09	4.50000925411587e-06
QUINATE	21109	HMDB	HMDB0003072_52_shen	Quinic acid	inchikey_connectivity_formula_mass	2	FALSE	TRUE	1.80000370164635e-09	4.50000925411587e-06
QUINATE	21110	HMDB	HMDB0003072_53_shen	Quinic acid	inchikey_connectivity_formula_mass	2	FALSE	TRUE	1.80000370164635e-09	4.50000925411587e-06
QUINATE	21111	HMDB	HMDB0003072_54_shen	Quinic acid	inchikey_connectivity_formula_mass	2	FALSE	TRUE	1.80000370164635e-09	4.50000925411587e-06
QUINATE	21112	HMDB	HMDB0003072_55_shen	Quinic acid	inchikey_connectivity_formula_mass	2	FALSE	TRUE	1.80000370164635e-09	4.50000925411587e-06
QUINATE	21113	HMDB	HMDB0003072_56_shen	Quinic acid	inchikey_connectivity_formula_mass	2	FALSE	TRUE	1.80000370164635e-09	4.50000925411587e-06
QUINATE	21114	HMDB	HMDB0003072_57_shen	Quinic acid	inchikey_connectivity_formula_mass	2	FALSE	TRUE	1.80000370164635e-09	4.50000925411587e-06
QUINATE	21115	HMDB	HMDB0003072_58_shen	Quinic acid	inchikey_connectivity_formula_mass	2	FALSE	TRUE	1.80000370164635e-09	4.50000925411587e-06
QUINATE	21116	HMDB	HMDB0003072_59_shen	Quinic acid	inchikey_connectivity_formula_mass	2	FALSE	TRUE	1.80000370164635e-09	4.50000925411587e-06
QUINATE	21117	HMDB	HMDB0003072_60_shen	Quinic acid	inchikey_connectivity_formula_mass	2	FALSE	TRUE	1.80000370164635e-09	4.50000925411587e-06
QUINATE	21118	HMDB	HMDB0003072_61_shen	Quinic acid	inchikey_connectivity_formula_mass	2	FALSE	TRUE	1.80000370164635e-09	4.50000925411587e-06
QUINATE	21119	HMDB	HMDB0003072_62_shen	Quinic acid	inchikey_connectivity_formula_mass	2	FALSE	TRUE	1.80000370164635e-09	4.50000925411587e-06
QUINATE	21120	HMDB	HMDB0003072_63_shen	Quinic acid	inchikey_connectivity_formula_mass	2	FALSE	TRUE	1.80000370164635e-09	4.50000925411587e-06
QUINATE	21121	HMDB	HMDB0003072_64_shen	Quinic acid	inchikey_connectivity_formula_mass	2	FALSE	TRUE	1.80000370164635e-09	4.50000925411587e-06
QUINATE	21122	HMDB	HMDB0003072_65_shen	Quinic acid	inchikey_connectivity_formula_mass	2	FALSE	TRUE	1.80000370164635e-09	4.50000925411587e-06
QUINATE	21123	HMDB	HMDB0003072_66_shen	Quinic acid	inchikey_connectivity_formula_mass	2	FALSE	TRUE	1.80000370164635e-09	4.50000925411587e-06
QUINATE	21124	HMDB	HMDB0003072_67_shen	Quinic acid	inchikey_connectivity_formula_mass	2	FALSE	TRUE	1.80000370164635e-09	4.50000925411587e-06
QUINATE	21125	HMDB	HMDB0003072_68_shen	Quinic acid	inchikey_connectivity_formula_mass	2	FALSE	TRUE	1.80000370164635e-09	4.50000925411587e-06
QUINATE	21126	HMDB	HMDB0003072_69_shen	Quinic acid	inchikey_connectivity_formula_mass	2	FALSE	TRUE	1.80000370164635e-09	4.50000925411587e-06
QUINATE	21127	HMDB	HMDB0003072_70_shen	Quinic acid	inchikey_connectivity_formula_mass	2	FALSE	TRUE	1.80000370164635e-09	4.50000925411587e-06
QUINATE	21128	HMDB	HMDB0003072_71_shen	Quinic acid	inchikey_connectivity_formula_mass	2	FALSE	TRUE	1.80000370164635e-09	4.50000925411587e-06
QUINATE	21129	HMDB	HMDB0003072_72_shen	Quinic acid	inchikey_connectivity_formula_mass	2	FALSE	TRUE	1.80000370164635e-09	4.50000925411587e-06
QUINATE	21130	HMDB	HMDB0003072_73_shen	Quinic acid	inchikey_connectivity_formula_mass	2	FALSE	TRUE	1.80000370164635e-09	4.50000925411587e-06
QUINATE	21131	HMDB	HMDB0003072_74_shen	Quinic acid	inchikey_connectivity_formula_mass	2	FALSE	TRUE	1.80000370164635e-09	4.50000925411587e-06
QUINATE	21132	HMDB	HMDB0003072_75_shen	Quinic acid	inchikey_connectivity_formula_mass	2	FALSE	TRUE	1.80000370164635e-09	4.50000925411587e-06
QUINATE	21133	HMDB	HMDB0003072_76_shen	Quinic acid	inchikey_connectivity_formula_mass	2	FALSE	TRUE	1.80000370164635e-09	4.50000925411587e-06
QUINATE	21134	HMDB	HMDB0003072_77_shen	Quinic acid	inchikey_connectivity_formula_mass	2	FALSE	TRUE	1.80000370164635e-09	4.50000925411587e-06
QUINATE	21135	HMDB	HMDB0003072_78_shen	Quinic acid	inchikey_connectivity_formula_mass	2	FALSE	TRUE	1.80000370164635e-09	4.50000925411587e-06
CPD-8117	21136	HMDB	HMDB0003073_1_shen	gamma-Linolenic acid	inchikey_connectivity_formula_mass	2	FALSE	TRUE	3.20000026476919e-09	8.00000066192297e-06
CPD-8117	21137	HMDB	HMDB0003073_2_shen	gamma-Linolenic acid	inchikey_connectivity_formula_mass	2	FALSE	TRUE	3.20000026476919e-09	8.00000066192297e-06
CPD-8117	21138	HMDB	HMDB0003073_3_shen	gamma-Linolenic acid	inchikey_connectivity_formula_mass	2	FALSE	TRUE	3.20000026476919e-09	8.00000066192297e-06
CPD-8117	21139	HMDB	HMDB0003073_4_shen	gamma-Linolenic acid	inchikey_connectivity_formula_mass	2	FALSE	TRUE	3.20000026476919e-09	8.00000066192297e-06
CPD-8117	21140	HMDB	HMDB0003073_5_shen	gamma-Linolenic acid	inchikey_connectivity_formula_mass	2	FALSE	TRUE	3.20000026476919e-09	8.00000066192297e-06
CPD-8117	21141	HMDB	HMDB0003073_6_shen	gamma-Linolenic acid	inchikey_connectivity_formula_mass	2	FALSE	TRUE	3.20000026476919e-09	8.00000066192297e-06
CPD-8117	21142	HMDB	HMDB0003073_7_shen	gamma-Linolenic acid	inchikey_connectivity_formula_mass	2	FALSE	TRUE	3.20000026476919e-09	8.00000066192297e-06
CPD-8117	21143	HMDB	HMDB0003073_8_shen	gamma-Linolenic acid	inchikey_connectivity_formula_mass	2	FALSE	TRUE	3.20000026476919e-09	8.00000066192297e-06
CPD-8117	21144	HMDB	HMDB0003073_9_shen	gamma-Linolenic acid	inchikey_connectivity_formula_mass	2	FALSE	TRUE	3.20000026476919e-09	8.00000066192297e-06
CPD-8117	21145	HMDB	HMDB0003073_10_shen	gamma-Linolenic acid	inchikey_connectivity_formula_mass	2	FALSE	TRUE	3.20000026476919e-09	8.00000066192297e-06
CPD-8117	21146	HMDB	HMDB0003073_11_shen	gamma-Linolenic acid	inchikey_connectivity_formula_mass	2	FALSE	TRUE	3.20000026476919e-09	8.00000066192297e-06
CPD-8117	21147	HMDB	HMDB0003073_12_shen	gamma-Linolenic acid	inchikey_connectivity_formula_mass	2	FALSE	TRUE	3.20000026476919e-09	8.00000066192297e-06
CPD-8117	21148	HMDB	HMDB0003073_13_shen	gamma-Linolenic acid	inchikey_connectivity_formula_mass	2	FALSE	TRUE	3.20000026476919e-09	8.00000066192297e-06
CPD-8117	21149	HMDB	HMDB0003073_14_shen	gamma-Linolenic acid	inchikey_connectivity_formula_mass	2	FALSE	TRUE	3.20000026476919e-09	8.00000066192297e-06
CPD-8117	21150	HMDB	HMDB0003073_15_shen	gamma-Linolenic acid	inchikey_connectivity_formula_mass	2	FALSE	TRUE	3.20000026476919e-09	8.00000066192297e-06
CPD-8117	21151	HMDB	HMDB0003073_16_shen	gamma-Linolenic acid	inchikey_connectivity_formula_mass	2	FALSE	TRUE	3.20000026476919e-09	8.00000066192297e-06
CPD-8117	21152	HMDB	HMDB0003073_17_shen	gamma-Linolenic acid	inchikey_connectivity_formula_mass	2	FALSE	TRUE	3.20000026476919e-09	8.00000066192297e-06
CPD-8117	21153	HMDB	HMDB0003073_18_shen	gamma-Linolenic acid	inchikey_connectivity_formula_mass	2	FALSE	TRUE	3.20000026476919e-09	8.00000066192297e-06
CPD-8117	21154	HMDB	HMDB0003073_19_shen	gamma-Linolenic acid	inchikey_connectivity_formula_mass	2	FALSE	TRUE	3.20000026476919e-09	8.00000066192297e-06
CPD-8117	21155	HMDB	HMDB0003073_20_shen	gamma-Linolenic acid	inchikey_connectivity_formula_mass	2	FALSE	TRUE	3.20000026476919e-09	8.00000066192297e-06
CPD-8117	21156	HMDB	HMDB0003073_21_shen	gamma-Linolenic acid	inchikey_connectivity_formula_mass	2	FALSE	TRUE	3.20000026476919e-09	8.00000066192297e-06
CPD-8117	21157	HMDB	HMDB0003073_22_shen	gamma-Linolenic acid	inchikey_connectivity_formula_mass	2	FALSE	TRUE	3.20000026476919e-09	8.00000066192297e-06
CPD-8117	21158	HMDB	HMDB0003073_23_shen	gamma-Linolenic acid	inchikey_connectivity_formula_mass	2	FALSE	TRUE	3.20000026476919e-09	8.00000066192297e-06
CPD-8117	21159	HMDB	HMDB0003073_24_shen	gamma-Linolenic acid	inchikey_connectivity_formula_mass	2	FALSE	TRUE	3.20000026476919e-09	8.00000066192297e-06
CPD-8117	21160	HMDB	HMDB0003073_25_shen	gamma-Linolenic acid	inchikey_connectivity_formula_mass	2	FALSE	TRUE	3.20000026476919e-09	8.00000066192297e-06
CPD-7090	21161	HMDB	HMDB0003074_1_shen	Delphinidin	inchikey_connectivity_formula_mass	2	FALSE	TRUE	1.80000370164635e-09	4.50000925411587e-06
CPD-7090	21162	HMDB	HMDB0003074_2_shen	Delphinidin	inchikey_connectivity_formula_mass	2	FALSE	TRUE	1.80000370164635e-09	4.50000925411587e-06
BENZYL-ALCOHOL	21242	HMDB	HMDB0003119_1_shen	Benzyl alcohol	inchikey	1	TRUE	TRUE	8.99987639968458e-10	2.24996909992115e-06
BENZYL-ALCOHOL	21243	HMDB	HMDB0003119_2_shen	Benzyl alcohol	inchikey	1	TRUE	TRUE	8.99987639968458e-10	2.24996909992115e-06
BENZYL-ALCOHOL	21244	HMDB	HMDB0003119_3_shen	Benzyl alcohol	inchikey	1	TRUE	TRUE	8.99987639968458e-10	2.24996909992115e-06
BENZYL-ALCOHOL	21245	HMDB	HMDB0003119_4_shen	Benzyl alcohol	inchikey	1	TRUE	TRUE	8.99987639968458e-10	2.24996909992115e-06
BENZYL-ALCOHOL	21246	HMDB	HMDB0003119_5_shen	Benzyl alcohol	inchikey	1	TRUE	TRUE	8.99987639968458e-10	2.24996909992115e-06
BENZYL-ALCOHOL	21247	HMDB	HMDB0003119_6_shen	Benzyl alcohol	inchikey	1	TRUE	TRUE	8.99987639968458e-10	2.24996909992115e-06
BENZYL-ALCOHOL	21248	HMDB	HMDB0003119_7_shen	Benzyl alcohol	inchikey	1	TRUE	TRUE	8.99987639968458e-10	2.24996909992115e-06
CPD-15291	21261	HMDB	HMDB0003153_1_shen	Epigallocatechin gallate	inchikey	1	TRUE	TRUE	2.9000375434407e-09	6.33078599870336e-06
CPD-15291	21262	HMDB	HMDB0003153_2_shen	Epigallocatechin gallate	inchikey	1	TRUE	TRUE	2.9000375434407e-09	6.33078599870336e-06
CPD-15291	21263	HMDB	HMDB0003153_3_shen	Epigallocatechin gallate	inchikey	1	TRUE	TRUE	2.9000375434407e-09	6.33078599870336e-06
CPD-15291	21264	HMDB	HMDB0003153_4_shen	Epigallocatechin gallate	inchikey	1	TRUE	TRUE	2.9000375434407e-09	6.33078599870336e-06
CPD-15291	21265	HMDB	HMDB0003153_5_shen	Epigallocatechin gallate	inchikey	1	TRUE	TRUE	2.9000375434407e-09	6.33078599870336e-06
CPD-15291	21266	HMDB	HMDB0003153_6_shen	Epigallocatechin gallate	inchikey	1	TRUE	TRUE	2.9000375434407e-09	6.33078599870336e-06
CPD-15291	21267	HMDB	HMDB0003153_7_shen	Epigallocatechin gallate	inchikey	1	TRUE	TRUE	2.9000375434407e-09	6.33078599870336e-06
CPD-15291	21268	HMDB	HMDB0003153_8_shen	Epigallocatechin gallate	inchikey	1	TRUE	TRUE	2.9000375434407e-09	6.33078599870336e-06
CPD-15291	21269	HMDB	HMDB0003153_9_shen	Epigallocatechin gallate	inchikey	1	TRUE	TRUE	2.9000375434407e-09	6.33078599870336e-06
CPD-15291	21270	HMDB	HMDB0003153_10_shen	Epigallocatechin gallate	inchikey	1	TRUE	TRUE	2.9000375434407e-09	6.33078599870336e-06
CPD-15291	21271	HMDB	HMDB0003153_11_shen	Epigallocatechin gallate	inchikey	1	TRUE	TRUE	2.9000375434407e-09	6.33078599870336e-06
CPD-15291	21272	HMDB	HMDB0003153_12_shen	Epigallocatechin gallate	inchikey	1	TRUE	TRUE	2.9000375434407e-09	6.33078599870336e-06
CPD-15291	21273	HMDB	HMDB0003153_13_shen	Epigallocatechin gallate	inchikey	1	TRUE	TRUE	2.9000375434407e-09	6.33078599870336e-06
CPD-15291	21274	HMDB	HMDB0003153_14_shen	Epigallocatechin gallate	inchikey	1	TRUE	TRUE	2.9000375434407e-09	6.33078599870336e-06
CPD-15291	21275	HMDB	HMDB0003153_15_shen	Epigallocatechin gallate	inchikey	1	TRUE	TRUE	2.9000375434407e-09	6.33078599870336e-06
CPD-15291	21276	HMDB	HMDB0003153_16_shen	Epigallocatechin gallate	inchikey	1	TRUE	TRUE	2.9000375434407e-09	6.33078599870336e-06
CPD-15291	21277	HMDB	HMDB0003153_17_shen	Epigallocatechin gallate	inchikey	1	TRUE	TRUE	2.9000375434407e-09	6.33078599870336e-06
CPD-15291	21278	HMDB	HMDB0003153_18_shen	Epigallocatechin gallate	inchikey	1	TRUE	TRUE	2.9000375434407e-09	6.33078599870336e-06
CPD-15291	21279	HMDB	HMDB0003153_19_shen	Epigallocatechin gallate	inchikey	1	TRUE	TRUE	2.9000375434407e-09	6.33078599870336e-06
CPD-15291	21280	HMDB	HMDB0003153_20_shen	Epigallocatechin gallate	inchikey	1	TRUE	TRUE	2.9000375434407e-09	6.33078599870336e-06
CPD-15291	21281	HMDB	HMDB0003153_21_shen	Epigallocatechin gallate	inchikey	1	TRUE	TRUE	2.9000375434407e-09	6.33078599870336e-06
CPD-15291	21282	HMDB	HMDB0003153_22_shen	Epigallocatechin gallate	inchikey	1	TRUE	TRUE	2.9000375434407e-09	6.33078599870336e-06
CPD-15291	21283	HMDB	HMDB0003153_23_shen	Epigallocatechin gallate	inchikey	1	TRUE	TRUE	2.9000375434407e-09	6.33078599870336e-06
CPD-15291	21284	HMDB	HMDB0003153_24_shen	Epigallocatechin gallate	inchikey	1	TRUE	TRUE	2.9000375434407e-09	6.33078599870336e-06
CPD-15291	21285	HMDB	HMDB0003153_25_shen	Epigallocatechin gallate	inchikey	1	TRUE	TRUE	2.9000375434407e-09	6.33078599870336e-06
CPD-15291	21286	HMDB	HMDB0003153_26_shen	Epigallocatechin gallate	inchikey	1	TRUE	TRUE	2.9000375434407e-09	6.33078599870336e-06
CPD-15291	21287	HMDB	HMDB0003153_27_shen	Epigallocatechin gallate	inchikey	1	TRUE	TRUE	2.9000375434407e-09	6.33078599870336e-06
CPD-15291	21288	HMDB	HMDB0003153_28_shen	Epigallocatechin gallate	inchikey	1	TRUE	TRUE	2.9000375434407e-09	6.33078599870336e-06
CPD-15291	21289	HMDB	HMDB0003153_29_shen	Epigallocatechin gallate	inchikey	1	TRUE	TRUE	2.9000375434407e-09	6.33078599870336e-06
CPD-15291	21290	HMDB	HMDB0003153_30_shen	Epigallocatechin gallate	inchikey	1	TRUE	TRUE	2.9000375434407e-09	6.33078599870336e-06
CPD-15291	21291	HMDB	HMDB0003153_31_shen	Epigallocatechin gallate	inchikey	1	TRUE	TRUE	2.9000375434407e-09	6.33078599870336e-06
CPD-15291	21292	HMDB	HMDB0003153_32_shen	Epigallocatechin gallate	inchikey	1	TRUE	TRUE	2.9000375434407e-09	6.33078599870336e-06
CPD-15291	21293	HMDB	HMDB0003153_33_shen	Epigallocatechin gallate	inchikey	1	TRUE	TRUE	2.9000375434407e-09	6.33078599870336e-06
CPD-15291	21294	HMDB	HMDB0003153_34_shen	Epigallocatechin gallate	inchikey	1	TRUE	TRUE	2.9000375434407e-09	6.33078599870336e-06
CPD-15291	21295	HMDB	HMDB0003153_35_shen	Epigallocatechin gallate	inchikey	1	TRUE	TRUE	2.9000375434407e-09	6.33078599870336e-06
CPD-15291	21296	HMDB	HMDB0003153_36_shen	Epigallocatechin gallate	inchikey	1	TRUE	TRUE	2.9000375434407e-09	6.33078599870336e-06
CPD-15291	21297	HMDB	HMDB0003153_37_shen	Epigallocatechin gallate	inchikey	1	TRUE	TRUE	2.9000375434407e-09	6.33078599870336e-06
CPD-15291	21298	HMDB	HMDB0003153_38_shen	Epigallocatechin gallate	inchikey	1	TRUE	TRUE	2.9000375434407e-09	6.33078599870336e-06
CPD-15291	21299	HMDB	HMDB0003153_39_shen	Epigallocatechin gallate	inchikey	1	TRUE	TRUE	2.9000375434407e-09	6.33078599870336e-06
CPD-15291	21300	HMDB	HMDB0003153_40_shen	Epigallocatechin gallate	inchikey	1	TRUE	TRUE	2.9000375434407e-09	6.33078599870336e-06
CPD-15291	21301	HMDB	HMDB0003153_41_shen	Epigallocatechin gallate	inchikey	1	TRUE	TRUE	2.9000375434407e-09	6.33078599870336e-06
CPD-15291	21302	HMDB	HMDB0003153_42_shen	Epigallocatechin gallate	inchikey	1	TRUE	TRUE	2.9000375434407e-09	6.33078599870336e-06
CPD-15291	21303	HMDB	HMDB0003153_43_shen	Epigallocatechin gallate	inchikey	1	TRUE	TRUE	2.9000375434407e-09	6.33078599870336e-06
CPD-15291	21304	HMDB	HMDB0003153_44_shen	Epigallocatechin gallate	inchikey	1	TRUE	TRUE	2.9000375434407e-09	6.33078599870336e-06
CPD-15291	21305	HMDB	HMDB0003153_45_shen	Epigallocatechin gallate	inchikey	1	TRUE	TRUE	2.9000375434407e-09	6.33078599870336e-06
CPD-15291	21306	HMDB	HMDB0003153_46_shen	Epigallocatechin gallate	inchikey	1	TRUE	TRUE	2.9000375434407e-09	6.33078599870336e-06
CPD-15291	21307	HMDB	HMDB0003153_47_shen	Epigallocatechin gallate	inchikey	1	TRUE	TRUE	2.9000375434407e-09	6.33078599870336e-06
CPD-15291	21308	HMDB	HMDB0003153_48_shen	Epigallocatechin gallate	inchikey	1	TRUE	TRUE	2.9000375434407e-09	6.33078599870336e-06
CPD-15291	21309	HMDB	HMDB0003153_49_shen	Epigallocatechin gallate	inchikey	1	TRUE	TRUE	2.9000375434407e-09	6.33078599870336e-06
CPD-15291	21310	HMDB	HMDB0003153_50_shen	Epigallocatechin gallate	inchikey	1	TRUE	TRUE	2.9000375434407e-09	6.33078599870336e-06
CPD-15291	21311	HMDB	HMDB0003153_51_shen	Epigallocatechin gallate	inchikey	1	TRUE	TRUE	2.9000375434407e-09	6.33078599870336e-06
CPD-15291	21312	HMDB	HMDB0003153_52_shen	Epigallocatechin gallate	inchikey	1	TRUE	TRUE	2.9000375434407e-09	6.33078599870336e-06
CPD-15291	21313	HMDB	HMDB0003153_53_shen	Epigallocatechin gallate	inchikey	1	TRUE	TRUE	2.9000375434407e-09	6.33078599870336e-06
CPD-15291	21314	HMDB	HMDB0003153_54_shen	Epigallocatechin gallate	inchikey	1	TRUE	TRUE	2.9000375434407e-09	6.33078599870336e-06
CPD-15291	21315	HMDB	HMDB0003153_55_shen	Epigallocatechin gallate	inchikey	1	TRUE	TRUE	2.9000375434407e-09	6.33078599870336e-06
CPD-15291	21316	HMDB	HMDB0003153_56_shen	Epigallocatechin gallate	inchikey	1	TRUE	TRUE	2.9000375434407e-09	6.33078599870336e-06
CPD-15291	21317	HMDB	HMDB0003153_57_shen	Epigallocatechin gallate	inchikey	1	TRUE	TRUE	2.9000375434407e-09	6.33078599870336e-06
CPD-15291	21318	HMDB	HMDB0003153_58_shen	Epigallocatechin gallate	inchikey	1	TRUE	TRUE	2.9000375434407e-09	6.33078599870336e-06
CPD-15291	21319	HMDB	HMDB0003153_59_shen	Epigallocatechin gallate	inchikey	1	TRUE	TRUE	2.9000375434407e-09	6.33078599870336e-06
CPD-15291	21320	HMDB	HMDB0003153_60_shen	Epigallocatechin gallate	inchikey	1	TRUE	TRUE	2.9000375434407e-09	6.33078599870336e-06
CPD-15291	21321	HMDB	HMDB0003153_61_shen	Epigallocatechin gallate	inchikey	1	TRUE	TRUE	2.9000375434407e-09	6.33078599870336e-06
CPD-15291	21322	HMDB	HMDB0003153_62_shen	Epigallocatechin gallate	inchikey	1	TRUE	TRUE	2.9000375434407e-09	6.33078599870336e-06
CPD-15291	21323	HMDB	HMDB0003153_63_shen	Epigallocatechin gallate	inchikey	1	TRUE	TRUE	2.9000375434407e-09	6.33078599870336e-06
CPD-15291	21324	HMDB	HMDB0003153_64_shen	Epigallocatechin gallate	inchikey	1	TRUE	TRUE	2.9000375434407e-09	6.33078599870336e-06
CPD-15291	21325	HMDB	HMDB0003153_65_shen	Epigallocatechin gallate	inchikey	1	TRUE	TRUE	2.9000375434407e-09	6.33078599870336e-06
CPD-15291	21326	HMDB	HMDB0003153_66_shen	Epigallocatechin gallate	inchikey	1	TRUE	TRUE	2.9000375434407e-09	6.33078599870336e-06
CPD-15291	21327	HMDB	HMDB0003153_67_shen	Epigallocatechin gallate	inchikey	1	TRUE	TRUE	2.9000375434407e-09	6.33078599870336e-06
CPD-15291	21328	HMDB	HMDB0003153_68_shen	Epigallocatechin gallate	inchikey	1	TRUE	TRUE	2.9000375434407e-09	6.33078599870336e-06
CPD-15291	21329	HMDB	HMDB0003153_69_shen	Epigallocatechin gallate	inchikey	1	TRUE	TRUE	2.9000375434407e-09	6.33078599870336e-06
CPD-15291	21330	HMDB	HMDB0003153_70_shen	Epigallocatechin gallate	inchikey	1	TRUE	TRUE	2.9000375434407e-09	6.33078599870336e-06
CPD-15291	21331	HMDB	HMDB0003153_71_shen	Epigallocatechin gallate	inchikey	1	TRUE	TRUE	2.9000375434407e-09	6.33078599870336e-06
CPD-15291	21332	HMDB	HMDB0003153_72_shen	Epigallocatechin gallate	inchikey	1	TRUE	TRUE	2.9000375434407e-09	6.33078599870336e-06
CPD-15291	21333	HMDB	HMDB0003153_73_shen	Epigallocatechin gallate	inchikey	1	TRUE	TRUE	2.9000375434407e-09	6.33078599870336e-06
CPD-15291	21334	HMDB	HMDB0003153_74_shen	Epigallocatechin gallate	inchikey	1	TRUE	TRUE	2.9000375434407e-09	6.33078599870336e-06
CPD-15291	21335	HMDB	HMDB0003153_75_shen	Epigallocatechin gallate	inchikey	1	TRUE	TRUE	2.9000375434407e-09	6.33078599870336e-06
CPD-15291	21336	HMDB	HMDB0003153_76_shen	Epigallocatechin gallate	inchikey	1	TRUE	TRUE	2.9000375434407e-09	6.33078599870336e-06
CPD-15291	21337	HMDB	HMDB0003153_77_shen	Epigallocatechin gallate	inchikey	1	TRUE	TRUE	2.9000375434407e-09	6.33078599870336e-06
CPD-7851	21338	HMDB	HMDB0003154_1_shen	Canthaxanthin	inchikey	1	TRUE	TRUE	6.0003912949469e-10	1.06315132003619e-06
CPD-7851	21339	HMDB	HMDB0003154_2_shen	Canthaxanthin	inchikey	1	TRUE	TRUE	6.0003912949469e-10	1.06315132003619e-06
CPD-7851	21340	HMDB	HMDB0003154_3_shen	Canthaxanthin	inchikey	1	TRUE	TRUE	6.0003912949469e-10	1.06315132003619e-06
CPD-7851	21341	HMDB	HMDB0003154_4_shen	Canthaxanthin	inchikey	1	TRUE	TRUE	6.0003912949469e-10	1.06315132003619e-06
CPD-7851	21342	HMDB	HMDB0003154_5_shen	Canthaxanthin	inchikey	1	TRUE	TRUE	6.0003912949469e-10	1.06315132003619e-06
CPD-7851	21343	HMDB	HMDB0003154_6_shen	Canthaxanthin	inchikey	1	TRUE	TRUE	6.0003912949469e-10	1.06315132003619e-06
CPD-7851	21344	HMDB	HMDB0003154_7_shen	Canthaxanthin	inchikey	1	TRUE	TRUE	6.0003912949469e-10	1.06315132003619e-06
CPD-7851	21345	HMDB	HMDB0003154_8_shen	Canthaxanthin	inchikey	1	TRUE	TRUE	6.0003912949469e-10	1.06315132003619e-06
BUTANEDIOL	21346	HMDB	HMDB0003156_1_shen	2,3-Butanediol	name_formula_mass	4	TRUE	TRUE	1.19999299386109e-09	2.99998248465272e-06
BUTANEDIOL	21347	HMDB	HMDB0003156_2_shen	2,3-Butanediol	name_formula_mass	4	TRUE	TRUE	1.19999299386109e-09	2.99998248465272e-06
BUTANEDIOL	21348	HMDB	HMDB0003156_3_shen	2,3-Butanediol	name_formula_mass	4	TRUE	TRUE	1.19999299386109e-09	2.99998248465272e-06
BUTANEDIOL	21349	HMDB	HMDB0003156_4_shen	2,3-Butanediol	name_formula_mass	4	TRUE	TRUE	1.19999299386109e-09	2.99998248465272e-06
BUTANEDIOL	21350	HMDB	HMDB0003156_5_shen	2,3-Butanediol	name_formula_mass	4	TRUE	TRUE	1.19999299386109e-09	2.99998248465272e-06
BUTANEDIOL	21351	HMDB	HMDB0003156_6_shen	2,3-Butanediol	name_formula_mass	4	TRUE	TRUE	1.19999299386109e-09	2.99998248465272e-06
CAFFEOYLQUINATE	21370	HMDB	HMDB0003164_1_shen	Chlorogenic acid	inchikey_connectivity_formula_mass	2	FALSE	TRUE	2.69994870905066e-09	6.74987177262665e-06
CAFFEOYLQUINATE	21371	HMDB	HMDB0003164_2_shen	Chlorogenic acid	inchikey_connectivity_formula_mass	2	FALSE	TRUE	2.69994870905066e-09	6.74987177262665e-06
CAFFEOYLQUINATE	21372	HMDB	HMDB0003164_3_shen	Chlorogenic acid	inchikey_connectivity_formula_mass	2	FALSE	TRUE	2.69994870905066e-09	6.74987177262665e-06
CAFFEOYLQUINATE	21373	HMDB	HMDB0003164_4_shen	Chlorogenic acid	inchikey_connectivity_formula_mass	2	FALSE	TRUE	2.69994870905066e-09	6.74987177262665e-06
CAFFEOYLQUINATE	21374	HMDB	HMDB0003164_5_shen	Chlorogenic acid	inchikey_connectivity_formula_mass	2	FALSE	TRUE	2.69994870905066e-09	6.74987177262665e-06
CAFFEOYLQUINATE	21375	HMDB	HMDB0003164_6_shen	Chlorogenic acid	inchikey_connectivity_formula_mass	2	FALSE	TRUE	2.69994870905066e-09	6.74987177262665e-06
CAFFEOYLQUINATE	21376	HMDB	HMDB0003164_7_shen	Chlorogenic acid	inchikey_connectivity_formula_mass	2	FALSE	TRUE	2.69994870905066e-09	6.74987177262665e-06
CAFFEOYLQUINATE	21377	HMDB	HMDB0003164_8_shen	Chlorogenic acid	inchikey_connectivity_formula_mass	2	FALSE	TRUE	2.69994870905066e-09	6.74987177262665e-06
CAFFEOYLQUINATE	21378	HMDB	HMDB0003164_9_shen	Chlorogenic acid	inchikey_connectivity_formula_mass	2	FALSE	TRUE	2.69994870905066e-09	6.74987177262665e-06
CAFFEOYLQUINATE	21379	HMDB	HMDB0003164_10_shen	Chlorogenic acid	inchikey_connectivity_formula_mass	2	FALSE	TRUE	2.69994870905066e-09	6.74987177262665e-06
CAFFEOYLQUINATE	21380	HMDB	HMDB0003164_11_shen	Chlorogenic acid	inchikey_connectivity_formula_mass	2	FALSE	TRUE	2.69994870905066e-09	6.74987177262665e-06
CAFFEOYLQUINATE	21381	HMDB	HMDB0003164_12_shen	Chlorogenic acid	inchikey_connectivity_formula_mass	2	FALSE	TRUE	2.69994870905066e-09	6.74987177262665e-06
CAFFEOYLQUINATE	21382	HMDB	HMDB0003164_13_shen	Chlorogenic acid	inchikey_connectivity_formula_mass	2	FALSE	TRUE	2.69994870905066e-09	6.74987177262665e-06
CAFFEOYLQUINATE	21383	HMDB	HMDB0003164_14_shen	Chlorogenic acid	inchikey_connectivity_formula_mass	2	FALSE	TRUE	2.69994870905066e-09	6.74987177262665e-06
CAFFEOYLQUINATE	21384	HMDB	HMDB0003164_15_shen	Chlorogenic acid	inchikey_connectivity_formula_mass	2	FALSE	TRUE	2.69994870905066e-09	6.74987177262665e-06
CAFFEOYLQUINATE	21385	HMDB	HMDB0003164_16_shen	Chlorogenic acid	inchikey_connectivity_formula_mass	2	FALSE	TRUE	2.69994870905066e-09	6.74987177262665e-06
CAFFEOYLQUINATE	21386	HMDB	HMDB0003164_17_shen	Chlorogenic acid	inchikey_connectivity_formula_mass	2	FALSE	TRUE	2.69994870905066e-09	6.74987177262665e-06
CAFFEOYLQUINATE	21387	HMDB	HMDB0003164_18_shen	Chlorogenic acid	inchikey_connectivity_formula_mass	2	FALSE	TRUE	2.69994870905066e-09	6.74987177262665e-06
CAFFEOYLQUINATE	21388	HMDB	HMDB0003164_19_shen	Chlorogenic acid	inchikey_connectivity_formula_mass	2	FALSE	TRUE	2.69994870905066e-09	6.74987177262665e-06
CAFFEOYLQUINATE	21389	HMDB	HMDB0003164_20_shen	Chlorogenic acid	inchikey_connectivity_formula_mass	2	FALSE	TRUE	2.69994870905066e-09	6.74987177262665e-06
CAFFEOYLQUINATE	21390	HMDB	HMDB0003164_21_shen	Chlorogenic acid	inchikey_connectivity_formula_mass	2	FALSE	TRUE	2.69994870905066e-09	6.74987177262665e-06
CAFFEOYLQUINATE	21391	HMDB	HMDB0003164_22_shen	Chlorogenic acid	inchikey_connectivity_formula_mass	2	FALSE	TRUE	2.69994870905066e-09	6.74987177262665e-06
CAFFEOYLQUINATE	21392	HMDB	HMDB0003164_23_shen	Chlorogenic acid	inchikey_connectivity_formula_mass	2	FALSE	TRUE	2.69994870905066e-09	6.74987177262665e-06
CAFFEOYLQUINATE	21393	HMDB	HMDB0003164_24_shen	Chlorogenic acid	inchikey_connectivity_formula_mass	2	FALSE	TRUE	2.69994870905066e-09	6.74987177262665e-06
CAFFEOYLQUINATE	21394	HMDB	HMDB0003164_25_shen	Chlorogenic acid	inchikey_connectivity_formula_mass	2	FALSE	TRUE	2.69994870905066e-09	6.74987177262665e-06
CAFFEOYLQUINATE	21395	HMDB	HMDB0003164_26_shen	Chlorogenic acid	inchikey_connectivity_formula_mass	2	FALSE	TRUE	2.69994870905066e-09	6.74987177262665e-06
CAFFEOYLQUINATE	21396	HMDB	HMDB0003164_27_shen	Chlorogenic acid	inchikey_connectivity_formula_mass	2	FALSE	TRUE	2.69994870905066e-09	6.74987177262665e-06
CAFFEOYLQUINATE	21397	HMDB	HMDB0003164_28_shen	Chlorogenic acid	inchikey_connectivity_formula_mass	2	FALSE	TRUE	2.69994870905066e-09	6.74987177262665e-06
CAFFEOYLQUINATE	21398	HMDB	HMDB0003164_29_shen	Chlorogenic acid	inchikey_connectivity_formula_mass	2	FALSE	TRUE	2.69994870905066e-09	6.74987177262665e-06
CAFFEOYLQUINATE	21399	HMDB	HMDB0003164_30_shen	Chlorogenic acid	inchikey_connectivity_formula_mass	2	FALSE	TRUE	2.69994870905066e-09	6.74987177262665e-06
CAFFEOYLQUINATE	21400	HMDB	HMDB0003164_31_shen	Chlorogenic acid	inchikey_connectivity_formula_mass	2	FALSE	TRUE	2.69994870905066e-09	6.74987177262665e-06
CAFFEOYLQUINATE	21401	HMDB	HMDB0003164_32_shen	Chlorogenic acid	inchikey_connectivity_formula_mass	2	FALSE	TRUE	2.69994870905066e-09	6.74987177262665e-06
CAFFEOYLQUINATE	21402	HMDB	HMDB0003164_33_shen	Chlorogenic acid	inchikey_connectivity_formula_mass	2	FALSE	TRUE	2.69994870905066e-09	6.74987177262665e-06
CAFFEOYLQUINATE	21403	HMDB	HMDB0003164_34_shen	Chlorogenic acid	inchikey_connectivity_formula_mass	2	FALSE	TRUE	2.69994870905066e-09	6.74987177262665e-06
CAFFEOYLQUINATE	21404	HMDB	HMDB0003164_35_shen	Chlorogenic acid	inchikey_connectivity_formula_mass	2	FALSE	TRUE	2.69994870905066e-09	6.74987177262665e-06
CAFFEOYLQUINATE	21405	HMDB	HMDB0003164_36_shen	Chlorogenic acid	inchikey_connectivity_formula_mass	2	FALSE	TRUE	2.69994870905066e-09	6.74987177262665e-06
CAFFEOYLQUINATE	21406	HMDB	HMDB0003164_37_shen	Chlorogenic acid	inchikey_connectivity_formula_mass	2	FALSE	TRUE	2.69994870905066e-09	6.74987177262665e-06
CAFFEOYLQUINATE	21407	HMDB	HMDB0003164_38_shen	Chlorogenic acid	inchikey_connectivity_formula_mass	2	FALSE	TRUE	2.69994870905066e-09	6.74987177262665e-06
CAFFEOYLQUINATE	21408	HMDB	HMDB0003164_39_shen	Chlorogenic acid	inchikey_connectivity_formula_mass	2	FALSE	TRUE	2.69994870905066e-09	6.74987177262665e-06
CAFFEOYLQUINATE	21409	HMDB	HMDB0003164_40_shen	Chlorogenic acid	inchikey_connectivity_formula_mass	2	FALSE	TRUE	2.69994870905066e-09	6.74987177262665e-06
CAFFEOYLQUINATE	21410	HMDB	HMDB0003164_41_shen	Chlorogenic acid	inchikey_connectivity_formula_mass	2	FALSE	TRUE	2.69994870905066e-09	6.74987177262665e-06
CAFFEOYLQUINATE	21411	HMDB	HMDB0003164_42_shen	Chlorogenic acid	inchikey_connectivity_formula_mass	2	FALSE	TRUE	2.69994870905066e-09	6.74987177262665e-06
CAFFEOYLQUINATE	21412	HMDB	HMDB0003164_43_shen	Chlorogenic acid	inchikey_connectivity_formula_mass	2	FALSE	TRUE	2.69994870905066e-09	6.74987177262665e-06
CAFFEOYLQUINATE	21413	HMDB	HMDB0003164_44_shen	Chlorogenic acid	inchikey_connectivity_formula_mass	2	FALSE	TRUE	2.69994870905066e-09	6.74987177262665e-06
CAFFEOYLQUINATE	21414	HMDB	HMDB0003164_45_shen	Chlorogenic acid	inchikey_connectivity_formula_mass	2	FALSE	TRUE	2.69994870905066e-09	6.74987177262665e-06
CAFFEOYLQUINATE	21415	HMDB	HMDB0003164_46_shen	Chlorogenic acid	inchikey_connectivity_formula_mass	2	FALSE	TRUE	2.69994870905066e-09	6.74987177262665e-06
CAFFEOYLQUINATE	21416	HMDB	HMDB0003164_47_shen	Chlorogenic acid	inchikey_connectivity_formula_mass	2	FALSE	TRUE	2.69994870905066e-09	6.74987177262665e-06
CAFFEOYLQUINATE	21417	HMDB	HMDB0003164_48_shen	Chlorogenic acid	inchikey_connectivity_formula_mass	2	FALSE	TRUE	2.69994870905066e-09	6.74987177262665e-06
CAFFEOYLQUINATE	21418	HMDB	HMDB0003164_49_shen	Chlorogenic acid	inchikey_connectivity_formula_mass	2	FALSE	TRUE	2.69994870905066e-09	6.74987177262665e-06
CAFFEOYLQUINATE	21419	HMDB	HMDB0003164_50_shen	Chlorogenic acid	inchikey_connectivity_formula_mass	2	FALSE	TRUE	2.69994870905066e-09	6.74987177262665e-06
CAFFEOYLQUINATE	21420	HMDB	HMDB0003164_51_shen	Chlorogenic acid	inchikey_connectivity_formula_mass	2	FALSE	TRUE	2.69994870905066e-09	6.74987177262665e-06
CAFFEOYLQUINATE	21421	HMDB	HMDB0003164_52_shen	Chlorogenic acid	inchikey_connectivity_formula_mass	2	FALSE	TRUE	2.69994870905066e-09	6.74987177262665e-06
CAFFEOYLQUINATE	21422	HMDB	HMDB0003164_53_shen	Chlorogenic acid	inchikey_connectivity_formula_mass	2	FALSE	TRUE	2.69994870905066e-09	6.74987177262665e-06
CAFFEOYLQUINATE	21423	HMDB	HMDB0003164_54_shen	Chlorogenic acid	inchikey_connectivity_formula_mass	2	FALSE	TRUE	2.69994870905066e-09	6.74987177262665e-06
CAFFEOYLQUINATE	21424	HMDB	HMDB0003164_55_shen	Chlorogenic acid	inchikey_connectivity_formula_mass	2	FALSE	TRUE	2.69994870905066e-09	6.74987177262665e-06
CAFFEOYLQUINATE	21425	HMDB	HMDB0003164_56_shen	Chlorogenic acid	inchikey_connectivity_formula_mass	2	FALSE	TRUE	2.69994870905066e-09	6.74987177262665e-06
CAFFEOYLQUINATE	21426	HMDB	HMDB0003164_57_shen	Chlorogenic acid	inchikey_connectivity_formula_mass	2	FALSE	TRUE	2.69994870905066e-09	6.74987177262665e-06
CAFFEOYLQUINATE	21427	HMDB	HMDB0003164_58_shen	Chlorogenic acid	inchikey_connectivity_formula_mass	2	FALSE	TRUE	2.69994870905066e-09	6.74987177262665e-06
CAFFEOYLQUINATE	21428	HMDB	HMDB0003164_59_shen	Chlorogenic acid	inchikey_connectivity_formula_mass	2	FALSE	TRUE	2.69994870905066e-09	6.74987177262665e-06
CAFFEOYLQUINATE	21429	HMDB	HMDB0003164_60_shen	Chlorogenic acid	inchikey_connectivity_formula_mass	2	FALSE	TRUE	2.69994870905066e-09	6.74987177262665e-06
CAFFEOYLQUINATE	21430	HMDB	HMDB0003164_61_shen	Chlorogenic acid	inchikey_connectivity_formula_mass	2	FALSE	TRUE	2.69994870905066e-09	6.74987177262665e-06
CAFFEOYLQUINATE	21431	HMDB	HMDB0003164_62_shen	Chlorogenic acid	inchikey_connectivity_formula_mass	2	FALSE	TRUE	2.69994870905066e-09	6.74987177262665e-06
CAFFEOYLQUINATE	21432	HMDB	HMDB0003164_63_shen	Chlorogenic acid	inchikey_connectivity_formula_mass	2	FALSE	TRUE	2.69994870905066e-09	6.74987177262665e-06
CAFFEOYLQUINATE	21433	HMDB	HMDB0003164_64_shen	Chlorogenic acid	inchikey_connectivity_formula_mass	2	FALSE	TRUE	2.69994870905066e-09	6.74987177262665e-06
CAFFEOYLQUINATE	21434	HMDB	HMDB0003164_65_shen	Chlorogenic acid	inchikey_connectivity_formula_mass	2	FALSE	TRUE	2.69994870905066e-09	6.74987177262665e-06
CAFFEOYLQUINATE	21435	HMDB	HMDB0003164_66_shen	Chlorogenic acid	inchikey_connectivity_formula_mass	2	FALSE	TRUE	2.69994870905066e-09	6.74987177262665e-06
CAFFEOYLQUINATE	21436	HMDB	HMDB0003164_67_shen	Chlorogenic acid	inchikey_connectivity_formula_mass	2	FALSE	TRUE	2.69994870905066e-09	6.74987177262665e-06
CAFFEOYLQUINATE	21437	HMDB	HMDB0003164_68_shen	Chlorogenic acid	inchikey_connectivity_formula_mass	2	FALSE	TRUE	2.69994870905066e-09	6.74987177262665e-06
CAFFEOYLQUINATE	21438	HMDB	HMDB0003164_69_shen	Chlorogenic acid	inchikey_connectivity_formula_mass	2	FALSE	TRUE	2.69994870905066e-09	6.74987177262665e-06
CAFFEOYLQUINATE	21439	HMDB	HMDB0003164_70_shen	Chlorogenic acid	inchikey_connectivity_formula_mass	2	FALSE	TRUE	2.69994870905066e-09	6.74987177262665e-06
CAFFEOYLQUINATE	21440	HMDB	HMDB0003164_71_shen	Chlorogenic acid	inchikey_connectivity_formula_mass	2	FALSE	TRUE	2.69994870905066e-09	6.74987177262665e-06
CAFFEOYLQUINATE	21441	HMDB	HMDB0003164_72_shen	Chlorogenic acid	inchikey_connectivity_formula_mass	2	FALSE	TRUE	2.69994870905066e-09	6.74987177262665e-06
CAFFEOYLQUINATE	21442	HMDB	HMDB0003164_73_shen	Chlorogenic acid	inchikey_connectivity_formula_mass	2	FALSE	TRUE	2.69994870905066e-09	6.74987177262665e-06
CAFFEOYLQUINATE	21443	HMDB	HMDB0003164_74_shen	Chlorogenic acid	inchikey_connectivity_formula_mass	2	FALSE	TRUE	2.69994870905066e-09	6.74987177262665e-06
CAFFEOYLQUINATE	21444	HMDB	HMDB0003164_75_shen	Chlorogenic acid	inchikey_connectivity_formula_mass	2	FALSE	TRUE	2.69994870905066e-09	6.74987177262665e-06
CAFFEOYLQUINATE	21445	HMDB	HMDB0003164_76_shen	Chlorogenic acid	inchikey_connectivity_formula_mass	2	FALSE	TRUE	2.69994870905066e-09	6.74987177262665e-06
CAFFEOYLQUINATE	21446	HMDB	HMDB0003164_77_shen	Chlorogenic acid	inchikey_connectivity_formula_mass	2	FALSE	TRUE	2.69994870905066e-09	6.74987177262665e-06
CAFFEOYLQUINATE	21447	HMDB	HMDB0003164_78_shen	Chlorogenic acid	inchikey_connectivity_formula_mass	2	FALSE	TRUE	2.69994870905066e-09	6.74987177262665e-06
CAFFEOYLQUINATE	21448	HMDB	HMDB0003164_79_shen	Chlorogenic acid	inchikey_connectivity_formula_mass	2	FALSE	TRUE	2.69994870905066e-09	6.74987177262665e-06
CAFFEOYLQUINATE	21449	HMDB	HMDB0003164_80_shen	Chlorogenic acid	inchikey_connectivity_formula_mass	2	FALSE	TRUE	2.69994870905066e-09	6.74987177262665e-06
CAFFEOYLQUINATE	21450	HMDB	HMDB0003164_81_shen	Chlorogenic acid	inchikey_connectivity_formula_mass	2	FALSE	TRUE	2.69994870905066e-09	6.74987177262665e-06
CAFFEOYLQUINATE	21451	HMDB	HMDB0003164_82_shen	Chlorogenic acid	inchikey_connectivity_formula_mass	2	FALSE	TRUE	2.69994870905066e-09	6.74987177262665e-06
CAFFEOYLQUINATE	21452	HMDB	HMDB0003164_83_shen	Chlorogenic acid	inchikey_connectivity_formula_mass	2	FALSE	TRUE	2.69994870905066e-09	6.74987177262665e-06
CAFFEOYLQUINATE	21453	HMDB	HMDB0003164_84_shen	Chlorogenic acid	inchikey_connectivity_formula_mass	2	FALSE	TRUE	2.69994870905066e-09	6.74987177262665e-06
CAFFEOYLQUINATE	21454	HMDB	HMDB0003164_85_shen	Chlorogenic acid	inchikey_connectivity_formula_mass	2	FALSE	TRUE	2.69994870905066e-09	6.74987177262665e-06
CAFFEOYLQUINATE	21455	HMDB	HMDB0003164_86_shen	Chlorogenic acid	inchikey_connectivity_formula_mass	2	FALSE	TRUE	2.69994870905066e-09	6.74987177262665e-06
CAFFEOYLQUINATE	21456	HMDB	HMDB0003164_87_shen	Chlorogenic acid	inchikey_connectivity_formula_mass	2	FALSE	TRUE	2.69994870905066e-09	6.74987177262665e-06
CAFFEOYLQUINATE	21457	HMDB	HMDB0003164_88_shen	Chlorogenic acid	inchikey_connectivity_formula_mass	2	FALSE	TRUE	2.69994870905066e-09	6.74987177262665e-06
CAFFEOYLQUINATE	21458	HMDB	HMDB0003164_89_shen	Chlorogenic acid	inchikey_connectivity_formula_mass	2	FALSE	TRUE	2.69994870905066e-09	6.74987177262665e-06
CAFFEOYLQUINATE	21459	HMDB	HMDB0003164_90_shen	Chlorogenic acid	inchikey_connectivity_formula_mass	2	FALSE	TRUE	2.69994870905066e-09	6.74987177262665e-06
CAFFEOYLQUINATE	21460	HMDB	HMDB0003164_91_shen	Chlorogenic acid	inchikey_connectivity_formula_mass	2	FALSE	TRUE	2.69994870905066e-09	6.74987177262665e-06
CAFFEOYLQUINATE	21461	HMDB	HMDB0003164_92_shen	Chlorogenic acid	inchikey_connectivity_formula_mass	2	FALSE	TRUE	2.69994870905066e-09	6.74987177262665e-06
CAFFEOYLQUINATE	21462	HMDB	HMDB0003164_93_shen	Chlorogenic acid	inchikey_connectivity_formula_mass	2	FALSE	TRUE	2.69994870905066e-09	6.74987177262665e-06
CPD-3762	21465	HMDB	HMDB0003192_1_shen	5-Aminoimidazole-4-carboxamide	name_formula_mass	4	TRUE	TRUE	1.49999834775372e-09	3.74999586938429e-06
CPD-3762	21466	HMDB	HMDB0003192_2_shen	5-Aminoimidazole-4-carboxamide	name_formula_mass	4	TRUE	TRUE	1.49999834775372e-09	3.74999586938429e-06
CPD-3762	21467	HMDB	HMDB0003192_3_shen	5-Aminoimidazole-4-carboxamide	name_formula_mass	4	TRUE	TRUE	1.49999834775372e-09	3.74999586938429e-06
CPD-3762	21468	HMDB	HMDB0003192_4_shen	5-Aminoimidazole-4-carboxamide	name_formula_mass	4	TRUE	TRUE	1.49999834775372e-09	3.74999586938429e-06
CPD-3762	21469	HMDB	HMDB0003192_5_shen	5-Aminoimidazole-4-carboxamide	name_formula_mass	4	TRUE	TRUE	1.49999834775372e-09	3.74999586938429e-06
CPD-3762	21470	HMDB	HMDB0003192_6_shen	5-Aminoimidazole-4-carboxamide	name_formula_mass	4	TRUE	TRUE	1.49999834775372e-09	3.74999586938429e-06
CPD-3762	21471	HMDB	HMDB0003192_7_shen	5-Aminoimidazole-4-carboxamide	name_formula_mass	4	TRUE	TRUE	1.49999834775372e-09	3.74999586938429e-06
CPD-3762	21472	HMDB	HMDB0003192_8_shen	5-Aminoimidazole-4-carboxamide	name_formula_mass	4	TRUE	TRUE	1.49999834775372e-09	3.74999586938429e-06
CPD-3762	21473	HMDB	HMDB0003192_9_shen	5-Aminoimidazole-4-carboxamide	name_formula_mass	4	TRUE	TRUE	1.49999834775372e-09	3.74999586938429e-06
CPD-3762	21474	HMDB	HMDB0003192_10_shen	5-Aminoimidazole-4-carboxamide	name_formula_mass	4	TRUE	TRUE	1.49999834775372e-09	3.74999586938429e-06
CPD-3762	21475	HMDB	HMDB0003192_11_shen	5-Aminoimidazole-4-carboxamide	name_formula_mass	4	TRUE	TRUE	1.49999834775372e-09	3.74999586938429e-06
CPD-1099	21476	HMDB	HMDB0003213_1_shen	Raffinose	inchikey	1	TRUE	TRUE	4.80002881886321e-09	9.52067359520802e-06
CPD-1099	21477	HMDB	HMDB0003213_2_shen	Raffinose	inchikey	1	TRUE	TRUE	4.80002881886321e-09	9.52067359520802e-06
CPD-1099	21478	HMDB	HMDB0003213_3_shen	Raffinose	inchikey	1	TRUE	TRUE	4.80002881886321e-09	9.52067359520802e-06
CPD-1099	21479	HMDB	HMDB0003213_4_shen	Raffinose	inchikey	1	TRUE	TRUE	4.80002881886321e-09	9.52067359520802e-06
CPD-1099	21480	HMDB	HMDB0003213_5_shen	Raffinose	inchikey	1	TRUE	TRUE	4.80002881886321e-09	9.52067359520802e-06
CPD-1099	21481	HMDB	HMDB0003213_6_shen	Raffinose	inchikey	1	TRUE	TRUE	4.80002881886321e-09	9.52067359520802e-06
CPD-1099	21482	HMDB	HMDB0003213_7_shen	Raffinose	inchikey	1	TRUE	TRUE	4.80002881886321e-09	9.52067359520802e-06
CPD-1099	21483	HMDB	HMDB0003213_8_shen	Raffinose	inchikey	1	TRUE	TRUE	4.80002881886321e-09	9.52067359520802e-06
CPD-1099	21484	HMDB	HMDB0003213_9_shen	Raffinose	inchikey	1	TRUE	TRUE	4.80002881886321e-09	9.52067359520802e-06
CPD-1099	21485	HMDB	HMDB0003213_10_shen	Raffinose	inchikey	1	TRUE	TRUE	4.80002881886321e-09	9.52067359520802e-06
CPD-1099	21486	HMDB	HMDB0003213_11_shen	Raffinose	inchikey	1	TRUE	TRUE	4.80002881886321e-09	9.52067359520802e-06
CPD-1099	21487	HMDB	HMDB0003213_12_shen	Raffinose	inchikey	1	TRUE	TRUE	4.80002881886321e-09	9.52067359520802e-06
CPD-1099	21488	HMDB	HMDB0003213_13_shen	Raffinose	inchikey	1	TRUE	TRUE	4.80002881886321e-09	9.52067359520802e-06
CPD-1099	21489	HMDB	HMDB0003213_14_shen	Raffinose	inchikey	1	TRUE	TRUE	4.80002881886321e-09	9.52067359520802e-06
CPD-1099	21490	HMDB	HMDB0003213_15_shen	Raffinose	inchikey	1	TRUE	TRUE	4.80002881886321e-09	9.52067359520802e-06
CPD-1099	21491	HMDB	HMDB0003213_16_shen	Raffinose	inchikey	1	TRUE	TRUE	4.80002881886321e-09	9.52067359520802e-06
CPD-1099	21492	HMDB	HMDB0003213_17_shen	Raffinose	inchikey	1	TRUE	TRUE	4.80002881886321e-09	9.52067359520802e-06
CPD-1099	21493	HMDB	HMDB0003213_18_shen	Raffinose	inchikey	1	TRUE	TRUE	4.80002881886321e-09	9.52067359520802e-06
CPD-1099	21494	HMDB	HMDB0003213_19_shen	Raffinose	inchikey	1	TRUE	TRUE	4.80002881886321e-09	9.52067359520802e-06
CPD-1099	21495	HMDB	HMDB0003213_20_shen	Raffinose	inchikey	1	TRUE	TRUE	4.80002881886321e-09	9.52067359520802e-06
CPD-1099	21496	HMDB	HMDB0003213_21_shen	Raffinose	inchikey	1	TRUE	TRUE	4.80002881886321e-09	9.52067359520802e-06
CPD-1099	21497	HMDB	HMDB0003213_22_shen	Raffinose	inchikey	1	TRUE	TRUE	4.80002881886321e-09	9.52067359520802e-06
CPD-1099	21498	HMDB	HMDB0003213_23_shen	Raffinose	inchikey	1	TRUE	TRUE	4.80002881886321e-09	9.52067359520802e-06
CPD-1099	21499	HMDB	HMDB0003213_24_shen	Raffinose	inchikey	1	TRUE	TRUE	4.80002881886321e-09	9.52067359520802e-06
CPD-1099	21500	HMDB	HMDB0003213_25_shen	Raffinose	inchikey	1	TRUE	TRUE	4.80002881886321e-09	9.52067359520802e-06
CPD-1099	21501	HMDB	HMDB0003213_26_shen	Raffinose	inchikey	1	TRUE	TRUE	4.80002881886321e-09	9.52067359520802e-06
CPD-1099	21502	HMDB	HMDB0003213_27_shen	Raffinose	inchikey	1	TRUE	TRUE	4.80002881886321e-09	9.52067359520802e-06
CPD-1099	21503	HMDB	HMDB0003213_28_shen	Raffinose	inchikey	1	TRUE	TRUE	4.80002881886321e-09	9.52067359520802e-06
CPD-1099	21504	HMDB	HMDB0003213_29_shen	Raffinose	inchikey	1	TRUE	TRUE	4.80002881886321e-09	9.52067359520802e-06
CPD-1099	21505	HMDB	HMDB0003213_30_shen	Raffinose	inchikey	1	TRUE	TRUE	4.80002881886321e-09	9.52067359520802e-06
CPD-1099	21506	HMDB	HMDB0003213_31_shen	Raffinose	inchikey	1	TRUE	TRUE	4.80002881886321e-09	9.52067359520802e-06
CPD-1099	21507	HMDB	HMDB0003213_32_shen	Raffinose	inchikey	1	TRUE	TRUE	4.80002881886321e-09	9.52067359520802e-06
CPD-1099	21508	HMDB	HMDB0003213_33_shen	Raffinose	inchikey	1	TRUE	TRUE	4.80002881886321e-09	9.52067359520802e-06
CPD-1099	21509	HMDB	HMDB0003213_34_shen	Raffinose	inchikey	1	TRUE	TRUE	4.80002881886321e-09	9.52067359520802e-06
CPD-1099	21510	HMDB	HMDB0003213_35_shen	Raffinose	inchikey	1	TRUE	TRUE	4.80002881886321e-09	9.52067359520802e-06
CPD-1099	21511	HMDB	HMDB0003213_36_shen	Raffinose	inchikey	1	TRUE	TRUE	4.80002881886321e-09	9.52067359520802e-06
CPD-1099	21512	HMDB	HMDB0003213_37_shen	Raffinose	inchikey	1	TRUE	TRUE	4.80002881886321e-09	9.52067359520802e-06
CPD-1099	21513	HMDB	HMDB0003213_38_shen	Raffinose	inchikey	1	TRUE	TRUE	4.80002881886321e-09	9.52067359520802e-06
CPD-1099	21514	HMDB	HMDB0003213_39_shen	Raffinose	inchikey	1	TRUE	TRUE	4.80002881886321e-09	9.52067359520802e-06
CPD-1099	21515	HMDB	HMDB0003213_40_shen	Raffinose	inchikey	1	TRUE	TRUE	4.80002881886321e-09	9.52067359520802e-06
CPD-1099	21516	HMDB	HMDB0003213_41_shen	Raffinose	inchikey	1	TRUE	TRUE	4.80002881886321e-09	9.52067359520802e-06
CPD-1099	21517	HMDB	HMDB0003213_42_shen	Raffinose	inchikey	1	TRUE	TRUE	4.80002881886321e-09	9.52067359520802e-06
CPD-1099	21518	HMDB	HMDB0003213_43_shen	Raffinose	inchikey	1	TRUE	TRUE	4.80002881886321e-09	9.52067359520802e-06
CPD-1099	21519	HMDB	HMDB0003213_44_shen	Raffinose	inchikey	1	TRUE	TRUE	4.80002881886321e-09	9.52067359520802e-06
CPD-1099	21520	HMDB	HMDB0003213_45_shen	Raffinose	inchikey	1	TRUE	TRUE	4.80002881886321e-09	9.52067359520802e-06
CPD-1099	21521	HMDB	HMDB0003213_46_shen	Raffinose	inchikey	1	TRUE	TRUE	4.80002881886321e-09	9.52067359520802e-06
CPD-1099	21522	HMDB	HMDB0003213_47_shen	Raffinose	inchikey	1	TRUE	TRUE	4.80002881886321e-09	9.52067359520802e-06
CPD-1099	21523	HMDB	HMDB0003213_48_shen	Raffinose	inchikey	1	TRUE	TRUE	4.80002881886321e-09	9.52067359520802e-06
CPD-1099	21524	HMDB	HMDB0003213_49_shen	Raffinose	inchikey	1	TRUE	TRUE	4.80002881886321e-09	9.52067359520802e-06
CPD-1099	21525	HMDB	HMDB0003213_50_shen	Raffinose	inchikey	1	TRUE	TRUE	4.80002881886321e-09	9.52067359520802e-06
CPD-1099	21526	HMDB	HMDB0003213_51_shen	Raffinose	inchikey	1	TRUE	TRUE	4.80002881886321e-09	9.52067359520802e-06
CPD-1099	21527	HMDB	HMDB0003213_52_shen	Raffinose	inchikey	1	TRUE	TRUE	4.80002881886321e-09	9.52067359520802e-06
CPD-1099	21528	HMDB	HMDB0003213_53_shen	Raffinose	inchikey	1	TRUE	TRUE	4.80002881886321e-09	9.52067359520802e-06
CPD-1099	21529	HMDB	HMDB0003213_54_shen	Raffinose	inchikey	1	TRUE	TRUE	4.80002881886321e-09	9.52067359520802e-06
CPD-1099	21530	HMDB	HMDB0003213_55_shen	Raffinose	inchikey	1	TRUE	TRUE	4.80002881886321e-09	9.52067359520802e-06
CPD-1099	21531	HMDB	HMDB0003213_56_shen	Raffinose	inchikey	1	TRUE	TRUE	4.80002881886321e-09	9.52067359520802e-06
CPD-1099	21532	HMDB	HMDB0003213_57_shen	Raffinose	inchikey	1	TRUE	TRUE	4.80002881886321e-09	9.52067359520802e-06
CPD-1099	21533	HMDB	HMDB0003213_58_shen	Raffinose	inchikey	1	TRUE	TRUE	4.80002881886321e-09	9.52067359520802e-06
CPD-1099	21534	HMDB	HMDB0003213_59_shen	Raffinose	inchikey	1	TRUE	TRUE	4.80002881886321e-09	9.52067359520802e-06
CPD-1099	21535	HMDB	HMDB0003213_60_shen	Raffinose	inchikey	1	TRUE	TRUE	4.80002881886321e-09	9.52067359520802e-06
CPD-1099	21536	HMDB	HMDB0003213_61_shen	Raffinose	inchikey	1	TRUE	TRUE	4.80002881886321e-09	9.52067359520802e-06
CPD-1099	21537	HMDB	HMDB0003213_62_shen	Raffinose	inchikey	1	TRUE	TRUE	4.80002881886321e-09	9.52067359520802e-06
CPD-1099	21538	HMDB	HMDB0003213_63_shen	Raffinose	inchikey	1	TRUE	TRUE	4.80002881886321e-09	9.52067359520802e-06
CPD-1099	21539	HMDB	HMDB0003213_64_shen	Raffinose	inchikey	1	TRUE	TRUE	4.80002881886321e-09	9.52067359520802e-06
CPD-1099	21540	HMDB	HMDB0003213_65_shen	Raffinose	inchikey	1	TRUE	TRUE	4.80002881886321e-09	9.52067359520802e-06
CPD-1099	21541	HMDB	HMDB0003213_66_shen	Raffinose	inchikey	1	TRUE	TRUE	4.80002881886321e-09	9.52067359520802e-06
CPD-1099	21542	HMDB	HMDB0003213_67_shen	Raffinose	inchikey	1	TRUE	TRUE	4.80002881886321e-09	9.52067359520802e-06
CPD-1099	21543	HMDB	HMDB0003213_68_shen	Raffinose	inchikey	1	TRUE	TRUE	4.80002881886321e-09	9.52067359520802e-06
CPD-1099	21544	HMDB	HMDB0003213_69_shen	Raffinose	inchikey	1	TRUE	TRUE	4.80002881886321e-09	9.52067359520802e-06
CPD-1099	21545	HMDB	HMDB0003213_70_shen	Raffinose	inchikey	1	TRUE	TRUE	4.80002881886321e-09	9.52067359520802e-06
CPD-1099	21546	HMDB	HMDB0003213_71_shen	Raffinose	inchikey	1	TRUE	TRUE	4.80002881886321e-09	9.52067359520802e-06
CPD-1099	21547	HMDB	HMDB0003213_72_shen	Raffinose	inchikey	1	TRUE	TRUE	4.80002881886321e-09	9.52067359520802e-06
CPD-1099	21548	HMDB	HMDB0003213_73_shen	Raffinose	inchikey	1	TRUE	TRUE	4.80002881886321e-09	9.52067359520802e-06
CPD-1099	21549	HMDB	HMDB0003213_74_shen	Raffinose	inchikey	1	TRUE	TRUE	4.80002881886321e-09	9.52067359520802e-06
CPD-1099	21550	HMDB	HMDB0003213_75_shen	Raffinose	inchikey	1	TRUE	TRUE	4.80002881886321e-09	9.52067359520802e-06
CPD-1099	21551	HMDB	HMDB0003213_76_shen	Raffinose	inchikey	1	TRUE	TRUE	4.80002881886321e-09	9.52067359520802e-06
CPD-1099	21552	HMDB	HMDB0003213_77_shen	Raffinose	inchikey	1	TRUE	TRUE	4.80002881886321e-09	9.52067359520802e-06
CPD-1099	21553	HMDB	HMDB0003213_78_shen	Raffinose	inchikey	1	TRUE	TRUE	4.80002881886321e-09	9.52067359520802e-06
CPD-1099	21554	HMDB	HMDB0003213_79_shen	Raffinose	inchikey	1	TRUE	TRUE	4.80002881886321e-09	9.52067359520802e-06
CPD-1099	21555	HMDB	HMDB0003213_80_shen	Raffinose	inchikey	1	TRUE	TRUE	4.80002881886321e-09	9.52067359520802e-06
CPD-1099	21556	HMDB	HMDB0003213_81_shen	Raffinose	inchikey	1	TRUE	TRUE	4.80002881886321e-09	9.52067359520802e-06
CPD-1099	21557	HMDB	HMDB0003213_82_shen	Raffinose	inchikey	1	TRUE	TRUE	4.80002881886321e-09	9.52067359520802e-06
CPD-1099	21558	HMDB	HMDB0003213_83_shen	Raffinose	inchikey	1	TRUE	TRUE	4.80002881886321e-09	9.52067359520802e-06
CPD-1099	21559	HMDB	HMDB0003213_84_shen	Raffinose	inchikey	1	TRUE	TRUE	4.80002881886321e-09	9.52067359520802e-06
CPD-3141	21560	HMDB	HMDB0003217_1_shen	Genistein	inchikey_connectivity_formula_mass	2	FALSE	TRUE	9.49995637711254e-09	2.37498909427813e-05
CPD-3141	21561	HMDB	HMDB0003217_2_shen	Genistein	inchikey_connectivity_formula_mass	2	FALSE	TRUE	9.49995637711254e-09	2.37498909427813e-05
CPD-3141	21562	HMDB	HMDB0003217_3_shen	Genistein	inchikey_connectivity_formula_mass	2	FALSE	TRUE	9.49995637711254e-09	2.37498909427813e-05
CPD-3141	21563	HMDB	HMDB0003217_4_shen	Genistein	inchikey_connectivity_formula_mass	2	FALSE	TRUE	9.49995637711254e-09	2.37498909427813e-05
CPD-3141	21564	HMDB	HMDB0003217_5_shen	Genistein	inchikey_connectivity_formula_mass	2	FALSE	TRUE	9.49995637711254e-09	2.37498909427813e-05
CPD-3141	21565	HMDB	HMDB0003217_6_shen	Genistein	inchikey_connectivity_formula_mass	2	FALSE	TRUE	9.49995637711254e-09	2.37498909427813e-05
CPD-3141	21566	HMDB	HMDB0003217_7_shen	Genistein	inchikey_connectivity_formula_mass	2	FALSE	TRUE	9.49995637711254e-09	2.37498909427813e-05
CPD-3141	21567	HMDB	HMDB0003217_8_shen	Genistein	inchikey_connectivity_formula_mass	2	FALSE	TRUE	9.49995637711254e-09	2.37498909427813e-05
CPD-3141	21568	HMDB	HMDB0003217_9_shen	Genistein	inchikey_connectivity_formula_mass	2	FALSE	TRUE	9.49995637711254e-09	2.37498909427813e-05
CPD-3141	21569	HMDB	HMDB0003217_10_shen	Genistein	inchikey_connectivity_formula_mass	2	FALSE	TRUE	9.49995637711254e-09	2.37498909427813e-05
CPD-3141	21570	HMDB	HMDB0003217_11_shen	Genistein	inchikey_connectivity_formula_mass	2	FALSE	TRUE	9.49995637711254e-09	2.37498909427813e-05
CPD-3141	21571	HMDB	HMDB0003217_12_shen	Genistein	inchikey_connectivity_formula_mass	2	FALSE	TRUE	9.49995637711254e-09	2.37498909427813e-05
CPD-3141	21572	HMDB	HMDB0003217_13_shen	Genistein	inchikey_connectivity_formula_mass	2	FALSE	TRUE	9.49995637711254e-09	2.37498909427813e-05
CPD-3141	21573	HMDB	HMDB0003217_14_shen	Genistein	inchikey_connectivity_formula_mass	2	FALSE	TRUE	9.49995637711254e-09	2.37498909427813e-05
CPD-3141	21574	HMDB	HMDB0003217_15_shen	Genistein	inchikey_connectivity_formula_mass	2	FALSE	TRUE	9.49995637711254e-09	2.37498909427813e-05
CPD-3141	21575	HMDB	HMDB0003217_16_shen	Genistein	inchikey_connectivity_formula_mass	2	FALSE	TRUE	9.49995637711254e-09	2.37498909427813e-05
CPD-3141	21576	HMDB	HMDB0003217_17_shen	Genistein	inchikey_connectivity_formula_mass	2	FALSE	TRUE	9.49995637711254e-09	2.37498909427813e-05
CPD-3141	21577	HMDB	HMDB0003217_18_shen	Genistein	inchikey_connectivity_formula_mass	2	FALSE	TRUE	9.49995637711254e-09	2.37498909427813e-05
CPD-3141	21578	HMDB	HMDB0003217_19_shen	Genistein	inchikey_connectivity_formula_mass	2	FALSE	TRUE	9.49995637711254e-09	2.37498909427813e-05
CPD-3141	21579	HMDB	HMDB0003217_20_shen	Genistein	inchikey_connectivity_formula_mass	2	FALSE	TRUE	9.49995637711254e-09	2.37498909427813e-05
CPD-3141	21580	HMDB	HMDB0003217_21_shen	Genistein	inchikey_connectivity_formula_mass	2	FALSE	TRUE	9.49995637711254e-09	2.37498909427813e-05
CPD-3141	21581	HMDB	HMDB0003217_22_shen	Genistein	inchikey_connectivity_formula_mass	2	FALSE	TRUE	9.49995637711254e-09	2.37498909427813e-05
CPD-3141	21582	HMDB	HMDB0003217_23_shen	Genistein	inchikey_connectivity_formula_mass	2	FALSE	TRUE	9.49995637711254e-09	2.37498909427813e-05
CPD-3141	21583	HMDB	HMDB0003217_24_shen	Genistein	inchikey_connectivity_formula_mass	2	FALSE	TRUE	9.49995637711254e-09	2.37498909427813e-05
CPD-3141	21584	HMDB	HMDB0003217_25_shen	Genistein	inchikey_connectivity_formula_mass	2	FALSE	TRUE	9.49995637711254e-09	2.37498909427813e-05
CPD-3141	21585	HMDB	HMDB0003217_26_shen	Genistein	inchikey_connectivity_formula_mass	2	FALSE	TRUE	9.49995637711254e-09	2.37498909427813e-05
CPD-3141	21586	HMDB	HMDB0003217_27_shen	Genistein	inchikey_connectivity_formula_mass	2	FALSE	TRUE	9.49995637711254e-09	2.37498909427813e-05
CPD-3141	21587	HMDB	HMDB0003217_28_shen	Genistein	inchikey_connectivity_formula_mass	2	FALSE	TRUE	9.49995637711254e-09	2.37498909427813e-05
CPD-3141	21588	HMDB	HMDB0003217_29_shen	Genistein	inchikey_connectivity_formula_mass	2	FALSE	TRUE	9.49995637711254e-09	2.37498909427813e-05
CPD-3141	21589	HMDB	HMDB0003217_30_shen	Genistein	inchikey_connectivity_formula_mass	2	FALSE	TRUE	9.49995637711254e-09	2.37498909427813e-05
CPD-3141	21590	HMDB	HMDB0003217_31_shen	Genistein	inchikey_connectivity_formula_mass	2	FALSE	TRUE	9.49995637711254e-09	2.37498909427813e-05
CPD-3141	21591	HMDB	HMDB0003217_32_shen	Genistein	inchikey_connectivity_formula_mass	2	FALSE	TRUE	9.49995637711254e-09	2.37498909427813e-05
CPD-3141	21592	HMDB	HMDB0003217_33_shen	Genistein	inchikey_connectivity_formula_mass	2	FALSE	TRUE	9.49995637711254e-09	2.37498909427813e-05
CPD-3141	21593	HMDB	HMDB0003217_34_shen	Genistein	inchikey_connectivity_formula_mass	2	FALSE	TRUE	9.49995637711254e-09	2.37498909427813e-05
CPD-3141	21594	HMDB	HMDB0003217_35_shen	Genistein	inchikey_connectivity_formula_mass	2	FALSE	TRUE	9.49995637711254e-09	2.37498909427813e-05
CPD-3141	21595	HMDB	HMDB0003217_36_shen	Genistein	inchikey_connectivity_formula_mass	2	FALSE	TRUE	9.49995637711254e-09	2.37498909427813e-05
CPD-3141	21596	HMDB	HMDB0003217_37_shen	Genistein	inchikey_connectivity_formula_mass	2	FALSE	TRUE	9.49995637711254e-09	2.37498909427813e-05
CPD-3141	21597	HMDB	HMDB0003217_38_shen	Genistein	inchikey_connectivity_formula_mass	2	FALSE	TRUE	9.49995637711254e-09	2.37498909427813e-05
CPD-3141	21598	HMDB	HMDB0003217_39_shen	Genistein	inchikey_connectivity_formula_mass	2	FALSE	TRUE	9.49995637711254e-09	2.37498909427813e-05
CPD-3141	21599	HMDB	HMDB0003217_40_shen	Genistein	inchikey_connectivity_formula_mass	2	FALSE	TRUE	9.49995637711254e-09	2.37498909427813e-05
CPD-3141	21600	HMDB	HMDB0003217_41_shen	Genistein	inchikey_connectivity_formula_mass	2	FALSE	TRUE	9.49995637711254e-09	2.37498909427813e-05
CPD-3141	21601	HMDB	HMDB0003217_42_shen	Genistein	inchikey_connectivity_formula_mass	2	FALSE	TRUE	9.49995637711254e-09	2.37498909427813e-05
CPD-3141	21602	HMDB	HMDB0003217_43_shen	Genistein	inchikey_connectivity_formula_mass	2	FALSE	TRUE	9.49995637711254e-09	2.37498909427813e-05
CPD-3141	21603	HMDB	HMDB0003217_44_shen	Genistein	inchikey_connectivity_formula_mass	2	FALSE	TRUE	9.49995637711254e-09	2.37498909427813e-05
CPD-3141	21604	HMDB	HMDB0003217_45_shen	Genistein	inchikey_connectivity_formula_mass	2	FALSE	TRUE	9.49995637711254e-09	2.37498909427813e-05
CPD-3141	21605	HMDB	HMDB0003217_46_shen	Genistein	inchikey_connectivity_formula_mass	2	FALSE	TRUE	9.49995637711254e-09	2.37498909427813e-05
CPD-3141	21606	HMDB	HMDB0003217_47_shen	Genistein	inchikey_connectivity_formula_mass	2	FALSE	TRUE	9.49995637711254e-09	2.37498909427813e-05
CPD-3141	21607	HMDB	HMDB0003217_48_shen	Genistein	inchikey_connectivity_formula_mass	2	FALSE	TRUE	9.49995637711254e-09	2.37498909427813e-05
CPD-3141	21608	HMDB	HMDB0003217_49_shen	Genistein	inchikey_connectivity_formula_mass	2	FALSE	TRUE	9.49995637711254e-09	2.37498909427813e-05
CPD-3141	21609	HMDB	HMDB0003217_50_shen	Genistein	inchikey_connectivity_formula_mass	2	FALSE	TRUE	9.49995637711254e-09	2.37498909427813e-05
CPD-3141	21610	HMDB	HMDB0003217_51_shen	Genistein	inchikey_connectivity_formula_mass	2	FALSE	TRUE	9.49995637711254e-09	2.37498909427813e-05
CPD-3141	21611	HMDB	HMDB0003217_52_shen	Genistein	inchikey_connectivity_formula_mass	2	FALSE	TRUE	9.49995637711254e-09	2.37498909427813e-05
CPD-3141	21612	HMDB	HMDB0003217_53_shen	Genistein	inchikey_connectivity_formula_mass	2	FALSE	TRUE	9.49995637711254e-09	2.37498909427813e-05
CPD-3141	21613	HMDB	HMDB0003217_54_shen	Genistein	inchikey_connectivity_formula_mass	2	FALSE	TRUE	9.49995637711254e-09	2.37498909427813e-05
CPD-3141	21614	HMDB	HMDB0003217_55_shen	Genistein	inchikey_connectivity_formula_mass	2	FALSE	TRUE	9.49995637711254e-09	2.37498909427813e-05
CPD-3141	21615	HMDB	HMDB0003217_56_shen	Genistein	inchikey_connectivity_formula_mass	2	FALSE	TRUE	9.49995637711254e-09	2.37498909427813e-05
CPD-3141	21616	HMDB	HMDB0003217_57_shen	Genistein	inchikey_connectivity_formula_mass	2	FALSE	TRUE	9.49995637711254e-09	2.37498909427813e-05
CPD-3141	21617	HMDB	HMDB0003217_58_shen	Genistein	inchikey_connectivity_formula_mass	2	FALSE	TRUE	9.49995637711254e-09	2.37498909427813e-05
CPD-3141	21618	HMDB	HMDB0003217_59_shen	Genistein	inchikey_connectivity_formula_mass	2	FALSE	TRUE	9.49995637711254e-09	2.37498909427813e-05
CPD-3141	21619	HMDB	HMDB0003217_60_shen	Genistein	inchikey_connectivity_formula_mass	2	FALSE	TRUE	9.49995637711254e-09	2.37498909427813e-05
CPD-3141	21620	HMDB	HMDB0003217_61_shen	Genistein	inchikey_connectivity_formula_mass	2	FALSE	TRUE	9.49995637711254e-09	2.37498909427813e-05
CPD-3141	21621	HMDB	HMDB0003217_62_shen	Genistein	inchikey_connectivity_formula_mass	2	FALSE	TRUE	9.49995637711254e-09	2.37498909427813e-05
CPD-3141	21622	HMDB	HMDB0003217_63_shen	Genistein	inchikey_connectivity_formula_mass	2	FALSE	TRUE	9.49995637711254e-09	2.37498909427813e-05
CPD-3141	21623	HMDB	HMDB0003217_64_shen	Genistein	inchikey_connectivity_formula_mass	2	FALSE	TRUE	9.49995637711254e-09	2.37498909427813e-05
CPD-3141	21624	HMDB	HMDB0003217_65_shen	Genistein	inchikey_connectivity_formula_mass	2	FALSE	TRUE	9.49995637711254e-09	2.37498909427813e-05
CPD-3141	21625	HMDB	HMDB0003217_66_shen	Genistein	inchikey_connectivity_formula_mass	2	FALSE	TRUE	9.49995637711254e-09	2.37498909427813e-05
CPD-3141	21626	HMDB	HMDB0003217_67_shen	Genistein	inchikey_connectivity_formula_mass	2	FALSE	TRUE	9.49995637711254e-09	2.37498909427813e-05
CPD-3141	21627	HMDB	HMDB0003217_68_shen	Genistein	inchikey_connectivity_formula_mass	2	FALSE	TRUE	9.49995637711254e-09	2.37498909427813e-05
CPD-3141	21628	HMDB	HMDB0003217_69_shen	Genistein	inchikey_connectivity_formula_mass	2	FALSE	TRUE	9.49995637711254e-09	2.37498909427813e-05
CPD-3141	21629	HMDB	HMDB0003217_70_shen	Genistein	inchikey_connectivity_formula_mass	2	FALSE	TRUE	9.49995637711254e-09	2.37498909427813e-05
CPD-3141	21630	HMDB	HMDB0003217_71_shen	Genistein	inchikey_connectivity_formula_mass	2	FALSE	TRUE	9.49995637711254e-09	2.37498909427813e-05
CPD-3141	21631	HMDB	HMDB0003217_72_shen	Genistein	inchikey_connectivity_formula_mass	2	FALSE	TRUE	9.49995637711254e-09	2.37498909427813e-05
CPD-3141	21632	HMDB	HMDB0003217_73_shen	Genistein	inchikey_connectivity_formula_mass	2	FALSE	TRUE	9.49995637711254e-09	2.37498909427813e-05
CPD-3141	21633	HMDB	HMDB0003217_74_shen	Genistein	inchikey_connectivity_formula_mass	2	FALSE	TRUE	9.49995637711254e-09	2.37498909427813e-05
CPD-3141	21634	HMDB	HMDB0003217_75_shen	Genistein	inchikey_connectivity_formula_mass	2	FALSE	TRUE	9.49995637711254e-09	2.37498909427813e-05
CPD-3141	21635	HMDB	HMDB0003217_76_shen	Genistein	inchikey_connectivity_formula_mass	2	FALSE	TRUE	9.49995637711254e-09	2.37498909427813e-05
CPD-3141	21636	HMDB	HMDB0003217_77_shen	Genistein	inchikey_connectivity_formula_mass	2	FALSE	TRUE	9.49995637711254e-09	2.37498909427813e-05
CPD-3141	21637	HMDB	HMDB0003217_78_shen	Genistein	inchikey_connectivity_formula_mass	2	FALSE	TRUE	9.49995637711254e-09	2.37498909427813e-05
CPD-3141	21638	HMDB	HMDB0003217_79_shen	Genistein	inchikey_connectivity_formula_mass	2	FALSE	TRUE	9.49995637711254e-09	2.37498909427813e-05
CPD-3141	21639	HMDB	HMDB0003217_80_shen	Genistein	inchikey_connectivity_formula_mass	2	FALSE	TRUE	9.49995637711254e-09	2.37498909427813e-05
CPD-3141	21640	HMDB	HMDB0003217_81_shen	Genistein	inchikey_connectivity_formula_mass	2	FALSE	TRUE	9.49995637711254e-09	2.37498909427813e-05
CPD-3141	21641	HMDB	HMDB0003217_82_shen	Genistein	inchikey_connectivity_formula_mass	2	FALSE	TRUE	9.49995637711254e-09	2.37498909427813e-05
CPD-3141	21642	HMDB	HMDB0003217_83_shen	Genistein	inchikey_connectivity_formula_mass	2	FALSE	TRUE	9.49995637711254e-09	2.37498909427813e-05
CPD-3141	21643	HMDB	HMDB0003217_84_shen	Genistein	inchikey_connectivity_formula_mass	2	FALSE	TRUE	9.49995637711254e-09	2.37498909427813e-05
CPD-3141	21644	HMDB	HMDB0003217_85_shen	Genistein	inchikey_connectivity_formula_mass	2	FALSE	TRUE	9.49995637711254e-09	2.37498909427813e-05
CPD-3141	21645	HMDB	HMDB0003217_86_shen	Genistein	inchikey_connectivity_formula_mass	2	FALSE	TRUE	9.49995637711254e-09	2.37498909427813e-05
CPD-3141	21646	HMDB	HMDB0003217_87_shen	Genistein	inchikey_connectivity_formula_mass	2	FALSE	TRUE	9.49995637711254e-09	2.37498909427813e-05
CPD-3141	21647	HMDB	HMDB0003217_88_shen	Genistein	inchikey_connectivity_formula_mass	2	FALSE	TRUE	9.49995637711254e-09	2.37498909427813e-05
CPD-3141	21648	HMDB	HMDB0003217_89_shen	Genistein	inchikey_connectivity_formula_mass	2	FALSE	TRUE	9.49995637711254e-09	2.37498909427813e-05
CPD-3141	21649	HMDB	HMDB0003217_90_shen	Genistein	inchikey_connectivity_formula_mass	2	FALSE	TRUE	9.49995637711254e-09	2.37498909427813e-05
CPD-3141	21650	HMDB	HMDB0003217_91_shen	Genistein	inchikey_connectivity_formula_mass	2	FALSE	TRUE	9.49995637711254e-09	2.37498909427813e-05
CPD-3141	21651	HMDB	HMDB0003217_92_shen	Genistein	inchikey_connectivity_formula_mass	2	FALSE	TRUE	9.49995637711254e-09	2.37498909427813e-05
CPD-3141	21652	HMDB	HMDB0003217_93_shen	Genistein	inchikey_connectivity_formula_mass	2	FALSE	TRUE	9.49995637711254e-09	2.37498909427813e-05
CPD-3141	21653	HMDB	HMDB0003217_94_shen	Genistein	inchikey_connectivity_formula_mass	2	FALSE	TRUE	9.49995637711254e-09	2.37498909427813e-05
CPD-3141	21654	HMDB	HMDB0003217_95_shen	Genistein	inchikey_connectivity_formula_mass	2	FALSE	TRUE	9.49995637711254e-09	2.37498909427813e-05
CPD-3141	21655	HMDB	HMDB0003217_96_shen	Genistein	inchikey_connectivity_formula_mass	2	FALSE	TRUE	9.49995637711254e-09	2.37498909427813e-05
CPD-3141	21656	HMDB	HMDB0003217_97_shen	Genistein	inchikey_connectivity_formula_mass	2	FALSE	TRUE	9.49995637711254e-09	2.37498909427813e-05
CPD-3141	21657	HMDB	HMDB0003217_98_shen	Genistein	inchikey_connectivity_formula_mass	2	FALSE	TRUE	9.49995637711254e-09	2.37498909427813e-05
CPD-3141	21658	HMDB	HMDB0003217_99_shen	Genistein	inchikey_connectivity_formula_mass	2	FALSE	TRUE	9.49995637711254e-09	2.37498909427813e-05
CPD-3141	21659	HMDB	HMDB0003217_100_shen	Genistein	inchikey_connectivity_formula_mass	2	FALSE	TRUE	9.49995637711254e-09	2.37498909427813e-05
CPD-3141	21660	HMDB	HMDB0003217_101_shen	Genistein	inchikey_connectivity_formula_mass	2	FALSE	TRUE	9.49995637711254e-09	2.37498909427813e-05
CPD-3141	21661	HMDB	HMDB0003217_102_shen	Genistein	inchikey_connectivity_formula_mass	2	FALSE	TRUE	9.49995637711254e-09	2.37498909427813e-05
CPD-3141	21662	HMDB	HMDB0003217_103_shen	Genistein	inchikey_connectivity_formula_mass	2	FALSE	TRUE	9.49995637711254e-09	2.37498909427813e-05
CPD-3141	21663	HMDB	HMDB0003217_104_shen	Genistein	inchikey_connectivity_formula_mass	2	FALSE	TRUE	9.49995637711254e-09	2.37498909427813e-05
CPD-3141	21664	HMDB	HMDB0003217_105_shen	Genistein	inchikey_connectivity_formula_mass	2	FALSE	TRUE	9.49995637711254e-09	2.37498909427813e-05
CPD-3141	21665	HMDB	HMDB0003217_106_shen	Genistein	inchikey_connectivity_formula_mass	2	FALSE	TRUE	9.49995637711254e-09	2.37498909427813e-05
CPD-3141	21666	HMDB	HMDB0003217_107_shen	Genistein	inchikey_connectivity_formula_mass	2	FALSE	TRUE	9.49995637711254e-09	2.37498909427813e-05
CPD-3141	21667	HMDB	HMDB0003217_108_shen	Genistein	inchikey_connectivity_formula_mass	2	FALSE	TRUE	9.49995637711254e-09	2.37498909427813e-05
CPD-3141	21668	HMDB	HMDB0003217_109_shen	Genistein	inchikey_connectivity_formula_mass	2	FALSE	TRUE	9.49995637711254e-09	2.37498909427813e-05
CPD-3141	21669	HMDB	HMDB0003217_110_shen	Genistein	inchikey_connectivity_formula_mass	2	FALSE	TRUE	9.49995637711254e-09	2.37498909427813e-05
CPD-3141	21670	HMDB	HMDB0003217_111_shen	Genistein	inchikey_connectivity_formula_mass	2	FALSE	TRUE	9.49995637711254e-09	2.37498909427813e-05
CPD-3141	21671	HMDB	HMDB0003217_112_shen	Genistein	inchikey_connectivity_formula_mass	2	FALSE	TRUE	9.49995637711254e-09	2.37498909427813e-05
CPD-3141	21672	HMDB	HMDB0003217_113_shen	Genistein	inchikey_connectivity_formula_mass	2	FALSE	TRUE	9.49995637711254e-09	2.37498909427813e-05
CPD-3141	21673	HMDB	HMDB0003217_114_shen	Genistein	inchikey_connectivity_formula_mass	2	FALSE	TRUE	9.49995637711254e-09	2.37498909427813e-05
CPD-3141	21674	HMDB	HMDB0003217_115_shen	Genistein	inchikey_connectivity_formula_mass	2	FALSE	TRUE	9.49995637711254e-09	2.37498909427813e-05
CPD-3141	21675	HMDB	HMDB0003217_116_shen	Genistein	inchikey_connectivity_formula_mass	2	FALSE	TRUE	9.49995637711254e-09	2.37498909427813e-05
CPD-3141	21676	HMDB	HMDB0003217_117_shen	Genistein	inchikey_connectivity_formula_mass	2	FALSE	TRUE	9.49995637711254e-09	2.37498909427813e-05
CPD-3141	21677	HMDB	HMDB0003217_118_shen	Genistein	inchikey_connectivity_formula_mass	2	FALSE	TRUE	9.49995637711254e-09	2.37498909427813e-05
CPD-3141	21678	HMDB	HMDB0003217_119_shen	Genistein	inchikey_connectivity_formula_mass	2	FALSE	TRUE	9.49995637711254e-09	2.37498909427813e-05
CPD-3141	21679	HMDB	HMDB0003217_120_shen	Genistein	inchikey_connectivity_formula_mass	2	FALSE	TRUE	9.49995637711254e-09	2.37498909427813e-05
CPD-3141	21680	HMDB	HMDB0003217_121_shen	Genistein	inchikey_connectivity_formula_mass	2	FALSE	TRUE	9.49995637711254e-09	2.37498909427813e-05
CPD-3141	21681	HMDB	HMDB0003217_122_shen	Genistein	inchikey_connectivity_formula_mass	2	FALSE	TRUE	9.49995637711254e-09	2.37498909427813e-05
CPD-3141	21682	HMDB	HMDB0003217_123_shen	Genistein	inchikey_connectivity_formula_mass	2	FALSE	TRUE	9.49995637711254e-09	2.37498909427813e-05
CPD-3141	21683	HMDB	HMDB0003217_124_shen	Genistein	inchikey_connectivity_formula_mass	2	FALSE	TRUE	9.49995637711254e-09	2.37498909427813e-05
CPD-3141	21684	HMDB	HMDB0003217_125_shen	Genistein	inchikey_connectivity_formula_mass	2	FALSE	TRUE	9.49995637711254e-09	2.37498909427813e-05
CPD-3141	21685	HMDB	HMDB0003217_126_shen	Genistein	inchikey_connectivity_formula_mass	2	FALSE	TRUE	9.49995637711254e-09	2.37498909427813e-05
CPD-3141	21686	HMDB	HMDB0003217_127_shen	Genistein	inchikey_connectivity_formula_mass	2	FALSE	TRUE	9.49995637711254e-09	2.37498909427813e-05
CPD-3141	21687	HMDB	HMDB0003217_128_shen	Genistein	inchikey_connectivity_formula_mass	2	FALSE	TRUE	9.49995637711254e-09	2.37498909427813e-05
CPD-3141	21688	HMDB	HMDB0003217_129_shen	Genistein	inchikey_connectivity_formula_mass	2	FALSE	TRUE	9.49995637711254e-09	2.37498909427813e-05
CPD-3141	21689	HMDB	HMDB0003217_130_shen	Genistein	inchikey_connectivity_formula_mass	2	FALSE	TRUE	9.49995637711254e-09	2.37498909427813e-05
CPD-3141	21690	HMDB	HMDB0003217_131_shen	Genistein	inchikey_connectivity_formula_mass	2	FALSE	TRUE	9.49995637711254e-09	2.37498909427813e-05
CPD-3141	21691	HMDB	HMDB0003217_132_shen	Genistein	inchikey_connectivity_formula_mass	2	FALSE	TRUE	9.49995637711254e-09	2.37498909427813e-05
CPD-3141	21692	HMDB	HMDB0003217_133_shen	Genistein	inchikey_connectivity_formula_mass	2	FALSE	TRUE	9.49995637711254e-09	2.37498909427813e-05
CPD-3141	21693	HMDB	HMDB0003217_134_shen	Genistein	inchikey_connectivity_formula_mass	2	FALSE	TRUE	9.49995637711254e-09	2.37498909427813e-05
CPD-3141	21694	HMDB	HMDB0003217_135_shen	Genistein	inchikey_connectivity_formula_mass	2	FALSE	TRUE	9.49995637711254e-09	2.37498909427813e-05
CPD-3141	21695	HMDB	HMDB0003217_136_shen	Genistein	inchikey_connectivity_formula_mass	2	FALSE	TRUE	9.49995637711254e-09	2.37498909427813e-05
CPD-3141	21696	HMDB	HMDB0003217_137_shen	Genistein	inchikey_connectivity_formula_mass	2	FALSE	TRUE	9.49995637711254e-09	2.37498909427813e-05
CPD-3141	21697	HMDB	HMDB0003217_138_shen	Genistein	inchikey_connectivity_formula_mass	2	FALSE	TRUE	9.49995637711254e-09	2.37498909427813e-05
CPD-3141	21698	HMDB	HMDB0003217_139_shen	Genistein	inchikey_connectivity_formula_mass	2	FALSE	TRUE	9.49995637711254e-09	2.37498909427813e-05
CPD-3141	21699	HMDB	HMDB0003217_140_shen	Genistein	inchikey_connectivity_formula_mass	2	FALSE	TRUE	9.49995637711254e-09	2.37498909427813e-05
CPD-3141	21700	HMDB	HMDB0003217_141_shen	Genistein	inchikey_connectivity_formula_mass	2	FALSE	TRUE	9.49995637711254e-09	2.37498909427813e-05
CPD-3141	21701	HMDB	HMDB0003217_142_shen	Genistein	inchikey_connectivity_formula_mass	2	FALSE	TRUE	9.49995637711254e-09	2.37498909427813e-05
CPD-3141	21702	HMDB	HMDB0003217_143_shen	Genistein	inchikey_connectivity_formula_mass	2	FALSE	TRUE	9.49995637711254e-09	2.37498909427813e-05
CPD-3141	21703	HMDB	HMDB0003217_144_shen	Genistein	inchikey_connectivity_formula_mass	2	FALSE	TRUE	9.49995637711254e-09	2.37498909427813e-05
CPD-3141	21704	HMDB	HMDB0003217_145_shen	Genistein	inchikey_connectivity_formula_mass	2	FALSE	TRUE	9.49995637711254e-09	2.37498909427813e-05
CPD-3141	21705	HMDB	HMDB0003217_146_shen	Genistein	inchikey_connectivity_formula_mass	2	FALSE	TRUE	9.49995637711254e-09	2.37498909427813e-05
CPD-3141	21706	HMDB	HMDB0003217_147_shen	Genistein	inchikey_connectivity_formula_mass	2	FALSE	TRUE	9.49995637711254e-09	2.37498909427813e-05
CPD-3141	21707	HMDB	HMDB0003217_148_shen	Genistein	inchikey_connectivity_formula_mass	2	FALSE	TRUE	9.49995637711254e-09	2.37498909427813e-05
CPD-3141	21708	HMDB	HMDB0003217_149_shen	Genistein	inchikey_connectivity_formula_mass	2	FALSE	TRUE	9.49995637711254e-09	2.37498909427813e-05
CPD-3141	21709	HMDB	HMDB0003217_150_shen	Genistein	inchikey_connectivity_formula_mass	2	FALSE	TRUE	9.49995637711254e-09	2.37498909427813e-05
CPD-3141	21710	HMDB	HMDB0003217_151_shen	Genistein	inchikey_connectivity_formula_mass	2	FALSE	TRUE	9.49995637711254e-09	2.37498909427813e-05
CPD-3141	21711	HMDB	HMDB0003217_152_shen	Genistein	inchikey_connectivity_formula_mass	2	FALSE	TRUE	9.49995637711254e-09	2.37498909427813e-05
CPD-3141	21712	HMDB	HMDB0003217_153_shen	Genistein	inchikey_connectivity_formula_mass	2	FALSE	TRUE	9.49995637711254e-09	2.37498909427813e-05
CPD-3141	21713	HMDB	HMDB0003217_154_shen	Genistein	inchikey_connectivity_formula_mass	2	FALSE	TRUE	9.49995637711254e-09	2.37498909427813e-05
CPD-3141	21714	HMDB	HMDB0003217_155_shen	Genistein	inchikey_connectivity_formula_mass	2	FALSE	TRUE	9.49995637711254e-09	2.37498909427813e-05
CPD-3141	21715	HMDB	HMDB0003217_156_shen	Genistein	inchikey_connectivity_formula_mass	2	FALSE	TRUE	9.49995637711254e-09	2.37498909427813e-05
CPD-3141	21716	HMDB	HMDB0003217_157_shen	Genistein	inchikey_connectivity_formula_mass	2	FALSE	TRUE	9.49995637711254e-09	2.37498909427813e-05
CPD-3141	21717	HMDB	HMDB0003217_158_shen	Genistein	inchikey_connectivity_formula_mass	2	FALSE	TRUE	9.49995637711254e-09	2.37498909427813e-05
CPD-3141	21718	HMDB	HMDB0003217_159_shen	Genistein	inchikey_connectivity_formula_mass	2	FALSE	TRUE	9.49995637711254e-09	2.37498909427813e-05
CPD-3141	21719	HMDB	HMDB0003217_160_shen	Genistein	inchikey_connectivity_formula_mass	2	FALSE	TRUE	9.49995637711254e-09	2.37498909427813e-05
CPD-3141	21720	HMDB	HMDB0003217_161_shen	Genistein	inchikey_connectivity_formula_mass	2	FALSE	TRUE	9.49995637711254e-09	2.37498909427813e-05
CPD-3141	21721	HMDB	HMDB0003217_162_shen	Genistein	inchikey_connectivity_formula_mass	2	FALSE	TRUE	9.49995637711254e-09	2.37498909427813e-05
CPD-3141	21722	HMDB	HMDB0003217_163_shen	Genistein	inchikey_connectivity_formula_mass	2	FALSE	TRUE	9.49995637711254e-09	2.37498909427813e-05
CPD-3141	21723	HMDB	HMDB0003217_164_shen	Genistein	inchikey_connectivity_formula_mass	2	FALSE	TRUE	9.49995637711254e-09	2.37498909427813e-05
CPD-3141	21724	HMDB	HMDB0003217_165_shen	Genistein	inchikey_connectivity_formula_mass	2	FALSE	TRUE	9.49995637711254e-09	2.37498909427813e-05
CPD-3141	21725	HMDB	HMDB0003217_166_shen	Genistein	inchikey_connectivity_formula_mass	2	FALSE	TRUE	9.49995637711254e-09	2.37498909427813e-05
CPD-3141	21726	HMDB	HMDB0003217_167_shen	Genistein	inchikey_connectivity_formula_mass	2	FALSE	TRUE	9.49995637711254e-09	2.37498909427813e-05
CPD-3141	21727	HMDB	HMDB0003217_168_shen	Genistein	inchikey_connectivity_formula_mass	2	FALSE	TRUE	9.49995637711254e-09	2.37498909427813e-05
CPD-3141	21728	HMDB	HMDB0003217_169_shen	Genistein	inchikey_connectivity_formula_mass	2	FALSE	TRUE	9.49995637711254e-09	2.37498909427813e-05
CPD-3141	21729	HMDB	HMDB0003217_170_shen	Genistein	inchikey_connectivity_formula_mass	2	FALSE	TRUE	9.49995637711254e-09	2.37498909427813e-05
CPD-3141	21730	HMDB	HMDB0003217_171_shen	Genistein	inchikey_connectivity_formula_mass	2	FALSE	TRUE	9.49995637711254e-09	2.37498909427813e-05
CPD-3141	21731	HMDB	HMDB0003217_172_shen	Genistein	inchikey_connectivity_formula_mass	2	FALSE	TRUE	9.49995637711254e-09	2.37498909427813e-05
CPD-3141	21732	HMDB	HMDB0003217_173_shen	Genistein	inchikey_connectivity_formula_mass	2	FALSE	TRUE	9.49995637711254e-09	2.37498909427813e-05
CPD-3141	21733	HMDB	HMDB0003217_174_shen	Genistein	inchikey_connectivity_formula_mass	2	FALSE	TRUE	9.49995637711254e-09	2.37498909427813e-05
CPD-3141	21734	HMDB	HMDB0003217_175_shen	Genistein	inchikey_connectivity_formula_mass	2	FALSE	TRUE	9.49995637711254e-09	2.37498909427813e-05
CPD-3141	21735	HMDB	HMDB0003217_176_shen	Genistein	inchikey_connectivity_formula_mass	2	FALSE	TRUE	9.49995637711254e-09	2.37498909427813e-05
CPD-3141	21736	HMDB	HMDB0003217_177_shen	Genistein	inchikey_connectivity_formula_mass	2	FALSE	TRUE	9.49995637711254e-09	2.37498909427813e-05
CPD-3141	21737	HMDB	HMDB0003217_178_shen	Genistein	inchikey_connectivity_formula_mass	2	FALSE	TRUE	9.49995637711254e-09	2.37498909427813e-05
CPD-3141	21738	HMDB	HMDB0003217_179_shen	Genistein	inchikey_connectivity_formula_mass	2	FALSE	TRUE	9.49995637711254e-09	2.37498909427813e-05
CPD-3141	21739	HMDB	HMDB0003217_180_shen	Genistein	inchikey_connectivity_formula_mass	2	FALSE	TRUE	9.49995637711254e-09	2.37498909427813e-05
CPD-3141	21740	HMDB	HMDB0003217_181_shen	Genistein	inchikey_connectivity_formula_mass	2	FALSE	TRUE	9.49995637711254e-09	2.37498909427813e-05
CPD-3141	21741	HMDB	HMDB0003217_182_shen	Genistein	inchikey_connectivity_formula_mass	2	FALSE	TRUE	9.49995637711254e-09	2.37498909427813e-05
CPD-3141	21742	HMDB	HMDB0003217_183_shen	Genistein	inchikey_connectivity_formula_mass	2	FALSE	TRUE	9.49995637711254e-09	2.37498909427813e-05
CPD-3141	21743	HMDB	HMDB0003217_184_shen	Genistein	inchikey_connectivity_formula_mass	2	FALSE	TRUE	9.49995637711254e-09	2.37498909427813e-05
CPD-3141	21744	HMDB	HMDB0003217_185_shen	Genistein	inchikey_connectivity_formula_mass	2	FALSE	TRUE	9.49995637711254e-09	2.37498909427813e-05
CPD-3141	21745	HMDB	HMDB0003217_186_shen	Genistein	inchikey_connectivity_formula_mass	2	FALSE	TRUE	9.49995637711254e-09	2.37498909427813e-05
CPD-3141	21746	HMDB	HMDB0003217_187_shen	Genistein	inchikey_connectivity_formula_mass	2	FALSE	TRUE	9.49995637711254e-09	2.37498909427813e-05
CPD-3141	21747	HMDB	HMDB0003217_188_shen	Genistein	inchikey_connectivity_formula_mass	2	FALSE	TRUE	9.49995637711254e-09	2.37498909427813e-05
CPD-3141	21748	HMDB	HMDB0003217_189_shen	Genistein	inchikey_connectivity_formula_mass	2	FALSE	TRUE	9.49995637711254e-09	2.37498909427813e-05
CPD-3141	21749	HMDB	HMDB0003217_190_shen	Genistein	inchikey_connectivity_formula_mass	2	FALSE	TRUE	9.49995637711254e-09	2.37498909427813e-05
CPD-3141	21750	HMDB	HMDB0003217_191_shen	Genistein	inchikey_connectivity_formula_mass	2	FALSE	TRUE	9.49995637711254e-09	2.37498909427813e-05
CPD-3141	21751	HMDB	HMDB0003217_192_shen	Genistein	inchikey_connectivity_formula_mass	2	FALSE	TRUE	9.49995637711254e-09	2.37498909427813e-05
CPD-3141	21752	HMDB	HMDB0003217_193_shen	Genistein	inchikey_connectivity_formula_mass	2	FALSE	TRUE	9.49995637711254e-09	2.37498909427813e-05
CPD-3141	21753	HMDB	HMDB0003217_194_shen	Genistein	inchikey_connectivity_formula_mass	2	FALSE	TRUE	9.49995637711254e-09	2.37498909427813e-05
CPD-3141	21754	HMDB	HMDB0003217_195_shen	Genistein	inchikey_connectivity_formula_mass	2	FALSE	TRUE	9.49995637711254e-09	2.37498909427813e-05
CPD-3141	21755	HMDB	HMDB0003217_196_shen	Genistein	inchikey_connectivity_formula_mass	2	FALSE	TRUE	9.49995637711254e-09	2.37498909427813e-05
CPD-3141	21756	HMDB	HMDB0003217_197_shen	Genistein	inchikey_connectivity_formula_mass	2	FALSE	TRUE	9.49995637711254e-09	2.37498909427813e-05
CPD-3141	21757	HMDB	HMDB0003217_198_shen	Genistein	inchikey_connectivity_formula_mass	2	FALSE	TRUE	9.49995637711254e-09	2.37498909427813e-05
CPD-3141	21758	HMDB	HMDB0003217_199_shen	Genistein	inchikey_connectivity_formula_mass	2	FALSE	TRUE	9.49995637711254e-09	2.37498909427813e-05
CPD-3141	21759	HMDB	HMDB0003217_200_shen	Genistein	inchikey_connectivity_formula_mass	2	FALSE	TRUE	9.49995637711254e-09	2.37498909427813e-05
CPD-3141	21760	HMDB	HMDB0003217_201_shen	Genistein	inchikey_connectivity_formula_mass	2	FALSE	TRUE	9.49995637711254e-09	2.37498909427813e-05
CPD-3141	21761	HMDB	HMDB0003217_202_shen	Genistein	inchikey_connectivity_formula_mass	2	FALSE	TRUE	9.49995637711254e-09	2.37498909427813e-05
CPD-3141	21762	HMDB	HMDB0003217_203_shen	Genistein	inchikey_connectivity_formula_mass	2	FALSE	TRUE	9.49995637711254e-09	2.37498909427813e-05
CPD-3141	21763	HMDB	HMDB0003217_204_shen	Genistein	inchikey_connectivity_formula_mass	2	FALSE	TRUE	9.49995637711254e-09	2.37498909427813e-05
CPD-3141	21764	HMDB	HMDB0003217_205_shen	Genistein	inchikey_connectivity_formula_mass	2	FALSE	TRUE	9.49995637711254e-09	2.37498909427813e-05
CPD-3141	21765	HMDB	HMDB0003217_206_shen	Genistein	inchikey_connectivity_formula_mass	2	FALSE	TRUE	9.49995637711254e-09	2.37498909427813e-05
CPD-3141	21766	HMDB	HMDB0003217_207_shen	Genistein	inchikey_connectivity_formula_mass	2	FALSE	TRUE	9.49995637711254e-09	2.37498909427813e-05
CPD-3141	21767	HMDB	HMDB0003217_208_shen	Genistein	inchikey_connectivity_formula_mass	2	FALSE	TRUE	9.49995637711254e-09	2.37498909427813e-05
CPD-3141	21768	HMDB	HMDB0003217_209_shen	Genistein	inchikey_connectivity_formula_mass	2	FALSE	TRUE	9.49995637711254e-09	2.37498909427813e-05
CPD-3141	21769	HMDB	HMDB0003217_210_shen	Genistein	inchikey_connectivity_formula_mass	2	FALSE	TRUE	9.49995637711254e-09	2.37498909427813e-05
CPD-3141	21770	HMDB	HMDB0003217_211_shen	Genistein	inchikey_connectivity_formula_mass	2	FALSE	TRUE	9.49995637711254e-09	2.37498909427813e-05
CPD-3141	21771	HMDB	HMDB0003217_212_shen	Genistein	inchikey_connectivity_formula_mass	2	FALSE	TRUE	9.49995637711254e-09	2.37498909427813e-05
CPD-3141	21772	HMDB	HMDB0003217_213_shen	Genistein	inchikey_connectivity_formula_mass	2	FALSE	TRUE	9.49995637711254e-09	2.37498909427813e-05
CPD-3141	21773	HMDB	HMDB0003217_214_shen	Genistein	inchikey_connectivity_formula_mass	2	FALSE	TRUE	9.49995637711254e-09	2.37498909427813e-05
CPD-3141	21774	HMDB	HMDB0003217_215_shen	Genistein	inchikey_connectivity_formula_mass	2	FALSE	TRUE	9.49995637711254e-09	2.37498909427813e-05
CPD-3141	21775	HMDB	HMDB0003217_216_shen	Genistein	inchikey_connectivity_formula_mass	2	FALSE	TRUE	9.49995637711254e-09	2.37498909427813e-05
CPD-3141	21776	HMDB	HMDB0003217_217_shen	Genistein	inchikey_connectivity_formula_mass	2	FALSE	TRUE	9.49995637711254e-09	2.37498909427813e-05
CPD-3141	21777	HMDB	HMDB0003217_218_shen	Genistein	inchikey_connectivity_formula_mass	2	FALSE	TRUE	9.49995637711254e-09	2.37498909427813e-05
CPD-3141	21778	HMDB	HMDB0003217_219_shen	Genistein	inchikey_connectivity_formula_mass	2	FALSE	TRUE	9.49995637711254e-09	2.37498909427813e-05
CPD-3141	21779	HMDB	HMDB0003217_220_shen	Genistein	inchikey_connectivity_formula_mass	2	FALSE	TRUE	9.49995637711254e-09	2.37498909427813e-05
CPD-3141	21780	HMDB	HMDB0003217_221_shen	Genistein	inchikey_connectivity_formula_mass	2	FALSE	TRUE	9.49995637711254e-09	2.37498909427813e-05
CPD-3141	21781	HMDB	HMDB0003217_222_shen	Genistein	inchikey_connectivity_formula_mass	2	FALSE	TRUE	9.49995637711254e-09	2.37498909427813e-05
CPD-3141	21782	HMDB	HMDB0003217_223_shen	Genistein	inchikey_connectivity_formula_mass	2	FALSE	TRUE	9.49995637711254e-09	2.37498909427813e-05
CPD-3141	21783	HMDB	HMDB0003217_224_shen	Genistein	inchikey_connectivity_formula_mass	2	FALSE	TRUE	9.49995637711254e-09	2.37498909427813e-05
CPD-3141	21784	HMDB	HMDB0003217_225_shen	Genistein	inchikey_connectivity_formula_mass	2	FALSE	TRUE	9.49995637711254e-09	2.37498909427813e-05
CPD-3141	21785	HMDB	HMDB0003217_226_shen	Genistein	inchikey_connectivity_formula_mass	2	FALSE	TRUE	9.49995637711254e-09	2.37498909427813e-05
CPD-3141	21786	HMDB	HMDB0003217_227_shen	Genistein	inchikey_connectivity_formula_mass	2	FALSE	TRUE	9.49995637711254e-09	2.37498909427813e-05
CPD-3141	21787	HMDB	HMDB0003217_228_shen	Genistein	inchikey_connectivity_formula_mass	2	FALSE	TRUE	9.49995637711254e-09	2.37498909427813e-05
CPD-3141	21788	HMDB	HMDB0003217_229_shen	Genistein	inchikey_connectivity_formula_mass	2	FALSE	TRUE	9.49995637711254e-09	2.37498909427813e-05
CPD-3141	21789	HMDB	HMDB0003217_230_shen	Genistein	inchikey_connectivity_formula_mass	2	FALSE	TRUE	9.49995637711254e-09	2.37498909427813e-05
CPD-3141	21790	HMDB	HMDB0003217_231_shen	Genistein	inchikey_connectivity_formula_mass	2	FALSE	TRUE	9.49995637711254e-09	2.37498909427813e-05
CPD-3141	21791	HMDB	HMDB0003217_232_shen	Genistein	inchikey_connectivity_formula_mass	2	FALSE	TRUE	9.49995637711254e-09	2.37498909427813e-05
CPD-9245	21793	HMDB	HMDB0003229_1_shen	Palmitoleic acid	inchikey_connectivity_formula_mass	2	FALSE	TRUE	3.20000026476919e-09	8.00000066192297e-06
CPD-9245	21794	HMDB	HMDB0003229_2_shen	Palmitoleic acid	inchikey_connectivity_formula_mass	2	FALSE	TRUE	3.20000026476919e-09	8.00000066192297e-06
CPD-9245	21795	HMDB	HMDB0003229_3_shen	Palmitoleic acid	inchikey_connectivity_formula_mass	2	FALSE	TRUE	3.20000026476919e-09	8.00000066192297e-06
CPD-9245	21796	HMDB	HMDB0003229_4_shen	Palmitoleic acid	inchikey_connectivity_formula_mass	2	FALSE	TRUE	3.20000026476919e-09	8.00000066192297e-06
CPD-9245	21797	HMDB	HMDB0003229_5_shen	Palmitoleic acid	inchikey_connectivity_formula_mass	2	FALSE	TRUE	3.20000026476919e-09	8.00000066192297e-06
CPD-9245	21798	HMDB	HMDB0003229_6_shen	Palmitoleic acid	inchikey_connectivity_formula_mass	2	FALSE	TRUE	3.20000026476919e-09	8.00000066192297e-06
CPD-9245	21799	HMDB	HMDB0003229_7_shen	Palmitoleic acid	inchikey_connectivity_formula_mass	2	FALSE	TRUE	3.20000026476919e-09	8.00000066192297e-06
CPD-9245	21800	HMDB	HMDB0003229_8_shen	Palmitoleic acid	inchikey_connectivity_formula_mass	2	FALSE	TRUE	3.20000026476919e-09	8.00000066192297e-06
CPD-9245	21801	HMDB	HMDB0003229_9_shen	Palmitoleic acid	inchikey_connectivity_formula_mass	2	FALSE	TRUE	3.20000026476919e-09	8.00000066192297e-06
CPD-9245	21802	HMDB	HMDB0003229_10_shen	Palmitoleic acid	inchikey_connectivity_formula_mass	2	FALSE	TRUE	3.20000026476919e-09	8.00000066192297e-06
CPD-9245	21803	HMDB	HMDB0003229_11_shen	Palmitoleic acid	inchikey_connectivity_formula_mass	2	FALSE	TRUE	3.20000026476919e-09	8.00000066192297e-06
CPD-9245	21804	HMDB	HMDB0003229_12_shen	Palmitoleic acid	inchikey_connectivity_formula_mass	2	FALSE	TRUE	3.20000026476919e-09	8.00000066192297e-06
CPD-9245	21805	HMDB	HMDB0003229_13_shen	Palmitoleic acid	inchikey_connectivity_formula_mass	2	FALSE	TRUE	3.20000026476919e-09	8.00000066192297e-06
CPD-9245	21806	HMDB	HMDB0003229_14_shen	Palmitoleic acid	inchikey_connectivity_formula_mass	2	FALSE	TRUE	3.20000026476919e-09	8.00000066192297e-06
CPD-9245	21807	HMDB	HMDB0003229_15_shen	Palmitoleic acid	inchikey_connectivity_formula_mass	2	FALSE	TRUE	3.20000026476919e-09	8.00000066192297e-06
CPD-9245	21808	HMDB	HMDB0003229_16_shen	Palmitoleic acid	inchikey_connectivity_formula_mass	2	FALSE	TRUE	3.20000026476919e-09	8.00000066192297e-06
CPD-9245	21809	HMDB	HMDB0003229_17_shen	Palmitoleic acid	inchikey_connectivity_formula_mass	2	FALSE	TRUE	3.20000026476919e-09	8.00000066192297e-06
CPD-9245	21810	HMDB	HMDB0003229_18_shen	Palmitoleic acid	inchikey_connectivity_formula_mass	2	FALSE	TRUE	3.20000026476919e-09	8.00000066192297e-06
CPD-9245	21811	HMDB	HMDB0003229_19_shen	Palmitoleic acid	inchikey_connectivity_formula_mass	2	FALSE	TRUE	3.20000026476919e-09	8.00000066192297e-06
CPD-9245	21812	HMDB	HMDB0003229_20_shen	Palmitoleic acid	inchikey_connectivity_formula_mass	2	FALSE	TRUE	3.20000026476919e-09	8.00000066192297e-06
CPD-9245	21813	HMDB	HMDB0003229_21_shen	Palmitoleic acid	inchikey_connectivity_formula_mass	2	FALSE	TRUE	3.20000026476919e-09	8.00000066192297e-06
CPD-9245	21814	HMDB	HMDB0003229_22_shen	Palmitoleic acid	inchikey_connectivity_formula_mass	2	FALSE	TRUE	3.20000026476919e-09	8.00000066192297e-06
CPD-9245	21815	HMDB	HMDB0003229_23_shen	Palmitoleic acid	inchikey_connectivity_formula_mass	2	FALSE	TRUE	3.20000026476919e-09	8.00000066192297e-06
CPD-9245	21816	HMDB	HMDB0003229_24_shen	Palmitoleic acid	inchikey_connectivity_formula_mass	2	FALSE	TRUE	3.20000026476919e-09	8.00000066192297e-06
CPD-9245	21817	HMDB	HMDB0003229_25_shen	Palmitoleic acid	inchikey_connectivity_formula_mass	2	FALSE	TRUE	3.20000026476919e-09	8.00000066192297e-06
CPD-9245	21818	HMDB	HMDB0003229_26_shen	Palmitoleic acid	inchikey_connectivity_formula_mass	2	FALSE	TRUE	3.20000026476919e-09	8.00000066192297e-06
CPD-9245	21819	HMDB	HMDB0003229_27_shen	Palmitoleic acid	inchikey_connectivity_formula_mass	2	FALSE	TRUE	3.20000026476919e-09	8.00000066192297e-06
CPD-9245	21820	HMDB	HMDB0003229_28_shen	Palmitoleic acid	inchikey_connectivity_formula_mass	2	FALSE	TRUE	3.20000026476919e-09	8.00000066192297e-06
CPD-9245	21821	HMDB	HMDB0003229_29_shen	Palmitoleic acid	inchikey_connectivity_formula_mass	2	FALSE	TRUE	3.20000026476919e-09	8.00000066192297e-06
CPD-9245	21822	HMDB	HMDB0003229_30_shen	Palmitoleic acid	inchikey_connectivity_formula_mass	2	FALSE	TRUE	3.20000026476919e-09	8.00000066192297e-06
CPD-9245	21823	HMDB	HMDB0003229_31_shen	Palmitoleic acid	inchikey_connectivity_formula_mass	2	FALSE	TRUE	3.20000026476919e-09	8.00000066192297e-06
CPD-9245	21824	HMDB	HMDB0003229_32_shen	Palmitoleic acid	inchikey_connectivity_formula_mass	2	FALSE	TRUE	3.20000026476919e-09	8.00000066192297e-06
CPD-9245	21825	HMDB	HMDB0003229_33_shen	Palmitoleic acid	inchikey_connectivity_formula_mass	2	FALSE	TRUE	3.20000026476919e-09	8.00000066192297e-06
CPD-9245	21826	HMDB	HMDB0003229_34_shen	Palmitoleic acid	inchikey_connectivity_formula_mass	2	FALSE	TRUE	3.20000026476919e-09	8.00000066192297e-06
CPD-9245	21827	HMDB	HMDB0003229_35_shen	Palmitoleic acid	inchikey_connectivity_formula_mass	2	FALSE	TRUE	3.20000026476919e-09	8.00000066192297e-06
CPD-9245	21828	HMDB	HMDB0003229_36_shen	Palmitoleic acid	inchikey_connectivity_formula_mass	2	FALSE	TRUE	3.20000026476919e-09	8.00000066192297e-06
CPD-9245	21829	HMDB	HMDB0003229_37_shen	Palmitoleic acid	inchikey_connectivity_formula_mass	2	FALSE	TRUE	3.20000026476919e-09	8.00000066192297e-06
CPD-9245	21830	HMDB	HMDB0003229_38_shen	Palmitoleic acid	inchikey_connectivity_formula_mass	2	FALSE	TRUE	3.20000026476919e-09	8.00000066192297e-06
CPD-9245	21831	HMDB	HMDB0003229_39_shen	Palmitoleic acid	inchikey_connectivity_formula_mass	2	FALSE	TRUE	3.20000026476919e-09	8.00000066192297e-06
CPD-9245	21832	HMDB	HMDB0003229_40_shen	Palmitoleic acid	inchikey_connectivity_formula_mass	2	FALSE	TRUE	3.20000026476919e-09	8.00000066192297e-06
CPD-9245	21833	HMDB	HMDB0003229_41_shen	Palmitoleic acid	inchikey_connectivity_formula_mass	2	FALSE	TRUE	3.20000026476919e-09	8.00000066192297e-06
CPD-9245	21834	HMDB	HMDB0003229_42_shen	Palmitoleic acid	inchikey_connectivity_formula_mass	2	FALSE	TRUE	3.20000026476919e-09	8.00000066192297e-06
CPD-9245	21835	HMDB	HMDB0003229_43_shen	Palmitoleic acid	inchikey_connectivity_formula_mass	2	FALSE	TRUE	3.20000026476919e-09	8.00000066192297e-06
CPD-9245	21836	HMDB	HMDB0003229_44_shen	Palmitoleic acid	inchikey_connectivity_formula_mass	2	FALSE	TRUE	3.20000026476919e-09	8.00000066192297e-06
CPD-9245	21837	HMDB	HMDB0003229_45_shen	Palmitoleic acid	inchikey_connectivity_formula_mass	2	FALSE	TRUE	3.20000026476919e-09	8.00000066192297e-06
CPD-9245	21838	HMDB	HMDB0003229_46_shen	Palmitoleic acid	inchikey_connectivity_formula_mass	2	FALSE	TRUE	3.20000026476919e-09	8.00000066192297e-06
CPD-9245	21839	HMDB	HMDB0003229_47_shen	Palmitoleic acid	inchikey_connectivity_formula_mass	2	FALSE	TRUE	3.20000026476919e-09	8.00000066192297e-06
CPD-9245	21840	HMDB	HMDB0003229_48_shen	Palmitoleic acid	inchikey_connectivity_formula_mass	2	FALSE	TRUE	3.20000026476919e-09	8.00000066192297e-06
CPD-9245	21841	HMDB	HMDB0003229_49_shen	Palmitoleic acid	inchikey_connectivity_formula_mass	2	FALSE	TRUE	3.20000026476919e-09	8.00000066192297e-06
CPD-9245	21842	HMDB	HMDB0003229_50_shen	Palmitoleic acid	inchikey_connectivity_formula_mass	2	FALSE	TRUE	3.20000026476919e-09	8.00000066192297e-06
CPD-9245	21843	HMDB	HMDB0003229_51_shen	Palmitoleic acid	inchikey_connectivity_formula_mass	2	FALSE	TRUE	3.20000026476919e-09	8.00000066192297e-06
CPD-9245	21844	HMDB	HMDB0003229_52_shen	Palmitoleic acid	inchikey_connectivity_formula_mass	2	FALSE	TRUE	3.20000026476919e-09	8.00000066192297e-06
CPD-9245	21845	HMDB	HMDB0003229_53_shen	Palmitoleic acid	inchikey_connectivity_formula_mass	2	FALSE	TRUE	3.20000026476919e-09	8.00000066192297e-06
CPD-9245	21846	HMDB	HMDB0003229_54_shen	Palmitoleic acid	inchikey_connectivity_formula_mass	2	FALSE	TRUE	3.20000026476919e-09	8.00000066192297e-06
CPD-9245	21847	HMDB	HMDB0003229_55_shen	Palmitoleic acid	inchikey_connectivity_formula_mass	2	FALSE	TRUE	3.20000026476919e-09	8.00000066192297e-06
CPD-9245	21848	HMDB	HMDB0003229_56_shen	Palmitoleic acid	inchikey_connectivity_formula_mass	2	FALSE	TRUE	3.20000026476919e-09	8.00000066192297e-06
CPD-9245	21849	HMDB	HMDB0003229_57_shen	Palmitoleic acid	inchikey_connectivity_formula_mass	2	FALSE	TRUE	3.20000026476919e-09	8.00000066192297e-06
CPD-9245	21850	HMDB	HMDB0003229_58_shen	Palmitoleic acid	inchikey_connectivity_formula_mass	2	FALSE	TRUE	3.20000026476919e-09	8.00000066192297e-06
CPD-9245	21851	HMDB	HMDB0003229_59_shen	Palmitoleic acid	inchikey_connectivity_formula_mass	2	FALSE	TRUE	3.20000026476919e-09	8.00000066192297e-06
CPD-9245	21852	HMDB	HMDB0003229_60_shen	Palmitoleic acid	inchikey_connectivity_formula_mass	2	FALSE	TRUE	3.20000026476919e-09	8.00000066192297e-06
CPD-9245	21853	HMDB	HMDB0003229_61_shen	Palmitoleic acid	inchikey_connectivity_formula_mass	2	FALSE	TRUE	3.20000026476919e-09	8.00000066192297e-06
CPD-9245	21854	HMDB	HMDB0003229_62_shen	Palmitoleic acid	inchikey_connectivity_formula_mass	2	FALSE	TRUE	3.20000026476919e-09	8.00000066192297e-06
CPD-9245	21855	HMDB	HMDB0003229_63_shen	Palmitoleic acid	inchikey_connectivity_formula_mass	2	FALSE	TRUE	3.20000026476919e-09	8.00000066192297e-06
CPD-9245	21856	HMDB	HMDB0003229_64_shen	Palmitoleic acid	inchikey_connectivity_formula_mass	2	FALSE	TRUE	3.20000026476919e-09	8.00000066192297e-06
CPD-9245	21857	HMDB	HMDB0003229_65_shen	Palmitoleic acid	inchikey_connectivity_formula_mass	2	FALSE	TRUE	3.20000026476919e-09	8.00000066192297e-06
CPD-9245	21858	HMDB	HMDB0003229_66_shen	Palmitoleic acid	inchikey_connectivity_formula_mass	2	FALSE	TRUE	3.20000026476919e-09	8.00000066192297e-06
CPD-9245	21859	HMDB	HMDB0003229_67_shen	Palmitoleic acid	inchikey_connectivity_formula_mass	2	FALSE	TRUE	3.20000026476919e-09	8.00000066192297e-06
CPD-9245	21860	HMDB	HMDB0003229_68_shen	Palmitoleic acid	inchikey_connectivity_formula_mass	2	FALSE	TRUE	3.20000026476919e-09	8.00000066192297e-06
CPD-9245	21861	HMDB	HMDB0003229_69_shen	Palmitoleic acid	inchikey_connectivity_formula_mass	2	FALSE	TRUE	3.20000026476919e-09	8.00000066192297e-06
CPD1F-119	21868	HMDB	HMDB0003233_1_shen	Lutein	inchikey	1	TRUE	TRUE	1.20007825898938e-09	2.11122286983263e-06
CPD1F-119	21869	HMDB	HMDB0003233_2_shen	Lutein	inchikey	1	TRUE	TRUE	1.20007825898938e-09	2.11122286983263e-06
CPD1F-119	21870	HMDB	HMDB0003233_3_shen	Lutein	inchikey	1	TRUE	TRUE	1.20007825898938e-09	2.11122286983263e-06
CPD1F-119	21871	HMDB	HMDB0003233_4_shen	Lutein	inchikey	1	TRUE	TRUE	1.20007825898938e-09	2.11122286983263e-06
ACETOIN	21872	HMDB	HMDB0003243_1_shen	Acetoin	inchikey	1	TRUE	TRUE	9.99989424599335e-10	2.49997356149834e-06
ACETOIN	21873	HMDB	HMDB0003243_2_shen	Acetoin	inchikey	1	TRUE	TRUE	9.99989424599335e-10	2.49997356149834e-06
ACETOIN	21874	HMDB	HMDB0003243_3_shen	Acetoin	inchikey	1	TRUE	TRUE	9.99989424599335e-10	2.49997356149834e-06
ACETOIN	21875	HMDB	HMDB0003243_4_shen	Acetoin	inchikey	1	TRUE	TRUE	9.99989424599335e-10	2.49997356149834e-06
ACETOIN	21876	HMDB	HMDB0003243_5_shen	Acetoin	inchikey	1	TRUE	TRUE	9.99989424599335e-10	2.49997356149834e-06
ACETOIN	21877	HMDB	HMDB0003243_6_shen	Acetoin	inchikey	1	TRUE	TRUE	9.99989424599335e-10	2.49997356149834e-06
RUTIN	21878	HMDB	HMDB0003249_1_shen	Rutin	inchikey_connectivity_formula_mass	2	FALSE	TRUE	4.59999682789203e-09	7.53908269888692e-06
RUTIN	21879	HMDB	HMDB0003249_2_shen	Rutin	inchikey_connectivity_formula_mass	2	FALSE	TRUE	4.59999682789203e-09	7.53908269888692e-06
RUTIN	21880	HMDB	HMDB0003249_3_shen	Rutin	inchikey_connectivity_formula_mass	2	FALSE	TRUE	4.59999682789203e-09	7.53908269888692e-06
RUTIN	21881	HMDB	HMDB0003249_4_shen	Rutin	inchikey_connectivity_formula_mass	2	FALSE	TRUE	4.59999682789203e-09	7.53908269888692e-06
RUTIN	21882	HMDB	HMDB0003249_5_shen	Rutin	inchikey_connectivity_formula_mass	2	FALSE	TRUE	4.59999682789203e-09	7.53908269888692e-06
RUTIN	21883	HMDB	HMDB0003249_6_shen	Rutin	inchikey_connectivity_formula_mass	2	FALSE	TRUE	4.59999682789203e-09	7.53908269888692e-06
RUTIN	21884	HMDB	HMDB0003249_7_shen	Rutin	inchikey_connectivity_formula_mass	2	FALSE	TRUE	4.59999682789203e-09	7.53908269888692e-06
RUTIN	21885	HMDB	HMDB0003249_8_shen	Rutin	inchikey_connectivity_formula_mass	2	FALSE	TRUE	4.59999682789203e-09	7.53908269888692e-06
RUTIN	21886	HMDB	HMDB0003249_9_shen	Rutin	inchikey_connectivity_formula_mass	2	FALSE	TRUE	4.59999682789203e-09	7.53908269888692e-06
RUTIN	21887	HMDB	HMDB0003249_10_shen	Rutin	inchikey_connectivity_formula_mass	2	FALSE	TRUE	4.59999682789203e-09	7.53908269888692e-06
RUTIN	21888	HMDB	HMDB0003249_11_shen	Rutin	inchikey_connectivity_formula_mass	2	FALSE	TRUE	4.59999682789203e-09	7.53908269888692e-06
RUTIN	21889	HMDB	HMDB0003249_12_shen	Rutin	inchikey_connectivity_formula_mass	2	FALSE	TRUE	4.59999682789203e-09	7.53908269888692e-06
RUTIN	21890	HMDB	HMDB0003249_13_shen	Rutin	inchikey_connectivity_formula_mass	2	FALSE	TRUE	4.59999682789203e-09	7.53908269888692e-06
RUTIN	21891	HMDB	HMDB0003249_14_shen	Rutin	inchikey_connectivity_formula_mass	2	FALSE	TRUE	4.59999682789203e-09	7.53908269888692e-06
RUTIN	21892	HMDB	HMDB0003249_15_shen	Rutin	inchikey_connectivity_formula_mass	2	FALSE	TRUE	4.59999682789203e-09	7.53908269888692e-06
RUTIN	21893	HMDB	HMDB0003249_16_shen	Rutin	inchikey_connectivity_formula_mass	2	FALSE	TRUE	4.59999682789203e-09	7.53908269888692e-06
RUTIN	21894	HMDB	HMDB0003249_17_shen	Rutin	inchikey_connectivity_formula_mass	2	FALSE	TRUE	4.59999682789203e-09	7.53908269888692e-06
RUTIN	21895	HMDB	HMDB0003249_18_shen	Rutin	inchikey_connectivity_formula_mass	2	FALSE	TRUE	4.59999682789203e-09	7.53908269888692e-06
RUTIN	21896	HMDB	HMDB0003249_19_shen	Rutin	inchikey_connectivity_formula_mass	2	FALSE	TRUE	4.59999682789203e-09	7.53908269888692e-06
RUTIN	21897	HMDB	HMDB0003249_20_shen	Rutin	inchikey_connectivity_formula_mass	2	FALSE	TRUE	4.59999682789203e-09	7.53908269888692e-06
RUTIN	21898	HMDB	HMDB0003249_21_shen	Rutin	inchikey_connectivity_formula_mass	2	FALSE	TRUE	4.59999682789203e-09	7.53908269888692e-06
RUTIN	21899	HMDB	HMDB0003249_22_shen	Rutin	inchikey_connectivity_formula_mass	2	FALSE	TRUE	4.59999682789203e-09	7.53908269888692e-06
RUTIN	21900	HMDB	HMDB0003249_23_shen	Rutin	inchikey_connectivity_formula_mass	2	FALSE	TRUE	4.59999682789203e-09	7.53908269888692e-06
RUTIN	21901	HMDB	HMDB0003249_24_shen	Rutin	inchikey_connectivity_formula_mass	2	FALSE	TRUE	4.59999682789203e-09	7.53908269888692e-06
RUTIN	21902	HMDB	HMDB0003249_25_shen	Rutin	inchikey_connectivity_formula_mass	2	FALSE	TRUE	4.59999682789203e-09	7.53908269888692e-06
RUTIN	21903	HMDB	HMDB0003249_26_shen	Rutin	inchikey_connectivity_formula_mass	2	FALSE	TRUE	4.59999682789203e-09	7.53908269888692e-06
RUTIN	21904	HMDB	HMDB0003249_27_shen	Rutin	inchikey_connectivity_formula_mass	2	FALSE	TRUE	4.59999682789203e-09	7.53908269888692e-06
RUTIN	21905	HMDB	HMDB0003249_28_shen	Rutin	inchikey_connectivity_formula_mass	2	FALSE	TRUE	4.59999682789203e-09	7.53908269888692e-06
RUTIN	21906	HMDB	HMDB0003249_29_shen	Rutin	inchikey_connectivity_formula_mass	2	FALSE	TRUE	4.59999682789203e-09	7.53908269888692e-06
RUTIN	21907	HMDB	HMDB0003249_30_shen	Rutin	inchikey_connectivity_formula_mass	2	FALSE	TRUE	4.59999682789203e-09	7.53908269888692e-06
RUTIN	21908	HMDB	HMDB0003249_31_shen	Rutin	inchikey_connectivity_formula_mass	2	FALSE	TRUE	4.59999682789203e-09	7.53908269888692e-06
RUTIN	21909	HMDB	HMDB0003249_32_shen	Rutin	inchikey_connectivity_formula_mass	2	FALSE	TRUE	4.59999682789203e-09	7.53908269888692e-06
RUTIN	21910	HMDB	HMDB0003249_33_shen	Rutin	inchikey_connectivity_formula_mass	2	FALSE	TRUE	4.59999682789203e-09	7.53908269888692e-06
RUTIN	21911	HMDB	HMDB0003249_34_shen	Rutin	inchikey_connectivity_formula_mass	2	FALSE	TRUE	4.59999682789203e-09	7.53908269888692e-06
RUTIN	21912	HMDB	HMDB0003249_35_shen	Rutin	inchikey_connectivity_formula_mass	2	FALSE	TRUE	4.59999682789203e-09	7.53908269888692e-06
RUTIN	21913	HMDB	HMDB0003249_36_shen	Rutin	inchikey_connectivity_formula_mass	2	FALSE	TRUE	4.59999682789203e-09	7.53908269888692e-06
RUTIN	21914	HMDB	HMDB0003249_37_shen	Rutin	inchikey_connectivity_formula_mass	2	FALSE	TRUE	4.59999682789203e-09	7.53908269888692e-06
RUTIN	21915	HMDB	HMDB0003249_38_shen	Rutin	inchikey_connectivity_formula_mass	2	FALSE	TRUE	4.59999682789203e-09	7.53908269888692e-06
RUTIN	21916	HMDB	HMDB0003249_39_shen	Rutin	inchikey_connectivity_formula_mass	2	FALSE	TRUE	4.59999682789203e-09	7.53908269888692e-06
RUTIN	21917	HMDB	HMDB0003249_40_shen	Rutin	inchikey_connectivity_formula_mass	2	FALSE	TRUE	4.59999682789203e-09	7.53908269888692e-06
RUTIN	21918	HMDB	HMDB0003249_41_shen	Rutin	inchikey_connectivity_formula_mass	2	FALSE	TRUE	4.59999682789203e-09	7.53908269888692e-06
RUTIN	21919	HMDB	HMDB0003249_42_shen	Rutin	inchikey_connectivity_formula_mass	2	FALSE	TRUE	4.59999682789203e-09	7.53908269888692e-06
RUTIN	21920	HMDB	HMDB0003249_43_shen	Rutin	inchikey_connectivity_formula_mass	2	FALSE	TRUE	4.59999682789203e-09	7.53908269888692e-06
RUTIN	21921	HMDB	HMDB0003249_44_shen	Rutin	inchikey_connectivity_formula_mass	2	FALSE	TRUE	4.59999682789203e-09	7.53908269888692e-06
RUTIN	21922	HMDB	HMDB0003249_45_shen	Rutin	inchikey_connectivity_formula_mass	2	FALSE	TRUE	4.59999682789203e-09	7.53908269888692e-06
RUTIN	21923	HMDB	HMDB0003249_46_shen	Rutin	inchikey_connectivity_formula_mass	2	FALSE	TRUE	4.59999682789203e-09	7.53908269888692e-06
RUTIN	21924	HMDB	HMDB0003249_47_shen	Rutin	inchikey_connectivity_formula_mass	2	FALSE	TRUE	4.59999682789203e-09	7.53908269888692e-06
RUTIN	21925	HMDB	HMDB0003249_48_shen	Rutin	inchikey_connectivity_formula_mass	2	FALSE	TRUE	4.59999682789203e-09	7.53908269888692e-06
RUTIN	21926	HMDB	HMDB0003249_49_shen	Rutin	inchikey_connectivity_formula_mass	2	FALSE	TRUE	4.59999682789203e-09	7.53908269888692e-06
RUTIN	21927	HMDB	HMDB0003249_50_shen	Rutin	inchikey_connectivity_formula_mass	2	FALSE	TRUE	4.59999682789203e-09	7.53908269888692e-06
RUTIN	21928	HMDB	HMDB0003249_51_shen	Rutin	inchikey_connectivity_formula_mass	2	FALSE	TRUE	4.59999682789203e-09	7.53908269888692e-06
RUTIN	21929	HMDB	HMDB0003249_52_shen	Rutin	inchikey_connectivity_formula_mass	2	FALSE	TRUE	4.59999682789203e-09	7.53908269888692e-06
RUTIN	21930	HMDB	HMDB0003249_53_shen	Rutin	inchikey_connectivity_formula_mass	2	FALSE	TRUE	4.59999682789203e-09	7.53908269888692e-06
RUTIN	21931	HMDB	HMDB0003249_54_shen	Rutin	inchikey_connectivity_formula_mass	2	FALSE	TRUE	4.59999682789203e-09	7.53908269888692e-06
RUTIN	21932	HMDB	HMDB0003249_55_shen	Rutin	inchikey_connectivity_formula_mass	2	FALSE	TRUE	4.59999682789203e-09	7.53908269888692e-06
RUTIN	21933	HMDB	HMDB0003249_56_shen	Rutin	inchikey_connectivity_formula_mass	2	FALSE	TRUE	4.59999682789203e-09	7.53908269888692e-06
RUTIN	21934	HMDB	HMDB0003249_57_shen	Rutin	inchikey_connectivity_formula_mass	2	FALSE	TRUE	4.59999682789203e-09	7.53908269888692e-06
RUTIN	21935	HMDB	HMDB0003249_58_shen	Rutin	inchikey_connectivity_formula_mass	2	FALSE	TRUE	4.59999682789203e-09	7.53908269888692e-06
RUTIN	21936	HMDB	HMDB0003249_59_shen	Rutin	inchikey_connectivity_formula_mass	2	FALSE	TRUE	4.59999682789203e-09	7.53908269888692e-06
RUTIN	21937	HMDB	HMDB0003249_60_shen	Rutin	inchikey_connectivity_formula_mass	2	FALSE	TRUE	4.59999682789203e-09	7.53908269888692e-06
RUTIN	21938	HMDB	HMDB0003249_61_shen	Rutin	inchikey_connectivity_formula_mass	2	FALSE	TRUE	4.59999682789203e-09	7.53908269888692e-06
RUTIN	21939	HMDB	HMDB0003249_62_shen	Rutin	inchikey_connectivity_formula_mass	2	FALSE	TRUE	4.59999682789203e-09	7.53908269888692e-06
RUTIN	21940	HMDB	HMDB0003249_63_shen	Rutin	inchikey_connectivity_formula_mass	2	FALSE	TRUE	4.59999682789203e-09	7.53908269888692e-06
RUTIN	21941	HMDB	HMDB0003249_64_shen	Rutin	inchikey_connectivity_formula_mass	2	FALSE	TRUE	4.59999682789203e-09	7.53908269888692e-06
RUTIN	21942	HMDB	HMDB0003249_65_shen	Rutin	inchikey_connectivity_formula_mass	2	FALSE	TRUE	4.59999682789203e-09	7.53908269888692e-06
RUTIN	21943	HMDB	HMDB0003249_66_shen	Rutin	inchikey_connectivity_formula_mass	2	FALSE	TRUE	4.59999682789203e-09	7.53908269888692e-06
RUTIN	21944	HMDB	HMDB0003249_67_shen	Rutin	inchikey_connectivity_formula_mass	2	FALSE	TRUE	4.59999682789203e-09	7.53908269888692e-06
RUTIN	21945	HMDB	HMDB0003249_68_shen	Rutin	inchikey_connectivity_formula_mass	2	FALSE	TRUE	4.59999682789203e-09	7.53908269888692e-06
RUTIN	21946	HMDB	HMDB0003249_69_shen	Rutin	inchikey_connectivity_formula_mass	2	FALSE	TRUE	4.59999682789203e-09	7.53908269888692e-06
RUTIN	21947	HMDB	HMDB0003249_70_shen	Rutin	inchikey_connectivity_formula_mass	2	FALSE	TRUE	4.59999682789203e-09	7.53908269888692e-06
RUTIN	21948	HMDB	HMDB0003249_71_shen	Rutin	inchikey_connectivity_formula_mass	2	FALSE	TRUE	4.59999682789203e-09	7.53908269888692e-06
RUTIN	21949	HMDB	HMDB0003249_72_shen	Rutin	inchikey_connectivity_formula_mass	2	FALSE	TRUE	4.59999682789203e-09	7.53908269888692e-06
RUTIN	21950	HMDB	HMDB0003249_73_shen	Rutin	inchikey_connectivity_formula_mass	2	FALSE	TRUE	4.59999682789203e-09	7.53908269888692e-06
RUTIN	21951	HMDB	HMDB0003249_74_shen	Rutin	inchikey_connectivity_formula_mass	2	FALSE	TRUE	4.59999682789203e-09	7.53908269888692e-06
RUTIN	21952	HMDB	HMDB0003249_75_shen	Rutin	inchikey_connectivity_formula_mass	2	FALSE	TRUE	4.59999682789203e-09	7.53908269888692e-06
RUTIN	21953	HMDB	HMDB0003249_76_shen	Rutin	inchikey_connectivity_formula_mass	2	FALSE	TRUE	4.59999682789203e-09	7.53908269888692e-06
RUTIN	21954	HMDB	HMDB0003249_77_shen	Rutin	inchikey_connectivity_formula_mass	2	FALSE	TRUE	4.59999682789203e-09	7.53908269888692e-06
RUTIN	21955	HMDB	HMDB0003249_78_shen	Rutin	inchikey_connectivity_formula_mass	2	FALSE	TRUE	4.59999682789203e-09	7.53908269888692e-06
RUTIN	21956	HMDB	HMDB0003249_79_shen	Rutin	inchikey_connectivity_formula_mass	2	FALSE	TRUE	4.59999682789203e-09	7.53908269888692e-06
RUTIN	21957	HMDB	HMDB0003249_80_shen	Rutin	inchikey_connectivity_formula_mass	2	FALSE	TRUE	4.59999682789203e-09	7.53908269888692e-06
RUTIN	21958	HMDB	HMDB0003249_81_shen	Rutin	inchikey_connectivity_formula_mass	2	FALSE	TRUE	4.59999682789203e-09	7.53908269888692e-06
RUTIN	21959	HMDB	HMDB0003249_82_shen	Rutin	inchikey_connectivity_formula_mass	2	FALSE	TRUE	4.59999682789203e-09	7.53908269888692e-06
RUTIN	21960	HMDB	HMDB0003249_83_shen	Rutin	inchikey_connectivity_formula_mass	2	FALSE	TRUE	4.59999682789203e-09	7.53908269888692e-06
RUTIN	21961	HMDB	HMDB0003249_84_shen	Rutin	inchikey_connectivity_formula_mass	2	FALSE	TRUE	4.59999682789203e-09	7.53908269888692e-06
RUTIN	21962	HMDB	HMDB0003249_85_shen	Rutin	inchikey_connectivity_formula_mass	2	FALSE	TRUE	4.59999682789203e-09	7.53908269888692e-06
RUTIN	21963	HMDB	HMDB0003249_86_shen	Rutin	inchikey_connectivity_formula_mass	2	FALSE	TRUE	4.59999682789203e-09	7.53908269888692e-06
RUTIN	21964	HMDB	HMDB0003249_87_shen	Rutin	inchikey_connectivity_formula_mass	2	FALSE	TRUE	4.59999682789203e-09	7.53908269888692e-06
RUTIN	21965	HMDB	HMDB0003249_88_shen	Rutin	inchikey_connectivity_formula_mass	2	FALSE	TRUE	4.59999682789203e-09	7.53908269888692e-06
RUTIN	21966	HMDB	HMDB0003249_89_shen	Rutin	inchikey_connectivity_formula_mass	2	FALSE	TRUE	4.59999682789203e-09	7.53908269888692e-06
RUTIN	21967	HMDB	HMDB0003249_90_shen	Rutin	inchikey_connectivity_formula_mass	2	FALSE	TRUE	4.59999682789203e-09	7.53908269888692e-06
RUTIN	21968	HMDB	HMDB0003249_91_shen	Rutin	inchikey_connectivity_formula_mass	2	FALSE	TRUE	4.59999682789203e-09	7.53908269888692e-06
RUTIN	21969	HMDB	HMDB0003249_92_shen	Rutin	inchikey_connectivity_formula_mass	2	FALSE	TRUE	4.59999682789203e-09	7.53908269888692e-06
RUTIN	21970	HMDB	HMDB0003249_93_shen	Rutin	inchikey_connectivity_formula_mass	2	FALSE	TRUE	4.59999682789203e-09	7.53908269888692e-06
RUTIN	21971	HMDB	HMDB0003249_94_shen	Rutin	inchikey_connectivity_formula_mass	2	FALSE	TRUE	4.59999682789203e-09	7.53908269888692e-06
RUTIN	21972	HMDB	HMDB0003249_95_shen	Rutin	inchikey_connectivity_formula_mass	2	FALSE	TRUE	4.59999682789203e-09	7.53908269888692e-06
RUTIN	21973	HMDB	HMDB0003249_96_shen	Rutin	inchikey_connectivity_formula_mass	2	FALSE	TRUE	4.59999682789203e-09	7.53908269888692e-06
RUTIN	21974	HMDB	HMDB0003249_97_shen	Rutin	inchikey_connectivity_formula_mass	2	FALSE	TRUE	4.59999682789203e-09	7.53908269888692e-06
RUTIN	21975	HMDB	HMDB0003249_98_shen	Rutin	inchikey_connectivity_formula_mass	2	FALSE	TRUE	4.59999682789203e-09	7.53908269888692e-06
RUTIN	21976	HMDB	HMDB0003249_99_shen	Rutin	inchikey_connectivity_formula_mass	2	FALSE	TRUE	4.59999682789203e-09	7.53908269888692e-06
RUTIN	21977	HMDB	HMDB0003249_100_shen	Rutin	inchikey_connectivity_formula_mass	2	FALSE	TRUE	4.59999682789203e-09	7.53908269888692e-06
RUTIN	21978	HMDB	HMDB0003249_101_shen	Rutin	inchikey_connectivity_formula_mass	2	FALSE	TRUE	4.59999682789203e-09	7.53908269888692e-06
RUTIN	21979	HMDB	HMDB0003249_102_shen	Rutin	inchikey_connectivity_formula_mass	2	FALSE	TRUE	4.59999682789203e-09	7.53908269888692e-06
RUTIN	21980	HMDB	HMDB0003249_103_shen	Rutin	inchikey_connectivity_formula_mass	2	FALSE	TRUE	4.59999682789203e-09	7.53908269888692e-06
RUTIN	21981	HMDB	HMDB0003249_104_shen	Rutin	inchikey_connectivity_formula_mass	2	FALSE	TRUE	4.59999682789203e-09	7.53908269888692e-06
RUTIN	21982	HMDB	HMDB0003249_105_shen	Rutin	inchikey_connectivity_formula_mass	2	FALSE	TRUE	4.59999682789203e-09	7.53908269888692e-06
RUTIN	21983	HMDB	HMDB0003249_106_shen	Rutin	inchikey_connectivity_formula_mass	2	FALSE	TRUE	4.59999682789203e-09	7.53908269888692e-06
RUTIN	21984	HMDB	HMDB0003249_107_shen	Rutin	inchikey_connectivity_formula_mass	2	FALSE	TRUE	4.59999682789203e-09	7.53908269888692e-06
RUTIN	21985	HMDB	HMDB0003249_108_shen	Rutin	inchikey_connectivity_formula_mass	2	FALSE	TRUE	4.59999682789203e-09	7.53908269888692e-06
RUTIN	21986	HMDB	HMDB0003249_109_shen	Rutin	inchikey_connectivity_formula_mass	2	FALSE	TRUE	4.59999682789203e-09	7.53908269888692e-06
RUTIN	21987	HMDB	HMDB0003249_110_shen	Rutin	inchikey_connectivity_formula_mass	2	FALSE	TRUE	4.59999682789203e-09	7.53908269888692e-06
RUTIN	21988	HMDB	HMDB0003249_111_shen	Rutin	inchikey_connectivity_formula_mass	2	FALSE	TRUE	4.59999682789203e-09	7.53908269888692e-06
RUTIN	21989	HMDB	HMDB0003249_112_shen	Rutin	inchikey_connectivity_formula_mass	2	FALSE	TRUE	4.59999682789203e-09	7.53908269888692e-06
RUTIN	21990	HMDB	HMDB0003249_113_shen	Rutin	inchikey_connectivity_formula_mass	2	FALSE	TRUE	4.59999682789203e-09	7.53908269888692e-06
RUTIN	21991	HMDB	HMDB0003249_114_shen	Rutin	inchikey_connectivity_formula_mass	2	FALSE	TRUE	4.59999682789203e-09	7.53908269888692e-06
RUTIN	21992	HMDB	HMDB0003249_115_shen	Rutin	inchikey_connectivity_formula_mass	2	FALSE	TRUE	4.59999682789203e-09	7.53908269888692e-06
RUTIN	21993	HMDB	HMDB0003249_116_shen	Rutin	inchikey_connectivity_formula_mass	2	FALSE	TRUE	4.59999682789203e-09	7.53908269888692e-06
RUTIN	21994	HMDB	HMDB0003249_117_shen	Rutin	inchikey_connectivity_formula_mass	2	FALSE	TRUE	4.59999682789203e-09	7.53908269888692e-06
RUTIN	21995	HMDB	HMDB0003249_118_shen	Rutin	inchikey_connectivity_formula_mass	2	FALSE	TRUE	4.59999682789203e-09	7.53908269888692e-06
RUTIN	21996	HMDB	HMDB0003249_119_shen	Rutin	inchikey_connectivity_formula_mass	2	FALSE	TRUE	4.59999682789203e-09	7.53908269888692e-06
RUTIN	21997	HMDB	HMDB0003249_120_shen	Rutin	inchikey_connectivity_formula_mass	2	FALSE	TRUE	4.59999682789203e-09	7.53908269888692e-06
RUTIN	21998	HMDB	HMDB0003249_121_shen	Rutin	inchikey_connectivity_formula_mass	2	FALSE	TRUE	4.59999682789203e-09	7.53908269888692e-06
RUTIN	21999	HMDB	HMDB0003249_122_shen	Rutin	inchikey_connectivity_formula_mass	2	FALSE	TRUE	4.59999682789203e-09	7.53908269888692e-06
RUTIN	22000	HMDB	HMDB0003249_123_shen	Rutin	inchikey_connectivity_formula_mass	2	FALSE	TRUE	4.59999682789203e-09	7.53908269888692e-06
RUTIN	22001	HMDB	HMDB0003249_124_shen	Rutin	inchikey_connectivity_formula_mass	2	FALSE	TRUE	4.59999682789203e-09	7.53908269888692e-06
RUTIN	22002	HMDB	HMDB0003249_125_shen	Rutin	inchikey_connectivity_formula_mass	2	FALSE	TRUE	4.59999682789203e-09	7.53908269888692e-06
RUTIN	22003	HMDB	HMDB0003249_126_shen	Rutin	inchikey_connectivity_formula_mass	2	FALSE	TRUE	4.59999682789203e-09	7.53908269888692e-06
RUTIN	22004	HMDB	HMDB0003249_127_shen	Rutin	inchikey_connectivity_formula_mass	2	FALSE	TRUE	4.59999682789203e-09	7.53908269888692e-06
RUTIN	22005	HMDB	HMDB0003249_128_shen	Rutin	inchikey_connectivity_formula_mass	2	FALSE	TRUE	4.59999682789203e-09	7.53908269888692e-06
RUTIN	22006	HMDB	HMDB0003249_129_shen	Rutin	inchikey_connectivity_formula_mass	2	FALSE	TRUE	4.59999682789203e-09	7.53908269888692e-06
PELARGONIDIN-CMPD	22016	HMDB	HMDB0003263_1_shen	Pelargonidin	inchikey_connectivity_formula_mass	2	FALSE	TRUE	1.59997171067516e-09	3.99992927668791e-06
PELARGONIDIN-CMPD	22017	HMDB	HMDB0003263_2_shen	Pelargonidin	inchikey_connectivity_formula_mass	2	FALSE	TRUE	1.59997171067516e-09	3.99992927668791e-06
PELARGONIDIN-CMPD	22018	HMDB	HMDB0003263_3_shen	Pelargonidin	inchikey_connectivity_formula_mass	2	FALSE	TRUE	1.59997171067516e-09	3.99992927668791e-06
PELARGONIDIN-CMPD	22019	HMDB	HMDB0003263_4_shen	Pelargonidin	inchikey_connectivity_formula_mass	2	FALSE	TRUE	1.59997171067516e-09	3.99992927668791e-06
PELARGONIDIN-CMPD	22020	HMDB	HMDB0003263_5_shen	Pelargonidin	inchikey_connectivity_formula_mass	2	FALSE	TRUE	1.59997171067516e-09	3.99992927668791e-06
PELARGONIDIN-CMPD	22021	HMDB	HMDB0003263_6_shen	Pelargonidin	inchikey_connectivity_formula_mass	2	FALSE	TRUE	1.59997171067516e-09	3.99992927668791e-06
PELARGONIDIN-CMPD	22022	HMDB	HMDB0003263_7_shen	Pelargonidin	inchikey_connectivity_formula_mass	2	FALSE	TRUE	1.59997171067516e-09	3.99992927668791e-06
PELARGONIDIN-CMPD	22023	HMDB	HMDB0003263_8_shen	Pelargonidin	inchikey_connectivity_formula_mass	2	FALSE	TRUE	1.59997171067516e-09	3.99992927668791e-06
PELARGONIDIN-CMPD	22024	HMDB	HMDB0003263_9_shen	Pelargonidin	inchikey_connectivity_formula_mass	2	FALSE	TRUE	1.59997171067516e-09	3.99992927668791e-06
PELARGONIDIN-CMPD	22025	HMDB	HMDB0003263_10_shen	Pelargonidin	inchikey_connectivity_formula_mass	2	FALSE	TRUE	1.59997171067516e-09	3.99992927668791e-06
PELARGONIDIN-CMPD	22026	HMDB	HMDB0003263_11_shen	Pelargonidin	inchikey_connectivity_formula_mass	2	FALSE	TRUE	1.59997171067516e-09	3.99992927668791e-06
PELARGONIDIN-CMPD	22027	HMDB	HMDB0003263_12_shen	Pelargonidin	inchikey_connectivity_formula_mass	2	FALSE	TRUE	1.59997171067516e-09	3.99992927668791e-06
PELARGONIDIN-CMPD	22028	HMDB	HMDB0003263_13_shen	Pelargonidin	inchikey_connectivity_formula_mass	2	FALSE	TRUE	1.59997171067516e-09	3.99992927668791e-06
PELARGONIDIN-CMPD	22029	HMDB	HMDB0003263_14_shen	Pelargonidin	inchikey_connectivity_formula_mass	2	FALSE	TRUE	1.59997171067516e-09	3.99992927668791e-06
PELARGONIDIN-CMPD	22030	HMDB	HMDB0003263_15_shen	Pelargonidin	inchikey_connectivity_formula_mass	2	FALSE	TRUE	1.59997171067516e-09	3.99992927668791e-06
PELARGONIDIN-CMPD	22031	HMDB	HMDB0003263_16_shen	Pelargonidin	inchikey_connectivity_formula_mass	2	FALSE	TRUE	1.59997171067516e-09	3.99992927668791e-06
PELARGONIDIN-CMPD	22032	HMDB	HMDB0003263_17_shen	Pelargonidin	inchikey_connectivity_formula_mass	2	FALSE	TRUE	1.59997171067516e-09	3.99992927668791e-06
PELARGONIDIN-CMPD	22033	HMDB	HMDB0003263_18_shen	Pelargonidin	inchikey_connectivity_formula_mass	2	FALSE	TRUE	1.59997171067516e-09	3.99992927668791e-06
PELARGONIDIN-CMPD	22034	HMDB	HMDB0003263_19_shen	Pelargonidin	inchikey_connectivity_formula_mass	2	FALSE	TRUE	1.59997171067516e-09	3.99992927668791e-06
PELARGONIDIN-CMPD	22035	HMDB	HMDB0003263_20_shen	Pelargonidin	inchikey_connectivity_formula_mass	2	FALSE	TRUE	1.59997171067516e-09	3.99992927668791e-06
PELARGONIDIN-CMPD	22036	HMDB	HMDB0003263_21_shen	Pelargonidin	inchikey_connectivity_formula_mass	2	FALSE	TRUE	1.59997171067516e-09	3.99992927668791e-06
PELARGONIDIN-CMPD	22037	HMDB	HMDB0003263_22_shen	Pelargonidin	inchikey_connectivity_formula_mass	2	FALSE	TRUE	1.59997171067516e-09	3.99992927668791e-06
PELARGONIDIN-CMPD	22038	HMDB	HMDB0003263_23_shen	Pelargonidin	inchikey_connectivity_formula_mass	2	FALSE	TRUE	1.59997171067516e-09	3.99992927668791e-06
PELARGONIDIN-CMPD	22039	HMDB	HMDB0003263_24_shen	Pelargonidin	inchikey_connectivity_formula_mass	2	FALSE	TRUE	1.59997171067516e-09	3.99992927668791e-06
CPD-7075	22040	HMDB	HMDB0003265_1_shen	Hesperidin	name_formula_mass	4	TRUE	TRUE	4.90001639263937e-09	8.03031553485951e-06
CPD-7075	22041	HMDB	HMDB0003265_2_shen	Hesperidin	name_formula_mass	4	TRUE	TRUE	4.90001639263937e-09	8.03031553485951e-06
CPD-7075	22042	HMDB	HMDB0003265_3_shen	Hesperidin	name_formula_mass	4	TRUE	TRUE	4.90001639263937e-09	8.03031553485951e-06
CPD-7075	22043	HMDB	HMDB0003265_4_shen	Hesperidin	name_formula_mass	4	TRUE	TRUE	4.90001639263937e-09	8.03031553485951e-06
CPD-7075	22044	HMDB	HMDB0003265_5_shen	Hesperidin	name_formula_mass	4	TRUE	TRUE	4.90001639263937e-09	8.03031553485951e-06
CPD-7075	22045	HMDB	HMDB0003265_6_shen	Hesperidin	name_formula_mass	4	TRUE	TRUE	4.90001639263937e-09	8.03031553485951e-06
CPD-7075	22046	HMDB	HMDB0003265_7_shen	Hesperidin	name_formula_mass	4	TRUE	TRUE	4.90001639263937e-09	8.03031553485951e-06
CPD-7075	22047	HMDB	HMDB0003265_8_shen	Hesperidin	name_formula_mass	4	TRUE	TRUE	4.90001639263937e-09	8.03031553485951e-06
CPD-7075	22048	HMDB	HMDB0003265_9_shen	Hesperidin	name_formula_mass	4	TRUE	TRUE	4.90001639263937e-09	8.03031553485951e-06
CPD-7075	22049	HMDB	HMDB0003265_10_shen	Hesperidin	name_formula_mass	4	TRUE	TRUE	4.90001639263937e-09	8.03031553485951e-06
CPD-7075	22050	HMDB	HMDB0003265_11_shen	Hesperidin	name_formula_mass	4	TRUE	TRUE	4.90001639263937e-09	8.03031553485951e-06
CPD-7075	22051	HMDB	HMDB0003265_12_shen	Hesperidin	name_formula_mass	4	TRUE	TRUE	4.90001639263937e-09	8.03031553485951e-06
CPD-7075	22052	HMDB	HMDB0003265_13_shen	Hesperidin	name_formula_mass	4	TRUE	TRUE	4.90001639263937e-09	8.03031553485951e-06
CPD-7075	22053	HMDB	HMDB0003265_14_shen	Hesperidin	name_formula_mass	4	TRUE	TRUE	4.90001639263937e-09	8.03031553485951e-06
CPD-7075	22054	HMDB	HMDB0003265_15_shen	Hesperidin	name_formula_mass	4	TRUE	TRUE	4.90001639263937e-09	8.03031553485951e-06
CPD-7075	22055	HMDB	HMDB0003265_16_shen	Hesperidin	name_formula_mass	4	TRUE	TRUE	4.90001639263937e-09	8.03031553485951e-06
CPD-7075	22056	HMDB	HMDB0003265_17_shen	Hesperidin	name_formula_mass	4	TRUE	TRUE	4.90001639263937e-09	8.03031553485951e-06
CPD-7075	22057	HMDB	HMDB0003265_18_shen	Hesperidin	name_formula_mass	4	TRUE	TRUE	4.90001639263937e-09	8.03031553485951e-06
CPD-7075	22058	HMDB	HMDB0003265_19_shen	Hesperidin	name_formula_mass	4	TRUE	TRUE	4.90001639263937e-09	8.03031553485951e-06
CPD-7075	22059	HMDB	HMDB0003265_20_shen	Hesperidin	name_formula_mass	4	TRUE	TRUE	4.90001639263937e-09	8.03031553485951e-06
CPD-7075	22060	HMDB	HMDB0003265_21_shen	Hesperidin	name_formula_mass	4	TRUE	TRUE	4.90001639263937e-09	8.03031553485951e-06
CPD-7075	22061	HMDB	HMDB0003265_22_shen	Hesperidin	name_formula_mass	4	TRUE	TRUE	4.90001639263937e-09	8.03031553485951e-06
CPD-7075	22062	HMDB	HMDB0003265_23_shen	Hesperidin	name_formula_mass	4	TRUE	TRUE	4.90001639263937e-09	8.03031553485951e-06
CPD-7075	22063	HMDB	HMDB0003265_24_shen	Hesperidin	name_formula_mass	4	TRUE	TRUE	4.90001639263937e-09	8.03031553485951e-06
CPD-7075	22064	HMDB	HMDB0003265_25_shen	Hesperidin	name_formula_mass	4	TRUE	TRUE	4.90001639263937e-09	8.03031553485951e-06
CPD-7075	22065	HMDB	HMDB0003265_26_shen	Hesperidin	name_formula_mass	4	TRUE	TRUE	4.90001639263937e-09	8.03031553485951e-06
CPD-7075	22066	HMDB	HMDB0003265_27_shen	Hesperidin	name_formula_mass	4	TRUE	TRUE	4.90001639263937e-09	8.03031553485951e-06
PHLORETIN	22101	HMDB	HMDB0003306_1_shen	Phloretin	inchikey	1	TRUE	TRUE	1.89999127542251e-09	4.74997818855627e-06
PHLORETIN	22102	HMDB	HMDB0003306_2_shen	Phloretin	inchikey	1	TRUE	TRUE	1.89999127542251e-09	4.74997818855627e-06
PHLORETIN	22103	HMDB	HMDB0003306_3_shen	Phloretin	inchikey	1	TRUE	TRUE	1.89999127542251e-09	4.74997818855627e-06
PHLORETIN	22104	HMDB	HMDB0003306_4_shen	Phloretin	inchikey	1	TRUE	TRUE	1.89999127542251e-09	4.74997818855627e-06
PHLORETIN	22105	HMDB	HMDB0003306_5_shen	Phloretin	inchikey	1	TRUE	TRUE	1.89999127542251e-09	4.74997818855627e-06
PHLORETIN	22106	HMDB	HMDB0003306_6_shen	Phloretin	inchikey	1	TRUE	TRUE	1.89999127542251e-09	4.74997818855627e-06
PHLORETIN	22107	HMDB	HMDB0003306_7_shen	Phloretin	inchikey	1	TRUE	TRUE	1.89999127542251e-09	4.74997818855627e-06
PHLORETIN	22108	HMDB	HMDB0003306_8_shen	Phloretin	inchikey	1	TRUE	TRUE	1.89999127542251e-09	4.74997818855627e-06
PHLORETIN	22109	HMDB	HMDB0003306_9_shen	Phloretin	inchikey	1	TRUE	TRUE	1.89999127542251e-09	4.74997818855627e-06
PHLORETIN	22110	HMDB	HMDB0003306_10_shen	Phloretin	inchikey	1	TRUE	TRUE	1.89999127542251e-09	4.74997818855627e-06
PHLORETIN	22111	HMDB	HMDB0003306_11_shen	Phloretin	inchikey	1	TRUE	TRUE	1.89999127542251e-09	4.74997818855627e-06
PHLORETIN	22112	HMDB	HMDB0003306_12_shen	Phloretin	inchikey	1	TRUE	TRUE	1.89999127542251e-09	4.74997818855627e-06
PHLORETIN	22113	HMDB	HMDB0003306_13_shen	Phloretin	inchikey	1	TRUE	TRUE	1.89999127542251e-09	4.74997818855627e-06
PHLORETIN	22114	HMDB	HMDB0003306_14_shen	Phloretin	inchikey	1	TRUE	TRUE	1.89999127542251e-09	4.74997818855627e-06
PHLORETIN	22115	HMDB	HMDB0003306_15_shen	Phloretin	inchikey	1	TRUE	TRUE	1.89999127542251e-09	4.74997818855627e-06
PHLORETIN	22116	HMDB	HMDB0003306_16_shen	Phloretin	inchikey	1	TRUE	TRUE	1.89999127542251e-09	4.74997818855627e-06
PHLORETIN	22117	HMDB	HMDB0003306_17_shen	Phloretin	inchikey	1	TRUE	TRUE	1.89999127542251e-09	4.74997818855627e-06
PHLORETIN	22118	HMDB	HMDB0003306_18_shen	Phloretin	inchikey	1	TRUE	TRUE	1.89999127542251e-09	4.74997818855627e-06
PHLORETIN	22119	HMDB	HMDB0003306_19_shen	Phloretin	inchikey	1	TRUE	TRUE	1.89999127542251e-09	4.74997818855627e-06
PHLORETIN	22120	HMDB	HMDB0003306_20_shen	Phloretin	inchikey	1	TRUE	TRUE	1.89999127542251e-09	4.74997818855627e-06
PHLORETIN	22121	HMDB	HMDB0003306_21_shen	Phloretin	inchikey	1	TRUE	TRUE	1.89999127542251e-09	4.74997818855627e-06
PHLORETIN	22122	HMDB	HMDB0003306_22_shen	Phloretin	inchikey	1	TRUE	TRUE	1.89999127542251e-09	4.74997818855627e-06
PHLORETIN	22123	HMDB	HMDB0003306_23_shen	Phloretin	inchikey	1	TRUE	TRUE	1.89999127542251e-09	4.74997818855627e-06
PHLORETIN	22124	HMDB	HMDB0003306_24_shen	Phloretin	inchikey	1	TRUE	TRUE	1.89999127542251e-09	4.74997818855627e-06
PHLORETIN	22125	HMDB	HMDB0003306_25_shen	Phloretin	inchikey	1	TRUE	TRUE	1.89999127542251e-09	4.74997818855627e-06
PHLORETIN	22126	HMDB	HMDB0003306_26_shen	Phloretin	inchikey	1	TRUE	TRUE	1.89999127542251e-09	4.74997818855627e-06
PHLORETIN	22127	HMDB	HMDB0003306_27_shen	Phloretin	inchikey	1	TRUE	TRUE	1.89999127542251e-09	4.74997818855627e-06
PHLORETIN	22128	HMDB	HMDB0003306_28_shen	Phloretin	inchikey	1	TRUE	TRUE	1.89999127542251e-09	4.74997818855627e-06
PHLORETIN	22129	HMDB	HMDB0003306_29_shen	Phloretin	inchikey	1	TRUE	TRUE	1.89999127542251e-09	4.74997818855627e-06
PHLORETIN	22130	HMDB	HMDB0003306_30_shen	Phloretin	inchikey	1	TRUE	TRUE	1.89999127542251e-09	4.74997818855627e-06
PHLORETIN	22131	HMDB	HMDB0003306_31_shen	Phloretin	inchikey	1	TRUE	TRUE	1.89999127542251e-09	4.74997818855627e-06
PHLORETIN	22132	HMDB	HMDB0003306_32_shen	Phloretin	inchikey	1	TRUE	TRUE	1.89999127542251e-09	4.74997818855627e-06
PHLORETIN	22133	HMDB	HMDB0003306_33_shen	Phloretin	inchikey	1	TRUE	TRUE	1.89999127542251e-09	4.74997818855627e-06
PHLORETIN	22134	HMDB	HMDB0003306_34_shen	Phloretin	inchikey	1	TRUE	TRUE	1.89999127542251e-09	4.74997818855627e-06
PHLORETIN	22135	HMDB	HMDB0003306_35_shen	Phloretin	inchikey	1	TRUE	TRUE	1.89999127542251e-09	4.74997818855627e-06
PHLORETIN	22136	HMDB	HMDB0003306_36_shen	Phloretin	inchikey	1	TRUE	TRUE	1.89999127542251e-09	4.74997818855627e-06
PHLORETIN	22137	HMDB	HMDB0003306_37_shen	Phloretin	inchikey	1	TRUE	TRUE	1.89999127542251e-09	4.74997818855627e-06
PHLORETIN	22138	HMDB	HMDB0003306_38_shen	Phloretin	inchikey	1	TRUE	TRUE	1.89999127542251e-09	4.74997818855627e-06
PHLORETIN	22139	HMDB	HMDB0003306_39_shen	Phloretin	inchikey	1	TRUE	TRUE	1.89999127542251e-09	4.74997818855627e-06
PHLORETIN	22140	HMDB	HMDB0003306_40_shen	Phloretin	inchikey	1	TRUE	TRUE	1.89999127542251e-09	4.74997818855627e-06
PHLORETIN	22141	HMDB	HMDB0003306_41_shen	Phloretin	inchikey	1	TRUE	TRUE	1.89999127542251e-09	4.74997818855627e-06
PHLORETIN	22142	HMDB	HMDB0003306_42_shen	Phloretin	inchikey	1	TRUE	TRUE	1.89999127542251e-09	4.74997818855627e-06
PHLORETIN	22143	HMDB	HMDB0003306_43_shen	Phloretin	inchikey	1	TRUE	TRUE	1.89999127542251e-09	4.74997818855627e-06
PHLORETIN	22144	HMDB	HMDB0003306_44_shen	Phloretin	inchikey	1	TRUE	TRUE	1.89999127542251e-09	4.74997818855627e-06
PHLORETIN	22145	HMDB	HMDB0003306_45_shen	Phloretin	inchikey	1	TRUE	TRUE	1.89999127542251e-09	4.74997818855627e-06
PHLORETIN	22146	HMDB	HMDB0003306_46_shen	Phloretin	inchikey	1	TRUE	TRUE	1.89999127542251e-09	4.74997818855627e-06
PHLORETIN	22147	HMDB	HMDB0003306_47_shen	Phloretin	inchikey	1	TRUE	TRUE	1.89999127542251e-09	4.74997818855627e-06
PHLORETIN	22148	HMDB	HMDB0003306_48_shen	Phloretin	inchikey	1	TRUE	TRUE	1.89999127542251e-09	4.74997818855627e-06
PHLORETIN	22149	HMDB	HMDB0003306_49_shen	Phloretin	inchikey	1	TRUE	TRUE	1.89999127542251e-09	4.74997818855627e-06
DAIDZEIN	22150	HMDB	HMDB0003312_1_shen	Daidzein	inchikey	1	TRUE	TRUE	7.40001837584714e-09	1.85000459396178e-05
DAIDZEIN	22151	HMDB	HMDB0003312_2_shen	Daidzein	inchikey	1	TRUE	TRUE	7.40001837584714e-09	1.85000459396178e-05
DAIDZEIN	22152	HMDB	HMDB0003312_3_shen	Daidzein	inchikey	1	TRUE	TRUE	7.40001837584714e-09	1.85000459396178e-05
DAIDZEIN	22153	HMDB	HMDB0003312_4_shen	Daidzein	inchikey	1	TRUE	TRUE	7.40001837584714e-09	1.85000459396178e-05
DAIDZEIN	22154	HMDB	HMDB0003312_5_shen	Daidzein	inchikey	1	TRUE	TRUE	7.40001837584714e-09	1.85000459396178e-05
DAIDZEIN	22155	HMDB	HMDB0003312_6_shen	Daidzein	inchikey	1	TRUE	TRUE	7.40001837584714e-09	1.85000459396178e-05
DAIDZEIN	22156	HMDB	HMDB0003312_7_shen	Daidzein	inchikey	1	TRUE	TRUE	7.40001837584714e-09	1.85000459396178e-05
DAIDZEIN	22157	HMDB	HMDB0003312_8_shen	Daidzein	inchikey	1	TRUE	TRUE	7.40001837584714e-09	1.85000459396178e-05
DAIDZEIN	22158	HMDB	HMDB0003312_9_shen	Daidzein	inchikey	1	TRUE	TRUE	7.40001837584714e-09	1.85000459396178e-05
DAIDZEIN	22159	HMDB	HMDB0003312_10_shen	Daidzein	inchikey	1	TRUE	TRUE	7.40001837584714e-09	1.85000459396178e-05
DAIDZEIN	22160	HMDB	HMDB0003312_11_shen	Daidzein	inchikey	1	TRUE	TRUE	7.40001837584714e-09	1.85000459396178e-05
DAIDZEIN	22161	HMDB	HMDB0003312_12_shen	Daidzein	inchikey	1	TRUE	TRUE	7.40001837584714e-09	1.85000459396178e-05
DAIDZEIN	22162	HMDB	HMDB0003312_13_shen	Daidzein	inchikey	1	TRUE	TRUE	7.40001837584714e-09	1.85000459396178e-05
DAIDZEIN	22163	HMDB	HMDB0003312_14_shen	Daidzein	inchikey	1	TRUE	TRUE	7.40001837584714e-09	1.85000459396178e-05
DAIDZEIN	22164	HMDB	HMDB0003312_15_shen	Daidzein	inchikey	1	TRUE	TRUE	7.40001837584714e-09	1.85000459396178e-05
DAIDZEIN	22165	HMDB	HMDB0003312_16_shen	Daidzein	inchikey	1	TRUE	TRUE	7.40001837584714e-09	1.85000459396178e-05
DAIDZEIN	22166	HMDB	HMDB0003312_17_shen	Daidzein	inchikey	1	TRUE	TRUE	7.40001837584714e-09	1.85000459396178e-05
DAIDZEIN	22167	HMDB	HMDB0003312_18_shen	Daidzein	inchikey	1	TRUE	TRUE	7.40001837584714e-09	1.85000459396178e-05
DAIDZEIN	22168	HMDB	HMDB0003312_19_shen	Daidzein	inchikey	1	TRUE	TRUE	7.40001837584714e-09	1.85000459396178e-05
DAIDZEIN	22169	HMDB	HMDB0003312_20_shen	Daidzein	inchikey	1	TRUE	TRUE	7.40001837584714e-09	1.85000459396178e-05
DAIDZEIN	22170	HMDB	HMDB0003312_21_shen	Daidzein	inchikey	1	TRUE	TRUE	7.40001837584714e-09	1.85000459396178e-05
DAIDZEIN	22171	HMDB	HMDB0003312_22_shen	Daidzein	inchikey	1	TRUE	TRUE	7.40001837584714e-09	1.85000459396178e-05
DAIDZEIN	22172	HMDB	HMDB0003312_23_shen	Daidzein	inchikey	1	TRUE	TRUE	7.40001837584714e-09	1.85000459396178e-05
DAIDZEIN	22173	HMDB	HMDB0003312_24_shen	Daidzein	inchikey	1	TRUE	TRUE	7.40001837584714e-09	1.85000459396178e-05
DAIDZEIN	22174	HMDB	HMDB0003312_25_shen	Daidzein	inchikey	1	TRUE	TRUE	7.40001837584714e-09	1.85000459396178e-05
DAIDZEIN	22175	HMDB	HMDB0003312_26_shen	Daidzein	inchikey	1	TRUE	TRUE	7.40001837584714e-09	1.85000459396178e-05
DAIDZEIN	22176	HMDB	HMDB0003312_27_shen	Daidzein	inchikey	1	TRUE	TRUE	7.40001837584714e-09	1.85000459396178e-05
DAIDZEIN	22177	HMDB	HMDB0003312_28_shen	Daidzein	inchikey	1	TRUE	TRUE	7.40001837584714e-09	1.85000459396178e-05
DAIDZEIN	22178	HMDB	HMDB0003312_29_shen	Daidzein	inchikey	1	TRUE	TRUE	7.40001837584714e-09	1.85000459396178e-05
DAIDZEIN	22179	HMDB	HMDB0003312_30_shen	Daidzein	inchikey	1	TRUE	TRUE	7.40001837584714e-09	1.85000459396178e-05
DAIDZEIN	22180	HMDB	HMDB0003312_31_shen	Daidzein	inchikey	1	TRUE	TRUE	7.40001837584714e-09	1.85000459396178e-05
DAIDZEIN	22181	HMDB	HMDB0003312_32_shen	Daidzein	inchikey	1	TRUE	TRUE	7.40001837584714e-09	1.85000459396178e-05
DAIDZEIN	22182	HMDB	HMDB0003312_33_shen	Daidzein	inchikey	1	TRUE	TRUE	7.40001837584714e-09	1.85000459396178e-05
DAIDZEIN	22183	HMDB	HMDB0003312_34_shen	Daidzein	inchikey	1	TRUE	TRUE	7.40001837584714e-09	1.85000459396178e-05
DAIDZEIN	22184	HMDB	HMDB0003312_35_shen	Daidzein	inchikey	1	TRUE	TRUE	7.40001837584714e-09	1.85000459396178e-05
DAIDZEIN	22185	HMDB	HMDB0003312_36_shen	Daidzein	inchikey	1	TRUE	TRUE	7.40001837584714e-09	1.85000459396178e-05
DAIDZEIN	22186	HMDB	HMDB0003312_37_shen	Daidzein	inchikey	1	TRUE	TRUE	7.40001837584714e-09	1.85000459396178e-05
DAIDZEIN	22187	HMDB	HMDB0003312_38_shen	Daidzein	inchikey	1	TRUE	TRUE	7.40001837584714e-09	1.85000459396178e-05
DAIDZEIN	22188	HMDB	HMDB0003312_39_shen	Daidzein	inchikey	1	TRUE	TRUE	7.40001837584714e-09	1.85000459396178e-05
DAIDZEIN	22189	HMDB	HMDB0003312_40_shen	Daidzein	inchikey	1	TRUE	TRUE	7.40001837584714e-09	1.85000459396178e-05
DAIDZEIN	22190	HMDB	HMDB0003312_41_shen	Daidzein	inchikey	1	TRUE	TRUE	7.40001837584714e-09	1.85000459396178e-05
DAIDZEIN	22191	HMDB	HMDB0003312_42_shen	Daidzein	inchikey	1	TRUE	TRUE	7.40001837584714e-09	1.85000459396178e-05
DAIDZEIN	22192	HMDB	HMDB0003312_43_shen	Daidzein	inchikey	1	TRUE	TRUE	7.40001837584714e-09	1.85000459396178e-05
DAIDZEIN	22193	HMDB	HMDB0003312_44_shen	Daidzein	inchikey	1	TRUE	TRUE	7.40001837584714e-09	1.85000459396178e-05
DAIDZEIN	22194	HMDB	HMDB0003312_45_shen	Daidzein	inchikey	1	TRUE	TRUE	7.40001837584714e-09	1.85000459396178e-05
DAIDZEIN	22195	HMDB	HMDB0003312_46_shen	Daidzein	inchikey	1	TRUE	TRUE	7.40001837584714e-09	1.85000459396178e-05
DAIDZEIN	22196	HMDB	HMDB0003312_47_shen	Daidzein	inchikey	1	TRUE	TRUE	7.40001837584714e-09	1.85000459396178e-05
DAIDZEIN	22197	HMDB	HMDB0003312_48_shen	Daidzein	inchikey	1	TRUE	TRUE	7.40001837584714e-09	1.85000459396178e-05
DAIDZEIN	22198	HMDB	HMDB0003312_49_shen	Daidzein	inchikey	1	TRUE	TRUE	7.40001837584714e-09	1.85000459396178e-05
DAIDZEIN	22199	HMDB	HMDB0003312_50_shen	Daidzein	inchikey	1	TRUE	TRUE	7.40001837584714e-09	1.85000459396178e-05
DAIDZEIN	22200	HMDB	HMDB0003312_51_shen	Daidzein	inchikey	1	TRUE	TRUE	7.40001837584714e-09	1.85000459396178e-05
DAIDZEIN	22201	HMDB	HMDB0003312_52_shen	Daidzein	inchikey	1	TRUE	TRUE	7.40001837584714e-09	1.85000459396178e-05
DAIDZEIN	22202	HMDB	HMDB0003312_53_shen	Daidzein	inchikey	1	TRUE	TRUE	7.40001837584714e-09	1.85000459396178e-05
DAIDZEIN	22203	HMDB	HMDB0003312_54_shen	Daidzein	inchikey	1	TRUE	TRUE	7.40001837584714e-09	1.85000459396178e-05
DAIDZEIN	22204	HMDB	HMDB0003312_55_shen	Daidzein	inchikey	1	TRUE	TRUE	7.40001837584714e-09	1.85000459396178e-05
DAIDZEIN	22205	HMDB	HMDB0003312_56_shen	Daidzein	inchikey	1	TRUE	TRUE	7.40001837584714e-09	1.85000459396178e-05
DAIDZEIN	22206	HMDB	HMDB0003312_57_shen	Daidzein	inchikey	1	TRUE	TRUE	7.40001837584714e-09	1.85000459396178e-05
DAIDZEIN	22207	HMDB	HMDB0003312_58_shen	Daidzein	inchikey	1	TRUE	TRUE	7.40001837584714e-09	1.85000459396178e-05
DAIDZEIN	22208	HMDB	HMDB0003312_59_shen	Daidzein	inchikey	1	TRUE	TRUE	7.40001837584714e-09	1.85000459396178e-05
DAIDZEIN	22209	HMDB	HMDB0003312_60_shen	Daidzein	inchikey	1	TRUE	TRUE	7.40001837584714e-09	1.85000459396178e-05
DAIDZEIN	22210	HMDB	HMDB0003312_61_shen	Daidzein	inchikey	1	TRUE	TRUE	7.40001837584714e-09	1.85000459396178e-05
DAIDZEIN	22211	HMDB	HMDB0003312_62_shen	Daidzein	inchikey	1	TRUE	TRUE	7.40001837584714e-09	1.85000459396178e-05
DAIDZEIN	22212	HMDB	HMDB0003312_63_shen	Daidzein	inchikey	1	TRUE	TRUE	7.40001837584714e-09	1.85000459396178e-05
DAIDZEIN	22213	HMDB	HMDB0003312_64_shen	Daidzein	inchikey	1	TRUE	TRUE	7.40001837584714e-09	1.85000459396178e-05
DAIDZEIN	22214	HMDB	HMDB0003312_65_shen	Daidzein	inchikey	1	TRUE	TRUE	7.40001837584714e-09	1.85000459396178e-05
DAIDZEIN	22215	HMDB	HMDB0003312_66_shen	Daidzein	inchikey	1	TRUE	TRUE	7.40001837584714e-09	1.85000459396178e-05
DAIDZEIN	22216	HMDB	HMDB0003312_67_shen	Daidzein	inchikey	1	TRUE	TRUE	7.40001837584714e-09	1.85000459396178e-05
DAIDZEIN	22217	HMDB	HMDB0003312_68_shen	Daidzein	inchikey	1	TRUE	TRUE	7.40001837584714e-09	1.85000459396178e-05
DAIDZEIN	22218	HMDB	HMDB0003312_69_shen	Daidzein	inchikey	1	TRUE	TRUE	7.40001837584714e-09	1.85000459396178e-05
DAIDZEIN	22219	HMDB	HMDB0003312_70_shen	Daidzein	inchikey	1	TRUE	TRUE	7.40001837584714e-09	1.85000459396178e-05
DAIDZEIN	22220	HMDB	HMDB0003312_71_shen	Daidzein	inchikey	1	TRUE	TRUE	7.40001837584714e-09	1.85000459396178e-05
DAIDZEIN	22221	HMDB	HMDB0003312_72_shen	Daidzein	inchikey	1	TRUE	TRUE	7.40001837584714e-09	1.85000459396178e-05
DAIDZEIN	22222	HMDB	HMDB0003312_73_shen	Daidzein	inchikey	1	TRUE	TRUE	7.40001837584714e-09	1.85000459396178e-05
DAIDZEIN	22223	HMDB	HMDB0003312_74_shen	Daidzein	inchikey	1	TRUE	TRUE	7.40001837584714e-09	1.85000459396178e-05
DAIDZEIN	22224	HMDB	HMDB0003312_75_shen	Daidzein	inchikey	1	TRUE	TRUE	7.40001837584714e-09	1.85000459396178e-05
DAIDZEIN	22225	HMDB	HMDB0003312_76_shen	Daidzein	inchikey	1	TRUE	TRUE	7.40001837584714e-09	1.85000459396178e-05
DAIDZEIN	22226	HMDB	HMDB0003312_77_shen	Daidzein	inchikey	1	TRUE	TRUE	7.40001837584714e-09	1.85000459396178e-05
DAIDZEIN	22227	HMDB	HMDB0003312_78_shen	Daidzein	inchikey	1	TRUE	TRUE	7.40001837584714e-09	1.85000459396178e-05
DAIDZEIN	22228	HMDB	HMDB0003312_79_shen	Daidzein	inchikey	1	TRUE	TRUE	7.40001837584714e-09	1.85000459396178e-05
DAIDZEIN	22229	HMDB	HMDB0003312_80_shen	Daidzein	inchikey	1	TRUE	TRUE	7.40001837584714e-09	1.85000459396178e-05
DAIDZEIN	22230	HMDB	HMDB0003312_81_shen	Daidzein	inchikey	1	TRUE	TRUE	7.40001837584714e-09	1.85000459396178e-05
DAIDZEIN	22231	HMDB	HMDB0003312_82_shen	Daidzein	inchikey	1	TRUE	TRUE	7.40001837584714e-09	1.85000459396178e-05
DAIDZEIN	22232	HMDB	HMDB0003312_83_shen	Daidzein	inchikey	1	TRUE	TRUE	7.40001837584714e-09	1.85000459396178e-05
DAIDZEIN	22233	HMDB	HMDB0003312_84_shen	Daidzein	inchikey	1	TRUE	TRUE	7.40001837584714e-09	1.85000459396178e-05
DAIDZEIN	22234	HMDB	HMDB0003312_85_shen	Daidzein	inchikey	1	TRUE	TRUE	7.40001837584714e-09	1.85000459396178e-05
DAIDZEIN	22235	HMDB	HMDB0003312_86_shen	Daidzein	inchikey	1	TRUE	TRUE	7.40001837584714e-09	1.85000459396178e-05
DAIDZEIN	22236	HMDB	HMDB0003312_87_shen	Daidzein	inchikey	1	TRUE	TRUE	7.40001837584714e-09	1.85000459396178e-05
DAIDZEIN	22237	HMDB	HMDB0003312_88_shen	Daidzein	inchikey	1	TRUE	TRUE	7.40001837584714e-09	1.85000459396178e-05
DAIDZEIN	22238	HMDB	HMDB0003312_89_shen	Daidzein	inchikey	1	TRUE	TRUE	7.40001837584714e-09	1.85000459396178e-05
DAIDZEIN	22239	HMDB	HMDB0003312_90_shen	Daidzein	inchikey	1	TRUE	TRUE	7.40001837584714e-09	1.85000459396178e-05
DAIDZEIN	22240	HMDB	HMDB0003312_91_shen	Daidzein	inchikey	1	TRUE	TRUE	7.40001837584714e-09	1.85000459396178e-05
DAIDZEIN	22241	HMDB	HMDB0003312_92_shen	Daidzein	inchikey	1	TRUE	TRUE	7.40001837584714e-09	1.85000459396178e-05
DAIDZEIN	22242	HMDB	HMDB0003312_93_shen	Daidzein	inchikey	1	TRUE	TRUE	7.40001837584714e-09	1.85000459396178e-05
DAIDZEIN	22243	HMDB	HMDB0003312_94_shen	Daidzein	inchikey	1	TRUE	TRUE	7.40001837584714e-09	1.85000459396178e-05
DAIDZEIN	22244	HMDB	HMDB0003312_95_shen	Daidzein	inchikey	1	TRUE	TRUE	7.40001837584714e-09	1.85000459396178e-05
DAIDZEIN	22245	HMDB	HMDB0003312_96_shen	Daidzein	inchikey	1	TRUE	TRUE	7.40001837584714e-09	1.85000459396178e-05
DAIDZEIN	22246	HMDB	HMDB0003312_97_shen	Daidzein	inchikey	1	TRUE	TRUE	7.40001837584714e-09	1.85000459396178e-05
DAIDZEIN	22247	HMDB	HMDB0003312_98_shen	Daidzein	inchikey	1	TRUE	TRUE	7.40001837584714e-09	1.85000459396178e-05
DAIDZEIN	22248	HMDB	HMDB0003312_99_shen	Daidzein	inchikey	1	TRUE	TRUE	7.40001837584714e-09	1.85000459396178e-05
DAIDZEIN	22249	HMDB	HMDB0003312_100_shen	Daidzein	inchikey	1	TRUE	TRUE	7.40001837584714e-09	1.85000459396178e-05
DAIDZEIN	22250	HMDB	HMDB0003312_101_shen	Daidzein	inchikey	1	TRUE	TRUE	7.40001837584714e-09	1.85000459396178e-05
DAIDZEIN	22251	HMDB	HMDB0003312_102_shen	Daidzein	inchikey	1	TRUE	TRUE	7.40001837584714e-09	1.85000459396178e-05
DAIDZEIN	22252	HMDB	HMDB0003312_103_shen	Daidzein	inchikey	1	TRUE	TRUE	7.40001837584714e-09	1.85000459396178e-05
DAIDZEIN	22253	HMDB	HMDB0003312_104_shen	Daidzein	inchikey	1	TRUE	TRUE	7.40001837584714e-09	1.85000459396178e-05
DAIDZEIN	22254	HMDB	HMDB0003312_105_shen	Daidzein	inchikey	1	TRUE	TRUE	7.40001837584714e-09	1.85000459396178e-05
DAIDZEIN	22255	HMDB	HMDB0003312_106_shen	Daidzein	inchikey	1	TRUE	TRUE	7.40001837584714e-09	1.85000459396178e-05
DAIDZEIN	22256	HMDB	HMDB0003312_107_shen	Daidzein	inchikey	1	TRUE	TRUE	7.40001837584714e-09	1.85000459396178e-05
DAIDZEIN	22257	HMDB	HMDB0003312_108_shen	Daidzein	inchikey	1	TRUE	TRUE	7.40001837584714e-09	1.85000459396178e-05
DAIDZEIN	22258	HMDB	HMDB0003312_109_shen	Daidzein	inchikey	1	TRUE	TRUE	7.40001837584714e-09	1.85000459396178e-05
DAIDZEIN	22259	HMDB	HMDB0003312_110_shen	Daidzein	inchikey	1	TRUE	TRUE	7.40001837584714e-09	1.85000459396178e-05
DAIDZEIN	22260	HMDB	HMDB0003312_111_shen	Daidzein	inchikey	1	TRUE	TRUE	7.40001837584714e-09	1.85000459396178e-05
DAIDZEIN	22261	HMDB	HMDB0003312_112_shen	Daidzein	inchikey	1	TRUE	TRUE	7.40001837584714e-09	1.85000459396178e-05
DAIDZEIN	22262	HMDB	HMDB0003312_113_shen	Daidzein	inchikey	1	TRUE	TRUE	7.40001837584714e-09	1.85000459396178e-05
DAIDZEIN	22263	HMDB	HMDB0003312_114_shen	Daidzein	inchikey	1	TRUE	TRUE	7.40001837584714e-09	1.85000459396178e-05
DAIDZEIN	22264	HMDB	HMDB0003312_115_shen	Daidzein	inchikey	1	TRUE	TRUE	7.40001837584714e-09	1.85000459396178e-05
DAIDZEIN	22265	HMDB	HMDB0003312_116_shen	Daidzein	inchikey	1	TRUE	TRUE	7.40001837584714e-09	1.85000459396178e-05
DAIDZEIN	22266	HMDB	HMDB0003312_117_shen	Daidzein	inchikey	1	TRUE	TRUE	7.40001837584714e-09	1.85000459396178e-05
DAIDZEIN	22267	HMDB	HMDB0003312_118_shen	Daidzein	inchikey	1	TRUE	TRUE	7.40001837584714e-09	1.85000459396178e-05
DAIDZEIN	22268	HMDB	HMDB0003312_119_shen	Daidzein	inchikey	1	TRUE	TRUE	7.40001837584714e-09	1.85000459396178e-05
DAIDZEIN	22269	HMDB	HMDB0003312_120_shen	Daidzein	inchikey	1	TRUE	TRUE	7.40001837584714e-09	1.85000459396178e-05
DAIDZEIN	22270	HMDB	HMDB0003312_121_shen	Daidzein	inchikey	1	TRUE	TRUE	7.40001837584714e-09	1.85000459396178e-05
DAIDZEIN	22271	HMDB	HMDB0003312_122_shen	Daidzein	inchikey	1	TRUE	TRUE	7.40001837584714e-09	1.85000459396178e-05
DAIDZEIN	22272	HMDB	HMDB0003312_123_shen	Daidzein	inchikey	1	TRUE	TRUE	7.40001837584714e-09	1.85000459396178e-05
DAIDZEIN	22273	HMDB	HMDB0003312_124_shen	Daidzein	inchikey	1	TRUE	TRUE	7.40001837584714e-09	1.85000459396178e-05
DAIDZEIN	22274	HMDB	HMDB0003312_125_shen	Daidzein	inchikey	1	TRUE	TRUE	7.40001837584714e-09	1.85000459396178e-05
DAIDZEIN	22275	HMDB	HMDB0003312_126_shen	Daidzein	inchikey	1	TRUE	TRUE	7.40001837584714e-09	1.85000459396178e-05
DAIDZEIN	22276	HMDB	HMDB0003312_127_shen	Daidzein	inchikey	1	TRUE	TRUE	7.40001837584714e-09	1.85000459396178e-05
DAIDZEIN	22277	HMDB	HMDB0003312_128_shen	Daidzein	inchikey	1	TRUE	TRUE	7.40001837584714e-09	1.85000459396178e-05
DAIDZEIN	22278	HMDB	HMDB0003312_129_shen	Daidzein	inchikey	1	TRUE	TRUE	7.40001837584714e-09	1.85000459396178e-05
DAIDZEIN	22279	HMDB	HMDB0003312_130_shen	Daidzein	inchikey	1	TRUE	TRUE	7.40001837584714e-09	1.85000459396178e-05
DAIDZEIN	22280	HMDB	HMDB0003312_131_shen	Daidzein	inchikey	1	TRUE	TRUE	7.40001837584714e-09	1.85000459396178e-05
DAIDZEIN	22281	HMDB	HMDB0003312_132_shen	Daidzein	inchikey	1	TRUE	TRUE	7.40001837584714e-09	1.85000459396178e-05
DAIDZEIN	22282	HMDB	HMDB0003312_133_shen	Daidzein	inchikey	1	TRUE	TRUE	7.40001837584714e-09	1.85000459396178e-05
DAIDZEIN	22283	HMDB	HMDB0003312_134_shen	Daidzein	inchikey	1	TRUE	TRUE	7.40001837584714e-09	1.85000459396178e-05
DAIDZEIN	22284	HMDB	HMDB0003312_135_shen	Daidzein	inchikey	1	TRUE	TRUE	7.40001837584714e-09	1.85000459396178e-05
DAIDZEIN	22285	HMDB	HMDB0003312_136_shen	Daidzein	inchikey	1	TRUE	TRUE	7.40001837584714e-09	1.85000459396178e-05
DAIDZEIN	22286	HMDB	HMDB0003312_137_shen	Daidzein	inchikey	1	TRUE	TRUE	7.40001837584714e-09	1.85000459396178e-05
DAIDZEIN	22287	HMDB	HMDB0003312_138_shen	Daidzein	inchikey	1	TRUE	TRUE	7.40001837584714e-09	1.85000459396178e-05
DAIDZEIN	22288	HMDB	HMDB0003312_139_shen	Daidzein	inchikey	1	TRUE	TRUE	7.40001837584714e-09	1.85000459396178e-05
DAIDZEIN	22289	HMDB	HMDB0003312_140_shen	Daidzein	inchikey	1	TRUE	TRUE	7.40001837584714e-09	1.85000459396178e-05
DAIDZEIN	22290	HMDB	HMDB0003312_141_shen	Daidzein	inchikey	1	TRUE	TRUE	7.40001837584714e-09	1.85000459396178e-05
DAIDZEIN	22291	HMDB	HMDB0003312_142_shen	Daidzein	inchikey	1	TRUE	TRUE	7.40001837584714e-09	1.85000459396178e-05
DAIDZEIN	22292	HMDB	HMDB0003312_143_shen	Daidzein	inchikey	1	TRUE	TRUE	7.40001837584714e-09	1.85000459396178e-05
DAIDZEIN	22293	HMDB	HMDB0003312_144_shen	Daidzein	inchikey	1	TRUE	TRUE	7.40001837584714e-09	1.85000459396178e-05
DAIDZEIN	22294	HMDB	HMDB0003312_145_shen	Daidzein	inchikey	1	TRUE	TRUE	7.40001837584714e-09	1.85000459396178e-05
DAIDZEIN	22295	HMDB	HMDB0003312_146_shen	Daidzein	inchikey	1	TRUE	TRUE	7.40001837584714e-09	1.85000459396178e-05
DAIDZEIN	22296	HMDB	HMDB0003312_147_shen	Daidzein	inchikey	1	TRUE	TRUE	7.40001837584714e-09	1.85000459396178e-05
DAIDZEIN	22297	HMDB	HMDB0003312_148_shen	Daidzein	inchikey	1	TRUE	TRUE	7.40001837584714e-09	1.85000459396178e-05
DAIDZEIN	22298	HMDB	HMDB0003312_149_shen	Daidzein	inchikey	1	TRUE	TRUE	7.40001837584714e-09	1.85000459396178e-05
DAIDZEIN	22299	HMDB	HMDB0003312_150_shen	Daidzein	inchikey	1	TRUE	TRUE	7.40001837584714e-09	1.85000459396178e-05
DAIDZEIN	22300	HMDB	HMDB0003312_151_shen	Daidzein	inchikey	1	TRUE	TRUE	7.40001837584714e-09	1.85000459396178e-05
DAIDZEIN	22301	HMDB	HMDB0003312_152_shen	Daidzein	inchikey	1	TRUE	TRUE	7.40001837584714e-09	1.85000459396178e-05
DAIDZEIN	22302	HMDB	HMDB0003312_153_shen	Daidzein	inchikey	1	TRUE	TRUE	7.40001837584714e-09	1.85000459396178e-05
DAIDZEIN	22303	HMDB	HMDB0003312_154_shen	Daidzein	inchikey	1	TRUE	TRUE	7.40001837584714e-09	1.85000459396178e-05
DAIDZEIN	22304	HMDB	HMDB0003312_155_shen	Daidzein	inchikey	1	TRUE	TRUE	7.40001837584714e-09	1.85000459396178e-05
DAIDZEIN	22305	HMDB	HMDB0003312_156_shen	Daidzein	inchikey	1	TRUE	TRUE	7.40001837584714e-09	1.85000459396178e-05
DAIDZEIN	22306	HMDB	HMDB0003312_157_shen	Daidzein	inchikey	1	TRUE	TRUE	7.40001837584714e-09	1.85000459396178e-05
DAIDZEIN	22307	HMDB	HMDB0003312_158_shen	Daidzein	inchikey	1	TRUE	TRUE	7.40001837584714e-09	1.85000459396178e-05
DAIDZEIN	22308	HMDB	HMDB0003312_159_shen	Daidzein	inchikey	1	TRUE	TRUE	7.40001837584714e-09	1.85000459396178e-05
DAIDZEIN	22309	HMDB	HMDB0003312_160_shen	Daidzein	inchikey	1	TRUE	TRUE	7.40001837584714e-09	1.85000459396178e-05
DAIDZEIN	22310	HMDB	HMDB0003312_161_shen	Daidzein	inchikey	1	TRUE	TRUE	7.40001837584714e-09	1.85000459396178e-05
DAIDZEIN	22311	HMDB	HMDB0003312_162_shen	Daidzein	inchikey	1	TRUE	TRUE	7.40001837584714e-09	1.85000459396178e-05
DAIDZEIN	22312	HMDB	HMDB0003312_163_shen	Daidzein	inchikey	1	TRUE	TRUE	7.40001837584714e-09	1.85000459396178e-05
DAIDZEIN	22313	HMDB	HMDB0003312_164_shen	Daidzein	inchikey	1	TRUE	TRUE	7.40001837584714e-09	1.85000459396178e-05
DAIDZEIN	22314	HMDB	HMDB0003312_165_shen	Daidzein	inchikey	1	TRUE	TRUE	7.40001837584714e-09	1.85000459396178e-05
DAIDZEIN	22315	HMDB	HMDB0003312_166_shen	Daidzein	inchikey	1	TRUE	TRUE	7.40001837584714e-09	1.85000459396178e-05
DAIDZEIN	22316	HMDB	HMDB0003312_167_shen	Daidzein	inchikey	1	TRUE	TRUE	7.40001837584714e-09	1.85000459396178e-05
DAIDZEIN	22317	HMDB	HMDB0003312_168_shen	Daidzein	inchikey	1	TRUE	TRUE	7.40001837584714e-09	1.85000459396178e-05
DAIDZEIN	22318	HMDB	HMDB0003312_169_shen	Daidzein	inchikey	1	TRUE	TRUE	7.40001837584714e-09	1.85000459396178e-05
DAIDZEIN	22319	HMDB	HMDB0003312_170_shen	Daidzein	inchikey	1	TRUE	TRUE	7.40001837584714e-09	1.85000459396178e-05
DAIDZEIN	22320	HMDB	HMDB0003312_171_shen	Daidzein	inchikey	1	TRUE	TRUE	7.40001837584714e-09	1.85000459396178e-05
DAIDZEIN	22321	HMDB	HMDB0003312_172_shen	Daidzein	inchikey	1	TRUE	TRUE	7.40001837584714e-09	1.85000459396178e-05
DAIDZEIN	22322	HMDB	HMDB0003312_173_shen	Daidzein	inchikey	1	TRUE	TRUE	7.40001837584714e-09	1.85000459396178e-05
DAIDZEIN	22323	HMDB	HMDB0003312_174_shen	Daidzein	inchikey	1	TRUE	TRUE	7.40001837584714e-09	1.85000459396178e-05
DAIDZEIN	22324	HMDB	HMDB0003312_175_shen	Daidzein	inchikey	1	TRUE	TRUE	7.40001837584714e-09	1.85000459396178e-05
CPD-13135	22334	HMDB	HMDB0003320_1_shen	Indole-3-carboxylic acid	inchikey_connectivity_formula_mass	2	FALSE	TRUE	1.10000542008493e-09	2.75001355021232e-06
CPD-13135	22335	HMDB	HMDB0003320_2_shen	Indole-3-carboxylic acid	inchikey_connectivity_formula_mass	2	FALSE	TRUE	1.10000542008493e-09	2.75001355021232e-06
CPD-13135	22336	HMDB	HMDB0003320_3_shen	Indole-3-carboxylic acid	inchikey_connectivity_formula_mass	2	FALSE	TRUE	1.10000542008493e-09	2.75001355021232e-06
CPD-13135	22337	HMDB	HMDB0003320_4_shen	Indole-3-carboxylic acid	inchikey_connectivity_formula_mass	2	FALSE	TRUE	1.10000542008493e-09	2.75001355021232e-06
CPD-13135	22338	HMDB	HMDB0003320_5_shen	Indole-3-carboxylic acid	inchikey_connectivity_formula_mass	2	FALSE	TRUE	1.10000542008493e-09	2.75001355021232e-06
CPD-13135	22339	HMDB	HMDB0003320_6_shen	Indole-3-carboxylic acid	inchikey_connectivity_formula_mass	2	FALSE	TRUE	1.10000542008493e-09	2.75001355021232e-06
CPD-13135	22340	HMDB	HMDB0003320_7_shen	Indole-3-carboxylic acid	inchikey_connectivity_formula_mass	2	FALSE	TRUE	1.10000542008493e-09	2.75001355021232e-06
CPD-13135	22341	HMDB	HMDB0003320_8_shen	Indole-3-carboxylic acid	inchikey_connectivity_formula_mass	2	FALSE	TRUE	1.10000542008493e-09	2.75001355021232e-06
CPD-13135	22342	HMDB	HMDB0003320_9_shen	Indole-3-carboxylic acid	inchikey_connectivity_formula_mass	2	FALSE	TRUE	1.10000542008493e-09	2.75001355021232e-06
CPD-13135	22343	HMDB	HMDB0003320_10_shen	Indole-3-carboxylic acid	inchikey_connectivity_formula_mass	2	FALSE	TRUE	1.10000542008493e-09	2.75001355021232e-06
CPD-13135	22344	HMDB	HMDB0003320_11_shen	Indole-3-carboxylic acid	inchikey_connectivity_formula_mass	2	FALSE	TRUE	1.10000542008493e-09	2.75001355021232e-06
CPD-13135	22345	HMDB	HMDB0003320_12_shen	Indole-3-carboxylic acid	inchikey_connectivity_formula_mass	2	FALSE	TRUE	1.10000542008493e-09	2.75001355021232e-06
CPD-13135	22346	HMDB	HMDB0003320_13_shen	Indole-3-carboxylic acid	inchikey_connectivity_formula_mass	2	FALSE	TRUE	1.10000542008493e-09	2.75001355021232e-06
CPD-13135	22347	HMDB	HMDB0003320_14_shen	Indole-3-carboxylic acid	inchikey_connectivity_formula_mass	2	FALSE	TRUE	1.10000542008493e-09	2.75001355021232e-06
CPD-13135	22348	HMDB	HMDB0003320_15_shen	Indole-3-carboxylic acid	inchikey_connectivity_formula_mass	2	FALSE	TRUE	1.10000542008493e-09	2.75001355021232e-06
CPD-13135	22349	HMDB	HMDB0003320_16_shen	Indole-3-carboxylic acid	inchikey_connectivity_formula_mass	2	FALSE	TRUE	1.10000542008493e-09	2.75001355021232e-06
CPD-13135	22350	HMDB	HMDB0003320_17_shen	Indole-3-carboxylic acid	inchikey_connectivity_formula_mass	2	FALSE	TRUE	1.10000542008493e-09	2.75001355021232e-06
CPD-13135	22351	HMDB	HMDB0003320_18_shen	Indole-3-carboxylic acid	inchikey_connectivity_formula_mass	2	FALSE	TRUE	1.10000542008493e-09	2.75001355021232e-06
CPD-13135	22352	HMDB	HMDB0003320_19_shen	Indole-3-carboxylic acid	inchikey_connectivity_formula_mass	2	FALSE	TRUE	1.10000542008493e-09	2.75001355021232e-06
CPD-13135	22353	HMDB	HMDB0003320_20_shen	Indole-3-carboxylic acid	inchikey_connectivity_formula_mass	2	FALSE	TRUE	1.10000542008493e-09	2.75001355021232e-06
CPD-13135	22354	HMDB	HMDB0003320_21_shen	Indole-3-carboxylic acid	inchikey_connectivity_formula_mass	2	FALSE	TRUE	1.10000542008493e-09	2.75001355021232e-06
CPD-13135	22355	HMDB	HMDB0003320_22_shen	Indole-3-carboxylic acid	inchikey_connectivity_formula_mass	2	FALSE	TRUE	1.10000542008493e-09	2.75001355021232e-06
CPD-13135	22356	HMDB	HMDB0003320_23_shen	Indole-3-carboxylic acid	inchikey_connectivity_formula_mass	2	FALSE	TRUE	1.10000542008493e-09	2.75001355021232e-06
CPD-13135	22357	HMDB	HMDB0003320_24_shen	Indole-3-carboxylic acid	inchikey_connectivity_formula_mass	2	FALSE	TRUE	1.10000542008493e-09	2.75001355021232e-06
CPD-13135	22358	HMDB	HMDB0003320_25_shen	Indole-3-carboxylic acid	inchikey_connectivity_formula_mass	2	FALSE	TRUE	1.10000542008493e-09	2.75001355021232e-06
CPD-13135	22359	HMDB	HMDB0003320_26_shen	Indole-3-carboxylic acid	inchikey_connectivity_formula_mass	2	FALSE	TRUE	1.10000542008493e-09	2.75001355021232e-06
CPD-13135	22360	HMDB	HMDB0003320_27_shen	Indole-3-carboxylic acid	inchikey_connectivity_formula_mass	2	FALSE	TRUE	1.10000542008493e-09	2.75001355021232e-06
CPD-13135	22361	HMDB	HMDB0003320_28_shen	Indole-3-carboxylic acid	inchikey_connectivity_formula_mass	2	FALSE	TRUE	1.10000542008493e-09	2.75001355021232e-06
CPD-13135	22362	HMDB	HMDB0003320_29_shen	Indole-3-carboxylic acid	inchikey_connectivity_formula_mass	2	FALSE	TRUE	1.10000542008493e-09	2.75001355021232e-06
CPD-13135	22363	HMDB	HMDB0003320_30_shen	Indole-3-carboxylic acid	inchikey_connectivity_formula_mass	2	FALSE	TRUE	1.10000542008493e-09	2.75001355021232e-06
CPD-13135	22364	HMDB	HMDB0003320_31_shen	Indole-3-carboxylic acid	inchikey_connectivity_formula_mass	2	FALSE	TRUE	1.10000542008493e-09	2.75001355021232e-06
CPD-13135	22365	HMDB	HMDB0003320_32_shen	Indole-3-carboxylic acid	inchikey_connectivity_formula_mass	2	FALSE	TRUE	1.10000542008493e-09	2.75001355021232e-06
CPD-13135	22366	HMDB	HMDB0003320_33_shen	Indole-3-carboxylic acid	inchikey_connectivity_formula_mass	2	FALSE	TRUE	1.10000542008493e-09	2.75001355021232e-06
CPD-13135	22367	HMDB	HMDB0003320_34_shen	Indole-3-carboxylic acid	inchikey_connectivity_formula_mass	2	FALSE	TRUE	1.10000542008493e-09	2.75001355021232e-06
CPD-13135	22368	HMDB	HMDB0003320_35_shen	Indole-3-carboxylic acid	inchikey_connectivity_formula_mass	2	FALSE	TRUE	1.10000542008493e-09	2.75001355021232e-06
CPD-13135	22369	HMDB	HMDB0003320_36_shen	Indole-3-carboxylic acid	inchikey_connectivity_formula_mass	2	FALSE	TRUE	1.10000542008493e-09	2.75001355021232e-06
CPD-13135	22370	HMDB	HMDB0003320_37_shen	Indole-3-carboxylic acid	inchikey_connectivity_formula_mass	2	FALSE	TRUE	1.10000542008493e-09	2.75001355021232e-06
CPD-13135	22371	HMDB	HMDB0003320_38_shen	Indole-3-carboxylic acid	inchikey_connectivity_formula_mass	2	FALSE	TRUE	1.10000542008493e-09	2.75001355021232e-06
CPD-13135	22372	HMDB	HMDB0003320_39_shen	Indole-3-carboxylic acid	inchikey_connectivity_formula_mass	2	FALSE	TRUE	1.10000542008493e-09	2.75001355021232e-06
CPD-12381	22436	HMDB	HMDB0003333_1_shen	8-Hydroxy-deoxyguanosine	inchikey	1	TRUE	TRUE	2.79999312624568e-09	6.9999828156142e-06
CPD-12381	22437	HMDB	HMDB0003333_2_shen	8-Hydroxy-deoxyguanosine	inchikey	1	TRUE	TRUE	2.79999312624568e-09	6.9999828156142e-06
OXIDIZED-GLUTATHIONE	22441	HMDB	HMDB0003337_1_shen	Oxidized glutathione	inchikey_connectivity_formula_mass	2	FALSE	TRUE	5.59998625249136e-09	9.14803284314759e-06
OXIDIZED-GLUTATHIONE	22442	HMDB	HMDB0003337_2_shen	Oxidized glutathione	inchikey_connectivity_formula_mass	2	FALSE	TRUE	5.59998625249136e-09	9.14803284314759e-06
OXIDIZED-GLUTATHIONE	22443	HMDB	HMDB0003337_3_shen	Oxidized glutathione	inchikey_connectivity_formula_mass	2	FALSE	TRUE	5.59998625249136e-09	9.14803284314759e-06
OXIDIZED-GLUTATHIONE	22444	HMDB	HMDB0003337_4_shen	Oxidized glutathione	inchikey_connectivity_formula_mass	2	FALSE	TRUE	5.59998625249136e-09	9.14803284314759e-06
OXIDIZED-GLUTATHIONE	22445	HMDB	HMDB0003337_5_shen	Oxidized glutathione	inchikey_connectivity_formula_mass	2	FALSE	TRUE	5.59998625249136e-09	9.14803284314759e-06
OXIDIZED-GLUTATHIONE	22446	HMDB	HMDB0003337_6_shen	Oxidized glutathione	inchikey_connectivity_formula_mass	2	FALSE	TRUE	5.59998625249136e-09	9.14803284314759e-06
OXIDIZED-GLUTATHIONE	22447	HMDB	HMDB0003337_7_shen	Oxidized glutathione	inchikey_connectivity_formula_mass	2	FALSE	TRUE	5.59998625249136e-09	9.14803284314759e-06
OXIDIZED-GLUTATHIONE	22448	HMDB	HMDB0003337_8_shen	Oxidized glutathione	inchikey_connectivity_formula_mass	2	FALSE	TRUE	5.59998625249136e-09	9.14803284314759e-06
OXIDIZED-GLUTATHIONE	22449	HMDB	HMDB0003337_9_shen	Oxidized glutathione	inchikey_connectivity_formula_mass	2	FALSE	TRUE	5.59998625249136e-09	9.14803284314759e-06
OXIDIZED-GLUTATHIONE	22450	HMDB	HMDB0003337_10_shen	Oxidized glutathione	inchikey_connectivity_formula_mass	2	FALSE	TRUE	5.59998625249136e-09	9.14803284314759e-06
OXIDIZED-GLUTATHIONE	22451	HMDB	HMDB0003337_11_shen	Oxidized glutathione	inchikey_connectivity_formula_mass	2	FALSE	TRUE	5.59998625249136e-09	9.14803284314759e-06
OXIDIZED-GLUTATHIONE	22452	HMDB	HMDB0003337_12_shen	Oxidized glutathione	inchikey_connectivity_formula_mass	2	FALSE	TRUE	5.59998625249136e-09	9.14803284314759e-06
OXIDIZED-GLUTATHIONE	22453	HMDB	HMDB0003337_13_shen	Oxidized glutathione	inchikey_connectivity_formula_mass	2	FALSE	TRUE	5.59998625249136e-09	9.14803284314759e-06
OXIDIZED-GLUTATHIONE	22454	HMDB	HMDB0003337_14_shen	Oxidized glutathione	inchikey_connectivity_formula_mass	2	FALSE	TRUE	5.59998625249136e-09	9.14803284314759e-06
OXIDIZED-GLUTATHIONE	22455	HMDB	HMDB0003337_15_shen	Oxidized glutathione	inchikey_connectivity_formula_mass	2	FALSE	TRUE	5.59998625249136e-09	9.14803284314759e-06
OXIDIZED-GLUTATHIONE	22456	HMDB	HMDB0003337_16_shen	Oxidized glutathione	inchikey_connectivity_formula_mass	2	FALSE	TRUE	5.59998625249136e-09	9.14803284314759e-06
OXIDIZED-GLUTATHIONE	22457	HMDB	HMDB0003337_17_shen	Oxidized glutathione	inchikey_connectivity_formula_mass	2	FALSE	TRUE	5.59998625249136e-09	9.14803284314759e-06
OXIDIZED-GLUTATHIONE	22458	HMDB	HMDB0003337_18_shen	Oxidized glutathione	inchikey_connectivity_formula_mass	2	FALSE	TRUE	5.59998625249136e-09	9.14803284314759e-06
OXIDIZED-GLUTATHIONE	22459	HMDB	HMDB0003337_19_shen	Oxidized glutathione	inchikey_connectivity_formula_mass	2	FALSE	TRUE	5.59998625249136e-09	9.14803284314759e-06
OXIDIZED-GLUTATHIONE	22460	HMDB	HMDB0003337_20_shen	Oxidized glutathione	inchikey_connectivity_formula_mass	2	FALSE	TRUE	5.59998625249136e-09	9.14803284314759e-06
D-GLT	22464	HMDB	HMDB0003339_1_shen	D-Glutamic acid	inchikey_connectivity_formula_mass	2	FALSE	TRUE	1.499984136899e-09	3.7499603422475e-06
D-GLT	22465	HMDB	HMDB0003339_2_shen	D-Glutamic acid	inchikey_connectivity_formula_mass	2	FALSE	TRUE	1.499984136899e-09	3.7499603422475e-06
D-GLT	22466	HMDB	HMDB0003339_3_shen	D-Glutamic acid	inchikey_connectivity_formula_mass	2	FALSE	TRUE	1.499984136899e-09	3.7499603422475e-06
D-GLT	22467	HMDB	HMDB0003339_4_shen	D-Glutamic acid	inchikey_connectivity_formula_mass	2	FALSE	TRUE	1.499984136899e-09	3.7499603422475e-06
D-GLT	22468	HMDB	HMDB0003339_5_shen	D-Glutamic acid	inchikey_connectivity_formula_mass	2	FALSE	TRUE	1.499984136899e-09	3.7499603422475e-06
D-GLT	22469	HMDB	HMDB0003339_6_shen	D-Glutamic acid	inchikey_connectivity_formula_mass	2	FALSE	TRUE	1.499984136899e-09	3.7499603422475e-06
D-GLT	22470	HMDB	HMDB0003339_7_shen	D-Glutamic acid	inchikey_connectivity_formula_mass	2	FALSE	TRUE	1.499984136899e-09	3.7499603422475e-06
D-GLT	22471	HMDB	HMDB0003339_8_shen	D-Glutamic acid	inchikey_connectivity_formula_mass	2	FALSE	TRUE	1.499984136899e-09	3.7499603422475e-06
D-GLT	22472	HMDB	HMDB0003339_9_shen	D-Glutamic acid	inchikey_connectivity_formula_mass	2	FALSE	TRUE	1.499984136899e-09	3.7499603422475e-06
D-GLT	22473	HMDB	HMDB0003339_10_shen	D-Glutamic acid	inchikey_connectivity_formula_mass	2	FALSE	TRUE	1.499984136899e-09	3.7499603422475e-06
ALPHA-GLUCOSE	22480	HMDB	HMDB0003345_1_shen	alpha-D-Glucose	inchikey	1	TRUE	TRUE	1.80000370164635e-09	4.50000925411587e-06
ALPHA-GLUCOSE	22481	HMDB	HMDB0003345_2_shen	alpha-D-Glucose	inchikey	1	TRUE	TRUE	1.80000370164635e-09	4.50000925411587e-06
ALPHA-GLUCOSE	22482	HMDB	HMDB0003345_3_shen	alpha-D-Glucose	inchikey	1	TRUE	TRUE	1.80000370164635e-09	4.50000925411587e-06
ALPHA-GLUCOSE	22483	HMDB	HMDB0003345_4_shen	alpha-D-Glucose	inchikey	1	TRUE	TRUE	1.80000370164635e-09	4.50000925411587e-06
ALPHA-GLUCOSE	22484	HMDB	HMDB0003345_5_shen	alpha-D-Glucose	inchikey	1	TRUE	TRUE	1.80000370164635e-09	4.50000925411587e-06
ALPHA-GLUCOSE	22485	HMDB	HMDB0003345_6_shen	alpha-D-Glucose	inchikey	1	TRUE	TRUE	1.80000370164635e-09	4.50000925411587e-06
ALPHA-GLUCOSE	22486	HMDB	HMDB0003345_7_shen	alpha-D-Glucose	inchikey	1	TRUE	TRUE	1.80000370164635e-09	4.50000925411587e-06
ALPHA-GLUCOSE	22487	HMDB	HMDB0003345_8_shen	alpha-D-Glucose	inchikey	1	TRUE	TRUE	1.80000370164635e-09	4.50000925411587e-06
DI-H-OROTATE	22488	HMDB	HMDB0003349_1_shen	L-Dihydroorotic acid	inchikey_connectivity_formula_mass	2	FALSE	TRUE	1.39996814141341e-09	3.49992035353353e-06
DI-H-OROTATE	22489	HMDB	HMDB0003349_2_shen	L-Dihydroorotic acid	inchikey_connectivity_formula_mass	2	FALSE	TRUE	1.39996814141341e-09	3.49992035353353e-06
DI-H-OROTATE	22490	HMDB	HMDB0003349_3_shen	L-Dihydroorotic acid	inchikey_connectivity_formula_mass	2	FALSE	TRUE	1.39996814141341e-09	3.49992035353353e-06
DI-H-OROTATE	22491	HMDB	HMDB0003349_4_shen	L-Dihydroorotic acid	inchikey_connectivity_formula_mass	2	FALSE	TRUE	1.39996814141341e-09	3.49992035353353e-06
DI-H-OROTATE	22492	HMDB	HMDB0003349_5_shen	L-Dihydroorotic acid	inchikey_connectivity_formula_mass	2	FALSE	TRUE	1.39996814141341e-09	3.49992035353353e-06
DI-H-OROTATE	22493	HMDB	HMDB0003349_6_shen	L-Dihydroorotic acid	inchikey_connectivity_formula_mass	2	FALSE	TRUE	1.39996814141341e-09	3.49992035353353e-06
DI-H-OROTATE	22494	HMDB	HMDB0003349_7_shen	L-Dihydroorotic acid	inchikey_connectivity_formula_mass	2	FALSE	TRUE	1.39996814141341e-09	3.49992035353353e-06
DI-H-OROTATE	22495	HMDB	HMDB0003349_8_shen	L-Dihydroorotic acid	inchikey_connectivity_formula_mass	2	FALSE	TRUE	1.39996814141341e-09	3.49992035353353e-06
DI-H-OROTATE	22496	HMDB	HMDB0003349_9_shen	L-Dihydroorotic acid	inchikey_connectivity_formula_mass	2	FALSE	TRUE	1.39996814141341e-09	3.49992035353353e-06
DI-H-OROTATE	22497	HMDB	HMDB0003349_10_shen	L-Dihydroorotic acid	inchikey_connectivity_formula_mass	2	FALSE	TRUE	1.39996814141341e-09	3.49992035353353e-06
DI-H-OROTATE	22498	HMDB	HMDB0003349_11_shen	L-Dihydroorotic acid	inchikey_connectivity_formula_mass	2	FALSE	TRUE	1.39996814141341e-09	3.49992035353353e-06
DI-H-OROTATE	22499	HMDB	HMDB0003349_12_shen	L-Dihydroorotic acid	inchikey_connectivity_formula_mass	2	FALSE	TRUE	1.39996814141341e-09	3.49992035353353e-06
DI-H-OROTATE	22500	HMDB	HMDB0003349_13_shen	L-Dihydroorotic acid	inchikey_connectivity_formula_mass	2	FALSE	TRUE	1.39996814141341e-09	3.49992035353353e-06
DI-H-OROTATE	22501	HMDB	HMDB0003349_14_shen	L-Dihydroorotic acid	inchikey_connectivity_formula_mass	2	FALSE	TRUE	1.39996814141341e-09	3.49992035353353e-06
DI-H-OROTATE	22502	HMDB	HMDB0003349_15_shen	L-Dihydroorotic acid	inchikey_connectivity_formula_mass	2	FALSE	TRUE	1.39996814141341e-09	3.49992035353353e-06
--MENTHOL	22503	HMDB	HMDB0003352_1_shen	Menthol	inchikey	1	TRUE	TRUE	9.99875737761613e-11	2.49968934440403e-07
--MENTHOL	22504	HMDB	HMDB0003352_2_shen	Menthol	inchikey	1	TRUE	TRUE	9.99875737761613e-11	2.49968934440403e-07
--MENTHOL	22505	HMDB	HMDB0003352_3_shen	Menthol	inchikey	1	TRUE	TRUE	9.99875737761613e-11	2.49968934440403e-07
--MENTHOL	22506	HMDB	HMDB0003352_4_shen	Menthol	inchikey	1	TRUE	TRUE	9.99875737761613e-11	2.49968934440403e-07
--MENTHOL	22507	HMDB	HMDB0003352_5_shen	Menthol	inchikey	1	TRUE	TRUE	9.99875737761613e-11	2.49968934440403e-07
5-AMINOPENTANOATE	22508	HMDB	HMDB0003355_1_shen	5-Aminopentanoic acid	inchikey	1	TRUE	TRUE	1.49999834775372e-09	3.74999586938429e-06
5-AMINOPENTANOATE	22509	HMDB	HMDB0003355_2_shen	5-Aminopentanoic acid	inchikey	1	TRUE	TRUE	1.49999834775372e-09	3.74999586938429e-06
5-AMINOPENTANOATE	22510	HMDB	HMDB0003355_3_shen	5-Aminopentanoic acid	inchikey	1	TRUE	TRUE	1.49999834775372e-09	3.74999586938429e-06
5-AMINOPENTANOATE	22511	HMDB	HMDB0003355_4_shen	5-Aminopentanoic acid	inchikey	1	TRUE	TRUE	1.49999834775372e-09	3.74999586938429e-06
5-AMINOPENTANOATE	22512	HMDB	HMDB0003355_5_shen	5-Aminopentanoic acid	inchikey	1	TRUE	TRUE	1.49999834775372e-09	3.74999586938429e-06
5-AMINOPENTANOATE	22513	HMDB	HMDB0003355_6_shen	5-Aminopentanoic acid	inchikey	1	TRUE	TRUE	1.49999834775372e-09	3.74999586938429e-06
5-AMINOPENTANOATE	22514	HMDB	HMDB0003355_7_shen	5-Aminopentanoic acid	inchikey	1	TRUE	TRUE	1.49999834775372e-09	3.74999586938429e-06
5-AMINOPENTANOATE	22515	HMDB	HMDB0003355_8_shen	5-Aminopentanoic acid	inchikey	1	TRUE	TRUE	1.49999834775372e-09	3.74999586938429e-06
5-AMINOPENTANOATE	22516	HMDB	HMDB0003355_9_shen	5-Aminopentanoic acid	inchikey	1	TRUE	TRUE	1.49999834775372e-09	3.74999586938429e-06
5-AMINOPENTANOATE	22517	HMDB	HMDB0003355_10_shen	5-Aminopentanoic acid	inchikey	1	TRUE	TRUE	1.49999834775372e-09	3.74999586938429e-06
5-AMINOPENTANOATE	22518	HMDB	HMDB0003355_11_shen	5-Aminopentanoic acid	inchikey	1	TRUE	TRUE	1.49999834775372e-09	3.74999586938429e-06
5-AMINOPENTANOATE	22519	HMDB	HMDB0003355_12_shen	5-Aminopentanoic acid	inchikey	1	TRUE	TRUE	1.49999834775372e-09	3.74999586938429e-06
5-AMINOPENTANOATE	22520	HMDB	HMDB0003355_13_shen	5-Aminopentanoic acid	inchikey	1	TRUE	TRUE	1.49999834775372e-09	3.74999586938429e-06
5-AMINOPENTANOATE	22521	HMDB	HMDB0003355_14_shen	5-Aminopentanoic acid	inchikey	1	TRUE	TRUE	1.49999834775372e-09	3.74999586938429e-06
5-AMINOPENTANOATE	22522	HMDB	HMDB0003355_15_shen	5-Aminopentanoic acid	inchikey	1	TRUE	TRUE	1.49999834775372e-09	3.74999586938429e-06
5-AMINOPENTANOATE	22523	HMDB	HMDB0003355_16_shen	5-Aminopentanoic acid	inchikey	1	TRUE	TRUE	1.49999834775372e-09	3.74999586938429e-06
5-AMINOPENTANOATE	22524	HMDB	HMDB0003355_17_shen	5-Aminopentanoic acid	inchikey	1	TRUE	TRUE	1.49999834775372e-09	3.74999586938429e-06
5-AMINOPENTANOATE	22525	HMDB	HMDB0003355_18_shen	5-Aminopentanoic acid	inchikey	1	TRUE	TRUE	1.49999834775372e-09	3.74999586938429e-06
5-AMINOPENTANOATE	22526	HMDB	HMDB0003355_19_shen	5-Aminopentanoic acid	inchikey	1	TRUE	TRUE	1.49999834775372e-09	3.74999586938429e-06
5-AMINOPENTANOATE	22527	HMDB	HMDB0003355_20_shen	5-Aminopentanoic acid	inchikey	1	TRUE	TRUE	1.49999834775372e-09	3.74999586938429e-06
5-AMINOPENTANOATE	22528	HMDB	HMDB0003355_21_shen	5-Aminopentanoic acid	inchikey	1	TRUE	TRUE	1.49999834775372e-09	3.74999586938429e-06
5-AMINOPENTANOATE	22529	HMDB	HMDB0003355_22_shen	5-Aminopentanoic acid	inchikey	1	TRUE	TRUE	1.49999834775372e-09	3.74999586938429e-06
5-AMINOPENTANOATE	22530	HMDB	HMDB0003355_23_shen	5-Aminopentanoic acid	inchikey	1	TRUE	TRUE	1.49999834775372e-09	3.74999586938429e-06
5-AMINOPENTANOATE	22531	HMDB	HMDB0003355_24_shen	5-Aminopentanoic acid	inchikey	1	TRUE	TRUE	1.49999834775372e-09	3.74999586938429e-06
5-AMINOPENTANOATE	22532	HMDB	HMDB0003355_25_shen	5-Aminopentanoic acid	inchikey	1	TRUE	TRUE	1.49999834775372e-09	3.74999586938429e-06
5-AMINOPENTANOATE	22533	HMDB	HMDB0003355_26_shen	5-Aminopentanoic acid	inchikey	1	TRUE	TRUE	1.49999834775372e-09	3.74999586938429e-06
5-AMINOPENTANOATE	22534	HMDB	HMDB0003355_27_shen	5-Aminopentanoic acid	inchikey	1	TRUE	TRUE	1.49999834775372e-09	3.74999586938429e-06
5-AMINOPENTANOATE	22535	HMDB	HMDB0003355_28_shen	5-Aminopentanoic acid	inchikey	1	TRUE	TRUE	1.49999834775372e-09	3.74999586938429e-06
5-AMINOPENTANOATE	22536	HMDB	HMDB0003355_29_shen	5-Aminopentanoic acid	inchikey	1	TRUE	TRUE	1.49999834775372e-09	3.74999586938429e-06
5-AMINOPENTANOATE	22537	HMDB	HMDB0003355_30_shen	5-Aminopentanoic acid	inchikey	1	TRUE	TRUE	1.49999834775372e-09	3.74999586938429e-06
5-AMINOPENTANOATE	22538	HMDB	HMDB0003355_31_shen	5-Aminopentanoic acid	inchikey	1	TRUE	TRUE	1.49999834775372e-09	3.74999586938429e-06
5-AMINOPENTANOATE	22539	HMDB	HMDB0003355_32_shen	5-Aminopentanoic acid	inchikey	1	TRUE	TRUE	1.49999834775372e-09	3.74999586938429e-06
5-AMINOPENTANOATE	22540	HMDB	HMDB0003355_33_shen	5-Aminopentanoic acid	inchikey	1	TRUE	TRUE	1.49999834775372e-09	3.74999586938429e-06
5-AMINOPENTANOATE	22541	HMDB	HMDB0003355_34_shen	5-Aminopentanoic acid	inchikey	1	TRUE	TRUE	1.49999834775372e-09	3.74999586938429e-06
N-ALPHA-ACETYLORNITHINE	22542	HMDB	HMDB0003357_1_shen	N2-Acetylornithine	inchikey	1	TRUE	TRUE	2.09999484468426e-09	5.24998711171065e-06
N-ALPHA-ACETYLORNITHINE	22543	HMDB	HMDB0003357_2_shen	N2-Acetylornithine	inchikey	1	TRUE	TRUE	2.09999484468426e-09	5.24998711171065e-06
N-ALPHA-ACETYLORNITHINE	22544	HMDB	HMDB0003357_3_shen	N2-Acetylornithine	inchikey	1	TRUE	TRUE	2.09999484468426e-09	5.24998711171065e-06
N-ALPHA-ACETYLORNITHINE	22545	HMDB	HMDB0003357_4_shen	N2-Acetylornithine	inchikey	1	TRUE	TRUE	2.09999484468426e-09	5.24998711171065e-06
N-ALPHA-ACETYLORNITHINE	22546	HMDB	HMDB0003357_5_shen	N2-Acetylornithine	inchikey	1	TRUE	TRUE	2.09999484468426e-09	5.24998711171065e-06
N-ALPHA-ACETYLORNITHINE	22547	HMDB	HMDB0003357_6_shen	N2-Acetylornithine	inchikey	1	TRUE	TRUE	2.09999484468426e-09	5.24998711171065e-06
N-ALPHA-ACETYLORNITHINE	22548	HMDB	HMDB0003357_7_shen	N2-Acetylornithine	inchikey	1	TRUE	TRUE	2.09999484468426e-09	5.24998711171065e-06
N-ALPHA-ACETYLORNITHINE	22549	HMDB	HMDB0003357_8_shen	N2-Acetylornithine	inchikey	1	TRUE	TRUE	2.09999484468426e-09	5.24998711171065e-06
N-ALPHA-ACETYLORNITHINE	22550	HMDB	HMDB0003357_9_shen	N2-Acetylornithine	inchikey	1	TRUE	TRUE	2.09999484468426e-09	5.24998711171065e-06
N-ALPHA-ACETYLORNITHINE	22551	HMDB	HMDB0003357_10_shen	N2-Acetylornithine	inchikey	1	TRUE	TRUE	2.09999484468426e-09	5.24998711171065e-06
N-ALPHA-ACETYLORNITHINE	22552	HMDB	HMDB0003357_11_shen	N2-Acetylornithine	inchikey	1	TRUE	TRUE	2.09999484468426e-09	5.24998711171065e-06
N-ALPHA-ACETYLORNITHINE	22553	HMDB	HMDB0003357_12_shen	N2-Acetylornithine	inchikey	1	TRUE	TRUE	2.09999484468426e-09	5.24998711171065e-06
N-ALPHA-ACETYLORNITHINE	22554	HMDB	HMDB0003357_13_shen	N2-Acetylornithine	inchikey	1	TRUE	TRUE	2.09999484468426e-09	5.24998711171065e-06
N-ALPHA-ACETYLORNITHINE	22555	HMDB	HMDB0003357_14_shen	N2-Acetylornithine	inchikey	1	TRUE	TRUE	2.09999484468426e-09	5.24998711171065e-06
N-ALPHA-ACETYLORNITHINE	22556	HMDB	HMDB0003357_15_shen	N2-Acetylornithine	inchikey	1	TRUE	TRUE	2.09999484468426e-09	5.24998711171065e-06
N-ALPHA-ACETYLORNITHINE	22557	HMDB	HMDB0003357_16_shen	N2-Acetylornithine	inchikey	1	TRUE	TRUE	2.09999484468426e-09	5.24998711171065e-06
N-ALPHA-ACETYLORNITHINE	22558	HMDB	HMDB0003357_17_shen	N2-Acetylornithine	inchikey	1	TRUE	TRUE	2.09999484468426e-09	5.24998711171065e-06
N-ALPHA-ACETYLORNITHINE	22559	HMDB	HMDB0003357_18_shen	N2-Acetylornithine	inchikey	1	TRUE	TRUE	2.09999484468426e-09	5.24998711171065e-06
N-ALPHA-ACETYLORNITHINE	22560	HMDB	HMDB0003357_19_shen	N2-Acetylornithine	inchikey	1	TRUE	TRUE	2.09999484468426e-09	5.24998711171065e-06
N-ALPHA-ACETYLORNITHINE	22561	HMDB	HMDB0003357_20_shen	N2-Acetylornithine	inchikey	1	TRUE	TRUE	2.09999484468426e-09	5.24998711171065e-06
N-ALPHA-ACETYLORNITHINE	22562	HMDB	HMDB0003357_21_shen	N2-Acetylornithine	inchikey	1	TRUE	TRUE	2.09999484468426e-09	5.24998711171065e-06
PYRIMIDINE-RING	22563	HMDB	HMDB0003361_1_shen	Pyrimidine	inchikey	1	TRUE	TRUE	8.00000066192297e-10	2.00000016548074e-06
PYRIMIDINE-RING	22564	HMDB	HMDB0003361_2_shen	Pyrimidine	inchikey	1	TRUE	TRUE	8.00000066192297e-10	2.00000016548074e-06
PYRIMIDINE-RING	22565	HMDB	HMDB0003361_3_shen	Pyrimidine	inchikey	1	TRUE	TRUE	8.00000066192297e-10	2.00000016548074e-06
PYRIMIDINE-RING	22566	HMDB	HMDB0003361_4_shen	Pyrimidine	inchikey	1	TRUE	TRUE	8.00000066192297e-10	2.00000016548074e-06
25-DIAMINOPENTANOATE	22578	HMDB	HMDB0003374_1_shen	D-Ornithine	name_formula_mass	4	FALSE	TRUE	1.80000370164635e-09	4.50000925411587e-06
25-DIAMINOPENTANOATE	22579	HMDB	HMDB0003374_2_shen	D-Ornithine	name_formula_mass	4	FALSE	TRUE	1.80000370164635e-09	4.50000925411587e-06
25-DIAMINOPENTANOATE	22580	HMDB	HMDB0003374_3_shen	D-Ornithine	name_formula_mass	4	FALSE	TRUE	1.80000370164635e-09	4.50000925411587e-06
25-DIAMINOPENTANOATE	22581	HMDB	HMDB0003374_4_shen	D-Ornithine	name_formula_mass	4	FALSE	TRUE	1.80000370164635e-09	4.50000925411587e-06
25-DIAMINOPENTANOATE	22582	HMDB	HMDB0003374_5_shen	D-Ornithine	name_formula_mass	4	FALSE	TRUE	1.80000370164635e-09	4.50000925411587e-06
25-DIAMINOPENTANOATE	22583	HMDB	HMDB0003374_6_shen	D-Ornithine	name_formula_mass	4	FALSE	TRUE	1.80000370164635e-09	4.50000925411587e-06
25-DIAMINOPENTANOATE	22584	HMDB	HMDB0003374_7_shen	D-Ornithine	name_formula_mass	4	FALSE	TRUE	1.80000370164635e-09	4.50000925411587e-06
25-DIAMINOPENTANOATE	22585	HMDB	HMDB0003374_8_shen	D-Ornithine	name_formula_mass	4	FALSE	TRUE	1.80000370164635e-09	4.50000925411587e-06
25-DIAMINOPENTANOATE	22586	HMDB	HMDB0003374_9_shen	D-Ornithine	name_formula_mass	4	FALSE	TRUE	1.80000370164635e-09	4.50000925411587e-06
25-DIAMINOPENTANOATE	22587	HMDB	HMDB0003374_10_shen	D-Ornithine	name_formula_mass	4	FALSE	TRUE	1.80000370164635e-09	4.50000925411587e-06
25-DIAMINOPENTANOATE	22588	HMDB	HMDB0003374_11_shen	D-Ornithine	name_formula_mass	4	FALSE	TRUE	1.80000370164635e-09	4.50000925411587e-06
25-DIAMINOPENTANOATE	22589	HMDB	HMDB0003374_12_shen	D-Ornithine	name_formula_mass	4	FALSE	TRUE	1.80000370164635e-09	4.50000925411587e-06
25-DIAMINOPENTANOATE	22590	HMDB	HMDB0003374_13_shen	D-Ornithine	name_formula_mass	4	FALSE	TRUE	1.80000370164635e-09	4.50000925411587e-06
25-DIAMINOPENTANOATE	22591	HMDB	HMDB0003374_14_shen	D-Ornithine	name_formula_mass	4	FALSE	TRUE	1.80000370164635e-09	4.50000925411587e-06
25-DIAMINOPENTANOATE	22592	HMDB	HMDB0003374_15_shen	D-Ornithine	name_formula_mass	4	FALSE	TRUE	1.80000370164635e-09	4.50000925411587e-06
25-DIAMINOPENTANOATE	22593	HMDB	HMDB0003374_16_shen	D-Ornithine	name_formula_mass	4	FALSE	TRUE	1.80000370164635e-09	4.50000925411587e-06
25-DIAMINOPENTANOATE	22594	HMDB	HMDB0003374_17_shen	D-Ornithine	name_formula_mass	4	FALSE	TRUE	1.80000370164635e-09	4.50000925411587e-06
25-DIAMINOPENTANOATE	22595	HMDB	HMDB0003374_18_shen	D-Ornithine	name_formula_mass	4	FALSE	TRUE	1.80000370164635e-09	4.50000925411587e-06
25-DIAMINOPENTANOATE	22596	HMDB	HMDB0003374_19_shen	D-Ornithine	name_formula_mass	4	FALSE	TRUE	1.80000370164635e-09	4.50000925411587e-06
CPD-8785	22597	HMDB	HMDB0003375_1_shen	(+)-Limonene	inchikey	1	TRUE	TRUE	1.60000013238459e-09	4.00000033096148e-06
CPD-8785	22598	HMDB	HMDB0003375_2_shen	(+)-Limonene	inchikey	1	TRUE	TRUE	1.60000013238459e-09	4.00000033096148e-06
CPD-8785	22599	HMDB	HMDB0003375_3_shen	(+)-Limonene	inchikey	1	TRUE	TRUE	1.60000013238459e-09	4.00000033096148e-06
CPD-8785	22600	HMDB	HMDB0003375_4_shen	(+)-Limonene	inchikey	1	TRUE	TRUE	1.60000013238459e-09	4.00000033096148e-06
CPD-8785	22601	HMDB	HMDB0003375_5_shen	(+)-Limonene	inchikey	1	TRUE	TRUE	1.60000013238459e-09	4.00000033096148e-06
CPD-8785	22602	HMDB	HMDB0003375_6_shen	(+)-Limonene	inchikey	1	TRUE	TRUE	1.60000013238459e-09	4.00000033096148e-06
CPD-12524	22613	HMDB	HMDB0003402_1_shen	Pectin	inchikey_connectivity_formula_mass	2	FALSE	TRUE	1.69998770616075e-09	4.24996926540189e-06
CPD-12524	22614	HMDB	HMDB0003402_2_shen	Pectin	inchikey_connectivity_formula_mass	2	FALSE	TRUE	1.69998770616075e-09	4.24996926540189e-06
CPD-12524	22615	HMDB	HMDB0003402_3_shen	Pectin	inchikey_connectivity_formula_mass	2	FALSE	TRUE	1.69998770616075e-09	4.24996926540189e-06
D-SERINE	22619	HMDB	HMDB0003406_1_shen	D-Serine	inchikey	1	TRUE	TRUE	1.19999299386109e-09	2.99998248465272e-06
D-SERINE	22620	HMDB	HMDB0003406_2_shen	D-Serine	inchikey	1	TRUE	TRUE	1.19999299386109e-09	2.99998248465272e-06
D-SERINE	22621	HMDB	HMDB0003406_3_shen	D-Serine	inchikey	1	TRUE	TRUE	1.19999299386109e-09	2.99998248465272e-06
DIACETYL	22622	HMDB	HMDB0003407_1_shen	Diacetyl	inchikey	1	TRUE	TRUE	8.00000066192297e-10	2.00000016548074e-06
DIACETYL	22623	HMDB	HMDB0003407_2_shen	Diacetyl	inchikey	1	TRUE	TRUE	8.00000066192297e-10	2.00000016548074e-06
DIACETYL	22624	HMDB	HMDB0003407_3_shen	Diacetyl	inchikey	1	TRUE	TRUE	8.00000066192297e-10	2.00000016548074e-06
DIACETYL	22625	HMDB	HMDB0003407_4_shen	Diacetyl	inchikey	1	TRUE	TRUE	8.00000066192297e-10	2.00000016548074e-06
DIACETYL	22626	HMDB	HMDB0003407_5_shen	Diacetyl	inchikey	1	TRUE	TRUE	8.00000066192297e-10	2.00000016548074e-06
DIACETYL	22627	HMDB	HMDB0003407_6_shen	Diacetyl	inchikey	1	TRUE	TRUE	8.00000066192297e-10	2.00000016548074e-06
DIACETYL	22628	HMDB	HMDB0003407_7_shen	Diacetyl	inchikey	1	TRUE	TRUE	8.00000066192297e-10	2.00000016548074e-06
DIACETYL	22629	HMDB	HMDB0003407_8_shen	Diacetyl	inchikey	1	TRUE	TRUE	8.00000066192297e-10	2.00000016548074e-06
DIACETYL	22630	HMDB	HMDB0003407_9_shen	Diacetyl	inchikey	1	TRUE	TRUE	8.00000066192297e-10	2.00000016548074e-06
BERBERINE	22631	HMDB	HMDB0003409_1_shen	Berberine	inchikey	1	TRUE	TRUE	1.0078250345	2519.56258625
BERBERINE	22632	HMDB	HMDB0003409_2_shen	Berberine	inchikey	1	TRUE	TRUE	1.0078250345	2519.56258625
BERBERINE	22633	HMDB	HMDB0003409_3_shen	Berberine	inchikey	1	TRUE	TRUE	1.0078250345	2519.56258625
BERBERINE	22634	HMDB	HMDB0003409_4_shen	Berberine	inchikey	1	TRUE	TRUE	1.0078250345	2519.56258625
BERBERINE	22635	HMDB	HMDB0003409_5_shen	Berberine	inchikey	1	TRUE	TRUE	1.0078250345	2519.56258625
BERBERINE	22636	HMDB	HMDB0003409_6_shen	Berberine	inchikey	1	TRUE	TRUE	1.0078250345	2519.56258625
BERBERINE	22637	HMDB	HMDB0003409_7_shen	Berberine	inchikey	1	TRUE	TRUE	1.0078250345	2519.56258625
BERBERINE	22638	HMDB	HMDB0003409_8_shen	Berberine	inchikey	1	TRUE	TRUE	1.0078250345	2519.56258625
BERBERINE	22639	HMDB	HMDB0003409_9_shen	Berberine	inchikey	1	TRUE	TRUE	1.0078250345	2519.56258625
BERBERINE	22640	HMDB	HMDB0003409_10_shen	Berberine	inchikey	1	TRUE	TRUE	1.0078250345	2519.56258625
BERBERINE	22641	HMDB	HMDB0003409_11_shen	Berberine	inchikey	1	TRUE	TRUE	1.0078250345	2519.56258625
BERBERINE	22642	HMDB	HMDB0003409_12_shen	Berberine	inchikey	1	TRUE	TRUE	1.0078250345	2519.56258625
BERBERINE	22643	HMDB	HMDB0003409_13_shen	Berberine	inchikey	1	TRUE	TRUE	1.0078250345	2519.56258625
BERBERINE	22644	HMDB	HMDB0003409_14_shen	Berberine	inchikey	1	TRUE	TRUE	1.0078250345	2519.56258625
BERBERINE	22645	HMDB	HMDB0003409_15_shen	Berberine	inchikey	1	TRUE	TRUE	1.0078250345	2519.56258625
BERBERINE	22646	HMDB	HMDB0003409_16_shen	Berberine	inchikey	1	TRUE	TRUE	1.0078250345	2519.56258625
BERBERINE	22647	HMDB	HMDB0003409_17_shen	Berberine	inchikey	1	TRUE	TRUE	1.0078250345	2519.56258625
BERBERINE	22648	HMDB	HMDB0003409_18_shen	Berberine	inchikey	1	TRUE	TRUE	1.0078250345	2519.56258625
BERBERINE	22649	HMDB	HMDB0003409_19_shen	Berberine	inchikey	1	TRUE	TRUE	1.0078250345	2519.56258625
BERBERINE	22650	HMDB	HMDB0003409_20_shen	Berberine	inchikey	1	TRUE	TRUE	1.0078250345	2519.56258625
BERBERINE	22651	HMDB	HMDB0003409_21_shen	Berberine	inchikey	1	TRUE	TRUE	1.0078250345	2519.56258625
BERBERINE	22652	HMDB	HMDB0003409_22_shen	Berberine	inchikey	1	TRUE	TRUE	1.0078250345	2519.56258625
BERBERINE	22653	HMDB	HMDB0003409_23_shen	Berberine	inchikey	1	TRUE	TRUE	1.0078250345	2519.56258625
BERBERINE	22654	HMDB	HMDB0003409_24_shen	Berberine	inchikey	1	TRUE	TRUE	1.0078250345	2519.56258625
BERBERINE	22655	HMDB	HMDB0003409_25_shen	Berberine	inchikey	1	TRUE	TRUE	1.0078250345	2519.56258625
BERBERINE	22656	HMDB	HMDB0003409_26_shen	Berberine	inchikey	1	TRUE	TRUE	1.0078250345	2519.56258625
BERBERINE	22657	HMDB	HMDB0003409_27_shen	Berberine	inchikey	1	TRUE	TRUE	1.0078250345	2519.56258625
BERBERINE	22658	HMDB	HMDB0003409_28_shen	Berberine	inchikey	1	TRUE	TRUE	1.0078250345	2519.56258625
BERBERINE	22659	HMDB	HMDB0003409_29_shen	Berberine	inchikey	1	TRUE	TRUE	1.0078250345	2519.56258625
BERBERINE	22660	HMDB	HMDB0003409_30_shen	Berberine	inchikey	1	TRUE	TRUE	1.0078250345	2519.56258625
BERBERINE	22661	HMDB	HMDB0003409_31_shen	Berberine	inchikey	1	TRUE	TRUE	1.0078250345	2519.56258625
BERBERINE	22662	HMDB	HMDB0003409_32_shen	Berberine	inchikey	1	TRUE	TRUE	1.0078250345	2519.56258625
BERBERINE	22663	HMDB	HMDB0003409_33_shen	Berberine	inchikey	1	TRUE	TRUE	1.0078250345	2519.56258625
BERBERINE	22664	HMDB	HMDB0003409_34_shen	Berberine	inchikey	1	TRUE	TRUE	1.0078250345	2519.56258625
PRO	22665	HMDB	HMDB0003411_1_shen	D-Proline	name_formula_mass	4	TRUE	TRUE	1.29999477849196e-09	3.24998694622991e-06
PRO	22666	HMDB	HMDB0003411_2_shen	D-Proline	name_formula_mass	4	TRUE	TRUE	1.29999477849196e-09	3.24998694622991e-06
PRO	22667	HMDB	HMDB0003411_3_shen	D-Proline	name_formula_mass	4	TRUE	TRUE	1.29999477849196e-09	3.24998694622991e-06
PRO	22668	HMDB	HMDB0003411_4_shen	D-Proline	name_formula_mass	4	TRUE	TRUE	1.29999477849196e-09	3.24998694622991e-06
PRO	22669	HMDB	HMDB0003411_5_shen	D-Proline	name_formula_mass	4	TRUE	TRUE	1.29999477849196e-09	3.24998694622991e-06
GLUTAMIDE	22690	HMDB	HMDB0003423_1_shen	D-Glutamine	inchikey	1	TRUE	TRUE	1.69998770616075e-09	4.24996926540189e-06
GLUTAMIDE	22691	HMDB	HMDB0003423_2_shen	D-Glutamine	inchikey	1	TRUE	TRUE	1.69998770616075e-09	4.24996926540189e-06
GLUTAMIDE	22692	HMDB	HMDB0003423_3_shen	D-Glutamine	inchikey	1	TRUE	TRUE	1.69998770616075e-09	4.24996926540189e-06
GLUTAMIDE	22693	HMDB	HMDB0003423_4_shen	D-Glutamine	inchikey	1	TRUE	TRUE	1.69998770616075e-09	4.24996926540189e-06
GLUTAMIDE	22694	HMDB	HMDB0003423_5_shen	D-Glutamine	inchikey	1	TRUE	TRUE	1.69998770616075e-09	4.24996926540189e-06
GLUTAMIDE	22695	HMDB	HMDB0003423_6_shen	D-Glutamine	inchikey	1	TRUE	TRUE	1.69998770616075e-09	4.24996926540189e-06
GLUTAMIDE	22696	HMDB	HMDB0003423_7_shen	D-Glutamine	inchikey	1	TRUE	TRUE	1.69998770616075e-09	4.24996926540189e-06
GLUTAMIDE	22697	HMDB	HMDB0003423_8_shen	D-Glutamine	inchikey	1	TRUE	TRUE	1.69998770616075e-09	4.24996926540189e-06
GLUTAMIDE	22698	HMDB	HMDB0003423_9_shen	D-Glutamine	inchikey	1	TRUE	TRUE	1.69998770616075e-09	4.24996926540189e-06
GLUTAMIDE	22699	HMDB	HMDB0003423_10_shen	D-Glutamine	inchikey	1	TRUE	TRUE	1.69998770616075e-09	4.24996926540189e-06
GLUTAMIDE	22700	HMDB	HMDB0003423_11_shen	D-Glutamine	inchikey	1	TRUE	TRUE	1.69998770616075e-09	4.24996926540189e-06
GLUTAMIDE	22701	HMDB	HMDB0003423_12_shen	D-Glutamine	inchikey	1	TRUE	TRUE	1.69998770616075e-09	4.24996926540189e-06
GLUTAMIDE	22702	HMDB	HMDB0003423_13_shen	D-Glutamine	inchikey	1	TRUE	TRUE	1.69998770616075e-09	4.24996926540189e-06
HISTIDINOL	22709	HMDB	HMDB0003431_1_shen	L-Histidinol	inchikey_connectivity_formula_mass	2	FALSE	TRUE	1.79997527993692e-09	4.49993819984229e-06
HISTIDINOL	22710	HMDB	HMDB0003431_2_shen	L-Histidinol	inchikey_connectivity_formula_mass	2	FALSE	TRUE	1.79997527993692e-09	4.49993819984229e-06
HISTIDINOL	22711	HMDB	HMDB0003431_3_shen	L-Histidinol	inchikey_connectivity_formula_mass	2	FALSE	TRUE	1.79997527993692e-09	4.49993819984229e-06
HISTIDINOL	22712	HMDB	HMDB0003431_4_shen	L-Histidinol	inchikey_connectivity_formula_mass	2	FALSE	TRUE	1.79997527993692e-09	4.49993819984229e-06
HISTIDINOL	22713	HMDB	HMDB0003431_5_shen	L-Histidinol	inchikey_connectivity_formula_mass	2	FALSE	TRUE	1.79997527993692e-09	4.49993819984229e-06
HISTIDINOL	22714	HMDB	HMDB0003431_6_shen	L-Histidinol	inchikey_connectivity_formula_mass	2	FALSE	TRUE	1.79997527993692e-09	4.49993819984229e-06
HISTIDINOL	22715	HMDB	HMDB0003431_7_shen	L-Histidinol	inchikey_connectivity_formula_mass	2	FALSE	TRUE	1.79997527993692e-09	4.49993819984229e-06
HISTIDINOL	22716	HMDB	HMDB0003431_8_shen	L-Histidinol	inchikey_connectivity_formula_mass	2	FALSE	TRUE	1.79997527993692e-09	4.49993819984229e-06
HISTIDINOL	22717	HMDB	HMDB0003431_9_shen	L-Histidinol	inchikey_connectivity_formula_mass	2	FALSE	TRUE	1.79997527993692e-09	4.49993819984229e-06
HISTIDINOL	22718	HMDB	HMDB0003431_10_shen	L-Histidinol	inchikey_connectivity_formula_mass	2	FALSE	TRUE	1.79997527993692e-09	4.49993819984229e-06
HISTIDINOL	22719	HMDB	HMDB0003431_11_shen	L-Histidinol	inchikey_connectivity_formula_mass	2	FALSE	TRUE	1.79997527993692e-09	4.49993819984229e-06
HISTIDINOL	22720	HMDB	HMDB0003431_12_shen	L-Histidinol	inchikey_connectivity_formula_mass	2	FALSE	TRUE	1.79997527993692e-09	4.49993819984229e-06
HISTIDINOL	22721	HMDB	HMDB0003431_13_shen	L-Histidinol	inchikey_connectivity_formula_mass	2	FALSE	TRUE	1.79997527993692e-09	4.49993819984229e-06
HISTIDINOL	22722	HMDB	HMDB0003431_14_shen	L-Histidinol	inchikey_connectivity_formula_mass	2	FALSE	TRUE	1.79997527993692e-09	4.49993819984229e-06
HISTIDINOL	22723	HMDB	HMDB0003431_15_shen	L-Histidinol	inchikey_connectivity_formula_mass	2	FALSE	TRUE	1.79997527993692e-09	4.49993819984229e-06
HISTIDINOL	22724	HMDB	HMDB0003431_16_shen	L-Histidinol	inchikey_connectivity_formula_mass	2	FALSE	TRUE	1.79997527993692e-09	4.49993819984229e-06
HISTIDINOL	22725	HMDB	HMDB0003431_17_shen	L-Histidinol	inchikey_connectivity_formula_mass	2	FALSE	TRUE	1.79997527993692e-09	4.49993819984229e-06
HISTIDINOL	22726	HMDB	HMDB0003431_18_shen	L-Histidinol	inchikey_connectivity_formula_mass	2	FALSE	TRUE	1.79997527993692e-09	4.49993819984229e-06
HISTIDINOL	22727	HMDB	HMDB0003431_19_shen	L-Histidinol	inchikey_connectivity_formula_mass	2	FALSE	TRUE	1.79997527993692e-09	4.49993819984229e-06
HISTIDINOL	22728	HMDB	HMDB0003431_20_shen	L-Histidinol	inchikey_connectivity_formula_mass	2	FALSE	TRUE	1.79997527993692e-09	4.49993819984229e-06
HISTIDINOL	22729	HMDB	HMDB0003431_21_shen	L-Histidinol	inchikey_connectivity_formula_mass	2	FALSE	TRUE	1.79997527993692e-09	4.49993819984229e-06
HISTIDINOL	22730	HMDB	HMDB0003431_22_shen	L-Histidinol	inchikey_connectivity_formula_mass	2	FALSE	TRUE	1.79997527993692e-09	4.49993819984229e-06
HISTIDINOL	22731	HMDB	HMDB0003431_23_shen	L-Histidinol	inchikey_connectivity_formula_mass	2	FALSE	TRUE	1.79997527993692e-09	4.49993819984229e-06
HISTIDINOL	22732	HMDB	HMDB0003431_24_shen	L-Histidinol	inchikey_connectivity_formula_mass	2	FALSE	TRUE	1.79997527993692e-09	4.49993819984229e-06
HISTIDINOL	22733	HMDB	HMDB0003431_25_shen	L-Histidinol	inchikey_connectivity_formula_mass	2	FALSE	TRUE	1.79997527993692e-09	4.49993819984229e-06
HISTIDINOL	22734	HMDB	HMDB0003431_26_shen	L-Histidinol	inchikey_connectivity_formula_mass	2	FALSE	TRUE	1.79997527993692e-09	4.49993819984229e-06
HISTIDINOL	22735	HMDB	HMDB0003431_27_shen	L-Histidinol	inchikey_connectivity_formula_mass	2	FALSE	TRUE	1.79997527993692e-09	4.49993819984229e-06
HISTIDINOL	22736	HMDB	HMDB0003431_28_shen	L-Histidinol	inchikey_connectivity_formula_mass	2	FALSE	TRUE	1.79997527993692e-09	4.49993819984229e-06
HISTIDINOL	22737	HMDB	HMDB0003431_29_shen	L-Histidinol	inchikey_connectivity_formula_mass	2	FALSE	TRUE	1.79997527993692e-09	4.49993819984229e-06
HISTIDINOL	22738	HMDB	HMDB0003431_30_shen	L-Histidinol	inchikey_connectivity_formula_mass	2	FALSE	TRUE	1.79997527993692e-09	4.49993819984229e-06
HISTIDINOL	22739	HMDB	HMDB0003431_31_shen	L-Histidinol	inchikey_connectivity_formula_mass	2	FALSE	TRUE	1.79997527993692e-09	4.49993819984229e-06
HISTIDINOL	22740	HMDB	HMDB0003431_32_shen	L-Histidinol	inchikey_connectivity_formula_mass	2	FALSE	TRUE	1.79997527993692e-09	4.49993819984229e-06
CINNAMALDEHYDE	22741	HMDB	HMDB0003441_1_shen	Cinnamaldehyde	inchikey	1	TRUE	TRUE	9.00001850823173e-10	2.25000462705793e-06
CINNAMALDEHYDE	22742	HMDB	HMDB0003441_2_shen	Cinnamaldehyde	inchikey	1	TRUE	TRUE	9.00001850823173e-10	2.25000462705793e-06
CINNAMALDEHYDE	22743	HMDB	HMDB0003441_3_shen	Cinnamaldehyde	inchikey	1	TRUE	TRUE	9.00001850823173e-10	2.25000462705793e-06
CINNAMALDEHYDE	22744	HMDB	HMDB0003441_4_shen	Cinnamaldehyde	inchikey	1	TRUE	TRUE	9.00001850823173e-10	2.25000462705793e-06
CINNAMALDEHYDE	22745	HMDB	HMDB0003441_5_shen	Cinnamaldehyde	inchikey	1	TRUE	TRUE	9.00001850823173e-10	2.25000462705793e-06
CINNAMALDEHYDE	22746	HMDB	HMDB0003441_6_shen	Cinnamaldehyde	inchikey	1	TRUE	TRUE	9.00001850823173e-10	2.25000462705793e-06
CINNAMALDEHYDE	22747	HMDB	HMDB0003441_7_shen	Cinnamaldehyde	inchikey	1	TRUE	TRUE	9.00001850823173e-10	2.25000462705793e-06
CINNAMALDEHYDE	22748	HMDB	HMDB0003441_8_shen	Cinnamaldehyde	inchikey	1	TRUE	TRUE	9.00001850823173e-10	2.25000462705793e-06
CINNAMALDEHYDE	22749	HMDB	HMDB0003441_9_shen	Cinnamaldehyde	inchikey	1	TRUE	TRUE	9.00001850823173e-10	2.25000462705793e-06
CINNAMALDEHYDE	22750	HMDB	HMDB0003441_10_shen	Cinnamaldehyde	inchikey	1	TRUE	TRUE	9.00001850823173e-10	2.25000462705793e-06
CINNAMALDEHYDE	22751	HMDB	HMDB0003441_11_shen	Cinnamaldehyde	inchikey	1	TRUE	TRUE	9.00001850823173e-10	2.25000462705793e-06
CINNAMALDEHYDE	22752	HMDB	HMDB0003441_12_shen	Cinnamaldehyde	inchikey	1	TRUE	TRUE	9.00001850823173e-10	2.25000462705793e-06
CINNAMALDEHYDE	22753	HMDB	HMDB0003441_13_shen	Cinnamaldehyde	inchikey	1	TRUE	TRUE	9.00001850823173e-10	2.25000462705793e-06
GALACTOSE	22778	HMDB	HMDB0003449_1_shen	beta-D-Galactose	inchikey	1	TRUE	TRUE	1.80000370164635e-09	4.50000925411587e-06
GALACTOSE	22779	HMDB	HMDB0003449_2_shen	beta-D-Galactose	inchikey	1	TRUE	TRUE	1.80000370164635e-09	4.50000925411587e-06
GALACTOSE	22780	HMDB	HMDB0003449_3_shen	beta-D-Galactose	inchikey	1	TRUE	TRUE	1.80000370164635e-09	4.50000925411587e-06
GALACTOSE	22781	HMDB	HMDB0003449_4_shen	beta-D-Galactose	inchikey	1	TRUE	TRUE	1.80000370164635e-09	4.50000925411587e-06
L-GULONO-1-4-LACTONE	22831	HMDB	HMDB0003466_1_shen	L-Gulonolactone	inchikey	1	TRUE	TRUE	1.60000013238459e-09	4.00000033096148e-06
L-GULONO-1-4-LACTONE	22832	HMDB	HMDB0003466_2_shen	L-Gulonolactone	inchikey	1	TRUE	TRUE	1.60000013238459e-09	4.00000033096148e-06
L-GULONO-1-4-LACTONE	22833	HMDB	HMDB0003466_3_shen	L-Gulonolactone	inchikey	1	TRUE	TRUE	1.60000013238459e-09	4.00000033096148e-06
L-GULONO-1-4-LACTONE	22834	HMDB	HMDB0003466_4_shen	L-Gulonolactone	inchikey	1	TRUE	TRUE	1.60000013238459e-09	4.00000033096148e-06
L-GULONO-1-4-LACTONE	22835	HMDB	HMDB0003466_5_shen	L-Gulonolactone	inchikey	1	TRUE	TRUE	1.60000013238459e-09	4.00000033096148e-06
L-GULONO-1-4-LACTONE	22836	HMDB	HMDB0003466_6_shen	L-Gulonolactone	inchikey	1	TRUE	TRUE	1.60000013238459e-09	4.00000033096148e-06
CPD-8098	22859	HMDB	HMDB0003501_1_shen	cis-Caffeic acid	inchikey_connectivity_formula_mass	2	FALSE	TRUE	1.19999299386109e-09	2.99998248465272e-06
CPD-8098	22860	HMDB	HMDB0003501_2_shen	cis-Caffeic acid	inchikey_connectivity_formula_mass	2	FALSE	TRUE	1.19999299386109e-09	2.99998248465272e-06
CPD-8098	22861	HMDB	HMDB0003501_3_shen	cis-Caffeic acid	inchikey_connectivity_formula_mass	2	FALSE	TRUE	1.19999299386109e-09	2.99998248465272e-06
CPD-8098	22862	HMDB	HMDB0003501_4_shen	cis-Caffeic acid	inchikey_connectivity_formula_mass	2	FALSE	TRUE	1.19999299386109e-09	2.99998248465272e-06
CPD-8098	22863	HMDB	HMDB0003501_5_shen	cis-Caffeic acid	inchikey_connectivity_formula_mass	2	FALSE	TRUE	1.19999299386109e-09	2.99998248465272e-06
CPD-8098	22864	HMDB	HMDB0003501_6_shen	cis-Caffeic acid	inchikey_connectivity_formula_mass	2	FALSE	TRUE	1.19999299386109e-09	2.99998248465272e-06
CPD-8098	22865	HMDB	HMDB0003501_7_shen	cis-Caffeic acid	inchikey_connectivity_formula_mass	2	FALSE	TRUE	1.19999299386109e-09	2.99998248465272e-06
CPD-8098	22866	HMDB	HMDB0003501_8_shen	cis-Caffeic acid	inchikey_connectivity_formula_mass	2	FALSE	TRUE	1.19999299386109e-09	2.99998248465272e-06
CPD-8098	22867	HMDB	HMDB0003501_9_shen	cis-Caffeic acid	inchikey_connectivity_formula_mass	2	FALSE	TRUE	1.19999299386109e-09	2.99998248465272e-06
CPD-8098	22868	HMDB	HMDB0003501_10_shen	cis-Caffeic acid	inchikey_connectivity_formula_mass	2	FALSE	TRUE	1.19999299386109e-09	2.99998248465272e-06
CPD-8098	22869	HMDB	HMDB0003501_11_shen	cis-Caffeic acid	inchikey_connectivity_formula_mass	2	FALSE	TRUE	1.19999299386109e-09	2.99998248465272e-06
CPD-8098	22870	HMDB	HMDB0003501_12_shen	cis-Caffeic acid	inchikey_connectivity_formula_mass	2	FALSE	TRUE	1.19999299386109e-09	2.99998248465272e-06
CPD-8098	22871	HMDB	HMDB0003501_13_shen	cis-Caffeic acid	inchikey_connectivity_formula_mass	2	FALSE	TRUE	1.19999299386109e-09	2.99998248465272e-06
CPD-8098	22872	HMDB	HMDB0003501_14_shen	cis-Caffeic acid	inchikey_connectivity_formula_mass	2	FALSE	TRUE	1.19999299386109e-09	2.99998248465272e-06
CPD-8098	22873	HMDB	HMDB0003501_15_shen	cis-Caffeic acid	inchikey_connectivity_formula_mass	2	FALSE	TRUE	1.19999299386109e-09	2.99998248465272e-06
CPD-8098	22874	HMDB	HMDB0003501_16_shen	cis-Caffeic acid	inchikey_connectivity_formula_mass	2	FALSE	TRUE	1.19999299386109e-09	2.99998248465272e-06
CPD-8098	22875	HMDB	HMDB0003501_17_shen	cis-Caffeic acid	inchikey_connectivity_formula_mass	2	FALSE	TRUE	1.19999299386109e-09	2.99998248465272e-06
CPD-8098	22876	HMDB	HMDB0003501_18_shen	cis-Caffeic acid	inchikey_connectivity_formula_mass	2	FALSE	TRUE	1.19999299386109e-09	2.99998248465272e-06
CPD-8098	22877	HMDB	HMDB0003501_19_shen	cis-Caffeic acid	inchikey_connectivity_formula_mass	2	FALSE	TRUE	1.19999299386109e-09	2.99998248465272e-06
CPD-8098	22878	HMDB	HMDB0003501_20_shen	cis-Caffeic acid	inchikey_connectivity_formula_mass	2	FALSE	TRUE	1.19999299386109e-09	2.99998248465272e-06
CPD-8098	22879	HMDB	HMDB0003501_21_shen	cis-Caffeic acid	inchikey_connectivity_formula_mass	2	FALSE	TRUE	1.19999299386109e-09	2.99998248465272e-06
CPD-8098	22880	HMDB	HMDB0003501_22_shen	cis-Caffeic acid	inchikey_connectivity_formula_mass	2	FALSE	TRUE	1.19999299386109e-09	2.99998248465272e-06
CPD-8098	22881	HMDB	HMDB0003501_23_shen	cis-Caffeic acid	inchikey_connectivity_formula_mass	2	FALSE	TRUE	1.19999299386109e-09	2.99998248465272e-06
CPD-8098	22882	HMDB	HMDB0003501_24_shen	cis-Caffeic acid	inchikey_connectivity_formula_mass	2	FALSE	TRUE	1.19999299386109e-09	2.99998248465272e-06
CPD-8098	22883	HMDB	HMDB0003501_25_shen	cis-Caffeic acid	inchikey_connectivity_formula_mass	2	FALSE	TRUE	1.19999299386109e-09	2.99998248465272e-06
CPD-8098	22884	HMDB	HMDB0003501_26_shen	cis-Caffeic acid	inchikey_connectivity_formula_mass	2	FALSE	TRUE	1.19999299386109e-09	2.99998248465272e-06
CPD-8098	22885	HMDB	HMDB0003501_27_shen	cis-Caffeic acid	inchikey_connectivity_formula_mass	2	FALSE	TRUE	1.19999299386109e-09	2.99998248465272e-06
CPD-3706	23077	HMDB	HMDB0003540_1_shen	3'-AMP	inchikey_connectivity_formula_mass	2	FALSE	TRUE	1.0999769983755e-09	2.74994249593874e-06
CPD-3706	23078	HMDB	HMDB0003540_2_shen	3'-AMP	inchikey_connectivity_formula_mass	2	FALSE	TRUE	1.0999769983755e-09	2.74994249593874e-06
CPD-3706	23079	HMDB	HMDB0003540_3_shen	3'-AMP	inchikey_connectivity_formula_mass	2	FALSE	TRUE	1.0999769983755e-09	2.74994249593874e-06
CPD-3706	23080	HMDB	HMDB0003540_4_shen	3'-AMP	inchikey_connectivity_formula_mass	2	FALSE	TRUE	1.0999769983755e-09	2.74994249593874e-06
CPD-3706	23081	HMDB	HMDB0003540_5_shen	3'-AMP	inchikey_connectivity_formula_mass	2	FALSE	TRUE	1.0999769983755e-09	2.74994249593874e-06
CPD-3706	23082	HMDB	HMDB0003540_6_shen	3'-AMP	inchikey_connectivity_formula_mass	2	FALSE	TRUE	1.0999769983755e-09	2.74994249593874e-06
CPD-3706	23083	HMDB	HMDB0003540_7_shen	3'-AMP	inchikey_connectivity_formula_mass	2	FALSE	TRUE	1.0999769983755e-09	2.74994249593874e-06
CPD-3706	23084	HMDB	HMDB0003540_8_shen	3'-AMP	inchikey_connectivity_formula_mass	2	FALSE	TRUE	1.0999769983755e-09	2.74994249593874e-06
BUTANAL	23085	HMDB	HMDB0003543_1_shen	Butanal	inchikey	1	TRUE	TRUE	8.99987639968458e-10	2.24996909992115e-06
BUTANAL	23086	HMDB	HMDB0003543_2_shen	Butanal	inchikey	1	TRUE	TRUE	8.99987639968458e-10	2.24996909992115e-06
BUTANAL	23087	HMDB	HMDB0003543_3_shen	Butanal	inchikey	1	TRUE	TRUE	8.99987639968458e-10	2.24996909992115e-06
BUTANAL	23088	HMDB	HMDB0003543_4_shen	Butanal	inchikey	1	TRUE	TRUE	8.99987639968458e-10	2.24996909992115e-06
BUTANAL	23089	HMDB	HMDB0003543_5_shen	Butanal	inchikey	1	TRUE	TRUE	8.99987639968458e-10	2.24996909992115e-06
BUTANAL	23090	HMDB	HMDB0003543_6_shen	Butanal	inchikey	1	TRUE	TRUE	8.99987639968458e-10	2.24996909992115e-06
BUTANAL	23091	HMDB	HMDB0003543_7_shen	Butanal	inchikey	1	TRUE	TRUE	8.99987639968458e-10	2.24996909992115e-06
BUTANAL	23092	HMDB	HMDB0003543_8_shen	Butanal	inchikey	1	TRUE	TRUE	8.99987639968458e-10	2.24996909992115e-06
BUTANAL	23093	HMDB	HMDB0003543_9_shen	Butanal	inchikey	1	TRUE	TRUE	8.99987639968458e-10	2.24996909992115e-06
BUTANAL	23094	HMDB	HMDB0003543_10_shen	Butanal	inchikey	1	TRUE	TRUE	8.99987639968458e-10	2.24996909992115e-06
CPD-1142	23095	HMDB	HMDB0003546_1_shen	Salicin	inchikey	1	TRUE	TRUE	2.49997356149834e-09	6.24993390374584e-06
CPD-1142	23096	HMDB	HMDB0003546_2_shen	Salicin	inchikey	1	TRUE	TRUE	2.49997356149834e-09	6.24993390374584e-06
CPD-1142	23097	HMDB	HMDB0003546_3_shen	Salicin	inchikey	1	TRUE	TRUE	2.49997356149834e-09	6.24993390374584e-06
CPD-1142	23098	HMDB	HMDB0003546_4_shen	Salicin	inchikey	1	TRUE	TRUE	2.49997356149834e-09	6.24993390374584e-06
CPD-1142	23099	HMDB	HMDB0003546_5_shen	Salicin	inchikey	1	TRUE	TRUE	2.49997356149834e-09	6.24993390374584e-06
CPD-1142	23100	HMDB	HMDB0003546_6_shen	Salicin	inchikey	1	TRUE	TRUE	2.49997356149834e-09	6.24993390374584e-06
CPD-1142	23101	HMDB	HMDB0003546_7_shen	Salicin	inchikey	1	TRUE	TRUE	2.49997356149834e-09	6.24993390374584e-06
CPD-1142	23102	HMDB	HMDB0003546_8_shen	Salicin	inchikey	1	TRUE	TRUE	2.49997356149834e-09	6.24993390374584e-06
CPD-1142	23103	HMDB	HMDB0003546_9_shen	Salicin	inchikey	1	TRUE	TRUE	2.49997356149834e-09	6.24993390374584e-06
CPD-1142	23104	HMDB	HMDB0003546_10_shen	Salicin	inchikey	1	TRUE	TRUE	2.49997356149834e-09	6.24993390374584e-06
CPD-1142	23105	HMDB	HMDB0003546_11_shen	Salicin	inchikey	1	TRUE	TRUE	2.49997356149834e-09	6.24993390374584e-06
CPD-1142	23106	HMDB	HMDB0003546_12_shen	Salicin	inchikey	1	TRUE	TRUE	2.49997356149834e-09	6.24993390374584e-06
CPD-1142	23107	HMDB	HMDB0003546_13_shen	Salicin	inchikey	1	TRUE	TRUE	2.49997356149834e-09	6.24993390374584e-06
CPD-1142	23108	HMDB	HMDB0003546_14_shen	Salicin	inchikey	1	TRUE	TRUE	2.49997356149834e-09	6.24993390374584e-06
CPD-1142	23109	HMDB	HMDB0003546_15_shen	Salicin	inchikey	1	TRUE	TRUE	2.49997356149834e-09	6.24993390374584e-06
CPD-1142	23110	HMDB	HMDB0003546_16_shen	Salicin	inchikey	1	TRUE	TRUE	2.49997356149834e-09	6.24993390374584e-06
CPD-1142	23111	HMDB	HMDB0003546_17_shen	Salicin	inchikey	1	TRUE	TRUE	2.49997356149834e-09	6.24993390374584e-06
CPD-170	23112	HMDB	HMDB0003553_1_shen	Stachyose	inchikey	1	TRUE	TRUE	6.29995611234335e-09	9.45624349125535e-06
CPD-170	23113	HMDB	HMDB0003553_2_shen	Stachyose	inchikey	1	TRUE	TRUE	6.29995611234335e-09	9.45624349125535e-06
CPD-170	23114	HMDB	HMDB0003553_3_shen	Stachyose	inchikey	1	TRUE	TRUE	6.29995611234335e-09	9.45624349125535e-06
CPD-170	23115	HMDB	HMDB0003553_4_shen	Stachyose	inchikey	1	TRUE	TRUE	6.29995611234335e-09	9.45624349125535e-06
CPD-170	23116	HMDB	HMDB0003553_5_shen	Stachyose	inchikey	1	TRUE	TRUE	6.29995611234335e-09	9.45624349125535e-06
CPD-170	23117	HMDB	HMDB0003553_6_shen	Stachyose	inchikey	1	TRUE	TRUE	6.29995611234335e-09	9.45624349125535e-06
CPD-170	23118	HMDB	HMDB0003553_7_shen	Stachyose	inchikey	1	TRUE	TRUE	6.29995611234335e-09	9.45624349125535e-06
GIBBERELLIN	23119	HMDB	HMDB0003559_1_shen	Gibberellin A3	name_formula_mass	4	FALSE	TRUE	2.79999312624568e-09	6.9999828156142e-06
GIBBERELLIN	23120	HMDB	HMDB0003559_2_shen	Gibberellin A3	name_formula_mass	4	FALSE	TRUE	2.79999312624568e-09	6.9999828156142e-06
GIBBERELLIN	23121	HMDB	HMDB0003559_3_shen	Gibberellin A3	name_formula_mass	4	FALSE	TRUE	2.79999312624568e-09	6.9999828156142e-06
GIBBERELLIN	23122	HMDB	HMDB0003559_4_shen	Gibberellin A3	name_formula_mass	4	FALSE	TRUE	2.79999312624568e-09	6.9999828156142e-06
GIBBERELLIN	23123	HMDB	HMDB0003559_5_shen	Gibberellin A3	name_formula_mass	4	FALSE	TRUE	2.79999312624568e-09	6.9999828156142e-06
GIBBERELLIN	23124	HMDB	HMDB0003559_6_shen	Gibberellin A3	name_formula_mass	4	FALSE	TRUE	2.79999312624568e-09	6.9999828156142e-06
GIBBERELLIN	23125	HMDB	HMDB0003559_7_shen	Gibberellin A3	name_formula_mass	4	FALSE	TRUE	2.79999312624568e-09	6.9999828156142e-06
GIBBERELLIN	23126	HMDB	HMDB0003559_8_shen	Gibberellin A3	name_formula_mass	4	FALSE	TRUE	2.79999312624568e-09	6.9999828156142e-06
GIBBERELLIN	23127	HMDB	HMDB0003559_9_shen	Gibberellin A3	name_formula_mass	4	FALSE	TRUE	2.79999312624568e-09	6.9999828156142e-06
GIBBERELLIN	23128	HMDB	HMDB0003559_10_shen	Gibberellin A3	name_formula_mass	4	FALSE	TRUE	2.79999312624568e-09	6.9999828156142e-06
GIBBERELLIN	23129	HMDB	HMDB0003559_11_shen	Gibberellin A3	name_formula_mass	4	FALSE	TRUE	2.79999312624568e-09	6.9999828156142e-06
GIBBERELLIN	23130	HMDB	HMDB0003559_12_shen	Gibberellin A3	name_formula_mass	4	FALSE	TRUE	2.79999312624568e-09	6.9999828156142e-06
GIBBERELLIN	23131	HMDB	HMDB0003559_13_shen	Gibberellin A3	name_formula_mass	4	FALSE	TRUE	2.79999312624568e-09	6.9999828156142e-06
GIBBERELLIN	23132	HMDB	HMDB0003559_14_shen	Gibberellin A3	name_formula_mass	4	FALSE	TRUE	2.79999312624568e-09	6.9999828156142e-06
GIBBERELLIN	23133	HMDB	HMDB0003559_15_shen	Gibberellin A3	name_formula_mass	4	FALSE	TRUE	2.79999312624568e-09	6.9999828156142e-06
GIBBERELLIN	23134	HMDB	HMDB0003559_16_shen	Gibberellin A3	name_formula_mass	4	FALSE	TRUE	2.79999312624568e-09	6.9999828156142e-06
GIBBERELLIN	23135	HMDB	HMDB0003559_17_shen	Gibberellin A3	name_formula_mass	4	FALSE	TRUE	2.79999312624568e-09	6.9999828156142e-06
GIBBERELLIN	23136	HMDB	HMDB0003559_18_shen	Gibberellin A3	name_formula_mass	4	FALSE	TRUE	2.79999312624568e-09	6.9999828156142e-06
GIBBERELLIN	23137	HMDB	HMDB0003559_19_shen	Gibberellin A3	name_formula_mass	4	FALSE	TRUE	2.79999312624568e-09	6.9999828156142e-06
GIBBERELLIN	23138	HMDB	HMDB0003559_20_shen	Gibberellin A3	name_formula_mass	4	FALSE	TRUE	2.79999312624568e-09	6.9999828156142e-06
GIBBERELLIN	23139	HMDB	HMDB0003559_21_shen	Gibberellin A3	name_formula_mass	4	FALSE	TRUE	2.79999312624568e-09	6.9999828156142e-06
GIBBERELLIN	23140	HMDB	HMDB0003559_22_shen	Gibberellin A3	name_formula_mass	4	FALSE	TRUE	2.79999312624568e-09	6.9999828156142e-06
GIBBERELLIN	23141	HMDB	HMDB0003559_23_shen	Gibberellin A3	name_formula_mass	4	FALSE	TRUE	2.79999312624568e-09	6.9999828156142e-06
CPD-6981	23142	HMDB	HMDB0003572_1_shen	Rosmarinic acid	inchikey_connectivity_formula_mass	2	FALSE	TRUE	2.39998598772218e-09	5.99996496930544e-06
CPD-6981	23143	HMDB	HMDB0003572_2_shen	Rosmarinic acid	inchikey_connectivity_formula_mass	2	FALSE	TRUE	2.39998598772218e-09	5.99996496930544e-06
CPD-6981	23144	HMDB	HMDB0003572_3_shen	Rosmarinic acid	inchikey_connectivity_formula_mass	2	FALSE	TRUE	2.39998598772218e-09	5.99996496930544e-06
CPD-6981	23145	HMDB	HMDB0003572_4_shen	Rosmarinic acid	inchikey_connectivity_formula_mass	2	FALSE	TRUE	2.39998598772218e-09	5.99996496930544e-06
CPD-6981	23146	HMDB	HMDB0003572_5_shen	Rosmarinic acid	inchikey_connectivity_formula_mass	2	FALSE	TRUE	2.39998598772218e-09	5.99996496930544e-06
CPD-6981	23147	HMDB	HMDB0003572_6_shen	Rosmarinic acid	inchikey_connectivity_formula_mass	2	FALSE	TRUE	2.39998598772218e-09	5.99996496930544e-06
CPD-6981	23148	HMDB	HMDB0003572_7_shen	Rosmarinic acid	inchikey_connectivity_formula_mass	2	FALSE	TRUE	2.39998598772218e-09	5.99996496930544e-06
CPD-6981	23149	HMDB	HMDB0003572_8_shen	Rosmarinic acid	inchikey_connectivity_formula_mass	2	FALSE	TRUE	2.39998598772218e-09	5.99996496930544e-06
CPD-6981	23150	HMDB	HMDB0003572_9_shen	Rosmarinic acid	inchikey_connectivity_formula_mass	2	FALSE	TRUE	2.39998598772218e-09	5.99996496930544e-06
CPD-6981	23151	HMDB	HMDB0003572_10_shen	Rosmarinic acid	inchikey_connectivity_formula_mass	2	FALSE	TRUE	2.39998598772218e-09	5.99996496930544e-06
CPD-6981	23152	HMDB	HMDB0003572_11_shen	Rosmarinic acid	inchikey_connectivity_formula_mass	2	FALSE	TRUE	2.39998598772218e-09	5.99996496930544e-06
CPD-6981	23153	HMDB	HMDB0003572_12_shen	Rosmarinic acid	inchikey_connectivity_formula_mass	2	FALSE	TRUE	2.39998598772218e-09	5.99996496930544e-06
CPD-6981	23154	HMDB	HMDB0003572_13_shen	Rosmarinic acid	inchikey_connectivity_formula_mass	2	FALSE	TRUE	2.39998598772218e-09	5.99996496930544e-06
CPD-6981	23155	HMDB	HMDB0003572_14_shen	Rosmarinic acid	inchikey_connectivity_formula_mass	2	FALSE	TRUE	2.39998598772218e-09	5.99996496930544e-06
CPD-6981	23156	HMDB	HMDB0003572_15_shen	Rosmarinic acid	inchikey_connectivity_formula_mass	2	FALSE	TRUE	2.39998598772218e-09	5.99996496930544e-06
CPD-6981	23157	HMDB	HMDB0003572_16_shen	Rosmarinic acid	inchikey_connectivity_formula_mass	2	FALSE	TRUE	2.39998598772218e-09	5.99996496930544e-06
CPD-6981	23158	HMDB	HMDB0003572_17_shen	Rosmarinic acid	inchikey_connectivity_formula_mass	2	FALSE	TRUE	2.39998598772218e-09	5.99996496930544e-06
CPD-6981	23159	HMDB	HMDB0003572_18_shen	Rosmarinic acid	inchikey_connectivity_formula_mass	2	FALSE	TRUE	2.39998598772218e-09	5.99996496930544e-06
CPD-6981	23160	HMDB	HMDB0003572_19_shen	Rosmarinic acid	inchikey_connectivity_formula_mass	2	FALSE	TRUE	2.39998598772218e-09	5.99996496930544e-06
SCOPOLAMINE	23161	HMDB	HMDB0003573_1_shen	Scopolamine	inchikey	1	TRUE	TRUE	2.70000555246952e-09	6.7500138811738e-06
SCOPOLAMINE	23162	HMDB	HMDB0003573_2_shen	Scopolamine	inchikey	1	TRUE	TRUE	2.70000555246952e-09	6.7500138811738e-06
SCOPOLAMINE	23163	HMDB	HMDB0003573_3_shen	Scopolamine	inchikey	1	TRUE	TRUE	2.70000555246952e-09	6.7500138811738e-06
SCOPOLAMINE	23164	HMDB	HMDB0003573_4_shen	Scopolamine	inchikey	1	TRUE	TRUE	2.70000555246952e-09	6.7500138811738e-06
SCOPOLAMINE	23165	HMDB	HMDB0003573_5_shen	Scopolamine	inchikey	1	TRUE	TRUE	2.70000555246952e-09	6.7500138811738e-06
SCOPOLAMINE	23166	HMDB	HMDB0003573_6_shen	Scopolamine	inchikey	1	TRUE	TRUE	2.70000555246952e-09	6.7500138811738e-06
SCOPOLAMINE	23167	HMDB	HMDB0003573_7_shen	Scopolamine	inchikey	1	TRUE	TRUE	2.70000555246952e-09	6.7500138811738e-06
SCOPOLAMINE	23168	HMDB	HMDB0003573_8_shen	Scopolamine	inchikey	1	TRUE	TRUE	2.70000555246952e-09	6.7500138811738e-06
SCOPOLAMINE	23169	HMDB	HMDB0003573_9_shen	Scopolamine	inchikey	1	TRUE	TRUE	2.70000555246952e-09	6.7500138811738e-06
SCOPOLAMINE	23170	HMDB	HMDB0003573_10_shen	Scopolamine	inchikey	1	TRUE	TRUE	2.70000555246952e-09	6.7500138811738e-06
SCOPOLAMINE	23171	HMDB	HMDB0003573_11_shen	Scopolamine	inchikey	1	TRUE	TRUE	2.70000555246952e-09	6.7500138811738e-06
SCOPOLAMINE	23172	HMDB	HMDB0003573_12_shen	Scopolamine	inchikey	1	TRUE	TRUE	2.70000555246952e-09	6.7500138811738e-06
SCOPOLAMINE	23173	HMDB	HMDB0003573_13_shen	Scopolamine	inchikey	1	TRUE	TRUE	2.70000555246952e-09	6.7500138811738e-06
SCOPOLAMINE	23174	HMDB	HMDB0003573_14_shen	Scopolamine	inchikey	1	TRUE	TRUE	2.70000555246952e-09	6.7500138811738e-06
SCOPOLAMINE	23175	HMDB	HMDB0003573_15_shen	Scopolamine	inchikey	1	TRUE	TRUE	2.70000555246952e-09	6.7500138811738e-06
DETHIOBIOTIN	23176	HMDB	HMDB0003581_1_shen	Dethiobiotin	inchikey_connectivity_formula_mass	2	FALSE	TRUE	2.50000198320777e-09	6.25000495801942e-06
DETHIOBIOTIN	23177	HMDB	HMDB0003581_2_shen	Dethiobiotin	inchikey_connectivity_formula_mass	2	FALSE	TRUE	2.50000198320777e-09	6.25000495801942e-06
DETHIOBIOTIN	23178	HMDB	HMDB0003581_3_shen	Dethiobiotin	inchikey_connectivity_formula_mass	2	FALSE	TRUE	2.50000198320777e-09	6.25000495801942e-06
DETHIOBIOTIN	23179	HMDB	HMDB0003581_4_shen	Dethiobiotin	inchikey_connectivity_formula_mass	2	FALSE	TRUE	2.50000198320777e-09	6.25000495801942e-06
DETHIOBIOTIN	23180	HMDB	HMDB0003581_5_shen	Dethiobiotin	inchikey_connectivity_formula_mass	2	FALSE	TRUE	2.50000198320777e-09	6.25000495801942e-06
DETHIOBIOTIN	23181	HMDB	HMDB0003581_6_shen	Dethiobiotin	inchikey_connectivity_formula_mass	2	FALSE	TRUE	2.50000198320777e-09	6.25000495801942e-06
DETHIOBIOTIN	23182	HMDB	HMDB0003581_7_shen	Dethiobiotin	inchikey_connectivity_formula_mass	2	FALSE	TRUE	2.50000198320777e-09	6.25000495801942e-06
DETHIOBIOTIN	23183	HMDB	HMDB0003581_8_shen	Dethiobiotin	inchikey_connectivity_formula_mass	2	FALSE	TRUE	2.50000198320777e-09	6.25000495801942e-06
DETHIOBIOTIN	23184	HMDB	HMDB0003581_9_shen	Dethiobiotin	inchikey_connectivity_formula_mass	2	FALSE	TRUE	2.50000198320777e-09	6.25000495801942e-06
DETHIOBIOTIN	23185	HMDB	HMDB0003581_10_shen	Dethiobiotin	inchikey_connectivity_formula_mass	2	FALSE	TRUE	2.50000198320777e-09	6.25000495801942e-06
DETHIOBIOTIN	23186	HMDB	HMDB0003581_11_shen	Dethiobiotin	inchikey_connectivity_formula_mass	2	FALSE	TRUE	2.50000198320777e-09	6.25000495801942e-06
DETHIOBIOTIN	23187	HMDB	HMDB0003581_12_shen	Dethiobiotin	inchikey_connectivity_formula_mass	2	FALSE	TRUE	2.50000198320777e-09	6.25000495801942e-06
DETHIOBIOTIN	23188	HMDB	HMDB0003581_13_shen	Dethiobiotin	inchikey_connectivity_formula_mass	2	FALSE	TRUE	2.50000198320777e-09	6.25000495801942e-06
DETHIOBIOTIN	23189	HMDB	HMDB0003581_14_shen	Dethiobiotin	inchikey_connectivity_formula_mass	2	FALSE	TRUE	2.50000198320777e-09	6.25000495801942e-06
DETHIOBIOTIN	23190	HMDB	HMDB0003581_15_shen	Dethiobiotin	inchikey_connectivity_formula_mass	2	FALSE	TRUE	2.50000198320777e-09	6.25000495801942e-06
Perillyl-Alcohols	23192	HMDB	HMDB0003634_1_shen	Perillyl alcohol	inchikey	1	TRUE	TRUE	6.9999828156142e-10	1.74999570390355e-06
Perillyl-Alcohols	23193	HMDB	HMDB0003634_2_shen	Perillyl alcohol	inchikey	1	TRUE	TRUE	6.9999828156142e-10	1.74999570390355e-06
Perillyl-Alcohols	23194	HMDB	HMDB0003634_3_shen	Perillyl alcohol	inchikey	1	TRUE	TRUE	6.9999828156142e-10	1.74999570390355e-06
Perillyl-Alcohols	23195	HMDB	HMDB0003634_4_shen	Perillyl alcohol	inchikey	1	TRUE	TRUE	6.9999828156142e-10	1.74999570390355e-06
CPD-1084	23219	HMDB	HMDB0003647_1_shen	Perillyl aldehyde	inchikey	1	TRUE	TRUE	4.99994712299667e-10	1.24998678074917e-06
CPD-1084	23220	HMDB	HMDB0003647_2_shen	Perillyl aldehyde	inchikey	1	TRUE	TRUE	4.99994712299667e-10	1.24998678074917e-06
CPD-1084	23221	HMDB	HMDB0003647_3_shen	Perillyl aldehyde	inchikey	1	TRUE	TRUE	4.99994712299667e-10	1.24998678074917e-06
CPD-1084	23222	HMDB	HMDB0003647_4_shen	Perillyl aldehyde	inchikey	1	TRUE	TRUE	4.99994712299667e-10	1.24998678074917e-06
CPD-1084	23223	HMDB	HMDB0003647_5_shen	Perillyl aldehyde	inchikey	1	TRUE	TRUE	4.99994712299667e-10	1.24998678074917e-06
CPD-1084	23224	HMDB	HMDB0003647_6_shen	Perillyl aldehyde	inchikey	1	TRUE	TRUE	4.99994712299667e-10	1.24998678074917e-06
CPD-1084	23225	HMDB	HMDB0003647_7_shen	Perillyl aldehyde	inchikey	1	TRUE	TRUE	4.99994712299667e-10	1.24998678074917e-06
CPD-1084	23226	HMDB	HMDB0003647_8_shen	Perillyl aldehyde	inchikey	1	TRUE	TRUE	4.99994712299667e-10	1.24998678074917e-06
CPD-1084	23227	HMDB	HMDB0003647_9_shen	Perillyl aldehyde	inchikey	1	TRUE	TRUE	4.99994712299667e-10	1.24998678074917e-06
CPD-1084	23228	HMDB	HMDB0003647_10_shen	Perillyl aldehyde	inchikey	1	TRUE	TRUE	4.99994712299667e-10	1.24998678074917e-06
CPD-1084	23229	HMDB	HMDB0003647_11_shen	Perillyl aldehyde	inchikey	1	TRUE	TRUE	4.99994712299667e-10	1.24998678074917e-06
CPD-1084	23230	HMDB	HMDB0003647_12_shen	Perillyl aldehyde	inchikey	1	TRUE	TRUE	4.99994712299667e-10	1.24998678074917e-06
CPD-1084	23231	HMDB	HMDB0003647_13_shen	Perillyl aldehyde	inchikey	1	TRUE	TRUE	4.99994712299667e-10	1.24998678074917e-06
CPD-1084	23232	HMDB	HMDB0003647_14_shen	Perillyl aldehyde	inchikey	1	TRUE	TRUE	4.99994712299667e-10	1.24998678074917e-06
CPD-1084	23233	HMDB	HMDB0003647_15_shen	Perillyl aldehyde	inchikey	1	TRUE	TRUE	4.99994712299667e-10	1.24998678074917e-06
CPD-1084	23234	HMDB	HMDB0003647_16_shen	Perillyl aldehyde	inchikey	1	TRUE	TRUE	4.99994712299667e-10	1.24998678074917e-06
CPD-1084	23235	HMDB	HMDB0003647_17_shen	Perillyl aldehyde	inchikey	1	TRUE	TRUE	4.99994712299667e-10	1.24998678074917e-06
CPD-1084	23236	HMDB	HMDB0003647_18_shen	Perillyl aldehyde	inchikey	1	TRUE	TRUE	4.99994712299667e-10	1.24998678074917e-06
CPD-1084	23237	HMDB	HMDB0003647_19_shen	Perillyl aldehyde	inchikey	1	TRUE	TRUE	4.99994712299667e-10	1.24998678074917e-06
CPD-1084	23238	HMDB	HMDB0003647_20_shen	Perillyl aldehyde	inchikey	1	TRUE	TRUE	4.99994712299667e-10	1.24998678074917e-06
CPD-1084	23239	HMDB	HMDB0003647_21_shen	Perillyl aldehyde	inchikey	1	TRUE	TRUE	4.99994712299667e-10	1.24998678074917e-06
CPD-1084	23240	HMDB	HMDB0003647_22_shen	Perillyl aldehyde	inchikey	1	TRUE	TRUE	4.99994712299667e-10	1.24998678074917e-06
CPD-1084	23241	HMDB	HMDB0003647_23_shen	Perillyl aldehyde	inchikey	1	TRUE	TRUE	4.99994712299667e-10	1.24998678074917e-06
CPD-1084	23242	HMDB	HMDB0003647_24_shen	Perillyl aldehyde	inchikey	1	TRUE	TRUE	4.99994712299667e-10	1.24998678074917e-06
CPD-1084	23243	HMDB	HMDB0003647_25_shen	Perillyl aldehyde	inchikey	1	TRUE	TRUE	4.99994712299667e-10	1.24998678074917e-06
CPD-1084	23244	HMDB	HMDB0003647_26_shen	Perillyl aldehyde	inchikey	1	TRUE	TRUE	4.99994712299667e-10	1.24998678074917e-06
CPD-1084	23245	HMDB	HMDB0003647_27_shen	Perillyl aldehyde	inchikey	1	TRUE	TRUE	4.99994712299667e-10	1.24998678074917e-06
CPD-1084	23246	HMDB	HMDB0003647_28_shen	Perillyl aldehyde	inchikey	1	TRUE	TRUE	4.99994712299667e-10	1.24998678074917e-06
CPD-1084	23247	HMDB	HMDB0003647_29_shen	Perillyl aldehyde	inchikey	1	TRUE	TRUE	4.99994712299667e-10	1.24998678074917e-06
CPD-1084	23248	HMDB	HMDB0003647_30_shen	Perillyl aldehyde	inchikey	1	TRUE	TRUE	4.99994712299667e-10	1.24998678074917e-06
CPD-1084	23249	HMDB	HMDB0003647_31_shen	Perillyl aldehyde	inchikey	1	TRUE	TRUE	4.99994712299667e-10	1.24998678074917e-06
CPD-1084	23250	HMDB	HMDB0003647_32_shen	Perillyl aldehyde	inchikey	1	TRUE	TRUE	4.99994712299667e-10	1.24998678074917e-06
CPD-1084	23251	HMDB	HMDB0003647_33_shen	Perillyl aldehyde	inchikey	1	TRUE	TRUE	4.99994712299667e-10	1.24998678074917e-06
CPD-1084	23252	HMDB	HMDB0003647_34_shen	Perillyl aldehyde	inchikey	1	TRUE	TRUE	4.99994712299667e-10	1.24998678074917e-06
CPD-1084	23253	HMDB	HMDB0003647_35_shen	Perillyl aldehyde	inchikey	1	TRUE	TRUE	4.99994712299667e-10	1.24998678074917e-06
CPD-1084	23254	HMDB	HMDB0003647_36_shen	Perillyl aldehyde	inchikey	1	TRUE	TRUE	4.99994712299667e-10	1.24998678074917e-06
CPD-1084	23255	HMDB	HMDB0003647_37_shen	Perillyl aldehyde	inchikey	1	TRUE	TRUE	4.99994712299667e-10	1.24998678074917e-06
CPD-1084	23256	HMDB	HMDB0003647_38_shen	Perillyl aldehyde	inchikey	1	TRUE	TRUE	4.99994712299667e-10	1.24998678074917e-06
CPD-1084	23257	HMDB	HMDB0003647_39_shen	Perillyl aldehyde	inchikey	1	TRUE	TRUE	4.99994712299667e-10	1.24998678074917e-06
CPD-1084	23258	HMDB	HMDB0003647_40_shen	Perillyl aldehyde	inchikey	1	TRUE	TRUE	4.99994712299667e-10	1.24998678074917e-06
CPD-1084	23259	HMDB	HMDB0003647_41_shen	Perillyl aldehyde	inchikey	1	TRUE	TRUE	4.99994712299667e-10	1.24998678074917e-06
CPD-1084	23260	HMDB	HMDB0003647_42_shen	Perillyl aldehyde	inchikey	1	TRUE	TRUE	4.99994712299667e-10	1.24998678074917e-06
CPD-1084	23261	HMDB	HMDB0003647_43_shen	Perillyl aldehyde	inchikey	1	TRUE	TRUE	4.99994712299667e-10	1.24998678074917e-06
CPD-1084	23262	HMDB	HMDB0003647_44_shen	Perillyl aldehyde	inchikey	1	TRUE	TRUE	4.99994712299667e-10	1.24998678074917e-06
CPD-1084	23263	HMDB	HMDB0003647_45_shen	Perillyl aldehyde	inchikey	1	TRUE	TRUE	4.99994712299667e-10	1.24998678074917e-06
CPD-394	23264	HMDB	HMDB0003661_1_shen	N-Methylputrescine	inchikey_connectivity_formula_mass	2	FALSE	TRUE	1.80000370164635e-09	4.50000925411587e-06
CPD-394	23265	HMDB	HMDB0003661_2_shen	N-Methylputrescine	inchikey_connectivity_formula_mass	2	FALSE	TRUE	1.80000370164635e-09	4.50000925411587e-06
CPD-394	23266	HMDB	HMDB0003661_3_shen	N-Methylputrescine	inchikey_connectivity_formula_mass	2	FALSE	TRUE	1.80000370164635e-09	4.50000925411587e-06
CPD-394	23267	HMDB	HMDB0003661_4_shen	N-Methylputrescine	inchikey_connectivity_formula_mass	2	FALSE	TRUE	1.80000370164635e-09	4.50000925411587e-06
CPD-394	23268	HMDB	HMDB0003661_5_shen	N-Methylputrescine	inchikey_connectivity_formula_mass	2	FALSE	TRUE	1.80000370164635e-09	4.50000925411587e-06
CPD-394	23269	HMDB	HMDB0003661_6_shen	N-Methylputrescine	inchikey_connectivity_formula_mass	2	FALSE	TRUE	1.80000370164635e-09	4.50000925411587e-06
CPD-394	23270	HMDB	HMDB0003661_7_shen	N-Methylputrescine	inchikey_connectivity_formula_mass	2	FALSE	TRUE	1.80000370164635e-09	4.50000925411587e-06
CPD-394	23271	HMDB	HMDB0003661_8_shen	N-Methylputrescine	inchikey_connectivity_formula_mass	2	FALSE	TRUE	1.80000370164635e-09	4.50000925411587e-06
CPD-394	23272	HMDB	HMDB0003661_9_shen	N-Methylputrescine	inchikey_connectivity_formula_mass	2	FALSE	TRUE	1.80000370164635e-09	4.50000925411587e-06
CPD-394	23273	HMDB	HMDB0003661_10_shen	N-Methylputrescine	inchikey_connectivity_formula_mass	2	FALSE	TRUE	1.80000370164635e-09	4.50000925411587e-06
CPD-394	23274	HMDB	HMDB0003661_11_shen	N-Methylputrescine	inchikey_connectivity_formula_mass	2	FALSE	TRUE	1.80000370164635e-09	4.50000925411587e-06
CPD-394	23275	HMDB	HMDB0003661_12_shen	N-Methylputrescine	inchikey_connectivity_formula_mass	2	FALSE	TRUE	1.80000370164635e-09	4.50000925411587e-06
CPD-394	23276	HMDB	HMDB0003661_13_shen	N-Methylputrescine	inchikey_connectivity_formula_mass	2	FALSE	TRUE	1.80000370164635e-09	4.50000925411587e-06
CPD-394	23277	HMDB	HMDB0003661_14_shen	N-Methylputrescine	inchikey_connectivity_formula_mass	2	FALSE	TRUE	1.80000370164635e-09	4.50000925411587e-06
CPD-394	23278	HMDB	HMDB0003661_15_shen	N-Methylputrescine	inchikey_connectivity_formula_mass	2	FALSE	TRUE	1.80000370164635e-09	4.50000925411587e-06
CPD-394	23279	HMDB	HMDB0003661_16_shen	N-Methylputrescine	inchikey_connectivity_formula_mass	2	FALSE	TRUE	1.80000370164635e-09	4.50000925411587e-06
CPD-394	23280	HMDB	HMDB0003661_17_shen	N-Methylputrescine	inchikey_connectivity_formula_mass	2	FALSE	TRUE	1.80000370164635e-09	4.50000925411587e-06
CPD-394	23281	HMDB	HMDB0003661_18_shen	N-Methylputrescine	inchikey_connectivity_formula_mass	2	FALSE	TRUE	1.80000370164635e-09	4.50000925411587e-06
CPD-83	23336	HMDB	HMDB0003747_1_shen	Resveratrol	inchikey	1	TRUE	TRUE	5.4999986787152e-09	1.3749996696788e-05
CPD-83	23337	HMDB	HMDB0003747_2_shen	Resveratrol	inchikey	1	TRUE	TRUE	5.4999986787152e-09	1.3749996696788e-05
CPD-83	23338	HMDB	HMDB0003747_3_shen	Resveratrol	inchikey	1	TRUE	TRUE	5.4999986787152e-09	1.3749996696788e-05
CPD-83	23339	HMDB	HMDB0003747_4_shen	Resveratrol	inchikey	1	TRUE	TRUE	5.4999986787152e-09	1.3749996696788e-05
CPD-83	23340	HMDB	HMDB0003747_5_shen	Resveratrol	inchikey	1	TRUE	TRUE	5.4999986787152e-09	1.3749996696788e-05
CPD-83	23341	HMDB	HMDB0003747_6_shen	Resveratrol	inchikey	1	TRUE	TRUE	5.4999986787152e-09	1.3749996696788e-05
CPD-83	23342	HMDB	HMDB0003747_7_shen	Resveratrol	inchikey	1	TRUE	TRUE	5.4999986787152e-09	1.3749996696788e-05
CPD-83	23343	HMDB	HMDB0003747_8_shen	Resveratrol	inchikey	1	TRUE	TRUE	5.4999986787152e-09	1.3749996696788e-05
CPD-83	23344	HMDB	HMDB0003747_9_shen	Resveratrol	inchikey	1	TRUE	TRUE	5.4999986787152e-09	1.3749996696788e-05
CPD-83	23345	HMDB	HMDB0003747_10_shen	Resveratrol	inchikey	1	TRUE	TRUE	5.4999986787152e-09	1.3749996696788e-05
CPD-83	23346	HMDB	HMDB0003747_11_shen	Resveratrol	inchikey	1	TRUE	TRUE	5.4999986787152e-09	1.3749996696788e-05
CPD-83	23347	HMDB	HMDB0003747_12_shen	Resveratrol	inchikey	1	TRUE	TRUE	5.4999986787152e-09	1.3749996696788e-05
CPD-83	23348	HMDB	HMDB0003747_13_shen	Resveratrol	inchikey	1	TRUE	TRUE	5.4999986787152e-09	1.3749996696788e-05
CPD-83	23349	HMDB	HMDB0003747_14_shen	Resveratrol	inchikey	1	TRUE	TRUE	5.4999986787152e-09	1.3749996696788e-05
CPD-83	23350	HMDB	HMDB0003747_15_shen	Resveratrol	inchikey	1	TRUE	TRUE	5.4999986787152e-09	1.3749996696788e-05
CPD-83	23351	HMDB	HMDB0003747_16_shen	Resveratrol	inchikey	1	TRUE	TRUE	5.4999986787152e-09	1.3749996696788e-05
CPD-83	23352	HMDB	HMDB0003747_17_shen	Resveratrol	inchikey	1	TRUE	TRUE	5.4999986787152e-09	1.3749996696788e-05
CPD-83	23353	HMDB	HMDB0003747_18_shen	Resveratrol	inchikey	1	TRUE	TRUE	5.4999986787152e-09	1.3749996696788e-05
CPD-83	23354	HMDB	HMDB0003747_19_shen	Resveratrol	inchikey	1	TRUE	TRUE	5.4999986787152e-09	1.3749996696788e-05
CPD-83	23355	HMDB	HMDB0003747_20_shen	Resveratrol	inchikey	1	TRUE	TRUE	5.4999986787152e-09	1.3749996696788e-05
CPD-83	23356	HMDB	HMDB0003747_21_shen	Resveratrol	inchikey	1	TRUE	TRUE	5.4999986787152e-09	1.3749996696788e-05
CPD-83	23357	HMDB	HMDB0003747_22_shen	Resveratrol	inchikey	1	TRUE	TRUE	5.4999986787152e-09	1.3749996696788e-05
CPD-83	23358	HMDB	HMDB0003747_23_shen	Resveratrol	inchikey	1	TRUE	TRUE	5.4999986787152e-09	1.3749996696788e-05
CPD-83	23359	HMDB	HMDB0003747_24_shen	Resveratrol	inchikey	1	TRUE	TRUE	5.4999986787152e-09	1.3749996696788e-05
CPD-83	23360	HMDB	HMDB0003747_25_shen	Resveratrol	inchikey	1	TRUE	TRUE	5.4999986787152e-09	1.3749996696788e-05
CPD-83	23361	HMDB	HMDB0003747_26_shen	Resveratrol	inchikey	1	TRUE	TRUE	5.4999986787152e-09	1.3749996696788e-05
CPD-83	23362	HMDB	HMDB0003747_27_shen	Resveratrol	inchikey	1	TRUE	TRUE	5.4999986787152e-09	1.3749996696788e-05
CPD-83	23363	HMDB	HMDB0003747_28_shen	Resveratrol	inchikey	1	TRUE	TRUE	5.4999986787152e-09	1.3749996696788e-05
CPD-83	23364	HMDB	HMDB0003747_29_shen	Resveratrol	inchikey	1	TRUE	TRUE	5.4999986787152e-09	1.3749996696788e-05
CPD-83	23365	HMDB	HMDB0003747_30_shen	Resveratrol	inchikey	1	TRUE	TRUE	5.4999986787152e-09	1.3749996696788e-05
CPD-83	23366	HMDB	HMDB0003747_31_shen	Resveratrol	inchikey	1	TRUE	TRUE	5.4999986787152e-09	1.3749996696788e-05
CPD-83	23367	HMDB	HMDB0003747_32_shen	Resveratrol	inchikey	1	TRUE	TRUE	5.4999986787152e-09	1.3749996696788e-05
CPD-83	23368	HMDB	HMDB0003747_33_shen	Resveratrol	inchikey	1	TRUE	TRUE	5.4999986787152e-09	1.3749996696788e-05
CPD-83	23369	HMDB	HMDB0003747_34_shen	Resveratrol	inchikey	1	TRUE	TRUE	5.4999986787152e-09	1.3749996696788e-05
CPD-83	23370	HMDB	HMDB0003747_35_shen	Resveratrol	inchikey	1	TRUE	TRUE	5.4999986787152e-09	1.3749996696788e-05
CPD-83	23371	HMDB	HMDB0003747_36_shen	Resveratrol	inchikey	1	TRUE	TRUE	5.4999986787152e-09	1.3749996696788e-05
CPD-83	23372	HMDB	HMDB0003747_37_shen	Resveratrol	inchikey	1	TRUE	TRUE	5.4999986787152e-09	1.3749996696788e-05
CPD-83	23373	HMDB	HMDB0003747_38_shen	Resveratrol	inchikey	1	TRUE	TRUE	5.4999986787152e-09	1.3749996696788e-05
CPD-83	23374	HMDB	HMDB0003747_39_shen	Resveratrol	inchikey	1	TRUE	TRUE	5.4999986787152e-09	1.3749996696788e-05
CPD-83	23375	HMDB	HMDB0003747_40_shen	Resveratrol	inchikey	1	TRUE	TRUE	5.4999986787152e-09	1.3749996696788e-05
CPD-83	23376	HMDB	HMDB0003747_41_shen	Resveratrol	inchikey	1	TRUE	TRUE	5.4999986787152e-09	1.3749996696788e-05
CPD-83	23377	HMDB	HMDB0003747_42_shen	Resveratrol	inchikey	1	TRUE	TRUE	5.4999986787152e-09	1.3749996696788e-05
CPD-83	23378	HMDB	HMDB0003747_43_shen	Resveratrol	inchikey	1	TRUE	TRUE	5.4999986787152e-09	1.3749996696788e-05
CPD-83	23379	HMDB	HMDB0003747_44_shen	Resveratrol	inchikey	1	TRUE	TRUE	5.4999986787152e-09	1.3749996696788e-05
CPD-83	23380	HMDB	HMDB0003747_45_shen	Resveratrol	inchikey	1	TRUE	TRUE	5.4999986787152e-09	1.3749996696788e-05
CPD-83	23381	HMDB	HMDB0003747_46_shen	Resveratrol	inchikey	1	TRUE	TRUE	5.4999986787152e-09	1.3749996696788e-05
CPD-83	23382	HMDB	HMDB0003747_47_shen	Resveratrol	inchikey	1	TRUE	TRUE	5.4999986787152e-09	1.3749996696788e-05
CPD-83	23383	HMDB	HMDB0003747_48_shen	Resveratrol	inchikey	1	TRUE	TRUE	5.4999986787152e-09	1.3749996696788e-05
CPD-83	23384	HMDB	HMDB0003747_49_shen	Resveratrol	inchikey	1	TRUE	TRUE	5.4999986787152e-09	1.3749996696788e-05
CPD-83	23385	HMDB	HMDB0003747_50_shen	Resveratrol	inchikey	1	TRUE	TRUE	5.4999986787152e-09	1.3749996696788e-05
CPD-83	23386	HMDB	HMDB0003747_51_shen	Resveratrol	inchikey	1	TRUE	TRUE	5.4999986787152e-09	1.3749996696788e-05
CPD-83	23387	HMDB	HMDB0003747_52_shen	Resveratrol	inchikey	1	TRUE	TRUE	5.4999986787152e-09	1.3749996696788e-05
CPD-83	23388	HMDB	HMDB0003747_53_shen	Resveratrol	inchikey	1	TRUE	TRUE	5.4999986787152e-09	1.3749996696788e-05
CPD-83	23389	HMDB	HMDB0003747_54_shen	Resveratrol	inchikey	1	TRUE	TRUE	5.4999986787152e-09	1.3749996696788e-05
CPD-83	23390	HMDB	HMDB0003747_55_shen	Resveratrol	inchikey	1	TRUE	TRUE	5.4999986787152e-09	1.3749996696788e-05
CPD-83	23391	HMDB	HMDB0003747_56_shen	Resveratrol	inchikey	1	TRUE	TRUE	5.4999986787152e-09	1.3749996696788e-05
CPD-83	23392	HMDB	HMDB0003747_57_shen	Resveratrol	inchikey	1	TRUE	TRUE	5.4999986787152e-09	1.3749996696788e-05
CPD-83	23393	HMDB	HMDB0003747_58_shen	Resveratrol	inchikey	1	TRUE	TRUE	5.4999986787152e-09	1.3749996696788e-05
CPD-83	23394	HMDB	HMDB0003747_59_shen	Resveratrol	inchikey	1	TRUE	TRUE	5.4999986787152e-09	1.3749996696788e-05
CPD-83	23395	HMDB	HMDB0003747_60_shen	Resveratrol	inchikey	1	TRUE	TRUE	5.4999986787152e-09	1.3749996696788e-05
CPD-83	23396	HMDB	HMDB0003747_61_shen	Resveratrol	inchikey	1	TRUE	TRUE	5.4999986787152e-09	1.3749996696788e-05
CPD-83	23397	HMDB	HMDB0003747_62_shen	Resveratrol	inchikey	1	TRUE	TRUE	5.4999986787152e-09	1.3749996696788e-05
CPD-83	23398	HMDB	HMDB0003747_63_shen	Resveratrol	inchikey	1	TRUE	TRUE	5.4999986787152e-09	1.3749996696788e-05
CPD-83	23399	HMDB	HMDB0003747_64_shen	Resveratrol	inchikey	1	TRUE	TRUE	5.4999986787152e-09	1.3749996696788e-05
CPD-83	23400	HMDB	HMDB0003747_65_shen	Resveratrol	inchikey	1	TRUE	TRUE	5.4999986787152e-09	1.3749996696788e-05
CPD-83	23401	HMDB	HMDB0003747_66_shen	Resveratrol	inchikey	1	TRUE	TRUE	5.4999986787152e-09	1.3749996696788e-05
CPD-83	23402	HMDB	HMDB0003747_67_shen	Resveratrol	inchikey	1	TRUE	TRUE	5.4999986787152e-09	1.3749996696788e-05
CPD-83	23403	HMDB	HMDB0003747_68_shen	Resveratrol	inchikey	1	TRUE	TRUE	5.4999986787152e-09	1.3749996696788e-05
CPD-83	23404	HMDB	HMDB0003747_69_shen	Resveratrol	inchikey	1	TRUE	TRUE	5.4999986787152e-09	1.3749996696788e-05
CPD-83	23405	HMDB	HMDB0003747_70_shen	Resveratrol	inchikey	1	TRUE	TRUE	5.4999986787152e-09	1.3749996696788e-05
CPD-83	23406	HMDB	HMDB0003747_71_shen	Resveratrol	inchikey	1	TRUE	TRUE	5.4999986787152e-09	1.3749996696788e-05
CPD-83	23407	HMDB	HMDB0003747_72_shen	Resveratrol	inchikey	1	TRUE	TRUE	5.4999986787152e-09	1.3749996696788e-05
CPD-83	23408	HMDB	HMDB0003747_73_shen	Resveratrol	inchikey	1	TRUE	TRUE	5.4999986787152e-09	1.3749996696788e-05
CPD-83	23409	HMDB	HMDB0003747_74_shen	Resveratrol	inchikey	1	TRUE	TRUE	5.4999986787152e-09	1.3749996696788e-05
CPD-83	23410	HMDB	HMDB0003747_75_shen	Resveratrol	inchikey	1	TRUE	TRUE	5.4999986787152e-09	1.3749996696788e-05
CPD-83	23411	HMDB	HMDB0003747_76_shen	Resveratrol	inchikey	1	TRUE	TRUE	5.4999986787152e-09	1.3749996696788e-05
CPD-83	23412	HMDB	HMDB0003747_77_shen	Resveratrol	inchikey	1	TRUE	TRUE	5.4999986787152e-09	1.3749996696788e-05
CPD-83	23413	HMDB	HMDB0003747_78_shen	Resveratrol	inchikey	1	TRUE	TRUE	5.4999986787152e-09	1.3749996696788e-05
CPD-83	23414	HMDB	HMDB0003747_79_shen	Resveratrol	inchikey	1	TRUE	TRUE	5.4999986787152e-09	1.3749996696788e-05
CPD-83	23415	HMDB	HMDB0003747_80_shen	Resveratrol	inchikey	1	TRUE	TRUE	5.4999986787152e-09	1.3749996696788e-05
CPD-83	23416	HMDB	HMDB0003747_81_shen	Resveratrol	inchikey	1	TRUE	TRUE	5.4999986787152e-09	1.3749996696788e-05
CPD-83	23417	HMDB	HMDB0003747_82_shen	Resveratrol	inchikey	1	TRUE	TRUE	5.4999986787152e-09	1.3749996696788e-05
CPD-83	23418	HMDB	HMDB0003747_83_shen	Resveratrol	inchikey	1	TRUE	TRUE	5.4999986787152e-09	1.3749996696788e-05
CPD-83	23419	HMDB	HMDB0003747_84_shen	Resveratrol	inchikey	1	TRUE	TRUE	5.4999986787152e-09	1.3749996696788e-05
CPD-83	23420	HMDB	HMDB0003747_85_shen	Resveratrol	inchikey	1	TRUE	TRUE	5.4999986787152e-09	1.3749996696788e-05
CPD-83	23421	HMDB	HMDB0003747_86_shen	Resveratrol	inchikey	1	TRUE	TRUE	5.4999986787152e-09	1.3749996696788e-05
CPD-83	23422	HMDB	HMDB0003747_87_shen	Resveratrol	inchikey	1	TRUE	TRUE	5.4999986787152e-09	1.3749996696788e-05
CPD-83	23423	HMDB	HMDB0003747_88_shen	Resveratrol	inchikey	1	TRUE	TRUE	5.4999986787152e-09	1.3749996696788e-05
CPD-83	23424	HMDB	HMDB0003747_89_shen	Resveratrol	inchikey	1	TRUE	TRUE	5.4999986787152e-09	1.3749996696788e-05
CPD-83	23425	HMDB	HMDB0003747_90_shen	Resveratrol	inchikey	1	TRUE	TRUE	5.4999986787152e-09	1.3749996696788e-05
CPD-83	23426	HMDB	HMDB0003747_91_shen	Resveratrol	inchikey	1	TRUE	TRUE	5.4999986787152e-09	1.3749996696788e-05
CPD-83	23427	HMDB	HMDB0003747_92_shen	Resveratrol	inchikey	1	TRUE	TRUE	5.4999986787152e-09	1.3749996696788e-05
CPD-83	23428	HMDB	HMDB0003747_93_shen	Resveratrol	inchikey	1	TRUE	TRUE	5.4999986787152e-09	1.3749996696788e-05
CPD-83	23429	HMDB	HMDB0003747_94_shen	Resveratrol	inchikey	1	TRUE	TRUE	5.4999986787152e-09	1.3749996696788e-05
CPD-83	23430	HMDB	HMDB0003747_95_shen	Resveratrol	inchikey	1	TRUE	TRUE	5.4999986787152e-09	1.3749996696788e-05
CPD-83	23431	HMDB	HMDB0003747_96_shen	Resveratrol	inchikey	1	TRUE	TRUE	5.4999986787152e-09	1.3749996696788e-05
CPD-83	23432	HMDB	HMDB0003747_97_shen	Resveratrol	inchikey	1	TRUE	TRUE	5.4999986787152e-09	1.3749996696788e-05
CPD-83	23433	HMDB	HMDB0003747_98_shen	Resveratrol	inchikey	1	TRUE	TRUE	5.4999986787152e-09	1.3749996696788e-05
CPD-83	23434	HMDB	HMDB0003747_99_shen	Resveratrol	inchikey	1	TRUE	TRUE	5.4999986787152e-09	1.3749996696788e-05
CPD-83	23435	HMDB	HMDB0003747_100_shen	Resveratrol	inchikey	1	TRUE	TRUE	5.4999986787152e-09	1.3749996696788e-05
CPD-83	23436	HMDB	HMDB0003747_101_shen	Resveratrol	inchikey	1	TRUE	TRUE	5.4999986787152e-09	1.3749996696788e-05
CPD-83	23437	HMDB	HMDB0003747_102_shen	Resveratrol	inchikey	1	TRUE	TRUE	5.4999986787152e-09	1.3749996696788e-05
CPD-83	23438	HMDB	HMDB0003747_103_shen	Resveratrol	inchikey	1	TRUE	TRUE	5.4999986787152e-09	1.3749996696788e-05
CPD-83	23439	HMDB	HMDB0003747_104_shen	Resveratrol	inchikey	1	TRUE	TRUE	5.4999986787152e-09	1.3749996696788e-05
CPD-83	23440	HMDB	HMDB0003747_105_shen	Resveratrol	inchikey	1	TRUE	TRUE	5.4999986787152e-09	1.3749996696788e-05
CPD-83	23441	HMDB	HMDB0003747_106_shen	Resveratrol	inchikey	1	TRUE	TRUE	5.4999986787152e-09	1.3749996696788e-05
CPD-83	23442	HMDB	HMDB0003747_107_shen	Resveratrol	inchikey	1	TRUE	TRUE	5.4999986787152e-09	1.3749996696788e-05
CPD-83	23443	HMDB	HMDB0003747_108_shen	Resveratrol	inchikey	1	TRUE	TRUE	5.4999986787152e-09	1.3749996696788e-05
CPD-83	23444	HMDB	HMDB0003747_109_shen	Resveratrol	inchikey	1	TRUE	TRUE	5.4999986787152e-09	1.3749996696788e-05
CPD-83	23445	HMDB	HMDB0003747_110_shen	Resveratrol	inchikey	1	TRUE	TRUE	5.4999986787152e-09	1.3749996696788e-05
CPD-83	23446	HMDB	HMDB0003747_111_shen	Resveratrol	inchikey	1	TRUE	TRUE	5.4999986787152e-09	1.3749996696788e-05
CPD-83	23447	HMDB	HMDB0003747_112_shen	Resveratrol	inchikey	1	TRUE	TRUE	5.4999986787152e-09	1.3749996696788e-05
CPD-83	23448	HMDB	HMDB0003747_113_shen	Resveratrol	inchikey	1	TRUE	TRUE	5.4999986787152e-09	1.3749996696788e-05
CPD-83	23449	HMDB	HMDB0003747_114_shen	Resveratrol	inchikey	1	TRUE	TRUE	5.4999986787152e-09	1.3749996696788e-05
CPD-83	23450	HMDB	HMDB0003747_115_shen	Resveratrol	inchikey	1	TRUE	TRUE	5.4999986787152e-09	1.3749996696788e-05
CPD-83	23451	HMDB	HMDB0003747_116_shen	Resveratrol	inchikey	1	TRUE	TRUE	5.4999986787152e-09	1.3749996696788e-05
CPD-83	23452	HMDB	HMDB0003747_117_shen	Resveratrol	inchikey	1	TRUE	TRUE	5.4999986787152e-09	1.3749996696788e-05
CPD-83	23453	HMDB	HMDB0003747_118_shen	Resveratrol	inchikey	1	TRUE	TRUE	5.4999986787152e-09	1.3749996696788e-05
CPD-16631	23468	HMDB	HMDB0003831_1_shen	Beta-Tyrosine	name_formula_mass	4	TRUE	TRUE	1.60000013238459e-09	4.00000033096148e-06
CPD-16631	23469	HMDB	HMDB0003831_2_shen	Beta-Tyrosine	name_formula_mass	4	TRUE	TRUE	1.60000013238459e-09	4.00000033096148e-06
CPD-16631	23470	HMDB	HMDB0003831_3_shen	Beta-Tyrosine	name_formula_mass	4	TRUE	TRUE	1.60000013238459e-09	4.00000033096148e-06
CPD-16631	23471	HMDB	HMDB0003831_4_shen	Beta-Tyrosine	name_formula_mass	4	TRUE	TRUE	1.60000013238459e-09	4.00000033096148e-06
CPD-16631	23472	HMDB	HMDB0003831_5_shen	Beta-Tyrosine	name_formula_mass	4	TRUE	TRUE	1.60000013238459e-09	4.00000033096148e-06
CPD-16631	23473	HMDB	HMDB0003831_6_shen	Beta-Tyrosine	name_formula_mass	4	TRUE	TRUE	1.60000013238459e-09	4.00000033096148e-06
CPD-16631	23474	HMDB	HMDB0003831_7_shen	Beta-Tyrosine	name_formula_mass	4	TRUE	TRUE	1.60000013238459e-09	4.00000033096148e-06
3-AMINO-ISOBUTYRATE	23501	HMDB	HMDB0003911_1_shen	3-Aminoisobutanoic acid	inchikey	1	TRUE	TRUE	1.29999477849196e-09	3.24998694622991e-06
3-AMINO-ISOBUTYRATE	23502	HMDB	HMDB0003911_2_shen	3-Aminoisobutanoic acid	inchikey	1	TRUE	TRUE	1.29999477849196e-09	3.24998694622991e-06
3-AMINO-ISOBUTYRATE	23503	HMDB	HMDB0003911_3_shen	3-Aminoisobutanoic acid	inchikey	1	TRUE	TRUE	1.29999477849196e-09	3.24998694622991e-06
3-AMINO-ISOBUTYRATE	23504	HMDB	HMDB0003911_4_shen	3-Aminoisobutanoic acid	inchikey	1	TRUE	TRUE	1.29999477849196e-09	3.24998694622991e-06
3-AMINO-ISOBUTYRATE	23505	HMDB	HMDB0003911_5_shen	3-Aminoisobutanoic acid	inchikey	1	TRUE	TRUE	1.29999477849196e-09	3.24998694622991e-06
3-AMINO-ISOBUTYRATE	23506	HMDB	HMDB0003911_6_shen	3-Aminoisobutanoic acid	inchikey	1	TRUE	TRUE	1.29999477849196e-09	3.24998694622991e-06
3-AMINO-ISOBUTYRATE	23507	HMDB	HMDB0003911_7_shen	3-Aminoisobutanoic acid	inchikey	1	TRUE	TRUE	1.29999477849196e-09	3.24998694622991e-06
3-AMINO-ISOBUTYRATE	23508	HMDB	HMDB0003911_8_shen	3-Aminoisobutanoic acid	inchikey	1	TRUE	TRUE	1.29999477849196e-09	3.24998694622991e-06
3-AMINO-ISOBUTYRATE	23509	HMDB	HMDB0003911_9_shen	3-Aminoisobutanoic acid	inchikey	1	TRUE	TRUE	1.29999477849196e-09	3.24998694622991e-06
3-AMINO-ISOBUTYRATE	23510	HMDB	HMDB0003911_10_shen	3-Aminoisobutanoic acid	inchikey	1	TRUE	TRUE	1.29999477849196e-09	3.24998694622991e-06
3-AMINO-ISOBUTYRATE	23511	HMDB	HMDB0003911_11_shen	3-Aminoisobutanoic acid	inchikey	1	TRUE	TRUE	1.29999477849196e-09	3.24998694622991e-06
3-AMINO-ISOBUTYRATE	23512	HMDB	HMDB0003911_12_shen	3-Aminoisobutanoic acid	inchikey	1	TRUE	TRUE	1.29999477849196e-09	3.24998694622991e-06
3-AMINO-ISOBUTYRATE	23513	HMDB	HMDB0003911_13_shen	3-Aminoisobutanoic acid	inchikey	1	TRUE	TRUE	1.29999477849196e-09	3.24998694622991e-06
3-AMINO-ISOBUTYRATE	23514	HMDB	HMDB0003911_14_shen	3-Aminoisobutanoic acid	inchikey	1	TRUE	TRUE	1.29999477849196e-09	3.24998694622991e-06
3-AMINO-ISOBUTYRATE	23515	HMDB	HMDB0003911_15_shen	3-Aminoisobutanoic acid	inchikey	1	TRUE	TRUE	1.29999477849196e-09	3.24998694622991e-06
3-AMINO-ISOBUTYRATE	23516	HMDB	HMDB0003911_16_shen	3-Aminoisobutanoic acid	inchikey	1	TRUE	TRUE	1.29999477849196e-09	3.24998694622991e-06
3-AMINO-ISOBUTYRATE	23517	HMDB	HMDB0003911_17_shen	3-Aminoisobutanoic acid	inchikey	1	TRUE	TRUE	1.29999477849196e-09	3.24998694622991e-06
3-AMINO-ISOBUTYRATE	23518	HMDB	HMDB0003911_18_shen	3-Aminoisobutanoic acid	inchikey	1	TRUE	TRUE	1.29999477849196e-09	3.24998694622991e-06
3-AMINO-ISOBUTYRATE	23519	HMDB	HMDB0003911_19_shen	3-Aminoisobutanoic acid	inchikey	1	TRUE	TRUE	1.29999477849196e-09	3.24998694622991e-06
3-AMINO-ISOBUTYRATE	23520	HMDB	HMDB0003911_20_shen	3-Aminoisobutanoic acid	inchikey	1	TRUE	TRUE	1.29999477849196e-09	3.24998694622991e-06
PROTOPINE	23521	HMDB	HMDB0003920_1_shen	Protopine	inchikey	1	TRUE	TRUE	2.60001797869336e-09	6.5000449467334e-06
PROTOPINE	23522	HMDB	HMDB0003920_2_shen	Protopine	inchikey	1	TRUE	TRUE	2.60001797869336e-09	6.5000449467334e-06
PROTOPINE	23523	HMDB	HMDB0003920_3_shen	Protopine	inchikey	1	TRUE	TRUE	2.60001797869336e-09	6.5000449467334e-06
PROTOPINE	23524	HMDB	HMDB0003920_4_shen	Protopine	inchikey	1	TRUE	TRUE	2.60001797869336e-09	6.5000449467334e-06
PROTOPINE	23525	HMDB	HMDB0003920_5_shen	Protopine	inchikey	1	TRUE	TRUE	2.60001797869336e-09	6.5000449467334e-06
PROTOPINE	23526	HMDB	HMDB0003920_6_shen	Protopine	inchikey	1	TRUE	TRUE	2.60001797869336e-09	6.5000449467334e-06
PROTOPINE	23527	HMDB	HMDB0003920_7_shen	Protopine	inchikey	1	TRUE	TRUE	2.60001797869336e-09	6.5000449467334e-06
PROTOPINE	23528	HMDB	HMDB0003920_8_shen	Protopine	inchikey	1	TRUE	TRUE	2.60001797869336e-09	6.5000449467334e-06
PROTOPINE	23529	HMDB	HMDB0003920_9_shen	Protopine	inchikey	1	TRUE	TRUE	2.60001797869336e-09	6.5000449467334e-06
PROTOPINE	23530	HMDB	HMDB0003920_10_shen	Protopine	inchikey	1	TRUE	TRUE	2.60001797869336e-09	6.5000449467334e-06
PROTOPINE	23531	HMDB	HMDB0003920_11_shen	Protopine	inchikey	1	TRUE	TRUE	2.60001797869336e-09	6.5000449467334e-06
PROTOPINE	23532	HMDB	HMDB0003920_12_shen	Protopine	inchikey	1	TRUE	TRUE	2.60001797869336e-09	6.5000449467334e-06
PROTOPINE	23533	HMDB	HMDB0003920_13_shen	Protopine	inchikey	1	TRUE	TRUE	2.60001797869336e-09	6.5000449467334e-06
PROTOPINE	23534	HMDB	HMDB0003920_14_shen	Protopine	inchikey	1	TRUE	TRUE	2.60001797869336e-09	6.5000449467334e-06
PROTOPINE	23535	HMDB	HMDB0003920_15_shen	Protopine	inchikey	1	TRUE	TRUE	2.60001797869336e-09	6.5000449467334e-06
PROTOPINE	23536	HMDB	HMDB0003920_16_shen	Protopine	inchikey	1	TRUE	TRUE	2.60001797869336e-09	6.5000449467334e-06
PROTOPINE	23537	HMDB	HMDB0003920_17_shen	Protopine	inchikey	1	TRUE	TRUE	2.60001797869336e-09	6.5000449467334e-06
PROTOPINE	23538	HMDB	HMDB0003920_18_shen	Protopine	inchikey	1	TRUE	TRUE	2.60001797869336e-09	6.5000449467334e-06
PROTOPINE	23539	HMDB	HMDB0003920_19_shen	Protopine	inchikey	1	TRUE	TRUE	2.60001797869336e-09	6.5000449467334e-06
PROTOPINE	23540	HMDB	HMDB0003920_20_shen	Protopine	inchikey	1	TRUE	TRUE	2.60001797869336e-09	6.5000449467334e-06
PROTOPINE	23541	HMDB	HMDB0003920_21_shen	Protopine	inchikey	1	TRUE	TRUE	2.60001797869336e-09	6.5000449467334e-06
PROTOPINE	23542	HMDB	HMDB0003920_22_shen	Protopine	inchikey	1	TRUE	TRUE	2.60001797869336e-09	6.5000449467334e-06
PROTOPINE	23543	HMDB	HMDB0003920_23_shen	Protopine	inchikey	1	TRUE	TRUE	2.60001797869336e-09	6.5000449467334e-06
PROTOPINE	23544	HMDB	HMDB0003920_24_shen	Protopine	inchikey	1	TRUE	TRUE	2.60001797869336e-09	6.5000449467334e-06
PROTOPINE	23545	HMDB	HMDB0003920_25_shen	Protopine	inchikey	1	TRUE	TRUE	2.60001797869336e-09	6.5000449467334e-06
PROTOPINE	23546	HMDB	HMDB0003920_26_shen	Protopine	inchikey	1	TRUE	TRUE	2.60001797869336e-09	6.5000449467334e-06
PROTOPINE	23547	HMDB	HMDB0003920_27_shen	Protopine	inchikey	1	TRUE	TRUE	2.60001797869336e-09	6.5000449467334e-06
PROTOPINE	23548	HMDB	HMDB0003920_28_shen	Protopine	inchikey	1	TRUE	TRUE	2.60001797869336e-09	6.5000449467334e-06
PROTOPINE	23549	HMDB	HMDB0003920_29_shen	Protopine	inchikey	1	TRUE	TRUE	2.60001797869336e-09	6.5000449467334e-06
PROTOPINE	23550	HMDB	HMDB0003920_30_shen	Protopine	inchikey	1	TRUE	TRUE	2.60001797869336e-09	6.5000449467334e-06
PROTOPINE	23551	HMDB	HMDB0003920_31_shen	Protopine	inchikey	1	TRUE	TRUE	2.60001797869336e-09	6.5000449467334e-06
PROTOPINE	23552	HMDB	HMDB0003920_32_shen	Protopine	inchikey	1	TRUE	TRUE	2.60001797869336e-09	6.5000449467334e-06
PROTOPINE	23553	HMDB	HMDB0003920_33_shen	Protopine	inchikey	1	TRUE	TRUE	2.60001797869336e-09	6.5000449467334e-06
PROTOPINE	23554	HMDB	HMDB0003920_34_shen	Protopine	inchikey	1	TRUE	TRUE	2.60001797869336e-09	6.5000449467334e-06
PROTOPINE	23555	HMDB	HMDB0003920_35_shen	Protopine	inchikey	1	TRUE	TRUE	2.60001797869336e-09	6.5000449467334e-06
SELENOMETHIONINE	23556	HMDB	HMDB0003966_1_shen	Selenomethionine	inchikey	1	FALSE	FALSE	2.65000039689767e-08	6.62500099224417e-05
SELENOMETHIONINE	23557	HMDB	HMDB0003966_2_shen	Selenomethionine	inchikey	1	FALSE	FALSE	2.65000039689767e-08	6.62500099224417e-05
SELENOMETHIONINE	23558	HMDB	HMDB0003966_3_shen	Selenomethionine	inchikey	1	FALSE	FALSE	2.65000039689767e-08	6.62500099224417e-05
SELENOMETHIONINE	23559	HMDB	HMDB0003966_4_shen	Selenomethionine	inchikey	1	FALSE	FALSE	2.65000039689767e-08	6.62500099224417e-05
SELENOMETHIONINE	23560	HMDB	HMDB0003966_5_shen	Selenomethionine	inchikey	1	FALSE	FALSE	2.65000039689767e-08	6.62500099224417e-05
SELENOMETHIONINE	23561	HMDB	HMDB0003966_6_shen	Selenomethionine	inchikey	1	FALSE	FALSE	2.65000039689767e-08	6.62500099224417e-05
SELENOMETHIONINE	23562	HMDB	HMDB0003966_7_shen	Selenomethionine	inchikey	1	FALSE	FALSE	2.65000039689767e-08	6.62500099224417e-05
SELENOMETHIONINE	23563	HMDB	HMDB0003966_8_shen	Selenomethionine	inchikey	1	FALSE	FALSE	2.65000039689767e-08	6.62500099224417e-05
SELENOMETHIONINE	23564	HMDB	HMDB0003966_9_shen	Selenomethionine	inchikey	1	FALSE	FALSE	2.65000039689767e-08	6.62500099224417e-05
SELENOMETHIONINE	23565	HMDB	HMDB0003966_10_shen	Selenomethionine	inchikey	1	FALSE	FALSE	2.65000039689767e-08	6.62500099224417e-05
SELENOMETHIONINE	23566	HMDB	HMDB0003966_11_shen	Selenomethionine	inchikey	1	FALSE	FALSE	2.65000039689767e-08	6.62500099224417e-05
SELENOMETHIONINE	23567	HMDB	HMDB0003966_12_shen	Selenomethionine	inchikey	1	FALSE	FALSE	2.65000039689767e-08	6.62500099224417e-05
FRUCTOSE-6P	23568	HMDB	HMDB0003971_1_shen	Beta-D-Fructose 6-phosphate	inchikey_connectivity_formula_mass	2	FALSE	TRUE	1.99975147552323e-10	4.99937868880806e-07
FRUCTOSE-6P	23569	HMDB	HMDB0003971_2_shen	Beta-D-Fructose 6-phosphate	inchikey_connectivity_formula_mass	2	FALSE	TRUE	1.99975147552323e-10	4.99937868880806e-07
FRUCTOSE-6P	23570	HMDB	HMDB0003971_3_shen	Beta-D-Fructose 6-phosphate	inchikey_connectivity_formula_mass	2	FALSE	TRUE	1.99975147552323e-10	4.99937868880806e-07
CPD-10303	23571	HMDB	HMDB0004041_1_shen	L-Allothreonine	name_formula_mass	4	TRUE	TRUE	1.39999656312284e-09	3.4999914078071e-06
CPD-10303	23572	HMDB	HMDB0004041_2_shen	L-Allothreonine	name_formula_mass	4	TRUE	TRUE	1.39999656312284e-09	3.4999914078071e-06
CPD-10303	23573	HMDB	HMDB0004041_3_shen	L-Allothreonine	name_formula_mass	4	TRUE	TRUE	1.39999656312284e-09	3.4999914078071e-06
CPD-10303	23574	HMDB	HMDB0004041_4_shen	L-Allothreonine	name_formula_mass	4	TRUE	TRUE	1.39999656312284e-09	3.4999914078071e-06
CPD-10303	23575	HMDB	HMDB0004041_5_shen	L-Allothreonine	name_formula_mass	4	TRUE	TRUE	1.39999656312284e-09	3.4999914078071e-06
CPD-10303	23576	HMDB	HMDB0004041_6_shen	L-Allothreonine	name_formula_mass	4	TRUE	TRUE	1.39999656312284e-09	3.4999914078071e-06
CPD-10303	23577	HMDB	HMDB0004041_7_shen	L-Allothreonine	name_formula_mass	4	TRUE	TRUE	1.39999656312284e-09	3.4999914078071e-06
CPD-10303	23578	HMDB	HMDB0004041_8_shen	L-Allothreonine	name_formula_mass	4	TRUE	TRUE	1.39999656312284e-09	3.4999914078071e-06
CPD-10303	23579	HMDB	HMDB0004041_9_shen	L-Allothreonine	name_formula_mass	4	TRUE	TRUE	1.39999656312284e-09	3.4999914078071e-06
CPD-10303	23580	HMDB	HMDB0004041_10_shen	L-Allothreonine	name_formula_mass	4	TRUE	TRUE	1.39999656312284e-09	3.4999914078071e-06
CPD-10303	23581	HMDB	HMDB0004041_11_shen	L-Allothreonine	name_formula_mass	4	TRUE	TRUE	1.39999656312284e-09	3.4999914078071e-06
CPD-10303	23582	HMDB	HMDB0004041_12_shen	L-Allothreonine	name_formula_mass	4	TRUE	TRUE	1.39999656312284e-09	3.4999914078071e-06
CPD-10303	23583	HMDB	HMDB0004041_13_shen	L-Allothreonine	name_formula_mass	4	TRUE	TRUE	1.39999656312284e-09	3.4999914078071e-06
CPD-10303	23584	HMDB	HMDB0004041_14_shen	L-Allothreonine	name_formula_mass	4	TRUE	TRUE	1.39999656312284e-09	3.4999914078071e-06
CPD-10303	23585	HMDB	HMDB0004041_15_shen	L-Allothreonine	name_formula_mass	4	TRUE	TRUE	1.39999656312284e-09	3.4999914078071e-06
CPD-10303	23586	HMDB	HMDB0004041_16_shen	L-Allothreonine	name_formula_mass	4	TRUE	TRUE	1.39999656312284e-09	3.4999914078071e-06
CPD-10303	23587	HMDB	HMDB0004041_17_shen	L-Allothreonine	name_formula_mass	4	TRUE	TRUE	1.39999656312284e-09	3.4999914078071e-06
CPD-10303	23588	HMDB	HMDB0004041_18_shen	L-Allothreonine	name_formula_mass	4	TRUE	TRUE	1.39999656312284e-09	3.4999914078071e-06
CPD-10303	23589	HMDB	HMDB0004041_19_shen	L-Allothreonine	name_formula_mass	4	TRUE	TRUE	1.39999656312284e-09	3.4999914078071e-06
CPD-10303	23590	HMDB	HMDB0004041_20_shen	L-Allothreonine	name_formula_mass	4	TRUE	TRUE	1.39999656312284e-09	3.4999914078071e-06
CPD-10303	23591	HMDB	HMDB0004041_21_shen	L-Allothreonine	name_formula_mass	4	TRUE	TRUE	1.39999656312284e-09	3.4999914078071e-06
CPD-10303	23592	HMDB	HMDB0004041_22_shen	L-Allothreonine	name_formula_mass	4	TRUE	TRUE	1.39999656312284e-09	3.4999914078071e-06
CPD-10303	23593	HMDB	HMDB0004041_23_shen	L-Allothreonine	name_formula_mass	4	TRUE	TRUE	1.39999656312284e-09	3.4999914078071e-06
CPD-10303	23594	HMDB	HMDB0004041_24_shen	L-Allothreonine	name_formula_mass	4	TRUE	TRUE	1.39999656312284e-09	3.4999914078071e-06
CPD-10303	23595	HMDB	HMDB0004041_25_shen	L-Allothreonine	name_formula_mass	4	TRUE	TRUE	1.39999656312284e-09	3.4999914078071e-06
CPD-10303	23596	HMDB	HMDB0004041_26_shen	L-Allothreonine	name_formula_mass	4	TRUE	TRUE	1.39999656312284e-09	3.4999914078071e-06
CPD-10303	23597	HMDB	HMDB0004041_27_shen	L-Allothreonine	name_formula_mass	4	TRUE	TRUE	1.39999656312284e-09	3.4999914078071e-06
CPD-10303	23598	HMDB	HMDB0004041_28_shen	L-Allothreonine	name_formula_mass	4	TRUE	TRUE	1.39999656312284e-09	3.4999914078071e-06
CPD-10303	23599	HMDB	HMDB0004041_29_shen	L-Allothreonine	name_formula_mass	4	TRUE	TRUE	1.39999656312284e-09	3.4999914078071e-06
CPD-10303	23600	HMDB	HMDB0004041_30_shen	L-Allothreonine	name_formula_mass	4	TRUE	TRUE	1.39999656312284e-09	3.4999914078071e-06
CPD-10303	23601	HMDB	HMDB0004041_31_shen	L-Allothreonine	name_formula_mass	4	TRUE	TRUE	1.39999656312284e-09	3.4999914078071e-06
CPD-10303	23602	HMDB	HMDB0004041_32_shen	L-Allothreonine	name_formula_mass	4	TRUE	TRUE	1.39999656312284e-09	3.4999914078071e-06
CPD-10303	23603	HMDB	HMDB0004041_33_shen	L-Allothreonine	name_formula_mass	4	TRUE	TRUE	1.39999656312284e-09	3.4999914078071e-06
CPD-10303	23604	HMDB	HMDB0004041_34_shen	L-Allothreonine	name_formula_mass	4	TRUE	TRUE	1.39999656312284e-09	3.4999914078071e-06
CPD-10303	23605	HMDB	HMDB0004041_35_shen	L-Allothreonine	name_formula_mass	4	TRUE	TRUE	1.39999656312284e-09	3.4999914078071e-06
CPD-10303	23606	HMDB	HMDB0004041_36_shen	L-Allothreonine	name_formula_mass	4	TRUE	TRUE	1.39999656312284e-09	3.4999914078071e-06
CPD-10303	23607	HMDB	HMDB0004041_37_shen	L-Allothreonine	name_formula_mass	4	TRUE	TRUE	1.39999656312284e-09	3.4999914078071e-06
CPD-10303	23608	HMDB	HMDB0004041_38_shen	L-Allothreonine	name_formula_mass	4	TRUE	TRUE	1.39999656312284e-09	3.4999914078071e-06
CPD-10303	23609	HMDB	HMDB0004041_39_shen	L-Allothreonine	name_formula_mass	4	TRUE	TRUE	1.39999656312284e-09	3.4999914078071e-06
CPD-10303	23610	HMDB	HMDB0004041_40_shen	L-Allothreonine	name_formula_mass	4	TRUE	TRUE	1.39999656312284e-09	3.4999914078071e-06
CPD-10303	23611	HMDB	HMDB0004041_41_shen	L-Allothreonine	name_formula_mass	4	TRUE	TRUE	1.39999656312284e-09	3.4999914078071e-06
INDOXYL	23624	HMDB	HMDB0004094_1_shen	Indoxyl	inchikey	1	TRUE	TRUE	9.99989424599335e-10	2.49997356149834e-06
INDOXYL	23625	HMDB	HMDB0004094_2_shen	Indoxyl	inchikey	1	TRUE	TRUE	9.99989424599335e-10	2.49997356149834e-06
INDOXYL	23626	HMDB	HMDB0004094_3_shen	Indoxyl	inchikey	1	TRUE	TRUE	9.99989424599335e-10	2.49997356149834e-06
INDOXYL	23627	HMDB	HMDB0004094_4_shen	Indoxyl	inchikey	1	TRUE	TRUE	9.99989424599335e-10	2.49997356149834e-06
INDOXYL	23628	HMDB	HMDB0004094_5_shen	Indoxyl	inchikey	1	TRUE	TRUE	9.99989424599335e-10	2.49997356149834e-06
INDOXYL	23629	HMDB	HMDB0004094_6_shen	Indoxyl	inchikey	1	TRUE	TRUE	9.99989424599335e-10	2.49997356149834e-06
INDOXYL	23630	HMDB	HMDB0004094_7_shen	Indoxyl	inchikey	1	TRUE	TRUE	9.99989424599335e-10	2.49997356149834e-06
INDOXYL	23631	HMDB	HMDB0004094_8_shen	Indoxyl	inchikey	1	TRUE	TRUE	9.99989424599335e-10	2.49997356149834e-06
INDOXYL	23632	HMDB	HMDB0004094_9_shen	Indoxyl	inchikey	1	TRUE	TRUE	9.99989424599335e-10	2.49997356149834e-06
CPD-764	23715	HMDB	HMDB0004110_1_shen	Phosphonoacetate	inchikey_connectivity_formula_mass	2	FALSE	TRUE	9.99989424599335e-10	2.49997356149834e-06
CPD-764	23716	HMDB	HMDB0004110_2_shen	Phosphonoacetate	inchikey_connectivity_formula_mass	2	FALSE	TRUE	9.99989424599335e-10	2.49997356149834e-06
CPD-764	23717	HMDB	HMDB0004110_3_shen	Phosphonoacetate	inchikey_connectivity_formula_mass	2	FALSE	TRUE	9.99989424599335e-10	2.49997356149834e-06
CPD-764	23718	HMDB	HMDB0004110_4_shen	Phosphonoacetate	inchikey_connectivity_formula_mass	2	FALSE	TRUE	9.99989424599335e-10	2.49997356149834e-06
CPD-764	23719	HMDB	HMDB0004110_5_shen	Phosphonoacetate	inchikey_connectivity_formula_mass	2	FALSE	TRUE	9.99989424599335e-10	2.49997356149834e-06
CPD-764	23720	HMDB	HMDB0004110_6_shen	Phosphonoacetate	inchikey_connectivity_formula_mass	2	FALSE	TRUE	9.99989424599335e-10	2.49997356149834e-06
CPD-764	23721	HMDB	HMDB0004110_7_shen	Phosphonoacetate	inchikey_connectivity_formula_mass	2	FALSE	TRUE	9.99989424599335e-10	2.49997356149834e-06
CPD-764	23722	HMDB	HMDB0004110_8_shen	Phosphonoacetate	inchikey_connectivity_formula_mass	2	FALSE	TRUE	9.99989424599335e-10	2.49997356149834e-06
CPD-764	23723	HMDB	HMDB0004110_9_shen	Phosphonoacetate	inchikey_connectivity_formula_mass	2	FALSE	TRUE	9.99989424599335e-10	2.49997356149834e-06
CPD-764	23724	HMDB	HMDB0004110_10_shen	Phosphonoacetate	inchikey_connectivity_formula_mass	2	FALSE	TRUE	9.99989424599335e-10	2.49997356149834e-06
CPD-764	23725	HMDB	HMDB0004110_11_shen	Phosphonoacetate	inchikey_connectivity_formula_mass	2	FALSE	TRUE	9.99989424599335e-10	2.49997356149834e-06
CPD-764	23726	HMDB	HMDB0004110_12_shen	Phosphonoacetate	inchikey_connectivity_formula_mass	2	FALSE	TRUE	9.99989424599335e-10	2.49997356149834e-06
CPD-764	23727	HMDB	HMDB0004110_13_shen	Phosphonoacetate	inchikey_connectivity_formula_mass	2	FALSE	TRUE	9.99989424599335e-10	2.49997356149834e-06
CPD-764	23728	HMDB	HMDB0004110_14_shen	Phosphonoacetate	inchikey_connectivity_formula_mass	2	FALSE	TRUE	9.99989424599335e-10	2.49997356149834e-06
CPD-764	23729	HMDB	HMDB0004110_15_shen	Phosphonoacetate	inchikey_connectivity_formula_mass	2	FALSE	TRUE	9.99989424599335e-10	2.49997356149834e-06
CPD-764	23730	HMDB	HMDB0004110_16_shen	Phosphonoacetate	inchikey_connectivity_formula_mass	2	FALSE	TRUE	9.99989424599335e-10	2.49997356149834e-06
CPD-824	23762	HMDB	HMDB0004225_1_shen	2-Oxoarginine	inchikey	1	TRUE	TRUE	2.0000072709081e-09	5.00001817727025e-06
CPD-824	23763	HMDB	HMDB0004225_2_shen	2-Oxoarginine	inchikey	1	TRUE	TRUE	2.0000072709081e-09	5.00001817727025e-06
CPD-824	23764	HMDB	HMDB0004225_3_shen	2-Oxoarginine	inchikey	1	TRUE	TRUE	2.0000072709081e-09	5.00001817727025e-06
ACRYLAMIDE	23809	HMDB	HMDB0004296_1_shen	Acrylamide	inchikey	1	TRUE	TRUE	8.00000066192297e-10	2.00000016548074e-06
ACRYLAMIDE	23810	HMDB	HMDB0004296_2_shen	Acrylamide	inchikey	1	TRUE	TRUE	8.00000066192297e-10	2.00000016548074e-06
ACRYLAMIDE	23811	HMDB	HMDB0004296_3_shen	Acrylamide	inchikey	1	TRUE	TRUE	8.00000066192297e-10	2.00000016548074e-06
ACRYLAMIDE	23812	HMDB	HMDB0004296_4_shen	Acrylamide	inchikey	1	TRUE	TRUE	8.00000066192297e-10	2.00000016548074e-06
ACRYLAMIDE	23813	HMDB	HMDB0004296_5_shen	Acrylamide	inchikey	1	TRUE	TRUE	8.00000066192297e-10	2.00000016548074e-06
ACRYLAMIDE	23814	HMDB	HMDB0004296_6_shen	Acrylamide	inchikey	1	TRUE	TRUE	8.00000066192297e-10	2.00000016548074e-06
ACRYLAMIDE	23815	HMDB	HMDB0004296_7_shen	Acrylamide	inchikey	1	TRUE	TRUE	8.00000066192297e-10	2.00000016548074e-06
ACRYLAMIDE	23816	HMDB	HMDB0004296_8_shen	Acrylamide	inchikey	1	TRUE	TRUE	8.00000066192297e-10	2.00000016548074e-06
ACRYLAMIDE	23817	HMDB	HMDB0004296_9_shen	Acrylamide	inchikey	1	TRUE	TRUE	8.00000066192297e-10	2.00000016548074e-06
2-TRANS6-TRANS-FARNESOL	23818	HMDB	HMDB0004305_shen	Farnesol	inchikey	1	TRUE	TRUE	2.70000555246952e-09	6.7500138811738e-06
CPD-4886	23819	HMDB	HMDB0004321_1_shen	(-)-Limonene	inchikey	1	TRUE	TRUE	1.60000013238459e-09	4.00000033096148e-06
CPD-4886	23820	HMDB	HMDB0004321_2_shen	(-)-Limonene	inchikey	1	TRUE	TRUE	1.60000013238459e-09	4.00000033096148e-06
CPD-4886	23821	HMDB	HMDB0004321_3_shen	(-)-Limonene	inchikey	1	TRUE	TRUE	1.60000013238459e-09	4.00000033096148e-06
BUTANOL	23822	HMDB	HMDB0004327_1_shen	1-Butanol	inchikey	1	TRUE	TRUE	1.09999120923021e-09	2.74997802307553e-06
BUTANOL	23823	HMDB	HMDB0004327_2_shen	1-Butanol	inchikey	1	TRUE	TRUE	1.09999120923021e-09	2.74997802307553e-06
BUTANOL	23824	HMDB	HMDB0004327_3_shen	1-Butanol	inchikey	1	TRUE	TRUE	1.09999120923021e-09	2.74997802307553e-06
CPD-4261	23975	HMDB	HMDB0004472_1_shen	Eucalyptol	inchikey	1	TRUE	TRUE	1.89999127542251e-09	4.74997818855627e-06
CPD-4261	23976	HMDB	HMDB0004472_2_shen	Eucalyptol	inchikey	1	TRUE	TRUE	1.89999127542251e-09	4.74997818855627e-06
CPD-4261	23977	HMDB	HMDB0004472_3_shen	Eucalyptol	inchikey	1	TRUE	TRUE	1.89999127542251e-09	4.74997818855627e-06
CPD-10037	23995	HMDB	HMDB0004487_1_shen	(S)-Carvone	inchikey	1	TRUE	TRUE	1.499984136899e-09	3.7499603422475e-06
CPD-10037	23996	HMDB	HMDB0004487_2_shen	(S)-Carvone	inchikey	1	TRUE	TRUE	1.499984136899e-09	3.7499603422475e-06
CPD-10037	23997	HMDB	HMDB0004487_3_shen	(S)-Carvone	inchikey	1	TRUE	TRUE	1.499984136899e-09	3.7499603422475e-06
CPD-10037	23998	HMDB	HMDB0004487_4_shen	(S)-Carvone	inchikey	1	TRUE	TRUE	1.499984136899e-09	3.7499603422475e-06
CPD-10037	23999	HMDB	HMDB0004487_5_shen	(S)-Carvone	inchikey	1	TRUE	TRUE	1.499984136899e-09	3.7499603422475e-06
CPD-10037	24000	HMDB	HMDB0004487_6_shen	(S)-Carvone	inchikey	1	TRUE	TRUE	1.499984136899e-09	3.7499603422475e-06
CPD-10037	24001	HMDB	HMDB0004487_7_shen	(S)-Carvone	inchikey	1	TRUE	TRUE	1.499984136899e-09	3.7499603422475e-06
CPD-10037	24002	HMDB	HMDB0004487_8_shen	(S)-Carvone	inchikey	1	TRUE	TRUE	1.499984136899e-09	3.7499603422475e-06
CPD-10037	24003	HMDB	HMDB0004487_9_shen	(S)-Carvone	inchikey	1	TRUE	TRUE	1.499984136899e-09	3.7499603422475e-06
CPD-10037	24004	HMDB	HMDB0004487_10_shen	(S)-Carvone	inchikey	1	TRUE	TRUE	1.499984136899e-09	3.7499603422475e-06
CPD-12443	24005	HMDB	HMDB0004586_1_shen	Perillic acid	inchikey_connectivity_formula_mass	2	FALSE	TRUE	2.60001797869336e-09	6.5000449467334e-06
CPD-12443	24006	HMDB	HMDB0004586_2_shen	Perillic acid	inchikey_connectivity_formula_mass	2	FALSE	TRUE	2.60001797869336e-09	6.5000449467334e-06
CPD-12443	24007	HMDB	HMDB0004586_3_shen	Perillic acid	inchikey_connectivity_formula_mass	2	FALSE	TRUE	2.60001797869336e-09	6.5000449467334e-06
CPD-12443	24008	HMDB	HMDB0004586_4_shen	Perillic acid	inchikey_connectivity_formula_mass	2	FALSE	TRUE	2.60001797869336e-09	6.5000449467334e-06
CPD-12443	24009	HMDB	HMDB0004586_5_shen	Perillic acid	inchikey_connectivity_formula_mass	2	FALSE	TRUE	2.60001797869336e-09	6.5000449467334e-06
CPD-12443	24010	HMDB	HMDB0004586_6_shen	Perillic acid	inchikey_connectivity_formula_mass	2	FALSE	TRUE	2.60001797869336e-09	6.5000449467334e-06
PHYTOSPINGOSINE	24011	HMDB	HMDB0004610_1_shen	Phytosphingosine	inchikey_connectivity_formula_mass	2	FALSE	TRUE	4.39996483692084e-09	1.09999120923021e-05
PHYTOSPINGOSINE	24012	HMDB	HMDB0004610_2_shen	Phytosphingosine	inchikey_connectivity_formula_mass	2	FALSE	TRUE	4.39996483692084e-09	1.09999120923021e-05
PHYTOSPINGOSINE	24013	HMDB	HMDB0004610_3_shen	Phytosphingosine	inchikey_connectivity_formula_mass	2	FALSE	TRUE	4.39996483692084e-09	1.09999120923021e-05
PHYTOSPINGOSINE	24014	HMDB	HMDB0004610_4_shen	Phytosphingosine	inchikey_connectivity_formula_mass	2	FALSE	TRUE	4.39996483692084e-09	1.09999120923021e-05
PHYTOSPINGOSINE	24015	HMDB	HMDB0004610_5_shen	Phytosphingosine	inchikey_connectivity_formula_mass	2	FALSE	TRUE	4.39996483692084e-09	1.09999120923021e-05
PHYTOSPINGOSINE	24016	HMDB	HMDB0004610_6_shen	Phytosphingosine	inchikey_connectivity_formula_mass	2	FALSE	TRUE	4.39996483692084e-09	1.09999120923021e-05
PHYTOSPINGOSINE	24017	HMDB	HMDB0004610_7_shen	Phytosphingosine	inchikey_connectivity_formula_mass	2	FALSE	TRUE	4.39996483692084e-09	1.09999120923021e-05
PHYTOSPINGOSINE	24018	HMDB	HMDB0004610_8_shen	Phytosphingosine	inchikey_connectivity_formula_mass	2	FALSE	TRUE	4.39996483692084e-09	1.09999120923021e-05
PHYTOSPINGOSINE	24019	HMDB	HMDB0004610_9_shen	Phytosphingosine	inchikey_connectivity_formula_mass	2	FALSE	TRUE	4.39996483692084e-09	1.09999120923021e-05
PHYTOSPINGOSINE	24020	HMDB	HMDB0004610_10_shen	Phytosphingosine	inchikey_connectivity_formula_mass	2	FALSE	TRUE	4.39996483692084e-09	1.09999120923021e-05
PHYTOSPINGOSINE	24021	HMDB	HMDB0004610_11_shen	Phytosphingosine	inchikey_connectivity_formula_mass	2	FALSE	TRUE	4.39996483692084e-09	1.09999120923021e-05
PHYTOSPINGOSINE	24022	HMDB	HMDB0004610_12_shen	Phytosphingosine	inchikey_connectivity_formula_mass	2	FALSE	TRUE	4.39996483692084e-09	1.09999120923021e-05
PHYTOSPINGOSINE	24023	HMDB	HMDB0004610_13_shen	Phytosphingosine	inchikey_connectivity_formula_mass	2	FALSE	TRUE	4.39996483692084e-09	1.09999120923021e-05
PHYTOSPINGOSINE	24024	HMDB	HMDB0004610_14_shen	Phytosphingosine	inchikey_connectivity_formula_mass	2	FALSE	TRUE	4.39996483692084e-09	1.09999120923021e-05
PHYTOSPINGOSINE	24025	HMDB	HMDB0004610_15_shen	Phytosphingosine	inchikey_connectivity_formula_mass	2	FALSE	TRUE	4.39996483692084e-09	1.09999120923021e-05
PHYTOSPINGOSINE	24026	HMDB	HMDB0004610_16_shen	Phytosphingosine	inchikey_connectivity_formula_mass	2	FALSE	TRUE	4.39996483692084e-09	1.09999120923021e-05
PHYTOSPINGOSINE	24027	HMDB	HMDB0004610_17_shen	Phytosphingosine	inchikey_connectivity_formula_mass	2	FALSE	TRUE	4.39996483692084e-09	1.09999120923021e-05
PHYTOSPINGOSINE	24028	HMDB	HMDB0004610_18_shen	Phytosphingosine	inchikey_connectivity_formula_mass	2	FALSE	TRUE	4.39996483692084e-09	1.09999120923021e-05
PHYTOSPINGOSINE	24029	HMDB	HMDB0004610_19_shen	Phytosphingosine	inchikey_connectivity_formula_mass	2	FALSE	TRUE	4.39996483692084e-09	1.09999120923021e-05
PHYTOSPINGOSINE	24030	HMDB	HMDB0004610_20_shen	Phytosphingosine	inchikey_connectivity_formula_mass	2	FALSE	TRUE	4.39996483692084e-09	1.09999120923021e-05
PHYTOSPINGOSINE	24031	HMDB	HMDB0004610_21_shen	Phytosphingosine	inchikey_connectivity_formula_mass	2	FALSE	TRUE	4.39996483692084e-09	1.09999120923021e-05
PHYTOSPINGOSINE	24032	HMDB	HMDB0004610_22_shen	Phytosphingosine	inchikey_connectivity_formula_mass	2	FALSE	TRUE	4.39996483692084e-09	1.09999120923021e-05
PHYTOSPINGOSINE	24033	HMDB	HMDB0004610_23_shen	Phytosphingosine	inchikey_connectivity_formula_mass	2	FALSE	TRUE	4.39996483692084e-09	1.09999120923021e-05
PHYTOSPINGOSINE	24034	HMDB	HMDB0004610_24_shen	Phytosphingosine	inchikey_connectivity_formula_mass	2	FALSE	TRUE	4.39996483692084e-09	1.09999120923021e-05
PHYTOSPINGOSINE	24035	HMDB	HMDB0004610_25_shen	Phytosphingosine	inchikey_connectivity_formula_mass	2	FALSE	TRUE	4.39996483692084e-09	1.09999120923021e-05
PHYTOSPINGOSINE	24036	HMDB	HMDB0004610_26_shen	Phytosphingosine	inchikey_connectivity_formula_mass	2	FALSE	TRUE	4.39996483692084e-09	1.09999120923021e-05
PHYTOSPINGOSINE	24037	HMDB	HMDB0004610_27_shen	Phytosphingosine	inchikey_connectivity_formula_mass	2	FALSE	TRUE	4.39996483692084e-09	1.09999120923021e-05
PHYTOSPINGOSINE	24038	HMDB	HMDB0004610_28_shen	Phytosphingosine	inchikey_connectivity_formula_mass	2	FALSE	TRUE	4.39996483692084e-09	1.09999120923021e-05
PHYTOSPINGOSINE	24039	HMDB	HMDB0004610_29_shen	Phytosphingosine	inchikey_connectivity_formula_mass	2	FALSE	TRUE	4.39996483692084e-09	1.09999120923021e-05
PHYTOSPINGOSINE	24040	HMDB	HMDB0004610_30_shen	Phytosphingosine	inchikey_connectivity_formula_mass	2	FALSE	TRUE	4.39996483692084e-09	1.09999120923021e-05
PHYTOSPINGOSINE	24041	HMDB	HMDB0004610_31_shen	Phytosphingosine	inchikey_connectivity_formula_mass	2	FALSE	TRUE	4.39996483692084e-09	1.09999120923021e-05
PHYTOSPINGOSINE	24042	HMDB	HMDB0004610_32_shen	Phytosphingosine	inchikey_connectivity_formula_mass	2	FALSE	TRUE	4.39996483692084e-09	1.09999120923021e-05
PHYTOSPINGOSINE	24043	HMDB	HMDB0004610_33_shen	Phytosphingosine	inchikey_connectivity_formula_mass	2	FALSE	TRUE	4.39996483692084e-09	1.09999120923021e-05
PHYTOSPINGOSINE	24044	HMDB	HMDB0004610_34_shen	Phytosphingosine	inchikey_connectivity_formula_mass	2	FALSE	TRUE	4.39996483692084e-09	1.09999120923021e-05
PHYTOSPINGOSINE	24045	HMDB	HMDB0004610_35_shen	Phytosphingosine	inchikey_connectivity_formula_mass	2	FALSE	TRUE	4.39996483692084e-09	1.09999120923021e-05
PHYTOSPINGOSINE	24046	HMDB	HMDB0004610_36_shen	Phytosphingosine	inchikey_connectivity_formula_mass	2	FALSE	TRUE	4.39996483692084e-09	1.09999120923021e-05
PHYTOSPINGOSINE	24047	HMDB	HMDB0004610_37_shen	Phytosphingosine	inchikey_connectivity_formula_mass	2	FALSE	TRUE	4.39996483692084e-09	1.09999120923021e-05
PHYTOSPINGOSINE	24048	HMDB	HMDB0004610_38_shen	Phytosphingosine	inchikey_connectivity_formula_mass	2	FALSE	TRUE	4.39996483692084e-09	1.09999120923021e-05
PHYTOSPINGOSINE	24049	HMDB	HMDB0004610_39_shen	Phytosphingosine	inchikey_connectivity_formula_mass	2	FALSE	TRUE	4.39996483692084e-09	1.09999120923021e-05
PHYTOSPINGOSINE	24050	HMDB	HMDB0004610_40_shen	Phytosphingosine	inchikey_connectivity_formula_mass	2	FALSE	TRUE	4.39996483692084e-09	1.09999120923021e-05
PHYTOSPINGOSINE	24051	HMDB	HMDB0004610_41_shen	Phytosphingosine	inchikey_connectivity_formula_mass	2	FALSE	TRUE	4.39996483692084e-09	1.09999120923021e-05
PHYTOSPINGOSINE	24052	HMDB	HMDB0004610_42_shen	Phytosphingosine	inchikey_connectivity_formula_mass	2	FALSE	TRUE	4.39996483692084e-09	1.09999120923021e-05
PHYTOSPINGOSINE	24053	HMDB	HMDB0004610_43_shen	Phytosphingosine	inchikey_connectivity_formula_mass	2	FALSE	TRUE	4.39996483692084e-09	1.09999120923021e-05
PHYTOSPINGOSINE	24054	HMDB	HMDB0004610_44_shen	Phytosphingosine	inchikey_connectivity_formula_mass	2	FALSE	TRUE	4.39996483692084e-09	1.09999120923021e-05
PHYTOSPINGOSINE	24055	HMDB	HMDB0004610_45_shen	Phytosphingosine	inchikey_connectivity_formula_mass	2	FALSE	TRUE	4.39996483692084e-09	1.09999120923021e-05
CODEINE	24219	HMDB	HMDB0004995_1_shen	Codeine	inchikey_connectivity_formula_mass	2	FALSE	TRUE	2.5999611352745e-09	6.49990283818624e-06
CODEINE	24220	HMDB	HMDB0004995_2_shen	Codeine	inchikey_connectivity_formula_mass	2	FALSE	TRUE	2.5999611352745e-09	6.49990283818624e-06
CODEINE	24221	HMDB	HMDB0004995_3_shen	Codeine	inchikey_connectivity_formula_mass	2	FALSE	TRUE	2.5999611352745e-09	6.49990283818624e-06
CODEINE	24222	HMDB	HMDB0004995_4_shen	Codeine	inchikey_connectivity_formula_mass	2	FALSE	TRUE	2.5999611352745e-09	6.49990283818624e-06
CODEINE	24223	HMDB	HMDB0004995_5_shen	Codeine	inchikey_connectivity_formula_mass	2	FALSE	TRUE	2.5999611352745e-09	6.49990283818624e-06
CODEINE	24224	HMDB	HMDB0004995_6_shen	Codeine	inchikey_connectivity_formula_mass	2	FALSE	TRUE	2.5999611352745e-09	6.49990283818624e-06
CODEINE	24225	HMDB	HMDB0004995_7_shen	Codeine	inchikey_connectivity_formula_mass	2	FALSE	TRUE	2.5999611352745e-09	6.49990283818624e-06
CODEINE	24226	HMDB	HMDB0004995_8_shen	Codeine	inchikey_connectivity_formula_mass	2	FALSE	TRUE	2.5999611352745e-09	6.49990283818624e-06
CODEINE	24227	HMDB	HMDB0004995_9_shen	Codeine	inchikey_connectivity_formula_mass	2	FALSE	TRUE	2.5999611352745e-09	6.49990283818624e-06
CODEINE	24228	HMDB	HMDB0004995_10_shen	Codeine	inchikey_connectivity_formula_mass	2	FALSE	TRUE	2.5999611352745e-09	6.49990283818624e-06
CODEINE	24229	HMDB	HMDB0004995_11_shen	Codeine	inchikey_connectivity_formula_mass	2	FALSE	TRUE	2.5999611352745e-09	6.49990283818624e-06
CODEINE	24230	HMDB	HMDB0004995_12_shen	Codeine	inchikey_connectivity_formula_mass	2	FALSE	TRUE	2.5999611352745e-09	6.49990283818624e-06
CODEINE	24231	HMDB	HMDB0004995_13_shen	Codeine	inchikey_connectivity_formula_mass	2	FALSE	TRUE	2.5999611352745e-09	6.49990283818624e-06
CODEINE	24232	HMDB	HMDB0004995_14_shen	Codeine	inchikey_connectivity_formula_mass	2	FALSE	TRUE	2.5999611352745e-09	6.49990283818624e-06
CODEINE	24233	HMDB	HMDB0004995_15_shen	Codeine	inchikey_connectivity_formula_mass	2	FALSE	TRUE	2.5999611352745e-09	6.49990283818624e-06
CODEINE	24234	HMDB	HMDB0004995_16_shen	Codeine	inchikey_connectivity_formula_mass	2	FALSE	TRUE	2.5999611352745e-09	6.49990283818624e-06
CODEINE	24235	HMDB	HMDB0004995_17_shen	Codeine	inchikey_connectivity_formula_mass	2	FALSE	TRUE	2.5999611352745e-09	6.49990283818624e-06
CODEINE	24236	HMDB	HMDB0004995_18_shen	Codeine	inchikey_connectivity_formula_mass	2	FALSE	TRUE	2.5999611352745e-09	6.49990283818624e-06
CODEINE	24237	HMDB	HMDB0004995_19_shen	Codeine	inchikey_connectivity_formula_mass	2	FALSE	TRUE	2.5999611352745e-09	6.49990283818624e-06
CODEINE	24238	HMDB	HMDB0004995_20_shen	Codeine	inchikey_connectivity_formula_mass	2	FALSE	TRUE	2.5999611352745e-09	6.49990283818624e-06
CODEINE	24239	HMDB	HMDB0004995_21_shen	Codeine	inchikey_connectivity_formula_mass	2	FALSE	TRUE	2.5999611352745e-09	6.49990283818624e-06
CODEINE	24240	HMDB	HMDB0004995_22_shen	Codeine	inchikey_connectivity_formula_mass	2	FALSE	TRUE	2.5999611352745e-09	6.49990283818624e-06
CODEINE	24241	HMDB	HMDB0004995_23_shen	Codeine	inchikey_connectivity_formula_mass	2	FALSE	TRUE	2.5999611352745e-09	6.49990283818624e-06
CODEINE	24242	HMDB	HMDB0004995_24_shen	Codeine	inchikey_connectivity_formula_mass	2	FALSE	TRUE	2.5999611352745e-09	6.49990283818624e-06
CODEINE	24243	HMDB	HMDB0004995_25_shen	Codeine	inchikey_connectivity_formula_mass	2	FALSE	TRUE	2.5999611352745e-09	6.49990283818624e-06
CODEINE	24244	HMDB	HMDB0004995_26_shen	Codeine	inchikey_connectivity_formula_mass	2	FALSE	TRUE	2.5999611352745e-09	6.49990283818624e-06
CODEINE	24245	HMDB	HMDB0004995_27_shen	Codeine	inchikey_connectivity_formula_mass	2	FALSE	TRUE	2.5999611352745e-09	6.49990283818624e-06
CODEINE	24246	HMDB	HMDB0004995_28_shen	Codeine	inchikey_connectivity_formula_mass	2	FALSE	TRUE	2.5999611352745e-09	6.49990283818624e-06
CODEINE	24247	HMDB	HMDB0004995_29_shen	Codeine	inchikey_connectivity_formula_mass	2	FALSE	TRUE	2.5999611352745e-09	6.49990283818624e-06
CODEINE	24248	HMDB	HMDB0004995_30_shen	Codeine	inchikey_connectivity_formula_mass	2	FALSE	TRUE	2.5999611352745e-09	6.49990283818624e-06
CODEINE	24249	HMDB	HMDB0004995_31_shen	Codeine	inchikey_connectivity_formula_mass	2	FALSE	TRUE	2.5999611352745e-09	6.49990283818624e-06
CODEINE	24250	HMDB	HMDB0004995_32_shen	Codeine	inchikey_connectivity_formula_mass	2	FALSE	TRUE	2.5999611352745e-09	6.49990283818624e-06
CODEINE	24251	HMDB	HMDB0004995_33_shen	Codeine	inchikey_connectivity_formula_mass	2	FALSE	TRUE	2.5999611352745e-09	6.49990283818624e-06
CODEINE	24252	HMDB	HMDB0004995_34_shen	Codeine	inchikey_connectivity_formula_mass	2	FALSE	TRUE	2.5999611352745e-09	6.49990283818624e-06
CODEINE	24253	HMDB	HMDB0004995_35_shen	Codeine	inchikey_connectivity_formula_mass	2	FALSE	TRUE	2.5999611352745e-09	6.49990283818624e-06
CODEINE	24254	HMDB	HMDB0004995_36_shen	Codeine	inchikey_connectivity_formula_mass	2	FALSE	TRUE	2.5999611352745e-09	6.49990283818624e-06
CODEINE	24255	HMDB	HMDB0004995_37_shen	Codeine	inchikey_connectivity_formula_mass	2	FALSE	TRUE	2.5999611352745e-09	6.49990283818624e-06
CODEINE	24256	HMDB	HMDB0004995_38_shen	Codeine	inchikey_connectivity_formula_mass	2	FALSE	TRUE	2.5999611352745e-09	6.49990283818624e-06
CODEINE	24257	HMDB	HMDB0004995_39_shen	Codeine	inchikey_connectivity_formula_mass	2	FALSE	TRUE	2.5999611352745e-09	6.49990283818624e-06
CODEINE	24258	HMDB	HMDB0004995_40_shen	Codeine	inchikey_connectivity_formula_mass	2	FALSE	TRUE	2.5999611352745e-09	6.49990283818624e-06
CODEINE	24259	HMDB	HMDB0004995_41_shen	Codeine	inchikey_connectivity_formula_mass	2	FALSE	TRUE	2.5999611352745e-09	6.49990283818624e-06
CODEINE	24260	HMDB	HMDB0004995_42_shen	Codeine	inchikey_connectivity_formula_mass	2	FALSE	TRUE	2.5999611352745e-09	6.49990283818624e-06
CODEINE	24261	HMDB	HMDB0004995_43_shen	Codeine	inchikey_connectivity_formula_mass	2	FALSE	TRUE	2.5999611352745e-09	6.49990283818624e-06
CODEINE	24262	HMDB	HMDB0004995_44_shen	Codeine	inchikey_connectivity_formula_mass	2	FALSE	TRUE	2.5999611352745e-09	6.49990283818624e-06
CODEINE	24263	HMDB	HMDB0004995_45_shen	Codeine	inchikey_connectivity_formula_mass	2	FALSE	TRUE	2.5999611352745e-09	6.49990283818624e-06
CODEINE	24264	HMDB	HMDB0004995_46_shen	Codeine	inchikey_connectivity_formula_mass	2	FALSE	TRUE	2.5999611352745e-09	6.49990283818624e-06
CODEINE	24265	HMDB	HMDB0004995_47_shen	Codeine	inchikey_connectivity_formula_mass	2	FALSE	TRUE	2.5999611352745e-09	6.49990283818624e-06
CODEINE	24266	HMDB	HMDB0004995_48_shen	Codeine	inchikey_connectivity_formula_mass	2	FALSE	TRUE	2.5999611352745e-09	6.49990283818624e-06
CODEINE	24267	HMDB	HMDB0004995_49_shen	Codeine	inchikey_connectivity_formula_mass	2	FALSE	TRUE	2.5999611352745e-09	6.49990283818624e-06
CODEINE	24268	HMDB	HMDB0004995_50_shen	Codeine	inchikey_connectivity_formula_mass	2	FALSE	TRUE	2.5999611352745e-09	6.49990283818624e-06
CODEINE	24269	HMDB	HMDB0004995_51_shen	Codeine	inchikey_connectivity_formula_mass	2	FALSE	TRUE	2.5999611352745e-09	6.49990283818624e-06
CODEINE	24270	HMDB	HMDB0004995_52_shen	Codeine	inchikey_connectivity_formula_mass	2	FALSE	TRUE	2.5999611352745e-09	6.49990283818624e-06
CODEINE	24271	HMDB	HMDB0004995_53_shen	Codeine	inchikey_connectivity_formula_mass	2	FALSE	TRUE	2.5999611352745e-09	6.49990283818624e-06
CODEINE	24272	HMDB	HMDB0004995_54_shen	Codeine	inchikey_connectivity_formula_mass	2	FALSE	TRUE	2.5999611352745e-09	6.49990283818624e-06
CODEINE	24273	HMDB	HMDB0004995_55_shen	Codeine	inchikey_connectivity_formula_mass	2	FALSE	TRUE	2.5999611352745e-09	6.49990283818624e-06
Eicosadienoates	25114	HMDB	HMDB0005060_1_shen	Eicosadienoic acid	inchikey_connectivity_formula_mass	2	FALSE	TRUE	3.79998255084502e-09	9.49995637711254e-06
Eicosadienoates	25115	HMDB	HMDB0005060_2_shen	Eicosadienoic acid	inchikey_connectivity_formula_mass	2	FALSE	TRUE	3.79998255084502e-09	9.49995637711254e-06
Eicosadienoates	25116	HMDB	HMDB0005060_3_shen	Eicosadienoic acid	inchikey_connectivity_formula_mass	2	FALSE	TRUE	3.79998255084502e-09	9.49995637711254e-06
Eicosadienoates	25117	HMDB	HMDB0005060_4_shen	Eicosadienoic acid	inchikey_connectivity_formula_mass	2	FALSE	TRUE	3.79998255084502e-09	9.49995637711254e-06
Eicosadienoates	25118	HMDB	HMDB0005060_5_shen	Eicosadienoic acid	inchikey_connectivity_formula_mass	2	FALSE	TRUE	3.79998255084502e-09	9.49995637711254e-06
Eicosadienoates	25119	HMDB	HMDB0005060_6_shen	Eicosadienoic acid	inchikey_connectivity_formula_mass	2	FALSE	TRUE	3.79998255084502e-09	9.49995637711254e-06
Eicosadienoates	25120	HMDB	HMDB0005060_7_shen	Eicosadienoic acid	inchikey_connectivity_formula_mass	2	FALSE	TRUE	3.79998255084502e-09	9.49995637711254e-06
Eicosadienoates	25121	HMDB	HMDB0005060_8_shen	Eicosadienoic acid	inchikey_connectivity_formula_mass	2	FALSE	TRUE	3.79998255084502e-09	9.49995637711254e-06
Eicosadienoates	25122	HMDB	HMDB0005060_9_shen	Eicosadienoic acid	inchikey_connectivity_formula_mass	2	FALSE	TRUE	3.79998255084502e-09	9.49995637711254e-06
Eicosadienoates	25123	HMDB	HMDB0005060_10_shen	Eicosadienoic acid	inchikey_connectivity_formula_mass	2	FALSE	TRUE	3.79998255084502e-09	9.49995637711254e-06
Eicosadienoates	25124	HMDB	HMDB0005060_11_shen	Eicosadienoic acid	inchikey_connectivity_formula_mass	2	FALSE	TRUE	3.79998255084502e-09	9.49995637711254e-06
Eicosadienoates	25125	HMDB	HMDB0005060_12_shen	Eicosadienoic acid	inchikey_connectivity_formula_mass	2	FALSE	TRUE	3.79998255084502e-09	9.49995637711254e-06
Eicosadienoates	25126	HMDB	HMDB0005060_13_shen	Eicosadienoic acid	inchikey_connectivity_formula_mass	2	FALSE	TRUE	3.79998255084502e-09	9.49995637711254e-06
Eicosadienoates	25127	HMDB	HMDB0005060_14_shen	Eicosadienoic acid	inchikey_connectivity_formula_mass	2	FALSE	TRUE	3.79998255084502e-09	9.49995637711254e-06
Eicosadienoates	25128	HMDB	HMDB0005060_15_shen	Eicosadienoic acid	inchikey_connectivity_formula_mass	2	FALSE	TRUE	3.79998255084502e-09	9.49995637711254e-06
Eicosadienoates	25129	HMDB	HMDB0005060_16_shen	Eicosadienoic acid	inchikey_connectivity_formula_mass	2	FALSE	TRUE	3.79998255084502e-09	9.49995637711254e-06
Eicosadienoates	25130	HMDB	HMDB0005060_17_shen	Eicosadienoic acid	inchikey_connectivity_formula_mass	2	FALSE	TRUE	3.79998255084502e-09	9.49995637711254e-06
Eicosadienoates	25131	HMDB	HMDB0005060_18_shen	Eicosadienoic acid	inchikey_connectivity_formula_mass	2	FALSE	TRUE	3.79998255084502e-09	9.49995637711254e-06
Eicosadienoates	25132	HMDB	HMDB0005060_19_shen	Eicosadienoic acid	inchikey_connectivity_formula_mass	2	FALSE	TRUE	3.79998255084502e-09	9.49995637711254e-06
Eicosadienoates	25133	HMDB	HMDB0005060_20_shen	Eicosadienoic acid	inchikey_connectivity_formula_mass	2	FALSE	TRUE	3.79998255084502e-09	9.49995637711254e-06
Eicosadienoates	25134	HMDB	HMDB0005060_21_shen	Eicosadienoic acid	inchikey_connectivity_formula_mass	2	FALSE	TRUE	3.79998255084502e-09	9.49995637711254e-06
Eicosadienoates	25135	HMDB	HMDB0005060_22_shen	Eicosadienoic acid	inchikey_connectivity_formula_mass	2	FALSE	TRUE	3.79998255084502e-09	9.49995637711254e-06
Eicosadienoates	25136	HMDB	HMDB0005060_23_shen	Eicosadienoic acid	inchikey_connectivity_formula_mass	2	FALSE	TRUE	3.79998255084502e-09	9.49995637711254e-06
Eicosadienoates	25137	HMDB	HMDB0005060_24_shen	Eicosadienoic acid	inchikey_connectivity_formula_mass	2	FALSE	TRUE	3.79998255084502e-09	9.49995637711254e-06
Eicosadienoates	25138	HMDB	HMDB0005060_25_shen	Eicosadienoic acid	inchikey_connectivity_formula_mass	2	FALSE	TRUE	3.79998255084502e-09	9.49995637711254e-06
Eicosadienoates	25139	HMDB	HMDB0005060_26_shen	Eicosadienoic acid	inchikey_connectivity_formula_mass	2	FALSE	TRUE	3.79998255084502e-09	9.49995637711254e-06
Eicosadienoates	25140	HMDB	HMDB0005060_27_shen	Eicosadienoic acid	inchikey_connectivity_formula_mass	2	FALSE	TRUE	3.79998255084502e-09	9.49995637711254e-06
CPD-24412	25226	HMDB	HMDB0005760_1_shen	Dihydrodaidzein	inchikey	1	TRUE	TRUE	1.60002855409402e-09	4.00007138523506e-06
CPD-24412	25227	HMDB	HMDB0005760_2_shen	Dihydrodaidzein	inchikey	1	TRUE	TRUE	1.60002855409402e-09	4.00007138523506e-06
CPD-20340	25228	HMDB	HMDB0005765_1_shen	Ophthalmic acid	inchikey_connectivity_formula_mass	2	FALSE	TRUE	3.10001269099303e-09	7.75003172748256e-06
CPD-20340	25229	HMDB	HMDB0005765_2_shen	Ophthalmic acid	inchikey_connectivity_formula_mass	2	FALSE	TRUE	3.10001269099303e-09	7.75003172748256e-06
CPD-20340	25230	HMDB	HMDB0005765_3_shen	Ophthalmic acid	inchikey_connectivity_formula_mass	2	FALSE	TRUE	3.10001269099303e-09	7.75003172748256e-06
CPD-20340	25231	HMDB	HMDB0005765_4_shen	Ophthalmic acid	inchikey_connectivity_formula_mass	2	FALSE	TRUE	3.10001269099303e-09	7.75003172748256e-06
CPD-20340	25232	HMDB	HMDB0005765_5_shen	Ophthalmic acid	inchikey_connectivity_formula_mass	2	FALSE	TRUE	3.10001269099303e-09	7.75003172748256e-06
CPD-20340	25233	HMDB	HMDB0005765_6_shen	Ophthalmic acid	inchikey_connectivity_formula_mass	2	FALSE	TRUE	3.10001269099303e-09	7.75003172748256e-06
CPD-20340	25234	HMDB	HMDB0005765_7_shen	Ophthalmic acid	inchikey_connectivity_formula_mass	2	FALSE	TRUE	3.10001269099303e-09	7.75003172748256e-06
CPD-20340	25235	HMDB	HMDB0005765_8_shen	Ophthalmic acid	inchikey_connectivity_formula_mass	2	FALSE	TRUE	3.10001269099303e-09	7.75003172748256e-06
CPD-20340	25236	HMDB	HMDB0005765_9_shen	Ophthalmic acid	inchikey_connectivity_formula_mass	2	FALSE	TRUE	3.10001269099303e-09	7.75003172748256e-06
CPD-20340	25237	HMDB	HMDB0005765_10_shen	Ophthalmic acid	inchikey_connectivity_formula_mass	2	FALSE	TRUE	3.10001269099303e-09	7.75003172748256e-06
CPD-20340	25238	HMDB	HMDB0005765_11_shen	Ophthalmic acid	inchikey_connectivity_formula_mass	2	FALSE	TRUE	3.10001269099303e-09	7.75003172748256e-06
CPD-20340	25239	HMDB	HMDB0005765_12_shen	Ophthalmic acid	inchikey_connectivity_formula_mass	2	FALSE	TRUE	3.10001269099303e-09	7.75003172748256e-06
CPD-20340	25240	HMDB	HMDB0005765_13_shen	Ophthalmic acid	inchikey_connectivity_formula_mass	2	FALSE	TRUE	3.10001269099303e-09	7.75003172748256e-06
CPD-20340	25241	HMDB	HMDB0005765_14_shen	Ophthalmic acid	inchikey_connectivity_formula_mass	2	FALSE	TRUE	3.10001269099303e-09	7.75003172748256e-06
CPD-20340	25242	HMDB	HMDB0005765_15_shen	Ophthalmic acid	inchikey_connectivity_formula_mass	2	FALSE	TRUE	3.10001269099303e-09	7.75003172748256e-06
CPD-20340	25243	HMDB	HMDB0005765_16_shen	Ophthalmic acid	inchikey_connectivity_formula_mass	2	FALSE	TRUE	3.10001269099303e-09	7.75003172748256e-06
CPD-20340	25244	HMDB	HMDB0005765_17_shen	Ophthalmic acid	inchikey_connectivity_formula_mass	2	FALSE	TRUE	3.10001269099303e-09	7.75003172748256e-06
CPD-20340	25245	HMDB	HMDB0005765_18_shen	Ophthalmic acid	inchikey_connectivity_formula_mass	2	FALSE	TRUE	3.10001269099303e-09	7.75003172748256e-06
CPD-20340	25246	HMDB	HMDB0005765_19_shen	Ophthalmic acid	inchikey_connectivity_formula_mass	2	FALSE	TRUE	3.10001269099303e-09	7.75003172748256e-06
CPD-20340	25247	HMDB	HMDB0005765_20_shen	Ophthalmic acid	inchikey_connectivity_formula_mass	2	FALSE	TRUE	3.10001269099303e-09	7.75003172748256e-06
CPD-20340	25248	HMDB	HMDB0005765_21_shen	Ophthalmic acid	inchikey_connectivity_formula_mass	2	FALSE	TRUE	3.10001269099303e-09	7.75003172748256e-06
CPD-20340	25249	HMDB	HMDB0005765_22_shen	Ophthalmic acid	inchikey_connectivity_formula_mass	2	FALSE	TRUE	3.10001269099303e-09	7.75003172748256e-06
CPD-20340	25250	HMDB	HMDB0005765_23_shen	Ophthalmic acid	inchikey_connectivity_formula_mass	2	FALSE	TRUE	3.10001269099303e-09	7.75003172748256e-06
CPD-7072	25302	HMDB	HMDB0005782_1_shen	Hesperetin	inchikey_connectivity_formula_mass	2	FALSE	TRUE	1.99997884919867e-09	4.99994712299667e-06
CPD-7072	25303	HMDB	HMDB0005782_2_shen	Hesperetin	inchikey_connectivity_formula_mass	2	FALSE	TRUE	1.99997884919867e-09	4.99994712299667e-06
CPD-7072	25304	HMDB	HMDB0005782_3_shen	Hesperetin	inchikey_connectivity_formula_mass	2	FALSE	TRUE	1.99997884919867e-09	4.99994712299667e-06
CPD-7072	25305	HMDB	HMDB0005782_4_shen	Hesperetin	inchikey_connectivity_formula_mass	2	FALSE	TRUE	1.99997884919867e-09	4.99994712299667e-06
CPD-7072	25306	HMDB	HMDB0005782_5_shen	Hesperetin	inchikey_connectivity_formula_mass	2	FALSE	TRUE	1.99997884919867e-09	4.99994712299667e-06
CPD-7072	25307	HMDB	HMDB0005782_6_shen	Hesperetin	inchikey_connectivity_formula_mass	2	FALSE	TRUE	1.99997884919867e-09	4.99994712299667e-06
CPD-7072	25308	HMDB	HMDB0005782_7_shen	Hesperetin	inchikey_connectivity_formula_mass	2	FALSE	TRUE	1.99997884919867e-09	4.99994712299667e-06
CPD-7072	25309	HMDB	HMDB0005782_8_shen	Hesperetin	inchikey_connectivity_formula_mass	2	FALSE	TRUE	1.99997884919867e-09	4.99994712299667e-06
CPD-7072	25310	HMDB	HMDB0005782_9_shen	Hesperetin	inchikey_connectivity_formula_mass	2	FALSE	TRUE	1.99997884919867e-09	4.99994712299667e-06
CPD-7072	25311	HMDB	HMDB0005782_10_shen	Hesperetin	inchikey_connectivity_formula_mass	2	FALSE	TRUE	1.99997884919867e-09	4.99994712299667e-06
CPD-7072	25312	HMDB	HMDB0005782_11_shen	Hesperetin	inchikey_connectivity_formula_mass	2	FALSE	TRUE	1.99997884919867e-09	4.99994712299667e-06
CPD-7072	25313	HMDB	HMDB0005782_12_shen	Hesperetin	inchikey_connectivity_formula_mass	2	FALSE	TRUE	1.99997884919867e-09	4.99994712299667e-06
CPD-7072	25314	HMDB	HMDB0005782_13_shen	Hesperetin	inchikey_connectivity_formula_mass	2	FALSE	TRUE	1.99997884919867e-09	4.99994712299667e-06
CPD-7072	25315	HMDB	HMDB0005782_14_shen	Hesperetin	inchikey_connectivity_formula_mass	2	FALSE	TRUE	1.99997884919867e-09	4.99994712299667e-06
CPD-7072	25316	HMDB	HMDB0005782_15_shen	Hesperetin	inchikey_connectivity_formula_mass	2	FALSE	TRUE	1.99997884919867e-09	4.99994712299667e-06
CPD-7072	25317	HMDB	HMDB0005782_16_shen	Hesperetin	inchikey_connectivity_formula_mass	2	FALSE	TRUE	1.99997884919867e-09	4.99994712299667e-06
CPD-7072	25318	HMDB	HMDB0005782_17_shen	Hesperetin	inchikey_connectivity_formula_mass	2	FALSE	TRUE	1.99997884919867e-09	4.99994712299667e-06
CPD-7072	25319	HMDB	HMDB0005782_18_shen	Hesperetin	inchikey_connectivity_formula_mass	2	FALSE	TRUE	1.99997884919867e-09	4.99994712299667e-06
CPD-7072	25320	HMDB	HMDB0005782_19_shen	Hesperetin	inchikey_connectivity_formula_mass	2	FALSE	TRUE	1.99997884919867e-09	4.99994712299667e-06
CPD-7072	25321	HMDB	HMDB0005782_20_shen	Hesperetin	inchikey_connectivity_formula_mass	2	FALSE	TRUE	1.99997884919867e-09	4.99994712299667e-06
CPD-7072	25322	HMDB	HMDB0005782_21_shen	Hesperetin	inchikey_connectivity_formula_mass	2	FALSE	TRUE	1.99997884919867e-09	4.99994712299667e-06
CPD-7072	25323	HMDB	HMDB0005782_22_shen	Hesperetin	inchikey_connectivity_formula_mass	2	FALSE	TRUE	1.99997884919867e-09	4.99994712299667e-06
CPD-7072	25324	HMDB	HMDB0005782_23_shen	Hesperetin	inchikey_connectivity_formula_mass	2	FALSE	TRUE	1.99997884919867e-09	4.99994712299667e-06
CPD-7072	25325	HMDB	HMDB0005782_24_shen	Hesperetin	inchikey_connectivity_formula_mass	2	FALSE	TRUE	1.99997884919867e-09	4.99994712299667e-06
CPD-7072	25326	HMDB	HMDB0005782_25_shen	Hesperetin	inchikey_connectivity_formula_mass	2	FALSE	TRUE	1.99997884919867e-09	4.99994712299667e-06
CPD-7072	25327	HMDB	HMDB0005782_26_shen	Hesperetin	inchikey_connectivity_formula_mass	2	FALSE	TRUE	1.99997884919867e-09	4.99994712299667e-06
CPD-7072	25328	HMDB	HMDB0005782_27_shen	Hesperetin	inchikey_connectivity_formula_mass	2	FALSE	TRUE	1.99997884919867e-09	4.99994712299667e-06
CPD-7072	25329	HMDB	HMDB0005782_28_shen	Hesperetin	inchikey_connectivity_formula_mass	2	FALSE	TRUE	1.99997884919867e-09	4.99994712299667e-06
CPD-7072	25330	HMDB	HMDB0005782_29_shen	Hesperetin	inchikey_connectivity_formula_mass	2	FALSE	TRUE	1.99997884919867e-09	4.99994712299667e-06
CPD-7072	25331	HMDB	HMDB0005782_30_shen	Hesperetin	inchikey_connectivity_formula_mass	2	FALSE	TRUE	1.99997884919867e-09	4.99994712299667e-06
CPD-7072	25332	HMDB	HMDB0005782_31_shen	Hesperetin	inchikey_connectivity_formula_mass	2	FALSE	TRUE	1.99997884919867e-09	4.99994712299667e-06
CPD-7072	25333	HMDB	HMDB0005782_32_shen	Hesperetin	inchikey_connectivity_formula_mass	2	FALSE	TRUE	1.99997884919867e-09	4.99994712299667e-06
CPD-7072	25334	HMDB	HMDB0005782_33_shen	Hesperetin	inchikey_connectivity_formula_mass	2	FALSE	TRUE	1.99997884919867e-09	4.99994712299667e-06
CPD-7072	25335	HMDB	HMDB0005782_34_shen	Hesperetin	inchikey_connectivity_formula_mass	2	FALSE	TRUE	1.99997884919867e-09	4.99994712299667e-06
CPD-7072	25336	HMDB	HMDB0005782_35_shen	Hesperetin	inchikey_connectivity_formula_mass	2	FALSE	TRUE	1.99997884919867e-09	4.99994712299667e-06
CPD-7072	25337	HMDB	HMDB0005782_36_shen	Hesperetin	inchikey_connectivity_formula_mass	2	FALSE	TRUE	1.99997884919867e-09	4.99994712299667e-06
CPD-7072	25338	HMDB	HMDB0005782_37_shen	Hesperetin	inchikey_connectivity_formula_mass	2	FALSE	TRUE	1.99997884919867e-09	4.99994712299667e-06
CPD-7072	25339	HMDB	HMDB0005782_38_shen	Hesperetin	inchikey_connectivity_formula_mass	2	FALSE	TRUE	1.99997884919867e-09	4.99994712299667e-06
CPD-7072	25340	HMDB	HMDB0005782_39_shen	Hesperetin	inchikey_connectivity_formula_mass	2	FALSE	TRUE	1.99997884919867e-09	4.99994712299667e-06
CPD-7072	25341	HMDB	HMDB0005782_40_shen	Hesperetin	inchikey_connectivity_formula_mass	2	FALSE	TRUE	1.99997884919867e-09	4.99994712299667e-06
CPD-7072	25342	HMDB	HMDB0005782_41_shen	Hesperetin	inchikey_connectivity_formula_mass	2	FALSE	TRUE	1.99997884919867e-09	4.99994712299667e-06
CPD-7072	25343	HMDB	HMDB0005782_42_shen	Hesperetin	inchikey_connectivity_formula_mass	2	FALSE	TRUE	1.99997884919867e-09	4.99994712299667e-06
CPD-7072	25344	HMDB	HMDB0005782_43_shen	Hesperetin	inchikey_connectivity_formula_mass	2	FALSE	TRUE	1.99997884919867e-09	4.99994712299667e-06
CPD-7072	25345	HMDB	HMDB0005782_44_shen	Hesperetin	inchikey_connectivity_formula_mass	2	FALSE	TRUE	1.99997884919867e-09	4.99994712299667e-06
CPD-7072	25346	HMDB	HMDB0005782_45_shen	Hesperetin	inchikey_connectivity_formula_mass	2	FALSE	TRUE	1.99997884919867e-09	4.99994712299667e-06
CPD-7072	25347	HMDB	HMDB0005782_46_shen	Hesperetin	inchikey_connectivity_formula_mass	2	FALSE	TRUE	1.99997884919867e-09	4.99994712299667e-06
CPD-7072	25348	HMDB	HMDB0005782_47_shen	Hesperetin	inchikey_connectivity_formula_mass	2	FALSE	TRUE	1.99997884919867e-09	4.99994712299667e-06
CPD-7072	25349	HMDB	HMDB0005782_48_shen	Hesperetin	inchikey_connectivity_formula_mass	2	FALSE	TRUE	1.99997884919867e-09	4.99994712299667e-06
CPD-7072	25350	HMDB	HMDB0005782_49_shen	Hesperetin	inchikey_connectivity_formula_mass	2	FALSE	TRUE	1.99997884919867e-09	4.99994712299667e-06
CPD-7072	25351	HMDB	HMDB0005782_50_shen	Hesperetin	inchikey_connectivity_formula_mass	2	FALSE	TRUE	1.99997884919867e-09	4.99994712299667e-06
CPD-7072	25352	HMDB	HMDB0005782_51_shen	Hesperetin	inchikey_connectivity_formula_mass	2	FALSE	TRUE	1.99997884919867e-09	4.99994712299667e-06
CPD-7072	25353	HMDB	HMDB0005782_52_shen	Hesperetin	inchikey_connectivity_formula_mass	2	FALSE	TRUE	1.99997884919867e-09	4.99994712299667e-06
CPD-7072	25354	HMDB	HMDB0005782_53_shen	Hesperetin	inchikey_connectivity_formula_mass	2	FALSE	TRUE	1.99997884919867e-09	4.99994712299667e-06
CPD-7072	25355	HMDB	HMDB0005782_54_shen	Hesperetin	inchikey_connectivity_formula_mass	2	FALSE	TRUE	1.99997884919867e-09	4.99994712299667e-06
CPD-7072	25356	HMDB	HMDB0005782_55_shen	Hesperetin	inchikey_connectivity_formula_mass	2	FALSE	TRUE	1.99997884919867e-09	4.99994712299667e-06
CPD-7072	25357	HMDB	HMDB0005782_56_shen	Hesperetin	inchikey_connectivity_formula_mass	2	FALSE	TRUE	1.99997884919867e-09	4.99994712299667e-06
CPD-7072	25358	HMDB	HMDB0005782_57_shen	Hesperetin	inchikey_connectivity_formula_mass	2	FALSE	TRUE	1.99997884919867e-09	4.99994712299667e-06
CPD-7072	25359	HMDB	HMDB0005782_58_shen	Hesperetin	inchikey_connectivity_formula_mass	2	FALSE	TRUE	1.99997884919867e-09	4.99994712299667e-06
CPD-7072	25360	HMDB	HMDB0005782_59_shen	Hesperetin	inchikey_connectivity_formula_mass	2	FALSE	TRUE	1.99997884919867e-09	4.99994712299667e-06
CPD-7072	25361	HMDB	HMDB0005782_60_shen	Hesperetin	inchikey_connectivity_formula_mass	2	FALSE	TRUE	1.99997884919867e-09	4.99994712299667e-06
CPD-7072	25362	HMDB	HMDB0005782_61_shen	Hesperetin	inchikey_connectivity_formula_mass	2	FALSE	TRUE	1.99997884919867e-09	4.99994712299667e-06
CPD-7072	25363	HMDB	HMDB0005782_62_shen	Hesperetin	inchikey_connectivity_formula_mass	2	FALSE	TRUE	1.99997884919867e-09	4.99994712299667e-06
CPD-7072	25364	HMDB	HMDB0005782_63_shen	Hesperetin	inchikey_connectivity_formula_mass	2	FALSE	TRUE	1.99997884919867e-09	4.99994712299667e-06
CPD-7072	25365	HMDB	HMDB0005782_64_shen	Hesperetin	inchikey_connectivity_formula_mass	2	FALSE	TRUE	1.99997884919867e-09	4.99994712299667e-06
CPD-7072	25366	HMDB	HMDB0005782_65_shen	Hesperetin	inchikey_connectivity_formula_mass	2	FALSE	TRUE	1.99997884919867e-09	4.99994712299667e-06
CPD-7072	25367	HMDB	HMDB0005782_66_shen	Hesperetin	inchikey_connectivity_formula_mass	2	FALSE	TRUE	1.99997884919867e-09	4.99994712299667e-06
CPD-7072	25368	HMDB	HMDB0005782_67_shen	Hesperetin	inchikey_connectivity_formula_mass	2	FALSE	TRUE	1.99997884919867e-09	4.99994712299667e-06
CPD-7072	25369	HMDB	HMDB0005782_68_shen	Hesperetin	inchikey_connectivity_formula_mass	2	FALSE	TRUE	1.99997884919867e-09	4.99994712299667e-06
CPD-7072	25370	HMDB	HMDB0005782_69_shen	Hesperetin	inchikey_connectivity_formula_mass	2	FALSE	TRUE	1.99997884919867e-09	4.99994712299667e-06
CPD-7072	25371	HMDB	HMDB0005782_70_shen	Hesperetin	inchikey_connectivity_formula_mass	2	FALSE	TRUE	1.99997884919867e-09	4.99994712299667e-06
CPD-13494	25372	HMDB	HMDB0005783_1_shen	Gingerol	name_formula_mass	4	TRUE	TRUE	2.999968273798e-09	7.49992068449501e-06
CPD-13494	25373	HMDB	HMDB0005783_2_shen	Gingerol	name_formula_mass	4	TRUE	TRUE	2.999968273798e-09	7.49992068449501e-06
CPD-13494	25374	HMDB	HMDB0005783_3_shen	Gingerol	name_formula_mass	4	TRUE	TRUE	2.999968273798e-09	7.49992068449501e-06
CPD-13494	25375	HMDB	HMDB0005783_4_shen	Gingerol	name_formula_mass	4	TRUE	TRUE	2.999968273798e-09	7.49992068449501e-06
CPD-13494	25376	HMDB	HMDB0005783_5_shen	Gingerol	name_formula_mass	4	TRUE	TRUE	2.999968273798e-09	7.49992068449501e-06
CPD-13494	25377	HMDB	HMDB0005783_6_shen	Gingerol	name_formula_mass	4	TRUE	TRUE	2.999968273798e-09	7.49992068449501e-06
CPD-13494	25378	HMDB	HMDB0005783_7_shen	Gingerol	name_formula_mass	4	TRUE	TRUE	2.999968273798e-09	7.49992068449501e-06
CPD-13494	25379	HMDB	HMDB0005783_8_shen	Gingerol	name_formula_mass	4	TRUE	TRUE	2.999968273798e-09	7.49992068449501e-06
CPD-13494	25380	HMDB	HMDB0005783_9_shen	Gingerol	name_formula_mass	4	TRUE	TRUE	2.999968273798e-09	7.49992068449501e-06
CPD-13494	25381	HMDB	HMDB0005783_10_shen	Gingerol	name_formula_mass	4	TRUE	TRUE	2.999968273798e-09	7.49992068449501e-06
CPDQT-428	25382	HMDB	HMDB0005785_1_shen	Indole-3-carbinol	inchikey	1	TRUE	TRUE	1.19999299386109e-09	2.99998248465272e-06
CPDQT-428	25383	HMDB	HMDB0005785_2_shen	Indole-3-carbinol	inchikey	1	TRUE	TRUE	1.19999299386109e-09	2.99998248465272e-06
CPDQT-428	25384	HMDB	HMDB0005785_3_shen	Indole-3-carbinol	inchikey	1	TRUE	TRUE	1.19999299386109e-09	2.99998248465272e-06
CPDQT-428	25385	HMDB	HMDB0005785_4_shen	Indole-3-carbinol	inchikey	1	TRUE	TRUE	1.19999299386109e-09	2.99998248465272e-06
CPDQT-428	25386	HMDB	HMDB0005785_5_shen	Indole-3-carbinol	inchikey	1	TRUE	TRUE	1.19999299386109e-09	2.99998248465272e-06
CPDQT-428	25387	HMDB	HMDB0005785_6_shen	Indole-3-carbinol	inchikey	1	TRUE	TRUE	1.19999299386109e-09	2.99998248465272e-06
CPDQT-428	25388	HMDB	HMDB0005785_7_shen	Indole-3-carbinol	inchikey	1	TRUE	TRUE	1.19999299386109e-09	2.99998248465272e-06
CPD-520	25412	HMDB	HMDB0005794_1_shen	Quercetin	inchikey_connectivity_formula_mass	2	FALSE	TRUE	1.70001612787019e-09	4.25004031967546e-06
CPD-520	25413	HMDB	HMDB0005794_2_shen	Quercetin	inchikey_connectivity_formula_mass	2	FALSE	TRUE	1.70001612787019e-09	4.25004031967546e-06
CPD-520	25414	HMDB	HMDB0005794_3_shen	Quercetin	inchikey_connectivity_formula_mass	2	FALSE	TRUE	1.70001612787019e-09	4.25004031967546e-06
CPD-520	25415	HMDB	HMDB0005794_4_shen	Quercetin	inchikey_connectivity_formula_mass	2	FALSE	TRUE	1.70001612787019e-09	4.25004031967546e-06
CPD-520	25416	HMDB	HMDB0005794_5_shen	Quercetin	inchikey_connectivity_formula_mass	2	FALSE	TRUE	1.70001612787019e-09	4.25004031967546e-06
CPD-520	25417	HMDB	HMDB0005794_6_shen	Quercetin	inchikey_connectivity_formula_mass	2	FALSE	TRUE	1.70001612787019e-09	4.25004031967546e-06
CPD-520	25418	HMDB	HMDB0005794_7_shen	Quercetin	inchikey_connectivity_formula_mass	2	FALSE	TRUE	1.70001612787019e-09	4.25004031967546e-06
CPD-520	25419	HMDB	HMDB0005794_8_shen	Quercetin	inchikey_connectivity_formula_mass	2	FALSE	TRUE	1.70001612787019e-09	4.25004031967546e-06
CPD-520	25420	HMDB	HMDB0005794_9_shen	Quercetin	inchikey_connectivity_formula_mass	2	FALSE	TRUE	1.70001612787019e-09	4.25004031967546e-06
CPD-520	25421	HMDB	HMDB0005794_10_shen	Quercetin	inchikey_connectivity_formula_mass	2	FALSE	TRUE	1.70001612787019e-09	4.25004031967546e-06
CPD-520	25422	HMDB	HMDB0005794_11_shen	Quercetin	inchikey_connectivity_formula_mass	2	FALSE	TRUE	1.70001612787019e-09	4.25004031967546e-06
CPD-520	25423	HMDB	HMDB0005794_12_shen	Quercetin	inchikey_connectivity_formula_mass	2	FALSE	TRUE	1.70001612787019e-09	4.25004031967546e-06
CPD-520	25424	HMDB	HMDB0005794_13_shen	Quercetin	inchikey_connectivity_formula_mass	2	FALSE	TRUE	1.70001612787019e-09	4.25004031967546e-06
CPD-520	25425	HMDB	HMDB0005794_14_shen	Quercetin	inchikey_connectivity_formula_mass	2	FALSE	TRUE	1.70001612787019e-09	4.25004031967546e-06
CPD-520	25426	HMDB	HMDB0005794_15_shen	Quercetin	inchikey_connectivity_formula_mass	2	FALSE	TRUE	1.70001612787019e-09	4.25004031967546e-06
CPD-520	25427	HMDB	HMDB0005794_16_shen	Quercetin	inchikey_connectivity_formula_mass	2	FALSE	TRUE	1.70001612787019e-09	4.25004031967546e-06
CPD-520	25428	HMDB	HMDB0005794_17_shen	Quercetin	inchikey_connectivity_formula_mass	2	FALSE	TRUE	1.70001612787019e-09	4.25004031967546e-06
CPD-520	25429	HMDB	HMDB0005794_18_shen	Quercetin	inchikey_connectivity_formula_mass	2	FALSE	TRUE	1.70001612787019e-09	4.25004031967546e-06
CPD-520	25430	HMDB	HMDB0005794_19_shen	Quercetin	inchikey_connectivity_formula_mass	2	FALSE	TRUE	1.70001612787019e-09	4.25004031967546e-06
CPD-520	25431	HMDB	HMDB0005794_20_shen	Quercetin	inchikey_connectivity_formula_mass	2	FALSE	TRUE	1.70001612787019e-09	4.25004031967546e-06
CPD-520	25432	HMDB	HMDB0005794_21_shen	Quercetin	inchikey_connectivity_formula_mass	2	FALSE	TRUE	1.70001612787019e-09	4.25004031967546e-06
CPD-520	25433	HMDB	HMDB0005794_22_shen	Quercetin	inchikey_connectivity_formula_mass	2	FALSE	TRUE	1.70001612787019e-09	4.25004031967546e-06
CPD-520	25434	HMDB	HMDB0005794_23_shen	Quercetin	inchikey_connectivity_formula_mass	2	FALSE	TRUE	1.70001612787019e-09	4.25004031967546e-06
CPD-520	25435	HMDB	HMDB0005794_24_shen	Quercetin	inchikey_connectivity_formula_mass	2	FALSE	TRUE	1.70001612787019e-09	4.25004031967546e-06
CPD-520	25436	HMDB	HMDB0005794_25_shen	Quercetin	inchikey_connectivity_formula_mass	2	FALSE	TRUE	1.70001612787019e-09	4.25004031967546e-06
CPD-520	25437	HMDB	HMDB0005794_26_shen	Quercetin	inchikey_connectivity_formula_mass	2	FALSE	TRUE	1.70001612787019e-09	4.25004031967546e-06
CPD-520	25438	HMDB	HMDB0005794_27_shen	Quercetin	inchikey_connectivity_formula_mass	2	FALSE	TRUE	1.70001612787019e-09	4.25004031967546e-06
CPD-520	25439	HMDB	HMDB0005794_28_shen	Quercetin	inchikey_connectivity_formula_mass	2	FALSE	TRUE	1.70001612787019e-09	4.25004031967546e-06
CPD-520	25440	HMDB	HMDB0005794_29_shen	Quercetin	inchikey_connectivity_formula_mass	2	FALSE	TRUE	1.70001612787019e-09	4.25004031967546e-06
CPD-520	25441	HMDB	HMDB0005794_30_shen	Quercetin	inchikey_connectivity_formula_mass	2	FALSE	TRUE	1.70001612787019e-09	4.25004031967546e-06
CPD-520	25442	HMDB	HMDB0005794_31_shen	Quercetin	inchikey_connectivity_formula_mass	2	FALSE	TRUE	1.70001612787019e-09	4.25004031967546e-06
CPD-520	25443	HMDB	HMDB0005794_32_shen	Quercetin	inchikey_connectivity_formula_mass	2	FALSE	TRUE	1.70001612787019e-09	4.25004031967546e-06
CPD-520	25444	HMDB	HMDB0005794_33_shen	Quercetin	inchikey_connectivity_formula_mass	2	FALSE	TRUE	1.70001612787019e-09	4.25004031967546e-06
CPD-520	25445	HMDB	HMDB0005794_34_shen	Quercetin	inchikey_connectivity_formula_mass	2	FALSE	TRUE	1.70001612787019e-09	4.25004031967546e-06
CPD-520	25446	HMDB	HMDB0005794_35_shen	Quercetin	inchikey_connectivity_formula_mass	2	FALSE	TRUE	1.70001612787019e-09	4.25004031967546e-06
CPD-520	25447	HMDB	HMDB0005794_36_shen	Quercetin	inchikey_connectivity_formula_mass	2	FALSE	TRUE	1.70001612787019e-09	4.25004031967546e-06
CPD-520	25448	HMDB	HMDB0005794_37_shen	Quercetin	inchikey_connectivity_formula_mass	2	FALSE	TRUE	1.70001612787019e-09	4.25004031967546e-06
CPD-520	25449	HMDB	HMDB0005794_38_shen	Quercetin	inchikey_connectivity_formula_mass	2	FALSE	TRUE	1.70001612787019e-09	4.25004031967546e-06
CPD-520	25450	HMDB	HMDB0005794_39_shen	Quercetin	inchikey_connectivity_formula_mass	2	FALSE	TRUE	1.70001612787019e-09	4.25004031967546e-06
CPD-520	25451	HMDB	HMDB0005794_40_shen	Quercetin	inchikey_connectivity_formula_mass	2	FALSE	TRUE	1.70001612787019e-09	4.25004031967546e-06
CPD-520	25452	HMDB	HMDB0005794_41_shen	Quercetin	inchikey_connectivity_formula_mass	2	FALSE	TRUE	1.70001612787019e-09	4.25004031967546e-06
CPD-520	25453	HMDB	HMDB0005794_42_shen	Quercetin	inchikey_connectivity_formula_mass	2	FALSE	TRUE	1.70001612787019e-09	4.25004031967546e-06
CPD-520	25454	HMDB	HMDB0005794_43_shen	Quercetin	inchikey_connectivity_formula_mass	2	FALSE	TRUE	1.70001612787019e-09	4.25004031967546e-06
CPD-520	25455	HMDB	HMDB0005794_44_shen	Quercetin	inchikey_connectivity_formula_mass	2	FALSE	TRUE	1.70001612787019e-09	4.25004031967546e-06
CPD-520	25456	HMDB	HMDB0005794_45_shen	Quercetin	inchikey_connectivity_formula_mass	2	FALSE	TRUE	1.70001612787019e-09	4.25004031967546e-06
CPD-520	25457	HMDB	HMDB0005794_46_shen	Quercetin	inchikey_connectivity_formula_mass	2	FALSE	TRUE	1.70001612787019e-09	4.25004031967546e-06
CPD-520	25458	HMDB	HMDB0005794_47_shen	Quercetin	inchikey_connectivity_formula_mass	2	FALSE	TRUE	1.70001612787019e-09	4.25004031967546e-06
CPD-520	25459	HMDB	HMDB0005794_48_shen	Quercetin	inchikey_connectivity_formula_mass	2	FALSE	TRUE	1.70001612787019e-09	4.25004031967546e-06
CPD-520	25460	HMDB	HMDB0005794_49_shen	Quercetin	inchikey_connectivity_formula_mass	2	FALSE	TRUE	1.70001612787019e-09	4.25004031967546e-06
CPD-520	25461	HMDB	HMDB0005794_50_shen	Quercetin	inchikey_connectivity_formula_mass	2	FALSE	TRUE	1.70001612787019e-09	4.25004031967546e-06
CPD-520	25462	HMDB	HMDB0005794_51_shen	Quercetin	inchikey_connectivity_formula_mass	2	FALSE	TRUE	1.70001612787019e-09	4.25004031967546e-06
CPD-520	25463	HMDB	HMDB0005794_52_shen	Quercetin	inchikey_connectivity_formula_mass	2	FALSE	TRUE	1.70001612787019e-09	4.25004031967546e-06
CPD-520	25464	HMDB	HMDB0005794_53_shen	Quercetin	inchikey_connectivity_formula_mass	2	FALSE	TRUE	1.70001612787019e-09	4.25004031967546e-06
CPD-520	25465	HMDB	HMDB0005794_54_shen	Quercetin	inchikey_connectivity_formula_mass	2	FALSE	TRUE	1.70001612787019e-09	4.25004031967546e-06
CPD-520	25466	HMDB	HMDB0005794_55_shen	Quercetin	inchikey_connectivity_formula_mass	2	FALSE	TRUE	1.70001612787019e-09	4.25004031967546e-06
CPD-520	25467	HMDB	HMDB0005794_56_shen	Quercetin	inchikey_connectivity_formula_mass	2	FALSE	TRUE	1.70001612787019e-09	4.25004031967546e-06
CPD-520	25468	HMDB	HMDB0005794_57_shen	Quercetin	inchikey_connectivity_formula_mass	2	FALSE	TRUE	1.70001612787019e-09	4.25004031967546e-06
CPD-520	25469	HMDB	HMDB0005794_58_shen	Quercetin	inchikey_connectivity_formula_mass	2	FALSE	TRUE	1.70001612787019e-09	4.25004031967546e-06
CPD-520	25470	HMDB	HMDB0005794_59_shen	Quercetin	inchikey_connectivity_formula_mass	2	FALSE	TRUE	1.70001612787019e-09	4.25004031967546e-06
CPD-520	25471	HMDB	HMDB0005794_60_shen	Quercetin	inchikey_connectivity_formula_mass	2	FALSE	TRUE	1.70001612787019e-09	4.25004031967546e-06
CPD-520	25472	HMDB	HMDB0005794_61_shen	Quercetin	inchikey_connectivity_formula_mass	2	FALSE	TRUE	1.70001612787019e-09	4.25004031967546e-06
CPD-520	25473	HMDB	HMDB0005794_62_shen	Quercetin	inchikey_connectivity_formula_mass	2	FALSE	TRUE	1.70001612787019e-09	4.25004031967546e-06
CPD-520	25474	HMDB	HMDB0005794_63_shen	Quercetin	inchikey_connectivity_formula_mass	2	FALSE	TRUE	1.70001612787019e-09	4.25004031967546e-06
CPD-520	25475	HMDB	HMDB0005794_64_shen	Quercetin	inchikey_connectivity_formula_mass	2	FALSE	TRUE	1.70001612787019e-09	4.25004031967546e-06
CPD-520	25476	HMDB	HMDB0005794_65_shen	Quercetin	inchikey_connectivity_formula_mass	2	FALSE	TRUE	1.70001612787019e-09	4.25004031967546e-06
CPD-520	25477	HMDB	HMDB0005794_66_shen	Quercetin	inchikey_connectivity_formula_mass	2	FALSE	TRUE	1.70001612787019e-09	4.25004031967546e-06
CPD-520	25478	HMDB	HMDB0005794_67_shen	Quercetin	inchikey_connectivity_formula_mass	2	FALSE	TRUE	1.70001612787019e-09	4.25004031967546e-06
CPD-520	25479	HMDB	HMDB0005794_68_shen	Quercetin	inchikey_connectivity_formula_mass	2	FALSE	TRUE	1.70001612787019e-09	4.25004031967546e-06
CPD-520	25480	HMDB	HMDB0005794_69_shen	Quercetin	inchikey_connectivity_formula_mass	2	FALSE	TRUE	1.70001612787019e-09	4.25004031967546e-06
CPD-520	25481	HMDB	HMDB0005794_70_shen	Quercetin	inchikey_connectivity_formula_mass	2	FALSE	TRUE	1.70001612787019e-09	4.25004031967546e-06
CPD-520	25482	HMDB	HMDB0005794_71_shen	Quercetin	inchikey_connectivity_formula_mass	2	FALSE	TRUE	1.70001612787019e-09	4.25004031967546e-06
CPD-520	25483	HMDB	HMDB0005794_72_shen	Quercetin	inchikey_connectivity_formula_mass	2	FALSE	TRUE	1.70001612787019e-09	4.25004031967546e-06
CPD-520	25484	HMDB	HMDB0005794_73_shen	Quercetin	inchikey_connectivity_formula_mass	2	FALSE	TRUE	1.70001612787019e-09	4.25004031967546e-06
CPD-520	25485	HMDB	HMDB0005794_74_shen	Quercetin	inchikey_connectivity_formula_mass	2	FALSE	TRUE	1.70001612787019e-09	4.25004031967546e-06
CPD-520	25486	HMDB	HMDB0005794_75_shen	Quercetin	inchikey_connectivity_formula_mass	2	FALSE	TRUE	1.70001612787019e-09	4.25004031967546e-06
CPD-520	25487	HMDB	HMDB0005794_76_shen	Quercetin	inchikey_connectivity_formula_mass	2	FALSE	TRUE	1.70001612787019e-09	4.25004031967546e-06
CPD-520	25488	HMDB	HMDB0005794_77_shen	Quercetin	inchikey_connectivity_formula_mass	2	FALSE	TRUE	1.70001612787019e-09	4.25004031967546e-06
CPD-520	25489	HMDB	HMDB0005794_78_shen	Quercetin	inchikey_connectivity_formula_mass	2	FALSE	TRUE	1.70001612787019e-09	4.25004031967546e-06
CPD-520	25490	HMDB	HMDB0005794_79_shen	Quercetin	inchikey_connectivity_formula_mass	2	FALSE	TRUE	1.70001612787019e-09	4.25004031967546e-06
CPD-520	25491	HMDB	HMDB0005794_80_shen	Quercetin	inchikey_connectivity_formula_mass	2	FALSE	TRUE	1.70001612787019e-09	4.25004031967546e-06
CPD-520	25492	HMDB	HMDB0005794_81_shen	Quercetin	inchikey_connectivity_formula_mass	2	FALSE	TRUE	1.70001612787019e-09	4.25004031967546e-06
CPD-520	25493	HMDB	HMDB0005794_82_shen	Quercetin	inchikey_connectivity_formula_mass	2	FALSE	TRUE	1.70001612787019e-09	4.25004031967546e-06
CPD-520	25494	HMDB	HMDB0005794_83_shen	Quercetin	inchikey_connectivity_formula_mass	2	FALSE	TRUE	1.70001612787019e-09	4.25004031967546e-06
CPD-520	25495	HMDB	HMDB0005794_84_shen	Quercetin	inchikey_connectivity_formula_mass	2	FALSE	TRUE	1.70001612787019e-09	4.25004031967546e-06
CPD-520	25496	HMDB	HMDB0005794_85_shen	Quercetin	inchikey_connectivity_formula_mass	2	FALSE	TRUE	1.70001612787019e-09	4.25004031967546e-06
CPD-520	25497	HMDB	HMDB0005794_86_shen	Quercetin	inchikey_connectivity_formula_mass	2	FALSE	TRUE	1.70001612787019e-09	4.25004031967546e-06
CPD-520	25498	HMDB	HMDB0005794_87_shen	Quercetin	inchikey_connectivity_formula_mass	2	FALSE	TRUE	1.70001612787019e-09	4.25004031967546e-06
CPD-520	25499	HMDB	HMDB0005794_88_shen	Quercetin	inchikey_connectivity_formula_mass	2	FALSE	TRUE	1.70001612787019e-09	4.25004031967546e-06
CPD-520	25500	HMDB	HMDB0005794_89_shen	Quercetin	inchikey_connectivity_formula_mass	2	FALSE	TRUE	1.70001612787019e-09	4.25004031967546e-06
CPD-520	25501	HMDB	HMDB0005794_90_shen	Quercetin	inchikey_connectivity_formula_mass	2	FALSE	TRUE	1.70001612787019e-09	4.25004031967546e-06
CPD-520	25502	HMDB	HMDB0005794_91_shen	Quercetin	inchikey_connectivity_formula_mass	2	FALSE	TRUE	1.70001612787019e-09	4.25004031967546e-06
CPD-520	25503	HMDB	HMDB0005794_92_shen	Quercetin	inchikey_connectivity_formula_mass	2	FALSE	TRUE	1.70001612787019e-09	4.25004031967546e-06
CPD-520	25504	HMDB	HMDB0005794_93_shen	Quercetin	inchikey_connectivity_formula_mass	2	FALSE	TRUE	1.70001612787019e-09	4.25004031967546e-06
CPD-520	25505	HMDB	HMDB0005794_94_shen	Quercetin	inchikey_connectivity_formula_mass	2	FALSE	TRUE	1.70001612787019e-09	4.25004031967546e-06
CPD-520	25506	HMDB	HMDB0005794_95_shen	Quercetin	inchikey_connectivity_formula_mass	2	FALSE	TRUE	1.70001612787019e-09	4.25004031967546e-06
CPD-520	25507	HMDB	HMDB0005794_96_shen	Quercetin	inchikey_connectivity_formula_mass	2	FALSE	TRUE	1.70001612787019e-09	4.25004031967546e-06
CPD-520	25508	HMDB	HMDB0005794_97_shen	Quercetin	inchikey_connectivity_formula_mass	2	FALSE	TRUE	1.70001612787019e-09	4.25004031967546e-06
CPD-520	25509	HMDB	HMDB0005794_98_shen	Quercetin	inchikey_connectivity_formula_mass	2	FALSE	TRUE	1.70001612787019e-09	4.25004031967546e-06
CPD-520	25510	HMDB	HMDB0005794_99_shen	Quercetin	inchikey_connectivity_formula_mass	2	FALSE	TRUE	1.70001612787019e-09	4.25004031967546e-06
CPD-520	25511	HMDB	HMDB0005794_100_shen	Quercetin	inchikey_connectivity_formula_mass	2	FALSE	TRUE	1.70001612787019e-09	4.25004031967546e-06
CPD-520	25512	HMDB	HMDB0005794_101_shen	Quercetin	inchikey_connectivity_formula_mass	2	FALSE	TRUE	1.70001612787019e-09	4.25004031967546e-06
CPD-520	25513	HMDB	HMDB0005794_102_shen	Quercetin	inchikey_connectivity_formula_mass	2	FALSE	TRUE	1.70001612787019e-09	4.25004031967546e-06
CPD-520	25514	HMDB	HMDB0005794_103_shen	Quercetin	inchikey_connectivity_formula_mass	2	FALSE	TRUE	1.70001612787019e-09	4.25004031967546e-06
CPD-520	25515	HMDB	HMDB0005794_104_shen	Quercetin	inchikey_connectivity_formula_mass	2	FALSE	TRUE	1.70001612787019e-09	4.25004031967546e-06
CPD-520	25516	HMDB	HMDB0005794_105_shen	Quercetin	inchikey_connectivity_formula_mass	2	FALSE	TRUE	1.70001612787019e-09	4.25004031967546e-06
CPD-520	25517	HMDB	HMDB0005794_106_shen	Quercetin	inchikey_connectivity_formula_mass	2	FALSE	TRUE	1.70001612787019e-09	4.25004031967546e-06
CPD-520	25518	HMDB	HMDB0005794_107_shen	Quercetin	inchikey_connectivity_formula_mass	2	FALSE	TRUE	1.70001612787019e-09	4.25004031967546e-06
CPD-520	25519	HMDB	HMDB0005794_108_shen	Quercetin	inchikey_connectivity_formula_mass	2	FALSE	TRUE	1.70001612787019e-09	4.25004031967546e-06
CPD-520	25520	HMDB	HMDB0005794_109_shen	Quercetin	inchikey_connectivity_formula_mass	2	FALSE	TRUE	1.70001612787019e-09	4.25004031967546e-06
CPD-520	25521	HMDB	HMDB0005794_110_shen	Quercetin	inchikey_connectivity_formula_mass	2	FALSE	TRUE	1.70001612787019e-09	4.25004031967546e-06
CPD-520	25522	HMDB	HMDB0005794_111_shen	Quercetin	inchikey_connectivity_formula_mass	2	FALSE	TRUE	1.70001612787019e-09	4.25004031967546e-06
CPD-520	25523	HMDB	HMDB0005794_112_shen	Quercetin	inchikey_connectivity_formula_mass	2	FALSE	TRUE	1.70001612787019e-09	4.25004031967546e-06
CPD-520	25524	HMDB	HMDB0005794_113_shen	Quercetin	inchikey_connectivity_formula_mass	2	FALSE	TRUE	1.70001612787019e-09	4.25004031967546e-06
CPD-520	25525	HMDB	HMDB0005794_114_shen	Quercetin	inchikey_connectivity_formula_mass	2	FALSE	TRUE	1.70001612787019e-09	4.25004031967546e-06
CPD-520	25526	HMDB	HMDB0005794_115_shen	Quercetin	inchikey_connectivity_formula_mass	2	FALSE	TRUE	1.70001612787019e-09	4.25004031967546e-06
CPD-520	25527	HMDB	HMDB0005794_116_shen	Quercetin	inchikey_connectivity_formula_mass	2	FALSE	TRUE	1.70001612787019e-09	4.25004031967546e-06
CPD-520	25528	HMDB	HMDB0005794_117_shen	Quercetin	inchikey_connectivity_formula_mass	2	FALSE	TRUE	1.70001612787019e-09	4.25004031967546e-06
CPD-520	25529	HMDB	HMDB0005794_118_shen	Quercetin	inchikey_connectivity_formula_mass	2	FALSE	TRUE	1.70001612787019e-09	4.25004031967546e-06
CPD-520	25530	HMDB	HMDB0005794_119_shen	Quercetin	inchikey_connectivity_formula_mass	2	FALSE	TRUE	1.70001612787019e-09	4.25004031967546e-06
CPD-520	25531	HMDB	HMDB0005794_120_shen	Quercetin	inchikey_connectivity_formula_mass	2	FALSE	TRUE	1.70001612787019e-09	4.25004031967546e-06
CPD-520	25532	HMDB	HMDB0005794_121_shen	Quercetin	inchikey_connectivity_formula_mass	2	FALSE	TRUE	1.70001612787019e-09	4.25004031967546e-06
CPD-520	25533	HMDB	HMDB0005794_122_shen	Quercetin	inchikey_connectivity_formula_mass	2	FALSE	TRUE	1.70001612787019e-09	4.25004031967546e-06
CPD-520	25534	HMDB	HMDB0005794_123_shen	Quercetin	inchikey_connectivity_formula_mass	2	FALSE	TRUE	1.70001612787019e-09	4.25004031967546e-06
CPD-520	25535	HMDB	HMDB0005794_124_shen	Quercetin	inchikey_connectivity_formula_mass	2	FALSE	TRUE	1.70001612787019e-09	4.25004031967546e-06
CPD-520	25536	HMDB	HMDB0005794_125_shen	Quercetin	inchikey_connectivity_formula_mass	2	FALSE	TRUE	1.70001612787019e-09	4.25004031967546e-06
CPD-520	25537	HMDB	HMDB0005794_126_shen	Quercetin	inchikey_connectivity_formula_mass	2	FALSE	TRUE	1.70001612787019e-09	4.25004031967546e-06
CPD-520	25538	HMDB	HMDB0005794_127_shen	Quercetin	inchikey_connectivity_formula_mass	2	FALSE	TRUE	1.70001612787019e-09	4.25004031967546e-06
CPD-520	25539	HMDB	HMDB0005794_128_shen	Quercetin	inchikey_connectivity_formula_mass	2	FALSE	TRUE	1.70001612787019e-09	4.25004031967546e-06
CPD-520	25540	HMDB	HMDB0005794_129_shen	Quercetin	inchikey_connectivity_formula_mass	2	FALSE	TRUE	1.70001612787019e-09	4.25004031967546e-06
CPD-520	25541	HMDB	HMDB0005794_130_shen	Quercetin	inchikey_connectivity_formula_mass	2	FALSE	TRUE	1.70001612787019e-09	4.25004031967546e-06
CPD-520	25542	HMDB	HMDB0005794_131_shen	Quercetin	inchikey_connectivity_formula_mass	2	FALSE	TRUE	1.70001612787019e-09	4.25004031967546e-06
CPD-520	25543	HMDB	HMDB0005794_132_shen	Quercetin	inchikey_connectivity_formula_mass	2	FALSE	TRUE	1.70001612787019e-09	4.25004031967546e-06
CPD-520	25544	HMDB	HMDB0005794_133_shen	Quercetin	inchikey_connectivity_formula_mass	2	FALSE	TRUE	1.70001612787019e-09	4.25004031967546e-06
CPD-520	25545	HMDB	HMDB0005794_134_shen	Quercetin	inchikey_connectivity_formula_mass	2	FALSE	TRUE	1.70001612787019e-09	4.25004031967546e-06
CPD-520	25546	HMDB	HMDB0005794_135_shen	Quercetin	inchikey_connectivity_formula_mass	2	FALSE	TRUE	1.70001612787019e-09	4.25004031967546e-06
CPD-520	25547	HMDB	HMDB0005794_136_shen	Quercetin	inchikey_connectivity_formula_mass	2	FALSE	TRUE	1.70001612787019e-09	4.25004031967546e-06
CPD-520	25548	HMDB	HMDB0005794_137_shen	Quercetin	inchikey_connectivity_formula_mass	2	FALSE	TRUE	1.70001612787019e-09	4.25004031967546e-06
CPD-520	25549	HMDB	HMDB0005794_138_shen	Quercetin	inchikey_connectivity_formula_mass	2	FALSE	TRUE	1.70001612787019e-09	4.25004031967546e-06
CPD-520	25550	HMDB	HMDB0005794_139_shen	Quercetin	inchikey_connectivity_formula_mass	2	FALSE	TRUE	1.70001612787019e-09	4.25004031967546e-06
CPD-520	25551	HMDB	HMDB0005794_140_shen	Quercetin	inchikey_connectivity_formula_mass	2	FALSE	TRUE	1.70001612787019e-09	4.25004031967546e-06
CPD-520	25552	HMDB	HMDB0005794_141_shen	Quercetin	inchikey_connectivity_formula_mass	2	FALSE	TRUE	1.70001612787019e-09	4.25004031967546e-06
CPD-520	25553	HMDB	HMDB0005794_142_shen	Quercetin	inchikey_connectivity_formula_mass	2	FALSE	TRUE	1.70001612787019e-09	4.25004031967546e-06
CPD-520	25554	HMDB	HMDB0005794_143_shen	Quercetin	inchikey_connectivity_formula_mass	2	FALSE	TRUE	1.70001612787019e-09	4.25004031967546e-06
CPD-520	25555	HMDB	HMDB0005794_144_shen	Quercetin	inchikey_connectivity_formula_mass	2	FALSE	TRUE	1.70001612787019e-09	4.25004031967546e-06
CPD-520	25556	HMDB	HMDB0005794_145_shen	Quercetin	inchikey_connectivity_formula_mass	2	FALSE	TRUE	1.70001612787019e-09	4.25004031967546e-06
CPD-520	25557	HMDB	HMDB0005794_146_shen	Quercetin	inchikey_connectivity_formula_mass	2	FALSE	TRUE	1.70001612787019e-09	4.25004031967546e-06
CPD-520	25558	HMDB	HMDB0005794_147_shen	Quercetin	inchikey_connectivity_formula_mass	2	FALSE	TRUE	1.70001612787019e-09	4.25004031967546e-06
CPD-520	25559	HMDB	HMDB0005794_148_shen	Quercetin	inchikey_connectivity_formula_mass	2	FALSE	TRUE	1.70001612787019e-09	4.25004031967546e-06
CPD-520	25560	HMDB	HMDB0005794_149_shen	Quercetin	inchikey_connectivity_formula_mass	2	FALSE	TRUE	1.70001612787019e-09	4.25004031967546e-06
CPD-520	25561	HMDB	HMDB0005794_150_shen	Quercetin	inchikey_connectivity_formula_mass	2	FALSE	TRUE	1.70001612787019e-09	4.25004031967546e-06
CPD-520	25562	HMDB	HMDB0005794_151_shen	Quercetin	inchikey_connectivity_formula_mass	2	FALSE	TRUE	1.70001612787019e-09	4.25004031967546e-06
CPD-520	25563	HMDB	HMDB0005794_152_shen	Quercetin	inchikey_connectivity_formula_mass	2	FALSE	TRUE	1.70001612787019e-09	4.25004031967546e-06
CPD-520	25564	HMDB	HMDB0005794_153_shen	Quercetin	inchikey_connectivity_formula_mass	2	FALSE	TRUE	1.70001612787019e-09	4.25004031967546e-06
CPD-520	25565	HMDB	HMDB0005794_154_shen	Quercetin	inchikey_connectivity_formula_mass	2	FALSE	TRUE	1.70001612787019e-09	4.25004031967546e-06
CPD-520	25566	HMDB	HMDB0005794_155_shen	Quercetin	inchikey_connectivity_formula_mass	2	FALSE	TRUE	1.70001612787019e-09	4.25004031967546e-06
CPD-520	25567	HMDB	HMDB0005794_156_shen	Quercetin	inchikey_connectivity_formula_mass	2	FALSE	TRUE	1.70001612787019e-09	4.25004031967546e-06
CPD-520	25568	HMDB	HMDB0005794_157_shen	Quercetin	inchikey_connectivity_formula_mass	2	FALSE	TRUE	1.70001612787019e-09	4.25004031967546e-06
CPD-520	25569	HMDB	HMDB0005794_158_shen	Quercetin	inchikey_connectivity_formula_mass	2	FALSE	TRUE	1.70001612787019e-09	4.25004031967546e-06
CPD-520	25570	HMDB	HMDB0005794_159_shen	Quercetin	inchikey_connectivity_formula_mass	2	FALSE	TRUE	1.70001612787019e-09	4.25004031967546e-06
CPD-520	25571	HMDB	HMDB0005794_160_shen	Quercetin	inchikey_connectivity_formula_mass	2	FALSE	TRUE	1.70001612787019e-09	4.25004031967546e-06
CPD-520	25572	HMDB	HMDB0005794_161_shen	Quercetin	inchikey_connectivity_formula_mass	2	FALSE	TRUE	1.70001612787019e-09	4.25004031967546e-06
CPD-520	25573	HMDB	HMDB0005794_162_shen	Quercetin	inchikey_connectivity_formula_mass	2	FALSE	TRUE	1.70001612787019e-09	4.25004031967546e-06
CPD-520	25574	HMDB	HMDB0005794_163_shen	Quercetin	inchikey_connectivity_formula_mass	2	FALSE	TRUE	1.70001612787019e-09	4.25004031967546e-06
CPD-520	25575	HMDB	HMDB0005794_164_shen	Quercetin	inchikey_connectivity_formula_mass	2	FALSE	TRUE	1.70001612787019e-09	4.25004031967546e-06
CPD-520	25576	HMDB	HMDB0005794_165_shen	Quercetin	inchikey_connectivity_formula_mass	2	FALSE	TRUE	1.70001612787019e-09	4.25004031967546e-06
CPD-520	25577	HMDB	HMDB0005794_166_shen	Quercetin	inchikey_connectivity_formula_mass	2	FALSE	TRUE	1.70001612787019e-09	4.25004031967546e-06
CPD-520	25578	HMDB	HMDB0005794_167_shen	Quercetin	inchikey_connectivity_formula_mass	2	FALSE	TRUE	1.70001612787019e-09	4.25004031967546e-06
CPD-520	25579	HMDB	HMDB0005794_168_shen	Quercetin	inchikey_connectivity_formula_mass	2	FALSE	TRUE	1.70001612787019e-09	4.25004031967546e-06
CPD-520	25580	HMDB	HMDB0005794_169_shen	Quercetin	inchikey_connectivity_formula_mass	2	FALSE	TRUE	1.70001612787019e-09	4.25004031967546e-06
CPD-520	25581	HMDB	HMDB0005794_170_shen	Quercetin	inchikey_connectivity_formula_mass	2	FALSE	TRUE	1.70001612787019e-09	4.25004031967546e-06
CPD-520	25582	HMDB	HMDB0005794_171_shen	Quercetin	inchikey_connectivity_formula_mass	2	FALSE	TRUE	1.70001612787019e-09	4.25004031967546e-06
CPD-520	25583	HMDB	HMDB0005794_172_shen	Quercetin	inchikey_connectivity_formula_mass	2	FALSE	TRUE	1.70001612787019e-09	4.25004031967546e-06
CPD-520	25584	HMDB	HMDB0005794_173_shen	Quercetin	inchikey_connectivity_formula_mass	2	FALSE	TRUE	1.70001612787019e-09	4.25004031967546e-06
CPD-520	25585	HMDB	HMDB0005794_174_shen	Quercetin	inchikey_connectivity_formula_mass	2	FALSE	TRUE	1.70001612787019e-09	4.25004031967546e-06
CPD-520	25586	HMDB	HMDB0005794_175_shen	Quercetin	inchikey_connectivity_formula_mass	2	FALSE	TRUE	1.70001612787019e-09	4.25004031967546e-06
CPD-520	25587	HMDB	HMDB0005794_176_shen	Quercetin	inchikey_connectivity_formula_mass	2	FALSE	TRUE	1.70001612787019e-09	4.25004031967546e-06
CPD-520	25588	HMDB	HMDB0005794_177_shen	Quercetin	inchikey_connectivity_formula_mass	2	FALSE	TRUE	1.70001612787019e-09	4.25004031967546e-06
CPD-520	25589	HMDB	HMDB0005794_178_shen	Quercetin	inchikey_connectivity_formula_mass	2	FALSE	TRUE	1.70001612787019e-09	4.25004031967546e-06
CPD-520	25590	HMDB	HMDB0005794_179_shen	Quercetin	inchikey_connectivity_formula_mass	2	FALSE	TRUE	1.70001612787019e-09	4.25004031967546e-06
CPD-520	25591	HMDB	HMDB0005794_180_shen	Quercetin	inchikey_connectivity_formula_mass	2	FALSE	TRUE	1.70001612787019e-09	4.25004031967546e-06
CPD-520	25592	HMDB	HMDB0005794_181_shen	Quercetin	inchikey_connectivity_formula_mass	2	FALSE	TRUE	1.70001612787019e-09	4.25004031967546e-06
CPD-520	25593	HMDB	HMDB0005794_182_shen	Quercetin	inchikey_connectivity_formula_mass	2	FALSE	TRUE	1.70001612787019e-09	4.25004031967546e-06
CPD-520	25594	HMDB	HMDB0005794_183_shen	Quercetin	inchikey_connectivity_formula_mass	2	FALSE	TRUE	1.70001612787019e-09	4.25004031967546e-06
CPD-520	25595	HMDB	HMDB0005794_184_shen	Quercetin	inchikey_connectivity_formula_mass	2	FALSE	TRUE	1.70001612787019e-09	4.25004031967546e-06
CPD-520	25596	HMDB	HMDB0005794_185_shen	Quercetin	inchikey_connectivity_formula_mass	2	FALSE	TRUE	1.70001612787019e-09	4.25004031967546e-06
CPD-520	25597	HMDB	HMDB0005794_186_shen	Quercetin	inchikey_connectivity_formula_mass	2	FALSE	TRUE	1.70001612787019e-09	4.25004031967546e-06
CPD-520	25598	HMDB	HMDB0005794_187_shen	Quercetin	inchikey_connectivity_formula_mass	2	FALSE	TRUE	1.70001612787019e-09	4.25004031967546e-06
CPD-520	25599	HMDB	HMDB0005794_188_shen	Quercetin	inchikey_connectivity_formula_mass	2	FALSE	TRUE	1.70001612787019e-09	4.25004031967546e-06
CPD-520	25600	HMDB	HMDB0005794_189_shen	Quercetin	inchikey_connectivity_formula_mass	2	FALSE	TRUE	1.70001612787019e-09	4.25004031967546e-06
CPD-520	25601	HMDB	HMDB0005794_190_shen	Quercetin	inchikey_connectivity_formula_mass	2	FALSE	TRUE	1.70001612787019e-09	4.25004031967546e-06
CPD-520	25602	HMDB	HMDB0005794_191_shen	Quercetin	inchikey_connectivity_formula_mass	2	FALSE	TRUE	1.70001612787019e-09	4.25004031967546e-06
CPD-520	25603	HMDB	HMDB0005794_192_shen	Quercetin	inchikey_connectivity_formula_mass	2	FALSE	TRUE	1.70001612787019e-09	4.25004031967546e-06
CPD-520	25604	HMDB	HMDB0005794_193_shen	Quercetin	inchikey_connectivity_formula_mass	2	FALSE	TRUE	1.70001612787019e-09	4.25004031967546e-06
CPD-520	25605	HMDB	HMDB0005794_194_shen	Quercetin	inchikey_connectivity_formula_mass	2	FALSE	TRUE	1.70001612787019e-09	4.25004031967546e-06
CPD-520	25606	HMDB	HMDB0005794_195_shen	Quercetin	inchikey_connectivity_formula_mass	2	FALSE	TRUE	1.70001612787019e-09	4.25004031967546e-06
CPD-520	25607	HMDB	HMDB0005794_196_shen	Quercetin	inchikey_connectivity_formula_mass	2	FALSE	TRUE	1.70001612787019e-09	4.25004031967546e-06
CPD-520	25608	HMDB	HMDB0005794_197_shen	Quercetin	inchikey_connectivity_formula_mass	2	FALSE	TRUE	1.70001612787019e-09	4.25004031967546e-06
CPD-520	25609	HMDB	HMDB0005794_198_shen	Quercetin	inchikey_connectivity_formula_mass	2	FALSE	TRUE	1.70001612787019e-09	4.25004031967546e-06
CPD-520	25610	HMDB	HMDB0005794_199_shen	Quercetin	inchikey_connectivity_formula_mass	2	FALSE	TRUE	1.70001612787019e-09	4.25004031967546e-06
CPD-520	25611	HMDB	HMDB0005794_200_shen	Quercetin	inchikey_connectivity_formula_mass	2	FALSE	TRUE	1.70001612787019e-09	4.25004031967546e-06
CPD-520	25612	HMDB	HMDB0005794_201_shen	Quercetin	inchikey_connectivity_formula_mass	2	FALSE	TRUE	1.70001612787019e-09	4.25004031967546e-06
CPD-520	25613	HMDB	HMDB0005794_202_shen	Quercetin	inchikey_connectivity_formula_mass	2	FALSE	TRUE	1.70001612787019e-09	4.25004031967546e-06
CPD-520	25614	HMDB	HMDB0005794_203_shen	Quercetin	inchikey_connectivity_formula_mass	2	FALSE	TRUE	1.70001612787019e-09	4.25004031967546e-06
CPD-520	25615	HMDB	HMDB0005794_204_shen	Quercetin	inchikey_connectivity_formula_mass	2	FALSE	TRUE	1.70001612787019e-09	4.25004031967546e-06
CPD-520	25616	HMDB	HMDB0005794_205_shen	Quercetin	inchikey_connectivity_formula_mass	2	FALSE	TRUE	1.70001612787019e-09	4.25004031967546e-06
CPD-520	25617	HMDB	HMDB0005794_206_shen	Quercetin	inchikey_connectivity_formula_mass	2	FALSE	TRUE	1.70001612787019e-09	4.25004031967546e-06
CPD-520	25618	HMDB	HMDB0005794_207_shen	Quercetin	inchikey_connectivity_formula_mass	2	FALSE	TRUE	1.70001612787019e-09	4.25004031967546e-06
CPD-520	25619	HMDB	HMDB0005794_208_shen	Quercetin	inchikey_connectivity_formula_mass	2	FALSE	TRUE	1.70001612787019e-09	4.25004031967546e-06
CPD-520	25620	HMDB	HMDB0005794_209_shen	Quercetin	inchikey_connectivity_formula_mass	2	FALSE	TRUE	1.70001612787019e-09	4.25004031967546e-06
CPD-520	25621	HMDB	HMDB0005794_210_shen	Quercetin	inchikey_connectivity_formula_mass	2	FALSE	TRUE	1.70001612787019e-09	4.25004031967546e-06
CPD-520	25622	HMDB	HMDB0005794_211_shen	Quercetin	inchikey_connectivity_formula_mass	2	FALSE	TRUE	1.70001612787019e-09	4.25004031967546e-06
CPD-520	25623	HMDB	HMDB0005794_212_shen	Quercetin	inchikey_connectivity_formula_mass	2	FALSE	TRUE	1.70001612787019e-09	4.25004031967546e-06
CPD-520	25624	HMDB	HMDB0005794_213_shen	Quercetin	inchikey_connectivity_formula_mass	2	FALSE	TRUE	1.70001612787019e-09	4.25004031967546e-06
CPD-520	25625	HMDB	HMDB0005794_214_shen	Quercetin	inchikey_connectivity_formula_mass	2	FALSE	TRUE	1.70001612787019e-09	4.25004031967546e-06
CPD-520	25626	HMDB	HMDB0005794_215_shen	Quercetin	inchikey_connectivity_formula_mass	2	FALSE	TRUE	1.70001612787019e-09	4.25004031967546e-06
CPD-520	25627	HMDB	HMDB0005794_216_shen	Quercetin	inchikey_connectivity_formula_mass	2	FALSE	TRUE	1.70001612787019e-09	4.25004031967546e-06
CPD-520	25628	HMDB	HMDB0005794_217_shen	Quercetin	inchikey_connectivity_formula_mass	2	FALSE	TRUE	1.70001612787019e-09	4.25004031967546e-06
CPD-520	25629	HMDB	HMDB0005794_218_shen	Quercetin	inchikey_connectivity_formula_mass	2	FALSE	TRUE	1.70001612787019e-09	4.25004031967546e-06
CPD-520	25630	HMDB	HMDB0005794_219_shen	Quercetin	inchikey_connectivity_formula_mass	2	FALSE	TRUE	1.70001612787019e-09	4.25004031967546e-06
CPD-520	25631	HMDB	HMDB0005794_220_shen	Quercetin	inchikey_connectivity_formula_mass	2	FALSE	TRUE	1.70001612787019e-09	4.25004031967546e-06
CPD-520	25632	HMDB	HMDB0005794_221_shen	Quercetin	inchikey_connectivity_formula_mass	2	FALSE	TRUE	1.70001612787019e-09	4.25004031967546e-06
CPD-520	25633	HMDB	HMDB0005794_222_shen	Quercetin	inchikey_connectivity_formula_mass	2	FALSE	TRUE	1.70001612787019e-09	4.25004031967546e-06
CPD-520	25634	HMDB	HMDB0005794_223_shen	Quercetin	inchikey_connectivity_formula_mass	2	FALSE	TRUE	1.70001612787019e-09	4.25004031967546e-06
CPD-520	25635	HMDB	HMDB0005794_224_shen	Quercetin	inchikey_connectivity_formula_mass	2	FALSE	TRUE	1.70001612787019e-09	4.25004031967546e-06
CPD-520	25636	HMDB	HMDB0005794_225_shen	Quercetin	inchikey_connectivity_formula_mass	2	FALSE	TRUE	1.70001612787019e-09	4.25004031967546e-06
CPD-520	25637	HMDB	HMDB0005794_226_shen	Quercetin	inchikey_connectivity_formula_mass	2	FALSE	TRUE	1.70001612787019e-09	4.25004031967546e-06
CPD-520	25638	HMDB	HMDB0005794_227_shen	Quercetin	inchikey_connectivity_formula_mass	2	FALSE	TRUE	1.70001612787019e-09	4.25004031967546e-06
CPD-520	25639	HMDB	HMDB0005794_228_shen	Quercetin	inchikey_connectivity_formula_mass	2	FALSE	TRUE	1.70001612787019e-09	4.25004031967546e-06
CPD-520	25640	HMDB	HMDB0005794_229_shen	Quercetin	inchikey_connectivity_formula_mass	2	FALSE	TRUE	1.70001612787019e-09	4.25004031967546e-06
CPD-520	25641	HMDB	HMDB0005794_230_shen	Quercetin	inchikey_connectivity_formula_mass	2	FALSE	TRUE	1.70001612787019e-09	4.25004031967546e-06
CPD-520	25642	HMDB	HMDB0005794_231_shen	Quercetin	inchikey_connectivity_formula_mass	2	FALSE	TRUE	1.70001612787019e-09	4.25004031967546e-06
CPD-520	25643	HMDB	HMDB0005794_232_shen	Quercetin	inchikey_connectivity_formula_mass	2	FALSE	TRUE	1.70001612787019e-09	4.25004031967546e-06
CPD-520	25644	HMDB	HMDB0005794_233_shen	Quercetin	inchikey_connectivity_formula_mass	2	FALSE	TRUE	1.70001612787019e-09	4.25004031967546e-06
CPD-520	25645	HMDB	HMDB0005794_234_shen	Quercetin	inchikey_connectivity_formula_mass	2	FALSE	TRUE	1.70001612787019e-09	4.25004031967546e-06
CPD-520	25646	HMDB	HMDB0005794_235_shen	Quercetin	inchikey_connectivity_formula_mass	2	FALSE	TRUE	1.70001612787019e-09	4.25004031967546e-06
5734-TETRAHYDROXYFLAVONE	25647	HMDB	HMDB0005800_1_shen	Luteolin	inchikey_connectivity_formula_mass	2	FALSE	TRUE	1.60002855409402e-09	4.00007138523506e-06
5734-TETRAHYDROXYFLAVONE	25648	HMDB	HMDB0005800_2_shen	Luteolin	inchikey_connectivity_formula_mass	2	FALSE	TRUE	1.60002855409402e-09	4.00007138523506e-06
5734-TETRAHYDROXYFLAVONE	25649	HMDB	HMDB0005800_3_shen	Luteolin	inchikey_connectivity_formula_mass	2	FALSE	TRUE	1.60002855409402e-09	4.00007138523506e-06
5734-TETRAHYDROXYFLAVONE	25650	HMDB	HMDB0005800_4_shen	Luteolin	inchikey_connectivity_formula_mass	2	FALSE	TRUE	1.60002855409402e-09	4.00007138523506e-06
5734-TETRAHYDROXYFLAVONE	25651	HMDB	HMDB0005800_5_shen	Luteolin	inchikey_connectivity_formula_mass	2	FALSE	TRUE	1.60002855409402e-09	4.00007138523506e-06
5734-TETRAHYDROXYFLAVONE	25652	HMDB	HMDB0005800_6_shen	Luteolin	inchikey_connectivity_formula_mass	2	FALSE	TRUE	1.60002855409402e-09	4.00007138523506e-06
5734-TETRAHYDROXYFLAVONE	25653	HMDB	HMDB0005800_7_shen	Luteolin	inchikey_connectivity_formula_mass	2	FALSE	TRUE	1.60002855409402e-09	4.00007138523506e-06
5734-TETRAHYDROXYFLAVONE	25654	HMDB	HMDB0005800_8_shen	Luteolin	inchikey_connectivity_formula_mass	2	FALSE	TRUE	1.60002855409402e-09	4.00007138523506e-06
5734-TETRAHYDROXYFLAVONE	25655	HMDB	HMDB0005800_9_shen	Luteolin	inchikey_connectivity_formula_mass	2	FALSE	TRUE	1.60002855409402e-09	4.00007138523506e-06
5734-TETRAHYDROXYFLAVONE	25656	HMDB	HMDB0005800_10_shen	Luteolin	inchikey_connectivity_formula_mass	2	FALSE	TRUE	1.60002855409402e-09	4.00007138523506e-06
5734-TETRAHYDROXYFLAVONE	25657	HMDB	HMDB0005800_11_shen	Luteolin	inchikey_connectivity_formula_mass	2	FALSE	TRUE	1.60002855409402e-09	4.00007138523506e-06
5734-TETRAHYDROXYFLAVONE	25658	HMDB	HMDB0005800_12_shen	Luteolin	inchikey_connectivity_formula_mass	2	FALSE	TRUE	1.60002855409402e-09	4.00007138523506e-06
5734-TETRAHYDROXYFLAVONE	25659	HMDB	HMDB0005800_13_shen	Luteolin	inchikey_connectivity_formula_mass	2	FALSE	TRUE	1.60002855409402e-09	4.00007138523506e-06
5734-TETRAHYDROXYFLAVONE	25660	HMDB	HMDB0005800_14_shen	Luteolin	inchikey_connectivity_formula_mass	2	FALSE	TRUE	1.60002855409402e-09	4.00007138523506e-06
5734-TETRAHYDROXYFLAVONE	25661	HMDB	HMDB0005800_15_shen	Luteolin	inchikey_connectivity_formula_mass	2	FALSE	TRUE	1.60002855409402e-09	4.00007138523506e-06
5734-TETRAHYDROXYFLAVONE	25662	HMDB	HMDB0005800_16_shen	Luteolin	inchikey_connectivity_formula_mass	2	FALSE	TRUE	1.60002855409402e-09	4.00007138523506e-06
5734-TETRAHYDROXYFLAVONE	25663	HMDB	HMDB0005800_17_shen	Luteolin	inchikey_connectivity_formula_mass	2	FALSE	TRUE	1.60002855409402e-09	4.00007138523506e-06
5734-TETRAHYDROXYFLAVONE	25664	HMDB	HMDB0005800_18_shen	Luteolin	inchikey_connectivity_formula_mass	2	FALSE	TRUE	1.60002855409402e-09	4.00007138523506e-06
5734-TETRAHYDROXYFLAVONE	25665	HMDB	HMDB0005800_19_shen	Luteolin	inchikey_connectivity_formula_mass	2	FALSE	TRUE	1.60002855409402e-09	4.00007138523506e-06
5734-TETRAHYDROXYFLAVONE	25666	HMDB	HMDB0005800_20_shen	Luteolin	inchikey_connectivity_formula_mass	2	FALSE	TRUE	1.60002855409402e-09	4.00007138523506e-06
5734-TETRAHYDROXYFLAVONE	25667	HMDB	HMDB0005800_21_shen	Luteolin	inchikey_connectivity_formula_mass	2	FALSE	TRUE	1.60002855409402e-09	4.00007138523506e-06
5734-TETRAHYDROXYFLAVONE	25668	HMDB	HMDB0005800_22_shen	Luteolin	inchikey_connectivity_formula_mass	2	FALSE	TRUE	1.60002855409402e-09	4.00007138523506e-06
5734-TETRAHYDROXYFLAVONE	25669	HMDB	HMDB0005800_23_shen	Luteolin	inchikey_connectivity_formula_mass	2	FALSE	TRUE	1.60002855409402e-09	4.00007138523506e-06
5734-TETRAHYDROXYFLAVONE	25670	HMDB	HMDB0005800_24_shen	Luteolin	inchikey_connectivity_formula_mass	2	FALSE	TRUE	1.60002855409402e-09	4.00007138523506e-06
5734-TETRAHYDROXYFLAVONE	25671	HMDB	HMDB0005800_25_shen	Luteolin	inchikey_connectivity_formula_mass	2	FALSE	TRUE	1.60002855409402e-09	4.00007138523506e-06
5734-TETRAHYDROXYFLAVONE	25672	HMDB	HMDB0005800_26_shen	Luteolin	inchikey_connectivity_formula_mass	2	FALSE	TRUE	1.60002855409402e-09	4.00007138523506e-06
5734-TETRAHYDROXYFLAVONE	25673	HMDB	HMDB0005800_27_shen	Luteolin	inchikey_connectivity_formula_mass	2	FALSE	TRUE	1.60002855409402e-09	4.00007138523506e-06
5734-TETRAHYDROXYFLAVONE	25674	HMDB	HMDB0005800_28_shen	Luteolin	inchikey_connectivity_formula_mass	2	FALSE	TRUE	1.60002855409402e-09	4.00007138523506e-06
5734-TETRAHYDROXYFLAVONE	25675	HMDB	HMDB0005800_29_shen	Luteolin	inchikey_connectivity_formula_mass	2	FALSE	TRUE	1.60002855409402e-09	4.00007138523506e-06
5734-TETRAHYDROXYFLAVONE	25676	HMDB	HMDB0005800_30_shen	Luteolin	inchikey_connectivity_formula_mass	2	FALSE	TRUE	1.60002855409402e-09	4.00007138523506e-06
5734-TETRAHYDROXYFLAVONE	25677	HMDB	HMDB0005800_31_shen	Luteolin	inchikey_connectivity_formula_mass	2	FALSE	TRUE	1.60002855409402e-09	4.00007138523506e-06
5734-TETRAHYDROXYFLAVONE	25678	HMDB	HMDB0005800_32_shen	Luteolin	inchikey_connectivity_formula_mass	2	FALSE	TRUE	1.60002855409402e-09	4.00007138523506e-06
5734-TETRAHYDROXYFLAVONE	25679	HMDB	HMDB0005800_33_shen	Luteolin	inchikey_connectivity_formula_mass	2	FALSE	TRUE	1.60002855409402e-09	4.00007138523506e-06
5734-TETRAHYDROXYFLAVONE	25680	HMDB	HMDB0005800_34_shen	Luteolin	inchikey_connectivity_formula_mass	2	FALSE	TRUE	1.60002855409402e-09	4.00007138523506e-06
5734-TETRAHYDROXYFLAVONE	25681	HMDB	HMDB0005800_35_shen	Luteolin	inchikey_connectivity_formula_mass	2	FALSE	TRUE	1.60002855409402e-09	4.00007138523506e-06
5734-TETRAHYDROXYFLAVONE	25682	HMDB	HMDB0005800_36_shen	Luteolin	inchikey_connectivity_formula_mass	2	FALSE	TRUE	1.60002855409402e-09	4.00007138523506e-06
5734-TETRAHYDROXYFLAVONE	25683	HMDB	HMDB0005800_37_shen	Luteolin	inchikey_connectivity_formula_mass	2	FALSE	TRUE	1.60002855409402e-09	4.00007138523506e-06
5734-TETRAHYDROXYFLAVONE	25684	HMDB	HMDB0005800_38_shen	Luteolin	inchikey_connectivity_formula_mass	2	FALSE	TRUE	1.60002855409402e-09	4.00007138523506e-06
5734-TETRAHYDROXYFLAVONE	25685	HMDB	HMDB0005800_39_shen	Luteolin	inchikey_connectivity_formula_mass	2	FALSE	TRUE	1.60002855409402e-09	4.00007138523506e-06
5734-TETRAHYDROXYFLAVONE	25686	HMDB	HMDB0005800_40_shen	Luteolin	inchikey_connectivity_formula_mass	2	FALSE	TRUE	1.60002855409402e-09	4.00007138523506e-06
5734-TETRAHYDROXYFLAVONE	25687	HMDB	HMDB0005800_41_shen	Luteolin	inchikey_connectivity_formula_mass	2	FALSE	TRUE	1.60002855409402e-09	4.00007138523506e-06
5734-TETRAHYDROXYFLAVONE	25688	HMDB	HMDB0005800_42_shen	Luteolin	inchikey_connectivity_formula_mass	2	FALSE	TRUE	1.60002855409402e-09	4.00007138523506e-06
5734-TETRAHYDROXYFLAVONE	25689	HMDB	HMDB0005800_43_shen	Luteolin	inchikey_connectivity_formula_mass	2	FALSE	TRUE	1.60002855409402e-09	4.00007138523506e-06
5734-TETRAHYDROXYFLAVONE	25690	HMDB	HMDB0005800_44_shen	Luteolin	inchikey_connectivity_formula_mass	2	FALSE	TRUE	1.60002855409402e-09	4.00007138523506e-06
5734-TETRAHYDROXYFLAVONE	25691	HMDB	HMDB0005800_45_shen	Luteolin	inchikey_connectivity_formula_mass	2	FALSE	TRUE	1.60002855409402e-09	4.00007138523506e-06
5734-TETRAHYDROXYFLAVONE	25692	HMDB	HMDB0005800_46_shen	Luteolin	inchikey_connectivity_formula_mass	2	FALSE	TRUE	1.60002855409402e-09	4.00007138523506e-06
5734-TETRAHYDROXYFLAVONE	25693	HMDB	HMDB0005800_47_shen	Luteolin	inchikey_connectivity_formula_mass	2	FALSE	TRUE	1.60002855409402e-09	4.00007138523506e-06
5734-TETRAHYDROXYFLAVONE	25694	HMDB	HMDB0005800_48_shen	Luteolin	inchikey_connectivity_formula_mass	2	FALSE	TRUE	1.60002855409402e-09	4.00007138523506e-06
5734-TETRAHYDROXYFLAVONE	25695	HMDB	HMDB0005800_49_shen	Luteolin	inchikey_connectivity_formula_mass	2	FALSE	TRUE	1.60002855409402e-09	4.00007138523506e-06
5734-TETRAHYDROXYFLAVONE	25696	HMDB	HMDB0005800_50_shen	Luteolin	inchikey_connectivity_formula_mass	2	FALSE	TRUE	1.60002855409402e-09	4.00007138523506e-06
5734-TETRAHYDROXYFLAVONE	25697	HMDB	HMDB0005800_51_shen	Luteolin	inchikey_connectivity_formula_mass	2	FALSE	TRUE	1.60002855409402e-09	4.00007138523506e-06
5734-TETRAHYDROXYFLAVONE	25698	HMDB	HMDB0005800_52_shen	Luteolin	inchikey_connectivity_formula_mass	2	FALSE	TRUE	1.60002855409402e-09	4.00007138523506e-06
5734-TETRAHYDROXYFLAVONE	25699	HMDB	HMDB0005800_53_shen	Luteolin	inchikey_connectivity_formula_mass	2	FALSE	TRUE	1.60002855409402e-09	4.00007138523506e-06
5734-TETRAHYDROXYFLAVONE	25700	HMDB	HMDB0005800_54_shen	Luteolin	inchikey_connectivity_formula_mass	2	FALSE	TRUE	1.60002855409402e-09	4.00007138523506e-06
5734-TETRAHYDROXYFLAVONE	25701	HMDB	HMDB0005800_55_shen	Luteolin	inchikey_connectivity_formula_mass	2	FALSE	TRUE	1.60002855409402e-09	4.00007138523506e-06
5734-TETRAHYDROXYFLAVONE	25702	HMDB	HMDB0005800_56_shen	Luteolin	inchikey_connectivity_formula_mass	2	FALSE	TRUE	1.60002855409402e-09	4.00007138523506e-06
5734-TETRAHYDROXYFLAVONE	25703	HMDB	HMDB0005800_57_shen	Luteolin	inchikey_connectivity_formula_mass	2	FALSE	TRUE	1.60002855409402e-09	4.00007138523506e-06
5734-TETRAHYDROXYFLAVONE	25704	HMDB	HMDB0005800_58_shen	Luteolin	inchikey_connectivity_formula_mass	2	FALSE	TRUE	1.60002855409402e-09	4.00007138523506e-06
5734-TETRAHYDROXYFLAVONE	25705	HMDB	HMDB0005800_59_shen	Luteolin	inchikey_connectivity_formula_mass	2	FALSE	TRUE	1.60002855409402e-09	4.00007138523506e-06
5734-TETRAHYDROXYFLAVONE	25706	HMDB	HMDB0005800_60_shen	Luteolin	inchikey_connectivity_formula_mass	2	FALSE	TRUE	1.60002855409402e-09	4.00007138523506e-06
5734-TETRAHYDROXYFLAVONE	25707	HMDB	HMDB0005800_61_shen	Luteolin	inchikey_connectivity_formula_mass	2	FALSE	TRUE	1.60002855409402e-09	4.00007138523506e-06
5734-TETRAHYDROXYFLAVONE	25708	HMDB	HMDB0005800_62_shen	Luteolin	inchikey_connectivity_formula_mass	2	FALSE	TRUE	1.60002855409402e-09	4.00007138523506e-06
5734-TETRAHYDROXYFLAVONE	25709	HMDB	HMDB0005800_63_shen	Luteolin	inchikey_connectivity_formula_mass	2	FALSE	TRUE	1.60002855409402e-09	4.00007138523506e-06
5734-TETRAHYDROXYFLAVONE	25710	HMDB	HMDB0005800_64_shen	Luteolin	inchikey_connectivity_formula_mass	2	FALSE	TRUE	1.60002855409402e-09	4.00007138523506e-06
5734-TETRAHYDROXYFLAVONE	25711	HMDB	HMDB0005800_65_shen	Luteolin	inchikey_connectivity_formula_mass	2	FALSE	TRUE	1.60002855409402e-09	4.00007138523506e-06
5734-TETRAHYDROXYFLAVONE	25712	HMDB	HMDB0005800_66_shen	Luteolin	inchikey_connectivity_formula_mass	2	FALSE	TRUE	1.60002855409402e-09	4.00007138523506e-06
5734-TETRAHYDROXYFLAVONE	25713	HMDB	HMDB0005800_67_shen	Luteolin	inchikey_connectivity_formula_mass	2	FALSE	TRUE	1.60002855409402e-09	4.00007138523506e-06
5734-TETRAHYDROXYFLAVONE	25714	HMDB	HMDB0005800_68_shen	Luteolin	inchikey_connectivity_formula_mass	2	FALSE	TRUE	1.60002855409402e-09	4.00007138523506e-06
5734-TETRAHYDROXYFLAVONE	25715	HMDB	HMDB0005800_69_shen	Luteolin	inchikey_connectivity_formula_mass	2	FALSE	TRUE	1.60002855409402e-09	4.00007138523506e-06
5734-TETRAHYDROXYFLAVONE	25716	HMDB	HMDB0005800_70_shen	Luteolin	inchikey_connectivity_formula_mass	2	FALSE	TRUE	1.60002855409402e-09	4.00007138523506e-06
5734-TETRAHYDROXYFLAVONE	25717	HMDB	HMDB0005800_71_shen	Luteolin	inchikey_connectivity_formula_mass	2	FALSE	TRUE	1.60002855409402e-09	4.00007138523506e-06
5734-TETRAHYDROXYFLAVONE	25718	HMDB	HMDB0005800_72_shen	Luteolin	inchikey_connectivity_formula_mass	2	FALSE	TRUE	1.60002855409402e-09	4.00007138523506e-06
5734-TETRAHYDROXYFLAVONE	25719	HMDB	HMDB0005800_73_shen	Luteolin	inchikey_connectivity_formula_mass	2	FALSE	TRUE	1.60002855409402e-09	4.00007138523506e-06
5734-TETRAHYDROXYFLAVONE	25720	HMDB	HMDB0005800_74_shen	Luteolin	inchikey_connectivity_formula_mass	2	FALSE	TRUE	1.60002855409402e-09	4.00007138523506e-06
5734-TETRAHYDROXYFLAVONE	25721	HMDB	HMDB0005800_75_shen	Luteolin	inchikey_connectivity_formula_mass	2	FALSE	TRUE	1.60002855409402e-09	4.00007138523506e-06
5734-TETRAHYDROXYFLAVONE	25722	HMDB	HMDB0005800_76_shen	Luteolin	inchikey_connectivity_formula_mass	2	FALSE	TRUE	1.60002855409402e-09	4.00007138523506e-06
5734-TETRAHYDROXYFLAVONE	25723	HMDB	HMDB0005800_77_shen	Luteolin	inchikey_connectivity_formula_mass	2	FALSE	TRUE	1.60002855409402e-09	4.00007138523506e-06
5734-TETRAHYDROXYFLAVONE	25724	HMDB	HMDB0005800_78_shen	Luteolin	inchikey_connectivity_formula_mass	2	FALSE	TRUE	1.60002855409402e-09	4.00007138523506e-06
5734-TETRAHYDROXYFLAVONE	25725	HMDB	HMDB0005800_79_shen	Luteolin	inchikey_connectivity_formula_mass	2	FALSE	TRUE	1.60002855409402e-09	4.00007138523506e-06
5734-TETRAHYDROXYFLAVONE	25726	HMDB	HMDB0005800_80_shen	Luteolin	inchikey_connectivity_formula_mass	2	FALSE	TRUE	1.60002855409402e-09	4.00007138523506e-06
5734-TETRAHYDROXYFLAVONE	25727	HMDB	HMDB0005800_81_shen	Luteolin	inchikey_connectivity_formula_mass	2	FALSE	TRUE	1.60002855409402e-09	4.00007138523506e-06
5734-TETRAHYDROXYFLAVONE	25728	HMDB	HMDB0005800_82_shen	Luteolin	inchikey_connectivity_formula_mass	2	FALSE	TRUE	1.60002855409402e-09	4.00007138523506e-06
5734-TETRAHYDROXYFLAVONE	25729	HMDB	HMDB0005800_83_shen	Luteolin	inchikey_connectivity_formula_mass	2	FALSE	TRUE	1.60002855409402e-09	4.00007138523506e-06
5734-TETRAHYDROXYFLAVONE	25730	HMDB	HMDB0005800_84_shen	Luteolin	inchikey_connectivity_formula_mass	2	FALSE	TRUE	1.60002855409402e-09	4.00007138523506e-06
5734-TETRAHYDROXYFLAVONE	25731	HMDB	HMDB0005800_85_shen	Luteolin	inchikey_connectivity_formula_mass	2	FALSE	TRUE	1.60002855409402e-09	4.00007138523506e-06
5734-TETRAHYDROXYFLAVONE	25732	HMDB	HMDB0005800_86_shen	Luteolin	inchikey_connectivity_formula_mass	2	FALSE	TRUE	1.60002855409402e-09	4.00007138523506e-06
5734-TETRAHYDROXYFLAVONE	25733	HMDB	HMDB0005800_87_shen	Luteolin	inchikey_connectivity_formula_mass	2	FALSE	TRUE	1.60002855409402e-09	4.00007138523506e-06
5734-TETRAHYDROXYFLAVONE	25734	HMDB	HMDB0005800_88_shen	Luteolin	inchikey_connectivity_formula_mass	2	FALSE	TRUE	1.60002855409402e-09	4.00007138523506e-06
5734-TETRAHYDROXYFLAVONE	25735	HMDB	HMDB0005800_89_shen	Luteolin	inchikey_connectivity_formula_mass	2	FALSE	TRUE	1.60002855409402e-09	4.00007138523506e-06
5734-TETRAHYDROXYFLAVONE	25736	HMDB	HMDB0005800_90_shen	Luteolin	inchikey_connectivity_formula_mass	2	FALSE	TRUE	1.60002855409402e-09	4.00007138523506e-06
5734-TETRAHYDROXYFLAVONE	25737	HMDB	HMDB0005800_91_shen	Luteolin	inchikey_connectivity_formula_mass	2	FALSE	TRUE	1.60002855409402e-09	4.00007138523506e-06
5734-TETRAHYDROXYFLAVONE	25738	HMDB	HMDB0005800_92_shen	Luteolin	inchikey_connectivity_formula_mass	2	FALSE	TRUE	1.60002855409402e-09	4.00007138523506e-06
5734-TETRAHYDROXYFLAVONE	25739	HMDB	HMDB0005800_93_shen	Luteolin	inchikey_connectivity_formula_mass	2	FALSE	TRUE	1.60002855409402e-09	4.00007138523506e-06
5734-TETRAHYDROXYFLAVONE	25740	HMDB	HMDB0005800_94_shen	Luteolin	inchikey_connectivity_formula_mass	2	FALSE	TRUE	1.60002855409402e-09	4.00007138523506e-06
5734-TETRAHYDROXYFLAVONE	25741	HMDB	HMDB0005800_95_shen	Luteolin	inchikey_connectivity_formula_mass	2	FALSE	TRUE	1.60002855409402e-09	4.00007138523506e-06
5734-TETRAHYDROXYFLAVONE	25742	HMDB	HMDB0005800_96_shen	Luteolin	inchikey_connectivity_formula_mass	2	FALSE	TRUE	1.60002855409402e-09	4.00007138523506e-06
5734-TETRAHYDROXYFLAVONE	25743	HMDB	HMDB0005800_97_shen	Luteolin	inchikey_connectivity_formula_mass	2	FALSE	TRUE	1.60002855409402e-09	4.00007138523506e-06
5734-TETRAHYDROXYFLAVONE	25744	HMDB	HMDB0005800_98_shen	Luteolin	inchikey_connectivity_formula_mass	2	FALSE	TRUE	1.60002855409402e-09	4.00007138523506e-06
5734-TETRAHYDROXYFLAVONE	25745	HMDB	HMDB0005800_99_shen	Luteolin	inchikey_connectivity_formula_mass	2	FALSE	TRUE	1.60002855409402e-09	4.00007138523506e-06
5734-TETRAHYDROXYFLAVONE	25746	HMDB	HMDB0005800_100_shen	Luteolin	inchikey_connectivity_formula_mass	2	FALSE	TRUE	1.60002855409402e-09	4.00007138523506e-06
5734-TETRAHYDROXYFLAVONE	25747	HMDB	HMDB0005800_101_shen	Luteolin	inchikey_connectivity_formula_mass	2	FALSE	TRUE	1.60002855409402e-09	4.00007138523506e-06
5734-TETRAHYDROXYFLAVONE	25748	HMDB	HMDB0005800_102_shen	Luteolin	inchikey_connectivity_formula_mass	2	FALSE	TRUE	1.60002855409402e-09	4.00007138523506e-06
CPD1F-90	25749	HMDB	HMDB0005801_1_shen	Kaempferol	inchikey_connectivity_formula_mass	2	FALSE	TRUE	1.60002855409402e-09	4.00007138523506e-06
CPD1F-90	25750	HMDB	HMDB0005801_2_shen	Kaempferol	inchikey_connectivity_formula_mass	2	FALSE	TRUE	1.60002855409402e-09	4.00007138523506e-06
CPD1F-90	25751	HMDB	HMDB0005801_3_shen	Kaempferol	inchikey_connectivity_formula_mass	2	FALSE	TRUE	1.60002855409402e-09	4.00007138523506e-06
CPD1F-90	25752	HMDB	HMDB0005801_4_shen	Kaempferol	inchikey_connectivity_formula_mass	2	FALSE	TRUE	1.60002855409402e-09	4.00007138523506e-06
CPD1F-90	25753	HMDB	HMDB0005801_5_shen	Kaempferol	inchikey_connectivity_formula_mass	2	FALSE	TRUE	1.60002855409402e-09	4.00007138523506e-06
CPD1F-90	25754	HMDB	HMDB0005801_6_shen	Kaempferol	inchikey_connectivity_formula_mass	2	FALSE	TRUE	1.60002855409402e-09	4.00007138523506e-06
CPD1F-90	25755	HMDB	HMDB0005801_7_shen	Kaempferol	inchikey_connectivity_formula_mass	2	FALSE	TRUE	1.60002855409402e-09	4.00007138523506e-06
CPD1F-90	25756	HMDB	HMDB0005801_8_shen	Kaempferol	inchikey_connectivity_formula_mass	2	FALSE	TRUE	1.60002855409402e-09	4.00007138523506e-06
CPD1F-90	25757	HMDB	HMDB0005801_9_shen	Kaempferol	inchikey_connectivity_formula_mass	2	FALSE	TRUE	1.60002855409402e-09	4.00007138523506e-06
CPD1F-90	25758	HMDB	HMDB0005801_10_shen	Kaempferol	inchikey_connectivity_formula_mass	2	FALSE	TRUE	1.60002855409402e-09	4.00007138523506e-06
CPD1F-90	25759	HMDB	HMDB0005801_11_shen	Kaempferol	inchikey_connectivity_formula_mass	2	FALSE	TRUE	1.60002855409402e-09	4.00007138523506e-06
CPD1F-90	25760	HMDB	HMDB0005801_12_shen	Kaempferol	inchikey_connectivity_formula_mass	2	FALSE	TRUE	1.60002855409402e-09	4.00007138523506e-06
CPD1F-90	25761	HMDB	HMDB0005801_13_shen	Kaempferol	inchikey_connectivity_formula_mass	2	FALSE	TRUE	1.60002855409402e-09	4.00007138523506e-06
CPD1F-90	25762	HMDB	HMDB0005801_14_shen	Kaempferol	inchikey_connectivity_formula_mass	2	FALSE	TRUE	1.60002855409402e-09	4.00007138523506e-06
CPD1F-90	25763	HMDB	HMDB0005801_15_shen	Kaempferol	inchikey_connectivity_formula_mass	2	FALSE	TRUE	1.60002855409402e-09	4.00007138523506e-06
CPD1F-90	25764	HMDB	HMDB0005801_16_shen	Kaempferol	inchikey_connectivity_formula_mass	2	FALSE	TRUE	1.60002855409402e-09	4.00007138523506e-06
CPD1F-90	25765	HMDB	HMDB0005801_17_shen	Kaempferol	inchikey_connectivity_formula_mass	2	FALSE	TRUE	1.60002855409402e-09	4.00007138523506e-06
CPD1F-90	25766	HMDB	HMDB0005801_18_shen	Kaempferol	inchikey_connectivity_formula_mass	2	FALSE	TRUE	1.60002855409402e-09	4.00007138523506e-06
CPD1F-90	25767	HMDB	HMDB0005801_19_shen	Kaempferol	inchikey_connectivity_formula_mass	2	FALSE	TRUE	1.60002855409402e-09	4.00007138523506e-06
CPD1F-90	25768	HMDB	HMDB0005801_20_shen	Kaempferol	inchikey_connectivity_formula_mass	2	FALSE	TRUE	1.60002855409402e-09	4.00007138523506e-06
CPD1F-90	25769	HMDB	HMDB0005801_21_shen	Kaempferol	inchikey_connectivity_formula_mass	2	FALSE	TRUE	1.60002855409402e-09	4.00007138523506e-06
CPD1F-90	25770	HMDB	HMDB0005801_22_shen	Kaempferol	inchikey_connectivity_formula_mass	2	FALSE	TRUE	1.60002855409402e-09	4.00007138523506e-06
CPD1F-90	25771	HMDB	HMDB0005801_23_shen	Kaempferol	inchikey_connectivity_formula_mass	2	FALSE	TRUE	1.60002855409402e-09	4.00007138523506e-06
CPD1F-90	25772	HMDB	HMDB0005801_24_shen	Kaempferol	inchikey_connectivity_formula_mass	2	FALSE	TRUE	1.60002855409402e-09	4.00007138523506e-06
CPD1F-90	25773	HMDB	HMDB0005801_25_shen	Kaempferol	inchikey_connectivity_formula_mass	2	FALSE	TRUE	1.60002855409402e-09	4.00007138523506e-06
CPD1F-90	25774	HMDB	HMDB0005801_26_shen	Kaempferol	inchikey_connectivity_formula_mass	2	FALSE	TRUE	1.60002855409402e-09	4.00007138523506e-06
CPD1F-90	25775	HMDB	HMDB0005801_27_shen	Kaempferol	inchikey_connectivity_formula_mass	2	FALSE	TRUE	1.60002855409402e-09	4.00007138523506e-06
CPD1F-90	25776	HMDB	HMDB0005801_28_shen	Kaempferol	inchikey_connectivity_formula_mass	2	FALSE	TRUE	1.60002855409402e-09	4.00007138523506e-06
CPD1F-90	25777	HMDB	HMDB0005801_29_shen	Kaempferol	inchikey_connectivity_formula_mass	2	FALSE	TRUE	1.60002855409402e-09	4.00007138523506e-06
CPD1F-90	25778	HMDB	HMDB0005801_30_shen	Kaempferol	inchikey_connectivity_formula_mass	2	FALSE	TRUE	1.60002855409402e-09	4.00007138523506e-06
CPD1F-90	25779	HMDB	HMDB0005801_31_shen	Kaempferol	inchikey_connectivity_formula_mass	2	FALSE	TRUE	1.60002855409402e-09	4.00007138523506e-06
CPD1F-90	25780	HMDB	HMDB0005801_32_shen	Kaempferol	inchikey_connectivity_formula_mass	2	FALSE	TRUE	1.60002855409402e-09	4.00007138523506e-06
CPD1F-90	25781	HMDB	HMDB0005801_33_shen	Kaempferol	inchikey_connectivity_formula_mass	2	FALSE	TRUE	1.60002855409402e-09	4.00007138523506e-06
CPD1F-90	25782	HMDB	HMDB0005801_34_shen	Kaempferol	inchikey_connectivity_formula_mass	2	FALSE	TRUE	1.60002855409402e-09	4.00007138523506e-06
CPD1F-90	25783	HMDB	HMDB0005801_35_shen	Kaempferol	inchikey_connectivity_formula_mass	2	FALSE	TRUE	1.60002855409402e-09	4.00007138523506e-06
CPD1F-90	25784	HMDB	HMDB0005801_36_shen	Kaempferol	inchikey_connectivity_formula_mass	2	FALSE	TRUE	1.60002855409402e-09	4.00007138523506e-06
CPD1F-90	25785	HMDB	HMDB0005801_37_shen	Kaempferol	inchikey_connectivity_formula_mass	2	FALSE	TRUE	1.60002855409402e-09	4.00007138523506e-06
CPD1F-90	25786	HMDB	HMDB0005801_38_shen	Kaempferol	inchikey_connectivity_formula_mass	2	FALSE	TRUE	1.60002855409402e-09	4.00007138523506e-06
CPD1F-90	25787	HMDB	HMDB0005801_39_shen	Kaempferol	inchikey_connectivity_formula_mass	2	FALSE	TRUE	1.60002855409402e-09	4.00007138523506e-06
CPD1F-90	25788	HMDB	HMDB0005801_40_shen	Kaempferol	inchikey_connectivity_formula_mass	2	FALSE	TRUE	1.60002855409402e-09	4.00007138523506e-06
CPD1F-90	25789	HMDB	HMDB0005801_41_shen	Kaempferol	inchikey_connectivity_formula_mass	2	FALSE	TRUE	1.60002855409402e-09	4.00007138523506e-06
CPD1F-90	25790	HMDB	HMDB0005801_42_shen	Kaempferol	inchikey_connectivity_formula_mass	2	FALSE	TRUE	1.60002855409402e-09	4.00007138523506e-06
CPD1F-90	25791	HMDB	HMDB0005801_43_shen	Kaempferol	inchikey_connectivity_formula_mass	2	FALSE	TRUE	1.60002855409402e-09	4.00007138523506e-06
CPD1F-90	25792	HMDB	HMDB0005801_44_shen	Kaempferol	inchikey_connectivity_formula_mass	2	FALSE	TRUE	1.60002855409402e-09	4.00007138523506e-06
CPD1F-90	25793	HMDB	HMDB0005801_45_shen	Kaempferol	inchikey_connectivity_formula_mass	2	FALSE	TRUE	1.60002855409402e-09	4.00007138523506e-06
CPD1F-90	25794	HMDB	HMDB0005801_46_shen	Kaempferol	inchikey_connectivity_formula_mass	2	FALSE	TRUE	1.60002855409402e-09	4.00007138523506e-06
CPD1F-90	25795	HMDB	HMDB0005801_47_shen	Kaempferol	inchikey_connectivity_formula_mass	2	FALSE	TRUE	1.60002855409402e-09	4.00007138523506e-06
CPD1F-90	25796	HMDB	HMDB0005801_48_shen	Kaempferol	inchikey_connectivity_formula_mass	2	FALSE	TRUE	1.60002855409402e-09	4.00007138523506e-06
CPD1F-90	25797	HMDB	HMDB0005801_49_shen	Kaempferol	inchikey_connectivity_formula_mass	2	FALSE	TRUE	1.60002855409402e-09	4.00007138523506e-06
CPD1F-90	25798	HMDB	HMDB0005801_50_shen	Kaempferol	inchikey_connectivity_formula_mass	2	FALSE	TRUE	1.60002855409402e-09	4.00007138523506e-06
CPD1F-90	25799	HMDB	HMDB0005801_51_shen	Kaempferol	inchikey_connectivity_formula_mass	2	FALSE	TRUE	1.60002855409402e-09	4.00007138523506e-06
CPD1F-90	25800	HMDB	HMDB0005801_52_shen	Kaempferol	inchikey_connectivity_formula_mass	2	FALSE	TRUE	1.60002855409402e-09	4.00007138523506e-06
CPD1F-90	25801	HMDB	HMDB0005801_53_shen	Kaempferol	inchikey_connectivity_formula_mass	2	FALSE	TRUE	1.60002855409402e-09	4.00007138523506e-06
CPD1F-90	25802	HMDB	HMDB0005801_54_shen	Kaempferol	inchikey_connectivity_formula_mass	2	FALSE	TRUE	1.60002855409402e-09	4.00007138523506e-06
CPD1F-90	25803	HMDB	HMDB0005801_55_shen	Kaempferol	inchikey_connectivity_formula_mass	2	FALSE	TRUE	1.60002855409402e-09	4.00007138523506e-06
CPD1F-90	25804	HMDB	HMDB0005801_56_shen	Kaempferol	inchikey_connectivity_formula_mass	2	FALSE	TRUE	1.60002855409402e-09	4.00007138523506e-06
CPD1F-90	25805	HMDB	HMDB0005801_57_shen	Kaempferol	inchikey_connectivity_formula_mass	2	FALSE	TRUE	1.60002855409402e-09	4.00007138523506e-06
CPD1F-90	25806	HMDB	HMDB0005801_58_shen	Kaempferol	inchikey_connectivity_formula_mass	2	FALSE	TRUE	1.60002855409402e-09	4.00007138523506e-06
CPD1F-90	25807	HMDB	HMDB0005801_59_shen	Kaempferol	inchikey_connectivity_formula_mass	2	FALSE	TRUE	1.60002855409402e-09	4.00007138523506e-06
CPD1F-90	25808	HMDB	HMDB0005801_60_shen	Kaempferol	inchikey_connectivity_formula_mass	2	FALSE	TRUE	1.60002855409402e-09	4.00007138523506e-06
CPD1F-90	25809	HMDB	HMDB0005801_61_shen	Kaempferol	inchikey_connectivity_formula_mass	2	FALSE	TRUE	1.60002855409402e-09	4.00007138523506e-06
CPD1F-90	25810	HMDB	HMDB0005801_62_shen	Kaempferol	inchikey_connectivity_formula_mass	2	FALSE	TRUE	1.60002855409402e-09	4.00007138523506e-06
CPD1F-90	25811	HMDB	HMDB0005801_63_shen	Kaempferol	inchikey_connectivity_formula_mass	2	FALSE	TRUE	1.60002855409402e-09	4.00007138523506e-06
CPD1F-90	25812	HMDB	HMDB0005801_64_shen	Kaempferol	inchikey_connectivity_formula_mass	2	FALSE	TRUE	1.60002855409402e-09	4.00007138523506e-06
CPD1F-90	25813	HMDB	HMDB0005801_65_shen	Kaempferol	inchikey_connectivity_formula_mass	2	FALSE	TRUE	1.60002855409402e-09	4.00007138523506e-06
CPD1F-90	25814	HMDB	HMDB0005801_66_shen	Kaempferol	inchikey_connectivity_formula_mass	2	FALSE	TRUE	1.60002855409402e-09	4.00007138523506e-06
CPD1F-90	25815	HMDB	HMDB0005801_67_shen	Kaempferol	inchikey_connectivity_formula_mass	2	FALSE	TRUE	1.60002855409402e-09	4.00007138523506e-06
CPD1F-90	25816	HMDB	HMDB0005801_68_shen	Kaempferol	inchikey_connectivity_formula_mass	2	FALSE	TRUE	1.60002855409402e-09	4.00007138523506e-06
CPD1F-90	25817	HMDB	HMDB0005801_69_shen	Kaempferol	inchikey_connectivity_formula_mass	2	FALSE	TRUE	1.60002855409402e-09	4.00007138523506e-06
CPD1F-90	25818	HMDB	HMDB0005801_70_shen	Kaempferol	inchikey_connectivity_formula_mass	2	FALSE	TRUE	1.60002855409402e-09	4.00007138523506e-06
CPD1F-90	25819	HMDB	HMDB0005801_71_shen	Kaempferol	inchikey_connectivity_formula_mass	2	FALSE	TRUE	1.60002855409402e-09	4.00007138523506e-06
CPD1F-90	25820	HMDB	HMDB0005801_72_shen	Kaempferol	inchikey_connectivity_formula_mass	2	FALSE	TRUE	1.60002855409402e-09	4.00007138523506e-06
CPD1F-90	25821	HMDB	HMDB0005801_73_shen	Kaempferol	inchikey_connectivity_formula_mass	2	FALSE	TRUE	1.60002855409402e-09	4.00007138523506e-06
CPD1F-90	25822	HMDB	HMDB0005801_74_shen	Kaempferol	inchikey_connectivity_formula_mass	2	FALSE	TRUE	1.60002855409402e-09	4.00007138523506e-06
CPD1F-90	25823	HMDB	HMDB0005801_75_shen	Kaempferol	inchikey_connectivity_formula_mass	2	FALSE	TRUE	1.60002855409402e-09	4.00007138523506e-06
CPD1F-90	25824	HMDB	HMDB0005801_76_shen	Kaempferol	inchikey_connectivity_formula_mass	2	FALSE	TRUE	1.60002855409402e-09	4.00007138523506e-06
CPD1F-90	25825	HMDB	HMDB0005801_77_shen	Kaempferol	inchikey_connectivity_formula_mass	2	FALSE	TRUE	1.60002855409402e-09	4.00007138523506e-06
CPD1F-90	25826	HMDB	HMDB0005801_78_shen	Kaempferol	inchikey_connectivity_formula_mass	2	FALSE	TRUE	1.60002855409402e-09	4.00007138523506e-06
CPD1F-90	25827	HMDB	HMDB0005801_79_shen	Kaempferol	inchikey_connectivity_formula_mass	2	FALSE	TRUE	1.60002855409402e-09	4.00007138523506e-06
CPD1F-90	25828	HMDB	HMDB0005801_80_shen	Kaempferol	inchikey_connectivity_formula_mass	2	FALSE	TRUE	1.60002855409402e-09	4.00007138523506e-06
CPD1F-90	25829	HMDB	HMDB0005801_81_shen	Kaempferol	inchikey_connectivity_formula_mass	2	FALSE	TRUE	1.60002855409402e-09	4.00007138523506e-06
CPD1F-90	25830	HMDB	HMDB0005801_82_shen	Kaempferol	inchikey_connectivity_formula_mass	2	FALSE	TRUE	1.60002855409402e-09	4.00007138523506e-06
CPD1F-90	25831	HMDB	HMDB0005801_83_shen	Kaempferol	inchikey_connectivity_formula_mass	2	FALSE	TRUE	1.60002855409402e-09	4.00007138523506e-06
CPD1F-90	25832	HMDB	HMDB0005801_84_shen	Kaempferol	inchikey_connectivity_formula_mass	2	FALSE	TRUE	1.60002855409402e-09	4.00007138523506e-06
CPD1F-90	25833	HMDB	HMDB0005801_85_shen	Kaempferol	inchikey_connectivity_formula_mass	2	FALSE	TRUE	1.60002855409402e-09	4.00007138523506e-06
CPD1F-90	25834	HMDB	HMDB0005801_86_shen	Kaempferol	inchikey_connectivity_formula_mass	2	FALSE	TRUE	1.60002855409402e-09	4.00007138523506e-06
CPD1F-90	25835	HMDB	HMDB0005801_87_shen	Kaempferol	inchikey_connectivity_formula_mass	2	FALSE	TRUE	1.60002855409402e-09	4.00007138523506e-06
CPD1F-90	25836	HMDB	HMDB0005801_88_shen	Kaempferol	inchikey_connectivity_formula_mass	2	FALSE	TRUE	1.60002855409402e-09	4.00007138523506e-06
CPD1F-90	25837	HMDB	HMDB0005801_89_shen	Kaempferol	inchikey_connectivity_formula_mass	2	FALSE	TRUE	1.60002855409402e-09	4.00007138523506e-06
CPD1F-90	25838	HMDB	HMDB0005801_90_shen	Kaempferol	inchikey_connectivity_formula_mass	2	FALSE	TRUE	1.60002855409402e-09	4.00007138523506e-06
CPD1F-90	25839	HMDB	HMDB0005801_91_shen	Kaempferol	inchikey_connectivity_formula_mass	2	FALSE	TRUE	1.60002855409402e-09	4.00007138523506e-06
CPD1F-90	25840	HMDB	HMDB0005801_92_shen	Kaempferol	inchikey_connectivity_formula_mass	2	FALSE	TRUE	1.60002855409402e-09	4.00007138523506e-06
CPD1F-90	25841	HMDB	HMDB0005801_93_shen	Kaempferol	inchikey_connectivity_formula_mass	2	FALSE	TRUE	1.60002855409402e-09	4.00007138523506e-06
CPD1F-90	25842	HMDB	HMDB0005801_94_shen	Kaempferol	inchikey_connectivity_formula_mass	2	FALSE	TRUE	1.60002855409402e-09	4.00007138523506e-06
CPD1F-90	25843	HMDB	HMDB0005801_95_shen	Kaempferol	inchikey_connectivity_formula_mass	2	FALSE	TRUE	1.60002855409402e-09	4.00007138523506e-06
CPD1F-90	25844	HMDB	HMDB0005801_96_shen	Kaempferol	inchikey_connectivity_formula_mass	2	FALSE	TRUE	1.60002855409402e-09	4.00007138523506e-06
CPD1F-90	25845	HMDB	HMDB0005801_97_shen	Kaempferol	inchikey_connectivity_formula_mass	2	FALSE	TRUE	1.60002855409402e-09	4.00007138523506e-06
CPD1F-90	25846	HMDB	HMDB0005801_98_shen	Kaempferol	inchikey_connectivity_formula_mass	2	FALSE	TRUE	1.60002855409402e-09	4.00007138523506e-06
CPD1F-90	25847	HMDB	HMDB0005801_99_shen	Kaempferol	inchikey_connectivity_formula_mass	2	FALSE	TRUE	1.60002855409402e-09	4.00007138523506e-06
CPD1F-90	25848	HMDB	HMDB0005801_100_shen	Kaempferol	inchikey_connectivity_formula_mass	2	FALSE	TRUE	1.60002855409402e-09	4.00007138523506e-06
CPD1F-90	25849	HMDB	HMDB0005801_101_shen	Kaempferol	inchikey_connectivity_formula_mass	2	FALSE	TRUE	1.60002855409402e-09	4.00007138523506e-06
CPD1F-90	25850	HMDB	HMDB0005801_102_shen	Kaempferol	inchikey_connectivity_formula_mass	2	FALSE	TRUE	1.60002855409402e-09	4.00007138523506e-06
CPD1F-90	25851	HMDB	HMDB0005801_103_shen	Kaempferol	inchikey_connectivity_formula_mass	2	FALSE	TRUE	1.60002855409402e-09	4.00007138523506e-06
CPD1F-90	25852	HMDB	HMDB0005801_104_shen	Kaempferol	inchikey_connectivity_formula_mass	2	FALSE	TRUE	1.60002855409402e-09	4.00007138523506e-06
CPD1F-90	25853	HMDB	HMDB0005801_105_shen	Kaempferol	inchikey_connectivity_formula_mass	2	FALSE	TRUE	1.60002855409402e-09	4.00007138523506e-06
CPD1F-90	25854	HMDB	HMDB0005801_106_shen	Kaempferol	inchikey_connectivity_formula_mass	2	FALSE	TRUE	1.60002855409402e-09	4.00007138523506e-06
CPD1F-90	25855	HMDB	HMDB0005801_107_shen	Kaempferol	inchikey_connectivity_formula_mass	2	FALSE	TRUE	1.60002855409402e-09	4.00007138523506e-06
CPD1F-90	25856	HMDB	HMDB0005801_108_shen	Kaempferol	inchikey_connectivity_formula_mass	2	FALSE	TRUE	1.60002855409402e-09	4.00007138523506e-06
CPD1F-90	25857	HMDB	HMDB0005801_109_shen	Kaempferol	inchikey_connectivity_formula_mass	2	FALSE	TRUE	1.60002855409402e-09	4.00007138523506e-06
CPD1F-90	25858	HMDB	HMDB0005801_110_shen	Kaempferol	inchikey_connectivity_formula_mass	2	FALSE	TRUE	1.60002855409402e-09	4.00007138523506e-06
CPD1F-90	25859	HMDB	HMDB0005801_111_shen	Kaempferol	inchikey_connectivity_formula_mass	2	FALSE	TRUE	1.60002855409402e-09	4.00007138523506e-06
CPD1F-90	25860	HMDB	HMDB0005801_112_shen	Kaempferol	inchikey_connectivity_formula_mass	2	FALSE	TRUE	1.60002855409402e-09	4.00007138523506e-06
CPD1F-90	25861	HMDB	HMDB0005801_113_shen	Kaempferol	inchikey_connectivity_formula_mass	2	FALSE	TRUE	1.60002855409402e-09	4.00007138523506e-06
CPD1F-90	25862	HMDB	HMDB0005801_114_shen	Kaempferol	inchikey_connectivity_formula_mass	2	FALSE	TRUE	1.60002855409402e-09	4.00007138523506e-06
CPD1F-90	25863	HMDB	HMDB0005801_115_shen	Kaempferol	inchikey_connectivity_formula_mass	2	FALSE	TRUE	1.60002855409402e-09	4.00007138523506e-06
CPD1F-90	25864	HMDB	HMDB0005801_116_shen	Kaempferol	inchikey_connectivity_formula_mass	2	FALSE	TRUE	1.60002855409402e-09	4.00007138523506e-06
CPD1F-90	25865	HMDB	HMDB0005801_117_shen	Kaempferol	inchikey_connectivity_formula_mass	2	FALSE	TRUE	1.60002855409402e-09	4.00007138523506e-06
CPD1F-90	25866	HMDB	HMDB0005801_118_shen	Kaempferol	inchikey_connectivity_formula_mass	2	FALSE	TRUE	1.60002855409402e-09	4.00007138523506e-06
CPD1F-90	25867	HMDB	HMDB0005801_119_shen	Kaempferol	inchikey_connectivity_formula_mass	2	FALSE	TRUE	1.60002855409402e-09	4.00007138523506e-06
CPD1F-90	25868	HMDB	HMDB0005801_120_shen	Kaempferol	inchikey_connectivity_formula_mass	2	FALSE	TRUE	1.60002855409402e-09	4.00007138523506e-06
CPD1F-90	25869	HMDB	HMDB0005801_121_shen	Kaempferol	inchikey_connectivity_formula_mass	2	FALSE	TRUE	1.60002855409402e-09	4.00007138523506e-06
CPD1F-90	25870	HMDB	HMDB0005801_122_shen	Kaempferol	inchikey_connectivity_formula_mass	2	FALSE	TRUE	1.60002855409402e-09	4.00007138523506e-06
CPD1F-90	25871	HMDB	HMDB0005801_123_shen	Kaempferol	inchikey_connectivity_formula_mass	2	FALSE	TRUE	1.60002855409402e-09	4.00007138523506e-06
CPD1F-90	25872	HMDB	HMDB0005801_124_shen	Kaempferol	inchikey_connectivity_formula_mass	2	FALSE	TRUE	1.60002855409402e-09	4.00007138523506e-06
CPD1F-90	25873	HMDB	HMDB0005801_125_shen	Kaempferol	inchikey_connectivity_formula_mass	2	FALSE	TRUE	1.60002855409402e-09	4.00007138523506e-06
CPD1F-90	25874	HMDB	HMDB0005801_126_shen	Kaempferol	inchikey_connectivity_formula_mass	2	FALSE	TRUE	1.60002855409402e-09	4.00007138523506e-06
CPD1F-90	25875	HMDB	HMDB0005801_127_shen	Kaempferol	inchikey_connectivity_formula_mass	2	FALSE	TRUE	1.60002855409402e-09	4.00007138523506e-06
CPD1F-90	25876	HMDB	HMDB0005801_128_shen	Kaempferol	inchikey_connectivity_formula_mass	2	FALSE	TRUE	1.60002855409402e-09	4.00007138523506e-06
CPD1F-90	25877	HMDB	HMDB0005801_129_shen	Kaempferol	inchikey_connectivity_formula_mass	2	FALSE	TRUE	1.60002855409402e-09	4.00007138523506e-06
CPD1F-90	25878	HMDB	HMDB0005801_130_shen	Kaempferol	inchikey_connectivity_formula_mass	2	FALSE	TRUE	1.60002855409402e-09	4.00007138523506e-06
CPD1F-90	25879	HMDB	HMDB0005801_131_shen	Kaempferol	inchikey_connectivity_formula_mass	2	FALSE	TRUE	1.60002855409402e-09	4.00007138523506e-06
CPD1F-90	25880	HMDB	HMDB0005801_132_shen	Kaempferol	inchikey_connectivity_formula_mass	2	FALSE	TRUE	1.60002855409402e-09	4.00007138523506e-06
CPD1F-90	25881	HMDB	HMDB0005801_133_shen	Kaempferol	inchikey_connectivity_formula_mass	2	FALSE	TRUE	1.60002855409402e-09	4.00007138523506e-06
CPD1F-90	25882	HMDB	HMDB0005801_134_shen	Kaempferol	inchikey_connectivity_formula_mass	2	FALSE	TRUE	1.60002855409402e-09	4.00007138523506e-06
CPD1F-90	25883	HMDB	HMDB0005801_135_shen	Kaempferol	inchikey_connectivity_formula_mass	2	FALSE	TRUE	1.60002855409402e-09	4.00007138523506e-06
CPD1F-90	25884	HMDB	HMDB0005801_136_shen	Kaempferol	inchikey_connectivity_formula_mass	2	FALSE	TRUE	1.60002855409402e-09	4.00007138523506e-06
CPD1F-90	25885	HMDB	HMDB0005801_137_shen	Kaempferol	inchikey_connectivity_formula_mass	2	FALSE	TRUE	1.60002855409402e-09	4.00007138523506e-06
CPD1F-90	25886	HMDB	HMDB0005801_138_shen	Kaempferol	inchikey_connectivity_formula_mass	2	FALSE	TRUE	1.60002855409402e-09	4.00007138523506e-06
CPD1F-90	25887	HMDB	HMDB0005801_139_shen	Kaempferol	inchikey_connectivity_formula_mass	2	FALSE	TRUE	1.60002855409402e-09	4.00007138523506e-06
CPD1F-90	25888	HMDB	HMDB0005801_140_shen	Kaempferol	inchikey_connectivity_formula_mass	2	FALSE	TRUE	1.60002855409402e-09	4.00007138523506e-06
CPD1F-90	25889	HMDB	HMDB0005801_141_shen	Kaempferol	inchikey_connectivity_formula_mass	2	FALSE	TRUE	1.60002855409402e-09	4.00007138523506e-06
CPD1F-90	25890	HMDB	HMDB0005801_142_shen	Kaempferol	inchikey_connectivity_formula_mass	2	FALSE	TRUE	1.60002855409402e-09	4.00007138523506e-06
CPD1F-90	25891	HMDB	HMDB0005801_143_shen	Kaempferol	inchikey_connectivity_formula_mass	2	FALSE	TRUE	1.60002855409402e-09	4.00007138523506e-06
CPD1F-90	25892	HMDB	HMDB0005801_144_shen	Kaempferol	inchikey_connectivity_formula_mass	2	FALSE	TRUE	1.60002855409402e-09	4.00007138523506e-06
CPD1F-90	25893	HMDB	HMDB0005801_145_shen	Kaempferol	inchikey_connectivity_formula_mass	2	FALSE	TRUE	1.60002855409402e-09	4.00007138523506e-06
CPD1F-90	25894	HMDB	HMDB0005801_146_shen	Kaempferol	inchikey_connectivity_formula_mass	2	FALSE	TRUE	1.60002855409402e-09	4.00007138523506e-06
CPD1F-90	25895	HMDB	HMDB0005801_147_shen	Kaempferol	inchikey_connectivity_formula_mass	2	FALSE	TRUE	1.60002855409402e-09	4.00007138523506e-06
CPD1F-90	25896	HMDB	HMDB0005801_148_shen	Kaempferol	inchikey_connectivity_formula_mass	2	FALSE	TRUE	1.60002855409402e-09	4.00007138523506e-06
CPD1F-90	25897	HMDB	HMDB0005801_149_shen	Kaempferol	inchikey_connectivity_formula_mass	2	FALSE	TRUE	1.60002855409402e-09	4.00007138523506e-06
CPD1F-90	25898	HMDB	HMDB0005801_150_shen	Kaempferol	inchikey_connectivity_formula_mass	2	FALSE	TRUE	1.60002855409402e-09	4.00007138523506e-06
CPD1F-90	25899	HMDB	HMDB0005801_151_shen	Kaempferol	inchikey_connectivity_formula_mass	2	FALSE	TRUE	1.60002855409402e-09	4.00007138523506e-06
CPD1F-90	25900	HMDB	HMDB0005801_152_shen	Kaempferol	inchikey_connectivity_formula_mass	2	FALSE	TRUE	1.60002855409402e-09	4.00007138523506e-06
CPD1F-90	25901	HMDB	HMDB0005801_153_shen	Kaempferol	inchikey_connectivity_formula_mass	2	FALSE	TRUE	1.60002855409402e-09	4.00007138523506e-06
CPD1F-90	25902	HMDB	HMDB0005801_154_shen	Kaempferol	inchikey_connectivity_formula_mass	2	FALSE	TRUE	1.60002855409402e-09	4.00007138523506e-06
CPD1F-90	25903	HMDB	HMDB0005801_155_shen	Kaempferol	inchikey_connectivity_formula_mass	2	FALSE	TRUE	1.60002855409402e-09	4.00007138523506e-06
CPD1F-90	25904	HMDB	HMDB0005801_156_shen	Kaempferol	inchikey_connectivity_formula_mass	2	FALSE	TRUE	1.60002855409402e-09	4.00007138523506e-06
CPD1F-90	25905	HMDB	HMDB0005801_157_shen	Kaempferol	inchikey_connectivity_formula_mass	2	FALSE	TRUE	1.60002855409402e-09	4.00007138523506e-06
ISOEUGENOL	25906	HMDB	HMDB0005802_1_shen	Isoeugenol	inchikey	1	TRUE	TRUE	1.39999656312284e-09	3.4999914078071e-06
ISOEUGENOL	25907	HMDB	HMDB0005802_2_shen	Isoeugenol	inchikey	1	TRUE	TRUE	1.39999656312284e-09	3.4999914078071e-06
ISOEUGENOL	25908	HMDB	HMDB0005802_3_shen	Isoeugenol	inchikey	1	TRUE	TRUE	1.39999656312284e-09	3.4999914078071e-06
ISOEUGENOL	25909	HMDB	HMDB0005802_4_shen	Isoeugenol	inchikey	1	TRUE	TRUE	1.39999656312284e-09	3.4999914078071e-06
ISOEUGENOL	25910	HMDB	HMDB0005802_5_shen	Isoeugenol	inchikey	1	TRUE	TRUE	1.39999656312284e-09	3.4999914078071e-06
ISOEUGENOL	25911	HMDB	HMDB0005802_6_shen	Isoeugenol	inchikey	1	TRUE	TRUE	1.39999656312284e-09	3.4999914078071e-06
ISOEUGENOL	25912	HMDB	HMDB0005802_7_shen	Isoeugenol	inchikey	1	TRUE	TRUE	1.39999656312284e-09	3.4999914078071e-06
ISOEUGENOL	25913	HMDB	HMDB0005802_8_shen	Isoeugenol	inchikey	1	TRUE	TRUE	1.39999656312284e-09	3.4999914078071e-06
ISOEUGENOL	25914	HMDB	HMDB0005802_9_shen	Isoeugenol	inchikey	1	TRUE	TRUE	1.39999656312284e-09	3.4999914078071e-06
ISOEUGENOL	25915	HMDB	HMDB0005802_10_shen	Isoeugenol	inchikey	1	TRUE	TRUE	1.39999656312284e-09	3.4999914078071e-06
ISOEUGENOL	25916	HMDB	HMDB0005802_11_shen	Isoeugenol	inchikey	1	TRUE	TRUE	1.39999656312284e-09	3.4999914078071e-06
ISOEUGENOL	25917	HMDB	HMDB0005802_12_shen	Isoeugenol	inchikey	1	TRUE	TRUE	1.39999656312284e-09	3.4999914078071e-06
ISOEUGENOL	25918	HMDB	HMDB0005802_13_shen	Isoeugenol	inchikey	1	TRUE	TRUE	1.39999656312284e-09	3.4999914078071e-06
ISOEUGENOL	25919	HMDB	HMDB0005802_14_shen	Isoeugenol	inchikey	1	TRUE	TRUE	1.39999656312284e-09	3.4999914078071e-06
CPD-8736	25920	HMDB	HMDB0005806_1_shen	gamma-Terpinene	inchikey	1	TRUE	TRUE	1.39999656312284e-09	3.4999914078071e-06
CPD-8736	25921	HMDB	HMDB0005806_2_shen	gamma-Terpinene	inchikey	1	TRUE	TRUE	1.39999656312284e-09	3.4999914078071e-06
CPD-8736	25922	HMDB	HMDB0005806_3_shen	gamma-Terpinene	inchikey	1	TRUE	TRUE	1.39999656312284e-09	3.4999914078071e-06
CPD-8736	25923	HMDB	HMDB0005806_4_shen	gamma-Terpinene	inchikey	1	TRUE	TRUE	1.39999656312284e-09	3.4999914078071e-06
CPD-8736	25924	HMDB	HMDB0005806_5_shen	gamma-Terpinene	inchikey	1	TRUE	TRUE	1.39999656312284e-09	3.4999914078071e-06
CPD-8736	25925	HMDB	HMDB0005806_6_shen	gamma-Terpinene	inchikey	1	TRUE	TRUE	1.39999656312284e-09	3.4999914078071e-06
CPD-8736	25926	HMDB	HMDB0005806_7_shen	gamma-Terpinene	inchikey	1	TRUE	TRUE	1.39999656312284e-09	3.4999914078071e-06
CPD-8736	25927	HMDB	HMDB0005806_8_shen	gamma-Terpinene	inchikey	1	TRUE	TRUE	1.39999656312284e-09	3.4999914078071e-06
CPD-183	25928	HMDB	HMDB0005807_1_shen	Gallic acid	inchikey_connectivity_formula_mass	2	FALSE	TRUE	1.00999955066072e-08	2.52499887665181e-05
CPD-183	25929	HMDB	HMDB0005807_2_shen	Gallic acid	inchikey_connectivity_formula_mass	2	FALSE	TRUE	1.00999955066072e-08	2.52499887665181e-05
CPD-183	25930	HMDB	HMDB0005807_3_shen	Gallic acid	inchikey_connectivity_formula_mass	2	FALSE	TRUE	1.00999955066072e-08	2.52499887665181e-05
CPD-183	25931	HMDB	HMDB0005807_4_shen	Gallic acid	inchikey_connectivity_formula_mass	2	FALSE	TRUE	1.00999955066072e-08	2.52499887665181e-05
CPD-183	25932	HMDB	HMDB0005807_5_shen	Gallic acid	inchikey_connectivity_formula_mass	2	FALSE	TRUE	1.00999955066072e-08	2.52499887665181e-05
CPD-183	25933	HMDB	HMDB0005807_6_shen	Gallic acid	inchikey_connectivity_formula_mass	2	FALSE	TRUE	1.00999955066072e-08	2.52499887665181e-05
CPD-183	25934	HMDB	HMDB0005807_7_shen	Gallic acid	inchikey_connectivity_formula_mass	2	FALSE	TRUE	1.00999955066072e-08	2.52499887665181e-05
CPD-183	25935	HMDB	HMDB0005807_8_shen	Gallic acid	inchikey_connectivity_formula_mass	2	FALSE	TRUE	1.00999955066072e-08	2.52499887665181e-05
CPD-183	25936	HMDB	HMDB0005807_9_shen	Gallic acid	inchikey_connectivity_formula_mass	2	FALSE	TRUE	1.00999955066072e-08	2.52499887665181e-05
CPD-183	25937	HMDB	HMDB0005807_10_shen	Gallic acid	inchikey_connectivity_formula_mass	2	FALSE	TRUE	1.00999955066072e-08	2.52499887665181e-05
CPD-183	25938	HMDB	HMDB0005807_11_shen	Gallic acid	inchikey_connectivity_formula_mass	2	FALSE	TRUE	1.00999955066072e-08	2.52499887665181e-05
CPD-183	25939	HMDB	HMDB0005807_12_shen	Gallic acid	inchikey_connectivity_formula_mass	2	FALSE	TRUE	1.00999955066072e-08	2.52499887665181e-05
CPD-183	25940	HMDB	HMDB0005807_13_shen	Gallic acid	inchikey_connectivity_formula_mass	2	FALSE	TRUE	1.00999955066072e-08	2.52499887665181e-05
CPD-183	25941	HMDB	HMDB0005807_14_shen	Gallic acid	inchikey_connectivity_formula_mass	2	FALSE	TRUE	1.00999955066072e-08	2.52499887665181e-05
CPD-183	25942	HMDB	HMDB0005807_15_shen	Gallic acid	inchikey_connectivity_formula_mass	2	FALSE	TRUE	1.00999955066072e-08	2.52499887665181e-05
CPD-183	25943	HMDB	HMDB0005807_16_shen	Gallic acid	inchikey_connectivity_formula_mass	2	FALSE	TRUE	1.00999955066072e-08	2.52499887665181e-05
CPD-183	25944	HMDB	HMDB0005807_17_shen	Gallic acid	inchikey_connectivity_formula_mass	2	FALSE	TRUE	1.00999955066072e-08	2.52499887665181e-05
CPD-183	25945	HMDB	HMDB0005807_18_shen	Gallic acid	inchikey_connectivity_formula_mass	2	FALSE	TRUE	1.00999955066072e-08	2.52499887665181e-05
CPD-183	25946	HMDB	HMDB0005807_19_shen	Gallic acid	inchikey_connectivity_formula_mass	2	FALSE	TRUE	1.00999955066072e-08	2.52499887665181e-05
CPD-183	25947	HMDB	HMDB0005807_20_shen	Gallic acid	inchikey_connectivity_formula_mass	2	FALSE	TRUE	1.00999955066072e-08	2.52499887665181e-05
CPD-183	25948	HMDB	HMDB0005807_21_shen	Gallic acid	inchikey_connectivity_formula_mass	2	FALSE	TRUE	1.00999955066072e-08	2.52499887665181e-05
CPD-183	25949	HMDB	HMDB0005807_22_shen	Gallic acid	inchikey_connectivity_formula_mass	2	FALSE	TRUE	1.00999955066072e-08	2.52499887665181e-05
CPD-183	25950	HMDB	HMDB0005807_23_shen	Gallic acid	inchikey_connectivity_formula_mass	2	FALSE	TRUE	1.00999955066072e-08	2.52499887665181e-05
CPD-183	25951	HMDB	HMDB0005807_24_shen	Gallic acid	inchikey_connectivity_formula_mass	2	FALSE	TRUE	1.00999955066072e-08	2.52499887665181e-05
CPD-183	25952	HMDB	HMDB0005807_25_shen	Gallic acid	inchikey_connectivity_formula_mass	2	FALSE	TRUE	1.00999955066072e-08	2.52499887665181e-05
CPD-183	25953	HMDB	HMDB0005807_26_shen	Gallic acid	inchikey_connectivity_formula_mass	2	FALSE	TRUE	1.00999955066072e-08	2.52499887665181e-05
CPD-183	25954	HMDB	HMDB0005807_27_shen	Gallic acid	inchikey_connectivity_formula_mass	2	FALSE	TRUE	1.00999955066072e-08	2.52499887665181e-05
CPD-183	25955	HMDB	HMDB0005807_28_shen	Gallic acid	inchikey_connectivity_formula_mass	2	FALSE	TRUE	1.00999955066072e-08	2.52499887665181e-05
CPD-183	25956	HMDB	HMDB0005807_29_shen	Gallic acid	inchikey_connectivity_formula_mass	2	FALSE	TRUE	1.00999955066072e-08	2.52499887665181e-05
CPD-183	25957	HMDB	HMDB0005807_30_shen	Gallic acid	inchikey_connectivity_formula_mass	2	FALSE	TRUE	1.00999955066072e-08	2.52499887665181e-05
CPD-183	25958	HMDB	HMDB0005807_31_shen	Gallic acid	inchikey_connectivity_formula_mass	2	FALSE	TRUE	1.00999955066072e-08	2.52499887665181e-05
CPD-183	25959	HMDB	HMDB0005807_32_shen	Gallic acid	inchikey_connectivity_formula_mass	2	FALSE	TRUE	1.00999955066072e-08	2.52499887665181e-05
CPD-183	25960	HMDB	HMDB0005807_33_shen	Gallic acid	inchikey_connectivity_formula_mass	2	FALSE	TRUE	1.00999955066072e-08	2.52499887665181e-05
CPD-183	25961	HMDB	HMDB0005807_34_shen	Gallic acid	inchikey_connectivity_formula_mass	2	FALSE	TRUE	1.00999955066072e-08	2.52499887665181e-05
CPD-183	25962	HMDB	HMDB0005807_35_shen	Gallic acid	inchikey_connectivity_formula_mass	2	FALSE	TRUE	1.00999955066072e-08	2.52499887665181e-05
CPD-183	25963	HMDB	HMDB0005807_36_shen	Gallic acid	inchikey_connectivity_formula_mass	2	FALSE	TRUE	1.00999955066072e-08	2.52499887665181e-05
CPD-183	25964	HMDB	HMDB0005807_37_shen	Gallic acid	inchikey_connectivity_formula_mass	2	FALSE	TRUE	1.00999955066072e-08	2.52499887665181e-05
CPD-183	25965	HMDB	HMDB0005807_38_shen	Gallic acid	inchikey_connectivity_formula_mass	2	FALSE	TRUE	1.00999955066072e-08	2.52499887665181e-05
CPD-183	25966	HMDB	HMDB0005807_39_shen	Gallic acid	inchikey_connectivity_formula_mass	2	FALSE	TRUE	1.00999955066072e-08	2.52499887665181e-05
CPD-183	25967	HMDB	HMDB0005807_40_shen	Gallic acid	inchikey_connectivity_formula_mass	2	FALSE	TRUE	1.00999955066072e-08	2.52499887665181e-05
CPD-183	25968	HMDB	HMDB0005807_41_shen	Gallic acid	inchikey_connectivity_formula_mass	2	FALSE	TRUE	1.00999955066072e-08	2.52499887665181e-05
CPD-183	25969	HMDB	HMDB0005807_42_shen	Gallic acid	inchikey_connectivity_formula_mass	2	FALSE	TRUE	1.00999955066072e-08	2.52499887665181e-05
CPD-183	25970	HMDB	HMDB0005807_43_shen	Gallic acid	inchikey_connectivity_formula_mass	2	FALSE	TRUE	1.00999955066072e-08	2.52499887665181e-05
CPD-183	25971	HMDB	HMDB0005807_44_shen	Gallic acid	inchikey_connectivity_formula_mass	2	FALSE	TRUE	1.00999955066072e-08	2.52499887665181e-05
CPD-183	25972	HMDB	HMDB0005807_45_shen	Gallic acid	inchikey_connectivity_formula_mass	2	FALSE	TRUE	1.00999955066072e-08	2.52499887665181e-05
CPD-183	25973	HMDB	HMDB0005807_46_shen	Gallic acid	inchikey_connectivity_formula_mass	2	FALSE	TRUE	1.00999955066072e-08	2.52499887665181e-05
CPD-183	25974	HMDB	HMDB0005807_47_shen	Gallic acid	inchikey_connectivity_formula_mass	2	FALSE	TRUE	1.00999955066072e-08	2.52499887665181e-05
CPD-183	25975	HMDB	HMDB0005807_48_shen	Gallic acid	inchikey_connectivity_formula_mass	2	FALSE	TRUE	1.00999955066072e-08	2.52499887665181e-05
CPD-183	25976	HMDB	HMDB0005807_49_shen	Gallic acid	inchikey_connectivity_formula_mass	2	FALSE	TRUE	1.00999955066072e-08	2.52499887665181e-05
CPD-183	25977	HMDB	HMDB0005807_50_shen	Gallic acid	inchikey_connectivity_formula_mass	2	FALSE	TRUE	1.00999955066072e-08	2.52499887665181e-05
CPD-183	25978	HMDB	HMDB0005807_51_shen	Gallic acid	inchikey_connectivity_formula_mass	2	FALSE	TRUE	1.00999955066072e-08	2.52499887665181e-05
FORMONONETIN	25979	HMDB	HMDB0005808_1_shen	Formononetin	inchikey	1	TRUE	TRUE	7.60002194510889e-09	1.90000548627722e-05
FORMONONETIN	25980	HMDB	HMDB0005808_2_shen	Formononetin	inchikey	1	TRUE	TRUE	7.60002194510889e-09	1.90000548627722e-05
FORMONONETIN	25981	HMDB	HMDB0005808_3_shen	Formononetin	inchikey	1	TRUE	TRUE	7.60002194510889e-09	1.90000548627722e-05
FORMONONETIN	25982	HMDB	HMDB0005808_4_shen	Formononetin	inchikey	1	TRUE	TRUE	7.60002194510889e-09	1.90000548627722e-05
FORMONONETIN	25983	HMDB	HMDB0005808_5_shen	Formononetin	inchikey	1	TRUE	TRUE	7.60002194510889e-09	1.90000548627722e-05
FORMONONETIN	25984	HMDB	HMDB0005808_6_shen	Formononetin	inchikey	1	TRUE	TRUE	7.60002194510889e-09	1.90000548627722e-05
FORMONONETIN	25985	HMDB	HMDB0005808_7_shen	Formononetin	inchikey	1	TRUE	TRUE	7.60002194510889e-09	1.90000548627722e-05
FORMONONETIN	25986	HMDB	HMDB0005808_8_shen	Formononetin	inchikey	1	TRUE	TRUE	7.60002194510889e-09	1.90000548627722e-05
FORMONONETIN	25987	HMDB	HMDB0005808_9_shen	Formononetin	inchikey	1	TRUE	TRUE	7.60002194510889e-09	1.90000548627722e-05
FORMONONETIN	25988	HMDB	HMDB0005808_10_shen	Formononetin	inchikey	1	TRUE	TRUE	7.60002194510889e-09	1.90000548627722e-05
FORMONONETIN	25989	HMDB	HMDB0005808_11_shen	Formononetin	inchikey	1	TRUE	TRUE	7.60002194510889e-09	1.90000548627722e-05
FORMONONETIN	25990	HMDB	HMDB0005808_12_shen	Formononetin	inchikey	1	TRUE	TRUE	7.60002194510889e-09	1.90000548627722e-05
FORMONONETIN	25991	HMDB	HMDB0005808_13_shen	Formononetin	inchikey	1	TRUE	TRUE	7.60002194510889e-09	1.90000548627722e-05
FORMONONETIN	25992	HMDB	HMDB0005808_14_shen	Formononetin	inchikey	1	TRUE	TRUE	7.60002194510889e-09	1.90000548627722e-05
FORMONONETIN	25993	HMDB	HMDB0005808_15_shen	Formononetin	inchikey	1	TRUE	TRUE	7.60002194510889e-09	1.90000548627722e-05
FORMONONETIN	25994	HMDB	HMDB0005808_16_shen	Formononetin	inchikey	1	TRUE	TRUE	7.60002194510889e-09	1.90000548627722e-05
FORMONONETIN	25995	HMDB	HMDB0005808_17_shen	Formononetin	inchikey	1	TRUE	TRUE	7.60002194510889e-09	1.90000548627722e-05
FORMONONETIN	25996	HMDB	HMDB0005808_18_shen	Formononetin	inchikey	1	TRUE	TRUE	7.60002194510889e-09	1.90000548627722e-05
FORMONONETIN	25997	HMDB	HMDB0005808_19_shen	Formononetin	inchikey	1	TRUE	TRUE	7.60002194510889e-09	1.90000548627722e-05
FORMONONETIN	25998	HMDB	HMDB0005808_20_shen	Formononetin	inchikey	1	TRUE	TRUE	7.60002194510889e-09	1.90000548627722e-05
FORMONONETIN	25999	HMDB	HMDB0005808_21_shen	Formononetin	inchikey	1	TRUE	TRUE	7.60002194510889e-09	1.90000548627722e-05
FORMONONETIN	26000	HMDB	HMDB0005808_22_shen	Formononetin	inchikey	1	TRUE	TRUE	7.60002194510889e-09	1.90000548627722e-05
FORMONONETIN	26001	HMDB	HMDB0005808_23_shen	Formononetin	inchikey	1	TRUE	TRUE	7.60002194510889e-09	1.90000548627722e-05
FORMONONETIN	26002	HMDB	HMDB0005808_24_shen	Formononetin	inchikey	1	TRUE	TRUE	7.60002194510889e-09	1.90000548627722e-05
FORMONONETIN	26003	HMDB	HMDB0005808_25_shen	Formononetin	inchikey	1	TRUE	TRUE	7.60002194510889e-09	1.90000548627722e-05
FORMONONETIN	26004	HMDB	HMDB0005808_26_shen	Formononetin	inchikey	1	TRUE	TRUE	7.60002194510889e-09	1.90000548627722e-05
FORMONONETIN	26005	HMDB	HMDB0005808_27_shen	Formononetin	inchikey	1	TRUE	TRUE	7.60002194510889e-09	1.90000548627722e-05
FORMONONETIN	26006	HMDB	HMDB0005808_28_shen	Formononetin	inchikey	1	TRUE	TRUE	7.60002194510889e-09	1.90000548627722e-05
FORMONONETIN	26007	HMDB	HMDB0005808_29_shen	Formononetin	inchikey	1	TRUE	TRUE	7.60002194510889e-09	1.90000548627722e-05
FORMONONETIN	26008	HMDB	HMDB0005808_30_shen	Formononetin	inchikey	1	TRUE	TRUE	7.60002194510889e-09	1.90000548627722e-05
FORMONONETIN	26009	HMDB	HMDB0005808_31_shen	Formononetin	inchikey	1	TRUE	TRUE	7.60002194510889e-09	1.90000548627722e-05
FORMONONETIN	26010	HMDB	HMDB0005808_32_shen	Formononetin	inchikey	1	TRUE	TRUE	7.60002194510889e-09	1.90000548627722e-05
FORMONONETIN	26011	HMDB	HMDB0005808_33_shen	Formononetin	inchikey	1	TRUE	TRUE	7.60002194510889e-09	1.90000548627722e-05
FORMONONETIN	26012	HMDB	HMDB0005808_34_shen	Formononetin	inchikey	1	TRUE	TRUE	7.60002194510889e-09	1.90000548627722e-05
FORMONONETIN	26013	HMDB	HMDB0005808_35_shen	Formononetin	inchikey	1	TRUE	TRUE	7.60002194510889e-09	1.90000548627722e-05
FORMONONETIN	26014	HMDB	HMDB0005808_36_shen	Formononetin	inchikey	1	TRUE	TRUE	7.60002194510889e-09	1.90000548627722e-05
FORMONONETIN	26015	HMDB	HMDB0005808_37_shen	Formononetin	inchikey	1	TRUE	TRUE	7.60002194510889e-09	1.90000548627722e-05
FORMONONETIN	26016	HMDB	HMDB0005808_38_shen	Formononetin	inchikey	1	TRUE	TRUE	7.60002194510889e-09	1.90000548627722e-05
FORMONONETIN	26017	HMDB	HMDB0005808_39_shen	Formononetin	inchikey	1	TRUE	TRUE	7.60002194510889e-09	1.90000548627722e-05
FORMONONETIN	26018	HMDB	HMDB0005808_40_shen	Formononetin	inchikey	1	TRUE	TRUE	7.60002194510889e-09	1.90000548627722e-05
FORMONONETIN	26019	HMDB	HMDB0005808_41_shen	Formononetin	inchikey	1	TRUE	TRUE	7.60002194510889e-09	1.90000548627722e-05
FORMONONETIN	26020	HMDB	HMDB0005808_42_shen	Formononetin	inchikey	1	TRUE	TRUE	7.60002194510889e-09	1.90000548627722e-05
FORMONONETIN	26021	HMDB	HMDB0005808_43_shen	Formononetin	inchikey	1	TRUE	TRUE	7.60002194510889e-09	1.90000548627722e-05
FORMONONETIN	26022	HMDB	HMDB0005808_44_shen	Formononetin	inchikey	1	TRUE	TRUE	7.60002194510889e-09	1.90000548627722e-05
FORMONONETIN	26023	HMDB	HMDB0005808_45_shen	Formononetin	inchikey	1	TRUE	TRUE	7.60002194510889e-09	1.90000548627722e-05
FORMONONETIN	26024	HMDB	HMDB0005808_46_shen	Formononetin	inchikey	1	TRUE	TRUE	7.60002194510889e-09	1.90000548627722e-05
FORMONONETIN	26025	HMDB	HMDB0005808_47_shen	Formononetin	inchikey	1	TRUE	TRUE	7.60002194510889e-09	1.90000548627722e-05
FORMONONETIN	26026	HMDB	HMDB0005808_48_shen	Formononetin	inchikey	1	TRUE	TRUE	7.60002194510889e-09	1.90000548627722e-05
FORMONONETIN	26027	HMDB	HMDB0005808_49_shen	Formononetin	inchikey	1	TRUE	TRUE	7.60002194510889e-09	1.90000548627722e-05
FORMONONETIN	26028	HMDB	HMDB0005808_50_shen	Formononetin	inchikey	1	TRUE	TRUE	7.60002194510889e-09	1.90000548627722e-05
FORMONONETIN	26029	HMDB	HMDB0005808_51_shen	Formononetin	inchikey	1	TRUE	TRUE	7.60002194510889e-09	1.90000548627722e-05
FORMONONETIN	26030	HMDB	HMDB0005808_52_shen	Formononetin	inchikey	1	TRUE	TRUE	7.60002194510889e-09	1.90000548627722e-05
FORMONONETIN	26031	HMDB	HMDB0005808_53_shen	Formononetin	inchikey	1	TRUE	TRUE	7.60002194510889e-09	1.90000548627722e-05
FORMONONETIN	26032	HMDB	HMDB0005808_54_shen	Formononetin	inchikey	1	TRUE	TRUE	7.60002194510889e-09	1.90000548627722e-05
FORMONONETIN	26033	HMDB	HMDB0005808_55_shen	Formononetin	inchikey	1	TRUE	TRUE	7.60002194510889e-09	1.90000548627722e-05
FORMONONETIN	26034	HMDB	HMDB0005808_56_shen	Formononetin	inchikey	1	TRUE	TRUE	7.60002194510889e-09	1.90000548627722e-05
FORMONONETIN	26035	HMDB	HMDB0005808_57_shen	Formononetin	inchikey	1	TRUE	TRUE	7.60002194510889e-09	1.90000548627722e-05
FORMONONETIN	26036	HMDB	HMDB0005808_58_shen	Formononetin	inchikey	1	TRUE	TRUE	7.60002194510889e-09	1.90000548627722e-05
FORMONONETIN	26037	HMDB	HMDB0005808_59_shen	Formononetin	inchikey	1	TRUE	TRUE	7.60002194510889e-09	1.90000548627722e-05
FORMONONETIN	26038	HMDB	HMDB0005808_60_shen	Formononetin	inchikey	1	TRUE	TRUE	7.60002194510889e-09	1.90000548627722e-05
FORMONONETIN	26039	HMDB	HMDB0005808_61_shen	Formononetin	inchikey	1	TRUE	TRUE	7.60002194510889e-09	1.90000548627722e-05
FORMONONETIN	26040	HMDB	HMDB0005808_62_shen	Formononetin	inchikey	1	TRUE	TRUE	7.60002194510889e-09	1.90000548627722e-05
FORMONONETIN	26041	HMDB	HMDB0005808_63_shen	Formononetin	inchikey	1	TRUE	TRUE	7.60002194510889e-09	1.90000548627722e-05
FORMONONETIN	26042	HMDB	HMDB0005808_64_shen	Formononetin	inchikey	1	TRUE	TRUE	7.60002194510889e-09	1.90000548627722e-05
FORMONONETIN	26043	HMDB	HMDB0005808_65_shen	Formononetin	inchikey	1	TRUE	TRUE	7.60002194510889e-09	1.90000548627722e-05
FORMONONETIN	26044	HMDB	HMDB0005808_66_shen	Formononetin	inchikey	1	TRUE	TRUE	7.60002194510889e-09	1.90000548627722e-05
FORMONONETIN	26045	HMDB	HMDB0005808_67_shen	Formononetin	inchikey	1	TRUE	TRUE	7.60002194510889e-09	1.90000548627722e-05
FORMONONETIN	26046	HMDB	HMDB0005808_68_shen	Formononetin	inchikey	1	TRUE	TRUE	7.60002194510889e-09	1.90000548627722e-05
FORMONONETIN	26047	HMDB	HMDB0005808_69_shen	Formononetin	inchikey	1	TRUE	TRUE	7.60002194510889e-09	1.90000548627722e-05
FORMONONETIN	26048	HMDB	HMDB0005808_70_shen	Formononetin	inchikey	1	TRUE	TRUE	7.60002194510889e-09	1.90000548627722e-05
FORMONONETIN	26049	HMDB	HMDB0005808_71_shen	Formononetin	inchikey	1	TRUE	TRUE	7.60002194510889e-09	1.90000548627722e-05
FORMONONETIN	26050	HMDB	HMDB0005808_72_shen	Formononetin	inchikey	1	TRUE	TRUE	7.60002194510889e-09	1.90000548627722e-05
FORMONONETIN	26051	HMDB	HMDB0005808_73_shen	Formononetin	inchikey	1	TRUE	TRUE	7.60002194510889e-09	1.90000548627722e-05
FORMONONETIN	26052	HMDB	HMDB0005808_74_shen	Formononetin	inchikey	1	TRUE	TRUE	7.60002194510889e-09	1.90000548627722e-05
FORMONONETIN	26053	HMDB	HMDB0005808_75_shen	Formononetin	inchikey	1	TRUE	TRUE	7.60002194510889e-09	1.90000548627722e-05
FORMONONETIN	26054	HMDB	HMDB0005808_76_shen	Formononetin	inchikey	1	TRUE	TRUE	7.60002194510889e-09	1.90000548627722e-05
FORMONONETIN	26055	HMDB	HMDB0005808_77_shen	Formononetin	inchikey	1	TRUE	TRUE	7.60002194510889e-09	1.90000548627722e-05
FORMONONETIN	26056	HMDB	HMDB0005808_78_shen	Formononetin	inchikey	1	TRUE	TRUE	7.60002194510889e-09	1.90000548627722e-05
FORMONONETIN	26057	HMDB	HMDB0005808_79_shen	Formononetin	inchikey	1	TRUE	TRUE	7.60002194510889e-09	1.90000548627722e-05
FORMONONETIN	26058	HMDB	HMDB0005808_80_shen	Formononetin	inchikey	1	TRUE	TRUE	7.60002194510889e-09	1.90000548627722e-05
FORMONONETIN	26059	HMDB	HMDB0005808_81_shen	Formononetin	inchikey	1	TRUE	TRUE	7.60002194510889e-09	1.90000548627722e-05
FORMONONETIN	26060	HMDB	HMDB0005808_82_shen	Formononetin	inchikey	1	TRUE	TRUE	7.60002194510889e-09	1.90000548627722e-05
FORMONONETIN	26061	HMDB	HMDB0005808_83_shen	Formononetin	inchikey	1	TRUE	TRUE	7.60002194510889e-09	1.90000548627722e-05
FORMONONETIN	26062	HMDB	HMDB0005808_84_shen	Formononetin	inchikey	1	TRUE	TRUE	7.60002194510889e-09	1.90000548627722e-05
FORMONONETIN	26063	HMDB	HMDB0005808_85_shen	Formononetin	inchikey	1	TRUE	TRUE	7.60002194510889e-09	1.90000548627722e-05
FORMONONETIN	26064	HMDB	HMDB0005808_86_shen	Formononetin	inchikey	1	TRUE	TRUE	7.60002194510889e-09	1.90000548627722e-05
FORMONONETIN	26065	HMDB	HMDB0005808_87_shen	Formononetin	inchikey	1	TRUE	TRUE	7.60002194510889e-09	1.90000548627722e-05
FORMONONETIN	26066	HMDB	HMDB0005808_88_shen	Formononetin	inchikey	1	TRUE	TRUE	7.60002194510889e-09	1.90000548627722e-05
FORMONONETIN	26067	HMDB	HMDB0005808_89_shen	Formononetin	inchikey	1	TRUE	TRUE	7.60002194510889e-09	1.90000548627722e-05
FORMONONETIN	26068	HMDB	HMDB0005808_90_shen	Formononetin	inchikey	1	TRUE	TRUE	7.60002194510889e-09	1.90000548627722e-05
FORMONONETIN	26069	HMDB	HMDB0005808_91_shen	Formononetin	inchikey	1	TRUE	TRUE	7.60002194510889e-09	1.90000548627722e-05
FORMONONETIN	26070	HMDB	HMDB0005808_92_shen	Formononetin	inchikey	1	TRUE	TRUE	7.60002194510889e-09	1.90000548627722e-05
FORMONONETIN	26071	HMDB	HMDB0005808_93_shen	Formononetin	inchikey	1	TRUE	TRUE	7.60002194510889e-09	1.90000548627722e-05
FORMONONETIN	26072	HMDB	HMDB0005808_94_shen	Formononetin	inchikey	1	TRUE	TRUE	7.60002194510889e-09	1.90000548627722e-05
FORMONONETIN	26073	HMDB	HMDB0005808_95_shen	Formononetin	inchikey	1	TRUE	TRUE	7.60002194510889e-09	1.90000548627722e-05
FORMONONETIN	26074	HMDB	HMDB0005808_96_shen	Formononetin	inchikey	1	TRUE	TRUE	7.60002194510889e-09	1.90000548627722e-05
FORMONONETIN	26075	HMDB	HMDB0005808_97_shen	Formononetin	inchikey	1	TRUE	TRUE	7.60002194510889e-09	1.90000548627722e-05
FORMONONETIN	26076	HMDB	HMDB0005808_98_shen	Formononetin	inchikey	1	TRUE	TRUE	7.60002194510889e-09	1.90000548627722e-05
FORMONONETIN	26077	HMDB	HMDB0005808_99_shen	Formononetin	inchikey	1	TRUE	TRUE	7.60002194510889e-09	1.90000548627722e-05
FORMONONETIN	26078	HMDB	HMDB0005808_100_shen	Formononetin	inchikey	1	TRUE	TRUE	7.60002194510889e-09	1.90000548627722e-05
FORMONONETIN	26079	HMDB	HMDB0005808_101_shen	Formononetin	inchikey	1	TRUE	TRUE	7.60002194510889e-09	1.90000548627722e-05
FORMONONETIN	26080	HMDB	HMDB0005808_102_shen	Formononetin	inchikey	1	TRUE	TRUE	7.60002194510889e-09	1.90000548627722e-05
FORMONONETIN	26081	HMDB	HMDB0005808_103_shen	Formononetin	inchikey	1	TRUE	TRUE	7.60002194510889e-09	1.90000548627722e-05
FORMONONETIN	26082	HMDB	HMDB0005808_104_shen	Formononetin	inchikey	1	TRUE	TRUE	7.60002194510889e-09	1.90000548627722e-05
FORMONONETIN	26083	HMDB	HMDB0005808_105_shen	Formononetin	inchikey	1	TRUE	TRUE	7.60002194510889e-09	1.90000548627722e-05
FORMONONETIN	26084	HMDB	HMDB0005808_106_shen	Formononetin	inchikey	1	TRUE	TRUE	7.60002194510889e-09	1.90000548627722e-05
FORMONONETIN	26085	HMDB	HMDB0005808_107_shen	Formononetin	inchikey	1	TRUE	TRUE	7.60002194510889e-09	1.90000548627722e-05
FORMONONETIN	26086	HMDB	HMDB0005808_108_shen	Formononetin	inchikey	1	TRUE	TRUE	7.60002194510889e-09	1.90000548627722e-05
FORMONONETIN	26087	HMDB	HMDB0005808_109_shen	Formononetin	inchikey	1	TRUE	TRUE	7.60002194510889e-09	1.90000548627722e-05
FORMONONETIN	26088	HMDB	HMDB0005808_110_shen	Formononetin	inchikey	1	TRUE	TRUE	7.60002194510889e-09	1.90000548627722e-05
CPD-6481	26089	HMDB	HMDB0005809_1_shen	Eugenol	inchikey	1	TRUE	TRUE	1.39999656312284e-09	3.4999914078071e-06
CPD-6481	26090	HMDB	HMDB0005809_2_shen	Eugenol	inchikey	1	TRUE	TRUE	1.39999656312284e-09	3.4999914078071e-06
CPD-6481	26091	HMDB	HMDB0005809_3_shen	Eugenol	inchikey	1	TRUE	TRUE	1.39999656312284e-09	3.4999914078071e-06
CPD-6481	26092	HMDB	HMDB0005809_4_shen	Eugenol	inchikey	1	TRUE	TRUE	1.39999656312284e-09	3.4999914078071e-06
CPD-6481	26093	HMDB	HMDB0005809_5_shen	Eugenol	inchikey	1	TRUE	TRUE	1.39999656312284e-09	3.4999914078071e-06
CPD-6481	26094	HMDB	HMDB0005809_6_shen	Eugenol	inchikey	1	TRUE	TRUE	1.39999656312284e-09	3.4999914078071e-06
CPD-6481	26095	HMDB	HMDB0005809_7_shen	Eugenol	inchikey	1	TRUE	TRUE	1.39999656312284e-09	3.4999914078071e-06
CPD-6481	26096	HMDB	HMDB0005809_8_shen	Eugenol	inchikey	1	TRUE	TRUE	1.39999656312284e-09	3.4999914078071e-06
CPD-6481	26097	HMDB	HMDB0005809_9_shen	Eugenol	inchikey	1	TRUE	TRUE	1.39999656312284e-09	3.4999914078071e-06
CPD-6481	26098	HMDB	HMDB0005809_10_shen	Eugenol	inchikey	1	TRUE	TRUE	1.39999656312284e-09	3.4999914078071e-06
CPD-6481	26099	HMDB	HMDB0005809_11_shen	Eugenol	inchikey	1	TRUE	TRUE	1.39999656312284e-09	3.4999914078071e-06
CPD-6481	26100	HMDB	HMDB0005809_12_shen	Eugenol	inchikey	1	TRUE	TRUE	1.39999656312284e-09	3.4999914078071e-06
CPD-6481	26101	HMDB	HMDB0005809_13_shen	Eugenol	inchikey	1	TRUE	TRUE	1.39999656312284e-09	3.4999914078071e-06
CPD-6994	26102	HMDB	HMDB0005810_1_shen	Eriodictyol	inchikey_connectivity_formula_mass	2	FALSE	TRUE	1.80000370164635e-09	4.50000925411587e-06
CPD-6994	26103	HMDB	HMDB0005810_2_shen	Eriodictyol	inchikey_connectivity_formula_mass	2	FALSE	TRUE	1.80000370164635e-09	4.50000925411587e-06
CPD-6994	26104	HMDB	HMDB0005810_3_shen	Eriodictyol	inchikey_connectivity_formula_mass	2	FALSE	TRUE	1.80000370164635e-09	4.50000925411587e-06
CPD-6994	26105	HMDB	HMDB0005810_4_shen	Eriodictyol	inchikey_connectivity_formula_mass	2	FALSE	TRUE	1.80000370164635e-09	4.50000925411587e-06
CPD-6994	26106	HMDB	HMDB0005810_5_shen	Eriodictyol	inchikey_connectivity_formula_mass	2	FALSE	TRUE	1.80000370164635e-09	4.50000925411587e-06
CPD-6994	26107	HMDB	HMDB0005810_6_shen	Eriodictyol	inchikey_connectivity_formula_mass	2	FALSE	TRUE	1.80000370164635e-09	4.50000925411587e-06
CPD-6994	26108	HMDB	HMDB0005810_7_shen	Eriodictyol	inchikey_connectivity_formula_mass	2	FALSE	TRUE	1.80000370164635e-09	4.50000925411587e-06
CPD-6994	26109	HMDB	HMDB0005810_8_shen	Eriodictyol	inchikey_connectivity_formula_mass	2	FALSE	TRUE	1.80000370164635e-09	4.50000925411587e-06
CPD-6994	26110	HMDB	HMDB0005810_9_shen	Eriodictyol	inchikey_connectivity_formula_mass	2	FALSE	TRUE	1.80000370164635e-09	4.50000925411587e-06
CPD-6994	26111	HMDB	HMDB0005810_10_shen	Eriodictyol	inchikey_connectivity_formula_mass	2	FALSE	TRUE	1.80000370164635e-09	4.50000925411587e-06
CPD-6994	26112	HMDB	HMDB0005810_11_shen	Eriodictyol	inchikey_connectivity_formula_mass	2	FALSE	TRUE	1.80000370164635e-09	4.50000925411587e-06
CPD-6994	26113	HMDB	HMDB0005810_12_shen	Eriodictyol	inchikey_connectivity_formula_mass	2	FALSE	TRUE	1.80000370164635e-09	4.50000925411587e-06
CPD-6994	26114	HMDB	HMDB0005810_13_shen	Eriodictyol	inchikey_connectivity_formula_mass	2	FALSE	TRUE	1.80000370164635e-09	4.50000925411587e-06
CPD-6994	26115	HMDB	HMDB0005810_14_shen	Eriodictyol	inchikey_connectivity_formula_mass	2	FALSE	TRUE	1.80000370164635e-09	4.50000925411587e-06
CPD-6994	26116	HMDB	HMDB0005810_15_shen	Eriodictyol	inchikey_connectivity_formula_mass	2	FALSE	TRUE	1.80000370164635e-09	4.50000925411587e-06
CPD-6994	26117	HMDB	HMDB0005810_16_shen	Eriodictyol	inchikey_connectivity_formula_mass	2	FALSE	TRUE	1.80000370164635e-09	4.50000925411587e-06
CPD-6994	26118	HMDB	HMDB0005810_17_shen	Eriodictyol	inchikey_connectivity_formula_mass	2	FALSE	TRUE	1.80000370164635e-09	4.50000925411587e-06
CPD-6994	26119	HMDB	HMDB0005810_18_shen	Eriodictyol	inchikey_connectivity_formula_mass	2	FALSE	TRUE	1.80000370164635e-09	4.50000925411587e-06
CPD-6994	26120	HMDB	HMDB0005810_19_shen	Eriodictyol	inchikey_connectivity_formula_mass	2	FALSE	TRUE	1.80000370164635e-09	4.50000925411587e-06
CPD-6994	26121	HMDB	HMDB0005810_20_shen	Eriodictyol	inchikey_connectivity_formula_mass	2	FALSE	TRUE	1.80000370164635e-09	4.50000925411587e-06
CPD-6994	26122	HMDB	HMDB0005810_21_shen	Eriodictyol	inchikey_connectivity_formula_mass	2	FALSE	TRUE	1.80000370164635e-09	4.50000925411587e-06
CPD-6994	26123	HMDB	HMDB0005810_22_shen	Eriodictyol	inchikey_connectivity_formula_mass	2	FALSE	TRUE	1.80000370164635e-09	4.50000925411587e-06
CPD-6994	26124	HMDB	HMDB0005810_23_shen	Eriodictyol	inchikey_connectivity_formula_mass	2	FALSE	TRUE	1.80000370164635e-09	4.50000925411587e-06
CPD-6994	26125	HMDB	HMDB0005810_24_shen	Eriodictyol	inchikey_connectivity_formula_mass	2	FALSE	TRUE	1.80000370164635e-09	4.50000925411587e-06
CPD-6994	26126	HMDB	HMDB0005810_25_shen	Eriodictyol	inchikey_connectivity_formula_mass	2	FALSE	TRUE	1.80000370164635e-09	4.50000925411587e-06
CPD-6994	26127	HMDB	HMDB0005810_26_shen	Eriodictyol	inchikey_connectivity_formula_mass	2	FALSE	TRUE	1.80000370164635e-09	4.50000925411587e-06
CPD-6994	26128	HMDB	HMDB0005810_27_shen	Eriodictyol	inchikey_connectivity_formula_mass	2	FALSE	TRUE	1.80000370164635e-09	4.50000925411587e-06
CPD-6994	26129	HMDB	HMDB0005810_28_shen	Eriodictyol	inchikey_connectivity_formula_mass	2	FALSE	TRUE	1.80000370164635e-09	4.50000925411587e-06
CPD-6994	26130	HMDB	HMDB0005810_29_shen	Eriodictyol	inchikey_connectivity_formula_mass	2	FALSE	TRUE	1.80000370164635e-09	4.50000925411587e-06
CPD-6994	26131	HMDB	HMDB0005810_30_shen	Eriodictyol	inchikey_connectivity_formula_mass	2	FALSE	TRUE	1.80000370164635e-09	4.50000925411587e-06
CPD-6994	26132	HMDB	HMDB0005810_31_shen	Eriodictyol	inchikey_connectivity_formula_mass	2	FALSE	TRUE	1.80000370164635e-09	4.50000925411587e-06
CPD-6994	26133	HMDB	HMDB0005810_32_shen	Eriodictyol	inchikey_connectivity_formula_mass	2	FALSE	TRUE	1.80000370164635e-09	4.50000925411587e-06
CPD-6994	26134	HMDB	HMDB0005810_33_shen	Eriodictyol	inchikey_connectivity_formula_mass	2	FALSE	TRUE	1.80000370164635e-09	4.50000925411587e-06
CPD-6994	26135	HMDB	HMDB0005810_34_shen	Eriodictyol	inchikey_connectivity_formula_mass	2	FALSE	TRUE	1.80000370164635e-09	4.50000925411587e-06
CPD-6994	26136	HMDB	HMDB0005810_35_shen	Eriodictyol	inchikey_connectivity_formula_mass	2	FALSE	TRUE	1.80000370164635e-09	4.50000925411587e-06
CPD-6994	26137	HMDB	HMDB0005810_36_shen	Eriodictyol	inchikey_connectivity_formula_mass	2	FALSE	TRUE	1.80000370164635e-09	4.50000925411587e-06
CPD-6994	26138	HMDB	HMDB0005810_37_shen	Eriodictyol	inchikey_connectivity_formula_mass	2	FALSE	TRUE	1.80000370164635e-09	4.50000925411587e-06
CPD-6994	26139	HMDB	HMDB0005810_38_shen	Eriodictyol	inchikey_connectivity_formula_mass	2	FALSE	TRUE	1.80000370164635e-09	4.50000925411587e-06
CPD-6994	26140	HMDB	HMDB0005810_39_shen	Eriodictyol	inchikey_connectivity_formula_mass	2	FALSE	TRUE	1.80000370164635e-09	4.50000925411587e-06
CPD-6994	26141	HMDB	HMDB0005810_40_shen	Eriodictyol	inchikey_connectivity_formula_mass	2	FALSE	TRUE	1.80000370164635e-09	4.50000925411587e-06
CPD-6994	26142	HMDB	HMDB0005810_41_shen	Eriodictyol	inchikey_connectivity_formula_mass	2	FALSE	TRUE	1.80000370164635e-09	4.50000925411587e-06
CPD-6994	26143	HMDB	HMDB0005810_42_shen	Eriodictyol	inchikey_connectivity_formula_mass	2	FALSE	TRUE	1.80000370164635e-09	4.50000925411587e-06
CPD-6994	26144	HMDB	HMDB0005810_43_shen	Eriodictyol	inchikey_connectivity_formula_mass	2	FALSE	TRUE	1.80000370164635e-09	4.50000925411587e-06
CPD-6994	26145	HMDB	HMDB0005810_44_shen	Eriodictyol	inchikey_connectivity_formula_mass	2	FALSE	TRUE	1.80000370164635e-09	4.50000925411587e-06
CPD-7978	26146	HMDB	HMDB0005812_1_shen	Geraniol	inchikey	1	TRUE	TRUE	1.00015995485592e-10	2.50039988713979e-07
CPD-7978	26147	HMDB	HMDB0005812_2_shen	Geraniol	inchikey	1	TRUE	TRUE	1.00015995485592e-10	2.50039988713979e-07
CPD-7978	26148	HMDB	HMDB0005812_3_shen	Geraniol	inchikey	1	TRUE	TRUE	1.00015995485592e-10	2.50039988713979e-07
CPD-7978	26149	HMDB	HMDB0005812_4_shen	Geraniol	inchikey	1	TRUE	TRUE	1.00015995485592e-10	2.50039988713979e-07
CPD-7978	26150	HMDB	HMDB0005812_5_shen	Geraniol	inchikey	1	TRUE	TRUE	1.00015995485592e-10	2.50039988713979e-07
CPD-7978	26151	HMDB	HMDB0005812_6_shen	Geraniol	inchikey	1	TRUE	TRUE	1.00015995485592e-10	2.50039988713979e-07
CPD-7978	26152	HMDB	HMDB0005812_7_shen	Geraniol	inchikey	1	TRUE	TRUE	1.00015995485592e-10	2.50039988713979e-07
CPD-7978	26153	HMDB	HMDB0005812_8_shen	Geraniol	inchikey	1	TRUE	TRUE	1.00015995485592e-10	2.50039988713979e-07
CPD-7978	26154	HMDB	HMDB0005812_9_shen	Geraniol	inchikey	1	TRUE	TRUE	1.00015995485592e-10	2.50039988713979e-07
CPD-458	26155	HMDB	HMDB0005826_1_shen	Galactinol	name_formula_mass	4	TRUE	TRUE	3.30004468196421e-09	8.25011170491052e-06
CPD-458	26156	HMDB	HMDB0005826_2_shen	Galactinol	name_formula_mass	4	TRUE	TRUE	3.30004468196421e-09	8.25011170491052e-06
CPD-458	26157	HMDB	HMDB0005826_3_shen	Galactinol	name_formula_mass	4	TRUE	TRUE	3.30004468196421e-09	8.25011170491052e-06
CPD-458	26158	HMDB	HMDB0005826_4_shen	Galactinol	name_formula_mass	4	TRUE	TRUE	3.30004468196421e-09	8.25011170491052e-06
CPD-458	26159	HMDB	HMDB0005826_5_shen	Galactinol	name_formula_mass	4	TRUE	TRUE	3.30004468196421e-09	8.25011170491052e-06
CPD-458	26160	HMDB	HMDB0005826_6_shen	Galactinol	name_formula_mass	4	TRUE	TRUE	3.30004468196421e-09	8.25011170491052e-06
CPD-458	26161	HMDB	HMDB0005826_7_shen	Galactinol	name_formula_mass	4	TRUE	TRUE	3.30004468196421e-09	8.25011170491052e-06
CPD-458	26162	HMDB	HMDB0005826_8_shen	Galactinol	name_formula_mass	4	TRUE	TRUE	3.30004468196421e-09	8.25011170491052e-06
CPD-458	26163	HMDB	HMDB0005826_9_shen	Galactinol	name_formula_mass	4	TRUE	TRUE	3.30004468196421e-09	8.25011170491052e-06
CPD-458	26164	HMDB	HMDB0005826_10_shen	Galactinol	name_formula_mass	4	TRUE	TRUE	3.30004468196421e-09	8.25011170491052e-06
CPD-458	26165	HMDB	HMDB0005826_11_shen	Galactinol	name_formula_mass	4	TRUE	TRUE	3.30004468196421e-09	8.25011170491052e-06
CPD-458	26166	HMDB	HMDB0005826_12_shen	Galactinol	name_formula_mass	4	TRUE	TRUE	3.30004468196421e-09	8.25011170491052e-06
CPD-458	26167	HMDB	HMDB0005826_13_shen	Galactinol	name_formula_mass	4	TRUE	TRUE	3.30004468196421e-09	8.25011170491052e-06
CPD-458	26168	HMDB	HMDB0005826_14_shen	Galactinol	name_formula_mass	4	TRUE	TRUE	3.30004468196421e-09	8.25011170491052e-06
CPD-458	26169	HMDB	HMDB0005826_15_shen	Galactinol	name_formula_mass	4	TRUE	TRUE	3.30004468196421e-09	8.25011170491052e-06
CPD-458	26170	HMDB	HMDB0005826_16_shen	Galactinol	name_formula_mass	4	TRUE	TRUE	3.30004468196421e-09	8.25011170491052e-06
CPD-458	26171	HMDB	HMDB0005826_17_shen	Galactinol	name_formula_mass	4	TRUE	TRUE	3.30004468196421e-09	8.25011170491052e-06
CPD-458	26172	HMDB	HMDB0005826_18_shen	Galactinol	name_formula_mass	4	TRUE	TRUE	3.30004468196421e-09	8.25011170491052e-06
CPD-458	26173	HMDB	HMDB0005826_19_shen	Galactinol	name_formula_mass	4	TRUE	TRUE	3.30004468196421e-09	8.25011170491052e-06
CPD-458	26174	HMDB	HMDB0005826_20_shen	Galactinol	name_formula_mass	4	TRUE	TRUE	3.30004468196421e-09	8.25011170491052e-06
CPD-458	26175	HMDB	HMDB0005826_21_shen	Galactinol	name_formula_mass	4	TRUE	TRUE	3.30004468196421e-09	8.25011170491052e-06
CPD-458	26176	HMDB	HMDB0005826_22_shen	Galactinol	name_formula_mass	4	TRUE	TRUE	3.30004468196421e-09	8.25011170491052e-06
CPD-458	26177	HMDB	HMDB0005826_23_shen	Galactinol	name_formula_mass	4	TRUE	TRUE	3.30004468196421e-09	8.25011170491052e-06
CPD-458	26178	HMDB	HMDB0005826_24_shen	Galactinol	name_formula_mass	4	TRUE	TRUE	3.30004468196421e-09	8.25011170491052e-06
CPD-458	26179	HMDB	HMDB0005826_25_shen	Galactinol	name_formula_mass	4	TRUE	TRUE	3.30004468196421e-09	8.25011170491052e-06
CPD-458	26180	HMDB	HMDB0005826_26_shen	Galactinol	name_formula_mass	4	TRUE	TRUE	3.30004468196421e-09	8.25011170491052e-06
CPD-458	26181	HMDB	HMDB0005826_27_shen	Galactinol	name_formula_mass	4	TRUE	TRUE	3.30004468196421e-09	8.25011170491052e-06
CPD-458	26182	HMDB	HMDB0005826_28_shen	Galactinol	name_formula_mass	4	TRUE	TRUE	3.30004468196421e-09	8.25011170491052e-06
CPD-458	26183	HMDB	HMDB0005826_29_shen	Galactinol	name_formula_mass	4	TRUE	TRUE	3.30004468196421e-09	8.25011170491052e-06
CPD-458	26184	HMDB	HMDB0005826_30_shen	Galactinol	name_formula_mass	4	TRUE	TRUE	3.30004468196421e-09	8.25011170491052e-06
CPD-458	26185	HMDB	HMDB0005826_31_shen	Galactinol	name_formula_mass	4	TRUE	TRUE	3.30004468196421e-09	8.25011170491052e-06
CPD-458	26186	HMDB	HMDB0005826_32_shen	Galactinol	name_formula_mass	4	TRUE	TRUE	3.30004468196421e-09	8.25011170491052e-06
CPD-458	26187	HMDB	HMDB0005826_33_shen	Galactinol	name_formula_mass	4	TRUE	TRUE	3.30004468196421e-09	8.25011170491052e-06
CPD-458	26188	HMDB	HMDB0005826_34_shen	Galactinol	name_formula_mass	4	TRUE	TRUE	3.30004468196421e-09	8.25011170491052e-06
CPD-458	26189	HMDB	HMDB0005826_35_shen	Galactinol	name_formula_mass	4	TRUE	TRUE	3.30004468196421e-09	8.25011170491052e-06
CPD-458	26190	HMDB	HMDB0005826_36_shen	Galactinol	name_formula_mass	4	TRUE	TRUE	3.30004468196421e-09	8.25011170491052e-06
CPD-458	26191	HMDB	HMDB0005826_37_shen	Galactinol	name_formula_mass	4	TRUE	TRUE	3.30004468196421e-09	8.25011170491052e-06
CPD-458	26192	HMDB	HMDB0005826_38_shen	Galactinol	name_formula_mass	4	TRUE	TRUE	3.30004468196421e-09	8.25011170491052e-06
CPD-458	26193	HMDB	HMDB0005826_39_shen	Galactinol	name_formula_mass	4	TRUE	TRUE	3.30004468196421e-09	8.25011170491052e-06
CPD-458	26194	HMDB	HMDB0005826_40_shen	Galactinol	name_formula_mass	4	TRUE	TRUE	3.30004468196421e-09	8.25011170491052e-06
CPD-458	26195	HMDB	HMDB0005826_41_shen	Galactinol	name_formula_mass	4	TRUE	TRUE	3.30004468196421e-09	8.25011170491052e-06
CPD-458	26196	HMDB	HMDB0005826_42_shen	Galactinol	name_formula_mass	4	TRUE	TRUE	3.30004468196421e-09	8.25011170491052e-06
CPD-458	26197	HMDB	HMDB0005826_43_shen	Galactinol	name_formula_mass	4	TRUE	TRUE	3.30004468196421e-09	8.25011170491052e-06
CPD-458	26198	HMDB	HMDB0005826_44_shen	Galactinol	name_formula_mass	4	TRUE	TRUE	3.30004468196421e-09	8.25011170491052e-06
CPD-458	26199	HMDB	HMDB0005826_45_shen	Galactinol	name_formula_mass	4	TRUE	TRUE	3.30004468196421e-09	8.25011170491052e-06
CPD-458	26200	HMDB	HMDB0005826_46_shen	Galactinol	name_formula_mass	4	TRUE	TRUE	3.30004468196421e-09	8.25011170491052e-06
CPD-458	26201	HMDB	HMDB0005826_47_shen	Galactinol	name_formula_mass	4	TRUE	TRUE	3.30004468196421e-09	8.25011170491052e-06
CPD-458	26202	HMDB	HMDB0005826_48_shen	Galactinol	name_formula_mass	4	TRUE	TRUE	3.30004468196421e-09	8.25011170491052e-06
CPD-458	26203	HMDB	HMDB0005826_49_shen	Galactinol	name_formula_mass	4	TRUE	TRUE	3.30004468196421e-09	8.25011170491052e-06
CPD-458	26204	HMDB	HMDB0005826_50_shen	Galactinol	name_formula_mass	4	TRUE	TRUE	3.30004468196421e-09	8.25011170491052e-06
CPD-458	26205	HMDB	HMDB0005826_51_shen	Galactinol	name_formula_mass	4	TRUE	TRUE	3.30004468196421e-09	8.25011170491052e-06
CPD-458	26206	HMDB	HMDB0005826_52_shen	Galactinol	name_formula_mass	4	TRUE	TRUE	3.30004468196421e-09	8.25011170491052e-06
CPD-458	26207	HMDB	HMDB0005826_53_shen	Galactinol	name_formula_mass	4	TRUE	TRUE	3.30004468196421e-09	8.25011170491052e-06
CPD-458	26208	HMDB	HMDB0005826_54_shen	Galactinol	name_formula_mass	4	TRUE	TRUE	3.30004468196421e-09	8.25011170491052e-06
CPD-458	26209	HMDB	HMDB0005826_55_shen	Galactinol	name_formula_mass	4	TRUE	TRUE	3.30004468196421e-09	8.25011170491052e-06
CPD-458	26210	HMDB	HMDB0005826_56_shen	Galactinol	name_formula_mass	4	TRUE	TRUE	3.30004468196421e-09	8.25011170491052e-06
CPD-458	26211	HMDB	HMDB0005826_57_shen	Galactinol	name_formula_mass	4	TRUE	TRUE	3.30004468196421e-09	8.25011170491052e-06
CPD-458	26212	HMDB	HMDB0005826_58_shen	Galactinol	name_formula_mass	4	TRUE	TRUE	3.30004468196421e-09	8.25011170491052e-06
CPD-458	26213	HMDB	HMDB0005826_59_shen	Galactinol	name_formula_mass	4	TRUE	TRUE	3.30004468196421e-09	8.25011170491052e-06
CPD-458	26214	HMDB	HMDB0005826_60_shen	Galactinol	name_formula_mass	4	TRUE	TRUE	3.30004468196421e-09	8.25011170491052e-06
CPD-458	26215	HMDB	HMDB0005826_61_shen	Galactinol	name_formula_mass	4	TRUE	TRUE	3.30004468196421e-09	8.25011170491052e-06
CPD-458	26216	HMDB	HMDB0005826_62_shen	Galactinol	name_formula_mass	4	TRUE	TRUE	3.30004468196421e-09	8.25011170491052e-06
CPD-458	26217	HMDB	HMDB0005826_63_shen	Galactinol	name_formula_mass	4	TRUE	TRUE	3.30004468196421e-09	8.25011170491052e-06
CPD-458	26218	HMDB	HMDB0005826_64_shen	Galactinol	name_formula_mass	4	TRUE	TRUE	3.30004468196421e-09	8.25011170491052e-06
CPD-458	26219	HMDB	HMDB0005826_65_shen	Galactinol	name_formula_mass	4	TRUE	TRUE	3.30004468196421e-09	8.25011170491052e-06
CPD-458	26220	HMDB	HMDB0005826_66_shen	Galactinol	name_formula_mass	4	TRUE	TRUE	3.30004468196421e-09	8.25011170491052e-06
CPD-458	26221	HMDB	HMDB0005826_67_shen	Galactinol	name_formula_mass	4	TRUE	TRUE	3.30004468196421e-09	8.25011170491052e-06
CPD-458	26222	HMDB	HMDB0005826_68_shen	Galactinol	name_formula_mass	4	TRUE	TRUE	3.30004468196421e-09	8.25011170491052e-06
CPD-458	26223	HMDB	HMDB0005826_69_shen	Galactinol	name_formula_mass	4	TRUE	TRUE	3.30004468196421e-09	8.25011170491052e-06
CPD-458	26224	HMDB	HMDB0005826_70_shen	Galactinol	name_formula_mass	4	TRUE	TRUE	3.30004468196421e-09	8.25011170491052e-06
CPD-458	26225	HMDB	HMDB0005826_71_shen	Galactinol	name_formula_mass	4	TRUE	TRUE	3.30004468196421e-09	8.25011170491052e-06
CPD-458	26226	HMDB	HMDB0005826_72_shen	Galactinol	name_formula_mass	4	TRUE	TRUE	3.30004468196421e-09	8.25011170491052e-06
CPD-458	26227	HMDB	HMDB0005826_73_shen	Galactinol	name_formula_mass	4	TRUE	TRUE	3.30004468196421e-09	8.25011170491052e-06
CPD-458	26228	HMDB	HMDB0005826_74_shen	Galactinol	name_formula_mass	4	TRUE	TRUE	3.30004468196421e-09	8.25011170491052e-06
CPD-458	26229	HMDB	HMDB0005826_75_shen	Galactinol	name_formula_mass	4	TRUE	TRUE	3.30004468196421e-09	8.25011170491052e-06
CPD-458	26230	HMDB	HMDB0005826_76_shen	Galactinol	name_formula_mass	4	TRUE	TRUE	3.30004468196421e-09	8.25011170491052e-06
CPD-458	26231	HMDB	HMDB0005826_77_shen	Galactinol	name_formula_mass	4	TRUE	TRUE	3.30004468196421e-09	8.25011170491052e-06
CPD-458	26232	HMDB	HMDB0005826_78_shen	Galactinol	name_formula_mass	4	TRUE	TRUE	3.30004468196421e-09	8.25011170491052e-06
CPD-458	26233	HMDB	HMDB0005826_79_shen	Galactinol	name_formula_mass	4	TRUE	TRUE	3.30004468196421e-09	8.25011170491052e-06
CPD-458	26234	HMDB	HMDB0005826_80_shen	Galactinol	name_formula_mass	4	TRUE	TRUE	3.30004468196421e-09	8.25011170491052e-06
CPD-458	26235	HMDB	HMDB0005826_81_shen	Galactinol	name_formula_mass	4	TRUE	TRUE	3.30004468196421e-09	8.25011170491052e-06
CPD-458	26236	HMDB	HMDB0005826_82_shen	Galactinol	name_formula_mass	4	TRUE	TRUE	3.30004468196421e-09	8.25011170491052e-06
CPD-458	26237	HMDB	HMDB0005826_83_shen	Galactinol	name_formula_mass	4	TRUE	TRUE	3.30004468196421e-09	8.25011170491052e-06
CPD-458	26238	HMDB	HMDB0005826_84_shen	Galactinol	name_formula_mass	4	TRUE	TRUE	3.30004468196421e-09	8.25011170491052e-06
CPD-458	26239	HMDB	HMDB0005826_85_shen	Galactinol	name_formula_mass	4	TRUE	TRUE	3.30004468196421e-09	8.25011170491052e-06
CPD-458	26240	HMDB	HMDB0005826_86_shen	Galactinol	name_formula_mass	4	TRUE	TRUE	3.30004468196421e-09	8.25011170491052e-06
CPD-458	26241	HMDB	HMDB0005826_87_shen	Galactinol	name_formula_mass	4	TRUE	TRUE	3.30004468196421e-09	8.25011170491052e-06
CPD-458	26242	HMDB	HMDB0005826_88_shen	Galactinol	name_formula_mass	4	TRUE	TRUE	3.30004468196421e-09	8.25011170491052e-06
CPD-458	26243	HMDB	HMDB0005826_89_shen	Galactinol	name_formula_mass	4	TRUE	TRUE	3.30004468196421e-09	8.25011170491052e-06
CPD-458	26244	HMDB	HMDB0005826_90_shen	Galactinol	name_formula_mass	4	TRUE	TRUE	3.30004468196421e-09	8.25011170491052e-06
CPD-458	26245	HMDB	HMDB0005826_91_shen	Galactinol	name_formula_mass	4	TRUE	TRUE	3.30004468196421e-09	8.25011170491052e-06
CPD-458	26246	HMDB	HMDB0005826_92_shen	Galactinol	name_formula_mass	4	TRUE	TRUE	3.30004468196421e-09	8.25011170491052e-06
CPD-458	26247	HMDB	HMDB0005826_93_shen	Galactinol	name_formula_mass	4	TRUE	TRUE	3.30004468196421e-09	8.25011170491052e-06
CPD-458	26248	HMDB	HMDB0005826_94_shen	Galactinol	name_formula_mass	4	TRUE	TRUE	3.30004468196421e-09	8.25011170491052e-06
CPD-458	26249	HMDB	HMDB0005826_95_shen	Galactinol	name_formula_mass	4	TRUE	TRUE	3.30004468196421e-09	8.25011170491052e-06
CPD-458	26250	HMDB	HMDB0005826_96_shen	Galactinol	name_formula_mass	4	TRUE	TRUE	3.30004468196421e-09	8.25011170491052e-06
CPD-458	26251	HMDB	HMDB0005826_97_shen	Galactinol	name_formula_mass	4	TRUE	TRUE	3.30004468196421e-09	8.25011170491052e-06
CPD-458	26252	HMDB	HMDB0005826_98_shen	Galactinol	name_formula_mass	4	TRUE	TRUE	3.30004468196421e-09	8.25011170491052e-06
CPD-458	26253	HMDB	HMDB0005826_99_shen	Galactinol	name_formula_mass	4	TRUE	TRUE	3.30004468196421e-09	8.25011170491052e-06
CPD-458	26254	HMDB	HMDB0005826_100_shen	Galactinol	name_formula_mass	4	TRUE	TRUE	3.30004468196421e-09	8.25011170491052e-06
CPD-458	26255	HMDB	HMDB0005826_101_shen	Galactinol	name_formula_mass	4	TRUE	TRUE	3.30004468196421e-09	8.25011170491052e-06
CPD-458	26256	HMDB	HMDB0005826_102_shen	Galactinol	name_formula_mass	4	TRUE	TRUE	3.30004468196421e-09	8.25011170491052e-06
CPD-458	26257	HMDB	HMDB0005826_103_shen	Galactinol	name_formula_mass	4	TRUE	TRUE	3.30004468196421e-09	8.25011170491052e-06
CPD-458	26258	HMDB	HMDB0005826_104_shen	Galactinol	name_formula_mass	4	TRUE	TRUE	3.30004468196421e-09	8.25011170491052e-06
CPD-458	26259	HMDB	HMDB0005826_105_shen	Galactinol	name_formula_mass	4	TRUE	TRUE	3.30004468196421e-09	8.25011170491052e-06
CPD-458	26260	HMDB	HMDB0005826_106_shen	Galactinol	name_formula_mass	4	TRUE	TRUE	3.30004468196421e-09	8.25011170491052e-06
CPD-458	26261	HMDB	HMDB0005826_107_shen	Galactinol	name_formula_mass	4	TRUE	TRUE	3.30004468196421e-09	8.25011170491052e-06
CPD-458	26262	HMDB	HMDB0005826_108_shen	Galactinol	name_formula_mass	4	TRUE	TRUE	3.30004468196421e-09	8.25011170491052e-06
CPD-458	26263	HMDB	HMDB0005826_109_shen	Galactinol	name_formula_mass	4	TRUE	TRUE	3.30004468196421e-09	8.25011170491052e-06
CPD-458	26264	HMDB	HMDB0005826_110_shen	Galactinol	name_formula_mass	4	TRUE	TRUE	3.30004468196421e-09	8.25011170491052e-06
CPD-458	26265	HMDB	HMDB0005826_111_shen	Galactinol	name_formula_mass	4	TRUE	TRUE	3.30004468196421e-09	8.25011170491052e-06
HEXANAL	26293	HMDB	HMDB0005994_1_shen	Hexanal	inchikey	1	TRUE	TRUE	1.29999477849196e-09	3.24998694622991e-06
HEXANAL	26294	HMDB	HMDB0005994_2_shen	Hexanal	inchikey	1	TRUE	TRUE	1.29999477849196e-09	3.24998694622991e-06
HEXANAL	26295	HMDB	HMDB0005994_3_shen	Hexanal	inchikey	1	TRUE	TRUE	1.29999477849196e-09	3.24998694622991e-06
CPD-7032	26296	HMDB	HMDB0006007_1_shen	Isopentanol	inchikey	1	TRUE	TRUE	1.29999477849196e-09	3.24998694622991e-06
CPD-7032	26297	HMDB	HMDB0006007_2_shen	Isopentanol	inchikey	1	TRUE	TRUE	1.29999477849196e-09	3.24998694622991e-06
CPD-7032	26298	HMDB	HMDB0006007_3_shen	Isopentanol	inchikey	1	TRUE	TRUE	1.29999477849196e-09	3.24998694622991e-06
CPD-7032	26299	HMDB	HMDB0006007_4_shen	Isopentanol	inchikey	1	TRUE	TRUE	1.29999477849196e-09	3.24998694622991e-06
CPD-7032	26300	HMDB	HMDB0006007_5_shen	Isopentanol	inchikey	1	TRUE	TRUE	1.29999477849196e-09	3.24998694622991e-06
CPD-7032	26301	HMDB	HMDB0006007_6_shen	Isopentanol	inchikey	1	TRUE	TRUE	1.29999477849196e-09	3.24998694622991e-06
CPD-7032	26302	HMDB	HMDB0006007_7_shen	Isopentanol	inchikey	1	TRUE	TRUE	1.29999477849196e-09	3.24998694622991e-06
CPD-7032	26303	HMDB	HMDB0006007_8_shen	Isopentanol	inchikey	1	TRUE	TRUE	1.29999477849196e-09	3.24998694622991e-06
CPD-7032	26304	HMDB	HMDB0006007_9_shen	Isopentanol	inchikey	1	TRUE	TRUE	1.29999477849196e-09	3.24998694622991e-06
CPD-7032	26305	HMDB	HMDB0006007_10_shen	Isopentanol	inchikey	1	TRUE	TRUE	1.29999477849196e-09	3.24998694622991e-06
CPD-7032	26306	HMDB	HMDB0006007_11_shen	Isopentanol	inchikey	1	TRUE	TRUE	1.29999477849196e-09	3.24998694622991e-06
CPD-7032	26307	HMDB	HMDB0006007_12_shen	Isopentanol	inchikey	1	TRUE	TRUE	1.29999477849196e-09	3.24998694622991e-06
CPD-25877	26308	HMDB	HMDB0006024_1_shen	Mevalonolactone	inchikey	1	TRUE	TRUE	1.30000898934668e-09	3.2500224733667e-06
CPD-25877	26309	HMDB	HMDB0006024_2_shen	Mevalonolactone	inchikey	1	TRUE	TRUE	1.30000898934668e-09	3.2500224733667e-06
CPD-25877	26310	HMDB	HMDB0006024_3_shen	Mevalonolactone	inchikey	1	TRUE	TRUE	1.30000898934668e-09	3.2500224733667e-06
CPD-25877	26311	HMDB	HMDB0006024_4_shen	Mevalonolactone	inchikey	1	TRUE	TRUE	1.30000898934668e-09	3.2500224733667e-06
CPD-25877	26312	HMDB	HMDB0006024_5_shen	Mevalonolactone	inchikey	1	TRUE	TRUE	1.30000898934668e-09	3.2500224733667e-06
CPD-25877	26313	HMDB	HMDB0006024_6_shen	Mevalonolactone	inchikey	1	TRUE	TRUE	1.30000898934668e-09	3.2500224733667e-06
CPD-8050	26353	HMDB	HMDB0006088_1_shen	scyllo-Inositol	inchikey	1	TRUE	TRUE	1.80000370164635e-09	4.50000925411587e-06
CPD-8050	26354	HMDB	HMDB0006088_2_shen	scyllo-Inositol	inchikey	1	TRUE	TRUE	1.80000370164635e-09	4.50000925411587e-06
CPD-8050	26355	HMDB	HMDB0006088_3_shen	scyllo-Inositol	inchikey	1	TRUE	TRUE	1.80000370164635e-09	4.50000925411587e-06
BENZALDEHYDE	26374	HMDB	HMDB0006115_1_shen	Benzaldehyde	inchikey	1	TRUE	TRUE	7.00012492416136e-10	1.75003123104034e-06
BENZALDEHYDE	26375	HMDB	HMDB0006115_2_shen	Benzaldehyde	inchikey	1	TRUE	TRUE	7.00012492416136e-10	1.75003123104034e-06
BENZALDEHYDE	26376	HMDB	HMDB0006115_3_shen	Benzaldehyde	inchikey	1	TRUE	TRUE	7.00012492416136e-10	1.75003123104034e-06
BENZALDEHYDE	26377	HMDB	HMDB0006115_4_shen	Benzaldehyde	inchikey	1	TRUE	TRUE	7.00012492416136e-10	1.75003123104034e-06
BENZALDEHYDE	26378	HMDB	HMDB0006115_5_shen	Benzaldehyde	inchikey	1	TRUE	TRUE	7.00012492416136e-10	1.75003123104034e-06
BENZALDEHYDE	26379	HMDB	HMDB0006115_6_shen	Benzaldehyde	inchikey	1	TRUE	TRUE	7.00012492416136e-10	1.75003123104034e-06
BENZALDEHYDE	26380	HMDB	HMDB0006115_7_shen	Benzaldehyde	inchikey	1	TRUE	TRUE	7.00012492416136e-10	1.75003123104034e-06
BENZALDEHYDE	26381	HMDB	HMDB0006115_8_shen	Benzaldehyde	inchikey	1	TRUE	TRUE	7.00012492416136e-10	1.75003123104034e-06
Retinols	26385	HMDB	HMDB0006216_1_shen	11-cis-Retinol	name_formula_mass	4	TRUE	TRUE	3.10001269099303e-09	7.75003172748256e-06
Retinols	26386	HMDB	HMDB0006216_2_shen	11-cis-Retinol	name_formula_mass	4	TRUE	TRUE	3.10001269099303e-09	7.75003172748256e-06
Retinols	26387	HMDB	HMDB0006216_3_shen	11-cis-Retinol	name_formula_mass	4	TRUE	TRUE	3.10001269099303e-09	7.75003172748256e-06
RETINOATE	26388	HMDB	HMDB0006219_1_shen	13-cis-Retinoic acid	name_formula_mass	4	FALSE	TRUE	2.999968273798e-09	7.49992068449501e-06
RETINOATE	26389	HMDB	HMDB0006219_2_shen	13-cis-Retinoic acid	name_formula_mass	4	FALSE	TRUE	2.999968273798e-09	7.49992068449501e-06
RETINOATE	26390	HMDB	HMDB0006219_3_shen	13-cis-Retinoic acid	name_formula_mass	4	FALSE	TRUE	2.999968273798e-09	7.49992068449501e-06
PHENYLACETALDEHYDE	26394	HMDB	HMDB0006236_1_shen	Phenylacetaldehyde	inchikey	1	TRUE	TRUE	8.99987639968458e-10	2.24996909992115e-06
PHENYLACETALDEHYDE	26395	HMDB	HMDB0006236_2_shen	Phenylacetaldehyde	inchikey	1	TRUE	TRUE	8.99987639968458e-10	2.24996909992115e-06
PHENYLACETALDEHYDE	26396	HMDB	HMDB0006236_3_shen	Phenylacetaldehyde	inchikey	1	TRUE	TRUE	8.99987639968458e-10	2.24996909992115e-06
PHENYLACETALDEHYDE	26397	HMDB	HMDB0006236_4_shen	Phenylacetaldehyde	inchikey	1	TRUE	TRUE	8.99987639968458e-10	2.24996909992115e-06
PHENYLACETALDEHYDE	26398	HMDB	HMDB0006236_5_shen	Phenylacetaldehyde	inchikey	1	TRUE	TRUE	8.99987639968458e-10	2.24996909992115e-06
LINOLEIC_ACID	26399	HMDB	HMDB0006270_1_shen	Linoelaidic acid	name_formula_mass	4	FALSE	TRUE	3.39997541232151e-09	8.49993853080377e-06
LINOLEIC_ACID	26400	HMDB	HMDB0006270_2_shen	Linoelaidic acid	name_formula_mass	4	FALSE	TRUE	3.39997541232151e-09	8.49993853080377e-06
LINOLEIC_ACID	26401	HMDB	HMDB0006270_3_shen	Linoelaidic acid	name_formula_mass	4	FALSE	TRUE	3.39997541232151e-09	8.49993853080377e-06
LINOLEIC_ACID	26402	HMDB	HMDB0006270_4_shen	Linoelaidic acid	name_formula_mass	4	FALSE	TRUE	3.39997541232151e-09	8.49993853080377e-06
LINOLEIC_ACID	26403	HMDB	HMDB0006270_5_shen	Linoelaidic acid	name_formula_mass	4	FALSE	TRUE	3.39997541232151e-09	8.49993853080377e-06
LINOLEIC_ACID	26404	HMDB	HMDB0006270_6_shen	Linoelaidic acid	name_formula_mass	4	FALSE	TRUE	3.39997541232151e-09	8.49993853080377e-06
LINOLEIC_ACID	26405	HMDB	HMDB0006270_7_shen	Linoelaidic acid	name_formula_mass	4	FALSE	TRUE	3.39997541232151e-09	8.49993853080377e-06
LINOLEIC_ACID	26406	HMDB	HMDB0006270_8_shen	Linoelaidic acid	name_formula_mass	4	FALSE	TRUE	3.39997541232151e-09	8.49993853080377e-06
LINOLEIC_ACID	26407	HMDB	HMDB0006270_9_shen	Linoelaidic acid	name_formula_mass	4	FALSE	TRUE	3.39997541232151e-09	8.49993853080377e-06
LINOLEIC_ACID	26408	HMDB	HMDB0006270_10_shen	Linoelaidic acid	name_formula_mass	4	FALSE	TRUE	3.39997541232151e-09	8.49993853080377e-06
LINOLEIC_ACID	26409	HMDB	HMDB0006270_11_shen	Linoelaidic acid	name_formula_mass	4	FALSE	TRUE	3.39997541232151e-09	8.49993853080377e-06
LINOLEIC_ACID	26410	HMDB	HMDB0006270_12_shen	Linoelaidic acid	name_formula_mass	4	FALSE	TRUE	3.39997541232151e-09	8.49993853080377e-06
LINOLEIC_ACID	26411	HMDB	HMDB0006270_13_shen	Linoelaidic acid	name_formula_mass	4	FALSE	TRUE	3.39997541232151e-09	8.49993853080377e-06
LINOLEIC_ACID	26412	HMDB	HMDB0006270_14_shen	Linoelaidic acid	name_formula_mass	4	FALSE	TRUE	3.39997541232151e-09	8.49993853080377e-06
LINOLEIC_ACID	26413	HMDB	HMDB0006270_15_shen	Linoelaidic acid	name_formula_mass	4	FALSE	TRUE	3.39997541232151e-09	8.49993853080377e-06
LINOLEIC_ACID	26414	HMDB	HMDB0006270_16_shen	Linoelaidic acid	name_formula_mass	4	FALSE	TRUE	3.39997541232151e-09	8.49993853080377e-06
CPD-470	26415	HMDB	HMDB0006284_1_shen	L-2,4-diaminobutyric acid	inchikey_connectivity_formula_mass	2	FALSE	TRUE	1.60000013238459e-09	4.00000033096148e-06
CPD-470	26416	HMDB	HMDB0006284_2_shen	L-2,4-diaminobutyric acid	inchikey_connectivity_formula_mass	2	FALSE	TRUE	1.60000013238459e-09	4.00000033096148e-06
CPD-470	26417	HMDB	HMDB0006284_3_shen	L-2,4-diaminobutyric acid	inchikey_connectivity_formula_mass	2	FALSE	TRUE	1.60000013238459e-09	4.00000033096148e-06
CPD-470	26418	HMDB	HMDB0006284_4_shen	L-2,4-diaminobutyric acid	inchikey_connectivity_formula_mass	2	FALSE	TRUE	1.60000013238459e-09	4.00000033096148e-06
CPD-470	26419	HMDB	HMDB0006284_5_shen	L-2,4-diaminobutyric acid	inchikey_connectivity_formula_mass	2	FALSE	TRUE	1.60000013238459e-09	4.00000033096148e-06
CPD-15836	26476	HMDB	HMDB0006327_shen	alpha-Tocotrienol	inchikey	1	TRUE	TRUE	4.59999682789203e-09	1.0840506326404e-05
MANNOSE-1P	26477	HMDB	HMDB0006330_1_shen	D-Mannose 1-phosphate	inchikey_connectivity_formula_mass	2	FALSE	TRUE	1.99975147552323e-10	4.99937868880806e-07
MANNOSE-1P	26478	HMDB	HMDB0006330_2_shen	D-Mannose 1-phosphate	inchikey_connectivity_formula_mass	2	FALSE	TRUE	1.99975147552323e-10	4.99937868880806e-07
MANNOSE-1P	26479	HMDB	HMDB0006330_3_shen	D-Mannose 1-phosphate	inchikey_connectivity_formula_mass	2	FALSE	TRUE	1.99975147552323e-10	4.99937868880806e-07
MANNOSE-1P	26480	HMDB	HMDB0006330_4_shen	D-Mannose 1-phosphate	inchikey_connectivity_formula_mass	2	FALSE	TRUE	1.99975147552323e-10	4.99937868880806e-07
MANNOSE-1P	26481	HMDB	HMDB0006330_5_shen	D-Mannose 1-phosphate	inchikey_connectivity_formula_mass	2	FALSE	TRUE	1.99975147552323e-10	4.99937868880806e-07
MANNOSE-1P	26482	HMDB	HMDB0006330_6_shen	D-Mannose 1-phosphate	inchikey_connectivity_formula_mass	2	FALSE	TRUE	1.99975147552323e-10	4.99937868880806e-07
MANNOSE-1P	26483	HMDB	HMDB0006330_7_shen	D-Mannose 1-phosphate	inchikey_connectivity_formula_mass	2	FALSE	TRUE	1.99975147552323e-10	4.99937868880806e-07
MANNOSE-1P	26484	HMDB	HMDB0006330_8_shen	D-Mannose 1-phosphate	inchikey_connectivity_formula_mass	2	FALSE	TRUE	1.99975147552323e-10	4.99937868880806e-07
MANNOSE-1P	26485	HMDB	HMDB0006330_9_shen	D-Mannose 1-phosphate	inchikey_connectivity_formula_mass	2	FALSE	TRUE	1.99975147552323e-10	4.99937868880806e-07
MANNOSE-1P	26486	HMDB	HMDB0006330_10_shen	D-Mannose 1-phosphate	inchikey_connectivity_formula_mass	2	FALSE	TRUE	1.99975147552323e-10	4.99937868880806e-07
MANNOSE-1P	26487	HMDB	HMDB0006330_11_shen	D-Mannose 1-phosphate	inchikey_connectivity_formula_mass	2	FALSE	TRUE	1.99975147552323e-10	4.99937868880806e-07
MANNOSE-1P	26488	HMDB	HMDB0006330_12_shen	D-Mannose 1-phosphate	inchikey_connectivity_formula_mass	2	FALSE	TRUE	1.99975147552323e-10	4.99937868880806e-07
MANNOSE-1P	26489	HMDB	HMDB0006330_13_shen	D-Mannose 1-phosphate	inchikey_connectivity_formula_mass	2	FALSE	TRUE	1.99975147552323e-10	4.99937868880806e-07
MANNOSE-1P	26490	HMDB	HMDB0006330_14_shen	D-Mannose 1-phosphate	inchikey_connectivity_formula_mass	2	FALSE	TRUE	1.99975147552323e-10	4.99937868880806e-07
MANNOSE-1P	26491	HMDB	HMDB0006330_15_shen	D-Mannose 1-phosphate	inchikey_connectivity_formula_mass	2	FALSE	TRUE	1.99975147552323e-10	4.99937868880806e-07
MANNOSE-1P	26492	HMDB	HMDB0006330_16_shen	D-Mannose 1-phosphate	inchikey_connectivity_formula_mass	2	FALSE	TRUE	1.99975147552323e-10	4.99937868880806e-07
MANNOSE-1P	26493	HMDB	HMDB0006330_17_shen	D-Mannose 1-phosphate	inchikey_connectivity_formula_mass	2	FALSE	TRUE	1.99975147552323e-10	4.99937868880806e-07
MANNOSE-1P	26494	HMDB	HMDB0006330_18_shen	D-Mannose 1-phosphate	inchikey_connectivity_formula_mass	2	FALSE	TRUE	1.99975147552323e-10	4.99937868880806e-07
MANNOSE-1P	26495	HMDB	HMDB0006330_19_shen	D-Mannose 1-phosphate	inchikey_connectivity_formula_mass	2	FALSE	TRUE	1.99975147552323e-10	4.99937868880806e-07
MANNOSE-1P	26496	HMDB	HMDB0006330_20_shen	D-Mannose 1-phosphate	inchikey_connectivity_formula_mass	2	FALSE	TRUE	1.99975147552323e-10	4.99937868880806e-07
MANNOSE-1P	26497	HMDB	HMDB0006330_21_shen	D-Mannose 1-phosphate	inchikey_connectivity_formula_mass	2	FALSE	TRUE	1.99975147552323e-10	4.99937868880806e-07
MANNOSE-1P	26498	HMDB	HMDB0006330_22_shen	D-Mannose 1-phosphate	inchikey_connectivity_formula_mass	2	FALSE	TRUE	1.99975147552323e-10	4.99937868880806e-07
MANNOSE-1P	26499	HMDB	HMDB0006330_23_shen	D-Mannose 1-phosphate	inchikey_connectivity_formula_mass	2	FALSE	TRUE	1.99975147552323e-10	4.99937868880806e-07
MANNOSE-1P	26500	HMDB	HMDB0006330_24_shen	D-Mannose 1-phosphate	inchikey_connectivity_formula_mass	2	FALSE	TRUE	1.99975147552323e-10	4.99937868880806e-07
MANNOSE-1P	26501	HMDB	HMDB0006330_25_shen	D-Mannose 1-phosphate	inchikey_connectivity_formula_mass	2	FALSE	TRUE	1.99975147552323e-10	4.99937868880806e-07
MANNOSE-1P	26502	HMDB	HMDB0006330_26_shen	D-Mannose 1-phosphate	inchikey_connectivity_formula_mass	2	FALSE	TRUE	1.99975147552323e-10	4.99937868880806e-07
MANNOSE-1P	26503	HMDB	HMDB0006330_27_shen	D-Mannose 1-phosphate	inchikey_connectivity_formula_mass	2	FALSE	TRUE	1.99975147552323e-10	4.99937868880806e-07
MANNOSE-1P	26504	HMDB	HMDB0006330_28_shen	D-Mannose 1-phosphate	inchikey_connectivity_formula_mass	2	FALSE	TRUE	1.99975147552323e-10	4.99937868880806e-07
MANNOSE-1P	26505	HMDB	HMDB0006330_29_shen	D-Mannose 1-phosphate	inchikey_connectivity_formula_mass	2	FALSE	TRUE	1.99975147552323e-10	4.99937868880806e-07
MANNOSE-1P	26506	HMDB	HMDB0006330_30_shen	D-Mannose 1-phosphate	inchikey_connectivity_formula_mass	2	FALSE	TRUE	1.99975147552323e-10	4.99937868880806e-07
MANNOSE-1P	26507	HMDB	HMDB0006330_31_shen	D-Mannose 1-phosphate	inchikey_connectivity_formula_mass	2	FALSE	TRUE	1.99975147552323e-10	4.99937868880806e-07
MANNOSE-1P	26508	HMDB	HMDB0006330_32_shen	D-Mannose 1-phosphate	inchikey_connectivity_formula_mass	2	FALSE	TRUE	1.99975147552323e-10	4.99937868880806e-07
MANNOSE-1P	26509	HMDB	HMDB0006330_33_shen	D-Mannose 1-phosphate	inchikey_connectivity_formula_mass	2	FALSE	TRUE	1.99975147552323e-10	4.99937868880806e-07
MANNOSE-1P	26510	HMDB	HMDB0006330_34_shen	D-Mannose 1-phosphate	inchikey_connectivity_formula_mass	2	FALSE	TRUE	1.99975147552323e-10	4.99937868880806e-07
MANNOSE-1P	26511	HMDB	HMDB0006330_35_shen	D-Mannose 1-phosphate	inchikey_connectivity_formula_mass	2	FALSE	TRUE	1.99975147552323e-10	4.99937868880806e-07
MANNOSE-1P	26512	HMDB	HMDB0006330_36_shen	D-Mannose 1-phosphate	inchikey_connectivity_formula_mass	2	FALSE	TRUE	1.99975147552323e-10	4.99937868880806e-07
MANNOSE-1P	26513	HMDB	HMDB0006330_37_shen	D-Mannose 1-phosphate	inchikey_connectivity_formula_mass	2	FALSE	TRUE	1.99975147552323e-10	4.99937868880806e-07
MANNOSE-1P	26514	HMDB	HMDB0006330_38_shen	D-Mannose 1-phosphate	inchikey_connectivity_formula_mass	2	FALSE	TRUE	1.99975147552323e-10	4.99937868880806e-07
MANNOSE-1P	26515	HMDB	HMDB0006330_39_shen	D-Mannose 1-phosphate	inchikey_connectivity_formula_mass	2	FALSE	TRUE	1.99975147552323e-10	4.99937868880806e-07
MANNOSE-1P	26516	HMDB	HMDB0006330_40_shen	D-Mannose 1-phosphate	inchikey_connectivity_formula_mass	2	FALSE	TRUE	1.99975147552323e-10	4.99937868880806e-07
MANNOSE-1P	26517	HMDB	HMDB0006330_41_shen	D-Mannose 1-phosphate	inchikey_connectivity_formula_mass	2	FALSE	TRUE	1.99975147552323e-10	4.99937868880806e-07
MANNOSE-1P	26518	HMDB	HMDB0006330_42_shen	D-Mannose 1-phosphate	inchikey_connectivity_formula_mass	2	FALSE	TRUE	1.99975147552323e-10	4.99937868880806e-07
MANNOSE-1P	26519	HMDB	HMDB0006330_43_shen	D-Mannose 1-phosphate	inchikey_connectivity_formula_mass	2	FALSE	TRUE	1.99975147552323e-10	4.99937868880806e-07
MANNOSE-1P	26520	HMDB	HMDB0006330_44_shen	D-Mannose 1-phosphate	inchikey_connectivity_formula_mass	2	FALSE	TRUE	1.99975147552323e-10	4.99937868880806e-07
MANNOSE-1P	26521	HMDB	HMDB0006330_45_shen	D-Mannose 1-phosphate	inchikey_connectivity_formula_mass	2	FALSE	TRUE	1.99975147552323e-10	4.99937868880806e-07
MANNOSE-1P	26522	HMDB	HMDB0006330_46_shen	D-Mannose 1-phosphate	inchikey_connectivity_formula_mass	2	FALSE	TRUE	1.99975147552323e-10	4.99937868880806e-07
MANNOSE-1P	26523	HMDB	HMDB0006330_47_shen	D-Mannose 1-phosphate	inchikey_connectivity_formula_mass	2	FALSE	TRUE	1.99975147552323e-10	4.99937868880806e-07
MANNOSE-1P	26524	HMDB	HMDB0006330_48_shen	D-Mannose 1-phosphate	inchikey_connectivity_formula_mass	2	FALSE	TRUE	1.99975147552323e-10	4.99937868880806e-07
MANNOSE-1P	26525	HMDB	HMDB0006330_49_shen	D-Mannose 1-phosphate	inchikey_connectivity_formula_mass	2	FALSE	TRUE	1.99975147552323e-10	4.99937868880806e-07
MANNOSE-1P	26526	HMDB	HMDB0006330_50_shen	D-Mannose 1-phosphate	inchikey_connectivity_formula_mass	2	FALSE	TRUE	1.99975147552323e-10	4.99937868880806e-07
MANNOSE-1P	26527	HMDB	HMDB0006330_51_shen	D-Mannose 1-phosphate	inchikey_connectivity_formula_mass	2	FALSE	TRUE	1.99975147552323e-10	4.99937868880806e-07
MANNOSE-1P	26528	HMDB	HMDB0006330_52_shen	D-Mannose 1-phosphate	inchikey_connectivity_formula_mass	2	FALSE	TRUE	1.99975147552323e-10	4.99937868880806e-07
MANNOSE-1P	26529	HMDB	HMDB0006330_53_shen	D-Mannose 1-phosphate	inchikey_connectivity_formula_mass	2	FALSE	TRUE	1.99975147552323e-10	4.99937868880806e-07
MANNOSE-1P	26530	HMDB	HMDB0006330_54_shen	D-Mannose 1-phosphate	inchikey_connectivity_formula_mass	2	FALSE	TRUE	1.99975147552323e-10	4.99937868880806e-07
MANNOSE-1P	26531	HMDB	HMDB0006330_55_shen	D-Mannose 1-phosphate	inchikey_connectivity_formula_mass	2	FALSE	TRUE	1.99975147552323e-10	4.99937868880806e-07
MANNOSE-1P	26532	HMDB	HMDB0006330_56_shen	D-Mannose 1-phosphate	inchikey_connectivity_formula_mass	2	FALSE	TRUE	1.99975147552323e-10	4.99937868880806e-07
MANNOSE-1P	26533	HMDB	HMDB0006330_57_shen	D-Mannose 1-phosphate	inchikey_connectivity_formula_mass	2	FALSE	TRUE	1.99975147552323e-10	4.99937868880806e-07
MANNOSE-1P	26534	HMDB	HMDB0006330_58_shen	D-Mannose 1-phosphate	inchikey_connectivity_formula_mass	2	FALSE	TRUE	1.99975147552323e-10	4.99937868880806e-07
MANNOSE-1P	26535	HMDB	HMDB0006330_59_shen	D-Mannose 1-phosphate	inchikey_connectivity_formula_mass	2	FALSE	TRUE	1.99975147552323e-10	4.99937868880806e-07
MANNOSE-1P	26536	HMDB	HMDB0006330_60_shen	D-Mannose 1-phosphate	inchikey_connectivity_formula_mass	2	FALSE	TRUE	1.99975147552323e-10	4.99937868880806e-07
MANNOSE-1P	26537	HMDB	HMDB0006330_61_shen	D-Mannose 1-phosphate	inchikey_connectivity_formula_mass	2	FALSE	TRUE	1.99975147552323e-10	4.99937868880806e-07
MANNOSE-1P	26538	HMDB	HMDB0006330_62_shen	D-Mannose 1-phosphate	inchikey_connectivity_formula_mass	2	FALSE	TRUE	1.99975147552323e-10	4.99937868880806e-07
MANNOSE-1P	26539	HMDB	HMDB0006330_63_shen	D-Mannose 1-phosphate	inchikey_connectivity_formula_mass	2	FALSE	TRUE	1.99975147552323e-10	4.99937868880806e-07
MANNOSE-1P	26540	HMDB	HMDB0006330_64_shen	D-Mannose 1-phosphate	inchikey_connectivity_formula_mass	2	FALSE	TRUE	1.99975147552323e-10	4.99937868880806e-07
MANNOSE-1P	26541	HMDB	HMDB0006330_65_shen	D-Mannose 1-phosphate	inchikey_connectivity_formula_mass	2	FALSE	TRUE	1.99975147552323e-10	4.99937868880806e-07
MANNOSE-1P	26542	HMDB	HMDB0006330_66_shen	D-Mannose 1-phosphate	inchikey_connectivity_formula_mass	2	FALSE	TRUE	1.99975147552323e-10	4.99937868880806e-07
MANNOSE-1P	26543	HMDB	HMDB0006330_67_shen	D-Mannose 1-phosphate	inchikey_connectivity_formula_mass	2	FALSE	TRUE	1.99975147552323e-10	4.99937868880806e-07
MANNOSE-1P	26544	HMDB	HMDB0006330_68_shen	D-Mannose 1-phosphate	inchikey_connectivity_formula_mass	2	FALSE	TRUE	1.99975147552323e-10	4.99937868880806e-07
MANNOSE-1P	26545	HMDB	HMDB0006330_69_shen	D-Mannose 1-phosphate	inchikey_connectivity_formula_mass	2	FALSE	TRUE	1.99975147552323e-10	4.99937868880806e-07
MANNOSE-1P	26546	HMDB	HMDB0006330_70_shen	D-Mannose 1-phosphate	inchikey_connectivity_formula_mass	2	FALSE	TRUE	1.99975147552323e-10	4.99937868880806e-07
MANNOSE-1P	26547	HMDB	HMDB0006330_71_shen	D-Mannose 1-phosphate	inchikey_connectivity_formula_mass	2	FALSE	TRUE	1.99975147552323e-10	4.99937868880806e-07
MANNOSE-1P	26548	HMDB	HMDB0006330_72_shen	D-Mannose 1-phosphate	inchikey_connectivity_formula_mass	2	FALSE	TRUE	1.99975147552323e-10	4.99937868880806e-07
MANNOSE-1P	26549	HMDB	HMDB0006330_73_shen	D-Mannose 1-phosphate	inchikey_connectivity_formula_mass	2	FALSE	TRUE	1.99975147552323e-10	4.99937868880806e-07
BETA-TOCOPHEROL	26560	HMDB	HMDB0006335_1_shen	beta-Tocopherol	inchikey	1	TRUE	TRUE	5.00000396641553e-09	1.20086913963744e-05
BETA-TOCOPHEROL	26561	HMDB	HMDB0006335_2_shen	beta-Tocopherol	inchikey	1	TRUE	TRUE	5.00000396641553e-09	1.20086913963744e-05
CPD-9777	26586	HMDB	HMDB0006406_1_shen	Ecgonine methyl ester	name_formula_mass	4	FALSE	TRUE	2.20001084016985e-09	5.50002710042463e-06
CPD-9777	26587	HMDB	HMDB0006406_2_shen	Ecgonine methyl ester	name_formula_mass	4	FALSE	TRUE	2.20001084016985e-09	5.50002710042463e-06
CPD-9777	26588	HMDB	HMDB0006406_3_shen	Ecgonine methyl ester	name_formula_mass	4	FALSE	TRUE	2.20001084016985e-09	5.50002710042463e-06
CPD-9777	26589	HMDB	HMDB0006406_4_shen	Ecgonine methyl ester	name_formula_mass	4	FALSE	TRUE	2.20001084016985e-09	5.50002710042463e-06
CPD-9777	26590	HMDB	HMDB0006406_5_shen	Ecgonine methyl ester	name_formula_mass	4	FALSE	TRUE	2.20001084016985e-09	5.50002710042463e-06
CPD-9777	26591	HMDB	HMDB0006406_6_shen	Ecgonine methyl ester	name_formula_mass	4	FALSE	TRUE	2.20001084016985e-09	5.50002710042463e-06
CPD-9777	26592	HMDB	HMDB0006406_7_shen	Ecgonine methyl ester	name_formula_mass	4	FALSE	TRUE	2.20001084016985e-09	5.50002710042463e-06
CPD-9777	26593	HMDB	HMDB0006406_8_shen	Ecgonine methyl ester	name_formula_mass	4	FALSE	TRUE	2.20001084016985e-09	5.50002710042463e-06
CPD-9777	26594	HMDB	HMDB0006406_9_shen	Ecgonine methyl ester	name_formula_mass	4	FALSE	TRUE	2.20001084016985e-09	5.50002710042463e-06
CPD-9777	26595	HMDB	HMDB0006406_10_shen	Ecgonine methyl ester	name_formula_mass	4	FALSE	TRUE	2.20001084016985e-09	5.50002710042463e-06
CPD-9777	26596	HMDB	HMDB0006406_11_shen	Ecgonine methyl ester	name_formula_mass	4	FALSE	TRUE	2.20001084016985e-09	5.50002710042463e-06
CPD-9777	26597	HMDB	HMDB0006406_12_shen	Ecgonine methyl ester	name_formula_mass	4	FALSE	TRUE	2.20001084016985e-09	5.50002710042463e-06
CPD-9777	26598	HMDB	HMDB0006406_13_shen	Ecgonine methyl ester	name_formula_mass	4	FALSE	TRUE	2.20001084016985e-09	5.50002710042463e-06
CPD-9777	26599	HMDB	HMDB0006406_14_shen	Ecgonine methyl ester	name_formula_mass	4	FALSE	TRUE	2.20001084016985e-09	5.50002710042463e-06
CPD-7031	26600	HMDB	HMDB0006478_1_shen	Isovaleraldehyde	inchikey	1	TRUE	TRUE	1.09999120923021e-09	2.74997802307553e-06
CPD-7031	26601	HMDB	HMDB0006478_2_shen	Isovaleraldehyde	inchikey	1	TRUE	TRUE	1.09999120923021e-09	2.74997802307553e-06
CPD-7031	26602	HMDB	HMDB0006478_3_shen	Isovaleraldehyde	inchikey	1	TRUE	TRUE	1.09999120923021e-09	2.74997802307553e-06
CPD-7031	26603	HMDB	HMDB0006478_4_shen	Isovaleraldehyde	inchikey	1	TRUE	TRUE	1.09999120923021e-09	2.74997802307553e-06
CPD-7031	26604	HMDB	HMDB0006478_5_shen	Isovaleraldehyde	inchikey	1	TRUE	TRUE	1.09999120923021e-09	2.74997802307553e-06
CPD-302	26605	HMDB	HMDB0006483_1_shen	D-Aspartic acid	inchikey_connectivity_formula_mass	2	FALSE	TRUE	1.29998056763725e-09	3.24995141909312e-06
CPD-302	26606	HMDB	HMDB0006483_2_shen	D-Aspartic acid	inchikey_connectivity_formula_mass	2	FALSE	TRUE	1.29998056763725e-09	3.24995141909312e-06
CPD-302	26607	HMDB	HMDB0006483_3_shen	D-Aspartic acid	inchikey_connectivity_formula_mass	2	FALSE	TRUE	1.29998056763725e-09	3.24995141909312e-06
CPD-302	26608	HMDB	HMDB0006483_4_shen	D-Aspartic acid	inchikey_connectivity_formula_mass	2	FALSE	TRUE	1.29998056763725e-09	3.24995141909312e-06
CPD-302	26609	HMDB	HMDB0006483_5_shen	D-Aspartic acid	inchikey_connectivity_formula_mass	2	FALSE	TRUE	1.29998056763725e-09	3.24995141909312e-06
CPD-302	26610	HMDB	HMDB0006483_6_shen	D-Aspartic acid	inchikey_connectivity_formula_mass	2	FALSE	TRUE	1.29998056763725e-09	3.24995141909312e-06
CPD-302	26611	HMDB	HMDB0006483_7_shen	D-Aspartic acid	inchikey_connectivity_formula_mass	2	FALSE	TRUE	1.29998056763725e-09	3.24995141909312e-06
INDOLEYL-CPD	26612	HMDB	HMDB0006524_1_shen	3-Indoleacetonitrile	inchikey	1	TRUE	TRUE	1.20002141557052e-09	3.0000535389263e-06
INDOLEYL-CPD	26613	HMDB	HMDB0006524_2_shen	3-Indoleacetonitrile	inchikey	1	TRUE	TRUE	1.20002141557052e-09	3.0000535389263e-06
INDOLEYL-CPD	26614	HMDB	HMDB0006524_3_shen	3-Indoleacetonitrile	inchikey	1	TRUE	TRUE	1.20002141557052e-09	3.0000535389263e-06
INDOLEYL-CPD	26615	HMDB	HMDB0006524_4_shen	3-Indoleacetonitrile	inchikey	1	TRUE	TRUE	1.20002141557052e-09	3.0000535389263e-06
INDOLEYL-CPD	26616	HMDB	HMDB0006524_5_shen	3-Indoleacetonitrile	inchikey	1	TRUE	TRUE	1.20002141557052e-09	3.0000535389263e-06
INDOLEYL-CPD	26617	HMDB	HMDB0006524_6_shen	3-Indoleacetonitrile	inchikey	1	TRUE	TRUE	1.20002141557052e-09	3.0000535389263e-06
INDOLEYL-CPD	26618	HMDB	HMDB0006524_7_shen	3-Indoleacetonitrile	inchikey	1	TRUE	TRUE	1.20002141557052e-09	3.0000535389263e-06
INDOLEYL-CPD	26619	HMDB	HMDB0006524_8_shen	3-Indoleacetonitrile	inchikey	1	TRUE	TRUE	1.20002141557052e-09	3.0000535389263e-06
INDOLEYL-CPD	26620	HMDB	HMDB0006524_9_shen	3-Indoleacetonitrile	inchikey	1	TRUE	TRUE	1.20002141557052e-09	3.0000535389263e-06
INDOLEYL-CPD	26621	HMDB	HMDB0006524_10_shen	3-Indoleacetonitrile	inchikey	1	TRUE	TRUE	1.20002141557052e-09	3.0000535389263e-06
INDOLEYL-CPD	26622	HMDB	HMDB0006524_11_shen	3-Indoleacetonitrile	inchikey	1	TRUE	TRUE	1.20002141557052e-09	3.0000535389263e-06
INDOLEYL-CPD	26623	HMDB	HMDB0006524_12_shen	3-Indoleacetonitrile	inchikey	1	TRUE	TRUE	1.20002141557052e-09	3.0000535389263e-06
INDOLEYL-CPD	26624	HMDB	HMDB0006524_13_shen	3-Indoleacetonitrile	inchikey	1	TRUE	TRUE	1.20002141557052e-09	3.0000535389263e-06
INDOLEYL-CPD	26625	HMDB	HMDB0006524_14_shen	3-Indoleacetonitrile	inchikey	1	TRUE	TRUE	1.20002141557052e-09	3.0000535389263e-06
INDOLEYL-CPD	26626	HMDB	HMDB0006524_15_shen	3-Indoleacetonitrile	inchikey	1	TRUE	TRUE	1.20002141557052e-09	3.0000535389263e-06
INDOLEYL-CPD	26627	HMDB	HMDB0006524_16_shen	3-Indoleacetonitrile	inchikey	1	TRUE	TRUE	1.20002141557052e-09	3.0000535389263e-06
INDOLEYL-CPD	26628	HMDB	HMDB0006524_17_shen	3-Indoleacetonitrile	inchikey	1	TRUE	TRUE	1.20002141557052e-09	3.0000535389263e-06
INDOLEYL-CPD	26629	HMDB	HMDB0006524_18_shen	3-Indoleacetonitrile	inchikey	1	TRUE	TRUE	1.20002141557052e-09	3.0000535389263e-06
INDOLEYL-CPD	26630	HMDB	HMDB0006524_19_shen	3-Indoleacetonitrile	inchikey	1	TRUE	TRUE	1.20002141557052e-09	3.0000535389263e-06
INDOLEYL-CPD	26631	HMDB	HMDB0006524_20_shen	3-Indoleacetonitrile	inchikey	1	TRUE	TRUE	1.20002141557052e-09	3.0000535389263e-06
INDOLEYL-CPD	26632	HMDB	HMDB0006524_21_shen	3-Indoleacetonitrile	inchikey	1	TRUE	TRUE	1.20002141557052e-09	3.0000535389263e-06
INDOLEYL-CPD	26633	HMDB	HMDB0006524_22_shen	3-Indoleacetonitrile	inchikey	1	TRUE	TRUE	1.20002141557052e-09	3.0000535389263e-06
INDOLEYL-CPD	26634	HMDB	HMDB0006524_23_shen	3-Indoleacetonitrile	inchikey	1	TRUE	TRUE	1.20002141557052e-09	3.0000535389263e-06
INDOLEYL-CPD	26635	HMDB	HMDB0006524_24_shen	3-Indoleacetonitrile	inchikey	1	TRUE	TRUE	1.20002141557052e-09	3.0000535389263e-06
CPD-13792	26636	HMDB	HMDB0006528_1_shen	Docosapentaenoic acid (22n-3)	inchikey_connectivity_formula_mass	2	FALSE	TRUE	3.60000740329269e-09	9.00001850823173e-06
CPD-13792	26637	HMDB	HMDB0006528_2_shen	Docosapentaenoic acid (22n-3)	inchikey_connectivity_formula_mass	2	FALSE	TRUE	3.60000740329269e-09	9.00001850823173e-06
CPD-13792	26638	HMDB	HMDB0006528_3_shen	Docosapentaenoic acid (22n-3)	inchikey_connectivity_formula_mass	2	FALSE	TRUE	3.60000740329269e-09	9.00001850823173e-06
CPD-12653	26639	HMDB	HMDB0006547_1_shen	Stearidonic acid	inchikey_connectivity_formula_mass	2	FALSE	TRUE	3.00002511721686e-09	7.50006279304216e-06
CPD-12653	26640	HMDB	HMDB0006547_2_shen	Stearidonic acid	inchikey_connectivity_formula_mass	2	FALSE	TRUE	3.00002511721686e-09	7.50006279304216e-06
CPD-12653	26641	HMDB	HMDB0006547_3_shen	Stearidonic acid	inchikey_connectivity_formula_mass	2	FALSE	TRUE	3.00002511721686e-09	7.50006279304216e-06
CPD-12653	26642	HMDB	HMDB0006547_4_shen	Stearidonic acid	inchikey_connectivity_formula_mass	2	FALSE	TRUE	3.00002511721686e-09	7.50006279304216e-06
CPD-12653	26643	HMDB	HMDB0006547_5_shen	Stearidonic acid	inchikey_connectivity_formula_mass	2	FALSE	TRUE	3.00002511721686e-09	7.50006279304216e-06
CPD-12653	26644	HMDB	HMDB0006547_6_shen	Stearidonic acid	inchikey_connectivity_formula_mass	2	FALSE	TRUE	3.00002511721686e-09	7.50006279304216e-06
CPD-12653	26645	HMDB	HMDB0006547_7_shen	Stearidonic acid	inchikey_connectivity_formula_mass	2	FALSE	TRUE	3.00002511721686e-09	7.50006279304216e-06
CPD-12653	26646	HMDB	HMDB0006547_8_shen	Stearidonic acid	inchikey_connectivity_formula_mass	2	FALSE	TRUE	3.00002511721686e-09	7.50006279304216e-06
CPD-12653	26647	HMDB	HMDB0006547_9_shen	Stearidonic acid	inchikey_connectivity_formula_mass	2	FALSE	TRUE	3.00002511721686e-09	7.50006279304216e-06
CPD-12653	26648	HMDB	HMDB0006547_10_shen	Stearidonic acid	inchikey_connectivity_formula_mass	2	FALSE	TRUE	3.00002511721686e-09	7.50006279304216e-06
CPD-12653	26649	HMDB	HMDB0006547_11_shen	Stearidonic acid	inchikey_connectivity_formula_mass	2	FALSE	TRUE	3.00002511721686e-09	7.50006279304216e-06
CPD-12653	26650	HMDB	HMDB0006547_12_shen	Stearidonic acid	inchikey_connectivity_formula_mass	2	FALSE	TRUE	3.00002511721686e-09	7.50006279304216e-06
CPD-12653	26651	HMDB	HMDB0006547_13_shen	Stearidonic acid	inchikey_connectivity_formula_mass	2	FALSE	TRUE	3.00002511721686e-09	7.50006279304216e-06
CPD-12653	26652	HMDB	HMDB0006547_14_shen	Stearidonic acid	inchikey_connectivity_formula_mass	2	FALSE	TRUE	3.00002511721686e-09	7.50006279304216e-06
CPD-12653	26653	HMDB	HMDB0006547_15_shen	Stearidonic acid	inchikey_connectivity_formula_mass	2	FALSE	TRUE	3.00002511721686e-09	7.50006279304216e-06
CPD-12653	26654	HMDB	HMDB0006547_16_shen	Stearidonic acid	inchikey_connectivity_formula_mass	2	FALSE	TRUE	3.00002511721686e-09	7.50006279304216e-06
CPD-12653	26655	HMDB	HMDB0006547_17_shen	Stearidonic acid	inchikey_connectivity_formula_mass	2	FALSE	TRUE	3.00002511721686e-09	7.50006279304216e-06
CPD-12653	26656	HMDB	HMDB0006547_18_shen	Stearidonic acid	inchikey_connectivity_formula_mass	2	FALSE	TRUE	3.00002511721686e-09	7.50006279304216e-06
CPD-12653	26657	HMDB	HMDB0006547_19_shen	Stearidonic acid	inchikey_connectivity_formula_mass	2	FALSE	TRUE	3.00002511721686e-09	7.50006279304216e-06
CPD-12653	26658	HMDB	HMDB0006547_20_shen	Stearidonic acid	inchikey_connectivity_formula_mass	2	FALSE	TRUE	3.00002511721686e-09	7.50006279304216e-06
CPD-12653	26659	HMDB	HMDB0006547_21_shen	Stearidonic acid	inchikey_connectivity_formula_mass	2	FALSE	TRUE	3.00002511721686e-09	7.50006279304216e-06
CPD-12653	26660	HMDB	HMDB0006547_22_shen	Stearidonic acid	inchikey_connectivity_formula_mass	2	FALSE	TRUE	3.00002511721686e-09	7.50006279304216e-06
CPD-12653	26661	HMDB	HMDB0006547_23_shen	Stearidonic acid	inchikey_connectivity_formula_mass	2	FALSE	TRUE	3.00002511721686e-09	7.50006279304216e-06
CPD-12653	26662	HMDB	HMDB0006547_24_shen	Stearidonic acid	inchikey_connectivity_formula_mass	2	FALSE	TRUE	3.00002511721686e-09	7.50006279304216e-06
CPD-12653	26663	HMDB	HMDB0006547_25_shen	Stearidonic acid	inchikey_connectivity_formula_mass	2	FALSE	TRUE	3.00002511721686e-09	7.50006279304216e-06
CPD-12653	26664	HMDB	HMDB0006547_26_shen	Stearidonic acid	inchikey_connectivity_formula_mass	2	FALSE	TRUE	3.00002511721686e-09	7.50006279304216e-06
CPD-12653	26665	HMDB	HMDB0006547_27_shen	Stearidonic acid	inchikey_connectivity_formula_mass	2	FALSE	TRUE	3.00002511721686e-09	7.50006279304216e-06
CPD-12653	26666	HMDB	HMDB0006547_28_shen	Stearidonic acid	inchikey_connectivity_formula_mass	2	FALSE	TRUE	3.00002511721686e-09	7.50006279304216e-06
CPD-12653	26667	HMDB	HMDB0006547_29_shen	Stearidonic acid	inchikey_connectivity_formula_mass	2	FALSE	TRUE	3.00002511721686e-09	7.50006279304216e-06
CPD-12653	26668	HMDB	HMDB0006547_30_shen	Stearidonic acid	inchikey_connectivity_formula_mass	2	FALSE	TRUE	3.00002511721686e-09	7.50006279304216e-06
CPD-12653	26669	HMDB	HMDB0006547_31_shen	Stearidonic acid	inchikey_connectivity_formula_mass	2	FALSE	TRUE	3.00002511721686e-09	7.50006279304216e-06
CPD-12653	26670	HMDB	HMDB0006547_32_shen	Stearidonic acid	inchikey_connectivity_formula_mass	2	FALSE	TRUE	3.00002511721686e-09	7.50006279304216e-06
CPD-12653	26671	HMDB	HMDB0006547_33_shen	Stearidonic acid	inchikey_connectivity_formula_mass	2	FALSE	TRUE	3.00002511721686e-09	7.50006279304216e-06
CPD-12653	26672	HMDB	HMDB0006547_34_shen	Stearidonic acid	inchikey_connectivity_formula_mass	2	FALSE	TRUE	3.00002511721686e-09	7.50006279304216e-06
CPD-12653	26673	HMDB	HMDB0006547_35_shen	Stearidonic acid	inchikey_connectivity_formula_mass	2	FALSE	TRUE	3.00002511721686e-09	7.50006279304216e-06
CPD-12653	26674	HMDB	HMDB0006547_36_shen	Stearidonic acid	inchikey_connectivity_formula_mass	2	FALSE	TRUE	3.00002511721686e-09	7.50006279304216e-06
CPD-12653	26675	HMDB	HMDB0006547_37_shen	Stearidonic acid	inchikey_connectivity_formula_mass	2	FALSE	TRUE	3.00002511721686e-09	7.50006279304216e-06
CPD-12653	26676	HMDB	HMDB0006547_38_shen	Stearidonic acid	inchikey_connectivity_formula_mass	2	FALSE	TRUE	3.00002511721686e-09	7.50006279304216e-06
CPD-12653	26677	HMDB	HMDB0006547_39_shen	Stearidonic acid	inchikey_connectivity_formula_mass	2	FALSE	TRUE	3.00002511721686e-09	7.50006279304216e-06
CPD-12653	26678	HMDB	HMDB0006547_40_shen	Stearidonic acid	inchikey_connectivity_formula_mass	2	FALSE	TRUE	3.00002511721686e-09	7.50006279304216e-06
DIMP	26680	HMDB	HMDB0006555_1_shen	dIMP	inchikey_connectivity_formula_mass	2	FALSE	TRUE	8.00014277047012e-10	2.00003569261753e-06
DIMP	26681	HMDB	HMDB0006555_2_shen	dIMP	inchikey_connectivity_formula_mass	2	FALSE	TRUE	8.00014277047012e-10	2.00003569261753e-06
DIMP	26682	HMDB	HMDB0006555_3_shen	dIMP	inchikey_connectivity_formula_mass	2	FALSE	TRUE	8.00014277047012e-10	2.00003569261753e-06
DIMP	26683	HMDB	HMDB0006555_4_shen	dIMP	inchikey_connectivity_formula_mass	2	FALSE	TRUE	8.00014277047012e-10	2.00003569261753e-06
DIMP	26684	HMDB	HMDB0006555_5_shen	dIMP	inchikey_connectivity_formula_mass	2	FALSE	TRUE	8.00014277047012e-10	2.00003569261753e-06
DIMP	26685	HMDB	HMDB0006555_6_shen	dIMP	inchikey_connectivity_formula_mass	2	FALSE	TRUE	8.00014277047012e-10	2.00003569261753e-06
DIMP	26686	HMDB	HMDB0006555_7_shen	dIMP	inchikey_connectivity_formula_mass	2	FALSE	TRUE	8.00014277047012e-10	2.00003569261753e-06
ADP-D-GLUCOSE	26687	HMDB	HMDB0006557_1_shen	ADP-glucose	inchikey_connectivity_formula_mass	2	FALSE	TRUE	9.99989424599335e-10	1.6975378984246e-06
ADP-D-GLUCOSE	26688	HMDB	HMDB0006557_2_shen	ADP-glucose	inchikey_connectivity_formula_mass	2	FALSE	TRUE	9.99989424599335e-10	1.6975378984246e-06
ADP-D-GLUCOSE	26689	HMDB	HMDB0006557_3_shen	ADP-glucose	inchikey_connectivity_formula_mass	2	FALSE	TRUE	9.99989424599335e-10	1.6975378984246e-06
ADP-D-GLUCOSE	26690	HMDB	HMDB0006557_4_shen	ADP-glucose	inchikey_connectivity_formula_mass	2	FALSE	TRUE	9.99989424599335e-10	1.6975378984246e-06
ADP-D-GLUCOSE	26691	HMDB	HMDB0006557_5_shen	ADP-glucose	inchikey_connectivity_formula_mass	2	FALSE	TRUE	9.99989424599335e-10	1.6975378984246e-06
ADP-D-GLUCOSE	26692	HMDB	HMDB0006557_6_shen	ADP-glucose	inchikey_connectivity_formula_mass	2	FALSE	TRUE	9.99989424599335e-10	1.6975378984246e-06
ADP-D-GLUCOSE	26693	HMDB	HMDB0006557_7_shen	ADP-glucose	inchikey_connectivity_formula_mass	2	FALSE	TRUE	9.99989424599335e-10	1.6975378984246e-06
ADP-D-GLUCOSE	26694	HMDB	HMDB0006557_8_shen	ADP-glucose	inchikey_connectivity_formula_mass	2	FALSE	TRUE	9.99989424599335e-10	1.6975378984246e-06
UBIQUINONE-2	26697	HMDB	HMDB0006709_1_shen	Ubiquinone-2	inchikey	1	TRUE	TRUE	2.999968273798e-09	7.49992068449501e-06
UBIQUINONE-2	26698	HMDB	HMDB0006709_2_shen	Ubiquinone-2	inchikey	1	TRUE	TRUE	2.999968273798e-09	7.49992068449501e-06
UBIQUINONE-2	26699	HMDB	HMDB0006709_3_shen	Ubiquinone-2	inchikey	1	TRUE	TRUE	2.999968273798e-09	7.49992068449501e-06
UBIQUINONE-2	26700	HMDB	HMDB0006709_4_shen	Ubiquinone-2	inchikey	1	TRUE	TRUE	2.999968273798e-09	7.49992068449501e-06
ACETOL	26730	HMDB	HMDB0006961_1_shen	Hydroxyacetone	inchikey	1	TRUE	TRUE	8.00000066192297e-10	2.00000016548074e-06
ACETOL	26731	HMDB	HMDB0006961_2_shen	Hydroxyacetone	inchikey	1	TRUE	TRUE	8.00000066192297e-10	2.00000016548074e-06
ACETOL	26732	HMDB	HMDB0006961_3_shen	Hydroxyacetone	inchikey	1	TRUE	TRUE	8.00000066192297e-10	2.00000016548074e-06
ACETOL	26733	HMDB	HMDB0006961_4_shen	Hydroxyacetone	inchikey	1	TRUE	TRUE	8.00000066192297e-10	2.00000016548074e-06
ACETOL	26734	HMDB	HMDB0006961_5_shen	Hydroxyacetone	inchikey	1	TRUE	TRUE	8.00000066192297e-10	2.00000016548074e-06
ACETOL	26735	HMDB	HMDB0006961_6_shen	Hydroxyacetone	inchikey	1	TRUE	TRUE	8.00000066192297e-10	2.00000016548074e-06
ACETOL	26736	HMDB	HMDB0006961_7_shen	Hydroxyacetone	inchikey	1	TRUE	TRUE	8.00000066192297e-10	2.00000016548074e-06
ACETOL	26737	HMDB	HMDB0006961_8_shen	Hydroxyacetone	inchikey	1	TRUE	TRUE	8.00000066192297e-10	2.00000016548074e-06
ACETOL	26738	HMDB	HMDB0006961_9_shen	Hydroxyacetone	inchikey	1	TRUE	TRUE	8.00000066192297e-10	2.00000016548074e-06
ACETOL	26739	HMDB	HMDB0006961_10_shen	Hydroxyacetone	inchikey	1	TRUE	TRUE	8.00000066192297e-10	2.00000016548074e-06
ACETOL	26740	HMDB	HMDB0006961_11_shen	Hydroxyacetone	inchikey	1	TRUE	TRUE	8.00000066192297e-10	2.00000016548074e-06
ACETOL	26741	HMDB	HMDB0006961_12_shen	Hydroxyacetone	inchikey	1	TRUE	TRUE	8.00000066192297e-10	2.00000016548074e-06
ACETOL	26742	HMDB	HMDB0006961_13_shen	Hydroxyacetone	inchikey	1	TRUE	TRUE	8.00000066192297e-10	2.00000016548074e-06
ACETOL	26743	HMDB	HMDB0006961_14_shen	Hydroxyacetone	inchikey	1	TRUE	TRUE	8.00000066192297e-10	2.00000016548074e-06
ACETOL	26744	HMDB	HMDB0006961_15_shen	Hydroxyacetone	inchikey	1	TRUE	TRUE	8.00000066192297e-10	2.00000016548074e-06
ACETOL	26745	HMDB	HMDB0006961_16_shen	Hydroxyacetone	inchikey	1	TRUE	TRUE	8.00000066192297e-10	2.00000016548074e-06
ACETOL	26746	HMDB	HMDB0006961_17_shen	Hydroxyacetone	inchikey	1	TRUE	TRUE	8.00000066192297e-10	2.00000016548074e-06
ACETOL	26747	HMDB	HMDB0006961_18_shen	Hydroxyacetone	inchikey	1	TRUE	TRUE	8.00000066192297e-10	2.00000016548074e-06
CPD-15977	26753	HMDB	HMDB0007218_1_shen	DG(18:1(9Z)/18:1(9Z)/0:0)	inchikey	1	TRUE	TRUE	7.70000951888505e-09	1.24086032182839e-05
CPD-15977	26754	HMDB	HMDB0007218_2_shen	DG(18:1(9Z)/18:1(9Z)/0:0)	inchikey	1	TRUE	TRUE	7.70000951888505e-09	1.24086032182839e-05
CPD-15977	26755	HMDB	HMDB0007218_3_shen	DG(18:1(9Z)/18:1(9Z)/0:0)	inchikey	1	TRUE	TRUE	7.70000951888505e-09	1.24086032182839e-05
CPD-15977	26756	HMDB	HMDB0007218_4_shen	DG(18:1(9Z)/18:1(9Z)/0:0)	inchikey	1	TRUE	TRUE	7.70000951888505e-09	1.24086032182839e-05
CPD-15977	26757	HMDB	HMDB0007218_5_shen	DG(18:1(9Z)/18:1(9Z)/0:0)	inchikey	1	TRUE	TRUE	7.70000951888505e-09	1.24086032182839e-05
CPD-15977	26758	HMDB	HMDB0007218_6_shen	DG(18:1(9Z)/18:1(9Z)/0:0)	inchikey	1	TRUE	TRUE	7.70000951888505e-09	1.24086032182839e-05
CPD-15977	26759	HMDB	HMDB0007218_7_shen	DG(18:1(9Z)/18:1(9Z)/0:0)	inchikey	1	TRUE	TRUE	7.70000951888505e-09	1.24086032182839e-05
CPD-15977	26760	HMDB	HMDB0007218_8_shen	DG(18:1(9Z)/18:1(9Z)/0:0)	inchikey	1	TRUE	TRUE	7.70000951888505e-09	1.24086032182839e-05
CPD-15977	26761	HMDB	HMDB0007218_9_shen	DG(18:1(9Z)/18:1(9Z)/0:0)	inchikey	1	TRUE	TRUE	7.70000951888505e-09	1.24086032182839e-05
CPD-15977	26762	HMDB	HMDB0007218_10_shen	DG(18:1(9Z)/18:1(9Z)/0:0)	inchikey	1	TRUE	TRUE	7.70000951888505e-09	1.24086032182839e-05
CPD-15977	26763	HMDB	HMDB0007218_11_shen	DG(18:1(9Z)/18:1(9Z)/0:0)	inchikey	1	TRUE	TRUE	7.70000951888505e-09	1.24086032182839e-05
CPD-15977	26764	HMDB	HMDB0007218_12_shen	DG(18:1(9Z)/18:1(9Z)/0:0)	inchikey	1	TRUE	TRUE	7.70000951888505e-09	1.24086032182839e-05
CPD-15977	26765	HMDB	HMDB0007218_13_shen	DG(18:1(9Z)/18:1(9Z)/0:0)	inchikey	1	TRUE	TRUE	7.70000951888505e-09	1.24086032182839e-05
CPD-15977	26766	HMDB	HMDB0007218_14_shen	DG(18:1(9Z)/18:1(9Z)/0:0)	inchikey	1	TRUE	TRUE	7.70000951888505e-09	1.24086032182839e-05
CPD-15977	26767	HMDB	HMDB0007218_15_shen	DG(18:1(9Z)/18:1(9Z)/0:0)	inchikey	1	TRUE	TRUE	7.70000951888505e-09	1.24086032182839e-05
CPD-15977	26768	HMDB	HMDB0007218_16_shen	DG(18:1(9Z)/18:1(9Z)/0:0)	inchikey	1	TRUE	TRUE	7.70000951888505e-09	1.24086032182839e-05
CPD-15977	26769	HMDB	HMDB0007218_17_shen	DG(18:1(9Z)/18:1(9Z)/0:0)	inchikey	1	TRUE	TRUE	7.70000951888505e-09	1.24086032182839e-05
CPD-15977	26770	HMDB	HMDB0007218_18_shen	DG(18:1(9Z)/18:1(9Z)/0:0)	inchikey	1	TRUE	TRUE	7.70000951888505e-09	1.24086032182839e-05
CPD-15977	26771	HMDB	HMDB0007218_19_shen	DG(18:1(9Z)/18:1(9Z)/0:0)	inchikey	1	TRUE	TRUE	7.70000951888505e-09	1.24086032182839e-05
CPD-15977	26772	HMDB	HMDB0007218_20_shen	DG(18:1(9Z)/18:1(9Z)/0:0)	inchikey	1	TRUE	TRUE	7.70000951888505e-09	1.24086032182839e-05
CPD-15977	26773	HMDB	HMDB0007218_21_shen	DG(18:1(9Z)/18:1(9Z)/0:0)	inchikey	1	TRUE	TRUE	7.70000951888505e-09	1.24086032182839e-05
CPD-15977	26774	HMDB	HMDB0007218_22_shen	DG(18:1(9Z)/18:1(9Z)/0:0)	inchikey	1	TRUE	TRUE	7.70000951888505e-09	1.24086032182839e-05
CPD-15977	26775	HMDB	HMDB0007218_23_shen	DG(18:1(9Z)/18:1(9Z)/0:0)	inchikey	1	TRUE	TRUE	7.70000951888505e-09	1.24086032182839e-05
CPD-15977	26776	HMDB	HMDB0007218_24_shen	DG(18:1(9Z)/18:1(9Z)/0:0)	inchikey	1	TRUE	TRUE	7.70000951888505e-09	1.24086032182839e-05
CPD-15977	26777	HMDB	HMDB0007218_25_shen	DG(18:1(9Z)/18:1(9Z)/0:0)	inchikey	1	TRUE	TRUE	7.70000951888505e-09	1.24086032182839e-05
CPD-15977	26778	HMDB	HMDB0007218_26_shen	DG(18:1(9Z)/18:1(9Z)/0:0)	inchikey	1	TRUE	TRUE	7.70000951888505e-09	1.24086032182839e-05
CPD-15977	26779	HMDB	HMDB0007218_27_shen	DG(18:1(9Z)/18:1(9Z)/0:0)	inchikey	1	TRUE	TRUE	7.70000951888505e-09	1.24086032182839e-05
CPD-15977	26780	HMDB	HMDB0007218_28_shen	DG(18:1(9Z)/18:1(9Z)/0:0)	inchikey	1	TRUE	TRUE	7.70000951888505e-09	1.24086032182839e-05
CPD-15977	26781	HMDB	HMDB0007218_29_shen	DG(18:1(9Z)/18:1(9Z)/0:0)	inchikey	1	TRUE	TRUE	7.70000951888505e-09	1.24086032182839e-05
CPD-15977	26782	HMDB	HMDB0007218_30_shen	DG(18:1(9Z)/18:1(9Z)/0:0)	inchikey	1	TRUE	TRUE	7.70000951888505e-09	1.24086032182839e-05
CPD-15977	26783	HMDB	HMDB0007218_31_shen	DG(18:1(9Z)/18:1(9Z)/0:0)	inchikey	1	TRUE	TRUE	7.70000951888505e-09	1.24086032182839e-05
CPD-15977	26784	HMDB	HMDB0007218_32_shen	DG(18:1(9Z)/18:1(9Z)/0:0)	inchikey	1	TRUE	TRUE	7.70000951888505e-09	1.24086032182839e-05
CPD-15977	26785	HMDB	HMDB0007218_33_shen	DG(18:1(9Z)/18:1(9Z)/0:0)	inchikey	1	TRUE	TRUE	7.70000951888505e-09	1.24086032182839e-05
CPD-15977	26786	HMDB	HMDB0007218_34_shen	DG(18:1(9Z)/18:1(9Z)/0:0)	inchikey	1	TRUE	TRUE	7.70000951888505e-09	1.24086032182839e-05
CPD-15977	26787	HMDB	HMDB0007218_35_shen	DG(18:1(9Z)/18:1(9Z)/0:0)	inchikey	1	TRUE	TRUE	7.70000951888505e-09	1.24086032182839e-05
CPD-15977	26788	HMDB	HMDB0007218_36_shen	DG(18:1(9Z)/18:1(9Z)/0:0)	inchikey	1	TRUE	TRUE	7.70000951888505e-09	1.24086032182839e-05
CPD-15977	26789	HMDB	HMDB0007218_37_shen	DG(18:1(9Z)/18:1(9Z)/0:0)	inchikey	1	TRUE	TRUE	7.70000951888505e-09	1.24086032182839e-05
CPD-15977	26790	HMDB	HMDB0007218_38_shen	DG(18:1(9Z)/18:1(9Z)/0:0)	inchikey	1	TRUE	TRUE	7.70000951888505e-09	1.24086032182839e-05
CPD-15977	26791	HMDB	HMDB0007218_39_shen	DG(18:1(9Z)/18:1(9Z)/0:0)	inchikey	1	TRUE	TRUE	7.70000951888505e-09	1.24086032182839e-05
CPD-15977	26792	HMDB	HMDB0007218_40_shen	DG(18:1(9Z)/18:1(9Z)/0:0)	inchikey	1	TRUE	TRUE	7.70000951888505e-09	1.24086032182839e-05
CPD-15977	26793	HMDB	HMDB0007218_41_shen	DG(18:1(9Z)/18:1(9Z)/0:0)	inchikey	1	TRUE	TRUE	7.70000951888505e-09	1.24086032182839e-05
CPD-15977	26794	HMDB	HMDB0007218_42_shen	DG(18:1(9Z)/18:1(9Z)/0:0)	inchikey	1	TRUE	TRUE	7.70000951888505e-09	1.24086032182839e-05
CPD-15977	26795	HMDB	HMDB0007218_43_shen	DG(18:1(9Z)/18:1(9Z)/0:0)	inchikey	1	TRUE	TRUE	7.70000951888505e-09	1.24086032182839e-05
CPD-15977	26796	HMDB	HMDB0007218_44_shen	DG(18:1(9Z)/18:1(9Z)/0:0)	inchikey	1	TRUE	TRUE	7.70000951888505e-09	1.24086032182839e-05
CPD-15977	26797	HMDB	HMDB0007218_45_shen	DG(18:1(9Z)/18:1(9Z)/0:0)	inchikey	1	TRUE	TRUE	7.70000951888505e-09	1.24086032182839e-05
CPD-15977	26798	HMDB	HMDB0007218_46_shen	DG(18:1(9Z)/18:1(9Z)/0:0)	inchikey	1	TRUE	TRUE	7.70000951888505e-09	1.24086032182839e-05
CPD-15977	26799	HMDB	HMDB0007218_47_shen	DG(18:1(9Z)/18:1(9Z)/0:0)	inchikey	1	TRUE	TRUE	7.70000951888505e-09	1.24086032182839e-05
CPD-15977	26800	HMDB	HMDB0007218_48_shen	DG(18:1(9Z)/18:1(9Z)/0:0)	inchikey	1	TRUE	TRUE	7.70000951888505e-09	1.24086032182839e-05
CPD-15977	26801	HMDB	HMDB0007218_49_shen	DG(18:1(9Z)/18:1(9Z)/0:0)	inchikey	1	TRUE	TRUE	7.70000951888505e-09	1.24086032182839e-05
CPD-15977	26802	HMDB	HMDB0007218_50_shen	DG(18:1(9Z)/18:1(9Z)/0:0)	inchikey	1	TRUE	TRUE	7.70000951888505e-09	1.24086032182839e-05
CPD-15977	26803	HMDB	HMDB0007218_51_shen	DG(18:1(9Z)/18:1(9Z)/0:0)	inchikey	1	TRUE	TRUE	7.70000951888505e-09	1.24086032182839e-05
CPD-15977	26804	HMDB	HMDB0007218_52_shen	DG(18:1(9Z)/18:1(9Z)/0:0)	inchikey	1	TRUE	TRUE	7.70000951888505e-09	1.24086032182839e-05
CPD-15977	26805	HMDB	HMDB0007218_53_shen	DG(18:1(9Z)/18:1(9Z)/0:0)	inchikey	1	TRUE	TRUE	7.70000951888505e-09	1.24086032182839e-05
CPD-15977	26806	HMDB	HMDB0007218_54_shen	DG(18:1(9Z)/18:1(9Z)/0:0)	inchikey	1	TRUE	TRUE	7.70000951888505e-09	1.24086032182839e-05
CPD-15977	26807	HMDB	HMDB0007218_55_shen	DG(18:1(9Z)/18:1(9Z)/0:0)	inchikey	1	TRUE	TRUE	7.70000951888505e-09	1.24086032182839e-05
CPD-15977	26808	HMDB	HMDB0007218_56_shen	DG(18:1(9Z)/18:1(9Z)/0:0)	inchikey	1	TRUE	TRUE	7.70000951888505e-09	1.24086032182839e-05
CPD-15977	26809	HMDB	HMDB0007218_57_shen	DG(18:1(9Z)/18:1(9Z)/0:0)	inchikey	1	TRUE	TRUE	7.70000951888505e-09	1.24086032182839e-05
CPD-15977	26810	HMDB	HMDB0007218_58_shen	DG(18:1(9Z)/18:1(9Z)/0:0)	inchikey	1	TRUE	TRUE	7.70000951888505e-09	1.24086032182839e-05
CPD-15977	26811	HMDB	HMDB0007218_59_shen	DG(18:1(9Z)/18:1(9Z)/0:0)	inchikey	1	TRUE	TRUE	7.70000951888505e-09	1.24086032182839e-05
CPD-15977	26812	HMDB	HMDB0007218_60_shen	DG(18:1(9Z)/18:1(9Z)/0:0)	inchikey	1	TRUE	TRUE	7.70000951888505e-09	1.24086032182839e-05
CPD-15977	26813	HMDB	HMDB0007218_61_shen	DG(18:1(9Z)/18:1(9Z)/0:0)	inchikey	1	TRUE	TRUE	7.70000951888505e-09	1.24086032182839e-05
CPD-15977	26814	HMDB	HMDB0007218_62_shen	DG(18:1(9Z)/18:1(9Z)/0:0)	inchikey	1	TRUE	TRUE	7.70000951888505e-09	1.24086032182839e-05
CPD-8157	26834	HMDB	HMDB0007972_1_shen	PC(16:0/18:1(9Z))	inchikey	1	TRUE	TRUE	2.01565007139993	2646.62210220978
CPD-8157	26835	HMDB	HMDB0007972_2_shen	PC(16:0/18:1(9Z))	inchikey	1	TRUE	TRUE	2.01565007139993	2646.62210220978
CPD-8157	26836	HMDB	HMDB0007972_3_shen	PC(16:0/18:1(9Z))	inchikey	1	TRUE	TRUE	2.01565007139993	2646.62210220978
CPD-8157	26837	HMDB	HMDB0007972_4_shen	PC(16:0/18:1(9Z))	inchikey	1	TRUE	TRUE	2.01565007139993	2646.62210220978
CPD-8157	26838	HMDB	HMDB0007972_5_shen	PC(16:0/18:1(9Z))	inchikey	1	TRUE	TRUE	2.01565007139993	2646.62210220978
CPD-8157	26839	HMDB	HMDB0007972_6_shen	PC(16:0/18:1(9Z))	inchikey	1	TRUE	TRUE	2.01565007139993	2646.62210220978
CPD-8157	26840	HMDB	HMDB0007972_7_shen	PC(16:0/18:1(9Z))	inchikey	1	TRUE	TRUE	2.01565007139993	2646.62210220978
CPD-8157	26841	HMDB	HMDB0007972_8_shen	PC(16:0/18:1(9Z))	inchikey	1	TRUE	TRUE	2.01565007139993	2646.62210220978
CPD-8157	26842	HMDB	HMDB0007972_9_shen	PC(16:0/18:1(9Z))	inchikey	1	TRUE	TRUE	2.01565007139993	2646.62210220978
CPD-8157	26843	HMDB	HMDB0007972_10_shen	PC(16:0/18:1(9Z))	inchikey	1	TRUE	TRUE	2.01565007139993	2646.62210220978
CPD-8157	26844	HMDB	HMDB0007972_11_shen	PC(16:0/18:1(9Z))	inchikey	1	TRUE	TRUE	2.01565007139993	2646.62210220978
CPD-8157	26845	HMDB	HMDB0007972_12_shen	PC(16:0/18:1(9Z))	inchikey	1	TRUE	TRUE	2.01565007139993	2646.62210220978
CPD-8157	26846	HMDB	HMDB0007972_13_shen	PC(16:0/18:1(9Z))	inchikey	1	TRUE	TRUE	2.01565007139993	2646.62210220978
CPD-8157	26847	HMDB	HMDB0007972_14_shen	PC(16:0/18:1(9Z))	inchikey	1	TRUE	TRUE	2.01565007139993	2646.62210220978
CPD-8157	26848	HMDB	HMDB0007972_15_shen	PC(16:0/18:1(9Z))	inchikey	1	TRUE	TRUE	2.01565007139993	2646.62210220978
CPD-8157	26849	HMDB	HMDB0007972_16_shen	PC(16:0/18:1(9Z))	inchikey	1	TRUE	TRUE	2.01565007139993	2646.62210220978
CPD-8157	26850	HMDB	HMDB0007972_17_shen	PC(16:0/18:1(9Z))	inchikey	1	TRUE	TRUE	2.01565007139993	2646.62210220978
CPD-8157	26851	HMDB	HMDB0007972_18_shen	PC(16:0/18:1(9Z))	inchikey	1	TRUE	TRUE	2.01565007139993	2646.62210220978
CPD-8157	26852	HMDB	HMDB0007972_19_shen	PC(16:0/18:1(9Z))	inchikey	1	TRUE	TRUE	2.01565007139993	2646.62210220978
CPD-8157	26853	HMDB	HMDB0007972_20_shen	PC(16:0/18:1(9Z))	inchikey	1	TRUE	TRUE	2.01565007139993	2646.62210220978
CPD-8157	26854	HMDB	HMDB0007972_21_shen	PC(16:0/18:1(9Z))	inchikey	1	TRUE	TRUE	2.01565007139993	2646.62210220978
CPD-8157	26855	HMDB	HMDB0007972_22_shen	PC(16:0/18:1(9Z))	inchikey	1	TRUE	TRUE	2.01565007139993	2646.62210220978
CPD-8157	26856	HMDB	HMDB0007972_23_shen	PC(16:0/18:1(9Z))	inchikey	1	TRUE	TRUE	2.01565007139993	2646.62210220978
CPD-8157	26857	HMDB	HMDB0007972_24_shen	PC(16:0/18:1(9Z))	inchikey	1	TRUE	TRUE	2.01565007139993	2646.62210220978
CPD-8157	26858	HMDB	HMDB0007972_25_shen	PC(16:0/18:1(9Z))	inchikey	1	TRUE	TRUE	2.01565007139993	2646.62210220978
CPD-8157	26859	HMDB	HMDB0007972_26_shen	PC(16:0/18:1(9Z))	inchikey	1	TRUE	TRUE	2.01565007139993	2646.62210220978
CPD-8157	26860	HMDB	HMDB0007972_27_shen	PC(16:0/18:1(9Z))	inchikey	1	TRUE	TRUE	2.01565007139993	2646.62210220978
CPD-8157	26861	HMDB	HMDB0007972_28_shen	PC(16:0/18:1(9Z))	inchikey	1	TRUE	TRUE	2.01565007139993	2646.62210220978
CPD-8157	26862	HMDB	HMDB0007972_29_shen	PC(16:0/18:1(9Z))	inchikey	1	TRUE	TRUE	2.01565007139993	2646.62210220978
CPD-8157	26863	HMDB	HMDB0007972_30_shen	PC(16:0/18:1(9Z))	inchikey	1	TRUE	TRUE	2.01565007139993	2646.62210220978
CPD-8157	26864	HMDB	HMDB0007972_31_shen	PC(16:0/18:1(9Z))	inchikey	1	TRUE	TRUE	2.01565007139993	2646.62210220978
CPD-8157	26865	HMDB	HMDB0007972_32_shen	PC(16:0/18:1(9Z))	inchikey	1	TRUE	TRUE	2.01565007139993	2646.62210220978
CPD-8157	26866	HMDB	HMDB0007972_33_shen	PC(16:0/18:1(9Z))	inchikey	1	TRUE	TRUE	2.01565007139993	2646.62210220978
CPD-8157	26867	HMDB	HMDB0007972_34_shen	PC(16:0/18:1(9Z))	inchikey	1	TRUE	TRUE	2.01565007139993	2646.62210220978
CPD-8157	26868	HMDB	HMDB0007972_35_shen	PC(16:0/18:1(9Z))	inchikey	1	TRUE	TRUE	2.01565007139993	2646.62210220978
CPD-8157	26869	HMDB	HMDB0007972_36_shen	PC(16:0/18:1(9Z))	inchikey	1	TRUE	TRUE	2.01565007139993	2646.62210220978
CPD-8157	26870	HMDB	HMDB0007972_37_shen	PC(16:0/18:1(9Z))	inchikey	1	TRUE	TRUE	2.01565007139993	2646.62210220978
CPD-8157	26871	HMDB	HMDB0007972_38_shen	PC(16:0/18:1(9Z))	inchikey	1	TRUE	TRUE	2.01565007139993	2646.62210220978
CPD-8157	26872	HMDB	HMDB0007972_39_shen	PC(16:0/18:1(9Z))	inchikey	1	TRUE	TRUE	2.01565007139993	2646.62210220978
CPD-8157	26873	HMDB	HMDB0007972_40_shen	PC(16:0/18:1(9Z))	inchikey	1	TRUE	TRUE	2.01565007139993	2646.62210220978
CPD-8157	26874	HMDB	HMDB0007972_41_shen	PC(16:0/18:1(9Z))	inchikey	1	TRUE	TRUE	2.01565007139993	2646.62210220978
CPD-8157	26875	HMDB	HMDB0007972_42_shen	PC(16:0/18:1(9Z))	inchikey	1	TRUE	TRUE	2.01565007139993	2646.62210220978
CPD-8157	26876	HMDB	HMDB0007972_43_shen	PC(16:0/18:1(9Z))	inchikey	1	TRUE	TRUE	2.01565007139993	2646.62210220978
CPD-8157	26877	HMDB	HMDB0007972_44_shen	PC(16:0/18:1(9Z))	inchikey	1	TRUE	TRUE	2.01565007139993	2646.62210220978
CPD-8157	26878	HMDB	HMDB0007972_45_shen	PC(16:0/18:1(9Z))	inchikey	1	TRUE	TRUE	2.01565007139993	2646.62210220978
CPD-8157	26879	HMDB	HMDB0007972_46_shen	PC(16:0/18:1(9Z))	inchikey	1	TRUE	TRUE	2.01565007139993	2646.62210220978
CPD-8157	26880	HMDB	HMDB0007972_47_shen	PC(16:0/18:1(9Z))	inchikey	1	TRUE	TRUE	2.01565007139993	2646.62210220978
CPD-8157	26881	HMDB	HMDB0007972_48_shen	PC(16:0/18:1(9Z))	inchikey	1	TRUE	TRUE	2.01565007139993	2646.62210220978
CPD-8157	26882	HMDB	HMDB0007972_49_shen	PC(16:0/18:1(9Z))	inchikey	1	TRUE	TRUE	2.01565007139993	2646.62210220978
CPD-8157	26883	HMDB	HMDB0007972_50_shen	PC(16:0/18:1(9Z))	inchikey	1	TRUE	TRUE	2.01565007139993	2646.62210220978
CPD-8157	26884	HMDB	HMDB0007972_51_shen	PC(16:0/18:1(9Z))	inchikey	1	TRUE	TRUE	2.01565007139993	2646.62210220978
CPD-8157	26885	HMDB	HMDB0007972_52_shen	PC(16:0/18:1(9Z))	inchikey	1	TRUE	TRUE	2.01565007139993	2646.62210220978
CPD-8157	26886	HMDB	HMDB0007972_53_shen	PC(16:0/18:1(9Z))	inchikey	1	TRUE	TRUE	2.01565007139993	2646.62210220978
CPD-8157	26887	HMDB	HMDB0007972_54_shen	PC(16:0/18:1(9Z))	inchikey	1	TRUE	TRUE	2.01565007139993	2646.62210220978
CPD-8157	26888	HMDB	HMDB0007972_55_shen	PC(16:0/18:1(9Z))	inchikey	1	TRUE	TRUE	2.01565007139993	2646.62210220978
CPD-8157	26889	HMDB	HMDB0007972_56_shen	PC(16:0/18:1(9Z))	inchikey	1	TRUE	TRUE	2.01565007139993	2646.62210220978
CPD-8157	26890	HMDB	HMDB0007972_57_shen	PC(16:0/18:1(9Z))	inchikey	1	TRUE	TRUE	2.01565007139993	2646.62210220978
CPD-8157	26891	HMDB	HMDB0007972_58_shen	PC(16:0/18:1(9Z))	inchikey	1	TRUE	TRUE	2.01565007139993	2646.62210220978
CPD-8157	26892	HMDB	HMDB0007972_59_shen	PC(16:0/18:1(9Z))	inchikey	1	TRUE	TRUE	2.01565007139993	2646.62210220978
CPD-8157	26893	HMDB	HMDB0007972_60_shen	PC(16:0/18:1(9Z))	inchikey	1	TRUE	TRUE	2.01565007139993	2646.62210220978
CPD-8157	26894	HMDB	HMDB0007972_61_shen	PC(16:0/18:1(9Z))	inchikey	1	TRUE	TRUE	2.01565007139993	2646.62210220978
CPD-8157	26895	HMDB	HMDB0007972_62_shen	PC(16:0/18:1(9Z))	inchikey	1	TRUE	TRUE	2.01565007139993	2646.62210220978
CPD-8157	26896	HMDB	HMDB0007972_63_shen	PC(16:0/18:1(9Z))	inchikey	1	TRUE	TRUE	2.01565007139993	2646.62210220978
CPD-8157	26897	HMDB	HMDB0007972_64_shen	PC(16:0/18:1(9Z))	inchikey	1	TRUE	TRUE	2.01565007139993	2646.62210220978
CPD-8157	26898	HMDB	HMDB0007972_65_shen	PC(16:0/18:1(9Z))	inchikey	1	TRUE	TRUE	2.01565007139993	2646.62210220978
CPD-8157	26899	HMDB	HMDB0007972_66_shen	PC(16:0/18:1(9Z))	inchikey	1	TRUE	TRUE	2.01565007139993	2646.62210220978
CPD-8157	26900	HMDB	HMDB0007972_67_shen	PC(16:0/18:1(9Z))	inchikey	1	TRUE	TRUE	2.01565007139993	2646.62210220978
CPD-8157	26901	HMDB	HMDB0007972_68_shen	PC(16:0/18:1(9Z))	inchikey	1	TRUE	TRUE	2.01565007139993	2646.62210220978
CPD-8157	26902	HMDB	HMDB0007972_69_shen	PC(16:0/18:1(9Z))	inchikey	1	TRUE	TRUE	2.01565007139993	2646.62210220978
CPD-8157	26903	HMDB	HMDB0007972_70_shen	PC(16:0/18:1(9Z))	inchikey	1	TRUE	TRUE	2.01565007139993	2646.62210220978
CPD-8157	26904	HMDB	HMDB0007972_71_shen	PC(16:0/18:1(9Z))	inchikey	1	TRUE	TRUE	2.01565007139993	2646.62210220978
CPD-8157	26905	HMDB	HMDB0007972_72_shen	PC(16:0/18:1(9Z))	inchikey	1	TRUE	TRUE	2.01565007139993	2646.62210220978
CPD-8157	26906	HMDB	HMDB0007972_73_shen	PC(16:0/18:1(9Z))	inchikey	1	TRUE	TRUE	2.01565007139993	2646.62210220978
CPD-8157	26907	HMDB	HMDB0007972_74_shen	PC(16:0/18:1(9Z))	inchikey	1	TRUE	TRUE	2.01565007139993	2646.62210220978
CPD-8157	26908	HMDB	HMDB0007972_75_shen	PC(16:0/18:1(9Z))	inchikey	1	TRUE	TRUE	2.01565007139993	2646.62210220978
CPD-8157	26909	HMDB	HMDB0007972_76_shen	PC(16:0/18:1(9Z))	inchikey	1	TRUE	TRUE	2.01565007139993	2646.62210220978
CPD-8157	26910	HMDB	HMDB0007972_77_shen	PC(16:0/18:1(9Z))	inchikey	1	TRUE	TRUE	2.01565007139993	2646.62210220978
CPD-8157	26911	HMDB	HMDB0007972_78_shen	PC(16:0/18:1(9Z))	inchikey	1	TRUE	TRUE	2.01565007139993	2646.62210220978
CPD-8157	26912	HMDB	HMDB0007972_79_shen	PC(16:0/18:1(9Z))	inchikey	1	TRUE	TRUE	2.01565007139993	2646.62210220978
CPD-8157	26913	HMDB	HMDB0007972_80_shen	PC(16:0/18:1(9Z))	inchikey	1	TRUE	TRUE	2.01565007139993	2646.62210220978
CPD-8157	26914	HMDB	HMDB0007972_81_shen	PC(16:0/18:1(9Z))	inchikey	1	TRUE	TRUE	2.01565007139993	2646.62210220978
CPD-8157	26915	HMDB	HMDB0007972_82_shen	PC(16:0/18:1(9Z))	inchikey	1	TRUE	TRUE	2.01565007139993	2646.62210220978
CPD-8157	26916	HMDB	HMDB0007972_83_shen	PC(16:0/18:1(9Z))	inchikey	1	TRUE	TRUE	2.01565007139993	2646.62210220978
CPD-8157	26917	HMDB	HMDB0007972_84_shen	PC(16:0/18:1(9Z))	inchikey	1	TRUE	TRUE	2.01565007139993	2646.62210220978
CPD-8157	26918	HMDB	HMDB0007972_85_shen	PC(16:0/18:1(9Z))	inchikey	1	TRUE	TRUE	2.01565007139993	2646.62210220978
CPD-8157	26919	HMDB	HMDB0007972_86_shen	PC(16:0/18:1(9Z))	inchikey	1	TRUE	TRUE	2.01565007139993	2646.62210220978
CPD-8157	26920	HMDB	HMDB0007972_87_shen	PC(16:0/18:1(9Z))	inchikey	1	TRUE	TRUE	2.01565007139993	2646.62210220978
CPD-8157	26921	HMDB	HMDB0007972_88_shen	PC(16:0/18:1(9Z))	inchikey	1	TRUE	TRUE	2.01565007139993	2646.62210220978
CPD-8157	26922	HMDB	HMDB0007972_89_shen	PC(16:0/18:1(9Z))	inchikey	1	TRUE	TRUE	2.01565007139993	2646.62210220978
CPD-8157	26923	HMDB	HMDB0007972_90_shen	PC(16:0/18:1(9Z))	inchikey	1	TRUE	TRUE	2.01565007139993	2646.62210220978
CPD-8157	26924	HMDB	HMDB0007972_91_shen	PC(16:0/18:1(9Z))	inchikey	1	TRUE	TRUE	2.01565007139993	2646.62210220978
CPD-8157	26925	HMDB	HMDB0007972_92_shen	PC(16:0/18:1(9Z))	inchikey	1	TRUE	TRUE	2.01565007139993	2646.62210220978
CPD-8157	26926	HMDB	HMDB0007972_93_shen	PC(16:0/18:1(9Z))	inchikey	1	TRUE	TRUE	2.01565007139993	2646.62210220978
CPD-8158	26927	HMDB	HMDB0007973_1_shen	PC(16:0/18:2(9Z,12Z))	inchikey	1	TRUE	TRUE	2.01565007120007	2653.64529821996
CPD-8158	26928	HMDB	HMDB0007973_2_shen	PC(16:0/18:2(9Z,12Z))	inchikey	1	TRUE	TRUE	2.01565007120007	2653.64529821996
CPD-8158	26929	HMDB	HMDB0007973_3_shen	PC(16:0/18:2(9Z,12Z))	inchikey	1	TRUE	TRUE	2.01565007120007	2653.64529821996
CPD-8158	26930	HMDB	HMDB0007973_4_shen	PC(16:0/18:2(9Z,12Z))	inchikey	1	TRUE	TRUE	2.01565007120007	2653.64529821996
CPD-8158	26931	HMDB	HMDB0007973_5_shen	PC(16:0/18:2(9Z,12Z))	inchikey	1	TRUE	TRUE	2.01565007120007	2653.64529821996
CPD-8158	26932	HMDB	HMDB0007973_6_shen	PC(16:0/18:2(9Z,12Z))	inchikey	1	TRUE	TRUE	2.01565007120007	2653.64529821996
CPD-8158	26933	HMDB	HMDB0007973_7_shen	PC(16:0/18:2(9Z,12Z))	inchikey	1	TRUE	TRUE	2.01565007120007	2653.64529821996
CPD-8158	26934	HMDB	HMDB0007973_8_shen	PC(16:0/18:2(9Z,12Z))	inchikey	1	TRUE	TRUE	2.01565007120007	2653.64529821996
CPD-8158	26935	HMDB	HMDB0007973_9_shen	PC(16:0/18:2(9Z,12Z))	inchikey	1	TRUE	TRUE	2.01565007120007	2653.64529821996
CPD-8158	26936	HMDB	HMDB0007973_10_shen	PC(16:0/18:2(9Z,12Z))	inchikey	1	TRUE	TRUE	2.01565007120007	2653.64529821996
CPD-8158	26937	HMDB	HMDB0007973_11_shen	PC(16:0/18:2(9Z,12Z))	inchikey	1	TRUE	TRUE	2.01565007120007	2653.64529821996
CPD-8158	26938	HMDB	HMDB0007973_12_shen	PC(16:0/18:2(9Z,12Z))	inchikey	1	TRUE	TRUE	2.01565007120007	2653.64529821996
CPD-8158	26939	HMDB	HMDB0007973_13_shen	PC(16:0/18:2(9Z,12Z))	inchikey	1	TRUE	TRUE	2.01565007120007	2653.64529821996
CPD-8158	26940	HMDB	HMDB0007973_14_shen	PC(16:0/18:2(9Z,12Z))	inchikey	1	TRUE	TRUE	2.01565007120007	2653.64529821996
CPD-8158	26941	HMDB	HMDB0007973_15_shen	PC(16:0/18:2(9Z,12Z))	inchikey	1	TRUE	TRUE	2.01565007120007	2653.64529821996
CPD-8158	26942	HMDB	HMDB0007973_16_shen	PC(16:0/18:2(9Z,12Z))	inchikey	1	TRUE	TRUE	2.01565007120007	2653.64529821996
CPD-8158	26943	HMDB	HMDB0007973_17_shen	PC(16:0/18:2(9Z,12Z))	inchikey	1	TRUE	TRUE	2.01565007120007	2653.64529821996
CPD-8158	26944	HMDB	HMDB0007973_18_shen	PC(16:0/18:2(9Z,12Z))	inchikey	1	TRUE	TRUE	2.01565007120007	2653.64529821996
CPD-8158	26945	HMDB	HMDB0007973_19_shen	PC(16:0/18:2(9Z,12Z))	inchikey	1	TRUE	TRUE	2.01565007120007	2653.64529821996
CPD-8158	26946	HMDB	HMDB0007973_20_shen	PC(16:0/18:2(9Z,12Z))	inchikey	1	TRUE	TRUE	2.01565007120007	2653.64529821996
CPD-8158	26947	HMDB	HMDB0007973_21_shen	PC(16:0/18:2(9Z,12Z))	inchikey	1	TRUE	TRUE	2.01565007120007	2653.64529821996
CPD-8158	26948	HMDB	HMDB0007973_22_shen	PC(16:0/18:2(9Z,12Z))	inchikey	1	TRUE	TRUE	2.01565007120007	2653.64529821996
CPD-8158	26949	HMDB	HMDB0007973_23_shen	PC(16:0/18:2(9Z,12Z))	inchikey	1	TRUE	TRUE	2.01565007120007	2653.64529821996
CPD-8158	26950	HMDB	HMDB0007973_24_shen	PC(16:0/18:2(9Z,12Z))	inchikey	1	TRUE	TRUE	2.01565007120007	2653.64529821996
CPD-8158	26951	HMDB	HMDB0007973_25_shen	PC(16:0/18:2(9Z,12Z))	inchikey	1	TRUE	TRUE	2.01565007120007	2653.64529821996
CPD-8158	26952	HMDB	HMDB0007973_26_shen	PC(16:0/18:2(9Z,12Z))	inchikey	1	TRUE	TRUE	2.01565007120007	2653.64529821996
CPD-8158	26953	HMDB	HMDB0007973_27_shen	PC(16:0/18:2(9Z,12Z))	inchikey	1	TRUE	TRUE	2.01565007120007	2653.64529821996
CPD-8158	26954	HMDB	HMDB0007973_28_shen	PC(16:0/18:2(9Z,12Z))	inchikey	1	TRUE	TRUE	2.01565007120007	2653.64529821996
CPD-8158	26955	HMDB	HMDB0007973_29_shen	PC(16:0/18:2(9Z,12Z))	inchikey	1	TRUE	TRUE	2.01565007120007	2653.64529821996
CPD-8158	26956	HMDB	HMDB0007973_30_shen	PC(16:0/18:2(9Z,12Z))	inchikey	1	TRUE	TRUE	2.01565007120007	2653.64529821996
CPD-8158	26957	HMDB	HMDB0007973_31_shen	PC(16:0/18:2(9Z,12Z))	inchikey	1	TRUE	TRUE	2.01565007120007	2653.64529821996
CPD-8158	26958	HMDB	HMDB0007973_32_shen	PC(16:0/18:2(9Z,12Z))	inchikey	1	TRUE	TRUE	2.01565007120007	2653.64529821996
CPD-8158	26959	HMDB	HMDB0007973_33_shen	PC(16:0/18:2(9Z,12Z))	inchikey	1	TRUE	TRUE	2.01565007120007	2653.64529821996
CPD-8158	26960	HMDB	HMDB0007973_34_shen	PC(16:0/18:2(9Z,12Z))	inchikey	1	TRUE	TRUE	2.01565007120007	2653.64529821996
CPD-8158	26961	HMDB	HMDB0007973_35_shen	PC(16:0/18:2(9Z,12Z))	inchikey	1	TRUE	TRUE	2.01565007120007	2653.64529821996
CPD-8158	26962	HMDB	HMDB0007973_36_shen	PC(16:0/18:2(9Z,12Z))	inchikey	1	TRUE	TRUE	2.01565007120007	2653.64529821996
CPD-8158	26963	HMDB	HMDB0007973_37_shen	PC(16:0/18:2(9Z,12Z))	inchikey	1	TRUE	TRUE	2.01565007120007	2653.64529821996
CPD-8158	26964	HMDB	HMDB0007973_38_shen	PC(16:0/18:2(9Z,12Z))	inchikey	1	TRUE	TRUE	2.01565007120007	2653.64529821996
CPD-8158	26965	HMDB	HMDB0007973_39_shen	PC(16:0/18:2(9Z,12Z))	inchikey	1	TRUE	TRUE	2.01565007120007	2653.64529821996
CPD-8158	26966	HMDB	HMDB0007973_40_shen	PC(16:0/18:2(9Z,12Z))	inchikey	1	TRUE	TRUE	2.01565007120007	2653.64529821996
CPD-8158	26967	HMDB	HMDB0007973_41_shen	PC(16:0/18:2(9Z,12Z))	inchikey	1	TRUE	TRUE	2.01565007120007	2653.64529821996
CPD-8158	26968	HMDB	HMDB0007973_42_shen	PC(16:0/18:2(9Z,12Z))	inchikey	1	TRUE	TRUE	2.01565007120007	2653.64529821996
CPD-8158	26969	HMDB	HMDB0007973_43_shen	PC(16:0/18:2(9Z,12Z))	inchikey	1	TRUE	TRUE	2.01565007120007	2653.64529821996
CPD-8158	26970	HMDB	HMDB0007973_44_shen	PC(16:0/18:2(9Z,12Z))	inchikey	1	TRUE	TRUE	2.01565007120007	2653.64529821996
CPD-2182	26994	HMDB	HMDB0008138_1_shen	PC(18:2(9Z,12Z)/18:2(9Z,12Z))	inchikey	1	TRUE	TRUE	2.01565007120007	2572.3674892509
CPD-2182	26995	HMDB	HMDB0008138_2_shen	PC(18:2(9Z,12Z)/18:2(9Z,12Z))	inchikey	1	TRUE	TRUE	2.01565007120007	2572.3674892509
CPD-2182	26996	HMDB	HMDB0008138_3_shen	PC(18:2(9Z,12Z)/18:2(9Z,12Z))	inchikey	1	TRUE	TRUE	2.01565007120007	2572.3674892509
CPD-2182	26997	HMDB	HMDB0008138_4_shen	PC(18:2(9Z,12Z)/18:2(9Z,12Z))	inchikey	1	TRUE	TRUE	2.01565007120007	2572.3674892509
CPD-2182	26998	HMDB	HMDB0008138_5_shen	PC(18:2(9Z,12Z)/18:2(9Z,12Z))	inchikey	1	TRUE	TRUE	2.01565007120007	2572.3674892509
CPD-2182	26999	HMDB	HMDB0008138_6_shen	PC(18:2(9Z,12Z)/18:2(9Z,12Z))	inchikey	1	TRUE	TRUE	2.01565007120007	2572.3674892509
CPD-2182	27000	HMDB	HMDB0008138_7_shen	PC(18:2(9Z,12Z)/18:2(9Z,12Z))	inchikey	1	TRUE	TRUE	2.01565007120007	2572.3674892509
CPD-2182	27001	HMDB	HMDB0008138_8_shen	PC(18:2(9Z,12Z)/18:2(9Z,12Z))	inchikey	1	TRUE	TRUE	2.01565007120007	2572.3674892509
CPD-2182	27002	HMDB	HMDB0008138_9_shen	PC(18:2(9Z,12Z)/18:2(9Z,12Z))	inchikey	1	TRUE	TRUE	2.01565007120007	2572.3674892509
CPD-2182	27003	HMDB	HMDB0008138_10_shen	PC(18:2(9Z,12Z)/18:2(9Z,12Z))	inchikey	1	TRUE	TRUE	2.01565007120007	2572.3674892509
CPD-2182	27004	HMDB	HMDB0008138_11_shen	PC(18:2(9Z,12Z)/18:2(9Z,12Z))	inchikey	1	TRUE	TRUE	2.01565007120007	2572.3674892509
CPD-2182	27005	HMDB	HMDB0008138_12_shen	PC(18:2(9Z,12Z)/18:2(9Z,12Z))	inchikey	1	TRUE	TRUE	2.01565007120007	2572.3674892509
CPD-2182	27006	HMDB	HMDB0008138_13_shen	PC(18:2(9Z,12Z)/18:2(9Z,12Z))	inchikey	1	TRUE	TRUE	2.01565007120007	2572.3674892509
CPD-2182	27007	HMDB	HMDB0008138_14_shen	PC(18:2(9Z,12Z)/18:2(9Z,12Z))	inchikey	1	TRUE	TRUE	2.01565007120007	2572.3674892509
CPD-2182	27008	HMDB	HMDB0008138_15_shen	PC(18:2(9Z,12Z)/18:2(9Z,12Z))	inchikey	1	TRUE	TRUE	2.01565007120007	2572.3674892509
CPD-2182	27009	HMDB	HMDB0008138_16_shen	PC(18:2(9Z,12Z)/18:2(9Z,12Z))	inchikey	1	TRUE	TRUE	2.01565007120007	2572.3674892509
CPD-2182	27010	HMDB	HMDB0008138_17_shen	PC(18:2(9Z,12Z)/18:2(9Z,12Z))	inchikey	1	TRUE	TRUE	2.01565007120007	2572.3674892509
CPD-2182	27011	HMDB	HMDB0008138_18_shen	PC(18:2(9Z,12Z)/18:2(9Z,12Z))	inchikey	1	TRUE	TRUE	2.01565007120007	2572.3674892509
CPD-2182	27012	HMDB	HMDB0008138_19_shen	PC(18:2(9Z,12Z)/18:2(9Z,12Z))	inchikey	1	TRUE	TRUE	2.01565007120007	2572.3674892509
CPD-2182	27013	HMDB	HMDB0008138_20_shen	PC(18:2(9Z,12Z)/18:2(9Z,12Z))	inchikey	1	TRUE	TRUE	2.01565007120007	2572.3674892509
1-183-2-183-SN-GLYCEROL-PHOSPHOCHOLINE	27014	HMDB	HMDB0008206_1_shen	PC(18:3(9Z,12Z,15Z)/18:3(9Z,12Z,15Z))	inchikey	1	TRUE	TRUE	2.01565007080001	2585.67007597689
1-183-2-183-SN-GLYCEROL-PHOSPHOCHOLINE	27015	HMDB	HMDB0008206_2_shen	PC(18:3(9Z,12Z,15Z)/18:3(9Z,12Z,15Z))	inchikey	1	TRUE	TRUE	2.01565007080001	2585.67007597689
1-183-2-183-SN-GLYCEROL-PHOSPHOCHOLINE	27016	HMDB	HMDB0008206_3_shen	PC(18:3(9Z,12Z,15Z)/18:3(9Z,12Z,15Z))	inchikey	1	TRUE	TRUE	2.01565007080001	2585.67007597689
1-183-2-183-SN-GLYCEROL-PHOSPHOCHOLINE	27017	HMDB	HMDB0008206_4_shen	PC(18:3(9Z,12Z,15Z)/18:3(9Z,12Z,15Z))	inchikey	1	TRUE	TRUE	2.01565007080001	2585.67007597689
1-183-2-183-SN-GLYCEROL-PHOSPHOCHOLINE	27018	HMDB	HMDB0008206_5_shen	PC(18:3(9Z,12Z,15Z)/18:3(9Z,12Z,15Z))	inchikey	1	TRUE	TRUE	2.01565007080001	2585.67007597689
1-183-2-183-SN-GLYCEROL-PHOSPHOCHOLINE	27019	HMDB	HMDB0008206_6_shen	PC(18:3(9Z,12Z,15Z)/18:3(9Z,12Z,15Z))	inchikey	1	TRUE	TRUE	2.01565007080001	2585.67007597689
1-183-2-183-SN-GLYCEROL-PHOSPHOCHOLINE	27020	HMDB	HMDB0008206_7_shen	PC(18:3(9Z,12Z,15Z)/18:3(9Z,12Z,15Z))	inchikey	1	TRUE	TRUE	2.01565007080001	2585.67007597689
1-183-2-183-SN-GLYCEROL-PHOSPHOCHOLINE	27021	HMDB	HMDB0008206_8_shen	PC(18:3(9Z,12Z,15Z)/18:3(9Z,12Z,15Z))	inchikey	1	TRUE	TRUE	2.01565007080001	2585.67007597689
1-183-2-183-SN-GLYCEROL-PHOSPHOCHOLINE	27022	HMDB	HMDB0008206_9_shen	PC(18:3(9Z,12Z,15Z)/18:3(9Z,12Z,15Z))	inchikey	1	TRUE	TRUE	2.01565007080001	2585.67007597689
1-183-2-183-SN-GLYCEROL-PHOSPHOCHOLINE	27023	HMDB	HMDB0008206_10_shen	PC(18:3(9Z,12Z,15Z)/18:3(9Z,12Z,15Z))	inchikey	1	TRUE	TRUE	2.01565007080001	2585.67007597689
1-183-2-183-SN-GLYCEROL-PHOSPHOCHOLINE	27024	HMDB	HMDB0008206_11_shen	PC(18:3(9Z,12Z,15Z)/18:3(9Z,12Z,15Z))	inchikey	1	TRUE	TRUE	2.01565007080001	2585.67007597689
1-183-2-183-SN-GLYCEROL-PHOSPHOCHOLINE	27025	HMDB	HMDB0008206_12_shen	PC(18:3(9Z,12Z,15Z)/18:3(9Z,12Z,15Z))	inchikey	1	TRUE	TRUE	2.01565007080001	2585.67007597689
1-183-2-183-SN-GLYCEROL-PHOSPHOCHOLINE	27026	HMDB	HMDB0008206_13_shen	PC(18:3(9Z,12Z,15Z)/18:3(9Z,12Z,15Z))	inchikey	1	TRUE	TRUE	2.01565007080001	2585.67007597689
1-183-2-183-SN-GLYCEROL-PHOSPHOCHOLINE	27027	HMDB	HMDB0008206_14_shen	PC(18:3(9Z,12Z,15Z)/18:3(9Z,12Z,15Z))	inchikey	1	TRUE	TRUE	2.01565007080001	2585.67007597689
1-183-2-183-SN-GLYCEROL-PHOSPHOCHOLINE	27028	HMDB	HMDB0008206_15_shen	PC(18:3(9Z,12Z,15Z)/18:3(9Z,12Z,15Z))	inchikey	1	TRUE	TRUE	2.01565007080001	2585.67007597689
1-183-2-183-SN-GLYCEROL-PHOSPHOCHOLINE	27029	HMDB	HMDB0008206_16_shen	PC(18:3(9Z,12Z,15Z)/18:3(9Z,12Z,15Z))	inchikey	1	TRUE	TRUE	2.01565007080001	2585.67007597689
1-183-2-183-SN-GLYCEROL-PHOSPHOCHOLINE	27030	HMDB	HMDB0008206_17_shen	PC(18:3(9Z,12Z,15Z)/18:3(9Z,12Z,15Z))	inchikey	1	TRUE	TRUE	2.01565007080001	2585.67007597689
CPD-8289	27117	HMDB	HMDB0008993_shen	PE(18:0/18:1(9Z))	inchikey	1	TRUE	TRUE	4.77999947179342e-07	0.000641126891883178
CPD-238	27370	HMDB	HMDB0010715_1_shen	2-Phenylacetamide	inchikey	1	TRUE	TRUE	1.19999299386109e-09	2.99998248465272e-06
CPD-238	27371	HMDB	HMDB0010715_2_shen	2-Phenylacetamide	inchikey	1	TRUE	TRUE	1.19999299386109e-09	2.99998248465272e-06
CPD-238	27372	HMDB	HMDB0010715_3_shen	2-Phenylacetamide	inchikey	1	TRUE	TRUE	1.19999299386109e-09	2.99998248465272e-06
CPD-238	27373	HMDB	HMDB0010715_4_shen	2-Phenylacetamide	inchikey	1	TRUE	TRUE	1.19999299386109e-09	2.99998248465272e-06
CPD-238	27374	HMDB	HMDB0010715_5_shen	2-Phenylacetamide	inchikey	1	TRUE	TRUE	1.19999299386109e-09	2.99998248465272e-06
CPD-238	27375	HMDB	HMDB0010715_6_shen	2-Phenylacetamide	inchikey	1	TRUE	TRUE	1.19999299386109e-09	2.99998248465272e-06
CPD-238	27376	HMDB	HMDB0010715_7_shen	2-Phenylacetamide	inchikey	1	TRUE	TRUE	1.19999299386109e-09	2.99998248465272e-06
CPD-238	27377	HMDB	HMDB0010715_8_shen	2-Phenylacetamide	inchikey	1	TRUE	TRUE	1.19999299386109e-09	2.99998248465272e-06
CPD-238	27378	HMDB	HMDB0010715_9_shen	2-Phenylacetamide	inchikey	1	TRUE	TRUE	1.19999299386109e-09	2.99998248465272e-06
CPD-238	27379	HMDB	HMDB0010715_10_shen	2-Phenylacetamide	inchikey	1	TRUE	TRUE	1.19999299386109e-09	2.99998248465272e-06
CPD-9025	27387	HMDB	HMDB0010738_1_shen	1-Methylxanthine	inchikey	1	TRUE	TRUE	1.60000013238459e-09	4.00000033096148e-06
CPD-9025	27388	HMDB	HMDB0010738_2_shen	1-Methylxanthine	inchikey	1	TRUE	TRUE	1.60000013238459e-09	4.00000033096148e-06
CPD-9025	27389	HMDB	HMDB0010738_3_shen	1-Methylxanthine	inchikey	1	TRUE	TRUE	1.60000013238459e-09	4.00000033096148e-06
CPD-9025	27390	HMDB	HMDB0010738_4_shen	1-Methylxanthine	inchikey	1	TRUE	TRUE	1.60000013238459e-09	4.00000033096148e-06
CPD-9025	27391	HMDB	HMDB0010738_5_shen	1-Methylxanthine	inchikey	1	TRUE	TRUE	1.60000013238459e-09	4.00000033096148e-06
CPD-9025	27392	HMDB	HMDB0010738_6_shen	1-Methylxanthine	inchikey	1	TRUE	TRUE	1.60000013238459e-09	4.00000033096148e-06
CPD-9025	27393	HMDB	HMDB0010738_7_shen	1-Methylxanthine	inchikey	1	TRUE	TRUE	1.60000013238459e-09	4.00000033096148e-06
CPD-9025	27394	HMDB	HMDB0010738_8_shen	1-Methylxanthine	inchikey	1	TRUE	TRUE	1.60000013238459e-09	4.00000033096148e-06
CPD-9025	27395	HMDB	HMDB0010738_9_shen	1-Methylxanthine	inchikey	1	TRUE	TRUE	1.60000013238459e-09	4.00000033096148e-06
CPD-9025	27396	HMDB	HMDB0010738_10_shen	1-Methylxanthine	inchikey	1	TRUE	TRUE	1.60000013238459e-09	4.00000033096148e-06
CPD-9025	27397	HMDB	HMDB0010738_11_shen	1-Methylxanthine	inchikey	1	TRUE	TRUE	1.60000013238459e-09	4.00000033096148e-06
CPD-9025	27398	HMDB	HMDB0010738_12_shen	1-Methylxanthine	inchikey	1	TRUE	TRUE	1.60000013238459e-09	4.00000033096148e-06
CPD-9025	27399	HMDB	HMDB0010738_13_shen	1-Methylxanthine	inchikey	1	TRUE	TRUE	1.60000013238459e-09	4.00000033096148e-06
CPD-9025	27400	HMDB	HMDB0010738_14_shen	1-Methylxanthine	inchikey	1	TRUE	TRUE	1.60000013238459e-09	4.00000033096148e-06
CPD-9025	27401	HMDB	HMDB0010738_15_shen	1-Methylxanthine	inchikey	1	TRUE	TRUE	1.60000013238459e-09	4.00000033096148e-06
CPD-9025	27402	HMDB	HMDB0010738_16_shen	1-Methylxanthine	inchikey	1	TRUE	TRUE	1.60000013238459e-09	4.00000033096148e-06
CPD-9025	27403	HMDB	HMDB0010738_17_shen	1-Methylxanthine	inchikey	1	TRUE	TRUE	1.60000013238459e-09	4.00000033096148e-06
CPD-9025	27404	HMDB	HMDB0010738_18_shen	1-Methylxanthine	inchikey	1	TRUE	TRUE	1.60000013238459e-09	4.00000033096148e-06
CPD-9025	27405	HMDB	HMDB0010738_19_shen	1-Methylxanthine	inchikey	1	TRUE	TRUE	1.60000013238459e-09	4.00000033096148e-06
CPD-9025	27406	HMDB	HMDB0010738_20_shen	1-Methylxanthine	inchikey	1	TRUE	TRUE	1.60000013238459e-09	4.00000033096148e-06
CPD-9025	27407	HMDB	HMDB0010738_21_shen	1-Methylxanthine	inchikey	1	TRUE	TRUE	1.60000013238459e-09	4.00000033096148e-06
CPD-9025	27408	HMDB	HMDB0010738_22_shen	1-Methylxanthine	inchikey	1	TRUE	TRUE	1.60000013238459e-09	4.00000033096148e-06
CPD-9025	27409	HMDB	HMDB0010738_23_shen	1-Methylxanthine	inchikey	1	TRUE	TRUE	1.60000013238459e-09	4.00000033096148e-06
CPD-9025	27410	HMDB	HMDB0010738_24_shen	1-Methylxanthine	inchikey	1	TRUE	TRUE	1.60000013238459e-09	4.00000033096148e-06
CPD-9025	27411	HMDB	HMDB0010738_25_shen	1-Methylxanthine	inchikey	1	TRUE	TRUE	1.60000013238459e-09	4.00000033096148e-06
CPD-9025	27412	HMDB	HMDB0010738_26_shen	1-Methylxanthine	inchikey	1	TRUE	TRUE	1.60000013238459e-09	4.00000033096148e-06
CPD-9025	27413	HMDB	HMDB0010738_27_shen	1-Methylxanthine	inchikey	1	TRUE	TRUE	1.60000013238459e-09	4.00000033096148e-06
CPD-9025	27414	HMDB	HMDB0010738_28_shen	1-Methylxanthine	inchikey	1	TRUE	TRUE	1.60000013238459e-09	4.00000033096148e-06
CPD-9025	27415	HMDB	HMDB0010738_29_shen	1-Methylxanthine	inchikey	1	TRUE	TRUE	1.60000013238459e-09	4.00000033096148e-06
CPD-9025	27416	HMDB	HMDB0010738_30_shen	1-Methylxanthine	inchikey	1	TRUE	TRUE	1.60000013238459e-09	4.00000033096148e-06
CPD-9025	27417	HMDB	HMDB0010738_31_shen	1-Methylxanthine	inchikey	1	TRUE	TRUE	1.60000013238459e-09	4.00000033096148e-06
CPD-9025	27418	HMDB	HMDB0010738_32_shen	1-Methylxanthine	inchikey	1	TRUE	TRUE	1.60000013238459e-09	4.00000033096148e-06
CPD-9025	27419	HMDB	HMDB0010738_33_shen	1-Methylxanthine	inchikey	1	TRUE	TRUE	1.60000013238459e-09	4.00000033096148e-06
CPD-9025	27420	HMDB	HMDB0010738_34_shen	1-Methylxanthine	inchikey	1	TRUE	TRUE	1.60000013238459e-09	4.00000033096148e-06
CPD-14483	27606	HMDB	HMDB0011628_1_shen	Glycyrrhetinic acid	name_formula_mass	4	FALSE	TRUE	5.00000396641553e-09	1.06306248941857e-05
CPD-14483	27607	HMDB	HMDB0011628_2_shen	Glycyrrhetinic acid	name_formula_mass	4	FALSE	TRUE	5.00000396641553e-09	1.06306248941857e-05
CPD-14483	27608	HMDB	HMDB0011628_3_shen	Glycyrrhetinic acid	name_formula_mass	4	FALSE	TRUE	5.00000396641553e-09	1.06306248941857e-05
CPD-14483	27609	HMDB	HMDB0011628_4_shen	Glycyrrhetinic acid	name_formula_mass	4	FALSE	TRUE	5.00000396641553e-09	1.06306248941857e-05
CPD-14483	27610	HMDB	HMDB0011628_5_shen	Glycyrrhetinic acid	name_formula_mass	4	FALSE	TRUE	5.00000396641553e-09	1.06306248941857e-05
CPD-14483	27611	HMDB	HMDB0011628_6_shen	Glycyrrhetinic acid	name_formula_mass	4	FALSE	TRUE	5.00000396641553e-09	1.06306248941857e-05
CPD-14483	27612	HMDB	HMDB0011628_7_shen	Glycyrrhetinic acid	name_formula_mass	4	FALSE	TRUE	5.00000396641553e-09	1.06306248941857e-05
CPD-14483	27613	HMDB	HMDB0011628_8_shen	Glycyrrhetinic acid	name_formula_mass	4	FALSE	TRUE	5.00000396641553e-09	1.06306248941857e-05
CPD-14483	27614	HMDB	HMDB0011628_9_shen	Glycyrrhetinic acid	name_formula_mass	4	FALSE	TRUE	5.00000396641553e-09	1.06306248941857e-05
CPD-14483	27615	HMDB	HMDB0011628_10_shen	Glycyrrhetinic acid	name_formula_mass	4	FALSE	TRUE	5.00000396641553e-09	1.06306248941857e-05
CPD-14483	27616	HMDB	HMDB0011628_11_shen	Glycyrrhetinic acid	name_formula_mass	4	FALSE	TRUE	5.00000396641553e-09	1.06306248941857e-05
CPD-14483	27617	HMDB	HMDB0011628_12_shen	Glycyrrhetinic acid	name_formula_mass	4	FALSE	TRUE	5.00000396641553e-09	1.06306248941857e-05
CPD-14483	27618	HMDB	HMDB0011628_13_shen	Glycyrrhetinic acid	name_formula_mass	4	FALSE	TRUE	5.00000396641553e-09	1.06306248941857e-05
CPD-14483	27619	HMDB	HMDB0011628_14_shen	Glycyrrhetinic acid	name_formula_mass	4	FALSE	TRUE	5.00000396641553e-09	1.06306248941857e-05
CPD-14483	27620	HMDB	HMDB0011628_15_shen	Glycyrrhetinic acid	name_formula_mass	4	FALSE	TRUE	5.00000396641553e-09	1.06306248941857e-05
CPD-14483	27621	HMDB	HMDB0011628_16_shen	Glycyrrhetinic acid	name_formula_mass	4	FALSE	TRUE	5.00000396641553e-09	1.06306248941857e-05
CPD-14483	27622	HMDB	HMDB0011628_17_shen	Glycyrrhetinic acid	name_formula_mass	4	FALSE	TRUE	5.00000396641553e-09	1.06306248941857e-05
CPD-14483	27623	HMDB	HMDB0011628_18_shen	Glycyrrhetinic acid	name_formula_mass	4	FALSE	TRUE	5.00000396641553e-09	1.06306248941857e-05
CPD-14483	27624	HMDB	HMDB0011628_19_shen	Glycyrrhetinic acid	name_formula_mass	4	FALSE	TRUE	5.00000396641553e-09	1.06306248941857e-05
CPD-14483	27625	HMDB	HMDB0011628_20_shen	Glycyrrhetinic acid	name_formula_mass	4	FALSE	TRUE	5.00000396641553e-09	1.06306248941857e-05
CPD-14483	27626	HMDB	HMDB0011628_21_shen	Glycyrrhetinic acid	name_formula_mass	4	FALSE	TRUE	5.00000396641553e-09	1.06306248941857e-05
CPD-14483	27627	HMDB	HMDB0011628_22_shen	Glycyrrhetinic acid	name_formula_mass	4	FALSE	TRUE	5.00000396641553e-09	1.06306248941857e-05
CPD-14483	27628	HMDB	HMDB0011628_23_shen	Glycyrrhetinic acid	name_formula_mass	4	FALSE	TRUE	5.00000396641553e-09	1.06306248941857e-05
CPD-14483	27629	HMDB	HMDB0011628_24_shen	Glycyrrhetinic acid	name_formula_mass	4	FALSE	TRUE	5.00000396641553e-09	1.06306248941857e-05
CPD-14483	27630	HMDB	HMDB0011628_25_shen	Glycyrrhetinic acid	name_formula_mass	4	FALSE	TRUE	5.00000396641553e-09	1.06306248941857e-05
CPD-14483	27631	HMDB	HMDB0011628_26_shen	Glycyrrhetinic acid	name_formula_mass	4	FALSE	TRUE	5.00000396641553e-09	1.06306248941857e-05
CPD-14483	27632	HMDB	HMDB0011628_27_shen	Glycyrrhetinic acid	name_formula_mass	4	FALSE	TRUE	5.00000396641553e-09	1.06306248941857e-05
CPD-14483	27633	HMDB	HMDB0011628_28_shen	Glycyrrhetinic acid	name_formula_mass	4	FALSE	TRUE	5.00000396641553e-09	1.06306248941857e-05
CPD-14483	27634	HMDB	HMDB0011628_29_shen	Glycyrrhetinic acid	name_formula_mass	4	FALSE	TRUE	5.00000396641553e-09	1.06306248941857e-05
CPD-14483	27635	HMDB	HMDB0011628_30_shen	Glycyrrhetinic acid	name_formula_mass	4	FALSE	TRUE	5.00000396641553e-09	1.06306248941857e-05
CPD-14483	27636	HMDB	HMDB0011628_31_shen	Glycyrrhetinic acid	name_formula_mass	4	FALSE	TRUE	5.00000396641553e-09	1.06306248941857e-05
CPD-14483	27637	HMDB	HMDB0011628_32_shen	Glycyrrhetinic acid	name_formula_mass	4	FALSE	TRUE	5.00000396641553e-09	1.06306248941857e-05
CPD-14483	27638	HMDB	HMDB0011628_33_shen	Glycyrrhetinic acid	name_formula_mass	4	FALSE	TRUE	5.00000396641553e-09	1.06306248941857e-05
CPD-14483	27639	HMDB	HMDB0011628_34_shen	Glycyrrhetinic acid	name_formula_mass	4	FALSE	TRUE	5.00000396641553e-09	1.06306248941857e-05
CPD-14483	27640	HMDB	HMDB0011628_35_shen	Glycyrrhetinic acid	name_formula_mass	4	FALSE	TRUE	5.00000396641553e-09	1.06306248941857e-05
CPD-14483	27641	HMDB	HMDB0011628_36_shen	Glycyrrhetinic acid	name_formula_mass	4	FALSE	TRUE	5.00000396641553e-09	1.06306248941857e-05
CPD-14483	27642	HMDB	HMDB0011628_37_shen	Glycyrrhetinic acid	name_formula_mass	4	FALSE	TRUE	5.00000396641553e-09	1.06306248941857e-05
CPD-14483	27643	HMDB	HMDB0011628_38_shen	Glycyrrhetinic acid	name_formula_mass	4	FALSE	TRUE	5.00000396641553e-09	1.06306248941857e-05
CPD-14483	27644	HMDB	HMDB0011628_39_shen	Glycyrrhetinic acid	name_formula_mass	4	FALSE	TRUE	5.00000396641553e-09	1.06306248941857e-05
CPD-14483	27645	HMDB	HMDB0011628_40_shen	Glycyrrhetinic acid	name_formula_mass	4	FALSE	TRUE	5.00000396641553e-09	1.06306248941857e-05
CPD-14483	27646	HMDB	HMDB0011628_41_shen	Glycyrrhetinic acid	name_formula_mass	4	FALSE	TRUE	5.00000396641553e-09	1.06306248941857e-05
CPD-14483	27647	HMDB	HMDB0011628_42_shen	Glycyrrhetinic acid	name_formula_mass	4	FALSE	TRUE	5.00000396641553e-09	1.06306248941857e-05
CPD-14483	27648	HMDB	HMDB0011628_43_shen	Glycyrrhetinic acid	name_formula_mass	4	FALSE	TRUE	5.00000396641553e-09	1.06306248941857e-05
CPD-14483	27649	HMDB	HMDB0011628_44_shen	Glycyrrhetinic acid	name_formula_mass	4	FALSE	TRUE	5.00000396641553e-09	1.06306248941857e-05
CPD-14483	27650	HMDB	HMDB0011628_45_shen	Glycyrrhetinic acid	name_formula_mass	4	FALSE	TRUE	5.00000396641553e-09	1.06306248941857e-05
CPD-14483	27651	HMDB	HMDB0011628_46_shen	Glycyrrhetinic acid	name_formula_mass	4	FALSE	TRUE	5.00000396641553e-09	1.06306248941857e-05
CPD-14483	27652	HMDB	HMDB0011628_47_shen	Glycyrrhetinic acid	name_formula_mass	4	FALSE	TRUE	5.00000396641553e-09	1.06306248941857e-05
CPD-14483	27653	HMDB	HMDB0011628_48_shen	Glycyrrhetinic acid	name_formula_mass	4	FALSE	TRUE	5.00000396641553e-09	1.06306248941857e-05
CPD-14483	27654	HMDB	HMDB0011628_49_shen	Glycyrrhetinic acid	name_formula_mass	4	FALSE	TRUE	5.00000396641553e-09	1.06306248941857e-05
CPD-14483	27655	HMDB	HMDB0011628_50_shen	Glycyrrhetinic acid	name_formula_mass	4	FALSE	TRUE	5.00000396641553e-09	1.06306248941857e-05
CPD-14483	27656	HMDB	HMDB0011628_51_shen	Glycyrrhetinic acid	name_formula_mass	4	FALSE	TRUE	5.00000396641553e-09	1.06306248941857e-05
CPD-14483	27657	HMDB	HMDB0011628_52_shen	Glycyrrhetinic acid	name_formula_mass	4	FALSE	TRUE	5.00000396641553e-09	1.06306248941857e-05
CPD-14483	27658	HMDB	HMDB0011628_53_shen	Glycyrrhetinic acid	name_formula_mass	4	FALSE	TRUE	5.00000396641553e-09	1.06306248941857e-05
CPD-14483	27659	HMDB	HMDB0011628_54_shen	Glycyrrhetinic acid	name_formula_mass	4	FALSE	TRUE	5.00000396641553e-09	1.06306248941857e-05
CPD-14483	27660	HMDB	HMDB0011628_55_shen	Glycyrrhetinic acid	name_formula_mass	4	FALSE	TRUE	5.00000396641553e-09	1.06306248941857e-05
CPD-14483	27661	HMDB	HMDB0011628_56_shen	Glycyrrhetinic acid	name_formula_mass	4	FALSE	TRUE	5.00000396641553e-09	1.06306248941857e-05
CPD-14483	27662	HMDB	HMDB0011628_57_shen	Glycyrrhetinic acid	name_formula_mass	4	FALSE	TRUE	5.00000396641553e-09	1.06306248941857e-05
CPD-14483	27663	HMDB	HMDB0011628_58_shen	Glycyrrhetinic acid	name_formula_mass	4	FALSE	TRUE	5.00000396641553e-09	1.06306248941857e-05
CPD-14483	27664	HMDB	HMDB0011628_59_shen	Glycyrrhetinic acid	name_formula_mass	4	FALSE	TRUE	5.00000396641553e-09	1.06306248941857e-05
CPD-14483	27665	HMDB	HMDB0011628_60_shen	Glycyrrhetinic acid	name_formula_mass	4	FALSE	TRUE	5.00000396641553e-09	1.06306248941857e-05
CPD-14483	27666	HMDB	HMDB0011628_61_shen	Glycyrrhetinic acid	name_formula_mass	4	FALSE	TRUE	5.00000396641553e-09	1.06306248941857e-05
CPD-14483	27667	HMDB	HMDB0011628_62_shen	Glycyrrhetinic acid	name_formula_mass	4	FALSE	TRUE	5.00000396641553e-09	1.06306248941857e-05
CPD-14483	27668	HMDB	HMDB0011628_63_shen	Glycyrrhetinic acid	name_formula_mass	4	FALSE	TRUE	5.00000396641553e-09	1.06306248941857e-05
CPD-14483	27669	HMDB	HMDB0011628_64_shen	Glycyrrhetinic acid	name_formula_mass	4	FALSE	TRUE	5.00000396641553e-09	1.06306248941857e-05
CPD-14483	27670	HMDB	HMDB0011628_65_shen	Glycyrrhetinic acid	name_formula_mass	4	FALSE	TRUE	5.00000396641553e-09	1.06306248941857e-05
CPD-14483	27671	HMDB	HMDB0011628_66_shen	Glycyrrhetinic acid	name_formula_mass	4	FALSE	TRUE	5.00000396641553e-09	1.06306248941857e-05
CPD-14483	27672	HMDB	HMDB0011628_67_shen	Glycyrrhetinic acid	name_formula_mass	4	FALSE	TRUE	5.00000396641553e-09	1.06306248941857e-05
CPD-14483	27673	HMDB	HMDB0011628_68_shen	Glycyrrhetinic acid	name_formula_mass	4	FALSE	TRUE	5.00000396641553e-09	1.06306248941857e-05
CPD-14483	27674	HMDB	HMDB0011628_69_shen	Glycyrrhetinic acid	name_formula_mass	4	FALSE	TRUE	5.00000396641553e-09	1.06306248941857e-05
CPD-14483	27675	HMDB	HMDB0011628_70_shen	Glycyrrhetinic acid	name_formula_mass	4	FALSE	TRUE	5.00000396641553e-09	1.06306248941857e-05
CPD-14483	27676	HMDB	HMDB0011628_71_shen	Glycyrrhetinic acid	name_formula_mass	4	FALSE	TRUE	5.00000396641553e-09	1.06306248941857e-05
CPD-14483	27677	HMDB	HMDB0011628_72_shen	Glycyrrhetinic acid	name_formula_mass	4	FALSE	TRUE	5.00000396641553e-09	1.06306248941857e-05
CPD-369	27678	HMDB	HMDB0011632_1_shen	L-Iditol	inchikey	1	TRUE	TRUE	2.0000072709081e-09	5.00001817727025e-06
CPD-369	27679	HMDB	HMDB0011632_2_shen	L-Iditol	inchikey	1	TRUE	TRUE	2.0000072709081e-09	5.00001817727025e-06
CPD-7875	27703	HMDB	HMDB0011638_shen	Tetradecanol	inchikey	1	TRUE	TRUE	3.10001269099303e-09	7.75003172748256e-06
4-HYDROXYBENZALDEHYDE	27720	HMDB	HMDB0011718_1_shen	4-Hydroxybenzaldehyde	inchikey	1	TRUE	TRUE	8.00000066192297e-10	2.00000016548074e-06
4-HYDROXYBENZALDEHYDE	27721	HMDB	HMDB0011718_2_shen	4-Hydroxybenzaldehyde	inchikey	1	TRUE	TRUE	8.00000066192297e-10	2.00000016548074e-06
4-HYDROXYBENZALDEHYDE	27722	HMDB	HMDB0011718_3_shen	4-Hydroxybenzaldehyde	inchikey	1	TRUE	TRUE	8.00000066192297e-10	2.00000016548074e-06
4-HYDROXYBENZALDEHYDE	27723	HMDB	HMDB0011718_4_shen	4-Hydroxybenzaldehyde	inchikey	1	TRUE	TRUE	8.00000066192297e-10	2.00000016548074e-06
4-HYDROXYBENZALDEHYDE	27724	HMDB	HMDB0011718_5_shen	4-Hydroxybenzaldehyde	inchikey	1	TRUE	TRUE	8.00000066192297e-10	2.00000016548074e-06
4-HYDROXYBENZALDEHYDE	27725	HMDB	HMDB0011718_6_shen	4-Hydroxybenzaldehyde	inchikey	1	TRUE	TRUE	8.00000066192297e-10	2.00000016548074e-06
4-HYDROXYBENZALDEHYDE	27726	HMDB	HMDB0011718_7_shen	4-Hydroxybenzaldehyde	inchikey	1	TRUE	TRUE	8.00000066192297e-10	2.00000016548074e-06
4-HYDROXYBENZALDEHYDE	27727	HMDB	HMDB0011718_8_shen	4-Hydroxybenzaldehyde	inchikey	1	TRUE	TRUE	8.00000066192297e-10	2.00000016548074e-06
4-HYDROXYBENZALDEHYDE	27728	HMDB	HMDB0011718_9_shen	4-Hydroxybenzaldehyde	inchikey	1	TRUE	TRUE	8.00000066192297e-10	2.00000016548074e-06
4-HYDROXYBENZALDEHYDE	27729	HMDB	HMDB0011718_10_shen	4-Hydroxybenzaldehyde	inchikey	1	TRUE	TRUE	8.00000066192297e-10	2.00000016548074e-06
4-HYDROXYBENZALDEHYDE	27730	HMDB	HMDB0011718_11_shen	4-Hydroxybenzaldehyde	inchikey	1	TRUE	TRUE	8.00000066192297e-10	2.00000016548074e-06
4-HYDROXYBENZALDEHYDE	27731	HMDB	HMDB0011718_12_shen	4-Hydroxybenzaldehyde	inchikey	1	TRUE	TRUE	8.00000066192297e-10	2.00000016548074e-06
4-HYDROXYBENZALDEHYDE	27732	HMDB	HMDB0011718_13_shen	4-Hydroxybenzaldehyde	inchikey	1	TRUE	TRUE	8.00000066192297e-10	2.00000016548074e-06
4-HYDROXYBENZALDEHYDE	27733	HMDB	HMDB0011718_14_shen	4-Hydroxybenzaldehyde	inchikey	1	TRUE	TRUE	8.00000066192297e-10	2.00000016548074e-06
4-HYDROXYBENZALDEHYDE	27734	HMDB	HMDB0011718_15_shen	4-Hydroxybenzaldehyde	inchikey	1	TRUE	TRUE	8.00000066192297e-10	2.00000016548074e-06
4-HYDROXYBENZALDEHYDE	27735	HMDB	HMDB0011718_16_shen	4-Hydroxybenzaldehyde	inchikey	1	TRUE	TRUE	8.00000066192297e-10	2.00000016548074e-06
4-HYDROXYBENZALDEHYDE	27736	HMDB	HMDB0011718_17_shen	4-Hydroxybenzaldehyde	inchikey	1	TRUE	TRUE	8.00000066192297e-10	2.00000016548074e-06
4-HYDROXYBENZALDEHYDE	27737	HMDB	HMDB0011718_18_shen	4-Hydroxybenzaldehyde	inchikey	1	TRUE	TRUE	8.00000066192297e-10	2.00000016548074e-06
4-HYDROXYBENZALDEHYDE	27738	HMDB	HMDB0011718_19_shen	4-Hydroxybenzaldehyde	inchikey	1	TRUE	TRUE	8.00000066192297e-10	2.00000016548074e-06
4-HYDROXYBENZALDEHYDE	27739	HMDB	HMDB0011718_20_shen	4-Hydroxybenzaldehyde	inchikey	1	TRUE	TRUE	8.00000066192297e-10	2.00000016548074e-06
4-HYDROXYBENZALDEHYDE	27740	HMDB	HMDB0011718_21_shen	4-Hydroxybenzaldehyde	inchikey	1	TRUE	TRUE	8.00000066192297e-10	2.00000016548074e-06
4-HYDROXYBENZALDEHYDE	27741	HMDB	HMDB0011718_22_shen	4-Hydroxybenzaldehyde	inchikey	1	TRUE	TRUE	8.00000066192297e-10	2.00000016548074e-06
4-HYDROXYBENZALDEHYDE	27742	HMDB	HMDB0011718_23_shen	4-Hydroxybenzaldehyde	inchikey	1	TRUE	TRUE	8.00000066192297e-10	2.00000016548074e-06
4-HYDROXYBENZALDEHYDE	27743	HMDB	HMDB0011718_24_shen	4-Hydroxybenzaldehyde	inchikey	1	TRUE	TRUE	8.00000066192297e-10	2.00000016548074e-06
4-HYDROXYBENZALDEHYDE	27744	HMDB	HMDB0011718_25_shen	4-Hydroxybenzaldehyde	inchikey	1	TRUE	TRUE	8.00000066192297e-10	2.00000016548074e-06
4-HYDROXYBENZALDEHYDE	27745	HMDB	HMDB0011718_26_shen	4-Hydroxybenzaldehyde	inchikey	1	TRUE	TRUE	8.00000066192297e-10	2.00000016548074e-06
4-HYDROXYBENZALDEHYDE	27746	HMDB	HMDB0011718_27_shen	4-Hydroxybenzaldehyde	inchikey	1	TRUE	TRUE	8.00000066192297e-10	2.00000016548074e-06
4-HYDROXYBENZALDEHYDE	27747	HMDB	HMDB0011718_28_shen	4-Hydroxybenzaldehyde	inchikey	1	TRUE	TRUE	8.00000066192297e-10	2.00000016548074e-06
5-DEHYDROGLUCONATE	27778	HMDB	HMDB0011731_1_shen	5-Keto-D-gluconate	name_formula_mass	4	FALSE	TRUE	1.69998770616075e-09	4.24996926540189e-06
5-DEHYDROGLUCONATE	27779	HMDB	HMDB0011731_2_shen	5-Keto-D-gluconate	name_formula_mass	4	FALSE	TRUE	1.69998770616075e-09	4.24996926540189e-06
5-DEHYDROGLUCONATE	27780	HMDB	HMDB0011731_3_shen	5-Keto-D-gluconate	name_formula_mass	4	FALSE	TRUE	1.69998770616075e-09	4.24996926540189e-06
5-DEHYDROGLUCONATE	27781	HMDB	HMDB0011731_4_shen	5-Keto-D-gluconate	name_formula_mass	4	FALSE	TRUE	1.69998770616075e-09	4.24996926540189e-06
ARABINOSE-5P	27802	HMDB	HMDB0011734_1_shen	D-Arabinose 5-phosphate	inchikey_connectivity_formula_mass	2	FALSE	TRUE	9.99875737761613e-11	2.49968934440403e-07
ARABINOSE-5P	27803	HMDB	HMDB0011734_2_shen	D-Arabinose 5-phosphate	inchikey_connectivity_formula_mass	2	FALSE	TRUE	9.99875737761613e-11	2.49968934440403e-07
ARABINOSE-5P	27804	HMDB	HMDB0011734_3_shen	D-Arabinose 5-phosphate	inchikey_connectivity_formula_mass	2	FALSE	TRUE	9.99875737761613e-11	2.49968934440403e-07
ARABINOSE-5P	27805	HMDB	HMDB0011734_4_shen	D-Arabinose 5-phosphate	inchikey_connectivity_formula_mass	2	FALSE	TRUE	9.99875737761613e-11	2.49968934440403e-07
ARABINOSE-5P	27806	HMDB	HMDB0011734_5_shen	D-Arabinose 5-phosphate	inchikey_connectivity_formula_mass	2	FALSE	TRUE	9.99875737761613e-11	2.49968934440403e-07
ARABINOSE-5P	27807	HMDB	HMDB0011734_6_shen	D-Arabinose 5-phosphate	inchikey_connectivity_formula_mass	2	FALSE	TRUE	9.99875737761613e-11	2.49968934440403e-07
NAPHTHOL	27944	HMDB	HMDB0012138_1_shen	1-Naphthol	inchikey	1	TRUE	TRUE	9.00001850823173e-10	2.25000462705793e-06
NAPHTHOL	27945	HMDB	HMDB0012138_2_shen	1-Naphthol	inchikey	1	TRUE	TRUE	9.00001850823173e-10	2.25000462705793e-06
NAPHTHOL	27946	HMDB	HMDB0012138_3_shen	1-Naphthol	inchikey	1	TRUE	TRUE	9.00001850823173e-10	2.25000462705793e-06
NAPHTHOL	27947	HMDB	HMDB0012138_4_shen	1-Naphthol	inchikey	1	TRUE	TRUE	9.00001850823173e-10	2.25000462705793e-06
NAPHTHOL	27948	HMDB	HMDB0012138_5_shen	1-Naphthol	inchikey	1	TRUE	TRUE	9.00001850823173e-10	2.25000462705793e-06
NAPHTHOL	27949	HMDB	HMDB0012138_6_shen	1-Naphthol	inchikey	1	TRUE	TRUE	9.00001850823173e-10	2.25000462705793e-06
NAPHTHOL	27950	HMDB	HMDB0012138_7_shen	1-Naphthol	inchikey	1	TRUE	TRUE	9.00001850823173e-10	2.25000462705793e-06
NAPHTHOL	27951	HMDB	HMDB0012138_8_shen	1-Naphthol	inchikey	1	TRUE	TRUE	9.00001850823173e-10	2.25000462705793e-06
NAPHTHOL	27952	HMDB	HMDB0012138_9_shen	1-Naphthol	inchikey	1	TRUE	TRUE	9.00001850823173e-10	2.25000462705793e-06
NAPHTHOL	27953	HMDB	HMDB0012138_10_shen	1-Naphthol	inchikey	1	TRUE	TRUE	9.00001850823173e-10	2.25000462705793e-06
NAPHTHOL	27954	HMDB	HMDB0012138_11_shen	1-Naphthol	inchikey	1	TRUE	TRUE	9.00001850823173e-10	2.25000462705793e-06
NAPHTHOL	27955	HMDB	HMDB0012138_12_shen	1-Naphthol	inchikey	1	TRUE	TRUE	9.00001850823173e-10	2.25000462705793e-06
NAPHTHOL	27956	HMDB	HMDB0012138_13_shen	1-Naphthol	inchikey	1	TRUE	TRUE	9.00001850823173e-10	2.25000462705793e-06
NAPHTHOL	27957	HMDB	HMDB0012138_14_shen	1-Naphthol	inchikey	1	TRUE	TRUE	9.00001850823173e-10	2.25000462705793e-06
NAPHTHOL	27958	HMDB	HMDB0012138_15_shen	1-Naphthol	inchikey	1	TRUE	TRUE	9.00001850823173e-10	2.25000462705793e-06
NAPHTHOL	27959	HMDB	HMDB0012138_16_shen	1-Naphthol	inchikey	1	TRUE	TRUE	9.00001850823173e-10	2.25000462705793e-06
NAPHTHOL	27960	HMDB	HMDB0012138_17_shen	1-Naphthol	inchikey	1	TRUE	TRUE	9.00001850823173e-10	2.25000462705793e-06
NAPHTHOL	27961	HMDB	HMDB0012138_18_shen	1-Naphthol	inchikey	1	TRUE	TRUE	9.00001850823173e-10	2.25000462705793e-06
NAPHTHOL	27962	HMDB	HMDB0012138_19_shen	1-Naphthol	inchikey	1	TRUE	TRUE	9.00001850823173e-10	2.25000462705793e-06
CHORISMATE	27963	HMDB	HMDB0012199_1_shen	Chorismate	inchikey_connectivity_formula_mass	2	FALSE	TRUE	1.60000013238459e-09	4.00000033096148e-06
CHORISMATE	27964	HMDB	HMDB0012199_2_shen	Chorismate	inchikey_connectivity_formula_mass	2	FALSE	TRUE	1.60000013238459e-09	4.00000033096148e-06
CHORISMATE	27965	HMDB	HMDB0012199_3_shen	Chorismate	inchikey_connectivity_formula_mass	2	FALSE	TRUE	1.60000013238459e-09	4.00000033096148e-06
CHORISMATE	27966	HMDB	HMDB0012199_4_shen	Chorismate	inchikey_connectivity_formula_mass	2	FALSE	TRUE	1.60000013238459e-09	4.00000033096148e-06
CHORISMATE	27967	HMDB	HMDB0012199_5_shen	Chorismate	inchikey_connectivity_formula_mass	2	FALSE	TRUE	1.60000013238459e-09	4.00000033096148e-06
CHORISMATE	27968	HMDB	HMDB0012199_6_shen	Chorismate	inchikey_connectivity_formula_mass	2	FALSE	TRUE	1.60000013238459e-09	4.00000033096148e-06
CHORISMATE	27969	HMDB	HMDB0012199_7_shen	Chorismate	inchikey_connectivity_formula_mass	2	FALSE	TRUE	1.60000013238459e-09	4.00000033096148e-06
CHORISMATE	27970	HMDB	HMDB0012199_8_shen	Chorismate	inchikey_connectivity_formula_mass	2	FALSE	TRUE	1.60000013238459e-09	4.00000033096148e-06
CHORISMATE	27971	HMDB	HMDB0012199_9_shen	Chorismate	inchikey_connectivity_formula_mass	2	FALSE	TRUE	1.60000013238459e-09	4.00000033096148e-06
CHORISMATE	27972	HMDB	HMDB0012199_10_shen	Chorismate	inchikey_connectivity_formula_mass	2	FALSE	TRUE	1.60000013238459e-09	4.00000033096148e-06
CHORISMATE	27973	HMDB	HMDB0012199_11_shen	Chorismate	inchikey_connectivity_formula_mass	2	FALSE	TRUE	1.60000013238459e-09	4.00000033096148e-06
CHORISMATE	27974	HMDB	HMDB0012199_12_shen	Chorismate	inchikey_connectivity_formula_mass	2	FALSE	TRUE	1.60000013238459e-09	4.00000033096148e-06
CHORISMATE	27975	HMDB	HMDB0012199_13_shen	Chorismate	inchikey_connectivity_formula_mass	2	FALSE	TRUE	1.60000013238459e-09	4.00000033096148e-06
CHORISMATE	27976	HMDB	HMDB0012199_14_shen	Chorismate	inchikey_connectivity_formula_mass	2	FALSE	TRUE	1.60000013238459e-09	4.00000033096148e-06
CHORISMATE	27977	HMDB	HMDB0012199_15_shen	Chorismate	inchikey_connectivity_formula_mass	2	FALSE	TRUE	1.60000013238459e-09	4.00000033096148e-06
CHORISMATE	27978	HMDB	HMDB0012199_16_shen	Chorismate	inchikey_connectivity_formula_mass	2	FALSE	TRUE	1.60000013238459e-09	4.00000033096148e-06
CHORISMATE	27979	HMDB	HMDB0012199_17_shen	Chorismate	inchikey_connectivity_formula_mass	2	FALSE	TRUE	1.60000013238459e-09	4.00000033096148e-06
CHORISMATE	27980	HMDB	HMDB0012199_18_shen	Chorismate	inchikey_connectivity_formula_mass	2	FALSE	TRUE	1.60000013238459e-09	4.00000033096148e-06
CHORISMATE	27981	HMDB	HMDB0012199_19_shen	Chorismate	inchikey_connectivity_formula_mass	2	FALSE	TRUE	1.60000013238459e-09	4.00000033096148e-06
CHORISMATE	27982	HMDB	HMDB0012199_20_shen	Chorismate	inchikey_connectivity_formula_mass	2	FALSE	TRUE	1.60000013238459e-09	4.00000033096148e-06
CHORISMATE	27983	HMDB	HMDB0012199_21_shen	Chorismate	inchikey_connectivity_formula_mass	2	FALSE	TRUE	1.60000013238459e-09	4.00000033096148e-06
CHORISMATE	27984	HMDB	HMDB0012199_22_shen	Chorismate	inchikey_connectivity_formula_mass	2	FALSE	TRUE	1.60000013238459e-09	4.00000033096148e-06
CHORISMATE	27985	HMDB	HMDB0012199_23_shen	Chorismate	inchikey_connectivity_formula_mass	2	FALSE	TRUE	1.60000013238459e-09	4.00000033096148e-06
CHORISMATE	27986	HMDB	HMDB0012199_24_shen	Chorismate	inchikey_connectivity_formula_mass	2	FALSE	TRUE	1.60000013238459e-09	4.00000033096148e-06
CHORISMATE	27987	HMDB	HMDB0012199_25_shen	Chorismate	inchikey_connectivity_formula_mass	2	FALSE	TRUE	1.60000013238459e-09	4.00000033096148e-06
CHORISMATE	27988	HMDB	HMDB0012199_26_shen	Chorismate	inchikey_connectivity_formula_mass	2	FALSE	TRUE	1.60000013238459e-09	4.00000033096148e-06
CHORISMATE	27989	HMDB	HMDB0012199_27_shen	Chorismate	inchikey_connectivity_formula_mass	2	FALSE	TRUE	1.60000013238459e-09	4.00000033096148e-06
CHORISMATE	27990	HMDB	HMDB0012199_28_shen	Chorismate	inchikey_connectivity_formula_mass	2	FALSE	TRUE	1.60000013238459e-09	4.00000033096148e-06
CHORISMATE	27991	HMDB	HMDB0012199_29_shen	Chorismate	inchikey_connectivity_formula_mass	2	FALSE	TRUE	1.60000013238459e-09	4.00000033096148e-06
CHORISMATE	27992	HMDB	HMDB0012199_30_shen	Chorismate	inchikey_connectivity_formula_mass	2	FALSE	TRUE	1.60000013238459e-09	4.00000033096148e-06
CHORISMATE	27993	HMDB	HMDB0012199_31_shen	Chorismate	inchikey_connectivity_formula_mass	2	FALSE	TRUE	1.60000013238459e-09	4.00000033096148e-06
CHORISMATE	27994	HMDB	HMDB0012199_32_shen	Chorismate	inchikey_connectivity_formula_mass	2	FALSE	TRUE	1.60000013238459e-09	4.00000033096148e-06
CHORISMATE	27995	HMDB	HMDB0012199_33_shen	Chorismate	inchikey_connectivity_formula_mass	2	FALSE	TRUE	1.60000013238459e-09	4.00000033096148e-06
CHORISMATE	27996	HMDB	HMDB0012199_34_shen	Chorismate	inchikey_connectivity_formula_mass	2	FALSE	TRUE	1.60000013238459e-09	4.00000033096148e-06
CHORISMATE	27997	HMDB	HMDB0012199_35_shen	Chorismate	inchikey_connectivity_formula_mass	2	FALSE	TRUE	1.60000013238459e-09	4.00000033096148e-06
CHORISMATE	27998	HMDB	HMDB0012199_36_shen	Chorismate	inchikey_connectivity_formula_mass	2	FALSE	TRUE	1.60000013238459e-09	4.00000033096148e-06
CHORISMATE	27999	HMDB	HMDB0012199_37_shen	Chorismate	inchikey_connectivity_formula_mass	2	FALSE	TRUE	1.60000013238459e-09	4.00000033096148e-06
CHORISMATE	28000	HMDB	HMDB0012199_38_shen	Chorismate	inchikey_connectivity_formula_mass	2	FALSE	TRUE	1.60000013238459e-09	4.00000033096148e-06
CHORISMATE	28001	HMDB	HMDB0012199_39_shen	Chorismate	inchikey_connectivity_formula_mass	2	FALSE	TRUE	1.60000013238459e-09	4.00000033096148e-06
CHORISMATE	28002	HMDB	HMDB0012199_40_shen	Chorismate	inchikey_connectivity_formula_mass	2	FALSE	TRUE	1.60000013238459e-09	4.00000033096148e-06
CHORISMATE	28003	HMDB	HMDB0012199_41_shen	Chorismate	inchikey_connectivity_formula_mass	2	FALSE	TRUE	1.60000013238459e-09	4.00000033096148e-06
CHORISMATE	28004	HMDB	HMDB0012199_42_shen	Chorismate	inchikey_connectivity_formula_mass	2	FALSE	TRUE	1.60000013238459e-09	4.00000033096148e-06
CHORISMATE	28005	HMDB	HMDB0012199_43_shen	Chorismate	inchikey_connectivity_formula_mass	2	FALSE	TRUE	1.60000013238459e-09	4.00000033096148e-06
CHORISMATE	28006	HMDB	HMDB0012199_44_shen	Chorismate	inchikey_connectivity_formula_mass	2	FALSE	TRUE	1.60000013238459e-09	4.00000033096148e-06
CHORISMATE	28007	HMDB	HMDB0012199_45_shen	Chorismate	inchikey_connectivity_formula_mass	2	FALSE	TRUE	1.60000013238459e-09	4.00000033096148e-06
CHORISMATE	28008	HMDB	HMDB0012199_46_shen	Chorismate	inchikey_connectivity_formula_mass	2	FALSE	TRUE	1.60000013238459e-09	4.00000033096148e-06
CHORISMATE	28009	HMDB	HMDB0012199_47_shen	Chorismate	inchikey_connectivity_formula_mass	2	FALSE	TRUE	1.60000013238459e-09	4.00000033096148e-06
CHORISMATE	28010	HMDB	HMDB0012199_48_shen	Chorismate	inchikey_connectivity_formula_mass	2	FALSE	TRUE	1.60000013238459e-09	4.00000033096148e-06
CHORISMATE	28011	HMDB	HMDB0012199_49_shen	Chorismate	inchikey_connectivity_formula_mass	2	FALSE	TRUE	1.60000013238459e-09	4.00000033096148e-06
CHORISMATE	28012	HMDB	HMDB0012199_50_shen	Chorismate	inchikey_connectivity_formula_mass	2	FALSE	TRUE	1.60000013238459e-09	4.00000033096148e-06
CHORISMATE	28013	HMDB	HMDB0012199_51_shen	Chorismate	inchikey_connectivity_formula_mass	2	FALSE	TRUE	1.60000013238459e-09	4.00000033096148e-06
CHORISMATE	28014	HMDB	HMDB0012199_52_shen	Chorismate	inchikey_connectivity_formula_mass	2	FALSE	TRUE	1.60000013238459e-09	4.00000033096148e-06
CHORISMATE	28015	HMDB	HMDB0012199_53_shen	Chorismate	inchikey_connectivity_formula_mass	2	FALSE	TRUE	1.60000013238459e-09	4.00000033096148e-06
CHORISMATE	28016	HMDB	HMDB0012199_54_shen	Chorismate	inchikey_connectivity_formula_mass	2	FALSE	TRUE	1.60000013238459e-09	4.00000033096148e-06
CHORISMATE	28017	HMDB	HMDB0012199_55_shen	Chorismate	inchikey_connectivity_formula_mass	2	FALSE	TRUE	1.60000013238459e-09	4.00000033096148e-06
CHORISMATE	28018	HMDB	HMDB0012199_56_shen	Chorismate	inchikey_connectivity_formula_mass	2	FALSE	TRUE	1.60000013238459e-09	4.00000033096148e-06
CHORISMATE	28019	HMDB	HMDB0012199_57_shen	Chorismate	inchikey_connectivity_formula_mass	2	FALSE	TRUE	1.60000013238459e-09	4.00000033096148e-06
CHORISMATE	28020	HMDB	HMDB0012199_58_shen	Chorismate	inchikey_connectivity_formula_mass	2	FALSE	TRUE	1.60000013238459e-09	4.00000033096148e-06
CHORISMATE	28021	HMDB	HMDB0012199_59_shen	Chorismate	inchikey_connectivity_formula_mass	2	FALSE	TRUE	1.60000013238459e-09	4.00000033096148e-06
CHORISMATE	28022	HMDB	HMDB0012199_60_shen	Chorismate	inchikey_connectivity_formula_mass	2	FALSE	TRUE	1.60000013238459e-09	4.00000033096148e-06
CHORISMATE	28023	HMDB	HMDB0012199_61_shen	Chorismate	inchikey_connectivity_formula_mass	2	FALSE	TRUE	1.60000013238459e-09	4.00000033096148e-06
CHORISMATE	28024	HMDB	HMDB0012199_62_shen	Chorismate	inchikey_connectivity_formula_mass	2	FALSE	TRUE	1.60000013238459e-09	4.00000033096148e-06
CHORISMATE	28025	HMDB	HMDB0012199_63_shen	Chorismate	inchikey_connectivity_formula_mass	2	FALSE	TRUE	1.60000013238459e-09	4.00000033096148e-06
CHORISMATE	28026	HMDB	HMDB0012199_64_shen	Chorismate	inchikey_connectivity_formula_mass	2	FALSE	TRUE	1.60000013238459e-09	4.00000033096148e-06
CHORISMATE	28027	HMDB	HMDB0012199_65_shen	Chorismate	inchikey_connectivity_formula_mass	2	FALSE	TRUE	1.60000013238459e-09	4.00000033096148e-06
CHORISMATE	28028	HMDB	HMDB0012199_66_shen	Chorismate	inchikey_connectivity_formula_mass	2	FALSE	TRUE	1.60000013238459e-09	4.00000033096148e-06
CHORISMATE	28029	HMDB	HMDB0012199_67_shen	Chorismate	inchikey_connectivity_formula_mass	2	FALSE	TRUE	1.60000013238459e-09	4.00000033096148e-06
CHORISMATE	28030	HMDB	HMDB0012199_68_shen	Chorismate	inchikey_connectivity_formula_mass	2	FALSE	TRUE	1.60000013238459e-09	4.00000033096148e-06
CHORISMATE	28031	HMDB	HMDB0012199_69_shen	Chorismate	inchikey_connectivity_formula_mass	2	FALSE	TRUE	1.60000013238459e-09	4.00000033096148e-06
CHORISMATE	28032	HMDB	HMDB0012199_70_shen	Chorismate	inchikey_connectivity_formula_mass	2	FALSE	TRUE	1.60000013238459e-09	4.00000033096148e-06
CHORISMATE	28033	HMDB	HMDB0012199_71_shen	Chorismate	inchikey_connectivity_formula_mass	2	FALSE	TRUE	1.60000013238459e-09	4.00000033096148e-06
CHORISMATE	28034	HMDB	HMDB0012199_72_shen	Chorismate	inchikey_connectivity_formula_mass	2	FALSE	TRUE	1.60000013238459e-09	4.00000033096148e-06
CHORISMATE	28035	HMDB	HMDB0012199_73_shen	Chorismate	inchikey_connectivity_formula_mass	2	FALSE	TRUE	1.60000013238459e-09	4.00000033096148e-06
CHORISMATE	28036	HMDB	HMDB0012199_74_shen	Chorismate	inchikey_connectivity_formula_mass	2	FALSE	TRUE	1.60000013238459e-09	4.00000033096148e-06
CHORISMATE	28037	HMDB	HMDB0012199_75_shen	Chorismate	inchikey_connectivity_formula_mass	2	FALSE	TRUE	1.60000013238459e-09	4.00000033096148e-06
CHORISMATE	28038	HMDB	HMDB0012199_76_shen	Chorismate	inchikey_connectivity_formula_mass	2	FALSE	TRUE	1.60000013238459e-09	4.00000033096148e-06
CHORISMATE	28039	HMDB	HMDB0012199_77_shen	Chorismate	inchikey_connectivity_formula_mass	2	FALSE	TRUE	1.60000013238459e-09	4.00000033096148e-06
CHORISMATE	28040	HMDB	HMDB0012199_78_shen	Chorismate	inchikey_connectivity_formula_mass	2	FALSE	TRUE	1.60000013238459e-09	4.00000033096148e-06
CHORISMATE	28041	HMDB	HMDB0012199_79_shen	Chorismate	inchikey_connectivity_formula_mass	2	FALSE	TRUE	1.60000013238459e-09	4.00000033096148e-06
CHORISMATE	28042	HMDB	HMDB0012199_80_shen	Chorismate	inchikey_connectivity_formula_mass	2	FALSE	TRUE	1.60000013238459e-09	4.00000033096148e-06
CHORISMATE	28043	HMDB	HMDB0012199_81_shen	Chorismate	inchikey_connectivity_formula_mass	2	FALSE	TRUE	1.60000013238459e-09	4.00000033096148e-06
CHORISMATE	28044	HMDB	HMDB0012199_82_shen	Chorismate	inchikey_connectivity_formula_mass	2	FALSE	TRUE	1.60000013238459e-09	4.00000033096148e-06
CHORISMATE	28045	HMDB	HMDB0012199_83_shen	Chorismate	inchikey_connectivity_formula_mass	2	FALSE	TRUE	1.60000013238459e-09	4.00000033096148e-06
CHORISMATE	28046	HMDB	HMDB0012199_84_shen	Chorismate	inchikey_connectivity_formula_mass	2	FALSE	TRUE	1.60000013238459e-09	4.00000033096148e-06
CHORISMATE	28047	HMDB	HMDB0012199_85_shen	Chorismate	inchikey_connectivity_formula_mass	2	FALSE	TRUE	1.60000013238459e-09	4.00000033096148e-06
CHORISMATE	28048	HMDB	HMDB0012199_86_shen	Chorismate	inchikey_connectivity_formula_mass	2	FALSE	TRUE	1.60000013238459e-09	4.00000033096148e-06
CHORISMATE	28049	HMDB	HMDB0012199_87_shen	Chorismate	inchikey_connectivity_formula_mass	2	FALSE	TRUE	1.60000013238459e-09	4.00000033096148e-06
CHORISMATE	28050	HMDB	HMDB0012199_88_shen	Chorismate	inchikey_connectivity_formula_mass	2	FALSE	TRUE	1.60000013238459e-09	4.00000033096148e-06
CHORISMATE	28051	HMDB	HMDB0012199_89_shen	Chorismate	inchikey_connectivity_formula_mass	2	FALSE	TRUE	1.60000013238459e-09	4.00000033096148e-06
CHORISMATE	28052	HMDB	HMDB0012199_90_shen	Chorismate	inchikey_connectivity_formula_mass	2	FALSE	TRUE	1.60000013238459e-09	4.00000033096148e-06
CHORISMATE	28053	HMDB	HMDB0012199_91_shen	Chorismate	inchikey_connectivity_formula_mass	2	FALSE	TRUE	1.60000013238459e-09	4.00000033096148e-06
CHORISMATE	28054	HMDB	HMDB0012199_92_shen	Chorismate	inchikey_connectivity_formula_mass	2	FALSE	TRUE	1.60000013238459e-09	4.00000033096148e-06
CHORISMATE	28055	HMDB	HMDB0012199_93_shen	Chorismate	inchikey_connectivity_formula_mass	2	FALSE	TRUE	1.60000013238459e-09	4.00000033096148e-06
CHORISMATE	28056	HMDB	HMDB0012199_94_shen	Chorismate	inchikey_connectivity_formula_mass	2	FALSE	TRUE	1.60000013238459e-09	4.00000033096148e-06
CHORISMATE	28057	HMDB	HMDB0012199_95_shen	Chorismate	inchikey_connectivity_formula_mass	2	FALSE	TRUE	1.60000013238459e-09	4.00000033096148e-06
CHORISMATE	28058	HMDB	HMDB0012199_96_shen	Chorismate	inchikey_connectivity_formula_mass	2	FALSE	TRUE	1.60000013238459e-09	4.00000033096148e-06
CHORISMATE	28059	HMDB	HMDB0012199_97_shen	Chorismate	inchikey_connectivity_formula_mass	2	FALSE	TRUE	1.60000013238459e-09	4.00000033096148e-06
CHORISMATE	28060	HMDB	HMDB0012199_98_shen	Chorismate	inchikey_connectivity_formula_mass	2	FALSE	TRUE	1.60000013238459e-09	4.00000033096148e-06
CHORISMATE	28061	HMDB	HMDB0012199_99_shen	Chorismate	inchikey_connectivity_formula_mass	2	FALSE	TRUE	1.60000013238459e-09	4.00000033096148e-06
CHORISMATE	28062	HMDB	HMDB0012199_100_shen	Chorismate	inchikey_connectivity_formula_mass	2	FALSE	TRUE	1.60000013238459e-09	4.00000033096148e-06
CHORISMATE	28063	HMDB	HMDB0012199_101_shen	Chorismate	inchikey_connectivity_formula_mass	2	FALSE	TRUE	1.60000013238459e-09	4.00000033096148e-06
CHORISMATE	28064	HMDB	HMDB0012199_102_shen	Chorismate	inchikey_connectivity_formula_mass	2	FALSE	TRUE	1.60000013238459e-09	4.00000033096148e-06
CHORISMATE	28065	HMDB	HMDB0012199_103_shen	Chorismate	inchikey_connectivity_formula_mass	2	FALSE	TRUE	1.60000013238459e-09	4.00000033096148e-06
CHORISMATE	28066	HMDB	HMDB0012199_104_shen	Chorismate	inchikey_connectivity_formula_mass	2	FALSE	TRUE	1.60000013238459e-09	4.00000033096148e-06
CHORISMATE	28067	HMDB	HMDB0012199_105_shen	Chorismate	inchikey_connectivity_formula_mass	2	FALSE	TRUE	1.60000013238459e-09	4.00000033096148e-06
CHORISMATE	28068	HMDB	HMDB0012199_106_shen	Chorismate	inchikey_connectivity_formula_mass	2	FALSE	TRUE	1.60000013238459e-09	4.00000033096148e-06
CHORISMATE	28069	HMDB	HMDB0012199_107_shen	Chorismate	inchikey_connectivity_formula_mass	2	FALSE	TRUE	1.60000013238459e-09	4.00000033096148e-06
CHORISMATE	28070	HMDB	HMDB0012199_108_shen	Chorismate	inchikey_connectivity_formula_mass	2	FALSE	TRUE	1.60000013238459e-09	4.00000033096148e-06
CHORISMATE	28071	HMDB	HMDB0012199_109_shen	Chorismate	inchikey_connectivity_formula_mass	2	FALSE	TRUE	1.60000013238459e-09	4.00000033096148e-06
CHORISMATE	28072	HMDB	HMDB0012199_110_shen	Chorismate	inchikey_connectivity_formula_mass	2	FALSE	TRUE	1.60000013238459e-09	4.00000033096148e-06
CHORISMATE	28073	HMDB	HMDB0012199_111_shen	Chorismate	inchikey_connectivity_formula_mass	2	FALSE	TRUE	1.60000013238459e-09	4.00000033096148e-06
CHORISMATE	28074	HMDB	HMDB0012199_112_shen	Chorismate	inchikey_connectivity_formula_mass	2	FALSE	TRUE	1.60000013238459e-09	4.00000033096148e-06
CHORISMATE	28075	HMDB	HMDB0012199_113_shen	Chorismate	inchikey_connectivity_formula_mass	2	FALSE	TRUE	1.60000013238459e-09	4.00000033096148e-06
CHORISMATE	28076	HMDB	HMDB0012199_114_shen	Chorismate	inchikey_connectivity_formula_mass	2	FALSE	TRUE	1.60000013238459e-09	4.00000033096148e-06
CHORISMATE	28077	HMDB	HMDB0012199_115_shen	Chorismate	inchikey_connectivity_formula_mass	2	FALSE	TRUE	1.60000013238459e-09	4.00000033096148e-06
CHORISMATE	28078	HMDB	HMDB0012199_116_shen	Chorismate	inchikey_connectivity_formula_mass	2	FALSE	TRUE	1.60000013238459e-09	4.00000033096148e-06
CPD-4620	28080	HMDB	HMDB0012203_shen	cis-Zeatin O-glucoside	inchikey	1	TRUE	TRUE	1.58999569066509e-08	3.97498922666273e-05
CPD-4210	28081	HMDB	HMDB0012204_1_shen	Zeatin	inchikey	1	TRUE	TRUE	2.39998598772218e-09	5.99996496930544e-06
CPD-4210	28082	HMDB	HMDB0012204_2_shen	Zeatin	inchikey	1	TRUE	TRUE	2.39998598772218e-09	5.99996496930544e-06
CPD-4210	28083	HMDB	HMDB0012204_3_shen	Zeatin	inchikey	1	TRUE	TRUE	2.39998598772218e-09	5.99996496930544e-06
CPD-4210	28084	HMDB	HMDB0012204_4_shen	Zeatin	inchikey	1	TRUE	TRUE	2.39998598772218e-09	5.99996496930544e-06
CPD-4210	28085	HMDB	HMDB0012204_5_shen	Zeatin	inchikey	1	TRUE	TRUE	2.39998598772218e-09	5.99996496930544e-06
CPD-4210	28086	HMDB	HMDB0012204_6_shen	Zeatin	inchikey	1	TRUE	TRUE	2.39998598772218e-09	5.99996496930544e-06
CPD-4210	28087	HMDB	HMDB0012204_7_shen	Zeatin	inchikey	1	TRUE	TRUE	2.39998598772218e-09	5.99996496930544e-06
CPD-4210	28088	HMDB	HMDB0012204_8_shen	Zeatin	inchikey	1	TRUE	TRUE	2.39998598772218e-09	5.99996496930544e-06
CPD-4210	28089	HMDB	HMDB0012204_9_shen	Zeatin	inchikey	1	TRUE	TRUE	2.39998598772218e-09	5.99996496930544e-06
CPD-4210	28090	HMDB	HMDB0012204_10_shen	Zeatin	inchikey	1	TRUE	TRUE	2.39998598772218e-09	5.99996496930544e-06
CPD-4210	28091	HMDB	HMDB0012204_11_shen	Zeatin	inchikey	1	TRUE	TRUE	2.39998598772218e-09	5.99996496930544e-06
CPD-4210	28092	HMDB	HMDB0012204_12_shen	Zeatin	inchikey	1	TRUE	TRUE	2.39998598772218e-09	5.99996496930544e-06
CPD-4210	28093	HMDB	HMDB0012204_13_shen	Zeatin	inchikey	1	TRUE	TRUE	2.39998598772218e-09	5.99996496930544e-06
CPD-4210	28094	HMDB	HMDB0012204_14_shen	Zeatin	inchikey	1	TRUE	TRUE	2.39998598772218e-09	5.99996496930544e-06
CPD-4210	28095	HMDB	HMDB0012204_15_shen	Zeatin	inchikey	1	TRUE	TRUE	2.39998598772218e-09	5.99996496930544e-06
CPD-4210	28096	HMDB	HMDB0012204_16_shen	Zeatin	inchikey	1	TRUE	TRUE	2.39998598772218e-09	5.99996496930544e-06
CPD-4210	28097	HMDB	HMDB0012204_17_shen	Zeatin	inchikey	1	TRUE	TRUE	2.39998598772218e-09	5.99996496930544e-06
CPD-4210	28098	HMDB	HMDB0012204_18_shen	Zeatin	inchikey	1	TRUE	TRUE	2.39998598772218e-09	5.99996496930544e-06
CPD-4210	28099	HMDB	HMDB0012204_19_shen	Zeatin	inchikey	1	TRUE	TRUE	2.39998598772218e-09	5.99996496930544e-06
CPD-4210	28100	HMDB	HMDB0012204_20_shen	Zeatin	inchikey	1	TRUE	TRUE	2.39998598772218e-09	5.99996496930544e-06
CPD-4210	28101	HMDB	HMDB0012204_21_shen	Zeatin	inchikey	1	TRUE	TRUE	2.39998598772218e-09	5.99996496930544e-06
CPD-4210	28102	HMDB	HMDB0012204_22_shen	Zeatin	inchikey	1	TRUE	TRUE	2.39998598772218e-09	5.99996496930544e-06
CPD-4210	28103	HMDB	HMDB0012204_23_shen	Zeatin	inchikey	1	TRUE	TRUE	2.39998598772218e-09	5.99996496930544e-06
CPD-4210	28104	HMDB	HMDB0012204_24_shen	Zeatin	inchikey	1	TRUE	TRUE	2.39998598772218e-09	5.99996496930544e-06
CPD-4210	28105	HMDB	HMDB0012204_25_shen	Zeatin	inchikey	1	TRUE	TRUE	2.39998598772218e-09	5.99996496930544e-06
CPD-4210	28106	HMDB	HMDB0012204_26_shen	Zeatin	inchikey	1	TRUE	TRUE	2.39998598772218e-09	5.99996496930544e-06
CPD-4210	28107	HMDB	HMDB0012204_27_shen	Zeatin	inchikey	1	TRUE	TRUE	2.39998598772218e-09	5.99996496930544e-06
CPD-4210	28108	HMDB	HMDB0012204_28_shen	Zeatin	inchikey	1	TRUE	TRUE	2.39998598772218e-09	5.99996496930544e-06
CPD-4210	28109	HMDB	HMDB0012204_29_shen	Zeatin	inchikey	1	TRUE	TRUE	2.39998598772218e-09	5.99996496930544e-06
CPD-4210	28110	HMDB	HMDB0012204_30_shen	Zeatin	inchikey	1	TRUE	TRUE	2.39998598772218e-09	5.99996496930544e-06
CPD-4210	28111	HMDB	HMDB0012204_31_shen	Zeatin	inchikey	1	TRUE	TRUE	2.39998598772218e-09	5.99996496930544e-06
CPD-4210	28112	HMDB	HMDB0012204_32_shen	Zeatin	inchikey	1	TRUE	TRUE	2.39998598772218e-09	5.99996496930544e-06
CPD-4210	28113	HMDB	HMDB0012204_33_shen	Zeatin	inchikey	1	TRUE	TRUE	2.39998598772218e-09	5.99996496930544e-06
CPD-4210	28114	HMDB	HMDB0012204_34_shen	Zeatin	inchikey	1	TRUE	TRUE	2.39998598772218e-09	5.99996496930544e-06
CPD-4210	28115	HMDB	HMDB0012204_35_shen	Zeatin	inchikey	1	TRUE	TRUE	2.39998598772218e-09	5.99996496930544e-06
CPD-4210	28116	HMDB	HMDB0012204_36_shen	Zeatin	inchikey	1	TRUE	TRUE	2.39998598772218e-09	5.99996496930544e-06
CPD-4210	28117	HMDB	HMDB0012204_37_shen	Zeatin	inchikey	1	TRUE	TRUE	2.39998598772218e-09	5.99996496930544e-06
CPD-4210	28118	HMDB	HMDB0012204_38_shen	Zeatin	inchikey	1	TRUE	TRUE	2.39998598772218e-09	5.99996496930544e-06
CPD-296	28124	HMDB	HMDB0012210_1_shen	Dihydrolipoate	name_formula_mass	4	FALSE	TRUE	1.80000370164635e-09	4.50000925411587e-06
CPD-296	28125	HMDB	HMDB0012210_2_shen	Dihydrolipoate	name_formula_mass	4	FALSE	TRUE	1.80000370164635e-09	4.50000925411587e-06
CPD-296	28126	HMDB	HMDB0012210_3_shen	Dihydrolipoate	name_formula_mass	4	FALSE	TRUE	1.80000370164635e-09	4.50000925411587e-06
CPD-4503	28134	HMDB	HMDB0012242_1_shen	Ketoconazole	inchikey	1	FALSE	FALSE	1.00000079328311e-08	1.88626451134448e-05
CPD-4503	28135	HMDB	HMDB0012242_2_shen	Ketoconazole	inchikey	1	FALSE	FALSE	1.00000079328311e-08	1.88626451134448e-05
CPD-4609	28136	HMDB	HMDB0012245_1_shen	Kinetin	inchikey	1	TRUE	TRUE	2.0000072709081e-09	5.00001817727025e-06
CPD-4609	28137	HMDB	HMDB0012245_2_shen	Kinetin	inchikey	1	TRUE	TRUE	2.0000072709081e-09	5.00001817727025e-06
CPD-4609	28138	HMDB	HMDB0012245_3_shen	Kinetin	inchikey	1	TRUE	TRUE	2.0000072709081e-09	5.00001817727025e-06
CPD-4609	28139	HMDB	HMDB0012245_4_shen	Kinetin	inchikey	1	TRUE	TRUE	2.0000072709081e-09	5.00001817727025e-06
CPD-4609	28140	HMDB	HMDB0012245_5_shen	Kinetin	inchikey	1	TRUE	TRUE	2.0000072709081e-09	5.00001817727025e-06
CPD-4609	28141	HMDB	HMDB0012245_6_shen	Kinetin	inchikey	1	TRUE	TRUE	2.0000072709081e-09	5.00001817727025e-06
CPD-4609	28142	HMDB	HMDB0012245_7_shen	Kinetin	inchikey	1	TRUE	TRUE	2.0000072709081e-09	5.00001817727025e-06
CPD-4609	28143	HMDB	HMDB0012245_8_shen	Kinetin	inchikey	1	TRUE	TRUE	2.0000072709081e-09	5.00001817727025e-06
CPD-4609	28144	HMDB	HMDB0012245_9_shen	Kinetin	inchikey	1	TRUE	TRUE	2.0000072709081e-09	5.00001817727025e-06
CPD-4609	28145	HMDB	HMDB0012245_10_shen	Kinetin	inchikey	1	TRUE	TRUE	2.0000072709081e-09	5.00001817727025e-06
CPD-4609	28146	HMDB	HMDB0012245_11_shen	Kinetin	inchikey	1	TRUE	TRUE	2.0000072709081e-09	5.00001817727025e-06
CPD-4609	28147	HMDB	HMDB0012245_12_shen	Kinetin	inchikey	1	TRUE	TRUE	2.0000072709081e-09	5.00001817727025e-06
CPD-4609	28148	HMDB	HMDB0012245_13_shen	Kinetin	inchikey	1	TRUE	TRUE	2.0000072709081e-09	5.00001817727025e-06
CPD-4609	28149	HMDB	HMDB0012245_14_shen	Kinetin	inchikey	1	TRUE	TRUE	2.0000072709081e-09	5.00001817727025e-06
CPD-4609	28150	HMDB	HMDB0012245_15_shen	Kinetin	inchikey	1	TRUE	TRUE	2.0000072709081e-09	5.00001817727025e-06
CPD-4609	28151	HMDB	HMDB0012245_16_shen	Kinetin	inchikey	1	TRUE	TRUE	2.0000072709081e-09	5.00001817727025e-06
CPD-4609	28152	HMDB	HMDB0012245_17_shen	Kinetin	inchikey	1	TRUE	TRUE	2.0000072709081e-09	5.00001817727025e-06
CPD-4609	28153	HMDB	HMDB0012245_18_shen	Kinetin	inchikey	1	TRUE	TRUE	2.0000072709081e-09	5.00001817727025e-06
CPD-4609	28154	HMDB	HMDB0012245_19_shen	Kinetin	inchikey	1	TRUE	TRUE	2.0000072709081e-09	5.00001817727025e-06
CPD-4609	28155	HMDB	HMDB0012245_20_shen	Kinetin	inchikey	1	TRUE	TRUE	2.0000072709081e-09	5.00001817727025e-06
CPD-4609	28156	HMDB	HMDB0012245_21_shen	Kinetin	inchikey	1	TRUE	TRUE	2.0000072709081e-09	5.00001817727025e-06
CPD-4609	28157	HMDB	HMDB0012245_22_shen	Kinetin	inchikey	1	TRUE	TRUE	2.0000072709081e-09	5.00001817727025e-06
CPD-4609	28158	HMDB	HMDB0012245_23_shen	Kinetin	inchikey	1	TRUE	TRUE	2.0000072709081e-09	5.00001817727025e-06
CPD-4609	28159	HMDB	HMDB0012245_24_shen	Kinetin	inchikey	1	TRUE	TRUE	2.0000072709081e-09	5.00001817727025e-06
CPD-4609	28160	HMDB	HMDB0012245_25_shen	Kinetin	inchikey	1	TRUE	TRUE	2.0000072709081e-09	5.00001817727025e-06
CPD-4609	28161	HMDB	HMDB0012245_26_shen	Kinetin	inchikey	1	TRUE	TRUE	2.0000072709081e-09	5.00001817727025e-06
CPD-4609	28162	HMDB	HMDB0012245_27_shen	Kinetin	inchikey	1	TRUE	TRUE	2.0000072709081e-09	5.00001817727025e-06
CPD-4609	28163	HMDB	HMDB0012245_28_shen	Kinetin	inchikey	1	TRUE	TRUE	2.0000072709081e-09	5.00001817727025e-06
CPD-4609	28164	HMDB	HMDB0012245_29_shen	Kinetin	inchikey	1	TRUE	TRUE	2.0000072709081e-09	5.00001817727025e-06
CPD-4609	28165	HMDB	HMDB0012245_30_shen	Kinetin	inchikey	1	TRUE	TRUE	2.0000072709081e-09	5.00001817727025e-06
CPD-4609	28166	HMDB	HMDB0012245_31_shen	Kinetin	inchikey	1	TRUE	TRUE	2.0000072709081e-09	5.00001817727025e-06
CPD-4609	28167	HMDB	HMDB0012245_32_shen	Kinetin	inchikey	1	TRUE	TRUE	2.0000072709081e-09	5.00001817727025e-06
CPD-4609	28168	HMDB	HMDB0012245_33_shen	Kinetin	inchikey	1	TRUE	TRUE	2.0000072709081e-09	5.00001817727025e-06
CPD-4609	28169	HMDB	HMDB0012245_34_shen	Kinetin	inchikey	1	TRUE	TRUE	2.0000072709081e-09	5.00001817727025e-06
CPD-4609	28170	HMDB	HMDB0012245_35_shen	Kinetin	inchikey	1	TRUE	TRUE	2.0000072709081e-09	5.00001817727025e-06
CPD-4609	28171	HMDB	HMDB0012245_36_shen	Kinetin	inchikey	1	TRUE	TRUE	2.0000072709081e-09	5.00001817727025e-06
CPD-4609	28172	HMDB	HMDB0012245_37_shen	Kinetin	inchikey	1	TRUE	TRUE	2.0000072709081e-09	5.00001817727025e-06
CPD-4609	28173	HMDB	HMDB0012245_38_shen	Kinetin	inchikey	1	TRUE	TRUE	2.0000072709081e-09	5.00001817727025e-06
CPD-4609	28174	HMDB	HMDB0012245_39_shen	Kinetin	inchikey	1	TRUE	TRUE	2.0000072709081e-09	5.00001817727025e-06
CPD-4609	28175	HMDB	HMDB0012245_40_shen	Kinetin	inchikey	1	TRUE	TRUE	2.0000072709081e-09	5.00001817727025e-06
CPD-4609	28176	HMDB	HMDB0012245_41_shen	Kinetin	inchikey	1	TRUE	TRUE	2.0000072709081e-09	5.00001817727025e-06
CPD-4609	28177	HMDB	HMDB0012245_42_shen	Kinetin	inchikey	1	TRUE	TRUE	2.0000072709081e-09	5.00001817727025e-06
CPD-4609	28178	HMDB	HMDB0012245_43_shen	Kinetin	inchikey	1	TRUE	TRUE	2.0000072709081e-09	5.00001817727025e-06
CPD-4609	28179	HMDB	HMDB0012245_44_shen	Kinetin	inchikey	1	TRUE	TRUE	2.0000072709081e-09	5.00001817727025e-06
CPD-4609	28180	HMDB	HMDB0012245_45_shen	Kinetin	inchikey	1	TRUE	TRUE	2.0000072709081e-09	5.00001817727025e-06
CPD-4609	28181	HMDB	HMDB0012245_46_shen	Kinetin	inchikey	1	TRUE	TRUE	2.0000072709081e-09	5.00001817727025e-06
CPD-4609	28182	HMDB	HMDB0012245_47_shen	Kinetin	inchikey	1	TRUE	TRUE	2.0000072709081e-09	5.00001817727025e-06
CPD-4609	28183	HMDB	HMDB0012245_48_shen	Kinetin	inchikey	1	TRUE	TRUE	2.0000072709081e-09	5.00001817727025e-06
CPD-4609	28184	HMDB	HMDB0012245_49_shen	Kinetin	inchikey	1	TRUE	TRUE	2.0000072709081e-09	5.00001817727025e-06
CPD-4609	28185	HMDB	HMDB0012245_50_shen	Kinetin	inchikey	1	TRUE	TRUE	2.0000072709081e-09	5.00001817727025e-06
CPD-4609	28186	HMDB	HMDB0012245_51_shen	Kinetin	inchikey	1	TRUE	TRUE	2.0000072709081e-09	5.00001817727025e-06
CPD-4609	28187	HMDB	HMDB0012245_52_shen	Kinetin	inchikey	1	TRUE	TRUE	2.0000072709081e-09	5.00001817727025e-06
CPD-4609	28188	HMDB	HMDB0012245_53_shen	Kinetin	inchikey	1	TRUE	TRUE	2.0000072709081e-09	5.00001817727025e-06
CPD-4609	28189	HMDB	HMDB0012245_54_shen	Kinetin	inchikey	1	TRUE	TRUE	2.0000072709081e-09	5.00001817727025e-06
CPD-4609	28190	HMDB	HMDB0012245_55_shen	Kinetin	inchikey	1	TRUE	TRUE	2.0000072709081e-09	5.00001817727025e-06
CPD-4609	28191	HMDB	HMDB0012245_56_shen	Kinetin	inchikey	1	TRUE	TRUE	2.0000072709081e-09	5.00001817727025e-06
CPD-4609	28192	HMDB	HMDB0012245_57_shen	Kinetin	inchikey	1	TRUE	TRUE	2.0000072709081e-09	5.00001817727025e-06
CPD-4609	28193	HMDB	HMDB0012245_58_shen	Kinetin	inchikey	1	TRUE	TRUE	2.0000072709081e-09	5.00001817727025e-06
CPD-4609	28194	HMDB	HMDB0012245_59_shen	Kinetin	inchikey	1	TRUE	TRUE	2.0000072709081e-09	5.00001817727025e-06
CPD-4609	28195	HMDB	HMDB0012245_60_shen	Kinetin	inchikey	1	TRUE	TRUE	2.0000072709081e-09	5.00001817727025e-06
CPD-4609	28196	HMDB	HMDB0012245_61_shen	Kinetin	inchikey	1	TRUE	TRUE	2.0000072709081e-09	5.00001817727025e-06
CPD-4609	28197	HMDB	HMDB0012245_62_shen	Kinetin	inchikey	1	TRUE	TRUE	2.0000072709081e-09	5.00001817727025e-06
CPD-4609	28198	HMDB	HMDB0012245_63_shen	Kinetin	inchikey	1	TRUE	TRUE	2.0000072709081e-09	5.00001817727025e-06
CPD-4609	28199	HMDB	HMDB0012245_64_shen	Kinetin	inchikey	1	TRUE	TRUE	2.0000072709081e-09	5.00001817727025e-06
PHENYLETHYLAMINE	28200	HMDB	HMDB0012275_1_shen	Phenylethylamine	inchikey_connectivity_formula_mass	2	FALSE	TRUE	1.30000898934668e-09	3.2500224733667e-06
PHENYLETHYLAMINE	28201	HMDB	HMDB0012275_2_shen	Phenylethylamine	inchikey_connectivity_formula_mass	2	FALSE	TRUE	1.30000898934668e-09	3.2500224733667e-06
PHENYLETHYLAMINE	28202	HMDB	HMDB0012275_3_shen	Phenylethylamine	inchikey_connectivity_formula_mass	2	FALSE	TRUE	1.30000898934668e-09	3.2500224733667e-06
PHENYLETHYLAMINE	28203	HMDB	HMDB0012275_4_shen	Phenylethylamine	inchikey_connectivity_formula_mass	2	FALSE	TRUE	1.30000898934668e-09	3.2500224733667e-06
PHENYLETHYLAMINE	28204	HMDB	HMDB0012275_5_shen	Phenylethylamine	inchikey_connectivity_formula_mass	2	FALSE	TRUE	1.30000898934668e-09	3.2500224733667e-06
PHENYLETHYLAMINE	28205	HMDB	HMDB0012275_6_shen	Phenylethylamine	inchikey_connectivity_formula_mass	2	FALSE	TRUE	1.30000898934668e-09	3.2500224733667e-06
PHENYLETHYLAMINE	28206	HMDB	HMDB0012275_7_shen	Phenylethylamine	inchikey_connectivity_formula_mass	2	FALSE	TRUE	1.30000898934668e-09	3.2500224733667e-06
PHENYLETHYLAMINE	28207	HMDB	HMDB0012275_8_shen	Phenylethylamine	inchikey_connectivity_formula_mass	2	FALSE	TRUE	1.30000898934668e-09	3.2500224733667e-06
PHENYLETHYLAMINE	28208	HMDB	HMDB0012275_9_shen	Phenylethylamine	inchikey_connectivity_formula_mass	2	FALSE	TRUE	1.30000898934668e-09	3.2500224733667e-06
PHENYLETHYLAMINE	28209	HMDB	HMDB0012275_10_shen	Phenylethylamine	inchikey_connectivity_formula_mass	2	FALSE	TRUE	1.30000898934668e-09	3.2500224733667e-06
PHENYLETHYLAMINE	28210	HMDB	HMDB0012275_11_shen	Phenylethylamine	inchikey_connectivity_formula_mass	2	FALSE	TRUE	1.30000898934668e-09	3.2500224733667e-06
PHENYLETHYLAMINE	28211	HMDB	HMDB0012275_12_shen	Phenylethylamine	inchikey_connectivity_formula_mass	2	FALSE	TRUE	1.30000898934668e-09	3.2500224733667e-06
PHENYLETHYLAMINE	28212	HMDB	HMDB0012275_13_shen	Phenylethylamine	inchikey_connectivity_formula_mass	2	FALSE	TRUE	1.30000898934668e-09	3.2500224733667e-06
PHENYLETHYLAMINE	28213	HMDB	HMDB0012275_14_shen	Phenylethylamine	inchikey_connectivity_formula_mass	2	FALSE	TRUE	1.30000898934668e-09	3.2500224733667e-06
PHENYLETHYLAMINE	28214	HMDB	HMDB0012275_15_shen	Phenylethylamine	inchikey_connectivity_formula_mass	2	FALSE	TRUE	1.30000898934668e-09	3.2500224733667e-06
PHENYLETHYLAMINE	28215	HMDB	HMDB0012275_16_shen	Phenylethylamine	inchikey_connectivity_formula_mass	2	FALSE	TRUE	1.30000898934668e-09	3.2500224733667e-06
PHENYLETHYLAMINE	28216	HMDB	HMDB0012275_17_shen	Phenylethylamine	inchikey_connectivity_formula_mass	2	FALSE	TRUE	1.30000898934668e-09	3.2500224733667e-06
PHENYLETHYLAMINE	28217	HMDB	HMDB0012275_18_shen	Phenylethylamine	inchikey_connectivity_formula_mass	2	FALSE	TRUE	1.30000898934668e-09	3.2500224733667e-06
PHENYLETHYLAMINE	28218	HMDB	HMDB0012275_19_shen	Phenylethylamine	inchikey_connectivity_formula_mass	2	FALSE	TRUE	1.30000898934668e-09	3.2500224733667e-06
PHENYLETHYLAMINE	28219	HMDB	HMDB0012275_20_shen	Phenylethylamine	inchikey_connectivity_formula_mass	2	FALSE	TRUE	1.30000898934668e-09	3.2500224733667e-06
PHENYLETHYLAMINE	28220	HMDB	HMDB0012275_21_shen	Phenylethylamine	inchikey_connectivity_formula_mass	2	FALSE	TRUE	1.30000898934668e-09	3.2500224733667e-06
PHENYLETHYLAMINE	28221	HMDB	HMDB0012275_22_shen	Phenylethylamine	inchikey_connectivity_formula_mass	2	FALSE	TRUE	1.30000898934668e-09	3.2500224733667e-06
PHENYLETHYLAMINE	28222	HMDB	HMDB0012275_23_shen	Phenylethylamine	inchikey_connectivity_formula_mass	2	FALSE	TRUE	1.30000898934668e-09	3.2500224733667e-06
PHENYLETHYLAMINE	28223	HMDB	HMDB0012275_24_shen	Phenylethylamine	inchikey_connectivity_formula_mass	2	FALSE	TRUE	1.30000898934668e-09	3.2500224733667e-06
PHENYLETHYLAMINE	28224	HMDB	HMDB0012275_25_shen	Phenylethylamine	inchikey_connectivity_formula_mass	2	FALSE	TRUE	1.30000898934668e-09	3.2500224733667e-06
PHENYLETHYLAMINE	28225	HMDB	HMDB0012275_26_shen	Phenylethylamine	inchikey_connectivity_formula_mass	2	FALSE	TRUE	1.30000898934668e-09	3.2500224733667e-06
PHENYLETHYLAMINE	28226	HMDB	HMDB0012275_27_shen	Phenylethylamine	inchikey_connectivity_formula_mass	2	FALSE	TRUE	1.30000898934668e-09	3.2500224733667e-06
PHENYLETHYLAMINE	28227	HMDB	HMDB0012275_28_shen	Phenylethylamine	inchikey_connectivity_formula_mass	2	FALSE	TRUE	1.30000898934668e-09	3.2500224733667e-06
PHENYLETHYLAMINE	28228	HMDB	HMDB0012275_29_shen	Phenylethylamine	inchikey_connectivity_formula_mass	2	FALSE	TRUE	1.30000898934668e-09	3.2500224733667e-06
PHENYLETHYLAMINE	28229	HMDB	HMDB0012275_30_shen	Phenylethylamine	inchikey_connectivity_formula_mass	2	FALSE	TRUE	1.30000898934668e-09	3.2500224733667e-06
PHENYLETHYLAMINE	28230	HMDB	HMDB0012275_31_shen	Phenylethylamine	inchikey_connectivity_formula_mass	2	FALSE	TRUE	1.30000898934668e-09	3.2500224733667e-06
PHENYLETHYLAMINE	28231	HMDB	HMDB0012275_32_shen	Phenylethylamine	inchikey_connectivity_formula_mass	2	FALSE	TRUE	1.30000898934668e-09	3.2500224733667e-06
PHENYLETHYLAMINE	28232	HMDB	HMDB0012275_33_shen	Phenylethylamine	inchikey_connectivity_formula_mass	2	FALSE	TRUE	1.30000898934668e-09	3.2500224733667e-06
PHENYLETHYLAMINE	28233	HMDB	HMDB0012275_34_shen	Phenylethylamine	inchikey_connectivity_formula_mass	2	FALSE	TRUE	1.30000898934668e-09	3.2500224733667e-06
PHENYLETHYLAMINE	28234	HMDB	HMDB0012275_35_shen	Phenylethylamine	inchikey_connectivity_formula_mass	2	FALSE	TRUE	1.30000898934668e-09	3.2500224733667e-06
PHENYLETHYLAMINE	28235	HMDB	HMDB0012275_36_shen	Phenylethylamine	inchikey_connectivity_formula_mass	2	FALSE	TRUE	1.30000898934668e-09	3.2500224733667e-06
PHENYLETHYLAMINE	28236	HMDB	HMDB0012275_37_shen	Phenylethylamine	inchikey_connectivity_formula_mass	2	FALSE	TRUE	1.30000898934668e-09	3.2500224733667e-06
PHENYLETHYLAMINE	28237	HMDB	HMDB0012275_38_shen	Phenylethylamine	inchikey_connectivity_formula_mass	2	FALSE	TRUE	1.30000898934668e-09	3.2500224733667e-06
PHENYLETHYLAMINE	28238	HMDB	HMDB0012275_39_shen	Phenylethylamine	inchikey_connectivity_formula_mass	2	FALSE	TRUE	1.30000898934668e-09	3.2500224733667e-06
PHENYLETHYLAMINE	28239	HMDB	HMDB0012275_40_shen	Phenylethylamine	inchikey_connectivity_formula_mass	2	FALSE	TRUE	1.30000898934668e-09	3.2500224733667e-06
PHENYLETHYLAMINE	28240	HMDB	HMDB0012275_41_shen	Phenylethylamine	inchikey_connectivity_formula_mass	2	FALSE	TRUE	1.30000898934668e-09	3.2500224733667e-06
PHENYLETHYLAMINE	28241	HMDB	HMDB0012275_42_shen	Phenylethylamine	inchikey_connectivity_formula_mass	2	FALSE	TRUE	1.30000898934668e-09	3.2500224733667e-06
PHENYLETHYLAMINE	28242	HMDB	HMDB0012275_43_shen	Phenylethylamine	inchikey_connectivity_formula_mass	2	FALSE	TRUE	1.30000898934668e-09	3.2500224733667e-06
PHENYLETHYLAMINE	28243	HMDB	HMDB0012275_44_shen	Phenylethylamine	inchikey_connectivity_formula_mass	2	FALSE	TRUE	1.30000898934668e-09	3.2500224733667e-06
PHENYLETHYLAMINE	28244	HMDB	HMDB0012275_45_shen	Phenylethylamine	inchikey_connectivity_formula_mass	2	FALSE	TRUE	1.30000898934668e-09	3.2500224733667e-06
PHENYLETHYLAMINE	28245	HMDB	HMDB0012275_46_shen	Phenylethylamine	inchikey_connectivity_formula_mass	2	FALSE	TRUE	1.30000898934668e-09	3.2500224733667e-06
PHENYLETHYLAMINE	28246	HMDB	HMDB0012275_47_shen	Phenylethylamine	inchikey_connectivity_formula_mass	2	FALSE	TRUE	1.30000898934668e-09	3.2500224733667e-06
PHENYLETHYLAMINE	28247	HMDB	HMDB0012275_48_shen	Phenylethylamine	inchikey_connectivity_formula_mass	2	FALSE	TRUE	1.30000898934668e-09	3.2500224733667e-06
PHENYLETHYLAMINE	28248	HMDB	HMDB0012275_49_shen	Phenylethylamine	inchikey_connectivity_formula_mass	2	FALSE	TRUE	1.30000898934668e-09	3.2500224733667e-06
PHENYLETHYLAMINE	28249	HMDB	HMDB0012275_50_shen	Phenylethylamine	inchikey_connectivity_formula_mass	2	FALSE	TRUE	1.30000898934668e-09	3.2500224733667e-06
PHENYLETHYLAMINE	28250	HMDB	HMDB0012275_51_shen	Phenylethylamine	inchikey_connectivity_formula_mass	2	FALSE	TRUE	1.30000898934668e-09	3.2500224733667e-06
PHENYLETHYLAMINE	28251	HMDB	HMDB0012275_52_shen	Phenylethylamine	inchikey_connectivity_formula_mass	2	FALSE	TRUE	1.30000898934668e-09	3.2500224733667e-06
PHENYLETHYLAMINE	28252	HMDB	HMDB0012275_53_shen	Phenylethylamine	inchikey_connectivity_formula_mass	2	FALSE	TRUE	1.30000898934668e-09	3.2500224733667e-06
PHENYLETHYLAMINE	28253	HMDB	HMDB0012275_54_shen	Phenylethylamine	inchikey_connectivity_formula_mass	2	FALSE	TRUE	1.30000898934668e-09	3.2500224733667e-06
PHENYLETHYLAMINE	28254	HMDB	HMDB0012275_55_shen	Phenylethylamine	inchikey_connectivity_formula_mass	2	FALSE	TRUE	1.30000898934668e-09	3.2500224733667e-06
PHENYLETHYLAMINE	28255	HMDB	HMDB0012275_56_shen	Phenylethylamine	inchikey_connectivity_formula_mass	2	FALSE	TRUE	1.30000898934668e-09	3.2500224733667e-06
PHENYLETHYLAMINE	28256	HMDB	HMDB0012275_57_shen	Phenylethylamine	inchikey_connectivity_formula_mass	2	FALSE	TRUE	1.30000898934668e-09	3.2500224733667e-06
PHENYLETHYLAMINE	28257	HMDB	HMDB0012275_58_shen	Phenylethylamine	inchikey_connectivity_formula_mass	2	FALSE	TRUE	1.30000898934668e-09	3.2500224733667e-06
UDP-L-RHAMNOSE	28266	HMDB	HMDB0012305_shen	UDP-L-rhamnose	inchikey_connectivity_formula_mass	2	FALSE	TRUE	3.99950295104645e-10	7.27102894612069e-07
VANILLIN	28267	HMDB	HMDB0012308_1_shen	Vanillin	inchikey	1	TRUE	TRUE	1.10000542008493e-09	2.75001355021232e-06
VANILLIN	28268	HMDB	HMDB0012308_2_shen	Vanillin	inchikey	1	TRUE	TRUE	1.10000542008493e-09	2.75001355021232e-06
VANILLIN	28269	HMDB	HMDB0012308_3_shen	Vanillin	inchikey	1	TRUE	TRUE	1.10000542008493e-09	2.75001355021232e-06
VANILLIN	28270	HMDB	HMDB0012308_4_shen	Vanillin	inchikey	1	TRUE	TRUE	1.10000542008493e-09	2.75001355021232e-06
VANILLIN	28271	HMDB	HMDB0012308_5_shen	Vanillin	inchikey	1	TRUE	TRUE	1.10000542008493e-09	2.75001355021232e-06
VANILLIN	28272	HMDB	HMDB0012308_6_shen	Vanillin	inchikey	1	TRUE	TRUE	1.10000542008493e-09	2.75001355021232e-06
VANILLIN	28273	HMDB	HMDB0012308_7_shen	Vanillin	inchikey	1	TRUE	TRUE	1.10000542008493e-09	2.75001355021232e-06
VANILLIN	28274	HMDB	HMDB0012308_8_shen	Vanillin	inchikey	1	TRUE	TRUE	1.10000542008493e-09	2.75001355021232e-06
VANILLIN	28275	HMDB	HMDB0012308_9_shen	Vanillin	inchikey	1	TRUE	TRUE	1.10000542008493e-09	2.75001355021232e-06
VANILLIN	28276	HMDB	HMDB0012308_10_shen	Vanillin	inchikey	1	TRUE	TRUE	1.10000542008493e-09	2.75001355021232e-06
VANILLIN	28277	HMDB	HMDB0012308_11_shen	Vanillin	inchikey	1	TRUE	TRUE	1.10000542008493e-09	2.75001355021232e-06
VANILLIN	28278	HMDB	HMDB0012308_12_shen	Vanillin	inchikey	1	TRUE	TRUE	1.10000542008493e-09	2.75001355021232e-06
VANILLIN	28279	HMDB	HMDB0012308_13_shen	Vanillin	inchikey	1	TRUE	TRUE	1.10000542008493e-09	2.75001355021232e-06
VANILLIN	28280	HMDB	HMDB0012308_14_shen	Vanillin	inchikey	1	TRUE	TRUE	1.10000542008493e-09	2.75001355021232e-06
VANILLIN	28281	HMDB	HMDB0012308_15_shen	Vanillin	inchikey	1	TRUE	TRUE	1.10000542008493e-09	2.75001355021232e-06
VANILLIN	28282	HMDB	HMDB0012308_16_shen	Vanillin	inchikey	1	TRUE	TRUE	1.10000542008493e-09	2.75001355021232e-06
VANILLIN	28283	HMDB	HMDB0012308_17_shen	Vanillin	inchikey	1	TRUE	TRUE	1.10000542008493e-09	2.75001355021232e-06
VANILLIN	28284	HMDB	HMDB0012308_18_shen	Vanillin	inchikey	1	TRUE	TRUE	1.10000542008493e-09	2.75001355021232e-06
VANILLIN	28285	HMDB	HMDB0012308_19_shen	Vanillin	inchikey	1	TRUE	TRUE	1.10000542008493e-09	2.75001355021232e-06
VANILLIN	28286	HMDB	HMDB0012308_20_shen	Vanillin	inchikey	1	TRUE	TRUE	1.10000542008493e-09	2.75001355021232e-06
VANILLIN	28287	HMDB	HMDB0012308_21_shen	Vanillin	inchikey	1	TRUE	TRUE	1.10000542008493e-09	2.75001355021232e-06
CPD-8131	28288	HMDB	HMDB0012322_1_shen	2-Naphthol	inchikey	1	TRUE	TRUE	9.00001850823173e-10	2.25000462705793e-06
CPD-8131	28289	HMDB	HMDB0012322_2_shen	2-Naphthol	inchikey	1	TRUE	TRUE	9.00001850823173e-10	2.25000462705793e-06
CPD-8131	28290	HMDB	HMDB0012322_3_shen	2-Naphthol	inchikey	1	TRUE	TRUE	9.00001850823173e-10	2.25000462705793e-06
CPD-8131	28291	HMDB	HMDB0012322_4_shen	2-Naphthol	inchikey	1	TRUE	TRUE	9.00001850823173e-10	2.25000462705793e-06
CPD-8131	28292	HMDB	HMDB0012322_5_shen	2-Naphthol	inchikey	1	TRUE	TRUE	9.00001850823173e-10	2.25000462705793e-06
CPD-8131	28293	HMDB	HMDB0012322_6_shen	2-Naphthol	inchikey	1	TRUE	TRUE	9.00001850823173e-10	2.25000462705793e-06
CPD-8131	28294	HMDB	HMDB0012322_7_shen	2-Naphthol	inchikey	1	TRUE	TRUE	9.00001850823173e-10	2.25000462705793e-06
CPD-8131	28295	HMDB	HMDB0012322_8_shen	2-Naphthol	inchikey	1	TRUE	TRUE	9.00001850823173e-10	2.25000462705793e-06
CPD-8131	28296	HMDB	HMDB0012322_9_shen	2-Naphthol	inchikey	1	TRUE	TRUE	9.00001850823173e-10	2.25000462705793e-06
CPD-8131	28297	HMDB	HMDB0012322_10_shen	2-Naphthol	inchikey	1	TRUE	TRUE	9.00001850823173e-10	2.25000462705793e-06
CPD-8131	28298	HMDB	HMDB0012322_11_shen	2-Naphthol	inchikey	1	TRUE	TRUE	9.00001850823173e-10	2.25000462705793e-06
CPD-8131	28299	HMDB	HMDB0012322_12_shen	2-Naphthol	inchikey	1	TRUE	TRUE	9.00001850823173e-10	2.25000462705793e-06
CPD-8131	28300	HMDB	HMDB0012322_13_shen	2-Naphthol	inchikey	1	TRUE	TRUE	9.00001850823173e-10	2.25000462705793e-06
CPD-8131	28301	HMDB	HMDB0012322_14_shen	2-Naphthol	inchikey	1	TRUE	TRUE	9.00001850823173e-10	2.25000462705793e-06
CPD-8131	28302	HMDB	HMDB0012322_15_shen	2-Naphthol	inchikey	1	TRUE	TRUE	9.00001850823173e-10	2.25000462705793e-06
CPD-8131	28303	HMDB	HMDB0012322_16_shen	2-Naphthol	inchikey	1	TRUE	TRUE	9.00001850823173e-10	2.25000462705793e-06
CPD-8131	28304	HMDB	HMDB0012322_17_shen	2-Naphthol	inchikey	1	TRUE	TRUE	9.00001850823173e-10	2.25000462705793e-06
CPD-8131	28305	HMDB	HMDB0012322_18_shen	2-Naphthol	inchikey	1	TRUE	TRUE	9.00001850823173e-10	2.25000462705793e-06
CPD-8131	28306	HMDB	HMDB0012322_19_shen	2-Naphthol	inchikey	1	TRUE	TRUE	9.00001850823173e-10	2.25000462705793e-06
CPD-8131	28307	HMDB	HMDB0012322_20_shen	2-Naphthol	inchikey	1	TRUE	TRUE	9.00001850823173e-10	2.25000462705793e-06
CPD-8131	28308	HMDB	HMDB0012322_21_shen	2-Naphthol	inchikey	1	TRUE	TRUE	9.00001850823173e-10	2.25000462705793e-06
CPD-8131	28309	HMDB	HMDB0012322_22_shen	2-Naphthol	inchikey	1	TRUE	TRUE	9.00001850823173e-10	2.25000462705793e-06
CPD-8131	28310	HMDB	HMDB0012322_23_shen	2-Naphthol	inchikey	1	TRUE	TRUE	9.00001850823173e-10	2.25000462705793e-06
L-gulopyranose	28311	HMDB	HMDB0012326_1_shen	L-Gulose	inchikey	1	TRUE	TRUE	1.80000370164635e-09	4.50000925411587e-06
L-gulopyranose	28312	HMDB	HMDB0012326_2_shen	L-Gulose	inchikey	1	TRUE	TRUE	1.80000370164635e-09	4.50000925411587e-06
L-gulopyranose	28313	HMDB	HMDB0012326_3_shen	L-Gulose	inchikey	1	TRUE	TRUE	1.80000370164635e-09	4.50000925411587e-06
L-gulopyranose	28314	HMDB	HMDB0012326_4_shen	L-Gulose	inchikey	1	TRUE	TRUE	1.80000370164635e-09	4.50000925411587e-06
L-gulopyranose	28315	HMDB	HMDB0012326_5_shen	L-Gulose	inchikey	1	TRUE	TRUE	1.80000370164635e-09	4.50000925411587e-06
L-gulopyranose	28316	HMDB	HMDB0012326_6_shen	L-Gulose	inchikey	1	TRUE	TRUE	1.80000370164635e-09	4.50000925411587e-06
CPD-9245	28317	HMDB	HMDB0012328_1_shen	Palmitelaidic acid	name_formula_mass	4	FALSE	TRUE	3.20000026476919e-09	8.00000066192297e-06
CPD-9245	28318	HMDB	HMDB0012328_2_shen	Palmitelaidic acid	name_formula_mass	4	FALSE	TRUE	3.20000026476919e-09	8.00000066192297e-06
CPD-9245	28319	HMDB	HMDB0012328_3_shen	Palmitelaidic acid	name_formula_mass	4	FALSE	TRUE	3.20000026476919e-09	8.00000066192297e-06
CPD-9245	28320	HMDB	HMDB0012328_4_shen	Palmitelaidic acid	name_formula_mass	4	FALSE	TRUE	3.20000026476919e-09	8.00000066192297e-06
CPD-9245	28321	HMDB	HMDB0012328_5_shen	Palmitelaidic acid	name_formula_mass	4	FALSE	TRUE	3.20000026476919e-09	8.00000066192297e-06
CPD-9245	28322	HMDB	HMDB0012328_6_shen	Palmitelaidic acid	name_formula_mass	4	FALSE	TRUE	3.20000026476919e-09	8.00000066192297e-06
CPD-9245	28323	HMDB	HMDB0012328_7_shen	Palmitelaidic acid	name_formula_mass	4	FALSE	TRUE	3.20000026476919e-09	8.00000066192297e-06
CPD-9245	28324	HMDB	HMDB0012328_8_shen	Palmitelaidic acid	name_formula_mass	4	FALSE	TRUE	3.20000026476919e-09	8.00000066192297e-06
CPD-9245	28325	HMDB	HMDB0012328_9_shen	Palmitelaidic acid	name_formula_mass	4	FALSE	TRUE	3.20000026476919e-09	8.00000066192297e-06
CPD-9245	28326	HMDB	HMDB0012328_10_shen	Palmitelaidic acid	name_formula_mass	4	FALSE	TRUE	3.20000026476919e-09	8.00000066192297e-06
CPD-9245	28327	HMDB	HMDB0012328_11_shen	Palmitelaidic acid	name_formula_mass	4	FALSE	TRUE	3.20000026476919e-09	8.00000066192297e-06
CPD-9245	28328	HMDB	HMDB0012328_12_shen	Palmitelaidic acid	name_formula_mass	4	FALSE	TRUE	3.20000026476919e-09	8.00000066192297e-06
CPD-9245	28329	HMDB	HMDB0012328_13_shen	Palmitelaidic acid	name_formula_mass	4	FALSE	TRUE	3.20000026476919e-09	8.00000066192297e-06
CPD-9245	28330	HMDB	HMDB0012328_14_shen	Palmitelaidic acid	name_formula_mass	4	FALSE	TRUE	3.20000026476919e-09	8.00000066192297e-06
CPD-9245	28331	HMDB	HMDB0012328_15_shen	Palmitelaidic acid	name_formula_mass	4	FALSE	TRUE	3.20000026476919e-09	8.00000066192297e-06
CPD-9245	28332	HMDB	HMDB0012328_16_shen	Palmitelaidic acid	name_formula_mass	4	FALSE	TRUE	3.20000026476919e-09	8.00000066192297e-06
CPD-9245	28333	HMDB	HMDB0012328_17_shen	Palmitelaidic acid	name_formula_mass	4	FALSE	TRUE	3.20000026476919e-09	8.00000066192297e-06
CPD-9245	28334	HMDB	HMDB0012328_18_shen	Palmitelaidic acid	name_formula_mass	4	FALSE	TRUE	3.20000026476919e-09	8.00000066192297e-06
CPD-9245	28335	HMDB	HMDB0012328_19_shen	Palmitelaidic acid	name_formula_mass	4	FALSE	TRUE	3.20000026476919e-09	8.00000066192297e-06
CPD-9245	28336	HMDB	HMDB0012328_20_shen	Palmitelaidic acid	name_formula_mass	4	FALSE	TRUE	3.20000026476919e-09	8.00000066192297e-06
CPD-9245	28337	HMDB	HMDB0012328_21_shen	Palmitelaidic acid	name_formula_mass	4	FALSE	TRUE	3.20000026476919e-09	8.00000066192297e-06
CPD-15838	28467	HMDB	HMDB0012958_shen	gamma-Tocotrienol	inchikey	1	TRUE	TRUE	4.40002168033971e-09	1.07234304289369e-05
SINAPYL-ALCOHOL	28496	HMDB	HMDB0013070_1_shen	Sinapyl alcohol	inchikey	1	TRUE	TRUE	1.80000370164635e-09	4.50000925411587e-06
SINAPYL-ALCOHOL	28497	HMDB	HMDB0013070_2_shen	Sinapyl alcohol	inchikey	1	TRUE	TRUE	1.80000370164635e-09	4.50000925411587e-06
SINAPYL-ALCOHOL	28498	HMDB	HMDB0013070_3_shen	Sinapyl alcohol	inchikey	1	TRUE	TRUE	1.80000370164635e-09	4.50000925411587e-06
SINAPYL-ALCOHOL	28499	HMDB	HMDB0013070_4_shen	Sinapyl alcohol	inchikey	1	TRUE	TRUE	1.80000370164635e-09	4.50000925411587e-06
SINAPYL-ALCOHOL	28500	HMDB	HMDB0013070_5_shen	Sinapyl alcohol	inchikey	1	TRUE	TRUE	1.80000370164635e-09	4.50000925411587e-06
SINAPYL-ALCOHOL	28501	HMDB	HMDB0013070_6_shen	Sinapyl alcohol	inchikey	1	TRUE	TRUE	1.80000370164635e-09	4.50000925411587e-06
SINAPYL-ALCOHOL	28502	HMDB	HMDB0013070_7_shen	Sinapyl alcohol	inchikey	1	TRUE	TRUE	1.80000370164635e-09	4.50000925411587e-06
SINAPYL-ALCOHOL	28503	HMDB	HMDB0013070_8_shen	Sinapyl alcohol	inchikey	1	TRUE	TRUE	1.80000370164635e-09	4.50000925411587e-06
SINAPYL-ALCOHOL	28504	HMDB	HMDB0013070_9_shen	Sinapyl alcohol	inchikey	1	TRUE	TRUE	1.80000370164635e-09	4.50000925411587e-06
SINAPYL-ALCOHOL	28505	HMDB	HMDB0013070_10_shen	Sinapyl alcohol	inchikey	1	TRUE	TRUE	1.80000370164635e-09	4.50000925411587e-06
SINAPYL-ALCOHOL	28506	HMDB	HMDB0013070_11_shen	Sinapyl alcohol	inchikey	1	TRUE	TRUE	1.80000370164635e-09	4.50000925411587e-06
SINAPYL-ALCOHOL	28507	HMDB	HMDB0013070_12_shen	Sinapyl alcohol	inchikey	1	TRUE	TRUE	1.80000370164635e-09	4.50000925411587e-06
SINAPYL-ALCOHOL	28508	HMDB	HMDB0013070_13_shen	Sinapyl alcohol	inchikey	1	TRUE	TRUE	1.80000370164635e-09	4.50000925411587e-06
SINAPYL-ALCOHOL	28509	HMDB	HMDB0013070_14_shen	Sinapyl alcohol	inchikey	1	TRUE	TRUE	1.80000370164635e-09	4.50000925411587e-06
SINAPYL-ALCOHOL	28510	HMDB	HMDB0013070_15_shen	Sinapyl alcohol	inchikey	1	TRUE	TRUE	1.80000370164635e-09	4.50000925411587e-06
SINAPYL-ALCOHOL	28511	HMDB	HMDB0013070_16_shen	Sinapyl alcohol	inchikey	1	TRUE	TRUE	1.80000370164635e-09	4.50000925411587e-06
SINAPYL-ALCOHOL	28512	HMDB	HMDB0013070_17_shen	Sinapyl alcohol	inchikey	1	TRUE	TRUE	1.80000370164635e-09	4.50000925411587e-06
SINAPYL-ALCOHOL	28513	HMDB	HMDB0013070_18_shen	Sinapyl alcohol	inchikey	1	TRUE	TRUE	1.80000370164635e-09	4.50000925411587e-06
SINAPYL-ALCOHOL	28514	HMDB	HMDB0013070_19_shen	Sinapyl alcohol	inchikey	1	TRUE	TRUE	1.80000370164635e-09	4.50000925411587e-06
SINAPYL-ALCOHOL	28515	HMDB	HMDB0013070_20_shen	Sinapyl alcohol	inchikey	1	TRUE	TRUE	1.80000370164635e-09	4.50000925411587e-06
SINAPYL-ALCOHOL	28516	HMDB	HMDB0013070_21_shen	Sinapyl alcohol	inchikey	1	TRUE	TRUE	1.80000370164635e-09	4.50000925411587e-06
SINAPYL-ALCOHOL	28517	HMDB	HMDB0013070_22_shen	Sinapyl alcohol	inchikey	1	TRUE	TRUE	1.80000370164635e-09	4.50000925411587e-06
SINAPYL-ALCOHOL	28518	HMDB	HMDB0013070_23_shen	Sinapyl alcohol	inchikey	1	TRUE	TRUE	1.80000370164635e-09	4.50000925411587e-06
SINAPYL-ALCOHOL	28519	HMDB	HMDB0013070_24_shen	Sinapyl alcohol	inchikey	1	TRUE	TRUE	1.80000370164635e-09	4.50000925411587e-06
SINAPYL-ALCOHOL	28520	HMDB	HMDB0013070_25_shen	Sinapyl alcohol	inchikey	1	TRUE	TRUE	1.80000370164635e-09	4.50000925411587e-06
SINAPYL-ALCOHOL	28521	HMDB	HMDB0013070_26_shen	Sinapyl alcohol	inchikey	1	TRUE	TRUE	1.80000370164635e-09	4.50000925411587e-06
SINAPYL-ALCOHOL	28522	HMDB	HMDB0013070_27_shen	Sinapyl alcohol	inchikey	1	TRUE	TRUE	1.80000370164635e-09	4.50000925411587e-06
SINAPYL-ALCOHOL	28523	HMDB	HMDB0013070_28_shen	Sinapyl alcohol	inchikey	1	TRUE	TRUE	1.80000370164635e-09	4.50000925411587e-06
SINAPYL-ALCOHOL	28524	HMDB	HMDB0013070_29_shen	Sinapyl alcohol	inchikey	1	TRUE	TRUE	1.80000370164635e-09	4.50000925411587e-06
SINAPYL-ALCOHOL	28525	HMDB	HMDB0013070_30_shen	Sinapyl alcohol	inchikey	1	TRUE	TRUE	1.80000370164635e-09	4.50000925411587e-06
SINAPYL-ALCOHOL	28526	HMDB	HMDB0013070_31_shen	Sinapyl alcohol	inchikey	1	TRUE	TRUE	1.80000370164635e-09	4.50000925411587e-06
SINAPYL-ALCOHOL	28527	HMDB	HMDB0013070_32_shen	Sinapyl alcohol	inchikey	1	TRUE	TRUE	1.80000370164635e-09	4.50000925411587e-06
SINAPYL-ALCOHOL	28528	HMDB	HMDB0013070_33_shen	Sinapyl alcohol	inchikey	1	TRUE	TRUE	1.80000370164635e-09	4.50000925411587e-06
SINAPYL-ALCOHOL	28529	HMDB	HMDB0013070_34_shen	Sinapyl alcohol	inchikey	1	TRUE	TRUE	1.80000370164635e-09	4.50000925411587e-06
SINAPYL-ALCOHOL	28530	HMDB	HMDB0013070_35_shen	Sinapyl alcohol	inchikey	1	TRUE	TRUE	1.80000370164635e-09	4.50000925411587e-06
SINAPYL-ALCOHOL	28531	HMDB	HMDB0013070_36_shen	Sinapyl alcohol	inchikey	1	TRUE	TRUE	1.80000370164635e-09	4.50000925411587e-06
SINAPYL-ALCOHOL	28532	HMDB	HMDB0013070_37_shen	Sinapyl alcohol	inchikey	1	TRUE	TRUE	1.80000370164635e-09	4.50000925411587e-06
SINAPYL-ALCOHOL	28533	HMDB	HMDB0013070_38_shen	Sinapyl alcohol	inchikey	1	TRUE	TRUE	1.80000370164635e-09	4.50000925411587e-06
SINAPYL-ALCOHOL	28534	HMDB	HMDB0013070_39_shen	Sinapyl alcohol	inchikey	1	TRUE	TRUE	1.80000370164635e-09	4.50000925411587e-06
SINAPYL-ALCOHOL	28535	HMDB	HMDB0013070_40_shen	Sinapyl alcohol	inchikey	1	TRUE	TRUE	1.80000370164635e-09	4.50000925411587e-06
SINAPYL-ALCOHOL	28536	HMDB	HMDB0013070_41_shen	Sinapyl alcohol	inchikey	1	TRUE	TRUE	1.80000370164635e-09	4.50000925411587e-06
SINAPYL-ALCOHOL	28537	HMDB	HMDB0013070_42_shen	Sinapyl alcohol	inchikey	1	TRUE	TRUE	1.80000370164635e-09	4.50000925411587e-06
D-TRYPTOPHAN	28623	HMDB	HMDB0013609_1_shen	D-Tryptophan	inchikey	1	TRUE	TRUE	1.80000370164635e-09	4.50000925411587e-06
D-TRYPTOPHAN	28624	HMDB	HMDB0013609_2_shen	D-Tryptophan	inchikey	1	TRUE	TRUE	1.80000370164635e-09	4.50000925411587e-06
D-TRYPTOPHAN	28625	HMDB	HMDB0013609_3_shen	D-Tryptophan	inchikey	1	TRUE	TRUE	1.80000370164635e-09	4.50000925411587e-06
D-TRYPTOPHAN	28626	HMDB	HMDB0013609_4_shen	D-Tryptophan	inchikey	1	TRUE	TRUE	1.80000370164635e-09	4.50000925411587e-06
D-TRYPTOPHAN	28627	HMDB	HMDB0013609_5_shen	D-Tryptophan	inchikey	1	TRUE	TRUE	1.80000370164635e-09	4.50000925411587e-06
D-TRYPTOPHAN	28628	HMDB	HMDB0013609_6_shen	D-Tryptophan	inchikey	1	TRUE	TRUE	1.80000370164635e-09	4.50000925411587e-06
D-TRYPTOPHAN	28629	HMDB	HMDB0013609_7_shen	D-Tryptophan	inchikey	1	TRUE	TRUE	1.80000370164635e-09	4.50000925411587e-06
D-TRYPTOPHAN	28630	HMDB	HMDB0013609_8_shen	D-Tryptophan	inchikey	1	TRUE	TRUE	1.80000370164635e-09	4.50000925411587e-06
D-TRYPTOPHAN	28631	HMDB	HMDB0013609_9_shen	D-Tryptophan	inchikey	1	TRUE	TRUE	1.80000370164635e-09	4.50000925411587e-06
D-TRYPTOPHAN	28632	HMDB	HMDB0013609_10_shen	D-Tryptophan	inchikey	1	TRUE	TRUE	1.80000370164635e-09	4.50000925411587e-06
D-TRYPTOPHAN	28633	HMDB	HMDB0013609_11_shen	D-Tryptophan	inchikey	1	TRUE	TRUE	1.80000370164635e-09	4.50000925411587e-06
D-TRYPTOPHAN	28634	HMDB	HMDB0013609_12_shen	D-Tryptophan	inchikey	1	TRUE	TRUE	1.80000370164635e-09	4.50000925411587e-06
D-TRYPTOPHAN	28635	HMDB	HMDB0013609_13_shen	D-Tryptophan	inchikey	1	TRUE	TRUE	1.80000370164635e-09	4.50000925411587e-06
D-TRYPTOPHAN	28636	HMDB	HMDB0013609_14_shen	D-Tryptophan	inchikey	1	TRUE	TRUE	1.80000370164635e-09	4.50000925411587e-06
D-TRYPTOPHAN	28637	HMDB	HMDB0013609_15_shen	D-Tryptophan	inchikey	1	TRUE	TRUE	1.80000370164635e-09	4.50000925411587e-06
D-TRYPTOPHAN	28638	HMDB	HMDB0013609_16_shen	D-Tryptophan	inchikey	1	TRUE	TRUE	1.80000370164635e-09	4.50000925411587e-06
D-TRYPTOPHAN	28639	HMDB	HMDB0013609_17_shen	D-Tryptophan	inchikey	1	TRUE	TRUE	1.80000370164635e-09	4.50000925411587e-06
D-TRYPTOPHAN	28640	HMDB	HMDB0013609_18_shen	D-Tryptophan	inchikey	1	TRUE	TRUE	1.80000370164635e-09	4.50000925411587e-06
D-TRYPTOPHAN	28641	HMDB	HMDB0013609_19_shen	D-Tryptophan	inchikey	1	TRUE	TRUE	1.80000370164635e-09	4.50000925411587e-06
D-TRYPTOPHAN	28642	HMDB	HMDB0013609_20_shen	D-Tryptophan	inchikey	1	TRUE	TRUE	1.80000370164635e-09	4.50000925411587e-06
D-TRYPTOPHAN	28643	HMDB	HMDB0013609_21_shen	D-Tryptophan	inchikey	1	TRUE	TRUE	1.80000370164635e-09	4.50000925411587e-06
D-TRYPTOPHAN	28644	HMDB	HMDB0013609_22_shen	D-Tryptophan	inchikey	1	TRUE	TRUE	1.80000370164635e-09	4.50000925411587e-06
D-TRYPTOPHAN	28645	HMDB	HMDB0013609_23_shen	D-Tryptophan	inchikey	1	TRUE	TRUE	1.80000370164635e-09	4.50000925411587e-06
D-TRYPTOPHAN	28646	HMDB	HMDB0013609_24_shen	D-Tryptophan	inchikey	1	TRUE	TRUE	1.80000370164635e-09	4.50000925411587e-06
D-TRYPTOPHAN	28647	HMDB	HMDB0013609_25_shen	D-Tryptophan	inchikey	1	TRUE	TRUE	1.80000370164635e-09	4.50000925411587e-06
D-TRYPTOPHAN	28648	HMDB	HMDB0013609_26_shen	D-Tryptophan	inchikey	1	TRUE	TRUE	1.80000370164635e-09	4.50000925411587e-06
D-TRYPTOPHAN	28649	HMDB	HMDB0013609_27_shen	D-Tryptophan	inchikey	1	TRUE	TRUE	1.80000370164635e-09	4.50000925411587e-06
D-TRYPTOPHAN	28650	HMDB	HMDB0013609_28_shen	D-Tryptophan	inchikey	1	TRUE	TRUE	1.80000370164635e-09	4.50000925411587e-06
D-TRYPTOPHAN	28651	HMDB	HMDB0013609_29_shen	D-Tryptophan	inchikey	1	TRUE	TRUE	1.80000370164635e-09	4.50000925411587e-06
D-TRYPTOPHAN	28652	HMDB	HMDB0013609_30_shen	D-Tryptophan	inchikey	1	TRUE	TRUE	1.80000370164635e-09	4.50000925411587e-06
D-TRYPTOPHAN	28653	HMDB	HMDB0013609_31_shen	D-Tryptophan	inchikey	1	TRUE	TRUE	1.80000370164635e-09	4.50000925411587e-06
D-TRYPTOPHAN	28654	HMDB	HMDB0013609_32_shen	D-Tryptophan	inchikey	1	TRUE	TRUE	1.80000370164635e-09	4.50000925411587e-06
D-TRYPTOPHAN	28655	HMDB	HMDB0013609_33_shen	D-Tryptophan	inchikey	1	TRUE	TRUE	1.80000370164635e-09	4.50000925411587e-06
D-TRYPTOPHAN	28656	HMDB	HMDB0013609_34_shen	D-Tryptophan	inchikey	1	TRUE	TRUE	1.80000370164635e-09	4.50000925411587e-06
D-TRYPTOPHAN	28657	HMDB	HMDB0013609_35_shen	D-Tryptophan	inchikey	1	TRUE	TRUE	1.80000370164635e-09	4.50000925411587e-06
D-TRYPTOPHAN	28658	HMDB	HMDB0013609_36_shen	D-Tryptophan	inchikey	1	TRUE	TRUE	1.80000370164635e-09	4.50000925411587e-06
D-TRYPTOPHAN	28659	HMDB	HMDB0013609_37_shen	D-Tryptophan	inchikey	1	TRUE	TRUE	1.80000370164635e-09	4.50000925411587e-06
D-TRYPTOPHAN	28660	HMDB	HMDB0013609_38_shen	D-Tryptophan	inchikey	1	TRUE	TRUE	1.80000370164635e-09	4.50000925411587e-06
D-TRYPTOPHAN	28661	HMDB	HMDB0013609_39_shen	D-Tryptophan	inchikey	1	TRUE	TRUE	1.80000370164635e-09	4.50000925411587e-06
D-TRYPTOPHAN	28662	HMDB	HMDB0013609_40_shen	D-Tryptophan	inchikey	1	TRUE	TRUE	1.80000370164635e-09	4.50000925411587e-06
D-TRYPTOPHAN	28663	HMDB	HMDB0013609_41_shen	D-Tryptophan	inchikey	1	TRUE	TRUE	1.80000370164635e-09	4.50000925411587e-06
D-TRYPTOPHAN	28664	HMDB	HMDB0013609_42_shen	D-Tryptophan	inchikey	1	TRUE	TRUE	1.80000370164635e-09	4.50000925411587e-06
D-TRYPTOPHAN	28665	HMDB	HMDB0013609_43_shen	D-Tryptophan	inchikey	1	TRUE	TRUE	1.80000370164635e-09	4.50000925411587e-06
D-TRYPTOPHAN	28666	HMDB	HMDB0013609_44_shen	D-Tryptophan	inchikey	1	TRUE	TRUE	1.80000370164635e-09	4.50000925411587e-06
D-TRYPTOPHAN	28667	HMDB	HMDB0013609_45_shen	D-Tryptophan	inchikey	1	TRUE	TRUE	1.80000370164635e-09	4.50000925411587e-06
CPD-16	28687	HMDB	HMDB0013675_1_shen	1,3,5-Trihydroxybenzene	inchikey	1	TRUE	TRUE	9.00001850823173e-10	2.25000462705793e-06
CPD-16	28688	HMDB	HMDB0013675_2_shen	1,3,5-Trihydroxybenzene	inchikey	1	TRUE	TRUE	9.00001850823173e-10	2.25000462705793e-06
CPD-16	28689	HMDB	HMDB0013675_3_shen	1,3,5-Trihydroxybenzene	inchikey	1	TRUE	TRUE	9.00001850823173e-10	2.25000462705793e-06
CPD-16	28690	HMDB	HMDB0013675_4_shen	1,3,5-Trihydroxybenzene	inchikey	1	TRUE	TRUE	9.00001850823173e-10	2.25000462705793e-06
CPD-16	28691	HMDB	HMDB0013675_5_shen	1,3,5-Trihydroxybenzene	inchikey	1	TRUE	TRUE	9.00001850823173e-10	2.25000462705793e-06
CPD-16	28692	HMDB	HMDB0013675_6_shen	1,3,5-Trihydroxybenzene	inchikey	1	TRUE	TRUE	9.00001850823173e-10	2.25000462705793e-06
CPD-16	28693	HMDB	HMDB0013675_7_shen	1,3,5-Trihydroxybenzene	inchikey	1	TRUE	TRUE	9.00001850823173e-10	2.25000462705793e-06
CPD-16	28694	HMDB	HMDB0013675_8_shen	1,3,5-Trihydroxybenzene	inchikey	1	TRUE	TRUE	9.00001850823173e-10	2.25000462705793e-06
CPD-16	28695	HMDB	HMDB0013675_9_shen	1,3,5-Trihydroxybenzene	inchikey	1	TRUE	TRUE	9.00001850823173e-10	2.25000462705793e-06
CPD-16	28696	HMDB	HMDB0013675_10_shen	1,3,5-Trihydroxybenzene	inchikey	1	TRUE	TRUE	9.00001850823173e-10	2.25000462705793e-06
CPD-16	28697	HMDB	HMDB0013675_11_shen	1,3,5-Trihydroxybenzene	inchikey	1	TRUE	TRUE	9.00001850823173e-10	2.25000462705793e-06
CPD-16	28698	HMDB	HMDB0013675_12_shen	1,3,5-Trihydroxybenzene	inchikey	1	TRUE	TRUE	9.00001850823173e-10	2.25000462705793e-06
CPD-16	28699	HMDB	HMDB0013675_13_shen	1,3,5-Trihydroxybenzene	inchikey	1	TRUE	TRUE	9.00001850823173e-10	2.25000462705793e-06
CPD-16	28700	HMDB	HMDB0013675_14_shen	1,3,5-Trihydroxybenzene	inchikey	1	TRUE	TRUE	9.00001850823173e-10	2.25000462705793e-06
CPD-16	28701	HMDB	HMDB0013675_15_shen	1,3,5-Trihydroxybenzene	inchikey	1	TRUE	TRUE	9.00001850823173e-10	2.25000462705793e-06
CPD-16	28702	HMDB	HMDB0013675_16_shen	1,3,5-Trihydroxybenzene	inchikey	1	TRUE	TRUE	9.00001850823173e-10	2.25000462705793e-06
CPD-16	28703	HMDB	HMDB0013675_17_shen	1,3,5-Trihydroxybenzene	inchikey	1	TRUE	TRUE	9.00001850823173e-10	2.25000462705793e-06
CPD-16	28704	HMDB	HMDB0013675_18_shen	1,3,5-Trihydroxybenzene	inchikey	1	TRUE	TRUE	9.00001850823173e-10	2.25000462705793e-06
CPD-16	28705	HMDB	HMDB0013675_19_shen	1,3,5-Trihydroxybenzene	inchikey	1	TRUE	TRUE	9.00001850823173e-10	2.25000462705793e-06
CPD-16	28706	HMDB	HMDB0013675_20_shen	1,3,5-Trihydroxybenzene	inchikey	1	TRUE	TRUE	9.00001850823173e-10	2.25000462705793e-06
CPD-16	28707	HMDB	HMDB0013675_21_shen	1,3,5-Trihydroxybenzene	inchikey	1	TRUE	TRUE	9.00001850823173e-10	2.25000462705793e-06
CPD-16	28708	HMDB	HMDB0013675_22_shen	1,3,5-Trihydroxybenzene	inchikey	1	TRUE	TRUE	9.00001850823173e-10	2.25000462705793e-06
CPD-16	28709	HMDB	HMDB0013675_23_shen	1,3,5-Trihydroxybenzene	inchikey	1	TRUE	TRUE	9.00001850823173e-10	2.25000462705793e-06
CPD-16	28710	HMDB	HMDB0013675_24_shen	1,3,5-Trihydroxybenzene	inchikey	1	TRUE	TRUE	9.00001850823173e-10	2.25000462705793e-06
CPD-16	28711	HMDB	HMDB0013675_25_shen	1,3,5-Trihydroxybenzene	inchikey	1	TRUE	TRUE	9.00001850823173e-10	2.25000462705793e-06
CPD-16	28712	HMDB	HMDB0013675_26_shen	1,3,5-Trihydroxybenzene	inchikey	1	TRUE	TRUE	9.00001850823173e-10	2.25000462705793e-06
CPD-16	28713	HMDB	HMDB0013675_27_shen	1,3,5-Trihydroxybenzene	inchikey	1	TRUE	TRUE	9.00001850823173e-10	2.25000462705793e-06
CPD-16	28714	HMDB	HMDB0013675_28_shen	1,3,5-Trihydroxybenzene	inchikey	1	TRUE	TRUE	9.00001850823173e-10	2.25000462705793e-06
CPD-16	28715	HMDB	HMDB0013675_29_shen	1,3,5-Trihydroxybenzene	inchikey	1	TRUE	TRUE	9.00001850823173e-10	2.25000462705793e-06
CPD-16	28716	HMDB	HMDB0013675_30_shen	1,3,5-Trihydroxybenzene	inchikey	1	TRUE	TRUE	9.00001850823173e-10	2.25000462705793e-06
CPD-16	28717	HMDB	HMDB0013675_31_shen	1,3,5-Trihydroxybenzene	inchikey	1	TRUE	TRUE	9.00001850823173e-10	2.25000462705793e-06
CPD-16	28718	HMDB	HMDB0013675_32_shen	1,3,5-Trihydroxybenzene	inchikey	1	TRUE	TRUE	9.00001850823173e-10	2.25000462705793e-06
CPD-16	28719	HMDB	HMDB0013675_33_shen	1,3,5-Trihydroxybenzene	inchikey	1	TRUE	TRUE	9.00001850823173e-10	2.25000462705793e-06
CPD-16	28720	HMDB	HMDB0013675_34_shen	1,3,5-Trihydroxybenzene	inchikey	1	TRUE	TRUE	9.00001850823173e-10	2.25000462705793e-06
CPD-16	28721	HMDB	HMDB0013675_35_shen	1,3,5-Trihydroxybenzene	inchikey	1	TRUE	TRUE	9.00001850823173e-10	2.25000462705793e-06
CPD-16	28722	HMDB	HMDB0013675_36_shen	1,3,5-Trihydroxybenzene	inchikey	1	TRUE	TRUE	9.00001850823173e-10	2.25000462705793e-06
CPD-16	28723	HMDB	HMDB0013675_37_shen	1,3,5-Trihydroxybenzene	inchikey	1	TRUE	TRUE	9.00001850823173e-10	2.25000462705793e-06
CPD-16	28724	HMDB	HMDB0013675_38_shen	1,3,5-Trihydroxybenzene	inchikey	1	TRUE	TRUE	9.00001850823173e-10	2.25000462705793e-06
CPD-16	28725	HMDB	HMDB0013675_39_shen	1,3,5-Trihydroxybenzene	inchikey	1	TRUE	TRUE	9.00001850823173e-10	2.25000462705793e-06
CPD0-1274	28729	HMDB	HMDB0013677_1_shen	3,5-Dihydroxybenzoic acid	inchikey_connectivity_formula_mass	2	FALSE	TRUE	8.00000066192297e-09	2.00000016548074e-05
CPD0-1274	28730	HMDB	HMDB0013677_2_shen	3,5-Dihydroxybenzoic acid	inchikey_connectivity_formula_mass	2	FALSE	TRUE	8.00000066192297e-09	2.00000016548074e-05
CPD0-1274	28731	HMDB	HMDB0013677_3_shen	3,5-Dihydroxybenzoic acid	inchikey_connectivity_formula_mass	2	FALSE	TRUE	8.00000066192297e-09	2.00000016548074e-05
CPD0-1274	28732	HMDB	HMDB0013677_4_shen	3,5-Dihydroxybenzoic acid	inchikey_connectivity_formula_mass	2	FALSE	TRUE	8.00000066192297e-09	2.00000016548074e-05
BERGAPTOL	28735	HMDB	HMDB0013679_1_shen	Bergaptol	inchikey	1	TRUE	TRUE	8.00000066192297e-09	2.00000016548074e-05
BERGAPTOL	28736	HMDB	HMDB0013679_2_shen	Bergaptol	inchikey	1	TRUE	TRUE	8.00000066192297e-09	2.00000016548074e-05
CPD-1777	28737	HMDB	HMDB0013682_shen	Coniferin	inchikey	1	TRUE	TRUE	2.999968273798e-09	7.49992068449501e-06
CPD-10501	28738	HMDB	HMDB0013689_1_shen	Peonidin-3-glucoside	name_formula_mass	4	TRUE	TRUE	3.39997541232151e-09	7.34139268049829e-06
CPD-10501	28739	HMDB	HMDB0013689_2_shen	Peonidin-3-glucoside	name_formula_mass	4	TRUE	TRUE	3.39997541232151e-09	7.34139268049829e-06
CPD-8909	28740	HMDB	HMDB0013692_1_shen	Secoisolariciresinol	inchikey	1	TRUE	TRUE	3.20000026476919e-09	8.00000066192297e-06
CPD-8909	28741	HMDB	HMDB0013692_2_shen	Secoisolariciresinol	inchikey	1	TRUE	TRUE	3.20000026476919e-09	8.00000066192297e-06
CPD-8909	28742	HMDB	HMDB0013692_3_shen	Secoisolariciresinol	inchikey	1	TRUE	TRUE	3.20000026476919e-09	8.00000066192297e-06
CPD-8909	28743	HMDB	HMDB0013692_4_shen	Secoisolariciresinol	inchikey	1	TRUE	TRUE	3.20000026476919e-09	8.00000066192297e-06
CPD-8909	28744	HMDB	HMDB0013692_5_shen	Secoisolariciresinol	inchikey	1	TRUE	TRUE	3.20000026476919e-09	8.00000066192297e-06
CPD-8909	28745	HMDB	HMDB0013692_6_shen	Secoisolariciresinol	inchikey	1	TRUE	TRUE	3.20000026476919e-09	8.00000066192297e-06
CPD-8909	28746	HMDB	HMDB0013692_7_shen	Secoisolariciresinol	inchikey	1	TRUE	TRUE	3.20000026476919e-09	8.00000066192297e-06
CPD-8909	28747	HMDB	HMDB0013692_8_shen	Secoisolariciresinol	inchikey	1	TRUE	TRUE	3.20000026476919e-09	8.00000066192297e-06
CPD-8909	28748	HMDB	HMDB0013692_9_shen	Secoisolariciresinol	inchikey	1	TRUE	TRUE	3.20000026476919e-09	8.00000066192297e-06
CPD-8909	28749	HMDB	HMDB0013692_10_shen	Secoisolariciresinol	inchikey	1	TRUE	TRUE	3.20000026476919e-09	8.00000066192297e-06
CPD-8909	28750	HMDB	HMDB0013692_11_shen	Secoisolariciresinol	inchikey	1	TRUE	TRUE	3.20000026476919e-09	8.00000066192297e-06
CPD-8909	28751	HMDB	HMDB0013692_12_shen	Secoisolariciresinol	inchikey	1	TRUE	TRUE	3.20000026476919e-09	8.00000066192297e-06
CPD-8909	28752	HMDB	HMDB0013692_13_shen	Secoisolariciresinol	inchikey	1	TRUE	TRUE	3.20000026476919e-09	8.00000066192297e-06
CPD-8909	28753	HMDB	HMDB0013692_14_shen	Secoisolariciresinol	inchikey	1	TRUE	TRUE	3.20000026476919e-09	8.00000066192297e-06
CPD0-1950	28768	HMDB	HMDB0013716_1_shen	Norvaline	name_formula_mass	4	TRUE	TRUE	1.49999834775372e-09	3.74999586938429e-06
L-2-AMINOPENTANOIC-ACID	28768	HMDB	HMDB0013716_1_shen	Norvaline	name_formula_mass	4	TRUE	TRUE	1.49999834775372e-09	3.74999586938429e-06
CPD0-1950	28769	HMDB	HMDB0013716_2_shen	Norvaline	name_formula_mass	4	TRUE	TRUE	1.49999834775372e-09	3.74999586938429e-06
L-2-AMINOPENTANOIC-ACID	28769	HMDB	HMDB0013716_2_shen	Norvaline	name_formula_mass	4	TRUE	TRUE	1.49999834775372e-09	3.74999586938429e-06
CPD0-1950	28770	HMDB	HMDB0013716_3_shen	Norvaline	name_formula_mass	4	TRUE	TRUE	1.49999834775372e-09	3.74999586938429e-06
L-2-AMINOPENTANOIC-ACID	28770	HMDB	HMDB0013716_3_shen	Norvaline	name_formula_mass	4	TRUE	TRUE	1.49999834775372e-09	3.74999586938429e-06
CPD-20520	29066	HMDB	HMDB0014322_1_shen	Fluvoxamine	name_formula_mass	4	FALSE	TRUE	1.23000063467771e-08	3.07500158669427e-05
CPD-20520	29067	HMDB	HMDB0014322_2_shen	Fluvoxamine	name_formula_mass	4	FALSE	TRUE	1.23000063467771e-08	3.07500158669427e-05
CPD-20520	29068	HMDB	HMDB0014322_3_shen	Fluvoxamine	name_formula_mass	4	FALSE	TRUE	1.23000063467771e-08	3.07500158669427e-05
CPD-20520	29069	HMDB	HMDB0014322_4_shen	Fluvoxamine	name_formula_mass	4	FALSE	TRUE	1.23000063467771e-08	3.07500158669427e-05
CPD-20520	29070	HMDB	HMDB0014322_5_shen	Fluvoxamine	name_formula_mass	4	FALSE	TRUE	1.23000063467771e-08	3.07500158669427e-05
CPD-20520	29071	HMDB	HMDB0014322_6_shen	Fluvoxamine	name_formula_mass	4	FALSE	TRUE	1.23000063467771e-08	3.07500158669427e-05
CPD-20520	29072	HMDB	HMDB0014322_7_shen	Fluvoxamine	name_formula_mass	4	FALSE	TRUE	1.23000063467771e-08	3.07500158669427e-05
CPD-7661	29172	HMDB	HMDB0014325_1_shen	Masoprocol	name_formula_mass	4	TRUE	TRUE	2.60001797869336e-09	6.5000449467334e-06
CPD-7661	29173	HMDB	HMDB0014325_2_shen	Masoprocol	name_formula_mass	4	TRUE	TRUE	2.60001797869336e-09	6.5000449467334e-06
CPD-20952	29194	HMDB	HMDB0014328_1_shen	Amphetamine	inchikey_connectivity_formula_mass	2	FALSE	TRUE	1.50001255860843e-09	3.75003139652108e-06
CPD-20952	29195	HMDB	HMDB0014328_2_shen	Amphetamine	inchikey_connectivity_formula_mass	2	FALSE	TRUE	1.50001255860843e-09	3.75003139652108e-06
CPD-20952	29196	HMDB	HMDB0014328_3_shen	Amphetamine	inchikey_connectivity_formula_mass	2	FALSE	TRUE	1.50001255860843e-09	3.75003139652108e-06
CPD-20952	29197	HMDB	HMDB0014328_4_shen	Amphetamine	inchikey_connectivity_formula_mass	2	FALSE	TRUE	1.50001255860843e-09	3.75003139652108e-06
CPD-20952	29198	HMDB	HMDB0014328_5_shen	Amphetamine	inchikey_connectivity_formula_mass	2	FALSE	TRUE	1.50001255860843e-09	3.75003139652108e-06
CPD-20952	29199	HMDB	HMDB0014328_6_shen	Amphetamine	inchikey_connectivity_formula_mass	2	FALSE	TRUE	1.50001255860843e-09	3.75003139652108e-06
CPD-20952	29200	HMDB	HMDB0014328_7_shen	Amphetamine	inchikey_connectivity_formula_mass	2	FALSE	TRUE	1.50001255860843e-09	3.75003139652108e-06
CPD-20952	29201	HMDB	HMDB0014328_8_shen	Amphetamine	inchikey_connectivity_formula_mass	2	FALSE	TRUE	1.50001255860843e-09	3.75003139652108e-06
CPD-20952	29202	HMDB	HMDB0014328_9_shen	Amphetamine	inchikey_connectivity_formula_mass	2	FALSE	TRUE	1.50001255860843e-09	3.75003139652108e-06
CPD-20952	29203	HMDB	HMDB0014328_10_shen	Amphetamine	inchikey_connectivity_formula_mass	2	FALSE	TRUE	1.50001255860843e-09	3.75003139652108e-06
CPD-20952	29204	HMDB	HMDB0014328_11_shen	Amphetamine	inchikey_connectivity_formula_mass	2	FALSE	TRUE	1.50001255860843e-09	3.75003139652108e-06
CPD-20952	29205	HMDB	HMDB0014328_12_shen	Amphetamine	inchikey_connectivity_formula_mass	2	FALSE	TRUE	1.50001255860843e-09	3.75003139652108e-06
CPD-20952	29206	HMDB	HMDB0014328_13_shen	Amphetamine	inchikey_connectivity_formula_mass	2	FALSE	TRUE	1.50001255860843e-09	3.75003139652108e-06
CPD-20952	29207	HMDB	HMDB0014328_14_shen	Amphetamine	inchikey_connectivity_formula_mass	2	FALSE	TRUE	1.50001255860843e-09	3.75003139652108e-06
CPD-20952	29208	HMDB	HMDB0014328_15_shen	Amphetamine	inchikey_connectivity_formula_mass	2	FALSE	TRUE	1.50001255860843e-09	3.75003139652108e-06
CPD-20952	29209	HMDB	HMDB0014328_16_shen	Amphetamine	inchikey_connectivity_formula_mass	2	FALSE	TRUE	1.50001255860843e-09	3.75003139652108e-06
CPD-20952	29210	HMDB	HMDB0014328_17_shen	Amphetamine	inchikey_connectivity_formula_mass	2	FALSE	TRUE	1.50001255860843e-09	3.75003139652108e-06
CPD-20952	29211	HMDB	HMDB0014328_18_shen	Amphetamine	inchikey_connectivity_formula_mass	2	FALSE	TRUE	1.50001255860843e-09	3.75003139652108e-06
CPD-20952	29212	HMDB	HMDB0014328_19_shen	Amphetamine	inchikey_connectivity_formula_mass	2	FALSE	TRUE	1.50001255860843e-09	3.75003139652108e-06
CPD-20952	29213	HMDB	HMDB0014328_20_shen	Amphetamine	inchikey_connectivity_formula_mass	2	FALSE	TRUE	1.50001255860843e-09	3.75003139652108e-06
CPD-20952	29214	HMDB	HMDB0014328_21_shen	Amphetamine	inchikey_connectivity_formula_mass	2	FALSE	TRUE	1.50001255860843e-09	3.75003139652108e-06
CPD-20952	29215	HMDB	HMDB0014328_22_shen	Amphetamine	inchikey_connectivity_formula_mass	2	FALSE	TRUE	1.50001255860843e-09	3.75003139652108e-06
CPD-20952	29216	HMDB	HMDB0014328_23_shen	Amphetamine	inchikey_connectivity_formula_mass	2	FALSE	TRUE	1.50001255860843e-09	3.75003139652108e-06
CPD-20952	29217	HMDB	HMDB0014328_24_shen	Amphetamine	inchikey_connectivity_formula_mass	2	FALSE	TRUE	1.50001255860843e-09	3.75003139652108e-06
CPD-20952	29218	HMDB	HMDB0014328_25_shen	Amphetamine	inchikey_connectivity_formula_mass	2	FALSE	TRUE	1.50001255860843e-09	3.75003139652108e-06
CPD-20952	29219	HMDB	HMDB0014328_26_shen	Amphetamine	inchikey_connectivity_formula_mass	2	FALSE	TRUE	1.50001255860843e-09	3.75003139652108e-06
CPD-20952	29220	HMDB	HMDB0014328_27_shen	Amphetamine	inchikey_connectivity_formula_mass	2	FALSE	TRUE	1.50001255860843e-09	3.75003139652108e-06
CPD-20952	29221	HMDB	HMDB0014328_28_shen	Amphetamine	inchikey_connectivity_formula_mass	2	FALSE	TRUE	1.50001255860843e-09	3.75003139652108e-06
CPD-20952	29222	HMDB	HMDB0014328_29_shen	Amphetamine	inchikey_connectivity_formula_mass	2	FALSE	TRUE	1.50001255860843e-09	3.75003139652108e-06
CPD-20952	29223	HMDB	HMDB0014328_30_shen	Amphetamine	inchikey_connectivity_formula_mass	2	FALSE	TRUE	1.50001255860843e-09	3.75003139652108e-06
CPD-20952	29224	HMDB	HMDB0014328_31_shen	Amphetamine	inchikey_connectivity_formula_mass	2	FALSE	TRUE	1.50001255860843e-09	3.75003139652108e-06
CPD-15141	29941	HMDB	HMDB0014387_1_shen	Cladribine	inchikey	1	FALSE	FALSE	5.4999986787152e-09	1.3749996696788e-05
CPD-15141	29942	HMDB	HMDB0014387_2_shen	Cladribine	inchikey	1	FALSE	FALSE	5.4999986787152e-09	1.3749996696788e-05
CPD-15141	29943	HMDB	HMDB0014387_3_shen	Cladribine	inchikey	1	FALSE	FALSE	5.4999986787152e-09	1.3749996696788e-05
CPD-15141	29944	HMDB	HMDB0014387_4_shen	Cladribine	inchikey	1	FALSE	FALSE	5.4999986787152e-09	1.3749996696788e-05
CPD-15141	29945	HMDB	HMDB0014387_5_shen	Cladribine	inchikey	1	FALSE	FALSE	5.4999986787152e-09	1.3749996696788e-05
CPD-15141	29946	HMDB	HMDB0014387_6_shen	Cladribine	inchikey	1	FALSE	FALSE	5.4999986787152e-09	1.3749996696788e-05
CPD-15141	29947	HMDB	HMDB0014387_7_shen	Cladribine	inchikey	1	FALSE	FALSE	5.4999986787152e-09	1.3749996696788e-05
CPD-15141	29948	HMDB	HMDB0014387_8_shen	Cladribine	inchikey	1	FALSE	FALSE	5.4999986787152e-09	1.3749996696788e-05
CPD-15141	29949	HMDB	HMDB0014387_9_shen	Cladribine	inchikey	1	FALSE	FALSE	5.4999986787152e-09	1.3749996696788e-05
CPD-15141	29950	HMDB	HMDB0014387_10_shen	Cladribine	inchikey	1	FALSE	FALSE	5.4999986787152e-09	1.3749996696788e-05
CPD-15141	29951	HMDB	HMDB0014387_11_shen	Cladribine	inchikey	1	FALSE	FALSE	5.4999986787152e-09	1.3749996696788e-05
CPD-15141	29952	HMDB	HMDB0014387_12_shen	Cladribine	inchikey	1	FALSE	FALSE	5.4999986787152e-09	1.3749996696788e-05
CPD-15141	29953	HMDB	HMDB0014387_13_shen	Cladribine	inchikey	1	FALSE	FALSE	5.4999986787152e-09	1.3749996696788e-05
CPD-15141	29954	HMDB	HMDB0014387_14_shen	Cladribine	inchikey	1	FALSE	FALSE	5.4999986787152e-09	1.3749996696788e-05
CPD-15141	29955	HMDB	HMDB0014387_15_shen	Cladribine	inchikey	1	FALSE	FALSE	5.4999986787152e-09	1.3749996696788e-05
CPD-15141	29956	HMDB	HMDB0014387_16_shen	Cladribine	inchikey	1	FALSE	FALSE	5.4999986787152e-09	1.3749996696788e-05
CPD-15141	29957	HMDB	HMDB0014387_17_shen	Cladribine	inchikey	1	FALSE	FALSE	5.4999986787152e-09	1.3749996696788e-05
CPD-15141	29958	HMDB	HMDB0014387_18_shen	Cladribine	inchikey	1	FALSE	FALSE	5.4999986787152e-09	1.3749996696788e-05
CPDQT-42	30059	HMDB	HMDB0014404_1_shen	Sulfanilamide	name_formula_mass	4	TRUE	TRUE	1.39999656312284e-09	3.4999914078071e-06
CPDQT-42	30060	HMDB	HMDB0014404_2_shen	Sulfanilamide	name_formula_mass	4	TRUE	TRUE	1.39999656312284e-09	3.4999914078071e-06
CPDQT-42	30061	HMDB	HMDB0014404_3_shen	Sulfanilamide	name_formula_mass	4	TRUE	TRUE	1.39999656312284e-09	3.4999914078071e-06
CPDQT-42	30062	HMDB	HMDB0014404_4_shen	Sulfanilamide	name_formula_mass	4	TRUE	TRUE	1.39999656312284e-09	3.4999914078071e-06
CPDQT-42	30063	HMDB	HMDB0014404_5_shen	Sulfanilamide	name_formula_mass	4	TRUE	TRUE	1.39999656312284e-09	3.4999914078071e-06
CPDQT-42	30064	HMDB	HMDB0014404_6_shen	Sulfanilamide	name_formula_mass	4	TRUE	TRUE	1.39999656312284e-09	3.4999914078071e-06
CPDQT-42	30065	HMDB	HMDB0014404_7_shen	Sulfanilamide	name_formula_mass	4	TRUE	TRUE	1.39999656312284e-09	3.4999914078071e-06
CPDQT-42	30066	HMDB	HMDB0014404_8_shen	Sulfanilamide	name_formula_mass	4	TRUE	TRUE	1.39999656312284e-09	3.4999914078071e-06
CPDQT-42	30067	HMDB	HMDB0014404_9_shen	Sulfanilamide	name_formula_mass	4	TRUE	TRUE	1.39999656312284e-09	3.4999914078071e-06
CPDQT-42	30068	HMDB	HMDB0014404_10_shen	Sulfanilamide	name_formula_mass	4	TRUE	TRUE	1.39999656312284e-09	3.4999914078071e-06
CPDQT-42	30069	HMDB	HMDB0014404_11_shen	Sulfanilamide	name_formula_mass	4	TRUE	TRUE	1.39999656312284e-09	3.4999914078071e-06
CPDQT-42	30070	HMDB	HMDB0014404_12_shen	Sulfanilamide	name_formula_mass	4	TRUE	TRUE	1.39999656312284e-09	3.4999914078071e-06
CPDQT-42	30071	HMDB	HMDB0014404_13_shen	Sulfanilamide	name_formula_mass	4	TRUE	TRUE	1.39999656312284e-09	3.4999914078071e-06
CPDQT-42	30072	HMDB	HMDB0014404_14_shen	Sulfanilamide	name_formula_mass	4	TRUE	TRUE	1.39999656312284e-09	3.4999914078071e-06
CPDQT-42	30073	HMDB	HMDB0014404_15_shen	Sulfanilamide	name_formula_mass	4	TRUE	TRUE	1.39999656312284e-09	3.4999914078071e-06
CPDQT-42	30074	HMDB	HMDB0014404_16_shen	Sulfanilamide	name_formula_mass	4	TRUE	TRUE	1.39999656312284e-09	3.4999914078071e-06
CPDQT-42	30075	HMDB	HMDB0014404_17_shen	Sulfanilamide	name_formula_mass	4	TRUE	TRUE	1.39999656312284e-09	3.4999914078071e-06
CPDQT-42	30076	HMDB	HMDB0014404_18_shen	Sulfanilamide	name_formula_mass	4	TRUE	TRUE	1.39999656312284e-09	3.4999914078071e-06
CPDQT-42	30077	HMDB	HMDB0014404_19_shen	Sulfanilamide	name_formula_mass	4	TRUE	TRUE	1.39999656312284e-09	3.4999914078071e-06
CPDQT-42	30078	HMDB	HMDB0014404_20_shen	Sulfanilamide	name_formula_mass	4	TRUE	TRUE	1.39999656312284e-09	3.4999914078071e-06
CPDQT-42	30079	HMDB	HMDB0014404_21_shen	Sulfanilamide	name_formula_mass	4	TRUE	TRUE	1.39999656312284e-09	3.4999914078071e-06
CPDQT-42	30080	HMDB	HMDB0014404_22_shen	Sulfanilamide	name_formula_mass	4	TRUE	TRUE	1.39999656312284e-09	3.4999914078071e-06
MORPHINE	30310	HMDB	HMDB0014440_1_shen	Morphine	inchikey_connectivity_formula_mass	2	FALSE	TRUE	2.39998598772218e-09	5.99996496930544e-06
MORPHINE	30311	HMDB	HMDB0014440_2_shen	Morphine	inchikey_connectivity_formula_mass	2	FALSE	TRUE	2.39998598772218e-09	5.99996496930544e-06
MORPHINE	30312	HMDB	HMDB0014440_3_shen	Morphine	inchikey_connectivity_formula_mass	2	FALSE	TRUE	2.39998598772218e-09	5.99996496930544e-06
MORPHINE	30313	HMDB	HMDB0014440_4_shen	Morphine	inchikey_connectivity_formula_mass	2	FALSE	TRUE	2.39998598772218e-09	5.99996496930544e-06
MORPHINE	30314	HMDB	HMDB0014440_5_shen	Morphine	inchikey_connectivity_formula_mass	2	FALSE	TRUE	2.39998598772218e-09	5.99996496930544e-06
MORPHINE	30315	HMDB	HMDB0014440_6_shen	Morphine	inchikey_connectivity_formula_mass	2	FALSE	TRUE	2.39998598772218e-09	5.99996496930544e-06
MORPHINE	30316	HMDB	HMDB0014440_7_shen	Morphine	inchikey_connectivity_formula_mass	2	FALSE	TRUE	2.39998598772218e-09	5.99996496930544e-06
MORPHINE	30317	HMDB	HMDB0014440_8_shen	Morphine	inchikey_connectivity_formula_mass	2	FALSE	TRUE	2.39998598772218e-09	5.99996496930544e-06
MORPHINE	30318	HMDB	HMDB0014440_9_shen	Morphine	inchikey_connectivity_formula_mass	2	FALSE	TRUE	2.39998598772218e-09	5.99996496930544e-06
MORPHINE	30319	HMDB	HMDB0014440_10_shen	Morphine	inchikey_connectivity_formula_mass	2	FALSE	TRUE	2.39998598772218e-09	5.99996496930544e-06
MORPHINE	30320	HMDB	HMDB0014440_11_shen	Morphine	inchikey_connectivity_formula_mass	2	FALSE	TRUE	2.39998598772218e-09	5.99996496930544e-06
MORPHINE	30321	HMDB	HMDB0014440_12_shen	Morphine	inchikey_connectivity_formula_mass	2	FALSE	TRUE	2.39998598772218e-09	5.99996496930544e-06
MORPHINE	30322	HMDB	HMDB0014440_13_shen	Morphine	inchikey_connectivity_formula_mass	2	FALSE	TRUE	2.39998598772218e-09	5.99996496930544e-06
MORPHINE	30323	HMDB	HMDB0014440_14_shen	Morphine	inchikey_connectivity_formula_mass	2	FALSE	TRUE	2.39998598772218e-09	5.99996496930544e-06
MORPHINE	30324	HMDB	HMDB0014440_15_shen	Morphine	inchikey_connectivity_formula_mass	2	FALSE	TRUE	2.39998598772218e-09	5.99996496930544e-06
MORPHINE	30325	HMDB	HMDB0014440_16_shen	Morphine	inchikey_connectivity_formula_mass	2	FALSE	TRUE	2.39998598772218e-09	5.99996496930544e-06
MORPHINE	30326	HMDB	HMDB0014440_17_shen	Morphine	inchikey_connectivity_formula_mass	2	FALSE	TRUE	2.39998598772218e-09	5.99996496930544e-06
MORPHINE	30327	HMDB	HMDB0014440_18_shen	Morphine	inchikey_connectivity_formula_mass	2	FALSE	TRUE	2.39998598772218e-09	5.99996496930544e-06
MORPHINE	30328	HMDB	HMDB0014440_19_shen	Morphine	inchikey_connectivity_formula_mass	2	FALSE	TRUE	2.39998598772218e-09	5.99996496930544e-06
MORPHINE	30329	HMDB	HMDB0014440_20_shen	Morphine	inchikey_connectivity_formula_mass	2	FALSE	TRUE	2.39998598772218e-09	5.99996496930544e-06
MORPHINE	30330	HMDB	HMDB0014440_21_shen	Morphine	inchikey_connectivity_formula_mass	2	FALSE	TRUE	2.39998598772218e-09	5.99996496930544e-06
MORPHINE	30331	HMDB	HMDB0014440_22_shen	Morphine	inchikey_connectivity_formula_mass	2	FALSE	TRUE	2.39998598772218e-09	5.99996496930544e-06
MORPHINE	30332	HMDB	HMDB0014440_23_shen	Morphine	inchikey_connectivity_formula_mass	2	FALSE	TRUE	2.39998598772218e-09	5.99996496930544e-06
MORPHINE	30333	HMDB	HMDB0014440_24_shen	Morphine	inchikey_connectivity_formula_mass	2	FALSE	TRUE	2.39998598772218e-09	5.99996496930544e-06
MORPHINE	30334	HMDB	HMDB0014440_25_shen	Morphine	inchikey_connectivity_formula_mass	2	FALSE	TRUE	2.39998598772218e-09	5.99996496930544e-06
MORPHINE	30335	HMDB	HMDB0014440_26_shen	Morphine	inchikey_connectivity_formula_mass	2	FALSE	TRUE	2.39998598772218e-09	5.99996496930544e-06
MORPHINE	30336	HMDB	HMDB0014440_27_shen	Morphine	inchikey_connectivity_formula_mass	2	FALSE	TRUE	2.39998598772218e-09	5.99996496930544e-06
MORPHINE	30337	HMDB	HMDB0014440_28_shen	Morphine	inchikey_connectivity_formula_mass	2	FALSE	TRUE	2.39998598772218e-09	5.99996496930544e-06
MORPHINE	30338	HMDB	HMDB0014440_29_shen	Morphine	inchikey_connectivity_formula_mass	2	FALSE	TRUE	2.39998598772218e-09	5.99996496930544e-06
MORPHINE	30339	HMDB	HMDB0014440_30_shen	Morphine	inchikey_connectivity_formula_mass	2	FALSE	TRUE	2.39998598772218e-09	5.99996496930544e-06
MORPHINE	30340	HMDB	HMDB0014440_31_shen	Morphine	inchikey_connectivity_formula_mass	2	FALSE	TRUE	2.39998598772218e-09	5.99996496930544e-06
MORPHINE	30341	HMDB	HMDB0014440_32_shen	Morphine	inchikey_connectivity_formula_mass	2	FALSE	TRUE	2.39998598772218e-09	5.99996496930544e-06
MORPHINE	30342	HMDB	HMDB0014440_33_shen	Morphine	inchikey_connectivity_formula_mass	2	FALSE	TRUE	2.39998598772218e-09	5.99996496930544e-06
MORPHINE	30343	HMDB	HMDB0014440_34_shen	Morphine	inchikey_connectivity_formula_mass	2	FALSE	TRUE	2.39998598772218e-09	5.99996496930544e-06
MORPHINE	30344	HMDB	HMDB0014440_35_shen	Morphine	inchikey_connectivity_formula_mass	2	FALSE	TRUE	2.39998598772218e-09	5.99996496930544e-06
MORPHINE	30345	HMDB	HMDB0014440_36_shen	Morphine	inchikey_connectivity_formula_mass	2	FALSE	TRUE	2.39998598772218e-09	5.99996496930544e-06
MORPHINE	30346	HMDB	HMDB0014440_37_shen	Morphine	inchikey_connectivity_formula_mass	2	FALSE	TRUE	2.39998598772218e-09	5.99996496930544e-06
MORPHINE	30347	HMDB	HMDB0014440_38_shen	Morphine	inchikey_connectivity_formula_mass	2	FALSE	TRUE	2.39998598772218e-09	5.99996496930544e-06
MORPHINE	30348	HMDB	HMDB0014440_39_shen	Morphine	inchikey_connectivity_formula_mass	2	FALSE	TRUE	2.39998598772218e-09	5.99996496930544e-06
MORPHINE	30349	HMDB	HMDB0014440_40_shen	Morphine	inchikey_connectivity_formula_mass	2	FALSE	TRUE	2.39998598772218e-09	5.99996496930544e-06
MORPHINE	30350	HMDB	HMDB0014440_41_shen	Morphine	inchikey_connectivity_formula_mass	2	FALSE	TRUE	2.39998598772218e-09	5.99996496930544e-06
MORPHINE	30351	HMDB	HMDB0014440_42_shen	Morphine	inchikey_connectivity_formula_mass	2	FALSE	TRUE	2.39998598772218e-09	5.99996496930544e-06
MORPHINE	30352	HMDB	HMDB0014440_43_shen	Morphine	inchikey_connectivity_formula_mass	2	FALSE	TRUE	2.39998598772218e-09	5.99996496930544e-06
MORPHINE	30353	HMDB	HMDB0014440_44_shen	Morphine	inchikey_connectivity_formula_mass	2	FALSE	TRUE	2.39998598772218e-09	5.99996496930544e-06
MORPHINE	30354	HMDB	HMDB0014440_45_shen	Morphine	inchikey_connectivity_formula_mass	2	FALSE	TRUE	2.39998598772218e-09	5.99996496930544e-06
MORPHINE	30355	HMDB	HMDB0014440_46_shen	Morphine	inchikey_connectivity_formula_mass	2	FALSE	TRUE	2.39998598772218e-09	5.99996496930544e-06
MORPHINE	30356	HMDB	HMDB0014440_47_shen	Morphine	inchikey_connectivity_formula_mass	2	FALSE	TRUE	2.39998598772218e-09	5.99996496930544e-06
MORPHINE	30357	HMDB	HMDB0014440_48_shen	Morphine	inchikey_connectivity_formula_mass	2	FALSE	TRUE	2.39998598772218e-09	5.99996496930544e-06
CPD-7664	30572	HMDB	HMDB0014468_1_shen	Tolcapone	inchikey	1	TRUE	TRUE	2.01565006600003	5039.12516500009
CPD-7664	30573	HMDB	HMDB0014468_2_shen	Tolcapone	inchikey	1	TRUE	TRUE	2.01565006600003	5039.12516500009
CPD-7664	30574	HMDB	HMDB0014468_3_shen	Tolcapone	inchikey	1	TRUE	TRUE	2.01565006600003	5039.12516500009
CPD-7664	30575	HMDB	HMDB0014468_4_shen	Tolcapone	inchikey	1	TRUE	TRUE	2.01565006600003	5039.12516500009
CPD-7664	30576	HMDB	HMDB0014468_5_shen	Tolcapone	inchikey	1	TRUE	TRUE	2.01565006600003	5039.12516500009
CPD-7664	30577	HMDB	HMDB0014468_6_shen	Tolcapone	inchikey	1	TRUE	TRUE	2.01565006600003	5039.12516500009
CPD-7664	30578	HMDB	HMDB0014468_7_shen	Tolcapone	inchikey	1	TRUE	TRUE	2.01565006600003	5039.12516500009
CPD-7664	30579	HMDB	HMDB0014468_8_shen	Tolcapone	inchikey	1	TRUE	TRUE	2.01565006600003	5039.12516500009
CPD-7664	30580	HMDB	HMDB0014468_9_shen	Tolcapone	inchikey	1	TRUE	TRUE	2.01565006600003	5039.12516500009
CPD-7664	30581	HMDB	HMDB0014468_10_shen	Tolcapone	inchikey	1	TRUE	TRUE	2.01565006600003	5039.12516500009
CPD-7664	30582	HMDB	HMDB0014468_11_shen	Tolcapone	inchikey	1	TRUE	TRUE	2.01565006600003	5039.12516500009
CPD-5721	30867	HMDB	HMDB0014496_1_shen	Thioguanine	inchikey	1	TRUE	TRUE	1.50001255860843e-09	3.75003139652108e-06
CPD-5721	30868	HMDB	HMDB0014496_2_shen	Thioguanine	inchikey	1	TRUE	TRUE	1.50001255860843e-09	3.75003139652108e-06
CPD-5721	30869	HMDB	HMDB0014496_3_shen	Thioguanine	inchikey	1	TRUE	TRUE	1.50001255860843e-09	3.75003139652108e-06
CPD-5721	30870	HMDB	HMDB0014496_4_shen	Thioguanine	inchikey	1	TRUE	TRUE	1.50001255860843e-09	3.75003139652108e-06
CPD-5721	30871	HMDB	HMDB0014496_5_shen	Thioguanine	inchikey	1	TRUE	TRUE	1.50001255860843e-09	3.75003139652108e-06
CPD-5721	30872	HMDB	HMDB0014496_6_shen	Thioguanine	inchikey	1	TRUE	TRUE	1.50001255860843e-09	3.75003139652108e-06
CPD-5721	30873	HMDB	HMDB0014496_7_shen	Thioguanine	inchikey	1	TRUE	TRUE	1.50001255860843e-09	3.75003139652108e-06
CPD-5721	30874	HMDB	HMDB0014496_8_shen	Thioguanine	inchikey	1	TRUE	TRUE	1.50001255860843e-09	3.75003139652108e-06
CPD-5721	30875	HMDB	HMDB0014496_9_shen	Thioguanine	inchikey	1	TRUE	TRUE	1.50001255860843e-09	3.75003139652108e-06
CPD-5721	30876	HMDB	HMDB0014496_10_shen	Thioguanine	inchikey	1	TRUE	TRUE	1.50001255860843e-09	3.75003139652108e-06
CPD-5721	30877	HMDB	HMDB0014496_11_shen	Thioguanine	inchikey	1	TRUE	TRUE	1.50001255860843e-09	3.75003139652108e-06
CPD-5721	30878	HMDB	HMDB0014496_12_shen	Thioguanine	inchikey	1	TRUE	TRUE	1.50001255860843e-09	3.75003139652108e-06
ZOLEDRONATE	31188	HMDB	HMDB0014543_shen	Zoledronate	inchikey_connectivity_formula_mass	2	FALSE	TRUE	1.89999127542251e-09	4.74997818855627e-06
CPD-9195	31233	HMDB	HMDB0014559_1_shen	Ampicillin	inchikey	1	TRUE	TRUE	2.9000375434407e-09	7.25009385860176e-06
CPD-9195	31234	HMDB	HMDB0014559_2_shen	Ampicillin	inchikey	1	TRUE	TRUE	2.9000375434407e-09	7.25009385860176e-06
CPD-9195	31235	HMDB	HMDB0014559_3_shen	Ampicillin	inchikey	1	TRUE	TRUE	2.9000375434407e-09	7.25009385860176e-06
CPD-9195	31236	HMDB	HMDB0014559_4_shen	Ampicillin	inchikey	1	TRUE	TRUE	2.9000375434407e-09	7.25009385860176e-06
CPD-9195	31237	HMDB	HMDB0014559_5_shen	Ampicillin	inchikey	1	TRUE	TRUE	2.9000375434407e-09	7.25009385860176e-06
CPD-9195	31238	HMDB	HMDB0014559_6_shen	Ampicillin	inchikey	1	TRUE	TRUE	2.9000375434407e-09	7.25009385860176e-06
CPD-9195	31239	HMDB	HMDB0014559_7_shen	Ampicillin	inchikey	1	TRUE	TRUE	2.9000375434407e-09	7.25009385860176e-06
CPD-9195	31240	HMDB	HMDB0014559_8_shen	Ampicillin	inchikey	1	TRUE	TRUE	2.9000375434407e-09	7.25009385860176e-06
CPD-9195	31241	HMDB	HMDB0014559_9_shen	Ampicillin	inchikey	1	TRUE	TRUE	2.9000375434407e-09	7.25009385860176e-06
CPD-9195	31242	HMDB	HMDB0014559_10_shen	Ampicillin	inchikey	1	TRUE	TRUE	2.9000375434407e-09	7.25009385860176e-06
CPD-9195	31243	HMDB	HMDB0014559_11_shen	Ampicillin	inchikey	1	TRUE	TRUE	2.9000375434407e-09	7.25009385860176e-06
CPD-9195	31244	HMDB	HMDB0014559_12_shen	Ampicillin	inchikey	1	TRUE	TRUE	2.9000375434407e-09	7.25009385860176e-06
CPD-9195	31245	HMDB	HMDB0014559_13_shen	Ampicillin	inchikey	1	TRUE	TRUE	2.9000375434407e-09	7.25009385860176e-06
CPD-9195	31246	HMDB	HMDB0014559_14_shen	Ampicillin	inchikey	1	TRUE	TRUE	2.9000375434407e-09	7.25009385860176e-06
L-HYOSCYAMINE	31261	HMDB	HMDB0014568_1_shen	Hyoscyamine	inchikey_connectivity_formula_mass	2	FALSE	TRUE	2.79999312624568e-09	6.9999828156142e-06
L-HYOSCYAMINE	31262	HMDB	HMDB0014568_2_shen	Hyoscyamine	inchikey_connectivity_formula_mass	2	FALSE	TRUE	2.79999312624568e-09	6.9999828156142e-06
L-HYOSCYAMINE	31263	HMDB	HMDB0014568_3_shen	Hyoscyamine	inchikey_connectivity_formula_mass	2	FALSE	TRUE	2.79999312624568e-09	6.9999828156142e-06
CPD-9024	31275	HMDB	HMDB0014581_1_shen	Allopurinol	inchikey	1	TRUE	TRUE	1.30000898934668e-09	3.2500224733667e-06
CPD-9024	31276	HMDB	HMDB0014581_2_shen	Allopurinol	inchikey	1	TRUE	TRUE	1.30000898934668e-09	3.2500224733667e-06
CPD-9024	31277	HMDB	HMDB0014581_3_shen	Allopurinol	inchikey	1	TRUE	TRUE	1.30000898934668e-09	3.2500224733667e-06
CPD-9024	31278	HMDB	HMDB0014581_4_shen	Allopurinol	inchikey	1	TRUE	TRUE	1.30000898934668e-09	3.2500224733667e-06
CPD-9024	31279	HMDB	HMDB0014581_5_shen	Allopurinol	inchikey	1	TRUE	TRUE	1.30000898934668e-09	3.2500224733667e-06
CPD-9024	31280	HMDB	HMDB0014581_6_shen	Allopurinol	inchikey	1	TRUE	TRUE	1.30000898934668e-09	3.2500224733667e-06
CPD-9024	31281	HMDB	HMDB0014581_7_shen	Allopurinol	inchikey	1	TRUE	TRUE	1.30000898934668e-09	3.2500224733667e-06
CPD-9024	31282	HMDB	HMDB0014581_8_shen	Allopurinol	inchikey	1	TRUE	TRUE	1.30000898934668e-09	3.2500224733667e-06
CPD-9024	31283	HMDB	HMDB0014581_9_shen	Allopurinol	inchikey	1	TRUE	TRUE	1.30000898934668e-09	3.2500224733667e-06
CPD-9024	31284	HMDB	HMDB0014581_10_shen	Allopurinol	inchikey	1	TRUE	TRUE	1.30000898934668e-09	3.2500224733667e-06
CPD-9024	31285	HMDB	HMDB0014581_11_shen	Allopurinol	inchikey	1	TRUE	TRUE	1.30000898934668e-09	3.2500224733667e-06
CPD-9024	31286	HMDB	HMDB0014581_12_shen	Allopurinol	inchikey	1	TRUE	TRUE	1.30000898934668e-09	3.2500224733667e-06
CPD-9024	31287	HMDB	HMDB0014581_13_shen	Allopurinol	inchikey	1	TRUE	TRUE	1.30000898934668e-09	3.2500224733667e-06
CPD-9024	31288	HMDB	HMDB0014581_14_shen	Allopurinol	inchikey	1	TRUE	TRUE	1.30000898934668e-09	3.2500224733667e-06
CPD-9024	31289	HMDB	HMDB0014581_15_shen	Allopurinol	inchikey	1	TRUE	TRUE	1.30000898934668e-09	3.2500224733667e-06
CPD-9024	31290	HMDB	HMDB0014581_16_shen	Allopurinol	inchikey	1	TRUE	TRUE	1.30000898934668e-09	3.2500224733667e-06
CPD-9024	31291	HMDB	HMDB0014581_17_shen	Allopurinol	inchikey	1	TRUE	TRUE	1.30000898934668e-09	3.2500224733667e-06
CPD-9024	31292	HMDB	HMDB0014581_18_shen	Allopurinol	inchikey	1	TRUE	TRUE	1.30000898934668e-09	3.2500224733667e-06
CPD-9024	31293	HMDB	HMDB0014581_19_shen	Allopurinol	inchikey	1	TRUE	TRUE	1.30000898934668e-09	3.2500224733667e-06
CPD-9024	31294	HMDB	HMDB0014581_20_shen	Allopurinol	inchikey	1	TRUE	TRUE	1.30000898934668e-09	3.2500224733667e-06
CPD-9024	31295	HMDB	HMDB0014581_21_shen	Allopurinol	inchikey	1	TRUE	TRUE	1.30000898934668e-09	3.2500224733667e-06
CPD-9024	31296	HMDB	HMDB0014581_22_shen	Allopurinol	inchikey	1	TRUE	TRUE	1.30000898934668e-09	3.2500224733667e-06
CPD-9024	31297	HMDB	HMDB0014581_23_shen	Allopurinol	inchikey	1	TRUE	TRUE	1.30000898934668e-09	3.2500224733667e-06
CPD-9024	31298	HMDB	HMDB0014581_24_shen	Allopurinol	inchikey	1	TRUE	TRUE	1.30000898934668e-09	3.2500224733667e-06
CPD-9024	31299	HMDB	HMDB0014581_25_shen	Allopurinol	inchikey	1	TRUE	TRUE	1.30000898934668e-09	3.2500224733667e-06
CPD-9024	31300	HMDB	HMDB0014581_26_shen	Allopurinol	inchikey	1	TRUE	TRUE	1.30000898934668e-09	3.2500224733667e-06
CPD-9024	31301	HMDB	HMDB0014581_27_shen	Allopurinol	inchikey	1	TRUE	TRUE	1.30000898934668e-09	3.2500224733667e-06
CPD-9024	31302	HMDB	HMDB0014581_28_shen	Allopurinol	inchikey	1	TRUE	TRUE	1.30000898934668e-09	3.2500224733667e-06
CPD-9024	31303	HMDB	HMDB0014581_29_shen	Allopurinol	inchikey	1	TRUE	TRUE	1.30000898934668e-09	3.2500224733667e-06
CPD-9024	31304	HMDB	HMDB0014581_30_shen	Allopurinol	inchikey	1	TRUE	TRUE	1.30000898934668e-09	3.2500224733667e-06
CPD0-1581	31319	HMDB	HMDB0014583_1_shen	Trimethoprim	inchikey	1	TRUE	TRUE	2.9000375434407e-09	7.25009385860176e-06
CPD0-1581	31320	HMDB	HMDB0014583_2_shen	Trimethoprim	inchikey	1	TRUE	TRUE	2.9000375434407e-09	7.25009385860176e-06
CPD0-1581	31321	HMDB	HMDB0014583_3_shen	Trimethoprim	inchikey	1	TRUE	TRUE	2.9000375434407e-09	7.25009385860176e-06
CPD0-1581	31322	HMDB	HMDB0014583_4_shen	Trimethoprim	inchikey	1	TRUE	TRUE	2.9000375434407e-09	7.25009385860176e-06
CPD0-1581	31323	HMDB	HMDB0014583_5_shen	Trimethoprim	inchikey	1	TRUE	TRUE	2.9000375434407e-09	7.25009385860176e-06
CPD0-1581	31324	HMDB	HMDB0014583_6_shen	Trimethoprim	inchikey	1	TRUE	TRUE	2.9000375434407e-09	7.25009385860176e-06
CPD0-1581	31325	HMDB	HMDB0014583_7_shen	Trimethoprim	inchikey	1	TRUE	TRUE	2.9000375434407e-09	7.25009385860176e-06
CPD0-1581	31326	HMDB	HMDB0014583_8_shen	Trimethoprim	inchikey	1	TRUE	TRUE	2.9000375434407e-09	7.25009385860176e-06
CPD0-1581	31327	HMDB	HMDB0014583_9_shen	Trimethoprim	inchikey	1	TRUE	TRUE	2.9000375434407e-09	7.25009385860176e-06
CPD0-1581	31328	HMDB	HMDB0014583_10_shen	Trimethoprim	inchikey	1	TRUE	TRUE	2.9000375434407e-09	7.25009385860176e-06
CPD0-1581	31329	HMDB	HMDB0014583_11_shen	Trimethoprim	inchikey	1	TRUE	TRUE	2.9000375434407e-09	7.25009385860176e-06
CPD0-1581	31330	HMDB	HMDB0014583_12_shen	Trimethoprim	inchikey	1	TRUE	TRUE	2.9000375434407e-09	7.25009385860176e-06
CPD0-1581	31331	HMDB	HMDB0014583_13_shen	Trimethoprim	inchikey	1	TRUE	TRUE	2.9000375434407e-09	7.25009385860176e-06
CPD0-1581	31332	HMDB	HMDB0014583_14_shen	Trimethoprim	inchikey	1	TRUE	TRUE	2.9000375434407e-09	7.25009385860176e-06
CPD0-1581	31333	HMDB	HMDB0014583_15_shen	Trimethoprim	inchikey	1	TRUE	TRUE	2.9000375434407e-09	7.25009385860176e-06
CPD0-1581	31334	HMDB	HMDB0014583_16_shen	Trimethoprim	inchikey	1	TRUE	TRUE	2.9000375434407e-09	7.25009385860176e-06
CPD0-1581	31335	HMDB	HMDB0014583_17_shen	Trimethoprim	inchikey	1	TRUE	TRUE	2.9000375434407e-09	7.25009385860176e-06
CPD0-1581	31336	HMDB	HMDB0014583_18_shen	Trimethoprim	inchikey	1	TRUE	TRUE	2.9000375434407e-09	7.25009385860176e-06
CPD0-1581	31337	HMDB	HMDB0014583_19_shen	Trimethoprim	inchikey	1	TRUE	TRUE	2.9000375434407e-09	7.25009385860176e-06
CPD0-1581	31338	HMDB	HMDB0014583_20_shen	Trimethoprim	inchikey	1	TRUE	TRUE	2.9000375434407e-09	7.25009385860176e-06
CPD0-1581	31339	HMDB	HMDB0014583_21_shen	Trimethoprim	inchikey	1	TRUE	TRUE	2.9000375434407e-09	7.25009385860176e-06
CPD0-1581	31340	HMDB	HMDB0014583_22_shen	Trimethoprim	inchikey	1	TRUE	TRUE	2.9000375434407e-09	7.25009385860176e-06
CPD0-1581	31341	HMDB	HMDB0014583_23_shen	Trimethoprim	inchikey	1	TRUE	TRUE	2.9000375434407e-09	7.25009385860176e-06
CPD0-1581	31342	HMDB	HMDB0014583_24_shen	Trimethoprim	inchikey	1	TRUE	TRUE	2.9000375434407e-09	7.25009385860176e-06
CPD0-1581	31343	HMDB	HMDB0014583_25_shen	Trimethoprim	inchikey	1	TRUE	TRUE	2.9000375434407e-09	7.25009385860176e-06
CPD0-1581	31344	HMDB	HMDB0014583_26_shen	Trimethoprim	inchikey	1	TRUE	TRUE	2.9000375434407e-09	7.25009385860176e-06
CPD0-1581	31345	HMDB	HMDB0014583_27_shen	Trimethoprim	inchikey	1	TRUE	TRUE	2.9000375434407e-09	7.25009385860176e-06
CPD0-1581	31346	HMDB	HMDB0014583_28_shen	Trimethoprim	inchikey	1	TRUE	TRUE	2.9000375434407e-09	7.25009385860176e-06
CPD0-1581	31347	HMDB	HMDB0014583_29_shen	Trimethoprim	inchikey	1	TRUE	TRUE	2.9000375434407e-09	7.25009385860176e-06
CPD0-1581	31348	HMDB	HMDB0014583_30_shen	Trimethoprim	inchikey	1	TRUE	TRUE	2.9000375434407e-09	7.25009385860176e-06
CPD0-1581	31349	HMDB	HMDB0014583_31_shen	Trimethoprim	inchikey	1	TRUE	TRUE	2.9000375434407e-09	7.25009385860176e-06
CPD0-1581	31350	HMDB	HMDB0014583_32_shen	Trimethoprim	inchikey	1	TRUE	TRUE	2.9000375434407e-09	7.25009385860176e-06
CPD0-1581	31351	HMDB	HMDB0014583_33_shen	Trimethoprim	inchikey	1	TRUE	TRUE	2.9000375434407e-09	7.25009385860176e-06
CPD0-1581	31352	HMDB	HMDB0014583_34_shen	Trimethoprim	inchikey	1	TRUE	TRUE	2.9000375434407e-09	7.25009385860176e-06
CPD0-1581	31353	HMDB	HMDB0014583_35_shen	Trimethoprim	inchikey	1	TRUE	TRUE	2.9000375434407e-09	7.25009385860176e-06
CPD0-1581	31354	HMDB	HMDB0014583_36_shen	Trimethoprim	inchikey	1	TRUE	TRUE	2.9000375434407e-09	7.25009385860176e-06
CPD0-1581	31355	HMDB	HMDB0014583_37_shen	Trimethoprim	inchikey	1	TRUE	TRUE	2.9000375434407e-09	7.25009385860176e-06
CPD0-1581	31356	HMDB	HMDB0014583_38_shen	Trimethoprim	inchikey	1	TRUE	TRUE	2.9000375434407e-09	7.25009385860176e-06
CPD0-1581	31357	HMDB	HMDB0014583_39_shen	Trimethoprim	inchikey	1	TRUE	TRUE	2.9000375434407e-09	7.25009385860176e-06
CPD0-1581	31358	HMDB	HMDB0014583_40_shen	Trimethoprim	inchikey	1	TRUE	TRUE	2.9000375434407e-09	7.25009385860176e-06
CPD0-1581	31359	HMDB	HMDB0014583_41_shen	Trimethoprim	inchikey	1	TRUE	TRUE	2.9000375434407e-09	7.25009385860176e-06
CPD0-1581	31360	HMDB	HMDB0014583_42_shen	Trimethoprim	inchikey	1	TRUE	TRUE	2.9000375434407e-09	7.25009385860176e-06
CPD0-1581	31361	HMDB	HMDB0014583_43_shen	Trimethoprim	inchikey	1	TRUE	TRUE	2.9000375434407e-09	7.25009385860176e-06
CPD0-1581	31362	HMDB	HMDB0014583_44_shen	Trimethoprim	inchikey	1	TRUE	TRUE	2.9000375434407e-09	7.25009385860176e-06
CPD0-1581	31363	HMDB	HMDB0014583_45_shen	Trimethoprim	inchikey	1	TRUE	TRUE	2.9000375434407e-09	7.25009385860176e-06
CPD0-1581	31364	HMDB	HMDB0014583_46_shen	Trimethoprim	inchikey	1	TRUE	TRUE	2.9000375434407e-09	7.25009385860176e-06
CPD0-1581	31365	HMDB	HMDB0014583_47_shen	Trimethoprim	inchikey	1	TRUE	TRUE	2.9000375434407e-09	7.25009385860176e-06
CPD0-1581	31366	HMDB	HMDB0014583_48_shen	Trimethoprim	inchikey	1	TRUE	TRUE	2.9000375434407e-09	7.25009385860176e-06
CPD0-1581	31367	HMDB	HMDB0014583_49_shen	Trimethoprim	inchikey	1	TRUE	TRUE	2.9000375434407e-09	7.25009385860176e-06
CPD0-1581	31368	HMDB	HMDB0014583_50_shen	Trimethoprim	inchikey	1	TRUE	TRUE	2.9000375434407e-09	7.25009385860176e-06
CPD0-1581	31369	HMDB	HMDB0014583_51_shen	Trimethoprim	inchikey	1	TRUE	TRUE	2.9000375434407e-09	7.25009385860176e-06
CPD0-1581	31370	HMDB	HMDB0014583_52_shen	Trimethoprim	inchikey	1	TRUE	TRUE	2.9000375434407e-09	7.25009385860176e-06
CPD0-1581	31371	HMDB	HMDB0014583_53_shen	Trimethoprim	inchikey	1	TRUE	TRUE	2.9000375434407e-09	7.25009385860176e-06
CPD0-1581	31372	HMDB	HMDB0014583_54_shen	Trimethoprim	inchikey	1	TRUE	TRUE	2.9000375434407e-09	7.25009385860176e-06
CPD0-1581	31373	HMDB	HMDB0014583_55_shen	Trimethoprim	inchikey	1	TRUE	TRUE	2.9000375434407e-09	7.25009385860176e-06
CPD0-1581	31374	HMDB	HMDB0014583_56_shen	Trimethoprim	inchikey	1	TRUE	TRUE	2.9000375434407e-09	7.25009385860176e-06
CPD0-1581	31375	HMDB	HMDB0014583_57_shen	Trimethoprim	inchikey	1	TRUE	TRUE	2.9000375434407e-09	7.25009385860176e-06
CPD0-1581	31376	HMDB	HMDB0014583_58_shen	Trimethoprim	inchikey	1	TRUE	TRUE	2.9000375434407e-09	7.25009385860176e-06
CPD0-1581	31377	HMDB	HMDB0014583_59_shen	Trimethoprim	inchikey	1	TRUE	TRUE	2.9000375434407e-09	7.25009385860176e-06
CPD0-1581	31378	HMDB	HMDB0014583_60_shen	Trimethoprim	inchikey	1	TRUE	TRUE	2.9000375434407e-09	7.25009385860176e-06
QUININE	31620	HMDB	HMDB0014611_1_shen	Quinine	inchikey_connectivity_formula_mass	2	FALSE	TRUE	2.999968273798e-09	7.49992068449501e-06
QUININE	31621	HMDB	HMDB0014611_2_shen	Quinine	inchikey_connectivity_formula_mass	2	FALSE	TRUE	2.999968273798e-09	7.49992068449501e-06
QUININE	31622	HMDB	HMDB0014611_3_shen	Quinine	inchikey_connectivity_formula_mass	2	FALSE	TRUE	2.999968273798e-09	7.49992068449501e-06
QUININE	31623	HMDB	HMDB0014611_4_shen	Quinine	inchikey_connectivity_formula_mass	2	FALSE	TRUE	2.999968273798e-09	7.49992068449501e-06
QUININE	31624	HMDB	HMDB0014611_5_shen	Quinine	inchikey_connectivity_formula_mass	2	FALSE	TRUE	2.999968273798e-09	7.49992068449501e-06
QUININE	31625	HMDB	HMDB0014611_6_shen	Quinine	inchikey_connectivity_formula_mass	2	FALSE	TRUE	2.999968273798e-09	7.49992068449501e-06
QUININE	31626	HMDB	HMDB0014611_7_shen	Quinine	inchikey_connectivity_formula_mass	2	FALSE	TRUE	2.999968273798e-09	7.49992068449501e-06
QUININE	31627	HMDB	HMDB0014611_8_shen	Quinine	inchikey_connectivity_formula_mass	2	FALSE	TRUE	2.999968273798e-09	7.49992068449501e-06
QUININE	31628	HMDB	HMDB0014611_9_shen	Quinine	inchikey_connectivity_formula_mass	2	FALSE	TRUE	2.999968273798e-09	7.49992068449501e-06
QUININE	31629	HMDB	HMDB0014611_10_shen	Quinine	inchikey_connectivity_formula_mass	2	FALSE	TRUE	2.999968273798e-09	7.49992068449501e-06
CPD-7172	31630	HMDB	HMDB0014613_1_shen	Tetrahydrocannabinol	inchikey	1	TRUE	TRUE	3.20000026476919e-09	8.00000066192297e-06
CPD-7172	31631	HMDB	HMDB0014613_2_shen	Tetrahydrocannabinol	inchikey	1	TRUE	TRUE	3.20000026476919e-09	8.00000066192297e-06
CPD-7172	31632	HMDB	HMDB0014613_3_shen	Tetrahydrocannabinol	inchikey	1	TRUE	TRUE	3.20000026476919e-09	8.00000066192297e-06
CPD-7172	31633	HMDB	HMDB0014613_4_shen	Tetrahydrocannabinol	inchikey	1	TRUE	TRUE	3.20000026476919e-09	8.00000066192297e-06
CPD-7172	31634	HMDB	HMDB0014613_5_shen	Tetrahydrocannabinol	inchikey	1	TRUE	TRUE	3.20000026476919e-09	8.00000066192297e-06
CPD-7172	31635	HMDB	HMDB0014613_6_shen	Tetrahydrocannabinol	inchikey	1	TRUE	TRUE	3.20000026476919e-09	8.00000066192297e-06
CPD-7172	31636	HMDB	HMDB0014613_7_shen	Tetrahydrocannabinol	inchikey	1	TRUE	TRUE	3.20000026476919e-09	8.00000066192297e-06
CPD-7172	31637	HMDB	HMDB0014613_8_shen	Tetrahydrocannabinol	inchikey	1	TRUE	TRUE	3.20000026476919e-09	8.00000066192297e-06
CPD-7172	31638	HMDB	HMDB0014613_9_shen	Tetrahydrocannabinol	inchikey	1	TRUE	TRUE	3.20000026476919e-09	8.00000066192297e-06
CPD-7172	31639	HMDB	HMDB0014613_10_shen	Tetrahydrocannabinol	inchikey	1	TRUE	TRUE	3.20000026476919e-09	8.00000066192297e-06
CPD-7172	31640	HMDB	HMDB0014613_11_shen	Tetrahydrocannabinol	inchikey	1	TRUE	TRUE	3.20000026476919e-09	8.00000066192297e-06
CPD-7172	31641	HMDB	HMDB0014613_12_shen	Tetrahydrocannabinol	inchikey	1	TRUE	TRUE	3.20000026476919e-09	8.00000066192297e-06
CPD-7172	31642	HMDB	HMDB0014613_13_shen	Tetrahydrocannabinol	inchikey	1	TRUE	TRUE	3.20000026476919e-09	8.00000066192297e-06
CPD-7172	31643	HMDB	HMDB0014613_14_shen	Tetrahydrocannabinol	inchikey	1	TRUE	TRUE	3.20000026476919e-09	8.00000066192297e-06
CPD-7172	31644	HMDB	HMDB0014613_15_shen	Tetrahydrocannabinol	inchikey	1	TRUE	TRUE	3.20000026476919e-09	8.00000066192297e-06
CPD-7172	31645	HMDB	HMDB0014613_16_shen	Tetrahydrocannabinol	inchikey	1	TRUE	TRUE	3.20000026476919e-09	8.00000066192297e-06
CPD-7172	31646	HMDB	HMDB0014613_17_shen	Tetrahydrocannabinol	inchikey	1	TRUE	TRUE	3.20000026476919e-09	8.00000066192297e-06
CPD-15110	31916	HMDB	HMDB0014638_1_shen	Zidovudine	inchikey	1	TRUE	TRUE	2.01565006690004	5039.12516725009
CPD-15110	31917	HMDB	HMDB0014638_2_shen	Zidovudine	inchikey	1	TRUE	TRUE	2.01565006690004	5039.12516725009
CPD-15110	31918	HMDB	HMDB0014638_3_shen	Zidovudine	inchikey	1	TRUE	TRUE	2.01565006690004	5039.12516725009
CPD-15110	31919	HMDB	HMDB0014638_4_shen	Zidovudine	inchikey	1	TRUE	TRUE	2.01565006690004	5039.12516725009
CPD-15110	31920	HMDB	HMDB0014638_5_shen	Zidovudine	inchikey	1	TRUE	TRUE	2.01565006690004	5039.12516725009
CPD-15110	31921	HMDB	HMDB0014638_6_shen	Zidovudine	inchikey	1	TRUE	TRUE	2.01565006690004	5039.12516725009
CPD-15110	31922	HMDB	HMDB0014638_7_shen	Zidovudine	inchikey	1	TRUE	TRUE	2.01565006690004	5039.12516725009
CPD-15110	31923	HMDB	HMDB0014638_8_shen	Zidovudine	inchikey	1	TRUE	TRUE	2.01565006690004	5039.12516725009
CPD-15110	31924	HMDB	HMDB0014638_9_shen	Zidovudine	inchikey	1	TRUE	TRUE	2.01565006690004	5039.12516725009
CPD-15110	31925	HMDB	HMDB0014638_10_shen	Zidovudine	inchikey	1	TRUE	TRUE	2.01565006690004	5039.12516725009
CPD-15110	31926	HMDB	HMDB0014638_11_shen	Zidovudine	inchikey	1	TRUE	TRUE	2.01565006690004	5039.12516725009
CPD-15110	31927	HMDB	HMDB0014638_12_shen	Zidovudine	inchikey	1	TRUE	TRUE	2.01565006690004	5039.12516725009
CPD-15110	31928	HMDB	HMDB0014638_13_shen	Zidovudine	inchikey	1	TRUE	TRUE	2.01565006690004	5039.12516725009
CPD-15110	31929	HMDB	HMDB0014638_14_shen	Zidovudine	inchikey	1	TRUE	TRUE	2.01565006690004	5039.12516725009
CPD-15110	31930	HMDB	HMDB0014638_15_shen	Zidovudine	inchikey	1	TRUE	TRUE	2.01565006690004	5039.12516725009
CPD-15110	31931	HMDB	HMDB0014638_16_shen	Zidovudine	inchikey	1	TRUE	TRUE	2.01565006690004	5039.12516725009
CPD-15110	31932	HMDB	HMDB0014638_17_shen	Zidovudine	inchikey	1	TRUE	TRUE	2.01565006690004	5039.12516725009
CPD-15110	31933	HMDB	HMDB0014638_18_shen	Zidovudine	inchikey	1	TRUE	TRUE	2.01565006690004	5039.12516725009
CPD-15110	31934	HMDB	HMDB0014638_19_shen	Zidovudine	inchikey	1	TRUE	TRUE	2.01565006690004	5039.12516725009
CPD-15110	31935	HMDB	HMDB0014638_20_shen	Zidovudine	inchikey	1	TRUE	TRUE	2.01565006690004	5039.12516725009
CPD-15110	31936	HMDB	HMDB0014638_21_shen	Zidovudine	inchikey	1	TRUE	TRUE	2.01565006690004	5039.12516725009
CPD-15110	31937	HMDB	HMDB0014638_22_shen	Zidovudine	inchikey	1	TRUE	TRUE	2.01565006690004	5039.12516725009
CPD-15110	31938	HMDB	HMDB0014638_23_shen	Zidovudine	inchikey	1	TRUE	TRUE	2.01565006690004	5039.12516725009
CPD-15110	31939	HMDB	HMDB0014638_24_shen	Zidovudine	inchikey	1	TRUE	TRUE	2.01565006690004	5039.12516725009
CPD-19894	32342	HMDB	HMDB0014681_1_shen	Vincristine	inchikey	1	TRUE	TRUE	7.39998995413771e-09	8.97621682352891e-06
CPD-19894	32343	HMDB	HMDB0014681_2_shen	Vincristine	inchikey	1	TRUE	TRUE	7.39998995413771e-09	8.97621682352891e-06
CPD0-1327	32358	HMDB	HMDB0014684_1_shen	Fluorouracil	inchikey	1	FALSE	TRUE	4.10003053730179e-09	1.02500763432545e-05
CPD0-1327	32359	HMDB	HMDB0014684_2_shen	Fluorouracil	inchikey	1	FALSE	TRUE	4.10003053730179e-09	1.02500763432545e-05
CPD0-1327	32360	HMDB	HMDB0014684_3_shen	Fluorouracil	inchikey	1	FALSE	TRUE	4.10003053730179e-09	1.02500763432545e-05
CPD0-1327	32361	HMDB	HMDB0014684_4_shen	Fluorouracil	inchikey	1	FALSE	TRUE	4.10003053730179e-09	1.02500763432545e-05
CPD0-1327	32362	HMDB	HMDB0014684_5_shen	Fluorouracil	inchikey	1	FALSE	TRUE	4.10003053730179e-09	1.02500763432545e-05
CPD0-1327	32363	HMDB	HMDB0014684_6_shen	Fluorouracil	inchikey	1	FALSE	TRUE	4.10003053730179e-09	1.02500763432545e-05
CPD0-1327	32364	HMDB	HMDB0014684_7_shen	Fluorouracil	inchikey	1	FALSE	TRUE	4.10003053730179e-09	1.02500763432545e-05
CPD0-1327	32365	HMDB	HMDB0014684_8_shen	Fluorouracil	inchikey	1	FALSE	TRUE	4.10003053730179e-09	1.02500763432545e-05
CPD0-1327	32366	HMDB	HMDB0014684_9_shen	Fluorouracil	inchikey	1	FALSE	TRUE	4.10003053730179e-09	1.02500763432545e-05
CPD0-1327	32367	HMDB	HMDB0014684_10_shen	Fluorouracil	inchikey	1	FALSE	TRUE	4.10003053730179e-09	1.02500763432545e-05
CPD0-1327	32368	HMDB	HMDB0014684_11_shen	Fluorouracil	inchikey	1	FALSE	TRUE	4.10003053730179e-09	1.02500763432545e-05
CPD0-1327	32369	HMDB	HMDB0014684_12_shen	Fluorouracil	inchikey	1	FALSE	TRUE	4.10003053730179e-09	1.02500763432545e-05
CPD0-1327	32370	HMDB	HMDB0014684_13_shen	Fluorouracil	inchikey	1	FALSE	TRUE	4.10003053730179e-09	1.02500763432545e-05
CPD0-1327	32371	HMDB	HMDB0014684_14_shen	Fluorouracil	inchikey	1	FALSE	TRUE	4.10003053730179e-09	1.02500763432545e-05
CPD0-1327	32372	HMDB	HMDB0014684_15_shen	Fluorouracil	inchikey	1	FALSE	TRUE	4.10003053730179e-09	1.02500763432545e-05
CPD0-1327	32373	HMDB	HMDB0014684_16_shen	Fluorouracil	inchikey	1	FALSE	TRUE	4.10003053730179e-09	1.02500763432545e-05
CPD0-1327	32374	HMDB	HMDB0014684_17_shen	Fluorouracil	inchikey	1	FALSE	TRUE	4.10003053730179e-09	1.02500763432545e-05
CPD0-1327	32375	HMDB	HMDB0014684_18_shen	Fluorouracil	inchikey	1	FALSE	TRUE	4.10003053730179e-09	1.02500763432545e-05
CPD0-1327	32376	HMDB	HMDB0014684_19_shen	Fluorouracil	inchikey	1	FALSE	TRUE	4.10003053730179e-09	1.02500763432545e-05
CPD0-1327	32377	HMDB	HMDB0014684_20_shen	Fluorouracil	inchikey	1	FALSE	TRUE	4.10003053730179e-09	1.02500763432545e-05
CPD0-1327	32378	HMDB	HMDB0014684_21_shen	Fluorouracil	inchikey	1	FALSE	TRUE	4.10003053730179e-09	1.02500763432545e-05
CPD0-1327	32379	HMDB	HMDB0014684_22_shen	Fluorouracil	inchikey	1	FALSE	TRUE	4.10003053730179e-09	1.02500763432545e-05
CPD0-1327	32380	HMDB	HMDB0014684_23_shen	Fluorouracil	inchikey	1	FALSE	TRUE	4.10003053730179e-09	1.02500763432545e-05
CPD0-1327	32381	HMDB	HMDB0014684_24_shen	Fluorouracil	inchikey	1	FALSE	TRUE	4.10003053730179e-09	1.02500763432545e-05
CPD0-1327	32382	HMDB	HMDB0014684_25_shen	Fluorouracil	inchikey	1	FALSE	TRUE	4.10003053730179e-09	1.02500763432545e-05
CPD0-1327	32383	HMDB	HMDB0014684_26_shen	Fluorouracil	inchikey	1	FALSE	TRUE	4.10003053730179e-09	1.02500763432545e-05
CPD0-1327	32384	HMDB	HMDB0014684_27_shen	Fluorouracil	inchikey	1	FALSE	TRUE	4.10003053730179e-09	1.02500763432545e-05
CPD0-1327	32385	HMDB	HMDB0014684_28_shen	Fluorouracil	inchikey	1	FALSE	TRUE	4.10003053730179e-09	1.02500763432545e-05
CPD0-1327	32386	HMDB	HMDB0014684_29_shen	Fluorouracil	inchikey	1	FALSE	TRUE	4.10003053730179e-09	1.02500763432545e-05
CPD0-1327	32387	HMDB	HMDB0014684_30_shen	Fluorouracil	inchikey	1	FALSE	TRUE	4.10003053730179e-09	1.02500763432545e-05
CPD0-1327	32388	HMDB	HMDB0014684_31_shen	Fluorouracil	inchikey	1	FALSE	TRUE	4.10003053730179e-09	1.02500763432545e-05
CPD0-1327	32389	HMDB	HMDB0014684_32_shen	Fluorouracil	inchikey	1	FALSE	TRUE	4.10003053730179e-09	1.02500763432545e-05
CPD0-1327	32390	HMDB	HMDB0014684_33_shen	Fluorouracil	inchikey	1	FALSE	TRUE	4.10003053730179e-09	1.02500763432545e-05
CPD0-1327	32391	HMDB	HMDB0014684_34_shen	Fluorouracil	inchikey	1	FALSE	TRUE	4.10003053730179e-09	1.02500763432545e-05
CPD0-1327	32392	HMDB	HMDB0014684_35_shen	Fluorouracil	inchikey	1	FALSE	TRUE	4.10003053730179e-09	1.02500763432545e-05
CPD0-1327	32393	HMDB	HMDB0014684_36_shen	Fluorouracil	inchikey	1	FALSE	TRUE	4.10003053730179e-09	1.02500763432545e-05
CPD0-1327	32394	HMDB	HMDB0014684_37_shen	Fluorouracil	inchikey	1	FALSE	TRUE	4.10003053730179e-09	1.02500763432545e-05
CPD0-1327	32395	HMDB	HMDB0014684_38_shen	Fluorouracil	inchikey	1	FALSE	TRUE	4.10003053730179e-09	1.02500763432545e-05
CPD0-1327	32396	HMDB	HMDB0014684_39_shen	Fluorouracil	inchikey	1	FALSE	TRUE	4.10003053730179e-09	1.02500763432545e-05
CPD0-1327	32397	HMDB	HMDB0014684_40_shen	Fluorouracil	inchikey	1	FALSE	TRUE	4.10003053730179e-09	1.02500763432545e-05
CPD0-1327	32398	HMDB	HMDB0014684_41_shen	Fluorouracil	inchikey	1	FALSE	TRUE	4.10003053730179e-09	1.02500763432545e-05
CPD0-1327	32399	HMDB	HMDB0014684_42_shen	Fluorouracil	inchikey	1	FALSE	TRUE	4.10003053730179e-09	1.02500763432545e-05
CPD0-1327	32400	HMDB	HMDB0014684_43_shen	Fluorouracil	inchikey	1	FALSE	TRUE	4.10003053730179e-09	1.02500763432545e-05
CPD0-1327	32401	HMDB	HMDB0014684_44_shen	Fluorouracil	inchikey	1	FALSE	TRUE	4.10003053730179e-09	1.02500763432545e-05
CPD0-1327	32402	HMDB	HMDB0014684_45_shen	Fluorouracil	inchikey	1	FALSE	TRUE	4.10003053730179e-09	1.02500763432545e-05
CPD0-1327	32403	HMDB	HMDB0014684_46_shen	Fluorouracil	inchikey	1	FALSE	TRUE	4.10003053730179e-09	1.02500763432545e-05
CPD-13042	32444	HMDB	HMDB0014693_1_shen	Methoxsalen	inchikey	1	TRUE	TRUE	7.20001480658539e-09	1.80000370164635e-05
CPD-13042	32445	HMDB	HMDB0014693_2_shen	Methoxsalen	inchikey	1	TRUE	TRUE	7.20001480658539e-09	1.80000370164635e-05
CPD-13042	32446	HMDB	HMDB0014693_3_shen	Methoxsalen	inchikey	1	TRUE	TRUE	7.20001480658539e-09	1.80000370164635e-05
CPD-13042	32447	HMDB	HMDB0014693_4_shen	Methoxsalen	inchikey	1	TRUE	TRUE	7.20001480658539e-09	1.80000370164635e-05
CPD-13042	32448	HMDB	HMDB0014693_5_shen	Methoxsalen	inchikey	1	TRUE	TRUE	7.20001480658539e-09	1.80000370164635e-05
CPD-13042	32449	HMDB	HMDB0014693_6_shen	Methoxsalen	inchikey	1	TRUE	TRUE	7.20001480658539e-09	1.80000370164635e-05
CPD-13042	32450	HMDB	HMDB0014693_7_shen	Methoxsalen	inchikey	1	TRUE	TRUE	7.20001480658539e-09	1.80000370164635e-05
CPD-13042	32451	HMDB	HMDB0014693_8_shen	Methoxsalen	inchikey	1	TRUE	TRUE	7.20001480658539e-09	1.80000370164635e-05
CPD-13042	32452	HMDB	HMDB0014693_9_shen	Methoxsalen	inchikey	1	TRUE	TRUE	7.20001480658539e-09	1.80000370164635e-05
CPD-13042	32453	HMDB	HMDB0014693_10_shen	Methoxsalen	inchikey	1	TRUE	TRUE	7.20001480658539e-09	1.80000370164635e-05
CPD-13042	32454	HMDB	HMDB0014693_11_shen	Methoxsalen	inchikey	1	TRUE	TRUE	7.20001480658539e-09	1.80000370164635e-05
CPD-13042	32455	HMDB	HMDB0014693_12_shen	Methoxsalen	inchikey	1	TRUE	TRUE	7.20001480658539e-09	1.80000370164635e-05
CPD-13042	32456	HMDB	HMDB0014693_13_shen	Methoxsalen	inchikey	1	TRUE	TRUE	7.20001480658539e-09	1.80000370164635e-05
CPD-13042	32457	HMDB	HMDB0014693_14_shen	Methoxsalen	inchikey	1	TRUE	TRUE	7.20001480658539e-09	1.80000370164635e-05
CPD-13042	32458	HMDB	HMDB0014693_15_shen	Methoxsalen	inchikey	1	TRUE	TRUE	7.20001480658539e-09	1.80000370164635e-05
CPD-13042	32459	HMDB	HMDB0014693_16_shen	Methoxsalen	inchikey	1	TRUE	TRUE	7.20001480658539e-09	1.80000370164635e-05
CPD-13042	32460	HMDB	HMDB0014693_17_shen	Methoxsalen	inchikey	1	TRUE	TRUE	7.20001480658539e-09	1.80000370164635e-05
CPD-13042	32461	HMDB	HMDB0014693_18_shen	Methoxsalen	inchikey	1	TRUE	TRUE	7.20001480658539e-09	1.80000370164635e-05
CPD-13042	32462	HMDB	HMDB0014693_19_shen	Methoxsalen	inchikey	1	TRUE	TRUE	7.20001480658539e-09	1.80000370164635e-05
CPD-13042	32463	HMDB	HMDB0014693_20_shen	Methoxsalen	inchikey	1	TRUE	TRUE	7.20001480658539e-09	1.80000370164635e-05
CPD-13042	32464	HMDB	HMDB0014693_21_shen	Methoxsalen	inchikey	1	TRUE	TRUE	7.20001480658539e-09	1.80000370164635e-05
CPD-13042	32465	HMDB	HMDB0014693_22_shen	Methoxsalen	inchikey	1	TRUE	TRUE	7.20001480658539e-09	1.80000370164635e-05
CPD-13042	32466	HMDB	HMDB0014693_23_shen	Methoxsalen	inchikey	1	TRUE	TRUE	7.20001480658539e-09	1.80000370164635e-05
CPD-13042	32467	HMDB	HMDB0014693_24_shen	Methoxsalen	inchikey	1	TRUE	TRUE	7.20001480658539e-09	1.80000370164635e-05
CPD-13042	32468	HMDB	HMDB0014693_25_shen	Methoxsalen	inchikey	1	TRUE	TRUE	7.20001480658539e-09	1.80000370164635e-05
CPD-13042	32469	HMDB	HMDB0014693_26_shen	Methoxsalen	inchikey	1	TRUE	TRUE	7.20001480658539e-09	1.80000370164635e-05
CPD-13042	32470	HMDB	HMDB0014693_27_shen	Methoxsalen	inchikey	1	TRUE	TRUE	7.20001480658539e-09	1.80000370164635e-05
CPD-13042	32471	HMDB	HMDB0014693_28_shen	Methoxsalen	inchikey	1	TRUE	TRUE	7.20001480658539e-09	1.80000370164635e-05
CPD-13042	32472	HMDB	HMDB0014693_29_shen	Methoxsalen	inchikey	1	TRUE	TRUE	7.20001480658539e-09	1.80000370164635e-05
CPD-13042	32473	HMDB	HMDB0014693_30_shen	Methoxsalen	inchikey	1	TRUE	TRUE	7.20001480658539e-09	1.80000370164635e-05
CPD-13042	32474	HMDB	HMDB0014693_31_shen	Methoxsalen	inchikey	1	TRUE	TRUE	7.20001480658539e-09	1.80000370164635e-05
CPD-13042	32475	HMDB	HMDB0014693_32_shen	Methoxsalen	inchikey	1	TRUE	TRUE	7.20001480658539e-09	1.80000370164635e-05
CPD-13042	32476	HMDB	HMDB0014693_33_shen	Methoxsalen	inchikey	1	TRUE	TRUE	7.20001480658539e-09	1.80000370164635e-05
CPD-13042	32477	HMDB	HMDB0014693_34_shen	Methoxsalen	inchikey	1	TRUE	TRUE	7.20001480658539e-09	1.80000370164635e-05
CPD-13042	32478	HMDB	HMDB0014693_35_shen	Methoxsalen	inchikey	1	TRUE	TRUE	7.20001480658539e-09	1.80000370164635e-05
CPD-13042	32479	HMDB	HMDB0014693_36_shen	Methoxsalen	inchikey	1	TRUE	TRUE	7.20001480658539e-09	1.80000370164635e-05
CPD-13042	32480	HMDB	HMDB0014693_37_shen	Methoxsalen	inchikey	1	TRUE	TRUE	7.20001480658539e-09	1.80000370164635e-05
CPD-13042	32481	HMDB	HMDB0014693_38_shen	Methoxsalen	inchikey	1	TRUE	TRUE	7.20001480658539e-09	1.80000370164635e-05
CPD-13042	32482	HMDB	HMDB0014693_39_shen	Methoxsalen	inchikey	1	TRUE	TRUE	7.20001480658539e-09	1.80000370164635e-05
CPD-13042	32483	HMDB	HMDB0014693_40_shen	Methoxsalen	inchikey	1	TRUE	TRUE	7.20001480658539e-09	1.80000370164635e-05
CPD-13042	32484	HMDB	HMDB0014693_41_shen	Methoxsalen	inchikey	1	TRUE	TRUE	7.20001480658539e-09	1.80000370164635e-05
CPD-13042	32485	HMDB	HMDB0014693_42_shen	Methoxsalen	inchikey	1	TRUE	TRUE	7.20001480658539e-09	1.80000370164635e-05
CPD-13042	32486	HMDB	HMDB0014693_43_shen	Methoxsalen	inchikey	1	TRUE	TRUE	7.20001480658539e-09	1.80000370164635e-05
CPD-13042	32487	HMDB	HMDB0014693_44_shen	Methoxsalen	inchikey	1	TRUE	TRUE	7.20001480658539e-09	1.80000370164635e-05
CPD-6041	32567	HMDB	HMDB0014703_1_shen	Methotrexate	inchikey_connectivity_formula_mass	2	FALSE	TRUE	4.29997726314468e-09	9.46774292651776e-06
CPD-6041	32568	HMDB	HMDB0014703_2_shen	Methotrexate	inchikey_connectivity_formula_mass	2	FALSE	TRUE	4.29997726314468e-09	9.46774292651776e-06
CPD-6041	32569	HMDB	HMDB0014703_3_shen	Methotrexate	inchikey_connectivity_formula_mass	2	FALSE	TRUE	4.29997726314468e-09	9.46774292651776e-06
CPD-6041	32570	HMDB	HMDB0014703_4_shen	Methotrexate	inchikey_connectivity_formula_mass	2	FALSE	TRUE	4.29997726314468e-09	9.46774292651776e-06
CPD-6041	32571	HMDB	HMDB0014703_5_shen	Methotrexate	inchikey_connectivity_formula_mass	2	FALSE	TRUE	4.29997726314468e-09	9.46774292651776e-06
CPD-6041	32572	HMDB	HMDB0014703_6_shen	Methotrexate	inchikey_connectivity_formula_mass	2	FALSE	TRUE	4.29997726314468e-09	9.46774292651776e-06
CPD-6041	32573	HMDB	HMDB0014703_7_shen	Methotrexate	inchikey_connectivity_formula_mass	2	FALSE	TRUE	4.29997726314468e-09	9.46774292651776e-06
CPD-6041	32574	HMDB	HMDB0014703_8_shen	Methotrexate	inchikey_connectivity_formula_mass	2	FALSE	TRUE	4.29997726314468e-09	9.46774292651776e-06
CPD-6041	32575	HMDB	HMDB0014703_9_shen	Methotrexate	inchikey_connectivity_formula_mass	2	FALSE	TRUE	4.29997726314468e-09	9.46774292651776e-06
CPD-6041	32576	HMDB	HMDB0014703_10_shen	Methotrexate	inchikey_connectivity_formula_mass	2	FALSE	TRUE	4.29997726314468e-09	9.46774292651776e-06
CPD-6041	32577	HMDB	HMDB0014703_11_shen	Methotrexate	inchikey_connectivity_formula_mass	2	FALSE	TRUE	4.29997726314468e-09	9.46774292651776e-06
CPD-19430	33524	HMDB	HMDB0014812_1_shen	Galantamine	inchikey	1	TRUE	TRUE	2.5999611352745e-09	6.49990283818624e-06
CPD-19430	33525	HMDB	HMDB0014812_2_shen	Galantamine	inchikey	1	TRUE	TRUE	2.5999611352745e-09	6.49990283818624e-06
CPD-6443	33546	HMDB	HMDB0014814_1_shen	Benzyl benzoate	inchikey	1	TRUE	TRUE	1.40002498483227e-09	3.50006246208068e-06
CPD-6443	33547	HMDB	HMDB0014814_2_shen	Benzyl benzoate	inchikey	1	TRUE	TRUE	1.40002498483227e-09	3.50006246208068e-06
CPD-6443	33548	HMDB	HMDB0014814_3_shen	Benzyl benzoate	inchikey	1	TRUE	TRUE	1.40002498483227e-09	3.50006246208068e-06
CPD-6443	33549	HMDB	HMDB0014814_4_shen	Benzyl benzoate	inchikey	1	TRUE	TRUE	1.40002498483227e-09	3.50006246208068e-06
CPD-6443	33550	HMDB	HMDB0014814_5_shen	Benzyl benzoate	inchikey	1	TRUE	TRUE	1.40002498483227e-09	3.50006246208068e-06
CPD-6443	33551	HMDB	HMDB0014814_6_shen	Benzyl benzoate	inchikey	1	TRUE	TRUE	1.40002498483227e-09	3.50006246208068e-06
CPD-6443	33552	HMDB	HMDB0014814_7_shen	Benzyl benzoate	inchikey	1	TRUE	TRUE	1.40002498483227e-09	3.50006246208068e-06
CPD-3764	34037	HMDB	HMDB0014884_1_shen	Deferoxamine	inchikey_connectivity_formula_mass	2	FALSE	TRUE	6.79995082464302e-09	1.21351120188037e-05
CPD-3764	34038	HMDB	HMDB0014884_2_shen	Deferoxamine	inchikey_connectivity_formula_mass	2	FALSE	TRUE	6.79995082464302e-09	1.21351120188037e-05
CPD-3764	34039	HMDB	HMDB0014884_3_shen	Deferoxamine	inchikey_connectivity_formula_mass	2	FALSE	TRUE	6.79995082464302e-09	1.21351120188037e-05
CPD-3764	34040	HMDB	HMDB0014884_4_shen	Deferoxamine	inchikey_connectivity_formula_mass	2	FALSE	TRUE	6.79995082464302e-09	1.21351120188037e-05
CPD-3764	34041	HMDB	HMDB0014884_5_shen	Deferoxamine	inchikey_connectivity_formula_mass	2	FALSE	TRUE	6.79995082464302e-09	1.21351120188037e-05
CPD-3764	34042	HMDB	HMDB0014884_6_shen	Deferoxamine	inchikey_connectivity_formula_mass	2	FALSE	TRUE	6.79995082464302e-09	1.21351120188037e-05
CPD-3764	34043	HMDB	HMDB0014884_7_shen	Deferoxamine	inchikey_connectivity_formula_mass	2	FALSE	TRUE	6.79995082464302e-09	1.21351120188037e-05
CPD-3764	34044	HMDB	HMDB0014884_8_shen	Deferoxamine	inchikey_connectivity_formula_mass	2	FALSE	TRUE	6.79995082464302e-09	1.21351120188037e-05
DISULFIRAM	34880	HMDB	HMDB0014960_1_shen	Disulfiram	inchikey	1	TRUE	TRUE	2.40004283114104e-09	6.00010707785259e-06
DISULFIRAM	34881	HMDB	HMDB0014960_2_shen	Disulfiram	inchikey	1	TRUE	TRUE	2.40004283114104e-09	6.00010707785259e-06
DISULFIRAM	34882	HMDB	HMDB0014960_3_shen	Disulfiram	inchikey	1	TRUE	TRUE	2.40004283114104e-09	6.00010707785259e-06
DISULFIRAM	34883	HMDB	HMDB0014960_4_shen	Disulfiram	inchikey	1	TRUE	TRUE	2.40004283114104e-09	6.00010707785259e-06
DISULFIRAM	34884	HMDB	HMDB0014960_5_shen	Disulfiram	inchikey	1	TRUE	TRUE	2.40004283114104e-09	6.00010707785259e-06
DISULFIRAM	34885	HMDB	HMDB0014960_6_shen	Disulfiram	inchikey	1	TRUE	TRUE	2.40004283114104e-09	6.00010707785259e-06
DISULFIRAM	34886	HMDB	HMDB0014960_7_shen	Disulfiram	inchikey	1	TRUE	TRUE	2.40004283114104e-09	6.00010707785259e-06
DISULFIRAM	34887	HMDB	HMDB0014960_8_shen	Disulfiram	inchikey	1	TRUE	TRUE	2.40004283114104e-09	6.00010707785259e-06
DISULFIRAM	34888	HMDB	HMDB0014960_9_shen	Disulfiram	inchikey	1	TRUE	TRUE	2.40004283114104e-09	6.00010707785259e-06
DISULFIRAM	34889	HMDB	HMDB0014960_10_shen	Disulfiram	inchikey	1	TRUE	TRUE	2.40004283114104e-09	6.00010707785259e-06
DISULFIRAM	34890	HMDB	HMDB0014960_11_shen	Disulfiram	inchikey	1	TRUE	TRUE	2.40004283114104e-09	6.00010707785259e-06
CPD-7051	34946	HMDB	HMDB0014969_1_shen	Trifluoperazine	inchikey_connectivity_formula_mass	2	FALSE	TRUE	1.19999867820297e-08	2.94720993254408e-05
CPD-7051	34947	HMDB	HMDB0014969_2_shen	Trifluoperazine	inchikey_connectivity_formula_mass	2	FALSE	TRUE	1.19999867820297e-08	2.94720993254408e-05
CPD-7051	34948	HMDB	HMDB0014969_3_shen	Trifluoperazine	inchikey_connectivity_formula_mass	2	FALSE	TRUE	1.19999867820297e-08	2.94720993254408e-05
CPD-7051	34949	HMDB	HMDB0014969_4_shen	Trifluoperazine	inchikey_connectivity_formula_mass	2	FALSE	TRUE	1.19999867820297e-08	2.94720993254408e-05
CPD-7051	34950	HMDB	HMDB0014969_5_shen	Trifluoperazine	inchikey_connectivity_formula_mass	2	FALSE	TRUE	1.19999867820297e-08	2.94720993254408e-05
CPD-7051	34951	HMDB	HMDB0014969_6_shen	Trifluoperazine	inchikey_connectivity_formula_mass	2	FALSE	TRUE	1.19999867820297e-08	2.94720993254408e-05
CPD-7051	34952	HMDB	HMDB0014969_7_shen	Trifluoperazine	inchikey_connectivity_formula_mass	2	FALSE	TRUE	1.19999867820297e-08	2.94720993254408e-05
CPD-7051	34953	HMDB	HMDB0014969_8_shen	Trifluoperazine	inchikey_connectivity_formula_mass	2	FALSE	TRUE	1.19999867820297e-08	2.94720993254408e-05
CPD-10571	35176	HMDB	HMDB0014995_1_shen	Terbinafine	inchikey_connectivity_formula_mass	2	FALSE	TRUE	2.70000555246952e-09	6.7500138811738e-06
CPD-10571	35177	HMDB	HMDB0014995_2_shen	Terbinafine	inchikey_connectivity_formula_mass	2	FALSE	TRUE	2.70000555246952e-09	6.7500138811738e-06
CPD-10571	35178	HMDB	HMDB0014995_3_shen	Terbinafine	inchikey_connectivity_formula_mass	2	FALSE	TRUE	2.70000555246952e-09	6.7500138811738e-06
CPD-10571	35179	HMDB	HMDB0014995_4_shen	Terbinafine	inchikey_connectivity_formula_mass	2	FALSE	TRUE	2.70000555246952e-09	6.7500138811738e-06
CPD-10571	35180	HMDB	HMDB0014995_5_shen	Terbinafine	inchikey_connectivity_formula_mass	2	FALSE	TRUE	2.70000555246952e-09	6.7500138811738e-06
CPD-10571	35181	HMDB	HMDB0014995_6_shen	Terbinafine	inchikey_connectivity_formula_mass	2	FALSE	TRUE	2.70000555246952e-09	6.7500138811738e-06
CPD-10571	35182	HMDB	HMDB0014995_7_shen	Terbinafine	inchikey_connectivity_formula_mass	2	FALSE	TRUE	2.70000555246952e-09	6.7500138811738e-06
CPD-10571	35183	HMDB	HMDB0014995_8_shen	Terbinafine	inchikey_connectivity_formula_mass	2	FALSE	TRUE	2.70000555246952e-09	6.7500138811738e-06
CPD-10571	35184	HMDB	HMDB0014995_9_shen	Terbinafine	inchikey_connectivity_formula_mass	2	FALSE	TRUE	2.70000555246952e-09	6.7500138811738e-06
CPD-10571	35185	HMDB	HMDB0014995_10_shen	Terbinafine	inchikey_connectivity_formula_mass	2	FALSE	TRUE	2.70000555246952e-09	6.7500138811738e-06
CPD-9776	35544	HMDB	HMDB0015043_1_shen	Cocaine	inchikey_connectivity_formula_mass	2	FALSE	TRUE	2.70000555246952e-09	6.7500138811738e-06
CPD-9776	35545	HMDB	HMDB0015043_2_shen	Cocaine	inchikey_connectivity_formula_mass	2	FALSE	TRUE	2.70000555246952e-09	6.7500138811738e-06
CPD-9776	35546	HMDB	HMDB0015043_3_shen	Cocaine	inchikey_connectivity_formula_mass	2	FALSE	TRUE	2.70000555246952e-09	6.7500138811738e-06
CPD-9776	35547	HMDB	HMDB0015043_4_shen	Cocaine	inchikey_connectivity_formula_mass	2	FALSE	TRUE	2.70000555246952e-09	6.7500138811738e-06
CPD-9776	35548	HMDB	HMDB0015043_5_shen	Cocaine	inchikey_connectivity_formula_mass	2	FALSE	TRUE	2.70000555246952e-09	6.7500138811738e-06
CPD-9776	35549	HMDB	HMDB0015043_6_shen	Cocaine	inchikey_connectivity_formula_mass	2	FALSE	TRUE	2.70000555246952e-09	6.7500138811738e-06
CPD-9776	35550	HMDB	HMDB0015043_7_shen	Cocaine	inchikey_connectivity_formula_mass	2	FALSE	TRUE	2.70000555246952e-09	6.7500138811738e-06
CPD-9776	35551	HMDB	HMDB0015043_8_shen	Cocaine	inchikey_connectivity_formula_mass	2	FALSE	TRUE	2.70000555246952e-09	6.7500138811738e-06
CPD-9776	35552	HMDB	HMDB0015043_9_shen	Cocaine	inchikey_connectivity_formula_mass	2	FALSE	TRUE	2.70000555246952e-09	6.7500138811738e-06
CPD-9776	35553	HMDB	HMDB0015043_10_shen	Cocaine	inchikey_connectivity_formula_mass	2	FALSE	TRUE	2.70000555246952e-09	6.7500138811738e-06
CPD-9776	35554	HMDB	HMDB0015043_11_shen	Cocaine	inchikey_connectivity_formula_mass	2	FALSE	TRUE	2.70000555246952e-09	6.7500138811738e-06
CPD-9776	35555	HMDB	HMDB0015043_12_shen	Cocaine	inchikey_connectivity_formula_mass	2	FALSE	TRUE	2.70000555246952e-09	6.7500138811738e-06
CPD-9776	35556	HMDB	HMDB0015043_13_shen	Cocaine	inchikey_connectivity_formula_mass	2	FALSE	TRUE	2.70000555246952e-09	6.7500138811738e-06
CPD-9776	35557	HMDB	HMDB0015043_14_shen	Cocaine	inchikey_connectivity_formula_mass	2	FALSE	TRUE	2.70000555246952e-09	6.7500138811738e-06
CPD-9776	35558	HMDB	HMDB0015043_15_shen	Cocaine	inchikey_connectivity_formula_mass	2	FALSE	TRUE	2.70000555246952e-09	6.7500138811738e-06
CPD-9776	35559	HMDB	HMDB0015043_16_shen	Cocaine	inchikey_connectivity_formula_mass	2	FALSE	TRUE	2.70000555246952e-09	6.7500138811738e-06
CPD-9776	35560	HMDB	HMDB0015043_17_shen	Cocaine	inchikey_connectivity_formula_mass	2	FALSE	TRUE	2.70000555246952e-09	6.7500138811738e-06
CPD-9776	35561	HMDB	HMDB0015043_18_shen	Cocaine	inchikey_connectivity_formula_mass	2	FALSE	TRUE	2.70000555246952e-09	6.7500138811738e-06
CPD-9776	35562	HMDB	HMDB0015043_19_shen	Cocaine	inchikey_connectivity_formula_mass	2	FALSE	TRUE	2.70000555246952e-09	6.7500138811738e-06
CPD-9776	35563	HMDB	HMDB0015043_20_shen	Cocaine	inchikey_connectivity_formula_mass	2	FALSE	TRUE	2.70000555246952e-09	6.7500138811738e-06
CPD-9776	35564	HMDB	HMDB0015043_21_shen	Cocaine	inchikey_connectivity_formula_mass	2	FALSE	TRUE	2.70000555246952e-09	6.7500138811738e-06
CPD-9776	35565	HMDB	HMDB0015043_22_shen	Cocaine	inchikey_connectivity_formula_mass	2	FALSE	TRUE	2.70000555246952e-09	6.7500138811738e-06
CPD-9776	35566	HMDB	HMDB0015043_23_shen	Cocaine	inchikey_connectivity_formula_mass	2	FALSE	TRUE	2.70000555246952e-09	6.7500138811738e-06
CPD-9776	35567	HMDB	HMDB0015043_24_shen	Cocaine	inchikey_connectivity_formula_mass	2	FALSE	TRUE	2.70000555246952e-09	6.7500138811738e-06
CPD-9776	35568	HMDB	HMDB0015043_25_shen	Cocaine	inchikey_connectivity_formula_mass	2	FALSE	TRUE	2.70000555246952e-09	6.7500138811738e-06
CPD-9776	35569	HMDB	HMDB0015043_26_shen	Cocaine	inchikey_connectivity_formula_mass	2	FALSE	TRUE	2.70000555246952e-09	6.7500138811738e-06
CPD-9776	35570	HMDB	HMDB0015043_27_shen	Cocaine	inchikey_connectivity_formula_mass	2	FALSE	TRUE	2.70000555246952e-09	6.7500138811738e-06
CPD-9776	35571	HMDB	HMDB0015043_28_shen	Cocaine	inchikey_connectivity_formula_mass	2	FALSE	TRUE	2.70000555246952e-09	6.7500138811738e-06
CPD-9776	35572	HMDB	HMDB0015043_29_shen	Cocaine	inchikey_connectivity_formula_mass	2	FALSE	TRUE	2.70000555246952e-09	6.7500138811738e-06
CPD-9776	35573	HMDB	HMDB0015043_30_shen	Cocaine	inchikey_connectivity_formula_mass	2	FALSE	TRUE	2.70000555246952e-09	6.7500138811738e-06
CPD-9776	35574	HMDB	HMDB0015043_31_shen	Cocaine	inchikey_connectivity_formula_mass	2	FALSE	TRUE	2.70000555246952e-09	6.7500138811738e-06
CPD-9776	35575	HMDB	HMDB0015043_32_shen	Cocaine	inchikey_connectivity_formula_mass	2	FALSE	TRUE	2.70000555246952e-09	6.7500138811738e-06
CPD-9776	35576	HMDB	HMDB0015043_33_shen	Cocaine	inchikey_connectivity_formula_mass	2	FALSE	TRUE	2.70000555246952e-09	6.7500138811738e-06
CPD-9776	35577	HMDB	HMDB0015043_34_shen	Cocaine	inchikey_connectivity_formula_mass	2	FALSE	TRUE	2.70000555246952e-09	6.7500138811738e-06
CPD-9776	35578	HMDB	HMDB0015043_35_shen	Cocaine	inchikey_connectivity_formula_mass	2	FALSE	TRUE	2.70000555246952e-09	6.7500138811738e-06
CPD-9776	35579	HMDB	HMDB0015043_36_shen	Cocaine	inchikey_connectivity_formula_mass	2	FALSE	TRUE	2.70000555246952e-09	6.7500138811738e-06
CPD-9776	35580	HMDB	HMDB0015043_37_shen	Cocaine	inchikey_connectivity_formula_mass	2	FALSE	TRUE	2.70000555246952e-09	6.7500138811738e-06
CPD-9776	35581	HMDB	HMDB0015043_38_shen	Cocaine	inchikey_connectivity_formula_mass	2	FALSE	TRUE	2.70000555246952e-09	6.7500138811738e-06
CPD-9776	35582	HMDB	HMDB0015043_39_shen	Cocaine	inchikey_connectivity_formula_mass	2	FALSE	TRUE	2.70000555246952e-09	6.7500138811738e-06
CPD-9776	35583	HMDB	HMDB0015043_40_shen	Cocaine	inchikey_connectivity_formula_mass	2	FALSE	TRUE	2.70000555246952e-09	6.7500138811738e-06
CPD-9776	35584	HMDB	HMDB0015043_41_shen	Cocaine	inchikey_connectivity_formula_mass	2	FALSE	TRUE	2.70000555246952e-09	6.7500138811738e-06
CPD-9776	35585	HMDB	HMDB0015043_42_shen	Cocaine	inchikey_connectivity_formula_mass	2	FALSE	TRUE	2.70000555246952e-09	6.7500138811738e-06
CPD-9776	35586	HMDB	HMDB0015043_43_shen	Cocaine	inchikey_connectivity_formula_mass	2	FALSE	TRUE	2.70000555246952e-09	6.7500138811738e-06
CPD-9846	35587	HMDB	HMDB0015044_1_shen	Quinidine	name_formula_mass	4	FALSE	TRUE	2.999968273798e-09	7.49992068449501e-06
CPD-9846	35588	HMDB	HMDB0015044_2_shen	Quinidine	name_formula_mass	4	FALSE	TRUE	2.999968273798e-09	7.49992068449501e-06
CPD-9846	35589	HMDB	HMDB0015044_3_shen	Quinidine	name_formula_mass	4	FALSE	TRUE	2.999968273798e-09	7.49992068449501e-06
CPD-9846	35590	HMDB	HMDB0015044_4_shen	Quinidine	name_formula_mass	4	FALSE	TRUE	2.999968273798e-09	7.49992068449501e-06
CPD-9846	35591	HMDB	HMDB0015044_5_shen	Quinidine	name_formula_mass	4	FALSE	TRUE	2.999968273798e-09	7.49992068449501e-06
CPD-9846	35592	HMDB	HMDB0015044_6_shen	Quinidine	name_formula_mass	4	FALSE	TRUE	2.999968273798e-09	7.49992068449501e-06
CPD-9846	35593	HMDB	HMDB0015044_7_shen	Quinidine	name_formula_mass	4	FALSE	TRUE	2.999968273798e-09	7.49992068449501e-06
CPD-9846	35594	HMDB	HMDB0015044_8_shen	Quinidine	name_formula_mass	4	FALSE	TRUE	2.999968273798e-09	7.49992068449501e-06
CPD-9846	35595	HMDB	HMDB0015044_9_shen	Quinidine	name_formula_mass	4	FALSE	TRUE	2.999968273798e-09	7.49992068449501e-06
CPD-9846	35596	HMDB	HMDB0015044_10_shen	Quinidine	name_formula_mass	4	FALSE	TRUE	2.999968273798e-09	7.49992068449501e-06
CPD-9846	35597	HMDB	HMDB0015044_11_shen	Quinidine	name_formula_mass	4	FALSE	TRUE	2.999968273798e-09	7.49992068449501e-06
CPD-9846	35598	HMDB	HMDB0015044_12_shen	Quinidine	name_formula_mass	4	FALSE	TRUE	2.999968273798e-09	7.49992068449501e-06
CPD-9846	35599	HMDB	HMDB0015044_13_shen	Quinidine	name_formula_mass	4	FALSE	TRUE	2.999968273798e-09	7.49992068449501e-06
CPD-9846	35600	HMDB	HMDB0015044_14_shen	Quinidine	name_formula_mass	4	FALSE	TRUE	2.999968273798e-09	7.49992068449501e-06
CPD-9846	35601	HMDB	HMDB0015044_15_shen	Quinidine	name_formula_mass	4	FALSE	TRUE	2.999968273798e-09	7.49992068449501e-06
CPD-9846	35602	HMDB	HMDB0015044_16_shen	Quinidine	name_formula_mass	4	FALSE	TRUE	2.999968273798e-09	7.49992068449501e-06
CPD-9846	35603	HMDB	HMDB0015044_17_shen	Quinidine	name_formula_mass	4	FALSE	TRUE	2.999968273798e-09	7.49992068449501e-06
HYDROXY-UREA	36331	HMDB	HMDB0015140_1_shen	Hydroxyurea	inchikey	1	TRUE	TRUE	1.00000363545405e-09	2.50000908863512e-06
HYDROXY-UREA	36332	HMDB	HMDB0015140_2_shen	Hydroxyurea	inchikey	1	TRUE	TRUE	1.00000363545405e-09	2.50000908863512e-06
HYDROXY-UREA	36333	HMDB	HMDB0015140_3_shen	Hydroxyurea	inchikey	1	TRUE	TRUE	1.00000363545405e-09	2.50000908863512e-06
HYDROXY-UREA	36334	HMDB	HMDB0015140_4_shen	Hydroxyurea	inchikey	1	TRUE	TRUE	1.00000363545405e-09	2.50000908863512e-06
VIGABATRIN	37320	HMDB	HMDB0015212_1_shen	Vigabatrin	inchikey	1	TRUE	TRUE	1.50001255860843e-09	3.75003139652108e-06
VIGABATRIN	37321	HMDB	HMDB0015212_2_shen	Vigabatrin	inchikey	1	TRUE	TRUE	1.50001255860843e-09	3.75003139652108e-06
VIGABATRIN	37322	HMDB	HMDB0015212_3_shen	Vigabatrin	inchikey	1	TRUE	TRUE	1.50001255860843e-09	3.75003139652108e-06
VIGABATRIN	37323	HMDB	HMDB0015212_4_shen	Vigabatrin	inchikey	1	TRUE	TRUE	1.50001255860843e-09	3.75003139652108e-06
VIGABATRIN	37324	HMDB	HMDB0015212_5_shen	Vigabatrin	inchikey	1	TRUE	TRUE	1.50001255860843e-09	3.75003139652108e-06
VIGABATRIN	37325	HMDB	HMDB0015212_6_shen	Vigabatrin	inchikey	1	TRUE	TRUE	1.50001255860843e-09	3.75003139652108e-06
VIGABATRIN	37326	HMDB	HMDB0015212_7_shen	Vigabatrin	inchikey	1	TRUE	TRUE	1.50001255860843e-09	3.75003139652108e-06
VIGABATRIN	37327	HMDB	HMDB0015212_8_shen	Vigabatrin	inchikey	1	TRUE	TRUE	1.50001255860843e-09	3.75003139652108e-06
VIGABATRIN	37328	HMDB	HMDB0015212_9_shen	Vigabatrin	inchikey	1	TRUE	TRUE	1.50001255860843e-09	3.75003139652108e-06
VIGABATRIN	37329	HMDB	HMDB0015212_10_shen	Vigabatrin	inchikey	1	TRUE	TRUE	1.50001255860843e-09	3.75003139652108e-06
VIGABATRIN	37330	HMDB	HMDB0015212_11_shen	Vigabatrin	inchikey	1	TRUE	TRUE	1.50001255860843e-09	3.75003139652108e-06
VIGABATRIN	37331	HMDB	HMDB0015212_12_shen	Vigabatrin	inchikey	1	TRUE	TRUE	1.50001255860843e-09	3.75003139652108e-06
VIGABATRIN	37332	HMDB	HMDB0015212_13_shen	Vigabatrin	inchikey	1	TRUE	TRUE	1.50001255860843e-09	3.75003139652108e-06
VIGABATRIN	37333	HMDB	HMDB0015212_14_shen	Vigabatrin	inchikey	1	TRUE	TRUE	1.50001255860843e-09	3.75003139652108e-06
VIGABATRIN	37334	HMDB	HMDB0015212_15_shen	Vigabatrin	inchikey	1	TRUE	TRUE	1.50001255860843e-09	3.75003139652108e-06
VIGABATRIN	37335	HMDB	HMDB0015212_16_shen	Vigabatrin	inchikey	1	TRUE	TRUE	1.50001255860843e-09	3.75003139652108e-06
VIGABATRIN	37336	HMDB	HMDB0015212_17_shen	Vigabatrin	inchikey	1	TRUE	TRUE	1.50001255860843e-09	3.75003139652108e-06
CPD-15877	37477	HMDB	HMDB0015227_1_shen	Fluvastatin	name_formula_mass	4	FALSE	TRUE	1.80000370164635e-09	4.37760499936176e-06
CPD-15877	37478	HMDB	HMDB0015227_2_shen	Fluvastatin	name_formula_mass	4	FALSE	TRUE	1.80000370164635e-09	4.37760499936176e-06
CPD-15877	37479	HMDB	HMDB0015227_3_shen	Fluvastatin	name_formula_mass	4	FALSE	TRUE	1.80000370164635e-09	4.37760499936176e-06
CPD-15877	37480	HMDB	HMDB0015227_4_shen	Fluvastatin	name_formula_mass	4	FALSE	TRUE	1.80000370164635e-09	4.37760499936176e-06
CPD-15877	37481	HMDB	HMDB0015227_5_shen	Fluvastatin	name_formula_mass	4	FALSE	TRUE	1.80000370164635e-09	4.37760499936176e-06
CPD-15877	37482	HMDB	HMDB0015227_6_shen	Fluvastatin	name_formula_mass	4	FALSE	TRUE	1.80000370164635e-09	4.37760499936176e-06
CPD-4501	37637	HMDB	HMDB0015242_1_shen	Miconazole	inchikey	1	FALSE	FALSE	1.39000349008711e-08	3.35760970121383e-05
CPD-4501	37638	HMDB	HMDB0015242_2_shen	Miconazole	inchikey	1	FALSE	FALSE	1.39000349008711e-08	3.35760970121383e-05
CPD-4501	37639	HMDB	HMDB0015242_3_shen	Miconazole	inchikey	1	FALSE	FALSE	1.39000349008711e-08	3.35760970121383e-05
CPD-4501	37640	HMDB	HMDB0015242_4_shen	Miconazole	inchikey	1	FALSE	FALSE	1.39000349008711e-08	3.35760970121383e-05
CPD-4501	37641	HMDB	HMDB0015242_5_shen	Miconazole	inchikey	1	FALSE	FALSE	1.39000349008711e-08	3.35760970121383e-05
CPD-4501	37642	HMDB	HMDB0015242_6_shen	Miconazole	inchikey	1	FALSE	FALSE	1.39000349008711e-08	3.35760970121383e-05
CPD-4501	37643	HMDB	HMDB0015242_7_shen	Miconazole	inchikey	1	FALSE	FALSE	1.39000349008711e-08	3.35760970121383e-05
CPD-4501	37644	HMDB	HMDB0015242_8_shen	Miconazole	inchikey	1	FALSE	FALSE	1.39000349008711e-08	3.35760970121383e-05
CPD-4501	37645	HMDB	HMDB0015242_9_shen	Miconazole	inchikey	1	FALSE	FALSE	1.39000349008711e-08	3.35760970121383e-05
CPD-4501	37646	HMDB	HMDB0015242_10_shen	Miconazole	inchikey	1	FALSE	FALSE	1.39000349008711e-08	3.35760970121383e-05
CPD-15742	37647	HMDB	HMDB0015245_1_shen	Papaverine	inchikey	1	TRUE	TRUE	2.70000555246952e-09	6.7500138811738e-06
CPD-15742	37648	HMDB	HMDB0015245_2_shen	Papaverine	inchikey	1	TRUE	TRUE	2.70000555246952e-09	6.7500138811738e-06
CPD-15742	37649	HMDB	HMDB0015245_3_shen	Papaverine	inchikey	1	TRUE	TRUE	2.70000555246952e-09	6.7500138811738e-06
CPD-15742	37650	HMDB	HMDB0015245_4_shen	Papaverine	inchikey	1	TRUE	TRUE	2.70000555246952e-09	6.7500138811738e-06
CPD-15742	37651	HMDB	HMDB0015245_5_shen	Papaverine	inchikey	1	TRUE	TRUE	2.70000555246952e-09	6.7500138811738e-06
CPD-15742	37652	HMDB	HMDB0015245_6_shen	Papaverine	inchikey	1	TRUE	TRUE	2.70000555246952e-09	6.7500138811738e-06
CPD-15742	37653	HMDB	HMDB0015245_7_shen	Papaverine	inchikey	1	TRUE	TRUE	2.70000555246952e-09	6.7500138811738e-06
CPD-15742	37654	HMDB	HMDB0015245_8_shen	Papaverine	inchikey	1	TRUE	TRUE	2.70000555246952e-09	6.7500138811738e-06
CPD-15742	37655	HMDB	HMDB0015245_9_shen	Papaverine	inchikey	1	TRUE	TRUE	2.70000555246952e-09	6.7500138811738e-06
CPD-15742	37656	HMDB	HMDB0015245_10_shen	Papaverine	inchikey	1	TRUE	TRUE	2.70000555246952e-09	6.7500138811738e-06
CPD-15742	37657	HMDB	HMDB0015245_11_shen	Papaverine	inchikey	1	TRUE	TRUE	2.70000555246952e-09	6.7500138811738e-06
CPD-15742	37658	HMDB	HMDB0015245_12_shen	Papaverine	inchikey	1	TRUE	TRUE	2.70000555246952e-09	6.7500138811738e-06
CPD-15742	37659	HMDB	HMDB0015245_13_shen	Papaverine	inchikey	1	TRUE	TRUE	2.70000555246952e-09	6.7500138811738e-06
CPD-15742	37660	HMDB	HMDB0015245_14_shen	Papaverine	inchikey	1	TRUE	TRUE	2.70000555246952e-09	6.7500138811738e-06
CPD-15742	37661	HMDB	HMDB0015245_15_shen	Papaverine	inchikey	1	TRUE	TRUE	2.70000555246952e-09	6.7500138811738e-06
CPD-15742	37662	HMDB	HMDB0015245_16_shen	Papaverine	inchikey	1	TRUE	TRUE	2.70000555246952e-09	6.7500138811738e-06
CPD-15742	37663	HMDB	HMDB0015245_17_shen	Papaverine	inchikey	1	TRUE	TRUE	2.70000555246952e-09	6.7500138811738e-06
CPD-15742	37664	HMDB	HMDB0015245_18_shen	Papaverine	inchikey	1	TRUE	TRUE	2.70000555246952e-09	6.7500138811738e-06
CPD-15742	37665	HMDB	HMDB0015245_19_shen	Papaverine	inchikey	1	TRUE	TRUE	2.70000555246952e-09	6.7500138811738e-06
CPD-15742	37666	HMDB	HMDB0015245_20_shen	Papaverine	inchikey	1	TRUE	TRUE	2.70000555246952e-09	6.7500138811738e-06
CPD-15742	37667	HMDB	HMDB0015245_21_shen	Papaverine	inchikey	1	TRUE	TRUE	2.70000555246952e-09	6.7500138811738e-06
CPD-15742	37668	HMDB	HMDB0015245_22_shen	Papaverine	inchikey	1	TRUE	TRUE	2.70000555246952e-09	6.7500138811738e-06
CPD-15742	37669	HMDB	HMDB0015245_23_shen	Papaverine	inchikey	1	TRUE	TRUE	2.70000555246952e-09	6.7500138811738e-06
CPD-15742	37670	HMDB	HMDB0015245_24_shen	Papaverine	inchikey	1	TRUE	TRUE	2.70000555246952e-09	6.7500138811738e-06
CPD-15742	37671	HMDB	HMDB0015245_25_shen	Papaverine	inchikey	1	TRUE	TRUE	2.70000555246952e-09	6.7500138811738e-06
CPD-15742	37672	HMDB	HMDB0015245_26_shen	Papaverine	inchikey	1	TRUE	TRUE	2.70000555246952e-09	6.7500138811738e-06
CPD-15742	37673	HMDB	HMDB0015245_27_shen	Papaverine	inchikey	1	TRUE	TRUE	2.70000555246952e-09	6.7500138811738e-06
CPD-15742	37674	HMDB	HMDB0015245_28_shen	Papaverine	inchikey	1	TRUE	TRUE	2.70000555246952e-09	6.7500138811738e-06
CPD-8959	38124	HMDB	HMDB0015310_1_shen	Podofilox	inchikey	1	TRUE	TRUE	2.999968273798e-09	7.24399981141822e-06
CPD-8959	38125	HMDB	HMDB0015310_2_shen	Podofilox	inchikey	1	TRUE	TRUE	2.999968273798e-09	7.24399981141822e-06
CPD-8959	38126	HMDB	HMDB0015310_3_shen	Podofilox	inchikey	1	TRUE	TRUE	2.999968273798e-09	7.24399981141822e-06
CPD-8959	38127	HMDB	HMDB0015310_4_shen	Podofilox	inchikey	1	TRUE	TRUE	2.999968273798e-09	7.24399981141822e-06
CPD-8959	38128	HMDB	HMDB0015310_5_shen	Podofilox	inchikey	1	TRUE	TRUE	2.999968273798e-09	7.24399981141822e-06
CPD-8959	38129	HMDB	HMDB0015310_6_shen	Podofilox	inchikey	1	TRUE	TRUE	2.999968273798e-09	7.24399981141822e-06
CPD-8959	38130	HMDB	HMDB0015310_7_shen	Podofilox	inchikey	1	TRUE	TRUE	2.999968273798e-09	7.24399981141822e-06
CPD-8959	38131	HMDB	HMDB0015310_8_shen	Podofilox	inchikey	1	TRUE	TRUE	2.999968273798e-09	7.24399981141822e-06
CPD-8959	38132	HMDB	HMDB0015310_9_shen	Podofilox	inchikey	1	TRUE	TRUE	2.999968273798e-09	7.24399981141822e-06
CPD-8959	38133	HMDB	HMDB0015310_10_shen	Podofilox	inchikey	1	TRUE	TRUE	2.999968273798e-09	7.24399981141822e-06
CPD-8959	38134	HMDB	HMDB0015310_11_shen	Podofilox	inchikey	1	TRUE	TRUE	2.999968273798e-09	7.24399981141822e-06
CPD-8959	38135	HMDB	HMDB0015310_12_shen	Podofilox	inchikey	1	TRUE	TRUE	2.999968273798e-09	7.24399981141822e-06
CPD-8959	38136	HMDB	HMDB0015310_13_shen	Podofilox	inchikey	1	TRUE	TRUE	2.999968273798e-09	7.24399981141822e-06
CPD-8959	38137	HMDB	HMDB0015310_14_shen	Podofilox	inchikey	1	TRUE	TRUE	2.999968273798e-09	7.24399981141822e-06
CPD-8959	38138	HMDB	HMDB0015310_15_shen	Podofilox	inchikey	1	TRUE	TRUE	2.999968273798e-09	7.24399981141822e-06
CPD-8959	38139	HMDB	HMDB0015310_16_shen	Podofilox	inchikey	1	TRUE	TRUE	2.999968273798e-09	7.24399981141822e-06
CPD-8959	38140	HMDB	HMDB0015310_17_shen	Podofilox	inchikey	1	TRUE	TRUE	2.999968273798e-09	7.24399981141822e-06
CPD-8959	38141	HMDB	HMDB0015310_18_shen	Podofilox	inchikey	1	TRUE	TRUE	2.999968273798e-09	7.24399981141822e-06
CPD-8959	38142	HMDB	HMDB0015310_19_shen	Podofilox	inchikey	1	TRUE	TRUE	2.999968273798e-09	7.24399981141822e-06
CPD-8959	38143	HMDB	HMDB0015310_20_shen	Podofilox	inchikey	1	TRUE	TRUE	2.999968273798e-09	7.24399981141822e-06
CPD-8959	38144	HMDB	HMDB0015310_21_shen	Podofilox	inchikey	1	TRUE	TRUE	2.999968273798e-09	7.24399981141822e-06
CPD-8959	38145	HMDB	HMDB0015310_22_shen	Podofilox	inchikey	1	TRUE	TRUE	2.999968273798e-09	7.24399981141822e-06
CPD-8959	38146	HMDB	HMDB0015310_23_shen	Podofilox	inchikey	1	TRUE	TRUE	2.999968273798e-09	7.24399981141822e-06
CPD-8959	38147	HMDB	HMDB0015310_24_shen	Podofilox	inchikey	1	TRUE	TRUE	2.999968273798e-09	7.24399981141822e-06
CPD-8959	38148	HMDB	HMDB0015310_25_shen	Podofilox	inchikey	1	TRUE	TRUE	2.999968273798e-09	7.24399981141822e-06
CPD-8959	38149	HMDB	HMDB0015310_26_shen	Podofilox	inchikey	1	TRUE	TRUE	2.999968273798e-09	7.24399981141822e-06
CPD-8959	38150	HMDB	HMDB0015310_27_shen	Podofilox	inchikey	1	TRUE	TRUE	2.999968273798e-09	7.24399981141822e-06
CPD-8959	38151	HMDB	HMDB0015310_28_shen	Podofilox	inchikey	1	TRUE	TRUE	2.999968273798e-09	7.24399981141822e-06
CPD-8959	38152	HMDB	HMDB0015310_29_shen	Podofilox	inchikey	1	TRUE	TRUE	2.999968273798e-09	7.24399981141822e-06
CPD-8959	38153	HMDB	HMDB0015310_30_shen	Podofilox	inchikey	1	TRUE	TRUE	2.999968273798e-09	7.24399981141822e-06
CPD-8959	38154	HMDB	HMDB0015310_31_shen	Podofilox	inchikey	1	TRUE	TRUE	2.999968273798e-09	7.24399981141822e-06
CPD0-1652	38430	HMDB	HMDB0015344_1_shen	Fomepizole	inchikey	1	TRUE	TRUE	1.00000363545405e-09	2.50000908863512e-06
CPD0-1652	38431	HMDB	HMDB0015344_2_shen	Fomepizole	inchikey	1	TRUE	TRUE	1.00000363545405e-09	2.50000908863512e-06
CPD0-1652	38432	HMDB	HMDB0015344_3_shen	Fomepizole	inchikey	1	TRUE	TRUE	1.00000363545405e-09	2.50000908863512e-06
CPD0-1652	38433	HMDB	HMDB0015344_4_shen	Fomepizole	inchikey	1	TRUE	TRUE	1.00000363545405e-09	2.50000908863512e-06
CPD0-1652	38434	HMDB	HMDB0015344_5_shen	Fomepizole	inchikey	1	TRUE	TRUE	1.00000363545405e-09	2.50000908863512e-06
CPD-8718	38519	HMDB	HMDB0015360_shen	Paclitaxel	inchikey	1	TRUE	TRUE	6.70002009428572e-09	7.85160792804511e-06
--EPHEDRINE	38946	HMDB	HMDB0015451_1_shen	Ephedrine	inchikey	1	TRUE	TRUE	1.80000370164635e-09	4.50000925411587e-06
--EPHEDRINE	38947	HMDB	HMDB0015451_2_shen	Ephedrine	inchikey	1	TRUE	TRUE	1.80000370164635e-09	4.50000925411587e-06
--EPHEDRINE	38948	HMDB	HMDB0015451_3_shen	Ephedrine	inchikey	1	TRUE	TRUE	1.80000370164635e-09	4.50000925411587e-06
--EPHEDRINE	38949	HMDB	HMDB0015451_4_shen	Ephedrine	inchikey	1	TRUE	TRUE	1.80000370164635e-09	4.50000925411587e-06
--EPHEDRINE	38950	HMDB	HMDB0015451_5_shen	Ephedrine	inchikey	1	TRUE	TRUE	1.80000370164635e-09	4.50000925411587e-06
--EPHEDRINE	38951	HMDB	HMDB0015451_6_shen	Ephedrine	inchikey	1	TRUE	TRUE	1.80000370164635e-09	4.50000925411587e-06
--EPHEDRINE	38952	HMDB	HMDB0015451_7_shen	Ephedrine	inchikey	1	TRUE	TRUE	1.80000370164635e-09	4.50000925411587e-06
--EPHEDRINE	38953	HMDB	HMDB0015451_8_shen	Ephedrine	inchikey	1	TRUE	TRUE	1.80000370164635e-09	4.50000925411587e-06
--EPHEDRINE	38954	HMDB	HMDB0015451_9_shen	Ephedrine	inchikey	1	TRUE	TRUE	1.80000370164635e-09	4.50000925411587e-06
--EPHEDRINE	38955	HMDB	HMDB0015451_10_shen	Ephedrine	inchikey	1	TRUE	TRUE	1.80000370164635e-09	4.50000925411587e-06
--EPHEDRINE	38956	HMDB	HMDB0015451_11_shen	Ephedrine	inchikey	1	TRUE	TRUE	1.80000370164635e-09	4.50000925411587e-06
--EPHEDRINE	38957	HMDB	HMDB0015451_12_shen	Ephedrine	inchikey	1	TRUE	TRUE	1.80000370164635e-09	4.50000925411587e-06
--EPHEDRINE	38958	HMDB	HMDB0015451_13_shen	Ephedrine	inchikey	1	TRUE	TRUE	1.80000370164635e-09	4.50000925411587e-06
--EPHEDRINE	38959	HMDB	HMDB0015451_14_shen	Ephedrine	inchikey	1	TRUE	TRUE	1.80000370164635e-09	4.50000925411587e-06
--EPHEDRINE	38960	HMDB	HMDB0015451_15_shen	Ephedrine	inchikey	1	TRUE	TRUE	1.80000370164635e-09	4.50000925411587e-06
--EPHEDRINE	38961	HMDB	HMDB0015451_16_shen	Ephedrine	inchikey	1	TRUE	TRUE	1.80000370164635e-09	4.50000925411587e-06
--EPHEDRINE	38962	HMDB	HMDB0015451_17_shen	Ephedrine	inchikey	1	TRUE	TRUE	1.80000370164635e-09	4.50000925411587e-06
--EPHEDRINE	38963	HMDB	HMDB0015451_18_shen	Ephedrine	inchikey	1	TRUE	TRUE	1.80000370164635e-09	4.50000925411587e-06
--EPHEDRINE	38964	HMDB	HMDB0015451_19_shen	Ephedrine	inchikey	1	TRUE	TRUE	1.80000370164635e-09	4.50000925411587e-06
--EPHEDRINE	38965	HMDB	HMDB0015451_20_shen	Ephedrine	inchikey	1	TRUE	TRUE	1.80000370164635e-09	4.50000925411587e-06
--EPHEDRINE	38966	HMDB	HMDB0015451_21_shen	Ephedrine	inchikey	1	TRUE	TRUE	1.80000370164635e-09	4.50000925411587e-06
--EPHEDRINE	38967	HMDB	HMDB0015451_22_shen	Ephedrine	inchikey	1	TRUE	TRUE	1.80000370164635e-09	4.50000925411587e-06
--EPHEDRINE	38968	HMDB	HMDB0015451_23_shen	Ephedrine	inchikey	1	TRUE	TRUE	1.80000370164635e-09	4.50000925411587e-06
--EPHEDRINE	38969	HMDB	HMDB0015451_24_shen	Ephedrine	inchikey	1	TRUE	TRUE	1.80000370164635e-09	4.50000925411587e-06
--EPHEDRINE	38970	HMDB	HMDB0015451_25_shen	Ephedrine	inchikey	1	TRUE	TRUE	1.80000370164635e-09	4.50000925411587e-06
--EPHEDRINE	38971	HMDB	HMDB0015451_26_shen	Ephedrine	inchikey	1	TRUE	TRUE	1.80000370164635e-09	4.50000925411587e-06
CPD0-1606	39785	HMDB	HMDB0015570_1_shen	Fusidic Acid	inchikey_connectivity_formula_mass	2	FALSE	TRUE	5.40001110493904e-09	1.04581436274293e-05
CPD0-1606	39786	HMDB	HMDB0015570_2_shen	Fusidic Acid	inchikey_connectivity_formula_mass	2	FALSE	TRUE	5.40001110493904e-09	1.04581436274293e-05
CPD0-1606	39787	HMDB	HMDB0015570_3_shen	Fusidic Acid	inchikey_connectivity_formula_mass	2	FALSE	TRUE	5.40001110493904e-09	1.04581436274293e-05
L-LEUCYL-L-LEUCINE	40531	HMDB	HMDB0028933_1_shen	Leucylleucine	inchikey	1	TRUE	TRUE	6.10000938650046e-09	1.52500234662512e-05
L-LEUCYL-L-LEUCINE	40532	HMDB	HMDB0028933_2_shen	Leucylleucine	inchikey	1	TRUE	TRUE	6.10000938650046e-09	1.52500234662512e-05
L-LEUCYL-L-LEUCINE	40533	HMDB	HMDB0028933_3_shen	Leucylleucine	inchikey	1	TRUE	TRUE	6.10000938650046e-09	1.52500234662512e-05
L-LEUCYL-L-LEUCINE	40534	HMDB	HMDB0028933_4_shen	Leucylleucine	inchikey	1	TRUE	TRUE	6.10000938650046e-09	1.52500234662512e-05
L-LEUCYL-L-LEUCINE	40535	HMDB	HMDB0028933_5_shen	Leucylleucine	inchikey	1	TRUE	TRUE	6.10000938650046e-09	1.52500234662512e-05
L-LEUCYL-L-LEUCINE	40536	HMDB	HMDB0028933_6_shen	Leucylleucine	inchikey	1	TRUE	TRUE	6.10000938650046e-09	1.52500234662512e-05
L-LEUCYL-L-LEUCINE	40537	HMDB	HMDB0028933_7_shen	Leucylleucine	inchikey	1	TRUE	TRUE	6.10000938650046e-09	1.52500234662512e-05
L-LEUCYL-L-LEUCINE	40538	HMDB	HMDB0028933_8_shen	Leucylleucine	inchikey	1	TRUE	TRUE	6.10000938650046e-09	1.52500234662512e-05
L-LEUCYL-L-LEUCINE	40539	HMDB	HMDB0028933_9_shen	Leucylleucine	inchikey	1	TRUE	TRUE	6.10000938650046e-09	1.52500234662512e-05
L-LEUCYL-L-LEUCINE	40540	HMDB	HMDB0028933_10_shen	Leucylleucine	inchikey	1	TRUE	TRUE	6.10000938650046e-09	1.52500234662512e-05
CPD-12607	40542	HMDB	HMDB0029039_1_shen	Serylglycine	inchikey	1	TRUE	TRUE	9.79997594185988e-09	2.44999398546497e-05
CPD-12607	40543	HMDB	HMDB0029039_2_shen	Serylglycine	inchikey	1	TRUE	TRUE	9.79997594185988e-09	2.44999398546497e-05
CPD-12607	40544	HMDB	HMDB0029039_3_shen	Serylglycine	inchikey	1	TRUE	TRUE	9.79997594185988e-09	2.44999398546497e-05
CPD-12607	40545	HMDB	HMDB0029039_4_shen	Serylglycine	inchikey	1	TRUE	TRUE	9.79997594185988e-09	2.44999398546497e-05
CPD-12607	40546	HMDB	HMDB0029039_5_shen	Serylglycine	inchikey	1	TRUE	TRUE	9.79997594185988e-09	2.44999398546497e-05
CPD-12607	40547	HMDB	HMDB0029039_6_shen	Serylglycine	inchikey	1	TRUE	TRUE	9.79997594185988e-09	2.44999398546497e-05
CPD-12607	40548	HMDB	HMDB0029039_7_shen	Serylglycine	inchikey	1	TRUE	TRUE	9.79997594185988e-09	2.44999398546497e-05
CPD-12607	40549	HMDB	HMDB0029039_8_shen	Serylglycine	inchikey	1	TRUE	TRUE	9.79997594185988e-09	2.44999398546497e-05
CPD-12607	40550	HMDB	HMDB0029039_9_shen	Serylglycine	inchikey	1	TRUE	TRUE	9.79997594185988e-09	2.44999398546497e-05
CPD-12607	40551	HMDB	HMDB0029039_10_shen	Serylglycine	inchikey	1	TRUE	TRUE	9.79997594185988e-09	2.44999398546497e-05
CPD-12607	40552	HMDB	HMDB0029039_11_shen	Serylglycine	inchikey	1	TRUE	TRUE	9.79997594185988e-09	2.44999398546497e-05
CPD-12607	40553	HMDB	HMDB0029039_12_shen	Serylglycine	inchikey	1	TRUE	TRUE	9.79997594185988e-09	2.44999398546497e-05
CPD-12607	40554	HMDB	HMDB0029039_13_shen	Serylglycine	inchikey	1	TRUE	TRUE	9.79997594185988e-09	2.44999398546497e-05
CPD-12607	40555	HMDB	HMDB0029039_14_shen	Serylglycine	inchikey	1	TRUE	TRUE	9.79997594185988e-09	2.44999398546497e-05
CPD-12607	40556	HMDB	HMDB0029039_15_shen	Serylglycine	inchikey	1	TRUE	TRUE	9.79997594185988e-09	2.44999398546497e-05
CPD-12607	40557	HMDB	HMDB0029039_16_shen	Serylglycine	inchikey	1	TRUE	TRUE	9.79997594185988e-09	2.44999398546497e-05
CPD-12607	40558	HMDB	HMDB0029039_17_shen	Serylglycine	inchikey	1	TRUE	TRUE	9.79997594185988e-09	2.44999398546497e-05
CPD-12607	40559	HMDB	HMDB0029039_18_shen	Serylglycine	inchikey	1	TRUE	TRUE	9.79997594185988e-09	2.44999398546497e-05
CPD-12607	40560	HMDB	HMDB0029039_19_shen	Serylglycine	inchikey	1	TRUE	TRUE	9.79997594185988e-09	2.44999398546497e-05
CPD-12607	40561	HMDB	HMDB0029039_20_shen	Serylglycine	inchikey	1	TRUE	TRUE	9.79997594185988e-09	2.44999398546497e-05
CPD-12607	40562	HMDB	HMDB0029039_21_shen	Serylglycine	inchikey	1	TRUE	TRUE	9.79997594185988e-09	2.44999398546497e-05
CPD-12607	40563	HMDB	HMDB0029039_22_shen	Serylglycine	inchikey	1	TRUE	TRUE	9.79997594185988e-09	2.44999398546497e-05
CPD-12607	40564	HMDB	HMDB0029039_23_shen	Serylglycine	inchikey	1	TRUE	TRUE	9.79997594185988e-09	2.44999398546497e-05
CPD-12607	40565	HMDB	HMDB0029039_24_shen	Serylglycine	inchikey	1	TRUE	TRUE	9.79997594185988e-09	2.44999398546497e-05
CPD-12607	40566	HMDB	HMDB0029039_25_shen	Serylglycine	inchikey	1	TRUE	TRUE	9.79997594185988e-09	2.44999398546497e-05
CPD-12607	40567	HMDB	HMDB0029039_26_shen	Serylglycine	inchikey	1	TRUE	TRUE	9.79997594185988e-09	2.44999398546497e-05
CPD-12607	40568	HMDB	HMDB0029039_27_shen	Serylglycine	inchikey	1	TRUE	TRUE	9.79997594185988e-09	2.44999398546497e-05
CPD-12607	40569	HMDB	HMDB0029039_28_shen	Serylglycine	inchikey	1	TRUE	TRUE	9.79997594185988e-09	2.44999398546497e-05
S-2-AMINOETHYL-L-CYSTEINE	40570	HMDB	HMDB0029178_1_shen	4-Thialysine	inchikey_connectivity_formula_mass	2	FALSE	TRUE	1.80000370164635e-09	4.50000925411587e-06
S-2-AMINOETHYL-L-CYSTEINE	40571	HMDB	HMDB0029178_2_shen	4-Thialysine	inchikey_connectivity_formula_mass	2	FALSE	TRUE	1.80000370164635e-09	4.50000925411587e-06
345-TRIHYDROXY-37-DIMETHOXYFLAVONE	40628	HMDB	HMDB0029263_1_shen	3,7-Dimethylquercetin	inchikey	1	TRUE	TRUE	2.09996642297483e-09	5.24991605743708e-06
345-TRIHYDROXY-37-DIMETHOXYFLAVONE	40629	HMDB	HMDB0029263_2_shen	3,7-Dimethylquercetin	inchikey	1	TRUE	TRUE	2.09996642297483e-09	5.24991605743708e-06
CPD-440	40721	HMDB	HMDB0029365_1_shen	Moupinamide	inchikey	1	TRUE	TRUE	2.5000304049172e-09	6.25007601229299e-06
CPD-440	40722	HMDB	HMDB0029365_2_shen	Moupinamide	inchikey	1	TRUE	TRUE	2.5000304049172e-09	6.25007601229299e-06
SANGUINARINE	40723	HMDB	HMDB0029367_1_shen	Sanguinarine	inchikey	1	TRUE	TRUE	1.00782503409999	2519.56258524999
SANGUINARINE	40724	HMDB	HMDB0029367_2_shen	Sanguinarine	inchikey	1	TRUE	TRUE	1.00782503409999	2519.56258524999
SANGUINARINE	40725	HMDB	HMDB0029367_3_shen	Sanguinarine	inchikey	1	TRUE	TRUE	1.00782503409999	2519.56258524999
SANGUINARINE	40726	HMDB	HMDB0029367_4_shen	Sanguinarine	inchikey	1	TRUE	TRUE	1.00782503409999	2519.56258524999
SANGUINARINE	40727	HMDB	HMDB0029367_5_shen	Sanguinarine	inchikey	1	TRUE	TRUE	1.00782503409999	2519.56258524999
SANGUINARINE	40728	HMDB	HMDB0029367_6_shen	Sanguinarine	inchikey	1	TRUE	TRUE	1.00782503409999	2519.56258524999
SANGUINARINE	40729	HMDB	HMDB0029367_7_shen	Sanguinarine	inchikey	1	TRUE	TRUE	1.00782503409999	2519.56258524999
SANGUINARINE	40730	HMDB	HMDB0029367_8_shen	Sanguinarine	inchikey	1	TRUE	TRUE	1.00782503409999	2519.56258524999
N-EE-PIPEROYL-PIPERIDINE	40733	HMDB	HMDB0029377_1_shen	Piperine	inchikey	1	TRUE	TRUE	2.39998598772218e-09	5.99996496930544e-06
N-EE-PIPEROYL-PIPERIDINE	40734	HMDB	HMDB0029377_2_shen	Piperine	inchikey	1	TRUE	TRUE	2.39998598772218e-09	5.99996496930544e-06
N-EE-PIPEROYL-PIPERIDINE	40735	HMDB	HMDB0029377_3_shen	Piperine	inchikey	1	TRUE	TRUE	2.39998598772218e-09	5.99996496930544e-06
N-EE-PIPEROYL-PIPERIDINE	40736	HMDB	HMDB0029377_4_shen	Piperine	inchikey	1	TRUE	TRUE	2.39998598772218e-09	5.99996496930544e-06
N-EE-PIPEROYL-PIPERIDINE	40737	HMDB	HMDB0029377_5_shen	Piperine	inchikey	1	TRUE	TRUE	2.39998598772218e-09	5.99996496930544e-06
N-EE-PIPEROYL-PIPERIDINE	40738	HMDB	HMDB0029377_6_shen	Piperine	inchikey	1	TRUE	TRUE	2.39998598772218e-09	5.99996496930544e-06
N-EE-PIPEROYL-PIPERIDINE	40739	HMDB	HMDB0029377_7_shen	Piperine	inchikey	1	TRUE	TRUE	2.39998598772218e-09	5.99996496930544e-06
N-EE-PIPEROYL-PIPERIDINE	40740	HMDB	HMDB0029377_8_shen	Piperine	inchikey	1	TRUE	TRUE	2.39998598772218e-09	5.99996496930544e-06
N-EE-PIPEROYL-PIPERIDINE	40741	HMDB	HMDB0029377_9_shen	Piperine	inchikey	1	TRUE	TRUE	2.39998598772218e-09	5.99996496930544e-06
N-EE-PIPEROYL-PIPERIDINE	40742	HMDB	HMDB0029377_10_shen	Piperine	inchikey	1	TRUE	TRUE	2.39998598772218e-09	5.99996496930544e-06
N-EE-PIPEROYL-PIPERIDINE	40743	HMDB	HMDB0029377_11_shen	Piperine	inchikey	1	TRUE	TRUE	2.39998598772218e-09	5.99996496930544e-06
N-EE-PIPEROYL-PIPERIDINE	40744	HMDB	HMDB0029377_12_shen	Piperine	inchikey	1	TRUE	TRUE	2.39998598772218e-09	5.99996496930544e-06
N-EE-PIPEROYL-PIPERIDINE	40745	HMDB	HMDB0029377_13_shen	Piperine	inchikey	1	TRUE	TRUE	2.39998598772218e-09	5.99996496930544e-06
N-EE-PIPEROYL-PIPERIDINE	40746	HMDB	HMDB0029377_14_shen	Piperine	inchikey	1	TRUE	TRUE	2.39998598772218e-09	5.99996496930544e-06
N-EE-PIPEROYL-PIPERIDINE	40747	HMDB	HMDB0029377_15_shen	Piperine	inchikey	1	TRUE	TRUE	2.39998598772218e-09	5.99996496930544e-06
N-EE-PIPEROYL-PIPERIDINE	40748	HMDB	HMDB0029377_16_shen	Piperine	inchikey	1	TRUE	TRUE	2.39998598772218e-09	5.99996496930544e-06
N-EE-PIPEROYL-PIPERIDINE	40749	HMDB	HMDB0029377_17_shen	Piperine	inchikey	1	TRUE	TRUE	2.39998598772218e-09	5.99996496930544e-06
N-EE-PIPEROYL-PIPERIDINE	40750	HMDB	HMDB0029377_18_shen	Piperine	inchikey	1	TRUE	TRUE	2.39998598772218e-09	5.99996496930544e-06
N-EE-PIPEROYL-PIPERIDINE	40751	HMDB	HMDB0029377_19_shen	Piperine	inchikey	1	TRUE	TRUE	2.39998598772218e-09	5.99996496930544e-06
N-EE-PIPEROYL-PIPERIDINE	40752	HMDB	HMDB0029377_20_shen	Piperine	inchikey	1	TRUE	TRUE	2.39998598772218e-09	5.99996496930544e-06
N-EE-PIPEROYL-PIPERIDINE	40753	HMDB	HMDB0029377_21_shen	Piperine	inchikey	1	TRUE	TRUE	2.39998598772218e-09	5.99996496930544e-06
N-EE-PIPEROYL-PIPERIDINE	40754	HMDB	HMDB0029377_22_shen	Piperine	inchikey	1	TRUE	TRUE	2.39998598772218e-09	5.99996496930544e-06
N-EE-PIPEROYL-PIPERIDINE	40755	HMDB	HMDB0029377_23_shen	Piperine	inchikey	1	TRUE	TRUE	2.39998598772218e-09	5.99996496930544e-06
N-EE-PIPEROYL-PIPERIDINE	40756	HMDB	HMDB0029377_24_shen	Piperine	inchikey	1	TRUE	TRUE	2.39998598772218e-09	5.99996496930544e-06
N-EE-PIPEROYL-PIPERIDINE	40757	HMDB	HMDB0029377_25_shen	Piperine	inchikey	1	TRUE	TRUE	2.39998598772218e-09	5.99996496930544e-06
N-EE-PIPEROYL-PIPERIDINE	40758	HMDB	HMDB0029377_26_shen	Piperine	inchikey	1	TRUE	TRUE	2.39998598772218e-09	5.99996496930544e-06
N-EE-PIPEROYL-PIPERIDINE	40759	HMDB	HMDB0029377_27_shen	Piperine	inchikey	1	TRUE	TRUE	2.39998598772218e-09	5.99996496930544e-06
N-EE-PIPEROYL-PIPERIDINE	40760	HMDB	HMDB0029377_28_shen	Piperine	inchikey	1	TRUE	TRUE	2.39998598772218e-09	5.99996496930544e-06
N-EE-PIPEROYL-PIPERIDINE	40761	HMDB	HMDB0029377_29_shen	Piperine	inchikey	1	TRUE	TRUE	2.39998598772218e-09	5.99996496930544e-06
N-EE-PIPEROYL-PIPERIDINE	40762	HMDB	HMDB0029377_30_shen	Piperine	inchikey	1	TRUE	TRUE	2.39998598772218e-09	5.99996496930544e-06
N-EE-PIPEROYL-PIPERIDINE	40763	HMDB	HMDB0029377_31_shen	Piperine	inchikey	1	TRUE	TRUE	2.39998598772218e-09	5.99996496930544e-06
N-EE-PIPEROYL-PIPERIDINE	40764	HMDB	HMDB0029377_32_shen	Piperine	inchikey	1	TRUE	TRUE	2.39998598772218e-09	5.99996496930544e-06
N-EE-PIPEROYL-PIPERIDINE	40765	HMDB	HMDB0029377_33_shen	Piperine	inchikey	1	TRUE	TRUE	2.39998598772218e-09	5.99996496930544e-06
N-EE-PIPEROYL-PIPERIDINE	40766	HMDB	HMDB0029377_34_shen	Piperine	inchikey	1	TRUE	TRUE	2.39998598772218e-09	5.99996496930544e-06
N-EE-PIPEROYL-PIPERIDINE	40767	HMDB	HMDB0029377_35_shen	Piperine	inchikey	1	TRUE	TRUE	2.39998598772218e-09	5.99996496930544e-06
N-EE-PIPEROYL-PIPERIDINE	40768	HMDB	HMDB0029377_36_shen	Piperine	inchikey	1	TRUE	TRUE	2.39998598772218e-09	5.99996496930544e-06
N-EE-PIPEROYL-PIPERIDINE	40769	HMDB	HMDB0029377_37_shen	Piperine	inchikey	1	TRUE	TRUE	2.39998598772218e-09	5.99996496930544e-06
N-EE-PIPEROYL-PIPERIDINE	40770	HMDB	HMDB0029377_38_shen	Piperine	inchikey	1	TRUE	TRUE	2.39998598772218e-09	5.99996496930544e-06
N-EE-PIPEROYL-PIPERIDINE	40771	HMDB	HMDB0029377_39_shen	Piperine	inchikey	1	TRUE	TRUE	2.39998598772218e-09	5.99996496930544e-06
N-EE-PIPEROYL-PIPERIDINE	40772	HMDB	HMDB0029377_40_shen	Piperine	inchikey	1	TRUE	TRUE	2.39998598772218e-09	5.99996496930544e-06
N-EE-PIPEROYL-PIPERIDINE	40773	HMDB	HMDB0029377_41_shen	Piperine	inchikey	1	TRUE	TRUE	2.39998598772218e-09	5.99996496930544e-06
N-EE-PIPEROYL-PIPERIDINE	40774	HMDB	HMDB0029377_42_shen	Piperine	inchikey	1	TRUE	TRUE	2.39998598772218e-09	5.99996496930544e-06
N-EE-PIPEROYL-PIPERIDINE	40775	HMDB	HMDB0029377_43_shen	Piperine	inchikey	1	TRUE	TRUE	2.39998598772218e-09	5.99996496930544e-06
N-EE-PIPEROYL-PIPERIDINE	40776	HMDB	HMDB0029377_44_shen	Piperine	inchikey	1	TRUE	TRUE	2.39998598772218e-09	5.99996496930544e-06
N-EE-PIPEROYL-PIPERIDINE	40777	HMDB	HMDB0029377_45_shen	Piperine	inchikey	1	TRUE	TRUE	2.39998598772218e-09	5.99996496930544e-06
N-EE-PIPEROYL-PIPERIDINE	40778	HMDB	HMDB0029377_46_shen	Piperine	inchikey	1	TRUE	TRUE	2.39998598772218e-09	5.99996496930544e-06
N-EE-PIPEROYL-PIPERIDINE	40779	HMDB	HMDB0029377_47_shen	Piperine	inchikey	1	TRUE	TRUE	2.39998598772218e-09	5.99996496930544e-06
O-SINAPOYLCHOLINE	40784	HMDB	HMDB0029379_1_shen	Sinapine	inchikey	1	TRUE	TRUE	1.00782503519997	2519.56258799993
O-SINAPOYLCHOLINE	40785	HMDB	HMDB0029379_2_shen	Sinapine	inchikey	1	TRUE	TRUE	1.00782503519997	2519.56258799993
O-SINAPOYLCHOLINE	40786	HMDB	HMDB0029379_3_shen	Sinapine	inchikey	1	TRUE	TRUE	1.00782503519997	2519.56258799993
O-SINAPOYLCHOLINE	40787	HMDB	HMDB0029379_4_shen	Sinapine	inchikey	1	TRUE	TRUE	1.00782503519997	2519.56258799993
O-SINAPOYLCHOLINE	40788	HMDB	HMDB0029379_5_shen	Sinapine	inchikey	1	TRUE	TRUE	1.00782503519997	2519.56258799993
O-SINAPOYLCHOLINE	40789	HMDB	HMDB0029379_6_shen	Sinapine	inchikey	1	TRUE	TRUE	1.00782503519997	2519.56258799993
O-SINAPOYLCHOLINE	40790	HMDB	HMDB0029379_7_shen	Sinapine	inchikey	1	TRUE	TRUE	1.00782503519997	2519.56258799993
O-SINAPOYLCHOLINE	40791	HMDB	HMDB0029379_8_shen	Sinapine	inchikey	1	TRUE	TRUE	1.00782503519997	2519.56258799993
O-SINAPOYLCHOLINE	40792	HMDB	HMDB0029379_9_shen	Sinapine	inchikey	1	TRUE	TRUE	1.00782503519997	2519.56258799993
O-SINAPOYLCHOLINE	40793	HMDB	HMDB0029379_10_shen	Sinapine	inchikey	1	TRUE	TRUE	1.00782503519997	2519.56258799993
O-SINAPOYLCHOLINE	40794	HMDB	HMDB0029379_11_shen	Sinapine	inchikey	1	TRUE	TRUE	1.00782503519997	2519.56258799993
O-SINAPOYLCHOLINE	40795	HMDB	HMDB0029379_12_shen	Sinapine	inchikey	1	TRUE	TRUE	1.00782503519997	2519.56258799993
N-METHYLARGININE	40811	HMDB	HMDB0029416_shen	L-Targinine	inchikey_connectivity_formula_mass	2	FALSE	TRUE	2.60001797869336e-09	6.5000449467334e-06
CPD-20333	40814	HMDB	HMDB0029444_shen	2-Pyrrolidineacetic acid	name_formula_mass	4	TRUE	TRUE	4.50000925411587e-09	1.12500231352897e-05
CPD-16777	40913	HMDB	HMDB0029516_1_shen	Limocitrin	inchikey_connectivity_formula_mass	2	FALSE	TRUE	2.19995399675099e-09	5.49988499187748e-06
CPD-16777	40914	HMDB	HMDB0029516_2_shen	Limocitrin	inchikey_connectivity_formula_mass	2	FALSE	TRUE	2.19995399675099e-09	5.49988499187748e-06
CPD-16777	40915	HMDB	HMDB0029516_3_shen	Limocitrin	inchikey_connectivity_formula_mass	2	FALSE	TRUE	2.19995399675099e-09	5.49988499187748e-06
CPD-16777	40916	HMDB	HMDB0029516_4_shen	Limocitrin	inchikey_connectivity_formula_mass	2	FALSE	TRUE	2.19995399675099e-09	5.49988499187748e-06
CPD-16777	40917	HMDB	HMDB0029516_5_shen	Limocitrin	inchikey_connectivity_formula_mass	2	FALSE	TRUE	2.19995399675099e-09	5.49988499187748e-06
CPD-16777	40918	HMDB	HMDB0029516_6_shen	Limocitrin	inchikey_connectivity_formula_mass	2	FALSE	TRUE	2.19995399675099e-09	5.49988499187748e-06
CPD-16777	40919	HMDB	HMDB0029516_7_shen	Limocitrin	inchikey_connectivity_formula_mass	2	FALSE	TRUE	2.19995399675099e-09	5.49988499187748e-06
CPD-16777	40920	HMDB	HMDB0029516_8_shen	Limocitrin	inchikey_connectivity_formula_mass	2	FALSE	TRUE	2.19995399675099e-09	5.49988499187748e-06
CPD-16777	40921	HMDB	HMDB0029516_9_shen	Limocitrin	inchikey_connectivity_formula_mass	2	FALSE	TRUE	2.19995399675099e-09	5.49988499187748e-06
CPD-16777	40922	HMDB	HMDB0029516_10_shen	Limocitrin	inchikey_connectivity_formula_mass	2	FALSE	TRUE	2.19995399675099e-09	5.49988499187748e-06
CPD-3061	40923	HMDB	HMDB0029519_1_shen	Liquiritigenin	inchikey	1	TRUE	TRUE	1.60002855409402e-09	4.00007138523506e-06
CPD-3061	40924	HMDB	HMDB0029519_2_shen	Liquiritigenin	inchikey	1	TRUE	TRUE	1.60002855409402e-09	4.00007138523506e-06
CPD-3061	40925	HMDB	HMDB0029519_3_shen	Liquiritigenin	inchikey	1	TRUE	TRUE	1.60002855409402e-09	4.00007138523506e-06
CPD-3061	40926	HMDB	HMDB0029519_4_shen	Liquiritigenin	inchikey	1	TRUE	TRUE	1.60002855409402e-09	4.00007138523506e-06
CPD-3061	40927	HMDB	HMDB0029519_5_shen	Liquiritigenin	inchikey	1	TRUE	TRUE	1.60002855409402e-09	4.00007138523506e-06
CPD-3061	40928	HMDB	HMDB0029519_6_shen	Liquiritigenin	inchikey	1	TRUE	TRUE	1.60002855409402e-09	4.00007138523506e-06
CPD-3061	40929	HMDB	HMDB0029519_7_shen	Liquiritigenin	inchikey	1	TRUE	TRUE	1.60002855409402e-09	4.00007138523506e-06
CPD-3061	40930	HMDB	HMDB0029519_8_shen	Liquiritigenin	inchikey	1	TRUE	TRUE	1.60002855409402e-09	4.00007138523506e-06
CPD-3061	40931	HMDB	HMDB0029519_9_shen	Liquiritigenin	inchikey	1	TRUE	TRUE	1.60002855409402e-09	4.00007138523506e-06
CPD-3061	40932	HMDB	HMDB0029519_10_shen	Liquiritigenin	inchikey	1	TRUE	TRUE	1.60002855409402e-09	4.00007138523506e-06
CPD-3061	40933	HMDB	HMDB0029519_11_shen	Liquiritigenin	inchikey	1	TRUE	TRUE	1.60002855409402e-09	4.00007138523506e-06
CPD-3061	40934	HMDB	HMDB0029519_12_shen	Liquiritigenin	inchikey	1	TRUE	TRUE	1.60002855409402e-09	4.00007138523506e-06
CPD-3061	40935	HMDB	HMDB0029519_13_shen	Liquiritigenin	inchikey	1	TRUE	TRUE	1.60002855409402e-09	4.00007138523506e-06
CPD-3061	40936	HMDB	HMDB0029519_14_shen	Liquiritigenin	inchikey	1	TRUE	TRUE	1.60002855409402e-09	4.00007138523506e-06
CPD-3061	40937	HMDB	HMDB0029519_15_shen	Liquiritigenin	inchikey	1	TRUE	TRUE	1.60002855409402e-09	4.00007138523506e-06
CPD-3061	40938	HMDB	HMDB0029519_16_shen	Liquiritigenin	inchikey	1	TRUE	TRUE	1.60002855409402e-09	4.00007138523506e-06
CPD-3061	40939	HMDB	HMDB0029519_17_shen	Liquiritigenin	inchikey	1	TRUE	TRUE	1.60002855409402e-09	4.00007138523506e-06
CPD-12570	41141	HMDB	HMDB0029620_1_shen	Tricetin	inchikey_connectivity_formula_mass	2	FALSE	TRUE	1.70001612787019e-09	4.25004031967546e-06
CPD-12570	41142	HMDB	HMDB0029620_2_shen	Tricetin	inchikey_connectivity_formula_mass	2	FALSE	TRUE	1.70001612787019e-09	4.25004031967546e-06
CPD-12570	41143	HMDB	HMDB0029620_3_shen	Tricetin	inchikey_connectivity_formula_mass	2	FALSE	TRUE	1.70001612787019e-09	4.25004031967546e-06
CPD-12570	41144	HMDB	HMDB0029620_4_shen	Tricetin	inchikey_connectivity_formula_mass	2	FALSE	TRUE	1.70001612787019e-09	4.25004031967546e-06
CPD-12570	41145	HMDB	HMDB0029620_5_shen	Tricetin	inchikey_connectivity_formula_mass	2	FALSE	TRUE	1.70001612787019e-09	4.25004031967546e-06
CPD-12570	41146	HMDB	HMDB0029620_6_shen	Tricetin	inchikey_connectivity_formula_mass	2	FALSE	TRUE	1.70001612787019e-09	4.25004031967546e-06
CPD-12570	41147	HMDB	HMDB0029620_7_shen	Tricetin	inchikey_connectivity_formula_mass	2	FALSE	TRUE	1.70001612787019e-09	4.25004031967546e-06
CPD-12570	41148	HMDB	HMDB0029620_8_shen	Tricetin	inchikey_connectivity_formula_mass	2	FALSE	TRUE	1.70001612787019e-09	4.25004031967546e-06
CPD-12570	41149	HMDB	HMDB0029620_9_shen	Tricetin	inchikey_connectivity_formula_mass	2	FALSE	TRUE	1.70001612787019e-09	4.25004031967546e-06
CPD-12570	41150	HMDB	HMDB0029620_10_shen	Tricetin	inchikey_connectivity_formula_mass	2	FALSE	TRUE	1.70001612787019e-09	4.25004031967546e-06
CPD-12570	41151	HMDB	HMDB0029620_11_shen	Tricetin	inchikey_connectivity_formula_mass	2	FALSE	TRUE	1.70001612787019e-09	4.25004031967546e-06
CPD-12570	41152	HMDB	HMDB0029620_12_shen	Tricetin	inchikey_connectivity_formula_mass	2	FALSE	TRUE	1.70001612787019e-09	4.25004031967546e-06
CPD-12570	41153	HMDB	HMDB0029620_13_shen	Tricetin	inchikey_connectivity_formula_mass	2	FALSE	TRUE	1.70001612787019e-09	4.25004031967546e-06
CPD-12570	41154	HMDB	HMDB0029620_14_shen	Tricetin	inchikey_connectivity_formula_mass	2	FALSE	TRUE	1.70001612787019e-09	4.25004031967546e-06
CPD-12570	41155	HMDB	HMDB0029620_15_shen	Tricetin	inchikey_connectivity_formula_mass	2	FALSE	TRUE	1.70001612787019e-09	4.25004031967546e-06
CPD-12570	41156	HMDB	HMDB0029620_16_shen	Tricetin	inchikey_connectivity_formula_mass	2	FALSE	TRUE	1.70001612787019e-09	4.25004031967546e-06
CPD-12570	41157	HMDB	HMDB0029620_17_shen	Tricetin	inchikey_connectivity_formula_mass	2	FALSE	TRUE	1.70001612787019e-09	4.25004031967546e-06
CPD-12570	41158	HMDB	HMDB0029620_18_shen	Tricetin	inchikey_connectivity_formula_mass	2	FALSE	TRUE	1.70001612787019e-09	4.25004031967546e-06
CPD-12570	41159	HMDB	HMDB0029620_19_shen	Tricetin	inchikey_connectivity_formula_mass	2	FALSE	TRUE	1.70001612787019e-09	4.25004031967546e-06
CPD-12570	41160	HMDB	HMDB0029620_20_shen	Tricetin	inchikey_connectivity_formula_mass	2	FALSE	TRUE	1.70001612787019e-09	4.25004031967546e-06
CPD-12570	41161	HMDB	HMDB0029620_21_shen	Tricetin	inchikey_connectivity_formula_mass	2	FALSE	TRUE	1.70001612787019e-09	4.25004031967546e-06
CPD-12570	41162	HMDB	HMDB0029620_22_shen	Tricetin	inchikey_connectivity_formula_mass	2	FALSE	TRUE	1.70001612787019e-09	4.25004031967546e-06
CPD-12570	41163	HMDB	HMDB0029620_23_shen	Tricetin	inchikey_connectivity_formula_mass	2	FALSE	TRUE	1.70001612787019e-09	4.25004031967546e-06
CPD-12570	41164	HMDB	HMDB0029620_24_shen	Tricetin	inchikey_connectivity_formula_mass	2	FALSE	TRUE	1.70001612787019e-09	4.25004031967546e-06
APIGENIN	41165	HMDB	HMDB0029631_1_shen	Chalconaringenin	inchikey	1	TRUE	TRUE	1.70001612787019e-09	4.25004031967546e-06
CPD-20012	41165	HMDB	HMDB0029631_1_shen	Chalconaringenin	inchikey	1	TRUE	TRUE	1.70001612787019e-09	4.25004031967546e-06
APIGENIN	41166	HMDB	HMDB0029631_2_shen	Chalconaringenin	inchikey	1	TRUE	TRUE	1.70001612787019e-09	4.25004031967546e-06
CPD-20012	41166	HMDB	HMDB0029631_2_shen	Chalconaringenin	inchikey	1	TRUE	TRUE	1.70001612787019e-09	4.25004031967546e-06
APIGENIN	41167	HMDB	HMDB0029631_3_shen	Chalconaringenin	inchikey	1	TRUE	TRUE	1.70001612787019e-09	4.25004031967546e-06
CPD-20012	41167	HMDB	HMDB0029631_3_shen	Chalconaringenin	inchikey	1	TRUE	TRUE	1.70001612787019e-09	4.25004031967546e-06
APIGENIN	41168	HMDB	HMDB0029631_4_shen	Chalconaringenin	inchikey	1	TRUE	TRUE	1.70001612787019e-09	4.25004031967546e-06
CPD-20012	41168	HMDB	HMDB0029631_4_shen	Chalconaringenin	inchikey	1	TRUE	TRUE	1.70001612787019e-09	4.25004031967546e-06
APIGENIN	41169	HMDB	HMDB0029631_5_shen	Chalconaringenin	inchikey	1	TRUE	TRUE	1.70001612787019e-09	4.25004031967546e-06
CPD-20012	41169	HMDB	HMDB0029631_5_shen	Chalconaringenin	inchikey	1	TRUE	TRUE	1.70001612787019e-09	4.25004031967546e-06
APIGENIN	41170	HMDB	HMDB0029631_6_shen	Chalconaringenin	inchikey	1	TRUE	TRUE	1.70001612787019e-09	4.25004031967546e-06
CPD-20012	41170	HMDB	HMDB0029631_6_shen	Chalconaringenin	inchikey	1	TRUE	TRUE	1.70001612787019e-09	4.25004031967546e-06
APIGENIN	41171	HMDB	HMDB0029631_7_shen	Chalconaringenin	inchikey	1	TRUE	TRUE	1.70001612787019e-09	4.25004031967546e-06
CPD-20012	41171	HMDB	HMDB0029631_7_shen	Chalconaringenin	inchikey	1	TRUE	TRUE	1.70001612787019e-09	4.25004031967546e-06
APIGENIN	41172	HMDB	HMDB0029631_8_shen	Chalconaringenin	inchikey	1	TRUE	TRUE	1.70001612787019e-09	4.25004031967546e-06
CPD-20012	41172	HMDB	HMDB0029631_8_shen	Chalconaringenin	inchikey	1	TRUE	TRUE	1.70001612787019e-09	4.25004031967546e-06
APIGENIN	41173	HMDB	HMDB0029631_9_shen	Chalconaringenin	inchikey	1	TRUE	TRUE	1.70001612787019e-09	4.25004031967546e-06
CPD-20012	41173	HMDB	HMDB0029631_9_shen	Chalconaringenin	inchikey	1	TRUE	TRUE	1.70001612787019e-09	4.25004031967546e-06
APIGENIN	41174	HMDB	HMDB0029631_10_shen	Chalconaringenin	inchikey	1	TRUE	TRUE	1.70001612787019e-09	4.25004031967546e-06
CPD-20012	41174	HMDB	HMDB0029631_10_shen	Chalconaringenin	inchikey	1	TRUE	TRUE	1.70001612787019e-09	4.25004031967546e-06
APIGENIN	41175	HMDB	HMDB0029631_11_shen	Chalconaringenin	inchikey	1	TRUE	TRUE	1.70001612787019e-09	4.25004031967546e-06
CPD-20012	41175	HMDB	HMDB0029631_11_shen	Chalconaringenin	inchikey	1	TRUE	TRUE	1.70001612787019e-09	4.25004031967546e-06
APIGENIN	41176	HMDB	HMDB0029631_12_shen	Chalconaringenin	inchikey	1	TRUE	TRUE	1.70001612787019e-09	4.25004031967546e-06
CPD-20012	41176	HMDB	HMDB0029631_12_shen	Chalconaringenin	inchikey	1	TRUE	TRUE	1.70001612787019e-09	4.25004031967546e-06
APIGENIN	41177	HMDB	HMDB0029631_13_shen	Chalconaringenin	inchikey	1	TRUE	TRUE	1.70001612787019e-09	4.25004031967546e-06
CPD-20012	41177	HMDB	HMDB0029631_13_shen	Chalconaringenin	inchikey	1	TRUE	TRUE	1.70001612787019e-09	4.25004031967546e-06
APIGENIN	41178	HMDB	HMDB0029631_14_shen	Chalconaringenin	inchikey	1	TRUE	TRUE	1.70001612787019e-09	4.25004031967546e-06
CPD-20012	41178	HMDB	HMDB0029631_14_shen	Chalconaringenin	inchikey	1	TRUE	TRUE	1.70001612787019e-09	4.25004031967546e-06
APIGENIN	41179	HMDB	HMDB0029631_15_shen	Chalconaringenin	inchikey	1	TRUE	TRUE	1.70001612787019e-09	4.25004031967546e-06
CPD-20012	41179	HMDB	HMDB0029631_15_shen	Chalconaringenin	inchikey	1	TRUE	TRUE	1.70001612787019e-09	4.25004031967546e-06
APIGENIN	41180	HMDB	HMDB0029631_16_shen	Chalconaringenin	inchikey	1	TRUE	TRUE	1.70001612787019e-09	4.25004031967546e-06
CPD-20012	41180	HMDB	HMDB0029631_16_shen	Chalconaringenin	inchikey	1	TRUE	TRUE	1.70001612787019e-09	4.25004031967546e-06
APIGENIN	41181	HMDB	HMDB0029631_17_shen	Chalconaringenin	inchikey	1	TRUE	TRUE	1.70001612787019e-09	4.25004031967546e-06
CPD-20012	41181	HMDB	HMDB0029631_17_shen	Chalconaringenin	inchikey	1	TRUE	TRUE	1.70001612787019e-09	4.25004031967546e-06
APIGENIN	41182	HMDB	HMDB0029631_18_shen	Chalconaringenin	inchikey	1	TRUE	TRUE	1.70001612787019e-09	4.25004031967546e-06
CPD-20012	41182	HMDB	HMDB0029631_18_shen	Chalconaringenin	inchikey	1	TRUE	TRUE	1.70001612787019e-09	4.25004031967546e-06
APIGENIN	41183	HMDB	HMDB0029631_19_shen	Chalconaringenin	inchikey	1	TRUE	TRUE	1.70001612787019e-09	4.25004031967546e-06
CPD-20012	41183	HMDB	HMDB0029631_19_shen	Chalconaringenin	inchikey	1	TRUE	TRUE	1.70001612787019e-09	4.25004031967546e-06
APIGENIN	41184	HMDB	HMDB0029631_20_shen	Chalconaringenin	inchikey	1	TRUE	TRUE	1.70001612787019e-09	4.25004031967546e-06
CPD-20012	41184	HMDB	HMDB0029631_20_shen	Chalconaringenin	inchikey	1	TRUE	TRUE	1.70001612787019e-09	4.25004031967546e-06
APIGENIN	41185	HMDB	HMDB0029631_21_shen	Chalconaringenin	inchikey	1	TRUE	TRUE	1.70001612787019e-09	4.25004031967546e-06
CPD-20012	41185	HMDB	HMDB0029631_21_shen	Chalconaringenin	inchikey	1	TRUE	TRUE	1.70001612787019e-09	4.25004031967546e-06
APIGENIN	41186	HMDB	HMDB0029631_22_shen	Chalconaringenin	inchikey	1	TRUE	TRUE	1.70001612787019e-09	4.25004031967546e-06
CPD-20012	41186	HMDB	HMDB0029631_22_shen	Chalconaringenin	inchikey	1	TRUE	TRUE	1.70001612787019e-09	4.25004031967546e-06
APIGENIN	41187	HMDB	HMDB0029631_23_shen	Chalconaringenin	inchikey	1	TRUE	TRUE	1.70001612787019e-09	4.25004031967546e-06
CPD-20012	41187	HMDB	HMDB0029631_23_shen	Chalconaringenin	inchikey	1	TRUE	TRUE	1.70001612787019e-09	4.25004031967546e-06
CPD-6562	41390	HMDB	HMDB0029710_1_shen	DIMBOA-Glc	name_formula_mass	4	TRUE	TRUE	3.10001269099303e-09	7.75003172748256e-06
CPD-6562	41391	HMDB	HMDB0029710_2_shen	DIMBOA-Glc	name_formula_mass	4	TRUE	TRUE	3.10001269099303e-09	7.75003172748256e-06
CPD-6562	41392	HMDB	HMDB0029710_3_shen	DIMBOA-Glc	name_formula_mass	4	TRUE	TRUE	3.10001269099303e-09	7.75003172748256e-06
CPD-6562	41393	HMDB	HMDB0029710_4_shen	DIMBOA-Glc	name_formula_mass	4	TRUE	TRUE	3.10001269099303e-09	7.75003172748256e-06
INDOLE-3-CARBOXALDEHYDE	41433	HMDB	HMDB0029737_1_shen	Indole-3-carboxaldehyde	inchikey	1	TRUE	TRUE	9.99989424599335e-10	2.49997356149834e-06
INDOLE-3-CARBOXALDEHYDE	41434	HMDB	HMDB0029737_2_shen	Indole-3-carboxaldehyde	inchikey	1	TRUE	TRUE	9.99989424599335e-10	2.49997356149834e-06
INDOLE-3-CARBOXALDEHYDE	41435	HMDB	HMDB0029737_3_shen	Indole-3-carboxaldehyde	inchikey	1	TRUE	TRUE	9.99989424599335e-10	2.49997356149834e-06
INDOLE-3-CARBOXALDEHYDE	41436	HMDB	HMDB0029737_4_shen	Indole-3-carboxaldehyde	inchikey	1	TRUE	TRUE	9.99989424599335e-10	2.49997356149834e-06
INDOLE-3-CARBOXALDEHYDE	41437	HMDB	HMDB0029737_5_shen	Indole-3-carboxaldehyde	inchikey	1	TRUE	TRUE	9.99989424599335e-10	2.49997356149834e-06
INDOLE-3-CARBOXALDEHYDE	41438	HMDB	HMDB0029737_6_shen	Indole-3-carboxaldehyde	inchikey	1	TRUE	TRUE	9.99989424599335e-10	2.49997356149834e-06
INDOLE-3-CARBOXALDEHYDE	41439	HMDB	HMDB0029737_7_shen	Indole-3-carboxaldehyde	inchikey	1	TRUE	TRUE	9.99989424599335e-10	2.49997356149834e-06
INDOLE-3-CARBOXALDEHYDE	41440	HMDB	HMDB0029737_8_shen	Indole-3-carboxaldehyde	inchikey	1	TRUE	TRUE	9.99989424599335e-10	2.49997356149834e-06
INDOLE-3-CARBOXALDEHYDE	41441	HMDB	HMDB0029737_9_shen	Indole-3-carboxaldehyde	inchikey	1	TRUE	TRUE	9.99989424599335e-10	2.49997356149834e-06
INDOLE-3-CARBOXALDEHYDE	41442	HMDB	HMDB0029737_10_shen	Indole-3-carboxaldehyde	inchikey	1	TRUE	TRUE	9.99989424599335e-10	2.49997356149834e-06
INDOLE-3-CARBOXALDEHYDE	41443	HMDB	HMDB0029737_11_shen	Indole-3-carboxaldehyde	inchikey	1	TRUE	TRUE	9.99989424599335e-10	2.49997356149834e-06
INDOLE-3-CARBOXALDEHYDE	41444	HMDB	HMDB0029737_12_shen	Indole-3-carboxaldehyde	inchikey	1	TRUE	TRUE	9.99989424599335e-10	2.49997356149834e-06
INDOLE-3-CARBOXALDEHYDE	41445	HMDB	HMDB0029737_13_shen	Indole-3-carboxaldehyde	inchikey	1	TRUE	TRUE	9.99989424599335e-10	2.49997356149834e-06
INDOLE-3-CARBOXALDEHYDE	41446	HMDB	HMDB0029737_14_shen	Indole-3-carboxaldehyde	inchikey	1	TRUE	TRUE	9.99989424599335e-10	2.49997356149834e-06
INDOLE-3-CARBOXALDEHYDE	41447	HMDB	HMDB0029737_15_shen	Indole-3-carboxaldehyde	inchikey	1	TRUE	TRUE	9.99989424599335e-10	2.49997356149834e-06
INDOLE-3-CARBOXALDEHYDE	41448	HMDB	HMDB0029737_16_shen	Indole-3-carboxaldehyde	inchikey	1	TRUE	TRUE	9.99989424599335e-10	2.49997356149834e-06
INDOLE-3-CARBOXALDEHYDE	41449	HMDB	HMDB0029737_17_shen	Indole-3-carboxaldehyde	inchikey	1	TRUE	TRUE	9.99989424599335e-10	2.49997356149834e-06
INDOLE-3-CARBOXALDEHYDE	41450	HMDB	HMDB0029737_18_shen	Indole-3-carboxaldehyde	inchikey	1	TRUE	TRUE	9.99989424599335e-10	2.49997356149834e-06
INDOLE-3-CARBOXALDEHYDE	41451	HMDB	HMDB0029737_19_shen	Indole-3-carboxaldehyde	inchikey	1	TRUE	TRUE	9.99989424599335e-10	2.49997356149834e-06
INDOLE-3-CARBOXALDEHYDE	41452	HMDB	HMDB0029737_20_shen	Indole-3-carboxaldehyde	inchikey	1	TRUE	TRUE	9.99989424599335e-10	2.49997356149834e-06
INDOLE-3-CARBOXALDEHYDE	41453	HMDB	HMDB0029737_21_shen	Indole-3-carboxaldehyde	inchikey	1	TRUE	TRUE	9.99989424599335e-10	2.49997356149834e-06
INDOLE-3-CARBOXALDEHYDE	41454	HMDB	HMDB0029737_22_shen	Indole-3-carboxaldehyde	inchikey	1	TRUE	TRUE	9.99989424599335e-10	2.49997356149834e-06
INDOLE-3-CARBOXALDEHYDE	41455	HMDB	HMDB0029737_23_shen	Indole-3-carboxaldehyde	inchikey	1	TRUE	TRUE	9.99989424599335e-10	2.49997356149834e-06
CPD-10546	41456	HMDB	HMDB0029738_1_shen	Indole-3-methyl acetate	inchikey	1	TRUE	TRUE	1.50001255860843e-09	3.75003139652108e-06
CPD-10546	41457	HMDB	HMDB0029738_2_shen	Indole-3-methyl acetate	inchikey	1	TRUE	TRUE	1.50001255860843e-09	3.75003139652108e-06
CPD-10546	41458	HMDB	HMDB0029738_3_shen	Indole-3-methyl acetate	inchikey	1	TRUE	TRUE	1.50001255860843e-09	3.75003139652108e-06
CPD-10546	41459	HMDB	HMDB0029738_4_shen	Indole-3-methyl acetate	inchikey	1	TRUE	TRUE	1.50001255860843e-09	3.75003139652108e-06
CPD-10546	41460	HMDB	HMDB0029738_5_shen	Indole-3-methyl acetate	inchikey	1	TRUE	TRUE	1.50001255860843e-09	3.75003139652108e-06
CPD-10546	41461	HMDB	HMDB0029738_6_shen	Indole-3-methyl acetate	inchikey	1	TRUE	TRUE	1.50001255860843e-09	3.75003139652108e-06
CPD-10546	41462	HMDB	HMDB0029738_7_shen	Indole-3-methyl acetate	inchikey	1	TRUE	TRUE	1.50001255860843e-09	3.75003139652108e-06
CPD-10546	41463	HMDB	HMDB0029738_8_shen	Indole-3-methyl acetate	inchikey	1	TRUE	TRUE	1.50001255860843e-09	3.75003139652108e-06
CPD-10546	41464	HMDB	HMDB0029738_9_shen	Indole-3-methyl acetate	inchikey	1	TRUE	TRUE	1.50001255860843e-09	3.75003139652108e-06
CPD-10546	41465	HMDB	HMDB0029738_10_shen	Indole-3-methyl acetate	inchikey	1	TRUE	TRUE	1.50001255860843e-09	3.75003139652108e-06
CPD-237	41466	HMDB	HMDB0029739_1_shen	Indole-3-acetamide	inchikey	1	TRUE	TRUE	1.499984136899e-09	3.7499603422475e-06
CPD-237	41467	HMDB	HMDB0029739_2_shen	Indole-3-acetamide	inchikey	1	TRUE	TRUE	1.499984136899e-09	3.7499603422475e-06
CPD-237	41468	HMDB	HMDB0029739_3_shen	Indole-3-acetamide	inchikey	1	TRUE	TRUE	1.499984136899e-09	3.7499603422475e-06
CPD-237	41469	HMDB	HMDB0029739_4_shen	Indole-3-acetamide	inchikey	1	TRUE	TRUE	1.499984136899e-09	3.7499603422475e-06
CPD-237	41470	HMDB	HMDB0029739_5_shen	Indole-3-acetamide	inchikey	1	TRUE	TRUE	1.499984136899e-09	3.7499603422475e-06
CPD-237	41471	HMDB	HMDB0029739_6_shen	Indole-3-acetamide	inchikey	1	TRUE	TRUE	1.499984136899e-09	3.7499603422475e-06
CPD-237	41472	HMDB	HMDB0029739_7_shen	Indole-3-acetamide	inchikey	1	TRUE	TRUE	1.499984136899e-09	3.7499603422475e-06
CPD-237	41473	HMDB	HMDB0029739_8_shen	Indole-3-acetamide	inchikey	1	TRUE	TRUE	1.499984136899e-09	3.7499603422475e-06
CPD-237	41474	HMDB	HMDB0029739_9_shen	Indole-3-acetamide	inchikey	1	TRUE	TRUE	1.499984136899e-09	3.7499603422475e-06
CPD-237	41475	HMDB	HMDB0029739_10_shen	Indole-3-acetamide	inchikey	1	TRUE	TRUE	1.499984136899e-09	3.7499603422475e-06
CPD-237	41476	HMDB	HMDB0029739_11_shen	Indole-3-acetamide	inchikey	1	TRUE	TRUE	1.499984136899e-09	3.7499603422475e-06
CPD-237	41477	HMDB	HMDB0029739_12_shen	Indole-3-acetamide	inchikey	1	TRUE	TRUE	1.499984136899e-09	3.7499603422475e-06
CPD-237	41478	HMDB	HMDB0029739_13_shen	Indole-3-acetamide	inchikey	1	TRUE	TRUE	1.499984136899e-09	3.7499603422475e-06
CPD-237	41479	HMDB	HMDB0029739_14_shen	Indole-3-acetamide	inchikey	1	TRUE	TRUE	1.499984136899e-09	3.7499603422475e-06
CPD-237	41480	HMDB	HMDB0029739_15_shen	Indole-3-acetamide	inchikey	1	TRUE	TRUE	1.499984136899e-09	3.7499603422475e-06
CPD-237	41481	HMDB	HMDB0029739_16_shen	Indole-3-acetamide	inchikey	1	TRUE	TRUE	1.499984136899e-09	3.7499603422475e-06
CPD-237	41482	HMDB	HMDB0029739_17_shen	Indole-3-acetamide	inchikey	1	TRUE	TRUE	1.499984136899e-09	3.7499603422475e-06
CPD-237	41483	HMDB	HMDB0029739_18_shen	Indole-3-acetamide	inchikey	1	TRUE	TRUE	1.499984136899e-09	3.7499603422475e-06
CPD-9828	41565	HMDB	HMDB0029758_1_shen	Herniarin	name_formula_mass	4	TRUE	TRUE	5.0999915401917e-09	1.27499788504792e-05
CPD-9828	41566	HMDB	HMDB0029758_2_shen	Herniarin	name_formula_mass	4	TRUE	TRUE	5.0999915401917e-09	1.27499788504792e-05
CPD-9828	41567	HMDB	HMDB0029758_3_shen	Herniarin	name_formula_mass	4	TRUE	TRUE	5.0999915401917e-09	1.27499788504792e-05
CPD-9828	41568	HMDB	HMDB0029758_4_shen	Herniarin	name_formula_mass	4	TRUE	TRUE	5.0999915401917e-09	1.27499788504792e-05
CPD-9828	41569	HMDB	HMDB0029758_5_shen	Herniarin	name_formula_mass	4	TRUE	TRUE	5.0999915401917e-09	1.27499788504792e-05
CPD-9828	41570	HMDB	HMDB0029758_6_shen	Herniarin	name_formula_mass	4	TRUE	TRUE	5.0999915401917e-09	1.27499788504792e-05
CPD-9828	41571	HMDB	HMDB0029758_7_shen	Herniarin	name_formula_mass	4	TRUE	TRUE	5.0999915401917e-09	1.27499788504792e-05
CPD-9828	41572	HMDB	HMDB0029758_8_shen	Herniarin	name_formula_mass	4	TRUE	TRUE	5.0999915401917e-09	1.27499788504792e-05
CPD-9828	41573	HMDB	HMDB0029758_9_shen	Herniarin	name_formula_mass	4	TRUE	TRUE	5.0999915401917e-09	1.27499788504792e-05
CPD-9828	41574	HMDB	HMDB0029758_10_shen	Herniarin	name_formula_mass	4	TRUE	TRUE	5.0999915401917e-09	1.27499788504792e-05
CPD-9828	41575	HMDB	HMDB0029758_11_shen	Herniarin	name_formula_mass	4	TRUE	TRUE	5.0999915401917e-09	1.27499788504792e-05
CPD-9828	41576	HMDB	HMDB0029758_12_shen	Herniarin	name_formula_mass	4	TRUE	TRUE	5.0999915401917e-09	1.27499788504792e-05
CPD-9828	41577	HMDB	HMDB0029758_13_shen	Herniarin	name_formula_mass	4	TRUE	TRUE	5.0999915401917e-09	1.27499788504792e-05
CPD-9828	41578	HMDB	HMDB0029758_14_shen	Herniarin	name_formula_mass	4	TRUE	TRUE	5.0999915401917e-09	1.27499788504792e-05
CPD-9828	41579	HMDB	HMDB0029758_15_shen	Herniarin	name_formula_mass	4	TRUE	TRUE	5.0999915401917e-09	1.27499788504792e-05
CPD-9828	41580	HMDB	HMDB0029758_16_shen	Herniarin	name_formula_mass	4	TRUE	TRUE	5.0999915401917e-09	1.27499788504792e-05
CPD-8186	41737	HMDB	HMDB0029865_1_shen	Umbelliferone	inchikey	1	TRUE	TRUE	5.90000581723871e-09	1.47500145430968e-05
CPD-8186	41738	HMDB	HMDB0029865_2_shen	Umbelliferone	inchikey	1	TRUE	TRUE	5.90000581723871e-09	1.47500145430968e-05
CPD-8186	41739	HMDB	HMDB0029865_3_shen	Umbelliferone	inchikey	1	TRUE	TRUE	5.90000581723871e-09	1.47500145430968e-05
CPD-8186	41740	HMDB	HMDB0029865_4_shen	Umbelliferone	inchikey	1	TRUE	TRUE	5.90000581723871e-09	1.47500145430968e-05
CPD-8186	41741	HMDB	HMDB0029865_5_shen	Umbelliferone	inchikey	1	TRUE	TRUE	5.90000581723871e-09	1.47500145430968e-05
CPD-8186	41742	HMDB	HMDB0029865_6_shen	Umbelliferone	inchikey	1	TRUE	TRUE	5.90000581723871e-09	1.47500145430968e-05
CPD-8186	41743	HMDB	HMDB0029865_7_shen	Umbelliferone	inchikey	1	TRUE	TRUE	5.90000581723871e-09	1.47500145430968e-05
CPD-8186	41744	HMDB	HMDB0029865_8_shen	Umbelliferone	inchikey	1	TRUE	TRUE	5.90000581723871e-09	1.47500145430968e-05
CPD-8186	41745	HMDB	HMDB0029865_9_shen	Umbelliferone	inchikey	1	TRUE	TRUE	5.90000581723871e-09	1.47500145430968e-05
CPD-8186	41746	HMDB	HMDB0029865_10_shen	Umbelliferone	inchikey	1	TRUE	TRUE	5.90000581723871e-09	1.47500145430968e-05
CPD-8186	41747	HMDB	HMDB0029865_11_shen	Umbelliferone	inchikey	1	TRUE	TRUE	5.90000581723871e-09	1.47500145430968e-05
CPD-8186	41748	HMDB	HMDB0029865_12_shen	Umbelliferone	inchikey	1	TRUE	TRUE	5.90000581723871e-09	1.47500145430968e-05
CPD-8186	41749	HMDB	HMDB0029865_13_shen	Umbelliferone	inchikey	1	TRUE	TRUE	5.90000581723871e-09	1.47500145430968e-05
CPD-8186	41750	HMDB	HMDB0029865_14_shen	Umbelliferone	inchikey	1	TRUE	TRUE	5.90000581723871e-09	1.47500145430968e-05
CPD-8186	41751	HMDB	HMDB0029865_15_shen	Umbelliferone	inchikey	1	TRUE	TRUE	5.90000581723871e-09	1.47500145430968e-05
CPD-8186	41752	HMDB	HMDB0029865_16_shen	Umbelliferone	inchikey	1	TRUE	TRUE	5.90000581723871e-09	1.47500145430968e-05
CPD-8186	41753	HMDB	HMDB0029865_17_shen	Umbelliferone	inchikey	1	TRUE	TRUE	5.90000581723871e-09	1.47500145430968e-05
CPD-8186	41754	HMDB	HMDB0029865_18_shen	Umbelliferone	inchikey	1	TRUE	TRUE	5.90000581723871e-09	1.47500145430968e-05
CPD-8186	41755	HMDB	HMDB0029865_19_shen	Umbelliferone	inchikey	1	TRUE	TRUE	5.90000581723871e-09	1.47500145430968e-05
CPD-8186	41756	HMDB	HMDB0029865_20_shen	Umbelliferone	inchikey	1	TRUE	TRUE	5.90000581723871e-09	1.47500145430968e-05
CPD-8186	41757	HMDB	HMDB0029865_21_shen	Umbelliferone	inchikey	1	TRUE	TRUE	5.90000581723871e-09	1.47500145430968e-05
CPD-8186	41758	HMDB	HMDB0029865_22_shen	Umbelliferone	inchikey	1	TRUE	TRUE	5.90000581723871e-09	1.47500145430968e-05
CPD-8186	41759	HMDB	HMDB0029865_23_shen	Umbelliferone	inchikey	1	TRUE	TRUE	5.90000581723871e-09	1.47500145430968e-05
CPD-8186	41760	HMDB	HMDB0029865_24_shen	Umbelliferone	inchikey	1	TRUE	TRUE	5.90000581723871e-09	1.47500145430968e-05
CPD-8186	41761	HMDB	HMDB0029865_25_shen	Umbelliferone	inchikey	1	TRUE	TRUE	5.90000581723871e-09	1.47500145430968e-05
CPD-8186	41762	HMDB	HMDB0029865_26_shen	Umbelliferone	inchikey	1	TRUE	TRUE	5.90000581723871e-09	1.47500145430968e-05
CPD-8186	41763	HMDB	HMDB0029865_27_shen	Umbelliferone	inchikey	1	TRUE	TRUE	5.90000581723871e-09	1.47500145430968e-05
CPD-8186	41764	HMDB	HMDB0029865_28_shen	Umbelliferone	inchikey	1	TRUE	TRUE	5.90000581723871e-09	1.47500145430968e-05
CPD-8186	41765	HMDB	HMDB0029865_29_shen	Umbelliferone	inchikey	1	TRUE	TRUE	5.90000581723871e-09	1.47500145430968e-05
CPD-8186	41766	HMDB	HMDB0029865_30_shen	Umbelliferone	inchikey	1	TRUE	TRUE	5.90000581723871e-09	1.47500145430968e-05
CPD-8186	41767	HMDB	HMDB0029865_31_shen	Umbelliferone	inchikey	1	TRUE	TRUE	5.90000581723871e-09	1.47500145430968e-05
CPD-8186	41768	HMDB	HMDB0029865_32_shen	Umbelliferone	inchikey	1	TRUE	TRUE	5.90000581723871e-09	1.47500145430968e-05
CPD-8186	41769	HMDB	HMDB0029865_33_shen	Umbelliferone	inchikey	1	TRUE	TRUE	5.90000581723871e-09	1.47500145430968e-05
CPD-8186	41770	HMDB	HMDB0029865_34_shen	Umbelliferone	inchikey	1	TRUE	TRUE	5.90000581723871e-09	1.47500145430968e-05
CPD-8186	41771	HMDB	HMDB0029865_35_shen	Umbelliferone	inchikey	1	TRUE	TRUE	5.90000581723871e-09	1.47500145430968e-05
CPD-8186	41772	HMDB	HMDB0029865_36_shen	Umbelliferone	inchikey	1	TRUE	TRUE	5.90000581723871e-09	1.47500145430968e-05
CPD-8186	41773	HMDB	HMDB0029865_37_shen	Umbelliferone	inchikey	1	TRUE	TRUE	5.90000581723871e-09	1.47500145430968e-05
CPD-8186	41774	HMDB	HMDB0029865_38_shen	Umbelliferone	inchikey	1	TRUE	TRUE	5.90000581723871e-09	1.47500145430968e-05
CPD-8186	41775	HMDB	HMDB0029865_39_shen	Umbelliferone	inchikey	1	TRUE	TRUE	5.90000581723871e-09	1.47500145430968e-05
CPD-8186	41776	HMDB	HMDB0029865_40_shen	Umbelliferone	inchikey	1	TRUE	TRUE	5.90000581723871e-09	1.47500145430968e-05
CPD-8186	41777	HMDB	HMDB0029865_41_shen	Umbelliferone	inchikey	1	TRUE	TRUE	5.90000581723871e-09	1.47500145430968e-05
CPD-8186	41778	HMDB	HMDB0029865_42_shen	Umbelliferone	inchikey	1	TRUE	TRUE	5.90000581723871e-09	1.47500145430968e-05
CPD-8186	41779	HMDB	HMDB0029865_43_shen	Umbelliferone	inchikey	1	TRUE	TRUE	5.90000581723871e-09	1.47500145430968e-05
CPD-8186	41780	HMDB	HMDB0029865_44_shen	Umbelliferone	inchikey	1	TRUE	TRUE	5.90000581723871e-09	1.47500145430968e-05
CPD-8186	41781	HMDB	HMDB0029865_45_shen	Umbelliferone	inchikey	1	TRUE	TRUE	5.90000581723871e-09	1.47500145430968e-05
CPD-8186	41782	HMDB	HMDB0029865_46_shen	Umbelliferone	inchikey	1	TRUE	TRUE	5.90000581723871e-09	1.47500145430968e-05
CPD-8186	41783	HMDB	HMDB0029865_47_shen	Umbelliferone	inchikey	1	TRUE	TRUE	5.90000581723871e-09	1.47500145430968e-05
CPD-8186	41784	HMDB	HMDB0029865_48_shen	Umbelliferone	inchikey	1	TRUE	TRUE	5.90000581723871e-09	1.47500145430968e-05
CPD-8186	41785	HMDB	HMDB0029865_49_shen	Umbelliferone	inchikey	1	TRUE	TRUE	5.90000581723871e-09	1.47500145430968e-05
CPD-8186	41786	HMDB	HMDB0029865_50_shen	Umbelliferone	inchikey	1	TRUE	TRUE	5.90000581723871e-09	1.47500145430968e-05
CPD-8186	41787	HMDB	HMDB0029865_51_shen	Umbelliferone	inchikey	1	TRUE	TRUE	5.90000581723871e-09	1.47500145430968e-05
CPD-8186	41788	HMDB	HMDB0029865_52_shen	Umbelliferone	inchikey	1	TRUE	TRUE	5.90000581723871e-09	1.47500145430968e-05
CPD-8186	41789	HMDB	HMDB0029865_53_shen	Umbelliferone	inchikey	1	TRUE	TRUE	5.90000581723871e-09	1.47500145430968e-05
CPD-8186	41790	HMDB	HMDB0029865_54_shen	Umbelliferone	inchikey	1	TRUE	TRUE	5.90000581723871e-09	1.47500145430968e-05
CPD-8186	41791	HMDB	HMDB0029865_55_shen	Umbelliferone	inchikey	1	TRUE	TRUE	5.90000581723871e-09	1.47500145430968e-05
CPD-8186	41792	HMDB	HMDB0029865_56_shen	Umbelliferone	inchikey	1	TRUE	TRUE	5.90000581723871e-09	1.47500145430968e-05
CPD-8186	41793	HMDB	HMDB0029865_57_shen	Umbelliferone	inchikey	1	TRUE	TRUE	5.90000581723871e-09	1.47500145430968e-05
D-TARTRATE	41799	HMDB	HMDB0029878_1_shen	D-Tartaric acid	inchikey_connectivity_formula_mass	2	FALSE	TRUE	1.19999299386109e-09	2.99998248465272e-06
D-TARTRATE	41800	HMDB	HMDB0029878_2_shen	D-Tartaric acid	inchikey_connectivity_formula_mass	2	FALSE	TRUE	1.19999299386109e-09	2.99998248465272e-06
D-TARTRATE	41801	HMDB	HMDB0029878_3_shen	D-Tartaric acid	inchikey_connectivity_formula_mass	2	FALSE	TRUE	1.19999299386109e-09	2.99998248465272e-06
D-TARTRATE	41802	HMDB	HMDB0029878_4_shen	D-Tartaric acid	inchikey_connectivity_formula_mass	2	FALSE	TRUE	1.19999299386109e-09	2.99998248465272e-06
D-TARTRATE	41803	HMDB	HMDB0029878_5_shen	D-Tartaric acid	inchikey_connectivity_formula_mass	2	FALSE	TRUE	1.19999299386109e-09	2.99998248465272e-06
CPD-17600	41828	HMDB	HMDB0030087_1_shen	(-)-Arctigenin	inchikey	1	TRUE	TRUE	3.00002511721686e-09	7.50006279304216e-06
CPD-17600	41829	HMDB	HMDB0030087_2_shen	(-)-Arctigenin	inchikey	1	TRUE	TRUE	3.00002511721686e-09	7.50006279304216e-06
CPD-17600	41830	HMDB	HMDB0030087_3_shen	(-)-Arctigenin	inchikey	1	TRUE	TRUE	3.00002511721686e-09	7.50006279304216e-06
CPD-17600	41831	HMDB	HMDB0030087_4_shen	(-)-Arctigenin	inchikey	1	TRUE	TRUE	3.00002511721686e-09	7.50006279304216e-06
CPD-17600	41832	HMDB	HMDB0030087_5_shen	(-)-Arctigenin	inchikey	1	TRUE	TRUE	3.00002511721686e-09	7.50006279304216e-06
CPD-17600	41833	HMDB	HMDB0030087_6_shen	(-)-Arctigenin	inchikey	1	TRUE	TRUE	3.00002511721686e-09	7.50006279304216e-06
CPD-17600	41834	HMDB	HMDB0030087_7_shen	(-)-Arctigenin	inchikey	1	TRUE	TRUE	3.00002511721686e-09	7.50006279304216e-06
CPD-17600	41835	HMDB	HMDB0030087_8_shen	(-)-Arctigenin	inchikey	1	TRUE	TRUE	3.00002511721686e-09	7.50006279304216e-06
CPD-17600	41836	HMDB	HMDB0030087_9_shen	(-)-Arctigenin	inchikey	1	TRUE	TRUE	3.00002511721686e-09	7.50006279304216e-06
CPD-17600	41837	HMDB	HMDB0030087_10_shen	(-)-Arctigenin	inchikey	1	TRUE	TRUE	3.00002511721686e-09	7.50006279304216e-06
CPD-17600	41838	HMDB	HMDB0030087_11_shen	(-)-Arctigenin	inchikey	1	TRUE	TRUE	3.00002511721686e-09	7.50006279304216e-06
CPD-17600	41839	HMDB	HMDB0030087_12_shen	(-)-Arctigenin	inchikey	1	TRUE	TRUE	3.00002511721686e-09	7.50006279304216e-06
CPD-17600	41840	HMDB	HMDB0030087_13_shen	(-)-Arctigenin	inchikey	1	TRUE	TRUE	3.00002511721686e-09	7.50006279304216e-06
CPD-17600	41841	HMDB	HMDB0030087_14_shen	(-)-Arctigenin	inchikey	1	TRUE	TRUE	3.00002511721686e-09	7.50006279304216e-06
CPD-17600	41842	HMDB	HMDB0030087_15_shen	(-)-Arctigenin	inchikey	1	TRUE	TRUE	3.00002511721686e-09	7.50006279304216e-06
CPD-17600	41843	HMDB	HMDB0030087_16_shen	(-)-Arctigenin	inchikey	1	TRUE	TRUE	3.00002511721686e-09	7.50006279304216e-06
CPD-17600	41844	HMDB	HMDB0030087_17_shen	(-)-Arctigenin	inchikey	1	TRUE	TRUE	3.00002511721686e-09	7.50006279304216e-06
CPD-17600	41845	HMDB	HMDB0030087_18_shen	(-)-Arctigenin	inchikey	1	TRUE	TRUE	3.00002511721686e-09	7.50006279304216e-06
CPD-17600	41846	HMDB	HMDB0030087_19_shen	(-)-Arctigenin	inchikey	1	TRUE	TRUE	3.00002511721686e-09	7.50006279304216e-06
CPD-7079	41847	HMDB	HMDB0030090_1_shen	Sakuranetin	inchikey	1	TRUE	TRUE	1.89999127542251e-09	4.74997818855627e-06
CPD-7079	41848	HMDB	HMDB0030090_2_shen	Sakuranetin	inchikey	1	TRUE	TRUE	1.89999127542251e-09	4.74997818855627e-06
CPD-7079	41849	HMDB	HMDB0030090_3_shen	Sakuranetin	inchikey	1	TRUE	TRUE	1.89999127542251e-09	4.74997818855627e-06
CPD-7079	41850	HMDB	HMDB0030090_4_shen	Sakuranetin	inchikey	1	TRUE	TRUE	1.89999127542251e-09	4.74997818855627e-06
CPD-7079	41851	HMDB	HMDB0030090_5_shen	Sakuranetin	inchikey	1	TRUE	TRUE	1.89999127542251e-09	4.74997818855627e-06
CPD-7079	41852	HMDB	HMDB0030090_6_shen	Sakuranetin	inchikey	1	TRUE	TRUE	1.89999127542251e-09	4.74997818855627e-06
CPD-7079	41853	HMDB	HMDB0030090_7_shen	Sakuranetin	inchikey	1	TRUE	TRUE	1.89999127542251e-09	4.74997818855627e-06
CPD-7079	41854	HMDB	HMDB0030090_8_shen	Sakuranetin	inchikey	1	TRUE	TRUE	1.89999127542251e-09	4.74997818855627e-06
CPD-7079	41855	HMDB	HMDB0030090_9_shen	Sakuranetin	inchikey	1	TRUE	TRUE	1.89999127542251e-09	4.74997818855627e-06
CPD-7079	41856	HMDB	HMDB0030090_10_shen	Sakuranetin	inchikey	1	TRUE	TRUE	1.89999127542251e-09	4.74997818855627e-06
CPD-7079	41857	HMDB	HMDB0030090_11_shen	Sakuranetin	inchikey	1	TRUE	TRUE	1.89999127542251e-09	4.74997818855627e-06
CPD-7079	41858	HMDB	HMDB0030090_12_shen	Sakuranetin	inchikey	1	TRUE	TRUE	1.89999127542251e-09	4.74997818855627e-06
CPD-7079	41859	HMDB	HMDB0030090_13_shen	Sakuranetin	inchikey	1	TRUE	TRUE	1.89999127542251e-09	4.74997818855627e-06
CPD-7079	41860	HMDB	HMDB0030090_14_shen	Sakuranetin	inchikey	1	TRUE	TRUE	1.89999127542251e-09	4.74997818855627e-06
CPD-7079	41861	HMDB	HMDB0030090_15_shen	Sakuranetin	inchikey	1	TRUE	TRUE	1.89999127542251e-09	4.74997818855627e-06
CPD-7079	41862	HMDB	HMDB0030090_16_shen	Sakuranetin	inchikey	1	TRUE	TRUE	1.89999127542251e-09	4.74997818855627e-06
CPD-7079	41863	HMDB	HMDB0030090_17_shen	Sakuranetin	inchikey	1	TRUE	TRUE	1.89999127542251e-09	4.74997818855627e-06
CPD-7079	41864	HMDB	HMDB0030090_18_shen	Sakuranetin	inchikey	1	TRUE	TRUE	1.89999127542251e-09	4.74997818855627e-06
CPD-7079	41865	HMDB	HMDB0030090_19_shen	Sakuranetin	inchikey	1	TRUE	TRUE	1.89999127542251e-09	4.74997818855627e-06
GLUCOSAMINE	41866	HMDB	HMDB0030091_1_shen	beta-D-Glucosamine	name_formula_mass	4	FALSE	TRUE	2.00006411432696e-09	5.0001602858174e-06
GLUCOSAMINE	41867	HMDB	HMDB0030091_2_shen	beta-D-Glucosamine	name_formula_mass	4	FALSE	TRUE	2.00006411432696e-09	5.0001602858174e-06
GLUCOSAMINE	41868	HMDB	HMDB0030091_3_shen	beta-D-Glucosamine	name_formula_mass	4	FALSE	TRUE	2.00006411432696e-09	5.0001602858174e-06
GLUCOSAMINE	41869	HMDB	HMDB0030091_4_shen	beta-D-Glucosamine	name_formula_mass	4	FALSE	TRUE	2.00006411432696e-09	5.0001602858174e-06
GLUCOSAMINE	41870	HMDB	HMDB0030091_5_shen	beta-D-Glucosamine	name_formula_mass	4	FALSE	TRUE	2.00006411432696e-09	5.0001602858174e-06
GLUCOSAMINE	41871	HMDB	HMDB0030091_6_shen	beta-D-Glucosamine	name_formula_mass	4	FALSE	TRUE	2.00006411432696e-09	5.0001602858174e-06
GLUCOSAMINE	41872	HMDB	HMDB0030091_7_shen	beta-D-Glucosamine	name_formula_mass	4	FALSE	TRUE	2.00006411432696e-09	5.0001602858174e-06
GLUCOSAMINE	41873	HMDB	HMDB0030091_8_shen	beta-D-Glucosamine	name_formula_mass	4	FALSE	TRUE	2.00006411432696e-09	5.0001602858174e-06
GLUCOSAMINE	41874	HMDB	HMDB0030091_9_shen	beta-D-Glucosamine	name_formula_mass	4	FALSE	TRUE	2.00006411432696e-09	5.0001602858174e-06
CPD-14493	41885	HMDB	HMDB0030094_1_shen	Betulinic acid	inchikey_connectivity_formula_mass	2	FALSE	TRUE	1.0999769983755e-09	2.41032554525361e-06
CPD-14493	41886	HMDB	HMDB0030094_2_shen	Betulinic acid	inchikey_connectivity_formula_mass	2	FALSE	TRUE	1.0999769983755e-09	2.41032554525361e-06
CPD-14493	41887	HMDB	HMDB0030094_3_shen	Betulinic acid	inchikey_connectivity_formula_mass	2	FALSE	TRUE	1.0999769983755e-09	2.41032554525361e-06
CPD-14493	41888	HMDB	HMDB0030094_4_shen	Betulinic acid	inchikey_connectivity_formula_mass	2	FALSE	TRUE	1.0999769983755e-09	2.41032554525361e-06
CPD-14493	41889	HMDB	HMDB0030094_5_shen	Betulinic acid	inchikey_connectivity_formula_mass	2	FALSE	TRUE	1.0999769983755e-09	2.41032554525361e-06
CPD-14493	41890	HMDB	HMDB0030094_6_shen	Betulinic acid	inchikey_connectivity_formula_mass	2	FALSE	TRUE	1.0999769983755e-09	2.41032554525361e-06
CPD-14493	41891	HMDB	HMDB0030094_7_shen	Betulinic acid	inchikey_connectivity_formula_mass	2	FALSE	TRUE	1.0999769983755e-09	2.41032554525361e-06
CPD-14493	41892	HMDB	HMDB0030094_8_shen	Betulinic acid	inchikey_connectivity_formula_mass	2	FALSE	TRUE	1.0999769983755e-09	2.41032554525361e-06
CPD-14493	41893	HMDB	HMDB0030094_9_shen	Betulinic acid	inchikey_connectivity_formula_mass	2	FALSE	TRUE	1.0999769983755e-09	2.41032554525361e-06
CPD-14493	41894	HMDB	HMDB0030094_10_shen	Betulinic acid	inchikey_connectivity_formula_mass	2	FALSE	TRUE	1.0999769983755e-09	2.41032554525361e-06
CPD-14493	41895	HMDB	HMDB0030094_11_shen	Betulinic acid	inchikey_connectivity_formula_mass	2	FALSE	TRUE	1.0999769983755e-09	2.41032554525361e-06
CPD-14493	41896	HMDB	HMDB0030094_12_shen	Betulinic acid	inchikey_connectivity_formula_mass	2	FALSE	TRUE	1.0999769983755e-09	2.41032554525361e-06
CPD-14493	41897	HMDB	HMDB0030094_13_shen	Betulinic acid	inchikey_connectivity_formula_mass	2	FALSE	TRUE	1.0999769983755e-09	2.41032554525361e-06
CPD-14493	41898	HMDB	HMDB0030094_14_shen	Betulinic acid	inchikey_connectivity_formula_mass	2	FALSE	TRUE	1.0999769983755e-09	2.41032554525361e-06
CPD-14493	41899	HMDB	HMDB0030094_15_shen	Betulinic acid	inchikey_connectivity_formula_mass	2	FALSE	TRUE	1.0999769983755e-09	2.41032554525361e-06
CPD-14493	41900	HMDB	HMDB0030094_16_shen	Betulinic acid	inchikey_connectivity_formula_mass	2	FALSE	TRUE	1.0999769983755e-09	2.41032554525361e-06
CPD-14493	41901	HMDB	HMDB0030094_17_shen	Betulinic acid	inchikey_connectivity_formula_mass	2	FALSE	TRUE	1.0999769983755e-09	2.41032554525361e-06
CPD-14493	41902	HMDB	HMDB0030094_18_shen	Betulinic acid	inchikey_connectivity_formula_mass	2	FALSE	TRUE	1.0999769983755e-09	2.41032554525361e-06
CPD-14493	41903	HMDB	HMDB0030094_19_shen	Betulinic acid	inchikey_connectivity_formula_mass	2	FALSE	TRUE	1.0999769983755e-09	2.41032554525361e-06
CPD-14493	41904	HMDB	HMDB0030094_20_shen	Betulinic acid	inchikey_connectivity_formula_mass	2	FALSE	TRUE	1.0999769983755e-09	2.41032554525361e-06
CPD-14493	41905	HMDB	HMDB0030094_21_shen	Betulinic acid	inchikey_connectivity_formula_mass	2	FALSE	TRUE	1.0999769983755e-09	2.41032554525361e-06
CPD-14493	41906	HMDB	HMDB0030094_22_shen	Betulinic acid	inchikey_connectivity_formula_mass	2	FALSE	TRUE	1.0999769983755e-09	2.41032554525361e-06
CPD-14493	41907	HMDB	HMDB0030094_23_shen	Betulinic acid	inchikey_connectivity_formula_mass	2	FALSE	TRUE	1.0999769983755e-09	2.41032554525361e-06
CPD-1863	42008	HMDB	HMDB0030243_1_shen	Glucobrassicin	name_formula_mass	4	FALSE	TRUE	3.29998783854535e-09	7.36504109759594e-06
CPD-1863	42009	HMDB	HMDB0030243_2_shen	Glucobrassicin	name_formula_mass	4	FALSE	TRUE	3.29998783854535e-09	7.36504109759594e-06
CPD-1863	42010	HMDB	HMDB0030243_3_shen	Glucobrassicin	name_formula_mass	4	FALSE	TRUE	3.29998783854535e-09	7.36504109759594e-06
CPD-1863	42011	HMDB	HMDB0030243_4_shen	Glucobrassicin	name_formula_mass	4	FALSE	TRUE	3.29998783854535e-09	7.36504109759594e-06
CPD-1863	42012	HMDB	HMDB0030243_5_shen	Glucobrassicin	name_formula_mass	4	FALSE	TRUE	3.29998783854535e-09	7.36504109759594e-06
CPD-1863	42013	HMDB	HMDB0030243_6_shen	Glucobrassicin	name_formula_mass	4	FALSE	TRUE	3.29998783854535e-09	7.36504109759594e-06
CPD-1863	42014	HMDB	HMDB0030243_7_shen	Glucobrassicin	name_formula_mass	4	FALSE	TRUE	3.29998783854535e-09	7.36504109759594e-06
CPD-1863	42015	HMDB	HMDB0030243_8_shen	Glucobrassicin	name_formula_mass	4	FALSE	TRUE	3.29998783854535e-09	7.36504109759594e-06
CPD-1863	42016	HMDB	HMDB0030243_9_shen	Glucobrassicin	name_formula_mass	4	FALSE	TRUE	3.29998783854535e-09	7.36504109759594e-06
CPD-1863	42017	HMDB	HMDB0030243_10_shen	Glucobrassicin	name_formula_mass	4	FALSE	TRUE	3.29998783854535e-09	7.36504109759594e-06
CPD-1863	42018	HMDB	HMDB0030243_11_shen	Glucobrassicin	name_formula_mass	4	FALSE	TRUE	3.29998783854535e-09	7.36504109759594e-06
CPD-1863	42019	HMDB	HMDB0030243_12_shen	Glucobrassicin	name_formula_mass	4	FALSE	TRUE	3.29998783854535e-09	7.36504109759594e-06
CPD-1863	42020	HMDB	HMDB0030243_13_shen	Glucobrassicin	name_formula_mass	4	FALSE	TRUE	3.29998783854535e-09	7.36504109759594e-06
CPD-9835	42036	HMDB	HMDB0030282_1_shen	Cinchonidine	name_formula_mass	4	FALSE	TRUE	2.70000555246952e-09	6.7500138811738e-06
CPD-9835	42037	HMDB	HMDB0030282_2_shen	Cinchonidine	name_formula_mass	4	FALSE	TRUE	2.70000555246952e-09	6.7500138811738e-06
CPD-9835	42038	HMDB	HMDB0030282_3_shen	Cinchonidine	name_formula_mass	4	FALSE	TRUE	2.70000555246952e-09	6.7500138811738e-06
CPD-9835	42039	HMDB	HMDB0030282_4_shen	Cinchonidine	name_formula_mass	4	FALSE	TRUE	2.70000555246952e-09	6.7500138811738e-06
CPD-9835	42040	HMDB	HMDB0030282_5_shen	Cinchonidine	name_formula_mass	4	FALSE	TRUE	2.70000555246952e-09	6.7500138811738e-06
CPD-9835	42041	HMDB	HMDB0030282_6_shen	Cinchonidine	name_formula_mass	4	FALSE	TRUE	2.70000555246952e-09	6.7500138811738e-06
CPD-9835	42042	HMDB	HMDB0030282_7_shen	Cinchonidine	name_formula_mass	4	FALSE	TRUE	2.70000555246952e-09	6.7500138811738e-06
CPD-9835	42043	HMDB	HMDB0030282_8_shen	Cinchonidine	name_formula_mass	4	FALSE	TRUE	2.70000555246952e-09	6.7500138811738e-06
CPD-9835	42044	HMDB	HMDB0030282_9_shen	Cinchonidine	name_formula_mass	4	FALSE	TRUE	2.70000555246952e-09	6.7500138811738e-06
CPD-9835	42045	HMDB	HMDB0030282_10_shen	Cinchonidine	name_formula_mass	4	FALSE	TRUE	2.70000555246952e-09	6.7500138811738e-06
CPD-9835	42046	HMDB	HMDB0030282_11_shen	Cinchonidine	name_formula_mass	4	FALSE	TRUE	2.70000555246952e-09	6.7500138811738e-06
CPD-9835	42047	HMDB	HMDB0030282_12_shen	Cinchonidine	name_formula_mass	4	FALSE	TRUE	2.70000555246952e-09	6.7500138811738e-06
CPD-9835	42048	HMDB	HMDB0030282_13_shen	Cinchonidine	name_formula_mass	4	FALSE	TRUE	2.70000555246952e-09	6.7500138811738e-06
CPD-9835	42049	HMDB	HMDB0030282_14_shen	Cinchonidine	name_formula_mass	4	FALSE	TRUE	2.70000555246952e-09	6.7500138811738e-06
CPD-9835	42050	HMDB	HMDB0030282_15_shen	Cinchonidine	name_formula_mass	4	FALSE	TRUE	2.70000555246952e-09	6.7500138811738e-06
CPD-9835	42051	HMDB	HMDB0030282_16_shen	Cinchonidine	name_formula_mass	4	FALSE	TRUE	2.70000555246952e-09	6.7500138811738e-06
CPD-9835	42052	HMDB	HMDB0030282_17_shen	Cinchonidine	name_formula_mass	4	FALSE	TRUE	2.70000555246952e-09	6.7500138811738e-06
CPD-9835	42053	HMDB	HMDB0030282_18_shen	Cinchonidine	name_formula_mass	4	FALSE	TRUE	2.70000555246952e-09	6.7500138811738e-06
CPD-9835	42054	HMDB	HMDB0030282_19_shen	Cinchonidine	name_formula_mass	4	FALSE	TRUE	2.70000555246952e-09	6.7500138811738e-06
CPD-9425	42059	HMDB	HMDB0030285_1_shen	(S)-2-Propylpiperidine	inchikey_connectivity_formula_mass	2	FALSE	TRUE	1.90000548627722e-09	4.75001371569306e-06
CPD-9425	42060	HMDB	HMDB0030285_2_shen	(S)-2-Propylpiperidine	inchikey_connectivity_formula_mass	2	FALSE	TRUE	1.90000548627722e-09	4.75001371569306e-06
CPD-9425	42061	HMDB	HMDB0030285_3_shen	(S)-2-Propylpiperidine	inchikey_connectivity_formula_mass	2	FALSE	TRUE	1.90000548627722e-09	4.75001371569306e-06
CPD-9425	42062	HMDB	HMDB0030285_4_shen	(S)-2-Propylpiperidine	inchikey_connectivity_formula_mass	2	FALSE	TRUE	1.90000548627722e-09	4.75001371569306e-06
CPD-9425	42063	HMDB	HMDB0030285_5_shen	(S)-2-Propylpiperidine	inchikey_connectivity_formula_mass	2	FALSE	TRUE	1.90000548627722e-09	4.75001371569306e-06
CPD-9425	42064	HMDB	HMDB0030285_6_shen	(S)-2-Propylpiperidine	inchikey_connectivity_formula_mass	2	FALSE	TRUE	1.90000548627722e-09	4.75001371569306e-06
CPD-9425	42065	HMDB	HMDB0030285_7_shen	(S)-2-Propylpiperidine	inchikey_connectivity_formula_mass	2	FALSE	TRUE	1.90000548627722e-09	4.75001371569306e-06
CPD-9425	42066	HMDB	HMDB0030285_8_shen	(S)-2-Propylpiperidine	inchikey_connectivity_formula_mass	2	FALSE	TRUE	1.90000548627722e-09	4.75001371569306e-06
CPD-9425	42067	HMDB	HMDB0030285_9_shen	(S)-2-Propylpiperidine	inchikey_connectivity_formula_mass	2	FALSE	TRUE	1.90000548627722e-09	4.75001371569306e-06
CPD-9425	42068	HMDB	HMDB0030285_10_shen	(S)-2-Propylpiperidine	inchikey_connectivity_formula_mass	2	FALSE	TRUE	1.90000548627722e-09	4.75001371569306e-06
CPD-9939	42069	HMDB	HMDB0030310_1_shen	Harmaline	inchikey	1	TRUE	TRUE	1.89999127542251e-09	4.74997818855627e-06
CPD-9939	42070	HMDB	HMDB0030310_2_shen	Harmaline	inchikey	1	TRUE	TRUE	1.89999127542251e-09	4.74997818855627e-06
CPD-9940	42071	HMDB	HMDB0030311_1_shen	Harmine	inchikey	1	TRUE	TRUE	1.69998770616075e-09	4.24996926540189e-06
CPD-9940	42072	HMDB	HMDB0030311_2_shen	Harmine	inchikey	1	TRUE	TRUE	1.69998770616075e-09	4.24996926540189e-06
CPD-9940	42073	HMDB	HMDB0030311_3_shen	Harmine	inchikey	1	TRUE	TRUE	1.69998770616075e-09	4.24996926540189e-06
CPD-9940	42074	HMDB	HMDB0030311_4_shen	Harmine	inchikey	1	TRUE	TRUE	1.69998770616075e-09	4.24996926540189e-06
CPD-9940	42075	HMDB	HMDB0030311_5_shen	Harmine	inchikey	1	TRUE	TRUE	1.69998770616075e-09	4.24996926540189e-06
CPD-9940	42076	HMDB	HMDB0030311_6_shen	Harmine	inchikey	1	TRUE	TRUE	1.69998770616075e-09	4.24996926540189e-06
CPD-9940	42077	HMDB	HMDB0030311_7_shen	Harmine	inchikey	1	TRUE	TRUE	1.69998770616075e-09	4.24996926540189e-06
CPD-9940	42078	HMDB	HMDB0030311_8_shen	Harmine	inchikey	1	TRUE	TRUE	1.69998770616075e-09	4.24996926540189e-06
CPD-9940	42079	HMDB	HMDB0030311_9_shen	Harmine	inchikey	1	TRUE	TRUE	1.69998770616075e-09	4.24996926540189e-06
CPD-9940	42080	HMDB	HMDB0030311_10_shen	Harmine	inchikey	1	TRUE	TRUE	1.69998770616075e-09	4.24996926540189e-06
CPD-9940	42081	HMDB	HMDB0030311_11_shen	Harmine	inchikey	1	TRUE	TRUE	1.69998770616075e-09	4.24996926540189e-06
CPD-9940	42082	HMDB	HMDB0030311_12_shen	Harmine	inchikey	1	TRUE	TRUE	1.69998770616075e-09	4.24996926540189e-06
CPD-9940	42083	HMDB	HMDB0030311_13_shen	Harmine	inchikey	1	TRUE	TRUE	1.69998770616075e-09	4.24996926540189e-06
CPD-9940	42084	HMDB	HMDB0030311_14_shen	Harmine	inchikey	1	TRUE	TRUE	1.69998770616075e-09	4.24996926540189e-06
CPD-9940	42085	HMDB	HMDB0030311_15_shen	Harmine	inchikey	1	TRUE	TRUE	1.69998770616075e-09	4.24996926540189e-06
CPD-9940	42086	HMDB	HMDB0030311_16_shen	Harmine	inchikey	1	TRUE	TRUE	1.69998770616075e-09	4.24996926540189e-06
CPD-9940	42087	HMDB	HMDB0030311_17_shen	Harmine	inchikey	1	TRUE	TRUE	1.69998770616075e-09	4.24996926540189e-06
CPD-9940	42088	HMDB	HMDB0030311_18_shen	Harmine	inchikey	1	TRUE	TRUE	1.69998770616075e-09	4.24996926540189e-06
CPD-9940	42089	HMDB	HMDB0030311_19_shen	Harmine	inchikey	1	TRUE	TRUE	1.69998770616075e-09	4.24996926540189e-06
CPD-9940	42090	HMDB	HMDB0030311_20_shen	Harmine	inchikey	1	TRUE	TRUE	1.69998770616075e-09	4.24996926540189e-06
CPD-9940	42091	HMDB	HMDB0030311_21_shen	Harmine	inchikey	1	TRUE	TRUE	1.69998770616075e-09	4.24996926540189e-06
CPD-9940	42092	HMDB	HMDB0030311_22_shen	Harmine	inchikey	1	TRUE	TRUE	1.69998770616075e-09	4.24996926540189e-06
CPD-9940	42093	HMDB	HMDB0030311_23_shen	Harmine	inchikey	1	TRUE	TRUE	1.69998770616075e-09	4.24996926540189e-06
CPD-9940	42094	HMDB	HMDB0030311_24_shen	Harmine	inchikey	1	TRUE	TRUE	1.69998770616075e-09	4.24996926540189e-06
CPD-9940	42095	HMDB	HMDB0030311_25_shen	Harmine	inchikey	1	TRUE	TRUE	1.69998770616075e-09	4.24996926540189e-06
CPD-9940	42096	HMDB	HMDB0030311_26_shen	Harmine	inchikey	1	TRUE	TRUE	1.69998770616075e-09	4.24996926540189e-06
CPD-9940	42097	HMDB	HMDB0030311_27_shen	Harmine	inchikey	1	TRUE	TRUE	1.69998770616075e-09	4.24996926540189e-06
CPD-9940	42098	HMDB	HMDB0030311_28_shen	Harmine	inchikey	1	TRUE	TRUE	1.69998770616075e-09	4.24996926540189e-06
CPD-9940	42099	HMDB	HMDB0030311_29_shen	Harmine	inchikey	1	TRUE	TRUE	1.69998770616075e-09	4.24996926540189e-06
CPD-9940	42100	HMDB	HMDB0030311_30_shen	Harmine	inchikey	1	TRUE	TRUE	1.69998770616075e-09	4.24996926540189e-06
CPD-9940	42101	HMDB	HMDB0030311_31_shen	Harmine	inchikey	1	TRUE	TRUE	1.69998770616075e-09	4.24996926540189e-06
CPD-9940	42102	HMDB	HMDB0030311_32_shen	Harmine	inchikey	1	TRUE	TRUE	1.69998770616075e-09	4.24996926540189e-06
CPD-9940	42103	HMDB	HMDB0030311_33_shen	Harmine	inchikey	1	TRUE	TRUE	1.69998770616075e-09	4.24996926540189e-06
CPD-9940	42104	HMDB	HMDB0030311_34_shen	Harmine	inchikey	1	TRUE	TRUE	1.69998770616075e-09	4.24996926540189e-06
CPD-9940	42105	HMDB	HMDB0030311_35_shen	Harmine	inchikey	1	TRUE	TRUE	1.69998770616075e-09	4.24996926540189e-06
CPD-9940	42106	HMDB	HMDB0030311_36_shen	Harmine	inchikey	1	TRUE	TRUE	1.69998770616075e-09	4.24996926540189e-06
CPD-9940	42107	HMDB	HMDB0030311_37_shen	Harmine	inchikey	1	TRUE	TRUE	1.69998770616075e-09	4.24996926540189e-06
CPD-9940	42108	HMDB	HMDB0030311_38_shen	Harmine	inchikey	1	TRUE	TRUE	1.69998770616075e-09	4.24996926540189e-06
CPD-9940	42109	HMDB	HMDB0030311_39_shen	Harmine	inchikey	1	TRUE	TRUE	1.69998770616075e-09	4.24996926540189e-06
CPD-9940	42110	HMDB	HMDB0030311_40_shen	Harmine	inchikey	1	TRUE	TRUE	1.69998770616075e-09	4.24996926540189e-06
CPD-9940	42111	HMDB	HMDB0030311_41_shen	Harmine	inchikey	1	TRUE	TRUE	1.69998770616075e-09	4.24996926540189e-06
CPD-9940	42112	HMDB	HMDB0030311_42_shen	Harmine	inchikey	1	TRUE	TRUE	1.69998770616075e-09	4.24996926540189e-06
CPD-9940	42113	HMDB	HMDB0030311_43_shen	Harmine	inchikey	1	TRUE	TRUE	1.69998770616075e-09	4.24996926540189e-06
CPD-9940	42114	HMDB	HMDB0030311_44_shen	Harmine	inchikey	1	TRUE	TRUE	1.69998770616075e-09	4.24996926540189e-06
CPD-9940	42115	HMDB	HMDB0030311_45_shen	Harmine	inchikey	1	TRUE	TRUE	1.69998770616075e-09	4.24996926540189e-06
CPD-9940	42116	HMDB	HMDB0030311_46_shen	Harmine	inchikey	1	TRUE	TRUE	1.69998770616075e-09	4.24996926540189e-06
CPD-9940	42117	HMDB	HMDB0030311_47_shen	Harmine	inchikey	1	TRUE	TRUE	1.69998770616075e-09	4.24996926540189e-06
CPD-9940	42118	HMDB	HMDB0030311_48_shen	Harmine	inchikey	1	TRUE	TRUE	1.69998770616075e-09	4.24996926540189e-06
CPD-9940	42119	HMDB	HMDB0030311_49_shen	Harmine	inchikey	1	TRUE	TRUE	1.69998770616075e-09	4.24996926540189e-06
CPD-9940	42120	HMDB	HMDB0030311_50_shen	Harmine	inchikey	1	TRUE	TRUE	1.69998770616075e-09	4.24996926540189e-06
CPD-9940	42121	HMDB	HMDB0030311_51_shen	Harmine	inchikey	1	TRUE	TRUE	1.69998770616075e-09	4.24996926540189e-06
CPD-9940	42122	HMDB	HMDB0030311_52_shen	Harmine	inchikey	1	TRUE	TRUE	1.69998770616075e-09	4.24996926540189e-06
CPD-9940	42123	HMDB	HMDB0030311_53_shen	Harmine	inchikey	1	TRUE	TRUE	1.69998770616075e-09	4.24996926540189e-06
CPD-9940	42124	HMDB	HMDB0030311_54_shen	Harmine	inchikey	1	TRUE	TRUE	1.69998770616075e-09	4.24996926540189e-06
CPD-9940	42125	HMDB	HMDB0030311_55_shen	Harmine	inchikey	1	TRUE	TRUE	1.69998770616075e-09	4.24996926540189e-06
CPD-9940	42126	HMDB	HMDB0030311_56_shen	Harmine	inchikey	1	TRUE	TRUE	1.69998770616075e-09	4.24996926540189e-06
CPD-9940	42127	HMDB	HMDB0030311_57_shen	Harmine	inchikey	1	TRUE	TRUE	1.69998770616075e-09	4.24996926540189e-06
CPD-9940	42128	HMDB	HMDB0030311_58_shen	Harmine	inchikey	1	TRUE	TRUE	1.69998770616075e-09	4.24996926540189e-06
CPD-9940	42129	HMDB	HMDB0030311_59_shen	Harmine	inchikey	1	TRUE	TRUE	1.69998770616075e-09	4.24996926540189e-06
CPD-9940	42130	HMDB	HMDB0030311_60_shen	Harmine	inchikey	1	TRUE	TRUE	1.69998770616075e-09	4.24996926540189e-06
CPD-9940	42131	HMDB	HMDB0030311_61_shen	Harmine	inchikey	1	TRUE	TRUE	1.69998770616075e-09	4.24996926540189e-06
CPD-9940	42132	HMDB	HMDB0030311_62_shen	Harmine	inchikey	1	TRUE	TRUE	1.69998770616075e-09	4.24996926540189e-06
CPD-9940	42133	HMDB	HMDB0030311_63_shen	Harmine	inchikey	1	TRUE	TRUE	1.69998770616075e-09	4.24996926540189e-06
CPD-9940	42134	HMDB	HMDB0030311_64_shen	Harmine	inchikey	1	TRUE	TRUE	1.69998770616075e-09	4.24996926540189e-06
CPD-9940	42135	HMDB	HMDB0030311_65_shen	Harmine	inchikey	1	TRUE	TRUE	1.69998770616075e-09	4.24996926540189e-06
CPD-9940	42136	HMDB	HMDB0030311_66_shen	Harmine	inchikey	1	TRUE	TRUE	1.69998770616075e-09	4.24996926540189e-06
CPD-9940	42137	HMDB	HMDB0030311_67_shen	Harmine	inchikey	1	TRUE	TRUE	1.69998770616075e-09	4.24996926540189e-06
CPD-9940	42138	HMDB	HMDB0030311_68_shen	Harmine	inchikey	1	TRUE	TRUE	1.69998770616075e-09	4.24996926540189e-06
CPD-9940	42139	HMDB	HMDB0030311_69_shen	Harmine	inchikey	1	TRUE	TRUE	1.69998770616075e-09	4.24996926540189e-06
CPD-9940	42140	HMDB	HMDB0030311_70_shen	Harmine	inchikey	1	TRUE	TRUE	1.69998770616075e-09	4.24996926540189e-06
CPD-9940	42141	HMDB	HMDB0030311_71_shen	Harmine	inchikey	1	TRUE	TRUE	1.69998770616075e-09	4.24996926540189e-06
CPD-9940	42142	HMDB	HMDB0030311_72_shen	Harmine	inchikey	1	TRUE	TRUE	1.69998770616075e-09	4.24996926540189e-06
CPD-9940	42143	HMDB	HMDB0030311_73_shen	Harmine	inchikey	1	TRUE	TRUE	1.69998770616075e-09	4.24996926540189e-06
CPD-9940	42144	HMDB	HMDB0030311_74_shen	Harmine	inchikey	1	TRUE	TRUE	1.69998770616075e-09	4.24996926540189e-06
CPD-9940	42145	HMDB	HMDB0030311_75_shen	Harmine	inchikey	1	TRUE	TRUE	1.69998770616075e-09	4.24996926540189e-06
CPD-9940	42146	HMDB	HMDB0030311_76_shen	Harmine	inchikey	1	TRUE	TRUE	1.69998770616075e-09	4.24996926540189e-06
CPD-9940	42147	HMDB	HMDB0030311_77_shen	Harmine	inchikey	1	TRUE	TRUE	1.69998770616075e-09	4.24996926540189e-06
CPD-9940	42148	HMDB	HMDB0030311_78_shen	Harmine	inchikey	1	TRUE	TRUE	1.69998770616075e-09	4.24996926540189e-06
CPD-9940	42149	HMDB	HMDB0030311_79_shen	Harmine	inchikey	1	TRUE	TRUE	1.69998770616075e-09	4.24996926540189e-06
CPD-9940	42150	HMDB	HMDB0030311_80_shen	Harmine	inchikey	1	TRUE	TRUE	1.69998770616075e-09	4.24996926540189e-06
CPD-9940	42151	HMDB	HMDB0030311_81_shen	Harmine	inchikey	1	TRUE	TRUE	1.69998770616075e-09	4.24996926540189e-06
CPD-9940	42152	HMDB	HMDB0030311_82_shen	Harmine	inchikey	1	TRUE	TRUE	1.69998770616075e-09	4.24996926540189e-06
CPD-9940	42153	HMDB	HMDB0030311_83_shen	Harmine	inchikey	1	TRUE	TRUE	1.69998770616075e-09	4.24996926540189e-06
CPD-9940	42154	HMDB	HMDB0030311_84_shen	Harmine	inchikey	1	TRUE	TRUE	1.69998770616075e-09	4.24996926540189e-06
CPD-9940	42155	HMDB	HMDB0030311_85_shen	Harmine	inchikey	1	TRUE	TRUE	1.69998770616075e-09	4.24996926540189e-06
CPD-9940	42156	HMDB	HMDB0030311_86_shen	Harmine	inchikey	1	TRUE	TRUE	1.69998770616075e-09	4.24996926540189e-06
CPD-9940	42157	HMDB	HMDB0030311_87_shen	Harmine	inchikey	1	TRUE	TRUE	1.69998770616075e-09	4.24996926540189e-06
CPD-9940	42158	HMDB	HMDB0030311_88_shen	Harmine	inchikey	1	TRUE	TRUE	1.69998770616075e-09	4.24996926540189e-06
CPD-9940	42159	HMDB	HMDB0030311_89_shen	Harmine	inchikey	1	TRUE	TRUE	1.69998770616075e-09	4.24996926540189e-06
CPD-9940	42160	HMDB	HMDB0030311_90_shen	Harmine	inchikey	1	TRUE	TRUE	1.69998770616075e-09	4.24996926540189e-06
CPD-9940	42161	HMDB	HMDB0030311_91_shen	Harmine	inchikey	1	TRUE	TRUE	1.69998770616075e-09	4.24996926540189e-06
CPD-9940	42162	HMDB	HMDB0030311_92_shen	Harmine	inchikey	1	TRUE	TRUE	1.69998770616075e-09	4.24996926540189e-06
CPD-9940	42163	HMDB	HMDB0030311_93_shen	Harmine	inchikey	1	TRUE	TRUE	1.69998770616075e-09	4.24996926540189e-06
CPD-9940	42164	HMDB	HMDB0030311_94_shen	Harmine	inchikey	1	TRUE	TRUE	1.69998770616075e-09	4.24996926540189e-06
CPD-9940	42165	HMDB	HMDB0030311_95_shen	Harmine	inchikey	1	TRUE	TRUE	1.69998770616075e-09	4.24996926540189e-06
CPD-9940	42166	HMDB	HMDB0030311_96_shen	Harmine	inchikey	1	TRUE	TRUE	1.69998770616075e-09	4.24996926540189e-06
CPD-9940	42167	HMDB	HMDB0030311_97_shen	Harmine	inchikey	1	TRUE	TRUE	1.69998770616075e-09	4.24996926540189e-06
CPD-9940	42168	HMDB	HMDB0030311_98_shen	Harmine	inchikey	1	TRUE	TRUE	1.69998770616075e-09	4.24996926540189e-06
CPD-9940	42169	HMDB	HMDB0030311_99_shen	Harmine	inchikey	1	TRUE	TRUE	1.69998770616075e-09	4.24996926540189e-06
CPD-9940	42170	HMDB	HMDB0030311_100_shen	Harmine	inchikey	1	TRUE	TRUE	1.69998770616075e-09	4.24996926540189e-06
CPD-9215	42172	HMDB	HMDB0030321_shen	beta1-Chaconine	name_formula_mass	4	FALSE	TRUE	7.50003437133273e-09	1.06316329044207e-05
TRP	42209	HMDB	HMDB0030396_1_shen	(±)-Tryptophan	name_formula_mass	4	TRUE	TRUE	1.80000370164635e-09	4.50000925411587e-06
TRP	42210	HMDB	HMDB0030396_2_shen	(±)-Tryptophan	name_formula_mass	4	TRUE	TRUE	1.80000370164635e-09	4.50000925411587e-06
TRP	42211	HMDB	HMDB0030396_3_shen	(±)-Tryptophan	name_formula_mass	4	TRUE	TRUE	1.80000370164635e-09	4.50000925411587e-06
TRP	42212	HMDB	HMDB0030396_4_shen	(±)-Tryptophan	name_formula_mass	4	TRUE	TRUE	1.80000370164635e-09	4.50000925411587e-06
TRP	42213	HMDB	HMDB0030396_5_shen	(±)-Tryptophan	name_formula_mass	4	TRUE	TRUE	1.80000370164635e-09	4.50000925411587e-06
TRP	42214	HMDB	HMDB0030396_6_shen	(±)-Tryptophan	name_formula_mass	4	TRUE	TRUE	1.80000370164635e-09	4.50000925411587e-06
TRP	42215	HMDB	HMDB0030396_7_shen	(±)-Tryptophan	name_formula_mass	4	TRUE	TRUE	1.80000370164635e-09	4.50000925411587e-06
TRP	42216	HMDB	HMDB0030396_8_shen	(±)-Tryptophan	name_formula_mass	4	TRUE	TRUE	1.80000370164635e-09	4.50000925411587e-06
TRP	42217	HMDB	HMDB0030396_9_shen	(±)-Tryptophan	name_formula_mass	4	TRUE	TRUE	1.80000370164635e-09	4.50000925411587e-06
TRP	42218	HMDB	HMDB0030396_10_shen	(±)-Tryptophan	name_formula_mass	4	TRUE	TRUE	1.80000370164635e-09	4.50000925411587e-06
TRP	42219	HMDB	HMDB0030396_11_shen	(±)-Tryptophan	name_formula_mass	4	TRUE	TRUE	1.80000370164635e-09	4.50000925411587e-06
TRP	42220	HMDB	HMDB0030396_12_shen	(±)-Tryptophan	name_formula_mass	4	TRUE	TRUE	1.80000370164635e-09	4.50000925411587e-06
TRP	42221	HMDB	HMDB0030396_13_shen	(±)-Tryptophan	name_formula_mass	4	TRUE	TRUE	1.80000370164635e-09	4.50000925411587e-06
TRP	42222	HMDB	HMDB0030396_14_shen	(±)-Tryptophan	name_formula_mass	4	TRUE	TRUE	1.80000370164635e-09	4.50000925411587e-06
TRP	42223	HMDB	HMDB0030396_15_shen	(±)-Tryptophan	name_formula_mass	4	TRUE	TRUE	1.80000370164635e-09	4.50000925411587e-06
TRP	42224	HMDB	HMDB0030396_16_shen	(±)-Tryptophan	name_formula_mass	4	TRUE	TRUE	1.80000370164635e-09	4.50000925411587e-06
TRP	42225	HMDB	HMDB0030396_17_shen	(±)-Tryptophan	name_formula_mass	4	TRUE	TRUE	1.80000370164635e-09	4.50000925411587e-06
TRP	42226	HMDB	HMDB0030396_18_shen	(±)-Tryptophan	name_formula_mass	4	TRUE	TRUE	1.80000370164635e-09	4.50000925411587e-06
TRP	42227	HMDB	HMDB0030396_19_shen	(±)-Tryptophan	name_formula_mass	4	TRUE	TRUE	1.80000370164635e-09	4.50000925411587e-06
TRP	42228	HMDB	HMDB0030396_20_shen	(±)-Tryptophan	name_formula_mass	4	TRUE	TRUE	1.80000370164635e-09	4.50000925411587e-06
TRP	42229	HMDB	HMDB0030396_21_shen	(±)-Tryptophan	name_formula_mass	4	TRUE	TRUE	1.80000370164635e-09	4.50000925411587e-06
TRP	42230	HMDB	HMDB0030396_22_shen	(±)-Tryptophan	name_formula_mass	4	TRUE	TRUE	1.80000370164635e-09	4.50000925411587e-06
TRP	42231	HMDB	HMDB0030396_23_shen	(±)-Tryptophan	name_formula_mass	4	TRUE	TRUE	1.80000370164635e-09	4.50000925411587e-06
TRP	42232	HMDB	HMDB0030396_24_shen	(±)-Tryptophan	name_formula_mass	4	TRUE	TRUE	1.80000370164635e-09	4.50000925411587e-06
TRP	42233	HMDB	HMDB0030396_25_shen	(±)-Tryptophan	name_formula_mass	4	TRUE	TRUE	1.80000370164635e-09	4.50000925411587e-06
TRP	42234	HMDB	HMDB0030396_26_shen	(±)-Tryptophan	name_formula_mass	4	TRUE	TRUE	1.80000370164635e-09	4.50000925411587e-06
TRP	42235	HMDB	HMDB0030396_27_shen	(±)-Tryptophan	name_formula_mass	4	TRUE	TRUE	1.80000370164635e-09	4.50000925411587e-06
TRP	42236	HMDB	HMDB0030396_28_shen	(±)-Tryptophan	name_formula_mass	4	TRUE	TRUE	1.80000370164635e-09	4.50000925411587e-06
TRP	42237	HMDB	HMDB0030396_29_shen	(±)-Tryptophan	name_formula_mass	4	TRUE	TRUE	1.80000370164635e-09	4.50000925411587e-06
TRP	42238	HMDB	HMDB0030396_30_shen	(±)-Tryptophan	name_formula_mass	4	TRUE	TRUE	1.80000370164635e-09	4.50000925411587e-06
TRP	42239	HMDB	HMDB0030396_31_shen	(±)-Tryptophan	name_formula_mass	4	TRUE	TRUE	1.80000370164635e-09	4.50000925411587e-06
TRP	42240	HMDB	HMDB0030396_32_shen	(±)-Tryptophan	name_formula_mass	4	TRUE	TRUE	1.80000370164635e-09	4.50000925411587e-06
TRP	42241	HMDB	HMDB0030396_33_shen	(±)-Tryptophan	name_formula_mass	4	TRUE	TRUE	1.80000370164635e-09	4.50000925411587e-06
TRP	42242	HMDB	HMDB0030396_34_shen	(±)-Tryptophan	name_formula_mass	4	TRUE	TRUE	1.80000370164635e-09	4.50000925411587e-06
TRP	42243	HMDB	HMDB0030396_35_shen	(±)-Tryptophan	name_formula_mass	4	TRUE	TRUE	1.80000370164635e-09	4.50000925411587e-06
TRP	42244	HMDB	HMDB0030396_36_shen	(±)-Tryptophan	name_formula_mass	4	TRUE	TRUE	1.80000370164635e-09	4.50000925411587e-06
TRP	42245	HMDB	HMDB0030396_37_shen	(±)-Tryptophan	name_formula_mass	4	TRUE	TRUE	1.80000370164635e-09	4.50000925411587e-06
TRP	42246	HMDB	HMDB0030396_38_shen	(±)-Tryptophan	name_formula_mass	4	TRUE	TRUE	1.80000370164635e-09	4.50000925411587e-06
TRP	42247	HMDB	HMDB0030396_39_shen	(±)-Tryptophan	name_formula_mass	4	TRUE	TRUE	1.80000370164635e-09	4.50000925411587e-06
TRP	42248	HMDB	HMDB0030396_40_shen	(±)-Tryptophan	name_formula_mass	4	TRUE	TRUE	1.80000370164635e-09	4.50000925411587e-06
TRP	42249	HMDB	HMDB0030396_41_shen	(±)-Tryptophan	name_formula_mass	4	TRUE	TRUE	1.80000370164635e-09	4.50000925411587e-06
TRP	42250	HMDB	HMDB0030396_42_shen	(±)-Tryptophan	name_formula_mass	4	TRUE	TRUE	1.80000370164635e-09	4.50000925411587e-06
TRP	42251	HMDB	HMDB0030396_43_shen	(±)-Tryptophan	name_formula_mass	4	TRUE	TRUE	1.80000370164635e-09	4.50000925411587e-06
TRP	42252	HMDB	HMDB0030396_44_shen	(±)-Tryptophan	name_formula_mass	4	TRUE	TRUE	1.80000370164635e-09	4.50000925411587e-06
TRP	42253	HMDB	HMDB0030396_45_shen	(±)-Tryptophan	name_formula_mass	4	TRUE	TRUE	1.80000370164635e-09	4.50000925411587e-06
TRP	42254	HMDB	HMDB0030396_46_shen	(±)-Tryptophan	name_formula_mass	4	TRUE	TRUE	1.80000370164635e-09	4.50000925411587e-06
TRP	42255	HMDB	HMDB0030396_47_shen	(±)-Tryptophan	name_formula_mass	4	TRUE	TRUE	1.80000370164635e-09	4.50000925411587e-06
TRP	42256	HMDB	HMDB0030396_48_shen	(±)-Tryptophan	name_formula_mass	4	TRUE	TRUE	1.80000370164635e-09	4.50000925411587e-06
CPD-8766	42274	HMDB	HMDB0030524_1_shen	2(3H)-Benzothiazolethione	inchikey	1	TRUE	TRUE	6.9999828156142e-10	1.74999570390355e-06
CPD-8766	42275	HMDB	HMDB0030524_2_shen	2(3H)-Benzothiazolethione	inchikey	1	TRUE	TRUE	6.9999828156142e-10	1.74999570390355e-06
CPD-8766	42276	HMDB	HMDB0030524_3_shen	2(3H)-Benzothiazolethione	inchikey	1	TRUE	TRUE	6.9999828156142e-10	1.74999570390355e-06
CPD-8766	42277	HMDB	HMDB0030524_4_shen	2(3H)-Benzothiazolethione	inchikey	1	TRUE	TRUE	6.9999828156142e-10	1.74999570390355e-06
CPD-8766	42278	HMDB	HMDB0030524_5_shen	2(3H)-Benzothiazolethione	inchikey	1	TRUE	TRUE	6.9999828156142e-10	1.74999570390355e-06
CPD-8766	42279	HMDB	HMDB0030524_6_shen	2(3H)-Benzothiazolethione	inchikey	1	TRUE	TRUE	6.9999828156142e-10	1.74999570390355e-06
CPD-8766	42280	HMDB	HMDB0030524_7_shen	2(3H)-Benzothiazolethione	inchikey	1	TRUE	TRUE	6.9999828156142e-10	1.74999570390355e-06
CPD-8766	42281	HMDB	HMDB0030524_8_shen	2(3H)-Benzothiazolethione	inchikey	1	TRUE	TRUE	6.9999828156142e-10	1.74999570390355e-06
CPD-8766	42282	HMDB	HMDB0030524_9_shen	2(3H)-Benzothiazolethione	inchikey	1	TRUE	TRUE	6.9999828156142e-10	1.74999570390355e-06
CPD-8766	42283	HMDB	HMDB0030524_10_shen	2(3H)-Benzothiazolethione	inchikey	1	TRUE	TRUE	6.9999828156142e-10	1.74999570390355e-06
CPD-8766	42284	HMDB	HMDB0030524_11_shen	2(3H)-Benzothiazolethione	inchikey	1	TRUE	TRUE	6.9999828156142e-10	1.74999570390355e-06
CPD-8766	42285	HMDB	HMDB0030524_12_shen	2(3H)-Benzothiazolethione	inchikey	1	TRUE	TRUE	6.9999828156142e-10	1.74999570390355e-06
CPD-8766	42286	HMDB	HMDB0030524_13_shen	2(3H)-Benzothiazolethione	inchikey	1	TRUE	TRUE	6.9999828156142e-10	1.74999570390355e-06
CPD-8766	42287	HMDB	HMDB0030524_14_shen	2(3H)-Benzothiazolethione	inchikey	1	TRUE	TRUE	6.9999828156142e-10	1.74999570390355e-06
CPD-8766	42288	HMDB	HMDB0030524_15_shen	2(3H)-Benzothiazolethione	inchikey	1	TRUE	TRUE	6.9999828156142e-10	1.74999570390355e-06
CPD-8766	42289	HMDB	HMDB0030524_16_shen	2(3H)-Benzothiazolethione	inchikey	1	TRUE	TRUE	6.9999828156142e-10	1.74999570390355e-06
CPD-8766	42290	HMDB	HMDB0030524_17_shen	2(3H)-Benzothiazolethione	inchikey	1	TRUE	TRUE	6.9999828156142e-10	1.74999570390355e-06
CPD-8766	42291	HMDB	HMDB0030524_18_shen	2(3H)-Benzothiazolethione	inchikey	1	TRUE	TRUE	6.9999828156142e-10	1.74999570390355e-06
CPD-8766	42292	HMDB	HMDB0030524_19_shen	2(3H)-Benzothiazolethione	inchikey	1	TRUE	TRUE	6.9999828156142e-10	1.74999570390355e-06
CPD-8766	42293	HMDB	HMDB0030524_20_shen	2(3H)-Benzothiazolethione	inchikey	1	TRUE	TRUE	6.9999828156142e-10	1.74999570390355e-06
CPD-8766	42294	HMDB	HMDB0030524_21_shen	2(3H)-Benzothiazolethione	inchikey	1	TRUE	TRUE	6.9999828156142e-10	1.74999570390355e-06
CPD-8766	42295	HMDB	HMDB0030524_22_shen	2(3H)-Benzothiazolethione	inchikey	1	TRUE	TRUE	6.9999828156142e-10	1.74999570390355e-06
CPD-8766	42296	HMDB	HMDB0030524_23_shen	2(3H)-Benzothiazolethione	inchikey	1	TRUE	TRUE	6.9999828156142e-10	1.74999570390355e-06
CPD-8766	42297	HMDB	HMDB0030524_24_shen	2(3H)-Benzothiazolethione	inchikey	1	TRUE	TRUE	6.9999828156142e-10	1.74999570390355e-06
CPD-8766	42298	HMDB	HMDB0030524_25_shen	2(3H)-Benzothiazolethione	inchikey	1	TRUE	TRUE	6.9999828156142e-10	1.74999570390355e-06
CPD-8766	42299	HMDB	HMDB0030524_26_shen	2(3H)-Benzothiazolethione	inchikey	1	TRUE	TRUE	6.9999828156142e-10	1.74999570390355e-06
CPD-8766	42300	HMDB	HMDB0030524_27_shen	2(3H)-Benzothiazolethione	inchikey	1	TRUE	TRUE	6.9999828156142e-10	1.74999570390355e-06
CPD-8766	42301	HMDB	HMDB0030524_28_shen	2(3H)-Benzothiazolethione	inchikey	1	TRUE	TRUE	6.9999828156142e-10	1.74999570390355e-06
CPD-8766	42302	HMDB	HMDB0030524_29_shen	2(3H)-Benzothiazolethione	inchikey	1	TRUE	TRUE	6.9999828156142e-10	1.74999570390355e-06
CPD-8766	42303	HMDB	HMDB0030524_30_shen	2(3H)-Benzothiazolethione	inchikey	1	TRUE	TRUE	6.9999828156142e-10	1.74999570390355e-06
CPD-8766	42304	HMDB	HMDB0030524_31_shen	2(3H)-Benzothiazolethione	inchikey	1	TRUE	TRUE	6.9999828156142e-10	1.74999570390355e-06
CPD-8766	42305	HMDB	HMDB0030524_32_shen	2(3H)-Benzothiazolethione	inchikey	1	TRUE	TRUE	6.9999828156142e-10	1.74999570390355e-06
CPD-8766	42306	HMDB	HMDB0030524_33_shen	2(3H)-Benzothiazolethione	inchikey	1	TRUE	TRUE	6.9999828156142e-10	1.74999570390355e-06
CPD-8766	42307	HMDB	HMDB0030524_34_shen	2(3H)-Benzothiazolethione	inchikey	1	TRUE	TRUE	6.9999828156142e-10	1.74999570390355e-06
CPD-8766	42308	HMDB	HMDB0030524_35_shen	2(3H)-Benzothiazolethione	inchikey	1	TRUE	TRUE	6.9999828156142e-10	1.74999570390355e-06
CPD-8766	42309	HMDB	HMDB0030524_36_shen	2(3H)-Benzothiazolethione	inchikey	1	TRUE	TRUE	6.9999828156142e-10	1.74999570390355e-06
CPD-8766	42310	HMDB	HMDB0030524_37_shen	2(3H)-Benzothiazolethione	inchikey	1	TRUE	TRUE	6.9999828156142e-10	1.74999570390355e-06
CPD-8766	42311	HMDB	HMDB0030524_38_shen	2(3H)-Benzothiazolethione	inchikey	1	TRUE	TRUE	6.9999828156142e-10	1.74999570390355e-06
CPD-8766	42312	HMDB	HMDB0030524_39_shen	2(3H)-Benzothiazolethione	inchikey	1	TRUE	TRUE	6.9999828156142e-10	1.74999570390355e-06
CPD-8766	42313	HMDB	HMDB0030524_40_shen	2(3H)-Benzothiazolethione	inchikey	1	TRUE	TRUE	6.9999828156142e-10	1.74999570390355e-06
CPD-8766	42314	HMDB	HMDB0030524_41_shen	2(3H)-Benzothiazolethione	inchikey	1	TRUE	TRUE	6.9999828156142e-10	1.74999570390355e-06
CPD-8766	42315	HMDB	HMDB0030524_42_shen	2(3H)-Benzothiazolethione	inchikey	1	TRUE	TRUE	6.9999828156142e-10	1.74999570390355e-06
CPD-8766	42316	HMDB	HMDB0030524_43_shen	2(3H)-Benzothiazolethione	inchikey	1	TRUE	TRUE	6.9999828156142e-10	1.74999570390355e-06
CPD-8766	42317	HMDB	HMDB0030524_44_shen	2(3H)-Benzothiazolethione	inchikey	1	TRUE	TRUE	6.9999828156142e-10	1.74999570390355e-06
CPD-8766	42318	HMDB	HMDB0030524_45_shen	2(3H)-Benzothiazolethione	inchikey	1	TRUE	TRUE	6.9999828156142e-10	1.74999570390355e-06
CPD-8766	42319	HMDB	HMDB0030524_46_shen	2(3H)-Benzothiazolethione	inchikey	1	TRUE	TRUE	6.9999828156142e-10	1.74999570390355e-06
CPD-8766	42320	HMDB	HMDB0030524_47_shen	2(3H)-Benzothiazolethione	inchikey	1	TRUE	TRUE	6.9999828156142e-10	1.74999570390355e-06
CPD-8766	42321	HMDB	HMDB0030524_48_shen	2(3H)-Benzothiazolethione	inchikey	1	TRUE	TRUE	6.9999828156142e-10	1.74999570390355e-06
CPD-8766	42322	HMDB	HMDB0030524_49_shen	2(3H)-Benzothiazolethione	inchikey	1	TRUE	TRUE	6.9999828156142e-10	1.74999570390355e-06
CPD-8766	42323	HMDB	HMDB0030524_50_shen	2(3H)-Benzothiazolethione	inchikey	1	TRUE	TRUE	6.9999828156142e-10	1.74999570390355e-06
CPD-7120	42397	HMDB	HMDB0030610_1_shen	Desmethylxanthohumol	inchikey_connectivity_formula_mass	2	FALSE	TRUE	2.5000304049172e-09	6.25007601229299e-06
CPD-7120	42398	HMDB	HMDB0030610_2_shen	Desmethylxanthohumol	inchikey_connectivity_formula_mass	2	FALSE	TRUE	2.5000304049172e-09	6.25007601229299e-06
CPD-7120	42399	HMDB	HMDB0030610_3_shen	Desmethylxanthohumol	inchikey_connectivity_formula_mass	2	FALSE	TRUE	2.5000304049172e-09	6.25007601229299e-06
CPD-7120	42400	HMDB	HMDB0030610_4_shen	Desmethylxanthohumol	inchikey_connectivity_formula_mass	2	FALSE	TRUE	2.5000304049172e-09	6.25007601229299e-06
CPD-7120	42401	HMDB	HMDB0030610_5_shen	Desmethylxanthohumol	inchikey_connectivity_formula_mass	2	FALSE	TRUE	2.5000304049172e-09	6.25007601229299e-06
CPD-7120	42402	HMDB	HMDB0030610_6_shen	Desmethylxanthohumol	inchikey_connectivity_formula_mass	2	FALSE	TRUE	2.5000304049172e-09	6.25007601229299e-06
CPD-15083	42403	HMDB	HMDB0030614_1_shen	Orientin	name_formula_mass	4	FALSE	TRUE	3.10001269099303e-09	6.91811829183817e-06
CPD-15083	42404	HMDB	HMDB0030614_2_shen	Orientin	name_formula_mass	4	FALSE	TRUE	3.10001269099303e-09	6.91811829183817e-06
CPD-15083	42405	HMDB	HMDB0030614_3_shen	Orientin	name_formula_mass	4	FALSE	TRUE	3.10001269099303e-09	6.91811829183817e-06
CPD-15083	42406	HMDB	HMDB0030614_4_shen	Orientin	name_formula_mass	4	FALSE	TRUE	3.10001269099303e-09	6.91811829183817e-06
CPD-15083	42407	HMDB	HMDB0030614_5_shen	Orientin	name_formula_mass	4	FALSE	TRUE	3.10001269099303e-09	6.91811829183817e-06
CPD-15083	42408	HMDB	HMDB0030614_6_shen	Orientin	name_formula_mass	4	FALSE	TRUE	3.10001269099303e-09	6.91811829183817e-06
CPD-15083	42409	HMDB	HMDB0030614_7_shen	Orientin	name_formula_mass	4	FALSE	TRUE	3.10001269099303e-09	6.91811829183817e-06
CPD-15083	42410	HMDB	HMDB0030614_8_shen	Orientin	name_formula_mass	4	FALSE	TRUE	3.10001269099303e-09	6.91811829183817e-06
CPD-15083	42411	HMDB	HMDB0030614_9_shen	Orientin	name_formula_mass	4	FALSE	TRUE	3.10001269099303e-09	6.91811829183817e-06
CPD-15083	42412	HMDB	HMDB0030614_10_shen	Orientin	name_formula_mass	4	FALSE	TRUE	3.10001269099303e-09	6.91811829183817e-06
CPD-15083	42413	HMDB	HMDB0030614_11_shen	Orientin	name_formula_mass	4	FALSE	TRUE	3.10001269099303e-09	6.91811829183817e-06
CPD-15083	42414	HMDB	HMDB0030614_12_shen	Orientin	name_formula_mass	4	FALSE	TRUE	3.10001269099303e-09	6.91811829183817e-06
CPD-15083	42415	HMDB	HMDB0030614_13_shen	Orientin	name_formula_mass	4	FALSE	TRUE	3.10001269099303e-09	6.91811829183817e-06
CPD-15083	42416	HMDB	HMDB0030614_14_shen	Orientin	name_formula_mass	4	FALSE	TRUE	3.10001269099303e-09	6.91811829183817e-06
CPD-15083	42417	HMDB	HMDB0030614_15_shen	Orientin	name_formula_mass	4	FALSE	TRUE	3.10001269099303e-09	6.91811829183817e-06
CPD-3622	42418	HMDB	HMDB0030617_1_shen	Pratensein	inchikey_connectivity_formula_mass	2	FALSE	TRUE	1.80000370164635e-09	4.50000925411587e-06
CPD-3622	42419	HMDB	HMDB0030617_2_shen	Pratensein	inchikey_connectivity_formula_mass	2	FALSE	TRUE	1.80000370164635e-09	4.50000925411587e-06
5-METHOXYFURANOCOUMARIN	42426	HMDB	HMDB0030637_1_shen	Bergapten	inchikey	1	TRUE	TRUE	7.20001480658539e-09	1.80000370164635e-05
5-METHOXYFURANOCOUMARIN	42427	HMDB	HMDB0030637_2_shen	Bergapten	inchikey	1	TRUE	TRUE	7.20001480658539e-09	1.80000370164635e-05
5-METHOXYFURANOCOUMARIN	42428	HMDB	HMDB0030637_3_shen	Bergapten	inchikey	1	TRUE	TRUE	7.20001480658539e-09	1.80000370164635e-05
5-METHOXYFURANOCOUMARIN	42429	HMDB	HMDB0030637_4_shen	Bergapten	inchikey	1	TRUE	TRUE	7.20001480658539e-09	1.80000370164635e-05
5-METHOXYFURANOCOUMARIN	42430	HMDB	HMDB0030637_5_shen	Bergapten	inchikey	1	TRUE	TRUE	7.20001480658539e-09	1.80000370164635e-05
5-METHOXYFURANOCOUMARIN	42431	HMDB	HMDB0030637_6_shen	Bergapten	inchikey	1	TRUE	TRUE	7.20001480658539e-09	1.80000370164635e-05
5-METHOXYFURANOCOUMARIN	42432	HMDB	HMDB0030637_7_shen	Bergapten	inchikey	1	TRUE	TRUE	7.20001480658539e-09	1.80000370164635e-05
5-METHOXYFURANOCOUMARIN	42433	HMDB	HMDB0030637_8_shen	Bergapten	inchikey	1	TRUE	TRUE	7.20001480658539e-09	1.80000370164635e-05
5-METHOXYFURANOCOUMARIN	42434	HMDB	HMDB0030637_9_shen	Bergapten	inchikey	1	TRUE	TRUE	7.20001480658539e-09	1.80000370164635e-05
5-METHOXYFURANOCOUMARIN	42435	HMDB	HMDB0030637_10_shen	Bergapten	inchikey	1	TRUE	TRUE	7.20001480658539e-09	1.80000370164635e-05
5-METHOXYFURANOCOUMARIN	42436	HMDB	HMDB0030637_11_shen	Bergapten	inchikey	1	TRUE	TRUE	7.20001480658539e-09	1.80000370164635e-05
5-METHOXYFURANOCOUMARIN	42437	HMDB	HMDB0030637_12_shen	Bergapten	inchikey	1	TRUE	TRUE	7.20001480658539e-09	1.80000370164635e-05
5-METHOXYFURANOCOUMARIN	42438	HMDB	HMDB0030637_13_shen	Bergapten	inchikey	1	TRUE	TRUE	7.20001480658539e-09	1.80000370164635e-05
5-METHOXYFURANOCOUMARIN	42439	HMDB	HMDB0030637_14_shen	Bergapten	inchikey	1	TRUE	TRUE	7.20001480658539e-09	1.80000370164635e-05
5-METHOXYFURANOCOUMARIN	42440	HMDB	HMDB0030637_15_shen	Bergapten	inchikey	1	TRUE	TRUE	7.20001480658539e-09	1.80000370164635e-05
5-METHOXYFURANOCOUMARIN	42441	HMDB	HMDB0030637_16_shen	Bergapten	inchikey	1	TRUE	TRUE	7.20001480658539e-09	1.80000370164635e-05
5-METHOXYFURANOCOUMARIN	42442	HMDB	HMDB0030637_17_shen	Bergapten	inchikey	1	TRUE	TRUE	7.20001480658539e-09	1.80000370164635e-05
5-METHOXYFURANOCOUMARIN	42443	HMDB	HMDB0030637_18_shen	Bergapten	inchikey	1	TRUE	TRUE	7.20001480658539e-09	1.80000370164635e-05
5-METHOXYFURANOCOUMARIN	42444	HMDB	HMDB0030637_19_shen	Bergapten	inchikey	1	TRUE	TRUE	7.20001480658539e-09	1.80000370164635e-05
5-METHOXYFURANOCOUMARIN	42445	HMDB	HMDB0030637_20_shen	Bergapten	inchikey	1	TRUE	TRUE	7.20001480658539e-09	1.80000370164635e-05
5-METHOXYFURANOCOUMARIN	42446	HMDB	HMDB0030637_21_shen	Bergapten	inchikey	1	TRUE	TRUE	7.20001480658539e-09	1.80000370164635e-05
5-METHOXYFURANOCOUMARIN	42447	HMDB	HMDB0030637_22_shen	Bergapten	inchikey	1	TRUE	TRUE	7.20001480658539e-09	1.80000370164635e-05
5-METHOXYFURANOCOUMARIN	42448	HMDB	HMDB0030637_23_shen	Bergapten	inchikey	1	TRUE	TRUE	7.20001480658539e-09	1.80000370164635e-05
5-METHOXYFURANOCOUMARIN	42449	HMDB	HMDB0030637_24_shen	Bergapten	inchikey	1	TRUE	TRUE	7.20001480658539e-09	1.80000370164635e-05
5-METHOXYFURANOCOUMARIN	42450	HMDB	HMDB0030637_25_shen	Bergapten	inchikey	1	TRUE	TRUE	7.20001480658539e-09	1.80000370164635e-05
5-METHOXYFURANOCOUMARIN	42451	HMDB	HMDB0030637_26_shen	Bergapten	inchikey	1	TRUE	TRUE	7.20001480658539e-09	1.80000370164635e-05
5-METHOXYFURANOCOUMARIN	42452	HMDB	HMDB0030637_27_shen	Bergapten	inchikey	1	TRUE	TRUE	7.20001480658539e-09	1.80000370164635e-05
5-METHOXYFURANOCOUMARIN	42453	HMDB	HMDB0030637_28_shen	Bergapten	inchikey	1	TRUE	TRUE	7.20001480658539e-09	1.80000370164635e-05
5-METHOXYFURANOCOUMARIN	42454	HMDB	HMDB0030637_29_shen	Bergapten	inchikey	1	TRUE	TRUE	7.20001480658539e-09	1.80000370164635e-05
5-METHOXYFURANOCOUMARIN	42455	HMDB	HMDB0030637_30_shen	Bergapten	inchikey	1	TRUE	TRUE	7.20001480658539e-09	1.80000370164635e-05
5-METHOXYFURANOCOUMARIN	42456	HMDB	HMDB0030637_31_shen	Bergapten	inchikey	1	TRUE	TRUE	7.20001480658539e-09	1.80000370164635e-05
5-METHOXYFURANOCOUMARIN	42457	HMDB	HMDB0030637_32_shen	Bergapten	inchikey	1	TRUE	TRUE	7.20001480658539e-09	1.80000370164635e-05
5-METHOXYFURANOCOUMARIN	42458	HMDB	HMDB0030637_33_shen	Bergapten	inchikey	1	TRUE	TRUE	7.20001480658539e-09	1.80000370164635e-05
5-METHOXYFURANOCOUMARIN	42459	HMDB	HMDB0030637_34_shen	Bergapten	inchikey	1	TRUE	TRUE	7.20001480658539e-09	1.80000370164635e-05
5-METHOXYFURANOCOUMARIN	42460	HMDB	HMDB0030637_35_shen	Bergapten	inchikey	1	TRUE	TRUE	7.20001480658539e-09	1.80000370164635e-05
5-METHOXYFURANOCOUMARIN	42461	HMDB	HMDB0030637_36_shen	Bergapten	inchikey	1	TRUE	TRUE	7.20001480658539e-09	1.80000370164635e-05
5-METHOXYFURANOCOUMARIN	42462	HMDB	HMDB0030637_37_shen	Bergapten	inchikey	1	TRUE	TRUE	7.20001480658539e-09	1.80000370164635e-05
5-METHOXYFURANOCOUMARIN	42463	HMDB	HMDB0030637_38_shen	Bergapten	inchikey	1	TRUE	TRUE	7.20001480658539e-09	1.80000370164635e-05
5-METHOXYFURANOCOUMARIN	42464	HMDB	HMDB0030637_39_shen	Bergapten	inchikey	1	TRUE	TRUE	7.20001480658539e-09	1.80000370164635e-05
5-METHOXYFURANOCOUMARIN	42465	HMDB	HMDB0030637_40_shen	Bergapten	inchikey	1	TRUE	TRUE	7.20001480658539e-09	1.80000370164635e-05
5-METHOXYFURANOCOUMARIN	42466	HMDB	HMDB0030637_41_shen	Bergapten	inchikey	1	TRUE	TRUE	7.20001480658539e-09	1.80000370164635e-05
5-METHOXYFURANOCOUMARIN	42467	HMDB	HMDB0030637_42_shen	Bergapten	inchikey	1	TRUE	TRUE	7.20001480658539e-09	1.80000370164635e-05
CPD-4564	42468	HMDB	HMDB0030640_shen	Biochanin A 7-(6-malonylglucoside)	name_formula_mass	4	FALSE	TRUE	3.69993813364999e-09	6.95318044202681e-06
CPD-14856	42476	HMDB	HMDB0030660_1_shen	Casticin	inchikey	1	TRUE	TRUE	2.5999611352745e-09	6.49990283818624e-06
CPD-14856	42477	HMDB	HMDB0030660_2_shen	Casticin	inchikey	1	TRUE	TRUE	2.5999611352745e-09	6.49990283818624e-06
CPD-14856	42478	HMDB	HMDB0030660_3_shen	Casticin	inchikey	1	TRUE	TRUE	2.5999611352745e-09	6.49990283818624e-06
CPD-14856	42479	HMDB	HMDB0030660_4_shen	Casticin	inchikey	1	TRUE	TRUE	2.5999611352745e-09	6.49990283818624e-06
CPD-14856	42480	HMDB	HMDB0030660_5_shen	Casticin	inchikey	1	TRUE	TRUE	2.5999611352745e-09	6.49990283818624e-06
CPD-14856	42481	HMDB	HMDB0030660_6_shen	Casticin	inchikey	1	TRUE	TRUE	2.5999611352745e-09	6.49990283818624e-06
CPD-14856	42482	HMDB	HMDB0030660_7_shen	Casticin	inchikey	1	TRUE	TRUE	2.5999611352745e-09	6.49990283818624e-06
CPD-14856	42483	HMDB	HMDB0030660_8_shen	Casticin	inchikey	1	TRUE	TRUE	2.5999611352745e-09	6.49990283818624e-06
CPD-14856	42484	HMDB	HMDB0030660_9_shen	Casticin	inchikey	1	TRUE	TRUE	2.5999611352745e-09	6.49990283818624e-06
CPD-14856	42485	HMDB	HMDB0030660_10_shen	Casticin	inchikey	1	TRUE	TRUE	2.5999611352745e-09	6.49990283818624e-06
CPD-14856	42486	HMDB	HMDB0030660_11_shen	Casticin	inchikey	1	TRUE	TRUE	2.5999611352745e-09	6.49990283818624e-06
CPD-14856	42487	HMDB	HMDB0030660_12_shen	Casticin	inchikey	1	TRUE	TRUE	2.5999611352745e-09	6.49990283818624e-06
CPD-14856	42488	HMDB	HMDB0030660_13_shen	Casticin	inchikey	1	TRUE	TRUE	2.5999611352745e-09	6.49990283818624e-06
CPD-14856	42489	HMDB	HMDB0030660_14_shen	Casticin	inchikey	1	TRUE	TRUE	2.5999611352745e-09	6.49990283818624e-06
CPD-16530	42490	HMDB	HMDB0030661_shen	3-Galloylcatechin	name_formula_mass	4	TRUE	TRUE	2.79999312624568e-09	6.333536489223e-06
574-TRIHYDROXY-3-METHOXYFLAVONE	42498	HMDB	HMDB0030667_1_shen	Chrysoeriol	inchikey_connectivity_formula_mass	2	FALSE	TRUE	1.80000370164635e-09	4.50000925411587e-06
574-TRIHYDROXY-3-METHOXYFLAVONE	42499	HMDB	HMDB0030667_2_shen	Chrysoeriol	inchikey_connectivity_formula_mass	2	FALSE	TRUE	1.80000370164635e-09	4.50000925411587e-06
574-TRIHYDROXY-3-METHOXYFLAVONE	42500	HMDB	HMDB0030667_3_shen	Chrysoeriol	inchikey_connectivity_formula_mass	2	FALSE	TRUE	1.80000370164635e-09	4.50000925411587e-06
574-TRIHYDROXY-3-METHOXYFLAVONE	42501	HMDB	HMDB0030667_4_shen	Chrysoeriol	inchikey_connectivity_formula_mass	2	FALSE	TRUE	1.80000370164635e-09	4.50000925411587e-06
574-TRIHYDROXY-3-METHOXYFLAVONE	42502	HMDB	HMDB0030667_5_shen	Chrysoeriol	inchikey_connectivity_formula_mass	2	FALSE	TRUE	1.80000370164635e-09	4.50000925411587e-06
574-TRIHYDROXY-3-METHOXYFLAVONE	42503	HMDB	HMDB0030667_6_shen	Chrysoeriol	inchikey_connectivity_formula_mass	2	FALSE	TRUE	1.80000370164635e-09	4.50000925411587e-06
574-TRIHYDROXY-3-METHOXYFLAVONE	42504	HMDB	HMDB0030667_7_shen	Chrysoeriol	inchikey_connectivity_formula_mass	2	FALSE	TRUE	1.80000370164635e-09	4.50000925411587e-06
574-TRIHYDROXY-3-METHOXYFLAVONE	42505	HMDB	HMDB0030667_8_shen	Chrysoeriol	inchikey_connectivity_formula_mass	2	FALSE	TRUE	1.80000370164635e-09	4.50000925411587e-06
574-TRIHYDROXY-3-METHOXYFLAVONE	42506	HMDB	HMDB0030667_9_shen	Chrysoeriol	inchikey_connectivity_formula_mass	2	FALSE	TRUE	1.80000370164635e-09	4.50000925411587e-06
574-TRIHYDROXY-3-METHOXYFLAVONE	42507	HMDB	HMDB0030667_10_shen	Chrysoeriol	inchikey_connectivity_formula_mass	2	FALSE	TRUE	1.80000370164635e-09	4.50000925411587e-06
574-TRIHYDROXY-3-METHOXYFLAVONE	42508	HMDB	HMDB0030667_11_shen	Chrysoeriol	inchikey_connectivity_formula_mass	2	FALSE	TRUE	1.80000370164635e-09	4.50000925411587e-06
574-TRIHYDROXY-3-METHOXYFLAVONE	42509	HMDB	HMDB0030667_12_shen	Chrysoeriol	inchikey_connectivity_formula_mass	2	FALSE	TRUE	1.80000370164635e-09	4.50000925411587e-06
574-TRIHYDROXY-3-METHOXYFLAVONE	42510	HMDB	HMDB0030667_13_shen	Chrysoeriol	inchikey_connectivity_formula_mass	2	FALSE	TRUE	1.80000370164635e-09	4.50000925411587e-06
574-TRIHYDROXY-3-METHOXYFLAVONE	42511	HMDB	HMDB0030667_14_shen	Chrysoeriol	inchikey_connectivity_formula_mass	2	FALSE	TRUE	1.80000370164635e-09	4.50000925411587e-06
574-TRIHYDROXY-3-METHOXYFLAVONE	42512	HMDB	HMDB0030667_15_shen	Chrysoeriol	inchikey_connectivity_formula_mass	2	FALSE	TRUE	1.80000370164635e-09	4.50000925411587e-06
574-TRIHYDROXY-3-METHOXYFLAVONE	42513	HMDB	HMDB0030667_16_shen	Chrysoeriol	inchikey_connectivity_formula_mass	2	FALSE	TRUE	1.80000370164635e-09	4.50000925411587e-06
574-TRIHYDROXY-3-METHOXYFLAVONE	42514	HMDB	HMDB0030667_17_shen	Chrysoeriol	inchikey_connectivity_formula_mass	2	FALSE	TRUE	1.80000370164635e-09	4.50000925411587e-06
574-TRIHYDROXY-3-METHOXYFLAVONE	42515	HMDB	HMDB0030667_18_shen	Chrysoeriol	inchikey_connectivity_formula_mass	2	FALSE	TRUE	1.80000370164635e-09	4.50000925411587e-06
574-TRIHYDROXY-3-METHOXYFLAVONE	42516	HMDB	HMDB0030667_19_shen	Chrysoeriol	inchikey_connectivity_formula_mass	2	FALSE	TRUE	1.80000370164635e-09	4.50000925411587e-06
574-TRIHYDROXY-3-METHOXYFLAVONE	42517	HMDB	HMDB0030667_20_shen	Chrysoeriol	inchikey_connectivity_formula_mass	2	FALSE	TRUE	1.80000370164635e-09	4.50000925411587e-06
574-TRIHYDROXY-3-METHOXYFLAVONE	42518	HMDB	HMDB0030667_21_shen	Chrysoeriol	inchikey_connectivity_formula_mass	2	FALSE	TRUE	1.80000370164635e-09	4.50000925411587e-06
574-TRIHYDROXY-3-METHOXYFLAVONE	42519	HMDB	HMDB0030667_22_shen	Chrysoeriol	inchikey_connectivity_formula_mass	2	FALSE	TRUE	1.80000370164635e-09	4.50000925411587e-06
574-TRIHYDROXY-3-METHOXYFLAVONE	42520	HMDB	HMDB0030667_23_shen	Chrysoeriol	inchikey_connectivity_formula_mass	2	FALSE	TRUE	1.80000370164635e-09	4.50000925411587e-06
574-TRIHYDROXY-3-METHOXYFLAVONE	42521	HMDB	HMDB0030667_24_shen	Chrysoeriol	inchikey_connectivity_formula_mass	2	FALSE	TRUE	1.80000370164635e-09	4.50000925411587e-06
574-TRIHYDROXY-3-METHOXYFLAVONE	42522	HMDB	HMDB0030667_25_shen	Chrysoeriol	inchikey_connectivity_formula_mass	2	FALSE	TRUE	1.80000370164635e-09	4.50000925411587e-06
574-TRIHYDROXY-3-METHOXYFLAVONE	42523	HMDB	HMDB0030667_26_shen	Chrysoeriol	inchikey_connectivity_formula_mass	2	FALSE	TRUE	1.80000370164635e-09	4.50000925411587e-06
574-TRIHYDROXY-3-METHOXYFLAVONE	42524	HMDB	HMDB0030667_27_shen	Chrysoeriol	inchikey_connectivity_formula_mass	2	FALSE	TRUE	1.80000370164635e-09	4.50000925411587e-06
574-TRIHYDROXY-3-METHOXYFLAVONE	42525	HMDB	HMDB0030667_28_shen	Chrysoeriol	inchikey_connectivity_formula_mass	2	FALSE	TRUE	1.80000370164635e-09	4.50000925411587e-06
574-TRIHYDROXY-3-METHOXYFLAVONE	42526	HMDB	HMDB0030667_29_shen	Chrysoeriol	inchikey_connectivity_formula_mass	2	FALSE	TRUE	1.80000370164635e-09	4.50000925411587e-06
574-TRIHYDROXY-3-METHOXYFLAVONE	42527	HMDB	HMDB0030667_30_shen	Chrysoeriol	inchikey_connectivity_formula_mass	2	FALSE	TRUE	1.80000370164635e-09	4.50000925411587e-06
574-TRIHYDROXY-3-METHOXYFLAVONE	42528	HMDB	HMDB0030667_31_shen	Chrysoeriol	inchikey_connectivity_formula_mass	2	FALSE	TRUE	1.80000370164635e-09	4.50000925411587e-06
CPD-8216	42529	HMDB	HMDB0030670_1_shen	Chrysophanol	inchikey	1	TRUE	TRUE	1.39999656312284e-09	3.4999914078071e-06
CPD-8216	42530	HMDB	HMDB0030670_2_shen	Chrysophanol	inchikey	1	TRUE	TRUE	1.39999656312284e-09	3.4999914078071e-06
CPD-8216	42531	HMDB	HMDB0030670_3_shen	Chrysophanol	inchikey	1	TRUE	TRUE	1.39999656312284e-09	3.4999914078071e-06
CPD-8216	42532	HMDB	HMDB0030670_4_shen	Chrysophanol	inchikey	1	TRUE	TRUE	1.39999656312284e-09	3.4999914078071e-06
CPD-8216	42533	HMDB	HMDB0030670_5_shen	Chrysophanol	inchikey	1	TRUE	TRUE	1.39999656312284e-09	3.4999914078071e-06
CPD-8216	42534	HMDB	HMDB0030670_6_shen	Chrysophanol	inchikey	1	TRUE	TRUE	1.39999656312284e-09	3.4999914078071e-06
CPD-8216	42535	HMDB	HMDB0030670_7_shen	Chrysophanol	inchikey	1	TRUE	TRUE	1.39999656312284e-09	3.4999914078071e-06
CPD-8216	42536	HMDB	HMDB0030670_8_shen	Chrysophanol	inchikey	1	TRUE	TRUE	1.39999656312284e-09	3.4999914078071e-06
CPD-8216	42537	HMDB	HMDB0030670_9_shen	Chrysophanol	inchikey	1	TRUE	TRUE	1.39999656312284e-09	3.4999914078071e-06
CPD-8216	42538	HMDB	HMDB0030670_10_shen	Chrysophanol	inchikey	1	TRUE	TRUE	1.39999656312284e-09	3.4999914078071e-06
CPD1F-766	42540	HMDB	HMDB0030684_1_shen	Cyanidin 3-glucoside	inchikey_connectivity_formula_mass	2	FALSE	TRUE	3.20000026476919e-09	7.12522936742495e-06
CPD1F-766	42541	HMDB	HMDB0030684_2_shen	Cyanidin 3-glucoside	inchikey_connectivity_formula_mass	2	FALSE	TRUE	3.20000026476919e-09	7.12522936742495e-06
CPD1F-766	42542	HMDB	HMDB0030684_3_shen	Cyanidin 3-glucoside	inchikey_connectivity_formula_mass	2	FALSE	TRUE	3.20000026476919e-09	7.12522936742495e-06
CPD1F-766	42543	HMDB	HMDB0030684_4_shen	Cyanidin 3-glucoside	inchikey_connectivity_formula_mass	2	FALSE	TRUE	3.20000026476919e-09	7.12522936742495e-06
CPD1F-766	42544	HMDB	HMDB0030684_5_shen	Cyanidin 3-glucoside	inchikey_connectivity_formula_mass	2	FALSE	TRUE	3.20000026476919e-09	7.12522936742495e-06
CPD1F-766	42545	HMDB	HMDB0030684_6_shen	Cyanidin 3-glucoside	inchikey_connectivity_formula_mass	2	FALSE	TRUE	3.20000026476919e-09	7.12522936742495e-06
CPD1F-766	42546	HMDB	HMDB0030684_7_shen	Cyanidin 3-glucoside	inchikey_connectivity_formula_mass	2	FALSE	TRUE	3.20000026476919e-09	7.12522936742495e-06
CPD1F-766	42547	HMDB	HMDB0030684_8_shen	Cyanidin 3-glucoside	inchikey_connectivity_formula_mass	2	FALSE	TRUE	3.20000026476919e-09	7.12522936742495e-06
CPD1F-766	42548	HMDB	HMDB0030684_9_shen	Cyanidin 3-glucoside	inchikey_connectivity_formula_mass	2	FALSE	TRUE	3.20000026476919e-09	7.12522936742495e-06
CPD1F-766	42549	HMDB	HMDB0030684_10_shen	Cyanidin 3-glucoside	inchikey_connectivity_formula_mass	2	FALSE	TRUE	3.20000026476919e-09	7.12522936742495e-06
CPD-20014	42567	HMDB	HMDB0030708_1_shen	Vicenin 2	name_formula_mass	4	FALSE	TRUE	4.50006609753473e-09	7.57384826190263e-06
CPD-20014	42568	HMDB	HMDB0030708_2_shen	Vicenin 2	name_formula_mass	4	FALSE	TRUE	4.50006609753473e-09	7.57384826190263e-06
CPD-20014	42569	HMDB	HMDB0030708_3_shen	Vicenin 2	name_formula_mass	4	FALSE	TRUE	4.50006609753473e-09	7.57384826190263e-06
CPD-20014	42570	HMDB	HMDB0030708_4_shen	Vicenin 2	name_formula_mass	4	FALSE	TRUE	4.50006609753473e-09	7.57384826190263e-06
CPD-20014	42571	HMDB	HMDB0030708_5_shen	Vicenin 2	name_formula_mass	4	FALSE	TRUE	4.50006609753473e-09	7.57384826190263e-06
CPD-20014	42572	HMDB	HMDB0030708_6_shen	Vicenin 2	name_formula_mass	4	FALSE	TRUE	4.50006609753473e-09	7.57384826190263e-06
CPD-20014	42573	HMDB	HMDB0030708_7_shen	Vicenin 2	name_formula_mass	4	FALSE	TRUE	4.50006609753473e-09	7.57384826190263e-06
CPD-20014	42574	HMDB	HMDB0030708_8_shen	Vicenin 2	name_formula_mass	4	FALSE	TRUE	4.50006609753473e-09	7.57384826190263e-06
CPD-20014	42575	HMDB	HMDB0030708_9_shen	Vicenin 2	name_formula_mass	4	FALSE	TRUE	4.50006609753473e-09	7.57384826190263e-06
CPD-20014	42576	HMDB	HMDB0030708_10_shen	Vicenin 2	name_formula_mass	4	FALSE	TRUE	4.50006609753473e-09	7.57384826190263e-06
CPD-20014	42577	HMDB	HMDB0030708_11_shen	Vicenin 2	name_formula_mass	4	FALSE	TRUE	4.50006609753473e-09	7.57384826190263e-06
CPD-20014	42578	HMDB	HMDB0030708_12_shen	Vicenin 2	name_formula_mass	4	FALSE	TRUE	4.50006609753473e-09	7.57384826190263e-06
CPD-20014	42579	HMDB	HMDB0030708_13_shen	Vicenin 2	name_formula_mass	4	FALSE	TRUE	4.50006609753473e-09	7.57384826190263e-06
CPD-20014	42580	HMDB	HMDB0030708_14_shen	Vicenin 2	name_formula_mass	4	FALSE	TRUE	4.50006609753473e-09	7.57384826190263e-06
CPD-20014	42581	HMDB	HMDB0030708_15_shen	Vicenin 2	name_formula_mass	4	FALSE	TRUE	4.50006609753473e-09	7.57384826190263e-06
CPD-20014	42582	HMDB	HMDB0030708_16_shen	Vicenin 2	name_formula_mass	4	FALSE	TRUE	4.50006609753473e-09	7.57384826190263e-06
CPD-20014	42583	HMDB	HMDB0030708_17_shen	Vicenin 2	name_formula_mass	4	FALSE	TRUE	4.50006609753473e-09	7.57384826190263e-06
CPD-20014	42584	HMDB	HMDB0030708_18_shen	Vicenin 2	name_formula_mass	4	FALSE	TRUE	4.50006609753473e-09	7.57384826190263e-06
CPD-20014	42585	HMDB	HMDB0030708_19_shen	Vicenin 2	name_formula_mass	4	FALSE	TRUE	4.50006609753473e-09	7.57384826190263e-06
CPD-20014	42586	HMDB	HMDB0030708_20_shen	Vicenin 2	name_formula_mass	4	FALSE	TRUE	4.50006609753473e-09	7.57384826190263e-06
CPD-20014	42587	HMDB	HMDB0030708_21_shen	Vicenin 2	name_formula_mass	4	FALSE	TRUE	4.50006609753473e-09	7.57384826190263e-06
CPD-20014	42588	HMDB	HMDB0030708_22_shen	Vicenin 2	name_formula_mass	4	FALSE	TRUE	4.50006609753473e-09	7.57384826190263e-06
CPD-20014	42589	HMDB	HMDB0030708_23_shen	Vicenin 2	name_formula_mass	4	FALSE	TRUE	4.50006609753473e-09	7.57384826190263e-06
CPD-20014	42590	HMDB	HMDB0030708_24_shen	Vicenin 2	name_formula_mass	4	FALSE	TRUE	4.50006609753473e-09	7.57384826190263e-06
CPD-20014	42591	HMDB	HMDB0030708_25_shen	Vicenin 2	name_formula_mass	4	FALSE	TRUE	4.50006609753473e-09	7.57384826190263e-06
CPD-20014	42592	HMDB	HMDB0030708_26_shen	Vicenin 2	name_formula_mass	4	FALSE	TRUE	4.50006609753473e-09	7.57384826190263e-06
CPD-20014	42593	HMDB	HMDB0030708_27_shen	Vicenin 2	name_formula_mass	4	FALSE	TRUE	4.50006609753473e-09	7.57384826190263e-06
CPD-20014	42594	HMDB	HMDB0030708_28_shen	Vicenin 2	name_formula_mass	4	FALSE	TRUE	4.50006609753473e-09	7.57384826190263e-06
CPD-20014	42595	HMDB	HMDB0030708_29_shen	Vicenin 2	name_formula_mass	4	FALSE	TRUE	4.50006609753473e-09	7.57384826190263e-06
CPD-20014	42596	HMDB	HMDB0030708_30_shen	Vicenin 2	name_formula_mass	4	FALSE	TRUE	4.50006609753473e-09	7.57384826190263e-06
CPD-20014	42597	HMDB	HMDB0030708_31_shen	Vicenin 2	name_formula_mass	4	FALSE	TRUE	4.50006609753473e-09	7.57384826190263e-06
CPD-20014	42598	HMDB	HMDB0030708_32_shen	Vicenin 2	name_formula_mass	4	FALSE	TRUE	4.50006609753473e-09	7.57384826190263e-06
CPD-20014	42599	HMDB	HMDB0030708_33_shen	Vicenin 2	name_formula_mass	4	FALSE	TRUE	4.50006609753473e-09	7.57384826190263e-06
CPD-20014	42600	HMDB	HMDB0030708_34_shen	Vicenin 2	name_formula_mass	4	FALSE	TRUE	4.50006609753473e-09	7.57384826190263e-06
CPD-20014	42601	HMDB	HMDB0030708_35_shen	Vicenin 2	name_formula_mass	4	FALSE	TRUE	4.50006609753473e-09	7.57384826190263e-06
CPD-20014	42602	HMDB	HMDB0030708_36_shen	Vicenin 2	name_formula_mass	4	FALSE	TRUE	4.50006609753473e-09	7.57384826190263e-06
CPD-7074	42654	HMDB	HMDB0030748_1_shen	Hesperetin 7-neohesperidoside	name_formula_mass	4	TRUE	TRUE	4.90001639263937e-09	8.03031553485951e-06
CPD-7074	42655	HMDB	HMDB0030748_2_shen	Hesperetin 7-neohesperidoside	name_formula_mass	4	TRUE	TRUE	4.90001639263937e-09	8.03031553485951e-06
CPD-7074	42656	HMDB	HMDB0030748_3_shen	Hesperetin 7-neohesperidoside	name_formula_mass	4	TRUE	TRUE	4.90001639263937e-09	8.03031553485951e-06
CPD-7074	42657	HMDB	HMDB0030748_4_shen	Hesperetin 7-neohesperidoside	name_formula_mass	4	TRUE	TRUE	4.90001639263937e-09	8.03031553485951e-06
CPD-7074	42658	HMDB	HMDB0030748_5_shen	Hesperetin 7-neohesperidoside	name_formula_mass	4	TRUE	TRUE	4.90001639263937e-09	8.03031553485951e-06
CPD-7074	42659	HMDB	HMDB0030748_6_shen	Hesperetin 7-neohesperidoside	name_formula_mass	4	TRUE	TRUE	4.90001639263937e-09	8.03031553485951e-06
CPD-7074	42660	HMDB	HMDB0030748_7_shen	Hesperetin 7-neohesperidoside	name_formula_mass	4	TRUE	TRUE	4.90001639263937e-09	8.03031553485951e-06
CPD-7074	42661	HMDB	HMDB0030748_8_shen	Hesperetin 7-neohesperidoside	name_formula_mass	4	TRUE	TRUE	4.90001639263937e-09	8.03031553485951e-06
CPD-7074	42662	HMDB	HMDB0030748_9_shen	Hesperetin 7-neohesperidoside	name_formula_mass	4	TRUE	TRUE	4.90001639263937e-09	8.03031553485951e-06
CPD-7074	42663	HMDB	HMDB0030748_10_shen	Hesperetin 7-neohesperidoside	name_formula_mass	4	TRUE	TRUE	4.90001639263937e-09	8.03031553485951e-06
CPD-7074	42664	HMDB	HMDB0030748_11_shen	Hesperetin 7-neohesperidoside	name_formula_mass	4	TRUE	TRUE	4.90001639263937e-09	8.03031553485951e-06
CPD-7074	42665	HMDB	HMDB0030748_12_shen	Hesperetin 7-neohesperidoside	name_formula_mass	4	TRUE	TRUE	4.90001639263937e-09	8.03031553485951e-06
CPD-7074	42666	HMDB	HMDB0030748_13_shen	Hesperetin 7-neohesperidoside	name_formula_mass	4	TRUE	TRUE	4.90001639263937e-09	8.03031553485951e-06
CPD-7074	42667	HMDB	HMDB0030748_14_shen	Hesperetin 7-neohesperidoside	name_formula_mass	4	TRUE	TRUE	4.90001639263937e-09	8.03031553485951e-06
CPD-7074	42668	HMDB	HMDB0030748_15_shen	Hesperetin 7-neohesperidoside	name_formula_mass	4	TRUE	TRUE	4.90001639263937e-09	8.03031553485951e-06
CPD-7074	42669	HMDB	HMDB0030748_16_shen	Hesperetin 7-neohesperidoside	name_formula_mass	4	TRUE	TRUE	4.90001639263937e-09	8.03031553485951e-06
CPD-7074	42670	HMDB	HMDB0030748_17_shen	Hesperetin 7-neohesperidoside	name_formula_mass	4	TRUE	TRUE	4.90001639263937e-09	8.03031553485951e-06
CPD-7074	42671	HMDB	HMDB0030748_18_shen	Hesperetin 7-neohesperidoside	name_formula_mass	4	TRUE	TRUE	4.90001639263937e-09	8.03031553485951e-06
CPD-7074	42672	HMDB	HMDB0030748_19_shen	Hesperetin 7-neohesperidoside	name_formula_mass	4	TRUE	TRUE	4.90001639263937e-09	8.03031553485951e-06
HYDROXYNAPHTHOQUINONE	42685	HMDB	HMDB0030773_1_shen	Juglone	inchikey	1	TRUE	TRUE	9.00001850823173e-10	2.25000462705793e-06
HYDROXYNAPHTHOQUINONE	42686	HMDB	HMDB0030773_2_shen	Juglone	inchikey	1	TRUE	TRUE	9.00001850823173e-10	2.25000462705793e-06
HYDROXYNAPHTHOQUINONE	42687	HMDB	HMDB0030773_3_shen	Juglone	inchikey	1	TRUE	TRUE	9.00001850823173e-10	2.25000462705793e-06
CPD-13509	42688	HMDB	HMDB0030775_1_shen	Quercetin 3-galactoside	inchikey_connectivity_formula_mass	2	FALSE	TRUE	3.20000026476919e-09	6.89513350056881e-06
CPD-13509	42689	HMDB	HMDB0030775_2_shen	Quercetin 3-galactoside	inchikey_connectivity_formula_mass	2	FALSE	TRUE	3.20000026476919e-09	6.89513350056881e-06
CPD-13509	42690	HMDB	HMDB0030775_3_shen	Quercetin 3-galactoside	inchikey_connectivity_formula_mass	2	FALSE	TRUE	3.20000026476919e-09	6.89513350056881e-06
CPD-13509	42691	HMDB	HMDB0030775_4_shen	Quercetin 3-galactoside	inchikey_connectivity_formula_mass	2	FALSE	TRUE	3.20000026476919e-09	6.89513350056881e-06
CPD-13509	42692	HMDB	HMDB0030775_5_shen	Quercetin 3-galactoside	inchikey_connectivity_formula_mass	2	FALSE	TRUE	3.20000026476919e-09	6.89513350056881e-06
CPD-13509	42693	HMDB	HMDB0030775_6_shen	Quercetin 3-galactoside	inchikey_connectivity_formula_mass	2	FALSE	TRUE	3.20000026476919e-09	6.89513350056881e-06
CPD-13509	42694	HMDB	HMDB0030775_7_shen	Quercetin 3-galactoside	inchikey_connectivity_formula_mass	2	FALSE	TRUE	3.20000026476919e-09	6.89513350056881e-06
CPD-13509	42695	HMDB	HMDB0030775_8_shen	Quercetin 3-galactoside	inchikey_connectivity_formula_mass	2	FALSE	TRUE	3.20000026476919e-09	6.89513350056881e-06
CPD-13509	42696	HMDB	HMDB0030775_9_shen	Quercetin 3-galactoside	inchikey_connectivity_formula_mass	2	FALSE	TRUE	3.20000026476919e-09	6.89513350056881e-06
CPD-13509	42697	HMDB	HMDB0030775_10_shen	Quercetin 3-galactoside	inchikey_connectivity_formula_mass	2	FALSE	TRUE	3.20000026476919e-09	6.89513350056881e-06
CPD-13509	42698	HMDB	HMDB0030775_11_shen	Quercetin 3-galactoside	inchikey_connectivity_formula_mass	2	FALSE	TRUE	3.20000026476919e-09	6.89513350056881e-06
CPD-13509	42699	HMDB	HMDB0030775_12_shen	Quercetin 3-galactoside	inchikey_connectivity_formula_mass	2	FALSE	TRUE	3.20000026476919e-09	6.89513350056881e-06
CPD-13509	42700	HMDB	HMDB0030775_13_shen	Quercetin 3-galactoside	inchikey_connectivity_formula_mass	2	FALSE	TRUE	3.20000026476919e-09	6.89513350056881e-06
CPD-13509	42701	HMDB	HMDB0030775_14_shen	Quercetin 3-galactoside	inchikey_connectivity_formula_mass	2	FALSE	TRUE	3.20000026476919e-09	6.89513350056881e-06
CPD-13509	42702	HMDB	HMDB0030775_15_shen	Quercetin 3-galactoside	inchikey_connectivity_formula_mass	2	FALSE	TRUE	3.20000026476919e-09	6.89513350056881e-06
CPD-13509	42703	HMDB	HMDB0030775_16_shen	Quercetin 3-galactoside	inchikey_connectivity_formula_mass	2	FALSE	TRUE	3.20000026476919e-09	6.89513350056881e-06
CPD-13509	42704	HMDB	HMDB0030775_17_shen	Quercetin 3-galactoside	inchikey_connectivity_formula_mass	2	FALSE	TRUE	3.20000026476919e-09	6.89513350056881e-06
CPD-13509	42705	HMDB	HMDB0030775_18_shen	Quercetin 3-galactoside	inchikey_connectivity_formula_mass	2	FALSE	TRUE	3.20000026476919e-09	6.89513350056881e-06
CPD-13509	42706	HMDB	HMDB0030775_19_shen	Quercetin 3-galactoside	inchikey_connectivity_formula_mass	2	FALSE	TRUE	3.20000026476919e-09	6.89513350056881e-06
CPD-13509	42707	HMDB	HMDB0030775_20_shen	Quercetin 3-galactoside	inchikey_connectivity_formula_mass	2	FALSE	TRUE	3.20000026476919e-09	6.89513350056881e-06
CPD-13509	42708	HMDB	HMDB0030775_21_shen	Quercetin 3-galactoside	inchikey_connectivity_formula_mass	2	FALSE	TRUE	3.20000026476919e-09	6.89513350056881e-06
CPD-13509	42709	HMDB	HMDB0030775_22_shen	Quercetin 3-galactoside	inchikey_connectivity_formula_mass	2	FALSE	TRUE	3.20000026476919e-09	6.89513350056881e-06
CPD-13509	42710	HMDB	HMDB0030775_23_shen	Quercetin 3-galactoside	inchikey_connectivity_formula_mass	2	FALSE	TRUE	3.20000026476919e-09	6.89513350056881e-06
CPD-13509	42711	HMDB	HMDB0030775_24_shen	Quercetin 3-galactoside	inchikey_connectivity_formula_mass	2	FALSE	TRUE	3.20000026476919e-09	6.89513350056881e-06
CPD-13509	42712	HMDB	HMDB0030775_25_shen	Quercetin 3-galactoside	inchikey_connectivity_formula_mass	2	FALSE	TRUE	3.20000026476919e-09	6.89513350056881e-06
CPD-13509	42713	HMDB	HMDB0030775_26_shen	Quercetin 3-galactoside	inchikey_connectivity_formula_mass	2	FALSE	TRUE	3.20000026476919e-09	6.89513350056881e-06
CPD-13509	42714	HMDB	HMDB0030775_27_shen	Quercetin 3-galactoside	inchikey_connectivity_formula_mass	2	FALSE	TRUE	3.20000026476919e-09	6.89513350056881e-06
CPD-13509	42715	HMDB	HMDB0030775_28_shen	Quercetin 3-galactoside	inchikey_connectivity_formula_mass	2	FALSE	TRUE	3.20000026476919e-09	6.89513350056881e-06
CPD-13509	42716	HMDB	HMDB0030775_29_shen	Quercetin 3-galactoside	inchikey_connectivity_formula_mass	2	FALSE	TRUE	3.20000026476919e-09	6.89513350056881e-06
CPD-13509	42717	HMDB	HMDB0030775_30_shen	Quercetin 3-galactoside	inchikey_connectivity_formula_mass	2	FALSE	TRUE	3.20000026476919e-09	6.89513350056881e-06
CPD-13509	42718	HMDB	HMDB0030775_31_shen	Quercetin 3-galactoside	inchikey_connectivity_formula_mass	2	FALSE	TRUE	3.20000026476919e-09	6.89513350056881e-06
CPD-13509	42719	HMDB	HMDB0030775_32_shen	Quercetin 3-galactoside	inchikey_connectivity_formula_mass	2	FALSE	TRUE	3.20000026476919e-09	6.89513350056881e-06
CPD-13509	42720	HMDB	HMDB0030775_33_shen	Quercetin 3-galactoside	inchikey_connectivity_formula_mass	2	FALSE	TRUE	3.20000026476919e-09	6.89513350056881e-06
CPD-13509	42721	HMDB	HMDB0030775_34_shen	Quercetin 3-galactoside	inchikey_connectivity_formula_mass	2	FALSE	TRUE	3.20000026476919e-09	6.89513350056881e-06
CPD-13509	42722	HMDB	HMDB0030775_35_shen	Quercetin 3-galactoside	inchikey_connectivity_formula_mass	2	FALSE	TRUE	3.20000026476919e-09	6.89513350056881e-06
CPD-13509	42723	HMDB	HMDB0030775_36_shen	Quercetin 3-galactoside	inchikey_connectivity_formula_mass	2	FALSE	TRUE	3.20000026476919e-09	6.89513350056881e-06
CPD-13509	42724	HMDB	HMDB0030775_37_shen	Quercetin 3-galactoside	inchikey_connectivity_formula_mass	2	FALSE	TRUE	3.20000026476919e-09	6.89513350056881e-06
CPD-13509	42725	HMDB	HMDB0030775_38_shen	Quercetin 3-galactoside	inchikey_connectivity_formula_mass	2	FALSE	TRUE	3.20000026476919e-09	6.89513350056881e-06
CPD-13509	42726	HMDB	HMDB0030775_39_shen	Quercetin 3-galactoside	inchikey_connectivity_formula_mass	2	FALSE	TRUE	3.20000026476919e-09	6.89513350056881e-06
CPD-13509	42727	HMDB	HMDB0030775_40_shen	Quercetin 3-galactoside	inchikey_connectivity_formula_mass	2	FALSE	TRUE	3.20000026476919e-09	6.89513350056881e-06
CPD-13509	42728	HMDB	HMDB0030775_41_shen	Quercetin 3-galactoside	inchikey_connectivity_formula_mass	2	FALSE	TRUE	3.20000026476919e-09	6.89513350056881e-06
CPD-13509	42729	HMDB	HMDB0030775_42_shen	Quercetin 3-galactoside	inchikey_connectivity_formula_mass	2	FALSE	TRUE	3.20000026476919e-09	6.89513350056881e-06
CPD-13509	42730	HMDB	HMDB0030775_43_shen	Quercetin 3-galactoside	inchikey_connectivity_formula_mass	2	FALSE	TRUE	3.20000026476919e-09	6.89513350056881e-06
CPD-13509	42731	HMDB	HMDB0030775_44_shen	Quercetin 3-galactoside	inchikey_connectivity_formula_mass	2	FALSE	TRUE	3.20000026476919e-09	6.89513350056881e-06
CPD-13509	42732	HMDB	HMDB0030775_45_shen	Quercetin 3-galactoside	inchikey_connectivity_formula_mass	2	FALSE	TRUE	3.20000026476919e-09	6.89513350056881e-06
CPD-13509	42733	HMDB	HMDB0030775_46_shen	Quercetin 3-galactoside	inchikey_connectivity_formula_mass	2	FALSE	TRUE	3.20000026476919e-09	6.89513350056881e-06
CPD-13509	42734	HMDB	HMDB0030775_47_shen	Quercetin 3-galactoside	inchikey_connectivity_formula_mass	2	FALSE	TRUE	3.20000026476919e-09	6.89513350056881e-06
CPD-13509	42735	HMDB	HMDB0030775_48_shen	Quercetin 3-galactoside	inchikey_connectivity_formula_mass	2	FALSE	TRUE	3.20000026476919e-09	6.89513350056881e-06
CPD-13509	42736	HMDB	HMDB0030775_49_shen	Quercetin 3-galactoside	inchikey_connectivity_formula_mass	2	FALSE	TRUE	3.20000026476919e-09	6.89513350056881e-06
CPD-13509	42737	HMDB	HMDB0030775_50_shen	Quercetin 3-galactoside	inchikey_connectivity_formula_mass	2	FALSE	TRUE	3.20000026476919e-09	6.89513350056881e-06
CPD-13509	42738	HMDB	HMDB0030775_51_shen	Quercetin 3-galactoside	inchikey_connectivity_formula_mass	2	FALSE	TRUE	3.20000026476919e-09	6.89513350056881e-06
CPD-13509	42739	HMDB	HMDB0030775_52_shen	Quercetin 3-galactoside	inchikey_connectivity_formula_mass	2	FALSE	TRUE	3.20000026476919e-09	6.89513350056881e-06
CPD-13509	42740	HMDB	HMDB0030775_53_shen	Quercetin 3-galactoside	inchikey_connectivity_formula_mass	2	FALSE	TRUE	3.20000026476919e-09	6.89513350056881e-06
CPD-13509	42741	HMDB	HMDB0030775_54_shen	Quercetin 3-galactoside	inchikey_connectivity_formula_mass	2	FALSE	TRUE	3.20000026476919e-09	6.89513350056881e-06
CPD-13509	42742	HMDB	HMDB0030775_55_shen	Quercetin 3-galactoside	inchikey_connectivity_formula_mass	2	FALSE	TRUE	3.20000026476919e-09	6.89513350056881e-06
CPD-13509	42743	HMDB	HMDB0030775_56_shen	Quercetin 3-galactoside	inchikey_connectivity_formula_mass	2	FALSE	TRUE	3.20000026476919e-09	6.89513350056881e-06
CPD-13509	42744	HMDB	HMDB0030775_57_shen	Quercetin 3-galactoside	inchikey_connectivity_formula_mass	2	FALSE	TRUE	3.20000026476919e-09	6.89513350056881e-06
CPD-13509	42745	HMDB	HMDB0030775_58_shen	Quercetin 3-galactoside	inchikey_connectivity_formula_mass	2	FALSE	TRUE	3.20000026476919e-09	6.89513350056881e-06
CPD-13509	42746	HMDB	HMDB0030775_59_shen	Quercetin 3-galactoside	inchikey_connectivity_formula_mass	2	FALSE	TRUE	3.20000026476919e-09	6.89513350056881e-06
CPD-13509	42747	HMDB	HMDB0030775_60_shen	Quercetin 3-galactoside	inchikey_connectivity_formula_mass	2	FALSE	TRUE	3.20000026476919e-09	6.89513350056881e-06
CPD-13509	42748	HMDB	HMDB0030775_61_shen	Quercetin 3-galactoside	inchikey_connectivity_formula_mass	2	FALSE	TRUE	3.20000026476919e-09	6.89513350056881e-06
CPD-13509	42749	HMDB	HMDB0030775_62_shen	Quercetin 3-galactoside	inchikey_connectivity_formula_mass	2	FALSE	TRUE	3.20000026476919e-09	6.89513350056881e-06
CPD-13509	42750	HMDB	HMDB0030775_63_shen	Quercetin 3-galactoside	inchikey_connectivity_formula_mass	2	FALSE	TRUE	3.20000026476919e-09	6.89513350056881e-06
CPD-13509	42751	HMDB	HMDB0030775_64_shen	Quercetin 3-galactoside	inchikey_connectivity_formula_mass	2	FALSE	TRUE	3.20000026476919e-09	6.89513350056881e-06
CPD-13509	42752	HMDB	HMDB0030775_65_shen	Quercetin 3-galactoside	inchikey_connectivity_formula_mass	2	FALSE	TRUE	3.20000026476919e-09	6.89513350056881e-06
CPD-13509	42753	HMDB	HMDB0030775_66_shen	Quercetin 3-galactoside	inchikey_connectivity_formula_mass	2	FALSE	TRUE	3.20000026476919e-09	6.89513350056881e-06
CPD-13509	42754	HMDB	HMDB0030775_67_shen	Quercetin 3-galactoside	inchikey_connectivity_formula_mass	2	FALSE	TRUE	3.20000026476919e-09	6.89513350056881e-06
CPD-13509	42755	HMDB	HMDB0030775_68_shen	Quercetin 3-galactoside	inchikey_connectivity_formula_mass	2	FALSE	TRUE	3.20000026476919e-09	6.89513350056881e-06
CPD-13509	42756	HMDB	HMDB0030775_69_shen	Quercetin 3-galactoside	inchikey_connectivity_formula_mass	2	FALSE	TRUE	3.20000026476919e-09	6.89513350056881e-06
CPD-13509	42757	HMDB	HMDB0030775_70_shen	Quercetin 3-galactoside	inchikey_connectivity_formula_mass	2	FALSE	TRUE	3.20000026476919e-09	6.89513350056881e-06
CPD-13509	42758	HMDB	HMDB0030775_71_shen	Quercetin 3-galactoside	inchikey_connectivity_formula_mass	2	FALSE	TRUE	3.20000026476919e-09	6.89513350056881e-06
CPD-13509	42759	HMDB	HMDB0030775_72_shen	Quercetin 3-galactoside	inchikey_connectivity_formula_mass	2	FALSE	TRUE	3.20000026476919e-09	6.89513350056881e-06
CPD-13509	42760	HMDB	HMDB0030775_73_shen	Quercetin 3-galactoside	inchikey_connectivity_formula_mass	2	FALSE	TRUE	3.20000026476919e-09	6.89513350056881e-06
CPD-13509	42761	HMDB	HMDB0030775_74_shen	Quercetin 3-galactoside	inchikey_connectivity_formula_mass	2	FALSE	TRUE	3.20000026476919e-09	6.89513350056881e-06
CPD-13509	42762	HMDB	HMDB0030775_75_shen	Quercetin 3-galactoside	inchikey_connectivity_formula_mass	2	FALSE	TRUE	3.20000026476919e-09	6.89513350056881e-06
CPD-19531	42774	HMDB	HMDB0030796_1_shen	Morin	inchikey	1	TRUE	TRUE	1.70001612787019e-09	4.25004031967546e-06
CPD-19531	42775	HMDB	HMDB0030796_2_shen	Morin	inchikey	1	TRUE	TRUE	1.70001612787019e-09	4.25004031967546e-06
CPD-19531	42776	HMDB	HMDB0030796_3_shen	Morin	inchikey	1	TRUE	TRUE	1.70001612787019e-09	4.25004031967546e-06
CPD-19531	42777	HMDB	HMDB0030796_4_shen	Morin	inchikey	1	TRUE	TRUE	1.70001612787019e-09	4.25004031967546e-06
CPD-19531	42778	HMDB	HMDB0030796_5_shen	Morin	inchikey	1	TRUE	TRUE	1.70001612787019e-09	4.25004031967546e-06
CPD-19531	42779	HMDB	HMDB0030796_6_shen	Morin	inchikey	1	TRUE	TRUE	1.70001612787019e-09	4.25004031967546e-06
CPD-19531	42780	HMDB	HMDB0030796_7_shen	Morin	inchikey	1	TRUE	TRUE	1.70001612787019e-09	4.25004031967546e-06
CPD-19531	42781	HMDB	HMDB0030796_8_shen	Morin	inchikey	1	TRUE	TRUE	1.70001612787019e-09	4.25004031967546e-06
CPD-19531	42782	HMDB	HMDB0030796_9_shen	Morin	inchikey	1	TRUE	TRUE	1.70001612787019e-09	4.25004031967546e-06
CPD-19531	42783	HMDB	HMDB0030796_10_shen	Morin	inchikey	1	TRUE	TRUE	1.70001612787019e-09	4.25004031967546e-06
CPD-19531	42784	HMDB	HMDB0030796_11_shen	Morin	inchikey	1	TRUE	TRUE	1.70001612787019e-09	4.25004031967546e-06
CPD-19531	42785	HMDB	HMDB0030796_12_shen	Morin	inchikey	1	TRUE	TRUE	1.70001612787019e-09	4.25004031967546e-06
CPD-19531	42786	HMDB	HMDB0030796_13_shen	Morin	inchikey	1	TRUE	TRUE	1.70001612787019e-09	4.25004031967546e-06
CPD-19531	42787	HMDB	HMDB0030796_14_shen	Morin	inchikey	1	TRUE	TRUE	1.70001612787019e-09	4.25004031967546e-06
CPD-19531	42788	HMDB	HMDB0030796_15_shen	Morin	inchikey	1	TRUE	TRUE	1.70001612787019e-09	4.25004031967546e-06
CPD-19531	42789	HMDB	HMDB0030796_16_shen	Morin	inchikey	1	TRUE	TRUE	1.70001612787019e-09	4.25004031967546e-06
CPD-19531	42790	HMDB	HMDB0030796_17_shen	Morin	inchikey	1	TRUE	TRUE	1.70001612787019e-09	4.25004031967546e-06
CPD-19531	42791	HMDB	HMDB0030796_18_shen	Morin	inchikey	1	TRUE	TRUE	1.70001612787019e-09	4.25004031967546e-06
CPD-19531	42792	HMDB	HMDB0030796_19_shen	Morin	inchikey	1	TRUE	TRUE	1.70001612787019e-09	4.25004031967546e-06
CPD-19531	42793	HMDB	HMDB0030796_20_shen	Morin	inchikey	1	TRUE	TRUE	1.70001612787019e-09	4.25004031967546e-06
CPD-19531	42794	HMDB	HMDB0030796_21_shen	Morin	inchikey	1	TRUE	TRUE	1.70001612787019e-09	4.25004031967546e-06
CPD-19531	42795	HMDB	HMDB0030796_22_shen	Morin	inchikey	1	TRUE	TRUE	1.70001612787019e-09	4.25004031967546e-06
CPD-19531	42796	HMDB	HMDB0030796_23_shen	Morin	inchikey	1	TRUE	TRUE	1.70001612787019e-09	4.25004031967546e-06
CPD-19531	42797	HMDB	HMDB0030796_24_shen	Morin	inchikey	1	TRUE	TRUE	1.70001612787019e-09	4.25004031967546e-06
CPD-19531	42798	HMDB	HMDB0030796_25_shen	Morin	inchikey	1	TRUE	TRUE	1.70001612787019e-09	4.25004031967546e-06
CPD-19531	42799	HMDB	HMDB0030796_26_shen	Morin	inchikey	1	TRUE	TRUE	1.70001612787019e-09	4.25004031967546e-06
CPD-19531	42800	HMDB	HMDB0030796_27_shen	Morin	inchikey	1	TRUE	TRUE	1.70001612787019e-09	4.25004031967546e-06
CPD-14452	42813	HMDB	HMDB0030818_1_shen	Scoparone	inchikey	1	TRUE	TRUE	7.40001837584714e-09	1.85000459396178e-05
CPD-14452	42814	HMDB	HMDB0030818_2_shen	Scoparone	inchikey	1	TRUE	TRUE	7.40001837584714e-09	1.85000459396178e-05
CPD-14452	42815	HMDB	HMDB0030818_3_shen	Scoparone	inchikey	1	TRUE	TRUE	7.40001837584714e-09	1.85000459396178e-05
CPD-14452	42816	HMDB	HMDB0030818_4_shen	Scoparone	inchikey	1	TRUE	TRUE	7.40001837584714e-09	1.85000459396178e-05
CPD-14452	42817	HMDB	HMDB0030818_5_shen	Scoparone	inchikey	1	TRUE	TRUE	7.40001837584714e-09	1.85000459396178e-05
CPD-14452	42818	HMDB	HMDB0030818_6_shen	Scoparone	inchikey	1	TRUE	TRUE	7.40001837584714e-09	1.85000459396178e-05
CPD-14452	42819	HMDB	HMDB0030818_7_shen	Scoparone	inchikey	1	TRUE	TRUE	7.40001837584714e-09	1.85000459396178e-05
CPD-14452	42820	HMDB	HMDB0030818_8_shen	Scoparone	inchikey	1	TRUE	TRUE	7.40001837584714e-09	1.85000459396178e-05
CPD-14452	42821	HMDB	HMDB0030818_9_shen	Scoparone	inchikey	1	TRUE	TRUE	7.40001837584714e-09	1.85000459396178e-05
CPD-14452	42822	HMDB	HMDB0030818_10_shen	Scoparone	inchikey	1	TRUE	TRUE	7.40001837584714e-09	1.85000459396178e-05
CPD-14452	42823	HMDB	HMDB0030818_11_shen	Scoparone	inchikey	1	TRUE	TRUE	7.40001837584714e-09	1.85000459396178e-05
CPD-14452	42824	HMDB	HMDB0030818_12_shen	Scoparone	inchikey	1	TRUE	TRUE	7.40001837584714e-09	1.85000459396178e-05
CPD-14452	42825	HMDB	HMDB0030818_13_shen	Scoparone	inchikey	1	TRUE	TRUE	7.40001837584714e-09	1.85000459396178e-05
CPD-14452	42826	HMDB	HMDB0030818_14_shen	Scoparone	inchikey	1	TRUE	TRUE	7.40001837584714e-09	1.85000459396178e-05
CPD-14452	42827	HMDB	HMDB0030818_15_shen	Scoparone	inchikey	1	TRUE	TRUE	7.40001837584714e-09	1.85000459396178e-05
CPD-14452	42828	HMDB	HMDB0030818_16_shen	Scoparone	inchikey	1	TRUE	TRUE	7.40001837584714e-09	1.85000459396178e-05
CPD-14452	42829	HMDB	HMDB0030818_17_shen	Scoparone	inchikey	1	TRUE	TRUE	7.40001837584714e-09	1.85000459396178e-05
CPD-14452	42830	HMDB	HMDB0030818_18_shen	Scoparone	inchikey	1	TRUE	TRUE	7.40001837584714e-09	1.85000459396178e-05
CPD-14452	42831	HMDB	HMDB0030818_19_shen	Scoparone	inchikey	1	TRUE	TRUE	7.40001837584714e-09	1.85000459396178e-05
CPD-14452	42832	HMDB	HMDB0030818_20_shen	Scoparone	inchikey	1	TRUE	TRUE	7.40001837584714e-09	1.85000459396178e-05
CPD-14452	42833	HMDB	HMDB0030818_21_shen	Scoparone	inchikey	1	TRUE	TRUE	7.40001837584714e-09	1.85000459396178e-05
CPD-8097	42834	HMDB	HMDB0030819_1_shen	Aesculetin	inchikey	1	TRUE	TRUE	8.00000066192297e-09	2.00000016548074e-05
CPD-8097	42835	HMDB	HMDB0030819_2_shen	Aesculetin	inchikey	1	TRUE	TRUE	8.00000066192297e-09	2.00000016548074e-05
CPD-8097	42836	HMDB	HMDB0030819_3_shen	Aesculetin	inchikey	1	TRUE	TRUE	8.00000066192297e-09	2.00000016548074e-05
CPD-8097	42837	HMDB	HMDB0030819_4_shen	Aesculetin	inchikey	1	TRUE	TRUE	8.00000066192297e-09	2.00000016548074e-05
CPD-8097	42838	HMDB	HMDB0030819_5_shen	Aesculetin	inchikey	1	TRUE	TRUE	8.00000066192297e-09	2.00000016548074e-05
CPD-8097	42839	HMDB	HMDB0030819_6_shen	Aesculetin	inchikey	1	TRUE	TRUE	8.00000066192297e-09	2.00000016548074e-05
CPD-8097	42840	HMDB	HMDB0030819_7_shen	Aesculetin	inchikey	1	TRUE	TRUE	8.00000066192297e-09	2.00000016548074e-05
CPD-8097	42841	HMDB	HMDB0030819_8_shen	Aesculetin	inchikey	1	TRUE	TRUE	8.00000066192297e-09	2.00000016548074e-05
CPD-8097	42842	HMDB	HMDB0030819_9_shen	Aesculetin	inchikey	1	TRUE	TRUE	8.00000066192297e-09	2.00000016548074e-05
CPD-8097	42843	HMDB	HMDB0030819_10_shen	Aesculetin	inchikey	1	TRUE	TRUE	8.00000066192297e-09	2.00000016548074e-05
CPD-8097	42844	HMDB	HMDB0030819_11_shen	Aesculetin	inchikey	1	TRUE	TRUE	8.00000066192297e-09	2.00000016548074e-05
CPD-8097	42845	HMDB	HMDB0030819_12_shen	Aesculetin	inchikey	1	TRUE	TRUE	8.00000066192297e-09	2.00000016548074e-05
CPD-8097	42846	HMDB	HMDB0030819_13_shen	Aesculetin	inchikey	1	TRUE	TRUE	8.00000066192297e-09	2.00000016548074e-05
CPD-8097	42847	HMDB	HMDB0030819_14_shen	Aesculetin	inchikey	1	TRUE	TRUE	8.00000066192297e-09	2.00000016548074e-05
CPD-8097	42848	HMDB	HMDB0030819_15_shen	Aesculetin	inchikey	1	TRUE	TRUE	8.00000066192297e-09	2.00000016548074e-05
CPD-8097	42849	HMDB	HMDB0030819_16_shen	Aesculetin	inchikey	1	TRUE	TRUE	8.00000066192297e-09	2.00000016548074e-05
CPD-8097	42850	HMDB	HMDB0030819_17_shen	Aesculetin	inchikey	1	TRUE	TRUE	8.00000066192297e-09	2.00000016548074e-05
CPD-8097	42851	HMDB	HMDB0030819_18_shen	Aesculetin	inchikey	1	TRUE	TRUE	8.00000066192297e-09	2.00000016548074e-05
CPD-8097	42852	HMDB	HMDB0030819_19_shen	Aesculetin	inchikey	1	TRUE	TRUE	8.00000066192297e-09	2.00000016548074e-05
CPD-8097	42853	HMDB	HMDB0030819_20_shen	Aesculetin	inchikey	1	TRUE	TRUE	8.00000066192297e-09	2.00000016548074e-05
CPD-8097	42854	HMDB	HMDB0030819_21_shen	Aesculetin	inchikey	1	TRUE	TRUE	8.00000066192297e-09	2.00000016548074e-05
CPD-8097	42855	HMDB	HMDB0030819_22_shen	Aesculetin	inchikey	1	TRUE	TRUE	8.00000066192297e-09	2.00000016548074e-05
CPD-8097	42856	HMDB	HMDB0030819_23_shen	Aesculetin	inchikey	1	TRUE	TRUE	8.00000066192297e-09	2.00000016548074e-05
CPD-8097	42857	HMDB	HMDB0030819_24_shen	Aesculetin	inchikey	1	TRUE	TRUE	8.00000066192297e-09	2.00000016548074e-05
CPD-8097	42858	HMDB	HMDB0030819_25_shen	Aesculetin	inchikey	1	TRUE	TRUE	8.00000066192297e-09	2.00000016548074e-05
CPD-8097	42859	HMDB	HMDB0030819_26_shen	Aesculetin	inchikey	1	TRUE	TRUE	8.00000066192297e-09	2.00000016548074e-05
CPD-8097	42860	HMDB	HMDB0030819_27_shen	Aesculetin	inchikey	1	TRUE	TRUE	8.00000066192297e-09	2.00000016548074e-05
CPD-8097	42861	HMDB	HMDB0030819_28_shen	Aesculetin	inchikey	1	TRUE	TRUE	8.00000066192297e-09	2.00000016548074e-05
CPD-8097	42862	HMDB	HMDB0030819_29_shen	Aesculetin	inchikey	1	TRUE	TRUE	8.00000066192297e-09	2.00000016548074e-05
CPD-8097	42863	HMDB	HMDB0030819_30_shen	Aesculetin	inchikey	1	TRUE	TRUE	8.00000066192297e-09	2.00000016548074e-05
CPD-8097	42864	HMDB	HMDB0030819_31_shen	Aesculetin	inchikey	1	TRUE	TRUE	8.00000066192297e-09	2.00000016548074e-05
CPD-8097	42865	HMDB	HMDB0030819_32_shen	Aesculetin	inchikey	1	TRUE	TRUE	8.00000066192297e-09	2.00000016548074e-05
CPD-8097	42866	HMDB	HMDB0030819_33_shen	Aesculetin	inchikey	1	TRUE	TRUE	8.00000066192297e-09	2.00000016548074e-05
CPD-8097	42867	HMDB	HMDB0030819_34_shen	Aesculetin	inchikey	1	TRUE	TRUE	8.00000066192297e-09	2.00000016548074e-05
CPD-8097	42868	HMDB	HMDB0030819_35_shen	Aesculetin	inchikey	1	TRUE	TRUE	8.00000066192297e-09	2.00000016548074e-05
CPD-8097	42869	HMDB	HMDB0030819_36_shen	Aesculetin	inchikey	1	TRUE	TRUE	8.00000066192297e-09	2.00000016548074e-05
CPD-8097	42870	HMDB	HMDB0030819_37_shen	Aesculetin	inchikey	1	TRUE	TRUE	8.00000066192297e-09	2.00000016548074e-05
CPD-8097	42871	HMDB	HMDB0030819_38_shen	Aesculetin	inchikey	1	TRUE	TRUE	8.00000066192297e-09	2.00000016548074e-05
CPD-8097	42872	HMDB	HMDB0030819_39_shen	Aesculetin	inchikey	1	TRUE	TRUE	8.00000066192297e-09	2.00000016548074e-05
CPD-8097	42873	HMDB	HMDB0030819_40_shen	Aesculetin	inchikey	1	TRUE	TRUE	8.00000066192297e-09	2.00000016548074e-05
CPD-8097	42874	HMDB	HMDB0030819_41_shen	Aesculetin	inchikey	1	TRUE	TRUE	8.00000066192297e-09	2.00000016548074e-05
CPD-8097	42875	HMDB	HMDB0030819_42_shen	Aesculetin	inchikey	1	TRUE	TRUE	8.00000066192297e-09	2.00000016548074e-05
CPD-8097	42876	HMDB	HMDB0030819_43_shen	Aesculetin	inchikey	1	TRUE	TRUE	8.00000066192297e-09	2.00000016548074e-05
CPD-8097	42877	HMDB	HMDB0030819_44_shen	Aesculetin	inchikey	1	TRUE	TRUE	8.00000066192297e-09	2.00000016548074e-05
CPD-8097	42878	HMDB	HMDB0030819_45_shen	Aesculetin	inchikey	1	TRUE	TRUE	8.00000066192297e-09	2.00000016548074e-05
CPD-8097	42879	HMDB	HMDB0030819_46_shen	Aesculetin	inchikey	1	TRUE	TRUE	8.00000066192297e-09	2.00000016548074e-05
CPD-8097	42880	HMDB	HMDB0030819_47_shen	Aesculetin	inchikey	1	TRUE	TRUE	8.00000066192297e-09	2.00000016548074e-05
CPD-8097	42881	HMDB	HMDB0030819_48_shen	Aesculetin	inchikey	1	TRUE	TRUE	8.00000066192297e-09	2.00000016548074e-05
CPD-8097	42882	HMDB	HMDB0030819_49_shen	Aesculetin	inchikey	1	TRUE	TRUE	8.00000066192297e-09	2.00000016548074e-05
CPD-8097	42883	HMDB	HMDB0030819_50_shen	Aesculetin	inchikey	1	TRUE	TRUE	8.00000066192297e-09	2.00000016548074e-05
CPD-8097	42884	HMDB	HMDB0030819_51_shen	Aesculetin	inchikey	1	TRUE	TRUE	8.00000066192297e-09	2.00000016548074e-05
CPD-8097	42885	HMDB	HMDB0030819_52_shen	Aesculetin	inchikey	1	TRUE	TRUE	8.00000066192297e-09	2.00000016548074e-05
CPD-8097	42886	HMDB	HMDB0030819_53_shen	Aesculetin	inchikey	1	TRUE	TRUE	8.00000066192297e-09	2.00000016548074e-05
CPD-8097	42887	HMDB	HMDB0030819_54_shen	Aesculetin	inchikey	1	TRUE	TRUE	8.00000066192297e-09	2.00000016548074e-05
CPD-8097	42888	HMDB	HMDB0030819_55_shen	Aesculetin	inchikey	1	TRUE	TRUE	8.00000066192297e-09	2.00000016548074e-05
CPD-8097	42889	HMDB	HMDB0030819_56_shen	Aesculetin	inchikey	1	TRUE	TRUE	8.00000066192297e-09	2.00000016548074e-05
CPD-8097	42890	HMDB	HMDB0030819_57_shen	Aesculetin	inchikey	1	TRUE	TRUE	8.00000066192297e-09	2.00000016548074e-05
CPD-8097	42891	HMDB	HMDB0030819_58_shen	Aesculetin	inchikey	1	TRUE	TRUE	8.00000066192297e-09	2.00000016548074e-05
CPD-8097	42892	HMDB	HMDB0030819_59_shen	Aesculetin	inchikey	1	TRUE	TRUE	8.00000066192297e-09	2.00000016548074e-05
CPD-8097	42893	HMDB	HMDB0030819_60_shen	Aesculetin	inchikey	1	TRUE	TRUE	8.00000066192297e-09	2.00000016548074e-05
CPD-8097	42894	HMDB	HMDB0030819_61_shen	Aesculetin	inchikey	1	TRUE	TRUE	8.00000066192297e-09	2.00000016548074e-05
CPD-8097	42895	HMDB	HMDB0030819_62_shen	Aesculetin	inchikey	1	TRUE	TRUE	8.00000066192297e-09	2.00000016548074e-05
CPD-8097	42896	HMDB	HMDB0030819_63_shen	Aesculetin	inchikey	1	TRUE	TRUE	8.00000066192297e-09	2.00000016548074e-05
CPD-8097	42897	HMDB	HMDB0030819_64_shen	Aesculetin	inchikey	1	TRUE	TRUE	8.00000066192297e-09	2.00000016548074e-05
CPD-8097	42898	HMDB	HMDB0030819_65_shen	Aesculetin	inchikey	1	TRUE	TRUE	8.00000066192297e-09	2.00000016548074e-05
CPD-8097	42899	HMDB	HMDB0030819_66_shen	Aesculetin	inchikey	1	TRUE	TRUE	8.00000066192297e-09	2.00000016548074e-05
CPD-8097	42900	HMDB	HMDB0030819_67_shen	Aesculetin	inchikey	1	TRUE	TRUE	8.00000066192297e-09	2.00000016548074e-05
CPD-8097	42901	HMDB	HMDB0030819_68_shen	Aesculetin	inchikey	1	TRUE	TRUE	8.00000066192297e-09	2.00000016548074e-05
CPD-8097	42902	HMDB	HMDB0030819_69_shen	Aesculetin	inchikey	1	TRUE	TRUE	8.00000066192297e-09	2.00000016548074e-05
CPD-8097	42903	HMDB	HMDB0030819_70_shen	Aesculetin	inchikey	1	TRUE	TRUE	8.00000066192297e-09	2.00000016548074e-05
CPD-14461	42904	HMDB	HMDB0030820_1_shen	Aesculin	inchikey	1	TRUE	TRUE	1.74999854607449e-08	4.37499636518623e-05
CPD-14461	42905	HMDB	HMDB0030820_2_shen	Aesculin	inchikey	1	TRUE	TRUE	1.74999854607449e-08	4.37499636518623e-05
CPD-14461	42906	HMDB	HMDB0030820_3_shen	Aesculin	inchikey	1	TRUE	TRUE	1.74999854607449e-08	4.37499636518623e-05
CPD-14461	42907	HMDB	HMDB0030820_4_shen	Aesculin	inchikey	1	TRUE	TRUE	1.74999854607449e-08	4.37499636518623e-05
CPD-14461	42908	HMDB	HMDB0030820_5_shen	Aesculin	inchikey	1	TRUE	TRUE	1.74999854607449e-08	4.37499636518623e-05
CPD-14461	42909	HMDB	HMDB0030820_6_shen	Aesculin	inchikey	1	TRUE	TRUE	1.74999854607449e-08	4.37499636518623e-05
CPD-14461	42910	HMDB	HMDB0030820_7_shen	Aesculin	inchikey	1	TRUE	TRUE	1.74999854607449e-08	4.37499636518623e-05
CPD-14461	42911	HMDB	HMDB0030820_8_shen	Aesculin	inchikey	1	TRUE	TRUE	1.74999854607449e-08	4.37499636518623e-05
CPD-14461	42912	HMDB	HMDB0030820_9_shen	Aesculin	inchikey	1	TRUE	TRUE	1.74999854607449e-08	4.37499636518623e-05
CPD-14461	42913	HMDB	HMDB0030820_10_shen	Aesculin	inchikey	1	TRUE	TRUE	1.74999854607449e-08	4.37499636518623e-05
CPD-14461	42914	HMDB	HMDB0030820_11_shen	Aesculin	inchikey	1	TRUE	TRUE	1.74999854607449e-08	4.37499636518623e-05
CPD-14461	42915	HMDB	HMDB0030820_12_shen	Aesculin	inchikey	1	TRUE	TRUE	1.74999854607449e-08	4.37499636518623e-05
CPD-14461	42916	HMDB	HMDB0030820_13_shen	Aesculin	inchikey	1	TRUE	TRUE	1.74999854607449e-08	4.37499636518623e-05
CPD-14461	42917	HMDB	HMDB0030820_14_shen	Aesculin	inchikey	1	TRUE	TRUE	1.74999854607449e-08	4.37499636518623e-05
CPD-14461	42918	HMDB	HMDB0030820_15_shen	Aesculin	inchikey	1	TRUE	TRUE	1.74999854607449e-08	4.37499636518623e-05
CPD-14461	42919	HMDB	HMDB0030820_16_shen	Aesculin	inchikey	1	TRUE	TRUE	1.74999854607449e-08	4.37499636518623e-05
CPD-10413	42920	HMDB	HMDB0030822_1_shen	(-)-Epiafzelechin	inchikey	1	TRUE	TRUE	1.89999127542251e-09	4.74997818855627e-06
CPD-10413	42921	HMDB	HMDB0030822_2_shen	(-)-Epiafzelechin	inchikey	1	TRUE	TRUE	1.89999127542251e-09	4.74997818855627e-06
CPD-10413	42922	HMDB	HMDB0030822_3_shen	(-)-Epiafzelechin	inchikey	1	TRUE	TRUE	1.89999127542251e-09	4.74997818855627e-06
CPD-10413	42923	HMDB	HMDB0030822_4_shen	(-)-Epiafzelechin	inchikey	1	TRUE	TRUE	1.89999127542251e-09	4.74997818855627e-06
CPD-10413	42924	HMDB	HMDB0030822_5_shen	(-)-Epiafzelechin	inchikey	1	TRUE	TRUE	1.89999127542251e-09	4.74997818855627e-06
CPD-10413	42925	HMDB	HMDB0030822_6_shen	(-)-Epiafzelechin	inchikey	1	TRUE	TRUE	1.89999127542251e-09	4.74997818855627e-06
CPD-10413	42926	HMDB	HMDB0030822_7_shen	(-)-Epiafzelechin	inchikey	1	TRUE	TRUE	1.89999127542251e-09	4.74997818855627e-06
CPD-10413	42927	HMDB	HMDB0030822_8_shen	(-)-Epiafzelechin	inchikey	1	TRUE	TRUE	1.89999127542251e-09	4.74997818855627e-06
CPD-10413	42928	HMDB	HMDB0030822_9_shen	(-)-Epiafzelechin	inchikey	1	TRUE	TRUE	1.89999127542251e-09	4.74997818855627e-06
CPD-10413	42929	HMDB	HMDB0030822_10_shen	(-)-Epiafzelechin	inchikey	1	TRUE	TRUE	1.89999127542251e-09	4.74997818855627e-06
7-O-BETA-D-APIOFURANOSYL-12-BETA-D-GLU	43002	HMDB	HMDB0030843_1_shen	Apiin	name_formula_mass	4	FALSE	TRUE	4.19993284594966e-09	7.44473710563859e-06
7-O-BETA-D-APIOFURANOSYL-12-BETA-D-GLU	43003	HMDB	HMDB0030843_2_shen	Apiin	name_formula_mass	4	FALSE	TRUE	4.19993284594966e-09	7.44473710563859e-06
7-O-BETA-D-APIOFURANOSYL-12-BETA-D-GLU	43004	HMDB	HMDB0030843_3_shen	Apiin	name_formula_mass	4	FALSE	TRUE	4.19993284594966e-09	7.44473710563859e-06
7-O-BETA-D-APIOFURANOSYL-12-BETA-D-GLU	43005	HMDB	HMDB0030843_4_shen	Apiin	name_formula_mass	4	FALSE	TRUE	4.19993284594966e-09	7.44473710563859e-06
7-O-BETA-D-APIOFURANOSYL-12-BETA-D-GLU	43006	HMDB	HMDB0030843_5_shen	Apiin	name_formula_mass	4	FALSE	TRUE	4.19993284594966e-09	7.44473710563859e-06
7-O-BETA-D-APIOFURANOSYL-12-BETA-D-GLU	43007	HMDB	HMDB0030843_6_shen	Apiin	name_formula_mass	4	FALSE	TRUE	4.19993284594966e-09	7.44473710563859e-06
7-O-BETA-D-APIOFURANOSYL-12-BETA-D-GLU	43008	HMDB	HMDB0030843_7_shen	Apiin	name_formula_mass	4	FALSE	TRUE	4.19993284594966e-09	7.44473710563859e-06
7-O-BETA-D-APIOFURANOSYL-12-BETA-D-GLU	43009	HMDB	HMDB0030843_8_shen	Apiin	name_formula_mass	4	FALSE	TRUE	4.19993284594966e-09	7.44473710563859e-06
7-O-BETA-D-APIOFURANOSYL-12-BETA-D-GLU	43010	HMDB	HMDB0030843_9_shen	Apiin	name_formula_mass	4	FALSE	TRUE	4.19993284594966e-09	7.44473710563859e-06
DIHYDROKAEMPFEROL-CMPD	43011	HMDB	HMDB0030847_1_shen	Aromadendrin	inchikey	1	TRUE	TRUE	1.80000370164635e-09	4.50000925411587e-06
DIHYDROKAEMPFEROL-CMPD	43012	HMDB	HMDB0030847_2_shen	Aromadendrin	inchikey	1	TRUE	TRUE	1.80000370164635e-09	4.50000925411587e-06
DIHYDROKAEMPFEROL-CMPD	43013	HMDB	HMDB0030847_3_shen	Aromadendrin	inchikey	1	TRUE	TRUE	1.80000370164635e-09	4.50000925411587e-06
DIHYDROKAEMPFEROL-CMPD	43014	HMDB	HMDB0030847_4_shen	Aromadendrin	inchikey	1	TRUE	TRUE	1.80000370164635e-09	4.50000925411587e-06
DIHYDROKAEMPFEROL-CMPD	43015	HMDB	HMDB0030847_5_shen	Aromadendrin	inchikey	1	TRUE	TRUE	1.80000370164635e-09	4.50000925411587e-06
DIHYDROKAEMPFEROL-CMPD	43016	HMDB	HMDB0030847_6_shen	Aromadendrin	inchikey	1	TRUE	TRUE	1.80000370164635e-09	4.50000925411587e-06
DIHYDROKAEMPFEROL-CMPD	43017	HMDB	HMDB0030847_7_shen	Aromadendrin	inchikey	1	TRUE	TRUE	1.80000370164635e-09	4.50000925411587e-06
DIHYDROKAEMPFEROL-CMPD	43018	HMDB	HMDB0030847_8_shen	Aromadendrin	inchikey	1	TRUE	TRUE	1.80000370164635e-09	4.50000925411587e-06
DIHYDROKAEMPFEROL-CMPD	43019	HMDB	HMDB0030847_9_shen	Aromadendrin	inchikey	1	TRUE	TRUE	1.80000370164635e-09	4.50000925411587e-06
DIHYDROKAEMPFEROL-CMPD	43020	HMDB	HMDB0030847_10_shen	Aromadendrin	inchikey	1	TRUE	TRUE	1.80000370164635e-09	4.50000925411587e-06
DIHYDROKAEMPFEROL-CMPD	43021	HMDB	HMDB0030847_11_shen	Aromadendrin	inchikey	1	TRUE	TRUE	1.80000370164635e-09	4.50000925411587e-06
DIHYDROKAEMPFEROL-CMPD	43022	HMDB	HMDB0030847_12_shen	Aromadendrin	inchikey	1	TRUE	TRUE	1.80000370164635e-09	4.50000925411587e-06
DIHYDROKAEMPFEROL-CMPD	43023	HMDB	HMDB0030847_13_shen	Aromadendrin	inchikey	1	TRUE	TRUE	1.80000370164635e-09	4.50000925411587e-06
DIHYDROKAEMPFEROL-CMPD	43024	HMDB	HMDB0030847_14_shen	Aromadendrin	inchikey	1	TRUE	TRUE	1.80000370164635e-09	4.50000925411587e-06
DIHYDROKAEMPFEROL-CMPD	43025	HMDB	HMDB0030847_15_shen	Aromadendrin	inchikey	1	TRUE	TRUE	1.80000370164635e-09	4.50000925411587e-06
DIHYDROKAEMPFEROL-CMPD	43026	HMDB	HMDB0030847_16_shen	Aromadendrin	inchikey	1	TRUE	TRUE	1.80000370164635e-09	4.50000925411587e-06
DIHYDROKAEMPFEROL-CMPD	43027	HMDB	HMDB0030847_17_shen	Aromadendrin	inchikey	1	TRUE	TRUE	1.80000370164635e-09	4.50000925411587e-06
DIHYDROKAEMPFEROL-CMPD	43028	HMDB	HMDB0030847_18_shen	Aromadendrin	inchikey	1	TRUE	TRUE	1.80000370164635e-09	4.50000925411587e-06
DIHYDROKAEMPFEROL-CMPD	43029	HMDB	HMDB0030847_19_shen	Aromadendrin	inchikey	1	TRUE	TRUE	1.80000370164635e-09	4.50000925411587e-06
DIHYDROKAEMPFEROL-CMPD	43030	HMDB	HMDB0030847_20_shen	Aromadendrin	inchikey	1	TRUE	TRUE	1.80000370164635e-09	4.50000925411587e-06
DIHYDROKAEMPFEROL-CMPD	43031	HMDB	HMDB0030847_21_shen	Aromadendrin	inchikey	1	TRUE	TRUE	1.80000370164635e-09	4.50000925411587e-06
DIHYDROKAEMPFEROL-CMPD	43032	HMDB	HMDB0030847_22_shen	Aromadendrin	inchikey	1	TRUE	TRUE	1.80000370164635e-09	4.50000925411587e-06
DIHYDROKAEMPFEROL-CMPD	43033	HMDB	HMDB0030847_23_shen	Aromadendrin	inchikey	1	TRUE	TRUE	1.80000370164635e-09	4.50000925411587e-06
DIHYDROKAEMPFEROL-CMPD	43034	HMDB	HMDB0030847_24_shen	Aromadendrin	inchikey	1	TRUE	TRUE	1.80000370164635e-09	4.50000925411587e-06
DIHYDROKAEMPFEROL-CMPD	43035	HMDB	HMDB0030847_25_shen	Aromadendrin	inchikey	1	TRUE	TRUE	1.80000370164635e-09	4.50000925411587e-06
DIHYDROKAEMPFEROL-CMPD	43036	HMDB	HMDB0030847_26_shen	Aromadendrin	inchikey	1	TRUE	TRUE	1.80000370164635e-09	4.50000925411587e-06
DIHYDROKAEMPFEROL-CMPD	43037	HMDB	HMDB0030847_27_shen	Aromadendrin	inchikey	1	TRUE	TRUE	1.80000370164635e-09	4.50000925411587e-06
DIHYDROKAEMPFEROL-CMPD	43038	HMDB	HMDB0030847_28_shen	Aromadendrin	inchikey	1	TRUE	TRUE	1.80000370164635e-09	4.50000925411587e-06
DIHYDROKAEMPFEROL-CMPD	43039	HMDB	HMDB0030847_29_shen	Aromadendrin	inchikey	1	TRUE	TRUE	1.80000370164635e-09	4.50000925411587e-06
DIHYDROKAEMPFEROL-CMPD	43040	HMDB	HMDB0030847_30_shen	Aromadendrin	inchikey	1	TRUE	TRUE	1.80000370164635e-09	4.50000925411587e-06
DIHYDROKAEMPFEROL-CMPD	43041	HMDB	HMDB0030847_31_shen	Aromadendrin	inchikey	1	TRUE	TRUE	1.80000370164635e-09	4.50000925411587e-06
DIHYDROKAEMPFEROL-CMPD	43042	HMDB	HMDB0030847_32_shen	Aromadendrin	inchikey	1	TRUE	TRUE	1.80000370164635e-09	4.50000925411587e-06
DIHYDROKAEMPFEROL-CMPD	43043	HMDB	HMDB0030847_33_shen	Aromadendrin	inchikey	1	TRUE	TRUE	1.80000370164635e-09	4.50000925411587e-06
DIHYDROKAEMPFEROL-CMPD	43044	HMDB	HMDB0030847_34_shen	Aromadendrin	inchikey	1	TRUE	TRUE	1.80000370164635e-09	4.50000925411587e-06
DIHYDROKAEMPFEROL-CMPD	43045	HMDB	HMDB0030847_35_shen	Aromadendrin	inchikey	1	TRUE	TRUE	1.80000370164635e-09	4.50000925411587e-06
DIHYDROKAEMPFEROL-CMPD	43046	HMDB	HMDB0030847_36_shen	Aromadendrin	inchikey	1	TRUE	TRUE	1.80000370164635e-09	4.50000925411587e-06
DIHYDROKAEMPFEROL-CMPD	43047	HMDB	HMDB0030847_37_shen	Aromadendrin	inchikey	1	TRUE	TRUE	1.80000370164635e-09	4.50000925411587e-06
CPD-10077	43080	HMDB	HMDB0030869_shen	Wistin	inchikey	1	TRUE	TRUE	3.40003225574037e-09	7.38917463153403e-06
CPD-6501	43173	HMDB	HMDB0031310_1_shen	Benzyl acetate	inchikey	1	TRUE	TRUE	1.20002141557052e-09	3.0000535389263e-06
CPD-6501	43174	HMDB	HMDB0031310_2_shen	Benzyl acetate	inchikey	1	TRUE	TRUE	1.20002141557052e-09	3.0000535389263e-06
CPD-6501	43175	HMDB	HMDB0031310_3_shen	Benzyl acetate	inchikey	1	TRUE	TRUE	1.20002141557052e-09	3.0000535389263e-06
CPD-6501	43176	HMDB	HMDB0031310_4_shen	Benzyl acetate	inchikey	1	TRUE	TRUE	1.20002141557052e-09	3.0000535389263e-06
CPD-6501	43177	HMDB	HMDB0031310_5_shen	Benzyl acetate	inchikey	1	TRUE	TRUE	1.20002141557052e-09	3.0000535389263e-06
CPD-6501	43178	HMDB	HMDB0031310_6_shen	Benzyl acetate	inchikey	1	TRUE	TRUE	1.20002141557052e-09	3.0000535389263e-06
CPD-6501	43179	HMDB	HMDB0031310_7_shen	Benzyl acetate	inchikey	1	TRUE	TRUE	1.20002141557052e-09	3.0000535389263e-06
CPD-6501	43180	HMDB	HMDB0031310_8_shen	Benzyl acetate	inchikey	1	TRUE	TRUE	1.20002141557052e-09	3.0000535389263e-06
CPD-6501	43181	HMDB	HMDB0031310_9_shen	Benzyl acetate	inchikey	1	TRUE	TRUE	1.20002141557052e-09	3.0000535389263e-06
BUTYLAMINE	43182	HMDB	HMDB0031321_1_shen	1-Butylamine	inchikey_connectivity_formula_mass	2	FALSE	TRUE	1.30000898934668e-09	3.2500224733667e-06
BUTYLAMINE	43183	HMDB	HMDB0031321_2_shen	1-Butylamine	inchikey_connectivity_formula_mass	2	FALSE	TRUE	1.30000898934668e-09	3.2500224733667e-06
CPD-303	43258	HMDB	HMDB0031404_1_shen	Cyclohexylamine	inchikey_connectivity_formula_mass	2	FALSE	TRUE	1.49999834775372e-09	3.74999586938429e-06
CPD-303	43259	HMDB	HMDB0031404_2_shen	Cyclohexylamine	inchikey_connectivity_formula_mass	2	FALSE	TRUE	1.49999834775372e-09	3.74999586938429e-06
CPD-303	43260	HMDB	HMDB0031404_3_shen	Cyclohexylamine	inchikey_connectivity_formula_mass	2	FALSE	TRUE	1.49999834775372e-09	3.74999586938429e-06
CPD-303	43261	HMDB	HMDB0031404_4_shen	Cyclohexylamine	inchikey_connectivity_formula_mass	2	FALSE	TRUE	1.49999834775372e-09	3.74999586938429e-06
CPD-303	43262	HMDB	HMDB0031404_5_shen	Cyclohexylamine	inchikey_connectivity_formula_mass	2	FALSE	TRUE	1.49999834775372e-09	3.74999586938429e-06
CPD-303	43263	HMDB	HMDB0031404_6_shen	Cyclohexylamine	inchikey_connectivity_formula_mass	2	FALSE	TRUE	1.49999834775372e-09	3.74999586938429e-06
CPD-303	43264	HMDB	HMDB0031404_7_shen	Cyclohexylamine	inchikey_connectivity_formula_mass	2	FALSE	TRUE	1.49999834775372e-09	3.74999586938429e-06
CPD-303	43265	HMDB	HMDB0031404_8_shen	Cyclohexylamine	inchikey_connectivity_formula_mass	2	FALSE	TRUE	1.49999834775372e-09	3.74999586938429e-06
CPD-303	43266	HMDB	HMDB0031404_9_shen	Cyclohexylamine	inchikey_connectivity_formula_mass	2	FALSE	TRUE	1.49999834775372e-09	3.74999586938429e-06
CPD-303	43267	HMDB	HMDB0031404_10_shen	Cyclohexylamine	inchikey_connectivity_formula_mass	2	FALSE	TRUE	1.49999834775372e-09	3.74999586938429e-06
CPD-303	43268	HMDB	HMDB0031404_11_shen	Cyclohexylamine	inchikey_connectivity_formula_mass	2	FALSE	TRUE	1.49999834775372e-09	3.74999586938429e-06
CPD-303	43269	HMDB	HMDB0031404_12_shen	Cyclohexylamine	inchikey_connectivity_formula_mass	2	FALSE	TRUE	1.49999834775372e-09	3.74999586938429e-06
CPD-303	43270	HMDB	HMDB0031404_13_shen	Cyclohexylamine	inchikey_connectivity_formula_mass	2	FALSE	TRUE	1.49999834775372e-09	3.74999586938429e-06
CPD-303	43271	HMDB	HMDB0031404_14_shen	Cyclohexylamine	inchikey_connectivity_formula_mass	2	FALSE	TRUE	1.49999834775372e-09	3.74999586938429e-06
CPD-303	43272	HMDB	HMDB0031404_15_shen	Cyclohexylamine	inchikey_connectivity_formula_mass	2	FALSE	TRUE	1.49999834775372e-09	3.74999586938429e-06
CPD-303	43273	HMDB	HMDB0031404_16_shen	Cyclohexylamine	inchikey_connectivity_formula_mass	2	FALSE	TRUE	1.49999834775372e-09	3.74999586938429e-06
CPD-303	43274	HMDB	HMDB0031404_17_shen	Cyclohexylamine	inchikey_connectivity_formula_mass	2	FALSE	TRUE	1.49999834775372e-09	3.74999586938429e-06
CPD-303	43275	HMDB	HMDB0031404_18_shen	Cyclohexylamine	inchikey_connectivity_formula_mass	2	FALSE	TRUE	1.49999834775372e-09	3.74999586938429e-06
CPD-15001	43290	HMDB	HMDB0031458_1_shen	Cyanidin 3-rutinoside	inchikey_connectivity_formula_mass	2	FALSE	TRUE	4.59999682789203e-09	7.72892696379549e-06
CPD-15001	43291	HMDB	HMDB0031458_2_shen	Cyanidin 3-rutinoside	inchikey_connectivity_formula_mass	2	FALSE	TRUE	4.59999682789203e-09	7.72892696379549e-06
CPD-15001	43292	HMDB	HMDB0031458_3_shen	Cyanidin 3-rutinoside	inchikey_connectivity_formula_mass	2	FALSE	TRUE	4.59999682789203e-09	7.72892696379549e-06
CPD-15001	43293	HMDB	HMDB0031458_4_shen	Cyanidin 3-rutinoside	inchikey_connectivity_formula_mass	2	FALSE	TRUE	4.59999682789203e-09	7.72892696379549e-06
CPD-15001	43294	HMDB	HMDB0031458_5_shen	Cyanidin 3-rutinoside	inchikey_connectivity_formula_mass	2	FALSE	TRUE	4.59999682789203e-09	7.72892696379549e-06
CPD-15001	43295	HMDB	HMDB0031458_6_shen	Cyanidin 3-rutinoside	inchikey_connectivity_formula_mass	2	FALSE	TRUE	4.59999682789203e-09	7.72892696379549e-06
CPD-15001	43296	HMDB	HMDB0031458_7_shen	Cyanidin 3-rutinoside	inchikey_connectivity_formula_mass	2	FALSE	TRUE	4.59999682789203e-09	7.72892696379549e-06
CPD-15001	43297	HMDB	HMDB0031458_8_shen	Cyanidin 3-rutinoside	inchikey_connectivity_formula_mass	2	FALSE	TRUE	4.59999682789203e-09	7.72892696379549e-06
CPD-15001	43298	HMDB	HMDB0031458_9_shen	Cyanidin 3-rutinoside	inchikey_connectivity_formula_mass	2	FALSE	TRUE	4.59999682789203e-09	7.72892696379549e-06
CPD-15001	43299	HMDB	HMDB0031458_10_shen	Cyanidin 3-rutinoside	inchikey_connectivity_formula_mass	2	FALSE	TRUE	4.59999682789203e-09	7.72892696379549e-06
CPD-15001	43300	HMDB	HMDB0031458_11_shen	Cyanidin 3-rutinoside	inchikey_connectivity_formula_mass	2	FALSE	TRUE	4.59999682789203e-09	7.72892696379549e-06
CPD-15001	43301	HMDB	HMDB0031458_12_shen	Cyanidin 3-rutinoside	inchikey_connectivity_formula_mass	2	FALSE	TRUE	4.59999682789203e-09	7.72892696379549e-06
CPD-15001	43302	HMDB	HMDB0031458_13_shen	Cyanidin 3-rutinoside	inchikey_connectivity_formula_mass	2	FALSE	TRUE	4.59999682789203e-09	7.72892696379549e-06
CPD-15001	43303	HMDB	HMDB0031458_14_shen	Cyanidin 3-rutinoside	inchikey_connectivity_formula_mass	2	FALSE	TRUE	4.59999682789203e-09	7.72892696379549e-06
CPD-15001	43304	HMDB	HMDB0031458_15_shen	Cyanidin 3-rutinoside	inchikey_connectivity_formula_mass	2	FALSE	TRUE	4.59999682789203e-09	7.72892696379549e-06
CPD-15001	43305	HMDB	HMDB0031458_16_shen	Cyanidin 3-rutinoside	inchikey_connectivity_formula_mass	2	FALSE	TRUE	4.59999682789203e-09	7.72892696379549e-06
CPD-15001	43306	HMDB	HMDB0031458_17_shen	Cyanidin 3-rutinoside	inchikey_connectivity_formula_mass	2	FALSE	TRUE	4.59999682789203e-09	7.72892696379549e-06
CPD-15001	43307	HMDB	HMDB0031458_18_shen	Cyanidin 3-rutinoside	inchikey_connectivity_formula_mass	2	FALSE	TRUE	4.59999682789203e-09	7.72892696379549e-06
CPD-15001	43308	HMDB	HMDB0031458_19_shen	Cyanidin 3-rutinoside	inchikey_connectivity_formula_mass	2	FALSE	TRUE	4.59999682789203e-09	7.72892696379549e-06
TRANS-2-HEXENAL	43328	HMDB	HMDB0031496_1_shen	2-Hexenal	inchikey	1	TRUE	TRUE	1.09999120923021e-09	2.74997802307553e-06
TRANS-2-HEXENAL	43329	HMDB	HMDB0031496_2_shen	2-Hexenal	inchikey	1	TRUE	TRUE	1.09999120923021e-09	2.74997802307553e-06
PYRROLIDINE	43380	HMDB	HMDB0031641_1_shen	Pyrrolidine	inchikey_connectivity_formula_mass	2	FALSE	TRUE	1.10000542008493e-09	2.75001355021232e-06
PYRROLIDINE	43381	HMDB	HMDB0031641_2_shen	Pyrrolidine	inchikey_connectivity_formula_mass	2	FALSE	TRUE	1.10000542008493e-09	2.75001355021232e-06
PYRROLIDINE	43382	HMDB	HMDB0031641_3_shen	Pyrrolidine	inchikey_connectivity_formula_mass	2	FALSE	TRUE	1.10000542008493e-09	2.75001355021232e-06
PYRROLIDINE	43383	HMDB	HMDB0031641_4_shen	Pyrrolidine	inchikey_connectivity_formula_mass	2	FALSE	TRUE	1.10000542008493e-09	2.75001355021232e-06
PYRROLIDINE	43384	HMDB	HMDB0031641_5_shen	Pyrrolidine	inchikey_connectivity_formula_mass	2	FALSE	TRUE	1.10000542008493e-09	2.75001355021232e-06
PYRROLIDINE	43385	HMDB	HMDB0031641_6_shen	Pyrrolidine	inchikey_connectivity_formula_mass	2	FALSE	TRUE	1.10000542008493e-09	2.75001355021232e-06
PYRROLIDINE	43386	HMDB	HMDB0031641_7_shen	Pyrrolidine	inchikey_connectivity_formula_mass	2	FALSE	TRUE	1.10000542008493e-09	2.75001355021232e-06
PYRROLIDINE	43387	HMDB	HMDB0031641_8_shen	Pyrrolidine	inchikey_connectivity_formula_mass	2	FALSE	TRUE	1.10000542008493e-09	2.75001355021232e-06
PYRROLIDINE	43388	HMDB	HMDB0031641_9_shen	Pyrrolidine	inchikey_connectivity_formula_mass	2	FALSE	TRUE	1.10000542008493e-09	2.75001355021232e-06
PYRROLIDINE	43389	HMDB	HMDB0031641_10_shen	Pyrrolidine	inchikey_connectivity_formula_mass	2	FALSE	TRUE	1.10000542008493e-09	2.75001355021232e-06
PYRROLIDINE	43390	HMDB	HMDB0031641_11_shen	Pyrrolidine	inchikey_connectivity_formula_mass	2	FALSE	TRUE	1.10000542008493e-09	2.75001355021232e-06
PYRROLIDINE	43391	HMDB	HMDB0031641_12_shen	Pyrrolidine	inchikey_connectivity_formula_mass	2	FALSE	TRUE	1.10000542008493e-09	2.75001355021232e-06
ACRYLATE	43415	HMDB	HMDB0031647_1_shen	Acrylic acid	inchikey_connectivity_formula_mass	2	FALSE	TRUE	5.99996496930544e-10	1.49999124232636e-06
ACRYLATE	43416	HMDB	HMDB0031647_2_shen	Acrylic acid	inchikey_connectivity_formula_mass	2	FALSE	TRUE	5.99996496930544e-10	1.49999124232636e-06
CPD-4748	43417	HMDB	HMDB0031654_1_shen	3-Aminobutanoic acid	inchikey	1	TRUE	TRUE	1.29999477849196e-09	3.24998694622991e-06
CPD-4748	43418	HMDB	HMDB0031654_2_shen	3-Aminobutanoic acid	inchikey	1	TRUE	TRUE	1.29999477849196e-09	3.24998694622991e-06
CPD-6998	43433	HMDB	HMDB0031715_1_shen	6-Hydroxydaidzein	inchikey	1	TRUE	TRUE	1.499984136899e-09	3.7499603422475e-06
CPD-6998	43434	HMDB	HMDB0031715_2_shen	6-Hydroxydaidzein	inchikey	1	TRUE	TRUE	1.499984136899e-09	3.7499603422475e-06
CPD-6998	43435	HMDB	HMDB0031715_3_shen	6-Hydroxydaidzein	inchikey	1	TRUE	TRUE	1.499984136899e-09	3.7499603422475e-06
CPD-6998	43436	HMDB	HMDB0031715_4_shen	6-Hydroxydaidzein	inchikey	1	TRUE	TRUE	1.499984136899e-09	3.7499603422475e-06
CPD-6998	43437	HMDB	HMDB0031715_5_shen	6-Hydroxydaidzein	inchikey	1	TRUE	TRUE	1.499984136899e-09	3.7499603422475e-06
CPD-6998	43438	HMDB	HMDB0031715_6_shen	6-Hydroxydaidzein	inchikey	1	TRUE	TRUE	1.499984136899e-09	3.7499603422475e-06
CPD-6998	43439	HMDB	HMDB0031715_7_shen	6-Hydroxydaidzein	inchikey	1	TRUE	TRUE	1.499984136899e-09	3.7499603422475e-06
CPD-6998	43440	HMDB	HMDB0031715_8_shen	6-Hydroxydaidzein	inchikey	1	TRUE	TRUE	1.499984136899e-09	3.7499603422475e-06
CPD-6998	43441	HMDB	HMDB0031715_9_shen	6-Hydroxydaidzein	inchikey	1	TRUE	TRUE	1.499984136899e-09	3.7499603422475e-06
CPD-6998	43442	HMDB	HMDB0031715_10_shen	6-Hydroxydaidzein	inchikey	1	TRUE	TRUE	1.499984136899e-09	3.7499603422475e-06
CPD-6998	43443	HMDB	HMDB0031715_11_shen	6-Hydroxydaidzein	inchikey	1	TRUE	TRUE	1.499984136899e-09	3.7499603422475e-06
CPD-6998	43444	HMDB	HMDB0031715_12_shen	6-Hydroxydaidzein	inchikey	1	TRUE	TRUE	1.499984136899e-09	3.7499603422475e-06
CPD-6998	43445	HMDB	HMDB0031715_13_shen	6-Hydroxydaidzein	inchikey	1	TRUE	TRUE	1.499984136899e-09	3.7499603422475e-06
CPD-6998	43446	HMDB	HMDB0031715_14_shen	6-Hydroxydaidzein	inchikey	1	TRUE	TRUE	1.499984136899e-09	3.7499603422475e-06
CPD-6998	43447	HMDB	HMDB0031715_15_shen	6-Hydroxydaidzein	inchikey	1	TRUE	TRUE	1.499984136899e-09	3.7499603422475e-06
CPD-6998	43448	HMDB	HMDB0031715_16_shen	6-Hydroxydaidzein	inchikey	1	TRUE	TRUE	1.499984136899e-09	3.7499603422475e-06
2-HYDROXYFORMONONETIN	43449	HMDB	HMDB0031720_1_shen	Xenognosin B	inchikey	1	TRUE	TRUE	1.70001612787019e-09	4.25004031967546e-06
2-HYDROXYFORMONONETIN	43450	HMDB	HMDB0031720_2_shen	Xenognosin B	inchikey	1	TRUE	TRUE	1.70001612787019e-09	4.25004031967546e-06
CPD-1002	43848	HMDB	HMDB0031817_1_shen	Cuminyl alcohol	inchikey	1	TRUE	TRUE	4.99994712299667e-10	1.24998678074917e-06
CPD-1002	43849	HMDB	HMDB0031817_2_shen	Cuminyl alcohol	inchikey	1	TRUE	TRUE	4.99994712299667e-10	1.24998678074917e-06
CPD-1002	43850	HMDB	HMDB0031817_3_shen	Cuminyl alcohol	inchikey	1	TRUE	TRUE	4.99994712299667e-10	1.24998678074917e-06
CPD-1002	43851	HMDB	HMDB0031817_4_shen	Cuminyl alcohol	inchikey	1	TRUE	TRUE	4.99994712299667e-10	1.24998678074917e-06
CPD-1002	43852	HMDB	HMDB0031817_5_shen	Cuminyl alcohol	inchikey	1	TRUE	TRUE	4.99994712299667e-10	1.24998678074917e-06
CPD-1002	43853	HMDB	HMDB0031817_6_shen	Cuminyl alcohol	inchikey	1	TRUE	TRUE	4.99994712299667e-10	1.24998678074917e-06
CPD-1002	43854	HMDB	HMDB0031817_7_shen	Cuminyl alcohol	inchikey	1	TRUE	TRUE	4.99994712299667e-10	1.24998678074917e-06
CPD-1002	43855	HMDB	HMDB0031817_8_shen	Cuminyl alcohol	inchikey	1	TRUE	TRUE	4.99994712299667e-10	1.24998678074917e-06
CPD-1002	43856	HMDB	HMDB0031817_9_shen	Cuminyl alcohol	inchikey	1	TRUE	TRUE	4.99994712299667e-10	1.24998678074917e-06
CPD-1002	43857	HMDB	HMDB0031817_10_shen	Cuminyl alcohol	inchikey	1	TRUE	TRUE	4.99994712299667e-10	1.24998678074917e-06
CPD-1002	43858	HMDB	HMDB0031817_11_shen	Cuminyl alcohol	inchikey	1	TRUE	TRUE	4.99994712299667e-10	1.24998678074917e-06
CPD-1002	43859	HMDB	HMDB0031817_12_shen	Cuminyl alcohol	inchikey	1	TRUE	TRUE	4.99994712299667e-10	1.24998678074917e-06
CPD-1002	43860	HMDB	HMDB0031817_13_shen	Cuminyl alcohol	inchikey	1	TRUE	TRUE	4.99994712299667e-10	1.24998678074917e-06
CPD-1002	43861	HMDB	HMDB0031817_14_shen	Cuminyl alcohol	inchikey	1	TRUE	TRUE	4.99994712299667e-10	1.24998678074917e-06
CPD-1002	43862	HMDB	HMDB0031817_15_shen	Cuminyl alcohol	inchikey	1	TRUE	TRUE	4.99994712299667e-10	1.24998678074917e-06
CPD-1002	43863	HMDB	HMDB0031817_16_shen	Cuminyl alcohol	inchikey	1	TRUE	TRUE	4.99994712299667e-10	1.24998678074917e-06
CPD-1002	43864	HMDB	HMDB0031817_17_shen	Cuminyl alcohol	inchikey	1	TRUE	TRUE	4.99994712299667e-10	1.24998678074917e-06
CPD-1002	43865	HMDB	HMDB0031817_18_shen	Cuminyl alcohol	inchikey	1	TRUE	TRUE	4.99994712299667e-10	1.24998678074917e-06
CPD-1002	43866	HMDB	HMDB0031817_19_shen	Cuminyl alcohol	inchikey	1	TRUE	TRUE	4.99994712299667e-10	1.24998678074917e-06
CPD-1002	43867	HMDB	HMDB0031817_20_shen	Cuminyl alcohol	inchikey	1	TRUE	TRUE	4.99994712299667e-10	1.24998678074917e-06
CPD-1002	43868	HMDB	HMDB0031817_21_shen	Cuminyl alcohol	inchikey	1	TRUE	TRUE	4.99994712299667e-10	1.24998678074917e-06
CPD-1002	43869	HMDB	HMDB0031817_22_shen	Cuminyl alcohol	inchikey	1	TRUE	TRUE	4.99994712299667e-10	1.24998678074917e-06
CPD-6482	43890	HMDB	HMDB0031864_1_shen	Methyleugenol	inchikey	1	TRUE	TRUE	1.60000013238459e-09	4.00000033096148e-06
CPD-6482	43891	HMDB	HMDB0031864_2_shen	Methyleugenol	inchikey	1	TRUE	TRUE	1.60000013238459e-09	4.00000033096148e-06
CPD-22280	43927	HMDB	HMDB0032023_1_shen	3-Epidemissidine	name_formula_mass	4	FALSE	TRUE	4.80002881886321e-09	1.2000072047158e-05
CPD-22280	43928	HMDB	HMDB0032023_2_shen	3-Epidemissidine	name_formula_mass	4	FALSE	TRUE	4.80002881886321e-09	1.2000072047158e-05
CPD-22280	43929	HMDB	HMDB0032023_3_shen	3-Epidemissidine	name_formula_mass	4	FALSE	TRUE	4.80002881886321e-09	1.2000072047158e-05
CPD-22280	43930	HMDB	HMDB0032023_4_shen	3-Epidemissidine	name_formula_mass	4	FALSE	TRUE	4.80002881886321e-09	1.2000072047158e-05
CPD-22280	43931	HMDB	HMDB0032023_5_shen	3-Epidemissidine	name_formula_mass	4	FALSE	TRUE	4.80002881886321e-09	1.2000072047158e-05
CPD-22280	43932	HMDB	HMDB0032023_6_shen	3-Epidemissidine	name_formula_mass	4	FALSE	TRUE	4.80002881886321e-09	1.2000072047158e-05
Benzoin	43933	HMDB	HMDB0032039_1_shen	Benzoin	name_formula_mass	4	TRUE	TRUE	1.40002498483227e-09	3.50006246208068e-06
Benzoin	43934	HMDB	HMDB0032039_2_shen	Benzoin	name_formula_mass	4	TRUE	TRUE	1.40002498483227e-09	3.50006246208068e-06
Limonenes	44069	HMDB	HMDB0032473_shen	Polylimonene	name_formula_mass	4	TRUE	TRUE	1.39999656312284e-09	3.4999914078071e-06
CPD-8785	44069	HMDB	HMDB0032473_shen	Polylimonene	name_formula_mass	4	TRUE	TRUE	1.39999656312284e-09	3.4999914078071e-06
CPD-4886	44069	HMDB	HMDB0032473_shen	Polylimonene	name_formula_mass	4	TRUE	TRUE	1.39999656312284e-09	3.4999914078071e-06
CPD-402	44433	HMDB	HMDB0032609_1_shen	2-(Methylamino)benzoic acid	inchikey_connectivity_formula_mass	2	FALSE	TRUE	1.30000898934668e-09	3.2500224733667e-06
CPD-402	44434	HMDB	HMDB0032609_2_shen	2-(Methylamino)benzoic acid	inchikey_connectivity_formula_mass	2	FALSE	TRUE	1.30000898934668e-09	3.2500224733667e-06
CPD-402	44435	HMDB	HMDB0032609_3_shen	2-(Methylamino)benzoic acid	inchikey_connectivity_formula_mass	2	FALSE	TRUE	1.30000898934668e-09	3.2500224733667e-06
CPD-402	44436	HMDB	HMDB0032609_4_shen	2-(Methylamino)benzoic acid	inchikey_connectivity_formula_mass	2	FALSE	TRUE	1.30000898934668e-09	3.2500224733667e-06
CPD-402	44437	HMDB	HMDB0032609_5_shen	2-(Methylamino)benzoic acid	inchikey_connectivity_formula_mass	2	FALSE	TRUE	1.30000898934668e-09	3.2500224733667e-06
CPD-402	44438	HMDB	HMDB0032609_6_shen	2-(Methylamino)benzoic acid	inchikey_connectivity_formula_mass	2	FALSE	TRUE	1.30000898934668e-09	3.2500224733667e-06
CPD-402	44439	HMDB	HMDB0032609_7_shen	2-(Methylamino)benzoic acid	inchikey_connectivity_formula_mass	2	FALSE	TRUE	1.30000898934668e-09	3.2500224733667e-06
CPD-402	44440	HMDB	HMDB0032609_8_shen	2-(Methylamino)benzoic acid	inchikey_connectivity_formula_mass	2	FALSE	TRUE	1.30000898934668e-09	3.2500224733667e-06
CPD-402	44441	HMDB	HMDB0032609_9_shen	2-(Methylamino)benzoic acid	inchikey_connectivity_formula_mass	2	FALSE	TRUE	1.30000898934668e-09	3.2500224733667e-06
CPD-402	44442	HMDB	HMDB0032609_10_shen	2-(Methylamino)benzoic acid	inchikey_connectivity_formula_mass	2	FALSE	TRUE	1.30000898934668e-09	3.2500224733667e-06
CPD-402	44443	HMDB	HMDB0032609_11_shen	2-(Methylamino)benzoic acid	inchikey_connectivity_formula_mass	2	FALSE	TRUE	1.30000898934668e-09	3.2500224733667e-06
CPD-402	44444	HMDB	HMDB0032609_12_shen	2-(Methylamino)benzoic acid	inchikey_connectivity_formula_mass	2	FALSE	TRUE	1.30000898934668e-09	3.2500224733667e-06
CPD-402	44445	HMDB	HMDB0032609_13_shen	2-(Methylamino)benzoic acid	inchikey_connectivity_formula_mass	2	FALSE	TRUE	1.30000898934668e-09	3.2500224733667e-06
CPD-402	44446	HMDB	HMDB0032609_14_shen	2-(Methylamino)benzoic acid	inchikey_connectivity_formula_mass	2	FALSE	TRUE	1.30000898934668e-09	3.2500224733667e-06
CPD-402	44447	HMDB	HMDB0032609_15_shen	2-(Methylamino)benzoic acid	inchikey_connectivity_formula_mass	2	FALSE	TRUE	1.30000898934668e-09	3.2500224733667e-06
SINAPATE	44481	HMDB	HMDB0032616_1_shen	Sinapic acid	inchikey_connectivity_formula_mass	2	FALSE	TRUE	1.70001612787019e-09	4.25004031967546e-06
SINAPATE	44482	HMDB	HMDB0032616_2_shen	Sinapic acid	inchikey_connectivity_formula_mass	2	FALSE	TRUE	1.70001612787019e-09	4.25004031967546e-06
SINAPATE	44483	HMDB	HMDB0032616_3_shen	Sinapic acid	inchikey_connectivity_formula_mass	2	FALSE	TRUE	1.70001612787019e-09	4.25004031967546e-06
SINAPATE	44484	HMDB	HMDB0032616_4_shen	Sinapic acid	inchikey_connectivity_formula_mass	2	FALSE	TRUE	1.70001612787019e-09	4.25004031967546e-06
SINAPATE	44485	HMDB	HMDB0032616_5_shen	Sinapic acid	inchikey_connectivity_formula_mass	2	FALSE	TRUE	1.70001612787019e-09	4.25004031967546e-06
SINAPATE	44486	HMDB	HMDB0032616_6_shen	Sinapic acid	inchikey_connectivity_formula_mass	2	FALSE	TRUE	1.70001612787019e-09	4.25004031967546e-06
SINAPATE	44487	HMDB	HMDB0032616_7_shen	Sinapic acid	inchikey_connectivity_formula_mass	2	FALSE	TRUE	1.70001612787019e-09	4.25004031967546e-06
SINAPATE	44488	HMDB	HMDB0032616_8_shen	Sinapic acid	inchikey_connectivity_formula_mass	2	FALSE	TRUE	1.70001612787019e-09	4.25004031967546e-06
SINAPATE	44489	HMDB	HMDB0032616_9_shen	Sinapic acid	inchikey_connectivity_formula_mass	2	FALSE	TRUE	1.70001612787019e-09	4.25004031967546e-06
SINAPATE	44490	HMDB	HMDB0032616_10_shen	Sinapic acid	inchikey_connectivity_formula_mass	2	FALSE	TRUE	1.70001612787019e-09	4.25004031967546e-06
SINAPATE	44491	HMDB	HMDB0032616_11_shen	Sinapic acid	inchikey_connectivity_formula_mass	2	FALSE	TRUE	1.70001612787019e-09	4.25004031967546e-06
SINAPATE	44492	HMDB	HMDB0032616_12_shen	Sinapic acid	inchikey_connectivity_formula_mass	2	FALSE	TRUE	1.70001612787019e-09	4.25004031967546e-06
SINAPATE	44493	HMDB	HMDB0032616_13_shen	Sinapic acid	inchikey_connectivity_formula_mass	2	FALSE	TRUE	1.70001612787019e-09	4.25004031967546e-06
SINAPATE	44494	HMDB	HMDB0032616_14_shen	Sinapic acid	inchikey_connectivity_formula_mass	2	FALSE	TRUE	1.70001612787019e-09	4.25004031967546e-06
SINAPATE	44495	HMDB	HMDB0032616_15_shen	Sinapic acid	inchikey_connectivity_formula_mass	2	FALSE	TRUE	1.70001612787019e-09	4.25004031967546e-06
SINAPATE	44496	HMDB	HMDB0032616_16_shen	Sinapic acid	inchikey_connectivity_formula_mass	2	FALSE	TRUE	1.70001612787019e-09	4.25004031967546e-06
SINAPATE	44497	HMDB	HMDB0032616_17_shen	Sinapic acid	inchikey_connectivity_formula_mass	2	FALSE	TRUE	1.70001612787019e-09	4.25004031967546e-06
SINAPATE	44498	HMDB	HMDB0032616_18_shen	Sinapic acid	inchikey_connectivity_formula_mass	2	FALSE	TRUE	1.70001612787019e-09	4.25004031967546e-06
SINAPATE	44499	HMDB	HMDB0032616_19_shen	Sinapic acid	inchikey_connectivity_formula_mass	2	FALSE	TRUE	1.70001612787019e-09	4.25004031967546e-06
SINAPATE	44500	HMDB	HMDB0032616_20_shen	Sinapic acid	inchikey_connectivity_formula_mass	2	FALSE	TRUE	1.70001612787019e-09	4.25004031967546e-06
SINAPATE	44501	HMDB	HMDB0032616_21_shen	Sinapic acid	inchikey_connectivity_formula_mass	2	FALSE	TRUE	1.70001612787019e-09	4.25004031967546e-06
SINAPATE	44502	HMDB	HMDB0032616_22_shen	Sinapic acid	inchikey_connectivity_formula_mass	2	FALSE	TRUE	1.70001612787019e-09	4.25004031967546e-06
SINAPATE	44503	HMDB	HMDB0032616_23_shen	Sinapic acid	inchikey_connectivity_formula_mass	2	FALSE	TRUE	1.70001612787019e-09	4.25004031967546e-06
SINAPATE	44504	HMDB	HMDB0032616_24_shen	Sinapic acid	inchikey_connectivity_formula_mass	2	FALSE	TRUE	1.70001612787019e-09	4.25004031967546e-06
SINAPATE	44505	HMDB	HMDB0032616_25_shen	Sinapic acid	inchikey_connectivity_formula_mass	2	FALSE	TRUE	1.70001612787019e-09	4.25004031967546e-06
SINAPATE	44506	HMDB	HMDB0032616_26_shen	Sinapic acid	inchikey_connectivity_formula_mass	2	FALSE	TRUE	1.70001612787019e-09	4.25004031967546e-06
SINAPATE	44507	HMDB	HMDB0032616_27_shen	Sinapic acid	inchikey_connectivity_formula_mass	2	FALSE	TRUE	1.70001612787019e-09	4.25004031967546e-06
SINAPATE	44508	HMDB	HMDB0032616_28_shen	Sinapic acid	inchikey_connectivity_formula_mass	2	FALSE	TRUE	1.70001612787019e-09	4.25004031967546e-06
SINAPATE	44509	HMDB	HMDB0032616_29_shen	Sinapic acid	inchikey_connectivity_formula_mass	2	FALSE	TRUE	1.70001612787019e-09	4.25004031967546e-06
SINAPATE	44510	HMDB	HMDB0032616_30_shen	Sinapic acid	inchikey_connectivity_formula_mass	2	FALSE	TRUE	1.70001612787019e-09	4.25004031967546e-06
SINAPATE	44511	HMDB	HMDB0032616_31_shen	Sinapic acid	inchikey_connectivity_formula_mass	2	FALSE	TRUE	1.70001612787019e-09	4.25004031967546e-06
SINAPATE	44512	HMDB	HMDB0032616_32_shen	Sinapic acid	inchikey_connectivity_formula_mass	2	FALSE	TRUE	1.70001612787019e-09	4.25004031967546e-06
SINAPATE	44513	HMDB	HMDB0032616_33_shen	Sinapic acid	inchikey_connectivity_formula_mass	2	FALSE	TRUE	1.70001612787019e-09	4.25004031967546e-06
SINAPATE	44514	HMDB	HMDB0032616_34_shen	Sinapic acid	inchikey_connectivity_formula_mass	2	FALSE	TRUE	1.70001612787019e-09	4.25004031967546e-06
SINAPATE	44515	HMDB	HMDB0032616_35_shen	Sinapic acid	inchikey_connectivity_formula_mass	2	FALSE	TRUE	1.70001612787019e-09	4.25004031967546e-06
SINAPATE	44516	HMDB	HMDB0032616_36_shen	Sinapic acid	inchikey_connectivity_formula_mass	2	FALSE	TRUE	1.70001612787019e-09	4.25004031967546e-06
SINAPATE	44517	HMDB	HMDB0032616_37_shen	Sinapic acid	inchikey_connectivity_formula_mass	2	FALSE	TRUE	1.70001612787019e-09	4.25004031967546e-06
SINAPATE	44518	HMDB	HMDB0032616_38_shen	Sinapic acid	inchikey_connectivity_formula_mass	2	FALSE	TRUE	1.70001612787019e-09	4.25004031967546e-06
SINAPATE	44519	HMDB	HMDB0032616_39_shen	Sinapic acid	inchikey_connectivity_formula_mass	2	FALSE	TRUE	1.70001612787019e-09	4.25004031967546e-06
SINAPATE	44520	HMDB	HMDB0032616_40_shen	Sinapic acid	inchikey_connectivity_formula_mass	2	FALSE	TRUE	1.70001612787019e-09	4.25004031967546e-06
SINAPATE	44521	HMDB	HMDB0032616_41_shen	Sinapic acid	inchikey_connectivity_formula_mass	2	FALSE	TRUE	1.70001612787019e-09	4.25004031967546e-06
SINAPATE	44522	HMDB	HMDB0032616_42_shen	Sinapic acid	inchikey_connectivity_formula_mass	2	FALSE	TRUE	1.70001612787019e-09	4.25004031967546e-06
SINAPATE	44523	HMDB	HMDB0032616_43_shen	Sinapic acid	inchikey_connectivity_formula_mass	2	FALSE	TRUE	1.70001612787019e-09	4.25004031967546e-06
SINAPATE	44524	HMDB	HMDB0032616_44_shen	Sinapic acid	inchikey_connectivity_formula_mass	2	FALSE	TRUE	1.70001612787019e-09	4.25004031967546e-06
SINAPATE	44525	HMDB	HMDB0032616_45_shen	Sinapic acid	inchikey_connectivity_formula_mass	2	FALSE	TRUE	1.70001612787019e-09	4.25004031967546e-06
SINAPATE	44526	HMDB	HMDB0032616_46_shen	Sinapic acid	inchikey_connectivity_formula_mass	2	FALSE	TRUE	1.70001612787019e-09	4.25004031967546e-06
CPD-6646	44586	HMDB	HMDB0032707_1_shen	Dalbergioidin	inchikey_connectivity_formula_mass	2	FALSE	TRUE	1.80000370164635e-09	4.50000925411587e-06
CPD-6646	44587	HMDB	HMDB0032707_2_shen	Dalbergioidin	inchikey_connectivity_formula_mass	2	FALSE	TRUE	1.80000370164635e-09	4.50000925411587e-06
CPD-734	44593	HMDB	HMDB0032797_1_shen	Jasmonic acid	inchikey_connectivity_formula_mass	2	FALSE	TRUE	2.09999484468426e-09	5.24998711171065e-06
CPD-734	44594	HMDB	HMDB0032797_2_shen	Jasmonic acid	inchikey_connectivity_formula_mass	2	FALSE	TRUE	2.09999484468426e-09	5.24998711171065e-06
CPD-734	44595	HMDB	HMDB0032797_3_shen	Jasmonic acid	inchikey_connectivity_formula_mass	2	FALSE	TRUE	2.09999484468426e-09	5.24998711171065e-06
CPD-734	44596	HMDB	HMDB0032797_4_shen	Jasmonic acid	inchikey_connectivity_formula_mass	2	FALSE	TRUE	2.09999484468426e-09	5.24998711171065e-06
CPD-734	44597	HMDB	HMDB0032797_5_shen	Jasmonic acid	inchikey_connectivity_formula_mass	2	FALSE	TRUE	2.09999484468426e-09	5.24998711171065e-06
CPD-734	44598	HMDB	HMDB0032797_6_shen	Jasmonic acid	inchikey_connectivity_formula_mass	2	FALSE	TRUE	2.09999484468426e-09	5.24998711171065e-06
CPD-734	44599	HMDB	HMDB0032797_7_shen	Jasmonic acid	inchikey_connectivity_formula_mass	2	FALSE	TRUE	2.09999484468426e-09	5.24998711171065e-06
CPD-734	44600	HMDB	HMDB0032797_8_shen	Jasmonic acid	inchikey_connectivity_formula_mass	2	FALSE	TRUE	2.09999484468426e-09	5.24998711171065e-06
CPD-734	44601	HMDB	HMDB0032797_9_shen	Jasmonic acid	inchikey_connectivity_formula_mass	2	FALSE	TRUE	2.09999484468426e-09	5.24998711171065e-06
CPD-734	44602	HMDB	HMDB0032797_10_shen	Jasmonic acid	inchikey_connectivity_formula_mass	2	FALSE	TRUE	2.09999484468426e-09	5.24998711171065e-06
CPD-734	44603	HMDB	HMDB0032797_11_shen	Jasmonic acid	inchikey_connectivity_formula_mass	2	FALSE	TRUE	2.09999484468426e-09	5.24998711171065e-06
CPD-734	44604	HMDB	HMDB0032797_12_shen	Jasmonic acid	inchikey_connectivity_formula_mass	2	FALSE	TRUE	2.09999484468426e-09	5.24998711171065e-06
CPD-734	44605	HMDB	HMDB0032797_13_shen	Jasmonic acid	inchikey_connectivity_formula_mass	2	FALSE	TRUE	2.09999484468426e-09	5.24998711171065e-06
CPD-734	44606	HMDB	HMDB0032797_14_shen	Jasmonic acid	inchikey_connectivity_formula_mass	2	FALSE	TRUE	2.09999484468426e-09	5.24998711171065e-06
CPD-734	44607	HMDB	HMDB0032797_15_shen	Jasmonic acid	inchikey_connectivity_formula_mass	2	FALSE	TRUE	2.09999484468426e-09	5.24998711171065e-06
CPD-734	44608	HMDB	HMDB0032797_16_shen	Jasmonic acid	inchikey_connectivity_formula_mass	2	FALSE	TRUE	2.09999484468426e-09	5.24998711171065e-06
CPD-734	44609	HMDB	HMDB0032797_17_shen	Jasmonic acid	inchikey_connectivity_formula_mass	2	FALSE	TRUE	2.09999484468426e-09	5.24998711171065e-06
CPD-734	44610	HMDB	HMDB0032797_18_shen	Jasmonic acid	inchikey_connectivity_formula_mass	2	FALSE	TRUE	2.09999484468426e-09	5.24998711171065e-06
CPD-734	44611	HMDB	HMDB0032797_19_shen	Jasmonic acid	inchikey_connectivity_formula_mass	2	FALSE	TRUE	2.09999484468426e-09	5.24998711171065e-06
CPD-734	44612	HMDB	HMDB0032797_20_shen	Jasmonic acid	inchikey_connectivity_formula_mass	2	FALSE	TRUE	2.09999484468426e-09	5.24998711171065e-06
CPD-734	44613	HMDB	HMDB0032797_21_shen	Jasmonic acid	inchikey_connectivity_formula_mass	2	FALSE	TRUE	2.09999484468426e-09	5.24998711171065e-06
CPD-734	44614	HMDB	HMDB0032797_22_shen	Jasmonic acid	inchikey_connectivity_formula_mass	2	FALSE	TRUE	2.09999484468426e-09	5.24998711171065e-06
CPD-734	44615	HMDB	HMDB0032797_23_shen	Jasmonic acid	inchikey_connectivity_formula_mass	2	FALSE	TRUE	2.09999484468426e-09	5.24998711171065e-06
CPD-734	44616	HMDB	HMDB0032797_24_shen	Jasmonic acid	inchikey_connectivity_formula_mass	2	FALSE	TRUE	2.09999484468426e-09	5.24998711171065e-06
CPD-734	44617	HMDB	HMDB0032797_25_shen	Jasmonic acid	inchikey_connectivity_formula_mass	2	FALSE	TRUE	2.09999484468426e-09	5.24998711171065e-06
CPD-734	44618	HMDB	HMDB0032797_26_shen	Jasmonic acid	inchikey_connectivity_formula_mass	2	FALSE	TRUE	2.09999484468426e-09	5.24998711171065e-06
CPD-734	44619	HMDB	HMDB0032797_27_shen	Jasmonic acid	inchikey_connectivity_formula_mass	2	FALSE	TRUE	2.09999484468426e-09	5.24998711171065e-06
CPD-734	44620	HMDB	HMDB0032797_28_shen	Jasmonic acid	inchikey_connectivity_formula_mass	2	FALSE	TRUE	2.09999484468426e-09	5.24998711171065e-06
CPD-734	44621	HMDB	HMDB0032797_29_shen	Jasmonic acid	inchikey_connectivity_formula_mass	2	FALSE	TRUE	2.09999484468426e-09	5.24998711171065e-06
CPD-734	44622	HMDB	HMDB0032797_30_shen	Jasmonic acid	inchikey_connectivity_formula_mass	2	FALSE	TRUE	2.09999484468426e-09	5.24998711171065e-06
CPD-734	44623	HMDB	HMDB0032797_31_shen	Jasmonic acid	inchikey_connectivity_formula_mass	2	FALSE	TRUE	2.09999484468426e-09	5.24998711171065e-06
CPD-734	44624	HMDB	HMDB0032797_32_shen	Jasmonic acid	inchikey_connectivity_formula_mass	2	FALSE	TRUE	2.09999484468426e-09	5.24998711171065e-06
CPD-734	44625	HMDB	HMDB0032797_33_shen	Jasmonic acid	inchikey_connectivity_formula_mass	2	FALSE	TRUE	2.09999484468426e-09	5.24998711171065e-06
CPD-734	44626	HMDB	HMDB0032797_34_shen	Jasmonic acid	inchikey_connectivity_formula_mass	2	FALSE	TRUE	2.09999484468426e-09	5.24998711171065e-06
CPD-734	44627	HMDB	HMDB0032797_35_shen	Jasmonic acid	inchikey_connectivity_formula_mass	2	FALSE	TRUE	2.09999484468426e-09	5.24998711171065e-06
CPD-734	44628	HMDB	HMDB0032797_36_shen	Jasmonic acid	inchikey_connectivity_formula_mass	2	FALSE	TRUE	2.09999484468426e-09	5.24998711171065e-06
CPD-734	44629	HMDB	HMDB0032797_37_shen	Jasmonic acid	inchikey_connectivity_formula_mass	2	FALSE	TRUE	2.09999484468426e-09	5.24998711171065e-06
CPD-734	44630	HMDB	HMDB0032797_38_shen	Jasmonic acid	inchikey_connectivity_formula_mass	2	FALSE	TRUE	2.09999484468426e-09	5.24998711171065e-06
CPD-734	44631	HMDB	HMDB0032797_39_shen	Jasmonic acid	inchikey_connectivity_formula_mass	2	FALSE	TRUE	2.09999484468426e-09	5.24998711171065e-06
CPD-734	44632	HMDB	HMDB0032797_40_shen	Jasmonic acid	inchikey_connectivity_formula_mass	2	FALSE	TRUE	2.09999484468426e-09	5.24998711171065e-06
CPD-734	44633	HMDB	HMDB0032797_41_shen	Jasmonic acid	inchikey_connectivity_formula_mass	2	FALSE	TRUE	2.09999484468426e-09	5.24998711171065e-06
CPD-734	44634	HMDB	HMDB0032797_42_shen	Jasmonic acid	inchikey_connectivity_formula_mass	2	FALSE	TRUE	2.09999484468426e-09	5.24998711171065e-06
CPD-734	44635	HMDB	HMDB0032797_43_shen	Jasmonic acid	inchikey_connectivity_formula_mass	2	FALSE	TRUE	2.09999484468426e-09	5.24998711171065e-06
CPD-734	44636	HMDB	HMDB0032797_44_shen	Jasmonic acid	inchikey_connectivity_formula_mass	2	FALSE	TRUE	2.09999484468426e-09	5.24998711171065e-06
CPD-734	44637	HMDB	HMDB0032797_45_shen	Jasmonic acid	inchikey_connectivity_formula_mass	2	FALSE	TRUE	2.09999484468426e-09	5.24998711171065e-06
CPD-734	44638	HMDB	HMDB0032797_46_shen	Jasmonic acid	inchikey_connectivity_formula_mass	2	FALSE	TRUE	2.09999484468426e-09	5.24998711171065e-06
CPD-734	44639	HMDB	HMDB0032797_47_shen	Jasmonic acid	inchikey_connectivity_formula_mass	2	FALSE	TRUE	2.09999484468426e-09	5.24998711171065e-06
CPD-734	44640	HMDB	HMDB0032797_48_shen	Jasmonic acid	inchikey_connectivity_formula_mass	2	FALSE	TRUE	2.09999484468426e-09	5.24998711171065e-06
CPD-734	44641	HMDB	HMDB0032797_49_shen	Jasmonic acid	inchikey_connectivity_formula_mass	2	FALSE	TRUE	2.09999484468426e-09	5.24998711171065e-06
CPD-734	44642	HMDB	HMDB0032797_50_shen	Jasmonic acid	inchikey_connectivity_formula_mass	2	FALSE	TRUE	2.09999484468426e-09	5.24998711171065e-06
CPD-734	44643	HMDB	HMDB0032797_51_shen	Jasmonic acid	inchikey_connectivity_formula_mass	2	FALSE	TRUE	2.09999484468426e-09	5.24998711171065e-06
CPD-734	44644	HMDB	HMDB0032797_52_shen	Jasmonic acid	inchikey_connectivity_formula_mass	2	FALSE	TRUE	2.09999484468426e-09	5.24998711171065e-06
CPD-734	44645	HMDB	HMDB0032797_53_shen	Jasmonic acid	inchikey_connectivity_formula_mass	2	FALSE	TRUE	2.09999484468426e-09	5.24998711171065e-06
CPD-734	44646	HMDB	HMDB0032797_54_shen	Jasmonic acid	inchikey_connectivity_formula_mass	2	FALSE	TRUE	2.09999484468426e-09	5.24998711171065e-06
CPD-734	44647	HMDB	HMDB0032797_55_shen	Jasmonic acid	inchikey_connectivity_formula_mass	2	FALSE	TRUE	2.09999484468426e-09	5.24998711171065e-06
CPD-734	44648	HMDB	HMDB0032797_56_shen	Jasmonic acid	inchikey_connectivity_formula_mass	2	FALSE	TRUE	2.09999484468426e-09	5.24998711171065e-06
CPD-734	44649	HMDB	HMDB0032797_57_shen	Jasmonic acid	inchikey_connectivity_formula_mass	2	FALSE	TRUE	2.09999484468426e-09	5.24998711171065e-06
CPD-734	44650	HMDB	HMDB0032797_58_shen	Jasmonic acid	inchikey_connectivity_formula_mass	2	FALSE	TRUE	2.09999484468426e-09	5.24998711171065e-06
CPD-734	44651	HMDB	HMDB0032797_59_shen	Jasmonic acid	inchikey_connectivity_formula_mass	2	FALSE	TRUE	2.09999484468426e-09	5.24998711171065e-06
CPD-734	44652	HMDB	HMDB0032797_60_shen	Jasmonic acid	inchikey_connectivity_formula_mass	2	FALSE	TRUE	2.09999484468426e-09	5.24998711171065e-06
CPD-734	44653	HMDB	HMDB0032797_61_shen	Jasmonic acid	inchikey_connectivity_formula_mass	2	FALSE	TRUE	2.09999484468426e-09	5.24998711171065e-06
CPD-734	44654	HMDB	HMDB0032797_62_shen	Jasmonic acid	inchikey_connectivity_formula_mass	2	FALSE	TRUE	2.09999484468426e-09	5.24998711171065e-06
CPD-734	44655	HMDB	HMDB0032797_63_shen	Jasmonic acid	inchikey_connectivity_formula_mass	2	FALSE	TRUE	2.09999484468426e-09	5.24998711171065e-06
CPD-734	44656	HMDB	HMDB0032797_64_shen	Jasmonic acid	inchikey_connectivity_formula_mass	2	FALSE	TRUE	2.09999484468426e-09	5.24998711171065e-06
CPD-734	44657	HMDB	HMDB0032797_65_shen	Jasmonic acid	inchikey_connectivity_formula_mass	2	FALSE	TRUE	2.09999484468426e-09	5.24998711171065e-06
CPD-734	44658	HMDB	HMDB0032797_66_shen	Jasmonic acid	inchikey_connectivity_formula_mass	2	FALSE	TRUE	2.09999484468426e-09	5.24998711171065e-06
CPD-734	44659	HMDB	HMDB0032797_67_shen	Jasmonic acid	inchikey_connectivity_formula_mass	2	FALSE	TRUE	2.09999484468426e-09	5.24998711171065e-06
CPD-734	44660	HMDB	HMDB0032797_68_shen	Jasmonic acid	inchikey_connectivity_formula_mass	2	FALSE	TRUE	2.09999484468426e-09	5.24998711171065e-06
CPD-734	44661	HMDB	HMDB0032797_69_shen	Jasmonic acid	inchikey_connectivity_formula_mass	2	FALSE	TRUE	2.09999484468426e-09	5.24998711171065e-06
CPD-734	44662	HMDB	HMDB0032797_70_shen	Jasmonic acid	inchikey_connectivity_formula_mass	2	FALSE	TRUE	2.09999484468426e-09	5.24998711171065e-06
CPD-734	44663	HMDB	HMDB0032797_71_shen	Jasmonic acid	inchikey_connectivity_formula_mass	2	FALSE	TRUE	2.09999484468426e-09	5.24998711171065e-06
CPD-734	44664	HMDB	HMDB0032797_72_shen	Jasmonic acid	inchikey_connectivity_formula_mass	2	FALSE	TRUE	2.09999484468426e-09	5.24998711171065e-06
CPD-734	44665	HMDB	HMDB0032797_73_shen	Jasmonic acid	inchikey_connectivity_formula_mass	2	FALSE	TRUE	2.09999484468426e-09	5.24998711171065e-06
CPD-734	44666	HMDB	HMDB0032797_74_shen	Jasmonic acid	inchikey_connectivity_formula_mass	2	FALSE	TRUE	2.09999484468426e-09	5.24998711171065e-06
CPD-734	44667	HMDB	HMDB0032797_75_shen	Jasmonic acid	inchikey_connectivity_formula_mass	2	FALSE	TRUE	2.09999484468426e-09	5.24998711171065e-06
CPD-734	44668	HMDB	HMDB0032797_76_shen	Jasmonic acid	inchikey_connectivity_formula_mass	2	FALSE	TRUE	2.09999484468426e-09	5.24998711171065e-06
CPD-734	44669	HMDB	HMDB0032797_77_shen	Jasmonic acid	inchikey_connectivity_formula_mass	2	FALSE	TRUE	2.09999484468426e-09	5.24998711171065e-06
CPD-734	44670	HMDB	HMDB0032797_78_shen	Jasmonic acid	inchikey_connectivity_formula_mass	2	FALSE	TRUE	2.09999484468426e-09	5.24998711171065e-06
CPD-734	44671	HMDB	HMDB0032797_79_shen	Jasmonic acid	inchikey_connectivity_formula_mass	2	FALSE	TRUE	2.09999484468426e-09	5.24998711171065e-06
CPD-734	44672	HMDB	HMDB0032797_80_shen	Jasmonic acid	inchikey_connectivity_formula_mass	2	FALSE	TRUE	2.09999484468426e-09	5.24998711171065e-06
CPD-734	44673	HMDB	HMDB0032797_81_shen	Jasmonic acid	inchikey_connectivity_formula_mass	2	FALSE	TRUE	2.09999484468426e-09	5.24998711171065e-06
CPD-734	44674	HMDB	HMDB0032797_82_shen	Jasmonic acid	inchikey_connectivity_formula_mass	2	FALSE	TRUE	2.09999484468426e-09	5.24998711171065e-06
CPD-734	44675	HMDB	HMDB0032797_83_shen	Jasmonic acid	inchikey_connectivity_formula_mass	2	FALSE	TRUE	2.09999484468426e-09	5.24998711171065e-06
CPD-734	44676	HMDB	HMDB0032797_84_shen	Jasmonic acid	inchikey_connectivity_formula_mass	2	FALSE	TRUE	2.09999484468426e-09	5.24998711171065e-06
CPD-734	44677	HMDB	HMDB0032797_85_shen	Jasmonic acid	inchikey_connectivity_formula_mass	2	FALSE	TRUE	2.09999484468426e-09	5.24998711171065e-06
CPD-734	44678	HMDB	HMDB0032797_86_shen	Jasmonic acid	inchikey_connectivity_formula_mass	2	FALSE	TRUE	2.09999484468426e-09	5.24998711171065e-06
CPD-734	44679	HMDB	HMDB0032797_87_shen	Jasmonic acid	inchikey_connectivity_formula_mass	2	FALSE	TRUE	2.09999484468426e-09	5.24998711171065e-06
CPD-734	44680	HMDB	HMDB0032797_88_shen	Jasmonic acid	inchikey_connectivity_formula_mass	2	FALSE	TRUE	2.09999484468426e-09	5.24998711171065e-06
CPD-734	44681	HMDB	HMDB0032797_89_shen	Jasmonic acid	inchikey_connectivity_formula_mass	2	FALSE	TRUE	2.09999484468426e-09	5.24998711171065e-06
CPD-734	44682	HMDB	HMDB0032797_90_shen	Jasmonic acid	inchikey_connectivity_formula_mass	2	FALSE	TRUE	2.09999484468426e-09	5.24998711171065e-06
CPD-734	44683	HMDB	HMDB0032797_91_shen	Jasmonic acid	inchikey_connectivity_formula_mass	2	FALSE	TRUE	2.09999484468426e-09	5.24998711171065e-06
CPD-734	44684	HMDB	HMDB0032797_92_shen	Jasmonic acid	inchikey_connectivity_formula_mass	2	FALSE	TRUE	2.09999484468426e-09	5.24998711171065e-06
CPD-734	44685	HMDB	HMDB0032797_93_shen	Jasmonic acid	inchikey_connectivity_formula_mass	2	FALSE	TRUE	2.09999484468426e-09	5.24998711171065e-06
CPD-734	44686	HMDB	HMDB0032797_94_shen	Jasmonic acid	inchikey_connectivity_formula_mass	2	FALSE	TRUE	2.09999484468426e-09	5.24998711171065e-06
CPD-734	44687	HMDB	HMDB0032797_95_shen	Jasmonic acid	inchikey_connectivity_formula_mass	2	FALSE	TRUE	2.09999484468426e-09	5.24998711171065e-06
CPD-734	44688	HMDB	HMDB0032797_96_shen	Jasmonic acid	inchikey_connectivity_formula_mass	2	FALSE	TRUE	2.09999484468426e-09	5.24998711171065e-06
CPD-734	44689	HMDB	HMDB0032797_97_shen	Jasmonic acid	inchikey_connectivity_formula_mass	2	FALSE	TRUE	2.09999484468426e-09	5.24998711171065e-06
CPD-734	44690	HMDB	HMDB0032797_98_shen	Jasmonic acid	inchikey_connectivity_formula_mass	2	FALSE	TRUE	2.09999484468426e-09	5.24998711171065e-06
CPD-734	44691	HMDB	HMDB0032797_99_shen	Jasmonic acid	inchikey_connectivity_formula_mass	2	FALSE	TRUE	2.09999484468426e-09	5.24998711171065e-06
CPD-734	44692	HMDB	HMDB0032797_100_shen	Jasmonic acid	inchikey_connectivity_formula_mass	2	FALSE	TRUE	2.09999484468426e-09	5.24998711171065e-06
CPD-734	44693	HMDB	HMDB0032797_101_shen	Jasmonic acid	inchikey_connectivity_formula_mass	2	FALSE	TRUE	2.09999484468426e-09	5.24998711171065e-06
CPD-734	44694	HMDB	HMDB0032797_102_shen	Jasmonic acid	inchikey_connectivity_formula_mass	2	FALSE	TRUE	2.09999484468426e-09	5.24998711171065e-06
CPD-734	44695	HMDB	HMDB0032797_103_shen	Jasmonic acid	inchikey_connectivity_formula_mass	2	FALSE	TRUE	2.09999484468426e-09	5.24998711171065e-06
CPD-734	44696	HMDB	HMDB0032797_104_shen	Jasmonic acid	inchikey_connectivity_formula_mass	2	FALSE	TRUE	2.09999484468426e-09	5.24998711171065e-06
CPD-734	44697	HMDB	HMDB0032797_105_shen	Jasmonic acid	inchikey_connectivity_formula_mass	2	FALSE	TRUE	2.09999484468426e-09	5.24998711171065e-06
CPD-734	44698	HMDB	HMDB0032797_106_shen	Jasmonic acid	inchikey_connectivity_formula_mass	2	FALSE	TRUE	2.09999484468426e-09	5.24998711171065e-06
CPD-734	44699	HMDB	HMDB0032797_107_shen	Jasmonic acid	inchikey_connectivity_formula_mass	2	FALSE	TRUE	2.09999484468426e-09	5.24998711171065e-06
CPD-734	44700	HMDB	HMDB0032797_108_shen	Jasmonic acid	inchikey_connectivity_formula_mass	2	FALSE	TRUE	2.09999484468426e-09	5.24998711171065e-06
CPD-734	44701	HMDB	HMDB0032797_109_shen	Jasmonic acid	inchikey_connectivity_formula_mass	2	FALSE	TRUE	2.09999484468426e-09	5.24998711171065e-06
CPD-734	44702	HMDB	HMDB0032797_110_shen	Jasmonic acid	inchikey_connectivity_formula_mass	2	FALSE	TRUE	2.09999484468426e-09	5.24998711171065e-06
CPD-734	44703	HMDB	HMDB0032797_111_shen	Jasmonic acid	inchikey_connectivity_formula_mass	2	FALSE	TRUE	2.09999484468426e-09	5.24998711171065e-06
CPD-734	44704	HMDB	HMDB0032797_112_shen	Jasmonic acid	inchikey_connectivity_formula_mass	2	FALSE	TRUE	2.09999484468426e-09	5.24998711171065e-06
CPD-734	44705	HMDB	HMDB0032797_113_shen	Jasmonic acid	inchikey_connectivity_formula_mass	2	FALSE	TRUE	2.09999484468426e-09	5.24998711171065e-06
CPD-734	44706	HMDB	HMDB0032797_114_shen	Jasmonic acid	inchikey_connectivity_formula_mass	2	FALSE	TRUE	2.09999484468426e-09	5.24998711171065e-06
CPD-734	44707	HMDB	HMDB0032797_115_shen	Jasmonic acid	inchikey_connectivity_formula_mass	2	FALSE	TRUE	2.09999484468426e-09	5.24998711171065e-06
CPD-734	44708	HMDB	HMDB0032797_116_shen	Jasmonic acid	inchikey_connectivity_formula_mass	2	FALSE	TRUE	2.09999484468426e-09	5.24998711171065e-06
CPD-734	44709	HMDB	HMDB0032797_117_shen	Jasmonic acid	inchikey_connectivity_formula_mass	2	FALSE	TRUE	2.09999484468426e-09	5.24998711171065e-06
CPD-734	44710	HMDB	HMDB0032797_118_shen	Jasmonic acid	inchikey_connectivity_formula_mass	2	FALSE	TRUE	2.09999484468426e-09	5.24998711171065e-06
CPD-734	44711	HMDB	HMDB0032797_119_shen	Jasmonic acid	inchikey_connectivity_formula_mass	2	FALSE	TRUE	2.09999484468426e-09	5.24998711171065e-06
CPD-734	44712	HMDB	HMDB0032797_120_shen	Jasmonic acid	inchikey_connectivity_formula_mass	2	FALSE	TRUE	2.09999484468426e-09	5.24998711171065e-06
CPD-734	44713	HMDB	HMDB0032797_121_shen	Jasmonic acid	inchikey_connectivity_formula_mass	2	FALSE	TRUE	2.09999484468426e-09	5.24998711171065e-06
CPD-734	44714	HMDB	HMDB0032797_122_shen	Jasmonic acid	inchikey_connectivity_formula_mass	2	FALSE	TRUE	2.09999484468426e-09	5.24998711171065e-06
CPD-734	44715	HMDB	HMDB0032797_123_shen	Jasmonic acid	inchikey_connectivity_formula_mass	2	FALSE	TRUE	2.09999484468426e-09	5.24998711171065e-06
CPD-734	44716	HMDB	HMDB0032797_124_shen	Jasmonic acid	inchikey_connectivity_formula_mass	2	FALSE	TRUE	2.09999484468426e-09	5.24998711171065e-06
CPD-734	44717	HMDB	HMDB0032797_125_shen	Jasmonic acid	inchikey_connectivity_formula_mass	2	FALSE	TRUE	2.09999484468426e-09	5.24998711171065e-06
CPD-734	44718	HMDB	HMDB0032797_126_shen	Jasmonic acid	inchikey_connectivity_formula_mass	2	FALSE	TRUE	2.09999484468426e-09	5.24998711171065e-06
THZ	44917	HMDB	HMDB0032985_1_shen	5-(2-Hydroxyethyl)-4-methylthiazole	inchikey	1	TRUE	TRUE	1.20002141557052e-09	3.0000535389263e-06
THZ	44918	HMDB	HMDB0032985_2_shen	5-(2-Hydroxyethyl)-4-methylthiazole	inchikey	1	TRUE	TRUE	1.20002141557052e-09	3.0000535389263e-06
THZ	44919	HMDB	HMDB0032985_3_shen	5-(2-Hydroxyethyl)-4-methylthiazole	inchikey	1	TRUE	TRUE	1.20002141557052e-09	3.0000535389263e-06
THZ	44920	HMDB	HMDB0032985_4_shen	5-(2-Hydroxyethyl)-4-methylthiazole	inchikey	1	TRUE	TRUE	1.20002141557052e-09	3.0000535389263e-06
THZ	44921	HMDB	HMDB0032985_5_shen	5-(2-Hydroxyethyl)-4-methylthiazole	inchikey	1	TRUE	TRUE	1.20002141557052e-09	3.0000535389263e-06
THZ	44922	HMDB	HMDB0032985_6_shen	5-(2-Hydroxyethyl)-4-methylthiazole	inchikey	1	TRUE	TRUE	1.20002141557052e-09	3.0000535389263e-06
THZ	44923	HMDB	HMDB0032985_7_shen	5-(2-Hydroxyethyl)-4-methylthiazole	inchikey	1	TRUE	TRUE	1.20002141557052e-09	3.0000535389263e-06
THZ	44924	HMDB	HMDB0032985_8_shen	5-(2-Hydroxyethyl)-4-methylthiazole	inchikey	1	TRUE	TRUE	1.20002141557052e-09	3.0000535389263e-06
THZ	44925	HMDB	HMDB0032985_9_shen	5-(2-Hydroxyethyl)-4-methylthiazole	inchikey	1	TRUE	TRUE	1.20002141557052e-09	3.0000535389263e-06
CPD-4841	45050	HMDB	HMDB0033161_1_shen	2,6-Pyridinedicarboxylic acid	inchikey_connectivity_formula_mass	2	FALSE	TRUE	1.0999769983755e-09	2.74994249593874e-06
CPD-4841	45051	HMDB	HMDB0033161_2_shen	2,6-Pyridinedicarboxylic acid	inchikey_connectivity_formula_mass	2	FALSE	TRUE	1.0999769983755e-09	2.74994249593874e-06
CPD-4841	45052	HMDB	HMDB0033161_3_shen	2,6-Pyridinedicarboxylic acid	inchikey_connectivity_formula_mass	2	FALSE	TRUE	1.0999769983755e-09	2.74994249593874e-06
CPD-4841	45053	HMDB	HMDB0033161_4_shen	2,6-Pyridinedicarboxylic acid	inchikey_connectivity_formula_mass	2	FALSE	TRUE	1.0999769983755e-09	2.74994249593874e-06
CPD-4841	45054	HMDB	HMDB0033161_5_shen	2,6-Pyridinedicarboxylic acid	inchikey_connectivity_formula_mass	2	FALSE	TRUE	1.0999769983755e-09	2.74994249593874e-06
CPD-14834	45210	HMDB	HMDB0033439_1_shen	(-)-alpha-Narcotine	inchikey	1	TRUE	TRUE	3.20000026476919e-09	7.74541933761844e-06
CPD-14834	45211	HMDB	HMDB0033439_2_shen	(-)-alpha-Narcotine	inchikey	1	TRUE	TRUE	3.20000026476919e-09	7.74541933761844e-06
CPD-14834	45212	HMDB	HMDB0033439_3_shen	(-)-alpha-Narcotine	inchikey	1	TRUE	TRUE	3.20000026476919e-09	7.74541933761844e-06
CPD-14834	45213	HMDB	HMDB0033439_4_shen	(-)-alpha-Narcotine	inchikey	1	TRUE	TRUE	3.20000026476919e-09	7.74541933761844e-06
CPD-14834	45214	HMDB	HMDB0033439_5_shen	(-)-alpha-Narcotine	inchikey	1	TRUE	TRUE	3.20000026476919e-09	7.74541933761844e-06
CPD-14834	45215	HMDB	HMDB0033439_6_shen	(-)-alpha-Narcotine	inchikey	1	TRUE	TRUE	3.20000026476919e-09	7.74541933761844e-06
CPD-14834	45216	HMDB	HMDB0033439_7_shen	(-)-alpha-Narcotine	inchikey	1	TRUE	TRUE	3.20000026476919e-09	7.74541933761844e-06
CPD-14834	45217	HMDB	HMDB0033439_8_shen	(-)-alpha-Narcotine	inchikey	1	TRUE	TRUE	3.20000026476919e-09	7.74541933761844e-06
CPD-14834	45218	HMDB	HMDB0033439_9_shen	(-)-alpha-Narcotine	inchikey	1	TRUE	TRUE	3.20000026476919e-09	7.74541933761844e-06
CPD-14834	45219	HMDB	HMDB0033439_10_shen	(-)-alpha-Narcotine	inchikey	1	TRUE	TRUE	3.20000026476919e-09	7.74541933761844e-06
CPD-14834	45220	HMDB	HMDB0033439_11_shen	(-)-alpha-Narcotine	inchikey	1	TRUE	TRUE	3.20000026476919e-09	7.74541933761844e-06
CPD-14834	45221	HMDB	HMDB0033439_12_shen	(-)-alpha-Narcotine	inchikey	1	TRUE	TRUE	3.20000026476919e-09	7.74541933761844e-06
CPD-14834	45222	HMDB	HMDB0033439_13_shen	(-)-alpha-Narcotine	inchikey	1	TRUE	TRUE	3.20000026476919e-09	7.74541933761844e-06
CPD-14834	45223	HMDB	HMDB0033439_14_shen	(-)-alpha-Narcotine	inchikey	1	TRUE	TRUE	3.20000026476919e-09	7.74541933761844e-06
CPD-14834	45224	HMDB	HMDB0033441_1_shen	(±)-alpha-Narcotine	name_formula_mass	4	TRUE	TRUE	3.20000026476919e-09	7.74541933761844e-06
CPD-14834	45225	HMDB	HMDB0033441_2_shen	(±)-alpha-Narcotine	name_formula_mass	4	TRUE	TRUE	3.20000026476919e-09	7.74541933761844e-06
CPD-14834	45226	HMDB	HMDB0033441_3_shen	(±)-alpha-Narcotine	name_formula_mass	4	TRUE	TRUE	3.20000026476919e-09	7.74541933761844e-06
CPD-14834	45227	HMDB	HMDB0033441_4_shen	(±)-alpha-Narcotine	name_formula_mass	4	TRUE	TRUE	3.20000026476919e-09	7.74541933761844e-06
CPD-14834	45228	HMDB	HMDB0033441_5_shen	(±)-alpha-Narcotine	name_formula_mass	4	TRUE	TRUE	3.20000026476919e-09	7.74541933761844e-06
CPD-14834	45229	HMDB	HMDB0033441_6_shen	(±)-alpha-Narcotine	name_formula_mass	4	TRUE	TRUE	3.20000026476919e-09	7.74541933761844e-06
CPD-14834	45230	HMDB	HMDB0033441_7_shen	(±)-alpha-Narcotine	name_formula_mass	4	TRUE	TRUE	3.20000026476919e-09	7.74541933761844e-06
CPD-14834	45231	HMDB	HMDB0033441_8_shen	(±)-alpha-Narcotine	name_formula_mass	4	TRUE	TRUE	3.20000026476919e-09	7.74541933761844e-06
CPD-14834	45232	HMDB	HMDB0033441_9_shen	(±)-alpha-Narcotine	name_formula_mass	4	TRUE	TRUE	3.20000026476919e-09	7.74541933761844e-06
CPD-14834	45233	HMDB	HMDB0033441_10_shen	(±)-alpha-Narcotine	name_formula_mass	4	TRUE	TRUE	3.20000026476919e-09	7.74541933761844e-06
CPD-14834	45234	HMDB	HMDB0033441_11_shen	(±)-alpha-Narcotine	name_formula_mass	4	TRUE	TRUE	3.20000026476919e-09	7.74541933761844e-06
CPD-14834	45235	HMDB	HMDB0033441_12_shen	(±)-alpha-Narcotine	name_formula_mass	4	TRUE	TRUE	3.20000026476919e-09	7.74541933761844e-06
CPD-14834	45236	HMDB	HMDB0033441_13_shen	(±)-alpha-Narcotine	name_formula_mass	4	TRUE	TRUE	3.20000026476919e-09	7.74541933761844e-06
CPD-14834	45237	HMDB	HMDB0033441_14_shen	(±)-alpha-Narcotine	name_formula_mass	4	TRUE	TRUE	3.20000026476919e-09	7.74541933761844e-06
CPD-14834	45238	HMDB	HMDB0033441_15_shen	(±)-alpha-Narcotine	name_formula_mass	4	TRUE	TRUE	3.20000026476919e-09	7.74541933761844e-06
CPD-14834	45239	HMDB	HMDB0033441_16_shen	(±)-alpha-Narcotine	name_formula_mass	4	TRUE	TRUE	3.20000026476919e-09	7.74541933761844e-06
CPD-14834	45240	HMDB	HMDB0033441_17_shen	(±)-alpha-Narcotine	name_formula_mass	4	TRUE	TRUE	3.20000026476919e-09	7.74541933761844e-06
CPD-14834	45241	HMDB	HMDB0033441_18_shen	(±)-alpha-Narcotine	name_formula_mass	4	TRUE	TRUE	3.20000026476919e-09	7.74541933761844e-06
CPD-14834	45242	HMDB	HMDB0033441_19_shen	(±)-alpha-Narcotine	name_formula_mass	4	TRUE	TRUE	3.20000026476919e-09	7.74541933761844e-06
CPD-14834	45243	HMDB	HMDB0033441_20_shen	(±)-alpha-Narcotine	name_formula_mass	4	TRUE	TRUE	3.20000026476919e-09	7.74541933761844e-06
CPD-14834	45244	HMDB	HMDB0033441_21_shen	(±)-alpha-Narcotine	name_formula_mass	4	TRUE	TRUE	3.20000026476919e-09	7.74541933761844e-06
CPD-14834	45245	HMDB	HMDB0033441_22_shen	(±)-alpha-Narcotine	name_formula_mass	4	TRUE	TRUE	3.20000026476919e-09	7.74541933761844e-06
CPD-14834	45246	HMDB	HMDB0033441_23_shen	(±)-alpha-Narcotine	name_formula_mass	4	TRUE	TRUE	3.20000026476919e-09	7.74541933761844e-06
CPD-14834	45247	HMDB	HMDB0033441_24_shen	(±)-alpha-Narcotine	name_formula_mass	4	TRUE	TRUE	3.20000026476919e-09	7.74541933761844e-06
CPD-14834	45248	HMDB	HMDB0033441_25_shen	(±)-alpha-Narcotine	name_formula_mass	4	TRUE	TRUE	3.20000026476919e-09	7.74541933761844e-06
CPD-14834	45249	HMDB	HMDB0033441_26_shen	(±)-alpha-Narcotine	name_formula_mass	4	TRUE	TRUE	3.20000026476919e-09	7.74541933761844e-06
CPD-14834	45250	HMDB	HMDB0033441_27_shen	(±)-alpha-Narcotine	name_formula_mass	4	TRUE	TRUE	3.20000026476919e-09	7.74541933761844e-06
CPD-14834	45251	HMDB	HMDB0033441_28_shen	(±)-alpha-Narcotine	name_formula_mass	4	TRUE	TRUE	3.20000026476919e-09	7.74541933761844e-06
CPD-14834	45252	HMDB	HMDB0033441_29_shen	(±)-alpha-Narcotine	name_formula_mass	4	TRUE	TRUE	3.20000026476919e-09	7.74541933761844e-06
CPD-14834	45253	HMDB	HMDB0033441_30_shen	(±)-alpha-Narcotine	name_formula_mass	4	TRUE	TRUE	3.20000026476919e-09	7.74541933761844e-06
CPD-14834	45254	HMDB	HMDB0033441_31_shen	(±)-alpha-Narcotine	name_formula_mass	4	TRUE	TRUE	3.20000026476919e-09	7.74541933761844e-06
CPD-14834	45255	HMDB	HMDB0033441_32_shen	(±)-alpha-Narcotine	name_formula_mass	4	TRUE	TRUE	3.20000026476919e-09	7.74541933761844e-06
CPD-14834	45256	HMDB	HMDB0033441_33_shen	(±)-alpha-Narcotine	name_formula_mass	4	TRUE	TRUE	3.20000026476919e-09	7.74541933761844e-06
CPD-14834	45257	HMDB	HMDB0033441_34_shen	(±)-alpha-Narcotine	name_formula_mass	4	TRUE	TRUE	3.20000026476919e-09	7.74541933761844e-06
CPD-14834	45258	HMDB	HMDB0033441_35_shen	(±)-alpha-Narcotine	name_formula_mass	4	TRUE	TRUE	3.20000026476919e-09	7.74541933761844e-06
CPD-14834	45259	HMDB	HMDB0033441_36_shen	(±)-alpha-Narcotine	name_formula_mass	4	TRUE	TRUE	3.20000026476919e-09	7.74541933761844e-06
CPD-14834	45260	HMDB	HMDB0033441_37_shen	(±)-alpha-Narcotine	name_formula_mass	4	TRUE	TRUE	3.20000026476919e-09	7.74541933761844e-06
CPD-14834	45261	HMDB	HMDB0033441_38_shen	(±)-alpha-Narcotine	name_formula_mass	4	TRUE	TRUE	3.20000026476919e-09	7.74541933761844e-06
CPD-7137	45331	HMDB	HMDB0033681_1_shen	Pelargonin	inchikey_connectivity_formula_mass	2	FALSE	TRUE	0.000548608599956424	0.921773635812782
CPD-7137	45332	HMDB	HMDB0033681_2_shen	Pelargonin	inchikey_connectivity_formula_mass	2	FALSE	TRUE	0.000548608599956424	0.921773635812782
CPD-7137	45333	HMDB	HMDB0033681_3_shen	Pelargonin	inchikey_connectivity_formula_mass	2	FALSE	TRUE	0.000548608599956424	0.921773635812782
CPD-7137	45334	HMDB	HMDB0033681_4_shen	Pelargonin	inchikey_connectivity_formula_mass	2	FALSE	TRUE	0.000548608599956424	0.921773635812782
CPD-7137	45335	HMDB	HMDB0033681_5_shen	Pelargonin	inchikey_connectivity_formula_mass	2	FALSE	TRUE	0.000548608599956424	0.921773635812782
CPD-9212	45338	HMDB	HMDB0033696_shen	beta-Solanine	name_formula_mass	4	FALSE	TRUE	7.60007878852775e-09	1.05345941589271e-05
LINAMARIN	45339	HMDB	HMDB0033699_1_shen	Linamarin	inchikey	1	TRUE	TRUE	2.5000304049172e-09	6.25007601229299e-06
LINAMARIN	45340	HMDB	HMDB0033699_2_shen	Linamarin	inchikey	1	TRUE	TRUE	2.5000304049172e-09	6.25007601229299e-06
LINAMARIN	45341	HMDB	HMDB0033699_3_shen	Linamarin	inchikey	1	TRUE	TRUE	2.5000304049172e-09	6.25007601229299e-06
LINAMARIN	45342	HMDB	HMDB0033699_4_shen	Linamarin	inchikey	1	TRUE	TRUE	2.5000304049172e-09	6.25007601229299e-06
LINAMARIN	45343	HMDB	HMDB0033699_5_shen	Linamarin	inchikey	1	TRUE	TRUE	2.5000304049172e-09	6.25007601229299e-06
LINAMARIN	45344	HMDB	HMDB0033699_6_shen	Linamarin	inchikey	1	TRUE	TRUE	2.5000304049172e-09	6.25007601229299e-06
2-UNDECANONE	45361	HMDB	HMDB0033713_1_shen	2-Undecanone	inchikey	1	TRUE	TRUE	2.29999841394601e-09	5.74999603486503e-06
2-UNDECANONE	45362	HMDB	HMDB0033713_2_shen	2-Undecanone	inchikey	1	TRUE	TRUE	2.29999841394601e-09	5.74999603486503e-06
2-UNDECANONE	45363	HMDB	HMDB0033713_3_shen	2-Undecanone	inchikey	1	TRUE	TRUE	2.29999841394601e-09	5.74999603486503e-06
2-UNDECANONE	45364	HMDB	HMDB0033713_4_shen	2-Undecanone	inchikey	1	TRUE	TRUE	2.29999841394601e-09	5.74999603486503e-06
2-UNDECANONE	45365	HMDB	HMDB0033713_5_shen	2-Undecanone	inchikey	1	TRUE	TRUE	2.29999841394601e-09	5.74999603486503e-06
2-UNDECANONE	45366	HMDB	HMDB0033713_6_shen	2-Undecanone	inchikey	1	TRUE	TRUE	2.29999841394601e-09	5.74999603486503e-06
2-UNDECANONE	45367	HMDB	HMDB0033713_7_shen	2-Undecanone	inchikey	1	TRUE	TRUE	2.29999841394601e-09	5.74999603486503e-06
2-UNDECANONE	45368	HMDB	HMDB0033713_8_shen	2-Undecanone	inchikey	1	TRUE	TRUE	2.29999841394601e-09	5.74999603486503e-06
2-UNDECANONE	45369	HMDB	HMDB0033713_9_shen	2-Undecanone	inchikey	1	TRUE	TRUE	2.29999841394601e-09	5.74999603486503e-06
2-UNDECANONE	45370	HMDB	HMDB0033713_10_shen	2-Undecanone	inchikey	1	TRUE	TRUE	2.29999841394601e-09	5.74999603486503e-06
2-UNDECANONE	45371	HMDB	HMDB0033713_11_shen	2-Undecanone	inchikey	1	TRUE	TRUE	2.29999841394601e-09	5.74999603486503e-06
2-UNDECANONE	45372	HMDB	HMDB0033713_12_shen	2-Undecanone	inchikey	1	TRUE	TRUE	2.29999841394601e-09	5.74999603486503e-06
2-UNDECANONE	45373	HMDB	HMDB0033713_13_shen	2-Undecanone	inchikey	1	TRUE	TRUE	2.29999841394601e-09	5.74999603486503e-06
CPD-8647	45374	HMDB	HMDB0033723_1_shen	4-(4-Hydroxyphenyl)-2-butanone	inchikey	1	TRUE	TRUE	1.39999656312284e-09	3.4999914078071e-06
CPD-8647	45375	HMDB	HMDB0033723_2_shen	4-(4-Hydroxyphenyl)-2-butanone	inchikey	1	TRUE	TRUE	1.39999656312284e-09	3.4999914078071e-06
CPD-8647	45376	HMDB	HMDB0033723_3_shen	4-(4-Hydroxyphenyl)-2-butanone	inchikey	1	TRUE	TRUE	1.39999656312284e-09	3.4999914078071e-06
CPD-8647	45377	HMDB	HMDB0033723_4_shen	4-(4-Hydroxyphenyl)-2-butanone	inchikey	1	TRUE	TRUE	1.39999656312284e-09	3.4999914078071e-06
CPD-8647	45378	HMDB	HMDB0033723_5_shen	4-(4-Hydroxyphenyl)-2-butanone	inchikey	1	TRUE	TRUE	1.39999656312284e-09	3.4999914078071e-06
CPD-8647	45379	HMDB	HMDB0033723_6_shen	4-(4-Hydroxyphenyl)-2-butanone	inchikey	1	TRUE	TRUE	1.39999656312284e-09	3.4999914078071e-06
CPD-6365	45426	HMDB	HMDB0033733_1_shen	2,4-Dihydroxy-2H-1,4-benzoxazin-3(4H)-one	name_formula_mass	4	FALSE	TRUE	1.29998056763725e-09	3.24995141909312e-06
CPD-6365	45427	HMDB	HMDB0033733_2_shen	2,4-Dihydroxy-2H-1,4-benzoxazin-3(4H)-one	name_formula_mass	4	FALSE	TRUE	1.29998056763725e-09	3.24995141909312e-06
CPD-6365	45428	HMDB	HMDB0033733_3_shen	2,4-Dihydroxy-2H-1,4-benzoxazin-3(4H)-one	name_formula_mass	4	FALSE	TRUE	1.29998056763725e-09	3.24995141909312e-06
CPD-6365	45429	HMDB	HMDB0033733_4_shen	2,4-Dihydroxy-2H-1,4-benzoxazin-3(4H)-one	name_formula_mass	4	FALSE	TRUE	1.29998056763725e-09	3.24995141909312e-06
CPD-7059	45431	HMDB	HMDB0033740_1_shen	Narirutin	name_formula_mass	4	TRUE	TRUE	4.59999682789203e-09	7.92857927759034e-06
CPD-7059	45432	HMDB	HMDB0033740_2_shen	Narirutin	name_formula_mass	4	TRUE	TRUE	4.59999682789203e-09	7.92857927759034e-06
CPD-7059	45433	HMDB	HMDB0033740_3_shen	Narirutin	name_formula_mass	4	TRUE	TRUE	4.59999682789203e-09	7.92857927759034e-06
CPD-7059	45434	HMDB	HMDB0033740_4_shen	Narirutin	name_formula_mass	4	TRUE	TRUE	4.59999682789203e-09	7.92857927759034e-06
CPD-7059	45435	HMDB	HMDB0033740_5_shen	Narirutin	name_formula_mass	4	TRUE	TRUE	4.59999682789203e-09	7.92857927759034e-06
CPD-7059	45436	HMDB	HMDB0033740_6_shen	Narirutin	name_formula_mass	4	TRUE	TRUE	4.59999682789203e-09	7.92857927759034e-06
CPD-7059	45437	HMDB	HMDB0033740_7_shen	Narirutin	name_formula_mass	4	TRUE	TRUE	4.59999682789203e-09	7.92857927759034e-06
CPD-7059	45438	HMDB	HMDB0033740_8_shen	Narirutin	name_formula_mass	4	TRUE	TRUE	4.59999682789203e-09	7.92857927759034e-06
CPD-7059	45439	HMDB	HMDB0033740_9_shen	Narirutin	name_formula_mass	4	TRUE	TRUE	4.59999682789203e-09	7.92857927759034e-06
CPD-7059	45440	HMDB	HMDB0033740_10_shen	Narirutin	name_formula_mass	4	TRUE	TRUE	4.59999682789203e-09	7.92857927759034e-06
CPD-7059	45441	HMDB	HMDB0033740_11_shen	Narirutin	name_formula_mass	4	TRUE	TRUE	4.59999682789203e-09	7.92857927759034e-06
CPD-7059	45442	HMDB	HMDB0033740_12_shen	Narirutin	name_formula_mass	4	TRUE	TRUE	4.59999682789203e-09	7.92857927759034e-06
CPD-7059	45443	HMDB	HMDB0033740_13_shen	Narirutin	name_formula_mass	4	TRUE	TRUE	4.59999682789203e-09	7.92857927759034e-06
CPD-7059	45444	HMDB	HMDB0033740_14_shen	Narirutin	name_formula_mass	4	TRUE	TRUE	4.59999682789203e-09	7.92857927759034e-06
MELILOTATE	45552	HMDB	HMDB0033752_1_shen	3-(2-Hydroxyphenyl)propanoic acid	inchikey_connectivity_formula_mass	2	FALSE	TRUE	1.30000898934668e-09	3.2500224733667e-06
MELILOTATE	45553	HMDB	HMDB0033752_2_shen	3-(2-Hydroxyphenyl)propanoic acid	inchikey_connectivity_formula_mass	2	FALSE	TRUE	1.30000898934668e-09	3.2500224733667e-06
MELILOTATE	45554	HMDB	HMDB0033752_3_shen	3-(2-Hydroxyphenyl)propanoic acid	inchikey_connectivity_formula_mass	2	FALSE	TRUE	1.30000898934668e-09	3.2500224733667e-06
MELILOTATE	45555	HMDB	HMDB0033752_4_shen	3-(2-Hydroxyphenyl)propanoic acid	inchikey_connectivity_formula_mass	2	FALSE	TRUE	1.30000898934668e-09	3.2500224733667e-06
MELILOTATE	45556	HMDB	HMDB0033752_5_shen	3-(2-Hydroxyphenyl)propanoic acid	inchikey_connectivity_formula_mass	2	FALSE	TRUE	1.30000898934668e-09	3.2500224733667e-06
MELILOTATE	45557	HMDB	HMDB0033752_6_shen	3-(2-Hydroxyphenyl)propanoic acid	inchikey_connectivity_formula_mass	2	FALSE	TRUE	1.30000898934668e-09	3.2500224733667e-06
MELILOTATE	45558	HMDB	HMDB0033752_7_shen	3-(2-Hydroxyphenyl)propanoic acid	inchikey_connectivity_formula_mass	2	FALSE	TRUE	1.30000898934668e-09	3.2500224733667e-06
MELILOTATE	45559	HMDB	HMDB0033752_8_shen	3-(2-Hydroxyphenyl)propanoic acid	inchikey_connectivity_formula_mass	2	FALSE	TRUE	1.30000898934668e-09	3.2500224733667e-06
MELILOTATE	45560	HMDB	HMDB0033752_9_shen	3-(2-Hydroxyphenyl)propanoic acid	inchikey_connectivity_formula_mass	2	FALSE	TRUE	1.30000898934668e-09	3.2500224733667e-06
MELILOTATE	45561	HMDB	HMDB0033752_10_shen	3-(2-Hydroxyphenyl)propanoic acid	inchikey_connectivity_formula_mass	2	FALSE	TRUE	1.30000898934668e-09	3.2500224733667e-06
MELILOTATE	45562	HMDB	HMDB0033752_11_shen	3-(2-Hydroxyphenyl)propanoic acid	inchikey_connectivity_formula_mass	2	FALSE	TRUE	1.30000898934668e-09	3.2500224733667e-06
3-METHYL-1-246-TRIHYDROXYPHENYLBUTAN	45566	HMDB	HMDB0033798_shen	3-Methyl-1-(2,4,6-trihydroxyphenyl)-1-butanone	inchikey	1	TRUE	TRUE	1.80000370164635e-09	4.50000925411587e-06
CPD-12187	45567	HMDB	HMDB0033801_1_shen	Demethoxycurcumin	name_formula_mass	4	TRUE	TRUE	2.29999841394601e-09	5.74999603486503e-06
CPD-12187	45568	HMDB	HMDB0033801_2_shen	Demethoxycurcumin	name_formula_mass	4	TRUE	TRUE	2.29999841394601e-09	5.74999603486503e-06
CPD-12187	45569	HMDB	HMDB0033801_3_shen	Demethoxycurcumin	name_formula_mass	4	TRUE	TRUE	2.29999841394601e-09	5.74999603486503e-06
CPD-12187	45570	HMDB	HMDB0033801_4_shen	Demethoxycurcumin	name_formula_mass	4	TRUE	TRUE	2.29999841394601e-09	5.74999603486503e-06
CPD-12187	45571	HMDB	HMDB0033801_5_shen	Demethoxycurcumin	name_formula_mass	4	TRUE	TRUE	2.29999841394601e-09	5.74999603486503e-06
CPD-12187	45572	HMDB	HMDB0033801_6_shen	Demethoxycurcumin	name_formula_mass	4	TRUE	TRUE	2.29999841394601e-09	5.74999603486503e-06
CPD-12187	45573	HMDB	HMDB0033801_7_shen	Demethoxycurcumin	name_formula_mass	4	TRUE	TRUE	2.29999841394601e-09	5.74999603486503e-06
CPD-12187	45574	HMDB	HMDB0033801_8_shen	Demethoxycurcumin	name_formula_mass	4	TRUE	TRUE	2.29999841394601e-09	5.74999603486503e-06
CPD-12187	45575	HMDB	HMDB0033801_9_shen	Demethoxycurcumin	name_formula_mass	4	TRUE	TRUE	2.29999841394601e-09	5.74999603486503e-06
CPD-12187	45576	HMDB	HMDB0033801_10_shen	Demethoxycurcumin	name_formula_mass	4	TRUE	TRUE	2.29999841394601e-09	5.74999603486503e-06
CPD-7409	45619	HMDB	HMDB0033844_1_shen	beta-Cryptoxanthin	inchikey	1	TRUE	TRUE	3.29998783854535e-09	5.97355180285435e-06
CPD-7409	45620	HMDB	HMDB0033844_2_shen	beta-Cryptoxanthin	inchikey	1	TRUE	TRUE	3.29998783854535e-09	5.97355180285435e-06
CPD-7409	45621	HMDB	HMDB0033844_3_shen	beta-Cryptoxanthin	inchikey	1	TRUE	TRUE	3.29998783854535e-09	5.97355180285435e-06
CPD-7409	45622	HMDB	HMDB0033844_4_shen	beta-Cryptoxanthin	inchikey	1	TRUE	TRUE	3.29998783854535e-09	5.97355180285435e-06
CPD-7409	45623	HMDB	HMDB0033844_5_shen	beta-Cryptoxanthin	inchikey	1	TRUE	TRUE	3.29998783854535e-09	5.97355180285435e-06
CPD-7409	45624	HMDB	HMDB0033844_6_shen	beta-Cryptoxanthin	inchikey	1	TRUE	TRUE	3.29998783854535e-09	5.97355180285435e-06
CPD-7409	45625	HMDB	HMDB0033844_7_shen	beta-Cryptoxanthin	inchikey	1	TRUE	TRUE	3.29998783854535e-09	5.97355180285435e-06
CPD-7409	45626	HMDB	HMDB0033844_8_shen	beta-Cryptoxanthin	inchikey	1	TRUE	TRUE	3.29998783854535e-09	5.97355180285435e-06
CPD-7409	45627	HMDB	HMDB0033844_9_shen	beta-Cryptoxanthin	inchikey	1	TRUE	TRUE	3.29998783854535e-09	5.97355180285435e-06
CPD-7409	45628	HMDB	HMDB0033844_10_shen	beta-Cryptoxanthin	inchikey	1	TRUE	TRUE	3.29998783854535e-09	5.97355180285435e-06
CPD-7409	45629	HMDB	HMDB0033844_11_shen	beta-Cryptoxanthin	inchikey	1	TRUE	TRUE	3.29998783854535e-09	5.97355180285435e-06
CPD-7409	45630	HMDB	HMDB0033844_12_shen	beta-Cryptoxanthin	inchikey	1	TRUE	TRUE	3.29998783854535e-09	5.97355180285435e-06
CPD-7409	45631	HMDB	HMDB0033844_13_shen	beta-Cryptoxanthin	inchikey	1	TRUE	TRUE	3.29998783854535e-09	5.97355180285435e-06
CPD-7409	45632	HMDB	HMDB0033844_14_shen	beta-Cryptoxanthin	inchikey	1	TRUE	TRUE	3.29998783854535e-09	5.97355180285435e-06
CPD-7409	45633	HMDB	HMDB0033844_15_shen	beta-Cryptoxanthin	inchikey	1	TRUE	TRUE	3.29998783854535e-09	5.97355180285435e-06
CPD-7409	45634	HMDB	HMDB0033844_16_shen	beta-Cryptoxanthin	inchikey	1	TRUE	TRUE	3.29998783854535e-09	5.97355180285435e-06
CPD-7409	45635	HMDB	HMDB0033844_17_shen	beta-Cryptoxanthin	inchikey	1	TRUE	TRUE	3.29998783854535e-09	5.97355180285435e-06
CPD-7409	45636	HMDB	HMDB0033844_18_shen	beta-Cryptoxanthin	inchikey	1	TRUE	TRUE	3.29998783854535e-09	5.97355180285435e-06
CPD-7409	45637	HMDB	HMDB0033844_19_shen	beta-Cryptoxanthin	inchikey	1	TRUE	TRUE	3.29998783854535e-09	5.97355180285435e-06
CPD-7409	45638	HMDB	HMDB0033844_20_shen	beta-Cryptoxanthin	inchikey	1	TRUE	TRUE	3.29998783854535e-09	5.97355180285435e-06
CPD-7409	45639	HMDB	HMDB0033844_21_shen	beta-Cryptoxanthin	inchikey	1	TRUE	TRUE	3.29998783854535e-09	5.97355180285435e-06
CPD-7409	45640	HMDB	HMDB0033844_22_shen	beta-Cryptoxanthin	inchikey	1	TRUE	TRUE	3.29998783854535e-09	5.97355180285435e-06
CPD-7409	45641	HMDB	HMDB0033844_23_shen	beta-Cryptoxanthin	inchikey	1	TRUE	TRUE	3.29998783854535e-09	5.97355180285435e-06
CPD-7409	45642	HMDB	HMDB0033844_24_shen	beta-Cryptoxanthin	inchikey	1	TRUE	TRUE	3.29998783854535e-09	5.97355180285435e-06
CPD-7409	45643	HMDB	HMDB0033844_25_shen	beta-Cryptoxanthin	inchikey	1	TRUE	TRUE	3.29998783854535e-09	5.97355180285435e-06
CPD-7409	45644	HMDB	HMDB0033844_26_shen	beta-Cryptoxanthin	inchikey	1	TRUE	TRUE	3.29998783854535e-09	5.97355180285435e-06
CPD-7409	45645	HMDB	HMDB0033844_27_shen	beta-Cryptoxanthin	inchikey	1	TRUE	TRUE	3.29998783854535e-09	5.97355180285435e-06
CPD-7409	45646	HMDB	HMDB0033844_28_shen	beta-Cryptoxanthin	inchikey	1	TRUE	TRUE	3.29998783854535e-09	5.97355180285435e-06
CPD-7409	45647	HMDB	HMDB0033844_29_shen	beta-Cryptoxanthin	inchikey	1	TRUE	TRUE	3.29998783854535e-09	5.97355180285435e-06
CPD-7409	45648	HMDB	HMDB0033844_30_shen	beta-Cryptoxanthin	inchikey	1	TRUE	TRUE	3.29998783854535e-09	5.97355180285435e-06
CPD-7409	45649	HMDB	HMDB0033844_31_shen	beta-Cryptoxanthin	inchikey	1	TRUE	TRUE	3.29998783854535e-09	5.97355180285435e-06
CPD-7409	45650	HMDB	HMDB0033844_32_shen	beta-Cryptoxanthin	inchikey	1	TRUE	TRUE	3.29998783854535e-09	5.97355180285435e-06
CPD-7409	45651	HMDB	HMDB0033844_33_shen	beta-Cryptoxanthin	inchikey	1	TRUE	TRUE	3.29998783854535e-09	5.97355180285435e-06
CPD-7409	45652	HMDB	HMDB0033844_34_shen	beta-Cryptoxanthin	inchikey	1	TRUE	TRUE	3.29998783854535e-09	5.97355180285435e-06
CPD-7409	45653	HMDB	HMDB0033844_35_shen	beta-Cryptoxanthin	inchikey	1	TRUE	TRUE	3.29998783854535e-09	5.97355180285435e-06
CPD-7409	45654	HMDB	HMDB0033844_36_shen	beta-Cryptoxanthin	inchikey	1	TRUE	TRUE	3.29998783854535e-09	5.97355180285435e-06
CPD-7409	45655	HMDB	HMDB0033844_37_shen	beta-Cryptoxanthin	inchikey	1	TRUE	TRUE	3.29998783854535e-09	5.97355180285435e-06
CPD-7409	45656	HMDB	HMDB0033844_38_shen	beta-Cryptoxanthin	inchikey	1	TRUE	TRUE	3.29998783854535e-09	5.97355180285435e-06
CPD-7409	45657	HMDB	HMDB0033844_39_shen	beta-Cryptoxanthin	inchikey	1	TRUE	TRUE	3.29998783854535e-09	5.97355180285435e-06
CPD-7409	45658	HMDB	HMDB0033844_40_shen	beta-Cryptoxanthin	inchikey	1	TRUE	TRUE	3.29998783854535e-09	5.97355180285435e-06
CPD-7409	45659	HMDB	HMDB0033844_41_shen	beta-Cryptoxanthin	inchikey	1	TRUE	TRUE	3.29998783854535e-09	5.97355180285435e-06
CPD-7409	45660	HMDB	HMDB0033844_42_shen	beta-Cryptoxanthin	inchikey	1	TRUE	TRUE	3.29998783854535e-09	5.97355180285435e-06
CPD-7409	45661	HMDB	HMDB0033844_43_shen	beta-Cryptoxanthin	inchikey	1	TRUE	TRUE	3.29998783854535e-09	5.97355180285435e-06
CPD-7409	45662	HMDB	HMDB0033844_44_shen	beta-Cryptoxanthin	inchikey	1	TRUE	TRUE	3.29998783854535e-09	5.97355180285435e-06
CPD-7409	45663	HMDB	HMDB0033844_45_shen	beta-Cryptoxanthin	inchikey	1	TRUE	TRUE	3.29998783854535e-09	5.97355180285435e-06
CPD-7035	45749	HMDB	HMDB0033944_1_shen	2-Phenylethanol	inchikey	1	TRUE	TRUE	1.09999120923021e-09	2.74997802307553e-06
CPD-7035	45750	HMDB	HMDB0033944_2_shen	2-Phenylethanol	inchikey	1	TRUE	TRUE	1.09999120923021e-09	2.74997802307553e-06
CPD-7035	45751	HMDB	HMDB0033944_3_shen	2-Phenylethanol	inchikey	1	TRUE	TRUE	1.09999120923021e-09	2.74997802307553e-06
CPD-7035	45752	HMDB	HMDB0033944_4_shen	2-Phenylethanol	inchikey	1	TRUE	TRUE	1.09999120923021e-09	2.74997802307553e-06
CPD-7035	45753	HMDB	HMDB0033944_5_shen	2-Phenylethanol	inchikey	1	TRUE	TRUE	1.09999120923021e-09	2.74997802307553e-06
CPD-7035	45754	HMDB	HMDB0033944_6_shen	2-Phenylethanol	inchikey	1	TRUE	TRUE	1.09999120923021e-09	2.74997802307553e-06
CPD-7035	45755	HMDB	HMDB0033944_7_shen	2-Phenylethanol	inchikey	1	TRUE	TRUE	1.09999120923021e-09	2.74997802307553e-06
CPD-7035	45756	HMDB	HMDB0033944_8_shen	2-Phenylethanol	inchikey	1	TRUE	TRUE	1.09999120923021e-09	2.74997802307553e-06
CPD-7035	45757	HMDB	HMDB0033944_9_shen	2-Phenylethanol	inchikey	1	TRUE	TRUE	1.09999120923021e-09	2.74997802307553e-06
CPD-7035	45758	HMDB	HMDB0033944_10_shen	2-Phenylethanol	inchikey	1	TRUE	TRUE	1.09999120923021e-09	2.74997802307553e-06
CPD-7035	45759	HMDB	HMDB0033944_11_shen	2-Phenylethanol	inchikey	1	TRUE	TRUE	1.09999120923021e-09	2.74997802307553e-06
CPD-7035	45760	HMDB	HMDB0033944_12_shen	2-Phenylethanol	inchikey	1	TRUE	TRUE	1.09999120923021e-09	2.74997802307553e-06
CPD-7035	45761	HMDB	HMDB0033944_13_shen	2-Phenylethanol	inchikey	1	TRUE	TRUE	1.09999120923021e-09	2.74997802307553e-06
CPD-7035	45762	HMDB	HMDB0033944_14_shen	2-Phenylethanol	inchikey	1	TRUE	TRUE	1.09999120923021e-09	2.74997802307553e-06
CPD-7035	45763	HMDB	HMDB0033944_15_shen	2-Phenylethanol	inchikey	1	TRUE	TRUE	1.09999120923021e-09	2.74997802307553e-06
MET	45843	HMDB	HMDB0033951_1_shen	Racemethionine	name_formula_mass	4	TRUE	TRUE	1.50001255860843e-09	3.75003139652108e-06
MET	45844	HMDB	HMDB0033951_2_shen	Racemethionine	name_formula_mass	4	TRUE	TRUE	1.50001255860843e-09	3.75003139652108e-06
MET	45845	HMDB	HMDB0033951_3_shen	Racemethionine	name_formula_mass	4	TRUE	TRUE	1.50001255860843e-09	3.75003139652108e-06
MET	45846	HMDB	HMDB0033951_4_shen	Racemethionine	name_formula_mass	4	TRUE	TRUE	1.50001255860843e-09	3.75003139652108e-06
MET	45847	HMDB	HMDB0033951_5_shen	Racemethionine	name_formula_mass	4	TRUE	TRUE	1.50001255860843e-09	3.75003139652108e-06
MET	45848	HMDB	HMDB0033951_6_shen	Racemethionine	name_formula_mass	4	TRUE	TRUE	1.50001255860843e-09	3.75003139652108e-06
MET	45849	HMDB	HMDB0033951_7_shen	Racemethionine	name_formula_mass	4	TRUE	TRUE	1.50001255860843e-09	3.75003139652108e-06
MET	45850	HMDB	HMDB0033951_8_shen	Racemethionine	name_formula_mass	4	TRUE	TRUE	1.50001255860843e-09	3.75003139652108e-06
MET	45851	HMDB	HMDB0033951_9_shen	Racemethionine	name_formula_mass	4	TRUE	TRUE	1.50001255860843e-09	3.75003139652108e-06
MET	45852	HMDB	HMDB0033951_10_shen	Racemethionine	name_formula_mass	4	TRUE	TRUE	1.50001255860843e-09	3.75003139652108e-06
MET	45853	HMDB	HMDB0033951_11_shen	Racemethionine	name_formula_mass	4	TRUE	TRUE	1.50001255860843e-09	3.75003139652108e-06
MET	45854	HMDB	HMDB0033951_12_shen	Racemethionine	name_formula_mass	4	TRUE	TRUE	1.50001255860843e-09	3.75003139652108e-06
MET	45855	HMDB	HMDB0033951_13_shen	Racemethionine	name_formula_mass	4	TRUE	TRUE	1.50001255860843e-09	3.75003139652108e-06
MET	45856	HMDB	HMDB0033951_14_shen	Racemethionine	name_formula_mass	4	TRUE	TRUE	1.50001255860843e-09	3.75003139652108e-06
MET	45857	HMDB	HMDB0033951_15_shen	Racemethionine	name_formula_mass	4	TRUE	TRUE	1.50001255860843e-09	3.75003139652108e-06
MET	45858	HMDB	HMDB0033951_16_shen	Racemethionine	name_formula_mass	4	TRUE	TRUE	1.50001255860843e-09	3.75003139652108e-06
MET	45859	HMDB	HMDB0033951_17_shen	Racemethionine	name_formula_mass	4	TRUE	TRUE	1.50001255860843e-09	3.75003139652108e-06
MET	45860	HMDB	HMDB0033951_18_shen	Racemethionine	name_formula_mass	4	TRUE	TRUE	1.50001255860843e-09	3.75003139652108e-06
MET	45861	HMDB	HMDB0033951_19_shen	Racemethionine	name_formula_mass	4	TRUE	TRUE	1.50001255860843e-09	3.75003139652108e-06
MET	45862	HMDB	HMDB0033951_20_shen	Racemethionine	name_formula_mass	4	TRUE	TRUE	1.50001255860843e-09	3.75003139652108e-06
MET	45863	HMDB	HMDB0033951_21_shen	Racemethionine	name_formula_mass	4	TRUE	TRUE	1.50001255860843e-09	3.75003139652108e-06
MET	45864	HMDB	HMDB0033951_22_shen	Racemethionine	name_formula_mass	4	TRUE	TRUE	1.50001255860843e-09	3.75003139652108e-06
MET	45865	HMDB	HMDB0033951_23_shen	Racemethionine	name_formula_mass	4	TRUE	TRUE	1.50001255860843e-09	3.75003139652108e-06
MET	45866	HMDB	HMDB0033951_24_shen	Racemethionine	name_formula_mass	4	TRUE	TRUE	1.50001255860843e-09	3.75003139652108e-06
MET	45867	HMDB	HMDB0033951_25_shen	Racemethionine	name_formula_mass	4	TRUE	TRUE	1.50001255860843e-09	3.75003139652108e-06
MET	45868	HMDB	HMDB0033951_26_shen	Racemethionine	name_formula_mass	4	TRUE	TRUE	1.50001255860843e-09	3.75003139652108e-06
MET	45869	HMDB	HMDB0033951_27_shen	Racemethionine	name_formula_mass	4	TRUE	TRUE	1.50001255860843e-09	3.75003139652108e-06
MET	45870	HMDB	HMDB0033951_28_shen	Racemethionine	name_formula_mass	4	TRUE	TRUE	1.50001255860843e-09	3.75003139652108e-06
MET	45871	HMDB	HMDB0033951_29_shen	Racemethionine	name_formula_mass	4	TRUE	TRUE	1.50001255860843e-09	3.75003139652108e-06
MET	45872	HMDB	HMDB0033951_30_shen	Racemethionine	name_formula_mass	4	TRUE	TRUE	1.50001255860843e-09	3.75003139652108e-06
MET	45873	HMDB	HMDB0033951_31_shen	Racemethionine	name_formula_mass	4	TRUE	TRUE	1.50001255860843e-09	3.75003139652108e-06
MET	45874	HMDB	HMDB0033951_32_shen	Racemethionine	name_formula_mass	4	TRUE	TRUE	1.50001255860843e-09	3.75003139652108e-06
MET	45875	HMDB	HMDB0033951_33_shen	Racemethionine	name_formula_mass	4	TRUE	TRUE	1.50001255860843e-09	3.75003139652108e-06
CPD-9275	45930	HMDB	HMDB0033963_shen	Allicin	inchikey	1	TRUE	TRUE	1.10000542008493e-09	2.75001355021232e-06
CPD-6441	45931	HMDB	HMDB0033968_1_shen	Methyl benzoate	inchikey	1	TRUE	TRUE	1.00001784630877e-09	2.50004461577191e-06
CPD-6441	45932	HMDB	HMDB0033968_2_shen	Methyl benzoate	inchikey	1	TRUE	TRUE	1.00001784630877e-09	2.50004461577191e-06
CPD-6441	45933	HMDB	HMDB0033968_3_shen	Methyl benzoate	inchikey	1	TRUE	TRUE	1.00001784630877e-09	2.50004461577191e-06
CPD-6441	45934	HMDB	HMDB0033968_4_shen	Methyl benzoate	inchikey	1	TRUE	TRUE	1.00001784630877e-09	2.50004461577191e-06
CPD-6441	45935	HMDB	HMDB0033968_5_shen	Methyl benzoate	inchikey	1	TRUE	TRUE	1.00001784630877e-09	2.50004461577191e-06
CPD-6441	45936	HMDB	HMDB0033968_6_shen	Methyl benzoate	inchikey	1	TRUE	TRUE	1.00001784630877e-09	2.50004461577191e-06
CPD-6441	45937	HMDB	HMDB0033968_7_shen	Methyl benzoate	inchikey	1	TRUE	TRUE	1.00001784630877e-09	2.50004461577191e-06
CPD-6441	45938	HMDB	HMDB0033968_8_shen	Methyl benzoate	inchikey	1	TRUE	TRUE	1.00001784630877e-09	2.50004461577191e-06
CPD-6441	45939	HMDB	HMDB0033968_9_shen	Methyl benzoate	inchikey	1	TRUE	TRUE	1.00001784630877e-09	2.50004461577191e-06
CPD-6441	45940	HMDB	HMDB0033968_10_shen	Methyl benzoate	inchikey	1	TRUE	TRUE	1.00001784630877e-09	2.50004461577191e-06
CPD-6441	45941	HMDB	HMDB0033968_11_shen	Methyl benzoate	inchikey	1	TRUE	TRUE	1.00001784630877e-09	2.50004461577191e-06
CPD-6441	45942	HMDB	HMDB0033968_12_shen	Methyl benzoate	inchikey	1	TRUE	TRUE	1.00001784630877e-09	2.50004461577191e-06
CPD-6441	45943	HMDB	HMDB0033968_13_shen	Methyl benzoate	inchikey	1	TRUE	TRUE	1.00001784630877e-09	2.50004461577191e-06
CPD-6441	45944	HMDB	HMDB0033968_14_shen	Methyl benzoate	inchikey	1	TRUE	TRUE	1.00001784630877e-09	2.50004461577191e-06
CPD-6441	45945	HMDB	HMDB0033968_15_shen	Methyl benzoate	inchikey	1	TRUE	TRUE	1.00001784630877e-09	2.50004461577191e-06
CPD-6441	45946	HMDB	HMDB0033968_16_shen	Methyl benzoate	inchikey	1	TRUE	TRUE	1.00001784630877e-09	2.50004461577191e-06
CPD-6441	45947	HMDB	HMDB0033968_17_shen	Methyl benzoate	inchikey	1	TRUE	TRUE	1.00001784630877e-09	2.50004461577191e-06
CPD-6441	45948	HMDB	HMDB0033968_18_shen	Methyl benzoate	inchikey	1	TRUE	TRUE	1.00001784630877e-09	2.50004461577191e-06
ONONIN	46001	HMDB	HMDB0033987_1_shen	Ononin	name_formula_mass	4	TRUE	TRUE	3.09995584757417e-09	7.20708139538226e-06
ONONIN	46002	HMDB	HMDB0033987_2_shen	Ononin	name_formula_mass	4	TRUE	TRUE	3.09995584757417e-09	7.20708139538226e-06
ONONIN	46003	HMDB	HMDB0033987_3_shen	Ononin	name_formula_mass	4	TRUE	TRUE	3.09995584757417e-09	7.20708139538226e-06
ONONIN	46004	HMDB	HMDB0033987_4_shen	Ononin	name_formula_mass	4	TRUE	TRUE	3.09995584757417e-09	7.20708139538226e-06
ONONIN	46005	HMDB	HMDB0033987_5_shen	Ononin	name_formula_mass	4	TRUE	TRUE	3.09995584757417e-09	7.20708139538226e-06
ONONIN	46006	HMDB	HMDB0033987_6_shen	Ononin	name_formula_mass	4	TRUE	TRUE	3.09995584757417e-09	7.20708139538226e-06
ONONIN	46007	HMDB	HMDB0033987_7_shen	Ononin	name_formula_mass	4	TRUE	TRUE	3.09995584757417e-09	7.20708139538226e-06
ONONIN	46008	HMDB	HMDB0033987_8_shen	Ononin	name_formula_mass	4	TRUE	TRUE	3.09995584757417e-09	7.20708139538226e-06
ONONIN	46009	HMDB	HMDB0033987_9_shen	Ononin	name_formula_mass	4	TRUE	TRUE	3.09995584757417e-09	7.20708139538226e-06
ONONIN	46010	HMDB	HMDB0033987_10_shen	Ononin	name_formula_mass	4	TRUE	TRUE	3.09995584757417e-09	7.20708139538226e-06
ONONIN	46011	HMDB	HMDB0033987_11_shen	Ononin	name_formula_mass	4	TRUE	TRUE	3.09995584757417e-09	7.20708139538226e-06
ONONIN	46012	HMDB	HMDB0033987_12_shen	Ononin	name_formula_mass	4	TRUE	TRUE	3.09995584757417e-09	7.20708139538226e-06
ONONIN	46013	HMDB	HMDB0033987_13_shen	Ononin	name_formula_mass	4	TRUE	TRUE	3.09995584757417e-09	7.20708139538226e-06
ONONIN	46014	HMDB	HMDB0033987_14_shen	Ononin	name_formula_mass	4	TRUE	TRUE	3.09995584757417e-09	7.20708139538226e-06
ONONIN	46015	HMDB	HMDB0033987_15_shen	Ononin	name_formula_mass	4	TRUE	TRUE	3.09995584757417e-09	7.20708139538226e-06
ONONIN	46016	HMDB	HMDB0033987_16_shen	Ononin	name_formula_mass	4	TRUE	TRUE	3.09995584757417e-09	7.20708139538226e-06
ONONIN	46017	HMDB	HMDB0033987_17_shen	Ononin	name_formula_mass	4	TRUE	TRUE	3.09995584757417e-09	7.20708139538226e-06
ONONIN	46018	HMDB	HMDB0033987_18_shen	Ononin	name_formula_mass	4	TRUE	TRUE	3.09995584757417e-09	7.20708139538226e-06
ONONIN	46019	HMDB	HMDB0033987_19_shen	Ononin	name_formula_mass	4	TRUE	TRUE	3.09995584757417e-09	7.20708139538226e-06
ONONIN	46020	HMDB	HMDB0033987_20_shen	Ononin	name_formula_mass	4	TRUE	TRUE	3.09995584757417e-09	7.20708139538226e-06
ONONIN	46021	HMDB	HMDB0033987_21_shen	Ononin	name_formula_mass	4	TRUE	TRUE	3.09995584757417e-09	7.20708139538226e-06
ONONIN	46022	HMDB	HMDB0033987_22_shen	Ononin	name_formula_mass	4	TRUE	TRUE	3.09995584757417e-09	7.20708139538226e-06
ONONIN	46023	HMDB	HMDB0033987_23_shen	Ononin	name_formula_mass	4	TRUE	TRUE	3.09995584757417e-09	7.20708139538226e-06
CPD-4563	46024	HMDB	HMDB0033990_1_shen	Sissotrin	name_formula_mass	4	TRUE	TRUE	3.20000026476919e-09	7.17293768939118e-06
CPD-4563	46025	HMDB	HMDB0033990_2_shen	Sissotrin	name_formula_mass	4	TRUE	TRUE	3.20000026476919e-09	7.17293768939118e-06
CPD-4563	46026	HMDB	HMDB0033990_3_shen	Sissotrin	name_formula_mass	4	TRUE	TRUE	3.20000026476919e-09	7.17293768939118e-06
CPD-4563	46027	HMDB	HMDB0033990_4_shen	Sissotrin	name_formula_mass	4	TRUE	TRUE	3.20000026476919e-09	7.17293768939118e-06
CPD-4563	46028	HMDB	HMDB0033990_5_shen	Sissotrin	name_formula_mass	4	TRUE	TRUE	3.20000026476919e-09	7.17293768939118e-06
CPD-4563	46029	HMDB	HMDB0033990_6_shen	Sissotrin	name_formula_mass	4	TRUE	TRUE	3.20000026476919e-09	7.17293768939118e-06
CPD-4563	46030	HMDB	HMDB0033990_7_shen	Sissotrin	name_formula_mass	4	TRUE	TRUE	3.20000026476919e-09	7.17293768939118e-06
CPD-4563	46031	HMDB	HMDB0033990_8_shen	Sissotrin	name_formula_mass	4	TRUE	TRUE	3.20000026476919e-09	7.17293768939118e-06
CPD-4563	46032	HMDB	HMDB0033990_9_shen	Sissotrin	name_formula_mass	4	TRUE	TRUE	3.20000026476919e-09	7.17293768939118e-06
CPD-4563	46033	HMDB	HMDB0033990_10_shen	Sissotrin	name_formula_mass	4	TRUE	TRUE	3.20000026476919e-09	7.17293768939118e-06
CPD-4563	46034	HMDB	HMDB0033990_11_shen	Sissotrin	name_formula_mass	4	TRUE	TRUE	3.20000026476919e-09	7.17293768939118e-06
CPD-4563	46035	HMDB	HMDB0033990_12_shen	Sissotrin	name_formula_mass	4	TRUE	TRUE	3.20000026476919e-09	7.17293768939118e-06
CPD-4563	46036	HMDB	HMDB0033990_13_shen	Sissotrin	name_formula_mass	4	TRUE	TRUE	3.20000026476919e-09	7.17293768939118e-06
CPD-4563	46037	HMDB	HMDB0033990_14_shen	Sissotrin	name_formula_mass	4	TRUE	TRUE	3.20000026476919e-09	7.17293768939118e-06
CPD-4563	46038	HMDB	HMDB0033990_15_shen	Sissotrin	name_formula_mass	4	TRUE	TRUE	3.20000026476919e-09	7.17293768939118e-06
CPD-4563	46039	HMDB	HMDB0033990_16_shen	Sissotrin	name_formula_mass	4	TRUE	TRUE	3.20000026476919e-09	7.17293768939118e-06
CPD-4563	46040	HMDB	HMDB0033990_17_shen	Sissotrin	name_formula_mass	4	TRUE	TRUE	3.20000026476919e-09	7.17293768939118e-06
CPD-4563	46041	HMDB	HMDB0033990_18_shen	Sissotrin	name_formula_mass	4	TRUE	TRUE	3.20000026476919e-09	7.17293768939118e-06
CPD-4563	46042	HMDB	HMDB0033990_19_shen	Sissotrin	name_formula_mass	4	TRUE	TRUE	3.20000026476919e-09	7.17293768939118e-06
CPD-3424	46043	HMDB	HMDB0033991_1_shen	Daidzin	inchikey	1	TRUE	TRUE	1.69000031746691e-08	4.06141968116438e-05
CPD-3424	46044	HMDB	HMDB0033991_2_shen	Daidzin	inchikey	1	TRUE	TRUE	1.69000031746691e-08	4.06141968116438e-05
CPD-3424	46045	HMDB	HMDB0033991_3_shen	Daidzin	inchikey	1	TRUE	TRUE	1.69000031746691e-08	4.06141968116438e-05
CPD-3424	46046	HMDB	HMDB0033991_4_shen	Daidzin	inchikey	1	TRUE	TRUE	1.69000031746691e-08	4.06141968116438e-05
CPD-3424	46047	HMDB	HMDB0033991_5_shen	Daidzin	inchikey	1	TRUE	TRUE	1.69000031746691e-08	4.06141968116438e-05
CPD-3424	46048	HMDB	HMDB0033991_6_shen	Daidzin	inchikey	1	TRUE	TRUE	1.69000031746691e-08	4.06141968116438e-05
CPD-3424	46049	HMDB	HMDB0033991_7_shen	Daidzin	inchikey	1	TRUE	TRUE	1.69000031746691e-08	4.06141968116438e-05
CPD-3424	46050	HMDB	HMDB0033991_8_shen	Daidzin	inchikey	1	TRUE	TRUE	1.69000031746691e-08	4.06141968116438e-05
CPD-3424	46051	HMDB	HMDB0033991_9_shen	Daidzin	inchikey	1	TRUE	TRUE	1.69000031746691e-08	4.06141968116438e-05
CPD-3424	46052	HMDB	HMDB0033991_10_shen	Daidzin	inchikey	1	TRUE	TRUE	1.69000031746691e-08	4.06141968116438e-05
CPD-3424	46053	HMDB	HMDB0033991_11_shen	Daidzin	inchikey	1	TRUE	TRUE	1.69000031746691e-08	4.06141968116438e-05
CPD-3424	46054	HMDB	HMDB0033991_12_shen	Daidzin	inchikey	1	TRUE	TRUE	1.69000031746691e-08	4.06141968116438e-05
CPD-3424	46055	HMDB	HMDB0033991_13_shen	Daidzin	inchikey	1	TRUE	TRUE	1.69000031746691e-08	4.06141968116438e-05
CPD-3424	46056	HMDB	HMDB0033991_14_shen	Daidzin	inchikey	1	TRUE	TRUE	1.69000031746691e-08	4.06141968116438e-05
CPD-3424	46057	HMDB	HMDB0033991_15_shen	Daidzin	inchikey	1	TRUE	TRUE	1.69000031746691e-08	4.06141968116438e-05
CPD-3424	46058	HMDB	HMDB0033991_16_shen	Daidzin	inchikey	1	TRUE	TRUE	1.69000031746691e-08	4.06141968116438e-05
CPD-3424	46059	HMDB	HMDB0033991_17_shen	Daidzin	inchikey	1	TRUE	TRUE	1.69000031746691e-08	4.06141968116438e-05
CPD-3424	46060	HMDB	HMDB0033991_18_shen	Daidzin	inchikey	1	TRUE	TRUE	1.69000031746691e-08	4.06141968116438e-05
CPD-3424	46061	HMDB	HMDB0033991_19_shen	Daidzin	inchikey	1	TRUE	TRUE	1.69000031746691e-08	4.06141968116438e-05
CPD-3424	46062	HMDB	HMDB0033991_20_shen	Daidzin	inchikey	1	TRUE	TRUE	1.69000031746691e-08	4.06141968116438e-05
CPD-3424	46063	HMDB	HMDB0033991_21_shen	Daidzin	inchikey	1	TRUE	TRUE	1.69000031746691e-08	4.06141968116438e-05
CPD-3424	46064	HMDB	HMDB0033991_22_shen	Daidzin	inchikey	1	TRUE	TRUE	1.69000031746691e-08	4.06141968116438e-05
CPD-3424	46065	HMDB	HMDB0033991_23_shen	Daidzin	inchikey	1	TRUE	TRUE	1.69000031746691e-08	4.06141968116438e-05
CPD-3424	46066	HMDB	HMDB0033991_24_shen	Daidzin	inchikey	1	TRUE	TRUE	1.69000031746691e-08	4.06141968116438e-05
CPD-3424	46067	HMDB	HMDB0033991_25_shen	Daidzin	inchikey	1	TRUE	TRUE	1.69000031746691e-08	4.06141968116438e-05
CPD-3424	46068	HMDB	HMDB0033991_26_shen	Daidzin	inchikey	1	TRUE	TRUE	1.69000031746691e-08	4.06141968116438e-05
CPD-3424	46069	HMDB	HMDB0033991_27_shen	Daidzin	inchikey	1	TRUE	TRUE	1.69000031746691e-08	4.06141968116438e-05
CPD-3424	46070	HMDB	HMDB0033991_28_shen	Daidzin	inchikey	1	TRUE	TRUE	1.69000031746691e-08	4.06141968116438e-05
CPD-3424	46071	HMDB	HMDB0033991_29_shen	Daidzin	inchikey	1	TRUE	TRUE	1.69000031746691e-08	4.06141968116438e-05
CPD-3424	46072	HMDB	HMDB0033991_30_shen	Daidzin	inchikey	1	TRUE	TRUE	1.69000031746691e-08	4.06141968116438e-05
CPD-3424	46073	HMDB	HMDB0033991_31_shen	Daidzin	inchikey	1	TRUE	TRUE	1.69000031746691e-08	4.06141968116438e-05
CPD-3424	46074	HMDB	HMDB0033991_32_shen	Daidzin	inchikey	1	TRUE	TRUE	1.69000031746691e-08	4.06141968116438e-05
CPD-3424	46075	HMDB	HMDB0033991_33_shen	Daidzin	inchikey	1	TRUE	TRUE	1.69000031746691e-08	4.06141968116438e-05
CPD-3424	46076	HMDB	HMDB0033991_34_shen	Daidzin	inchikey	1	TRUE	TRUE	1.69000031746691e-08	4.06141968116438e-05
CPD-3424	46077	HMDB	HMDB0033991_35_shen	Daidzin	inchikey	1	TRUE	TRUE	1.69000031746691e-08	4.06141968116438e-05
CPD-3424	46078	HMDB	HMDB0033991_36_shen	Daidzin	inchikey	1	TRUE	TRUE	1.69000031746691e-08	4.06141968116438e-05
CPD-3424	46079	HMDB	HMDB0033991_37_shen	Daidzin	inchikey	1	TRUE	TRUE	1.69000031746691e-08	4.06141968116438e-05
CPD-3424	46080	HMDB	HMDB0033991_38_shen	Daidzin	inchikey	1	TRUE	TRUE	1.69000031746691e-08	4.06141968116438e-05
CPD-3424	46081	HMDB	HMDB0033991_39_shen	Daidzin	inchikey	1	TRUE	TRUE	1.69000031746691e-08	4.06141968116438e-05
CPD-3424	46082	HMDB	HMDB0033991_40_shen	Daidzin	inchikey	1	TRUE	TRUE	1.69000031746691e-08	4.06141968116438e-05
CPD-3424	46083	HMDB	HMDB0033991_41_shen	Daidzin	inchikey	1	TRUE	TRUE	1.69000031746691e-08	4.06141968116438e-05
CPD-3424	46084	HMDB	HMDB0033991_42_shen	Daidzin	inchikey	1	TRUE	TRUE	1.69000031746691e-08	4.06141968116438e-05
CPD-3424	46085	HMDB	HMDB0033991_43_shen	Daidzin	inchikey	1	TRUE	TRUE	1.69000031746691e-08	4.06141968116438e-05
CPD-3424	46086	HMDB	HMDB0033991_44_shen	Daidzin	inchikey	1	TRUE	TRUE	1.69000031746691e-08	4.06141968116438e-05
CPD-3424	46087	HMDB	HMDB0033991_45_shen	Daidzin	inchikey	1	TRUE	TRUE	1.69000031746691e-08	4.06141968116438e-05
CPD-3424	46088	HMDB	HMDB0033991_46_shen	Daidzin	inchikey	1	TRUE	TRUE	1.69000031746691e-08	4.06141968116438e-05
CPD-3424	46089	HMDB	HMDB0033991_47_shen	Daidzin	inchikey	1	TRUE	TRUE	1.69000031746691e-08	4.06141968116438e-05
CAFFEOYLSHIKIMATE	46090	HMDB	HMDB0033999_1_shen	Dattelic acid	inchikey_connectivity_formula_mass	2	FALSE	TRUE	1.54000190377701e-08	3.85000475944253e-05
CAFFEOYLSHIKIMATE	46091	HMDB	HMDB0033999_2_shen	Dattelic acid	inchikey_connectivity_formula_mass	2	FALSE	TRUE	1.54000190377701e-08	3.85000475944253e-05
CPD-17696	46134	HMDB	HMDB0034103_shen	Tomatine	name_formula_mass	4	TRUE	TRUE	1.0599933375488e-08	1.02558917066972e-05
CPD-83	46135	HMDB	HMDB0034118_1_shen	(Z)-Resveratrol	name_formula_mass	4	TRUE	TRUE	5.4999986787152e-09	1.3749996696788e-05
CPD-83	46136	HMDB	HMDB0034118_2_shen	(Z)-Resveratrol	name_formula_mass	4	TRUE	TRUE	5.4999986787152e-09	1.3749996696788e-05
CPD-83	46137	HMDB	HMDB0034118_3_shen	(Z)-Resveratrol	name_formula_mass	4	TRUE	TRUE	5.4999986787152e-09	1.3749996696788e-05
CPD-83	46138	HMDB	HMDB0034118_4_shen	(Z)-Resveratrol	name_formula_mass	4	TRUE	TRUE	5.4999986787152e-09	1.3749996696788e-05
CPD-83	46139	HMDB	HMDB0034118_5_shen	(Z)-Resveratrol	name_formula_mass	4	TRUE	TRUE	5.4999986787152e-09	1.3749996696788e-05
CPD-83	46140	HMDB	HMDB0034118_6_shen	(Z)-Resveratrol	name_formula_mass	4	TRUE	TRUE	5.4999986787152e-09	1.3749996696788e-05
CPD-83	46141	HMDB	HMDB0034118_7_shen	(Z)-Resveratrol	name_formula_mass	4	TRUE	TRUE	5.4999986787152e-09	1.3749996696788e-05
CPD-83	46142	HMDB	HMDB0034118_8_shen	(Z)-Resveratrol	name_formula_mass	4	TRUE	TRUE	5.4999986787152e-09	1.3749996696788e-05
CPD-83	46143	HMDB	HMDB0034118_9_shen	(Z)-Resveratrol	name_formula_mass	4	TRUE	TRUE	5.4999986787152e-09	1.3749996696788e-05
CPD-83	46144	HMDB	HMDB0034118_10_shen	(Z)-Resveratrol	name_formula_mass	4	TRUE	TRUE	5.4999986787152e-09	1.3749996696788e-05
CPD-83	46145	HMDB	HMDB0034118_11_shen	(Z)-Resveratrol	name_formula_mass	4	TRUE	TRUE	5.4999986787152e-09	1.3749996696788e-05
CPD-83	46146	HMDB	HMDB0034118_12_shen	(Z)-Resveratrol	name_formula_mass	4	TRUE	TRUE	5.4999986787152e-09	1.3749996696788e-05
CPD-83	46147	HMDB	HMDB0034118_13_shen	(Z)-Resveratrol	name_formula_mass	4	TRUE	TRUE	5.4999986787152e-09	1.3749996696788e-05
CPD-83	46148	HMDB	HMDB0034118_14_shen	(Z)-Resveratrol	name_formula_mass	4	TRUE	TRUE	5.4999986787152e-09	1.3749996696788e-05
CPD-83	46149	HMDB	HMDB0034118_15_shen	(Z)-Resveratrol	name_formula_mass	4	TRUE	TRUE	5.4999986787152e-09	1.3749996696788e-05
CPD-6484	46150	HMDB	HMDB0034121_1_shen	1-Methoxy-4-(2-propenyl)benzene	inchikey	1	TRUE	TRUE	1.29998056763725e-09	3.24995141909312e-06
CPD-6484	46151	HMDB	HMDB0034121_2_shen	1-Methoxy-4-(2-propenyl)benzene	inchikey	1	TRUE	TRUE	1.29998056763725e-09	3.24995141909312e-06
CPD-6484	46152	HMDB	HMDB0034121_3_shen	1-Methoxy-4-(2-propenyl)benzene	inchikey	1	TRUE	TRUE	1.29998056763725e-09	3.24995141909312e-06
CPD-6643	46223	HMDB	HMDB0034125_1_shen	Licoisoflavone A	inchikey_connectivity_formula_mass	2	FALSE	TRUE	1.03999582279357e-08	2.59998955698393e-05
CPD-6643	46224	HMDB	HMDB0034125_2_shen	Licoisoflavone A	inchikey_connectivity_formula_mass	2	FALSE	TRUE	1.03999582279357e-08	2.59998955698393e-05
CPD-6643	46225	HMDB	HMDB0034125_3_shen	Licoisoflavone A	inchikey_connectivity_formula_mass	2	FALSE	TRUE	1.03999582279357e-08	2.59998955698393e-05
CPD-6643	46226	HMDB	HMDB0034125_4_shen	Licoisoflavone A	inchikey_connectivity_formula_mass	2	FALSE	TRUE	1.03999582279357e-08	2.59998955698393e-05
CPD-6643	46227	HMDB	HMDB0034125_5_shen	Licoisoflavone A	inchikey_connectivity_formula_mass	2	FALSE	TRUE	1.03999582279357e-08	2.59998955698393e-05
CPD-3521	46228	HMDB	HMDB0034127_1_shen	Prunetin	inchikey	1	TRUE	TRUE	9.69998836808372e-09	2.42499709202093e-05
CPD-3521	46229	HMDB	HMDB0034127_2_shen	Prunetin	inchikey	1	TRUE	TRUE	9.69998836808372e-09	2.42499709202093e-05
CPD-3521	46230	HMDB	HMDB0034127_3_shen	Prunetin	inchikey	1	TRUE	TRUE	9.69998836808372e-09	2.42499709202093e-05
CPD-3521	46231	HMDB	HMDB0034127_4_shen	Prunetin	inchikey	1	TRUE	TRUE	9.69998836808372e-09	2.42499709202093e-05
CPD-3521	46232	HMDB	HMDB0034127_5_shen	Prunetin	inchikey	1	TRUE	TRUE	9.69998836808372e-09	2.42499709202093e-05
CPD-3521	46233	HMDB	HMDB0034127_6_shen	Prunetin	inchikey	1	TRUE	TRUE	9.69998836808372e-09	2.42499709202093e-05
CPD-3521	46234	HMDB	HMDB0034127_7_shen	Prunetin	inchikey	1	TRUE	TRUE	9.69998836808372e-09	2.42499709202093e-05
CPD-3521	46235	HMDB	HMDB0034127_8_shen	Prunetin	inchikey	1	TRUE	TRUE	9.69998836808372e-09	2.42499709202093e-05
CPD-3521	46236	HMDB	HMDB0034127_9_shen	Prunetin	inchikey	1	TRUE	TRUE	9.69998836808372e-09	2.42499709202093e-05
CPD-3521	46237	HMDB	HMDB0034127_10_shen	Prunetin	inchikey	1	TRUE	TRUE	9.69998836808372e-09	2.42499709202093e-05
CPD-3521	46238	HMDB	HMDB0034127_11_shen	Prunetin	inchikey	1	TRUE	TRUE	9.69998836808372e-09	2.42499709202093e-05
CPD-3521	46239	HMDB	HMDB0034127_12_shen	Prunetin	inchikey	1	TRUE	TRUE	9.69998836808372e-09	2.42499709202093e-05
CPD-3521	46240	HMDB	HMDB0034127_13_shen	Prunetin	inchikey	1	TRUE	TRUE	9.69998836808372e-09	2.42499709202093e-05
CPD-3521	46241	HMDB	HMDB0034127_14_shen	Prunetin	inchikey	1	TRUE	TRUE	9.69998836808372e-09	2.42499709202093e-05
CPD-3521	46242	HMDB	HMDB0034127_15_shen	Prunetin	inchikey	1	TRUE	TRUE	9.69998836808372e-09	2.42499709202093e-05
CPD-3521	46243	HMDB	HMDB0034127_16_shen	Prunetin	inchikey	1	TRUE	TRUE	9.69998836808372e-09	2.42499709202093e-05
CPD-3521	46244	HMDB	HMDB0034127_17_shen	Prunetin	inchikey	1	TRUE	TRUE	9.69998836808372e-09	2.42499709202093e-05
CPD-3521	46245	HMDB	HMDB0034127_18_shen	Prunetin	inchikey	1	TRUE	TRUE	9.69998836808372e-09	2.42499709202093e-05
CPD-3521	46246	HMDB	HMDB0034127_19_shen	Prunetin	inchikey	1	TRUE	TRUE	9.69998836808372e-09	2.42499709202093e-05
CPD-3521	46247	HMDB	HMDB0034127_20_shen	Prunetin	inchikey	1	TRUE	TRUE	9.69998836808372e-09	2.42499709202093e-05
SALICYLALDEHYDE	46263	HMDB	HMDB0034170_1_shen	2-Hydroxybenzaldehyde	inchikey	1	TRUE	TRUE	8.00000066192297e-10	2.00000016548074e-06
SALICYLALDEHYDE	46264	HMDB	HMDB0034170_2_shen	2-Hydroxybenzaldehyde	inchikey	1	TRUE	TRUE	8.00000066192297e-10	2.00000016548074e-06
SALICYLALDEHYDE	46265	HMDB	HMDB0034170_3_shen	2-Hydroxybenzaldehyde	inchikey	1	TRUE	TRUE	8.00000066192297e-10	2.00000016548074e-06
SALICYLALDEHYDE	46266	HMDB	HMDB0034170_4_shen	2-Hydroxybenzaldehyde	inchikey	1	TRUE	TRUE	8.00000066192297e-10	2.00000016548074e-06
SALICYLALDEHYDE	46267	HMDB	HMDB0034170_5_shen	2-Hydroxybenzaldehyde	inchikey	1	TRUE	TRUE	8.00000066192297e-10	2.00000016548074e-06
SALICYLALDEHYDE	46268	HMDB	HMDB0034170_6_shen	2-Hydroxybenzaldehyde	inchikey	1	TRUE	TRUE	8.00000066192297e-10	2.00000016548074e-06
SALICYLALDEHYDE	46269	HMDB	HMDB0034170_7_shen	2-Hydroxybenzaldehyde	inchikey	1	TRUE	TRUE	8.00000066192297e-10	2.00000016548074e-06
SALICYLALDEHYDE	46270	HMDB	HMDB0034170_8_shen	2-Hydroxybenzaldehyde	inchikey	1	TRUE	TRUE	8.00000066192297e-10	2.00000016548074e-06
SALICYLALDEHYDE	46271	HMDB	HMDB0034170_9_shen	2-Hydroxybenzaldehyde	inchikey	1	TRUE	TRUE	8.00000066192297e-10	2.00000016548074e-06
SALICYLALDEHYDE	46272	HMDB	HMDB0034170_10_shen	2-Hydroxybenzaldehyde	inchikey	1	TRUE	TRUE	8.00000066192297e-10	2.00000016548074e-06
CPD-6442	46273	HMDB	HMDB0034172_1_shen	Methyl 2-hydroxybenzoate	inchikey	1	TRUE	TRUE	1.10000542008493e-09	2.75001355021232e-06
CPD-6442	46274	HMDB	HMDB0034172_2_shen	Methyl 2-hydroxybenzoate	inchikey	1	TRUE	TRUE	1.10000542008493e-09	2.75001355021232e-06
CPD-6442	46275	HMDB	HMDB0034172_3_shen	Methyl 2-hydroxybenzoate	inchikey	1	TRUE	TRUE	1.10000542008493e-09	2.75001355021232e-06
CPD-6442	46276	HMDB	HMDB0034172_4_shen	Methyl 2-hydroxybenzoate	inchikey	1	TRUE	TRUE	1.10000542008493e-09	2.75001355021232e-06
CPD-6442	46277	HMDB	HMDB0034172_5_shen	Methyl 2-hydroxybenzoate	inchikey	1	TRUE	TRUE	1.10000542008493e-09	2.75001355021232e-06
CPD-6442	46278	HMDB	HMDB0034172_6_shen	Methyl 2-hydroxybenzoate	inchikey	1	TRUE	TRUE	1.10000542008493e-09	2.75001355021232e-06
CPD-6442	46279	HMDB	HMDB0034172_7_shen	Methyl 2-hydroxybenzoate	inchikey	1	TRUE	TRUE	1.10000542008493e-09	2.75001355021232e-06
CPD-6442	46280	HMDB	HMDB0034172_8_shen	Methyl 2-hydroxybenzoate	inchikey	1	TRUE	TRUE	1.10000542008493e-09	2.75001355021232e-06
CPD-6442	46281	HMDB	HMDB0034172_9_shen	Methyl 2-hydroxybenzoate	inchikey	1	TRUE	TRUE	1.10000542008493e-09	2.75001355021232e-06
CPD-6442	46282	HMDB	HMDB0034172_10_shen	Methyl 2-hydroxybenzoate	inchikey	1	TRUE	TRUE	1.10000542008493e-09	2.75001355021232e-06
CPD-6442	46283	HMDB	HMDB0034172_11_shen	Methyl 2-hydroxybenzoate	inchikey	1	TRUE	TRUE	1.10000542008493e-09	2.75001355021232e-06
CPD-6442	46284	HMDB	HMDB0034172_12_shen	Methyl 2-hydroxybenzoate	inchikey	1	TRUE	TRUE	1.10000542008493e-09	2.75001355021232e-06
CPD-6442	46285	HMDB	HMDB0034172_13_shen	Methyl 2-hydroxybenzoate	inchikey	1	TRUE	TRUE	1.10000542008493e-09	2.75001355021232e-06
CPD-6442	46286	HMDB	HMDB0034172_14_shen	Methyl 2-hydroxybenzoate	inchikey	1	TRUE	TRUE	1.10000542008493e-09	2.75001355021232e-06
CPD-6442	46287	HMDB	HMDB0034172_15_shen	Methyl 2-hydroxybenzoate	inchikey	1	TRUE	TRUE	1.10000542008493e-09	2.75001355021232e-06
CPD-6442	46288	HMDB	HMDB0034172_16_shen	Methyl 2-hydroxybenzoate	inchikey	1	TRUE	TRUE	1.10000542008493e-09	2.75001355021232e-06
CPD-6442	46289	HMDB	HMDB0034172_17_shen	Methyl 2-hydroxybenzoate	inchikey	1	TRUE	TRUE	1.10000542008493e-09	2.75001355021232e-06
CPD-6442	46290	HMDB	HMDB0034172_18_shen	Methyl 2-hydroxybenzoate	inchikey	1	TRUE	TRUE	1.10000542008493e-09	2.75001355021232e-06
CPD-6442	46291	HMDB	HMDB0034172_19_shen	Methyl 2-hydroxybenzoate	inchikey	1	TRUE	TRUE	1.10000542008493e-09	2.75001355021232e-06
CPD-6442	46292	HMDB	HMDB0034172_20_shen	Methyl 2-hydroxybenzoate	inchikey	1	TRUE	TRUE	1.10000542008493e-09	2.75001355021232e-06
CPD-6442	46293	HMDB	HMDB0034172_21_shen	Methyl 2-hydroxybenzoate	inchikey	1	TRUE	TRUE	1.10000542008493e-09	2.75001355021232e-06
CPD-6442	46294	HMDB	HMDB0034172_22_shen	Methyl 2-hydroxybenzoate	inchikey	1	TRUE	TRUE	1.10000542008493e-09	2.75001355021232e-06
CPD-6442	46295	HMDB	HMDB0034172_23_shen	Methyl 2-hydroxybenzoate	inchikey	1	TRUE	TRUE	1.10000542008493e-09	2.75001355021232e-06
CPD-6442	46296	HMDB	HMDB0034172_24_shen	Methyl 2-hydroxybenzoate	inchikey	1	TRUE	TRUE	1.10000542008493e-09	2.75001355021232e-06
CPD-6442	46297	HMDB	HMDB0034172_25_shen	Methyl 2-hydroxybenzoate	inchikey	1	TRUE	TRUE	1.10000542008493e-09	2.75001355021232e-06
CPD-6442	46298	HMDB	HMDB0034172_26_shen	Methyl 2-hydroxybenzoate	inchikey	1	TRUE	TRUE	1.10000542008493e-09	2.75001355021232e-06
CPD-9211	46325	HMDB	HMDB0034202_1_shen	alpha-Solanine	name_formula_mass	4	FALSE	TRUE	9.00013219506945e-09	1.03748158272622e-05
CPD-9211	46326	HMDB	HMDB0034202_2_shen	alpha-Solanine	name_formula_mass	4	FALSE	TRUE	9.00013219506945e-09	1.03748158272622e-05
CPD-9211	46327	HMDB	HMDB0034202_3_shen	alpha-Solanine	name_formula_mass	4	FALSE	TRUE	9.00013219506945e-09	1.03748158272622e-05
CPD-9211	46328	HMDB	HMDB0034202_4_shen	alpha-Solanine	name_formula_mass	4	FALSE	TRUE	9.00013219506945e-09	1.03748158272622e-05
CPD-9211	46329	HMDB	HMDB0034202_5_shen	alpha-Solanine	name_formula_mass	4	FALSE	TRUE	9.00013219506945e-09	1.03748158272622e-05
CPD-9211	46330	HMDB	HMDB0034202_6_shen	alpha-Solanine	name_formula_mass	4	FALSE	TRUE	9.00013219506945e-09	1.03748158272622e-05
CPD-9211	46331	HMDB	HMDB0034202_7_shen	alpha-Solanine	name_formula_mass	4	FALSE	TRUE	9.00013219506945e-09	1.03748158272622e-05
CPD-9211	46332	HMDB	HMDB0034202_8_shen	alpha-Solanine	name_formula_mass	4	FALSE	TRUE	9.00013219506945e-09	1.03748158272622e-05
CPD-9211	46333	HMDB	HMDB0034202_9_shen	alpha-Solanine	name_formula_mass	4	FALSE	TRUE	9.00013219506945e-09	1.03748158272622e-05
CPD-9211	46334	HMDB	HMDB0034202_10_shen	alpha-Solanine	name_formula_mass	4	FALSE	TRUE	9.00013219506945e-09	1.03748158272622e-05
CPD-9211	46335	HMDB	HMDB0034202_11_shen	alpha-Solanine	name_formula_mass	4	FALSE	TRUE	9.00013219506945e-09	1.03748158272622e-05
CPD-9211	46336	HMDB	HMDB0034202_12_shen	alpha-Solanine	name_formula_mass	4	FALSE	TRUE	9.00013219506945e-09	1.03748158272622e-05
CPD-9211	46337	HMDB	HMDB0034202_13_shen	alpha-Solanine	name_formula_mass	4	FALSE	TRUE	9.00013219506945e-09	1.03748158272622e-05
CPD-9211	46338	HMDB	HMDB0034202_14_shen	alpha-Solanine	name_formula_mass	4	FALSE	TRUE	9.00013219506945e-09	1.03748158272622e-05
CPD-9211	46339	HMDB	HMDB0034202_15_shen	alpha-Solanine	name_formula_mass	4	FALSE	TRUE	9.00013219506945e-09	1.03748158272622e-05
CPD-9211	46340	HMDB	HMDB0034202_16_shen	alpha-Solanine	name_formula_mass	4	FALSE	TRUE	9.00013219506945e-09	1.03748158272622e-05
CPD-9211	46341	HMDB	HMDB0034202_17_shen	alpha-Solanine	name_formula_mass	4	FALSE	TRUE	9.00013219506945e-09	1.03748158272622e-05
CPD-9211	46342	HMDB	HMDB0034202_18_shen	alpha-Solanine	name_formula_mass	4	FALSE	TRUE	9.00013219506945e-09	1.03748158272622e-05
CPD-9211	46343	HMDB	HMDB0034202_19_shen	alpha-Solanine	name_formula_mass	4	FALSE	TRUE	9.00013219506945e-09	1.03748158272622e-05
CPD-9211	46344	HMDB	HMDB0034202_20_shen	alpha-Solanine	name_formula_mass	4	FALSE	TRUE	9.00013219506945e-09	1.03748158272622e-05
CPD-9211	46345	HMDB	HMDB0034202_21_shen	alpha-Solanine	name_formula_mass	4	FALSE	TRUE	9.00013219506945e-09	1.03748158272622e-05
KIEVITONE-CPD	46352	HMDB	HMDB0034213_1_shen	Kievitone	inchikey_connectivity_formula_mass	2	FALSE	TRUE	2.60001797869336e-09	6.5000449467334e-06
KIEVITONE-CPD	46353	HMDB	HMDB0034213_2_shen	Kievitone	inchikey_connectivity_formula_mass	2	FALSE	TRUE	2.60001797869336e-09	6.5000449467334e-06
KIEVITONE-CPD	46354	HMDB	HMDB0034213_3_shen	Kievitone	inchikey_connectivity_formula_mass	2	FALSE	TRUE	2.60001797869336e-09	6.5000449467334e-06
KIEVITONE-CPD	46355	HMDB	HMDB0034213_4_shen	Kievitone	inchikey_connectivity_formula_mass	2	FALSE	TRUE	2.60001797869336e-09	6.5000449467334e-06
KIEVITONE-CPD	46356	HMDB	HMDB0034213_5_shen	Kievitone	inchikey_connectivity_formula_mass	2	FALSE	TRUE	2.60001797869336e-09	6.5000449467334e-06
KIEVITONE-CPD	46357	HMDB	HMDB0034213_6_shen	Kievitone	inchikey_connectivity_formula_mass	2	FALSE	TRUE	2.60001797869336e-09	6.5000449467334e-06
KIEVITONE-CPD	46358	HMDB	HMDB0034213_7_shen	Kievitone	inchikey_connectivity_formula_mass	2	FALSE	TRUE	2.60001797869336e-09	6.5000449467334e-06
CPD-9941	46361	HMDB	HMDB0034217_1_shen	Harmol	inchikey	1	TRUE	TRUE	1.499984136899e-09	3.7499603422475e-06
CPD-9941	46362	HMDB	HMDB0034217_2_shen	Harmol	inchikey	1	TRUE	TRUE	1.499984136899e-09	3.7499603422475e-06
CPD-9941	46363	HMDB	HMDB0034217_3_shen	Harmol	inchikey	1	TRUE	TRUE	1.499984136899e-09	3.7499603422475e-06
CPD-9941	46364	HMDB	HMDB0034217_4_shen	Harmol	inchikey	1	TRUE	TRUE	1.499984136899e-09	3.7499603422475e-06
CPD-9941	46365	HMDB	HMDB0034217_5_shen	Harmol	inchikey	1	TRUE	TRUE	1.499984136899e-09	3.7499603422475e-06
CPD-9941	46366	HMDB	HMDB0034217_6_shen	Harmol	inchikey	1	TRUE	TRUE	1.499984136899e-09	3.7499603422475e-06
CPD-9941	46367	HMDB	HMDB0034217_7_shen	Harmol	inchikey	1	TRUE	TRUE	1.499984136899e-09	3.7499603422475e-06
CPD-9941	46368	HMDB	HMDB0034217_8_shen	Harmol	inchikey	1	TRUE	TRUE	1.499984136899e-09	3.7499603422475e-06
CPD-9941	46369	HMDB	HMDB0034217_9_shen	Harmol	inchikey	1	TRUE	TRUE	1.499984136899e-09	3.7499603422475e-06
CPD-9941	46370	HMDB	HMDB0034217_10_shen	Harmol	inchikey	1	TRUE	TRUE	1.499984136899e-09	3.7499603422475e-06
CPD-9941	46371	HMDB	HMDB0034217_11_shen	Harmol	inchikey	1	TRUE	TRUE	1.499984136899e-09	3.7499603422475e-06
CPD-9941	46372	HMDB	HMDB0034217_12_shen	Harmol	inchikey	1	TRUE	TRUE	1.499984136899e-09	3.7499603422475e-06
CPD-9941	46373	HMDB	HMDB0034217_13_shen	Harmol	inchikey	1	TRUE	TRUE	1.499984136899e-09	3.7499603422475e-06
CPD-9941	46374	HMDB	HMDB0034217_14_shen	Harmol	inchikey	1	TRUE	TRUE	1.499984136899e-09	3.7499603422475e-06
CPD-9941	46375	HMDB	HMDB0034217_15_shen	Harmol	inchikey	1	TRUE	TRUE	1.499984136899e-09	3.7499603422475e-06
CPD-9941	46376	HMDB	HMDB0034217_16_shen	Harmol	inchikey	1	TRUE	TRUE	1.499984136899e-09	3.7499603422475e-06
CPD-9941	46377	HMDB	HMDB0034217_17_shen	Harmol	inchikey	1	TRUE	TRUE	1.499984136899e-09	3.7499603422475e-06
CPD-9941	46378	HMDB	HMDB0034217_18_shen	Harmol	inchikey	1	TRUE	TRUE	1.499984136899e-09	3.7499603422475e-06
CPD-9941	46379	HMDB	HMDB0034217_19_shen	Harmol	inchikey	1	TRUE	TRUE	1.499984136899e-09	3.7499603422475e-06
CPD-9941	46380	HMDB	HMDB0034217_20_shen	Harmol	inchikey	1	TRUE	TRUE	1.499984136899e-09	3.7499603422475e-06
CPD-9941	46381	HMDB	HMDB0034217_21_shen	Harmol	inchikey	1	TRUE	TRUE	1.499984136899e-09	3.7499603422475e-06
CPD-9941	46382	HMDB	HMDB0034217_22_shen	Harmol	inchikey	1	TRUE	TRUE	1.499984136899e-09	3.7499603422475e-06
CPD-9941	46383	HMDB	HMDB0034217_23_shen	Harmol	inchikey	1	TRUE	TRUE	1.499984136899e-09	3.7499603422475e-06
CPD-9941	46384	HMDB	HMDB0034217_24_shen	Harmol	inchikey	1	TRUE	TRUE	1.499984136899e-09	3.7499603422475e-06
CPD-9941	46385	HMDB	HMDB0034217_25_shen	Harmol	inchikey	1	TRUE	TRUE	1.499984136899e-09	3.7499603422475e-06
CPD-9941	46386	HMDB	HMDB0034217_26_shen	Harmol	inchikey	1	TRUE	TRUE	1.499984136899e-09	3.7499603422475e-06
CPD-9941	46387	HMDB	HMDB0034217_27_shen	Harmol	inchikey	1	TRUE	TRUE	1.499984136899e-09	3.7499603422475e-06
CPD-9941	46388	HMDB	HMDB0034217_28_shen	Harmol	inchikey	1	TRUE	TRUE	1.499984136899e-09	3.7499603422475e-06
CPD-9941	46389	HMDB	HMDB0034217_29_shen	Harmol	inchikey	1	TRUE	TRUE	1.499984136899e-09	3.7499603422475e-06
CPD-9941	46390	HMDB	HMDB0034217_30_shen	Harmol	inchikey	1	TRUE	TRUE	1.499984136899e-09	3.7499603422475e-06
CPD-9941	46391	HMDB	HMDB0034217_31_shen	Harmol	inchikey	1	TRUE	TRUE	1.499984136899e-09	3.7499603422475e-06
CPD-9941	46392	HMDB	HMDB0034217_32_shen	Harmol	inchikey	1	TRUE	TRUE	1.499984136899e-09	3.7499603422475e-06
CPD-9562	46494	HMDB	HMDB0034271_1_shen	Hypericin	inchikey_connectivity_formula_mass	2	FALSE	TRUE	2.39998598772218e-09	4.76107855815643e-06
CPD-9562	46495	HMDB	HMDB0034271_2_shen	Hypericin	inchikey_connectivity_formula_mass	2	FALSE	TRUE	2.39998598772218e-09	4.76107855815643e-06
PHYTOALEXIN-CMPD	46496	HMDB	HMDB0034272_1_shen	Psoralen	inchikey	1	TRUE	TRUE	5.90000581723871e-09	1.47500145430968e-05
PHYTOALEXIN-CMPD	46497	HMDB	HMDB0034272_2_shen	Psoralen	inchikey	1	TRUE	TRUE	5.90000581723871e-09	1.47500145430968e-05
PHYTOALEXIN-CMPD	46498	HMDB	HMDB0034272_3_shen	Psoralen	inchikey	1	TRUE	TRUE	5.90000581723871e-09	1.47500145430968e-05
PHYTOALEXIN-CMPD	46499	HMDB	HMDB0034272_4_shen	Psoralen	inchikey	1	TRUE	TRUE	5.90000581723871e-09	1.47500145430968e-05
PHYTOALEXIN-CMPD	46500	HMDB	HMDB0034272_5_shen	Psoralen	inchikey	1	TRUE	TRUE	5.90000581723871e-09	1.47500145430968e-05
PHYTOALEXIN-CMPD	46501	HMDB	HMDB0034272_6_shen	Psoralen	inchikey	1	TRUE	TRUE	5.90000581723871e-09	1.47500145430968e-05
PHYTOALEXIN-CMPD	46502	HMDB	HMDB0034272_7_shen	Psoralen	inchikey	1	TRUE	TRUE	5.90000581723871e-09	1.47500145430968e-05
PHYTOALEXIN-CMPD	46503	HMDB	HMDB0034272_8_shen	Psoralen	inchikey	1	TRUE	TRUE	5.90000581723871e-09	1.47500145430968e-05
PHYTOALEXIN-CMPD	46504	HMDB	HMDB0034272_9_shen	Psoralen	inchikey	1	TRUE	TRUE	5.90000581723871e-09	1.47500145430968e-05
PIPERIDINE	46510	HMDB	HMDB0034301_1_shen	Piperidine	inchikey_connectivity_formula_mass	2	FALSE	TRUE	1.30000898934668e-09	3.2500224733667e-06
PIPERIDINE	46511	HMDB	HMDB0034301_2_shen	Piperidine	inchikey_connectivity_formula_mass	2	FALSE	TRUE	1.30000898934668e-09	3.2500224733667e-06
PIPERIDINE	46512	HMDB	HMDB0034301_3_shen	Piperidine	inchikey_connectivity_formula_mass	2	FALSE	TRUE	1.30000898934668e-09	3.2500224733667e-06
PIPERIDINE	46513	HMDB	HMDB0034301_4_shen	Piperidine	inchikey_connectivity_formula_mass	2	FALSE	TRUE	1.30000898934668e-09	3.2500224733667e-06
PIPERIDINE	46514	HMDB	HMDB0034301_5_shen	Piperidine	inchikey_connectivity_formula_mass	2	FALSE	TRUE	1.30000898934668e-09	3.2500224733667e-06
PIPERIDINE	46515	HMDB	HMDB0034301_6_shen	Piperidine	inchikey_connectivity_formula_mass	2	FALSE	TRUE	1.30000898934668e-09	3.2500224733667e-06
PIPERIDINE	46516	HMDB	HMDB0034301_7_shen	Piperidine	inchikey_connectivity_formula_mass	2	FALSE	TRUE	1.30000898934668e-09	3.2500224733667e-06
PIPERIDINE	46517	HMDB	HMDB0034301_8_shen	Piperidine	inchikey_connectivity_formula_mass	2	FALSE	TRUE	1.30000898934668e-09	3.2500224733667e-06
PIPERIDINE	46518	HMDB	HMDB0034301_9_shen	Piperidine	inchikey_connectivity_formula_mass	2	FALSE	TRUE	1.30000898934668e-09	3.2500224733667e-06
PIPERIDINE	46519	HMDB	HMDB0034301_10_shen	Piperidine	inchikey_connectivity_formula_mass	2	FALSE	TRUE	1.30000898934668e-09	3.2500224733667e-06
PIPERIDINE	46520	HMDB	HMDB0034301_11_shen	Piperidine	inchikey_connectivity_formula_mass	2	FALSE	TRUE	1.30000898934668e-09	3.2500224733667e-06
PIPERIDINE	46521	HMDB	HMDB0034301_12_shen	Piperidine	inchikey_connectivity_formula_mass	2	FALSE	TRUE	1.30000898934668e-09	3.2500224733667e-06
PIPERIDINE	46522	HMDB	HMDB0034301_13_shen	Piperidine	inchikey_connectivity_formula_mass	2	FALSE	TRUE	1.30000898934668e-09	3.2500224733667e-06
PIPERIDINE	46523	HMDB	HMDB0034301_14_shen	Piperidine	inchikey_connectivity_formula_mass	2	FALSE	TRUE	1.30000898934668e-09	3.2500224733667e-06
PIPERIDINE	46524	HMDB	HMDB0034301_15_shen	Piperidine	inchikey_connectivity_formula_mass	2	FALSE	TRUE	1.30000898934668e-09	3.2500224733667e-06
PIPERIDINE	46525	HMDB	HMDB0034301_16_shen	Piperidine	inchikey_connectivity_formula_mass	2	FALSE	TRUE	1.30000898934668e-09	3.2500224733667e-06
PIPERIDINE	46526	HMDB	HMDB0034301_17_shen	Piperidine	inchikey_connectivity_formula_mass	2	FALSE	TRUE	1.30000898934668e-09	3.2500224733667e-06
PIPERIDINE	46527	HMDB	HMDB0034301_18_shen	Piperidine	inchikey_connectivity_formula_mass	2	FALSE	TRUE	1.30000898934668e-09	3.2500224733667e-06
PIPERIDINE	46528	HMDB	HMDB0034301_19_shen	Piperidine	inchikey_connectivity_formula_mass	2	FALSE	TRUE	1.30000898934668e-09	3.2500224733667e-06
PIPERIDINE	46529	HMDB	HMDB0034301_20_shen	Piperidine	inchikey_connectivity_formula_mass	2	FALSE	TRUE	1.30000898934668e-09	3.2500224733667e-06
PIPERIDINE	46530	HMDB	HMDB0034301_21_shen	Piperidine	inchikey_connectivity_formula_mass	2	FALSE	TRUE	1.30000898934668e-09	3.2500224733667e-06
PIPERIDINE	46531	HMDB	HMDB0034301_22_shen	Piperidine	inchikey_connectivity_formula_mass	2	FALSE	TRUE	1.30000898934668e-09	3.2500224733667e-06
PIPERIDINE	46532	HMDB	HMDB0034301_23_shen	Piperidine	inchikey_connectivity_formula_mass	2	FALSE	TRUE	1.30000898934668e-09	3.2500224733667e-06
PIPERIDINE	46533	HMDB	HMDB0034301_24_shen	Piperidine	inchikey_connectivity_formula_mass	2	FALSE	TRUE	1.30000898934668e-09	3.2500224733667e-06
PIPERIDINE	46534	HMDB	HMDB0034301_25_shen	Piperidine	inchikey_connectivity_formula_mass	2	FALSE	TRUE	1.30000898934668e-09	3.2500224733667e-06
PIPERIDINE	46535	HMDB	HMDB0034301_26_shen	Piperidine	inchikey_connectivity_formula_mass	2	FALSE	TRUE	1.30000898934668e-09	3.2500224733667e-06
PIPERIDINE	46536	HMDB	HMDB0034301_27_shen	Piperidine	inchikey_connectivity_formula_mass	2	FALSE	TRUE	1.30000898934668e-09	3.2500224733667e-06
PIPERIDINE	46537	HMDB	HMDB0034301_28_shen	Piperidine	inchikey_connectivity_formula_mass	2	FALSE	TRUE	1.30000898934668e-09	3.2500224733667e-06
PIPERIDINE	46538	HMDB	HMDB0034301_29_shen	Piperidine	inchikey_connectivity_formula_mass	2	FALSE	TRUE	1.30000898934668e-09	3.2500224733667e-06
PIPERIDINE	46539	HMDB	HMDB0034301_30_shen	Piperidine	inchikey_connectivity_formula_mass	2	FALSE	TRUE	1.30000898934668e-09	3.2500224733667e-06
PIPERIDINE	46540	HMDB	HMDB0034301_31_shen	Piperidine	inchikey_connectivity_formula_mass	2	FALSE	TRUE	1.30000898934668e-09	3.2500224733667e-06
PIPERIDINE	46541	HMDB	HMDB0034301_32_shen	Piperidine	inchikey_connectivity_formula_mass	2	FALSE	TRUE	1.30000898934668e-09	3.2500224733667e-06
PIPERIDINE	46542	HMDB	HMDB0034301_33_shen	Piperidine	inchikey_connectivity_formula_mass	2	FALSE	TRUE	1.30000898934668e-09	3.2500224733667e-06
PIPERIDINE	46543	HMDB	HMDB0034301_34_shen	Piperidine	inchikey_connectivity_formula_mass	2	FALSE	TRUE	1.30000898934668e-09	3.2500224733667e-06
PIPERIDINE	46544	HMDB	HMDB0034301_35_shen	Piperidine	inchikey_connectivity_formula_mass	2	FALSE	TRUE	1.30000898934668e-09	3.2500224733667e-06
PIPERIDINE	46545	HMDB	HMDB0034301_36_shen	Piperidine	inchikey_connectivity_formula_mass	2	FALSE	TRUE	1.30000898934668e-09	3.2500224733667e-06
PIPERIDINE	46546	HMDB	HMDB0034301_37_shen	Piperidine	inchikey_connectivity_formula_mass	2	FALSE	TRUE	1.30000898934668e-09	3.2500224733667e-06
PIPERIDINE	46547	HMDB	HMDB0034301_38_shen	Piperidine	inchikey_connectivity_formula_mass	2	FALSE	TRUE	1.30000898934668e-09	3.2500224733667e-06
PIPERIDINE	46548	HMDB	HMDB0034301_39_shen	Piperidine	inchikey_connectivity_formula_mass	2	FALSE	TRUE	1.30000898934668e-09	3.2500224733667e-06
PIPERIDINE	46549	HMDB	HMDB0034301_40_shen	Piperidine	inchikey_connectivity_formula_mass	2	FALSE	TRUE	1.30000898934668e-09	3.2500224733667e-06
PIPERIDINE	46550	HMDB	HMDB0034301_41_shen	Piperidine	inchikey_connectivity_formula_mass	2	FALSE	TRUE	1.30000898934668e-09	3.2500224733667e-06
PIPERIDINE	46551	HMDB	HMDB0034301_42_shen	Piperidine	inchikey_connectivity_formula_mass	2	FALSE	TRUE	1.30000898934668e-09	3.2500224733667e-06
PIPERIDINE	46552	HMDB	HMDB0034301_43_shen	Piperidine	inchikey_connectivity_formula_mass	2	FALSE	TRUE	1.30000898934668e-09	3.2500224733667e-06
CPD-15049	46553	HMDB	HMDB0034312_1_shen	Isopimpinellin	inchikey	1	TRUE	TRUE	9.5000132205314e-09	2.37500330513285e-05
CPD-15049	46554	HMDB	HMDB0034312_2_shen	Isopimpinellin	inchikey	1	TRUE	TRUE	9.5000132205314e-09	2.37500330513285e-05
CPD-15049	46555	HMDB	HMDB0034312_3_shen	Isopimpinellin	inchikey	1	TRUE	TRUE	9.5000132205314e-09	2.37500330513285e-05
CPD-15049	46556	HMDB	HMDB0034312_4_shen	Isopimpinellin	inchikey	1	TRUE	TRUE	9.5000132205314e-09	2.37500330513285e-05
CPD-15049	46557	HMDB	HMDB0034312_5_shen	Isopimpinellin	inchikey	1	TRUE	TRUE	9.5000132205314e-09	2.37500330513285e-05
CPD-15049	46558	HMDB	HMDB0034312_6_shen	Isopimpinellin	inchikey	1	TRUE	TRUE	9.5000132205314e-09	2.37500330513285e-05
CPD-15049	46559	HMDB	HMDB0034312_7_shen	Isopimpinellin	inchikey	1	TRUE	TRUE	9.5000132205314e-09	2.37500330513285e-05
CPD-15049	46560	HMDB	HMDB0034312_8_shen	Isopimpinellin	inchikey	1	TRUE	TRUE	9.5000132205314e-09	2.37500330513285e-05
CPD-15049	46561	HMDB	HMDB0034312_9_shen	Isopimpinellin	inchikey	1	TRUE	TRUE	9.5000132205314e-09	2.37500330513285e-05
CPD-15049	46562	HMDB	HMDB0034312_10_shen	Isopimpinellin	inchikey	1	TRUE	TRUE	9.5000132205314e-09	2.37500330513285e-05
CPD-15049	46563	HMDB	HMDB0034312_11_shen	Isopimpinellin	inchikey	1	TRUE	TRUE	9.5000132205314e-09	2.37500330513285e-05
CPD-15049	46564	HMDB	HMDB0034312_12_shen	Isopimpinellin	inchikey	1	TRUE	TRUE	9.5000132205314e-09	2.37500330513285e-05
SCOPOLETIN	46597	HMDB	HMDB0034344_1_shen	Scopoletin	inchikey	1	TRUE	TRUE	7.20001480658539e-09	1.80000370164635e-05
SCOPOLETIN	46598	HMDB	HMDB0034344_2_shen	Scopoletin	inchikey	1	TRUE	TRUE	7.20001480658539e-09	1.80000370164635e-05
SCOPOLETIN	46599	HMDB	HMDB0034344_3_shen	Scopoletin	inchikey	1	TRUE	TRUE	7.20001480658539e-09	1.80000370164635e-05
SCOPOLETIN	46600	HMDB	HMDB0034344_4_shen	Scopoletin	inchikey	1	TRUE	TRUE	7.20001480658539e-09	1.80000370164635e-05
SCOPOLETIN	46601	HMDB	HMDB0034344_5_shen	Scopoletin	inchikey	1	TRUE	TRUE	7.20001480658539e-09	1.80000370164635e-05
SCOPOLETIN	46602	HMDB	HMDB0034344_6_shen	Scopoletin	inchikey	1	TRUE	TRUE	7.20001480658539e-09	1.80000370164635e-05
SCOPOLETIN	46603	HMDB	HMDB0034344_7_shen	Scopoletin	inchikey	1	TRUE	TRUE	7.20001480658539e-09	1.80000370164635e-05
SCOPOLETIN	46604	HMDB	HMDB0034344_8_shen	Scopoletin	inchikey	1	TRUE	TRUE	7.20001480658539e-09	1.80000370164635e-05
SCOPOLETIN	46605	HMDB	HMDB0034344_9_shen	Scopoletin	inchikey	1	TRUE	TRUE	7.20001480658539e-09	1.80000370164635e-05
SCOPOLETIN	46606	HMDB	HMDB0034344_10_shen	Scopoletin	inchikey	1	TRUE	TRUE	7.20001480658539e-09	1.80000370164635e-05
SCOPOLETIN	46607	HMDB	HMDB0034344_11_shen	Scopoletin	inchikey	1	TRUE	TRUE	7.20001480658539e-09	1.80000370164635e-05
SCOPOLETIN	46608	HMDB	HMDB0034344_12_shen	Scopoletin	inchikey	1	TRUE	TRUE	7.20001480658539e-09	1.80000370164635e-05
SCOPOLETIN	46609	HMDB	HMDB0034344_13_shen	Scopoletin	inchikey	1	TRUE	TRUE	7.20001480658539e-09	1.80000370164635e-05
SCOPOLETIN	46610	HMDB	HMDB0034344_14_shen	Scopoletin	inchikey	1	TRUE	TRUE	7.20001480658539e-09	1.80000370164635e-05
SCOPOLETIN	46611	HMDB	HMDB0034344_15_shen	Scopoletin	inchikey	1	TRUE	TRUE	7.20001480658539e-09	1.80000370164635e-05
SCOPOLETIN	46612	HMDB	HMDB0034344_16_shen	Scopoletin	inchikey	1	TRUE	TRUE	7.20001480658539e-09	1.80000370164635e-05
SCOPOLETIN	46613	HMDB	HMDB0034344_17_shen	Scopoletin	inchikey	1	TRUE	TRUE	7.20001480658539e-09	1.80000370164635e-05
SCOPOLETIN	46614	HMDB	HMDB0034344_18_shen	Scopoletin	inchikey	1	TRUE	TRUE	7.20001480658539e-09	1.80000370164635e-05
SCOPOLETIN	46615	HMDB	HMDB0034344_19_shen	Scopoletin	inchikey	1	TRUE	TRUE	7.20001480658539e-09	1.80000370164635e-05
SCOPOLETIN	46616	HMDB	HMDB0034344_20_shen	Scopoletin	inchikey	1	TRUE	TRUE	7.20001480658539e-09	1.80000370164635e-05
SCOPOLETIN	46617	HMDB	HMDB0034344_21_shen	Scopoletin	inchikey	1	TRUE	TRUE	7.20001480658539e-09	1.80000370164635e-05
SCOPOLETIN	46618	HMDB	HMDB0034344_22_shen	Scopoletin	inchikey	1	TRUE	TRUE	7.20001480658539e-09	1.80000370164635e-05
SCOPOLETIN	46619	HMDB	HMDB0034344_23_shen	Scopoletin	inchikey	1	TRUE	TRUE	7.20001480658539e-09	1.80000370164635e-05
SCOPOLETIN	46620	HMDB	HMDB0034344_24_shen	Scopoletin	inchikey	1	TRUE	TRUE	7.20001480658539e-09	1.80000370164635e-05
SCOPOLETIN	46621	HMDB	HMDB0034344_25_shen	Scopoletin	inchikey	1	TRUE	TRUE	7.20001480658539e-09	1.80000370164635e-05
SCOPOLETIN	46622	HMDB	HMDB0034344_26_shen	Scopoletin	inchikey	1	TRUE	TRUE	7.20001480658539e-09	1.80000370164635e-05
SCOPOLETIN	46623	HMDB	HMDB0034344_27_shen	Scopoletin	inchikey	1	TRUE	TRUE	7.20001480658539e-09	1.80000370164635e-05
SCOPOLETIN	46624	HMDB	HMDB0034344_28_shen	Scopoletin	inchikey	1	TRUE	TRUE	7.20001480658539e-09	1.80000370164635e-05
SCOPOLETIN	46625	HMDB	HMDB0034344_29_shen	Scopoletin	inchikey	1	TRUE	TRUE	7.20001480658539e-09	1.80000370164635e-05
SCOPOLETIN	46626	HMDB	HMDB0034344_30_shen	Scopoletin	inchikey	1	TRUE	TRUE	7.20001480658539e-09	1.80000370164635e-05
SCOPOLETIN	46627	HMDB	HMDB0034344_31_shen	Scopoletin	inchikey	1	TRUE	TRUE	7.20001480658539e-09	1.80000370164635e-05
SCOPOLETIN	46628	HMDB	HMDB0034344_32_shen	Scopoletin	inchikey	1	TRUE	TRUE	7.20001480658539e-09	1.80000370164635e-05
SCOPOLETIN	46629	HMDB	HMDB0034344_33_shen	Scopoletin	inchikey	1	TRUE	TRUE	7.20001480658539e-09	1.80000370164635e-05
SCOPOLETIN	46630	HMDB	HMDB0034344_34_shen	Scopoletin	inchikey	1	TRUE	TRUE	7.20001480658539e-09	1.80000370164635e-05
SCOPOLETIN	46631	HMDB	HMDB0034344_35_shen	Scopoletin	inchikey	1	TRUE	TRUE	7.20001480658539e-09	1.80000370164635e-05
SCOPOLETIN	46632	HMDB	HMDB0034344_36_shen	Scopoletin	inchikey	1	TRUE	TRUE	7.20001480658539e-09	1.80000370164635e-05
SCOPOLETIN	46633	HMDB	HMDB0034344_37_shen	Scopoletin	inchikey	1	TRUE	TRUE	7.20001480658539e-09	1.80000370164635e-05
SCOPOLETIN	46634	HMDB	HMDB0034344_38_shen	Scopoletin	inchikey	1	TRUE	TRUE	7.20001480658539e-09	1.80000370164635e-05
SCOPOLETIN	46635	HMDB	HMDB0034344_39_shen	Scopoletin	inchikey	1	TRUE	TRUE	7.20001480658539e-09	1.80000370164635e-05
SCOPOLETIN	46636	HMDB	HMDB0034344_40_shen	Scopoletin	inchikey	1	TRUE	TRUE	7.20001480658539e-09	1.80000370164635e-05
SCOPOLETIN	46637	HMDB	HMDB0034344_41_shen	Scopoletin	inchikey	1	TRUE	TRUE	7.20001480658539e-09	1.80000370164635e-05
SCOPOLETIN	46638	HMDB	HMDB0034344_42_shen	Scopoletin	inchikey	1	TRUE	TRUE	7.20001480658539e-09	1.80000370164635e-05
SCOPOLETIN	46639	HMDB	HMDB0034344_43_shen	Scopoletin	inchikey	1	TRUE	TRUE	7.20001480658539e-09	1.80000370164635e-05
SCOPOLETIN	46640	HMDB	HMDB0034344_44_shen	Scopoletin	inchikey	1	TRUE	TRUE	7.20001480658539e-09	1.80000370164635e-05
SCOPOLETIN	46641	HMDB	HMDB0034344_45_shen	Scopoletin	inchikey	1	TRUE	TRUE	7.20001480658539e-09	1.80000370164635e-05
SCOPOLETIN	46642	HMDB	HMDB0034344_46_shen	Scopoletin	inchikey	1	TRUE	TRUE	7.20001480658539e-09	1.80000370164635e-05
SCOPOLETIN	46643	HMDB	HMDB0034344_47_shen	Scopoletin	inchikey	1	TRUE	TRUE	7.20001480658539e-09	1.80000370164635e-05
SCOPOLETIN	46644	HMDB	HMDB0034344_48_shen	Scopoletin	inchikey	1	TRUE	TRUE	7.20001480658539e-09	1.80000370164635e-05
SCOPOLETIN	46645	HMDB	HMDB0034344_49_shen	Scopoletin	inchikey	1	TRUE	TRUE	7.20001480658539e-09	1.80000370164635e-05
SCOPOLETIN	46646	HMDB	HMDB0034344_50_shen	Scopoletin	inchikey	1	TRUE	TRUE	7.20001480658539e-09	1.80000370164635e-05
SCOPOLETIN	46647	HMDB	HMDB0034344_51_shen	Scopoletin	inchikey	1	TRUE	TRUE	7.20001480658539e-09	1.80000370164635e-05
SCOPOLETIN	46648	HMDB	HMDB0034344_52_shen	Scopoletin	inchikey	1	TRUE	TRUE	7.20001480658539e-09	1.80000370164635e-05
SCOPOLETIN	46649	HMDB	HMDB0034344_53_shen	Scopoletin	inchikey	1	TRUE	TRUE	7.20001480658539e-09	1.80000370164635e-05
SCOPOLETIN	46650	HMDB	HMDB0034344_54_shen	Scopoletin	inchikey	1	TRUE	TRUE	7.20001480658539e-09	1.80000370164635e-05
SCOPOLETIN	46651	HMDB	HMDB0034344_55_shen	Scopoletin	inchikey	1	TRUE	TRUE	7.20001480658539e-09	1.80000370164635e-05
SCOPOLETIN	46652	HMDB	HMDB0034344_56_shen	Scopoletin	inchikey	1	TRUE	TRUE	7.20001480658539e-09	1.80000370164635e-05
SCOPOLETIN	46653	HMDB	HMDB0034344_57_shen	Scopoletin	inchikey	1	TRUE	TRUE	7.20001480658539e-09	1.80000370164635e-05
SCOPOLETIN	46654	HMDB	HMDB0034344_58_shen	Scopoletin	inchikey	1	TRUE	TRUE	7.20001480658539e-09	1.80000370164635e-05
SCOPOLETIN	46655	HMDB	HMDB0034344_59_shen	Scopoletin	inchikey	1	TRUE	TRUE	7.20001480658539e-09	1.80000370164635e-05
SCOPOLETIN	46656	HMDB	HMDB0034344_60_shen	Scopoletin	inchikey	1	TRUE	TRUE	7.20001480658539e-09	1.80000370164635e-05
SCOPOLETIN	46657	HMDB	HMDB0034344_61_shen	Scopoletin	inchikey	1	TRUE	TRUE	7.20001480658539e-09	1.80000370164635e-05
SCOPOLETIN	46658	HMDB	HMDB0034344_62_shen	Scopoletin	inchikey	1	TRUE	TRUE	7.20001480658539e-09	1.80000370164635e-05
SCOPOLETIN	46659	HMDB	HMDB0034344_63_shen	Scopoletin	inchikey	1	TRUE	TRUE	7.20001480658539e-09	1.80000370164635e-05
SCOPOLETIN	46660	HMDB	HMDB0034344_64_shen	Scopoletin	inchikey	1	TRUE	TRUE	7.20001480658539e-09	1.80000370164635e-05
SCOPOLETIN	46661	HMDB	HMDB0034344_65_shen	Scopoletin	inchikey	1	TRUE	TRUE	7.20001480658539e-09	1.80000370164635e-05
SCOPOLETIN	46662	HMDB	HMDB0034344_66_shen	Scopoletin	inchikey	1	TRUE	TRUE	7.20001480658539e-09	1.80000370164635e-05
SCOPOLETIN	46663	HMDB	HMDB0034344_67_shen	Scopoletin	inchikey	1	TRUE	TRUE	7.20001480658539e-09	1.80000370164635e-05
SCOPOLETIN	46664	HMDB	HMDB0034344_68_shen	Scopoletin	inchikey	1	TRUE	TRUE	7.20001480658539e-09	1.80000370164635e-05
SCOPOLETIN	46665	HMDB	HMDB0034344_69_shen	Scopoletin	inchikey	1	TRUE	TRUE	7.20001480658539e-09	1.80000370164635e-05
SCOPOLETIN	46666	HMDB	HMDB0034344_70_shen	Scopoletin	inchikey	1	TRUE	TRUE	7.20001480658539e-09	1.80000370164635e-05
SCOPOLETIN	46667	HMDB	HMDB0034344_71_shen	Scopoletin	inchikey	1	TRUE	TRUE	7.20001480658539e-09	1.80000370164635e-05
SCOPOLETIN	46668	HMDB	HMDB0034344_72_shen	Scopoletin	inchikey	1	TRUE	TRUE	7.20001480658539e-09	1.80000370164635e-05
SCOPOLETIN	46669	HMDB	HMDB0034344_73_shen	Scopoletin	inchikey	1	TRUE	TRUE	7.20001480658539e-09	1.80000370164635e-05
SCOPOLETIN	46670	HMDB	HMDB0034344_74_shen	Scopoletin	inchikey	1	TRUE	TRUE	7.20001480658539e-09	1.80000370164635e-05
SCOPOLETIN	46671	HMDB	HMDB0034344_75_shen	Scopoletin	inchikey	1	TRUE	TRUE	7.20001480658539e-09	1.80000370164635e-05
SCOPOLETIN	46672	HMDB	HMDB0034344_76_shen	Scopoletin	inchikey	1	TRUE	TRUE	7.20001480658539e-09	1.80000370164635e-05
SCOPOLETIN	46673	HMDB	HMDB0034344_77_shen	Scopoletin	inchikey	1	TRUE	TRUE	7.20001480658539e-09	1.80000370164635e-05
SCOPOLETIN	46674	HMDB	HMDB0034344_78_shen	Scopoletin	inchikey	1	TRUE	TRUE	7.20001480658539e-09	1.80000370164635e-05
SCOPOLETIN	46675	HMDB	HMDB0034344_79_shen	Scopoletin	inchikey	1	TRUE	TRUE	7.20001480658539e-09	1.80000370164635e-05
SCOPOLETIN	46676	HMDB	HMDB0034344_80_shen	Scopoletin	inchikey	1	TRUE	TRUE	7.20001480658539e-09	1.80000370164635e-05
SCOPOLETIN	46677	HMDB	HMDB0034344_81_shen	Scopoletin	inchikey	1	TRUE	TRUE	7.20001480658539e-09	1.80000370164635e-05
SCOPOLETIN	46678	HMDB	HMDB0034344_82_shen	Scopoletin	inchikey	1	TRUE	TRUE	7.20001480658539e-09	1.80000370164635e-05
SCOPOLETIN	46679	HMDB	HMDB0034344_83_shen	Scopoletin	inchikey	1	TRUE	TRUE	7.20001480658539e-09	1.80000370164635e-05
SCOPOLETIN	46680	HMDB	HMDB0034344_84_shen	Scopoletin	inchikey	1	TRUE	TRUE	7.20001480658539e-09	1.80000370164635e-05
SCOPOLETIN	46681	HMDB	HMDB0034344_85_shen	Scopoletin	inchikey	1	TRUE	TRUE	7.20001480658539e-09	1.80000370164635e-05
SCOPOLETIN	46682	HMDB	HMDB0034344_86_shen	Scopoletin	inchikey	1	TRUE	TRUE	7.20001480658539e-09	1.80000370164635e-05
SCOPOLETIN	46683	HMDB	HMDB0034344_87_shen	Scopoletin	inchikey	1	TRUE	TRUE	7.20001480658539e-09	1.80000370164635e-05
SCOPOLETIN	46684	HMDB	HMDB0034344_88_shen	Scopoletin	inchikey	1	TRUE	TRUE	7.20001480658539e-09	1.80000370164635e-05
SCOPOLETIN	46685	HMDB	HMDB0034344_89_shen	Scopoletin	inchikey	1	TRUE	TRUE	7.20001480658539e-09	1.80000370164635e-05
CPD-9384	46705	HMDB	HMDB0034365_1_shen	L-Theanine	inchikey	1	TRUE	TRUE	2.09999484468426e-09	5.24998711171065e-06
CPD-9384	46706	HMDB	HMDB0034365_2_shen	L-Theanine	inchikey	1	TRUE	TRUE	2.09999484468426e-09	5.24998711171065e-06
CPD-9384	46707	HMDB	HMDB0034365_3_shen	L-Theanine	inchikey	1	TRUE	TRUE	2.09999484468426e-09	5.24998711171065e-06
CPD-9384	46708	HMDB	HMDB0034365_4_shen	L-Theanine	inchikey	1	TRUE	TRUE	2.09999484468426e-09	5.24998711171065e-06
CPD-9384	46709	HMDB	HMDB0034365_5_shen	L-Theanine	inchikey	1	TRUE	TRUE	2.09999484468426e-09	5.24998711171065e-06
CPD-9384	46710	HMDB	HMDB0034365_6_shen	L-Theanine	inchikey	1	TRUE	TRUE	2.09999484468426e-09	5.24998711171065e-06
CPD-9384	46711	HMDB	HMDB0034365_7_shen	L-Theanine	inchikey	1	TRUE	TRUE	2.09999484468426e-09	5.24998711171065e-06
CPD-9384	46712	HMDB	HMDB0034365_8_shen	L-Theanine	inchikey	1	TRUE	TRUE	2.09999484468426e-09	5.24998711171065e-06
CPD-9384	46713	HMDB	HMDB0034365_9_shen	L-Theanine	inchikey	1	TRUE	TRUE	2.09999484468426e-09	5.24998711171065e-06
CPD-9384	46714	HMDB	HMDB0034365_10_shen	L-Theanine	inchikey	1	TRUE	TRUE	2.09999484468426e-09	5.24998711171065e-06
CPD-9384	46715	HMDB	HMDB0034365_11_shen	L-Theanine	inchikey	1	TRUE	TRUE	2.09999484468426e-09	5.24998711171065e-06
CPD-5741	46777	HMDB	HMDB0034436_1_shen	Rotenone	inchikey	1	TRUE	TRUE	2.79999312624568e-09	6.9999828156142e-06
CPD-5741	46778	HMDB	HMDB0034436_2_shen	Rotenone	inchikey	1	TRUE	TRUE	2.79999312624568e-09	6.9999828156142e-06
CPD-5741	46779	HMDB	HMDB0034436_3_shen	Rotenone	inchikey	1	TRUE	TRUE	2.79999312624568e-09	6.9999828156142e-06
CPD-5741	46780	HMDB	HMDB0034436_4_shen	Rotenone	inchikey	1	TRUE	TRUE	2.79999312624568e-09	6.9999828156142e-06
CPD-5741	46781	HMDB	HMDB0034436_5_shen	Rotenone	inchikey	1	TRUE	TRUE	2.79999312624568e-09	6.9999828156142e-06
CPD-5741	46782	HMDB	HMDB0034436_6_shen	Rotenone	inchikey	1	TRUE	TRUE	2.79999312624568e-09	6.9999828156142e-06
CPD-5741	46783	HMDB	HMDB0034436_7_shen	Rotenone	inchikey	1	TRUE	TRUE	2.79999312624568e-09	6.9999828156142e-06
CPD-5741	46784	HMDB	HMDB0034436_8_shen	Rotenone	inchikey	1	TRUE	TRUE	2.79999312624568e-09	6.9999828156142e-06
CPD-5741	46785	HMDB	HMDB0034436_9_shen	Rotenone	inchikey	1	TRUE	TRUE	2.79999312624568e-09	6.9999828156142e-06
CPD-5741	46786	HMDB	HMDB0034436_10_shen	Rotenone	inchikey	1	TRUE	TRUE	2.79999312624568e-09	6.9999828156142e-06
CPD-5741	46787	HMDB	HMDB0034436_11_shen	Rotenone	inchikey	1	TRUE	TRUE	2.79999312624568e-09	6.9999828156142e-06
CPD-5741	46788	HMDB	HMDB0034436_12_shen	Rotenone	inchikey	1	TRUE	TRUE	2.79999312624568e-09	6.9999828156142e-06
CPD-5741	46789	HMDB	HMDB0034436_13_shen	Rotenone	inchikey	1	TRUE	TRUE	2.79999312624568e-09	6.9999828156142e-06
CPD-5741	46790	HMDB	HMDB0034436_14_shen	Rotenone	inchikey	1	TRUE	TRUE	2.79999312624568e-09	6.9999828156142e-06
CPD-5741	46791	HMDB	HMDB0034436_15_shen	Rotenone	inchikey	1	TRUE	TRUE	2.79999312624568e-09	6.9999828156142e-06
CPD-5741	46792	HMDB	HMDB0034436_16_shen	Rotenone	inchikey	1	TRUE	TRUE	2.79999312624568e-09	6.9999828156142e-06
CPD-5741	46793	HMDB	HMDB0034436_17_shen	Rotenone	inchikey	1	TRUE	TRUE	2.79999312624568e-09	6.9999828156142e-06
CPD-5741	46794	HMDB	HMDB0034436_18_shen	Rotenone	inchikey	1	TRUE	TRUE	2.79999312624568e-09	6.9999828156142e-06
CPD-5741	46795	HMDB	HMDB0034436_19_shen	Rotenone	inchikey	1	TRUE	TRUE	2.79999312624568e-09	6.9999828156142e-06
CPD-5741	46796	HMDB	HMDB0034436_20_shen	Rotenone	inchikey	1	TRUE	TRUE	2.79999312624568e-09	6.9999828156142e-06
CPD-5741	46797	HMDB	HMDB0034436_21_shen	Rotenone	inchikey	1	TRUE	TRUE	2.79999312624568e-09	6.9999828156142e-06
CPD-5741	46798	HMDB	HMDB0034436_22_shen	Rotenone	inchikey	1	TRUE	TRUE	2.79999312624568e-09	6.9999828156142e-06
CPD-5741	46799	HMDB	HMDB0034436_23_shen	Rotenone	inchikey	1	TRUE	TRUE	2.79999312624568e-09	6.9999828156142e-06
CPD-5741	46800	HMDB	HMDB0034436_24_shen	Rotenone	inchikey	1	TRUE	TRUE	2.79999312624568e-09	6.9999828156142e-06
CPD-5741	46801	HMDB	HMDB0034436_25_shen	Rotenone	inchikey	1	TRUE	TRUE	2.79999312624568e-09	6.9999828156142e-06
CPD-5741	46802	HMDB	HMDB0034436_26_shen	Rotenone	inchikey	1	TRUE	TRUE	2.79999312624568e-09	6.9999828156142e-06
CPD-5741	46803	HMDB	HMDB0034436_27_shen	Rotenone	inchikey	1	TRUE	TRUE	2.79999312624568e-09	6.9999828156142e-06
CPD-5741	46804	HMDB	HMDB0034436_28_shen	Rotenone	inchikey	1	TRUE	TRUE	2.79999312624568e-09	6.9999828156142e-06
CPD-5741	46805	HMDB	HMDB0034436_29_shen	Rotenone	inchikey	1	TRUE	TRUE	2.79999312624568e-09	6.9999828156142e-06
CPD-5741	46806	HMDB	HMDB0034436_30_shen	Rotenone	inchikey	1	TRUE	TRUE	2.79999312624568e-09	6.9999828156142e-06
CPD-13251	46814	HMDB	HMDB0034505_1_shen	Soyasapogenol A	name_formula_mass	4	TRUE	TRUE	5.40001110493904e-09	1.13835207641122e-05
CPD-13251	46815	HMDB	HMDB0034505_2_shen	Soyasapogenol A	name_formula_mass	4	TRUE	TRUE	5.40001110493904e-09	1.13835207641122e-05
CPD-15576	46824	HMDB	HMDB0034534_1_shen	Ginsenoside Ro	name_formula_mass	4	FALSE	TRUE	9.49989953369368e-09	9.93195880865368e-06
CPD-15576	46825	HMDB	HMDB0034534_2_shen	Ginsenoside Ro	name_formula_mass	4	FALSE	TRUE	9.49989953369368e-09	9.93195880865368e-06
CPD-15576	46826	HMDB	HMDB0034534_3_shen	Ginsenoside Ro	name_formula_mass	4	FALSE	TRUE	9.49989953369368e-09	9.93195880865368e-06
CPD-15576	46827	HMDB	HMDB0034534_4_shen	Ginsenoside Ro	name_formula_mass	4	FALSE	TRUE	9.49989953369368e-09	9.93195880865368e-06
CPD-15576	46828	HMDB	HMDB0034534_5_shen	Ginsenoside Ro	name_formula_mass	4	FALSE	TRUE	9.49989953369368e-09	9.93195880865368e-06
CPD-15576	46829	HMDB	HMDB0034534_6_shen	Ginsenoside Ro	name_formula_mass	4	FALSE	TRUE	9.49989953369368e-09	9.93195880865368e-06
CPD-15576	46830	HMDB	HMDB0034534_7_shen	Ginsenoside Ro	name_formula_mass	4	FALSE	TRUE	9.49989953369368e-09	9.93195880865368e-06
CPD-15576	46831	HMDB	HMDB0034534_8_shen	Ginsenoside Ro	name_formula_mass	4	FALSE	TRUE	9.49989953369368e-09	9.93195880865368e-06
CPD-15576	46832	HMDB	HMDB0034534_9_shen	Ginsenoside Ro	name_formula_mass	4	FALSE	TRUE	9.49989953369368e-09	9.93195880865368e-06
CPD-15576	46833	HMDB	HMDB0034534_10_shen	Ginsenoside Ro	name_formula_mass	4	FALSE	TRUE	9.49989953369368e-09	9.93195880865368e-06
CPD-15576	46834	HMDB	HMDB0034534_11_shen	Ginsenoside Ro	name_formula_mass	4	FALSE	TRUE	9.49989953369368e-09	9.93195880865368e-06
CPD-15576	46835	HMDB	HMDB0034534_12_shen	Ginsenoside Ro	name_formula_mass	4	FALSE	TRUE	9.49989953369368e-09	9.93195880865368e-06
CPD-13255	46857	HMDB	HMDB0034649_1_shen	Soyasaponin I	inchikey_connectivity_formula_mass	2	FALSE	TRUE	2.96000735033886e-08	3.14052865685812e-05
CPD-13255	46858	HMDB	HMDB0034649_2_shen	Soyasaponin I	inchikey_connectivity_formula_mass	2	FALSE	TRUE	2.96000735033886e-08	3.14052865685812e-05
CPD-13255	46859	HMDB	HMDB0034649_3_shen	Soyasaponin I	inchikey_connectivity_formula_mass	2	FALSE	TRUE	2.96000735033886e-08	3.14052865685812e-05
CPD-13255	46860	HMDB	HMDB0034649_4_shen	Soyasaponin I	inchikey_connectivity_formula_mass	2	FALSE	TRUE	2.96000735033886e-08	3.14052865685812e-05
CPD-13255	46861	HMDB	HMDB0034649_5_shen	Soyasaponin I	inchikey_connectivity_formula_mass	2	FALSE	TRUE	2.96000735033886e-08	3.14052865685812e-05
CPD-13255	46862	HMDB	HMDB0034649_6_shen	Soyasaponin I	inchikey_connectivity_formula_mass	2	FALSE	TRUE	2.96000735033886e-08	3.14052865685812e-05
CPD-13255	46863	HMDB	HMDB0034649_7_shen	Soyasaponin I	inchikey_connectivity_formula_mass	2	FALSE	TRUE	2.96000735033886e-08	3.14052865685812e-05
CPD-13255	46864	HMDB	HMDB0034649_8_shen	Soyasaponin I	inchikey_connectivity_formula_mass	2	FALSE	TRUE	2.96000735033886e-08	3.14052865685812e-05
CPD-13255	46865	HMDB	HMDB0034649_9_shen	Soyasaponin I	inchikey_connectivity_formula_mass	2	FALSE	TRUE	2.96000735033886e-08	3.14052865685812e-05
CPD-13255	46866	HMDB	HMDB0034649_10_shen	Soyasaponin I	inchikey_connectivity_formula_mass	2	FALSE	TRUE	2.96000735033886e-08	3.14052865685812e-05
CPD-13255	46867	HMDB	HMDB0034649_11_shen	Soyasaponin I	inchikey_connectivity_formula_mass	2	FALSE	TRUE	2.96000735033886e-08	3.14052865685812e-05
CPD-13255	46868	HMDB	HMDB0034649_12_shen	Soyasaponin I	inchikey_connectivity_formula_mass	2	FALSE	TRUE	2.96000735033886e-08	3.14052865685812e-05
CPD-13255	46869	HMDB	HMDB0034649_13_shen	Soyasaponin I	inchikey_connectivity_formula_mass	2	FALSE	TRUE	2.96000735033886e-08	3.14052865685812e-05
CPD-13255	46870	HMDB	HMDB0034649_14_shen	Soyasaponin I	inchikey_connectivity_formula_mass	2	FALSE	TRUE	2.96000735033886e-08	3.14052865685812e-05
CPD-13255	46871	HMDB	HMDB0034649_15_shen	Soyasaponin I	inchikey_connectivity_formula_mass	2	FALSE	TRUE	2.96000735033886e-08	3.14052865685812e-05
CPD-13255	46872	HMDB	HMDB0034649_16_shen	Soyasaponin I	inchikey_connectivity_formula_mass	2	FALSE	TRUE	2.96000735033886e-08	3.14052865685812e-05
CPD-13255	46873	HMDB	HMDB0034649_17_shen	Soyasaponin I	inchikey_connectivity_formula_mass	2	FALSE	TRUE	2.96000735033886e-08	3.14052865685812e-05
CPD-13255	46874	HMDB	HMDB0034649_18_shen	Soyasaponin I	inchikey_connectivity_formula_mass	2	FALSE	TRUE	2.96000735033886e-08	3.14052865685812e-05
CPD-13255	46875	HMDB	HMDB0034649_19_shen	Soyasaponin I	inchikey_connectivity_formula_mass	2	FALSE	TRUE	2.96000735033886e-08	3.14052865685812e-05
CPD-13254	46876	HMDB	HMDB0034651_1_shen	Soyasaponin III	name_formula_mass	4	FALSE	TRUE	8.20000423118472e-09	1.02955514328773e-05
CPD-13254	46877	HMDB	HMDB0034651_2_shen	Soyasaponin III	name_formula_mass	4	FALSE	TRUE	8.20000423118472e-09	1.02955514328773e-05
CPD-6366	47022	HMDB	HMDB0034864_shen	2,4-Dihydroxy-7-methoxy-2H-1,4-benzoxazin-3(4H)-one	name_formula_mass	4	FALSE	TRUE	1.60000013238459e-09	4.00000033096148e-06
CPD-14506	47025	HMDB	HMDB0034950_1_shen	Rebaudioside A	inchikey	1	TRUE	TRUE	4.12999270338332e-08	4.27344901703429e-05
CPD-14506	47026	HMDB	HMDB0034950_2_shen	Rebaudioside A	inchikey	1	TRUE	TRUE	4.12999270338332e-08	4.27344901703429e-05
CPD-14506	47027	HMDB	HMDB0034950_3_shen	Rebaudioside A	inchikey	1	TRUE	TRUE	4.12999270338332e-08	4.27344901703429e-05
CPD-14506	47028	HMDB	HMDB0034950_4_shen	Rebaudioside A	inchikey	1	TRUE	TRUE	4.12999270338332e-08	4.27344901703429e-05
CPD-1125	47094	HMDB	HMDB0035030_1_shen	Amygdalin	name_formula_mass	4	TRUE	TRUE	4.00007138523506e-09	8.74985845492575e-06
CPD-1125	47095	HMDB	HMDB0035030_2_shen	Amygdalin	name_formula_mass	4	TRUE	TRUE	4.00007138523506e-09	8.74985845492575e-06
CPD-1125	47096	HMDB	HMDB0035030_3_shen	Amygdalin	name_formula_mass	4	TRUE	TRUE	4.00007138523506e-09	8.74985845492575e-06
CPD-1125	47097	HMDB	HMDB0035030_4_shen	Amygdalin	name_formula_mass	4	TRUE	TRUE	4.00007138523506e-09	8.74985845492575e-06
CPD-1125	47098	HMDB	HMDB0035030_5_shen	Amygdalin	name_formula_mass	4	TRUE	TRUE	4.00007138523506e-09	8.74985845492575e-06
CPD-1125	47099	HMDB	HMDB0035030_6_shen	Amygdalin	name_formula_mass	4	TRUE	TRUE	4.00007138523506e-09	8.74985845492575e-06
CPD-1125	47100	HMDB	HMDB0035030_7_shen	Amygdalin	name_formula_mass	4	TRUE	TRUE	4.00007138523506e-09	8.74985845492575e-06
CPD-1125	47101	HMDB	HMDB0035030_8_shen	Amygdalin	name_formula_mass	4	TRUE	TRUE	4.00007138523506e-09	8.74985845492575e-06
CPD-1125	47102	HMDB	HMDB0035030_9_shen	Amygdalin	name_formula_mass	4	TRUE	TRUE	4.00007138523506e-09	8.74985845492575e-06
CPD-1125	47103	HMDB	HMDB0035030_10_shen	Amygdalin	name_formula_mass	4	TRUE	TRUE	4.00007138523506e-09	8.74985845492575e-06
CPD-1125	47104	HMDB	HMDB0035030_11_shen	Amygdalin	name_formula_mass	4	TRUE	TRUE	4.00007138523506e-09	8.74985845492575e-06
CPD-1125	47105	HMDB	HMDB0035030_12_shen	Amygdalin	name_formula_mass	4	TRUE	TRUE	4.00007138523506e-09	8.74985845492575e-06
CPD-1125	47106	HMDB	HMDB0035030_13_shen	Amygdalin	name_formula_mass	4	TRUE	TRUE	4.00007138523506e-09	8.74985845492575e-06
CPD-1125	47107	HMDB	HMDB0035030_14_shen	Amygdalin	name_formula_mass	4	TRUE	TRUE	4.00007138523506e-09	8.74985845492575e-06
CPD-1089	47108	HMDB	HMDB0035089_1_shen	(R)-Carvone	inchikey	1	TRUE	TRUE	1.499984136899e-09	3.7499603422475e-06
CPD-1089	47109	HMDB	HMDB0035089_2_shen	(R)-Carvone	inchikey	1	TRUE	TRUE	1.499984136899e-09	3.7499603422475e-06
CPD-1089	47110	HMDB	HMDB0035089_3_shen	(R)-Carvone	inchikey	1	TRUE	TRUE	1.499984136899e-09	3.7499603422475e-06
CPD-1089	47111	HMDB	HMDB0035089_4_shen	(R)-Carvone	inchikey	1	TRUE	TRUE	1.499984136899e-09	3.7499603422475e-06
CPD-1089	47112	HMDB	HMDB0035089_5_shen	(R)-Carvone	inchikey	1	TRUE	TRUE	1.499984136899e-09	3.7499603422475e-06
CPD-1089	47113	HMDB	HMDB0035089_6_shen	(R)-Carvone	inchikey	1	TRUE	TRUE	1.499984136899e-09	3.7499603422475e-06
CPD-1089	47114	HMDB	HMDB0035089_7_shen	(R)-Carvone	inchikey	1	TRUE	TRUE	1.499984136899e-09	3.7499603422475e-06
CPD-1089	47115	HMDB	HMDB0035089_8_shen	(R)-Carvone	inchikey	1	TRUE	TRUE	1.499984136899e-09	3.7499603422475e-06
CPD-1089	47116	HMDB	HMDB0035089_9_shen	(R)-Carvone	inchikey	1	TRUE	TRUE	1.499984136899e-09	3.7499603422475e-06
CPD-1089	47117	HMDB	HMDB0035089_10_shen	(R)-Carvone	inchikey	1	TRUE	TRUE	1.499984136899e-09	3.7499603422475e-06
CPD-1089	47118	HMDB	HMDB0035089_11_shen	(R)-Carvone	inchikey	1	TRUE	TRUE	1.499984136899e-09	3.7499603422475e-06
CPD-1089	47119	HMDB	HMDB0035089_12_shen	(R)-Carvone	inchikey	1	TRUE	TRUE	1.499984136899e-09	3.7499603422475e-06
CPD-1089	47120	HMDB	HMDB0035089_13_shen	(R)-Carvone	inchikey	1	TRUE	TRUE	1.499984136899e-09	3.7499603422475e-06
CPD-1089	47121	HMDB	HMDB0035089_14_shen	(R)-Carvone	inchikey	1	TRUE	TRUE	1.499984136899e-09	3.7499603422475e-06
CPD-1089	47122	HMDB	HMDB0035089_15_shen	(R)-Carvone	inchikey	1	TRUE	TRUE	1.499984136899e-09	3.7499603422475e-06
CPD-1089	47123	HMDB	HMDB0035089_16_shen	(R)-Carvone	inchikey	1	TRUE	TRUE	1.499984136899e-09	3.7499603422475e-06
CPD-1089	47124	HMDB	HMDB0035089_17_shen	(R)-Carvone	inchikey	1	TRUE	TRUE	1.499984136899e-09	3.7499603422475e-06
CPD-1089	47125	HMDB	HMDB0035089_18_shen	(R)-Carvone	inchikey	1	TRUE	TRUE	1.499984136899e-09	3.7499603422475e-06
CPD-1089	47126	HMDB	HMDB0035089_19_shen	(R)-Carvone	inchikey	1	TRUE	TRUE	1.499984136899e-09	3.7499603422475e-06
CPD-1089	47127	HMDB	HMDB0035089_20_shen	(R)-Carvone	inchikey	1	TRUE	TRUE	1.499984136899e-09	3.7499603422475e-06
CPD-1089	47128	HMDB	HMDB0035089_21_shen	(R)-Carvone	inchikey	1	TRUE	TRUE	1.499984136899e-09	3.7499603422475e-06
CPD-1089	47129	HMDB	HMDB0035089_22_shen	(R)-Carvone	inchikey	1	TRUE	TRUE	1.499984136899e-09	3.7499603422475e-06
CPD-1089	47130	HMDB	HMDB0035089_23_shen	(R)-Carvone	inchikey	1	TRUE	TRUE	1.499984136899e-09	3.7499603422475e-06
CPD-1089	47131	HMDB	HMDB0035089_24_shen	(R)-Carvone	inchikey	1	TRUE	TRUE	1.499984136899e-09	3.7499603422475e-06
CPD-1089	47132	HMDB	HMDB0035089_25_shen	(R)-Carvone	inchikey	1	TRUE	TRUE	1.499984136899e-09	3.7499603422475e-06
CPD-1089	47133	HMDB	HMDB0035089_26_shen	(R)-Carvone	inchikey	1	TRUE	TRUE	1.499984136899e-09	3.7499603422475e-06
CPD-1089	47134	HMDB	HMDB0035089_27_shen	(R)-Carvone	inchikey	1	TRUE	TRUE	1.499984136899e-09	3.7499603422475e-06
CPD-1089	47135	HMDB	HMDB0035089_28_shen	(R)-Carvone	inchikey	1	TRUE	TRUE	1.499984136899e-09	3.7499603422475e-06
CPD-1089	47136	HMDB	HMDB0035089_29_shen	(R)-Carvone	inchikey	1	TRUE	TRUE	1.499984136899e-09	3.7499603422475e-06
CPD-1089	47137	HMDB	HMDB0035089_30_shen	(R)-Carvone	inchikey	1	TRUE	TRUE	1.499984136899e-09	3.7499603422475e-06
CPD-1089	47138	HMDB	HMDB0035089_31_shen	(R)-Carvone	inchikey	1	TRUE	TRUE	1.499984136899e-09	3.7499603422475e-06
CPD-1089	47139	HMDB	HMDB0035089_32_shen	(R)-Carvone	inchikey	1	TRUE	TRUE	1.499984136899e-09	3.7499603422475e-06
CPD-1089	47140	HMDB	HMDB0035089_33_shen	(R)-Carvone	inchikey	1	TRUE	TRUE	1.499984136899e-09	3.7499603422475e-06
CPD-1089	47141	HMDB	HMDB0035089_34_shen	(R)-Carvone	inchikey	1	TRUE	TRUE	1.499984136899e-09	3.7499603422475e-06
GERANIOL	47173	HMDB	HMDB0035155_1_shen	beta-Geraniol	inchikey	1	TRUE	TRUE	1.00015995485592e-10	2.50039988713979e-07
GERANIOL	47174	HMDB	HMDB0035155_2_shen	beta-Geraniol	inchikey	1	TRUE	TRUE	1.00015995485592e-10	2.50039988713979e-07
GERANIOL	47175	HMDB	HMDB0035155_3_shen	beta-Geraniol	inchikey	1	TRUE	TRUE	1.00015995485592e-10	2.50039988713979e-07
GERANIOL	47176	HMDB	HMDB0035155_4_shen	beta-Geraniol	inchikey	1	TRUE	TRUE	1.00015995485592e-10	2.50039988713979e-07
GERANIOL	47177	HMDB	HMDB0035155_5_shen	beta-Geraniol	inchikey	1	TRUE	TRUE	1.00015995485592e-10	2.50039988713979e-07
GERANIOL	47178	HMDB	HMDB0035155_6_shen	beta-Geraniol	inchikey	1	TRUE	TRUE	1.00015995485592e-10	2.50039988713979e-07
GERANIOL	47179	HMDB	HMDB0035155_7_shen	beta-Geraniol	inchikey	1	TRUE	TRUE	1.00015995485592e-10	2.50039988713979e-07
GERANIOL	47180	HMDB	HMDB0035155_8_shen	beta-Geraniol	inchikey	1	TRUE	TRUE	1.00015995485592e-10	2.50039988713979e-07
GERANIOL	47181	HMDB	HMDB0035155_9_shen	beta-Geraniol	inchikey	1	TRUE	TRUE	1.00015995485592e-10	2.50039988713979e-07
GERANIOL	47182	HMDB	HMDB0035155_10_shen	beta-Geraniol	inchikey	1	TRUE	TRUE	1.00015995485592e-10	2.50039988713979e-07
GERANIOL	47183	HMDB	HMDB0035155_11_shen	beta-Geraniol	inchikey	1	TRUE	TRUE	1.00015995485592e-10	2.50039988713979e-07
GERANIOL	47184	HMDB	HMDB0035155_12_shen	beta-Geraniol	inchikey	1	TRUE	TRUE	1.00015995485592e-10	2.50039988713979e-07
GERANIOL	47185	HMDB	HMDB0035155_13_shen	beta-Geraniol	inchikey	1	TRUE	TRUE	1.00015995485592e-10	2.50039988713979e-07
GERANIOL	47186	HMDB	HMDB0035155_14_shen	beta-Geraniol	inchikey	1	TRUE	TRUE	1.00015995485592e-10	2.50039988713979e-07
GERANIOL	47187	HMDB	HMDB0035155_15_shen	beta-Geraniol	inchikey	1	TRUE	TRUE	1.00015995485592e-10	2.50039988713979e-07
GERANIOL	47188	HMDB	HMDB0035155_16_shen	beta-Geraniol	inchikey	1	TRUE	TRUE	1.00015995485592e-10	2.50039988713979e-07
GERANIOL	47189	HMDB	HMDB0035155_17_shen	beta-Geraniol	inchikey	1	TRUE	TRUE	1.00015995485592e-10	2.50039988713979e-07
GERANIOL	47190	HMDB	HMDB0035155_18_shen	beta-Geraniol	inchikey	1	TRUE	TRUE	1.00015995485592e-10	2.50039988713979e-07
GERANIOL	47191	HMDB	HMDB0035155_19_shen	beta-Geraniol	inchikey	1	TRUE	TRUE	1.00015995485592e-10	2.50039988713979e-07
GERANIOL	47192	HMDB	HMDB0035155_20_shen	beta-Geraniol	inchikey	1	TRUE	TRUE	1.00015995485592e-10	2.50039988713979e-07
GERANIOL	47193	HMDB	HMDB0035155_21_shen	beta-Geraniol	inchikey	1	TRUE	TRUE	1.00015995485592e-10	2.50039988713979e-07
GERANIOL	47194	HMDB	HMDB0035155_22_shen	beta-Geraniol	inchikey	1	TRUE	TRUE	1.00015995485592e-10	2.50039988713979e-07
GERANIOL	47195	HMDB	HMDB0035155_23_shen	beta-Geraniol	inchikey	1	TRUE	TRUE	1.00015995485592e-10	2.50039988713979e-07
GERANIOL	47196	HMDB	HMDB0035155_24_shen	beta-Geraniol	inchikey	1	TRUE	TRUE	1.00015995485592e-10	2.50039988713979e-07
GERANIOL	47197	HMDB	HMDB0035155_25_shen	beta-Geraniol	inchikey	1	TRUE	TRUE	1.00015995485592e-10	2.50039988713979e-07
GERANIOL	47198	HMDB	HMDB0035155_26_shen	beta-Geraniol	inchikey	1	TRUE	TRUE	1.00015995485592e-10	2.50039988713979e-07
GERANIOL	47199	HMDB	HMDB0035155_27_shen	beta-Geraniol	inchikey	1	TRUE	TRUE	1.00015995485592e-10	2.50039988713979e-07
GERANIOL	47200	HMDB	HMDB0035155_28_shen	beta-Geraniol	inchikey	1	TRUE	TRUE	1.00015995485592e-10	2.50039988713979e-07
GERANIOL	47201	HMDB	HMDB0035155_29_shen	beta-Geraniol	inchikey	1	TRUE	TRUE	1.00015995485592e-10	2.50039988713979e-07
GERANIOL	47202	HMDB	HMDB0035155_30_shen	beta-Geraniol	inchikey	1	TRUE	TRUE	1.00015995485592e-10	2.50039988713979e-07
GERANIOL	47203	HMDB	HMDB0035155_31_shen	beta-Geraniol	inchikey	1	TRUE	TRUE	1.00015995485592e-10	2.50039988713979e-07
GERANIOL	47204	HMDB	HMDB0035155_32_shen	beta-Geraniol	inchikey	1	TRUE	TRUE	1.00015995485592e-10	2.50039988713979e-07
CPD-1909	47256	HMDB	HMDB0035162_1_shen	(-)-Menthone	inchikey	1	TRUE	TRUE	1.00015995485592e-10	2.50039988713979e-07
CPD-1909	47257	HMDB	HMDB0035162_2_shen	(-)-Menthone	inchikey	1	TRUE	TRUE	1.00015995485592e-10	2.50039988713979e-07
CPD-1909	47258	HMDB	HMDB0035162_3_shen	(-)-Menthone	inchikey	1	TRUE	TRUE	1.00015995485592e-10	2.50039988713979e-07
CPD-1909	47259	HMDB	HMDB0035162_4_shen	(-)-Menthone	inchikey	1	TRUE	TRUE	1.00015995485592e-10	2.50039988713979e-07
CPD-1909	47260	HMDB	HMDB0035162_5_shen	(-)-Menthone	inchikey	1	TRUE	TRUE	1.00015995485592e-10	2.50039988713979e-07
CPD-1909	47261	HMDB	HMDB0035162_6_shen	(-)-Menthone	inchikey	1	TRUE	TRUE	1.00015995485592e-10	2.50039988713979e-07
CPD-1909	47262	HMDB	HMDB0035162_7_shen	(-)-Menthone	inchikey	1	TRUE	TRUE	1.00015995485592e-10	2.50039988713979e-07
CPD-1909	47263	HMDB	HMDB0035162_8_shen	(-)-Menthone	inchikey	1	TRUE	TRUE	1.00015995485592e-10	2.50039988713979e-07
CPD-1909	47264	HMDB	HMDB0035162_9_shen	(-)-Menthone	inchikey	1	TRUE	TRUE	1.00015995485592e-10	2.50039988713979e-07
CPD-1909	47265	HMDB	HMDB0035162_10_shen	(-)-Menthone	inchikey	1	TRUE	TRUE	1.00015995485592e-10	2.50039988713979e-07
CPD-1909	47266	HMDB	HMDB0035162_11_shen	(-)-Menthone	inchikey	1	TRUE	TRUE	1.00015995485592e-10	2.50039988713979e-07
CPD-1909	47267	HMDB	HMDB0035162_12_shen	(-)-Menthone	inchikey	1	TRUE	TRUE	1.00015995485592e-10	2.50039988713979e-07
CPD-1909	47268	HMDB	HMDB0035162_13_shen	(-)-Menthone	inchikey	1	TRUE	TRUE	1.00015995485592e-10	2.50039988713979e-07
CPD-1909	47269	HMDB	HMDB0035162_14_shen	(-)-Menthone	inchikey	1	TRUE	TRUE	1.00015995485592e-10	2.50039988713979e-07
CPD-1909	47270	HMDB	HMDB0035162_15_shen	(-)-Menthone	inchikey	1	TRUE	TRUE	1.00015995485592e-10	2.50039988713979e-07
CPD-1909	47271	HMDB	HMDB0035162_16_shen	(-)-Menthone	inchikey	1	TRUE	TRUE	1.00015995485592e-10	2.50039988713979e-07
CPD-1909	47272	HMDB	HMDB0035162_17_shen	(-)-Menthone	inchikey	1	TRUE	TRUE	1.00015995485592e-10	2.50039988713979e-07
CPD-1909	47273	HMDB	HMDB0035162_18_shen	(-)-Menthone	inchikey	1	TRUE	TRUE	1.00015995485592e-10	2.50039988713979e-07
CPD-1909	47274	HMDB	HMDB0035162_19_shen	(-)-Menthone	inchikey	1	TRUE	TRUE	1.00015995485592e-10	2.50039988713979e-07
CPD-1909	47275	HMDB	HMDB0035162_20_shen	(-)-Menthone	inchikey	1	TRUE	TRUE	1.00015995485592e-10	2.50039988713979e-07
CPD-1909	47276	HMDB	HMDB0035162_21_shen	(-)-Menthone	inchikey	1	TRUE	TRUE	1.00015995485592e-10	2.50039988713979e-07
CPD-1909	47277	HMDB	HMDB0035162_22_shen	(-)-Menthone	inchikey	1	TRUE	TRUE	1.00015995485592e-10	2.50039988713979e-07
CPD-1909	47278	HMDB	HMDB0035162_23_shen	(-)-Menthone	inchikey	1	TRUE	TRUE	1.00015995485592e-10	2.50039988713979e-07
CPD-1909	47279	HMDB	HMDB0035162_24_shen	(-)-Menthone	inchikey	1	TRUE	TRUE	1.00015995485592e-10	2.50039988713979e-07
CPD-1909	47280	HMDB	HMDB0035162_25_shen	(-)-Menthone	inchikey	1	TRUE	TRUE	1.00015995485592e-10	2.50039988713979e-07
CPD-1909	47281	HMDB	HMDB0035162_26_shen	(-)-Menthone	inchikey	1	TRUE	TRUE	1.00015995485592e-10	2.50039988713979e-07
CPD-1909	47282	HMDB	HMDB0035162_27_shen	(-)-Menthone	inchikey	1	TRUE	TRUE	1.00015995485592e-10	2.50039988713979e-07
CPD-1909	47283	HMDB	HMDB0035162_28_shen	(-)-Menthone	inchikey	1	TRUE	TRUE	1.00015995485592e-10	2.50039988713979e-07
CPD-1909	47284	HMDB	HMDB0035162_29_shen	(-)-Menthone	inchikey	1	TRUE	TRUE	1.00015995485592e-10	2.50039988713979e-07
CPD-1909	47285	HMDB	HMDB0035162_30_shen	(-)-Menthone	inchikey	1	TRUE	TRUE	1.00015995485592e-10	2.50039988713979e-07
CPD-1909	47286	HMDB	HMDB0035162_31_shen	(-)-Menthone	inchikey	1	TRUE	TRUE	1.00015995485592e-10	2.50039988713979e-07
CPD-1909	47287	HMDB	HMDB0035162_32_shen	(-)-Menthone	inchikey	1	TRUE	TRUE	1.00015995485592e-10	2.50039988713979e-07
CPD-1909	47288	HMDB	HMDB0035162_33_shen	(-)-Menthone	inchikey	1	TRUE	TRUE	1.00015995485592e-10	2.50039988713979e-07
CPD-1909	47289	HMDB	HMDB0035162_34_shen	(-)-Menthone	inchikey	1	TRUE	TRUE	1.00015995485592e-10	2.50039988713979e-07
CPD-1909	47290	HMDB	HMDB0035162_35_shen	(-)-Menthone	inchikey	1	TRUE	TRUE	1.00015995485592e-10	2.50039988713979e-07
CPD-1909	47291	HMDB	HMDB0035162_36_shen	(-)-Menthone	inchikey	1	TRUE	TRUE	1.00015995485592e-10	2.50039988713979e-07
CPD-8215	47428	HMDB	HMDB0035214_1_shen	Emodin	inchikey_connectivity_formula_mass	2	FALSE	TRUE	1.499984136899e-09	3.7499603422475e-06
CPD-8215	47429	HMDB	HMDB0035214_2_shen	Emodin	inchikey_connectivity_formula_mass	2	FALSE	TRUE	1.499984136899e-09	3.7499603422475e-06
CPD-8215	47430	HMDB	HMDB0035214_3_shen	Emodin	inchikey_connectivity_formula_mass	2	FALSE	TRUE	1.499984136899e-09	3.7499603422475e-06
CPD-8215	47431	HMDB	HMDB0035214_4_shen	Emodin	inchikey_connectivity_formula_mass	2	FALSE	TRUE	1.499984136899e-09	3.7499603422475e-06
CPD-8215	47432	HMDB	HMDB0035214_5_shen	Emodin	inchikey_connectivity_formula_mass	2	FALSE	TRUE	1.499984136899e-09	3.7499603422475e-06
CPD-8215	47433	HMDB	HMDB0035214_6_shen	Emodin	inchikey_connectivity_formula_mass	2	FALSE	TRUE	1.499984136899e-09	3.7499603422475e-06
CPD-8215	47434	HMDB	HMDB0035214_7_shen	Emodin	inchikey_connectivity_formula_mass	2	FALSE	TRUE	1.499984136899e-09	3.7499603422475e-06
CPD-8215	47435	HMDB	HMDB0035214_8_shen	Emodin	inchikey_connectivity_formula_mass	2	FALSE	TRUE	1.499984136899e-09	3.7499603422475e-06
CPD-8215	47436	HMDB	HMDB0035214_9_shen	Emodin	inchikey_connectivity_formula_mass	2	FALSE	TRUE	1.499984136899e-09	3.7499603422475e-06
CPD-8215	47437	HMDB	HMDB0035214_10_shen	Emodin	inchikey_connectivity_formula_mass	2	FALSE	TRUE	1.499984136899e-09	3.7499603422475e-06
CPD-8215	47438	HMDB	HMDB0035214_11_shen	Emodin	inchikey_connectivity_formula_mass	2	FALSE	TRUE	1.499984136899e-09	3.7499603422475e-06
CPD-8215	47439	HMDB	HMDB0035214_12_shen	Emodin	inchikey_connectivity_formula_mass	2	FALSE	TRUE	1.499984136899e-09	3.7499603422475e-06
CPD-8215	47440	HMDB	HMDB0035214_13_shen	Emodin	inchikey_connectivity_formula_mass	2	FALSE	TRUE	1.499984136899e-09	3.7499603422475e-06
CPD-8215	47441	HMDB	HMDB0035214_14_shen	Emodin	inchikey_connectivity_formula_mass	2	FALSE	TRUE	1.499984136899e-09	3.7499603422475e-06
CPD-8215	47442	HMDB	HMDB0035214_15_shen	Emodin	inchikey_connectivity_formula_mass	2	FALSE	TRUE	1.499984136899e-09	3.7499603422475e-06
CPD-8215	47443	HMDB	HMDB0035214_16_shen	Emodin	inchikey_connectivity_formula_mass	2	FALSE	TRUE	1.499984136899e-09	3.7499603422475e-06
CPD-8215	47444	HMDB	HMDB0035214_17_shen	Emodin	inchikey_connectivity_formula_mass	2	FALSE	TRUE	1.499984136899e-09	3.7499603422475e-06
CPD-8215	47445	HMDB	HMDB0035214_18_shen	Emodin	inchikey_connectivity_formula_mass	2	FALSE	TRUE	1.499984136899e-09	3.7499603422475e-06
CPD-8215	47446	HMDB	HMDB0035214_19_shen	Emodin	inchikey_connectivity_formula_mass	2	FALSE	TRUE	1.499984136899e-09	3.7499603422475e-06
CPD-8215	47447	HMDB	HMDB0035214_20_shen	Emodin	inchikey_connectivity_formula_mass	2	FALSE	TRUE	1.499984136899e-09	3.7499603422475e-06
CPD-8215	47448	HMDB	HMDB0035214_21_shen	Emodin	inchikey_connectivity_formula_mass	2	FALSE	TRUE	1.499984136899e-09	3.7499603422475e-06
CPD-8215	47449	HMDB	HMDB0035214_22_shen	Emodin	inchikey_connectivity_formula_mass	2	FALSE	TRUE	1.499984136899e-09	3.7499603422475e-06
CPD-8215	47450	HMDB	HMDB0035214_23_shen	Emodin	inchikey_connectivity_formula_mass	2	FALSE	TRUE	1.499984136899e-09	3.7499603422475e-06
CPD-8215	47451	HMDB	HMDB0035214_24_shen	Emodin	inchikey_connectivity_formula_mass	2	FALSE	TRUE	1.499984136899e-09	3.7499603422475e-06
CPD-8215	47452	HMDB	HMDB0035214_25_shen	Emodin	inchikey_connectivity_formula_mass	2	FALSE	TRUE	1.499984136899e-09	3.7499603422475e-06
CPD-8215	47453	HMDB	HMDB0035214_26_shen	Emodin	inchikey_connectivity_formula_mass	2	FALSE	TRUE	1.499984136899e-09	3.7499603422475e-06
CPD-8215	47454	HMDB	HMDB0035214_27_shen	Emodin	inchikey_connectivity_formula_mass	2	FALSE	TRUE	1.499984136899e-09	3.7499603422475e-06
CPD-8215	47455	HMDB	HMDB0035214_28_shen	Emodin	inchikey_connectivity_formula_mass	2	FALSE	TRUE	1.499984136899e-09	3.7499603422475e-06
CPD-8215	47456	HMDB	HMDB0035214_29_shen	Emodin	inchikey_connectivity_formula_mass	2	FALSE	TRUE	1.499984136899e-09	3.7499603422475e-06
CPD-8215	47457	HMDB	HMDB0035214_30_shen	Emodin	inchikey_connectivity_formula_mass	2	FALSE	TRUE	1.499984136899e-09	3.7499603422475e-06
CPD-8215	47458	HMDB	HMDB0035214_31_shen	Emodin	inchikey_connectivity_formula_mass	2	FALSE	TRUE	1.499984136899e-09	3.7499603422475e-06
CPD-8215	47459	HMDB	HMDB0035214_32_shen	Emodin	inchikey_connectivity_formula_mass	2	FALSE	TRUE	1.499984136899e-09	3.7499603422475e-06
CPD-8215	47460	HMDB	HMDB0035214_33_shen	Emodin	inchikey_connectivity_formula_mass	2	FALSE	TRUE	1.499984136899e-09	3.7499603422475e-06
CPD-8215	47461	HMDB	HMDB0035214_34_shen	Emodin	inchikey_connectivity_formula_mass	2	FALSE	TRUE	1.499984136899e-09	3.7499603422475e-06
CPD-8215	47462	HMDB	HMDB0035214_35_shen	Emodin	inchikey_connectivity_formula_mass	2	FALSE	TRUE	1.499984136899e-09	3.7499603422475e-06
CPD-8215	47463	HMDB	HMDB0035214_36_shen	Emodin	inchikey_connectivity_formula_mass	2	FALSE	TRUE	1.499984136899e-09	3.7499603422475e-06
CPD-8215	47464	HMDB	HMDB0035214_37_shen	Emodin	inchikey_connectivity_formula_mass	2	FALSE	TRUE	1.499984136899e-09	3.7499603422475e-06
CPD-8215	47465	HMDB	HMDB0035214_38_shen	Emodin	inchikey_connectivity_formula_mass	2	FALSE	TRUE	1.499984136899e-09	3.7499603422475e-06
CPD-8215	47466	HMDB	HMDB0035214_39_shen	Emodin	inchikey_connectivity_formula_mass	2	FALSE	TRUE	1.499984136899e-09	3.7499603422475e-06
CPD-8215	47467	HMDB	HMDB0035214_40_shen	Emodin	inchikey_connectivity_formula_mass	2	FALSE	TRUE	1.499984136899e-09	3.7499603422475e-06
CPD-8215	47468	HMDB	HMDB0035214_41_shen	Emodin	inchikey_connectivity_formula_mass	2	FALSE	TRUE	1.499984136899e-09	3.7499603422475e-06
CPD-8215	47469	HMDB	HMDB0035214_42_shen	Emodin	inchikey_connectivity_formula_mass	2	FALSE	TRUE	1.499984136899e-09	3.7499603422475e-06
CPD-8215	47470	HMDB	HMDB0035214_43_shen	Emodin	inchikey_connectivity_formula_mass	2	FALSE	TRUE	1.499984136899e-09	3.7499603422475e-06
CPD-8215	47471	HMDB	HMDB0035214_44_shen	Emodin	inchikey_connectivity_formula_mass	2	FALSE	TRUE	1.499984136899e-09	3.7499603422475e-06
CPD-8215	47472	HMDB	HMDB0035214_45_shen	Emodin	inchikey_connectivity_formula_mass	2	FALSE	TRUE	1.499984136899e-09	3.7499603422475e-06
CPD-8215	47473	HMDB	HMDB0035214_46_shen	Emodin	inchikey_connectivity_formula_mass	2	FALSE	TRUE	1.499984136899e-09	3.7499603422475e-06
CPD-8215	47474	HMDB	HMDB0035214_47_shen	Emodin	inchikey_connectivity_formula_mass	2	FALSE	TRUE	1.499984136899e-09	3.7499603422475e-06
CPD-8215	47475	HMDB	HMDB0035214_48_shen	Emodin	inchikey_connectivity_formula_mass	2	FALSE	TRUE	1.499984136899e-09	3.7499603422475e-06
CPD-8215	47476	HMDB	HMDB0035214_49_shen	Emodin	inchikey_connectivity_formula_mass	2	FALSE	TRUE	1.499984136899e-09	3.7499603422475e-06
CPD-8215	47477	HMDB	HMDB0035214_50_shen	Emodin	inchikey_connectivity_formula_mass	2	FALSE	TRUE	1.499984136899e-09	3.7499603422475e-06
CPD-8215	47478	HMDB	HMDB0035214_51_shen	Emodin	inchikey_connectivity_formula_mass	2	FALSE	TRUE	1.499984136899e-09	3.7499603422475e-06
CPD-8215	47479	HMDB	HMDB0035214_52_shen	Emodin	inchikey_connectivity_formula_mass	2	FALSE	TRUE	1.499984136899e-09	3.7499603422475e-06
CPD-11590	47480	HMDB	HMDB0035219_1_shen	Aloin	name_formula_mass	4	TRUE	TRUE	3.09995584757417e-09	7.41392071575187e-06
CPD-11590	47481	HMDB	HMDB0035219_2_shen	Aloin	name_formula_mass	4	TRUE	TRUE	3.09995584757417e-09	7.41392071575187e-06
CPD-11590	47482	HMDB	HMDB0035219_3_shen	Aloin	name_formula_mass	4	TRUE	TRUE	3.09995584757417e-09	7.41392071575187e-06
CPD-11590	47483	HMDB	HMDB0035219_4_shen	Aloin	name_formula_mass	4	TRUE	TRUE	3.09995584757417e-09	7.41392071575187e-06
CPD-11590	47484	HMDB	HMDB0035219_5_shen	Aloin	name_formula_mass	4	TRUE	TRUE	3.09995584757417e-09	7.41392071575187e-06
CPD-11590	47485	HMDB	HMDB0035219_6_shen	Aloin	name_formula_mass	4	TRUE	TRUE	3.09995584757417e-09	7.41392071575187e-06
CPD-11590	47486	HMDB	HMDB0035219_7_shen	Aloin	name_formula_mass	4	TRUE	TRUE	3.09995584757417e-09	7.41392071575187e-06
CPD-11590	47487	HMDB	HMDB0035219_8_shen	Aloin	name_formula_mass	4	TRUE	TRUE	3.09995584757417e-09	7.41392071575187e-06
CPD-11590	47488	HMDB	HMDB0035219_9_shen	Aloin	name_formula_mass	4	TRUE	TRUE	3.09995584757417e-09	7.41392071575187e-06
HYDROXYMALONATE	47489	HMDB	HMDB0035227_1_shen	Hydroxypropanedioic acid	inchikey_connectivity_formula_mass	2	FALSE	TRUE	8.99987639968458e-10	2.24996909992115e-06
HYDROXYMALONATE	47490	HMDB	HMDB0035227_2_shen	Hydroxypropanedioic acid	inchikey_connectivity_formula_mass	2	FALSE	TRUE	8.99987639968458e-10	2.24996909992115e-06
HYDROXYMALONATE	47491	HMDB	HMDB0035227_3_shen	Hydroxypropanedioic acid	inchikey_connectivity_formula_mass	2	FALSE	TRUE	8.99987639968458e-10	2.24996909992115e-06
HYDROXYMALONATE	47492	HMDB	HMDB0035227_4_shen	Hydroxypropanedioic acid	inchikey_connectivity_formula_mass	2	FALSE	TRUE	8.99987639968458e-10	2.24996909992115e-06
HYDROXYMALONATE	47493	HMDB	HMDB0035227_5_shen	Hydroxypropanedioic acid	inchikey_connectivity_formula_mass	2	FALSE	TRUE	8.99987639968458e-10	2.24996909992115e-06
CPD-13080	47498	HMDB	HMDB0035282_1_shen	Solasodine	name_formula_mass	4	FALSE	TRUE	4.69998440166819e-09	1.13710387727069e-05
CPD-22267	47498	HMDB	HMDB0035282_1_shen	Solasodine	name_formula_mass	4	TRUE	TRUE	4.69998440166819e-09	1.13710387727069e-05
CPD-13080	47499	HMDB	HMDB0035282_2_shen	Solasodine	name_formula_mass	4	FALSE	TRUE	4.69998440166819e-09	1.13710387727069e-05
CPD-22267	47499	HMDB	HMDB0035282_2_shen	Solasodine	name_formula_mass	4	TRUE	TRUE	4.69998440166819e-09	1.13710387727069e-05
CPD-13080	47500	HMDB	HMDB0035282_3_shen	Solasodine	name_formula_mass	4	FALSE	TRUE	4.69998440166819e-09	1.13710387727069e-05
CPD-22267	47500	HMDB	HMDB0035282_3_shen	Solasodine	name_formula_mass	4	TRUE	TRUE	4.69998440166819e-09	1.13710387727069e-05
CPD-15444	47502	HMDB	HMDB0035395_1_shen	Ginsenoside C	name_formula_mass	4	TRUE	TRUE	8.50002379593207e-09	1.08349944331157e-05
CPD-15444	47503	HMDB	HMDB0035395_2_shen	Ginsenoside C	name_formula_mass	4	TRUE	TRUE	8.50002379593207e-09	1.08349944331157e-05
CPD-15444	47504	HMDB	HMDB0035395_3_shen	Ginsenoside C	name_formula_mass	4	TRUE	TRUE	8.50002379593207e-09	1.08349944331157e-05
CPD-15444	47505	HMDB	HMDB0035395_4_shen	Ginsenoside C	name_formula_mass	4	TRUE	TRUE	8.50002379593207e-09	1.08349944331157e-05
CPD-15444	47506	HMDB	HMDB0035395_5_shen	Ginsenoside C	name_formula_mass	4	TRUE	TRUE	8.50002379593207e-09	1.08349944331157e-05
CPD-15444	47507	HMDB	HMDB0035395_6_shen	Ginsenoside C	name_formula_mass	4	TRUE	TRUE	8.50002379593207e-09	1.08349944331157e-05
CPD-15444	47508	HMDB	HMDB0035395_7_shen	Ginsenoside C	name_formula_mass	4	TRUE	TRUE	8.50002379593207e-09	1.08349944331157e-05
CPD-15444	47509	HMDB	HMDB0035395_8_shen	Ginsenoside C	name_formula_mass	4	TRUE	TRUE	8.50002379593207e-09	1.08349944331157e-05
CPD-15444	47510	HMDB	HMDB0035395_9_shen	Ginsenoside C	name_formula_mass	4	TRUE	TRUE	8.50002379593207e-09	1.08349944331157e-05
CPD-15444	47511	HMDB	HMDB0035395_10_shen	Ginsenoside C	name_formula_mass	4	TRUE	TRUE	8.50002379593207e-09	1.08349944331157e-05
CPD-15444	47512	HMDB	HMDB0035395_11_shen	Ginsenoside C	name_formula_mass	4	TRUE	TRUE	8.50002379593207e-09	1.08349944331157e-05
2-OXINDOLE-3-ACETIC-ACID	47517	HMDB	HMDB0035514_1_shen	xi-2,3-Dihydro-2-oxo-1H-indole-3-acetic acid	inchikey_connectivity_formula_mass	2	FALSE	TRUE	1.39999656312284e-09	3.4999914078071e-06
2-OXINDOLE-3-ACETIC-ACID	47518	HMDB	HMDB0035514_2_shen	xi-2,3-Dihydro-2-oxo-1H-indole-3-acetic acid	inchikey_connectivity_formula_mass	2	FALSE	TRUE	1.39999656312284e-09	3.4999914078071e-06
LUTEOLIN-7-O-BETA-D-GLUCOSIDE	47519	HMDB	HMDB0035588_1_shen	Luteolin 7-glucoside	inchikey	1	TRUE	TRUE	3.10001269099303e-09	6.91811829183817e-06
LUTEOLIN-7-O-BETA-D-GLUCOSIDE	47520	HMDB	HMDB0035588_2_shen	Luteolin 7-glucoside	inchikey	1	TRUE	TRUE	3.10001269099303e-09	6.91811829183817e-06
LUTEOLIN-7-O-BETA-D-GLUCOSIDE	47521	HMDB	HMDB0035588_3_shen	Luteolin 7-glucoside	inchikey	1	TRUE	TRUE	3.10001269099303e-09	6.91811829183817e-06
LUTEOLIN-7-O-BETA-D-GLUCOSIDE	47522	HMDB	HMDB0035588_4_shen	Luteolin 7-glucoside	inchikey	1	TRUE	TRUE	3.10001269099303e-09	6.91811829183817e-06
LUTEOLIN-7-O-BETA-D-GLUCOSIDE	47523	HMDB	HMDB0035588_5_shen	Luteolin 7-glucoside	inchikey	1	TRUE	TRUE	3.10001269099303e-09	6.91811829183817e-06
LUTEOLIN-7-O-BETA-D-GLUCOSIDE	47524	HMDB	HMDB0035588_6_shen	Luteolin 7-glucoside	inchikey	1	TRUE	TRUE	3.10001269099303e-09	6.91811829183817e-06
LUTEOLIN-7-O-BETA-D-GLUCOSIDE	47525	HMDB	HMDB0035588_7_shen	Luteolin 7-glucoside	inchikey	1	TRUE	TRUE	3.10001269099303e-09	6.91811829183817e-06
LUTEOLIN-7-O-BETA-D-GLUCOSIDE	47526	HMDB	HMDB0035588_8_shen	Luteolin 7-glucoside	inchikey	1	TRUE	TRUE	3.10001269099303e-09	6.91811829183817e-06
LUTEOLIN-7-O-BETA-D-GLUCOSIDE	47527	HMDB	HMDB0035588_9_shen	Luteolin 7-glucoside	inchikey	1	TRUE	TRUE	3.10001269099303e-09	6.91811829183817e-06
LUTEOLIN-7-O-BETA-D-GLUCOSIDE	47528	HMDB	HMDB0035588_10_shen	Luteolin 7-glucoside	inchikey	1	TRUE	TRUE	3.10001269099303e-09	6.91811829183817e-06
LUTEOLIN-7-O-BETA-D-GLUCOSIDE	47529	HMDB	HMDB0035588_11_shen	Luteolin 7-glucoside	inchikey	1	TRUE	TRUE	3.10001269099303e-09	6.91811829183817e-06
LUTEOLIN-7-O-BETA-D-GLUCOSIDE	47530	HMDB	HMDB0035588_12_shen	Luteolin 7-glucoside	inchikey	1	TRUE	TRUE	3.10001269099303e-09	6.91811829183817e-06
LUTEOLIN-7-O-BETA-D-GLUCOSIDE	47531	HMDB	HMDB0035588_13_shen	Luteolin 7-glucoside	inchikey	1	TRUE	TRUE	3.10001269099303e-09	6.91811829183817e-06
LUTEOLIN-7-O-BETA-D-GLUCOSIDE	47532	HMDB	HMDB0035588_14_shen	Luteolin 7-glucoside	inchikey	1	TRUE	TRUE	3.10001269099303e-09	6.91811829183817e-06
LUTEOLIN-7-O-BETA-D-GLUCOSIDE	47533	HMDB	HMDB0035588_15_shen	Luteolin 7-glucoside	inchikey	1	TRUE	TRUE	3.10001269099303e-09	6.91811829183817e-06
LUTEOLIN-7-O-BETA-D-GLUCOSIDE	47534	HMDB	HMDB0035588_16_shen	Luteolin 7-glucoside	inchikey	1	TRUE	TRUE	3.10001269099303e-09	6.91811829183817e-06
LUTEOLIN-7-O-BETA-D-GLUCOSIDE	47535	HMDB	HMDB0035588_17_shen	Luteolin 7-glucoside	inchikey	1	TRUE	TRUE	3.10001269099303e-09	6.91811829183817e-06
LUTEOLIN-7-O-BETA-D-GLUCOSIDE	47536	HMDB	HMDB0035588_18_shen	Luteolin 7-glucoside	inchikey	1	TRUE	TRUE	3.10001269099303e-09	6.91811829183817e-06
LUTEOLIN-7-O-BETA-D-GLUCOSIDE	47537	HMDB	HMDB0035588_19_shen	Luteolin 7-glucoside	inchikey	1	TRUE	TRUE	3.10001269099303e-09	6.91811829183817e-06
LUTEOLIN-7-O-BETA-D-GLUCOSIDE	47538	HMDB	HMDB0035588_20_shen	Luteolin 7-glucoside	inchikey	1	TRUE	TRUE	3.10001269099303e-09	6.91811829183817e-06
LUTEOLIN-7-O-BETA-D-GLUCOSIDE	47539	HMDB	HMDB0035588_21_shen	Luteolin 7-glucoside	inchikey	1	TRUE	TRUE	3.10001269099303e-09	6.91811829183817e-06
LUTEOLIN-7-O-BETA-D-GLUCOSIDE	47540	HMDB	HMDB0035588_22_shen	Luteolin 7-glucoside	inchikey	1	TRUE	TRUE	3.10001269099303e-09	6.91811829183817e-06
LUTEOLIN-7-O-BETA-D-GLUCOSIDE	47541	HMDB	HMDB0035588_23_shen	Luteolin 7-glucoside	inchikey	1	TRUE	TRUE	3.10001269099303e-09	6.91811829183817e-06
LUTEOLIN-7-O-BETA-D-GLUCOSIDE	47542	HMDB	HMDB0035588_24_shen	Luteolin 7-glucoside	inchikey	1	TRUE	TRUE	3.10001269099303e-09	6.91811829183817e-06
LUTEOLIN-7-O-BETA-D-GLUCOSIDE	47543	HMDB	HMDB0035588_25_shen	Luteolin 7-glucoside	inchikey	1	TRUE	TRUE	3.10001269099303e-09	6.91811829183817e-06
LUTEOLIN-7-O-BETA-D-GLUCOSIDE	47544	HMDB	HMDB0035588_26_shen	Luteolin 7-glucoside	inchikey	1	TRUE	TRUE	3.10001269099303e-09	6.91811829183817e-06
LUTEOLIN-7-O-BETA-D-GLUCOSIDE	47545	HMDB	HMDB0035588_27_shen	Luteolin 7-glucoside	inchikey	1	TRUE	TRUE	3.10001269099303e-09	6.91811829183817e-06
LUTEOLIN-7-O-BETA-D-GLUCOSIDE	47546	HMDB	HMDB0035588_28_shen	Luteolin 7-glucoside	inchikey	1	TRUE	TRUE	3.10001269099303e-09	6.91811829183817e-06
LUTEOLIN-7-O-BETA-D-GLUCOSIDE	47547	HMDB	HMDB0035588_29_shen	Luteolin 7-glucoside	inchikey	1	TRUE	TRUE	3.10001269099303e-09	6.91811829183817e-06
LUTEOLIN-7-O-BETA-D-GLUCOSIDE	47548	HMDB	HMDB0035588_30_shen	Luteolin 7-glucoside	inchikey	1	TRUE	TRUE	3.10001269099303e-09	6.91811829183817e-06
LUTEOLIN-7-O-BETA-D-GLUCOSIDE	47549	HMDB	HMDB0035588_31_shen	Luteolin 7-glucoside	inchikey	1	TRUE	TRUE	3.10001269099303e-09	6.91811829183817e-06
LUTEOLIN-7-O-BETA-D-GLUCOSIDE	47550	HMDB	HMDB0035588_32_shen	Luteolin 7-glucoside	inchikey	1	TRUE	TRUE	3.10001269099303e-09	6.91811829183817e-06
LUTEOLIN-7-O-BETA-D-GLUCOSIDE	47551	HMDB	HMDB0035588_33_shen	Luteolin 7-glucoside	inchikey	1	TRUE	TRUE	3.10001269099303e-09	6.91811829183817e-06
LUTEOLIN-7-O-BETA-D-GLUCOSIDE	47552	HMDB	HMDB0035588_34_shen	Luteolin 7-glucoside	inchikey	1	TRUE	TRUE	3.10001269099303e-09	6.91811829183817e-06
LUTEOLIN-7-O-BETA-D-GLUCOSIDE	47553	HMDB	HMDB0035588_35_shen	Luteolin 7-glucoside	inchikey	1	TRUE	TRUE	3.10001269099303e-09	6.91811829183817e-06
LUTEOLIN-7-O-BETA-D-GLUCOSIDE	47554	HMDB	HMDB0035588_36_shen	Luteolin 7-glucoside	inchikey	1	TRUE	TRUE	3.10001269099303e-09	6.91811829183817e-06
LUTEOLIN-7-O-BETA-D-GLUCOSIDE	47555	HMDB	HMDB0035588_37_shen	Luteolin 7-glucoside	inchikey	1	TRUE	TRUE	3.10001269099303e-09	6.91811829183817e-06
LUTEOLIN-7-O-BETA-D-GLUCOSIDE	47556	HMDB	HMDB0035588_38_shen	Luteolin 7-glucoside	inchikey	1	TRUE	TRUE	3.10001269099303e-09	6.91811829183817e-06
LUTEOLIN-7-O-BETA-D-GLUCOSIDE	47557	HMDB	HMDB0035588_39_shen	Luteolin 7-glucoside	inchikey	1	TRUE	TRUE	3.10001269099303e-09	6.91811829183817e-06
LUTEOLIN-7-O-BETA-D-GLUCOSIDE	47558	HMDB	HMDB0035588_40_shen	Luteolin 7-glucoside	inchikey	1	TRUE	TRUE	3.10001269099303e-09	6.91811829183817e-06
LUTEOLIN-7-O-BETA-D-GLUCOSIDE	47559	HMDB	HMDB0035588_41_shen	Luteolin 7-glucoside	inchikey	1	TRUE	TRUE	3.10001269099303e-09	6.91811829183817e-06
LUTEOLIN-7-O-BETA-D-GLUCOSIDE	47560	HMDB	HMDB0035588_42_shen	Luteolin 7-glucoside	inchikey	1	TRUE	TRUE	3.10001269099303e-09	6.91811829183817e-06
LUTEOLIN-7-O-BETA-D-GLUCOSIDE	47561	HMDB	HMDB0035588_43_shen	Luteolin 7-glucoside	inchikey	1	TRUE	TRUE	3.10001269099303e-09	6.91811829183817e-06
LUTEOLIN-7-O-BETA-D-GLUCOSIDE	47562	HMDB	HMDB0035588_44_shen	Luteolin 7-glucoside	inchikey	1	TRUE	TRUE	3.10001269099303e-09	6.91811829183817e-06
LUTEOLIN-7-O-BETA-D-GLUCOSIDE	47563	HMDB	HMDB0035588_45_shen	Luteolin 7-glucoside	inchikey	1	TRUE	TRUE	3.10001269099303e-09	6.91811829183817e-06
LUTEOLIN-7-O-BETA-D-GLUCOSIDE	47564	HMDB	HMDB0035588_46_shen	Luteolin 7-glucoside	inchikey	1	TRUE	TRUE	3.10001269099303e-09	6.91811829183817e-06
LUTEOLIN-7-O-BETA-D-GLUCOSIDE	47565	HMDB	HMDB0035588_47_shen	Luteolin 7-glucoside	inchikey	1	TRUE	TRUE	3.10001269099303e-09	6.91811829183817e-06
CPD-8912	47567	HMDB	HMDB0035698_1_shen	Matairesinol	inchikey	1	TRUE	TRUE	2.79999312624568e-09	6.9999828156142e-06
CPD-8912	47568	HMDB	HMDB0035698_2_shen	Matairesinol	inchikey	1	TRUE	TRUE	2.79999312624568e-09	6.9999828156142e-06
CPD-8912	47569	HMDB	HMDB0035698_3_shen	Matairesinol	inchikey	1	TRUE	TRUE	2.79999312624568e-09	6.9999828156142e-06
CPD-8912	47570	HMDB	HMDB0035698_4_shen	Matairesinol	inchikey	1	TRUE	TRUE	2.79999312624568e-09	6.9999828156142e-06
CPD-8912	47571	HMDB	HMDB0035698_5_shen	Matairesinol	inchikey	1	TRUE	TRUE	2.79999312624568e-09	6.9999828156142e-06
CPD-8912	47572	HMDB	HMDB0035698_6_shen	Matairesinol	inchikey	1	TRUE	TRUE	2.79999312624568e-09	6.9999828156142e-06
CPD-8912	47573	HMDB	HMDB0035698_7_shen	Matairesinol	inchikey	1	TRUE	TRUE	2.79999312624568e-09	6.9999828156142e-06
CPD-8912	47574	HMDB	HMDB0035698_8_shen	Matairesinol	inchikey	1	TRUE	TRUE	2.79999312624568e-09	6.9999828156142e-06
CPD-8912	47575	HMDB	HMDB0035698_9_shen	Matairesinol	inchikey	1	TRUE	TRUE	2.79999312624568e-09	6.9999828156142e-06
CPD-8912	47576	HMDB	HMDB0035698_10_shen	Matairesinol	inchikey	1	TRUE	TRUE	2.79999312624568e-09	6.9999828156142e-06
CPD-8912	47577	HMDB	HMDB0035698_11_shen	Matairesinol	inchikey	1	TRUE	TRUE	2.79999312624568e-09	6.9999828156142e-06
CPD-8912	47578	HMDB	HMDB0035698_12_shen	Matairesinol	inchikey	1	TRUE	TRUE	2.79999312624568e-09	6.9999828156142e-06
CPD-8912	47579	HMDB	HMDB0035698_13_shen	Matairesinol	inchikey	1	TRUE	TRUE	2.79999312624568e-09	6.9999828156142e-06
CPD-8912	47580	HMDB	HMDB0035698_14_shen	Matairesinol	inchikey	1	TRUE	TRUE	2.79999312624568e-09	6.9999828156142e-06
CPD-8912	47581	HMDB	HMDB0035698_15_shen	Matairesinol	inchikey	1	TRUE	TRUE	2.79999312624568e-09	6.9999828156142e-06
CPD-8912	47582	HMDB	HMDB0035698_16_shen	Matairesinol	inchikey	1	TRUE	TRUE	2.79999312624568e-09	6.9999828156142e-06
CPD-8912	47583	HMDB	HMDB0035698_17_shen	Matairesinol	inchikey	1	TRUE	TRUE	2.79999312624568e-09	6.9999828156142e-06
CPD-8912	47584	HMDB	HMDB0035698_18_shen	Matairesinol	inchikey	1	TRUE	TRUE	2.79999312624568e-09	6.9999828156142e-06
CPD-8912	47585	HMDB	HMDB0035698_19_shen	Matairesinol	inchikey	1	TRUE	TRUE	2.79999312624568e-09	6.9999828156142e-06
CPD-8912	47586	HMDB	HMDB0035698_20_shen	Matairesinol	inchikey	1	TRUE	TRUE	2.79999312624568e-09	6.9999828156142e-06
CPD-8912	47587	HMDB	HMDB0035698_21_shen	Matairesinol	inchikey	1	TRUE	TRUE	2.79999312624568e-09	6.9999828156142e-06
CPD-8915	47598	HMDB	HMDB0035762_1_shen	3-(Dimethylaminomethyl)indole	inchikey_connectivity_formula_mass	2	FALSE	TRUE	1.80000370164635e-09	4.50000925411587e-06
CPD-8915	47599	HMDB	HMDB0035762_2_shen	3-(Dimethylaminomethyl)indole	inchikey_connectivity_formula_mass	2	FALSE	TRUE	1.80000370164635e-09	4.50000925411587e-06
CPD-8915	47600	HMDB	HMDB0035762_3_shen	3-(Dimethylaminomethyl)indole	inchikey_connectivity_formula_mass	2	FALSE	TRUE	1.80000370164635e-09	4.50000925411587e-06
CPD-8915	47601	HMDB	HMDB0035762_4_shen	3-(Dimethylaminomethyl)indole	inchikey_connectivity_formula_mass	2	FALSE	TRUE	1.80000370164635e-09	4.50000925411587e-06
CPD-8915	47602	HMDB	HMDB0035762_5_shen	3-(Dimethylaminomethyl)indole	inchikey_connectivity_formula_mass	2	FALSE	TRUE	1.80000370164635e-09	4.50000925411587e-06
CPD-8915	47603	HMDB	HMDB0035762_6_shen	3-(Dimethylaminomethyl)indole	inchikey_connectivity_formula_mass	2	FALSE	TRUE	1.80000370164635e-09	4.50000925411587e-06
CPD-8915	47604	HMDB	HMDB0035762_7_shen	3-(Dimethylaminomethyl)indole	inchikey_connectivity_formula_mass	2	FALSE	TRUE	1.80000370164635e-09	4.50000925411587e-06
CPD-8915	47605	HMDB	HMDB0035762_8_shen	3-(Dimethylaminomethyl)indole	inchikey_connectivity_formula_mass	2	FALSE	TRUE	1.80000370164635e-09	4.50000925411587e-06
CPD-8915	47606	HMDB	HMDB0035762_9_shen	3-(Dimethylaminomethyl)indole	inchikey_connectivity_formula_mass	2	FALSE	TRUE	1.80000370164635e-09	4.50000925411587e-06
CPD-8915	47607	HMDB	HMDB0035762_10_shen	3-(Dimethylaminomethyl)indole	inchikey_connectivity_formula_mass	2	FALSE	TRUE	1.80000370164635e-09	4.50000925411587e-06
CPD-8915	47608	HMDB	HMDB0035762_11_shen	3-(Dimethylaminomethyl)indole	inchikey_connectivity_formula_mass	2	FALSE	TRUE	1.80000370164635e-09	4.50000925411587e-06
CPD-8915	47609	HMDB	HMDB0035762_12_shen	3-(Dimethylaminomethyl)indole	inchikey_connectivity_formula_mass	2	FALSE	TRUE	1.80000370164635e-09	4.50000925411587e-06
CPD-8915	47610	HMDB	HMDB0035762_13_shen	3-(Dimethylaminomethyl)indole	inchikey_connectivity_formula_mass	2	FALSE	TRUE	1.80000370164635e-09	4.50000925411587e-06
CPD-8915	47611	HMDB	HMDB0035762_14_shen	3-(Dimethylaminomethyl)indole	inchikey_connectivity_formula_mass	2	FALSE	TRUE	1.80000370164635e-09	4.50000925411587e-06
CPD-8915	47612	HMDB	HMDB0035762_15_shen	3-(Dimethylaminomethyl)indole	inchikey_connectivity_formula_mass	2	FALSE	TRUE	1.80000370164635e-09	4.50000925411587e-06
CPD-8915	47613	HMDB	HMDB0035762_16_shen	3-(Dimethylaminomethyl)indole	inchikey_connectivity_formula_mass	2	FALSE	TRUE	1.80000370164635e-09	4.50000925411587e-06
CPD-8915	47614	HMDB	HMDB0035762_17_shen	3-(Dimethylaminomethyl)indole	inchikey_connectivity_formula_mass	2	FALSE	TRUE	1.80000370164635e-09	4.50000925411587e-06
CPD-8915	47615	HMDB	HMDB0035762_18_shen	3-(Dimethylaminomethyl)indole	inchikey_connectivity_formula_mass	2	FALSE	TRUE	1.80000370164635e-09	4.50000925411587e-06
CPD-8915	47616	HMDB	HMDB0035762_19_shen	3-(Dimethylaminomethyl)indole	inchikey_connectivity_formula_mass	2	FALSE	TRUE	1.80000370164635e-09	4.50000925411587e-06
CPD-8915	47617	HMDB	HMDB0035762_20_shen	3-(Dimethylaminomethyl)indole	inchikey_connectivity_formula_mass	2	FALSE	TRUE	1.80000370164635e-09	4.50000925411587e-06
CPD-8915	47618	HMDB	HMDB0035762_21_shen	3-(Dimethylaminomethyl)indole	inchikey_connectivity_formula_mass	2	FALSE	TRUE	1.80000370164635e-09	4.50000925411587e-06
CPD-8915	47619	HMDB	HMDB0035762_22_shen	3-(Dimethylaminomethyl)indole	inchikey_connectivity_formula_mass	2	FALSE	TRUE	1.80000370164635e-09	4.50000925411587e-06
CPD-8915	47620	HMDB	HMDB0035762_23_shen	3-(Dimethylaminomethyl)indole	inchikey_connectivity_formula_mass	2	FALSE	TRUE	1.80000370164635e-09	4.50000925411587e-06
CPD-9250	47696	HMDB	HMDB0035892_1_shen	Ginsenoside Rb1	name_formula_mass	4	TRUE	TRUE	1.15001057565678e-08	1.03735118763339e-05
CPD-9250	47697	HMDB	HMDB0035892_2_shen	Ginsenoside Rb1	name_formula_mass	4	TRUE	TRUE	1.15001057565678e-08	1.03735118763339e-05
CPD-9250	47698	HMDB	HMDB0035892_3_shen	Ginsenoside Rb1	name_formula_mass	4	TRUE	TRUE	1.15001057565678e-08	1.03735118763339e-05
CPD-9250	47699	HMDB	HMDB0035892_4_shen	Ginsenoside Rb1	name_formula_mass	4	TRUE	TRUE	1.15001057565678e-08	1.03735118763339e-05
CPD-9250	47700	HMDB	HMDB0035892_5_shen	Ginsenoside Rb1	name_formula_mass	4	TRUE	TRUE	1.15001057565678e-08	1.03735118763339e-05
CPD-9250	47701	HMDB	HMDB0035892_6_shen	Ginsenoside Rb1	name_formula_mass	4	TRUE	TRUE	1.15001057565678e-08	1.03735118763339e-05
CPD-9250	47702	HMDB	HMDB0035892_7_shen	Ginsenoside Rb1	name_formula_mass	4	TRUE	TRUE	1.15001057565678e-08	1.03735118763339e-05
CPD-9250	47703	HMDB	HMDB0035892_8_shen	Ginsenoside Rb1	name_formula_mass	4	TRUE	TRUE	1.15001057565678e-08	1.03735118763339e-05
CPD-9250	47704	HMDB	HMDB0035892_9_shen	Ginsenoside Rb1	name_formula_mass	4	TRUE	TRUE	1.15001057565678e-08	1.03735118763339e-05
CPD-9250	47705	HMDB	HMDB0035892_10_shen	Ginsenoside Rb1	name_formula_mass	4	TRUE	TRUE	1.15001057565678e-08	1.03735118763339e-05
CPD-9250	47706	HMDB	HMDB0035892_11_shen	Ginsenoside Rb1	name_formula_mass	4	TRUE	TRUE	1.15001057565678e-08	1.03735118763339e-05
CPD-9250	47707	HMDB	HMDB0035892_12_shen	Ginsenoside Rb1	name_formula_mass	4	TRUE	TRUE	1.15001057565678e-08	1.03735118763339e-05
CPD-9250	47708	HMDB	HMDB0035892_13_shen	Ginsenoside Rb1	name_formula_mass	4	TRUE	TRUE	1.15001057565678e-08	1.03735118763339e-05
CPD-9250	47709	HMDB	HMDB0035892_14_shen	Ginsenoside Rb1	name_formula_mass	4	TRUE	TRUE	1.15001057565678e-08	1.03735118763339e-05
CPD-8997	47724	HMDB	HMDB0036101_1_shen	(R)-3,7-Dimethyl-1,6-octadien-3-ol	inchikey	1	TRUE	TRUE	1.89999127542251e-09	4.74997818855627e-06
CPD-8997	47725	HMDB	HMDB0036101_2_shen	(R)-3,7-Dimethyl-1,6-octadien-3-ol	inchikey	1	TRUE	TRUE	1.89999127542251e-09	4.74997818855627e-06
CPD-8997	47726	HMDB	HMDB0036101_3_shen	(R)-3,7-Dimethyl-1,6-octadien-3-ol	inchikey	1	TRUE	TRUE	1.89999127542251e-09	4.74997818855627e-06
CPD-16684	47744	HMDB	HMDB0036323_1_shen	Secoisolariciresinol 9,9'-diglucoside	name_formula_mass	4	TRUE	TRUE	6.20002538198605e-09	9.03426904702193e-06
CPD-16684	47745	HMDB	HMDB0036323_2_shen	Secoisolariciresinol 9,9'-diglucoside	name_formula_mass	4	TRUE	TRUE	6.20002538198605e-09	9.03426904702193e-06
CPD-16684	47746	HMDB	HMDB0036323_3_shen	Secoisolariciresinol 9,9'-diglucoside	name_formula_mass	4	TRUE	TRUE	6.20002538198605e-09	9.03426904702193e-06
CPD-16684	47747	HMDB	HMDB0036323_4_shen	Secoisolariciresinol 9,9'-diglucoside	name_formula_mass	4	TRUE	TRUE	6.20002538198605e-09	9.03426904702193e-06
CPD-16684	47748	HMDB	HMDB0036323_5_shen	Secoisolariciresinol 9,9'-diglucoside	name_formula_mass	4	TRUE	TRUE	6.20002538198605e-09	9.03426904702193e-06
CPD-16684	47749	HMDB	HMDB0036323_6_shen	Secoisolariciresinol 9,9'-diglucoside	name_formula_mass	4	TRUE	TRUE	6.20002538198605e-09	9.03426904702193e-06
CPD-16684	47750	HMDB	HMDB0036323_7_shen	Secoisolariciresinol 9,9'-diglucoside	name_formula_mass	4	TRUE	TRUE	6.20002538198605e-09	9.03426904702193e-06
CPD-16684	47751	HMDB	HMDB0036323_8_shen	Secoisolariciresinol 9,9'-diglucoside	name_formula_mass	4	TRUE	TRUE	6.20002538198605e-09	9.03426904702193e-06
CPD-16684	47752	HMDB	HMDB0036323_9_shen	Secoisolariciresinol 9,9'-diglucoside	name_formula_mass	4	TRUE	TRUE	6.20002538198605e-09	9.03426904702193e-06
CPD-16684	47753	HMDB	HMDB0036323_10_shen	Secoisolariciresinol 9,9'-diglucoside	name_formula_mass	4	TRUE	TRUE	6.20002538198605e-09	9.03426904702193e-06
CPD-16684	47754	HMDB	HMDB0036323_11_shen	Secoisolariciresinol 9,9'-diglucoside	name_formula_mass	4	TRUE	TRUE	6.20002538198605e-09	9.03426904702193e-06
CPD-16684	47755	HMDB	HMDB0036323_12_shen	Secoisolariciresinol 9,9'-diglucoside	name_formula_mass	4	TRUE	TRUE	6.20002538198605e-09	9.03426904702193e-06
CPD-16684	47756	HMDB	HMDB0036323_13_shen	Secoisolariciresinol 9,9'-diglucoside	name_formula_mass	4	TRUE	TRUE	6.20002538198605e-09	9.03426904702193e-06
CPD-16684	47757	HMDB	HMDB0036323_14_shen	Secoisolariciresinol 9,9'-diglucoside	name_formula_mass	4	TRUE	TRUE	6.20002538198605e-09	9.03426904702193e-06
CPD-16684	47758	HMDB	HMDB0036323_15_shen	Secoisolariciresinol 9,9'-diglucoside	name_formula_mass	4	TRUE	TRUE	6.20002538198605e-09	9.03426904702193e-06
CPD-16684	47759	HMDB	HMDB0036323_16_shen	Secoisolariciresinol 9,9'-diglucoside	name_formula_mass	4	TRUE	TRUE	6.20002538198605e-09	9.03426904702193e-06
CPD-16684	47760	HMDB	HMDB0036323_17_shen	Secoisolariciresinol 9,9'-diglucoside	name_formula_mass	4	TRUE	TRUE	6.20002538198605e-09	9.03426904702193e-06
CPD-16684	47761	HMDB	HMDB0036323_18_shen	Secoisolariciresinol 9,9'-diglucoside	name_formula_mass	4	TRUE	TRUE	6.20002538198605e-09	9.03426904702193e-06
CPD-16684	47762	HMDB	HMDB0036323_19_shen	Secoisolariciresinol 9,9'-diglucoside	name_formula_mass	4	TRUE	TRUE	6.20002538198605e-09	9.03426904702193e-06
CPD-16684	47763	HMDB	HMDB0036323_20_shen	Secoisolariciresinol 9,9'-diglucoside	name_formula_mass	4	TRUE	TRUE	6.20002538198605e-09	9.03426904702193e-06
CPD-16684	47764	HMDB	HMDB0036323_21_shen	Secoisolariciresinol 9,9'-diglucoside	name_formula_mass	4	TRUE	TRUE	6.20002538198605e-09	9.03426904702193e-06
CPD-16684	47765	HMDB	HMDB0036323_22_shen	Secoisolariciresinol 9,9'-diglucoside	name_formula_mass	4	TRUE	TRUE	6.20002538198605e-09	9.03426904702193e-06
CPD-16684	47766	HMDB	HMDB0036323_23_shen	Secoisolariciresinol 9,9'-diglucoside	name_formula_mass	4	TRUE	TRUE	6.20002538198605e-09	9.03426904702193e-06
CPD-16684	47767	HMDB	HMDB0036323_24_shen	Secoisolariciresinol 9,9'-diglucoside	name_formula_mass	4	TRUE	TRUE	6.20002538198605e-09	9.03426904702193e-06
CPD-68	47798	HMDB	HMDB0036458_1_shen	1-Aminocyclopropanecarboxylic acid	inchikey	1	TRUE	TRUE	1.09999120923021e-09	2.74997802307553e-06
CPD-68	47799	HMDB	HMDB0036458_2_shen	1-Aminocyclopropanecarboxylic acid	inchikey	1	TRUE	TRUE	1.09999120923021e-09	2.74997802307553e-06
CPD-68	47800	HMDB	HMDB0036458_3_shen	1-Aminocyclopropanecarboxylic acid	inchikey	1	TRUE	TRUE	1.09999120923021e-09	2.74997802307553e-06
CPD-68	47801	HMDB	HMDB0036458_4_shen	1-Aminocyclopropanecarboxylic acid	inchikey	1	TRUE	TRUE	1.09999120923021e-09	2.74997802307553e-06
CPD-68	47802	HMDB	HMDB0036458_5_shen	1-Aminocyclopropanecarboxylic acid	inchikey	1	TRUE	TRUE	1.09999120923021e-09	2.74997802307553e-06
CPD-68	47803	HMDB	HMDB0036458_6_shen	1-Aminocyclopropanecarboxylic acid	inchikey	1	TRUE	TRUE	1.09999120923021e-09	2.74997802307553e-06
CPD-68	47804	HMDB	HMDB0036458_7_shen	1-Aminocyclopropanecarboxylic acid	inchikey	1	TRUE	TRUE	1.09999120923021e-09	2.74997802307553e-06
CPD-68	47805	HMDB	HMDB0036458_8_shen	1-Aminocyclopropanecarboxylic acid	inchikey	1	TRUE	TRUE	1.09999120923021e-09	2.74997802307553e-06
CPD-68	47806	HMDB	HMDB0036458_9_shen	1-Aminocyclopropanecarboxylic acid	inchikey	1	TRUE	TRUE	1.09999120923021e-09	2.74997802307553e-06
CPD-68	47807	HMDB	HMDB0036458_10_shen	1-Aminocyclopropanecarboxylic acid	inchikey	1	TRUE	TRUE	1.09999120923021e-09	2.74997802307553e-06
CPD-68	47808	HMDB	HMDB0036458_11_shen	1-Aminocyclopropanecarboxylic acid	inchikey	1	TRUE	TRUE	1.09999120923021e-09	2.74997802307553e-06
CPD-68	47809	HMDB	HMDB0036458_12_shen	1-Aminocyclopropanecarboxylic acid	inchikey	1	TRUE	TRUE	1.09999120923021e-09	2.74997802307553e-06
CPD-68	47810	HMDB	HMDB0036458_13_shen	1-Aminocyclopropanecarboxylic acid	inchikey	1	TRUE	TRUE	1.09999120923021e-09	2.74997802307553e-06
CPD-68	47811	HMDB	HMDB0036458_14_shen	1-Aminocyclopropanecarboxylic acid	inchikey	1	TRUE	TRUE	1.09999120923021e-09	2.74997802307553e-06
CPD-68	47812	HMDB	HMDB0036458_15_shen	1-Aminocyclopropanecarboxylic acid	inchikey	1	TRUE	TRUE	1.09999120923021e-09	2.74997802307553e-06
CPD1F-2	47821	HMDB	HMDB0036583_1_shen	Methyl jasmonate	inchikey	1	TRUE	TRUE	2.29999841394601e-09	5.74999603486503e-06
CPD1F-2	47822	HMDB	HMDB0036583_2_shen	Methyl jasmonate	inchikey	1	TRUE	TRUE	2.29999841394601e-09	5.74999603486503e-06
CPD1F-2	47823	HMDB	HMDB0036583_3_shen	Methyl jasmonate	inchikey	1	TRUE	TRUE	2.29999841394601e-09	5.74999603486503e-06
CPD1F-2	47824	HMDB	HMDB0036583_4_shen	Methyl jasmonate	inchikey	1	TRUE	TRUE	2.29999841394601e-09	5.74999603486503e-06
CPD-3628	47835	HMDB	HMDB0036616_1_shen	Pseudobaptigenin	inchikey	1	TRUE	TRUE	1.499984136899e-09	3.7499603422475e-06
CPD-3628	47836	HMDB	HMDB0036616_2_shen	Pseudobaptigenin	inchikey	1	TRUE	TRUE	1.499984136899e-09	3.7499603422475e-06
CPD-3628	47837	HMDB	HMDB0036616_3_shen	Pseudobaptigenin	inchikey	1	TRUE	TRUE	1.499984136899e-09	3.7499603422475e-06
CPD-3628	47838	HMDB	HMDB0036616_4_shen	Pseudobaptigenin	inchikey	1	TRUE	TRUE	1.499984136899e-09	3.7499603422475e-06
CPD-3628	47839	HMDB	HMDB0036616_5_shen	Pseudobaptigenin	inchikey	1	TRUE	TRUE	1.499984136899e-09	3.7499603422475e-06
CPD-3628	47840	HMDB	HMDB0036616_6_shen	Pseudobaptigenin	inchikey	1	TRUE	TRUE	1.499984136899e-09	3.7499603422475e-06
CPD-3628	47841	HMDB	HMDB0036616_7_shen	Pseudobaptigenin	inchikey	1	TRUE	TRUE	1.499984136899e-09	3.7499603422475e-06
CPD-3628	47842	HMDB	HMDB0036616_8_shen	Pseudobaptigenin	inchikey	1	TRUE	TRUE	1.499984136899e-09	3.7499603422475e-06
CPD-3628	47843	HMDB	HMDB0036616_9_shen	Pseudobaptigenin	inchikey	1	TRUE	TRUE	1.499984136899e-09	3.7499603422475e-06
CPD-3628	47844	HMDB	HMDB0036616_10_shen	Pseudobaptigenin	inchikey	1	TRUE	TRUE	1.499984136899e-09	3.7499603422475e-06
CPD-8184	47845	HMDB	HMDB0036619_1_shen	5,7-Dihydroxyflavone	inchikey_connectivity_formula_mass	2	FALSE	TRUE	1.39999656312284e-09	3.4999914078071e-06
CPD-8184	47846	HMDB	HMDB0036619_2_shen	5,7-Dihydroxyflavone	inchikey_connectivity_formula_mass	2	FALSE	TRUE	1.39999656312284e-09	3.4999914078071e-06
CPD-8184	47847	HMDB	HMDB0036619_3_shen	5,7-Dihydroxyflavone	inchikey_connectivity_formula_mass	2	FALSE	TRUE	1.39999656312284e-09	3.4999914078071e-06
CPD-8184	47848	HMDB	HMDB0036619_4_shen	5,7-Dihydroxyflavone	inchikey_connectivity_formula_mass	2	FALSE	TRUE	1.39999656312284e-09	3.4999914078071e-06
CPD-8184	47849	HMDB	HMDB0036619_5_shen	5,7-Dihydroxyflavone	inchikey_connectivity_formula_mass	2	FALSE	TRUE	1.39999656312284e-09	3.4999914078071e-06
CPD-8184	47850	HMDB	HMDB0036619_6_shen	5,7-Dihydroxyflavone	inchikey_connectivity_formula_mass	2	FALSE	TRUE	1.39999656312284e-09	3.4999914078071e-06
CPD-8184	47851	HMDB	HMDB0036619_7_shen	5,7-Dihydroxyflavone	inchikey_connectivity_formula_mass	2	FALSE	TRUE	1.39999656312284e-09	3.4999914078071e-06
CPD-8184	47852	HMDB	HMDB0036619_8_shen	5,7-Dihydroxyflavone	inchikey_connectivity_formula_mass	2	FALSE	TRUE	1.39999656312284e-09	3.4999914078071e-06
CPD-8184	47853	HMDB	HMDB0036619_9_shen	5,7-Dihydroxyflavone	inchikey_connectivity_formula_mass	2	FALSE	TRUE	1.39999656312284e-09	3.4999914078071e-06
CPD-8184	47854	HMDB	HMDB0036619_10_shen	5,7-Dihydroxyflavone	inchikey_connectivity_formula_mass	2	FALSE	TRUE	1.39999656312284e-09	3.4999914078071e-06
CPD-8184	47855	HMDB	HMDB0036619_11_shen	5,7-Dihydroxyflavone	inchikey_connectivity_formula_mass	2	FALSE	TRUE	1.39999656312284e-09	3.4999914078071e-06
CPD-8184	47856	HMDB	HMDB0036619_12_shen	5,7-Dihydroxyflavone	inchikey_connectivity_formula_mass	2	FALSE	TRUE	1.39999656312284e-09	3.4999914078071e-06
CPD-8184	47857	HMDB	HMDB0036619_13_shen	5,7-Dihydroxyflavone	inchikey_connectivity_formula_mass	2	FALSE	TRUE	1.39999656312284e-09	3.4999914078071e-06
CPD-8184	47858	HMDB	HMDB0036619_14_shen	5,7-Dihydroxyflavone	inchikey_connectivity_formula_mass	2	FALSE	TRUE	1.39999656312284e-09	3.4999914078071e-06
CPD-8184	47859	HMDB	HMDB0036619_15_shen	5,7-Dihydroxyflavone	inchikey_connectivity_formula_mass	2	FALSE	TRUE	1.39999656312284e-09	3.4999914078071e-06
CPD-8184	47860	HMDB	HMDB0036619_16_shen	5,7-Dihydroxyflavone	inchikey_connectivity_formula_mass	2	FALSE	TRUE	1.39999656312284e-09	3.4999914078071e-06
CPD-8184	47861	HMDB	HMDB0036619_17_shen	5,7-Dihydroxyflavone	inchikey_connectivity_formula_mass	2	FALSE	TRUE	1.39999656312284e-09	3.4999914078071e-06
CPD-8184	47862	HMDB	HMDB0036619_18_shen	5,7-Dihydroxyflavone	inchikey_connectivity_formula_mass	2	FALSE	TRUE	1.39999656312284e-09	3.4999914078071e-06
CPD-8184	47863	HMDB	HMDB0036619_19_shen	5,7-Dihydroxyflavone	inchikey_connectivity_formula_mass	2	FALSE	TRUE	1.39999656312284e-09	3.4999914078071e-06
CPD-8184	47864	HMDB	HMDB0036619_20_shen	5,7-Dihydroxyflavone	inchikey_connectivity_formula_mass	2	FALSE	TRUE	1.39999656312284e-09	3.4999914078071e-06
CPD-8184	47865	HMDB	HMDB0036619_21_shen	5,7-Dihydroxyflavone	inchikey_connectivity_formula_mass	2	FALSE	TRUE	1.39999656312284e-09	3.4999914078071e-06
CPD-8184	47866	HMDB	HMDB0036619_22_shen	5,7-Dihydroxyflavone	inchikey_connectivity_formula_mass	2	FALSE	TRUE	1.39999656312284e-09	3.4999914078071e-06
CPD-8184	47867	HMDB	HMDB0036619_23_shen	5,7-Dihydroxyflavone	inchikey_connectivity_formula_mass	2	FALSE	TRUE	1.39999656312284e-09	3.4999914078071e-06
CPD-8184	47868	HMDB	HMDB0036619_24_shen	5,7-Dihydroxyflavone	inchikey_connectivity_formula_mass	2	FALSE	TRUE	1.39999656312284e-09	3.4999914078071e-06
CPD-8184	47869	HMDB	HMDB0036619_25_shen	5,7-Dihydroxyflavone	inchikey_connectivity_formula_mass	2	FALSE	TRUE	1.39999656312284e-09	3.4999914078071e-06
CPD-8184	47870	HMDB	HMDB0036619_26_shen	5,7-Dihydroxyflavone	inchikey_connectivity_formula_mass	2	FALSE	TRUE	1.39999656312284e-09	3.4999914078071e-06
CPD-8184	47871	HMDB	HMDB0036619_27_shen	5,7-Dihydroxyflavone	inchikey_connectivity_formula_mass	2	FALSE	TRUE	1.39999656312284e-09	3.4999914078071e-06
CPD-8184	47872	HMDB	HMDB0036619_28_shen	5,7-Dihydroxyflavone	inchikey_connectivity_formula_mass	2	FALSE	TRUE	1.39999656312284e-09	3.4999914078071e-06
CPD-8184	47873	HMDB	HMDB0036619_29_shen	5,7-Dihydroxyflavone	inchikey_connectivity_formula_mass	2	FALSE	TRUE	1.39999656312284e-09	3.4999914078071e-06
CPD-8184	47874	HMDB	HMDB0036619_30_shen	5,7-Dihydroxyflavone	inchikey_connectivity_formula_mass	2	FALSE	TRUE	1.39999656312284e-09	3.4999914078071e-06
CPD-8184	47875	HMDB	HMDB0036619_31_shen	5,7-Dihydroxyflavone	inchikey_connectivity_formula_mass	2	FALSE	TRUE	1.39999656312284e-09	3.4999914078071e-06
CPD-8184	47876	HMDB	HMDB0036619_32_shen	5,7-Dihydroxyflavone	inchikey_connectivity_formula_mass	2	FALSE	TRUE	1.39999656312284e-09	3.4999914078071e-06
CPD-8184	47877	HMDB	HMDB0036619_33_shen	5,7-Dihydroxyflavone	inchikey_connectivity_formula_mass	2	FALSE	TRUE	1.39999656312284e-09	3.4999914078071e-06
CPD-8184	47878	HMDB	HMDB0036619_34_shen	5,7-Dihydroxyflavone	inchikey_connectivity_formula_mass	2	FALSE	TRUE	1.39999656312284e-09	3.4999914078071e-06
CPD-8184	47879	HMDB	HMDB0036619_35_shen	5,7-Dihydroxyflavone	inchikey_connectivity_formula_mass	2	FALSE	TRUE	1.39999656312284e-09	3.4999914078071e-06
CPD-8184	47880	HMDB	HMDB0036619_36_shen	5,7-Dihydroxyflavone	inchikey_connectivity_formula_mass	2	FALSE	TRUE	1.39999656312284e-09	3.4999914078071e-06
CPD-8184	47881	HMDB	HMDB0036619_37_shen	5,7-Dihydroxyflavone	inchikey_connectivity_formula_mass	2	FALSE	TRUE	1.39999656312284e-09	3.4999914078071e-06
CPD-8184	47882	HMDB	HMDB0036619_38_shen	5,7-Dihydroxyflavone	inchikey_connectivity_formula_mass	2	FALSE	TRUE	1.39999656312284e-09	3.4999914078071e-06
CPD-8184	47883	HMDB	HMDB0036619_39_shen	5,7-Dihydroxyflavone	inchikey_connectivity_formula_mass	2	FALSE	TRUE	1.39999656312284e-09	3.4999914078071e-06
CPD-8184	47884	HMDB	HMDB0036619_40_shen	5,7-Dihydroxyflavone	inchikey_connectivity_formula_mass	2	FALSE	TRUE	1.39999656312284e-09	3.4999914078071e-06
CPD-8184	47885	HMDB	HMDB0036619_41_shen	5,7-Dihydroxyflavone	inchikey_connectivity_formula_mass	2	FALSE	TRUE	1.39999656312284e-09	3.4999914078071e-06
CPD-8184	47886	HMDB	HMDB0036619_42_shen	5,7-Dihydroxyflavone	inchikey_connectivity_formula_mass	2	FALSE	TRUE	1.39999656312284e-09	3.4999914078071e-06
CPD-8184	47887	HMDB	HMDB0036619_43_shen	5,7-Dihydroxyflavone	inchikey_connectivity_formula_mass	2	FALSE	TRUE	1.39999656312284e-09	3.4999914078071e-06
CPD-8184	47888	HMDB	HMDB0036619_44_shen	5,7-Dihydroxyflavone	inchikey_connectivity_formula_mass	2	FALSE	TRUE	1.39999656312284e-09	3.4999914078071e-06
CPD-8184	47889	HMDB	HMDB0036619_45_shen	5,7-Dihydroxyflavone	inchikey_connectivity_formula_mass	2	FALSE	TRUE	1.39999656312284e-09	3.4999914078071e-06
CPD-8184	47890	HMDB	HMDB0036619_46_shen	5,7-Dihydroxyflavone	inchikey_connectivity_formula_mass	2	FALSE	TRUE	1.39999656312284e-09	3.4999914078071e-06
CPD-8184	47891	HMDB	HMDB0036619_47_shen	5,7-Dihydroxyflavone	inchikey_connectivity_formula_mass	2	FALSE	TRUE	1.39999656312284e-09	3.4999914078071e-06
CPD-8184	47892	HMDB	HMDB0036619_48_shen	5,7-Dihydroxyflavone	inchikey_connectivity_formula_mass	2	FALSE	TRUE	1.39999656312284e-09	3.4999914078071e-06
CPD-8184	47893	HMDB	HMDB0036619_49_shen	5,7-Dihydroxyflavone	inchikey_connectivity_formula_mass	2	FALSE	TRUE	1.39999656312284e-09	3.4999914078071e-06
CPD-8184	47894	HMDB	HMDB0036619_50_shen	5,7-Dihydroxyflavone	inchikey_connectivity_formula_mass	2	FALSE	TRUE	1.39999656312284e-09	3.4999914078071e-06
CPD-8184	47895	HMDB	HMDB0036619_51_shen	5,7-Dihydroxyflavone	inchikey_connectivity_formula_mass	2	FALSE	TRUE	1.39999656312284e-09	3.4999914078071e-06
CPD-8184	47896	HMDB	HMDB0036619_52_shen	5,7-Dihydroxyflavone	inchikey_connectivity_formula_mass	2	FALSE	TRUE	1.39999656312284e-09	3.4999914078071e-06
CPD-8184	47897	HMDB	HMDB0036619_53_shen	5,7-Dihydroxyflavone	inchikey_connectivity_formula_mass	2	FALSE	TRUE	1.39999656312284e-09	3.4999914078071e-06
CPD-8184	47898	HMDB	HMDB0036619_54_shen	5,7-Dihydroxyflavone	inchikey_connectivity_formula_mass	2	FALSE	TRUE	1.39999656312284e-09	3.4999914078071e-06
CPD-8184	47899	HMDB	HMDB0036619_55_shen	5,7-Dihydroxyflavone	inchikey_connectivity_formula_mass	2	FALSE	TRUE	1.39999656312284e-09	3.4999914078071e-06
CPD-8184	47900	HMDB	HMDB0036619_56_shen	5,7-Dihydroxyflavone	inchikey_connectivity_formula_mass	2	FALSE	TRUE	1.39999656312284e-09	3.4999914078071e-06
CPD-8184	47901	HMDB	HMDB0036619_57_shen	5,7-Dihydroxyflavone	inchikey_connectivity_formula_mass	2	FALSE	TRUE	1.39999656312284e-09	3.4999914078071e-06
CPD-8184	47902	HMDB	HMDB0036619_58_shen	5,7-Dihydroxyflavone	inchikey_connectivity_formula_mass	2	FALSE	TRUE	1.39999656312284e-09	3.4999914078071e-06
CPD-8184	47903	HMDB	HMDB0036619_59_shen	5,7-Dihydroxyflavone	inchikey_connectivity_formula_mass	2	FALSE	TRUE	1.39999656312284e-09	3.4999914078071e-06
CPD-8184	47904	HMDB	HMDB0036619_60_shen	5,7-Dihydroxyflavone	inchikey_connectivity_formula_mass	2	FALSE	TRUE	1.39999656312284e-09	3.4999914078071e-06
CPD-8184	47905	HMDB	HMDB0036619_61_shen	5,7-Dihydroxyflavone	inchikey_connectivity_formula_mass	2	FALSE	TRUE	1.39999656312284e-09	3.4999914078071e-06
CPD-8184	47906	HMDB	HMDB0036619_62_shen	5,7-Dihydroxyflavone	inchikey_connectivity_formula_mass	2	FALSE	TRUE	1.39999656312284e-09	3.4999914078071e-06
CPD-8184	47907	HMDB	HMDB0036619_63_shen	5,7-Dihydroxyflavone	inchikey_connectivity_formula_mass	2	FALSE	TRUE	1.39999656312284e-09	3.4999914078071e-06
CPD-8184	47908	HMDB	HMDB0036619_64_shen	5,7-Dihydroxyflavone	inchikey_connectivity_formula_mass	2	FALSE	TRUE	1.39999656312284e-09	3.4999914078071e-06
CPD-8184	47909	HMDB	HMDB0036619_65_shen	5,7-Dihydroxyflavone	inchikey_connectivity_formula_mass	2	FALSE	TRUE	1.39999656312284e-09	3.4999914078071e-06
CPD-8184	47910	HMDB	HMDB0036619_66_shen	5,7-Dihydroxyflavone	inchikey_connectivity_formula_mass	2	FALSE	TRUE	1.39999656312284e-09	3.4999914078071e-06
CPD-8184	47911	HMDB	HMDB0036619_67_shen	5,7-Dihydroxyflavone	inchikey_connectivity_formula_mass	2	FALSE	TRUE	1.39999656312284e-09	3.4999914078071e-06
CPD-8184	47912	HMDB	HMDB0036619_68_shen	5,7-Dihydroxyflavone	inchikey_connectivity_formula_mass	2	FALSE	TRUE	1.39999656312284e-09	3.4999914078071e-06
CPD-8184	47913	HMDB	HMDB0036619_69_shen	5,7-Dihydroxyflavone	inchikey_connectivity_formula_mass	2	FALSE	TRUE	1.39999656312284e-09	3.4999914078071e-06
CPD-8184	47914	HMDB	HMDB0036619_70_shen	5,7-Dihydroxyflavone	inchikey_connectivity_formula_mass	2	FALSE	TRUE	1.39999656312284e-09	3.4999914078071e-06
CPD-8184	47915	HMDB	HMDB0036619_71_shen	5,7-Dihydroxyflavone	inchikey_connectivity_formula_mass	2	FALSE	TRUE	1.39999656312284e-09	3.4999914078071e-06
CPD-8184	47916	HMDB	HMDB0036619_72_shen	5,7-Dihydroxyflavone	inchikey_connectivity_formula_mass	2	FALSE	TRUE	1.39999656312284e-09	3.4999914078071e-06
CPD-8184	47917	HMDB	HMDB0036619_73_shen	5,7-Dihydroxyflavone	inchikey_connectivity_formula_mass	2	FALSE	TRUE	1.39999656312284e-09	3.4999914078071e-06
CPD-8184	47918	HMDB	HMDB0036619_74_shen	5,7-Dihydroxyflavone	inchikey_connectivity_formula_mass	2	FALSE	TRUE	1.39999656312284e-09	3.4999914078071e-06
CPD-8184	47919	HMDB	HMDB0036619_75_shen	5,7-Dihydroxyflavone	inchikey_connectivity_formula_mass	2	FALSE	TRUE	1.39999656312284e-09	3.4999914078071e-06
CPD-8184	47920	HMDB	HMDB0036619_76_shen	5,7-Dihydroxyflavone	inchikey_connectivity_formula_mass	2	FALSE	TRUE	1.39999656312284e-09	3.4999914078071e-06
CPD-8184	47921	HMDB	HMDB0036619_77_shen	5,7-Dihydroxyflavone	inchikey_connectivity_formula_mass	2	FALSE	TRUE	1.39999656312284e-09	3.4999914078071e-06
CPD-8184	47922	HMDB	HMDB0036619_78_shen	5,7-Dihydroxyflavone	inchikey_connectivity_formula_mass	2	FALSE	TRUE	1.39999656312284e-09	3.4999914078071e-06
CPD-8184	47923	HMDB	HMDB0036619_79_shen	5,7-Dihydroxyflavone	inchikey_connectivity_formula_mass	2	FALSE	TRUE	1.39999656312284e-09	3.4999914078071e-06
CPD-8184	47924	HMDB	HMDB0036619_80_shen	5,7-Dihydroxyflavone	inchikey_connectivity_formula_mass	2	FALSE	TRUE	1.39999656312284e-09	3.4999914078071e-06
CPD-8184	47925	HMDB	HMDB0036619_81_shen	5,7-Dihydroxyflavone	inchikey_connectivity_formula_mass	2	FALSE	TRUE	1.39999656312284e-09	3.4999914078071e-06
CPD-8184	47926	HMDB	HMDB0036619_82_shen	5,7-Dihydroxyflavone	inchikey_connectivity_formula_mass	2	FALSE	TRUE	1.39999656312284e-09	3.4999914078071e-06
CPD-8184	47927	HMDB	HMDB0036619_83_shen	5,7-Dihydroxyflavone	inchikey_connectivity_formula_mass	2	FALSE	TRUE	1.39999656312284e-09	3.4999914078071e-06
CPD-8184	47928	HMDB	HMDB0036619_84_shen	5,7-Dihydroxyflavone	inchikey_connectivity_formula_mass	2	FALSE	TRUE	1.39999656312284e-09	3.4999914078071e-06
CPD-8184	47929	HMDB	HMDB0036619_85_shen	5,7-Dihydroxyflavone	inchikey_connectivity_formula_mass	2	FALSE	TRUE	1.39999656312284e-09	3.4999914078071e-06
CPD-8184	47930	HMDB	HMDB0036619_86_shen	5,7-Dihydroxyflavone	inchikey_connectivity_formula_mass	2	FALSE	TRUE	1.39999656312284e-09	3.4999914078071e-06
CPD-8184	47931	HMDB	HMDB0036619_87_shen	5,7-Dihydroxyflavone	inchikey_connectivity_formula_mass	2	FALSE	TRUE	1.39999656312284e-09	3.4999914078071e-06
CPD-8184	47932	HMDB	HMDB0036619_88_shen	5,7-Dihydroxyflavone	inchikey_connectivity_formula_mass	2	FALSE	TRUE	1.39999656312284e-09	3.4999914078071e-06
CPD-8184	47933	HMDB	HMDB0036619_89_shen	5,7-Dihydroxyflavone	inchikey_connectivity_formula_mass	2	FALSE	TRUE	1.39999656312284e-09	3.4999914078071e-06
CPD-8184	47934	HMDB	HMDB0036619_90_shen	5,7-Dihydroxyflavone	inchikey_connectivity_formula_mass	2	FALSE	TRUE	1.39999656312284e-09	3.4999914078071e-06
CPD-8184	47935	HMDB	HMDB0036619_91_shen	5,7-Dihydroxyflavone	inchikey_connectivity_formula_mass	2	FALSE	TRUE	1.39999656312284e-09	3.4999914078071e-06
CPD-8184	47936	HMDB	HMDB0036619_92_shen	5,7-Dihydroxyflavone	inchikey_connectivity_formula_mass	2	FALSE	TRUE	1.39999656312284e-09	3.4999914078071e-06
CPD-8184	47937	HMDB	HMDB0036619_93_shen	5,7-Dihydroxyflavone	inchikey_connectivity_formula_mass	2	FALSE	TRUE	1.39999656312284e-09	3.4999914078071e-06
CPD-8184	47938	HMDB	HMDB0036619_94_shen	5,7-Dihydroxyflavone	inchikey_connectivity_formula_mass	2	FALSE	TRUE	1.39999656312284e-09	3.4999914078071e-06
CPD-8184	47939	HMDB	HMDB0036619_95_shen	5,7-Dihydroxyflavone	inchikey_connectivity_formula_mass	2	FALSE	TRUE	1.39999656312284e-09	3.4999914078071e-06
CPD-8184	47940	HMDB	HMDB0036619_96_shen	5,7-Dihydroxyflavone	inchikey_connectivity_formula_mass	2	FALSE	TRUE	1.39999656312284e-09	3.4999914078071e-06
CPD-8184	47941	HMDB	HMDB0036619_97_shen	5,7-Dihydroxyflavone	inchikey_connectivity_formula_mass	2	FALSE	TRUE	1.39999656312284e-09	3.4999914078071e-06
CPD-8184	47942	HMDB	HMDB0036619_98_shen	5,7-Dihydroxyflavone	inchikey_connectivity_formula_mass	2	FALSE	TRUE	1.39999656312284e-09	3.4999914078071e-06
CPD-8184	47943	HMDB	HMDB0036619_99_shen	5,7-Dihydroxyflavone	inchikey_connectivity_formula_mass	2	FALSE	TRUE	1.39999656312284e-09	3.4999914078071e-06
CPD-8184	47944	HMDB	HMDB0036619_100_shen	5,7-Dihydroxyflavone	inchikey_connectivity_formula_mass	2	FALSE	TRUE	1.39999656312284e-09	3.4999914078071e-06
CPD-8184	47945	HMDB	HMDB0036619_101_shen	5,7-Dihydroxyflavone	inchikey_connectivity_formula_mass	2	FALSE	TRUE	1.39999656312284e-09	3.4999914078071e-06
CPD-8184	47946	HMDB	HMDB0036619_102_shen	5,7-Dihydroxyflavone	inchikey_connectivity_formula_mass	2	FALSE	TRUE	1.39999656312284e-09	3.4999914078071e-06
CPD-8184	47947	HMDB	HMDB0036619_103_shen	5,7-Dihydroxyflavone	inchikey_connectivity_formula_mass	2	FALSE	TRUE	1.39999656312284e-09	3.4999914078071e-06
CPD-8184	47948	HMDB	HMDB0036619_104_shen	5,7-Dihydroxyflavone	inchikey_connectivity_formula_mass	2	FALSE	TRUE	1.39999656312284e-09	3.4999914078071e-06
CPD-8184	47949	HMDB	HMDB0036619_105_shen	5,7-Dihydroxyflavone	inchikey_connectivity_formula_mass	2	FALSE	TRUE	1.39999656312284e-09	3.4999914078071e-06
CPD-8184	47950	HMDB	HMDB0036619_106_shen	5,7-Dihydroxyflavone	inchikey_connectivity_formula_mass	2	FALSE	TRUE	1.39999656312284e-09	3.4999914078071e-06
CPD-8184	47951	HMDB	HMDB0036619_107_shen	5,7-Dihydroxyflavone	inchikey_connectivity_formula_mass	2	FALSE	TRUE	1.39999656312284e-09	3.4999914078071e-06
CPD-8184	47952	HMDB	HMDB0036619_108_shen	5,7-Dihydroxyflavone	inchikey_connectivity_formula_mass	2	FALSE	TRUE	1.39999656312284e-09	3.4999914078071e-06
CPD-8184	47953	HMDB	HMDB0036619_109_shen	5,7-Dihydroxyflavone	inchikey_connectivity_formula_mass	2	FALSE	TRUE	1.39999656312284e-09	3.4999914078071e-06
CPD-8184	47954	HMDB	HMDB0036619_110_shen	5,7-Dihydroxyflavone	inchikey_connectivity_formula_mass	2	FALSE	TRUE	1.39999656312284e-09	3.4999914078071e-06
CPD-8184	47955	HMDB	HMDB0036619_111_shen	5,7-Dihydroxyflavone	inchikey_connectivity_formula_mass	2	FALSE	TRUE	1.39999656312284e-09	3.4999914078071e-06
CPD-8184	47956	HMDB	HMDB0036619_112_shen	5,7-Dihydroxyflavone	inchikey_connectivity_formula_mass	2	FALSE	TRUE	1.39999656312284e-09	3.4999914078071e-06
CPD-8184	47957	HMDB	HMDB0036619_113_shen	5,7-Dihydroxyflavone	inchikey_connectivity_formula_mass	2	FALSE	TRUE	1.39999656312284e-09	3.4999914078071e-06
CPD-8184	47958	HMDB	HMDB0036619_114_shen	5,7-Dihydroxyflavone	inchikey_connectivity_formula_mass	2	FALSE	TRUE	1.39999656312284e-09	3.4999914078071e-06
CPD-8184	47959	HMDB	HMDB0036619_115_shen	5,7-Dihydroxyflavone	inchikey_connectivity_formula_mass	2	FALSE	TRUE	1.39999656312284e-09	3.4999914078071e-06
CPD-8184	47960	HMDB	HMDB0036619_116_shen	5,7-Dihydroxyflavone	inchikey_connectivity_formula_mass	2	FALSE	TRUE	1.39999656312284e-09	3.4999914078071e-06
CPD-8184	47961	HMDB	HMDB0036619_117_shen	5,7-Dihydroxyflavone	inchikey_connectivity_formula_mass	2	FALSE	TRUE	1.39999656312284e-09	3.4999914078071e-06
CPD-8184	47962	HMDB	HMDB0036619_118_shen	5,7-Dihydroxyflavone	inchikey_connectivity_formula_mass	2	FALSE	TRUE	1.39999656312284e-09	3.4999914078071e-06
CPD-8184	47963	HMDB	HMDB0036619_119_shen	5,7-Dihydroxyflavone	inchikey_connectivity_formula_mass	2	FALSE	TRUE	1.39999656312284e-09	3.4999914078071e-06
CPD-8184	47964	HMDB	HMDB0036619_120_shen	5,7-Dihydroxyflavone	inchikey_connectivity_formula_mass	2	FALSE	TRUE	1.39999656312284e-09	3.4999914078071e-06
CPD-8184	47965	HMDB	HMDB0036619_121_shen	5,7-Dihydroxyflavone	inchikey_connectivity_formula_mass	2	FALSE	TRUE	1.39999656312284e-09	3.4999914078071e-06
CPD-8184	47966	HMDB	HMDB0036619_122_shen	5,7-Dihydroxyflavone	inchikey_connectivity_formula_mass	2	FALSE	TRUE	1.39999656312284e-09	3.4999914078071e-06
CPD-8184	47967	HMDB	HMDB0036619_123_shen	5,7-Dihydroxyflavone	inchikey_connectivity_formula_mass	2	FALSE	TRUE	1.39999656312284e-09	3.4999914078071e-06
CPD-8184	47968	HMDB	HMDB0036619_124_shen	5,7-Dihydroxyflavone	inchikey_connectivity_formula_mass	2	FALSE	TRUE	1.39999656312284e-09	3.4999914078071e-06
CPD-8184	47969	HMDB	HMDB0036619_125_shen	5,7-Dihydroxyflavone	inchikey_connectivity_formula_mass	2	FALSE	TRUE	1.39999656312284e-09	3.4999914078071e-06
CPD-8184	47970	HMDB	HMDB0036619_126_shen	5,7-Dihydroxyflavone	inchikey_connectivity_formula_mass	2	FALSE	TRUE	1.39999656312284e-09	3.4999914078071e-06
CPD-8184	47971	HMDB	HMDB0036619_127_shen	5,7-Dihydroxyflavone	inchikey_connectivity_formula_mass	2	FALSE	TRUE	1.39999656312284e-09	3.4999914078071e-06
CPD-8184	47972	HMDB	HMDB0036619_128_shen	5,7-Dihydroxyflavone	inchikey_connectivity_formula_mass	2	FALSE	TRUE	1.39999656312284e-09	3.4999914078071e-06
CPD-8184	47973	HMDB	HMDB0036619_129_shen	5,7-Dihydroxyflavone	inchikey_connectivity_formula_mass	2	FALSE	TRUE	1.39999656312284e-09	3.4999914078071e-06
CPD-8184	47974	HMDB	HMDB0036619_130_shen	5,7-Dihydroxyflavone	inchikey_connectivity_formula_mass	2	FALSE	TRUE	1.39999656312284e-09	3.4999914078071e-06
CPD-8184	47975	HMDB	HMDB0036619_131_shen	5,7-Dihydroxyflavone	inchikey_connectivity_formula_mass	2	FALSE	TRUE	1.39999656312284e-09	3.4999914078071e-06
DIHYDROCOUMARIN	47993	HMDB	HMDB0036626_1_shen	3,4-Dihydro-2H-1-benzopyran-2-one	inchikey	1	TRUE	TRUE	1.00001784630877e-09	2.50004461577191e-06
DIHYDROCOUMARIN	47994	HMDB	HMDB0036626_2_shen	3,4-Dihydro-2H-1-benzopyran-2-one	inchikey	1	TRUE	TRUE	1.00001784630877e-09	2.50004461577191e-06
DIHYDROCOUMARIN	47995	HMDB	HMDB0036626_3_shen	3,4-Dihydro-2H-1-benzopyran-2-one	inchikey	1	TRUE	TRUE	1.00001784630877e-09	2.50004461577191e-06
DIHYDROCOUMARIN	47996	HMDB	HMDB0036626_4_shen	3,4-Dihydro-2H-1-benzopyran-2-one	inchikey	1	TRUE	TRUE	1.00001784630877e-09	2.50004461577191e-06
DIHYDROCOUMARIN	47997	HMDB	HMDB0036626_5_shen	3,4-Dihydro-2H-1-benzopyran-2-one	inchikey	1	TRUE	TRUE	1.00001784630877e-09	2.50004461577191e-06
DIHYDROCOUMARIN	47998	HMDB	HMDB0036626_6_shen	3,4-Dihydro-2H-1-benzopyran-2-one	inchikey	1	TRUE	TRUE	1.00001784630877e-09	2.50004461577191e-06
DIHYDROCOUMARIN	47999	HMDB	HMDB0036626_7_shen	3,4-Dihydro-2H-1-benzopyran-2-one	inchikey	1	TRUE	TRUE	1.00001784630877e-09	2.50004461577191e-06
DIHYDROCOUMARIN	48000	HMDB	HMDB0036626_8_shen	3,4-Dihydro-2H-1-benzopyran-2-one	inchikey	1	TRUE	TRUE	1.00001784630877e-09	2.50004461577191e-06
Maackiain	48001	HMDB	HMDB0036629_shen	(-)-Maackiain	inchikey	1	TRUE	TRUE	1.70001612787019e-09	4.25004031967546e-06
CPD-4222	48002	HMDB	HMDB0036630_1_shen	Trifolirhizin	name_formula_mass	4	TRUE	TRUE	3.20000026476919e-09	7.17293768939118e-06
CPD-4222	48003	HMDB	HMDB0036630_2_shen	Trifolirhizin	name_formula_mass	4	TRUE	TRUE	3.20000026476919e-09	7.17293768939118e-06
CPD-4222	48004	HMDB	HMDB0036630_3_shen	Trifolirhizin	name_formula_mass	4	TRUE	TRUE	3.20000026476919e-09	7.17293768939118e-06
CPD-4222	48005	HMDB	HMDB0036630_4_shen	Trifolirhizin	name_formula_mass	4	TRUE	TRUE	3.20000026476919e-09	7.17293768939118e-06
CPD-4222	48006	HMDB	HMDB0036630_5_shen	Trifolirhizin	name_formula_mass	4	TRUE	TRUE	3.20000026476919e-09	7.17293768939118e-06
CPD-4222	48007	HMDB	HMDB0036630_6_shen	Trifolirhizin	name_formula_mass	4	TRUE	TRUE	3.20000026476919e-09	7.17293768939118e-06
CPD-4222	48008	HMDB	HMDB0036630_7_shen	Trifolirhizin	name_formula_mass	4	TRUE	TRUE	3.20000026476919e-09	7.17293768939118e-06
CPD-4222	48009	HMDB	HMDB0036630_8_shen	Trifolirhizin	name_formula_mass	4	TRUE	TRUE	3.20000026476919e-09	7.17293768939118e-06
CPD-4222	48010	HMDB	HMDB0036630_9_shen	Trifolirhizin	name_formula_mass	4	TRUE	TRUE	3.20000026476919e-09	7.17293768939118e-06
CPD-4222	48011	HMDB	HMDB0036630_10_shen	Trifolirhizin	name_formula_mass	4	TRUE	TRUE	3.20000026476919e-09	7.17293768939118e-06
CPD-4222	48012	HMDB	HMDB0036630_11_shen	Trifolirhizin	name_formula_mass	4	TRUE	TRUE	3.20000026476919e-09	7.17293768939118e-06
CPD-4222	48013	HMDB	HMDB0036630_12_shen	Trifolirhizin	name_formula_mass	4	TRUE	TRUE	3.20000026476919e-09	7.17293768939118e-06
CPD-12447	48017	HMDB	HMDB0036634_1_shen	Phlorizin	inchikey_connectivity_formula_mass	2	FALSE	TRUE	3.40003225574037e-09	7.79579047176532e-06
CPD-12447	48018	HMDB	HMDB0036634_2_shen	Phlorizin	inchikey_connectivity_formula_mass	2	FALSE	TRUE	3.40003225574037e-09	7.79579047176532e-06
CPD-12447	48019	HMDB	HMDB0036634_3_shen	Phlorizin	inchikey_connectivity_formula_mass	2	FALSE	TRUE	3.40003225574037e-09	7.79579047176532e-06
CPD-12447	48020	HMDB	HMDB0036634_4_shen	Phlorizin	inchikey_connectivity_formula_mass	2	FALSE	TRUE	3.40003225574037e-09	7.79579047176532e-06
CPD-12447	48021	HMDB	HMDB0036634_5_shen	Phlorizin	inchikey_connectivity_formula_mass	2	FALSE	TRUE	3.40003225574037e-09	7.79579047176532e-06
CPD-12447	48022	HMDB	HMDB0036634_6_shen	Phlorizin	inchikey_connectivity_formula_mass	2	FALSE	TRUE	3.40003225574037e-09	7.79579047176532e-06
CPD-12447	48023	HMDB	HMDB0036634_7_shen	Phlorizin	inchikey_connectivity_formula_mass	2	FALSE	TRUE	3.40003225574037e-09	7.79579047176532e-06
CPD-12447	48024	HMDB	HMDB0036634_8_shen	Phlorizin	inchikey_connectivity_formula_mass	2	FALSE	TRUE	3.40003225574037e-09	7.79579047176532e-06
CPD-12447	48025	HMDB	HMDB0036634_9_shen	Phlorizin	inchikey_connectivity_formula_mass	2	FALSE	TRUE	3.40003225574037e-09	7.79579047176532e-06
CPD-12447	48026	HMDB	HMDB0036634_10_shen	Phlorizin	inchikey_connectivity_formula_mass	2	FALSE	TRUE	3.40003225574037e-09	7.79579047176532e-06
CPD-12447	48027	HMDB	HMDB0036634_11_shen	Phlorizin	inchikey_connectivity_formula_mass	2	FALSE	TRUE	3.40003225574037e-09	7.79579047176532e-06
CPD-12447	48028	HMDB	HMDB0036634_12_shen	Phlorizin	inchikey_connectivity_formula_mass	2	FALSE	TRUE	3.40003225574037e-09	7.79579047176532e-06
CPD-12447	48029	HMDB	HMDB0036634_13_shen	Phlorizin	inchikey_connectivity_formula_mass	2	FALSE	TRUE	3.40003225574037e-09	7.79579047176532e-06
CPD-12447	48030	HMDB	HMDB0036634_14_shen	Phlorizin	inchikey_connectivity_formula_mass	2	FALSE	TRUE	3.40003225574037e-09	7.79579047176532e-06
CPD-12447	48031	HMDB	HMDB0036634_15_shen	Phlorizin	inchikey_connectivity_formula_mass	2	FALSE	TRUE	3.40003225574037e-09	7.79579047176532e-06
CPD-12447	48032	HMDB	HMDB0036634_16_shen	Phlorizin	inchikey_connectivity_formula_mass	2	FALSE	TRUE	3.40003225574037e-09	7.79579047176532e-06
CPD-12447	48033	HMDB	HMDB0036634_17_shen	Phlorizin	inchikey_connectivity_formula_mass	2	FALSE	TRUE	3.40003225574037e-09	7.79579047176532e-06
CPD-12447	48034	HMDB	HMDB0036634_18_shen	Phlorizin	inchikey_connectivity_formula_mass	2	FALSE	TRUE	3.40003225574037e-09	7.79579047176532e-06
CPD-12447	48035	HMDB	HMDB0036634_19_shen	Phlorizin	inchikey_connectivity_formula_mass	2	FALSE	TRUE	3.40003225574037e-09	7.79579047176532e-06
CPD-12447	48036	HMDB	HMDB0036634_20_shen	Phlorizin	inchikey_connectivity_formula_mass	2	FALSE	TRUE	3.40003225574037e-09	7.79579047176532e-06
CPD-12447	48037	HMDB	HMDB0036634_21_shen	Phlorizin	inchikey_connectivity_formula_mass	2	FALSE	TRUE	3.40003225574037e-09	7.79579047176532e-06
CPD-12447	48038	HMDB	HMDB0036634_22_shen	Phlorizin	inchikey_connectivity_formula_mass	2	FALSE	TRUE	3.40003225574037e-09	7.79579047176532e-06
CPD-12447	48039	HMDB	HMDB0036634_23_shen	Phlorizin	inchikey_connectivity_formula_mass	2	FALSE	TRUE	3.40003225574037e-09	7.79579047176532e-06
CPD-12447	48040	HMDB	HMDB0036634_24_shen	Phlorizin	inchikey_connectivity_formula_mass	2	FALSE	TRUE	3.40003225574037e-09	7.79579047176532e-06
CPD-12447	48041	HMDB	HMDB0036634_25_shen	Phlorizin	inchikey_connectivity_formula_mass	2	FALSE	TRUE	3.40003225574037e-09	7.79579047176532e-06
CPD-12447	48042	HMDB	HMDB0036634_26_shen	Phlorizin	inchikey_connectivity_formula_mass	2	FALSE	TRUE	3.40003225574037e-09	7.79579047176532e-06
CPD-12447	48043	HMDB	HMDB0036634_27_shen	Phlorizin	inchikey_connectivity_formula_mass	2	FALSE	TRUE	3.40003225574037e-09	7.79579047176532e-06
CPD-12447	48044	HMDB	HMDB0036634_28_shen	Phlorizin	inchikey_connectivity_formula_mass	2	FALSE	TRUE	3.40003225574037e-09	7.79579047176532e-06
CPD-12447	48045	HMDB	HMDB0036634_29_shen	Phlorizin	inchikey_connectivity_formula_mass	2	FALSE	TRUE	3.40003225574037e-09	7.79579047176532e-06
CPD-12447	48046	HMDB	HMDB0036634_30_shen	Phlorizin	inchikey_connectivity_formula_mass	2	FALSE	TRUE	3.40003225574037e-09	7.79579047176532e-06
CPD-12447	48047	HMDB	HMDB0036634_31_shen	Phlorizin	inchikey_connectivity_formula_mass	2	FALSE	TRUE	3.40003225574037e-09	7.79579047176532e-06
CPD-12447	48048	HMDB	HMDB0036634_32_shen	Phlorizin	inchikey_connectivity_formula_mass	2	FALSE	TRUE	3.40003225574037e-09	7.79579047176532e-06
CPD-12447	48049	HMDB	HMDB0036634_33_shen	Phlorizin	inchikey_connectivity_formula_mass	2	FALSE	TRUE	3.40003225574037e-09	7.79579047176532e-06
CPD-12447	48050	HMDB	HMDB0036634_34_shen	Phlorizin	inchikey_connectivity_formula_mass	2	FALSE	TRUE	3.40003225574037e-09	7.79579047176532e-06
CPD-12447	48051	HMDB	HMDB0036634_35_shen	Phlorizin	inchikey_connectivity_formula_mass	2	FALSE	TRUE	3.40003225574037e-09	7.79579047176532e-06
CPD-14503	48078	HMDB	HMDB0036707_1_shen	Steviobioside	inchikey_connectivity_formula_mass	2	FALSE	TRUE	2.23000142796081e-08	3.47176419419852e-05
CPD-14503	48079	HMDB	HMDB0036707_2_shen	Steviobioside	inchikey_connectivity_formula_mass	2	FALSE	TRUE	2.23000142796081e-08	3.47176419419852e-05
CPD-14503	48080	HMDB	HMDB0036707_3_shen	Steviobioside	inchikey_connectivity_formula_mass	2	FALSE	TRUE	2.23000142796081e-08	3.47176419419852e-05
CPD-14491	48090	HMDB	HMDB0036838_1_shen	Betulin	inchikey	1	TRUE	TRUE	8.00014277047012e-10	1.80842787289026e-06
CPD-14491	48091	HMDB	HMDB0036838_2_shen	Betulin	inchikey	1	TRUE	TRUE	8.00014277047012e-10	1.80842787289026e-06
CPD-14491	48092	HMDB	HMDB0036838_3_shen	Betulin	inchikey	1	TRUE	TRUE	8.00014277047012e-10	1.80842787289026e-06
CPD-638	48164	HMDB	HMDB0036901_1_shen	Gibberellin A44	name_formula_mass	4	FALSE	TRUE	3.10001269099303e-09	7.75003172748256e-06
CPD-638	48165	HMDB	HMDB0036901_2_shen	Gibberellin A44	name_formula_mass	4	FALSE	TRUE	3.10001269099303e-09	7.75003172748256e-06
CPD-638	48166	HMDB	HMDB0036901_3_shen	Gibberellin A44	name_formula_mass	4	FALSE	TRUE	3.10001269099303e-09	7.75003172748256e-06
CPD-638	48167	HMDB	HMDB0036901_4_shen	Gibberellin A44	name_formula_mass	4	FALSE	TRUE	3.10001269099303e-09	7.75003172748256e-06
CPD1F-98	48168	HMDB	HMDB0036927_1_shen	7,7',8,8'-Tetrahydrolycopene	inchikey	1	TRUE	TRUE	5.99993654759601e-09	1.11013415673129e-05
CPD1F-98	48169	HMDB	HMDB0036927_2_shen	7,7',8,8'-Tetrahydrolycopene	inchikey	1	TRUE	TRUE	5.99993654759601e-09	1.11013415673129e-05
CPD-9981	48170	HMDB	HMDB0037028_shen	Deoxyloganic acid	name_formula_mass	4	FALSE	TRUE	3.29998783854535e-09	8.24996959636337e-06
CPD-10468	48200	HMDB	HMDB0037115_1_shen	(±)-2-Hydroxy-4-(methylthio)butanoic acid	name_formula_mass	4	FALSE	TRUE	1.30000898934668e-09	3.2500224733667e-06
CPD-10468	48201	HMDB	HMDB0037115_2_shen	(±)-2-Hydroxy-4-(methylthio)butanoic acid	name_formula_mass	4	FALSE	TRUE	1.30000898934668e-09	3.2500224733667e-06
CPD-10468	48202	HMDB	HMDB0037115_3_shen	(±)-2-Hydroxy-4-(methylthio)butanoic acid	name_formula_mass	4	FALSE	TRUE	1.30000898934668e-09	3.2500224733667e-06
CPD-6561	48247	HMDB	HMDB0037265_1_shen	HDMBOA-Glc	name_formula_mass	4	TRUE	TRUE	3.30004468196421e-09	8.25011170491052e-06
CPD-6561	48248	HMDB	HMDB0037265_2_shen	HDMBOA-Glc	name_formula_mass	4	TRUE	TRUE	3.30004468196421e-09	8.25011170491052e-06
CPD-3041	48249	HMDB	HMDB0037316_1_shen	Isoliquiritigenin	inchikey	1	TRUE	TRUE	1.60002855409402e-09	4.00007138523506e-06
CPD-3041	48250	HMDB	HMDB0037316_2_shen	Isoliquiritigenin	inchikey	1	TRUE	TRUE	1.60002855409402e-09	4.00007138523506e-06
CPD-3041	48251	HMDB	HMDB0037316_3_shen	Isoliquiritigenin	inchikey	1	TRUE	TRUE	1.60002855409402e-09	4.00007138523506e-06
CPD-3041	48252	HMDB	HMDB0037316_4_shen	Isoliquiritigenin	inchikey	1	TRUE	TRUE	1.60002855409402e-09	4.00007138523506e-06
CPD-3041	48253	HMDB	HMDB0037316_5_shen	Isoliquiritigenin	inchikey	1	TRUE	TRUE	1.60002855409402e-09	4.00007138523506e-06
CPD-3041	48254	HMDB	HMDB0037316_6_shen	Isoliquiritigenin	inchikey	1	TRUE	TRUE	1.60002855409402e-09	4.00007138523506e-06
CPD-3041	48255	HMDB	HMDB0037316_7_shen	Isoliquiritigenin	inchikey	1	TRUE	TRUE	1.60002855409402e-09	4.00007138523506e-06
CPD-3041	48256	HMDB	HMDB0037316_8_shen	Isoliquiritigenin	inchikey	1	TRUE	TRUE	1.60002855409402e-09	4.00007138523506e-06
CPD-3041	48257	HMDB	HMDB0037316_9_shen	Isoliquiritigenin	inchikey	1	TRUE	TRUE	1.60002855409402e-09	4.00007138523506e-06
CPD-3041	48258	HMDB	HMDB0037316_10_shen	Isoliquiritigenin	inchikey	1	TRUE	TRUE	1.60002855409402e-09	4.00007138523506e-06
CPD-3041	48259	HMDB	HMDB0037316_11_shen	Isoliquiritigenin	inchikey	1	TRUE	TRUE	1.60002855409402e-09	4.00007138523506e-06
CPD-3041	48260	HMDB	HMDB0037316_12_shen	Isoliquiritigenin	inchikey	1	TRUE	TRUE	1.60002855409402e-09	4.00007138523506e-06
CPD-3041	48261	HMDB	HMDB0037316_13_shen	Isoliquiritigenin	inchikey	1	TRUE	TRUE	1.60002855409402e-09	4.00007138523506e-06
CPD-3041	48262	HMDB	HMDB0037316_14_shen	Isoliquiritigenin	inchikey	1	TRUE	TRUE	1.60002855409402e-09	4.00007138523506e-06
CPD-3041	48263	HMDB	HMDB0037316_15_shen	Isoliquiritigenin	inchikey	1	TRUE	TRUE	1.60002855409402e-09	4.00007138523506e-06
CPD-3041	48264	HMDB	HMDB0037316_16_shen	Isoliquiritigenin	inchikey	1	TRUE	TRUE	1.60002855409402e-09	4.00007138523506e-06
CPD-3041	48265	HMDB	HMDB0037316_17_shen	Isoliquiritigenin	inchikey	1	TRUE	TRUE	1.60002855409402e-09	4.00007138523506e-06
CPD-3041	48266	HMDB	HMDB0037316_18_shen	Isoliquiritigenin	inchikey	1	TRUE	TRUE	1.60002855409402e-09	4.00007138523506e-06
CPD-3041	48267	HMDB	HMDB0037316_19_shen	Isoliquiritigenin	inchikey	1	TRUE	TRUE	1.60002855409402e-09	4.00007138523506e-06
CPD-3041	48268	HMDB	HMDB0037316_20_shen	Isoliquiritigenin	inchikey	1	TRUE	TRUE	1.60002855409402e-09	4.00007138523506e-06
CPD-3041	48269	HMDB	HMDB0037316_21_shen	Isoliquiritigenin	inchikey	1	TRUE	TRUE	1.60002855409402e-09	4.00007138523506e-06
CPD-3041	48270	HMDB	HMDB0037316_22_shen	Isoliquiritigenin	inchikey	1	TRUE	TRUE	1.60002855409402e-09	4.00007138523506e-06
CPD-3041	48271	HMDB	HMDB0037316_23_shen	Isoliquiritigenin	inchikey	1	TRUE	TRUE	1.60002855409402e-09	4.00007138523506e-06
CPD-3041	48272	HMDB	HMDB0037316_24_shen	Isoliquiritigenin	inchikey	1	TRUE	TRUE	1.60002855409402e-09	4.00007138523506e-06
CPD-3041	48273	HMDB	HMDB0037316_25_shen	Isoliquiritigenin	inchikey	1	TRUE	TRUE	1.60002855409402e-09	4.00007138523506e-06
CPD-3041	48274	HMDB	HMDB0037316_26_shen	Isoliquiritigenin	inchikey	1	TRUE	TRUE	1.60002855409402e-09	4.00007138523506e-06
CPD-3041	48275	HMDB	HMDB0037316_27_shen	Isoliquiritigenin	inchikey	1	TRUE	TRUE	1.60002855409402e-09	4.00007138523506e-06
CPD-3041	48276	HMDB	HMDB0037316_28_shen	Isoliquiritigenin	inchikey	1	TRUE	TRUE	1.60002855409402e-09	4.00007138523506e-06
CPD-3041	48277	HMDB	HMDB0037316_29_shen	Isoliquiritigenin	inchikey	1	TRUE	TRUE	1.60002855409402e-09	4.00007138523506e-06
CPD-3041	48278	HMDB	HMDB0037316_30_shen	Isoliquiritigenin	inchikey	1	TRUE	TRUE	1.60002855409402e-09	4.00007138523506e-06
CPD-3041	48279	HMDB	HMDB0037316_31_shen	Isoliquiritigenin	inchikey	1	TRUE	TRUE	1.60002855409402e-09	4.00007138523506e-06
CPD-3041	48280	HMDB	HMDB0037316_32_shen	Isoliquiritigenin	inchikey	1	TRUE	TRUE	1.60002855409402e-09	4.00007138523506e-06
CPD-3041	48281	HMDB	HMDB0037316_33_shen	Isoliquiritigenin	inchikey	1	TRUE	TRUE	1.60002855409402e-09	4.00007138523506e-06
CPD-3361	48282	HMDB	HMDB0037319_shen	2'-O-Methylisoliquiritigenin	inchikey	1	TRUE	TRUE	1.80000370164635e-09	4.50000925411587e-06
APIGENIN-7-O-BETA-D-GLUCOSIDE	48300	HMDB	HMDB0037340_1_shen	Cosmosiin	inchikey_connectivity_formula_mass	2	FALSE	TRUE	1.90000264410628e-08	4.3970789502519e-05
APIGENIN-7-O-BETA-D-GLUCOSIDE	48301	HMDB	HMDB0037340_2_shen	Cosmosiin	inchikey_connectivity_formula_mass	2	FALSE	TRUE	1.90000264410628e-08	4.3970789502519e-05
APIGENIN-7-O-BETA-D-GLUCOSIDE	48302	HMDB	HMDB0037340_3_shen	Cosmosiin	inchikey_connectivity_formula_mass	2	FALSE	TRUE	1.90000264410628e-08	4.3970789502519e-05
APIGENIN-7-O-BETA-D-GLUCOSIDE	48303	HMDB	HMDB0037340_4_shen	Cosmosiin	inchikey_connectivity_formula_mass	2	FALSE	TRUE	1.90000264410628e-08	4.3970789502519e-05
APIGENIN-7-O-BETA-D-GLUCOSIDE	48304	HMDB	HMDB0037340_5_shen	Cosmosiin	inchikey_connectivity_formula_mass	2	FALSE	TRUE	1.90000264410628e-08	4.3970789502519e-05
APIGENIN-7-O-BETA-D-GLUCOSIDE	48305	HMDB	HMDB0037340_6_shen	Cosmosiin	inchikey_connectivity_formula_mass	2	FALSE	TRUE	1.90000264410628e-08	4.3970789502519e-05
APIGENIN-7-O-BETA-D-GLUCOSIDE	48306	HMDB	HMDB0037340_7_shen	Cosmosiin	inchikey_connectivity_formula_mass	2	FALSE	TRUE	1.90000264410628e-08	4.3970789502519e-05
APIGENIN-7-O-BETA-D-GLUCOSIDE	48307	HMDB	HMDB0037340_8_shen	Cosmosiin	inchikey_connectivity_formula_mass	2	FALSE	TRUE	1.90000264410628e-08	4.3970789502519e-05
APIGENIN-7-O-BETA-D-GLUCOSIDE	48308	HMDB	HMDB0037340_9_shen	Cosmosiin	inchikey_connectivity_formula_mass	2	FALSE	TRUE	1.90000264410628e-08	4.3970789502519e-05
APIGENIN-7-O-BETA-D-GLUCOSIDE	48309	HMDB	HMDB0037340_10_shen	Cosmosiin	inchikey_connectivity_formula_mass	2	FALSE	TRUE	1.90000264410628e-08	4.3970789502519e-05
APIGENIN-7-O-BETA-D-GLUCOSIDE	48310	HMDB	HMDB0037340_11_shen	Cosmosiin	inchikey_connectivity_formula_mass	2	FALSE	TRUE	1.90000264410628e-08	4.3970789502519e-05
APIGENIN-7-O-BETA-D-GLUCOSIDE	48311	HMDB	HMDB0037340_12_shen	Cosmosiin	inchikey_connectivity_formula_mass	2	FALSE	TRUE	1.90000264410628e-08	4.3970789502519e-05
APIGENIN-7-O-BETA-D-GLUCOSIDE	48312	HMDB	HMDB0037340_13_shen	Cosmosiin	inchikey_connectivity_formula_mass	2	FALSE	TRUE	1.90000264410628e-08	4.3970789502519e-05
APIGENIN-7-O-BETA-D-GLUCOSIDE	48313	HMDB	HMDB0037340_14_shen	Cosmosiin	inchikey_connectivity_formula_mass	2	FALSE	TRUE	1.90000264410628e-08	4.3970789502519e-05
APIGENIN-7-O-BETA-D-GLUCOSIDE	48314	HMDB	HMDB0037340_15_shen	Cosmosiin	inchikey_connectivity_formula_mass	2	FALSE	TRUE	1.90000264410628e-08	4.3970789502519e-05
APIGENIN-7-O-BETA-D-GLUCOSIDE	48315	HMDB	HMDB0037340_16_shen	Cosmosiin	inchikey_connectivity_formula_mass	2	FALSE	TRUE	1.90000264410628e-08	4.3970789502519e-05
APIGENIN-7-O-BETA-D-GLUCOSIDE	48316	HMDB	HMDB0037340_17_shen	Cosmosiin	inchikey_connectivity_formula_mass	2	FALSE	TRUE	1.90000264410628e-08	4.3970789502519e-05
APIGENIN-7-O-BETA-D-GLUCOSIDE	48317	HMDB	HMDB0037340_18_shen	Cosmosiin	inchikey_connectivity_formula_mass	2	FALSE	TRUE	1.90000264410628e-08	4.3970789502519e-05
APIGENIN-7-O-BETA-D-GLUCOSIDE	48318	HMDB	HMDB0037340_19_shen	Cosmosiin	inchikey_connectivity_formula_mass	2	FALSE	TRUE	1.90000264410628e-08	4.3970789502519e-05
APIGENIN-7-O-BETA-D-GLUCOSIDE	48319	HMDB	HMDB0037340_20_shen	Cosmosiin	inchikey_connectivity_formula_mass	2	FALSE	TRUE	1.90000264410628e-08	4.3970789502519e-05
APIGENIN-7-O-BETA-D-GLUCOSIDE	48320	HMDB	HMDB0037340_21_shen	Cosmosiin	inchikey_connectivity_formula_mass	2	FALSE	TRUE	1.90000264410628e-08	4.3970789502519e-05
APIGENIN-7-O-BETA-D-GLUCOSIDE	48321	HMDB	HMDB0037340_22_shen	Cosmosiin	inchikey_connectivity_formula_mass	2	FALSE	TRUE	1.90000264410628e-08	4.3970789502519e-05
APIGENIN-7-O-BETA-D-GLUCOSIDE	48322	HMDB	HMDB0037340_23_shen	Cosmosiin	inchikey_connectivity_formula_mass	2	FALSE	TRUE	1.90000264410628e-08	4.3970789502519e-05
APIGENIN-7-O-BETA-D-GLUCOSIDE	48323	HMDB	HMDB0037340_24_shen	Cosmosiin	inchikey_connectivity_formula_mass	2	FALSE	TRUE	1.90000264410628e-08	4.3970789502519e-05
APIGENIN-7-O-BETA-D-GLUCOSIDE	48324	HMDB	HMDB0037340_25_shen	Cosmosiin	inchikey_connectivity_formula_mass	2	FALSE	TRUE	1.90000264410628e-08	4.3970789502519e-05
APIGENIN-7-O-BETA-D-GLUCOSIDE	48325	HMDB	HMDB0037340_26_shen	Cosmosiin	inchikey_connectivity_formula_mass	2	FALSE	TRUE	1.90000264410628e-08	4.3970789502519e-05
APIGENIN-7-O-BETA-D-GLUCOSIDE	48326	HMDB	HMDB0037340_27_shen	Cosmosiin	inchikey_connectivity_formula_mass	2	FALSE	TRUE	1.90000264410628e-08	4.3970789502519e-05
APIGENIN-7-O-BETA-D-GLUCOSIDE	48327	HMDB	HMDB0037340_28_shen	Cosmosiin	inchikey_connectivity_formula_mass	2	FALSE	TRUE	1.90000264410628e-08	4.3970789502519e-05
APIGENIN-7-O-BETA-D-GLUCOSIDE	48328	HMDB	HMDB0037340_29_shen	Cosmosiin	inchikey_connectivity_formula_mass	2	FALSE	TRUE	1.90000264410628e-08	4.3970789502519e-05
APIGENIN-7-O-BETA-D-GLUCOSIDE	48329	HMDB	HMDB0037340_30_shen	Cosmosiin	inchikey_connectivity_formula_mass	2	FALSE	TRUE	1.90000264410628e-08	4.3970789502519e-05
APIGENIN-7-O-BETA-D-GLUCOSIDE	48330	HMDB	HMDB0037340_31_shen	Cosmosiin	inchikey_connectivity_formula_mass	2	FALSE	TRUE	1.90000264410628e-08	4.3970789502519e-05
APIGENIN-7-O-BETA-D-GLUCOSIDE	48331	HMDB	HMDB0037340_32_shen	Cosmosiin	inchikey_connectivity_formula_mass	2	FALSE	TRUE	1.90000264410628e-08	4.3970789502519e-05
APIGENIN-7-O-BETA-D-GLUCOSIDE	48332	HMDB	HMDB0037340_33_shen	Cosmosiin	inchikey_connectivity_formula_mass	2	FALSE	TRUE	1.90000264410628e-08	4.3970789502519e-05
APIGENIN-7-O-BETA-D-GLUCOSIDE	48333	HMDB	HMDB0037340_34_shen	Cosmosiin	inchikey_connectivity_formula_mass	2	FALSE	TRUE	1.90000264410628e-08	4.3970789502519e-05
APIGENIN-7-O-BETA-D-GLUCOSIDE	48334	HMDB	HMDB0037340_35_shen	Cosmosiin	inchikey_connectivity_formula_mass	2	FALSE	TRUE	1.90000264410628e-08	4.3970789502519e-05
APIGENIN-7-O-BETA-D-GLUCOSIDE	48335	HMDB	HMDB0037340_36_shen	Cosmosiin	inchikey_connectivity_formula_mass	2	FALSE	TRUE	1.90000264410628e-08	4.3970789502519e-05
APIGENIN-7-O-BETA-D-GLUCOSIDE	48336	HMDB	HMDB0037340_37_shen	Cosmosiin	inchikey_connectivity_formula_mass	2	FALSE	TRUE	1.90000264410628e-08	4.3970789502519e-05
APIGENIN-7-O-BETA-D-GLUCOSIDE	48337	HMDB	HMDB0037340_38_shen	Cosmosiin	inchikey_connectivity_formula_mass	2	FALSE	TRUE	1.90000264410628e-08	4.3970789502519e-05
APIGENIN-7-O-BETA-D-GLUCOSIDE	48338	HMDB	HMDB0037340_39_shen	Cosmosiin	inchikey_connectivity_formula_mass	2	FALSE	TRUE	1.90000264410628e-08	4.3970789502519e-05
APIGENIN-7-O-BETA-D-GLUCOSIDE	48339	HMDB	HMDB0037340_40_shen	Cosmosiin	inchikey_connectivity_formula_mass	2	FALSE	TRUE	1.90000264410628e-08	4.3970789502519e-05
APIGENIN-7-O-BETA-D-GLUCOSIDE	48340	HMDB	HMDB0037340_41_shen	Cosmosiin	inchikey_connectivity_formula_mass	2	FALSE	TRUE	1.90000264410628e-08	4.3970789502519e-05
APIGENIN-7-O-BETA-D-GLUCOSIDE	48341	HMDB	HMDB0037340_42_shen	Cosmosiin	inchikey_connectivity_formula_mass	2	FALSE	TRUE	1.90000264410628e-08	4.3970789502519e-05
APIGENIN-7-O-BETA-D-GLUCOSIDE	48342	HMDB	HMDB0037340_43_shen	Cosmosiin	inchikey_connectivity_formula_mass	2	FALSE	TRUE	1.90000264410628e-08	4.3970789502519e-05
APIGENIN-7-O-BETA-D-GLUCOSIDE	48343	HMDB	HMDB0037340_44_shen	Cosmosiin	inchikey_connectivity_formula_mass	2	FALSE	TRUE	1.90000264410628e-08	4.3970789502519e-05
APIGENIN-7-O-BETA-D-GLUCOSIDE	48344	HMDB	HMDB0037340_45_shen	Cosmosiin	inchikey_connectivity_formula_mass	2	FALSE	TRUE	1.90000264410628e-08	4.3970789502519e-05
APIGENIN-7-O-BETA-D-GLUCOSIDE	48345	HMDB	HMDB0037340_46_shen	Cosmosiin	inchikey_connectivity_formula_mass	2	FALSE	TRUE	1.90000264410628e-08	4.3970789502519e-05
APIGENIN-7-O-BETA-D-GLUCOSIDE	48346	HMDB	HMDB0037340_47_shen	Cosmosiin	inchikey_connectivity_formula_mass	2	FALSE	TRUE	1.90000264410628e-08	4.3970789502519e-05
APIGENIN-7-O-BETA-D-GLUCOSIDE	48347	HMDB	HMDB0037340_48_shen	Cosmosiin	inchikey_connectivity_formula_mass	2	FALSE	TRUE	1.90000264410628e-08	4.3970789502519e-05
APIGENIN-7-O-BETA-D-GLUCOSIDE	48348	HMDB	HMDB0037340_49_shen	Cosmosiin	inchikey_connectivity_formula_mass	2	FALSE	TRUE	1.90000264410628e-08	4.3970789502519e-05
APIGENIN-7-O-BETA-D-GLUCOSIDE	48349	HMDB	HMDB0037340_50_shen	Cosmosiin	inchikey_connectivity_formula_mass	2	FALSE	TRUE	1.90000264410628e-08	4.3970789502519e-05
APIGENIN-7-O-BETA-D-GLUCOSIDE	48350	HMDB	HMDB0037340_51_shen	Cosmosiin	inchikey_connectivity_formula_mass	2	FALSE	TRUE	1.90000264410628e-08	4.3970789502519e-05
APIGENIN-7-O-BETA-D-GLUCOSIDE	48351	HMDB	HMDB0037340_52_shen	Cosmosiin	inchikey_connectivity_formula_mass	2	FALSE	TRUE	1.90000264410628e-08	4.3970789502519e-05
APIGENIN-7-O-BETA-D-GLUCOSIDE	48352	HMDB	HMDB0037340_53_shen	Cosmosiin	inchikey_connectivity_formula_mass	2	FALSE	TRUE	1.90000264410628e-08	4.3970789502519e-05
APIGENIN-7-O-BETA-D-GLUCOSIDE	48353	HMDB	HMDB0037340_54_shen	Cosmosiin	inchikey_connectivity_formula_mass	2	FALSE	TRUE	1.90000264410628e-08	4.3970789502519e-05
APIGENIN-7-O-BETA-D-GLUCOSIDE	48354	HMDB	HMDB0037340_55_shen	Cosmosiin	inchikey_connectivity_formula_mass	2	FALSE	TRUE	1.90000264410628e-08	4.3970789502519e-05
APIGENIN-7-O-BETA-D-GLUCOSIDE	48355	HMDB	HMDB0037340_56_shen	Cosmosiin	inchikey_connectivity_formula_mass	2	FALSE	TRUE	1.90000264410628e-08	4.3970789502519e-05
APIGENIN-7-O-BETA-D-GLUCOSIDE	48356	HMDB	HMDB0037340_57_shen	Cosmosiin	inchikey_connectivity_formula_mass	2	FALSE	TRUE	1.90000264410628e-08	4.3970789502519e-05
APIGENIN-7-O-BETA-D-GLUCOSIDE	48357	HMDB	HMDB0037340_58_shen	Cosmosiin	inchikey_connectivity_formula_mass	2	FALSE	TRUE	1.90000264410628e-08	4.3970789502519e-05
APIGENIN-7-O-BETA-D-GLUCOSIDE	48358	HMDB	HMDB0037340_59_shen	Cosmosiin	inchikey_connectivity_formula_mass	2	FALSE	TRUE	1.90000264410628e-08	4.3970789502519e-05
APIGENIN-7-O-BETA-D-GLUCOSIDE	48359	HMDB	HMDB0037340_60_shen	Cosmosiin	inchikey_connectivity_formula_mass	2	FALSE	TRUE	1.90000264410628e-08	4.3970789502519e-05
APIGENIN-7-O-BETA-D-GLUCOSIDE	48360	HMDB	HMDB0037340_61_shen	Cosmosiin	inchikey_connectivity_formula_mass	2	FALSE	TRUE	1.90000264410628e-08	4.3970789502519e-05
APIGENIN-7-O-BETA-D-GLUCOSIDE	48361	HMDB	HMDB0037340_62_shen	Cosmosiin	inchikey_connectivity_formula_mass	2	FALSE	TRUE	1.90000264410628e-08	4.3970789502519e-05
APIGENIN-7-O-BETA-D-GLUCOSIDE	48362	HMDB	HMDB0037340_63_shen	Cosmosiin	inchikey_connectivity_formula_mass	2	FALSE	TRUE	1.90000264410628e-08	4.3970789502519e-05
APIGENIN-7-O-BETA-D-GLUCOSIDE	48363	HMDB	HMDB0037340_64_shen	Cosmosiin	inchikey_connectivity_formula_mass	2	FALSE	TRUE	1.90000264410628e-08	4.3970789502519e-05
APIGENIN-7-O-BETA-D-GLUCOSIDE	48364	HMDB	HMDB0037340_65_shen	Cosmosiin	inchikey_connectivity_formula_mass	2	FALSE	TRUE	1.90000264410628e-08	4.3970789502519e-05
APIGENIN-7-O-BETA-D-GLUCOSIDE	48365	HMDB	HMDB0037340_66_shen	Cosmosiin	inchikey_connectivity_formula_mass	2	FALSE	TRUE	1.90000264410628e-08	4.3970789502519e-05
APIGENIN-7-O-BETA-D-GLUCOSIDE	48366	HMDB	HMDB0037340_67_shen	Cosmosiin	inchikey_connectivity_formula_mass	2	FALSE	TRUE	1.90000264410628e-08	4.3970789502519e-05
APIGENIN-7-O-BETA-D-GLUCOSIDE	48367	HMDB	HMDB0037340_68_shen	Cosmosiin	inchikey_connectivity_formula_mass	2	FALSE	TRUE	1.90000264410628e-08	4.3970789502519e-05
APIGENIN-7-O-BETA-D-GLUCOSIDE	48368	HMDB	HMDB0037340_69_shen	Cosmosiin	inchikey_connectivity_formula_mass	2	FALSE	TRUE	1.90000264410628e-08	4.3970789502519e-05
APIGENIN-7-O-BETA-D-GLUCOSIDE	48369	HMDB	HMDB0037340_70_shen	Cosmosiin	inchikey_connectivity_formula_mass	2	FALSE	TRUE	1.90000264410628e-08	4.3970789502519e-05
APIGENIN-7-O-BETA-D-GLUCOSIDE	48370	HMDB	HMDB0037340_71_shen	Cosmosiin	inchikey_connectivity_formula_mass	2	FALSE	TRUE	1.90000264410628e-08	4.3970789502519e-05
APIGENIN-7-O-BETA-D-GLUCOSIDE	48371	HMDB	HMDB0037340_72_shen	Cosmosiin	inchikey_connectivity_formula_mass	2	FALSE	TRUE	1.90000264410628e-08	4.3970789502519e-05
APIGENIN-7-O-BETA-D-GLUCOSIDE	48372	HMDB	HMDB0037340_73_shen	Cosmosiin	inchikey_connectivity_formula_mass	2	FALSE	TRUE	1.90000264410628e-08	4.3970789502519e-05
APIGENIN-7-O-BETA-D-GLUCOSIDE	48373	HMDB	HMDB0037340_74_shen	Cosmosiin	inchikey_connectivity_formula_mass	2	FALSE	TRUE	1.90000264410628e-08	4.3970789502519e-05
APIGENIN-7-O-BETA-D-GLUCOSIDE	48374	HMDB	HMDB0037340_75_shen	Cosmosiin	inchikey_connectivity_formula_mass	2	FALSE	TRUE	1.90000264410628e-08	4.3970789502519e-05
APIGENIN-7-O-BETA-D-GLUCOSIDE	48375	HMDB	HMDB0037340_76_shen	Cosmosiin	inchikey_connectivity_formula_mass	2	FALSE	TRUE	1.90000264410628e-08	4.3970789502519e-05
APIGENIN-7-O-BETA-D-GLUCOSIDE	48376	HMDB	HMDB0037340_77_shen	Cosmosiin	inchikey_connectivity_formula_mass	2	FALSE	TRUE	1.90000264410628e-08	4.3970789502519e-05
APIGENIN-7-O-BETA-D-GLUCOSIDE	48377	HMDB	HMDB0037340_78_shen	Cosmosiin	inchikey_connectivity_formula_mass	2	FALSE	TRUE	1.90000264410628e-08	4.3970789502519e-05
APIGENIN-7-O-BETA-D-GLUCOSIDE	48378	HMDB	HMDB0037340_79_shen	Cosmosiin	inchikey_connectivity_formula_mass	2	FALSE	TRUE	1.90000264410628e-08	4.3970789502519e-05
APIGENIN-7-O-BETA-D-GLUCOSIDE	48379	HMDB	HMDB0037340_80_shen	Cosmosiin	inchikey_connectivity_formula_mass	2	FALSE	TRUE	1.90000264410628e-08	4.3970789502519e-05
APIGENIN-7-O-BETA-D-GLUCOSIDE	48380	HMDB	HMDB0037340_81_shen	Cosmosiin	inchikey_connectivity_formula_mass	2	FALSE	TRUE	1.90000264410628e-08	4.3970789502519e-05
APIGENIN-7-O-BETA-D-GLUCOSIDE	48381	HMDB	HMDB0037340_82_shen	Cosmosiin	inchikey_connectivity_formula_mass	2	FALSE	TRUE	1.90000264410628e-08	4.3970789502519e-05
APIGENIN-7-O-BETA-D-GLUCOSIDE	48382	HMDB	HMDB0037340_83_shen	Cosmosiin	inchikey_connectivity_formula_mass	2	FALSE	TRUE	1.90000264410628e-08	4.3970789502519e-05
APIGENIN-7-O-BETA-D-GLUCOSIDE	48383	HMDB	HMDB0037340_84_shen	Cosmosiin	inchikey_connectivity_formula_mass	2	FALSE	TRUE	1.90000264410628e-08	4.3970789502519e-05
APIGENIN-7-O-BETA-D-GLUCOSIDE	48384	HMDB	HMDB0037340_85_shen	Cosmosiin	inchikey_connectivity_formula_mass	2	FALSE	TRUE	1.90000264410628e-08	4.3970789502519e-05
APIGENIN-7-O-BETA-D-GLUCOSIDE	48385	HMDB	HMDB0037340_86_shen	Cosmosiin	inchikey_connectivity_formula_mass	2	FALSE	TRUE	1.90000264410628e-08	4.3970789502519e-05
APIGENIN-7-O-BETA-D-GLUCOSIDE	48386	HMDB	HMDB0037340_87_shen	Cosmosiin	inchikey_connectivity_formula_mass	2	FALSE	TRUE	1.90000264410628e-08	4.3970789502519e-05
APIGENIN-7-O-BETA-D-GLUCOSIDE	48387	HMDB	HMDB0037340_88_shen	Cosmosiin	inchikey_connectivity_formula_mass	2	FALSE	TRUE	1.90000264410628e-08	4.3970789502519e-05
APIGENIN-7-O-BETA-D-GLUCOSIDE	48388	HMDB	HMDB0037340_89_shen	Cosmosiin	inchikey_connectivity_formula_mass	2	FALSE	TRUE	1.90000264410628e-08	4.3970789502519e-05
APIGENIN-7-O-BETA-D-GLUCOSIDE	48389	HMDB	HMDB0037340_90_shen	Cosmosiin	inchikey_connectivity_formula_mass	2	FALSE	TRUE	1.90000264410628e-08	4.3970789502519e-05
APIGENIN-7-O-BETA-D-GLUCOSIDE	48390	HMDB	HMDB0037340_91_shen	Cosmosiin	inchikey_connectivity_formula_mass	2	FALSE	TRUE	1.90000264410628e-08	4.3970789502519e-05
APIGENIN-7-O-BETA-D-GLUCOSIDE	48391	HMDB	HMDB0037340_92_shen	Cosmosiin	inchikey_connectivity_formula_mass	2	FALSE	TRUE	1.90000264410628e-08	4.3970789502519e-05
APIGENIN-7-O-BETA-D-GLUCOSIDE	48392	HMDB	HMDB0037340_93_shen	Cosmosiin	inchikey_connectivity_formula_mass	2	FALSE	TRUE	1.90000264410628e-08	4.3970789502519e-05
APIGENIN-7-O-BETA-D-GLUCOSIDE	48393	HMDB	HMDB0037340_94_shen	Cosmosiin	inchikey_connectivity_formula_mass	2	FALSE	TRUE	1.90000264410628e-08	4.3970789502519e-05
APIGENIN-7-O-BETA-D-GLUCOSIDE	48394	HMDB	HMDB0037340_95_shen	Cosmosiin	inchikey_connectivity_formula_mass	2	FALSE	TRUE	1.90000264410628e-08	4.3970789502519e-05
APIGENIN-7-O-BETA-D-GLUCOSIDE	48395	HMDB	HMDB0037340_96_shen	Cosmosiin	inchikey_connectivity_formula_mass	2	FALSE	TRUE	1.90000264410628e-08	4.3970789502519e-05
APIGENIN-7-O-BETA-D-GLUCOSIDE	48396	HMDB	HMDB0037340_97_shen	Cosmosiin	inchikey_connectivity_formula_mass	2	FALSE	TRUE	1.90000264410628e-08	4.3970789502519e-05
APIGENIN-7-O-BETA-D-GLUCOSIDE	48397	HMDB	HMDB0037340_98_shen	Cosmosiin	inchikey_connectivity_formula_mass	2	FALSE	TRUE	1.90000264410628e-08	4.3970789502519e-05
APIGENIN-7-O-BETA-D-GLUCOSIDE	48398	HMDB	HMDB0037340_99_shen	Cosmosiin	inchikey_connectivity_formula_mass	2	FALSE	TRUE	1.90000264410628e-08	4.3970789502519e-05
APIGENIN-7-O-BETA-D-GLUCOSIDE	48399	HMDB	HMDB0037340_100_shen	Cosmosiin	inchikey_connectivity_formula_mass	2	FALSE	TRUE	1.90000264410628e-08	4.3970789502519e-05
APIGENIN-7-O-BETA-D-GLUCOSIDE	48400	HMDB	HMDB0037340_101_shen	Cosmosiin	inchikey_connectivity_formula_mass	2	FALSE	TRUE	1.90000264410628e-08	4.3970789502519e-05
APIGENIN-7-O-BETA-D-GLUCOSIDE	48401	HMDB	HMDB0037340_102_shen	Cosmosiin	inchikey_connectivity_formula_mass	2	FALSE	TRUE	1.90000264410628e-08	4.3970789502519e-05
APIGENIN-7-O-BETA-D-GLUCOSIDE	48402	HMDB	HMDB0037340_103_shen	Cosmosiin	inchikey_connectivity_formula_mass	2	FALSE	TRUE	1.90000264410628e-08	4.3970789502519e-05
APIGENIN-7-O-BETA-D-GLUCOSIDE	48403	HMDB	HMDB0037340_104_shen	Cosmosiin	inchikey_connectivity_formula_mass	2	FALSE	TRUE	1.90000264410628e-08	4.3970789502519e-05
APIGENIN-7-O-BETA-D-GLUCOSIDE	48404	HMDB	HMDB0037340_105_shen	Cosmosiin	inchikey_connectivity_formula_mass	2	FALSE	TRUE	1.90000264410628e-08	4.3970789502519e-05
APIGENIN-7-O-BETA-D-GLUCOSIDE	48405	HMDB	HMDB0037340_106_shen	Cosmosiin	inchikey_connectivity_formula_mass	2	FALSE	TRUE	1.90000264410628e-08	4.3970789502519e-05
APIGENIN-7-O-BETA-D-GLUCOSIDE	48406	HMDB	HMDB0037340_107_shen	Cosmosiin	inchikey_connectivity_formula_mass	2	FALSE	TRUE	1.90000264410628e-08	4.3970789502519e-05
APIGENIN-7-O-BETA-D-GLUCOSIDE	48407	HMDB	HMDB0037340_108_shen	Cosmosiin	inchikey_connectivity_formula_mass	2	FALSE	TRUE	1.90000264410628e-08	4.3970789502519e-05
APIGENIN-7-O-BETA-D-GLUCOSIDE	48408	HMDB	HMDB0037340_109_shen	Cosmosiin	inchikey_connectivity_formula_mass	2	FALSE	TRUE	1.90000264410628e-08	4.3970789502519e-05
APIGENIN-7-O-BETA-D-GLUCOSIDE	48409	HMDB	HMDB0037340_110_shen	Cosmosiin	inchikey_connectivity_formula_mass	2	FALSE	TRUE	1.90000264410628e-08	4.3970789502519e-05
APIGENIN-7-O-BETA-D-GLUCOSIDE	48410	HMDB	HMDB0037340_111_shen	Cosmosiin	inchikey_connectivity_formula_mass	2	FALSE	TRUE	1.90000264410628e-08	4.3970789502519e-05
APIGENIN-7-O-BETA-D-GLUCOSIDE	48411	HMDB	HMDB0037340_112_shen	Cosmosiin	inchikey_connectivity_formula_mass	2	FALSE	TRUE	1.90000264410628e-08	4.3970789502519e-05
APIGENIN-7-O-BETA-D-GLUCOSIDE	48412	HMDB	HMDB0037340_113_shen	Cosmosiin	inchikey_connectivity_formula_mass	2	FALSE	TRUE	1.90000264410628e-08	4.3970789502519e-05
APIGENIN-7-O-BETA-D-GLUCOSIDE	48413	HMDB	HMDB0037340_114_shen	Cosmosiin	inchikey_connectivity_formula_mass	2	FALSE	TRUE	1.90000264410628e-08	4.3970789502519e-05
APIGENIN-7-O-BETA-D-GLUCOSIDE	48414	HMDB	HMDB0037340_115_shen	Cosmosiin	inchikey_connectivity_formula_mass	2	FALSE	TRUE	1.90000264410628e-08	4.3970789502519e-05
APIGENIN-7-O-BETA-D-GLUCOSIDE	48415	HMDB	HMDB0037340_116_shen	Cosmosiin	inchikey_connectivity_formula_mass	2	FALSE	TRUE	1.90000264410628e-08	4.3970789502519e-05
APIGENIN-7-O-BETA-D-GLUCOSIDE	48416	HMDB	HMDB0037340_117_shen	Cosmosiin	inchikey_connectivity_formula_mass	2	FALSE	TRUE	1.90000264410628e-08	4.3970789502519e-05
APIGENIN-7-O-BETA-D-GLUCOSIDE	48417	HMDB	HMDB0037340_118_shen	Cosmosiin	inchikey_connectivity_formula_mass	2	FALSE	TRUE	1.90000264410628e-08	4.3970789502519e-05
APIGENIN-7-O-BETA-D-GLUCOSIDE	48418	HMDB	HMDB0037340_119_shen	Cosmosiin	inchikey_connectivity_formula_mass	2	FALSE	TRUE	1.90000264410628e-08	4.3970789502519e-05
APIGENIN-7-O-BETA-D-GLUCOSIDE	48419	HMDB	HMDB0037340_120_shen	Cosmosiin	inchikey_connectivity_formula_mass	2	FALSE	TRUE	1.90000264410628e-08	4.3970789502519e-05
CPD1F-437	48433	HMDB	HMDB0037362_1_shen	Isoquercitrin	inchikey_connectivity_formula_mass	2	FALSE	TRUE	3.20000026476919e-09	6.89513350056881e-06
CPD1F-437	48434	HMDB	HMDB0037362_2_shen	Isoquercitrin	inchikey_connectivity_formula_mass	2	FALSE	TRUE	3.20000026476919e-09	6.89513350056881e-06
CPD1F-437	48435	HMDB	HMDB0037362_3_shen	Isoquercitrin	inchikey_connectivity_formula_mass	2	FALSE	TRUE	3.20000026476919e-09	6.89513350056881e-06
CPD1F-437	48436	HMDB	HMDB0037362_4_shen	Isoquercitrin	inchikey_connectivity_formula_mass	2	FALSE	TRUE	3.20000026476919e-09	6.89513350056881e-06
CPD1F-437	48437	HMDB	HMDB0037362_5_shen	Isoquercitrin	inchikey_connectivity_formula_mass	2	FALSE	TRUE	3.20000026476919e-09	6.89513350056881e-06
CPD1F-437	48438	HMDB	HMDB0037362_6_shen	Isoquercitrin	inchikey_connectivity_formula_mass	2	FALSE	TRUE	3.20000026476919e-09	6.89513350056881e-06
CPD1F-437	48439	HMDB	HMDB0037362_7_shen	Isoquercitrin	inchikey_connectivity_formula_mass	2	FALSE	TRUE	3.20000026476919e-09	6.89513350056881e-06
CPD1F-437	48440	HMDB	HMDB0037362_8_shen	Isoquercitrin	inchikey_connectivity_formula_mass	2	FALSE	TRUE	3.20000026476919e-09	6.89513350056881e-06
CPD1F-437	48441	HMDB	HMDB0037362_9_shen	Isoquercitrin	inchikey_connectivity_formula_mass	2	FALSE	TRUE	3.20000026476919e-09	6.89513350056881e-06
CPD1F-437	48442	HMDB	HMDB0037362_10_shen	Isoquercitrin	inchikey_connectivity_formula_mass	2	FALSE	TRUE	3.20000026476919e-09	6.89513350056881e-06
CPD1F-437	48443	HMDB	HMDB0037362_11_shen	Isoquercitrin	inchikey_connectivity_formula_mass	2	FALSE	TRUE	3.20000026476919e-09	6.89513350056881e-06
CPD1F-437	48444	HMDB	HMDB0037362_12_shen	Isoquercitrin	inchikey_connectivity_formula_mass	2	FALSE	TRUE	3.20000026476919e-09	6.89513350056881e-06
CPD1F-437	48445	HMDB	HMDB0037362_13_shen	Isoquercitrin	inchikey_connectivity_formula_mass	2	FALSE	TRUE	3.20000026476919e-09	6.89513350056881e-06
CPD1F-437	48446	HMDB	HMDB0037362_14_shen	Isoquercitrin	inchikey_connectivity_formula_mass	2	FALSE	TRUE	3.20000026476919e-09	6.89513350056881e-06
CPD1F-437	48447	HMDB	HMDB0037362_15_shen	Isoquercitrin	inchikey_connectivity_formula_mass	2	FALSE	TRUE	3.20000026476919e-09	6.89513350056881e-06
CPD1F-437	48448	HMDB	HMDB0037362_16_shen	Isoquercitrin	inchikey_connectivity_formula_mass	2	FALSE	TRUE	3.20000026476919e-09	6.89513350056881e-06
CPD1F-437	48449	HMDB	HMDB0037362_17_shen	Isoquercitrin	inchikey_connectivity_formula_mass	2	FALSE	TRUE	3.20000026476919e-09	6.89513350056881e-06
CPD1F-437	48450	HMDB	HMDB0037362_18_shen	Isoquercitrin	inchikey_connectivity_formula_mass	2	FALSE	TRUE	3.20000026476919e-09	6.89513350056881e-06
CPD1F-437	48451	HMDB	HMDB0037362_19_shen	Isoquercitrin	inchikey_connectivity_formula_mass	2	FALSE	TRUE	3.20000026476919e-09	6.89513350056881e-06
CPD1F-437	48452	HMDB	HMDB0037362_20_shen	Isoquercitrin	inchikey_connectivity_formula_mass	2	FALSE	TRUE	3.20000026476919e-09	6.89513350056881e-06
CPD1F-437	48453	HMDB	HMDB0037362_21_shen	Isoquercitrin	inchikey_connectivity_formula_mass	2	FALSE	TRUE	3.20000026476919e-09	6.89513350056881e-06
CPD1F-437	48454	HMDB	HMDB0037362_22_shen	Isoquercitrin	inchikey_connectivity_formula_mass	2	FALSE	TRUE	3.20000026476919e-09	6.89513350056881e-06
CPD1F-437	48455	HMDB	HMDB0037362_23_shen	Isoquercitrin	inchikey_connectivity_formula_mass	2	FALSE	TRUE	3.20000026476919e-09	6.89513350056881e-06
CPD1F-437	48456	HMDB	HMDB0037362_24_shen	Isoquercitrin	inchikey_connectivity_formula_mass	2	FALSE	TRUE	3.20000026476919e-09	6.89513350056881e-06
CPD1F-437	48457	HMDB	HMDB0037362_25_shen	Isoquercitrin	inchikey_connectivity_formula_mass	2	FALSE	TRUE	3.20000026476919e-09	6.89513350056881e-06
CPD1F-437	48458	HMDB	HMDB0037362_26_shen	Isoquercitrin	inchikey_connectivity_formula_mass	2	FALSE	TRUE	3.20000026476919e-09	6.89513350056881e-06
CPD1F-437	48459	HMDB	HMDB0037362_27_shen	Isoquercitrin	inchikey_connectivity_formula_mass	2	FALSE	TRUE	3.20000026476919e-09	6.89513350056881e-06
CPD1F-437	48460	HMDB	HMDB0037362_28_shen	Isoquercitrin	inchikey_connectivity_formula_mass	2	FALSE	TRUE	3.20000026476919e-09	6.89513350056881e-06
CPD1F-437	48461	HMDB	HMDB0037362_29_shen	Isoquercitrin	inchikey_connectivity_formula_mass	2	FALSE	TRUE	3.20000026476919e-09	6.89513350056881e-06
CPD1F-437	48462	HMDB	HMDB0037362_30_shen	Isoquercitrin	inchikey_connectivity_formula_mass	2	FALSE	TRUE	3.20000026476919e-09	6.89513350056881e-06
CPD1F-437	48463	HMDB	HMDB0037362_31_shen	Isoquercitrin	inchikey_connectivity_formula_mass	2	FALSE	TRUE	3.20000026476919e-09	6.89513350056881e-06
CPD1F-437	48464	HMDB	HMDB0037362_32_shen	Isoquercitrin	inchikey_connectivity_formula_mass	2	FALSE	TRUE	3.20000026476919e-09	6.89513350056881e-06
CPD1F-437	48465	HMDB	HMDB0037362_33_shen	Isoquercitrin	inchikey_connectivity_formula_mass	2	FALSE	TRUE	3.20000026476919e-09	6.89513350056881e-06
CPD1F-437	48466	HMDB	HMDB0037362_34_shen	Isoquercitrin	inchikey_connectivity_formula_mass	2	FALSE	TRUE	3.20000026476919e-09	6.89513350056881e-06
CPD1F-437	48467	HMDB	HMDB0037362_35_shen	Isoquercitrin	inchikey_connectivity_formula_mass	2	FALSE	TRUE	3.20000026476919e-09	6.89513350056881e-06
CPD1F-437	48468	HMDB	HMDB0037362_36_shen	Isoquercitrin	inchikey_connectivity_formula_mass	2	FALSE	TRUE	3.20000026476919e-09	6.89513350056881e-06
CPD1F-437	48469	HMDB	HMDB0037362_37_shen	Isoquercitrin	inchikey_connectivity_formula_mass	2	FALSE	TRUE	3.20000026476919e-09	6.89513350056881e-06
CPD1F-437	48470	HMDB	HMDB0037362_38_shen	Isoquercitrin	inchikey_connectivity_formula_mass	2	FALSE	TRUE	3.20000026476919e-09	6.89513350056881e-06
CPD1F-437	48471	HMDB	HMDB0037362_39_shen	Isoquercitrin	inchikey_connectivity_formula_mass	2	FALSE	TRUE	3.20000026476919e-09	6.89513350056881e-06
CPD1F-437	48472	HMDB	HMDB0037362_40_shen	Isoquercitrin	inchikey_connectivity_formula_mass	2	FALSE	TRUE	3.20000026476919e-09	6.89513350056881e-06
CPD1F-437	48473	HMDB	HMDB0037362_41_shen	Isoquercitrin	inchikey_connectivity_formula_mass	2	FALSE	TRUE	3.20000026476919e-09	6.89513350056881e-06
CPD1F-437	48474	HMDB	HMDB0037362_42_shen	Isoquercitrin	inchikey_connectivity_formula_mass	2	FALSE	TRUE	3.20000026476919e-09	6.89513350056881e-06
CPD1F-437	48475	HMDB	HMDB0037362_43_shen	Isoquercitrin	inchikey_connectivity_formula_mass	2	FALSE	TRUE	3.20000026476919e-09	6.89513350056881e-06
CPD1F-437	48476	HMDB	HMDB0037362_44_shen	Isoquercitrin	inchikey_connectivity_formula_mass	2	FALSE	TRUE	3.20000026476919e-09	6.89513350056881e-06
CPD1F-437	48477	HMDB	HMDB0037362_45_shen	Isoquercitrin	inchikey_connectivity_formula_mass	2	FALSE	TRUE	3.20000026476919e-09	6.89513350056881e-06
CPD1F-437	48478	HMDB	HMDB0037362_46_shen	Isoquercitrin	inchikey_connectivity_formula_mass	2	FALSE	TRUE	3.20000026476919e-09	6.89513350056881e-06
CPD1F-437	48479	HMDB	HMDB0037362_47_shen	Isoquercitrin	inchikey_connectivity_formula_mass	2	FALSE	TRUE	3.20000026476919e-09	6.89513350056881e-06
CPD1F-437	48480	HMDB	HMDB0037362_48_shen	Isoquercitrin	inchikey_connectivity_formula_mass	2	FALSE	TRUE	3.20000026476919e-09	6.89513350056881e-06
CPD1F-437	48481	HMDB	HMDB0037362_49_shen	Isoquercitrin	inchikey_connectivity_formula_mass	2	FALSE	TRUE	3.20000026476919e-09	6.89513350056881e-06
CPD1F-437	48482	HMDB	HMDB0037362_50_shen	Isoquercitrin	inchikey_connectivity_formula_mass	2	FALSE	TRUE	3.20000026476919e-09	6.89513350056881e-06
CPD1F-437	48483	HMDB	HMDB0037362_51_shen	Isoquercitrin	inchikey_connectivity_formula_mass	2	FALSE	TRUE	3.20000026476919e-09	6.89513350056881e-06
CPD1F-437	48484	HMDB	HMDB0037362_52_shen	Isoquercitrin	inchikey_connectivity_formula_mass	2	FALSE	TRUE	3.20000026476919e-09	6.89513350056881e-06
CPD1F-437	48485	HMDB	HMDB0037362_53_shen	Isoquercitrin	inchikey_connectivity_formula_mass	2	FALSE	TRUE	3.20000026476919e-09	6.89513350056881e-06
CPD1F-437	48486	HMDB	HMDB0037362_54_shen	Isoquercitrin	inchikey_connectivity_formula_mass	2	FALSE	TRUE	3.20000026476919e-09	6.89513350056881e-06
CPD1F-437	48487	HMDB	HMDB0037362_55_shen	Isoquercitrin	inchikey_connectivity_formula_mass	2	FALSE	TRUE	3.20000026476919e-09	6.89513350056881e-06
CPD1F-437	48488	HMDB	HMDB0037362_56_shen	Isoquercitrin	inchikey_connectivity_formula_mass	2	FALSE	TRUE	3.20000026476919e-09	6.89513350056881e-06
CPD1F-437	48489	HMDB	HMDB0037362_57_shen	Isoquercitrin	inchikey_connectivity_formula_mass	2	FALSE	TRUE	3.20000026476919e-09	6.89513350056881e-06
CPD1F-437	48490	HMDB	HMDB0037362_58_shen	Isoquercitrin	inchikey_connectivity_formula_mass	2	FALSE	TRUE	3.20000026476919e-09	6.89513350056881e-06
CPD1F-437	48491	HMDB	HMDB0037362_59_shen	Isoquercitrin	inchikey_connectivity_formula_mass	2	FALSE	TRUE	3.20000026476919e-09	6.89513350056881e-06
CPD1F-437	48492	HMDB	HMDB0037362_60_shen	Isoquercitrin	inchikey_connectivity_formula_mass	2	FALSE	TRUE	3.20000026476919e-09	6.89513350056881e-06
CPD1F-437	48493	HMDB	HMDB0037362_61_shen	Isoquercitrin	inchikey_connectivity_formula_mass	2	FALSE	TRUE	3.20000026476919e-09	6.89513350056881e-06
CPD1F-437	48494	HMDB	HMDB0037362_62_shen	Isoquercitrin	inchikey_connectivity_formula_mass	2	FALSE	TRUE	3.20000026476919e-09	6.89513350056881e-06
CPD1F-437	48495	HMDB	HMDB0037362_63_shen	Isoquercitrin	inchikey_connectivity_formula_mass	2	FALSE	TRUE	3.20000026476919e-09	6.89513350056881e-06
CPD-9588	48547	HMDB	HMDB0037419_1_shen	Maysin	name_formula_mass	4	FALSE	TRUE	4.19993284594966e-09	7.2896782320437e-06
CPD-9588	48548	HMDB	HMDB0037419_2_shen	Maysin	name_formula_mass	4	FALSE	TRUE	4.19993284594966e-09	7.2896782320437e-06
CPD1F-453	48571	HMDB	HMDB0037429_1_shen	Astragalin	inchikey_connectivity_formula_mass	2	FALSE	TRUE	3.10001269099303e-09	6.91811829183817e-06
CPD1F-453	48572	HMDB	HMDB0037429_2_shen	Astragalin	inchikey_connectivity_formula_mass	2	FALSE	TRUE	3.10001269099303e-09	6.91811829183817e-06
CPD1F-453	48573	HMDB	HMDB0037429_3_shen	Astragalin	inchikey_connectivity_formula_mass	2	FALSE	TRUE	3.10001269099303e-09	6.91811829183817e-06
CPD1F-453	48574	HMDB	HMDB0037429_4_shen	Astragalin	inchikey_connectivity_formula_mass	2	FALSE	TRUE	3.10001269099303e-09	6.91811829183817e-06
CPD1F-453	48575	HMDB	HMDB0037429_5_shen	Astragalin	inchikey_connectivity_formula_mass	2	FALSE	TRUE	3.10001269099303e-09	6.91811829183817e-06
CPD1F-453	48576	HMDB	HMDB0037429_6_shen	Astragalin	inchikey_connectivity_formula_mass	2	FALSE	TRUE	3.10001269099303e-09	6.91811829183817e-06
CPD1F-453	48577	HMDB	HMDB0037429_7_shen	Astragalin	inchikey_connectivity_formula_mass	2	FALSE	TRUE	3.10001269099303e-09	6.91811829183817e-06
CPD1F-453	48578	HMDB	HMDB0037429_8_shen	Astragalin	inchikey_connectivity_formula_mass	2	FALSE	TRUE	3.10001269099303e-09	6.91811829183817e-06
CPD1F-453	48579	HMDB	HMDB0037429_9_shen	Astragalin	inchikey_connectivity_formula_mass	2	FALSE	TRUE	3.10001269099303e-09	6.91811829183817e-06
CPD1F-453	48580	HMDB	HMDB0037429_10_shen	Astragalin	inchikey_connectivity_formula_mass	2	FALSE	TRUE	3.10001269099303e-09	6.91811829183817e-06
CPD1F-453	48581	HMDB	HMDB0037429_11_shen	Astragalin	inchikey_connectivity_formula_mass	2	FALSE	TRUE	3.10001269099303e-09	6.91811829183817e-06
CPD1F-453	48582	HMDB	HMDB0037429_12_shen	Astragalin	inchikey_connectivity_formula_mass	2	FALSE	TRUE	3.10001269099303e-09	6.91811829183817e-06
CPD1F-453	48583	HMDB	HMDB0037429_13_shen	Astragalin	inchikey_connectivity_formula_mass	2	FALSE	TRUE	3.10001269099303e-09	6.91811829183817e-06
CPD1F-453	48584	HMDB	HMDB0037429_14_shen	Astragalin	inchikey_connectivity_formula_mass	2	FALSE	TRUE	3.10001269099303e-09	6.91811829183817e-06
CPD1F-453	48585	HMDB	HMDB0037429_15_shen	Astragalin	inchikey_connectivity_formula_mass	2	FALSE	TRUE	3.10001269099303e-09	6.91811829183817e-06
CPD1F-453	48586	HMDB	HMDB0037429_16_shen	Astragalin	inchikey_connectivity_formula_mass	2	FALSE	TRUE	3.10001269099303e-09	6.91811829183817e-06
CPD1F-453	48587	HMDB	HMDB0037429_17_shen	Astragalin	inchikey_connectivity_formula_mass	2	FALSE	TRUE	3.10001269099303e-09	6.91811829183817e-06
CPD1F-453	48588	HMDB	HMDB0037429_18_shen	Astragalin	inchikey_connectivity_formula_mass	2	FALSE	TRUE	3.10001269099303e-09	6.91811829183817e-06
CPD1F-453	48589	HMDB	HMDB0037429_19_shen	Astragalin	inchikey_connectivity_formula_mass	2	FALSE	TRUE	3.10001269099303e-09	6.91811829183817e-06
CPD1F-453	48590	HMDB	HMDB0037429_20_shen	Astragalin	inchikey_connectivity_formula_mass	2	FALSE	TRUE	3.10001269099303e-09	6.91811829183817e-06
CPD1F-453	48591	HMDB	HMDB0037429_21_shen	Astragalin	inchikey_connectivity_formula_mass	2	FALSE	TRUE	3.10001269099303e-09	6.91811829183817e-06
CPD1F-453	48592	HMDB	HMDB0037429_22_shen	Astragalin	inchikey_connectivity_formula_mass	2	FALSE	TRUE	3.10001269099303e-09	6.91811829183817e-06
CPD1F-453	48593	HMDB	HMDB0037429_23_shen	Astragalin	inchikey_connectivity_formula_mass	2	FALSE	TRUE	3.10001269099303e-09	6.91811829183817e-06
CPD1F-453	48594	HMDB	HMDB0037429_24_shen	Astragalin	inchikey_connectivity_formula_mass	2	FALSE	TRUE	3.10001269099303e-09	6.91811829183817e-06
CPD1F-453	48595	HMDB	HMDB0037429_25_shen	Astragalin	inchikey_connectivity_formula_mass	2	FALSE	TRUE	3.10001269099303e-09	6.91811829183817e-06
CPD1F-453	48596	HMDB	HMDB0037429_26_shen	Astragalin	inchikey_connectivity_formula_mass	2	FALSE	TRUE	3.10001269099303e-09	6.91811829183817e-06
CPD1F-453	48597	HMDB	HMDB0037429_27_shen	Astragalin	inchikey_connectivity_formula_mass	2	FALSE	TRUE	3.10001269099303e-09	6.91811829183817e-06
CPD1F-453	48598	HMDB	HMDB0037429_28_shen	Astragalin	inchikey_connectivity_formula_mass	2	FALSE	TRUE	3.10001269099303e-09	6.91811829183817e-06
CPD1F-453	48599	HMDB	HMDB0037429_29_shen	Astragalin	inchikey_connectivity_formula_mass	2	FALSE	TRUE	3.10001269099303e-09	6.91811829183817e-06
CPD1F-453	48600	HMDB	HMDB0037429_30_shen	Astragalin	inchikey_connectivity_formula_mass	2	FALSE	TRUE	3.10001269099303e-09	6.91811829183817e-06
CPD1F-453	48601	HMDB	HMDB0037429_31_shen	Astragalin	inchikey_connectivity_formula_mass	2	FALSE	TRUE	3.10001269099303e-09	6.91811829183817e-06
CPD1F-453	48602	HMDB	HMDB0037429_32_shen	Astragalin	inchikey_connectivity_formula_mass	2	FALSE	TRUE	3.10001269099303e-09	6.91811829183817e-06
CPD1F-453	48603	HMDB	HMDB0037429_33_shen	Astragalin	inchikey_connectivity_formula_mass	2	FALSE	TRUE	3.10001269099303e-09	6.91811829183817e-06
CPD1F-453	48604	HMDB	HMDB0037429_34_shen	Astragalin	inchikey_connectivity_formula_mass	2	FALSE	TRUE	3.10001269099303e-09	6.91811829183817e-06
CPD1F-453	48605	HMDB	HMDB0037429_35_shen	Astragalin	inchikey_connectivity_formula_mass	2	FALSE	TRUE	3.10001269099303e-09	6.91811829183817e-06
CPD1F-453	48606	HMDB	HMDB0037429_36_shen	Astragalin	inchikey_connectivity_formula_mass	2	FALSE	TRUE	3.10001269099303e-09	6.91811829183817e-06
CPD1F-453	48607	HMDB	HMDB0037429_37_shen	Astragalin	inchikey_connectivity_formula_mass	2	FALSE	TRUE	3.10001269099303e-09	6.91811829183817e-06
CPD1F-453	48608	HMDB	HMDB0037429_38_shen	Astragalin	inchikey_connectivity_formula_mass	2	FALSE	TRUE	3.10001269099303e-09	6.91811829183817e-06
CPD1F-453	48609	HMDB	HMDB0037429_39_shen	Astragalin	inchikey_connectivity_formula_mass	2	FALSE	TRUE	3.10001269099303e-09	6.91811829183817e-06
CPD1F-453	48610	HMDB	HMDB0037429_40_shen	Astragalin	inchikey_connectivity_formula_mass	2	FALSE	TRUE	3.10001269099303e-09	6.91811829183817e-06
CPD1F-453	48611	HMDB	HMDB0037429_41_shen	Astragalin	inchikey_connectivity_formula_mass	2	FALSE	TRUE	3.10001269099303e-09	6.91811829183817e-06
CPD1F-453	48612	HMDB	HMDB0037429_42_shen	Astragalin	inchikey_connectivity_formula_mass	2	FALSE	TRUE	3.10001269099303e-09	6.91811829183817e-06
CPD1F-453	48613	HMDB	HMDB0037429_43_shen	Astragalin	inchikey_connectivity_formula_mass	2	FALSE	TRUE	3.10001269099303e-09	6.91811829183817e-06
CPD1F-453	48614	HMDB	HMDB0037429_44_shen	Astragalin	inchikey_connectivity_formula_mass	2	FALSE	TRUE	3.10001269099303e-09	6.91811829183817e-06
CPD1F-453	48615	HMDB	HMDB0037429_45_shen	Astragalin	inchikey_connectivity_formula_mass	2	FALSE	TRUE	3.10001269099303e-09	6.91811829183817e-06
CPD1F-453	48616	HMDB	HMDB0037429_46_shen	Astragalin	inchikey_connectivity_formula_mass	2	FALSE	TRUE	3.10001269099303e-09	6.91811829183817e-06
CPD1F-453	48617	HMDB	HMDB0037429_47_shen	Astragalin	inchikey_connectivity_formula_mass	2	FALSE	TRUE	3.10001269099303e-09	6.91811829183817e-06
CPD1F-453	48618	HMDB	HMDB0037429_48_shen	Astragalin	inchikey_connectivity_formula_mass	2	FALSE	TRUE	3.10001269099303e-09	6.91811829183817e-06
CPD1F-453	48619	HMDB	HMDB0037429_49_shen	Astragalin	inchikey_connectivity_formula_mass	2	FALSE	TRUE	3.10001269099303e-09	6.91811829183817e-06
CPD1F-453	48620	HMDB	HMDB0037429_50_shen	Astragalin	inchikey_connectivity_formula_mass	2	FALSE	TRUE	3.10001269099303e-09	6.91811829183817e-06
CPD1F-453	48621	HMDB	HMDB0037429_51_shen	Astragalin	inchikey_connectivity_formula_mass	2	FALSE	TRUE	3.10001269099303e-09	6.91811829183817e-06
CPD1F-453	48622	HMDB	HMDB0037429_52_shen	Astragalin	inchikey_connectivity_formula_mass	2	FALSE	TRUE	3.10001269099303e-09	6.91811829183817e-06
CPD1F-453	48623	HMDB	HMDB0037429_53_shen	Astragalin	inchikey_connectivity_formula_mass	2	FALSE	TRUE	3.10001269099303e-09	6.91811829183817e-06
CPD1F-453	48624	HMDB	HMDB0037429_54_shen	Astragalin	inchikey_connectivity_formula_mass	2	FALSE	TRUE	3.10001269099303e-09	6.91811829183817e-06
CPD1F-453	48625	HMDB	HMDB0037429_55_shen	Astragalin	inchikey_connectivity_formula_mass	2	FALSE	TRUE	3.10001269099303e-09	6.91811829183817e-06
CPD1F-462	48626	HMDB	HMDB0037438_1_shen	Kaempferitrin	inchikey	1	TRUE	TRUE	2.64000163952005e-08	4.56618479947209e-05
CPD1F-462	48627	HMDB	HMDB0037438_2_shen	Kaempferitrin	inchikey	1	TRUE	TRUE	2.64000163952005e-08	4.56618479947209e-05
CPD1F-462	48628	HMDB	HMDB0037438_3_shen	Kaempferitrin	inchikey	1	TRUE	TRUE	2.64000163952005e-08	4.56618479947209e-05
CPD1F-462	48629	HMDB	HMDB0037438_4_shen	Kaempferitrin	inchikey	1	TRUE	TRUE	2.64000163952005e-08	4.56618479947209e-05
CPD1F-462	48630	HMDB	HMDB0037438_5_shen	Kaempferitrin	inchikey	1	TRUE	TRUE	2.64000163952005e-08	4.56618479947209e-05
CPD1F-462	48631	HMDB	HMDB0037438_6_shen	Kaempferitrin	inchikey	1	TRUE	TRUE	2.64000163952005e-08	4.56618479947209e-05
CPD1F-462	48632	HMDB	HMDB0037438_7_shen	Kaempferitrin	inchikey	1	TRUE	TRUE	2.64000163952005e-08	4.56618479947209e-05
CPD1F-462	48633	HMDB	HMDB0037438_8_shen	Kaempferitrin	inchikey	1	TRUE	TRUE	2.64000163952005e-08	4.56618479947209e-05
CPD1F-462	48634	HMDB	HMDB0037438_9_shen	Kaempferitrin	inchikey	1	TRUE	TRUE	2.64000163952005e-08	4.56618479947209e-05
CPD1F-462	48635	HMDB	HMDB0037438_10_shen	Kaempferitrin	inchikey	1	TRUE	TRUE	2.64000163952005e-08	4.56618479947209e-05
CPD1F-462	48636	HMDB	HMDB0037438_11_shen	Kaempferitrin	inchikey	1	TRUE	TRUE	2.64000163952005e-08	4.56618479947209e-05
CPD1F-462	48637	HMDB	HMDB0037438_12_shen	Kaempferitrin	inchikey	1	TRUE	TRUE	2.64000163952005e-08	4.56618479947209e-05
CPD1F-462	48638	HMDB	HMDB0037438_13_shen	Kaempferitrin	inchikey	1	TRUE	TRUE	2.64000163952005e-08	4.56618479947209e-05
CPD1F-462	48639	HMDB	HMDB0037438_14_shen	Kaempferitrin	inchikey	1	TRUE	TRUE	2.64000163952005e-08	4.56618479947209e-05
CPD1F-462	48640	HMDB	HMDB0037438_15_shen	Kaempferitrin	inchikey	1	TRUE	TRUE	2.64000163952005e-08	4.56618479947209e-05
CPD1F-462	48641	HMDB	HMDB0037438_16_shen	Kaempferitrin	inchikey	1	TRUE	TRUE	2.64000163952005e-08	4.56618479947209e-05
CPD1F-462	48642	HMDB	HMDB0037438_17_shen	Kaempferitrin	inchikey	1	TRUE	TRUE	2.64000163952005e-08	4.56618479947209e-05
CPD1F-462	48643	HMDB	HMDB0037438_18_shen	Kaempferitrin	inchikey	1	TRUE	TRUE	2.64000163952005e-08	4.56618479947209e-05
CPD1F-462	48644	HMDB	HMDB0037438_19_shen	Kaempferitrin	inchikey	1	TRUE	TRUE	2.64000163952005e-08	4.56618479947209e-05
CPD1F-462	48645	HMDB	HMDB0037438_20_shen	Kaempferitrin	inchikey	1	TRUE	TRUE	2.64000163952005e-08	4.56618479947209e-05
CPD1F-462	48646	HMDB	HMDB0037438_21_shen	Kaempferitrin	inchikey	1	TRUE	TRUE	2.64000163952005e-08	4.56618479947209e-05
CPD1F-462	48647	HMDB	HMDB0037438_22_shen	Kaempferitrin	inchikey	1	TRUE	TRUE	2.64000163952005e-08	4.56618479947209e-05
CPD1F-462	48648	HMDB	HMDB0037438_23_shen	Kaempferitrin	inchikey	1	TRUE	TRUE	2.64000163952005e-08	4.56618479947209e-05
CPD1F-462	48649	HMDB	HMDB0037438_24_shen	Kaempferitrin	inchikey	1	TRUE	TRUE	2.64000163952005e-08	4.56618479947209e-05
CPD1F-462	48650	HMDB	HMDB0037438_25_shen	Kaempferitrin	inchikey	1	TRUE	TRUE	2.64000163952005e-08	4.56618479947209e-05
CPD1F-462	48651	HMDB	HMDB0037438_26_shen	Kaempferitrin	inchikey	1	TRUE	TRUE	2.64000163952005e-08	4.56618479947209e-05
CPD1F-462	48652	HMDB	HMDB0037438_27_shen	Kaempferitrin	inchikey	1	TRUE	TRUE	2.64000163952005e-08	4.56618479947209e-05
CPD1F-462	48653	HMDB	HMDB0037438_28_shen	Kaempferitrin	inchikey	1	TRUE	TRUE	2.64000163952005e-08	4.56618479947209e-05
CPD1F-462	48654	HMDB	HMDB0037438_29_shen	Kaempferitrin	inchikey	1	TRUE	TRUE	2.64000163952005e-08	4.56618479947209e-05
CPD1F-462	48655	HMDB	HMDB0037438_30_shen	Kaempferitrin	inchikey	1	TRUE	TRUE	2.64000163952005e-08	4.56618479947209e-05
CPD1F-462	48656	HMDB	HMDB0037438_31_shen	Kaempferitrin	inchikey	1	TRUE	TRUE	2.64000163952005e-08	4.56618479947209e-05
CPD1F-462	48657	HMDB	HMDB0037438_32_shen	Kaempferitrin	inchikey	1	TRUE	TRUE	2.64000163952005e-08	4.56618479947209e-05
CPD1F-462	48658	HMDB	HMDB0037438_33_shen	Kaempferitrin	inchikey	1	TRUE	TRUE	2.64000163952005e-08	4.56618479947209e-05
CPD1F-462	48659	HMDB	HMDB0037438_34_shen	Kaempferitrin	inchikey	1	TRUE	TRUE	2.64000163952005e-08	4.56618479947209e-05
CPD-7252	48660	HMDB	HMDB0037441_1_shen	Kaempferide	inchikey_connectivity_formula_mass	2	FALSE	TRUE	1.80000370164635e-09	4.50000925411587e-06
CPD-7252	48661	HMDB	HMDB0037441_2_shen	Kaempferide	inchikey_connectivity_formula_mass	2	FALSE	TRUE	1.80000370164635e-09	4.50000925411587e-06
CPD-7252	48662	HMDB	HMDB0037441_3_shen	Kaempferide	inchikey_connectivity_formula_mass	2	FALSE	TRUE	1.80000370164635e-09	4.50000925411587e-06
CPD-7252	48663	HMDB	HMDB0037441_4_shen	Kaempferide	inchikey_connectivity_formula_mass	2	FALSE	TRUE	1.80000370164635e-09	4.50000925411587e-06
CPD-7252	48664	HMDB	HMDB0037441_5_shen	Kaempferide	inchikey_connectivity_formula_mass	2	FALSE	TRUE	1.80000370164635e-09	4.50000925411587e-06
CPD-7252	48665	HMDB	HMDB0037441_6_shen	Kaempferide	inchikey_connectivity_formula_mass	2	FALSE	TRUE	1.80000370164635e-09	4.50000925411587e-06
CPD-7252	48666	HMDB	HMDB0037441_7_shen	Kaempferide	inchikey_connectivity_formula_mass	2	FALSE	TRUE	1.80000370164635e-09	4.50000925411587e-06
CPD-7252	48667	HMDB	HMDB0037441_8_shen	Kaempferide	inchikey_connectivity_formula_mass	2	FALSE	TRUE	1.80000370164635e-09	4.50000925411587e-06
CPD-7252	48668	HMDB	HMDB0037441_9_shen	Kaempferide	inchikey_connectivity_formula_mass	2	FALSE	TRUE	1.80000370164635e-09	4.50000925411587e-06
CPD-7252	48669	HMDB	HMDB0037441_10_shen	Kaempferide	inchikey_connectivity_formula_mass	2	FALSE	TRUE	1.80000370164635e-09	4.50000925411587e-06
CPD-7252	48670	HMDB	HMDB0037441_11_shen	Kaempferide	inchikey_connectivity_formula_mass	2	FALSE	TRUE	1.80000370164635e-09	4.50000925411587e-06
CPD-7252	48671	HMDB	HMDB0037441_12_shen	Kaempferide	inchikey_connectivity_formula_mass	2	FALSE	TRUE	1.80000370164635e-09	4.50000925411587e-06
CPD-7252	48672	HMDB	HMDB0037441_13_shen	Kaempferide	inchikey_connectivity_formula_mass	2	FALSE	TRUE	1.80000370164635e-09	4.50000925411587e-06
CPD-7252	48673	HMDB	HMDB0037441_14_shen	Kaempferide	inchikey_connectivity_formula_mass	2	FALSE	TRUE	1.80000370164635e-09	4.50000925411587e-06
CPD-7252	48674	HMDB	HMDB0037441_15_shen	Kaempferide	inchikey_connectivity_formula_mass	2	FALSE	TRUE	1.80000370164635e-09	4.50000925411587e-06
CPD-7252	48675	HMDB	HMDB0037441_16_shen	Kaempferide	inchikey_connectivity_formula_mass	2	FALSE	TRUE	1.80000370164635e-09	4.50000925411587e-06
CPD-7252	48676	HMDB	HMDB0037441_17_shen	Kaempferide	inchikey_connectivity_formula_mass	2	FALSE	TRUE	1.80000370164635e-09	4.50000925411587e-06
CPD-7252	48677	HMDB	HMDB0037441_18_shen	Kaempferide	inchikey_connectivity_formula_mass	2	FALSE	TRUE	1.80000370164635e-09	4.50000925411587e-06
CPD-7252	48678	HMDB	HMDB0037441_19_shen	Kaempferide	inchikey_connectivity_formula_mass	2	FALSE	TRUE	1.80000370164635e-09	4.50000925411587e-06
CPD-7252	48679	HMDB	HMDB0037441_20_shen	Kaempferide	inchikey_connectivity_formula_mass	2	FALSE	TRUE	1.80000370164635e-09	4.50000925411587e-06
CPD-7252	48680	HMDB	HMDB0037441_21_shen	Kaempferide	inchikey_connectivity_formula_mass	2	FALSE	TRUE	1.80000370164635e-09	4.50000925411587e-06
CPD-7252	48681	HMDB	HMDB0037441_22_shen	Kaempferide	inchikey_connectivity_formula_mass	2	FALSE	TRUE	1.80000370164635e-09	4.50000925411587e-06
CPD-7252	48682	HMDB	HMDB0037441_23_shen	Kaempferide	inchikey_connectivity_formula_mass	2	FALSE	TRUE	1.80000370164635e-09	4.50000925411587e-06
CPD-7252	48683	HMDB	HMDB0037441_24_shen	Kaempferide	inchikey_connectivity_formula_mass	2	FALSE	TRUE	1.80000370164635e-09	4.50000925411587e-06
CPD-7252	48684	HMDB	HMDB0037441_25_shen	Kaempferide	inchikey_connectivity_formula_mass	2	FALSE	TRUE	1.80000370164635e-09	4.50000925411587e-06
CPD-7252	48685	HMDB	HMDB0037441_26_shen	Kaempferide	inchikey_connectivity_formula_mass	2	FALSE	TRUE	1.80000370164635e-09	4.50000925411587e-06
CPD-7252	48686	HMDB	HMDB0037441_27_shen	Kaempferide	inchikey_connectivity_formula_mass	2	FALSE	TRUE	1.80000370164635e-09	4.50000925411587e-06
CPD-7252	48687	HMDB	HMDB0037441_28_shen	Kaempferide	inchikey_connectivity_formula_mass	2	FALSE	TRUE	1.80000370164635e-09	4.50000925411587e-06
CPD-7252	48688	HMDB	HMDB0037441_29_shen	Kaempferide	inchikey_connectivity_formula_mass	2	FALSE	TRUE	1.80000370164635e-09	4.50000925411587e-06
CPD-7252	48689	HMDB	HMDB0037441_30_shen	Kaempferide	inchikey_connectivity_formula_mass	2	FALSE	TRUE	1.80000370164635e-09	4.50000925411587e-06
CPD-7252	48690	HMDB	HMDB0037441_31_shen	Kaempferide	inchikey_connectivity_formula_mass	2	FALSE	TRUE	1.80000370164635e-09	4.50000925411587e-06
CPD-7252	48691	HMDB	HMDB0037441_32_shen	Kaempferide	inchikey_connectivity_formula_mass	2	FALSE	TRUE	1.80000370164635e-09	4.50000925411587e-06
CPD-7252	48692	HMDB	HMDB0037441_33_shen	Kaempferide	inchikey_connectivity_formula_mass	2	FALSE	TRUE	1.80000370164635e-09	4.50000925411587e-06
CPD-7252	48693	HMDB	HMDB0037441_34_shen	Kaempferide	inchikey_connectivity_formula_mass	2	FALSE	TRUE	1.80000370164635e-09	4.50000925411587e-06
CPD-7252	48694	HMDB	HMDB0037441_35_shen	Kaempferide	inchikey_connectivity_formula_mass	2	FALSE	TRUE	1.80000370164635e-09	4.50000925411587e-06
CPD-7252	48695	HMDB	HMDB0037441_36_shen	Kaempferide	inchikey_connectivity_formula_mass	2	FALSE	TRUE	1.80000370164635e-09	4.50000925411587e-06
CPD-7252	48696	HMDB	HMDB0037441_37_shen	Kaempferide	inchikey_connectivity_formula_mass	2	FALSE	TRUE	1.80000370164635e-09	4.50000925411587e-06
CPD-7252	48697	HMDB	HMDB0037441_38_shen	Kaempferide	inchikey_connectivity_formula_mass	2	FALSE	TRUE	1.80000370164635e-09	4.50000925411587e-06
CPD-7252	48698	HMDB	HMDB0037441_39_shen	Kaempferide	inchikey_connectivity_formula_mass	2	FALSE	TRUE	1.80000370164635e-09	4.50000925411587e-06
CPD-7252	48699	HMDB	HMDB0037441_40_shen	Kaempferide	inchikey_connectivity_formula_mass	2	FALSE	TRUE	1.80000370164635e-09	4.50000925411587e-06
CPD-7252	48700	HMDB	HMDB0037441_41_shen	Kaempferide	inchikey_connectivity_formula_mass	2	FALSE	TRUE	1.80000370164635e-09	4.50000925411587e-06
CPD-7252	48701	HMDB	HMDB0037441_42_shen	Kaempferide	inchikey_connectivity_formula_mass	2	FALSE	TRUE	1.80000370164635e-09	4.50000925411587e-06
CPD-7252	48702	HMDB	HMDB0037441_43_shen	Kaempferide	inchikey_connectivity_formula_mass	2	FALSE	TRUE	1.80000370164635e-09	4.50000925411587e-06
CPD-7252	48703	HMDB	HMDB0037441_44_shen	Kaempferide	inchikey_connectivity_formula_mass	2	FALSE	TRUE	1.80000370164635e-09	4.50000925411587e-06
CPD-7252	48704	HMDB	HMDB0037441_45_shen	Kaempferide	inchikey_connectivity_formula_mass	2	FALSE	TRUE	1.80000370164635e-09	4.50000925411587e-06
CPD-7252	48705	HMDB	HMDB0037441_46_shen	Kaempferide	inchikey_connectivity_formula_mass	2	FALSE	TRUE	1.80000370164635e-09	4.50000925411587e-06
CPD-7252	48706	HMDB	HMDB0037441_47_shen	Kaempferide	inchikey_connectivity_formula_mass	2	FALSE	TRUE	1.80000370164635e-09	4.50000925411587e-06
CPD-7252	48707	HMDB	HMDB0037441_48_shen	Kaempferide	inchikey_connectivity_formula_mass	2	FALSE	TRUE	1.80000370164635e-09	4.50000925411587e-06
CPD-7252	48708	HMDB	HMDB0037441_49_shen	Kaempferide	inchikey_connectivity_formula_mass	2	FALSE	TRUE	1.80000370164635e-09	4.50000925411587e-06
CPD-7252	48709	HMDB	HMDB0037441_50_shen	Kaempferide	inchikey_connectivity_formula_mass	2	FALSE	TRUE	1.80000370164635e-09	4.50000925411587e-06
CPD-7252	48710	HMDB	HMDB0037441_51_shen	Kaempferide	inchikey_connectivity_formula_mass	2	FALSE	TRUE	1.80000370164635e-09	4.50000925411587e-06
CPD-7252	48711	HMDB	HMDB0037441_52_shen	Kaempferide	inchikey_connectivity_formula_mass	2	FALSE	TRUE	1.80000370164635e-09	4.50000925411587e-06
CPD-7252	48712	HMDB	HMDB0037441_53_shen	Kaempferide	inchikey_connectivity_formula_mass	2	FALSE	TRUE	1.80000370164635e-09	4.50000925411587e-06
CPD-7252	48713	HMDB	HMDB0037441_54_shen	Kaempferide	inchikey_connectivity_formula_mass	2	FALSE	TRUE	1.80000370164635e-09	4.50000925411587e-06
CPD-7252	48714	HMDB	HMDB0037441_55_shen	Kaempferide	inchikey_connectivity_formula_mass	2	FALSE	TRUE	1.80000370164635e-09	4.50000925411587e-06
CPD-7252	48715	HMDB	HMDB0037441_56_shen	Kaempferide	inchikey_connectivity_formula_mass	2	FALSE	TRUE	1.80000370164635e-09	4.50000925411587e-06
CPD-7252	48716	HMDB	HMDB0037441_57_shen	Kaempferide	inchikey_connectivity_formula_mass	2	FALSE	TRUE	1.80000370164635e-09	4.50000925411587e-06
CPD-7252	48717	HMDB	HMDB0037441_58_shen	Kaempferide	inchikey_connectivity_formula_mass	2	FALSE	TRUE	1.80000370164635e-09	4.50000925411587e-06
CPD-7252	48718	HMDB	HMDB0037441_59_shen	Kaempferide	inchikey_connectivity_formula_mass	2	FALSE	TRUE	1.80000370164635e-09	4.50000925411587e-06
CPD-7252	48719	HMDB	HMDB0037441_60_shen	Kaempferide	inchikey_connectivity_formula_mass	2	FALSE	TRUE	1.80000370164635e-09	4.50000925411587e-06
CPD-7252	48720	HMDB	HMDB0037441_61_shen	Kaempferide	inchikey_connectivity_formula_mass	2	FALSE	TRUE	1.80000370164635e-09	4.50000925411587e-06
CPD-7252	48721	HMDB	HMDB0037441_62_shen	Kaempferide	inchikey_connectivity_formula_mass	2	FALSE	TRUE	1.80000370164635e-09	4.50000925411587e-06
CPD-7252	48722	HMDB	HMDB0037441_63_shen	Kaempferide	inchikey_connectivity_formula_mass	2	FALSE	TRUE	1.80000370164635e-09	4.50000925411587e-06
CPD-7252	48723	HMDB	HMDB0037441_64_shen	Kaempferide	inchikey_connectivity_formula_mass	2	FALSE	TRUE	1.80000370164635e-09	4.50000925411587e-06
CPD-7252	48724	HMDB	HMDB0037441_65_shen	Kaempferide	inchikey_connectivity_formula_mass	2	FALSE	TRUE	1.80000370164635e-09	4.50000925411587e-06
CPD-7252	48725	HMDB	HMDB0037441_66_shen	Kaempferide	inchikey_connectivity_formula_mass	2	FALSE	TRUE	1.80000370164635e-09	4.50000925411587e-06
CPD-7252	48726	HMDB	HMDB0037441_67_shen	Kaempferide	inchikey_connectivity_formula_mass	2	FALSE	TRUE	1.80000370164635e-09	4.50000925411587e-06
CPD-7252	48727	HMDB	HMDB0037441_68_shen	Kaempferide	inchikey_connectivity_formula_mass	2	FALSE	TRUE	1.80000370164635e-09	4.50000925411587e-06
CPD-7252	48728	HMDB	HMDB0037441_69_shen	Kaempferide	inchikey_connectivity_formula_mass	2	FALSE	TRUE	1.80000370164635e-09	4.50000925411587e-06
CPD-7252	48729	HMDB	HMDB0037441_70_shen	Kaempferide	inchikey_connectivity_formula_mass	2	FALSE	TRUE	1.80000370164635e-09	4.50000925411587e-06
CPD-7252	48730	HMDB	HMDB0037441_71_shen	Kaempferide	inchikey_connectivity_formula_mass	2	FALSE	TRUE	1.80000370164635e-09	4.50000925411587e-06
CPD-7252	48731	HMDB	HMDB0037441_72_shen	Kaempferide	inchikey_connectivity_formula_mass	2	FALSE	TRUE	1.80000370164635e-09	4.50000925411587e-06
CPD-7252	48732	HMDB	HMDB0037441_73_shen	Kaempferide	inchikey_connectivity_formula_mass	2	FALSE	TRUE	1.80000370164635e-09	4.50000925411587e-06
CPD-7119	48744	HMDB	HMDB0037479_1_shen	Xanthohumol	inchikey_connectivity_formula_mass	2	FALSE	TRUE	2.70000555246952e-09	6.7500138811738e-06
CPD-7119	48745	HMDB	HMDB0037479_2_shen	Xanthohumol	inchikey_connectivity_formula_mass	2	FALSE	TRUE	2.70000555246952e-09	6.7500138811738e-06
CPD-7119	48746	HMDB	HMDB0037479_3_shen	Xanthohumol	inchikey_connectivity_formula_mass	2	FALSE	TRUE	2.70000555246952e-09	6.7500138811738e-06
CPD-7119	48747	HMDB	HMDB0037479_4_shen	Xanthohumol	inchikey_connectivity_formula_mass	2	FALSE	TRUE	2.70000555246952e-09	6.7500138811738e-06
CPD-7119	48748	HMDB	HMDB0037479_5_shen	Xanthohumol	inchikey_connectivity_formula_mass	2	FALSE	TRUE	2.70000555246952e-09	6.7500138811738e-06
CPD-7119	48749	HMDB	HMDB0037479_6_shen	Xanthohumol	inchikey_connectivity_formula_mass	2	FALSE	TRUE	2.70000555246952e-09	6.7500138811738e-06
CPD-7119	48750	HMDB	HMDB0037479_7_shen	Xanthohumol	inchikey_connectivity_formula_mass	2	FALSE	TRUE	2.70000555246952e-09	6.7500138811738e-06
CPD-7119	48751	HMDB	HMDB0037479_8_shen	Xanthohumol	inchikey_connectivity_formula_mass	2	FALSE	TRUE	2.70000555246952e-09	6.7500138811738e-06
CPD-7119	48752	HMDB	HMDB0037479_9_shen	Xanthohumol	inchikey_connectivity_formula_mass	2	FALSE	TRUE	2.70000555246952e-09	6.7500138811738e-06
CPD-7119	48753	HMDB	HMDB0037479_10_shen	Xanthohumol	inchikey_connectivity_formula_mass	2	FALSE	TRUE	2.70000555246952e-09	6.7500138811738e-06
CPD-7119	48754	HMDB	HMDB0037479_11_shen	Xanthohumol	inchikey_connectivity_formula_mass	2	FALSE	TRUE	2.70000555246952e-09	6.7500138811738e-06
CPD-7119	48755	HMDB	HMDB0037479_12_shen	Xanthohumol	inchikey_connectivity_formula_mass	2	FALSE	TRUE	2.70000555246952e-09	6.7500138811738e-06
CPD-7119	48756	HMDB	HMDB0037479_13_shen	Xanthohumol	inchikey_connectivity_formula_mass	2	FALSE	TRUE	2.70000555246952e-09	6.7500138811738e-06
CPD-7119	48757	HMDB	HMDB0037479_14_shen	Xanthohumol	inchikey_connectivity_formula_mass	2	FALSE	TRUE	2.70000555246952e-09	6.7500138811738e-06
CPD-7119	48758	HMDB	HMDB0037479_15_shen	Xanthohumol	inchikey_connectivity_formula_mass	2	FALSE	TRUE	2.70000555246952e-09	6.7500138811738e-06
CPD-7119	48759	HMDB	HMDB0037479_16_shen	Xanthohumol	inchikey_connectivity_formula_mass	2	FALSE	TRUE	2.70000555246952e-09	6.7500138811738e-06
CPD-7119	48760	HMDB	HMDB0037479_17_shen	Xanthohumol	inchikey_connectivity_formula_mass	2	FALSE	TRUE	2.70000555246952e-09	6.7500138811738e-06
CPD-7119	48761	HMDB	HMDB0037479_18_shen	Xanthohumol	inchikey_connectivity_formula_mass	2	FALSE	TRUE	2.70000555246952e-09	6.7500138811738e-06
CPD-7119	48762	HMDB	HMDB0037479_19_shen	Xanthohumol	inchikey_connectivity_formula_mass	2	FALSE	TRUE	2.70000555246952e-09	6.7500138811738e-06
CPD-7119	48763	HMDB	HMDB0037479_20_shen	Xanthohumol	inchikey_connectivity_formula_mass	2	FALSE	TRUE	2.70000555246952e-09	6.7500138811738e-06
CPD-7119	48764	HMDB	HMDB0037479_21_shen	Xanthohumol	inchikey_connectivity_formula_mass	2	FALSE	TRUE	2.70000555246952e-09	6.7500138811738e-06
CPD-7119	48765	HMDB	HMDB0037479_22_shen	Xanthohumol	inchikey_connectivity_formula_mass	2	FALSE	TRUE	2.70000555246952e-09	6.7500138811738e-06
CPD-7119	48766	HMDB	HMDB0037479_23_shen	Xanthohumol	inchikey_connectivity_formula_mass	2	FALSE	TRUE	2.70000555246952e-09	6.7500138811738e-06
CPD-7119	48767	HMDB	HMDB0037479_24_shen	Xanthohumol	inchikey_connectivity_formula_mass	2	FALSE	TRUE	2.70000555246952e-09	6.7500138811738e-06
CPD-7119	48768	HMDB	HMDB0037479_25_shen	Xanthohumol	inchikey_connectivity_formula_mass	2	FALSE	TRUE	2.70000555246952e-09	6.7500138811738e-06
CPD-7119	48769	HMDB	HMDB0037479_26_shen	Xanthohumol	inchikey_connectivity_formula_mass	2	FALSE	TRUE	2.70000555246952e-09	6.7500138811738e-06
CPD-7119	48770	HMDB	HMDB0037479_27_shen	Xanthohumol	inchikey_connectivity_formula_mass	2	FALSE	TRUE	2.70000555246952e-09	6.7500138811738e-06
CPD-7119	48771	HMDB	HMDB0037479_28_shen	Xanthohumol	inchikey_connectivity_formula_mass	2	FALSE	TRUE	2.70000555246952e-09	6.7500138811738e-06
CPD-7119	48772	HMDB	HMDB0037479_29_shen	Xanthohumol	inchikey_connectivity_formula_mass	2	FALSE	TRUE	2.70000555246952e-09	6.7500138811738e-06
CPD-7119	48773	HMDB	HMDB0037479_30_shen	Xanthohumol	inchikey_connectivity_formula_mass	2	FALSE	TRUE	2.70000555246952e-09	6.7500138811738e-06
CPD-7119	48774	HMDB	HMDB0037479_31_shen	Xanthohumol	inchikey_connectivity_formula_mass	2	FALSE	TRUE	2.70000555246952e-09	6.7500138811738e-06
CPD-7119	48775	HMDB	HMDB0037479_32_shen	Xanthohumol	inchikey_connectivity_formula_mass	2	FALSE	TRUE	2.70000555246952e-09	6.7500138811738e-06
CPD-7119	48776	HMDB	HMDB0037479_33_shen	Xanthohumol	inchikey_connectivity_formula_mass	2	FALSE	TRUE	2.70000555246952e-09	6.7500138811738e-06
CPD-7119	48777	HMDB	HMDB0037479_34_shen	Xanthohumol	inchikey_connectivity_formula_mass	2	FALSE	TRUE	2.70000555246952e-09	6.7500138811738e-06
CPD-7119	48778	HMDB	HMDB0037479_35_shen	Xanthohumol	inchikey_connectivity_formula_mass	2	FALSE	TRUE	2.70000555246952e-09	6.7500138811738e-06
CPD-7119	48779	HMDB	HMDB0037479_36_shen	Xanthohumol	inchikey_connectivity_formula_mass	2	FALSE	TRUE	2.70000555246952e-09	6.7500138811738e-06
CPD-7119	48780	HMDB	HMDB0037479_37_shen	Xanthohumol	inchikey_connectivity_formula_mass	2	FALSE	TRUE	2.70000555246952e-09	6.7500138811738e-06
CPD-7119	48781	HMDB	HMDB0037479_38_shen	Xanthohumol	inchikey_connectivity_formula_mass	2	FALSE	TRUE	2.70000555246952e-09	6.7500138811738e-06
CPD-7119	48782	HMDB	HMDB0037479_39_shen	Xanthohumol	inchikey_connectivity_formula_mass	2	FALSE	TRUE	2.70000555246952e-09	6.7500138811738e-06
CPD-7119	48783	HMDB	HMDB0037479_40_shen	Xanthohumol	inchikey_connectivity_formula_mass	2	FALSE	TRUE	2.70000555246952e-09	6.7500138811738e-06
CPD-11685	48969	HMDB	HMDB0037932_1_shen	Quercetin 4'-glucoside	inchikey_connectivity_formula_mass	2	FALSE	TRUE	3.20000026476919e-09	6.89513350056881e-06
CPD-11685	48970	HMDB	HMDB0037932_2_shen	Quercetin 4'-glucoside	inchikey_connectivity_formula_mass	2	FALSE	TRUE	3.20000026476919e-09	6.89513350056881e-06
CPD-11685	48971	HMDB	HMDB0037932_3_shen	Quercetin 4'-glucoside	inchikey_connectivity_formula_mass	2	FALSE	TRUE	3.20000026476919e-09	6.89513350056881e-06
CPD-11685	48972	HMDB	HMDB0037932_4_shen	Quercetin 4'-glucoside	inchikey_connectivity_formula_mass	2	FALSE	TRUE	3.20000026476919e-09	6.89513350056881e-06
CPD-11685	48973	HMDB	HMDB0037932_5_shen	Quercetin 4'-glucoside	inchikey_connectivity_formula_mass	2	FALSE	TRUE	3.20000026476919e-09	6.89513350056881e-06
CPD-11685	48974	HMDB	HMDB0037932_6_shen	Quercetin 4'-glucoside	inchikey_connectivity_formula_mass	2	FALSE	TRUE	3.20000026476919e-09	6.89513350056881e-06
CPD-11685	48975	HMDB	HMDB0037932_7_shen	Quercetin 4'-glucoside	inchikey_connectivity_formula_mass	2	FALSE	TRUE	3.20000026476919e-09	6.89513350056881e-06
CPD-11685	48976	HMDB	HMDB0037932_8_shen	Quercetin 4'-glucoside	inchikey_connectivity_formula_mass	2	FALSE	TRUE	3.20000026476919e-09	6.89513350056881e-06
CPD-11685	48977	HMDB	HMDB0037932_9_shen	Quercetin 4'-glucoside	inchikey_connectivity_formula_mass	2	FALSE	TRUE	3.20000026476919e-09	6.89513350056881e-06
CPD-11685	48978	HMDB	HMDB0037932_10_shen	Quercetin 4'-glucoside	inchikey_connectivity_formula_mass	2	FALSE	TRUE	3.20000026476919e-09	6.89513350056881e-06
CPD-11685	48979	HMDB	HMDB0037932_11_shen	Quercetin 4'-glucoside	inchikey_connectivity_formula_mass	2	FALSE	TRUE	3.20000026476919e-09	6.89513350056881e-06
CPD-11685	48980	HMDB	HMDB0037932_12_shen	Quercetin 4'-glucoside	inchikey_connectivity_formula_mass	2	FALSE	TRUE	3.20000026476919e-09	6.89513350056881e-06
CPD-11685	48981	HMDB	HMDB0037932_13_shen	Quercetin 4'-glucoside	inchikey_connectivity_formula_mass	2	FALSE	TRUE	3.20000026476919e-09	6.89513350056881e-06
CPD-11685	48982	HMDB	HMDB0037932_14_shen	Quercetin 4'-glucoside	inchikey_connectivity_formula_mass	2	FALSE	TRUE	3.20000026476919e-09	6.89513350056881e-06
CPD-11685	48983	HMDB	HMDB0037932_15_shen	Quercetin 4'-glucoside	inchikey_connectivity_formula_mass	2	FALSE	TRUE	3.20000026476919e-09	6.89513350056881e-06
CPD-11685	48984	HMDB	HMDB0037932_16_shen	Quercetin 4'-glucoside	inchikey_connectivity_formula_mass	2	FALSE	TRUE	3.20000026476919e-09	6.89513350056881e-06
CPD-11685	48985	HMDB	HMDB0037932_17_shen	Quercetin 4'-glucoside	inchikey_connectivity_formula_mass	2	FALSE	TRUE	3.20000026476919e-09	6.89513350056881e-06
CPD-11685	48986	HMDB	HMDB0037932_18_shen	Quercetin 4'-glucoside	inchikey_connectivity_formula_mass	2	FALSE	TRUE	3.20000026476919e-09	6.89513350056881e-06
CPD-11685	48987	HMDB	HMDB0037932_19_shen	Quercetin 4'-glucoside	inchikey_connectivity_formula_mass	2	FALSE	TRUE	3.20000026476919e-09	6.89513350056881e-06
CPD-11685	48988	HMDB	HMDB0037932_20_shen	Quercetin 4'-glucoside	inchikey_connectivity_formula_mass	2	FALSE	TRUE	3.20000026476919e-09	6.89513350056881e-06
CPD-11685	48989	HMDB	HMDB0037932_21_shen	Quercetin 4'-glucoside	inchikey_connectivity_formula_mass	2	FALSE	TRUE	3.20000026476919e-09	6.89513350056881e-06
CPD-11685	48990	HMDB	HMDB0037932_22_shen	Quercetin 4'-glucoside	inchikey_connectivity_formula_mass	2	FALSE	TRUE	3.20000026476919e-09	6.89513350056881e-06
CPD-11685	48991	HMDB	HMDB0037932_23_shen	Quercetin 4'-glucoside	inchikey_connectivity_formula_mass	2	FALSE	TRUE	3.20000026476919e-09	6.89513350056881e-06
CPD-11685	48992	HMDB	HMDB0037932_24_shen	Quercetin 4'-glucoside	inchikey_connectivity_formula_mass	2	FALSE	TRUE	3.20000026476919e-09	6.89513350056881e-06
CPD-11685	48993	HMDB	HMDB0037932_25_shen	Quercetin 4'-glucoside	inchikey_connectivity_formula_mass	2	FALSE	TRUE	3.20000026476919e-09	6.89513350056881e-06
CPD-11685	48994	HMDB	HMDB0037932_26_shen	Quercetin 4'-glucoside	inchikey_connectivity_formula_mass	2	FALSE	TRUE	3.20000026476919e-09	6.89513350056881e-06
CPD-11685	48995	HMDB	HMDB0037932_27_shen	Quercetin 4'-glucoside	inchikey_connectivity_formula_mass	2	FALSE	TRUE	3.20000026476919e-09	6.89513350056881e-06
CPD-11685	48996	HMDB	HMDB0037932_28_shen	Quercetin 4'-glucoside	inchikey_connectivity_formula_mass	2	FALSE	TRUE	3.20000026476919e-09	6.89513350056881e-06
CPD-11685	48997	HMDB	HMDB0037932_29_shen	Quercetin 4'-glucoside	inchikey_connectivity_formula_mass	2	FALSE	TRUE	3.20000026476919e-09	6.89513350056881e-06
CPD-11685	48998	HMDB	HMDB0037932_30_shen	Quercetin 4'-glucoside	inchikey_connectivity_formula_mass	2	FALSE	TRUE	3.20000026476919e-09	6.89513350056881e-06
CPD-11685	48999	HMDB	HMDB0037932_31_shen	Quercetin 4'-glucoside	inchikey_connectivity_formula_mass	2	FALSE	TRUE	3.20000026476919e-09	6.89513350056881e-06
CPD-11685	49000	HMDB	HMDB0037932_32_shen	Quercetin 4'-glucoside	inchikey_connectivity_formula_mass	2	FALSE	TRUE	3.20000026476919e-09	6.89513350056881e-06
CPD-11685	49001	HMDB	HMDB0037932_33_shen	Quercetin 4'-glucoside	inchikey_connectivity_formula_mass	2	FALSE	TRUE	3.20000026476919e-09	6.89513350056881e-06
CPD-11685	49002	HMDB	HMDB0037932_34_shen	Quercetin 4'-glucoside	inchikey_connectivity_formula_mass	2	FALSE	TRUE	3.20000026476919e-09	6.89513350056881e-06
CPD-11685	49003	HMDB	HMDB0037932_35_shen	Quercetin 4'-glucoside	inchikey_connectivity_formula_mass	2	FALSE	TRUE	3.20000026476919e-09	6.89513350056881e-06
CPD-11685	49004	HMDB	HMDB0037932_36_shen	Quercetin 4'-glucoside	inchikey_connectivity_formula_mass	2	FALSE	TRUE	3.20000026476919e-09	6.89513350056881e-06
CPD-11685	49005	HMDB	HMDB0037932_37_shen	Quercetin 4'-glucoside	inchikey_connectivity_formula_mass	2	FALSE	TRUE	3.20000026476919e-09	6.89513350056881e-06
CPD-11685	49006	HMDB	HMDB0037932_38_shen	Quercetin 4'-glucoside	inchikey_connectivity_formula_mass	2	FALSE	TRUE	3.20000026476919e-09	6.89513350056881e-06
CPD-11685	49007	HMDB	HMDB0037932_39_shen	Quercetin 4'-glucoside	inchikey_connectivity_formula_mass	2	FALSE	TRUE	3.20000026476919e-09	6.89513350056881e-06
CPD-16530	49008	HMDB	HMDB0037944_1_shen	(-)-Epicatechin 3-O-gallate	inchikey	1	TRUE	TRUE	1.87999944500916e-08	4.25252654125257e-05
CPD-16530	49009	HMDB	HMDB0037944_2_shen	(-)-Epicatechin 3-O-gallate	inchikey	1	TRUE	TRUE	1.87999944500916e-08	4.25252654125257e-05
CPD-16530	49010	HMDB	HMDB0037944_3_shen	(-)-Epicatechin 3-O-gallate	inchikey	1	TRUE	TRUE	1.87999944500916e-08	4.25252654125257e-05
CPD-16530	49011	HMDB	HMDB0037944_4_shen	(-)-Epicatechin 3-O-gallate	inchikey	1	TRUE	TRUE	1.87999944500916e-08	4.25252654125257e-05
CPD-16530	49012	HMDB	HMDB0037944_5_shen	(-)-Epicatechin 3-O-gallate	inchikey	1	TRUE	TRUE	1.87999944500916e-08	4.25252654125257e-05
CPD-16530	49013	HMDB	HMDB0037944_6_shen	(-)-Epicatechin 3-O-gallate	inchikey	1	TRUE	TRUE	1.87999944500916e-08	4.25252654125257e-05
CPD-16530	49014	HMDB	HMDB0037944_7_shen	(-)-Epicatechin 3-O-gallate	inchikey	1	TRUE	TRUE	1.87999944500916e-08	4.25252654125257e-05
CPD-16530	49015	HMDB	HMDB0037944_8_shen	(-)-Epicatechin 3-O-gallate	inchikey	1	TRUE	TRUE	1.87999944500916e-08	4.25252654125257e-05
CPD-16530	49016	HMDB	HMDB0037944_9_shen	(-)-Epicatechin 3-O-gallate	inchikey	1	TRUE	TRUE	1.87999944500916e-08	4.25252654125257e-05
CPD-16530	49017	HMDB	HMDB0037944_10_shen	(-)-Epicatechin 3-O-gallate	inchikey	1	TRUE	TRUE	1.87999944500916e-08	4.25252654125257e-05
CPD-16530	49018	HMDB	HMDB0037944_11_shen	(-)-Epicatechin 3-O-gallate	inchikey	1	TRUE	TRUE	1.87999944500916e-08	4.25252654125257e-05
CPD-16530	49019	HMDB	HMDB0037944_12_shen	(-)-Epicatechin 3-O-gallate	inchikey	1	TRUE	TRUE	1.87999944500916e-08	4.25252654125257e-05
CPD-16530	49020	HMDB	HMDB0037944_13_shen	(-)-Epicatechin 3-O-gallate	inchikey	1	TRUE	TRUE	1.87999944500916e-08	4.25252654125257e-05
CPD-16530	49021	HMDB	HMDB0037944_14_shen	(-)-Epicatechin 3-O-gallate	inchikey	1	TRUE	TRUE	1.87999944500916e-08	4.25252654125257e-05
CPD-16530	49022	HMDB	HMDB0037944_15_shen	(-)-Epicatechin 3-O-gallate	inchikey	1	TRUE	TRUE	1.87999944500916e-08	4.25252654125257e-05
CPD-16530	49023	HMDB	HMDB0037944_16_shen	(-)-Epicatechin 3-O-gallate	inchikey	1	TRUE	TRUE	1.87999944500916e-08	4.25252654125257e-05
CPD-16530	49024	HMDB	HMDB0037944_17_shen	(-)-Epicatechin 3-O-gallate	inchikey	1	TRUE	TRUE	1.87999944500916e-08	4.25252654125257e-05
CPD-16530	49025	HMDB	HMDB0037944_18_shen	(-)-Epicatechin 3-O-gallate	inchikey	1	TRUE	TRUE	1.87999944500916e-08	4.25252654125257e-05
CPD-16535	49048	HMDB	HMDB0037976_1_shen	Cyanidin 3-sambubioside	name_formula_mass	4	FALSE	TRUE	4.39990799350198e-09	7.57102832005864e-06
CPD-16535	49049	HMDB	HMDB0037976_2_shen	Cyanidin 3-sambubioside	name_formula_mass	4	FALSE	TRUE	4.39990799350198e-09	7.57102832005864e-06
CPD-14998	49050	HMDB	HMDB0037977_1_shen	Cyanidin 3-galactoside	inchikey_connectivity_formula_mass	2	FALSE	TRUE	3.20000026476919e-09	7.12522936742495e-06
CPD-14998	49051	HMDB	HMDB0037977_2_shen	Cyanidin 3-galactoside	inchikey_connectivity_formula_mass	2	FALSE	TRUE	3.20000026476919e-09	7.12522936742495e-06
CPD-14998	49052	HMDB	HMDB0037977_3_shen	Cyanidin 3-galactoside	inchikey_connectivity_formula_mass	2	FALSE	TRUE	3.20000026476919e-09	7.12522936742495e-06
CPD-14998	49053	HMDB	HMDB0037977_4_shen	Cyanidin 3-galactoside	inchikey_connectivity_formula_mass	2	FALSE	TRUE	3.20000026476919e-09	7.12522936742495e-06
CPD-14998	49054	HMDB	HMDB0037977_5_shen	Cyanidin 3-galactoside	inchikey_connectivity_formula_mass	2	FALSE	TRUE	3.20000026476919e-09	7.12522936742495e-06
CPD-14998	49055	HMDB	HMDB0037977_6_shen	Cyanidin 3-galactoside	inchikey_connectivity_formula_mass	2	FALSE	TRUE	3.20000026476919e-09	7.12522936742495e-06
CPD-14998	49056	HMDB	HMDB0037977_7_shen	Cyanidin 3-galactoside	inchikey_connectivity_formula_mass	2	FALSE	TRUE	3.20000026476919e-09	7.12522936742495e-06
CPD-14998	49057	HMDB	HMDB0037977_8_shen	Cyanidin 3-galactoside	inchikey_connectivity_formula_mass	2	FALSE	TRUE	3.20000026476919e-09	7.12522936742495e-06
CPD-18094	49058	HMDB	HMDB0037980_1_shen	Cyanidin 3-sambubioside 5-glucoside	name_formula_mass	4	FALSE	TRUE	5.90000581723871e-09	7.93861447876088e-06
CPD-18094	49059	HMDB	HMDB0037980_2_shen	Cyanidin 3-sambubioside 5-glucoside	name_formula_mass	4	FALSE	TRUE	5.90000581723871e-09	7.93861447876088e-06
CPD-7117	49060	HMDB	HMDB0037997_1_shen	Delphinidin 3-glucoside	inchikey_connectivity_formula_mass	2	FALSE	TRUE	3.29998783854535e-09	7.09517182626272e-06
CPD-7117	49061	HMDB	HMDB0037997_2_shen	Delphinidin 3-glucoside	inchikey_connectivity_formula_mass	2	FALSE	TRUE	3.29998783854535e-09	7.09517182626272e-06
CPD-7117	49062	HMDB	HMDB0037997_3_shen	Delphinidin 3-glucoside	inchikey_connectivity_formula_mass	2	FALSE	TRUE	3.29998783854535e-09	7.09517182626272e-06
CPD-7145	49063	HMDB	HMDB0038001_1_shen	Delphinidin 3-rutinoside	inchikey_connectivity_formula_mass	2	FALSE	TRUE	4.69992755824933e-09	7.69016011118218e-06
CPD-7145	49064	HMDB	HMDB0038001_2_shen	Delphinidin 3-rutinoside	inchikey_connectivity_formula_mass	2	FALSE	TRUE	4.69992755824933e-09	7.69016011118218e-06
CPD-7145	49065	HMDB	HMDB0038001_3_shen	Delphinidin 3-rutinoside	inchikey_connectivity_formula_mass	2	FALSE	TRUE	4.69992755824933e-09	7.69016011118218e-06
CPD-7145	49066	HMDB	HMDB0038001_4_shen	Delphinidin 3-rutinoside	inchikey_connectivity_formula_mass	2	FALSE	TRUE	4.69992755824933e-09	7.69016011118218e-06
CPD-7145	49067	HMDB	HMDB0038001_5_shen	Delphinidin 3-rutinoside	inchikey_connectivity_formula_mass	2	FALSE	TRUE	4.69992755824933e-09	7.69016011118218e-06
CPD-7145	49068	HMDB	HMDB0038001_6_shen	Delphinidin 3-rutinoside	inchikey_connectivity_formula_mass	2	FALSE	TRUE	4.69992755824933e-09	7.69016011118218e-06
CPD-7145	49069	HMDB	HMDB0038001_7_shen	Delphinidin 3-rutinoside	inchikey_connectivity_formula_mass	2	FALSE	TRUE	4.69992755824933e-09	7.69016011118218e-06
CPD-7145	49070	HMDB	HMDB0038001_8_shen	Delphinidin 3-rutinoside	inchikey_connectivity_formula_mass	2	FALSE	TRUE	4.69992755824933e-09	7.69016011118218e-06
CPD-7145	49071	HMDB	HMDB0038001_9_shen	Delphinidin 3-rutinoside	inchikey_connectivity_formula_mass	2	FALSE	TRUE	4.69992755824933e-09	7.69016011118218e-06
CPD-7145	49072	HMDB	HMDB0038001_10_shen	Delphinidin 3-rutinoside	inchikey_connectivity_formula_mass	2	FALSE	TRUE	4.69992755824933e-09	7.69016011118218e-06
CPD-7145	49073	HMDB	HMDB0038001_11_shen	Delphinidin 3-rutinoside	inchikey_connectivity_formula_mass	2	FALSE	TRUE	4.69992755824933e-09	7.69016011118218e-06
CPD-7145	49074	HMDB	HMDB0038001_12_shen	Delphinidin 3-rutinoside	inchikey_connectivity_formula_mass	2	FALSE	TRUE	4.69992755824933e-09	7.69016011118218e-06
CPD-7145	49075	HMDB	HMDB0038001_13_shen	Delphinidin 3-rutinoside	inchikey_connectivity_formula_mass	2	FALSE	TRUE	4.69992755824933e-09	7.69016011118218e-06
CPD-10411	49092	HMDB	HMDB0038361_1_shen	(-)-Epigallocatechin	inchikey	1	TRUE	TRUE	2.09996642297483e-09	5.24991605743708e-06
CPD-10411	49093	HMDB	HMDB0038361_2_shen	(-)-Epigallocatechin	inchikey	1	TRUE	TRUE	2.09996642297483e-09	5.24991605743708e-06
CPD-10411	49094	HMDB	HMDB0038361_3_shen	(-)-Epigallocatechin	inchikey	1	TRUE	TRUE	2.09996642297483e-09	5.24991605743708e-06
CPD-10411	49095	HMDB	HMDB0038361_4_shen	(-)-Epigallocatechin	inchikey	1	TRUE	TRUE	2.09996642297483e-09	5.24991605743708e-06
CPD-10411	49096	HMDB	HMDB0038361_5_shen	(-)-Epigallocatechin	inchikey	1	TRUE	TRUE	2.09996642297483e-09	5.24991605743708e-06
CPD-10411	49097	HMDB	HMDB0038361_6_shen	(-)-Epigallocatechin	inchikey	1	TRUE	TRUE	2.09996642297483e-09	5.24991605743708e-06
CPD-10411	49098	HMDB	HMDB0038361_7_shen	(-)-Epigallocatechin	inchikey	1	TRUE	TRUE	2.09996642297483e-09	5.24991605743708e-06
CPD-10411	49099	HMDB	HMDB0038361_8_shen	(-)-Epigallocatechin	inchikey	1	TRUE	TRUE	2.09996642297483e-09	5.24991605743708e-06
CPD-10411	49100	HMDB	HMDB0038361_9_shen	(-)-Epigallocatechin	inchikey	1	TRUE	TRUE	2.09996642297483e-09	5.24991605743708e-06
CPD-10411	49101	HMDB	HMDB0038361_10_shen	(-)-Epigallocatechin	inchikey	1	TRUE	TRUE	2.09996642297483e-09	5.24991605743708e-06
CPD-10411	49102	HMDB	HMDB0038361_11_shen	(-)-Epigallocatechin	inchikey	1	TRUE	TRUE	2.09996642297483e-09	5.24991605743708e-06
CPD-10411	49103	HMDB	HMDB0038361_12_shen	(-)-Epigallocatechin	inchikey	1	TRUE	TRUE	2.09996642297483e-09	5.24991605743708e-06
CPD-10411	49104	HMDB	HMDB0038361_13_shen	(-)-Epigallocatechin	inchikey	1	TRUE	TRUE	2.09996642297483e-09	5.24991605743708e-06
CPD-10411	49105	HMDB	HMDB0038361_14_shen	(-)-Epigallocatechin	inchikey	1	TRUE	TRUE	2.09996642297483e-09	5.24991605743708e-06
CPD-10411	49106	HMDB	HMDB0038361_15_shen	(-)-Epigallocatechin	inchikey	1	TRUE	TRUE	2.09996642297483e-09	5.24991605743708e-06
CPD-10411	49107	HMDB	HMDB0038361_16_shen	(-)-Epigallocatechin	inchikey	1	TRUE	TRUE	2.09996642297483e-09	5.24991605743708e-06
CPD-10411	49108	HMDB	HMDB0038361_17_shen	(-)-Epigallocatechin	inchikey	1	TRUE	TRUE	2.09996642297483e-09	5.24991605743708e-06
CPD-10411	49109	HMDB	HMDB0038361_18_shen	(-)-Epigallocatechin	inchikey	1	TRUE	TRUE	2.09996642297483e-09	5.24991605743708e-06
CPD-10411	49110	HMDB	HMDB0038361_19_shen	(-)-Epigallocatechin	inchikey	1	TRUE	TRUE	2.09996642297483e-09	5.24991605743708e-06
CPD-10411	49111	HMDB	HMDB0038361_20_shen	(-)-Epigallocatechin	inchikey	1	TRUE	TRUE	2.09996642297483e-09	5.24991605743708e-06
CPD-10411	49112	HMDB	HMDB0038361_21_shen	(-)-Epigallocatechin	inchikey	1	TRUE	TRUE	2.09996642297483e-09	5.24991605743708e-06
CPD-10411	49113	HMDB	HMDB0038361_22_shen	(-)-Epigallocatechin	inchikey	1	TRUE	TRUE	2.09996642297483e-09	5.24991605743708e-06
CPD-10411	49114	HMDB	HMDB0038361_23_shen	(-)-Epigallocatechin	inchikey	1	TRUE	TRUE	2.09996642297483e-09	5.24991605743708e-06
CPD-10411	49115	HMDB	HMDB0038361_24_shen	(-)-Epigallocatechin	inchikey	1	TRUE	TRUE	2.09996642297483e-09	5.24991605743708e-06
CPD-10411	49116	HMDB	HMDB0038361_25_shen	(-)-Epigallocatechin	inchikey	1	TRUE	TRUE	2.09996642297483e-09	5.24991605743708e-06
CPD-10411	49117	HMDB	HMDB0038361_26_shen	(-)-Epigallocatechin	inchikey	1	TRUE	TRUE	2.09996642297483e-09	5.24991605743708e-06
CPD-10411	49118	HMDB	HMDB0038361_27_shen	(-)-Epigallocatechin	inchikey	1	TRUE	TRUE	2.09996642297483e-09	5.24991605743708e-06
CPD-10411	49119	HMDB	HMDB0038361_28_shen	(-)-Epigallocatechin	inchikey	1	TRUE	TRUE	2.09996642297483e-09	5.24991605743708e-06
CPD-10411	49120	HMDB	HMDB0038361_29_shen	(-)-Epigallocatechin	inchikey	1	TRUE	TRUE	2.09996642297483e-09	5.24991605743708e-06
CPD-10411	49121	HMDB	HMDB0038361_30_shen	(-)-Epigallocatechin	inchikey	1	TRUE	TRUE	2.09996642297483e-09	5.24991605743708e-06
CPD-10358	49122	HMDB	HMDB0038365_1_shen	(+)-Gallocatechin	inchikey	1	TRUE	TRUE	1.30999637804052e-08	3.27499094510131e-05
CPD-10358	49123	HMDB	HMDB0038365_2_shen	(+)-Gallocatechin	inchikey	1	TRUE	TRUE	1.30999637804052e-08	3.27499094510131e-05
CPD-10358	49124	HMDB	HMDB0038365_3_shen	(+)-Gallocatechin	inchikey	1	TRUE	TRUE	1.30999637804052e-08	3.27499094510131e-05
CPD-10358	49125	HMDB	HMDB0038365_4_shen	(+)-Gallocatechin	inchikey	1	TRUE	TRUE	1.30999637804052e-08	3.27499094510131e-05
CPDQT-280	49142	HMDB	HMDB0038404_1_shen	Glucoraphanin	inchikey_connectivity_formula_mass	2	FALSE	TRUE	1.43249997108796e-06	0.00327766889148555
CPDQT-280	49143	HMDB	HMDB0038404_2_shen	Glucoraphanin	inchikey_connectivity_formula_mass	2	FALSE	TRUE	1.43249997108796e-06	0.00327766889148555
THIAZOL-YL-INDOLE	49272	HMDB	HMDB0038631_1_shen	Camalexin	inchikey	1	TRUE	TRUE	1.20002141557052e-09	3.0000535389263e-06
THIAZOL-YL-INDOLE	49273	HMDB	HMDB0038631_2_shen	Camalexin	inchikey	1	TRUE	TRUE	1.20002141557052e-09	3.0000535389263e-06
THIAZOL-YL-INDOLE	49274	HMDB	HMDB0038631_3_shen	Camalexin	inchikey	1	TRUE	TRUE	1.20002141557052e-09	3.0000535389263e-06
THIAZOL-YL-INDOLE	49275	HMDB	HMDB0038631_4_shen	Camalexin	inchikey	1	TRUE	TRUE	1.20002141557052e-09	3.0000535389263e-06
THIAZOL-YL-INDOLE	49276	HMDB	HMDB0038631_5_shen	Camalexin	inchikey	1	TRUE	TRUE	1.20002141557052e-09	3.0000535389263e-06
THIAZOL-YL-INDOLE	49277	HMDB	HMDB0038631_6_shen	Camalexin	inchikey	1	TRUE	TRUE	1.20002141557052e-09	3.0000535389263e-06
THIAZOL-YL-INDOLE	49278	HMDB	HMDB0038631_7_shen	Camalexin	inchikey	1	TRUE	TRUE	1.20002141557052e-09	3.0000535389263e-06
THIAZOL-YL-INDOLE	49279	HMDB	HMDB0038631_8_shen	Camalexin	inchikey	1	TRUE	TRUE	1.20002141557052e-09	3.0000535389263e-06
THIAZOL-YL-INDOLE	49280	HMDB	HMDB0038631_9_shen	Camalexin	inchikey	1	TRUE	TRUE	1.20002141557052e-09	3.0000535389263e-06
THIAZOL-YL-INDOLE	49281	HMDB	HMDB0038631_10_shen	Camalexin	inchikey	1	TRUE	TRUE	1.20002141557052e-09	3.0000535389263e-06
INDOLE-3-ACETYL-GLU	49282	HMDB	HMDB0038665_1_shen	Indole-3-acetylglutamic acid	inchikey_connectivity_formula_mass	2	FALSE	TRUE	1.15000489131489e-08	2.87501222828723e-05
INDOLE-3-ACETYL-GLU	49283	HMDB	HMDB0038665_2_shen	Indole-3-acetylglutamic acid	inchikey_connectivity_formula_mass	2	FALSE	TRUE	1.15000489131489e-08	2.87501222828723e-05
INDOLE-3-ACETYL-GLU	49284	HMDB	HMDB0038665_3_shen	Indole-3-acetylglutamic acid	inchikey_connectivity_formula_mass	2	FALSE	TRUE	1.15000489131489e-08	2.87501222828723e-05
INDOLE-3-ACETYL-GLU	49285	HMDB	HMDB0038665_4_shen	Indole-3-acetylglutamic acid	inchikey_connectivity_formula_mass	2	FALSE	TRUE	1.15000489131489e-08	2.87501222828723e-05
INDOLE-3-ACETYL-GLU	49286	HMDB	HMDB0038665_5_shen	Indole-3-acetylglutamic acid	inchikey_connectivity_formula_mass	2	FALSE	TRUE	1.15000489131489e-08	2.87501222828723e-05
INDOLE-3-ACETYL-GLU	49287	HMDB	HMDB0038665_6_shen	Indole-3-acetylglutamic acid	inchikey_connectivity_formula_mass	2	FALSE	TRUE	1.15000489131489e-08	2.87501222828723e-05
INDOLE-3-ACETYL-GLU	49288	HMDB	HMDB0038665_7_shen	Indole-3-acetylglutamic acid	inchikey_connectivity_formula_mass	2	FALSE	TRUE	1.15000489131489e-08	2.87501222828723e-05
INDOLE-3-ACETYL-GLU	49289	HMDB	HMDB0038665_8_shen	Indole-3-acetylglutamic acid	inchikey_connectivity_formula_mass	2	FALSE	TRUE	1.15000489131489e-08	2.87501222828723e-05
INDOLE-3-ACETYL-GLU	49290	HMDB	HMDB0038665_9_shen	Indole-3-acetylglutamic acid	inchikey_connectivity_formula_mass	2	FALSE	TRUE	1.15000489131489e-08	2.87501222828723e-05
INDOLE-3-ACETYL-GLU	49291	HMDB	HMDB0038665_10_shen	Indole-3-acetylglutamic acid	inchikey_connectivity_formula_mass	2	FALSE	TRUE	1.15000489131489e-08	2.87501222828723e-05
INDOLE-3-ACETYL-GLU	49292	HMDB	HMDB0038665_11_shen	Indole-3-acetylglutamic acid	inchikey_connectivity_formula_mass	2	FALSE	TRUE	1.15000489131489e-08	2.87501222828723e-05
INDOLE-3-ACETYL-GLU	49293	HMDB	HMDB0038665_12_shen	Indole-3-acetylglutamic acid	inchikey_connectivity_formula_mass	2	FALSE	TRUE	1.15000489131489e-08	2.87501222828723e-05
INDOLE-3-ACETYL-GLU	49294	HMDB	HMDB0038665_13_shen	Indole-3-acetylglutamic acid	inchikey_connectivity_formula_mass	2	FALSE	TRUE	1.15000489131489e-08	2.87501222828723e-05
INDOLE-3-ACETYL-GLU	49295	HMDB	HMDB0038665_14_shen	Indole-3-acetylglutamic acid	inchikey_connectivity_formula_mass	2	FALSE	TRUE	1.15000489131489e-08	2.87501222828723e-05
INDOLE-3-ACETYL-GLU	49296	HMDB	HMDB0038665_15_shen	Indole-3-acetylglutamic acid	inchikey_connectivity_formula_mass	2	FALSE	TRUE	1.15000489131489e-08	2.87501222828723e-05
INDOLE-3-ACETYL-GLU	49297	HMDB	HMDB0038665_16_shen	Indole-3-acetylglutamic acid	inchikey_connectivity_formula_mass	2	FALSE	TRUE	1.15000489131489e-08	2.87501222828723e-05
INDOLE-3-ACETYL-GLU	49298	HMDB	HMDB0038665_17_shen	Indole-3-acetylglutamic acid	inchikey_connectivity_formula_mass	2	FALSE	TRUE	1.15000489131489e-08	2.87501222828723e-05
INDOLE-3-ACETYL-GLU	49299	HMDB	HMDB0038665_18_shen	Indole-3-acetylglutamic acid	inchikey_connectivity_formula_mass	2	FALSE	TRUE	1.15000489131489e-08	2.87501222828723e-05
INDOLE-3-ACETYL-GLU	49300	HMDB	HMDB0038665_19_shen	Indole-3-acetylglutamic acid	inchikey_connectivity_formula_mass	2	FALSE	TRUE	1.15000489131489e-08	2.87501222828723e-05
INDOLE-3-ACETYL-GLU	49301	HMDB	HMDB0038665_20_shen	Indole-3-acetylglutamic acid	inchikey_connectivity_formula_mass	2	FALSE	TRUE	1.15000489131489e-08	2.87501222828723e-05
1-O-GALLOYL-BETA-D-GLUCOSE	49325	HMDB	HMDB0038728_shen	beta-Glucogallin	name_formula_mass	4	TRUE	TRUE	2.60001797869336e-09	6.5000449467334e-06
APIGENIN-7-O-NEOHESPERIDOSIDE	49338	HMDB	HMDB0038848_1_shen	Rhoifolin	name_formula_mass	4	FALSE	TRUE	4.40002168033971e-09	7.61034077151838e-06
APIGENIN-7-O-NEOHESPERIDOSIDE	49339	HMDB	HMDB0038848_2_shen	Rhoifolin	name_formula_mass	4	FALSE	TRUE	4.40002168033971e-09	7.61034077151838e-06
APIGENIN-7-O-NEOHESPERIDOSIDE	49340	HMDB	HMDB0038848_3_shen	Rhoifolin	name_formula_mass	4	FALSE	TRUE	4.40002168033971e-09	7.61034077151838e-06
APIGENIN-7-O-NEOHESPERIDOSIDE	49341	HMDB	HMDB0038848_4_shen	Rhoifolin	name_formula_mass	4	FALSE	TRUE	4.40002168033971e-09	7.61034077151838e-06
APIGENIN-7-O-NEOHESPERIDOSIDE	49342	HMDB	HMDB0038848_5_shen	Rhoifolin	name_formula_mass	4	FALSE	TRUE	4.40002168033971e-09	7.61034077151838e-06
APIGENIN-7-O-NEOHESPERIDOSIDE	49343	HMDB	HMDB0038848_6_shen	Rhoifolin	name_formula_mass	4	FALSE	TRUE	4.40002168033971e-09	7.61034077151838e-06
APIGENIN-7-O-NEOHESPERIDOSIDE	49344	HMDB	HMDB0038848_7_shen	Rhoifolin	name_formula_mass	4	FALSE	TRUE	4.40002168033971e-09	7.61034077151838e-06
APIGENIN-7-O-NEOHESPERIDOSIDE	49345	HMDB	HMDB0038848_8_shen	Rhoifolin	name_formula_mass	4	FALSE	TRUE	4.40002168033971e-09	7.61034077151838e-06
APIGENIN-7-O-NEOHESPERIDOSIDE	49346	HMDB	HMDB0038848_9_shen	Rhoifolin	name_formula_mass	4	FALSE	TRUE	4.40002168033971e-09	7.61034077151838e-06
APIGENIN-7-O-NEOHESPERIDOSIDE	49347	HMDB	HMDB0038848_10_shen	Rhoifolin	name_formula_mass	4	FALSE	TRUE	4.40002168033971e-09	7.61034077151838e-06
APIGENIN-7-O-NEOHESPERIDOSIDE	49348	HMDB	HMDB0038848_11_shen	Rhoifolin	name_formula_mass	4	FALSE	TRUE	4.40002168033971e-09	7.61034077151838e-06
APIGENIN-7-O-NEOHESPERIDOSIDE	49349	HMDB	HMDB0038848_12_shen	Rhoifolin	name_formula_mass	4	FALSE	TRUE	4.40002168033971e-09	7.61034077151838e-06
APIGENIN-7-O-NEOHESPERIDOSIDE	49350	HMDB	HMDB0038848_13_shen	Rhoifolin	name_formula_mass	4	FALSE	TRUE	4.40002168033971e-09	7.61034077151838e-06
CPD-10081	49381	HMDB	HMDB0039083_1_shen	6''-O-Malonylwistin	inchikey_connectivity_formula_mass	2	FALSE	TRUE	3.90002696804004e-09	7.14111025892617e-06
CPD-10081	49382	HMDB	HMDB0039083_2_shen	6''-O-Malonylwistin	inchikey_connectivity_formula_mass	2	FALSE	TRUE	3.90002696804004e-09	7.14111025892617e-06
CPD-4604	49405	HMDB	HMDB0039238_1_shen	6-Benzylaminopurine	inchikey	1	TRUE	TRUE	2.09999484468426e-09	5.24998711171065e-06
CPD-4604	49406	HMDB	HMDB0039238_2_shen	6-Benzylaminopurine	inchikey	1	TRUE	TRUE	2.09999484468426e-09	5.24998711171065e-06
CPD-4604	49407	HMDB	HMDB0039238_3_shen	6-Benzylaminopurine	inchikey	1	TRUE	TRUE	2.09999484468426e-09	5.24998711171065e-06
CPD-4604	49408	HMDB	HMDB0039238_4_shen	6-Benzylaminopurine	inchikey	1	TRUE	TRUE	2.09999484468426e-09	5.24998711171065e-06
CPD-4604	49409	HMDB	HMDB0039238_5_shen	6-Benzylaminopurine	inchikey	1	TRUE	TRUE	2.09999484468426e-09	5.24998711171065e-06
CPD-4604	49410	HMDB	HMDB0039238_6_shen	6-Benzylaminopurine	inchikey	1	TRUE	TRUE	2.09999484468426e-09	5.24998711171065e-06
CPD-4604	49411	HMDB	HMDB0039238_7_shen	6-Benzylaminopurine	inchikey	1	TRUE	TRUE	2.09999484468426e-09	5.24998711171065e-06
CPD-4604	49412	HMDB	HMDB0039238_8_shen	6-Benzylaminopurine	inchikey	1	TRUE	TRUE	2.09999484468426e-09	5.24998711171065e-06
CPD-4604	49413	HMDB	HMDB0039238_9_shen	6-Benzylaminopurine	inchikey	1	TRUE	TRUE	2.09999484468426e-09	5.24998711171065e-06
CPD-4604	49414	HMDB	HMDB0039238_10_shen	6-Benzylaminopurine	inchikey	1	TRUE	TRUE	2.09999484468426e-09	5.24998711171065e-06
CPD-4604	49415	HMDB	HMDB0039238_11_shen	6-Benzylaminopurine	inchikey	1	TRUE	TRUE	2.09999484468426e-09	5.24998711171065e-06
CPD-4604	49416	HMDB	HMDB0039238_12_shen	6-Benzylaminopurine	inchikey	1	TRUE	TRUE	2.09999484468426e-09	5.24998711171065e-06
CPD-4604	49417	HMDB	HMDB0039238_13_shen	6-Benzylaminopurine	inchikey	1	TRUE	TRUE	2.09999484468426e-09	5.24998711171065e-06
CPD-4604	49418	HMDB	HMDB0039238_14_shen	6-Benzylaminopurine	inchikey	1	TRUE	TRUE	2.09999484468426e-09	5.24998711171065e-06
CPD-4604	49419	HMDB	HMDB0039238_15_shen	6-Benzylaminopurine	inchikey	1	TRUE	TRUE	2.09999484468426e-09	5.24998711171065e-06
CPD-4604	49420	HMDB	HMDB0039238_16_shen	6-Benzylaminopurine	inchikey	1	TRUE	TRUE	2.09999484468426e-09	5.24998711171065e-06
CPD-4604	49421	HMDB	HMDB0039238_17_shen	6-Benzylaminopurine	inchikey	1	TRUE	TRUE	2.09999484468426e-09	5.24998711171065e-06
CPD-4604	49422	HMDB	HMDB0039238_18_shen	6-Benzylaminopurine	inchikey	1	TRUE	TRUE	2.09999484468426e-09	5.24998711171065e-06
CPD-4604	49423	HMDB	HMDB0039238_19_shen	6-Benzylaminopurine	inchikey	1	TRUE	TRUE	2.09999484468426e-09	5.24998711171065e-06
CPD-4604	49424	HMDB	HMDB0039238_20_shen	6-Benzylaminopurine	inchikey	1	TRUE	TRUE	2.09999484468426e-09	5.24998711171065e-06
CPD-4604	49425	HMDB	HMDB0039238_21_shen	6-Benzylaminopurine	inchikey	1	TRUE	TRUE	2.09999484468426e-09	5.24998711171065e-06
CPD-4604	49426	HMDB	HMDB0039238_22_shen	6-Benzylaminopurine	inchikey	1	TRUE	TRUE	2.09999484468426e-09	5.24998711171065e-06
CPD-4604	49427	HMDB	HMDB0039238_23_shen	6-Benzylaminopurine	inchikey	1	TRUE	TRUE	2.09999484468426e-09	5.24998711171065e-06
CPD-4604	49428	HMDB	HMDB0039238_24_shen	6-Benzylaminopurine	inchikey	1	TRUE	TRUE	2.09999484468426e-09	5.24998711171065e-06
CPD-4604	49429	HMDB	HMDB0039238_25_shen	6-Benzylaminopurine	inchikey	1	TRUE	TRUE	2.09999484468426e-09	5.24998711171065e-06
CPD-4604	49430	HMDB	HMDB0039238_26_shen	6-Benzylaminopurine	inchikey	1	TRUE	TRUE	2.09999484468426e-09	5.24998711171065e-06
CPD-9214	49463	HMDB	HMDB0039353_1_shen	alpha-Chaconine	name_formula_mass	4	FALSE	TRUE	8.89997409103671e-09	1.04520747225924e-05
CPD-9214	49464	HMDB	HMDB0039353_2_shen	alpha-Chaconine	name_formula_mass	4	FALSE	TRUE	8.89997409103671e-09	1.04520747225924e-05
CPD-9214	49465	HMDB	HMDB0039353_3_shen	alpha-Chaconine	name_formula_mass	4	FALSE	TRUE	8.89997409103671e-09	1.04520747225924e-05
CPD-9214	49466	HMDB	HMDB0039353_4_shen	alpha-Chaconine	name_formula_mass	4	FALSE	TRUE	8.89997409103671e-09	1.04520747225924e-05
CPD-9214	49467	HMDB	HMDB0039353_5_shen	alpha-Chaconine	name_formula_mass	4	FALSE	TRUE	8.89997409103671e-09	1.04520747225924e-05
CPD-9214	49468	HMDB	HMDB0039353_6_shen	alpha-Chaconine	name_formula_mass	4	FALSE	TRUE	8.89997409103671e-09	1.04520747225924e-05
CPD-9214	49469	HMDB	HMDB0039353_7_shen	alpha-Chaconine	name_formula_mass	4	FALSE	TRUE	8.89997409103671e-09	1.04520747225924e-05
CPD-9214	49470	HMDB	HMDB0039353_8_shen	alpha-Chaconine	name_formula_mass	4	FALSE	TRUE	8.89997409103671e-09	1.04520747225924e-05
CPD-9214	49471	HMDB	HMDB0039353_9_shen	alpha-Chaconine	name_formula_mass	4	FALSE	TRUE	8.89997409103671e-09	1.04520747225924e-05
CPD-9214	49472	HMDB	HMDB0039353_10_shen	alpha-Chaconine	name_formula_mass	4	FALSE	TRUE	8.89997409103671e-09	1.04520747225924e-05
CPD-9214	49473	HMDB	HMDB0039353_11_shen	alpha-Chaconine	name_formula_mass	4	FALSE	TRUE	8.89997409103671e-09	1.04520747225924e-05
CPD-9214	49474	HMDB	HMDB0039353_12_shen	alpha-Chaconine	name_formula_mass	4	FALSE	TRUE	8.89997409103671e-09	1.04520747225924e-05
CPD-12100	49555	HMDB	HMDB0039545_1_shen	Ginsenoside F2	name_formula_mass	4	TRUE	TRUE	8.50002379593207e-09	1.08349944331157e-05
CPD-12100	49556	HMDB	HMDB0039545_2_shen	Ginsenoside F2	name_formula_mass	4	TRUE	TRUE	8.50002379593207e-09	1.08349944331157e-05
CPD-12100	49557	HMDB	HMDB0039545_3_shen	Ginsenoside F2	name_formula_mass	4	TRUE	TRUE	8.50002379593207e-09	1.08349944331157e-05
CPD-12100	49558	HMDB	HMDB0039545_4_shen	Ginsenoside F2	name_formula_mass	4	TRUE	TRUE	8.50002379593207e-09	1.08349944331157e-05
CPD-12100	49559	HMDB	HMDB0039545_5_shen	Ginsenoside F2	name_formula_mass	4	TRUE	TRUE	8.50002379593207e-09	1.08349944331157e-05
CPD-12100	49560	HMDB	HMDB0039545_6_shen	Ginsenoside F2	name_formula_mass	4	TRUE	TRUE	8.50002379593207e-09	1.08349944331157e-05
CPD-12100	49561	HMDB	HMDB0039545_7_shen	Ginsenoside F2	name_formula_mass	4	TRUE	TRUE	8.50002379593207e-09	1.08349944331157e-05
CPD-12100	49562	HMDB	HMDB0039545_8_shen	Ginsenoside F2	name_formula_mass	4	TRUE	TRUE	8.50002379593207e-09	1.08349944331157e-05
CPD-12100	49563	HMDB	HMDB0039545_9_shen	Ginsenoside F2	name_formula_mass	4	TRUE	TRUE	8.50002379593207e-09	1.08349944331157e-05
CPD-12100	49564	HMDB	HMDB0039545_10_shen	Ginsenoside F2	name_formula_mass	4	TRUE	TRUE	8.50002379593207e-09	1.08349944331157e-05
CPD-12100	49565	HMDB	HMDB0039545_11_shen	Ginsenoside F2	name_formula_mass	4	TRUE	TRUE	8.50002379593207e-09	1.08349944331157e-05
CPD-12100	49566	HMDB	HMDB0039545_12_shen	Ginsenoside F2	name_formula_mass	4	TRUE	TRUE	8.50002379593207e-09	1.08349944331157e-05
CPD-12100	49567	HMDB	HMDB0039545_13_shen	Ginsenoside F2	name_formula_mass	4	TRUE	TRUE	8.50002379593207e-09	1.08349944331157e-05
CPD-15448	49592	HMDB	HMDB0039555_1_shen	Ginsenoside F1	name_formula_mass	4	TRUE	TRUE	7.09997038939036e-09	1.11208214466292e-05
CPD-15448	49593	HMDB	HMDB0039555_2_shen	Ginsenoside F1	name_formula_mass	4	TRUE	TRUE	7.09997038939036e-09	1.11208214466292e-05
CPD-15448	49594	HMDB	HMDB0039555_3_shen	Ginsenoside F1	name_formula_mass	4	TRUE	TRUE	7.09997038939036e-09	1.11208214466292e-05
CPD-15448	49595	HMDB	HMDB0039555_4_shen	Ginsenoside F1	name_formula_mass	4	TRUE	TRUE	7.09997038939036e-09	1.11208214466292e-05
CPD-15448	49596	HMDB	HMDB0039555_5_shen	Ginsenoside F1	name_formula_mass	4	TRUE	TRUE	7.09997038939036e-09	1.11208214466292e-05
CPD-15448	49597	HMDB	HMDB0039555_6_shen	Ginsenoside F1	name_formula_mass	4	TRUE	TRUE	7.09997038939036e-09	1.11208214466292e-05
CPD-15448	49598	HMDB	HMDB0039555_7_shen	Ginsenoside F1	name_formula_mass	4	TRUE	TRUE	7.09997038939036e-09	1.11208214466292e-05
CPD-15448	49599	HMDB	HMDB0039555_8_shen	Ginsenoside F1	name_formula_mass	4	TRUE	TRUE	7.09997038939036e-09	1.11208214466292e-05
CPD-15448	49600	HMDB	HMDB0039555_9_shen	Ginsenoside F1	name_formula_mass	4	TRUE	TRUE	7.09997038939036e-09	1.11208214466292e-05
CPD-15448	49601	HMDB	HMDB0039555_10_shen	Ginsenoside F1	name_formula_mass	4	TRUE	TRUE	7.09997038939036e-09	1.11208214466292e-05
CPD-15448	49602	HMDB	HMDB0039555_11_shen	Ginsenoside F1	name_formula_mass	4	TRUE	TRUE	7.09997038939036e-09	1.11208214466292e-05
COUMARALDEHYDE	49910	HMDB	HMDB0040986_1_shen	p-Coumaraldehyde	inchikey	1	TRUE	TRUE	1.00001784630877e-09	2.50004461577191e-06
COUMARALDEHYDE	49911	HMDB	HMDB0040986_2_shen	p-Coumaraldehyde	inchikey	1	TRUE	TRUE	1.00001784630877e-09	2.50004461577191e-06
COUMARALDEHYDE	49912	HMDB	HMDB0040986_3_shen	p-Coumaraldehyde	inchikey	1	TRUE	TRUE	1.00001784630877e-09	2.50004461577191e-06
COUMARALDEHYDE	49913	HMDB	HMDB0040986_4_shen	p-Coumaraldehyde	inchikey	1	TRUE	TRUE	1.00001784630877e-09	2.50004461577191e-06
COUMARALDEHYDE	49914	HMDB	HMDB0040986_5_shen	p-Coumaraldehyde	inchikey	1	TRUE	TRUE	1.00001784630877e-09	2.50004461577191e-06
COUMARALDEHYDE	49915	HMDB	HMDB0040986_6_shen	p-Coumaraldehyde	inchikey	1	TRUE	TRUE	1.00001784630877e-09	2.50004461577191e-06
COUMARALDEHYDE	49916	HMDB	HMDB0040986_7_shen	p-Coumaraldehyde	inchikey	1	TRUE	TRUE	1.00001784630877e-09	2.50004461577191e-06
COUMARALDEHYDE	49917	HMDB	HMDB0040986_8_shen	p-Coumaraldehyde	inchikey	1	TRUE	TRUE	1.00001784630877e-09	2.50004461577191e-06
COUMARALDEHYDE	49918	HMDB	HMDB0040986_9_shen	p-Coumaraldehyde	inchikey	1	TRUE	TRUE	1.00001784630877e-09	2.50004461577191e-06
COUMARALDEHYDE	49919	HMDB	HMDB0040986_10_shen	p-Coumaraldehyde	inchikey	1	TRUE	TRUE	1.00001784630877e-09	2.50004461577191e-06
COUMARALDEHYDE	49920	HMDB	HMDB0040986_11_shen	p-Coumaraldehyde	inchikey	1	TRUE	TRUE	1.00001784630877e-09	2.50004461577191e-06
COUMARALDEHYDE	49921	HMDB	HMDB0040986_12_shen	p-Coumaraldehyde	inchikey	1	TRUE	TRUE	1.00001784630877e-09	2.50004461577191e-06
COUMARALDEHYDE	49922	HMDB	HMDB0040986_13_shen	p-Coumaraldehyde	inchikey	1	TRUE	TRUE	1.00001784630877e-09	2.50004461577191e-06
COUMARALDEHYDE	49923	HMDB	HMDB0040986_14_shen	p-Coumaraldehyde	inchikey	1	TRUE	TRUE	1.00001784630877e-09	2.50004461577191e-06
COUMARALDEHYDE	49924	HMDB	HMDB0040986_15_shen	p-Coumaraldehyde	inchikey	1	TRUE	TRUE	1.00001784630877e-09	2.50004461577191e-06
COUMARALDEHYDE	49925	HMDB	HMDB0040986_16_shen	p-Coumaraldehyde	inchikey	1	TRUE	TRUE	1.00001784630877e-09	2.50004461577191e-06
CPD-3425	49971	HMDB	HMDB0041263_1_shen	6''-O-Malonyldaidzin	name_formula_mass	4	FALSE	TRUE	2.33999912779836e-08	4.66032120347715e-05
CPD-3425	49972	HMDB	HMDB0041263_2_shen	6''-O-Malonyldaidzin	name_formula_mass	4	FALSE	TRUE	2.33999912779836e-08	4.66032120347715e-05
CPD-3425	49973	HMDB	HMDB0041263_3_shen	6''-O-Malonyldaidzin	name_formula_mass	4	FALSE	TRUE	2.33999912779836e-08	4.66032120347715e-05
CPD-15972	50014	HMDB	HMDB0041627_1_shen	beta-Lactose	name_formula_mass	4	TRUE	TRUE	3.30004468196421e-09	8.25011170491052e-06
CPD-15972	50015	HMDB	HMDB0041627_2_shen	beta-Lactose	name_formula_mass	4	TRUE	TRUE	3.30004468196421e-09	8.25011170491052e-06
CPD-15972	50016	HMDB	HMDB0041627_3_shen	beta-Lactose	name_formula_mass	4	TRUE	TRUE	3.30004468196421e-09	8.25011170491052e-06
CPD-15972	50017	HMDB	HMDB0041627_4_shen	beta-Lactose	name_formula_mass	4	TRUE	TRUE	3.30004468196421e-09	8.25011170491052e-06
CPD-15972	50018	HMDB	HMDB0041627_5_shen	beta-Lactose	name_formula_mass	4	TRUE	TRUE	3.30004468196421e-09	8.25011170491052e-06
CPD-15972	50019	HMDB	HMDB0041627_6_shen	beta-Lactose	name_formula_mass	4	TRUE	TRUE	3.30004468196421e-09	8.25011170491052e-06
CPD-15972	50020	HMDB	HMDB0041627_7_shen	beta-Lactose	name_formula_mass	4	TRUE	TRUE	3.30004468196421e-09	8.25011170491052e-06
CPD-15972	50021	HMDB	HMDB0041627_8_shen	beta-Lactose	name_formula_mass	4	TRUE	TRUE	3.30004468196421e-09	8.25011170491052e-06
CPD-15972	50022	HMDB	HMDB0041627_9_shen	beta-Lactose	name_formula_mass	4	TRUE	TRUE	3.30004468196421e-09	8.25011170491052e-06
RICININE	50634	HMDB	HMDB0042006_1_shen	Ricinine	inchikey	1	TRUE	TRUE	1.39999656312284e-09	3.4999914078071e-06
RICININE	50635	HMDB	HMDB0042006_2_shen	Ricinine	inchikey	1	TRUE	TRUE	1.39999656312284e-09	3.4999914078071e-06
RICININE	50636	HMDB	HMDB0042006_3_shen	Ricinine	inchikey	1	TRUE	TRUE	1.39999656312284e-09	3.4999914078071e-06
RICININE	50637	HMDB	HMDB0042006_4_shen	Ricinine	inchikey	1	TRUE	TRUE	1.39999656312284e-09	3.4999914078071e-06
ALBENDAZOLE-S-OXIDE	50792	HMDB	HMDB0059609_1_shen	albendazole S-oxide	inchikey	1	TRUE	TRUE	2.40004283114104e-09	6.00010707785259e-06
ALBENDAZOLE-S-OXIDE	50793	HMDB	HMDB0059609_2_shen	albendazole S-oxide	inchikey	1	TRUE	TRUE	2.40004283114104e-09	6.00010707785259e-06
ALBENDAZOLE-S-OXIDE	50794	HMDB	HMDB0059609_3_shen	albendazole S-oxide	inchikey	1	TRUE	TRUE	2.40004283114104e-09	6.00010707785259e-06
ALBENDAZOLE-S-OXIDE	50795	HMDB	HMDB0059609_4_shen	albendazole S-oxide	inchikey	1	TRUE	TRUE	2.40004283114104e-09	6.00010707785259e-06
ALBENDAZOLE-S-OXIDE	50796	HMDB	HMDB0059609_5_shen	albendazole S-oxide	inchikey	1	TRUE	TRUE	2.40004283114104e-09	6.00010707785259e-06
ALBENDAZOLE-S-OXIDE	50797	HMDB	HMDB0059609_6_shen	albendazole S-oxide	inchikey	1	TRUE	TRUE	2.40004283114104e-09	6.00010707785259e-06
ALBENDAZOLE-S-OXIDE	50798	HMDB	HMDB0059609_7_shen	albendazole S-oxide	inchikey	1	TRUE	TRUE	2.40004283114104e-09	6.00010707785259e-06
ALBENDAZOLE-S-OXIDE	50799	HMDB	HMDB0059609_8_shen	albendazole S-oxide	inchikey	1	TRUE	TRUE	2.40004283114104e-09	6.00010707785259e-06
ALBENDAZOLE-S-OXIDE	50800	HMDB	HMDB0059609_9_shen	albendazole S-oxide	inchikey	1	TRUE	TRUE	2.40004283114104e-09	6.00010707785259e-06
ALBENDAZOLE-S-OXIDE	50801	HMDB	HMDB0059609_10_shen	albendazole S-oxide	inchikey	1	TRUE	TRUE	2.40004283114104e-09	6.00010707785259e-06
ALBENDAZOLE-S-OXIDE	50802	HMDB	HMDB0059609_11_shen	albendazole S-oxide	inchikey	1	TRUE	TRUE	2.40004283114104e-09	6.00010707785259e-06
ALBENDAZOLE-S-OXIDE	50803	HMDB	HMDB0059609_12_shen	albendazole S-oxide	inchikey	1	TRUE	TRUE	2.40004283114104e-09	6.00010707785259e-06
ALBENDAZOLE-S-OXIDE	50804	HMDB	HMDB0059609_13_shen	albendazole S-oxide	inchikey	1	TRUE	TRUE	2.40004283114104e-09	6.00010707785259e-06
ALBENDAZOLE-S-OXIDE	50805	HMDB	HMDB0059609_14_shen	albendazole S-oxide	inchikey	1	TRUE	TRUE	2.40004283114104e-09	6.00010707785259e-06
CPD-182	50806	HMDB	HMDB0059622_1_shen	4-Methylumbelliferone	inchikey	1	TRUE	TRUE	1.10000542008493e-09	2.75001355021232e-06
CPD-182	50807	HMDB	HMDB0059622_2_shen	4-Methylumbelliferone	inchikey	1	TRUE	TRUE	1.10000542008493e-09	2.75001355021232e-06
CPD-182	50808	HMDB	HMDB0059622_3_shen	4-Methylumbelliferone	inchikey	1	TRUE	TRUE	1.10000542008493e-09	2.75001355021232e-06
CPD-182	50809	HMDB	HMDB0059622_4_shen	4-Methylumbelliferone	inchikey	1	TRUE	TRUE	1.10000542008493e-09	2.75001355021232e-06
CPD-182	50810	HMDB	HMDB0059622_5_shen	4-Methylumbelliferone	inchikey	1	TRUE	TRUE	1.10000542008493e-09	2.75001355021232e-06
CPD-182	50811	HMDB	HMDB0059622_6_shen	4-Methylumbelliferone	inchikey	1	TRUE	TRUE	1.10000542008493e-09	2.75001355021232e-06
CPD-182	50812	HMDB	HMDB0059622_7_shen	4-Methylumbelliferone	inchikey	1	TRUE	TRUE	1.10000542008493e-09	2.75001355021232e-06
CPD-182	50813	HMDB	HMDB0059622_8_shen	4-Methylumbelliferone	inchikey	1	TRUE	TRUE	1.10000542008493e-09	2.75001355021232e-06
CPD-182	50814	HMDB	HMDB0059622_9_shen	4-Methylumbelliferone	inchikey	1	TRUE	TRUE	1.10000542008493e-09	2.75001355021232e-06
CPD-182	50815	HMDB	HMDB0059622_10_shen	4-Methylumbelliferone	inchikey	1	TRUE	TRUE	1.10000542008493e-09	2.75001355021232e-06
CPD-182	50816	HMDB	HMDB0059622_11_shen	4-Methylumbelliferone	inchikey	1	TRUE	TRUE	1.10000542008493e-09	2.75001355021232e-06
CPD-182	50817	HMDB	HMDB0059622_12_shen	4-Methylumbelliferone	inchikey	1	TRUE	TRUE	1.10000542008493e-09	2.75001355021232e-06
CPD-182	50818	HMDB	HMDB0059622_13_shen	4-Methylumbelliferone	inchikey	1	TRUE	TRUE	1.10000542008493e-09	2.75001355021232e-06
CPD-182	50819	HMDB	HMDB0059622_14_shen	4-Methylumbelliferone	inchikey	1	TRUE	TRUE	1.10000542008493e-09	2.75001355021232e-06
CPD-182	50820	HMDB	HMDB0059622_15_shen	4-Methylumbelliferone	inchikey	1	TRUE	TRUE	1.10000542008493e-09	2.75001355021232e-06
CPD-182	50821	HMDB	HMDB0059622_16_shen	4-Methylumbelliferone	inchikey	1	TRUE	TRUE	1.10000542008493e-09	2.75001355021232e-06
CPD-182	50822	HMDB	HMDB0059622_17_shen	4-Methylumbelliferone	inchikey	1	TRUE	TRUE	1.10000542008493e-09	2.75001355021232e-06
CPD-182	50823	HMDB	HMDB0059622_18_shen	4-Methylumbelliferone	inchikey	1	TRUE	TRUE	1.10000542008493e-09	2.75001355021232e-06
CPD-182	50824	HMDB	HMDB0059622_19_shen	4-Methylumbelliferone	inchikey	1	TRUE	TRUE	1.10000542008493e-09	2.75001355021232e-06
CPD-182	50825	HMDB	HMDB0059622_20_shen	4-Methylumbelliferone	inchikey	1	TRUE	TRUE	1.10000542008493e-09	2.75001355021232e-06
CPD-182	50826	HMDB	HMDB0059622_21_shen	4-Methylumbelliferone	inchikey	1	TRUE	TRUE	1.10000542008493e-09	2.75001355021232e-06
CPD-182	50827	HMDB	HMDB0059622_22_shen	4-Methylumbelliferone	inchikey	1	TRUE	TRUE	1.10000542008493e-09	2.75001355021232e-06
CPD-182	50828	HMDB	HMDB0059622_23_shen	4-Methylumbelliferone	inchikey	1	TRUE	TRUE	1.10000542008493e-09	2.75001355021232e-06
CPD-182	50829	HMDB	HMDB0059622_24_shen	4-Methylumbelliferone	inchikey	1	TRUE	TRUE	1.10000542008493e-09	2.75001355021232e-06
CPD-182	50830	HMDB	HMDB0059622_25_shen	4-Methylumbelliferone	inchikey	1	TRUE	TRUE	1.10000542008493e-09	2.75001355021232e-06
CPD-182	50831	HMDB	HMDB0059622_26_shen	4-Methylumbelliferone	inchikey	1	TRUE	TRUE	1.10000542008493e-09	2.75001355021232e-06
CPD-182	50832	HMDB	HMDB0059622_27_shen	4-Methylumbelliferone	inchikey	1	TRUE	TRUE	1.10000542008493e-09	2.75001355021232e-06
CPD-182	50833	HMDB	HMDB0059622_28_shen	4-Methylumbelliferone	inchikey	1	TRUE	TRUE	1.10000542008493e-09	2.75001355021232e-06
CPD-182	50834	HMDB	HMDB0059622_29_shen	4-Methylumbelliferone	inchikey	1	TRUE	TRUE	1.10000542008493e-09	2.75001355021232e-06
CPD-182	50835	HMDB	HMDB0059622_30_shen	4-Methylumbelliferone	inchikey	1	TRUE	TRUE	1.10000542008493e-09	2.75001355021232e-06
CPD-182	50836	HMDB	HMDB0059622_31_shen	4-Methylumbelliferone	inchikey	1	TRUE	TRUE	1.10000542008493e-09	2.75001355021232e-06
CPD-182	50837	HMDB	HMDB0059622_32_shen	4-Methylumbelliferone	inchikey	1	TRUE	TRUE	1.10000542008493e-09	2.75001355021232e-06
CPD-182	50838	HMDB	HMDB0059622_33_shen	4-Methylumbelliferone	inchikey	1	TRUE	TRUE	1.10000542008493e-09	2.75001355021232e-06
CPD-182	50839	HMDB	HMDB0059622_34_shen	4-Methylumbelliferone	inchikey	1	TRUE	TRUE	1.10000542008493e-09	2.75001355021232e-06
CPD-182	50840	HMDB	HMDB0059622_35_shen	4-Methylumbelliferone	inchikey	1	TRUE	TRUE	1.10000542008493e-09	2.75001355021232e-06
CPD-182	50841	HMDB	HMDB0059622_36_shen	4-Methylumbelliferone	inchikey	1	TRUE	TRUE	1.10000542008493e-09	2.75001355021232e-06
CPD-182	50842	HMDB	HMDB0059622_37_shen	4-Methylumbelliferone	inchikey	1	TRUE	TRUE	1.10000542008493e-09	2.75001355021232e-06
CPD-182	50843	HMDB	HMDB0059622_38_shen	4-Methylumbelliferone	inchikey	1	TRUE	TRUE	1.10000542008493e-09	2.75001355021232e-06
CPD-182	50844	HMDB	HMDB0059622_39_shen	4-Methylumbelliferone	inchikey	1	TRUE	TRUE	1.10000542008493e-09	2.75001355021232e-06
CPD-182	50845	HMDB	HMDB0059622_40_shen	4-Methylumbelliferone	inchikey	1	TRUE	TRUE	1.10000542008493e-09	2.75001355021232e-06
CPD-182	50846	HMDB	HMDB0059622_41_shen	4-Methylumbelliferone	inchikey	1	TRUE	TRUE	1.10000542008493e-09	2.75001355021232e-06
CPD-182	50847	HMDB	HMDB0059622_42_shen	4-Methylumbelliferone	inchikey	1	TRUE	TRUE	1.10000542008493e-09	2.75001355021232e-06
CPD-182	50848	HMDB	HMDB0059622_43_shen	4-Methylumbelliferone	inchikey	1	TRUE	TRUE	1.10000542008493e-09	2.75001355021232e-06
CPD-182	50849	HMDB	HMDB0059622_44_shen	4-Methylumbelliferone	inchikey	1	TRUE	TRUE	1.10000542008493e-09	2.75001355021232e-06
CPD-182	50850	HMDB	HMDB0059622_45_shen	4-Methylumbelliferone	inchikey	1	TRUE	TRUE	1.10000542008493e-09	2.75001355021232e-06
CPD-182	50851	HMDB	HMDB0059622_46_shen	4-Methylumbelliferone	inchikey	1	TRUE	TRUE	1.10000542008493e-09	2.75001355021232e-06
CPD-182	50852	HMDB	HMDB0059622_47_shen	4-Methylumbelliferone	inchikey	1	TRUE	TRUE	1.10000542008493e-09	2.75001355021232e-06
CPD-182	50853	HMDB	HMDB0059622_48_shen	4-Methylumbelliferone	inchikey	1	TRUE	TRUE	1.10000542008493e-09	2.75001355021232e-06
CPD-182	50854	HMDB	HMDB0059622_49_shen	4-Methylumbelliferone	inchikey	1	TRUE	TRUE	1.10000542008493e-09	2.75001355021232e-06
CPD-182	50855	HMDB	HMDB0059622_50_shen	4-Methylumbelliferone	inchikey	1	TRUE	TRUE	1.10000542008493e-09	2.75001355021232e-06
CPD-182	50856	HMDB	HMDB0059622_51_shen	4-Methylumbelliferone	inchikey	1	TRUE	TRUE	1.10000542008493e-09	2.75001355021232e-06
CPD-182	50857	HMDB	HMDB0059622_52_shen	4-Methylumbelliferone	inchikey	1	TRUE	TRUE	1.10000542008493e-09	2.75001355021232e-06
CPD-182	50858	HMDB	HMDB0059622_53_shen	4-Methylumbelliferone	inchikey	1	TRUE	TRUE	1.10000542008493e-09	2.75001355021232e-06
CPD-182	50859	HMDB	HMDB0059622_54_shen	4-Methylumbelliferone	inchikey	1	TRUE	TRUE	1.10000542008493e-09	2.75001355021232e-06
CPD-182	50860	HMDB	HMDB0059622_55_shen	4-Methylumbelliferone	inchikey	1	TRUE	TRUE	1.10000542008493e-09	2.75001355021232e-06
CPD-182	50861	HMDB	HMDB0059622_56_shen	4-Methylumbelliferone	inchikey	1	TRUE	TRUE	1.10000542008493e-09	2.75001355021232e-06
CPD-182	50862	HMDB	HMDB0059622_57_shen	4-Methylumbelliferone	inchikey	1	TRUE	TRUE	1.10000542008493e-09	2.75001355021232e-06
CPD-182	50863	HMDB	HMDB0059622_58_shen	4-Methylumbelliferone	inchikey	1	TRUE	TRUE	1.10000542008493e-09	2.75001355021232e-06
CPD-182	50864	HMDB	HMDB0059622_59_shen	4-Methylumbelliferone	inchikey	1	TRUE	TRUE	1.10000542008493e-09	2.75001355021232e-06
CPD-182	50865	HMDB	HMDB0059622_60_shen	4-Methylumbelliferone	inchikey	1	TRUE	TRUE	1.10000542008493e-09	2.75001355021232e-06
CPD-182	50866	HMDB	HMDB0059622_61_shen	4-Methylumbelliferone	inchikey	1	TRUE	TRUE	1.10000542008493e-09	2.75001355021232e-06
CPD-182	50867	HMDB	HMDB0059622_62_shen	4-Methylumbelliferone	inchikey	1	TRUE	TRUE	1.10000542008493e-09	2.75001355021232e-06
CPD-182	50868	HMDB	HMDB0059622_63_shen	4-Methylumbelliferone	inchikey	1	TRUE	TRUE	1.10000542008493e-09	2.75001355021232e-06
CPD-182	50869	HMDB	HMDB0059622_64_shen	4-Methylumbelliferone	inchikey	1	TRUE	TRUE	1.10000542008493e-09	2.75001355021232e-06
CPD-182	50870	HMDB	HMDB0059622_65_shen	4-Methylumbelliferone	inchikey	1	TRUE	TRUE	1.10000542008493e-09	2.75001355021232e-06
CPD-182	50871	HMDB	HMDB0059622_66_shen	4-Methylumbelliferone	inchikey	1	TRUE	TRUE	1.10000542008493e-09	2.75001355021232e-06
CPD-182	50872	HMDB	HMDB0059622_67_shen	4-Methylumbelliferone	inchikey	1	TRUE	TRUE	1.10000542008493e-09	2.75001355021232e-06
CPD-182	50873	HMDB	HMDB0059622_68_shen	4-Methylumbelliferone	inchikey	1	TRUE	TRUE	1.10000542008493e-09	2.75001355021232e-06
CPD-182	50874	HMDB	HMDB0059622_69_shen	4-Methylumbelliferone	inchikey	1	TRUE	TRUE	1.10000542008493e-09	2.75001355021232e-06
CPD-182	50875	HMDB	HMDB0059622_70_shen	4-Methylumbelliferone	inchikey	1	TRUE	TRUE	1.10000542008493e-09	2.75001355021232e-06
CPD-182	50876	HMDB	HMDB0059622_71_shen	4-Methylumbelliferone	inchikey	1	TRUE	TRUE	1.10000542008493e-09	2.75001355021232e-06
2-HYDROXYGLUTARIC_ACID	50877	HMDB	HMDB0059655_1_shen	2-Hydroxyglutarate	inchikey_connectivity_formula_mass	2	FALSE	TRUE	1.30000898934668e-09	3.2500224733667e-06
2-HYDROXYGLUTARIC_ACID	50878	HMDB	HMDB0059655_2_shen	2-Hydroxyglutarate	inchikey_connectivity_formula_mass	2	FALSE	TRUE	1.30000898934668e-09	3.2500224733667e-06
2-HYDROXYGLUTARIC_ACID	50879	HMDB	HMDB0059655_3_shen	2-Hydroxyglutarate	inchikey_connectivity_formula_mass	2	FALSE	TRUE	1.30000898934668e-09	3.2500224733667e-06
2-HYDROXYGLUTARIC_ACID	50880	HMDB	HMDB0059655_4_shen	2-Hydroxyglutarate	inchikey_connectivity_formula_mass	2	FALSE	TRUE	1.30000898934668e-09	3.2500224733667e-06
2-HYDROXYGLUTARIC_ACID	50881	HMDB	HMDB0059655_5_shen	2-Hydroxyglutarate	inchikey_connectivity_formula_mass	2	FALSE	TRUE	1.30000898934668e-09	3.2500224733667e-06
2-HYDROXYGLUTARIC_ACID	50882	HMDB	HMDB0059655_6_shen	2-Hydroxyglutarate	inchikey_connectivity_formula_mass	2	FALSE	TRUE	1.30000898934668e-09	3.2500224733667e-06
2-HYDROXYGLUTARIC_ACID	50883	HMDB	HMDB0059655_7_shen	2-Hydroxyglutarate	inchikey_connectivity_formula_mass	2	FALSE	TRUE	1.30000898934668e-09	3.2500224733667e-06
2-HYDROXYGLUTARIC_ACID	50884	HMDB	HMDB0059655_8_shen	2-Hydroxyglutarate	inchikey_connectivity_formula_mass	2	FALSE	TRUE	1.30000898934668e-09	3.2500224733667e-06
2-HYDROXYGLUTARIC_ACID	50885	HMDB	HMDB0059655_9_shen	2-Hydroxyglutarate	inchikey_connectivity_formula_mass	2	FALSE	TRUE	1.30000898934668e-09	3.2500224733667e-06
2-HYDROXYGLUTARIC_ACID	50886	HMDB	HMDB0059655_10_shen	2-Hydroxyglutarate	inchikey_connectivity_formula_mass	2	FALSE	TRUE	1.30000898934668e-09	3.2500224733667e-06
2-HYDROXYGLUTARIC_ACID	50887	HMDB	HMDB0059655_11_shen	2-Hydroxyglutarate	inchikey_connectivity_formula_mass	2	FALSE	TRUE	1.30000898934668e-09	3.2500224733667e-06
2-HYDROXYGLUTARIC_ACID	50888	HMDB	HMDB0059655_12_shen	2-Hydroxyglutarate	inchikey_connectivity_formula_mass	2	FALSE	TRUE	1.30000898934668e-09	3.2500224733667e-06
2-HYDROXYGLUTARIC_ACID	50889	HMDB	HMDB0059655_13_shen	2-Hydroxyglutarate	inchikey_connectivity_formula_mass	2	FALSE	TRUE	1.30000898934668e-09	3.2500224733667e-06
2-HYDROXYGLUTARIC_ACID	50890	HMDB	HMDB0059655_14_shen	2-Hydroxyglutarate	inchikey_connectivity_formula_mass	2	FALSE	TRUE	1.30000898934668e-09	3.2500224733667e-06
2-HYDROXYGLUTARIC_ACID	50891	HMDB	HMDB0059655_15_shen	2-Hydroxyglutarate	inchikey_connectivity_formula_mass	2	FALSE	TRUE	1.30000898934668e-09	3.2500224733667e-06
2-HYDROXYGLUTARIC_ACID	50892	HMDB	HMDB0059655_16_shen	2-Hydroxyglutarate	inchikey_connectivity_formula_mass	2	FALSE	TRUE	1.30000898934668e-09	3.2500224733667e-06
2-HYDROXYGLUTARIC_ACID	50893	HMDB	HMDB0059655_17_shen	2-Hydroxyglutarate	inchikey_connectivity_formula_mass	2	FALSE	TRUE	1.30000898934668e-09	3.2500224733667e-06
2-HYDROXYGLUTARIC_ACID	50894	HMDB	HMDB0059655_18_shen	2-Hydroxyglutarate	inchikey_connectivity_formula_mass	2	FALSE	TRUE	1.30000898934668e-09	3.2500224733667e-06
2-HYDROXYGLUTARIC_ACID	50895	HMDB	HMDB0059655_19_shen	2-Hydroxyglutarate	inchikey_connectivity_formula_mass	2	FALSE	TRUE	1.30000898934668e-09	3.2500224733667e-06
2-HYDROXYGLUTARIC_ACID	50896	HMDB	HMDB0059655_20_shen	2-Hydroxyglutarate	inchikey_connectivity_formula_mass	2	FALSE	TRUE	1.30000898934668e-09	3.2500224733667e-06
2-HYDROXYGLUTARIC_ACID	50897	HMDB	HMDB0059655_21_shen	2-Hydroxyglutarate	inchikey_connectivity_formula_mass	2	FALSE	TRUE	1.30000898934668e-09	3.2500224733667e-06
2-HYDROXYGLUTARIC_ACID	50898	HMDB	HMDB0059655_22_shen	2-Hydroxyglutarate	inchikey_connectivity_formula_mass	2	FALSE	TRUE	1.30000898934668e-09	3.2500224733667e-06
2-HYDROXYGLUTARIC_ACID	50899	HMDB	HMDB0059655_23_shen	2-Hydroxyglutarate	inchikey_connectivity_formula_mass	2	FALSE	TRUE	1.30000898934668e-09	3.2500224733667e-06
2-HYDROXYGLUTARIC_ACID	50900	HMDB	HMDB0059655_24_shen	2-Hydroxyglutarate	inchikey_connectivity_formula_mass	2	FALSE	TRUE	1.30000898934668e-09	3.2500224733667e-06
2-HYDROXYGLUTARIC_ACID	50901	HMDB	HMDB0059655_25_shen	2-Hydroxyglutarate	inchikey_connectivity_formula_mass	2	FALSE	TRUE	1.30000898934668e-09	3.2500224733667e-06
2-HYDROXYGLUTARIC_ACID	50902	HMDB	HMDB0059655_26_shen	2-Hydroxyglutarate	inchikey_connectivity_formula_mass	2	FALSE	TRUE	1.30000898934668e-09	3.2500224733667e-06
2-HYDROXYGLUTARIC_ACID	50903	HMDB	HMDB0059655_27_shen	2-Hydroxyglutarate	inchikey_connectivity_formula_mass	2	FALSE	TRUE	1.30000898934668e-09	3.2500224733667e-06
2-HYDROXYGLUTARIC_ACID	50904	HMDB	HMDB0059655_28_shen	2-Hydroxyglutarate	inchikey_connectivity_formula_mass	2	FALSE	TRUE	1.30000898934668e-09	3.2500224733667e-06
2-HYDROXYGLUTARIC_ACID	50905	HMDB	HMDB0059655_29_shen	2-Hydroxyglutarate	inchikey_connectivity_formula_mass	2	FALSE	TRUE	1.30000898934668e-09	3.2500224733667e-06
2-HYDROXYGLUTARIC_ACID	50906	HMDB	HMDB0059655_30_shen	2-Hydroxyglutarate	inchikey_connectivity_formula_mass	2	FALSE	TRUE	1.30000898934668e-09	3.2500224733667e-06
2-HYDROXYGLUTARIC_ACID	50907	HMDB	HMDB0059655_31_shen	2-Hydroxyglutarate	inchikey_connectivity_formula_mass	2	FALSE	TRUE	1.30000898934668e-09	3.2500224733667e-06
2-HYDROXYGLUTARIC_ACID	50908	HMDB	HMDB0059655_32_shen	2-Hydroxyglutarate	inchikey_connectivity_formula_mass	2	FALSE	TRUE	1.30000898934668e-09	3.2500224733667e-06
2-HYDROXYGLUTARIC_ACID	50909	HMDB	HMDB0059655_33_shen	2-Hydroxyglutarate	inchikey_connectivity_formula_mass	2	FALSE	TRUE	1.30000898934668e-09	3.2500224733667e-06
2-HYDROXYGLUTARIC_ACID	50910	HMDB	HMDB0059655_34_shen	2-Hydroxyglutarate	inchikey_connectivity_formula_mass	2	FALSE	TRUE	1.30000898934668e-09	3.2500224733667e-06
2-HYDROXYGLUTARIC_ACID	50911	HMDB	HMDB0059655_35_shen	2-Hydroxyglutarate	inchikey_connectivity_formula_mass	2	FALSE	TRUE	1.30000898934668e-09	3.2500224733667e-06
2-HYDROXYGLUTARIC_ACID	50912	HMDB	HMDB0059655_36_shen	2-Hydroxyglutarate	inchikey_connectivity_formula_mass	2	FALSE	TRUE	1.30000898934668e-09	3.2500224733667e-06
2-HYDROXYGLUTARIC_ACID	50913	HMDB	HMDB0059655_37_shen	2-Hydroxyglutarate	inchikey_connectivity_formula_mass	2	FALSE	TRUE	1.30000898934668e-09	3.2500224733667e-06
2-HYDROXYGLUTARIC_ACID	50914	HMDB	HMDB0059655_38_shen	2-Hydroxyglutarate	inchikey_connectivity_formula_mass	2	FALSE	TRUE	1.30000898934668e-09	3.2500224733667e-06
2-HYDROXYGLUTARIC_ACID	50915	HMDB	HMDB0059655_39_shen	2-Hydroxyglutarate	inchikey_connectivity_formula_mass	2	FALSE	TRUE	1.30000898934668e-09	3.2500224733667e-06
2-HYDROXYGLUTARIC_ACID	50916	HMDB	HMDB0059655_40_shen	2-Hydroxyglutarate	inchikey_connectivity_formula_mass	2	FALSE	TRUE	1.30000898934668e-09	3.2500224733667e-06
2-HYDROXYGLUTARIC_ACID	50917	HMDB	HMDB0059655_41_shen	2-Hydroxyglutarate	inchikey_connectivity_formula_mass	2	FALSE	TRUE	1.30000898934668e-09	3.2500224733667e-06
2-HYDROXYGLUTARIC_ACID	50918	HMDB	HMDB0059655_42_shen	2-Hydroxyglutarate	inchikey_connectivity_formula_mass	2	FALSE	TRUE	1.30000898934668e-09	3.2500224733667e-06
2-HYDROXYGLUTARIC_ACID	50919	HMDB	HMDB0059655_43_shen	2-Hydroxyglutarate	inchikey_connectivity_formula_mass	2	FALSE	TRUE	1.30000898934668e-09	3.2500224733667e-06
2-HYDROXYGLUTARIC_ACID	50920	HMDB	HMDB0059655_44_shen	2-Hydroxyglutarate	inchikey_connectivity_formula_mass	2	FALSE	TRUE	1.30000898934668e-09	3.2500224733667e-06
2-HYDROXYGLUTARIC_ACID	50921	HMDB	HMDB0059655_45_shen	2-Hydroxyglutarate	inchikey_connectivity_formula_mass	2	FALSE	TRUE	1.30000898934668e-09	3.2500224733667e-06
2-HYDROXYGLUTARIC_ACID	50922	HMDB	HMDB0059655_46_shen	2-Hydroxyglutarate	inchikey_connectivity_formula_mass	2	FALSE	TRUE	1.30000898934668e-09	3.2500224733667e-06
2-HYDROXYGLUTARIC_ACID	50923	HMDB	HMDB0059655_47_shen	2-Hydroxyglutarate	inchikey_connectivity_formula_mass	2	FALSE	TRUE	1.30000898934668e-09	3.2500224733667e-06
2-HYDROXYGLUTARIC_ACID	50924	HMDB	HMDB0059655_48_shen	2-Hydroxyglutarate	inchikey_connectivity_formula_mass	2	FALSE	TRUE	1.30000898934668e-09	3.2500224733667e-06
2-HYDROXYGLUTARIC_ACID	50925	HMDB	HMDB0059655_49_shen	2-Hydroxyglutarate	inchikey_connectivity_formula_mass	2	FALSE	TRUE	1.30000898934668e-09	3.2500224733667e-06
2-HYDROXYGLUTARIC_ACID	50926	HMDB	HMDB0059655_50_shen	2-Hydroxyglutarate	inchikey_connectivity_formula_mass	2	FALSE	TRUE	1.30000898934668e-09	3.2500224733667e-06
CPD-173	50927	HMDB	HMDB0059709_shen	2-Hydroxybenzyl alcohol	inchikey	1	TRUE	TRUE	1.00000363545405e-09	2.50000908863512e-06
CPD-862	51010	HMDB	HMDB0059838_1_shen	Camphor	inchikey	1	TRUE	TRUE	1.69998770616075e-09	4.24996926540189e-06
CPD-862	51011	HMDB	HMDB0059838_2_shen	Camphor	inchikey	1	TRUE	TRUE	1.69998770616075e-09	4.24996926540189e-06
CPD-862	51012	HMDB	HMDB0059838_3_shen	Camphor	inchikey	1	TRUE	TRUE	1.69998770616075e-09	4.24996926540189e-06
CPD-862	51013	HMDB	HMDB0059838_4_shen	Camphor	inchikey	1	TRUE	TRUE	1.69998770616075e-09	4.24996926540189e-06
CPD-862	51014	HMDB	HMDB0059838_5_shen	Camphor	inchikey	1	TRUE	TRUE	1.69998770616075e-09	4.24996926540189e-06
CPD-862	51015	HMDB	HMDB0059838_6_shen	Camphor	inchikey	1	TRUE	TRUE	1.69998770616075e-09	4.24996926540189e-06
CPD-862	51016	HMDB	HMDB0059838_7_shen	Camphor	inchikey	1	TRUE	TRUE	1.69998770616075e-09	4.24996926540189e-06
CPD-862	51017	HMDB	HMDB0059838_8_shen	Camphor	inchikey	1	TRUE	TRUE	1.69998770616075e-09	4.24996926540189e-06
CPD-862	51018	HMDB	HMDB0059838_9_shen	Camphor	inchikey	1	TRUE	TRUE	1.69998770616075e-09	4.24996926540189e-06
CPD-862	51019	HMDB	HMDB0059838_10_shen	Camphor	inchikey	1	TRUE	TRUE	1.69998770616075e-09	4.24996926540189e-06
CPD-862	51020	HMDB	HMDB0059838_11_shen	Camphor	inchikey	1	TRUE	TRUE	1.69998770616075e-09	4.24996926540189e-06
CPD-862	51021	HMDB	HMDB0059838_12_shen	Camphor	inchikey	1	TRUE	TRUE	1.69998770616075e-09	4.24996926540189e-06
CPD-862	51022	HMDB	HMDB0059838_13_shen	Camphor	inchikey	1	TRUE	TRUE	1.69998770616075e-09	4.24996926540189e-06
CPD-862	51023	HMDB	HMDB0059838_14_shen	Camphor	inchikey	1	TRUE	TRUE	1.69998770616075e-09	4.24996926540189e-06
CPD-862	51024	HMDB	HMDB0059838_15_shen	Camphor	inchikey	1	TRUE	TRUE	1.69998770616075e-09	4.24996926540189e-06
CPD-862	51025	HMDB	HMDB0059838_16_shen	Camphor	inchikey	1	TRUE	TRUE	1.69998770616075e-09	4.24996926540189e-06
CPD-862	51026	HMDB	HMDB0059838_17_shen	Camphor	inchikey	1	TRUE	TRUE	1.69998770616075e-09	4.24996926540189e-06
CPD-862	51027	HMDB	HMDB0059838_18_shen	Camphor	inchikey	1	TRUE	TRUE	1.69998770616075e-09	4.24996926540189e-06
CPD-862	51028	HMDB	HMDB0059838_19_shen	Camphor	inchikey	1	TRUE	TRUE	1.69998770616075e-09	4.24996926540189e-06
CPD-862	51029	HMDB	HMDB0059838_20_shen	Camphor	inchikey	1	TRUE	TRUE	1.69998770616075e-09	4.24996926540189e-06
CPD-862	51030	HMDB	HMDB0059838_21_shen	Camphor	inchikey	1	TRUE	TRUE	1.69998770616075e-09	4.24996926540189e-06
CPD-862	51031	HMDB	HMDB0059838_22_shen	Camphor	inchikey	1	TRUE	TRUE	1.69998770616075e-09	4.24996926540189e-06
CPD-862	51032	HMDB	HMDB0059838_23_shen	Camphor	inchikey	1	TRUE	TRUE	1.69998770616075e-09	4.24996926540189e-06
CPD-862	51033	HMDB	HMDB0059838_24_shen	Camphor	inchikey	1	TRUE	TRUE	1.69998770616075e-09	4.24996926540189e-06
CPD-862	51034	HMDB	HMDB0059838_25_shen	Camphor	inchikey	1	TRUE	TRUE	1.69998770616075e-09	4.24996926540189e-06
CPD-862	51035	HMDB	HMDB0059838_26_shen	Camphor	inchikey	1	TRUE	TRUE	1.69998770616075e-09	4.24996926540189e-06
CPD-862	51036	HMDB	HMDB0059838_27_shen	Camphor	inchikey	1	TRUE	TRUE	1.69998770616075e-09	4.24996926540189e-06
CPD-862	51037	HMDB	HMDB0059838_28_shen	Camphor	inchikey	1	TRUE	TRUE	1.69998770616075e-09	4.24996926540189e-06
CPD-862	51038	HMDB	HMDB0059838_29_shen	Camphor	inchikey	1	TRUE	TRUE	1.69998770616075e-09	4.24996926540189e-06
CPD-862	51039	HMDB	HMDB0059838_30_shen	Camphor	inchikey	1	TRUE	TRUE	1.69998770616075e-09	4.24996926540189e-06
CPD-862	51040	HMDB	HMDB0059838_31_shen	Camphor	inchikey	1	TRUE	TRUE	1.69998770616075e-09	4.24996926540189e-06
CPD-862	51041	HMDB	HMDB0059838_32_shen	Camphor	inchikey	1	TRUE	TRUE	1.69998770616075e-09	4.24996926540189e-06
CPD-862	51042	HMDB	HMDB0059838_33_shen	Camphor	inchikey	1	TRUE	TRUE	1.69998770616075e-09	4.24996926540189e-06
CPD-7616	51075	HMDB	HMDB0059965_1_shen	3,4-Dihydroxybenzaldehyde	inchikey	1	TRUE	TRUE	9.00001850823173e-10	2.25000462705793e-06
CPD-7616	51076	HMDB	HMDB0059965_2_shen	3,4-Dihydroxybenzaldehyde	inchikey	1	TRUE	TRUE	9.00001850823173e-10	2.25000462705793e-06
CPD-7616	51077	HMDB	HMDB0059965_3_shen	3,4-Dihydroxybenzaldehyde	inchikey	1	TRUE	TRUE	9.00001850823173e-10	2.25000462705793e-06
CPD-7616	51078	HMDB	HMDB0059965_4_shen	3,4-Dihydroxybenzaldehyde	inchikey	1	TRUE	TRUE	9.00001850823173e-10	2.25000462705793e-06
CPD-7616	51079	HMDB	HMDB0059965_5_shen	3,4-Dihydroxybenzaldehyde	inchikey	1	TRUE	TRUE	9.00001850823173e-10	2.25000462705793e-06
CPD-7616	51080	HMDB	HMDB0059965_6_shen	3,4-Dihydroxybenzaldehyde	inchikey	1	TRUE	TRUE	9.00001850823173e-10	2.25000462705793e-06
CPD-7616	51081	HMDB	HMDB0059965_7_shen	3,4-Dihydroxybenzaldehyde	inchikey	1	TRUE	TRUE	9.00001850823173e-10	2.25000462705793e-06
CPD-7616	51082	HMDB	HMDB0059965_8_shen	3,4-Dihydroxybenzaldehyde	inchikey	1	TRUE	TRUE	9.00001850823173e-10	2.25000462705793e-06
CPD-7616	51083	HMDB	HMDB0059965_9_shen	3,4-Dihydroxybenzaldehyde	inchikey	1	TRUE	TRUE	9.00001850823173e-10	2.25000462705793e-06
CPD-7616	51084	HMDB	HMDB0059965_10_shen	3,4-Dihydroxybenzaldehyde	inchikey	1	TRUE	TRUE	9.00001850823173e-10	2.25000462705793e-06
CPD-7616	51085	HMDB	HMDB0059965_11_shen	3,4-Dihydroxybenzaldehyde	inchikey	1	TRUE	TRUE	9.00001850823173e-10	2.25000462705793e-06
CPD-7616	51086	HMDB	HMDB0059965_12_shen	3,4-Dihydroxybenzaldehyde	inchikey	1	TRUE	TRUE	9.00001850823173e-10	2.25000462705793e-06
CPD-9499	51087	HMDB	HMDB0059966_1_shen	3,5-Dimethoxyphenol	inchikey	1	TRUE	TRUE	1.30000898934668e-09	3.2500224733667e-06
CPD-9499	51088	HMDB	HMDB0059966_2_shen	3,5-Dimethoxyphenol	inchikey	1	TRUE	TRUE	1.30000898934668e-09	3.2500224733667e-06
CPD-9499	51089	HMDB	HMDB0059966_3_shen	3,5-Dimethoxyphenol	inchikey	1	TRUE	TRUE	1.30000898934668e-09	3.2500224733667e-06
CPD-9499	51090	HMDB	HMDB0059966_4_shen	3,5-Dimethoxyphenol	inchikey	1	TRUE	TRUE	1.30000898934668e-09	3.2500224733667e-06
CPD-9499	51091	HMDB	HMDB0059966_5_shen	3,5-Dimethoxyphenol	inchikey	1	TRUE	TRUE	1.30000898934668e-09	3.2500224733667e-06
CPD-9499	51092	HMDB	HMDB0059966_6_shen	3,5-Dimethoxyphenol	inchikey	1	TRUE	TRUE	1.30000898934668e-09	3.2500224733667e-06
CPD-9499	51093	HMDB	HMDB0059966_7_shen	3,5-Dimethoxyphenol	inchikey	1	TRUE	TRUE	1.30000898934668e-09	3.2500224733667e-06
CPD-9499	51094	HMDB	HMDB0059966_8_shen	3,5-Dimethoxyphenol	inchikey	1	TRUE	TRUE	1.30000898934668e-09	3.2500224733667e-06
CPD-9499	51095	HMDB	HMDB0059966_9_shen	3,5-Dimethoxyphenol	inchikey	1	TRUE	TRUE	1.30000898934668e-09	3.2500224733667e-06
CPD-603	51131	HMDB	HMDB0060245_1_shen	L-3-Cyanoalanine	inchikey_connectivity_formula_mass	2	FALSE	TRUE	1.2000072047158e-09	3.00001801178951e-06
CPD-603	51132	HMDB	HMDB0060245_2_shen	L-3-Cyanoalanine	inchikey_connectivity_formula_mass	2	FALSE	TRUE	1.2000072047158e-09	3.00001801178951e-06
CPD-603	51133	HMDB	HMDB0060245_3_shen	L-3-Cyanoalanine	inchikey_connectivity_formula_mass	2	FALSE	TRUE	1.2000072047158e-09	3.00001801178951e-06
CPD-603	51134	HMDB	HMDB0060245_4_shen	L-3-Cyanoalanine	inchikey_connectivity_formula_mass	2	FALSE	TRUE	1.2000072047158e-09	3.00001801178951e-06
CPD-603	51135	HMDB	HMDB0060245_5_shen	L-3-Cyanoalanine	inchikey_connectivity_formula_mass	2	FALSE	TRUE	1.2000072047158e-09	3.00001801178951e-06
CPD-603	51136	HMDB	HMDB0060245_6_shen	L-3-Cyanoalanine	inchikey_connectivity_formula_mass	2	FALSE	TRUE	1.2000072047158e-09	3.00001801178951e-06
CPD-603	51137	HMDB	HMDB0060245_7_shen	L-3-Cyanoalanine	inchikey_connectivity_formula_mass	2	FALSE	TRUE	1.2000072047158e-09	3.00001801178951e-06
CPD-603	51138	HMDB	HMDB0060245_8_shen	L-3-Cyanoalanine	inchikey_connectivity_formula_mass	2	FALSE	TRUE	1.2000072047158e-09	3.00001801178951e-06
CPD-603	51139	HMDB	HMDB0060245_9_shen	L-3-Cyanoalanine	inchikey_connectivity_formula_mass	2	FALSE	TRUE	1.2000072047158e-09	3.00001801178951e-06
CPD-603	51140	HMDB	HMDB0060245_10_shen	L-3-Cyanoalanine	inchikey_connectivity_formula_mass	2	FALSE	TRUE	1.2000072047158e-09	3.00001801178951e-06
CPD-603	51141	HMDB	HMDB0060245_11_shen	L-3-Cyanoalanine	inchikey_connectivity_formula_mass	2	FALSE	TRUE	1.2000072047158e-09	3.00001801178951e-06
CPD-603	51142	HMDB	HMDB0060245_12_shen	L-3-Cyanoalanine	inchikey_connectivity_formula_mass	2	FALSE	TRUE	1.2000072047158e-09	3.00001801178951e-06
CPD-603	51143	HMDB	HMDB0060245_13_shen	L-3-Cyanoalanine	inchikey_connectivity_formula_mass	2	FALSE	TRUE	1.2000072047158e-09	3.00001801178951e-06
CPD-603	51144	HMDB	HMDB0060245_14_shen	L-3-Cyanoalanine	inchikey_connectivity_formula_mass	2	FALSE	TRUE	1.2000072047158e-09	3.00001801178951e-06
CPD-603	51145	HMDB	HMDB0060245_15_shen	L-3-Cyanoalanine	inchikey_connectivity_formula_mass	2	FALSE	TRUE	1.2000072047158e-09	3.00001801178951e-06
CPD-603	51146	HMDB	HMDB0060245_16_shen	L-3-Cyanoalanine	inchikey_connectivity_formula_mass	2	FALSE	TRUE	1.2000072047158e-09	3.00001801178951e-06
CPD-603	51147	HMDB	HMDB0060245_17_shen	L-3-Cyanoalanine	inchikey_connectivity_formula_mass	2	FALSE	TRUE	1.2000072047158e-09	3.00001801178951e-06
CPD-603	51148	HMDB	HMDB0060245_18_shen	L-3-Cyanoalanine	inchikey_connectivity_formula_mass	2	FALSE	TRUE	1.2000072047158e-09	3.00001801178951e-06
CPD-603	51149	HMDB	HMDB0060245_19_shen	L-3-Cyanoalanine	inchikey_connectivity_formula_mass	2	FALSE	TRUE	1.2000072047158e-09	3.00001801178951e-06
CPD-603	51150	HMDB	HMDB0060245_20_shen	L-3-Cyanoalanine	inchikey_connectivity_formula_mass	2	FALSE	TRUE	1.2000072047158e-09	3.00001801178951e-06
CPD-603	51151	HMDB	HMDB0060245_21_shen	L-3-Cyanoalanine	inchikey_connectivity_formula_mass	2	FALSE	TRUE	1.2000072047158e-09	3.00001801178951e-06
CPD-603	51152	HMDB	HMDB0060245_22_shen	L-3-Cyanoalanine	inchikey_connectivity_formula_mass	2	FALSE	TRUE	1.2000072047158e-09	3.00001801178951e-06
CPD-603	51153	HMDB	HMDB0060245_23_shen	L-3-Cyanoalanine	inchikey_connectivity_formula_mass	2	FALSE	TRUE	1.2000072047158e-09	3.00001801178951e-06
CPD-603	51154	HMDB	HMDB0060245_24_shen	L-3-Cyanoalanine	inchikey_connectivity_formula_mass	2	FALSE	TRUE	1.2000072047158e-09	3.00001801178951e-06
CPD-603	51155	HMDB	HMDB0060245_25_shen	L-3-Cyanoalanine	inchikey_connectivity_formula_mass	2	FALSE	TRUE	1.2000072047158e-09	3.00001801178951e-06
CPD-603	51156	HMDB	HMDB0060245_26_shen	L-3-Cyanoalanine	inchikey_connectivity_formula_mass	2	FALSE	TRUE	1.2000072047158e-09	3.00001801178951e-06
CPD-603	51157	HMDB	HMDB0060245_27_shen	L-3-Cyanoalanine	inchikey_connectivity_formula_mass	2	FALSE	TRUE	1.2000072047158e-09	3.00001801178951e-06
CPD-603	51158	HMDB	HMDB0060245_28_shen	L-3-Cyanoalanine	inchikey_connectivity_formula_mass	2	FALSE	TRUE	1.2000072047158e-09	3.00001801178951e-06
CPD-603	51159	HMDB	HMDB0060245_29_shen	L-3-Cyanoalanine	inchikey_connectivity_formula_mass	2	FALSE	TRUE	1.2000072047158e-09	3.00001801178951e-06
CPD-603	51160	HMDB	HMDB0060245_30_shen	L-3-Cyanoalanine	inchikey_connectivity_formula_mass	2	FALSE	TRUE	1.2000072047158e-09	3.00001801178951e-06
CPD-603	51161	HMDB	HMDB0060245_31_shen	L-3-Cyanoalanine	inchikey_connectivity_formula_mass	2	FALSE	TRUE	1.2000072047158e-09	3.00001801178951e-06
CPD-603	51162	HMDB	HMDB0060245_32_shen	L-3-Cyanoalanine	inchikey_connectivity_formula_mass	2	FALSE	TRUE	1.2000072047158e-09	3.00001801178951e-06
CPD-603	51163	HMDB	HMDB0060245_33_shen	L-3-Cyanoalanine	inchikey_connectivity_formula_mass	2	FALSE	TRUE	1.2000072047158e-09	3.00001801178951e-06
CPD-603	51164	HMDB	HMDB0060245_34_shen	L-3-Cyanoalanine	inchikey_connectivity_formula_mass	2	FALSE	TRUE	1.2000072047158e-09	3.00001801178951e-06
CPD-603	51165	HMDB	HMDB0060245_35_shen	L-3-Cyanoalanine	inchikey_connectivity_formula_mass	2	FALSE	TRUE	1.2000072047158e-09	3.00001801178951e-06
CPD-603	51166	HMDB	HMDB0060245_36_shen	L-3-Cyanoalanine	inchikey_connectivity_formula_mass	2	FALSE	TRUE	1.2000072047158e-09	3.00001801178951e-06
CPD-603	51167	HMDB	HMDB0060245_37_shen	L-3-Cyanoalanine	inchikey_connectivity_formula_mass	2	FALSE	TRUE	1.2000072047158e-09	3.00001801178951e-06
CPD-603	51168	HMDB	HMDB0060245_38_shen	L-3-Cyanoalanine	inchikey_connectivity_formula_mass	2	FALSE	TRUE	1.2000072047158e-09	3.00001801178951e-06
CPD-603	51169	HMDB	HMDB0060245_39_shen	L-3-Cyanoalanine	inchikey_connectivity_formula_mass	2	FALSE	TRUE	1.2000072047158e-09	3.00001801178951e-06
CPD-603	51170	HMDB	HMDB0060245_40_shen	L-3-Cyanoalanine	inchikey_connectivity_formula_mass	2	FALSE	TRUE	1.2000072047158e-09	3.00001801178951e-06
CPD-603	51171	HMDB	HMDB0060245_41_shen	L-3-Cyanoalanine	inchikey_connectivity_formula_mass	2	FALSE	TRUE	1.2000072047158e-09	3.00001801178951e-06
CPD-603	51172	HMDB	HMDB0060245_42_shen	L-3-Cyanoalanine	inchikey_connectivity_formula_mass	2	FALSE	TRUE	1.2000072047158e-09	3.00001801178951e-06
CPD-603	51173	HMDB	HMDB0060245_43_shen	L-3-Cyanoalanine	inchikey_connectivity_formula_mass	2	FALSE	TRUE	1.2000072047158e-09	3.00001801178951e-06
CPD-603	51174	HMDB	HMDB0060245_44_shen	L-3-Cyanoalanine	inchikey_connectivity_formula_mass	2	FALSE	TRUE	1.2000072047158e-09	3.00001801178951e-06
CPD-603	51175	HMDB	HMDB0060245_45_shen	L-3-Cyanoalanine	inchikey_connectivity_formula_mass	2	FALSE	TRUE	1.2000072047158e-09	3.00001801178951e-06
CPD-603	51176	HMDB	HMDB0060245_46_shen	L-3-Cyanoalanine	inchikey_connectivity_formula_mass	2	FALSE	TRUE	1.2000072047158e-09	3.00001801178951e-06
CPD-603	51177	HMDB	HMDB0060245_47_shen	L-3-Cyanoalanine	inchikey_connectivity_formula_mass	2	FALSE	TRUE	1.2000072047158e-09	3.00001801178951e-06
CPD-603	51178	HMDB	HMDB0060245_48_shen	L-3-Cyanoalanine	inchikey_connectivity_formula_mass	2	FALSE	TRUE	1.2000072047158e-09	3.00001801178951e-06
CPD-603	51179	HMDB	HMDB0060245_49_shen	L-3-Cyanoalanine	inchikey_connectivity_formula_mass	2	FALSE	TRUE	1.2000072047158e-09	3.00001801178951e-06
CPD-603	51180	HMDB	HMDB0060245_50_shen	L-3-Cyanoalanine	inchikey_connectivity_formula_mass	2	FALSE	TRUE	1.2000072047158e-09	3.00001801178951e-06
CPD-603	51181	HMDB	HMDB0060245_51_shen	L-3-Cyanoalanine	inchikey_connectivity_formula_mass	2	FALSE	TRUE	1.2000072047158e-09	3.00001801178951e-06
CPD-603	51182	HMDB	HMDB0060245_52_shen	L-3-Cyanoalanine	inchikey_connectivity_formula_mass	2	FALSE	TRUE	1.2000072047158e-09	3.00001801178951e-06
CPD-603	51183	HMDB	HMDB0060245_53_shen	L-3-Cyanoalanine	inchikey_connectivity_formula_mass	2	FALSE	TRUE	1.2000072047158e-09	3.00001801178951e-06
CPD-603	51184	HMDB	HMDB0060245_54_shen	L-3-Cyanoalanine	inchikey_connectivity_formula_mass	2	FALSE	TRUE	1.2000072047158e-09	3.00001801178951e-06
CPD-603	51185	HMDB	HMDB0060245_55_shen	L-3-Cyanoalanine	inchikey_connectivity_formula_mass	2	FALSE	TRUE	1.2000072047158e-09	3.00001801178951e-06
CPD-603	51186	HMDB	HMDB0060245_56_shen	L-3-Cyanoalanine	inchikey_connectivity_formula_mass	2	FALSE	TRUE	1.2000072047158e-09	3.00001801178951e-06
CPD-603	51187	HMDB	HMDB0060245_57_shen	L-3-Cyanoalanine	inchikey_connectivity_formula_mass	2	FALSE	TRUE	1.2000072047158e-09	3.00001801178951e-06
CPD-603	51188	HMDB	HMDB0060245_58_shen	L-3-Cyanoalanine	inchikey_connectivity_formula_mass	2	FALSE	TRUE	1.2000072047158e-09	3.00001801178951e-06
CPD-603	51189	HMDB	HMDB0060245_59_shen	L-3-Cyanoalanine	inchikey_connectivity_formula_mass	2	FALSE	TRUE	1.2000072047158e-09	3.00001801178951e-06
CPD-603	51190	HMDB	HMDB0060245_60_shen	L-3-Cyanoalanine	inchikey_connectivity_formula_mass	2	FALSE	TRUE	1.2000072047158e-09	3.00001801178951e-06
CPD-603	51191	HMDB	HMDB0060245_61_shen	L-3-Cyanoalanine	inchikey_connectivity_formula_mass	2	FALSE	TRUE	1.2000072047158e-09	3.00001801178951e-06
CPD-603	51192	HMDB	HMDB0060245_62_shen	L-3-Cyanoalanine	inchikey_connectivity_formula_mass	2	FALSE	TRUE	1.2000072047158e-09	3.00001801178951e-06
CPD-603	51193	HMDB	HMDB0060245_63_shen	L-3-Cyanoalanine	inchikey_connectivity_formula_mass	2	FALSE	TRUE	1.2000072047158e-09	3.00001801178951e-06
CPD-603	51194	HMDB	HMDB0060245_64_shen	L-3-Cyanoalanine	inchikey_connectivity_formula_mass	2	FALSE	TRUE	1.2000072047158e-09	3.00001801178951e-06
CPD-603	51195	HMDB	HMDB0060245_65_shen	L-3-Cyanoalanine	inchikey_connectivity_formula_mass	2	FALSE	TRUE	1.2000072047158e-09	3.00001801178951e-06
CPD-603	51196	HMDB	HMDB0060245_66_shen	L-3-Cyanoalanine	inchikey_connectivity_formula_mass	2	FALSE	TRUE	1.2000072047158e-09	3.00001801178951e-06
2-TRANS6-TRANS-FARNESAL	51207	HMDB	HMDB0060356_1_shen	2-trans,6-trans-Farnesal	inchikey	1	TRUE	TRUE	4.99994712299667e-10	1.24998678074917e-06
2-TRANS6-TRANS-FARNESAL	51208	HMDB	HMDB0060356_2_shen	2-trans,6-trans-Farnesal	inchikey	1	TRUE	TRUE	4.99994712299667e-10	1.24998678074917e-06
2-TRANS6-TRANS-FARNESAL	51209	HMDB	HMDB0060356_3_shen	2-trans,6-trans-Farnesal	inchikey	1	TRUE	TRUE	4.99994712299667e-10	1.24998678074917e-06
2-TRANS6-TRANS-FARNESAL	51210	HMDB	HMDB0060356_4_shen	2-trans,6-trans-Farnesal	inchikey	1	TRUE	TRUE	4.99994712299667e-10	1.24998678074917e-06
2-TRANS6-TRANS-FARNESAL	51211	HMDB	HMDB0060356_5_shen	2-trans,6-trans-Farnesal	inchikey	1	TRUE	TRUE	4.99994712299667e-10	1.24998678074917e-06
2-TRANS6-TRANS-FARNESAL	51212	HMDB	HMDB0060356_6_shen	2-trans,6-trans-Farnesal	inchikey	1	TRUE	TRUE	4.99994712299667e-10	1.24998678074917e-06
2-TRANS6-TRANS-FARNESAL	51213	HMDB	HMDB0060356_7_shen	2-trans,6-trans-Farnesal	inchikey	1	TRUE	TRUE	4.99994712299667e-10	1.24998678074917e-06
2-TRANS6-TRANS-FARNESAL	51214	HMDB	HMDB0060356_8_shen	2-trans,6-trans-Farnesal	inchikey	1	TRUE	TRUE	4.99994712299667e-10	1.24998678074917e-06
2-TRANS6-TRANS-FARNESAL	51215	HMDB	HMDB0060356_9_shen	2-trans,6-trans-Farnesal	inchikey	1	TRUE	TRUE	4.99994712299667e-10	1.24998678074917e-06
2-TRANS6-TRANS-FARNESAL	51216	HMDB	HMDB0060356_10_shen	2-trans,6-trans-Farnesal	inchikey	1	TRUE	TRUE	4.99994712299667e-10	1.24998678074917e-06
2-TRANS6-TRANS-FARNESAL	51217	HMDB	HMDB0060356_11_shen	2-trans,6-trans-Farnesal	inchikey	1	TRUE	TRUE	4.99994712299667e-10	1.24998678074917e-06
2-TRANS6-TRANS-FARNESAL	51218	HMDB	HMDB0060356_12_shen	2-trans,6-trans-Farnesal	inchikey	1	TRUE	TRUE	4.99994712299667e-10	1.24998678074917e-06
2-TRANS6-TRANS-FARNESAL	51219	HMDB	HMDB0060356_13_shen	2-trans,6-trans-Farnesal	inchikey	1	TRUE	TRUE	4.99994712299667e-10	1.24998678074917e-06
2-TRANS6-TRANS-FARNESAL	51220	HMDB	HMDB0060356_14_shen	2-trans,6-trans-Farnesal	inchikey	1	TRUE	TRUE	4.99994712299667e-10	1.24998678074917e-06
2-TRANS6-TRANS-FARNESAL	51221	HMDB	HMDB0060356_15_shen	2-trans,6-trans-Farnesal	inchikey	1	TRUE	TRUE	4.99994712299667e-10	1.24998678074917e-06
2-TRANS6-TRANS-FARNESAL	51222	HMDB	HMDB0060356_16_shen	2-trans,6-trans-Farnesal	inchikey	1	TRUE	TRUE	4.99994712299667e-10	1.24998678074917e-06
2-TRANS6-TRANS-FARNESAL	51223	HMDB	HMDB0060356_17_shen	2-trans,6-trans-Farnesal	inchikey	1	TRUE	TRUE	4.99994712299667e-10	1.24998678074917e-06
2-TRANS6-TRANS-FARNESAL	51224	HMDB	HMDB0060356_18_shen	2-trans,6-trans-Farnesal	inchikey	1	TRUE	TRUE	4.99994712299667e-10	1.24998678074917e-06
2-TRANS6-TRANS-FARNESAL	51225	HMDB	HMDB0060356_19_shen	2-trans,6-trans-Farnesal	inchikey	1	TRUE	TRUE	4.99994712299667e-10	1.24998678074917e-06
2-TRANS6-TRANS-FARNESAL	51226	HMDB	HMDB0060356_20_shen	2-trans,6-trans-Farnesal	inchikey	1	TRUE	TRUE	4.99994712299667e-10	1.24998678074917e-06
2-TRANS6-TRANS-FARNESAL	51227	HMDB	HMDB0060356_21_shen	2-trans,6-trans-Farnesal	inchikey	1	TRUE	TRUE	4.99994712299667e-10	1.24998678074917e-06
2-TRANS6-TRANS-FARNESAL	51228	HMDB	HMDB0060356_22_shen	2-trans,6-trans-Farnesal	inchikey	1	TRUE	TRUE	4.99994712299667e-10	1.24998678074917e-06
2-TRANS6-TRANS-FARNESAL	51229	HMDB	HMDB0060356_23_shen	2-trans,6-trans-Farnesal	inchikey	1	TRUE	TRUE	4.99994712299667e-10	1.24998678074917e-06
2-TRANS6-TRANS-FARNESAL	51230	HMDB	HMDB0060356_24_shen	2-trans,6-trans-Farnesal	inchikey	1	TRUE	TRUE	4.99994712299667e-10	1.24998678074917e-06
2-TRANS6-TRANS-FARNESAL	51231	HMDB	HMDB0060356_25_shen	2-trans,6-trans-Farnesal	inchikey	1	TRUE	TRUE	4.99994712299667e-10	1.24998678074917e-06
2-TRANS6-TRANS-FARNESAL	51232	HMDB	HMDB0060356_26_shen	2-trans,6-trans-Farnesal	inchikey	1	TRUE	TRUE	4.99994712299667e-10	1.24998678074917e-06
2-TRANS6-TRANS-FARNESAL	51233	HMDB	HMDB0060356_27_shen	2-trans,6-trans-Farnesal	inchikey	1	TRUE	TRUE	4.99994712299667e-10	1.24998678074917e-06
2-TRANS6-TRANS-FARNESAL	51234	HMDB	HMDB0060356_28_shen	2-trans,6-trans-Farnesal	inchikey	1	TRUE	TRUE	4.99994712299667e-10	1.24998678074917e-06
2-TRANS6-TRANS-FARNESAL	51235	HMDB	HMDB0060356_29_shen	2-trans,6-trans-Farnesal	inchikey	1	TRUE	TRUE	4.99994712299667e-10	1.24998678074917e-06
2-TRANS6-TRANS-FARNESAL	51236	HMDB	HMDB0060356_30_shen	2-trans,6-trans-Farnesal	inchikey	1	TRUE	TRUE	4.99994712299667e-10	1.24998678074917e-06
2-TRANS6-TRANS-FARNESAL	51237	HMDB	HMDB0060356_31_shen	2-trans,6-trans-Farnesal	inchikey	1	TRUE	TRUE	4.99994712299667e-10	1.24998678074917e-06
2-TRANS6-TRANS-FARNESAL	51238	HMDB	HMDB0060356_32_shen	2-trans,6-trans-Farnesal	inchikey	1	TRUE	TRUE	4.99994712299667e-10	1.24998678074917e-06
2-TRANS6-TRANS-FARNESAL	51239	HMDB	HMDB0060356_33_shen	2-trans,6-trans-Farnesal	inchikey	1	TRUE	TRUE	4.99994712299667e-10	1.24998678074917e-06
2-TRANS6-TRANS-FARNESAL	51240	HMDB	HMDB0060356_34_shen	2-trans,6-trans-Farnesal	inchikey	1	TRUE	TRUE	4.99994712299667e-10	1.24998678074917e-06
Thiopurine-Methylethers	51243	HMDB	HMDB0060412_1_shen	6-Methylmercaptopurine	inchikey	1	TRUE	TRUE	1.40002498483227e-09	3.50006246208068e-06
Thiopurine-Methylethers	51244	HMDB	HMDB0060412_2_shen	6-Methylmercaptopurine	inchikey	1	TRUE	TRUE	1.40002498483227e-09	3.50006246208068e-06
Thiopurine-Methylethers	51245	HMDB	HMDB0060412_3_shen	6-Methylmercaptopurine	inchikey	1	TRUE	TRUE	1.40002498483227e-09	3.50006246208068e-06
Thiopurine-Methylethers	51246	HMDB	HMDB0060412_4_shen	6-Methylmercaptopurine	inchikey	1	TRUE	TRUE	1.40002498483227e-09	3.50006246208068e-06
Thiopurine-Methylethers	51247	HMDB	HMDB0060412_5_shen	6-Methylmercaptopurine	inchikey	1	TRUE	TRUE	1.40002498483227e-09	3.50006246208068e-06
Thiopurine-Methylethers	51248	HMDB	HMDB0060412_6_shen	6-Methylmercaptopurine	inchikey	1	TRUE	TRUE	1.40002498483227e-09	3.50006246208068e-06
Thiopurine-Methylethers	51249	HMDB	HMDB0060412_7_shen	6-Methylmercaptopurine	inchikey	1	TRUE	TRUE	1.40002498483227e-09	3.50006246208068e-06
Thiopurine-Methylethers	51250	HMDB	HMDB0060412_8_shen	6-Methylmercaptopurine	inchikey	1	TRUE	TRUE	1.40002498483227e-09	3.50006246208068e-06
Thiopurine-Methylethers	51251	HMDB	HMDB0060412_9_shen	6-Methylmercaptopurine	inchikey	1	TRUE	TRUE	1.40002498483227e-09	3.50006246208068e-06
Thiopurine-Methylethers	51252	HMDB	HMDB0060412_10_shen	6-Methylmercaptopurine	inchikey	1	TRUE	TRUE	1.40002498483227e-09	3.50006246208068e-06
Thiopurine-Methylethers	51253	HMDB	HMDB0060412_11_shen	6-Methylmercaptopurine	inchikey	1	TRUE	TRUE	1.40002498483227e-09	3.50006246208068e-06
Thiopurine-Methylethers	51254	HMDB	HMDB0060412_12_shen	6-Methylmercaptopurine	inchikey	1	TRUE	TRUE	1.40002498483227e-09	3.50006246208068e-06
Thiopurine-Methylethers	51255	HMDB	HMDB0060412_13_shen	6-Methylmercaptopurine	inchikey	1	TRUE	TRUE	1.40002498483227e-09	3.50006246208068e-06
Thiopurine-Methylethers	51256	HMDB	HMDB0060412_14_shen	6-Methylmercaptopurine	inchikey	1	TRUE	TRUE	1.40002498483227e-09	3.50006246208068e-06
D-GLT	51285	HMDB	HMDB0060475_1_shen	DL-Glutamate	name_formula_mass	4	FALSE	TRUE	1.499984136899e-09	3.7499603422475e-06
GLT	51285	HMDB	HMDB0060475_1_shen	DL-Glutamate	name_formula_mass	4	FALSE	TRUE	1.499984136899e-09	3.7499603422475e-06
D-GLT	51286	HMDB	HMDB0060475_2_shen	DL-Glutamate	name_formula_mass	4	FALSE	TRUE	1.499984136899e-09	3.7499603422475e-06
GLT	51286	HMDB	HMDB0060475_2_shen	DL-Glutamate	name_formula_mass	4	FALSE	TRUE	1.499984136899e-09	3.7499603422475e-06
D-GLT	51287	HMDB	HMDB0060475_3_shen	DL-Glutamate	name_formula_mass	4	FALSE	TRUE	1.499984136899e-09	3.7499603422475e-06
GLT	51287	HMDB	HMDB0060475_3_shen	DL-Glutamate	name_formula_mass	4	FALSE	TRUE	1.499984136899e-09	3.7499603422475e-06
D-GLT	51288	HMDB	HMDB0060475_4_shen	DL-Glutamate	name_formula_mass	4	FALSE	TRUE	1.499984136899e-09	3.7499603422475e-06
GLT	51288	HMDB	HMDB0060475_4_shen	DL-Glutamate	name_formula_mass	4	FALSE	TRUE	1.499984136899e-09	3.7499603422475e-06
D-GLT	51289	HMDB	HMDB0060475_5_shen	DL-Glutamate	name_formula_mass	4	FALSE	TRUE	1.499984136899e-09	3.7499603422475e-06
GLT	51289	HMDB	HMDB0060475_5_shen	DL-Glutamate	name_formula_mass	4	FALSE	TRUE	1.499984136899e-09	3.7499603422475e-06
D-GLT	51290	HMDB	HMDB0060475_6_shen	DL-Glutamate	name_formula_mass	4	FALSE	TRUE	1.499984136899e-09	3.7499603422475e-06
GLT	51290	HMDB	HMDB0060475_6_shen	DL-Glutamate	name_formula_mass	4	FALSE	TRUE	1.499984136899e-09	3.7499603422475e-06
D-GLT	51291	HMDB	HMDB0060475_7_shen	DL-Glutamate	name_formula_mass	4	FALSE	TRUE	1.499984136899e-09	3.7499603422475e-06
GLT	51291	HMDB	HMDB0060475_7_shen	DL-Glutamate	name_formula_mass	4	FALSE	TRUE	1.499984136899e-09	3.7499603422475e-06
D-GLT	51292	HMDB	HMDB0060475_8_shen	DL-Glutamate	name_formula_mass	4	FALSE	TRUE	1.499984136899e-09	3.7499603422475e-06
GLT	51292	HMDB	HMDB0060475_8_shen	DL-Glutamate	name_formula_mass	4	FALSE	TRUE	1.499984136899e-09	3.7499603422475e-06
D-GLT	51293	HMDB	HMDB0060475_9_shen	DL-Glutamate	name_formula_mass	4	FALSE	TRUE	1.499984136899e-09	3.7499603422475e-06
GLT	51293	HMDB	HMDB0060475_9_shen	DL-Glutamate	name_formula_mass	4	FALSE	TRUE	1.499984136899e-09	3.7499603422475e-06
D-GLT	51294	HMDB	HMDB0060475_10_shen	DL-Glutamate	name_formula_mass	4	FALSE	TRUE	1.499984136899e-09	3.7499603422475e-06
GLT	51294	HMDB	HMDB0060475_10_shen	DL-Glutamate	name_formula_mass	4	FALSE	TRUE	1.499984136899e-09	3.7499603422475e-06
D-GLT	51295	HMDB	HMDB0060475_11_shen	DL-Glutamate	name_formula_mass	4	FALSE	TRUE	1.499984136899e-09	3.7499603422475e-06
GLT	51295	HMDB	HMDB0060475_11_shen	DL-Glutamate	name_formula_mass	4	FALSE	TRUE	1.499984136899e-09	3.7499603422475e-06
D-GLT	51296	HMDB	HMDB0060475_12_shen	DL-Glutamate	name_formula_mass	4	FALSE	TRUE	1.499984136899e-09	3.7499603422475e-06
GLT	51296	HMDB	HMDB0060475_12_shen	DL-Glutamate	name_formula_mass	4	FALSE	TRUE	1.499984136899e-09	3.7499603422475e-06
D-GLT	51297	HMDB	HMDB0060475_13_shen	DL-Glutamate	name_formula_mass	4	FALSE	TRUE	1.499984136899e-09	3.7499603422475e-06
GLT	51297	HMDB	HMDB0060475_13_shen	DL-Glutamate	name_formula_mass	4	FALSE	TRUE	1.499984136899e-09	3.7499603422475e-06
D-GLT	51298	HMDB	HMDB0060475_14_shen	DL-Glutamate	name_formula_mass	4	FALSE	TRUE	1.499984136899e-09	3.7499603422475e-06
GLT	51298	HMDB	HMDB0060475_14_shen	DL-Glutamate	name_formula_mass	4	FALSE	TRUE	1.499984136899e-09	3.7499603422475e-06
D-GLT	51299	HMDB	HMDB0060475_15_shen	DL-Glutamate	name_formula_mass	4	FALSE	TRUE	1.499984136899e-09	3.7499603422475e-06
GLT	51299	HMDB	HMDB0060475_15_shen	DL-Glutamate	name_formula_mass	4	FALSE	TRUE	1.499984136899e-09	3.7499603422475e-06
D-GLT	51300	HMDB	HMDB0060475_16_shen	DL-Glutamate	name_formula_mass	4	FALSE	TRUE	1.499984136899e-09	3.7499603422475e-06
GLT	51300	HMDB	HMDB0060475_16_shen	DL-Glutamate	name_formula_mass	4	FALSE	TRUE	1.499984136899e-09	3.7499603422475e-06
D-GLT	51301	HMDB	HMDB0060475_17_shen	DL-Glutamate	name_formula_mass	4	FALSE	TRUE	1.499984136899e-09	3.7499603422475e-06
GLT	51301	HMDB	HMDB0060475_17_shen	DL-Glutamate	name_formula_mass	4	FALSE	TRUE	1.499984136899e-09	3.7499603422475e-06
D-GLT	51302	HMDB	HMDB0060475_18_shen	DL-Glutamate	name_formula_mass	4	FALSE	TRUE	1.499984136899e-09	3.7499603422475e-06
GLT	51302	HMDB	HMDB0060475_18_shen	DL-Glutamate	name_formula_mass	4	FALSE	TRUE	1.499984136899e-09	3.7499603422475e-06
D-GLT	51303	HMDB	HMDB0060475_19_shen	DL-Glutamate	name_formula_mass	4	FALSE	TRUE	1.499984136899e-09	3.7499603422475e-06
GLT	51303	HMDB	HMDB0060475_19_shen	DL-Glutamate	name_formula_mass	4	FALSE	TRUE	1.499984136899e-09	3.7499603422475e-06
D-GLT	51304	HMDB	HMDB0060475_20_shen	DL-Glutamate	name_formula_mass	4	FALSE	TRUE	1.499984136899e-09	3.7499603422475e-06
GLT	51304	HMDB	HMDB0060475_20_shen	DL-Glutamate	name_formula_mass	4	FALSE	TRUE	1.499984136899e-09	3.7499603422475e-06
D-GLT	51305	HMDB	HMDB0060475_21_shen	DL-Glutamate	name_formula_mass	4	FALSE	TRUE	1.499984136899e-09	3.7499603422475e-06
GLT	51305	HMDB	HMDB0060475_21_shen	DL-Glutamate	name_formula_mass	4	FALSE	TRUE	1.499984136899e-09	3.7499603422475e-06
D-GLT	51306	HMDB	HMDB0060475_22_shen	DL-Glutamate	name_formula_mass	4	FALSE	TRUE	1.499984136899e-09	3.7499603422475e-06
GLT	51306	HMDB	HMDB0060475_22_shen	DL-Glutamate	name_formula_mass	4	FALSE	TRUE	1.499984136899e-09	3.7499603422475e-06
D-GLT	51307	HMDB	HMDB0060475_23_shen	DL-Glutamate	name_formula_mass	4	FALSE	TRUE	1.499984136899e-09	3.7499603422475e-06
GLT	51307	HMDB	HMDB0060475_23_shen	DL-Glutamate	name_formula_mass	4	FALSE	TRUE	1.499984136899e-09	3.7499603422475e-06
D-GLT	51308	HMDB	HMDB0060475_24_shen	DL-Glutamate	name_formula_mass	4	FALSE	TRUE	1.499984136899e-09	3.7499603422475e-06
GLT	51308	HMDB	HMDB0060475_24_shen	DL-Glutamate	name_formula_mass	4	FALSE	TRUE	1.499984136899e-09	3.7499603422475e-06
D-GLT	51309	HMDB	HMDB0060475_25_shen	DL-Glutamate	name_formula_mass	4	FALSE	TRUE	1.499984136899e-09	3.7499603422475e-06
GLT	51309	HMDB	HMDB0060475_25_shen	DL-Glutamate	name_formula_mass	4	FALSE	TRUE	1.499984136899e-09	3.7499603422475e-06
D-GLT	51310	HMDB	HMDB0060475_26_shen	DL-Glutamate	name_formula_mass	4	FALSE	TRUE	1.499984136899e-09	3.7499603422475e-06
GLT	51310	HMDB	HMDB0060475_26_shen	DL-Glutamate	name_formula_mass	4	FALSE	TRUE	1.499984136899e-09	3.7499603422475e-06
D-GLT	51311	HMDB	HMDB0060475_27_shen	DL-Glutamate	name_formula_mass	4	FALSE	TRUE	1.499984136899e-09	3.7499603422475e-06
GLT	51311	HMDB	HMDB0060475_27_shen	DL-Glutamate	name_formula_mass	4	FALSE	TRUE	1.499984136899e-09	3.7499603422475e-06
D-GLT	51312	HMDB	HMDB0060475_28_shen	DL-Glutamate	name_formula_mass	4	FALSE	TRUE	1.499984136899e-09	3.7499603422475e-06
GLT	51312	HMDB	HMDB0060475_28_shen	DL-Glutamate	name_formula_mass	4	FALSE	TRUE	1.499984136899e-09	3.7499603422475e-06
D-GLT	51313	HMDB	HMDB0060475_29_shen	DL-Glutamate	name_formula_mass	4	FALSE	TRUE	1.499984136899e-09	3.7499603422475e-06
GLT	51313	HMDB	HMDB0060475_29_shen	DL-Glutamate	name_formula_mass	4	FALSE	TRUE	1.499984136899e-09	3.7499603422475e-06
D-GLT	51314	HMDB	HMDB0060475_30_shen	DL-Glutamate	name_formula_mass	4	FALSE	TRUE	1.499984136899e-09	3.7499603422475e-06
GLT	51314	HMDB	HMDB0060475_30_shen	DL-Glutamate	name_formula_mass	4	FALSE	TRUE	1.499984136899e-09	3.7499603422475e-06
D-GLT	51315	HMDB	HMDB0060475_31_shen	DL-Glutamate	name_formula_mass	4	FALSE	TRUE	1.499984136899e-09	3.7499603422475e-06
GLT	51315	HMDB	HMDB0060475_31_shen	DL-Glutamate	name_formula_mass	4	FALSE	TRUE	1.499984136899e-09	3.7499603422475e-06
D-GLT	51316	HMDB	HMDB0060475_32_shen	DL-Glutamate	name_formula_mass	4	FALSE	TRUE	1.499984136899e-09	3.7499603422475e-06
GLT	51316	HMDB	HMDB0060475_32_shen	DL-Glutamate	name_formula_mass	4	FALSE	TRUE	1.499984136899e-09	3.7499603422475e-06
D-GLT	51317	HMDB	HMDB0060475_33_shen	DL-Glutamate	name_formula_mass	4	FALSE	TRUE	1.499984136899e-09	3.7499603422475e-06
GLT	51317	HMDB	HMDB0060475_33_shen	DL-Glutamate	name_formula_mass	4	FALSE	TRUE	1.499984136899e-09	3.7499603422475e-06
D-GLT	51318	HMDB	HMDB0060475_34_shen	DL-Glutamate	name_formula_mass	4	FALSE	TRUE	1.499984136899e-09	3.7499603422475e-06
GLT	51318	HMDB	HMDB0060475_34_shen	DL-Glutamate	name_formula_mass	4	FALSE	TRUE	1.499984136899e-09	3.7499603422475e-06
D-GLT	51319	HMDB	HMDB0060475_35_shen	DL-Glutamate	name_formula_mass	4	FALSE	TRUE	1.499984136899e-09	3.7499603422475e-06
GLT	51319	HMDB	HMDB0060475_35_shen	DL-Glutamate	name_formula_mass	4	FALSE	TRUE	1.499984136899e-09	3.7499603422475e-06
D-GLT	51320	HMDB	HMDB0060475_36_shen	DL-Glutamate	name_formula_mass	4	FALSE	TRUE	1.499984136899e-09	3.7499603422475e-06
GLT	51320	HMDB	HMDB0060475_36_shen	DL-Glutamate	name_formula_mass	4	FALSE	TRUE	1.499984136899e-09	3.7499603422475e-06
D-GLT	51321	HMDB	HMDB0060475_37_shen	DL-Glutamate	name_formula_mass	4	FALSE	TRUE	1.499984136899e-09	3.7499603422475e-06
GLT	51321	HMDB	HMDB0060475_37_shen	DL-Glutamate	name_formula_mass	4	FALSE	TRUE	1.499984136899e-09	3.7499603422475e-06
D-GLT	51322	HMDB	HMDB0060475_38_shen	DL-Glutamate	name_formula_mass	4	FALSE	TRUE	1.499984136899e-09	3.7499603422475e-06
GLT	51322	HMDB	HMDB0060475_38_shen	DL-Glutamate	name_formula_mass	4	FALSE	TRUE	1.499984136899e-09	3.7499603422475e-06
D-GLT	51323	HMDB	HMDB0060475_39_shen	DL-Glutamate	name_formula_mass	4	FALSE	TRUE	1.499984136899e-09	3.7499603422475e-06
GLT	51323	HMDB	HMDB0060475_39_shen	DL-Glutamate	name_formula_mass	4	FALSE	TRUE	1.499984136899e-09	3.7499603422475e-06
D-GLT	51324	HMDB	HMDB0060475_40_shen	DL-Glutamate	name_formula_mass	4	FALSE	TRUE	1.499984136899e-09	3.7499603422475e-06
GLT	51324	HMDB	HMDB0060475_40_shen	DL-Glutamate	name_formula_mass	4	FALSE	TRUE	1.499984136899e-09	3.7499603422475e-06
D-GLT	51325	HMDB	HMDB0060475_41_shen	DL-Glutamate	name_formula_mass	4	FALSE	TRUE	1.499984136899e-09	3.7499603422475e-06
GLT	51325	HMDB	HMDB0060475_41_shen	DL-Glutamate	name_formula_mass	4	FALSE	TRUE	1.499984136899e-09	3.7499603422475e-06
D-GLT	51326	HMDB	HMDB0060475_42_shen	DL-Glutamate	name_formula_mass	4	FALSE	TRUE	1.499984136899e-09	3.7499603422475e-06
GLT	51326	HMDB	HMDB0060475_42_shen	DL-Glutamate	name_formula_mass	4	FALSE	TRUE	1.499984136899e-09	3.7499603422475e-06
D-GLT	51327	HMDB	HMDB0060475_43_shen	DL-Glutamate	name_formula_mass	4	FALSE	TRUE	1.499984136899e-09	3.7499603422475e-06
GLT	51327	HMDB	HMDB0060475_43_shen	DL-Glutamate	name_formula_mass	4	FALSE	TRUE	1.499984136899e-09	3.7499603422475e-06
INDOLE_PYRUVATE	51328	HMDB	HMDB0060484_1_shen	Indolepyruvate	inchikey_connectivity_formula_mass	2	FALSE	TRUE	1.39999656312284e-09	3.4999914078071e-06
INDOLE_PYRUVATE	51329	HMDB	HMDB0060484_2_shen	Indolepyruvate	inchikey_connectivity_formula_mass	2	FALSE	TRUE	1.39999656312284e-09	3.4999914078071e-06
INDOLE_PYRUVATE	51330	HMDB	HMDB0060484_3_shen	Indolepyruvate	inchikey_connectivity_formula_mass	2	FALSE	TRUE	1.39999656312284e-09	3.4999914078071e-06
INDOLE_PYRUVATE	51331	HMDB	HMDB0060484_4_shen	Indolepyruvate	inchikey_connectivity_formula_mass	2	FALSE	TRUE	1.39999656312284e-09	3.4999914078071e-06
INDOLE_PYRUVATE	51332	HMDB	HMDB0060484_5_shen	Indolepyruvate	inchikey_connectivity_formula_mass	2	FALSE	TRUE	1.39999656312284e-09	3.4999914078071e-06
INDOLE_PYRUVATE	51333	HMDB	HMDB0060484_6_shen	Indolepyruvate	inchikey_connectivity_formula_mass	2	FALSE	TRUE	1.39999656312284e-09	3.4999914078071e-06
INDOLE_PYRUVATE	51334	HMDB	HMDB0060484_7_shen	Indolepyruvate	inchikey_connectivity_formula_mass	2	FALSE	TRUE	1.39999656312284e-09	3.4999914078071e-06
INDOLE_PYRUVATE	51335	HMDB	HMDB0060484_8_shen	Indolepyruvate	inchikey_connectivity_formula_mass	2	FALSE	TRUE	1.39999656312284e-09	3.4999914078071e-06
INDOLE_PYRUVATE	51336	HMDB	HMDB0060484_9_shen	Indolepyruvate	inchikey_connectivity_formula_mass	2	FALSE	TRUE	1.39999656312284e-09	3.4999914078071e-06
INDOLE_PYRUVATE	51337	HMDB	HMDB0060484_10_shen	Indolepyruvate	inchikey_connectivity_formula_mass	2	FALSE	TRUE	1.39999656312284e-09	3.4999914078071e-06
INDOLE_PYRUVATE	51338	HMDB	HMDB0060484_11_shen	Indolepyruvate	inchikey_connectivity_formula_mass	2	FALSE	TRUE	1.39999656312284e-09	3.4999914078071e-06
INDOLE_PYRUVATE	51339	HMDB	HMDB0060484_12_shen	Indolepyruvate	inchikey_connectivity_formula_mass	2	FALSE	TRUE	1.39999656312284e-09	3.4999914078071e-06
INDOLE_PYRUVATE	51340	HMDB	HMDB0060484_13_shen	Indolepyruvate	inchikey_connectivity_formula_mass	2	FALSE	TRUE	1.39999656312284e-09	3.4999914078071e-06
NACMUR	51341	HMDB	HMDB0060493_1_shen	N-Acetylmuramate	inchikey_connectivity_formula_mass	2	FALSE	TRUE	2.89998070002184e-09	7.24995175005461e-06
NACMUR	51342	HMDB	HMDB0060493_2_shen	N-Acetylmuramate	inchikey_connectivity_formula_mass	2	FALSE	TRUE	2.89998070002184e-09	7.24995175005461e-06
NACMUR	51343	HMDB	HMDB0060493_3_shen	N-Acetylmuramate	inchikey_connectivity_formula_mass	2	FALSE	TRUE	2.89998070002184e-09	7.24995175005461e-06
NACMUR	51344	HMDB	HMDB0060493_4_shen	N-Acetylmuramate	inchikey_connectivity_formula_mass	2	FALSE	TRUE	2.89998070002184e-09	7.24995175005461e-06
NACMUR	51345	HMDB	HMDB0060493_5_shen	N-Acetylmuramate	inchikey_connectivity_formula_mass	2	FALSE	TRUE	2.89998070002184e-09	7.24995175005461e-06
NACMUR	51346	HMDB	HMDB0060493_6_shen	N-Acetylmuramate	inchikey_connectivity_formula_mass	2	FALSE	TRUE	2.89998070002184e-09	7.24995175005461e-06
NACMUR	51347	HMDB	HMDB0060493_7_shen	N-Acetylmuramate	inchikey_connectivity_formula_mass	2	FALSE	TRUE	2.89998070002184e-09	7.24995175005461e-06
NACMUR	51348	HMDB	HMDB0060493_8_shen	N-Acetylmuramate	inchikey_connectivity_formula_mass	2	FALSE	TRUE	2.89998070002184e-09	7.24995175005461e-06
NACMUR	51349	HMDB	HMDB0060493_9_shen	N-Acetylmuramate	inchikey_connectivity_formula_mass	2	FALSE	TRUE	2.89998070002184e-09	7.24995175005461e-06
NACMUR	51350	HMDB	HMDB0060493_10_shen	N-Acetylmuramate	inchikey_connectivity_formula_mass	2	FALSE	TRUE	2.89998070002184e-09	7.24995175005461e-06
NACMUR	51351	HMDB	HMDB0060493_11_shen	N-Acetylmuramate	inchikey_connectivity_formula_mass	2	FALSE	TRUE	2.89998070002184e-09	7.24995175005461e-06
NACMUR	51352	HMDB	HMDB0060493_12_shen	N-Acetylmuramate	inchikey_connectivity_formula_mass	2	FALSE	TRUE	2.89998070002184e-09	7.24995175005461e-06
NACMUR	51353	HMDB	HMDB0060493_13_shen	N-Acetylmuramate	inchikey_connectivity_formula_mass	2	FALSE	TRUE	2.89998070002184e-09	7.24995175005461e-06
NACMUR	51354	HMDB	HMDB0060493_14_shen	N-Acetylmuramate	inchikey_connectivity_formula_mass	2	FALSE	TRUE	2.89998070002184e-09	7.24995175005461e-06
NACMUR	51355	HMDB	HMDB0060493_15_shen	N-Acetylmuramate	inchikey_connectivity_formula_mass	2	FALSE	TRUE	2.89998070002184e-09	7.24995175005461e-06
NACMUR	51356	HMDB	HMDB0060493_16_shen	N-Acetylmuramate	inchikey_connectivity_formula_mass	2	FALSE	TRUE	2.89998070002184e-09	7.24995175005461e-06
NACMUR	51357	HMDB	HMDB0060493_17_shen	N-Acetylmuramate	inchikey_connectivity_formula_mass	2	FALSE	TRUE	2.89998070002184e-09	7.24995175005461e-06
NACMUR	51358	HMDB	HMDB0060493_18_shen	N-Acetylmuramate	inchikey_connectivity_formula_mass	2	FALSE	TRUE	2.89998070002184e-09	7.24995175005461e-06
NACMUR	51359	HMDB	HMDB0060493_19_shen	N-Acetylmuramate	inchikey_connectivity_formula_mass	2	FALSE	TRUE	2.89998070002184e-09	7.24995175005461e-06
CPD-13245	51935	HMDB	HMDB0061854_1_shen	8-Anilino-1-naphthalene sulfonate	inchikey_connectivity_formula_mass	2	FALSE	TRUE	1.80006054506521e-09	4.50015136266302e-06
CPD-13245	51936	HMDB	HMDB0061854_2_shen	8-Anilino-1-naphthalene sulfonate	inchikey_connectivity_formula_mass	2	FALSE	TRUE	1.80006054506521e-09	4.50015136266302e-06
CPD-13245	51937	HMDB	HMDB0061854_3_shen	8-Anilino-1-naphthalene sulfonate	inchikey_connectivity_formula_mass	2	FALSE	TRUE	1.80006054506521e-09	4.50015136266302e-06
CPD-13245	51938	HMDB	HMDB0061854_4_shen	8-Anilino-1-naphthalene sulfonate	inchikey_connectivity_formula_mass	2	FALSE	TRUE	1.80006054506521e-09	4.50015136266302e-06
CPD-13245	51939	HMDB	HMDB0061854_5_shen	8-Anilino-1-naphthalene sulfonate	inchikey_connectivity_formula_mass	2	FALSE	TRUE	1.80006054506521e-09	4.50015136266302e-06
CPD-13245	51940	HMDB	HMDB0061854_6_shen	8-Anilino-1-naphthalene sulfonate	inchikey_connectivity_formula_mass	2	FALSE	TRUE	1.80006054506521e-09	4.50015136266302e-06
CPD-13245	51941	HMDB	HMDB0061854_7_shen	8-Anilino-1-naphthalene sulfonate	inchikey_connectivity_formula_mass	2	FALSE	TRUE	1.80006054506521e-09	4.50015136266302e-06
CPD-13245	51942	HMDB	HMDB0061854_8_shen	8-Anilino-1-naphthalene sulfonate	inchikey_connectivity_formula_mass	2	FALSE	TRUE	1.80006054506521e-09	4.50015136266302e-06
CPD-13245	51943	HMDB	HMDB0061854_9_shen	8-Anilino-1-naphthalene sulfonate	inchikey_connectivity_formula_mass	2	FALSE	TRUE	1.80006054506521e-09	4.50015136266302e-06
CPD-13245	51944	HMDB	HMDB0061854_10_shen	8-Anilino-1-naphthalene sulfonate	inchikey_connectivity_formula_mass	2	FALSE	TRUE	1.80006054506521e-09	4.50015136266302e-06
CPD-13245	51945	HMDB	HMDB0061854_11_shen	8-Anilino-1-naphthalene sulfonate	inchikey_connectivity_formula_mass	2	FALSE	TRUE	1.80006054506521e-09	4.50015136266302e-06
CPD-13245	51946	HMDB	HMDB0061854_12_shen	8-Anilino-1-naphthalene sulfonate	inchikey_connectivity_formula_mass	2	FALSE	TRUE	1.80006054506521e-09	4.50015136266302e-06
CPD-13245	51947	HMDB	HMDB0061854_13_shen	8-Anilino-1-naphthalene sulfonate	inchikey_connectivity_formula_mass	2	FALSE	TRUE	1.80006054506521e-09	4.50015136266302e-06
CPD-13245	51948	HMDB	HMDB0061854_14_shen	8-Anilino-1-naphthalene sulfonate	inchikey_connectivity_formula_mass	2	FALSE	TRUE	1.80006054506521e-09	4.50015136266302e-06
Methylhexadecanoates	51949	HMDB	HMDB0061859_1_shen	Methyl hexadecanoic acid	smiles_formula_mass	3	TRUE	TRUE	3.60000740329269e-09	9.00001850823173e-06
Methylhexadecanoates	51950	HMDB	HMDB0061859_2_shen	Methyl hexadecanoic acid	smiles_formula_mass	3	TRUE	TRUE	3.60000740329269e-09	9.00001850823173e-06
Methylhexadecanoates	51951	HMDB	HMDB0061859_3_shen	Methyl hexadecanoic acid	smiles_formula_mass	3	TRUE	TRUE	3.60000740329269e-09	9.00001850823173e-06
Methylhexadecanoates	51952	HMDB	HMDB0061859_4_shen	Methyl hexadecanoic acid	smiles_formula_mass	3	TRUE	TRUE	3.60000740329269e-09	9.00001850823173e-06
Methylhexadecanoates	51953	HMDB	HMDB0061859_5_shen	Methyl hexadecanoic acid	smiles_formula_mass	3	TRUE	TRUE	3.60000740329269e-09	9.00001850823173e-06
Methylhexadecanoates	51954	HMDB	HMDB0061859_6_shen	Methyl hexadecanoic acid	smiles_formula_mass	3	TRUE	TRUE	3.60000740329269e-09	9.00001850823173e-06
Methylhexadecanoates	51955	HMDB	HMDB0061859_7_shen	Methyl hexadecanoic acid	smiles_formula_mass	3	TRUE	TRUE	3.60000740329269e-09	9.00001850823173e-06
Methylhexadecanoates	51956	HMDB	HMDB0061859_8_shen	Methyl hexadecanoic acid	smiles_formula_mass	3	TRUE	TRUE	3.60000740329269e-09	9.00001850823173e-06
Methylhexadecanoates	51957	HMDB	HMDB0061859_9_shen	Methyl hexadecanoic acid	smiles_formula_mass	3	TRUE	TRUE	3.60000740329269e-09	9.00001850823173e-06
Methylhexadecanoates	51958	HMDB	HMDB0061859_10_shen	Methyl hexadecanoic acid	smiles_formula_mass	3	TRUE	TRUE	3.60000740329269e-09	9.00001850823173e-06
Methylhexadecanoates	51959	HMDB	HMDB0061859_11_shen	Methyl hexadecanoic acid	smiles_formula_mass	3	TRUE	TRUE	3.60000740329269e-09	9.00001850823173e-06
Methylhexadecanoates	51960	HMDB	HMDB0061859_12_shen	Methyl hexadecanoic acid	smiles_formula_mass	3	TRUE	TRUE	3.60000740329269e-09	9.00001850823173e-06
Methylhexadecanoates	51961	HMDB	HMDB0061859_13_shen	Methyl hexadecanoic acid	smiles_formula_mass	3	TRUE	TRUE	3.60000740329269e-09	9.00001850823173e-06
CPD-6361	51993	HMDB	HMDB0061918_1_shen	1,3-Dihydro-(2H)-indol-2-one	inchikey	1	TRUE	TRUE	9.99989424599335e-10	2.49997356149834e-06
CPD-6361	51994	HMDB	HMDB0061918_2_shen	1,3-Dihydro-(2H)-indol-2-one	inchikey	1	TRUE	TRUE	9.99989424599335e-10	2.49997356149834e-06
CPD-6361	51995	HMDB	HMDB0061918_3_shen	1,3-Dihydro-(2H)-indol-2-one	inchikey	1	TRUE	TRUE	9.99989424599335e-10	2.49997356149834e-06
CPD-6361	51996	HMDB	HMDB0061918_4_shen	1,3-Dihydro-(2H)-indol-2-one	inchikey	1	TRUE	TRUE	9.99989424599335e-10	2.49997356149834e-06
CPD-6361	51997	HMDB	HMDB0061918_5_shen	1,3-Dihydro-(2H)-indol-2-one	inchikey	1	TRUE	TRUE	9.99989424599335e-10	2.49997356149834e-06
CPD-6361	51998	HMDB	HMDB0061918_6_shen	1,3-Dihydro-(2H)-indol-2-one	inchikey	1	TRUE	TRUE	9.99989424599335e-10	2.49997356149834e-06
CPD-6361	51999	HMDB	HMDB0061918_7_shen	1,3-Dihydro-(2H)-indol-2-one	inchikey	1	TRUE	TRUE	9.99989424599335e-10	2.49997356149834e-06
CPD-6361	52000	HMDB	HMDB0061918_8_shen	1,3-Dihydro-(2H)-indol-2-one	inchikey	1	TRUE	TRUE	9.99989424599335e-10	2.49997356149834e-06
CPD-6361	52001	HMDB	HMDB0061918_9_shen	1,3-Dihydro-(2H)-indol-2-one	inchikey	1	TRUE	TRUE	9.99989424599335e-10	2.49997356149834e-06
CPD-6361	52002	HMDB	HMDB0061918_10_shen	1,3-Dihydro-(2H)-indol-2-one	inchikey	1	TRUE	TRUE	9.99989424599335e-10	2.49997356149834e-06
CPD-6361	52003	HMDB	HMDB0061918_11_shen	1,3-Dihydro-(2H)-indol-2-one	inchikey	1	TRUE	TRUE	9.99989424599335e-10	2.49997356149834e-06
CPD-6361	52004	HMDB	HMDB0061918_12_shen	1,3-Dihydro-(2H)-indol-2-one	inchikey	1	TRUE	TRUE	9.99989424599335e-10	2.49997356149834e-06
CPD-6361	52005	HMDB	HMDB0061918_13_shen	1,3-Dihydro-(2H)-indol-2-one	inchikey	1	TRUE	TRUE	9.99989424599335e-10	2.49997356149834e-06
CPD-6361	52006	HMDB	HMDB0061918_14_shen	1,3-Dihydro-(2H)-indol-2-one	inchikey	1	TRUE	TRUE	9.99989424599335e-10	2.49997356149834e-06
CPD-6361	52007	HMDB	HMDB0061918_15_shen	1,3-Dihydro-(2H)-indol-2-one	inchikey	1	TRUE	TRUE	9.99989424599335e-10	2.49997356149834e-06
CPD-6361	52008	HMDB	HMDB0061918_16_shen	1,3-Dihydro-(2H)-indol-2-one	inchikey	1	TRUE	TRUE	9.99989424599335e-10	2.49997356149834e-06
CPD-6361	52009	HMDB	HMDB0061918_17_shen	1,3-Dihydro-(2H)-indol-2-one	inchikey	1	TRUE	TRUE	9.99989424599335e-10	2.49997356149834e-06
CPD-6361	52010	HMDB	HMDB0061918_18_shen	1,3-Dihydro-(2H)-indol-2-one	inchikey	1	TRUE	TRUE	9.99989424599335e-10	2.49997356149834e-06
CPD-6361	52011	HMDB	HMDB0061918_19_shen	1,3-Dihydro-(2H)-indol-2-one	inchikey	1	TRUE	TRUE	9.99989424599335e-10	2.49997356149834e-06
CPD-6361	52012	HMDB	HMDB0061918_20_shen	1,3-Dihydro-(2H)-indol-2-one	inchikey	1	TRUE	TRUE	9.99989424599335e-10	2.49997356149834e-06
CPD-6361	52013	HMDB	HMDB0061918_21_shen	1,3-Dihydro-(2H)-indol-2-one	inchikey	1	TRUE	TRUE	9.99989424599335e-10	2.49997356149834e-06
CPD-6361	52014	HMDB	HMDB0061918_22_shen	1,3-Dihydro-(2H)-indol-2-one	inchikey	1	TRUE	TRUE	9.99989424599335e-10	2.49997356149834e-06
CPD-6361	52015	HMDB	HMDB0061918_23_shen	1,3-Dihydro-(2H)-indol-2-one	inchikey	1	TRUE	TRUE	9.99989424599335e-10	2.49997356149834e-06
ISATIN	52028	HMDB	HMDB0061933_1_shen	1H-Indole-2,3-dione	inchikey	1	TRUE	TRUE	9.00001850823173e-10	2.25000462705793e-06
ISATIN	52029	HMDB	HMDB0061933_2_shen	1H-Indole-2,3-dione	inchikey	1	TRUE	TRUE	9.00001850823173e-10	2.25000462705793e-06
ISATIN	52030	HMDB	HMDB0061933_3_shen	1H-Indole-2,3-dione	inchikey	1	TRUE	TRUE	9.00001850823173e-10	2.25000462705793e-06
ISATIN	52031	HMDB	HMDB0061933_4_shen	1H-Indole-2,3-dione	inchikey	1	TRUE	TRUE	9.00001850823173e-10	2.25000462705793e-06
ISATIN	52032	HMDB	HMDB0061933_5_shen	1H-Indole-2,3-dione	inchikey	1	TRUE	TRUE	9.00001850823173e-10	2.25000462705793e-06
ISATIN	52033	HMDB	HMDB0061933_6_shen	1H-Indole-2,3-dione	inchikey	1	TRUE	TRUE	9.00001850823173e-10	2.25000462705793e-06
ISATIN	52034	HMDB	HMDB0061933_7_shen	1H-Indole-2,3-dione	inchikey	1	TRUE	TRUE	9.00001850823173e-10	2.25000462705793e-06
ISATIN	52035	HMDB	HMDB0061933_8_shen	1H-Indole-2,3-dione	inchikey	1	TRUE	TRUE	9.00001850823173e-10	2.25000462705793e-06
ISATIN	52036	HMDB	HMDB0061933_9_shen	1H-Indole-2,3-dione	inchikey	1	TRUE	TRUE	9.00001850823173e-10	2.25000462705793e-06
ISATIN	52037	HMDB	HMDB0061933_10_shen	1H-Indole-2,3-dione	inchikey	1	TRUE	TRUE	9.00001850823173e-10	2.25000462705793e-06
ISATIN	52038	HMDB	HMDB0061933_11_shen	1H-Indole-2,3-dione	inchikey	1	TRUE	TRUE	9.00001850823173e-10	2.25000462705793e-06
ISATIN	52039	HMDB	HMDB0061933_12_shen	1H-Indole-2,3-dione	inchikey	1	TRUE	TRUE	9.00001850823173e-10	2.25000462705793e-06
ISATIN	52040	HMDB	HMDB0061933_13_shen	1H-Indole-2,3-dione	inchikey	1	TRUE	TRUE	9.00001850823173e-10	2.25000462705793e-06
ISATIN	52041	HMDB	HMDB0061933_14_shen	1H-Indole-2,3-dione	inchikey	1	TRUE	TRUE	9.00001850823173e-10	2.25000462705793e-06
ISATIN	52042	HMDB	HMDB0061933_15_shen	1H-Indole-2,3-dione	inchikey	1	TRUE	TRUE	9.00001850823173e-10	2.25000462705793e-06
ISATIN	52043	HMDB	HMDB0061933_16_shen	1H-Indole-2,3-dione	inchikey	1	TRUE	TRUE	9.00001850823173e-10	2.25000462705793e-06
ISATIN	52044	HMDB	HMDB0061933_17_shen	1H-Indole-2,3-dione	inchikey	1	TRUE	TRUE	9.00001850823173e-10	2.25000462705793e-06
ISATIN	52045	HMDB	HMDB0061933_18_shen	1H-Indole-2,3-dione	inchikey	1	TRUE	TRUE	9.00001850823173e-10	2.25000462705793e-06
ISATIN	52046	HMDB	HMDB0061933_19_shen	1H-Indole-2,3-dione	inchikey	1	TRUE	TRUE	9.00001850823173e-10	2.25000462705793e-06
ISATIN	52047	HMDB	HMDB0061933_20_shen	1H-Indole-2,3-dione	inchikey	1	TRUE	TRUE	9.00001850823173e-10	2.25000462705793e-06
L-ALPHA-ALANINE	52078	HMDB	HMDB0062251_1_shen	(alpha-D-mannosyl)7-beta-D-mannosyl-diacetylchitobiosyl-L-asparagine, isoform A (protein)	name_formula_mass	4	TRUE	TRUE	1.09999120923021e-09	2.74997802307553e-06
L-ALPHA-ALANINE	52079	HMDB	HMDB0062251_2_shen	(alpha-D-mannosyl)7-beta-D-mannosyl-diacetylchitobiosyl-L-asparagine, isoform A (protein)	name_formula_mass	4	TRUE	TRUE	1.09999120923021e-09	2.74997802307553e-06
L-ALPHA-ALANINE	52080	HMDB	HMDB0062251_3_shen	(alpha-D-mannosyl)7-beta-D-mannosyl-diacetylchitobiosyl-L-asparagine, isoform A (protein)	name_formula_mass	4	TRUE	TRUE	1.09999120923021e-09	2.74997802307553e-06
L-ALPHA-ALANINE	52081	HMDB	HMDB0062251_4_shen	(alpha-D-mannosyl)7-beta-D-mannosyl-diacetylchitobiosyl-L-asparagine, isoform A (protein)	name_formula_mass	4	TRUE	TRUE	1.09999120923021e-09	2.74997802307553e-06
L-ALPHA-ALANINE	52082	HMDB	HMDB0062251_5_shen	(alpha-D-mannosyl)7-beta-D-mannosyl-diacetylchitobiosyl-L-asparagine, isoform A (protein)	name_formula_mass	4	TRUE	TRUE	1.09999120923021e-09	2.74997802307553e-06
L-ALPHA-ALANINE	52083	HMDB	HMDB0062251_6_shen	(alpha-D-mannosyl)7-beta-D-mannosyl-diacetylchitobiosyl-L-asparagine, isoform A (protein)	name_formula_mass	4	TRUE	TRUE	1.09999120923021e-09	2.74997802307553e-06
L-ALPHA-ALANINE	52084	HMDB	HMDB0062251_7_shen	(alpha-D-mannosyl)7-beta-D-mannosyl-diacetylchitobiosyl-L-asparagine, isoform A (protein)	name_formula_mass	4	TRUE	TRUE	1.09999120923021e-09	2.74997802307553e-06
L-ALPHA-ALANINE	52085	HMDB	HMDB0062251_8_shen	(alpha-D-mannosyl)7-beta-D-mannosyl-diacetylchitobiosyl-L-asparagine, isoform A (protein)	name_formula_mass	4	TRUE	TRUE	1.09999120923021e-09	2.74997802307553e-06
L-ALPHA-ALANINE	52086	HMDB	HMDB0062251_9_shen	(alpha-D-mannosyl)7-beta-D-mannosyl-diacetylchitobiosyl-L-asparagine, isoform A (protein)	name_formula_mass	4	TRUE	TRUE	1.09999120923021e-09	2.74997802307553e-06
TARTRATE	52235	HMDB	HMDB0062642_1_shen	3-carboxy-2,3-dihydroxypropanoate	name_formula_mass	4	FALSE	TRUE	1.19999299386109e-09	2.99998248465272e-06
TARTRATE	52236	HMDB	HMDB0062642_2_shen	3-carboxy-2,3-dihydroxypropanoate	name_formula_mass	4	FALSE	TRUE	1.19999299386109e-09	2.99998248465272e-06
TARTRATE	52237	HMDB	HMDB0062642_3_shen	3-carboxy-2,3-dihydroxypropanoate	name_formula_mass	4	FALSE	TRUE	1.19999299386109e-09	2.99998248465272e-06
TARTRATE	52238	HMDB	HMDB0062642_4_shen	3-carboxy-2,3-dihydroxypropanoate	name_formula_mass	4	FALSE	TRUE	1.19999299386109e-09	2.99998248465272e-06
TARTRATE	52239	HMDB	HMDB0062642_5_shen	3-carboxy-2,3-dihydroxypropanoate	name_formula_mass	4	FALSE	TRUE	1.19999299386109e-09	2.99998248465272e-06
CPD-404	52240	HMDB	HMDB0062660_1_shen	N-methyl-L-glutamic Acid	inchikey_connectivity_formula_mass	2	FALSE	TRUE	1.69998770616075e-09	4.24996926540189e-06
CPD-404	52241	HMDB	HMDB0062660_2_shen	N-methyl-L-glutamic Acid	inchikey_connectivity_formula_mass	2	FALSE	TRUE	1.69998770616075e-09	4.24996926540189e-06
CPD-404	52242	HMDB	HMDB0062660_3_shen	N-methyl-L-glutamic Acid	inchikey_connectivity_formula_mass	2	FALSE	TRUE	1.69998770616075e-09	4.24996926540189e-06
CPD-404	52243	HMDB	HMDB0062660_4_shen	N-methyl-L-glutamic Acid	inchikey_connectivity_formula_mass	2	FALSE	TRUE	1.69998770616075e-09	4.24996926540189e-06
CPD-404	52244	HMDB	HMDB0062660_5_shen	N-methyl-L-glutamic Acid	inchikey_connectivity_formula_mass	2	FALSE	TRUE	1.69998770616075e-09	4.24996926540189e-06
CPD-404	52245	HMDB	HMDB0062660_6_shen	N-methyl-L-glutamic Acid	inchikey_connectivity_formula_mass	2	FALSE	TRUE	1.69998770616075e-09	4.24996926540189e-06
CPD-404	52246	HMDB	HMDB0062660_7_shen	N-methyl-L-glutamic Acid	inchikey_connectivity_formula_mass	2	FALSE	TRUE	1.69998770616075e-09	4.24996926540189e-06
CPD-404	52247	HMDB	HMDB0062660_8_shen	N-methyl-L-glutamic Acid	inchikey_connectivity_formula_mass	2	FALSE	TRUE	1.69998770616075e-09	4.24996926540189e-06
CPD-404	52248	HMDB	HMDB0062660_9_shen	N-methyl-L-glutamic Acid	inchikey_connectivity_formula_mass	2	FALSE	TRUE	1.69998770616075e-09	4.24996926540189e-06
CPD-404	52249	HMDB	HMDB0062660_10_shen	N-methyl-L-glutamic Acid	inchikey_connectivity_formula_mass	2	FALSE	TRUE	1.69998770616075e-09	4.24996926540189e-06
CPD-404	52250	HMDB	HMDB0062660_11_shen	N-methyl-L-glutamic Acid	inchikey_connectivity_formula_mass	2	FALSE	TRUE	1.69998770616075e-09	4.24996926540189e-06
CPD-404	52251	HMDB	HMDB0062660_12_shen	N-methyl-L-glutamic Acid	inchikey_connectivity_formula_mass	2	FALSE	TRUE	1.69998770616075e-09	4.24996926540189e-06
CPD-404	52252	HMDB	HMDB0062660_13_shen	N-methyl-L-glutamic Acid	inchikey_connectivity_formula_mass	2	FALSE	TRUE	1.69998770616075e-09	4.24996926540189e-06
CPD-404	52253	HMDB	HMDB0062660_14_shen	N-methyl-L-glutamic Acid	inchikey_connectivity_formula_mass	2	FALSE	TRUE	1.69998770616075e-09	4.24996926540189e-06
CPD-404	52254	HMDB	HMDB0062660_15_shen	N-methyl-L-glutamic Acid	inchikey_connectivity_formula_mass	2	FALSE	TRUE	1.69998770616075e-09	4.24996926540189e-06
CPD-404	52255	HMDB	HMDB0062660_16_shen	N-methyl-L-glutamic Acid	inchikey_connectivity_formula_mass	2	FALSE	TRUE	1.69998770616075e-09	4.24996926540189e-06
CPD-404	52256	HMDB	HMDB0062660_17_shen	N-methyl-L-glutamic Acid	inchikey_connectivity_formula_mass	2	FALSE	TRUE	1.69998770616075e-09	4.24996926540189e-06
CPD-404	52257	HMDB	HMDB0062660_18_shen	N-methyl-L-glutamic Acid	inchikey_connectivity_formula_mass	2	FALSE	TRUE	1.69998770616075e-09	4.24996926540189e-06
CPD-404	52258	HMDB	HMDB0062660_19_shen	N-methyl-L-glutamic Acid	inchikey_connectivity_formula_mass	2	FALSE	TRUE	1.69998770616075e-09	4.24996926540189e-06
CPD-404	52259	HMDB	HMDB0062660_20_shen	N-methyl-L-glutamic Acid	inchikey_connectivity_formula_mass	2	FALSE	TRUE	1.69998770616075e-09	4.24996926540189e-06
CPD-404	52260	HMDB	HMDB0062660_21_shen	N-methyl-L-glutamic Acid	inchikey_connectivity_formula_mass	2	FALSE	TRUE	1.69998770616075e-09	4.24996926540189e-06
CPD-404	52261	HMDB	HMDB0062660_22_shen	N-methyl-L-glutamic Acid	inchikey_connectivity_formula_mass	2	FALSE	TRUE	1.69998770616075e-09	4.24996926540189e-06
GLUTATHIONE	52262	HMDB	HMDB0062697_1_shen	Glutathionate(1-)	name_formula_mass	4	FALSE	TRUE	4.69100029931724e-07	0.00117275007482931
GLUTATHIONE	52263	HMDB	HMDB0062697_2_shen	Glutathionate(1-)	name_formula_mass	4	FALSE	TRUE	4.69100029931724e-07	0.00117275007482931
CPD-8686	52389	HMDB	HMDB0094711_1_shen	9-Oxo-nonanoic acid	inchikey_connectivity_formula_mass	2	FALSE	TRUE	4.90001639263937e-09	1.22500409815984e-05
CPD-8686	52390	HMDB	HMDB0094711_2_shen	9-Oxo-nonanoic acid	inchikey_connectivity_formula_mass	2	FALSE	TRUE	4.90001639263937e-09	1.22500409815984e-05
CPD1F-126	52391	HMDB	HMDB0112262_shen	gamma-Carotene	inchikey	1	TRUE	TRUE	5.40001110493904e-09	1.00664178778537e-05
CPD-14646	52392	HMDB	HMDB0112264_shen	9-cis-beta-Carotene	inchikey	1	TRUE	TRUE	5.40001110493904e-09	1.00664178778537e-05
CPD-8605	52398	HMDB	HMDB0126497_1_shen	Laricitrin	inchikey_connectivity_formula_mass	2	FALSE	TRUE	1.60000013238459e-08	4.00000033096148e-05
CPD-8605	52399	HMDB	HMDB0126497_2_shen	Laricitrin	inchikey_connectivity_formula_mass	2	FALSE	TRUE	1.60000013238459e-08	4.00000033096148e-05
CPD-8605	52400	HMDB	HMDB0126497_3_shen	Laricitrin	inchikey_connectivity_formula_mass	2	FALSE	TRUE	1.60000013238459e-08	4.00000033096148e-05
CPD-8605	52401	HMDB	HMDB0126497_4_shen	Laricitrin	inchikey_connectivity_formula_mass	2	FALSE	TRUE	1.60000013238459e-08	4.00000033096148e-05
CPD-8605	52402	HMDB	HMDB0126497_5_shen	Laricitrin	inchikey_connectivity_formula_mass	2	FALSE	TRUE	1.60000013238459e-08	4.00000033096148e-05
CPD-8605	52403	HMDB	HMDB0126497_6_shen	Laricitrin	inchikey_connectivity_formula_mass	2	FALSE	TRUE	1.60000013238459e-08	4.00000033096148e-05
CPD-8605	52404	HMDB	HMDB0126497_7_shen	Laricitrin	inchikey_connectivity_formula_mass	2	FALSE	TRUE	1.60000013238459e-08	4.00000033096148e-05
CPD-8605	52405	HMDB	HMDB0126497_8_shen	Laricitrin	inchikey_connectivity_formula_mass	2	FALSE	TRUE	1.60000013238459e-08	4.00000033096148e-05
CPD-8605	52406	HMDB	HMDB0126497_9_shen	Laricitrin	inchikey_connectivity_formula_mass	2	FALSE	TRUE	1.60000013238459e-08	4.00000033096148e-05
CPD-15631	52409	HMDB	HMDB0132454_1_shen	Apigenin 7,4'-dimethyl ether	inchikey	1	TRUE	TRUE	1.89999127542251e-09	4.74997818855627e-06
CPD-15631	52410	HMDB	HMDB0132454_2_shen	Apigenin 7,4'-dimethyl ether	inchikey	1	TRUE	TRUE	1.89999127542251e-09	4.74997818855627e-06
CPD-15631	52411	HMDB	HMDB0132454_3_shen	Apigenin 7,4'-dimethyl ether	inchikey	1	TRUE	TRUE	1.89999127542251e-09	4.74997818855627e-06
CPD-15631	52412	HMDB	HMDB0132454_4_shen	Apigenin 7,4'-dimethyl ether	inchikey	1	TRUE	TRUE	1.89999127542251e-09	4.74997818855627e-06
CPD-15631	52413	HMDB	HMDB0132454_5_shen	Apigenin 7,4'-dimethyl ether	inchikey	1	TRUE	TRUE	1.89999127542251e-09	4.74997818855627e-06
CPD-15631	52414	HMDB	HMDB0132454_6_shen	Apigenin 7,4'-dimethyl ether	inchikey	1	TRUE	TRUE	1.89999127542251e-09	4.74997818855627e-06
CPD-15631	52415	HMDB	HMDB0132454_7_shen	Apigenin 7,4'-dimethyl ether	inchikey	1	TRUE	TRUE	1.89999127542251e-09	4.74997818855627e-06
CPD-15631	52416	HMDB	HMDB0132454_8_shen	Apigenin 7,4'-dimethyl ether	inchikey	1	TRUE	TRUE	1.89999127542251e-09	4.74997818855627e-06
CPD-15631	52417	HMDB	HMDB0132454_9_shen	Apigenin 7,4'-dimethyl ether	inchikey	1	TRUE	TRUE	1.89999127542251e-09	4.74997818855627e-06
CPD-15631	52418	HMDB	HMDB0132454_10_shen	Apigenin 7,4'-dimethyl ether	inchikey	1	TRUE	TRUE	1.89999127542251e-09	4.74997818855627e-06
CPD-15631	52419	HMDB	HMDB0132454_11_shen	Apigenin 7,4'-dimethyl ether	inchikey	1	TRUE	TRUE	1.89999127542251e-09	4.74997818855627e-06
CPD-15631	52420	HMDB	HMDB0132454_12_shen	Apigenin 7,4'-dimethyl ether	inchikey	1	TRUE	TRUE	1.89999127542251e-09	4.74997818855627e-06
CPD-15631	52421	HMDB	HMDB0132454_13_shen	Apigenin 7,4'-dimethyl ether	inchikey	1	TRUE	TRUE	1.89999127542251e-09	4.74997818855627e-06
CPD-15631	52422	HMDB	HMDB0132454_14_shen	Apigenin 7,4'-dimethyl ether	inchikey	1	TRUE	TRUE	1.89999127542251e-09	4.74997818855627e-06
CONIFERYL-ALDEHYDE	52423	HMDB	HMDB0141782_1_shen	Coniferaldehyde	inchikey	1	TRUE	TRUE	1.29998056763725e-09	3.24995141909312e-06
CONIFERYL-ALDEHYDE	52424	HMDB	HMDB0141782_2_shen	Coniferaldehyde	inchikey	1	TRUE	TRUE	1.29998056763725e-09	3.24995141909312e-06
CONIFERYL-ALDEHYDE	52425	HMDB	HMDB0141782_3_shen	Coniferaldehyde	inchikey	1	TRUE	TRUE	1.29998056763725e-09	3.24995141909312e-06
CONIFERYL-ALDEHYDE	52426	HMDB	HMDB0141782_4_shen	Coniferaldehyde	inchikey	1	TRUE	TRUE	1.29998056763725e-09	3.24995141909312e-06
CONIFERYL-ALDEHYDE	52427	HMDB	HMDB0141782_5_shen	Coniferaldehyde	inchikey	1	TRUE	TRUE	1.29998056763725e-09	3.24995141909312e-06
CONIFERYL-ALDEHYDE	52428	HMDB	HMDB0141782_6_shen	Coniferaldehyde	inchikey	1	TRUE	TRUE	1.29998056763725e-09	3.24995141909312e-06
CONIFERYL-ALDEHYDE	52429	HMDB	HMDB0141782_7_shen	Coniferaldehyde	inchikey	1	TRUE	TRUE	1.29998056763725e-09	3.24995141909312e-06
CONIFERYL-ALDEHYDE	52430	HMDB	HMDB0141782_8_shen	Coniferaldehyde	inchikey	1	TRUE	TRUE	1.29998056763725e-09	3.24995141909312e-06
CONIFERYL-ALDEHYDE	52431	HMDB	HMDB0141782_9_shen	Coniferaldehyde	inchikey	1	TRUE	TRUE	1.29998056763725e-09	3.24995141909312e-06
CONIFERYL-ALDEHYDE	52432	HMDB	HMDB0141782_10_shen	Coniferaldehyde	inchikey	1	TRUE	TRUE	1.29998056763725e-09	3.24995141909312e-06
CONIFERYL-ALDEHYDE	52433	HMDB	HMDB0141782_11_shen	Coniferaldehyde	inchikey	1	TRUE	TRUE	1.29998056763725e-09	3.24995141909312e-06
CONIFERYL-ALDEHYDE	52434	HMDB	HMDB0141782_12_shen	Coniferaldehyde	inchikey	1	TRUE	TRUE	1.29998056763725e-09	3.24995141909312e-06
CONIFERYL-ALDEHYDE	52435	HMDB	HMDB0141782_13_shen	Coniferaldehyde	inchikey	1	TRUE	TRUE	1.29998056763725e-09	3.24995141909312e-06
CONIFERYL-ALDEHYDE	52436	HMDB	HMDB0141782_14_shen	Coniferaldehyde	inchikey	1	TRUE	TRUE	1.29998056763725e-09	3.24995141909312e-06
CONIFERYL-ALDEHYDE	52437	HMDB	HMDB0141782_15_shen	Coniferaldehyde	inchikey	1	TRUE	TRUE	1.29998056763725e-09	3.24995141909312e-06
CONIFERYL-ALDEHYDE	52438	HMDB	HMDB0141782_16_shen	Coniferaldehyde	inchikey	1	TRUE	TRUE	1.29998056763725e-09	3.24995141909312e-06
CONIFERYL-ALDEHYDE	52439	HMDB	HMDB0141782_17_shen	Coniferaldehyde	inchikey	1	TRUE	TRUE	1.29998056763725e-09	3.24995141909312e-06
CONIFERYL-ALDEHYDE	52440	HMDB	HMDB0141782_18_shen	Coniferaldehyde	inchikey	1	TRUE	TRUE	1.29998056763725e-09	3.24995141909312e-06
CONIFERYL-ALDEHYDE	52441	HMDB	HMDB0141782_19_shen	Coniferaldehyde	inchikey	1	TRUE	TRUE	1.29998056763725e-09	3.24995141909312e-06
CONIFERYL-ALDEHYDE	52442	HMDB	HMDB0141782_20_shen	Coniferaldehyde	inchikey	1	TRUE	TRUE	1.29998056763725e-09	3.24995141909312e-06
CONIFERYL-ALDEHYDE	52443	HMDB	HMDB0141782_21_shen	Coniferaldehyde	inchikey	1	TRUE	TRUE	1.29998056763725e-09	3.24995141909312e-06
CONIFERYL-ALDEHYDE	52444	HMDB	HMDB0141782_22_shen	Coniferaldehyde	inchikey	1	TRUE	TRUE	1.29998056763725e-09	3.24995141909312e-06
CONIFERYL-ALDEHYDE	52445	HMDB	HMDB0141782_23_shen	Coniferaldehyde	inchikey	1	TRUE	TRUE	1.29998056763725e-09	3.24995141909312e-06
CONIFERYL-ALDEHYDE	52446	HMDB	HMDB0141782_24_shen	Coniferaldehyde	inchikey	1	TRUE	TRUE	1.29998056763725e-09	3.24995141909312e-06
CONIFERYL-ALDEHYDE	52447	HMDB	HMDB0141782_25_shen	Coniferaldehyde	inchikey	1	TRUE	TRUE	1.29998056763725e-09	3.24995141909312e-06
CONIFERYL-ALDEHYDE	52448	HMDB	HMDB0141782_26_shen	Coniferaldehyde	inchikey	1	TRUE	TRUE	1.29998056763725e-09	3.24995141909312e-06
CONIFERYL-ALDEHYDE	52449	HMDB	HMDB0141782_27_shen	Coniferaldehyde	inchikey	1	TRUE	TRUE	1.29998056763725e-09	3.24995141909312e-06
CONIFERYL-ALDEHYDE	52450	HMDB	HMDB0141782_28_shen	Coniferaldehyde	inchikey	1	TRUE	TRUE	1.29998056763725e-09	3.24995141909312e-06
CONIFERYL-ALDEHYDE	52451	HMDB	HMDB0141782_29_shen	Coniferaldehyde	inchikey	1	TRUE	TRUE	1.29998056763725e-09	3.24995141909312e-06
CONIFERYL-ALDEHYDE	52452	HMDB	HMDB0141782_30_shen	Coniferaldehyde	inchikey	1	TRUE	TRUE	1.29998056763725e-09	3.24995141909312e-06
CONIFERYL-ALDEHYDE	52453	HMDB	HMDB0141782_31_shen	Coniferaldehyde	inchikey	1	TRUE	TRUE	1.29998056763725e-09	3.24995141909312e-06
CONIFERYL-ALDEHYDE	52454	HMDB	HMDB0141782_32_shen	Coniferaldehyde	inchikey	1	TRUE	TRUE	1.29998056763725e-09	3.24995141909312e-06
CONIFERYL-ALDEHYDE	52455	HMDB	HMDB0141782_33_shen	Coniferaldehyde	inchikey	1	TRUE	TRUE	1.29998056763725e-09	3.24995141909312e-06
CONIFERYL-ALDEHYDE	52456	HMDB	HMDB0141782_34_shen	Coniferaldehyde	inchikey	1	TRUE	TRUE	1.29998056763725e-09	3.24995141909312e-06
CONIFERYL-ALDEHYDE	52457	HMDB	HMDB0141782_35_shen	Coniferaldehyde	inchikey	1	TRUE	TRUE	1.29998056763725e-09	3.24995141909312e-06
CONIFERYL-ALDEHYDE	52458	HMDB	HMDB0141782_36_shen	Coniferaldehyde	inchikey	1	TRUE	TRUE	1.29998056763725e-09	3.24995141909312e-06
CONIFERYL-ALDEHYDE	52459	HMDB	HMDB0141782_37_shen	Coniferaldehyde	inchikey	1	TRUE	TRUE	1.29998056763725e-09	3.24995141909312e-06
CONIFERYL-ALDEHYDE	52460	HMDB	HMDB0141782_38_shen	Coniferaldehyde	inchikey	1	TRUE	TRUE	1.29998056763725e-09	3.24995141909312e-06
CONIFERYL-ALDEHYDE	52461	HMDB	HMDB0141782_39_shen	Coniferaldehyde	inchikey	1	TRUE	TRUE	1.29998056763725e-09	3.24995141909312e-06
CONIFERYL-ALDEHYDE	52462	HMDB	HMDB0141782_40_shen	Coniferaldehyde	inchikey	1	TRUE	TRUE	1.29998056763725e-09	3.24995141909312e-06
CONIFERYL-ALDEHYDE	52463	HMDB	HMDB0141782_41_shen	Coniferaldehyde	inchikey	1	TRUE	TRUE	1.29998056763725e-09	3.24995141909312e-06
CONIFERYL-ALDEHYDE	52464	HMDB	HMDB0141782_42_shen	Coniferaldehyde	inchikey	1	TRUE	TRUE	1.29998056763725e-09	3.24995141909312e-06
CONIFERYL-ALDEHYDE	52465	HMDB	HMDB0141782_43_shen	Coniferaldehyde	inchikey	1	TRUE	TRUE	1.29998056763725e-09	3.24995141909312e-06
CONIFERYL-ALDEHYDE	52466	HMDB	HMDB0141782_44_shen	Coniferaldehyde	inchikey	1	TRUE	TRUE	1.29998056763725e-09	3.24995141909312e-06
CONIFERYL-ALDEHYDE	52467	HMDB	HMDB0141782_45_shen	Coniferaldehyde	inchikey	1	TRUE	TRUE	1.29998056763725e-09	3.24995141909312e-06
CONIFERYL-ALDEHYDE	52468	HMDB	HMDB0141782_46_shen	Coniferaldehyde	inchikey	1	TRUE	TRUE	1.29998056763725e-09	3.24995141909312e-06
CONIFERYL-ALDEHYDE	52469	HMDB	HMDB0141782_47_shen	Coniferaldehyde	inchikey	1	TRUE	TRUE	1.29998056763725e-09	3.24995141909312e-06
CONIFERYL-ALDEHYDE	52470	HMDB	HMDB0141782_48_shen	Coniferaldehyde	inchikey	1	TRUE	TRUE	1.29998056763725e-09	3.24995141909312e-06
CONIFERYL-ALDEHYDE	52471	HMDB	HMDB0141782_49_shen	Coniferaldehyde	inchikey	1	TRUE	TRUE	1.29998056763725e-09	3.24995141909312e-06
CONIFERYL-ALDEHYDE	52472	HMDB	HMDB0141782_50_shen	Coniferaldehyde	inchikey	1	TRUE	TRUE	1.29998056763725e-09	3.24995141909312e-06
CONIFERYL-ALDEHYDE	52473	HMDB	HMDB0141782_51_shen	Coniferaldehyde	inchikey	1	TRUE	TRUE	1.29998056763725e-09	3.24995141909312e-06
CONIFERYL-ALDEHYDE	52474	HMDB	HMDB0141782_52_shen	Coniferaldehyde	inchikey	1	TRUE	TRUE	1.29998056763725e-09	3.24995141909312e-06
CONIFERYL-ALDEHYDE	52475	HMDB	HMDB0141782_53_shen	Coniferaldehyde	inchikey	1	TRUE	TRUE	1.29998056763725e-09	3.24995141909312e-06
CONIFERYL-ALDEHYDE	52476	HMDB	HMDB0141782_54_shen	Coniferaldehyde	inchikey	1	TRUE	TRUE	1.29998056763725e-09	3.24995141909312e-06
CONIFERYL-ALDEHYDE	52477	HMDB	HMDB0141782_55_shen	Coniferaldehyde	inchikey	1	TRUE	TRUE	1.29998056763725e-09	3.24995141909312e-06
CONIFERYL-ALDEHYDE	52478	HMDB	HMDB0141782_56_shen	Coniferaldehyde	inchikey	1	TRUE	TRUE	1.29998056763725e-09	3.24995141909312e-06
CONIFERYL-ALDEHYDE	52479	HMDB	HMDB0141782_57_shen	Coniferaldehyde	inchikey	1	TRUE	TRUE	1.29998056763725e-09	3.24995141909312e-06
CONIFERYL-ALDEHYDE	52480	HMDB	HMDB0141782_58_shen	Coniferaldehyde	inchikey	1	TRUE	TRUE	1.29998056763725e-09	3.24995141909312e-06
CONIFERYL-ALDEHYDE	52481	HMDB	HMDB0141782_59_shen	Coniferaldehyde	inchikey	1	TRUE	TRUE	1.29998056763725e-09	3.24995141909312e-06
CONIFERYL-ALDEHYDE	52482	HMDB	HMDB0141782_60_shen	Coniferaldehyde	inchikey	1	TRUE	TRUE	1.29998056763725e-09	3.24995141909312e-06
CONIFERYL-ALDEHYDE	52483	HMDB	HMDB0141782_61_shen	Coniferaldehyde	inchikey	1	TRUE	TRUE	1.29998056763725e-09	3.24995141909312e-06
CONIFERYL-ALDEHYDE	52484	HMDB	HMDB0141782_62_shen	Coniferaldehyde	inchikey	1	TRUE	TRUE	1.29998056763725e-09	3.24995141909312e-06
CONIFERYL-ALDEHYDE	52485	HMDB	HMDB0141782_63_shen	Coniferaldehyde	inchikey	1	TRUE	TRUE	1.29998056763725e-09	3.24995141909312e-06
CONIFERYL-ALDEHYDE	52486	HMDB	HMDB0141782_64_shen	Coniferaldehyde	inchikey	1	TRUE	TRUE	1.29998056763725e-09	3.24995141909312e-06
CONIFERYL-ALDEHYDE	52487	HMDB	HMDB0141782_65_shen	Coniferaldehyde	inchikey	1	TRUE	TRUE	1.29998056763725e-09	3.24995141909312e-06
CONIFERYL-ALDEHYDE	52488	HMDB	HMDB0141782_66_shen	Coniferaldehyde	inchikey	1	TRUE	TRUE	1.29998056763725e-09	3.24995141909312e-06
CONIFERYL-ALDEHYDE	52489	HMDB	HMDB0141782_67_shen	Coniferaldehyde	inchikey	1	TRUE	TRUE	1.29998056763725e-09	3.24995141909312e-06
CONIFERYL-ALDEHYDE	52490	HMDB	HMDB0141782_68_shen	Coniferaldehyde	inchikey	1	TRUE	TRUE	1.29998056763725e-09	3.24995141909312e-06
CONIFERYL-ALDEHYDE	52491	HMDB	HMDB0141782_69_shen	Coniferaldehyde	inchikey	1	TRUE	TRUE	1.29998056763725e-09	3.24995141909312e-06
CONIFERYL-ALDEHYDE	52492	HMDB	HMDB0141782_70_shen	Coniferaldehyde	inchikey	1	TRUE	TRUE	1.29998056763725e-09	3.24995141909312e-06
CONIFERYL-ALDEHYDE	52493	HMDB	HMDB0141782_71_shen	Coniferaldehyde	inchikey	1	TRUE	TRUE	1.29998056763725e-09	3.24995141909312e-06
CONIFERYL-ALDEHYDE	52494	HMDB	HMDB0141782_72_shen	Coniferaldehyde	inchikey	1	TRUE	TRUE	1.29998056763725e-09	3.24995141909312e-06
CONIFERYL-ALDEHYDE	52495	HMDB	HMDB0141782_73_shen	Coniferaldehyde	inchikey	1	TRUE	TRUE	1.29998056763725e-09	3.24995141909312e-06
CONIFERYL-ALDEHYDE	52496	HMDB	HMDB0141782_74_shen	Coniferaldehyde	inchikey	1	TRUE	TRUE	1.29998056763725e-09	3.24995141909312e-06
CONIFERYL-ALDEHYDE	52497	HMDB	HMDB0141782_75_shen	Coniferaldehyde	inchikey	1	TRUE	TRUE	1.29998056763725e-09	3.24995141909312e-06
CONIFERYL-ALDEHYDE	52498	HMDB	HMDB0141782_76_shen	Coniferaldehyde	inchikey	1	TRUE	TRUE	1.29998056763725e-09	3.24995141909312e-06
CONIFERYL-ALDEHYDE	52499	HMDB	HMDB0141782_77_shen	Coniferaldehyde	inchikey	1	TRUE	TRUE	1.29998056763725e-09	3.24995141909312e-06
CONIFERYL-ALDEHYDE	52500	HMDB	HMDB0141782_78_shen	Coniferaldehyde	inchikey	1	TRUE	TRUE	1.29998056763725e-09	3.24995141909312e-06
CONIFERYL-ALDEHYDE	52501	HMDB	HMDB0141782_79_shen	Coniferaldehyde	inchikey	1	TRUE	TRUE	1.29998056763725e-09	3.24995141909312e-06
CONIFERYL-ALDEHYDE	52502	HMDB	HMDB0141782_80_shen	Coniferaldehyde	inchikey	1	TRUE	TRUE	1.29998056763725e-09	3.24995141909312e-06
CONIFERYL-ALDEHYDE	52503	HMDB	HMDB0141782_81_shen	Coniferaldehyde	inchikey	1	TRUE	TRUE	1.29998056763725e-09	3.24995141909312e-06
CONIFERYL-ALDEHYDE	52504	HMDB	HMDB0141782_82_shen	Coniferaldehyde	inchikey	1	TRUE	TRUE	1.29998056763725e-09	3.24995141909312e-06
CONIFERYL-ALDEHYDE	52505	HMDB	HMDB0141782_83_shen	Coniferaldehyde	inchikey	1	TRUE	TRUE	1.29998056763725e-09	3.24995141909312e-06
CONIFERYL-ALDEHYDE	52506	HMDB	HMDB0141782_84_shen	Coniferaldehyde	inchikey	1	TRUE	TRUE	1.29998056763725e-09	3.24995141909312e-06
CONIFERYL-ALDEHYDE	52507	HMDB	HMDB0141782_85_shen	Coniferaldehyde	inchikey	1	TRUE	TRUE	1.29998056763725e-09	3.24995141909312e-06
CONIFERYL-ALDEHYDE	52508	HMDB	HMDB0141782_86_shen	Coniferaldehyde	inchikey	1	TRUE	TRUE	1.29998056763725e-09	3.24995141909312e-06
CONIFERYL-ALDEHYDE	52509	HMDB	HMDB0141782_87_shen	Coniferaldehyde	inchikey	1	TRUE	TRUE	1.29998056763725e-09	3.24995141909312e-06
CONIFERYL-ALDEHYDE	52510	HMDB	HMDB0141782_88_shen	Coniferaldehyde	inchikey	1	TRUE	TRUE	1.29998056763725e-09	3.24995141909312e-06
CONIFERYL-ALDEHYDE	52511	HMDB	HMDB0141782_89_shen	Coniferaldehyde	inchikey	1	TRUE	TRUE	1.29998056763725e-09	3.24995141909312e-06
CONIFERYL-ALDEHYDE	52512	HMDB	HMDB0141782_90_shen	Coniferaldehyde	inchikey	1	TRUE	TRUE	1.29998056763725e-09	3.24995141909312e-06
CONIFERYL-ALDEHYDE	52513	HMDB	HMDB0141782_91_shen	Coniferaldehyde	inchikey	1	TRUE	TRUE	1.29998056763725e-09	3.24995141909312e-06
CONIFERYL-ALDEHYDE	52514	HMDB	HMDB0141782_92_shen	Coniferaldehyde	inchikey	1	TRUE	TRUE	1.29998056763725e-09	3.24995141909312e-06
CONIFERYL-ALDEHYDE	52515	HMDB	HMDB0141782_93_shen	Coniferaldehyde	inchikey	1	TRUE	TRUE	1.29998056763725e-09	3.24995141909312e-06
CONIFERYL-ALDEHYDE	52516	HMDB	HMDB0141782_94_shen	Coniferaldehyde	inchikey	1	TRUE	TRUE	1.29998056763725e-09	3.24995141909312e-06
CONIFERYL-ALDEHYDE	52517	HMDB	HMDB0141782_95_shen	Coniferaldehyde	inchikey	1	TRUE	TRUE	1.29998056763725e-09	3.24995141909312e-06
CONIFERYL-ALDEHYDE	52518	HMDB	HMDB0141782_96_shen	Coniferaldehyde	inchikey	1	TRUE	TRUE	1.29998056763725e-09	3.24995141909312e-06
CONIFERYL-ALDEHYDE	52519	HMDB	HMDB0141782_97_shen	Coniferaldehyde	inchikey	1	TRUE	TRUE	1.29998056763725e-09	3.24995141909312e-06
CONIFERYL-ALDEHYDE	52520	HMDB	HMDB0141782_98_shen	Coniferaldehyde	inchikey	1	TRUE	TRUE	1.29998056763725e-09	3.24995141909312e-06
CONIFERYL-ALDEHYDE	52521	HMDB	HMDB0141782_99_shen	Coniferaldehyde	inchikey	1	TRUE	TRUE	1.29998056763725e-09	3.24995141909312e-06
CONIFERYL-ALDEHYDE	52522	HMDB	HMDB0141782_100_shen	Coniferaldehyde	inchikey	1	TRUE	TRUE	1.29998056763725e-09	3.24995141909312e-06
CONIFERYL-ALDEHYDE	52523	HMDB	HMDB0141782_101_shen	Coniferaldehyde	inchikey	1	TRUE	TRUE	1.29998056763725e-09	3.24995141909312e-06
CONIFERYL-ALDEHYDE	52524	HMDB	HMDB0141782_102_shen	Coniferaldehyde	inchikey	1	TRUE	TRUE	1.29998056763725e-09	3.24995141909312e-06
CONIFERYL-ALDEHYDE	52525	HMDB	HMDB0141782_103_shen	Coniferaldehyde	inchikey	1	TRUE	TRUE	1.29998056763725e-09	3.24995141909312e-06
CONIFERYL-ALDEHYDE	52526	HMDB	HMDB0141782_104_shen	Coniferaldehyde	inchikey	1	TRUE	TRUE	1.29998056763725e-09	3.24995141909312e-06
CONIFERYL-ALDEHYDE	52527	HMDB	HMDB0141782_105_shen	Coniferaldehyde	inchikey	1	TRUE	TRUE	1.29998056763725e-09	3.24995141909312e-06
CONIFERYL-ALDEHYDE	52528	HMDB	HMDB0141782_106_shen	Coniferaldehyde	inchikey	1	TRUE	TRUE	1.29998056763725e-09	3.24995141909312e-06
CONIFERYL-ALDEHYDE	52529	HMDB	HMDB0141782_107_shen	Coniferaldehyde	inchikey	1	TRUE	TRUE	1.29998056763725e-09	3.24995141909312e-06
CONIFERYL-ALDEHYDE	52530	HMDB	HMDB0141782_108_shen	Coniferaldehyde	inchikey	1	TRUE	TRUE	1.29998056763725e-09	3.24995141909312e-06
CONIFERYL-ALDEHYDE	52531	HMDB	HMDB0141782_109_shen	Coniferaldehyde	inchikey	1	TRUE	TRUE	1.29998056763725e-09	3.24995141909312e-06
CONIFERYL-ALDEHYDE	52532	HMDB	HMDB0141782_110_shen	Coniferaldehyde	inchikey	1	TRUE	TRUE	1.29998056763725e-09	3.24995141909312e-06
CONIFERYL-ALDEHYDE	52533	HMDB	HMDB0141782_111_shen	Coniferaldehyde	inchikey	1	TRUE	TRUE	1.29998056763725e-09	3.24995141909312e-06
CONIFERYL-ALDEHYDE	52534	HMDB	HMDB0141782_112_shen	Coniferaldehyde	inchikey	1	TRUE	TRUE	1.29998056763725e-09	3.24995141909312e-06
CONIFERYL-ALDEHYDE	52535	HMDB	HMDB0141782_113_shen	Coniferaldehyde	inchikey	1	TRUE	TRUE	1.29998056763725e-09	3.24995141909312e-06
CONIFERYL-ALDEHYDE	52536	HMDB	HMDB0141782_114_shen	Coniferaldehyde	inchikey	1	TRUE	TRUE	1.29998056763725e-09	3.24995141909312e-06
CONIFERYL-ALDEHYDE	52537	HMDB	HMDB0141782_115_shen	Coniferaldehyde	inchikey	1	TRUE	TRUE	1.29998056763725e-09	3.24995141909312e-06
CONIFERYL-ALDEHYDE	52538	HMDB	HMDB0141782_116_shen	Coniferaldehyde	inchikey	1	TRUE	TRUE	1.29998056763725e-09	3.24995141909312e-06
CONIFERYL-ALDEHYDE	52539	HMDB	HMDB0141782_117_shen	Coniferaldehyde	inchikey	1	TRUE	TRUE	1.29998056763725e-09	3.24995141909312e-06
CONIFERYL-ALDEHYDE	52540	HMDB	HMDB0141782_118_shen	Coniferaldehyde	inchikey	1	TRUE	TRUE	1.29998056763725e-09	3.24995141909312e-06
CONIFERYL-ALDEHYDE	52541	HMDB	HMDB0141782_119_shen	Coniferaldehyde	inchikey	1	TRUE	TRUE	1.29998056763725e-09	3.24995141909312e-06
CONIFERYL-ALDEHYDE	52542	HMDB	HMDB0141782_120_shen	Coniferaldehyde	inchikey	1	TRUE	TRUE	1.29998056763725e-09	3.24995141909312e-06
CONIFERYL-ALDEHYDE	52543	HMDB	HMDB0141782_121_shen	Coniferaldehyde	inchikey	1	TRUE	TRUE	1.29998056763725e-09	3.24995141909312e-06
CONIFERYL-ALDEHYDE	52544	HMDB	HMDB0141782_122_shen	Coniferaldehyde	inchikey	1	TRUE	TRUE	1.29998056763725e-09	3.24995141909312e-06
CONIFERYL-ALDEHYDE	52545	HMDB	HMDB0141782_123_shen	Coniferaldehyde	inchikey	1	TRUE	TRUE	1.29998056763725e-09	3.24995141909312e-06
CONIFERYL-ALDEHYDE	52546	HMDB	HMDB0141782_124_shen	Coniferaldehyde	inchikey	1	TRUE	TRUE	1.29998056763725e-09	3.24995141909312e-06
CONIFERYL-ALDEHYDE	52547	HMDB	HMDB0141782_125_shen	Coniferaldehyde	inchikey	1	TRUE	TRUE	1.29998056763725e-09	3.24995141909312e-06
CONIFERYL-ALDEHYDE	52548	HMDB	HMDB0141782_126_shen	Coniferaldehyde	inchikey	1	TRUE	TRUE	1.29998056763725e-09	3.24995141909312e-06
CONIFERYL-ALDEHYDE	52549	HMDB	HMDB0141782_127_shen	Coniferaldehyde	inchikey	1	TRUE	TRUE	1.29998056763725e-09	3.24995141909312e-06
CONIFERYL-ALDEHYDE	52550	HMDB	HMDB0141782_128_shen	Coniferaldehyde	inchikey	1	TRUE	TRUE	1.29998056763725e-09	3.24995141909312e-06
CPD-8059	52553	HMDB	HMDB0240207_1_shen	epi-Inositol	inchikey	1	TRUE	TRUE	1.80000370164635e-09	4.50000925411587e-06
CPD-8059	52554	HMDB	HMDB0240207_2_shen	epi-Inositol	inchikey	1	TRUE	TRUE	1.80000370164635e-09	4.50000925411587e-06
CPD-8059	52555	HMDB	HMDB0240207_3_shen	epi-Inositol	inchikey	1	TRUE	TRUE	1.80000370164635e-09	4.50000925411587e-06
CPD-9247	52572	HMDB	HMDB0240219_1_shen	cis-Vaccenic acid	inchikey_connectivity_formula_mass	2	FALSE	TRUE	3.60000740329269e-09	9.00001850823173e-06
CPD-9247	52573	HMDB	HMDB0240219_2_shen	cis-Vaccenic acid	inchikey_connectivity_formula_mass	2	FALSE	TRUE	3.60000740329269e-09	9.00001850823173e-06
CPD-9247	52574	HMDB	HMDB0240219_3_shen	cis-Vaccenic acid	inchikey_connectivity_formula_mass	2	FALSE	TRUE	3.60000740329269e-09	9.00001850823173e-06
CPD-9247	52575	HMDB	HMDB0240219_4_shen	cis-Vaccenic acid	inchikey_connectivity_formula_mass	2	FALSE	TRUE	3.60000740329269e-09	9.00001850823173e-06
CPD-9247	52576	HMDB	HMDB0240219_5_shen	cis-Vaccenic acid	inchikey_connectivity_formula_mass	2	FALSE	TRUE	3.60000740329269e-09	9.00001850823173e-06
CPD-9247	52577	HMDB	HMDB0240219_6_shen	cis-Vaccenic acid	inchikey_connectivity_formula_mass	2	FALSE	TRUE	3.60000740329269e-09	9.00001850823173e-06
CPD-9247	52578	HMDB	HMDB0240219_7_shen	cis-Vaccenic acid	inchikey_connectivity_formula_mass	2	FALSE	TRUE	3.60000740329269e-09	9.00001850823173e-06
CPD-3746	52679	HMDB	HMDB0240280_1_shen	Mesylate	inchikey_connectivity_formula_mass	2	FALSE	TRUE	6.9999828156142e-10	1.74999570390355e-06
CPD-3746	52680	HMDB	HMDB0240280_2_shen	Mesylate	inchikey_connectivity_formula_mass	2	FALSE	TRUE	6.9999828156142e-10	1.74999570390355e-06
CPD-3746	52681	HMDB	HMDB0240280_3_shen	Mesylate	inchikey_connectivity_formula_mass	2	FALSE	TRUE	6.9999828156142e-10	1.74999570390355e-06
CPD-3746	52682	HMDB	HMDB0240280_4_shen	Mesylate	inchikey_connectivity_formula_mass	2	FALSE	TRUE	6.9999828156142e-10	1.74999570390355e-06
CPD-3746	52683	HMDB	HMDB0240280_5_shen	Mesylate	inchikey_connectivity_formula_mass	2	FALSE	TRUE	6.9999828156142e-10	1.74999570390355e-06
CPD-3746	52684	HMDB	HMDB0240280_6_shen	Mesylate	inchikey_connectivity_formula_mass	2	FALSE	TRUE	6.9999828156142e-10	1.74999570390355e-06
CPD-3746	52685	HMDB	HMDB0240280_7_shen	Mesylate	inchikey_connectivity_formula_mass	2	FALSE	TRUE	6.9999828156142e-10	1.74999570390355e-06
CPD-3746	52686	HMDB	HMDB0240280_8_shen	Mesylate	inchikey_connectivity_formula_mass	2	FALSE	TRUE	6.9999828156142e-10	1.74999570390355e-06
CPD-3746	52687	HMDB	HMDB0240280_9_shen	Mesylate	inchikey_connectivity_formula_mass	2	FALSE	TRUE	6.9999828156142e-10	1.74999570390355e-06
CPD-3746	52688	HMDB	HMDB0240280_10_shen	Mesylate	inchikey_connectivity_formula_mass	2	FALSE	TRUE	6.9999828156142e-10	1.74999570390355e-06
CPD-3746	52689	HMDB	HMDB0240280_11_shen	Mesylate	inchikey_connectivity_formula_mass	2	FALSE	TRUE	6.9999828156142e-10	1.74999570390355e-06
CPD-3746	52690	HMDB	HMDB0240280_12_shen	Mesylate	inchikey_connectivity_formula_mass	2	FALSE	TRUE	6.9999828156142e-10	1.74999570390355e-06
CPD-3746	52691	HMDB	HMDB0240280_13_shen	Mesylate	inchikey_connectivity_formula_mass	2	FALSE	TRUE	6.9999828156142e-10	1.74999570390355e-06
CPD-3746	52692	HMDB	HMDB0240280_14_shen	Mesylate	inchikey_connectivity_formula_mass	2	FALSE	TRUE	6.9999828156142e-10	1.74999570390355e-06
CPD-3746	52693	HMDB	HMDB0240280_15_shen	Mesylate	inchikey_connectivity_formula_mass	2	FALSE	TRUE	6.9999828156142e-10	1.74999570390355e-06
CPD-3746	52694	HMDB	HMDB0240280_16_shen	Mesylate	inchikey_connectivity_formula_mass	2	FALSE	TRUE	6.9999828156142e-10	1.74999570390355e-06
CPD-3746	52695	HMDB	HMDB0240280_17_shen	Mesylate	inchikey_connectivity_formula_mass	2	FALSE	TRUE	6.9999828156142e-10	1.74999570390355e-06
CPD-3746	52696	HMDB	HMDB0240280_18_shen	Mesylate	inchikey_connectivity_formula_mass	2	FALSE	TRUE	6.9999828156142e-10	1.74999570390355e-06
CPD-3746	52697	HMDB	HMDB0240280_19_shen	Mesylate	inchikey_connectivity_formula_mass	2	FALSE	TRUE	6.9999828156142e-10	1.74999570390355e-06
CPD-3746	52698	HMDB	HMDB0240280_20_shen	Mesylate	inchikey_connectivity_formula_mass	2	FALSE	TRUE	6.9999828156142e-10	1.74999570390355e-06
CPD-3746	52699	HMDB	HMDB0240280_21_shen	Mesylate	inchikey_connectivity_formula_mass	2	FALSE	TRUE	6.9999828156142e-10	1.74999570390355e-06
CPD-3746	52700	HMDB	HMDB0240280_22_shen	Mesylate	inchikey_connectivity_formula_mass	2	FALSE	TRUE	6.9999828156142e-10	1.74999570390355e-06
CPD-3746	52701	HMDB	HMDB0240280_23_shen	Mesylate	inchikey_connectivity_formula_mass	2	FALSE	TRUE	6.9999828156142e-10	1.74999570390355e-06
CPD-3746	52702	HMDB	HMDB0240280_24_shen	Mesylate	inchikey_connectivity_formula_mass	2	FALSE	TRUE	6.9999828156142e-10	1.74999570390355e-06
CPD-3746	52703	HMDB	HMDB0240280_25_shen	Mesylate	inchikey_connectivity_formula_mass	2	FALSE	TRUE	6.9999828156142e-10	1.74999570390355e-06
CPD-3746	52704	HMDB	HMDB0240280_26_shen	Mesylate	inchikey_connectivity_formula_mass	2	FALSE	TRUE	6.9999828156142e-10	1.74999570390355e-06
CPD-3746	52705	HMDB	HMDB0240280_27_shen	Mesylate	inchikey_connectivity_formula_mass	2	FALSE	TRUE	6.9999828156142e-10	1.74999570390355e-06
CPD-3746	52706	HMDB	HMDB0240280_28_shen	Mesylate	inchikey_connectivity_formula_mass	2	FALSE	TRUE	6.9999828156142e-10	1.74999570390355e-06
CPD-3746	52707	HMDB	HMDB0240280_29_shen	Mesylate	inchikey_connectivity_formula_mass	2	FALSE	TRUE	6.9999828156142e-10	1.74999570390355e-06
CPD-3746	52708	HMDB	HMDB0240280_30_shen	Mesylate	inchikey_connectivity_formula_mass	2	FALSE	TRUE	6.9999828156142e-10	1.74999570390355e-06
CPD-3746	52709	HMDB	HMDB0240280_31_shen	Mesylate	inchikey_connectivity_formula_mass	2	FALSE	TRUE	6.9999828156142e-10	1.74999570390355e-06
CPD-3746	52710	HMDB	HMDB0240280_32_shen	Mesylate	inchikey_connectivity_formula_mass	2	FALSE	TRUE	6.9999828156142e-10	1.74999570390355e-06
CPD-3746	52711	HMDB	HMDB0240280_33_shen	Mesylate	inchikey_connectivity_formula_mass	2	FALSE	TRUE	6.9999828156142e-10	1.74999570390355e-06
CPD-3746	52712	HMDB	HMDB0240280_34_shen	Mesylate	inchikey_connectivity_formula_mass	2	FALSE	TRUE	6.9999828156142e-10	1.74999570390355e-06
CPD-3746	52713	HMDB	HMDB0240280_35_shen	Mesylate	inchikey_connectivity_formula_mass	2	FALSE	TRUE	6.9999828156142e-10	1.74999570390355e-06
CPD-3746	52714	HMDB	HMDB0240280_36_shen	Mesylate	inchikey_connectivity_formula_mass	2	FALSE	TRUE	6.9999828156142e-10	1.74999570390355e-06
CPD-3746	52715	HMDB	HMDB0240280_37_shen	Mesylate	inchikey_connectivity_formula_mass	2	FALSE	TRUE	6.9999828156142e-10	1.74999570390355e-06
CPD-3746	52716	HMDB	HMDB0240280_38_shen	Mesylate	inchikey_connectivity_formula_mass	2	FALSE	TRUE	6.9999828156142e-10	1.74999570390355e-06
CPD-3746	52717	HMDB	HMDB0240280_39_shen	Mesylate	inchikey_connectivity_formula_mass	2	FALSE	TRUE	6.9999828156142e-10	1.74999570390355e-06
CPD-3746	52718	HMDB	HMDB0240280_40_shen	Mesylate	inchikey_connectivity_formula_mass	2	FALSE	TRUE	6.9999828156142e-10	1.74999570390355e-06
CPD-3746	52719	HMDB	HMDB0240280_41_shen	Mesylate	inchikey_connectivity_formula_mass	2	FALSE	TRUE	6.9999828156142e-10	1.74999570390355e-06
CPD-3746	52720	HMDB	HMDB0240280_42_shen	Mesylate	inchikey_connectivity_formula_mass	2	FALSE	TRUE	6.9999828156142e-10	1.74999570390355e-06
CPD-3746	52721	HMDB	HMDB0240280_43_shen	Mesylate	inchikey_connectivity_formula_mass	2	FALSE	TRUE	6.9999828156142e-10	1.74999570390355e-06
CPD-3746	52722	HMDB	HMDB0240280_44_shen	Mesylate	inchikey_connectivity_formula_mass	2	FALSE	TRUE	6.9999828156142e-10	1.74999570390355e-06
CPD-3746	52723	HMDB	HMDB0240280_45_shen	Mesylate	inchikey_connectivity_formula_mass	2	FALSE	TRUE	6.9999828156142e-10	1.74999570390355e-06
CPD-3746	52724	HMDB	HMDB0240280_46_shen	Mesylate	inchikey_connectivity_formula_mass	2	FALSE	TRUE	6.9999828156142e-10	1.74999570390355e-06
CPD-3746	52725	HMDB	HMDB0240280_47_shen	Mesylate	inchikey_connectivity_formula_mass	2	FALSE	TRUE	6.9999828156142e-10	1.74999570390355e-06
CPD-3746	52726	HMDB	HMDB0240280_48_shen	Mesylate	inchikey_connectivity_formula_mass	2	FALSE	TRUE	6.9999828156142e-10	1.74999570390355e-06
CPD-3746	52727	HMDB	HMDB0240280_49_shen	Mesylate	inchikey_connectivity_formula_mass	2	FALSE	TRUE	6.9999828156142e-10	1.74999570390355e-06
CPD-3746	52728	HMDB	HMDB0240280_50_shen	Mesylate	inchikey_connectivity_formula_mass	2	FALSE	TRUE	6.9999828156142e-10	1.74999570390355e-06
CPD-3746	52729	HMDB	HMDB0240280_51_shen	Mesylate	inchikey_connectivity_formula_mass	2	FALSE	TRUE	6.9999828156142e-10	1.74999570390355e-06
CPD-3746	52730	HMDB	HMDB0240280_52_shen	Mesylate	inchikey_connectivity_formula_mass	2	FALSE	TRUE	6.9999828156142e-10	1.74999570390355e-06
CPD-3746	52731	HMDB	HMDB0240280_53_shen	Mesylate	inchikey_connectivity_formula_mass	2	FALSE	TRUE	6.9999828156142e-10	1.74999570390355e-06
CPD-3746	52732	HMDB	HMDB0240280_54_shen	Mesylate	inchikey_connectivity_formula_mass	2	FALSE	TRUE	6.9999828156142e-10	1.74999570390355e-06
CPD-3746	52733	HMDB	HMDB0240280_55_shen	Mesylate	inchikey_connectivity_formula_mass	2	FALSE	TRUE	6.9999828156142e-10	1.74999570390355e-06
CPD-3746	52734	HMDB	HMDB0240280_56_shen	Mesylate	inchikey_connectivity_formula_mass	2	FALSE	TRUE	6.9999828156142e-10	1.74999570390355e-06
CPD-3746	52735	HMDB	HMDB0240280_57_shen	Mesylate	inchikey_connectivity_formula_mass	2	FALSE	TRUE	6.9999828156142e-10	1.74999570390355e-06
CPD-3746	52736	HMDB	HMDB0240280_58_shen	Mesylate	inchikey_connectivity_formula_mass	2	FALSE	TRUE	6.9999828156142e-10	1.74999570390355e-06
CPD-3746	52737	HMDB	HMDB0240280_59_shen	Mesylate	inchikey_connectivity_formula_mass	2	FALSE	TRUE	6.9999828156142e-10	1.74999570390355e-06
CPD-3746	52738	HMDB	HMDB0240280_60_shen	Mesylate	inchikey_connectivity_formula_mass	2	FALSE	TRUE	6.9999828156142e-10	1.74999570390355e-06
CPD-3746	52739	HMDB	HMDB0240280_61_shen	Mesylate	inchikey_connectivity_formula_mass	2	FALSE	TRUE	6.9999828156142e-10	1.74999570390355e-06
CPD-3746	52740	HMDB	HMDB0240280_62_shen	Mesylate	inchikey_connectivity_formula_mass	2	FALSE	TRUE	6.9999828156142e-10	1.74999570390355e-06
CPD-3746	52741	HMDB	HMDB0240280_63_shen	Mesylate	inchikey_connectivity_formula_mass	2	FALSE	TRUE	6.9999828156142e-10	1.74999570390355e-06
CPD-3746	52742	HMDB	HMDB0240280_64_shen	Mesylate	inchikey_connectivity_formula_mass	2	FALSE	TRUE	6.9999828156142e-10	1.74999570390355e-06
CPD-3746	52743	HMDB	HMDB0240280_65_shen	Mesylate	inchikey_connectivity_formula_mass	2	FALSE	TRUE	6.9999828156142e-10	1.74999570390355e-06
CPD-3746	52744	HMDB	HMDB0240280_66_shen	Mesylate	inchikey_connectivity_formula_mass	2	FALSE	TRUE	6.9999828156142e-10	1.74999570390355e-06
CPD-3746	52745	HMDB	HMDB0240280_67_shen	Mesylate	inchikey_connectivity_formula_mass	2	FALSE	TRUE	6.9999828156142e-10	1.74999570390355e-06
CPD-3711	52765	HMDB	HMDB0240312_1_shen	Cytidine 3'-monophosphate	inchikey_connectivity_formula_mass	2	FALSE	TRUE	8.00014277047012e-10	2.00003569261753e-06
CPD-3711	52766	HMDB	HMDB0240312_2_shen	Cytidine 3'-monophosphate	inchikey_connectivity_formula_mass	2	FALSE	TRUE	8.00014277047012e-10	2.00003569261753e-06
CPD-3711	52767	HMDB	HMDB0240312_3_shen	Cytidine 3'-monophosphate	inchikey_connectivity_formula_mass	2	FALSE	TRUE	8.00014277047012e-10	2.00003569261753e-06
CPD-3711	52768	HMDB	HMDB0240312_4_shen	Cytidine 3'-monophosphate	inchikey_connectivity_formula_mass	2	FALSE	TRUE	8.00014277047012e-10	2.00003569261753e-06
CPD-3711	52769	HMDB	HMDB0240312_5_shen	Cytidine 3'-monophosphate	inchikey_connectivity_formula_mass	2	FALSE	TRUE	8.00014277047012e-10	2.00003569261753e-06
CPD-3711	52770	HMDB	HMDB0240312_6_shen	Cytidine 3'-monophosphate	inchikey_connectivity_formula_mass	2	FALSE	TRUE	8.00014277047012e-10	2.00003569261753e-06
CPD-3711	52771	HMDB	HMDB0240312_7_shen	Cytidine 3'-monophosphate	inchikey_connectivity_formula_mass	2	FALSE	TRUE	8.00014277047012e-10	2.00003569261753e-06
CPD-3711	52772	HMDB	HMDB0240312_8_shen	Cytidine 3'-monophosphate	inchikey_connectivity_formula_mass	2	FALSE	TRUE	8.00014277047012e-10	2.00003569261753e-06
CPD-3711	52773	HMDB	HMDB0240312_9_shen	Cytidine 3'-monophosphate	inchikey_connectivity_formula_mass	2	FALSE	TRUE	8.00014277047012e-10	2.00003569261753e-06
CPD-3711	52774	HMDB	HMDB0240312_10_shen	Cytidine 3'-monophosphate	inchikey_connectivity_formula_mass	2	FALSE	TRUE	8.00014277047012e-10	2.00003569261753e-06
CPD-3711	52775	HMDB	HMDB0240312_11_shen	Cytidine 3'-monophosphate	inchikey_connectivity_formula_mass	2	FALSE	TRUE	8.00014277047012e-10	2.00003569261753e-06
LUTEOLIN-7-O-BETA-D-GLUCURONIDE	52848	HMDB	HMDB0240541_1_shen	Luteolin 7-glucuronide	inchikey_connectivity_formula_mass	2	FALSE	TRUE	3.00002511721686e-09	6.49243907250279e-06
LUTEOLIN-7-O-BETA-D-GLUCURONIDE	52849	HMDB	HMDB0240541_2_shen	Luteolin 7-glucuronide	inchikey_connectivity_formula_mass	2	FALSE	TRUE	3.00002511721686e-09	6.49243907250279e-06
LUTEOLIN-7-O-BETA-D-GLUCURONIDE	52850	HMDB	HMDB0240541_3_shen	Luteolin 7-glucuronide	inchikey_connectivity_formula_mass	2	FALSE	TRUE	3.00002511721686e-09	6.49243907250279e-06
LUTEOLIN-7-O-BETA-D-GLUCURONIDE	52851	HMDB	HMDB0240541_4_shen	Luteolin 7-glucuronide	inchikey_connectivity_formula_mass	2	FALSE	TRUE	3.00002511721686e-09	6.49243907250279e-06
LUTEOLIN-7-O-BETA-D-GLUCURONIDE	52852	HMDB	HMDB0240541_5_shen	Luteolin 7-glucuronide	inchikey_connectivity_formula_mass	2	FALSE	TRUE	3.00002511721686e-09	6.49243907250279e-06
LUTEOLIN-7-O-BETA-D-GLUCURONIDE	52853	HMDB	HMDB0240541_6_shen	Luteolin 7-glucuronide	inchikey_connectivity_formula_mass	2	FALSE	TRUE	3.00002511721686e-09	6.49243907250279e-06
XYLITOL	53066	HMDB	HMDB0242149_1_shen	Xylitol	name_formula_mass	4	TRUE	TRUE	1.70001612787019e-09	4.25004031967546e-06
XYLITOL	53067	HMDB	HMDB0242149_2_shen	Xylitol	name_formula_mass	4	TRUE	TRUE	1.70001612787019e-09	4.25004031967546e-06
XYLITOL	53068	HMDB	HMDB0242149_3_shen	Xylitol	name_formula_mass	4	TRUE	TRUE	1.70001612787019e-09	4.25004031967546e-06
XYLITOL	53069	HMDB	HMDB0242149_4_shen	Xylitol	name_formula_mass	4	TRUE	TRUE	1.70001612787019e-09	4.25004031967546e-06
XYLITOL	53070	HMDB	HMDB0242149_5_shen	Xylitol	name_formula_mass	4	TRUE	TRUE	1.70001612787019e-09	4.25004031967546e-06
XYLITOL	53071	HMDB	HMDB0242149_6_shen	Xylitol	name_formula_mass	4	TRUE	TRUE	1.70001612787019e-09	4.25004031967546e-06
XYLITOL	53072	HMDB	HMDB0242149_7_shen	Xylitol	name_formula_mass	4	TRUE	TRUE	1.70001612787019e-09	4.25004031967546e-06
XYLITOL	53073	HMDB	HMDB0242149_8_shen	Xylitol	name_formula_mass	4	TRUE	TRUE	1.70001612787019e-09	4.25004031967546e-06
XYLITOL	53074	HMDB	HMDB0242149_9_shen	Xylitol	name_formula_mass	4	TRUE	TRUE	1.70001612787019e-09	4.25004031967546e-06
XYLITOL	53075	HMDB	HMDB0242149_10_shen	Xylitol	name_formula_mass	4	TRUE	TRUE	1.70001612787019e-09	4.25004031967546e-06
XYLITOL	53076	HMDB	HMDB0242149_11_shen	Xylitol	name_formula_mass	4	TRUE	TRUE	1.70001612787019e-09	4.25004031967546e-06
XYLITOL	53077	HMDB	HMDB0242149_12_shen	Xylitol	name_formula_mass	4	TRUE	TRUE	1.70001612787019e-09	4.25004031967546e-06
XYLITOL	53078	HMDB	HMDB0242149_13_shen	Xylitol	name_formula_mass	4	TRUE	TRUE	1.70001612787019e-09	4.25004031967546e-06
XYLITOL	53079	HMDB	HMDB0242149_14_shen	Xylitol	name_formula_mass	4	TRUE	TRUE	1.70001612787019e-09	4.25004031967546e-06
DIFLUOROMETHYLORNITHINE	53084	HMDB	HMDB0242197_1_shen	(-)-2-Difluoromethylornithine	inchikey_connectivity_formula_mass	2	FALSE	TRUE	7.98000030499679e-08	0.00019950000762492
DIFLUOROMETHYLORNITHINE	53085	HMDB	HMDB0242197_2_shen	(-)-2-Difluoromethylornithine	inchikey_connectivity_formula_mass	2	FALSE	TRUE	7.98000030499679e-08	0.00019950000762492
DIFLUOROMETHYLORNITHINE	53086	HMDB	HMDB0242197_3_shen	(-)-2-Difluoromethylornithine	inchikey_connectivity_formula_mass	2	FALSE	TRUE	7.98000030499679e-08	0.00019950000762492
DIFLUOROMETHYLORNITHINE	53087	HMDB	HMDB0242197_4_shen	(-)-2-Difluoromethylornithine	inchikey_connectivity_formula_mass	2	FALSE	TRUE	7.98000030499679e-08	0.00019950000762492
DIFLUOROMETHYLORNITHINE	53088	HMDB	HMDB0242197_5_shen	(-)-2-Difluoromethylornithine	inchikey_connectivity_formula_mass	2	FALSE	TRUE	7.98000030499679e-08	0.00019950000762492
ATROPINE	53099	HMDB	HMDB0242263_1_shen	(+)-Hyoscyamine	name_formula_mass	4	FALSE	TRUE	2.79999312624568e-09	6.9999828156142e-06
ATROPINE	53100	HMDB	HMDB0242263_2_shen	(+)-Hyoscyamine	name_formula_mass	4	FALSE	TRUE	2.79999312624568e-09	6.9999828156142e-06
ATROPINE	53101	HMDB	HMDB0242263_3_shen	(+)-Hyoscyamine	name_formula_mass	4	FALSE	TRUE	2.79999312624568e-09	6.9999828156142e-06
ATROPINE	53102	HMDB	HMDB0242263_4_shen	(+)-Hyoscyamine	name_formula_mass	4	FALSE	TRUE	2.79999312624568e-09	6.9999828156142e-06
ATROPINE	53103	HMDB	HMDB0242263_5_shen	(+)-Hyoscyamine	name_formula_mass	4	FALSE	TRUE	2.79999312624568e-09	6.9999828156142e-06
ATROPINE	53104	HMDB	HMDB0242263_6_shen	(+)-Hyoscyamine	name_formula_mass	4	FALSE	TRUE	2.79999312624568e-09	6.9999828156142e-06
ATROPINE	53105	HMDB	HMDB0242263_7_shen	(+)-Hyoscyamine	name_formula_mass	4	FALSE	TRUE	2.79999312624568e-09	6.9999828156142e-06
ATROPINE	53106	HMDB	HMDB0242263_8_shen	(+)-Hyoscyamine	name_formula_mass	4	FALSE	TRUE	2.79999312624568e-09	6.9999828156142e-06
ATROPINE	53107	HMDB	HMDB0242263_9_shen	(+)-Hyoscyamine	name_formula_mass	4	FALSE	TRUE	2.79999312624568e-09	6.9999828156142e-06
ATROPINE	53108	HMDB	HMDB0242263_10_shen	(+)-Hyoscyamine	name_formula_mass	4	FALSE	TRUE	2.79999312624568e-09	6.9999828156142e-06
ATROPINE	53109	HMDB	HMDB0242263_11_shen	(+)-Hyoscyamine	name_formula_mass	4	FALSE	TRUE	2.79999312624568e-09	6.9999828156142e-06
ATROPINE	53110	HMDB	HMDB0242263_12_shen	(+)-Hyoscyamine	name_formula_mass	4	FALSE	TRUE	2.79999312624568e-09	6.9999828156142e-06
ATROPINE	53111	HMDB	HMDB0242263_13_shen	(+)-Hyoscyamine	name_formula_mass	4	FALSE	TRUE	2.79999312624568e-09	6.9999828156142e-06
ATROPINE	53112	HMDB	HMDB0242263_14_shen	(+)-Hyoscyamine	name_formula_mass	4	FALSE	TRUE	2.79999312624568e-09	6.9999828156142e-06
ATROPINE	53113	HMDB	HMDB0242263_15_shen	(+)-Hyoscyamine	name_formula_mass	4	FALSE	TRUE	2.79999312624568e-09	6.9999828156142e-06
ATROPINE	53114	HMDB	HMDB0242263_16_shen	(+)-Hyoscyamine	name_formula_mass	4	FALSE	TRUE	2.79999312624568e-09	6.9999828156142e-06
Dihydroquercetins	53183	HMDB	HMDB0242509_1_shen	(2R)-2-(3,4-Dihydroxyphenyl)-3,5,7-trihydroxy-2,3-dihydrochromen-4-one	name_formula_mass	4	TRUE	TRUE	1.38999780574522e-08	3.47499451436306e-05
CPD-474	53183	HMDB	HMDB0242509_1_shen	(2R)-2-(3,4-Dihydroxyphenyl)-3,5,7-trihydroxy-2,3-dihydrochromen-4-one	name_formula_mass	4	FALSE	TRUE	1.38999780574522e-08	3.47499451436306e-05
Dihydroquercetins	53184	HMDB	HMDB0242509_2_shen	(2R)-2-(3,4-Dihydroxyphenyl)-3,5,7-trihydroxy-2,3-dihydrochromen-4-one	name_formula_mass	4	TRUE	TRUE	1.38999780574522e-08	3.47499451436306e-05
CPD-474	53184	HMDB	HMDB0242509_2_shen	(2R)-2-(3,4-Dihydroxyphenyl)-3,5,7-trihydroxy-2,3-dihydrochromen-4-one	name_formula_mass	4	FALSE	TRUE	1.38999780574522e-08	3.47499451436306e-05
Dihydroquercetins	53185	HMDB	HMDB0242509_3_shen	(2R)-2-(3,4-Dihydroxyphenyl)-3,5,7-trihydroxy-2,3-dihydrochromen-4-one	name_formula_mass	4	TRUE	TRUE	1.38999780574522e-08	3.47499451436306e-05
CPD-474	53185	HMDB	HMDB0242509_3_shen	(2R)-2-(3,4-Dihydroxyphenyl)-3,5,7-trihydroxy-2,3-dihydrochromen-4-one	name_formula_mass	4	FALSE	TRUE	1.38999780574522e-08	3.47499451436306e-05
Dihydroquercetins	53186	HMDB	HMDB0242509_4_shen	(2R)-2-(3,4-Dihydroxyphenyl)-3,5,7-trihydroxy-2,3-dihydrochromen-4-one	name_formula_mass	4	TRUE	TRUE	1.38999780574522e-08	3.47499451436306e-05
CPD-474	53186	HMDB	HMDB0242509_4_shen	(2R)-2-(3,4-Dihydroxyphenyl)-3,5,7-trihydroxy-2,3-dihydrochromen-4-one	name_formula_mass	4	FALSE	TRUE	1.38999780574522e-08	3.47499451436306e-05
Dihydroquercetins	53187	HMDB	HMDB0242509_5_shen	(2R)-2-(3,4-Dihydroxyphenyl)-3,5,7-trihydroxy-2,3-dihydrochromen-4-one	name_formula_mass	4	TRUE	TRUE	1.38999780574522e-08	3.47499451436306e-05
CPD-474	53187	HMDB	HMDB0242509_5_shen	(2R)-2-(3,4-Dihydroxyphenyl)-3,5,7-trihydroxy-2,3-dihydrochromen-4-one	name_formula_mass	4	FALSE	TRUE	1.38999780574522e-08	3.47499451436306e-05
Dihydroquercetins	53188	HMDB	HMDB0242509_6_shen	(2R)-2-(3,4-Dihydroxyphenyl)-3,5,7-trihydroxy-2,3-dihydrochromen-4-one	name_formula_mass	4	TRUE	TRUE	1.38999780574522e-08	3.47499451436306e-05
CPD-474	53188	HMDB	HMDB0242509_6_shen	(2R)-2-(3,4-Dihydroxyphenyl)-3,5,7-trihydroxy-2,3-dihydrochromen-4-one	name_formula_mass	4	FALSE	TRUE	1.38999780574522e-08	3.47499451436306e-05
Dihydroquercetins	53189	HMDB	HMDB0242509_7_shen	(2R)-2-(3,4-Dihydroxyphenyl)-3,5,7-trihydroxy-2,3-dihydrochromen-4-one	name_formula_mass	4	TRUE	TRUE	1.38999780574522e-08	3.47499451436306e-05
CPD-474	53189	HMDB	HMDB0242509_7_shen	(2R)-2-(3,4-Dihydroxyphenyl)-3,5,7-trihydroxy-2,3-dihydrochromen-4-one	name_formula_mass	4	FALSE	TRUE	1.38999780574522e-08	3.47499451436306e-05
Dihydroquercetins	53190	HMDB	HMDB0242509_8_shen	(2R)-2-(3,4-Dihydroxyphenyl)-3,5,7-trihydroxy-2,3-dihydrochromen-4-one	name_formula_mass	4	TRUE	TRUE	1.38999780574522e-08	3.47499451436306e-05
CPD-474	53190	HMDB	HMDB0242509_8_shen	(2R)-2-(3,4-Dihydroxyphenyl)-3,5,7-trihydroxy-2,3-dihydrochromen-4-one	name_formula_mass	4	FALSE	TRUE	1.38999780574522e-08	3.47499451436306e-05
Dihydroquercetins	53191	HMDB	HMDB0242509_9_shen	(2R)-2-(3,4-Dihydroxyphenyl)-3,5,7-trihydroxy-2,3-dihydrochromen-4-one	name_formula_mass	4	TRUE	TRUE	1.38999780574522e-08	3.47499451436306e-05
CPD-474	53191	HMDB	HMDB0242509_9_shen	(2R)-2-(3,4-Dihydroxyphenyl)-3,5,7-trihydroxy-2,3-dihydrochromen-4-one	name_formula_mass	4	FALSE	TRUE	1.38999780574522e-08	3.47499451436306e-05
Dihydroquercetins	53192	HMDB	HMDB0242509_10_shen	(2R)-2-(3,4-Dihydroxyphenyl)-3,5,7-trihydroxy-2,3-dihydrochromen-4-one	name_formula_mass	4	TRUE	TRUE	1.38999780574522e-08	3.47499451436306e-05
CPD-474	53192	HMDB	HMDB0242509_10_shen	(2R)-2-(3,4-Dihydroxyphenyl)-3,5,7-trihydroxy-2,3-dihydrochromen-4-one	name_formula_mass	4	FALSE	TRUE	1.38999780574522e-08	3.47499451436306e-05
Dihydroquercetins	53193	HMDB	HMDB0242509_11_shen	(2R)-2-(3,4-Dihydroxyphenyl)-3,5,7-trihydroxy-2,3-dihydrochromen-4-one	name_formula_mass	4	TRUE	TRUE	1.38999780574522e-08	3.47499451436306e-05
CPD-474	53193	HMDB	HMDB0242509_11_shen	(2R)-2-(3,4-Dihydroxyphenyl)-3,5,7-trihydroxy-2,3-dihydrochromen-4-one	name_formula_mass	4	FALSE	TRUE	1.38999780574522e-08	3.47499451436306e-05
CPD0-1629	53194	HMDB	HMDB0242515_1_shen	Digitonin	name_formula_mass	4	TRUE	TRUE	5.20999492437113e-08	4.24069009681279e-05
CPD0-1629	53195	HMDB	HMDB0242515_2_shen	Digitonin	name_formula_mass	4	TRUE	TRUE	5.20999492437113e-08	4.24069009681279e-05
CPD0-1629	53196	HMDB	HMDB0242515_3_shen	Digitonin	name_formula_mass	4	TRUE	TRUE	5.20999492437113e-08	4.24069009681279e-05
CPD0-1629	53197	HMDB	HMDB0242515_4_shen	Digitonin	name_formula_mass	4	TRUE	TRUE	5.20999492437113e-08	4.24069009681279e-05
CPD0-1629	53198	HMDB	HMDB0242515_5_shen	Digitonin	name_formula_mass	4	TRUE	TRUE	5.20999492437113e-08	4.24069009681279e-05
CPD0-1629	53199	HMDB	HMDB0242515_6_shen	Digitonin	name_formula_mass	4	TRUE	TRUE	5.20999492437113e-08	4.24069009681279e-05
CPD0-1629	53200	HMDB	HMDB0242515_7_shen	Digitonin	name_formula_mass	4	TRUE	TRUE	5.20999492437113e-08	4.24069009681279e-05
CPD0-1629	53201	HMDB	HMDB0242515_8_shen	Digitonin	name_formula_mass	4	TRUE	TRUE	5.20999492437113e-08	4.24069009681279e-05
CPD0-1629	53202	HMDB	HMDB0242515_9_shen	Digitonin	name_formula_mass	4	TRUE	TRUE	5.20999492437113e-08	4.24069009681279e-05
CPD0-1629	53203	HMDB	HMDB0242515_10_shen	Digitonin	name_formula_mass	4	TRUE	TRUE	5.20999492437113e-08	4.24069009681279e-05
CPD0-1629	53204	HMDB	HMDB0242515_11_shen	Digitonin	name_formula_mass	4	TRUE	TRUE	5.20999492437113e-08	4.24069009681279e-05
CPD0-1629	53205	HMDB	HMDB0242515_12_shen	Digitonin	name_formula_mass	4	TRUE	TRUE	5.20999492437113e-08	4.24069009681279e-05
CPD0-1629	53206	HMDB	HMDB0242515_13_shen	Digitonin	name_formula_mass	4	TRUE	TRUE	5.20999492437113e-08	4.24069009681279e-05
CPD0-1629	53207	HMDB	HMDB0242515_14_shen	Digitonin	name_formula_mass	4	TRUE	TRUE	5.20999492437113e-08	4.24069009681279e-05
CPD0-1629	53208	HMDB	HMDB0242515_15_shen	Digitonin	name_formula_mass	4	TRUE	TRUE	5.20999492437113e-08	4.24069009681279e-05
CPD-20332	53224	HMDB	HMDB0242532_1_shen	(2R,6S)-2,6-Diaminoheptanedioic acid	inchikey	1	TRUE	TRUE	9.19999365578406e-09	2.29999841394601e-05
CPD-20332	53225	HMDB	HMDB0242532_2_shen	(2R,6S)-2,6-Diaminoheptanedioic acid	inchikey	1	TRUE	TRUE	9.19999365578406e-09	2.29999841394601e-05
CPD-20332	53226	HMDB	HMDB0242532_3_shen	(2R,6S)-2,6-Diaminoheptanedioic acid	inchikey	1	TRUE	TRUE	9.19999365578406e-09	2.29999841394601e-05
Naringenin	53240	HMDB	HMDB0242579_1_shen	(2R)-5,7-Dihydroxy-2-(4-hydroxyphenyl)-2,3-dihydro-4H-chromen-4-one	name_formula_mass	4	TRUE	TRUE	9.69998836808372e-09	2.42499709202093e-05
Naringenin	53241	HMDB	HMDB0242579_2_shen	(2R)-5,7-Dihydroxy-2-(4-hydroxyphenyl)-2,3-dihydro-4H-chromen-4-one	name_formula_mass	4	TRUE	TRUE	9.69998836808372e-09	2.42499709202093e-05
Naringenin	53242	HMDB	HMDB0242579_3_shen	(2R)-5,7-Dihydroxy-2-(4-hydroxyphenyl)-2,3-dihydro-4H-chromen-4-one	name_formula_mass	4	TRUE	TRUE	9.69998836808372e-09	2.42499709202093e-05
Naringenin	53243	HMDB	HMDB0242579_4_shen	(2R)-5,7-Dihydroxy-2-(4-hydroxyphenyl)-2,3-dihydro-4H-chromen-4-one	name_formula_mass	4	TRUE	TRUE	9.69998836808372e-09	2.42499709202093e-05
Naringenin	53244	HMDB	HMDB0242579_5_shen	(2R)-5,7-Dihydroxy-2-(4-hydroxyphenyl)-2,3-dihydro-4H-chromen-4-one	name_formula_mass	4	TRUE	TRUE	9.69998836808372e-09	2.42499709202093e-05
Naringenin	53245	HMDB	HMDB0242579_6_shen	(2R)-5,7-Dihydroxy-2-(4-hydroxyphenyl)-2,3-dihydro-4H-chromen-4-one	name_formula_mass	4	TRUE	TRUE	9.69998836808372e-09	2.42499709202093e-05
Naringenin	53246	HMDB	HMDB0242579_7_shen	(2R)-5,7-Dihydroxy-2-(4-hydroxyphenyl)-2,3-dihydro-4H-chromen-4-one	name_formula_mass	4	TRUE	TRUE	9.69998836808372e-09	2.42499709202093e-05
Naringenin	53247	HMDB	HMDB0242579_8_shen	(2R)-5,7-Dihydroxy-2-(4-hydroxyphenyl)-2,3-dihydro-4H-chromen-4-one	name_formula_mass	4	TRUE	TRUE	9.69998836808372e-09	2.42499709202093e-05
Naringenin	53248	HMDB	HMDB0242579_9_shen	(2R)-5,7-Dihydroxy-2-(4-hydroxyphenyl)-2,3-dihydro-4H-chromen-4-one	name_formula_mass	4	TRUE	TRUE	9.69998836808372e-09	2.42499709202093e-05
Naringenin	53249	HMDB	HMDB0242579_10_shen	(2R)-5,7-Dihydroxy-2-(4-hydroxyphenyl)-2,3-dihydro-4H-chromen-4-one	name_formula_mass	4	TRUE	TRUE	9.69998836808372e-09	2.42499709202093e-05
Naringenin	53250	HMDB	HMDB0242579_11_shen	(2R)-5,7-Dihydroxy-2-(4-hydroxyphenyl)-2,3-dihydro-4H-chromen-4-one	name_formula_mass	4	TRUE	TRUE	9.69998836808372e-09	2.42499709202093e-05
Naringenin	53251	HMDB	HMDB0242579_12_shen	(2R)-5,7-Dihydroxy-2-(4-hydroxyphenyl)-2,3-dihydro-4H-chromen-4-one	name_formula_mass	4	TRUE	TRUE	9.69998836808372e-09	2.42499709202093e-05
Naringenin	53252	HMDB	HMDB0242579_13_shen	(2R)-5,7-Dihydroxy-2-(4-hydroxyphenyl)-2,3-dihydro-4H-chromen-4-one	name_formula_mass	4	TRUE	TRUE	9.69998836808372e-09	2.42499709202093e-05
Naringenin	53253	HMDB	HMDB0242579_14_shen	(2R)-5,7-Dihydroxy-2-(4-hydroxyphenyl)-2,3-dihydro-4H-chromen-4-one	name_formula_mass	4	TRUE	TRUE	9.69998836808372e-09	2.42499709202093e-05
Naringenin	53254	HMDB	HMDB0242579_15_shen	(2R)-5,7-Dihydroxy-2-(4-hydroxyphenyl)-2,3-dihydro-4H-chromen-4-one	name_formula_mass	4	TRUE	TRUE	9.69998836808372e-09	2.42499709202093e-05
Naringenin	53255	HMDB	HMDB0242579_16_shen	(2R)-5,7-Dihydroxy-2-(4-hydroxyphenyl)-2,3-dihydro-4H-chromen-4-one	name_formula_mass	4	TRUE	TRUE	9.69998836808372e-09	2.42499709202093e-05
Naringenin	53256	HMDB	HMDB0242579_17_shen	(2R)-5,7-Dihydroxy-2-(4-hydroxyphenyl)-2,3-dihydro-4H-chromen-4-one	name_formula_mass	4	TRUE	TRUE	9.69998836808372e-09	2.42499709202093e-05
Naringenin	53257	HMDB	HMDB0242579_18_shen	(2R)-5,7-Dihydroxy-2-(4-hydroxyphenyl)-2,3-dihydro-4H-chromen-4-one	name_formula_mass	4	TRUE	TRUE	9.69998836808372e-09	2.42499709202093e-05
Naringenin	53258	HMDB	HMDB0242579_19_shen	(2R)-5,7-Dihydroxy-2-(4-hydroxyphenyl)-2,3-dihydro-4H-chromen-4-one	name_formula_mass	4	TRUE	TRUE	9.69998836808372e-09	2.42499709202093e-05
Naringenin	53259	HMDB	HMDB0242579_20_shen	(2R)-5,7-Dihydroxy-2-(4-hydroxyphenyl)-2,3-dihydro-4H-chromen-4-one	name_formula_mass	4	TRUE	TRUE	9.69998836808372e-09	2.42499709202093e-05
Naringenin	53260	HMDB	HMDB0242579_21_shen	(2R)-5,7-Dihydroxy-2-(4-hydroxyphenyl)-2,3-dihydro-4H-chromen-4-one	name_formula_mass	4	TRUE	TRUE	9.69998836808372e-09	2.42499709202093e-05
Naringenin	53261	HMDB	HMDB0242579_22_shen	(2R)-5,7-Dihydroxy-2-(4-hydroxyphenyl)-2,3-dihydro-4H-chromen-4-one	name_formula_mass	4	TRUE	TRUE	9.69998836808372e-09	2.42499709202093e-05
Naringenin	53262	HMDB	HMDB0242579_23_shen	(2R)-5,7-Dihydroxy-2-(4-hydroxyphenyl)-2,3-dihydro-4H-chromen-4-one	name_formula_mass	4	TRUE	TRUE	9.69998836808372e-09	2.42499709202093e-05
Naringenin	53263	HMDB	HMDB0242579_24_shen	(2R)-5,7-Dihydroxy-2-(4-hydroxyphenyl)-2,3-dihydro-4H-chromen-4-one	name_formula_mass	4	TRUE	TRUE	9.69998836808372e-09	2.42499709202093e-05
Naringenin	53264	HMDB	HMDB0242579_25_shen	(2R)-5,7-Dihydroxy-2-(4-hydroxyphenyl)-2,3-dihydro-4H-chromen-4-one	name_formula_mass	4	TRUE	TRUE	9.69998836808372e-09	2.42499709202093e-05
Naringenin	53265	HMDB	HMDB0242579_26_shen	(2R)-5,7-Dihydroxy-2-(4-hydroxyphenyl)-2,3-dihydro-4H-chromen-4-one	name_formula_mass	4	TRUE	TRUE	9.69998836808372e-09	2.42499709202093e-05
Naringenin	53266	HMDB	HMDB0242579_27_shen	(2R)-5,7-Dihydroxy-2-(4-hydroxyphenyl)-2,3-dihydro-4H-chromen-4-one	name_formula_mass	4	TRUE	TRUE	9.69998836808372e-09	2.42499709202093e-05
9-HPODE	53267	HMDB	HMDB0242602_1_shen	9-Hpode	name_formula_mass	4	FALSE	TRUE	5.59998625249136e-09	1.39999656312284e-05
9-HPODE	53268	HMDB	HMDB0242602_2_shen	9-Hpode	name_formula_mass	4	FALSE	TRUE	5.59998625249136e-09	1.39999656312284e-05
9-HPODE	53269	HMDB	HMDB0242602_3_shen	9-Hpode	name_formula_mass	4	FALSE	TRUE	5.59998625249136e-09	1.39999656312284e-05
9-HPODE	53270	HMDB	HMDB0242602_4_shen	9-Hpode	name_formula_mass	4	FALSE	TRUE	5.59998625249136e-09	1.39999656312284e-05
9-HPODE	53271	HMDB	HMDB0242602_5_shen	9-Hpode	name_formula_mass	4	FALSE	TRUE	5.59998625249136e-09	1.39999656312284e-05
9-HPODE	53272	HMDB	HMDB0242602_6_shen	9-Hpode	name_formula_mass	4	FALSE	TRUE	5.59998625249136e-09	1.39999656312284e-05
CPD-13612	53290	HMDB	HMDB0242634_shen	(2R,3R)-2-Aminooctadecane-1,3-diol	name_formula_mass	4	FALSE	TRUE	1.30000898934668e-09	3.2500224733667e-06
CPD-693	53380	HMDB	HMDB0243505_1_shen	(-)-Abscisic acid	name_formula_mass	4	FALSE	TRUE	6.40000052953837e-09	1.60000013238459e-05
CPD-693	53381	HMDB	HMDB0243505_2_shen	(-)-Abscisic acid	name_formula_mass	4	FALSE	TRUE	6.40000052953837e-09	1.60000013238459e-05
CPD-693	53382	HMDB	HMDB0243505_3_shen	(-)-Abscisic acid	name_formula_mass	4	FALSE	TRUE	6.40000052953837e-09	1.60000013238459e-05
CPD-9951	53385	HMDB	HMDB0243518_1_shen	(-)-Norephedrine	name_formula_mass	4	FALSE	TRUE	1.60000013238459e-09	4.00000033096148e-06
CPD-9951	53386	HMDB	HMDB0243518_2_shen	(-)-Norephedrine	name_formula_mass	4	FALSE	TRUE	1.60000013238459e-09	4.00000033096148e-06
CPD-9951	53387	HMDB	HMDB0243518_3_shen	(-)-Norephedrine	name_formula_mass	4	FALSE	TRUE	1.60000013238459e-09	4.00000033096148e-06
CPD-9951	53388	HMDB	HMDB0243518_4_shen	(-)-Norephedrine	name_formula_mass	4	FALSE	TRUE	1.60000013238459e-09	4.00000033096148e-06
CPD-9951	53389	HMDB	HMDB0243518_5_shen	(-)-Norephedrine	name_formula_mass	4	FALSE	TRUE	1.60000013238459e-09	4.00000033096148e-06
CPD-9951	53390	HMDB	HMDB0243518_6_shen	(-)-Norephedrine	name_formula_mass	4	FALSE	TRUE	1.60000013238459e-09	4.00000033096148e-06
CPD-9951	53391	HMDB	HMDB0243518_7_shen	(-)-Norephedrine	name_formula_mass	4	FALSE	TRUE	1.60000013238459e-09	4.00000033096148e-06
CPD-9951	53392	HMDB	HMDB0243518_8_shen	(-)-Norephedrine	name_formula_mass	4	FALSE	TRUE	1.60000013238459e-09	4.00000033096148e-06
CPD-9951	53393	HMDB	HMDB0243518_9_shen	(-)-Norephedrine	name_formula_mass	4	FALSE	TRUE	1.60000013238459e-09	4.00000033096148e-06
CPD-9951	53394	HMDB	HMDB0243518_10_shen	(-)-Norephedrine	name_formula_mass	4	FALSE	TRUE	1.60000013238459e-09	4.00000033096148e-06
SCOPOLAMINE	53395	HMDB	HMDB0243522_1_shen	[(1S,2S,4R,5S)-9-Methyl-3-oxa-9-azatricyclo[3.3.1.02,4]nonan-7-yl] (2S)-3-hydroxy-2-phenylpropanoate	name_formula_mass	4	TRUE	TRUE	2.70000555246952e-09	6.7500138811738e-06
SCOPOLAMINE	53396	HMDB	HMDB0243522_2_shen	[(1S,2S,4R,5S)-9-Methyl-3-oxa-9-azatricyclo[3.3.1.02,4]nonan-7-yl] (2S)-3-hydroxy-2-phenylpropanoate	name_formula_mass	4	TRUE	TRUE	2.70000555246952e-09	6.7500138811738e-06
SCOPOLAMINE	53397	HMDB	HMDB0243522_3_shen	[(1S,2S,4R,5S)-9-Methyl-3-oxa-9-azatricyclo[3.3.1.02,4]nonan-7-yl] (2S)-3-hydroxy-2-phenylpropanoate	name_formula_mass	4	TRUE	TRUE	2.70000555246952e-09	6.7500138811738e-06
THF	53496	HMDB	HMDB0243631_1_shen	5,6,7,8-Tetrahydrofolic acid	name_formula_mass	4	FALSE	TRUE	4.29997726314468e-09	9.65915893391216e-06
THF	53497	HMDB	HMDB0243631_2_shen	5,6,7,8-Tetrahydrofolic acid	name_formula_mass	4	FALSE	TRUE	4.29997726314468e-09	9.65915893391216e-06
THF	53498	HMDB	HMDB0243631_3_shen	5,6,7,8-Tetrahydrofolic acid	name_formula_mass	4	FALSE	TRUE	4.29997726314468e-09	9.65915893391216e-06
R-CANADINE	53514	HMDB	HMDB0243674_1_shen	(R)-Canadine	name_formula_mass	4	TRUE	TRUE	7.70000951888505e-09	1.92500237972126e-05
R-CANADINE	53515	HMDB	HMDB0243674_2_shen	(R)-Canadine	name_formula_mass	4	TRUE	TRUE	7.70000951888505e-09	1.92500237972126e-05
R-CANADINE	53516	HMDB	HMDB0243674_3_shen	(R)-Canadine	name_formula_mass	4	TRUE	TRUE	7.70000951888505e-09	1.92500237972126e-05
1-CHLORO-24-DINITROBENZENE	53624	HMDB	HMDB0243844_shen	1-Chloro-2,4-dinitrobenzene	inchikey	1	FALSE	FALSE	4.03130013249998	10078.2503312499
O-PHENANTHROLINE	53732	HMDB	HMDB0244053_1_shen	1,10-Phenanthroline	inchikey	1	TRUE	TRUE	1.20002141557052e-09	3.0000535389263e-06
O-PHENANTHROLINE	53733	HMDB	HMDB0244053_2_shen	1,10-Phenanthroline	inchikey	1	TRUE	TRUE	1.20002141557052e-09	3.0000535389263e-06
O-PHENANTHROLINE	53734	HMDB	HMDB0244053_3_shen	1,10-Phenanthroline	inchikey	1	TRUE	TRUE	1.20002141557052e-09	3.0000535389263e-06
O-PHENANTHROLINE	53735	HMDB	HMDB0244053_4_shen	1,10-Phenanthroline	inchikey	1	TRUE	TRUE	1.20002141557052e-09	3.0000535389263e-06
O-PHENANTHROLINE	53736	HMDB	HMDB0244053_5_shen	1,10-Phenanthroline	inchikey	1	TRUE	TRUE	1.20002141557052e-09	3.0000535389263e-06
O-PHENANTHROLINE	53737	HMDB	HMDB0244053_6_shen	1,10-Phenanthroline	inchikey	1	TRUE	TRUE	1.20002141557052e-09	3.0000535389263e-06
O-PHENANTHROLINE	53738	HMDB	HMDB0244053_7_shen	1,10-Phenanthroline	inchikey	1	TRUE	TRUE	1.20002141557052e-09	3.0000535389263e-06
O-PHENANTHROLINE	53739	HMDB	HMDB0244053_8_shen	1,10-Phenanthroline	inchikey	1	TRUE	TRUE	1.20002141557052e-09	3.0000535389263e-06
O-PHENANTHROLINE	53740	HMDB	HMDB0244053_9_shen	1,10-Phenanthroline	inchikey	1	TRUE	TRUE	1.20002141557052e-09	3.0000535389263e-06
O-PHENANTHROLINE	53741	HMDB	HMDB0244053_10_shen	1,10-Phenanthroline	inchikey	1	TRUE	TRUE	1.20002141557052e-09	3.0000535389263e-06
O-PHENANTHROLINE	53742	HMDB	HMDB0244053_11_shen	1,10-Phenanthroline	inchikey	1	TRUE	TRUE	1.20002141557052e-09	3.0000535389263e-06
O-PHENANTHROLINE	53743	HMDB	HMDB0244053_12_shen	1,10-Phenanthroline	inchikey	1	TRUE	TRUE	1.20002141557052e-09	3.0000535389263e-06
O-PHENANTHROLINE	53744	HMDB	HMDB0244053_13_shen	1,10-Phenanthroline	inchikey	1	TRUE	TRUE	1.20002141557052e-09	3.0000535389263e-06
O-PHENANTHROLINE	53745	HMDB	HMDB0244053_14_shen	1,10-Phenanthroline	inchikey	1	TRUE	TRUE	1.20002141557052e-09	3.0000535389263e-06
O-PHENANTHROLINE	53746	HMDB	HMDB0244053_15_shen	1,10-Phenanthroline	inchikey	1	TRUE	TRUE	1.20002141557052e-09	3.0000535389263e-06
O-PHENANTHROLINE	53747	HMDB	HMDB0244053_16_shen	1,10-Phenanthroline	inchikey	1	TRUE	TRUE	1.20002141557052e-09	3.0000535389263e-06
O-PHENANTHROLINE	53748	HMDB	HMDB0244053_17_shen	1,10-Phenanthroline	inchikey	1	TRUE	TRUE	1.20002141557052e-09	3.0000535389263e-06
O-PHENANTHROLINE	53749	HMDB	HMDB0244053_18_shen	1,10-Phenanthroline	inchikey	1	TRUE	TRUE	1.20002141557052e-09	3.0000535389263e-06
O-PHENANTHROLINE	53750	HMDB	HMDB0244053_19_shen	1,10-Phenanthroline	inchikey	1	TRUE	TRUE	1.20002141557052e-09	3.0000535389263e-06
O-PHENANTHROLINE	53751	HMDB	HMDB0244053_20_shen	1,10-Phenanthroline	inchikey	1	TRUE	TRUE	1.20002141557052e-09	3.0000535389263e-06
O-PHENANTHROLINE	53752	HMDB	HMDB0244053_21_shen	1,10-Phenanthroline	inchikey	1	TRUE	TRUE	1.20002141557052e-09	3.0000535389263e-06
O-PHENANTHROLINE	53753	HMDB	HMDB0244053_22_shen	1,10-Phenanthroline	inchikey	1	TRUE	TRUE	1.20002141557052e-09	3.0000535389263e-06
O-PHENANTHROLINE	53754	HMDB	HMDB0244053_23_shen	1,10-Phenanthroline	inchikey	1	TRUE	TRUE	1.20002141557052e-09	3.0000535389263e-06
O-PHENANTHROLINE	53755	HMDB	HMDB0244053_24_shen	1,10-Phenanthroline	inchikey	1	TRUE	TRUE	1.20002141557052e-09	3.0000535389263e-06
O-PHENANTHROLINE	53756	HMDB	HMDB0244053_25_shen	1,10-Phenanthroline	inchikey	1	TRUE	TRUE	1.20002141557052e-09	3.0000535389263e-06
O-PHENANTHROLINE	53757	HMDB	HMDB0244053_26_shen	1,10-Phenanthroline	inchikey	1	TRUE	TRUE	1.20002141557052e-09	3.0000535389263e-06
O-PHENANTHROLINE	53758	HMDB	HMDB0244053_27_shen	1,10-Phenanthroline	inchikey	1	TRUE	TRUE	1.20002141557052e-09	3.0000535389263e-06
O-PHENANTHROLINE	53759	HMDB	HMDB0244053_28_shen	1,10-Phenanthroline	inchikey	1	TRUE	TRUE	1.20002141557052e-09	3.0000535389263e-06
O-PHENANTHROLINE	53760	HMDB	HMDB0244053_29_shen	1,10-Phenanthroline	inchikey	1	TRUE	TRUE	1.20002141557052e-09	3.0000535389263e-06
O-PHENANTHROLINE	53761	HMDB	HMDB0244053_30_shen	1,10-Phenanthroline	inchikey	1	TRUE	TRUE	1.20002141557052e-09	3.0000535389263e-06
O-PHENANTHROLINE	53762	HMDB	HMDB0244053_31_shen	1,10-Phenanthroline	inchikey	1	TRUE	TRUE	1.20002141557052e-09	3.0000535389263e-06
O-PHENANTHROLINE	53763	HMDB	HMDB0244053_32_shen	1,10-Phenanthroline	inchikey	1	TRUE	TRUE	1.20002141557052e-09	3.0000535389263e-06
O-PHENANTHROLINE	53764	HMDB	HMDB0244053_33_shen	1,10-Phenanthroline	inchikey	1	TRUE	TRUE	1.20002141557052e-09	3.0000535389263e-06
O-PHENANTHROLINE	53765	HMDB	HMDB0244053_34_shen	1,10-Phenanthroline	inchikey	1	TRUE	TRUE	1.20002141557052e-09	3.0000535389263e-06
O-PHENANTHROLINE	53766	HMDB	HMDB0244053_35_shen	1,10-Phenanthroline	inchikey	1	TRUE	TRUE	1.20002141557052e-09	3.0000535389263e-06
O-PHENANTHROLINE	53767	HMDB	HMDB0244053_36_shen	1,10-Phenanthroline	inchikey	1	TRUE	TRUE	1.20002141557052e-09	3.0000535389263e-06
O-PHENANTHROLINE	53768	HMDB	HMDB0244053_37_shen	1,10-Phenanthroline	inchikey	1	TRUE	TRUE	1.20002141557052e-09	3.0000535389263e-06
O-PHENANTHROLINE	53769	HMDB	HMDB0244053_38_shen	1,10-Phenanthroline	inchikey	1	TRUE	TRUE	1.20002141557052e-09	3.0000535389263e-06
O-PHENANTHROLINE	53770	HMDB	HMDB0244053_39_shen	1,10-Phenanthroline	inchikey	1	TRUE	TRUE	1.20002141557052e-09	3.0000535389263e-06
O-PHENANTHROLINE	53771	HMDB	HMDB0244053_40_shen	1,10-Phenanthroline	inchikey	1	TRUE	TRUE	1.20002141557052e-09	3.0000535389263e-06
O-PHENANTHROLINE	53772	HMDB	HMDB0244053_41_shen	1,10-Phenanthroline	inchikey	1	TRUE	TRUE	1.20002141557052e-09	3.0000535389263e-06
O-PHENANTHROLINE	53773	HMDB	HMDB0244053_42_shen	1,10-Phenanthroline	inchikey	1	TRUE	TRUE	1.20002141557052e-09	3.0000535389263e-06
O-PHENANTHROLINE	53774	HMDB	HMDB0244053_43_shen	1,10-Phenanthroline	inchikey	1	TRUE	TRUE	1.20002141557052e-09	3.0000535389263e-06
O-PHENANTHROLINE	53775	HMDB	HMDB0244053_44_shen	1,10-Phenanthroline	inchikey	1	TRUE	TRUE	1.20002141557052e-09	3.0000535389263e-06
O-PHENANTHROLINE	53776	HMDB	HMDB0244053_45_shen	1,10-Phenanthroline	inchikey	1	TRUE	TRUE	1.20002141557052e-09	3.0000535389263e-06
O-PHENANTHROLINE	53777	HMDB	HMDB0244053_46_shen	1,10-Phenanthroline	inchikey	1	TRUE	TRUE	1.20002141557052e-09	3.0000535389263e-06
O-PHENANTHROLINE	53778	HMDB	HMDB0244053_47_shen	1,10-Phenanthroline	inchikey	1	TRUE	TRUE	1.20002141557052e-09	3.0000535389263e-06
O-PHENANTHROLINE	53779	HMDB	HMDB0244053_48_shen	1,10-Phenanthroline	inchikey	1	TRUE	TRUE	1.20002141557052e-09	3.0000535389263e-06
O-PHENANTHROLINE	53780	HMDB	HMDB0244053_49_shen	1,10-Phenanthroline	inchikey	1	TRUE	TRUE	1.20002141557052e-09	3.0000535389263e-06
10-HYDROXYDECANOATE	53816	HMDB	HMDB0244272_1_shen	10-Hydroxydecanoic acid	inchikey_connectivity_formula_mass	2	FALSE	TRUE	4.29997726314468e-09	1.07499431578617e-05
10-HYDROXYDECANOATE	53817	HMDB	HMDB0244272_2_shen	10-Hydroxydecanoic acid	inchikey_connectivity_formula_mass	2	FALSE	TRUE	4.29997726314468e-09	1.07499431578617e-05
10-HYDROXYDECANOATE	53818	HMDB	HMDB0244272_3_shen	10-Hydroxydecanoic acid	inchikey_connectivity_formula_mass	2	FALSE	TRUE	4.29997726314468e-09	1.07499431578617e-05
10-HYDROXYDECANOATE	53819	HMDB	HMDB0244272_4_shen	10-Hydroxydecanoic acid	inchikey_connectivity_formula_mass	2	FALSE	TRUE	4.29997726314468e-09	1.07499431578617e-05
10-HYDROXYDECANOATE	53820	HMDB	HMDB0244272_5_shen	10-Hydroxydecanoic acid	inchikey_connectivity_formula_mass	2	FALSE	TRUE	4.29997726314468e-09	1.07499431578617e-05
10-HYDROXYDECANOATE	53821	HMDB	HMDB0244272_6_shen	10-Hydroxydecanoic acid	inchikey_connectivity_formula_mass	2	FALSE	TRUE	4.29997726314468e-09	1.07499431578617e-05
10-HYDROXYDECANOATE	53822	HMDB	HMDB0244272_7_shen	10-Hydroxydecanoic acid	inchikey_connectivity_formula_mass	2	FALSE	TRUE	4.29997726314468e-09	1.07499431578617e-05
7-8-Dihydroneopterins	53879	HMDB	HMDB0244465_1_shen	2-Amino-6-[(1R,2S)-1,2,3-trihydroxypropyl]-7,8-dihydro-3H-pteridin-4-one	inchikey	1	TRUE	TRUE	2.70000555246952e-09	6.7500138811738e-06
7-8-Dihydroneopterins	53880	HMDB	HMDB0244465_2_shen	2-Amino-6-[(1R,2S)-1,2,3-trihydroxypropyl]-7,8-dihydro-3H-pteridin-4-one	inchikey	1	TRUE	TRUE	2.70000555246952e-09	6.7500138811738e-06
7-8-Dihydroneopterins	53881	HMDB	HMDB0244465_3_shen	2-Amino-6-[(1R,2S)-1,2,3-trihydroxypropyl]-7,8-dihydro-3H-pteridin-4-one	inchikey	1	TRUE	TRUE	2.70000555246952e-09	6.7500138811738e-06
7-8-Dihydroneopterins	53882	HMDB	HMDB0244465_4_shen	2-Amino-6-[(1R,2S)-1,2,3-trihydroxypropyl]-7,8-dihydro-3H-pteridin-4-one	inchikey	1	TRUE	TRUE	2.70000555246952e-09	6.7500138811738e-06
7-8-Dihydroneopterins	53883	HMDB	HMDB0244465_5_shen	2-Amino-6-[(1R,2S)-1,2,3-trihydroxypropyl]-7,8-dihydro-3H-pteridin-4-one	inchikey	1	TRUE	TRUE	2.70000555246952e-09	6.7500138811738e-06
7-8-Dihydroneopterins	53884	HMDB	HMDB0244465_6_shen	2-Amino-6-[(1R,2S)-1,2,3-trihydroxypropyl]-7,8-dihydro-3H-pteridin-4-one	inchikey	1	TRUE	TRUE	2.70000555246952e-09	6.7500138811738e-06
7-8-Dihydroneopterins	53885	HMDB	HMDB0244465_7_shen	2-Amino-6-[(1R,2S)-1,2,3-trihydroxypropyl]-7,8-dihydro-3H-pteridin-4-one	inchikey	1	TRUE	TRUE	2.70000555246952e-09	6.7500138811738e-06
7-8-Dihydroneopterins	53886	HMDB	HMDB0244465_8_shen	2-Amino-6-[(1R,2S)-1,2,3-trihydroxypropyl]-7,8-dihydro-3H-pteridin-4-one	inchikey	1	TRUE	TRUE	2.70000555246952e-09	6.7500138811738e-06
7-8-Dihydroneopterins	53887	HMDB	HMDB0244465_9_shen	2-Amino-6-[(1R,2S)-1,2,3-trihydroxypropyl]-7,8-dihydro-3H-pteridin-4-one	inchikey	1	TRUE	TRUE	2.70000555246952e-09	6.7500138811738e-06
7-8-Dihydroneopterins	53888	HMDB	HMDB0244465_10_shen	2-Amino-6-[(1R,2S)-1,2,3-trihydroxypropyl]-7,8-dihydro-3H-pteridin-4-one	inchikey	1	TRUE	TRUE	2.70000555246952e-09	6.7500138811738e-06
7-8-Dihydroneopterins	53889	HMDB	HMDB0244465_11_shen	2-Amino-6-[(1R,2S)-1,2,3-trihydroxypropyl]-7,8-dihydro-3H-pteridin-4-one	inchikey	1	TRUE	TRUE	2.70000555246952e-09	6.7500138811738e-06
7-8-Dihydroneopterins	53890	HMDB	HMDB0244465_12_shen	2-Amino-6-[(1R,2S)-1,2,3-trihydroxypropyl]-7,8-dihydro-3H-pteridin-4-one	inchikey	1	TRUE	TRUE	2.70000555246952e-09	6.7500138811738e-06
7-8-Dihydroneopterins	53891	HMDB	HMDB0244465_13_shen	2-Amino-6-[(1R,2S)-1,2,3-trihydroxypropyl]-7,8-dihydro-3H-pteridin-4-one	inchikey	1	TRUE	TRUE	2.70000555246952e-09	6.7500138811738e-06
7-8-Dihydroneopterins	53892	HMDB	HMDB0244465_14_shen	2-Amino-6-[(1R,2S)-1,2,3-trihydroxypropyl]-7,8-dihydro-3H-pteridin-4-one	inchikey	1	TRUE	TRUE	2.70000555246952e-09	6.7500138811738e-06
7-8-Dihydroneopterins	53893	HMDB	HMDB0244465_15_shen	2-Amino-6-[(1R,2S)-1,2,3-trihydroxypropyl]-7,8-dihydro-3H-pteridin-4-one	inchikey	1	TRUE	TRUE	2.70000555246952e-09	6.7500138811738e-06
7-8-Dihydroneopterins	53894	HMDB	HMDB0244465_16_shen	2-Amino-6-[(1R,2S)-1,2,3-trihydroxypropyl]-7,8-dihydro-3H-pteridin-4-one	inchikey	1	TRUE	TRUE	2.70000555246952e-09	6.7500138811738e-06
7-8-Dihydroneopterins	53895	HMDB	HMDB0244465_17_shen	2-Amino-6-[(1R,2S)-1,2,3-trihydroxypropyl]-7,8-dihydro-3H-pteridin-4-one	inchikey	1	TRUE	TRUE	2.70000555246952e-09	6.7500138811738e-06
7-8-Dihydroneopterins	53896	HMDB	HMDB0244465_18_shen	2-Amino-6-[(1R,2S)-1,2,3-trihydroxypropyl]-7,8-dihydro-3H-pteridin-4-one	inchikey	1	TRUE	TRUE	2.70000555246952e-09	6.7500138811738e-06
7-8-Dihydroneopterins	53897	HMDB	HMDB0244465_19_shen	2-Amino-6-[(1R,2S)-1,2,3-trihydroxypropyl]-7,8-dihydro-3H-pteridin-4-one	inchikey	1	TRUE	TRUE	2.70000555246952e-09	6.7500138811738e-06
7-8-Dihydroneopterins	53898	HMDB	HMDB0244465_20_shen	2-Amino-6-[(1R,2S)-1,2,3-trihydroxypropyl]-7,8-dihydro-3H-pteridin-4-one	inchikey	1	TRUE	TRUE	2.70000555246952e-09	6.7500138811738e-06
7-8-Dihydroneopterins	53899	HMDB	HMDB0244465_21_shen	2-Amino-6-[(1R,2S)-1,2,3-trihydroxypropyl]-7,8-dihydro-3H-pteridin-4-one	inchikey	1	TRUE	TRUE	2.70000555246952e-09	6.7500138811738e-06
7-8-Dihydroneopterins	53900	HMDB	HMDB0244465_22_shen	2-Amino-6-[(1R,2S)-1,2,3-trihydroxypropyl]-7,8-dihydro-3H-pteridin-4-one	inchikey	1	TRUE	TRUE	2.70000555246952e-09	6.7500138811738e-06
7-8-Dihydroneopterins	53901	HMDB	HMDB0244465_23_shen	2-Amino-6-[(1R,2S)-1,2,3-trihydroxypropyl]-7,8-dihydro-3H-pteridin-4-one	inchikey	1	TRUE	TRUE	2.70000555246952e-09	6.7500138811738e-06
7-8-Dihydroneopterins	53902	HMDB	HMDB0244465_24_shen	2-Amino-6-[(1R,2S)-1,2,3-trihydroxypropyl]-7,8-dihydro-3H-pteridin-4-one	inchikey	1	TRUE	TRUE	2.70000555246952e-09	6.7500138811738e-06
7-8-Dihydroneopterins	53903	HMDB	HMDB0244465_25_shen	2-Amino-6-[(1R,2S)-1,2,3-trihydroxypropyl]-7,8-dihydro-3H-pteridin-4-one	inchikey	1	TRUE	TRUE	2.70000555246952e-09	6.7500138811738e-06
7-8-Dihydroneopterins	53904	HMDB	HMDB0244465_26_shen	2-Amino-6-[(1R,2S)-1,2,3-trihydroxypropyl]-7,8-dihydro-3H-pteridin-4-one	inchikey	1	TRUE	TRUE	2.70000555246952e-09	6.7500138811738e-06
7-8-Dihydroneopterins	53905	HMDB	HMDB0244465_27_shen	2-Amino-6-[(1R,2S)-1,2,3-trihydroxypropyl]-7,8-dihydro-3H-pteridin-4-one	inchikey	1	TRUE	TRUE	2.70000555246952e-09	6.7500138811738e-06
7-8-Dihydroneopterins	53906	HMDB	HMDB0244465_28_shen	2-Amino-6-[(1R,2S)-1,2,3-trihydroxypropyl]-7,8-dihydro-3H-pteridin-4-one	inchikey	1	TRUE	TRUE	2.70000555246952e-09	6.7500138811738e-06
7-8-Dihydroneopterins	53907	HMDB	HMDB0244465_29_shen	2-Amino-6-[(1R,2S)-1,2,3-trihydroxypropyl]-7,8-dihydro-3H-pteridin-4-one	inchikey	1	TRUE	TRUE	2.70000555246952e-09	6.7500138811738e-06
7-8-Dihydroneopterins	53908	HMDB	HMDB0244465_30_shen	2-Amino-6-[(1R,2S)-1,2,3-trihydroxypropyl]-7,8-dihydro-3H-pteridin-4-one	inchikey	1	TRUE	TRUE	2.70000555246952e-09	6.7500138811738e-06
7-8-Dihydroneopterins	53909	HMDB	HMDB0244465_31_shen	2-Amino-6-[(1R,2S)-1,2,3-trihydroxypropyl]-7,8-dihydro-3H-pteridin-4-one	inchikey	1	TRUE	TRUE	2.70000555246952e-09	6.7500138811738e-06
CPD-14483	54049	HMDB	HMDB0244828_1_shen	18a-Glycyrrhetinic acid	name_formula_mass	4	FALSE	TRUE	4.0000145418162e-09	8.50452408657195e-06
CPD-14483	54050	HMDB	HMDB0244828_2_shen	18a-Glycyrrhetinic acid	name_formula_mass	4	FALSE	TRUE	4.0000145418162e-09	8.50452408657195e-06
CPD-14483	54051	HMDB	HMDB0244828_3_shen	18a-Glycyrrhetinic acid	name_formula_mass	4	FALSE	TRUE	4.0000145418162e-09	8.50452408657195e-06
CPD-14483	54052	HMDB	HMDB0244828_4_shen	18a-Glycyrrhetinic acid	name_formula_mass	4	FALSE	TRUE	4.0000145418162e-09	8.50452408657195e-06
CPD-14483	54053	HMDB	HMDB0244828_5_shen	18a-Glycyrrhetinic acid	name_formula_mass	4	FALSE	TRUE	4.0000145418162e-09	8.50452408657195e-06
CPD-25877	54054	HMDB	HMDB0244840_1_shen	2H-Pyran-2-one, tetrahydro-4-hydroxy-4-methyl-, (R)-	name_formula_mass	4	TRUE	TRUE	5.29999510945345e-09	1.32499877736336e-05
CPD-25877	54055	HMDB	HMDB0244840_2_shen	2H-Pyran-2-one, tetrahydro-4-hydroxy-4-methyl-, (R)-	name_formula_mass	4	TRUE	TRUE	5.29999510945345e-09	1.32499877736336e-05
CPD-25877	54056	HMDB	HMDB0244840_3_shen	2H-Pyran-2-one, tetrahydro-4-hydroxy-4-methyl-, (R)-	name_formula_mass	4	TRUE	TRUE	5.29999510945345e-09	1.32499877736336e-05
CPD-25877	54057	HMDB	HMDB0244840_4_shen	2H-Pyran-2-one, tetrahydro-4-hydroxy-4-methyl-, (R)-	name_formula_mass	4	TRUE	TRUE	5.29999510945345e-09	1.32499877736336e-05
CPD-25877	54058	HMDB	HMDB0244840_5_shen	2H-Pyran-2-one, tetrahydro-4-hydroxy-4-methyl-, (R)-	name_formula_mass	4	TRUE	TRUE	5.29999510945345e-09	1.32499877736336e-05
2-Aminobutyrate	54238	HMDB	HMDB0245013_1_shen	alpha-Aminobutyric acid	inchikey	1	TRUE	TRUE	1.29999477849196e-09	3.24998694622991e-06
2-Aminobutyrate	54239	HMDB	HMDB0245013_2_shen	alpha-Aminobutyric acid	inchikey	1	TRUE	TRUE	1.29999477849196e-09	3.24998694622991e-06
2-Aminobutyrate	54240	HMDB	HMDB0245013_3_shen	alpha-Aminobutyric acid	inchikey	1	TRUE	TRUE	1.29999477849196e-09	3.24998694622991e-06
2-Aminobutyrate	54241	HMDB	HMDB0245013_4_shen	alpha-Aminobutyric acid	inchikey	1	TRUE	TRUE	1.29999477849196e-09	3.24998694622991e-06
2-Aminobutyrate	54242	HMDB	HMDB0245013_5_shen	alpha-Aminobutyric acid	inchikey	1	TRUE	TRUE	1.29999477849196e-09	3.24998694622991e-06
2-Aminobutyrate	54243	HMDB	HMDB0245013_6_shen	alpha-Aminobutyric acid	inchikey	1	TRUE	TRUE	1.29999477849196e-09	3.24998694622991e-06
2-Aminobutyrate	54244	HMDB	HMDB0245013_7_shen	alpha-Aminobutyric acid	inchikey	1	TRUE	TRUE	1.29999477849196e-09	3.24998694622991e-06
2-Aminobutyrate	54245	HMDB	HMDB0245013_8_shen	alpha-Aminobutyric acid	inchikey	1	TRUE	TRUE	1.29999477849196e-09	3.24998694622991e-06
2-Aminobutyrate	54246	HMDB	HMDB0245013_9_shen	alpha-Aminobutyric acid	inchikey	1	TRUE	TRUE	1.29999477849196e-09	3.24998694622991e-06
2-Aminobutyrate	54247	HMDB	HMDB0245013_10_shen	alpha-Aminobutyric acid	inchikey	1	TRUE	TRUE	1.29999477849196e-09	3.24998694622991e-06
CPD-8819	54471	HMDB	HMDB0245352_1_shen	2,2'-Bipyridine	inchikey	1	TRUE	TRUE	1.20002141557052e-09	3.0000535389263e-06
CPD-8819	54472	HMDB	HMDB0245352_2_shen	2,2'-Bipyridine	inchikey	1	TRUE	TRUE	1.20002141557052e-09	3.0000535389263e-06
CPD-9138	54551	HMDB	HMDB0245483_shen	2,4,6-Trinitrotoluene	inchikey	1	TRUE	TRUE	6.0469501943	15117.37548575
5-HYDROXY-L-LYSINE	54559	HMDB	HMDB0245508_1_shen	2,6-Diamino-5-hydroxyhexanoic acid	name_formula_mass	4	FALSE	TRUE	2.09999484468426e-09	5.24998711171065e-06
5-HYDROXY-L-LYSINE	54560	HMDB	HMDB0245508_2_shen	2,6-Diamino-5-hydroxyhexanoic acid	name_formula_mass	4	FALSE	TRUE	2.09999484468426e-09	5.24998711171065e-06
5-HYDROXY-L-LYSINE	54561	HMDB	HMDB0245508_3_shen	2,6-Diamino-5-hydroxyhexanoic acid	name_formula_mass	4	FALSE	TRUE	2.09999484468426e-09	5.24998711171065e-06
5-HYDROXY-L-LYSINE	54562	HMDB	HMDB0245508_4_shen	2,6-Diamino-5-hydroxyhexanoic acid	name_formula_mass	4	FALSE	TRUE	2.09999484468426e-09	5.24998711171065e-06
5-HYDROXY-L-LYSINE	54563	HMDB	HMDB0245508_5_shen	2,6-Diamino-5-hydroxyhexanoic acid	name_formula_mass	4	FALSE	TRUE	2.09999484468426e-09	5.24998711171065e-06
5-HYDROXY-L-LYSINE	54564	HMDB	HMDB0245508_6_shen	2,6-Diamino-5-hydroxyhexanoic acid	name_formula_mass	4	FALSE	TRUE	2.09999484468426e-09	5.24998711171065e-06
5-HYDROXY-L-LYSINE	54565	HMDB	HMDB0245508_7_shen	2,6-Diamino-5-hydroxyhexanoic acid	name_formula_mass	4	FALSE	TRUE	2.09999484468426e-09	5.24998711171065e-06
5-HYDROXY-L-LYSINE	54566	HMDB	HMDB0245508_8_shen	2,6-Diamino-5-hydroxyhexanoic acid	name_formula_mass	4	FALSE	TRUE	2.09999484468426e-09	5.24998711171065e-06
5-HYDROXY-L-LYSINE	54567	HMDB	HMDB0245508_9_shen	2,6-Diamino-5-hydroxyhexanoic acid	name_formula_mass	4	FALSE	TRUE	2.09999484468426e-09	5.24998711171065e-06
5-HYDROXY-L-LYSINE	54568	HMDB	HMDB0245508_10_shen	2,6-Diamino-5-hydroxyhexanoic acid	name_formula_mass	4	FALSE	TRUE	2.09999484468426e-09	5.24998711171065e-06
5-HYDROXY-L-LYSINE	54569	HMDB	HMDB0245508_11_shen	2,6-Diamino-5-hydroxyhexanoic acid	name_formula_mass	4	FALSE	TRUE	2.09999484468426e-09	5.24998711171065e-06
5-HYDROXY-L-LYSINE	54570	HMDB	HMDB0245508_12_shen	2,6-Diamino-5-hydroxyhexanoic acid	name_formula_mass	4	FALSE	TRUE	2.09999484468426e-09	5.24998711171065e-06
5-HYDROXY-L-LYSINE	54571	HMDB	HMDB0245508_13_shen	2,6-Diamino-5-hydroxyhexanoic acid	name_formula_mass	4	FALSE	TRUE	2.09999484468426e-09	5.24998711171065e-06
5-HYDROXY-L-LYSINE	54572	HMDB	HMDB0245508_14_shen	2,6-Diamino-5-hydroxyhexanoic acid	name_formula_mass	4	FALSE	TRUE	2.09999484468426e-09	5.24998711171065e-06
5-HYDROXY-L-LYSINE	54573	HMDB	HMDB0245508_15_shen	2,6-Diamino-5-hydroxyhexanoic acid	name_formula_mass	4	FALSE	TRUE	2.09999484468426e-09	5.24998711171065e-06
5-HYDROXY-L-LYSINE	54574	HMDB	HMDB0245508_16_shen	2,6-Diamino-5-hydroxyhexanoic acid	name_formula_mass	4	FALSE	TRUE	2.09999484468426e-09	5.24998711171065e-06
5-HYDROXY-L-LYSINE	54575	HMDB	HMDB0245508_17_shen	2,6-Diamino-5-hydroxyhexanoic acid	name_formula_mass	4	FALSE	TRUE	2.09999484468426e-09	5.24998711171065e-06
CPD-4209	54629	HMDB	HMDB0245646_1_shen	N-(3-Methylbut-2-EN-1-YL)-9H-purin-6-amine	inchikey	1	TRUE	TRUE	2.29999841394601e-09	5.74999603486503e-06
CPD-4209	54630	HMDB	HMDB0245646_2_shen	N-(3-Methylbut-2-EN-1-YL)-9H-purin-6-amine	inchikey	1	TRUE	TRUE	2.29999841394601e-09	5.74999603486503e-06
CPD-4209	54631	HMDB	HMDB0245646_3_shen	N-(3-Methylbut-2-EN-1-YL)-9H-purin-6-amine	inchikey	1	TRUE	TRUE	2.29999841394601e-09	5.74999603486503e-06
CPD-4209	54632	HMDB	HMDB0245646_4_shen	N-(3-Methylbut-2-EN-1-YL)-9H-purin-6-amine	inchikey	1	TRUE	TRUE	2.29999841394601e-09	5.74999603486503e-06
CPD-4209	54633	HMDB	HMDB0245646_5_shen	N-(3-Methylbut-2-EN-1-YL)-9H-purin-6-amine	inchikey	1	TRUE	TRUE	2.29999841394601e-09	5.74999603486503e-06
CPD-4209	54634	HMDB	HMDB0245646_6_shen	N-(3-Methylbut-2-EN-1-YL)-9H-purin-6-amine	inchikey	1	TRUE	TRUE	2.29999841394601e-09	5.74999603486503e-06
CPD-4209	54635	HMDB	HMDB0245646_7_shen	N-(3-Methylbut-2-EN-1-YL)-9H-purin-6-amine	inchikey	1	TRUE	TRUE	2.29999841394601e-09	5.74999603486503e-06
CPD-4209	54636	HMDB	HMDB0245646_8_shen	N-(3-Methylbut-2-EN-1-YL)-9H-purin-6-amine	inchikey	1	TRUE	TRUE	2.29999841394601e-09	5.74999603486503e-06
CPD-4209	54637	HMDB	HMDB0245646_9_shen	N-(3-Methylbut-2-EN-1-YL)-9H-purin-6-amine	inchikey	1	TRUE	TRUE	2.29999841394601e-09	5.74999603486503e-06
CPD-4209	54638	HMDB	HMDB0245646_10_shen	N-(3-Methylbut-2-EN-1-YL)-9H-purin-6-amine	inchikey	1	TRUE	TRUE	2.29999841394601e-09	5.74999603486503e-06
CPD-4209	54639	HMDB	HMDB0245646_11_shen	N-(3-Methylbut-2-EN-1-YL)-9H-purin-6-amine	inchikey	1	TRUE	TRUE	2.29999841394601e-09	5.74999603486503e-06
CPD-4209	54640	HMDB	HMDB0245646_12_shen	N-(3-Methylbut-2-EN-1-YL)-9H-purin-6-amine	inchikey	1	TRUE	TRUE	2.29999841394601e-09	5.74999603486503e-06
CPD-4209	54641	HMDB	HMDB0245646_13_shen	N-(3-Methylbut-2-EN-1-YL)-9H-purin-6-amine	inchikey	1	TRUE	TRUE	2.29999841394601e-09	5.74999603486503e-06
CPD-4209	54642	HMDB	HMDB0245646_14_shen	N-(3-Methylbut-2-EN-1-YL)-9H-purin-6-amine	inchikey	1	TRUE	TRUE	2.29999841394601e-09	5.74999603486503e-06
CPD-4209	54643	HMDB	HMDB0245646_15_shen	N-(3-Methylbut-2-EN-1-YL)-9H-purin-6-amine	inchikey	1	TRUE	TRUE	2.29999841394601e-09	5.74999603486503e-06
CPD-4209	54644	HMDB	HMDB0245646_16_shen	N-(3-Methylbut-2-EN-1-YL)-9H-purin-6-amine	inchikey	1	TRUE	TRUE	2.29999841394601e-09	5.74999603486503e-06
CPD-4209	54645	HMDB	HMDB0245646_17_shen	N-(3-Methylbut-2-EN-1-YL)-9H-purin-6-amine	inchikey	1	TRUE	TRUE	2.29999841394601e-09	5.74999603486503e-06
CPD-4209	54646	HMDB	HMDB0245646_18_shen	N-(3-Methylbut-2-EN-1-YL)-9H-purin-6-amine	inchikey	1	TRUE	TRUE	2.29999841394601e-09	5.74999603486503e-06
CPD-4209	54647	HMDB	HMDB0245646_19_shen	N-(3-Methylbut-2-EN-1-YL)-9H-purin-6-amine	inchikey	1	TRUE	TRUE	2.29999841394601e-09	5.74999603486503e-06
CPD-4209	54648	HMDB	HMDB0245646_20_shen	N-(3-Methylbut-2-EN-1-YL)-9H-purin-6-amine	inchikey	1	TRUE	TRUE	2.29999841394601e-09	5.74999603486503e-06
CPD-4209	54649	HMDB	HMDB0245646_21_shen	N-(3-Methylbut-2-EN-1-YL)-9H-purin-6-amine	inchikey	1	TRUE	TRUE	2.29999841394601e-09	5.74999603486503e-06
CPD-4209	54650	HMDB	HMDB0245646_22_shen	N-(3-Methylbut-2-EN-1-YL)-9H-purin-6-amine	inchikey	1	TRUE	TRUE	2.29999841394601e-09	5.74999603486503e-06
CPD-4209	54651	HMDB	HMDB0245646_23_shen	N-(3-Methylbut-2-EN-1-YL)-9H-purin-6-amine	inchikey	1	TRUE	TRUE	2.29999841394601e-09	5.74999603486503e-06
CPD-4209	54652	HMDB	HMDB0245646_24_shen	N-(3-Methylbut-2-EN-1-YL)-9H-purin-6-amine	inchikey	1	TRUE	TRUE	2.29999841394601e-09	5.74999603486503e-06
CPD0-1491	54719	HMDB	HMDB0245804_shen	Amitrole	inchikey	1	TRUE	TRUE	1.19999299386109e-09	2.99998248465272e-06
MALTOSE	55277	HMDB	HMDB0246552_shen	D-Glucose, 4-O-beta-D-galactopyranosyl-	name_formula_mass	4	TRUE	TRUE	3.30004468196421e-09	8.25011170491052e-06
CPD-8959	55313	HMDB	HMDB0246672_1_shen	5-Hydroxy-9-(3,4,5-trimethoxyphenyl)-5a,6,8a,9-tetrahydro-5H-[2]benzofuro[5,6-f][1,3]benzodioxol-8-one	name_formula_mass	4	TRUE	TRUE	1.49999550558277e-08	3.62202735758046e-05
CPD-8959	55314	HMDB	HMDB0246672_2_shen	5-Hydroxy-9-(3,4,5-trimethoxyphenyl)-5a,6,8a,9-tetrahydro-5H-[2]benzofuro[5,6-f][1,3]benzodioxol-8-one	name_formula_mass	4	TRUE	TRUE	1.49999550558277e-08	3.62202735758046e-05
CPD-8959	55315	HMDB	HMDB0246672_3_shen	5-Hydroxy-9-(3,4,5-trimethoxyphenyl)-5a,6,8a,9-tetrahydro-5H-[2]benzofuro[5,6-f][1,3]benzodioxol-8-one	name_formula_mass	4	TRUE	TRUE	1.49999550558277e-08	3.62202735758046e-05
CPD-83	55332	HMDB	HMDB0246741_1_shen	1,3-Benzenediol, 5-[(1Z)-2-(4-hydroxyphenyl)ethenyl]-	name_formula_mass	4	TRUE	TRUE	5.4999986787152e-09	1.3749996696788e-05
CPD-83	55333	HMDB	HMDB0246741_2_shen	1,3-Benzenediol, 5-[(1Z)-2-(4-hydroxyphenyl)ethenyl]-	name_formula_mass	4	TRUE	TRUE	5.4999986787152e-09	1.3749996696788e-05
CPD-83	55334	HMDB	HMDB0246741_3_shen	1,3-Benzenediol, 5-[(1Z)-2-(4-hydroxyphenyl)ethenyl]-	name_formula_mass	4	TRUE	TRUE	5.4999986787152e-09	1.3749996696788e-05
CPD-83	55335	HMDB	HMDB0246741_4_shen	1,3-Benzenediol, 5-[(1Z)-2-(4-hydroxyphenyl)ethenyl]-	name_formula_mass	4	TRUE	TRUE	5.4999986787152e-09	1.3749996696788e-05
CPD-83	55336	HMDB	HMDB0246741_5_shen	1,3-Benzenediol, 5-[(1Z)-2-(4-hydroxyphenyl)ethenyl]-	name_formula_mass	4	TRUE	TRUE	5.4999986787152e-09	1.3749996696788e-05
CPD-83	55337	HMDB	HMDB0246741_6_shen	1,3-Benzenediol, 5-[(1Z)-2-(4-hydroxyphenyl)ethenyl]-	name_formula_mass	4	TRUE	TRUE	5.4999986787152e-09	1.3749996696788e-05
CPD-83	55338	HMDB	HMDB0246741_7_shen	1,3-Benzenediol, 5-[(1Z)-2-(4-hydroxyphenyl)ethenyl]-	name_formula_mass	4	TRUE	TRUE	5.4999986787152e-09	1.3749996696788e-05
CPD-83	55339	HMDB	HMDB0246741_8_shen	1,3-Benzenediol, 5-[(1Z)-2-(4-hydroxyphenyl)ethenyl]-	name_formula_mass	4	TRUE	TRUE	5.4999986787152e-09	1.3749996696788e-05
CPD-83	55340	HMDB	HMDB0246741_9_shen	1,3-Benzenediol, 5-[(1Z)-2-(4-hydroxyphenyl)ethenyl]-	name_formula_mass	4	TRUE	TRUE	5.4999986787152e-09	1.3749996696788e-05
CPD-83	55341	HMDB	HMDB0246741_10_shen	1,3-Benzenediol, 5-[(1Z)-2-(4-hydroxyphenyl)ethenyl]-	name_formula_mass	4	TRUE	TRUE	5.4999986787152e-09	1.3749996696788e-05
CPD-83	55342	HMDB	HMDB0246741_11_shen	1,3-Benzenediol, 5-[(1Z)-2-(4-hydroxyphenyl)ethenyl]-	name_formula_mass	4	TRUE	TRUE	5.4999986787152e-09	1.3749996696788e-05
CPD-83	55343	HMDB	HMDB0246741_12_shen	1,3-Benzenediol, 5-[(1Z)-2-(4-hydroxyphenyl)ethenyl]-	name_formula_mass	4	TRUE	TRUE	5.4999986787152e-09	1.3749996696788e-05
CPD-83	55344	HMDB	HMDB0246741_13_shen	1,3-Benzenediol, 5-[(1Z)-2-(4-hydroxyphenyl)ethenyl]-	name_formula_mass	4	TRUE	TRUE	5.4999986787152e-09	1.3749996696788e-05
CPD-83	55345	HMDB	HMDB0246741_14_shen	1,3-Benzenediol, 5-[(1Z)-2-(4-hydroxyphenyl)ethenyl]-	name_formula_mass	4	TRUE	TRUE	5.4999986787152e-09	1.3749996696788e-05
CPD-83	55346	HMDB	HMDB0246741_15_shen	1,3-Benzenediol, 5-[(1Z)-2-(4-hydroxyphenyl)ethenyl]-	name_formula_mass	4	TRUE	TRUE	5.4999986787152e-09	1.3749996696788e-05
CPD-83	55347	HMDB	HMDB0246741_16_shen	1,3-Benzenediol, 5-[(1Z)-2-(4-hydroxyphenyl)ethenyl]-	name_formula_mass	4	TRUE	TRUE	5.4999986787152e-09	1.3749996696788e-05
CPD-83	55348	HMDB	HMDB0246741_17_shen	1,3-Benzenediol, 5-[(1Z)-2-(4-hydroxyphenyl)ethenyl]-	name_formula_mass	4	TRUE	TRUE	5.4999986787152e-09	1.3749996696788e-05
CPD-83	55349	HMDB	HMDB0246741_18_shen	1,3-Benzenediol, 5-[(1Z)-2-(4-hydroxyphenyl)ethenyl]-	name_formula_mass	4	TRUE	TRUE	5.4999986787152e-09	1.3749996696788e-05
CPD-83	55350	HMDB	HMDB0246741_19_shen	1,3-Benzenediol, 5-[(1Z)-2-(4-hydroxyphenyl)ethenyl]-	name_formula_mass	4	TRUE	TRUE	5.4999986787152e-09	1.3749996696788e-05
CPD-83	55351	HMDB	HMDB0246741_20_shen	1,3-Benzenediol, 5-[(1Z)-2-(4-hydroxyphenyl)ethenyl]-	name_formula_mass	4	TRUE	TRUE	5.4999986787152e-09	1.3749996696788e-05
CPD-83	55352	HMDB	HMDB0246741_21_shen	1,3-Benzenediol, 5-[(1Z)-2-(4-hydroxyphenyl)ethenyl]-	name_formula_mass	4	TRUE	TRUE	5.4999986787152e-09	1.3749996696788e-05
CPD-83	55353	HMDB	HMDB0246741_22_shen	1,3-Benzenediol, 5-[(1Z)-2-(4-hydroxyphenyl)ethenyl]-	name_formula_mass	4	TRUE	TRUE	5.4999986787152e-09	1.3749996696788e-05
CPD-83	55354	HMDB	HMDB0246741_23_shen	1,3-Benzenediol, 5-[(1Z)-2-(4-hydroxyphenyl)ethenyl]-	name_formula_mass	4	TRUE	TRUE	5.4999986787152e-09	1.3749996696788e-05
CPD-83	55355	HMDB	HMDB0246741_24_shen	1,3-Benzenediol, 5-[(1Z)-2-(4-hydroxyphenyl)ethenyl]-	name_formula_mass	4	TRUE	TRUE	5.4999986787152e-09	1.3749996696788e-05
CPD-83	55356	HMDB	HMDB0246741_25_shen	1,3-Benzenediol, 5-[(1Z)-2-(4-hydroxyphenyl)ethenyl]-	name_formula_mass	4	TRUE	TRUE	5.4999986787152e-09	1.3749996696788e-05
CPD-83	55357	HMDB	HMDB0246741_26_shen	1,3-Benzenediol, 5-[(1Z)-2-(4-hydroxyphenyl)ethenyl]-	name_formula_mass	4	TRUE	TRUE	5.4999986787152e-09	1.3749996696788e-05
CPD-83	55358	HMDB	HMDB0246741_27_shen	1,3-Benzenediol, 5-[(1Z)-2-(4-hydroxyphenyl)ethenyl]-	name_formula_mass	4	TRUE	TRUE	5.4999986787152e-09	1.3749996696788e-05
CPD-83	55359	HMDB	HMDB0246741_28_shen	1,3-Benzenediol, 5-[(1Z)-2-(4-hydroxyphenyl)ethenyl]-	name_formula_mass	4	TRUE	TRUE	5.4999986787152e-09	1.3749996696788e-05
CPD-83	55360	HMDB	HMDB0246741_29_shen	1,3-Benzenediol, 5-[(1Z)-2-(4-hydroxyphenyl)ethenyl]-	name_formula_mass	4	TRUE	TRUE	5.4999986787152e-09	1.3749996696788e-05
CPD-83	55361	HMDB	HMDB0246741_30_shen	1,3-Benzenediol, 5-[(1Z)-2-(4-hydroxyphenyl)ethenyl]-	name_formula_mass	4	TRUE	TRUE	5.4999986787152e-09	1.3749996696788e-05
CPD-83	55362	HMDB	HMDB0246741_31_shen	1,3-Benzenediol, 5-[(1Z)-2-(4-hydroxyphenyl)ethenyl]-	name_formula_mass	4	TRUE	TRUE	5.4999986787152e-09	1.3749996696788e-05
CPD-83	55363	HMDB	HMDB0246741_32_shen	1,3-Benzenediol, 5-[(1Z)-2-(4-hydroxyphenyl)ethenyl]-	name_formula_mass	4	TRUE	TRUE	5.4999986787152e-09	1.3749996696788e-05
CPD-83	55364	HMDB	HMDB0246741_33_shen	1,3-Benzenediol, 5-[(1Z)-2-(4-hydroxyphenyl)ethenyl]-	name_formula_mass	4	TRUE	TRUE	5.4999986787152e-09	1.3749996696788e-05
CPD-83	55365	HMDB	HMDB0246741_34_shen	1,3-Benzenediol, 5-[(1Z)-2-(4-hydroxyphenyl)ethenyl]-	name_formula_mass	4	TRUE	TRUE	5.4999986787152e-09	1.3749996696788e-05
CPD-83	55366	HMDB	HMDB0246741_35_shen	1,3-Benzenediol, 5-[(1Z)-2-(4-hydroxyphenyl)ethenyl]-	name_formula_mass	4	TRUE	TRUE	5.4999986787152e-09	1.3749996696788e-05
CPD-83	55367	HMDB	HMDB0246741_36_shen	1,3-Benzenediol, 5-[(1Z)-2-(4-hydroxyphenyl)ethenyl]-	name_formula_mass	4	TRUE	TRUE	5.4999986787152e-09	1.3749996696788e-05
CPD-11884	55468	HMDB	HMDB0246971_1_shen	(Z)-p-Methoxycinnamic acid	name_formula_mass	4	FALSE	TRUE	5.29996668774402e-09	1.324991671936e-05
CPD-11884	55469	HMDB	HMDB0246971_2_shen	(Z)-p-Methoxycinnamic acid	name_formula_mass	4	FALSE	TRUE	5.29996668774402e-09	1.324991671936e-05
CPD-11884	55470	HMDB	HMDB0246971_3_shen	(Z)-p-Methoxycinnamic acid	name_formula_mass	4	FALSE	TRUE	5.29996668774402e-09	1.324991671936e-05
CPD-11884	55471	HMDB	HMDB0246971_4_shen	(Z)-p-Methoxycinnamic acid	name_formula_mass	4	FALSE	TRUE	5.29996668774402e-09	1.324991671936e-05
CPD-11884	55472	HMDB	HMDB0246971_5_shen	(Z)-p-Methoxycinnamic acid	name_formula_mass	4	FALSE	TRUE	5.29996668774402e-09	1.324991671936e-05
CPD-11884	55473	HMDB	HMDB0246971_6_shen	(Z)-p-Methoxycinnamic acid	name_formula_mass	4	FALSE	TRUE	5.29996668774402e-09	1.324991671936e-05
CPD-11884	55474	HMDB	HMDB0246971_7_shen	(Z)-p-Methoxycinnamic acid	name_formula_mass	4	FALSE	TRUE	5.29996668774402e-09	1.324991671936e-05
CPD-11884	55475	HMDB	HMDB0246971_8_shen	(Z)-p-Methoxycinnamic acid	name_formula_mass	4	FALSE	TRUE	5.29996668774402e-09	1.324991671936e-05
CPD-11884	55476	HMDB	HMDB0246971_9_shen	(Z)-p-Methoxycinnamic acid	name_formula_mass	4	FALSE	TRUE	5.29996668774402e-09	1.324991671936e-05
CPD-11884	55477	HMDB	HMDB0246971_10_shen	(Z)-p-Methoxycinnamic acid	name_formula_mass	4	FALSE	TRUE	5.29996668774402e-09	1.324991671936e-05
CPD-11884	55478	HMDB	HMDB0246971_11_shen	(Z)-p-Methoxycinnamic acid	name_formula_mass	4	FALSE	TRUE	5.29996668774402e-09	1.324991671936e-05
CPD-11884	55479	HMDB	HMDB0246971_12_shen	(Z)-p-Methoxycinnamic acid	name_formula_mass	4	FALSE	TRUE	5.29996668774402e-09	1.324991671936e-05
CPD-11884	55480	HMDB	HMDB0246971_13_shen	(Z)-p-Methoxycinnamic acid	name_formula_mass	4	FALSE	TRUE	5.29996668774402e-09	1.324991671936e-05
CPD1F-437	55585	HMDB	HMDB0247252_1_shen	7-Glucosyl-luteolin	name_formula_mass	4	FALSE	TRUE	3.20000026476919e-09	6.89513350056881e-06
CPD1F-437	55586	HMDB	HMDB0247252_2_shen	7-Glucosyl-luteolin	name_formula_mass	4	FALSE	TRUE	3.20000026476919e-09	6.89513350056881e-06
CPD1F-437	55587	HMDB	HMDB0247252_3_shen	7-Glucosyl-luteolin	name_formula_mass	4	FALSE	TRUE	3.20000026476919e-09	6.89513350056881e-06
CPD1F-437	55588	HMDB	HMDB0247252_4_shen	7-Glucosyl-luteolin	name_formula_mass	4	FALSE	TRUE	3.20000026476919e-09	6.89513350056881e-06
CPD1F-437	55589	HMDB	HMDB0247252_5_shen	7-Glucosyl-luteolin	name_formula_mass	4	FALSE	TRUE	3.20000026476919e-09	6.89513350056881e-06
CPD1F-437	55590	HMDB	HMDB0247252_6_shen	7-Glucosyl-luteolin	name_formula_mass	4	FALSE	TRUE	3.20000026476919e-09	6.89513350056881e-06
CPD1F-437	55591	HMDB	HMDB0247252_7_shen	7-Glucosyl-luteolin	name_formula_mass	4	FALSE	TRUE	3.20000026476919e-09	6.89513350056881e-06
CPD1F-437	55592	HMDB	HMDB0247252_8_shen	7-Glucosyl-luteolin	name_formula_mass	4	FALSE	TRUE	3.20000026476919e-09	6.89513350056881e-06
CPD1F-437	55593	HMDB	HMDB0247252_9_shen	7-Glucosyl-luteolin	name_formula_mass	4	FALSE	TRUE	3.20000026476919e-09	6.89513350056881e-06
CPD1F-437	55594	HMDB	HMDB0247252_10_shen	7-Glucosyl-luteolin	name_formula_mass	4	FALSE	TRUE	3.20000026476919e-09	6.89513350056881e-06
CPD1F-437	55595	HMDB	HMDB0247252_11_shen	7-Glucosyl-luteolin	name_formula_mass	4	FALSE	TRUE	3.20000026476919e-09	6.89513350056881e-06
CPD1F-437	55596	HMDB	HMDB0247252_12_shen	7-Glucosyl-luteolin	name_formula_mass	4	FALSE	TRUE	3.20000026476919e-09	6.89513350056881e-06
CPD1F-437	55597	HMDB	HMDB0247252_13_shen	7-Glucosyl-luteolin	name_formula_mass	4	FALSE	TRUE	3.20000026476919e-09	6.89513350056881e-06
CPD1F-437	55598	HMDB	HMDB0247252_14_shen	7-Glucosyl-luteolin	name_formula_mass	4	FALSE	TRUE	3.20000026476919e-09	6.89513350056881e-06
CPD1F-437	55599	HMDB	HMDB0247252_15_shen	7-Glucosyl-luteolin	name_formula_mass	4	FALSE	TRUE	3.20000026476919e-09	6.89513350056881e-06
CPD1F-437	55600	HMDB	HMDB0247252_16_shen	7-Glucosyl-luteolin	name_formula_mass	4	FALSE	TRUE	3.20000026476919e-09	6.89513350056881e-06
CPD1F-437	55601	HMDB	HMDB0247252_17_shen	7-Glucosyl-luteolin	name_formula_mass	4	FALSE	TRUE	3.20000026476919e-09	6.89513350056881e-06
CPD1F-437	55602	HMDB	HMDB0247252_18_shen	7-Glucosyl-luteolin	name_formula_mass	4	FALSE	TRUE	3.20000026476919e-09	6.89513350056881e-06
CPD1F-437	55603	HMDB	HMDB0247252_19_shen	7-Glucosyl-luteolin	name_formula_mass	4	FALSE	TRUE	3.20000026476919e-09	6.89513350056881e-06
CPD1F-437	55604	HMDB	HMDB0247252_20_shen	7-Glucosyl-luteolin	name_formula_mass	4	FALSE	TRUE	3.20000026476919e-09	6.89513350056881e-06
CPD1F-437	55605	HMDB	HMDB0247252_21_shen	7-Glucosyl-luteolin	name_formula_mass	4	FALSE	TRUE	3.20000026476919e-09	6.89513350056881e-06
CPD1F-437	55606	HMDB	HMDB0247252_22_shen	7-Glucosyl-luteolin	name_formula_mass	4	FALSE	TRUE	3.20000026476919e-09	6.89513350056881e-06
CPD1F-437	55607	HMDB	HMDB0247252_23_shen	7-Glucosyl-luteolin	name_formula_mass	4	FALSE	TRUE	3.20000026476919e-09	6.89513350056881e-06
CPD1F-437	55608	HMDB	HMDB0247252_24_shen	7-Glucosyl-luteolin	name_formula_mass	4	FALSE	TRUE	3.20000026476919e-09	6.89513350056881e-06
CPD1F-437	55609	HMDB	HMDB0247252_25_shen	7-Glucosyl-luteolin	name_formula_mass	4	FALSE	TRUE	3.20000026476919e-09	6.89513350056881e-06
CPD1F-437	55610	HMDB	HMDB0247252_26_shen	7-Glucosyl-luteolin	name_formula_mass	4	FALSE	TRUE	3.20000026476919e-09	6.89513350056881e-06
CPD1F-437	55611	HMDB	HMDB0247252_27_shen	7-Glucosyl-luteolin	name_formula_mass	4	FALSE	TRUE	3.20000026476919e-09	6.89513350056881e-06
CPD1F-437	55612	HMDB	HMDB0247252_28_shen	7-Glucosyl-luteolin	name_formula_mass	4	FALSE	TRUE	3.20000026476919e-09	6.89513350056881e-06
78-dihydrobiopterins	55626	HMDB	HMDB0247294_1_shen	D-Erythro-7,8-dihydrobiopterin	inchikey	1	TRUE	TRUE	2.59998955698393e-09	6.49997389245982e-06
78-dihydrobiopterins	55627	HMDB	HMDB0247294_2_shen	D-Erythro-7,8-dihydrobiopterin	inchikey	1	TRUE	TRUE	2.59998955698393e-09	6.49997389245982e-06
78-dihydrobiopterins	55628	HMDB	HMDB0247294_3_shen	D-Erythro-7,8-dihydrobiopterin	inchikey	1	TRUE	TRUE	2.59998955698393e-09	6.49997389245982e-06
78-dihydrobiopterins	55629	HMDB	HMDB0247294_4_shen	D-Erythro-7,8-dihydrobiopterin	inchikey	1	TRUE	TRUE	2.59998955698393e-09	6.49997389245982e-06
78-dihydrobiopterins	55630	HMDB	HMDB0247294_5_shen	D-Erythro-7,8-dihydrobiopterin	inchikey	1	TRUE	TRUE	2.59998955698393e-09	6.49997389245982e-06
CPD-10514	55703	HMDB	HMDB0247617_shen	9,10-Epoxystearic acid	inchikey_connectivity_formula_mass	2	FALSE	TRUE	3.69999497706885e-09	9.24998744267214e-06
CPD-17614	55704	HMDB	HMDB0247705_shen	9(S)-HOTrE	name_formula_mass	4	FALSE	TRUE	3.29998783854535e-09	8.24996959636337e-06
CPD-8694	55705	HMDB	HMDB0247751_shen	Abietic acid	name_formula_mass	4	FALSE	TRUE	1.20002141557052e-09	3.0000535389263e-06
LOGANIN	55713	HMDB	HMDB0247827_1_shen	Loganoside	name_formula_mass	4	TRUE	TRUE	1.85999624591204e-08	4.64999061478011e-05
LOGANIN	55714	HMDB	HMDB0247827_2_shen	Loganoside	name_formula_mass	4	TRUE	TRUE	1.85999624591204e-08	4.64999061478011e-05
LOGANIN	55715	HMDB	HMDB0247827_3_shen	Loganoside	name_formula_mass	4	TRUE	TRUE	1.85999624591204e-08	4.64999061478011e-05
CPD1F-461	55896	HMDB	HMDB0248048_1_shen	Afzelin	name_formula_mass	4	FALSE	TRUE	3.00002511721686e-09	6.94280470296198e-06
CPD1F-461	55897	HMDB	HMDB0248048_2_shen	Afzelin	name_formula_mass	4	FALSE	TRUE	3.00002511721686e-09	6.94280470296198e-06
CPD1F-461	55898	HMDB	HMDB0248048_3_shen	Afzelin	name_formula_mass	4	FALSE	TRUE	3.00002511721686e-09	6.94280470296198e-06
CPD1F-461	55899	HMDB	HMDB0248048_4_shen	Afzelin	name_formula_mass	4	FALSE	TRUE	3.00002511721686e-09	6.94280470296198e-06
CPD1F-461	55900	HMDB	HMDB0248048_5_shen	Afzelin	name_formula_mass	4	FALSE	TRUE	3.00002511721686e-09	6.94280470296198e-06
CPD1F-461	55901	HMDB	HMDB0248048_6_shen	Afzelin	name_formula_mass	4	FALSE	TRUE	3.00002511721686e-09	6.94280470296198e-06
CPD1F-461	55902	HMDB	HMDB0248048_7_shen	Afzelin	name_formula_mass	4	FALSE	TRUE	3.00002511721686e-09	6.94280470296198e-06
CPD1F-461	55903	HMDB	HMDB0248048_8_shen	Afzelin	name_formula_mass	4	FALSE	TRUE	3.00002511721686e-09	6.94280470296198e-06
CPD1F-461	55904	HMDB	HMDB0248048_9_shen	Afzelin	name_formula_mass	4	FALSE	TRUE	3.00002511721686e-09	6.94280470296198e-06
CPD1F-461	55905	HMDB	HMDB0248048_10_shen	Afzelin	name_formula_mass	4	FALSE	TRUE	3.00002511721686e-09	6.94280470296198e-06
CPD1F-461	55906	HMDB	HMDB0248048_11_shen	Afzelin	name_formula_mass	4	FALSE	TRUE	3.00002511721686e-09	6.94280470296198e-06
CPD1F-461	55907	HMDB	HMDB0248048_12_shen	Afzelin	name_formula_mass	4	FALSE	TRUE	3.00002511721686e-09	6.94280470296198e-06
CPD1F-461	55908	HMDB	HMDB0248048_13_shen	Afzelin	name_formula_mass	4	FALSE	TRUE	3.00002511721686e-09	6.94280470296198e-06
CPD1F-461	55909	HMDB	HMDB0248048_14_shen	Afzelin	name_formula_mass	4	FALSE	TRUE	3.00002511721686e-09	6.94280470296198e-06
CPD1F-461	55910	HMDB	HMDB0248048_15_shen	Afzelin	name_formula_mass	4	FALSE	TRUE	3.00002511721686e-09	6.94280470296198e-06
CPD1F-461	55911	HMDB	HMDB0248048_16_shen	Afzelin	name_formula_mass	4	FALSE	TRUE	3.00002511721686e-09	6.94280470296198e-06
CPD1F-461	55912	HMDB	HMDB0248048_17_shen	Afzelin	name_formula_mass	4	FALSE	TRUE	3.00002511721686e-09	6.94280470296198e-06
CPD1F-461	55913	HMDB	HMDB0248048_18_shen	Afzelin	name_formula_mass	4	FALSE	TRUE	3.00002511721686e-09	6.94280470296198e-06
CPD1F-461	55914	HMDB	HMDB0248048_19_shen	Afzelin	name_formula_mass	4	FALSE	TRUE	3.00002511721686e-09	6.94280470296198e-06
CPD1F-461	55915	HMDB	HMDB0248048_20_shen	Afzelin	name_formula_mass	4	FALSE	TRUE	3.00002511721686e-09	6.94280470296198e-06
CPD1F-461	55916	HMDB	HMDB0248048_21_shen	Afzelin	name_formula_mass	4	FALSE	TRUE	3.00002511721686e-09	6.94280470296198e-06
CPD1F-461	55917	HMDB	HMDB0248048_22_shen	Afzelin	name_formula_mass	4	FALSE	TRUE	3.00002511721686e-09	6.94280470296198e-06
ALIZARIN	55950	HMDB	HMDB0248144_1_shen	Alizarin	inchikey	1	TRUE	TRUE	7.20001480658539e-09	1.80000370164635e-05
ALIZARIN	55951	HMDB	HMDB0248144_2_shen	Alizarin	inchikey	1	TRUE	TRUE	7.20001480658539e-09	1.80000370164635e-05
ALIZARIN	55952	HMDB	HMDB0248144_3_shen	Alizarin	inchikey	1	TRUE	TRUE	7.20001480658539e-09	1.80000370164635e-05
ALIZARIN	55953	HMDB	HMDB0248144_4_shen	Alizarin	inchikey	1	TRUE	TRUE	7.20001480658539e-09	1.80000370164635e-05
ALIZARIN	55954	HMDB	HMDB0248144_5_shen	Alizarin	inchikey	1	TRUE	TRUE	7.20001480658539e-09	1.80000370164635e-05
ALIZARIN	55955	HMDB	HMDB0248144_6_shen	Alizarin	inchikey	1	TRUE	TRUE	7.20001480658539e-09	1.80000370164635e-05
ALIZARIN	55956	HMDB	HMDB0248144_7_shen	Alizarin	inchikey	1	TRUE	TRUE	7.20001480658539e-09	1.80000370164635e-05
ALIZARIN	55957	HMDB	HMDB0248144_8_shen	Alizarin	inchikey	1	TRUE	TRUE	7.20001480658539e-09	1.80000370164635e-05
CPD-11558	55970	HMDB	HMDB0248175_1_shen	Aloeresin B	name_formula_mass	4	TRUE	TRUE	1.70999783222214e-08	4.27499458055536e-05
CPD-11558	55971	HMDB	HMDB0248175_2_shen	Aloeresin B	name_formula_mass	4	TRUE	TRUE	1.70999783222214e-08	4.27499458055536e-05
CPD-11558	55972	HMDB	HMDB0248175_3_shen	Aloeresin B	name_formula_mass	4	TRUE	TRUE	1.70999783222214e-08	4.27499458055536e-05
CPD-11558	55973	HMDB	HMDB0248175_4_shen	Aloeresin B	name_formula_mass	4	TRUE	TRUE	1.70999783222214e-08	4.27499458055536e-05
CPD-11558	55974	HMDB	HMDB0248175_5_shen	Aloeresin B	name_formula_mass	4	TRUE	TRUE	1.70999783222214e-08	4.27499458055536e-05
CPD-11558	55975	HMDB	HMDB0248175_6_shen	Aloeresin B	name_formula_mass	4	TRUE	TRUE	1.70999783222214e-08	4.27499458055536e-05
CPD-6041	56010	HMDB	HMDB0248287_1_shen	Amethopterin	name_formula_mass	4	FALSE	TRUE	1.8299999737792e-08	4.0293164933167e-05
CPD-6041	56011	HMDB	HMDB0248287_2_shen	Amethopterin	name_formula_mass	4	FALSE	TRUE	1.8299999737792e-08	4.0293164933167e-05
CPD-6041	56012	HMDB	HMDB0248287_3_shen	Amethopterin	name_formula_mass	4	FALSE	TRUE	1.8299999737792e-08	4.0293164933167e-05
CPD-6041	56013	HMDB	HMDB0248287_4_shen	Amethopterin	name_formula_mass	4	FALSE	TRUE	1.8299999737792e-08	4.0293164933167e-05
CPD-6041	56014	HMDB	HMDB0248287_5_shen	Amethopterin	name_formula_mass	4	FALSE	TRUE	1.8299999737792e-08	4.0293164933167e-05
CPD-4022	56110	HMDB	HMDB0248390_1_shen	Ancymidol	inchikey	1	TRUE	TRUE	5.20003595738672e-09	1.30000898934668e-05
CPD-4022	56111	HMDB	HMDB0248390_2_shen	Ancymidol	inchikey	1	TRUE	TRUE	5.20003595738672e-09	1.30000898934668e-05
CPD-4022	56112	HMDB	HMDB0248390_3_shen	Ancymidol	inchikey	1	TRUE	TRUE	5.20003595738672e-09	1.30000898934668e-05
CPD-4022	56113	HMDB	HMDB0248390_4_shen	Ancymidol	inchikey	1	TRUE	TRUE	5.20003595738672e-09	1.30000898934668e-05
CPD-4022	56114	HMDB	HMDB0248390_5_shen	Ancymidol	inchikey	1	TRUE	TRUE	5.20003595738672e-09	1.30000898934668e-05
CPD-4022	56115	HMDB	HMDB0248390_6_shen	Ancymidol	inchikey	1	TRUE	TRUE	5.20003595738672e-09	1.30000898934668e-05
CPD-14751	56162	HMDB	HMDB0248601_1_shen	Aritmina	name_formula_mass	4	TRUE	TRUE	4.19998968936852e-09	1.04999742234213e-05
CPD-4242	56162	HMDB	HMDB0248601_1_shen	Aritmina	name_formula_mass	4	FALSE	TRUE	4.19998968936852e-09	1.04999742234213e-05
CPD-14751	56163	HMDB	HMDB0248601_2_shen	Aritmina	name_formula_mass	4	TRUE	TRUE	4.19998968936852e-09	1.04999742234213e-05
CPD-4242	56163	HMDB	HMDB0248601_2_shen	Aritmina	name_formula_mass	4	FALSE	TRUE	4.19998968936852e-09	1.04999742234213e-05
CPD-14751	56164	HMDB	HMDB0248601_3_shen	Aritmina	name_formula_mass	4	TRUE	TRUE	4.19998968936852e-09	1.04999742234213e-05
CPD-4242	56164	HMDB	HMDB0248601_3_shen	Aritmina	name_formula_mass	4	FALSE	TRUE	4.19998968936852e-09	1.04999742234213e-05
CPD-14751	56165	HMDB	HMDB0248601_4_shen	Aritmina	name_formula_mass	4	TRUE	TRUE	4.19998968936852e-09	1.04999742234213e-05
CPD-4242	56165	HMDB	HMDB0248601_4_shen	Aritmina	name_formula_mass	4	FALSE	TRUE	4.19998968936852e-09	1.04999742234213e-05
BENZIMIDAZOLE	56421	HMDB	HMDB0248993_1_shen	Benzimidazole	inchikey	1	TRUE	TRUE	1.00000363545405e-09	2.50000908863512e-06
BENZIMIDAZOLE	56422	HMDB	HMDB0248993_2_shen	Benzimidazole	inchikey	1	TRUE	TRUE	1.00000363545405e-09	2.50000908863512e-06
BENZIMIDAZOLE	56423	HMDB	HMDB0248993_3_shen	Benzimidazole	inchikey	1	TRUE	TRUE	1.00000363545405e-09	2.50000908863512e-06
BENZIMIDAZOLE	56424	HMDB	HMDB0248993_4_shen	Benzimidazole	inchikey	1	TRUE	TRUE	1.00000363545405e-09	2.50000908863512e-06
BENZIMIDAZOLE	56425	HMDB	HMDB0248993_5_shen	Benzimidazole	inchikey	1	TRUE	TRUE	1.00000363545405e-09	2.50000908863512e-06
BENZIMIDAZOLE	56426	HMDB	HMDB0248993_6_shen	Benzimidazole	inchikey	1	TRUE	TRUE	1.00000363545405e-09	2.50000908863512e-06
BENZIMIDAZOLE	56427	HMDB	HMDB0248993_7_shen	Benzimidazole	inchikey	1	TRUE	TRUE	1.00000363545405e-09	2.50000908863512e-06
BENZIMIDAZOLE	56428	HMDB	HMDB0248993_8_shen	Benzimidazole	inchikey	1	TRUE	TRUE	1.00000363545405e-09	2.50000908863512e-06
BENZIMIDAZOLE	56429	HMDB	HMDB0248993_9_shen	Benzimidazole	inchikey	1	TRUE	TRUE	1.00000363545405e-09	2.50000908863512e-06
BENZIMIDAZOLE	56430	HMDB	HMDB0248993_10_shen	Benzimidazole	inchikey	1	TRUE	TRUE	1.00000363545405e-09	2.50000908863512e-06
BENZIMIDAZOLE	56431	HMDB	HMDB0248993_11_shen	Benzimidazole	inchikey	1	TRUE	TRUE	1.00000363545405e-09	2.50000908863512e-06
BENZIMIDAZOLE	56432	HMDB	HMDB0248993_12_shen	Benzimidazole	inchikey	1	TRUE	TRUE	1.00000363545405e-09	2.50000908863512e-06
BENZIMIDAZOLE	56433	HMDB	HMDB0248993_13_shen	Benzimidazole	inchikey	1	TRUE	TRUE	1.00000363545405e-09	2.50000908863512e-06
BENZIMIDAZOLE	56434	HMDB	HMDB0248993_14_shen	Benzimidazole	inchikey	1	TRUE	TRUE	1.00000363545405e-09	2.50000908863512e-06
BENZIMIDAZOLE	56435	HMDB	HMDB0248993_15_shen	Benzimidazole	inchikey	1	TRUE	TRUE	1.00000363545405e-09	2.50000908863512e-06
BENZIMIDAZOLE	56436	HMDB	HMDB0248993_16_shen	Benzimidazole	inchikey	1	TRUE	TRUE	1.00000363545405e-09	2.50000908863512e-06
BENZIMIDAZOLE	56437	HMDB	HMDB0248993_17_shen	Benzimidazole	inchikey	1	TRUE	TRUE	1.00000363545405e-09	2.50000908863512e-06
BENZIMIDAZOLE	56438	HMDB	HMDB0248993_18_shen	Benzimidazole	inchikey	1	TRUE	TRUE	1.00000363545405e-09	2.50000908863512e-06
BENZIMIDAZOLE	56439	HMDB	HMDB0248993_19_shen	Benzimidazole	inchikey	1	TRUE	TRUE	1.00000363545405e-09	2.50000908863512e-06
BENZIMIDAZOLE	56440	HMDB	HMDB0248993_20_shen	Benzimidazole	inchikey	1	TRUE	TRUE	1.00000363545405e-09	2.50000908863512e-06
BENZIMIDAZOLE	56441	HMDB	HMDB0248993_21_shen	Benzimidazole	inchikey	1	TRUE	TRUE	1.00000363545405e-09	2.50000908863512e-06
BENZIMIDAZOLE	56442	HMDB	HMDB0248993_22_shen	Benzimidazole	inchikey	1	TRUE	TRUE	1.00000363545405e-09	2.50000908863512e-06
BENZIMIDAZOLE	56443	HMDB	HMDB0248993_23_shen	Benzimidazole	inchikey	1	TRUE	TRUE	1.00000363545405e-09	2.50000908863512e-06
BENZIMIDAZOLE	56444	HMDB	HMDB0248993_24_shen	Benzimidazole	inchikey	1	TRUE	TRUE	1.00000363545405e-09	2.50000908863512e-06
BENZIMIDAZOLE	56445	HMDB	HMDB0248993_25_shen	Benzimidazole	inchikey	1	TRUE	TRUE	1.00000363545405e-09	2.50000908863512e-06
BENZIMIDAZOLE	56446	HMDB	HMDB0248993_26_shen	Benzimidazole	inchikey	1	TRUE	TRUE	1.00000363545405e-09	2.50000908863512e-06
BENZIMIDAZOLE	56447	HMDB	HMDB0248993_27_shen	Benzimidazole	inchikey	1	TRUE	TRUE	1.00000363545405e-09	2.50000908863512e-06
BENZIMIDAZOLE	56448	HMDB	HMDB0248993_28_shen	Benzimidazole	inchikey	1	TRUE	TRUE	1.00000363545405e-09	2.50000908863512e-06
BENZIMIDAZOLE	56449	HMDB	HMDB0248993_29_shen	Benzimidazole	inchikey	1	TRUE	TRUE	1.00000363545405e-09	2.50000908863512e-06
BENZIMIDAZOLE	56450	HMDB	HMDB0248993_30_shen	Benzimidazole	inchikey	1	TRUE	TRUE	1.00000363545405e-09	2.50000908863512e-06
BENZIMIDAZOLE	56451	HMDB	HMDB0248993_31_shen	Benzimidazole	inchikey	1	TRUE	TRUE	1.00000363545405e-09	2.50000908863512e-06
BENZIMIDAZOLE	56452	HMDB	HMDB0248993_32_shen	Benzimidazole	inchikey	1	TRUE	TRUE	1.00000363545405e-09	2.50000908863512e-06
BENZIMIDAZOLE	56453	HMDB	HMDB0248993_33_shen	Benzimidazole	inchikey	1	TRUE	TRUE	1.00000363545405e-09	2.50000908863512e-06
BENZIMIDAZOLE	56454	HMDB	HMDB0248993_34_shen	Benzimidazole	inchikey	1	TRUE	TRUE	1.00000363545405e-09	2.50000908863512e-06
BENZIMIDAZOLE	56455	HMDB	HMDB0248993_35_shen	Benzimidazole	inchikey	1	TRUE	TRUE	1.00000363545405e-09	2.50000908863512e-06
BENZIMIDAZOLE	56456	HMDB	HMDB0248993_36_shen	Benzimidazole	inchikey	1	TRUE	TRUE	1.00000363545405e-09	2.50000908863512e-06
BENZIMIDAZOLE	56457	HMDB	HMDB0248993_37_shen	Benzimidazole	inchikey	1	TRUE	TRUE	1.00000363545405e-09	2.50000908863512e-06
BENZIMIDAZOLE	56458	HMDB	HMDB0248993_38_shen	Benzimidazole	inchikey	1	TRUE	TRUE	1.00000363545405e-09	2.50000908863512e-06
BENZIMIDAZOLE	56459	HMDB	HMDB0248993_39_shen	Benzimidazole	inchikey	1	TRUE	TRUE	1.00000363545405e-09	2.50000908863512e-06
BENZIMIDAZOLE	56460	HMDB	HMDB0248993_40_shen	Benzimidazole	inchikey	1	TRUE	TRUE	1.00000363545405e-09	2.50000908863512e-06
BENZIMIDAZOLE	56461	HMDB	HMDB0248993_41_shen	Benzimidazole	inchikey	1	TRUE	TRUE	1.00000363545405e-09	2.50000908863512e-06
BENZIMIDAZOLE	56462	HMDB	HMDB0248993_42_shen	Benzimidazole	inchikey	1	TRUE	TRUE	1.00000363545405e-09	2.50000908863512e-06
BENZIMIDAZOLE	56463	HMDB	HMDB0248993_43_shen	Benzimidazole	inchikey	1	TRUE	TRUE	1.00000363545405e-09	2.50000908863512e-06
BENZIMIDAZOLE	56464	HMDB	HMDB0248993_44_shen	Benzimidazole	inchikey	1	TRUE	TRUE	1.00000363545405e-09	2.50000908863512e-06
BENZIMIDAZOLE	56465	HMDB	HMDB0248993_45_shen	Benzimidazole	inchikey	1	TRUE	TRUE	1.00000363545405e-09	2.50000908863512e-06
BENZIMIDAZOLE	56466	HMDB	HMDB0248993_46_shen	Benzimidazole	inchikey	1	TRUE	TRUE	1.00000363545405e-09	2.50000908863512e-06
BENZIMIDAZOLE	56467	HMDB	HMDB0248993_47_shen	Benzimidazole	inchikey	1	TRUE	TRUE	1.00000363545405e-09	2.50000908863512e-06
BENZIMIDAZOLE	56468	HMDB	HMDB0248993_48_shen	Benzimidazole	inchikey	1	TRUE	TRUE	1.00000363545405e-09	2.50000908863512e-06
BENZIMIDAZOLE	56469	HMDB	HMDB0248993_49_shen	Benzimidazole	inchikey	1	TRUE	TRUE	1.00000363545405e-09	2.50000908863512e-06
BENZIMIDAZOLE	56470	HMDB	HMDB0248993_50_shen	Benzimidazole	inchikey	1	TRUE	TRUE	1.00000363545405e-09	2.50000908863512e-06
BENZIMIDAZOLE	56471	HMDB	HMDB0248993_51_shen	Benzimidazole	inchikey	1	TRUE	TRUE	1.00000363545405e-09	2.50000908863512e-06
CPD-25511	56832	HMDB	HMDB0249590_1_shen	Cannabinol	inchikey	1	TRUE	TRUE	1.80000370164635e-09	4.50000925411587e-06
CPD-25511	56833	HMDB	HMDB0249590_2_shen	Cannabinol	inchikey	1	TRUE	TRUE	1.80000370164635e-09	4.50000925411587e-06
CPD-25511	56834	HMDB	HMDB0249590_3_shen	Cannabinol	inchikey	1	TRUE	TRUE	1.80000370164635e-09	4.50000925411587e-06
CPD-25511	56835	HMDB	HMDB0249590_4_shen	Cannabinol	inchikey	1	TRUE	TRUE	1.80000370164635e-09	4.50000925411587e-06
CPD-25511	56836	HMDB	HMDB0249590_5_shen	Cannabinol	inchikey	1	TRUE	TRUE	1.80000370164635e-09	4.50000925411587e-06
CPD-25511	56837	HMDB	HMDB0249590_6_shen	Cannabinol	inchikey	1	TRUE	TRUE	1.80000370164635e-09	4.50000925411587e-06
CPD-25511	56838	HMDB	HMDB0249590_7_shen	Cannabinol	inchikey	1	TRUE	TRUE	1.80000370164635e-09	4.50000925411587e-06
CPD-25511	56839	HMDB	HMDB0249590_8_shen	Cannabinol	inchikey	1	TRUE	TRUE	1.80000370164635e-09	4.50000925411587e-06
CPD-25511	56840	HMDB	HMDB0249590_9_shen	Cannabinol	inchikey	1	TRUE	TRUE	1.80000370164635e-09	4.50000925411587e-06
CPD-25511	56841	HMDB	HMDB0249590_10_shen	Cannabinol	inchikey	1	TRUE	TRUE	1.80000370164635e-09	4.50000925411587e-06
CPD-25511	56842	HMDB	HMDB0249590_11_shen	Cannabinol	inchikey	1	TRUE	TRUE	1.80000370164635e-09	4.50000925411587e-06
CPD-25511	56843	HMDB	HMDB0249590_12_shen	Cannabinol	inchikey	1	TRUE	TRUE	1.80000370164635e-09	4.50000925411587e-06
CPD-25511	56844	HMDB	HMDB0249590_13_shen	Cannabinol	inchikey	1	TRUE	TRUE	1.80000370164635e-09	4.50000925411587e-06
CPD-25511	56845	HMDB	HMDB0249590_14_shen	Cannabinol	inchikey	1	TRUE	TRUE	1.80000370164635e-09	4.50000925411587e-06
CPD-25511	56846	HMDB	HMDB0249590_15_shen	Cannabinol	inchikey	1	TRUE	TRUE	1.80000370164635e-09	4.50000925411587e-06
CPD-25511	56847	HMDB	HMDB0249590_16_shen	Cannabinol	inchikey	1	TRUE	TRUE	1.80000370164635e-09	4.50000925411587e-06
CPD-25511	56848	HMDB	HMDB0249590_17_shen	Cannabinol	inchikey	1	TRUE	TRUE	1.80000370164635e-09	4.50000925411587e-06
CPD-25511	56849	HMDB	HMDB0249590_18_shen	Cannabinol	inchikey	1	TRUE	TRUE	1.80000370164635e-09	4.50000925411587e-06
CPD-25511	56850	HMDB	HMDB0249590_19_shen	Cannabinol	inchikey	1	TRUE	TRUE	1.80000370164635e-09	4.50000925411587e-06
CPD-25511	56851	HMDB	HMDB0249590_20_shen	Cannabinol	inchikey	1	TRUE	TRUE	1.80000370164635e-09	4.50000925411587e-06
CPD-25511	56852	HMDB	HMDB0249590_21_shen	Cannabinol	inchikey	1	TRUE	TRUE	1.80000370164635e-09	4.50000925411587e-06
CPD-25511	56853	HMDB	HMDB0249590_22_shen	Cannabinol	inchikey	1	TRUE	TRUE	1.80000370164635e-09	4.50000925411587e-06
CPD-25511	56854	HMDB	HMDB0249590_23_shen	Cannabinol	inchikey	1	TRUE	TRUE	1.80000370164635e-09	4.50000925411587e-06
CPD-25511	56855	HMDB	HMDB0249590_24_shen	Cannabinol	inchikey	1	TRUE	TRUE	1.80000370164635e-09	4.50000925411587e-06
CPD-25511	56856	HMDB	HMDB0249590_25_shen	Cannabinol	inchikey	1	TRUE	TRUE	1.80000370164635e-09	4.50000925411587e-06
CPD-25511	56857	HMDB	HMDB0249590_26_shen	Cannabinol	inchikey	1	TRUE	TRUE	1.80000370164635e-09	4.50000925411587e-06
CPD-25511	56858	HMDB	HMDB0249590_27_shen	Cannabinol	inchikey	1	TRUE	TRUE	1.80000370164635e-09	4.50000925411587e-06
CPD-25511	56859	HMDB	HMDB0249590_28_shen	Cannabinol	inchikey	1	TRUE	TRUE	1.80000370164635e-09	4.50000925411587e-06
CPD-25511	56860	HMDB	HMDB0249590_29_shen	Cannabinol	inchikey	1	TRUE	TRUE	1.80000370164635e-09	4.50000925411587e-06
CPD-25511	56861	HMDB	HMDB0249590_30_shen	Cannabinol	inchikey	1	TRUE	TRUE	1.80000370164635e-09	4.50000925411587e-06
CPD-25511	56862	HMDB	HMDB0249590_31_shen	Cannabinol	inchikey	1	TRUE	TRUE	1.80000370164635e-09	4.50000925411587e-06
CPD-25511	56863	HMDB	HMDB0249590_32_shen	Cannabinol	inchikey	1	TRUE	TRUE	1.80000370164635e-09	4.50000925411587e-06
CPD-25511	56864	HMDB	HMDB0249590_33_shen	Cannabinol	inchikey	1	TRUE	TRUE	1.80000370164635e-09	4.50000925411587e-06
CPD-25511	56865	HMDB	HMDB0249590_34_shen	Cannabinol	inchikey	1	TRUE	TRUE	1.80000370164635e-09	4.50000925411587e-06
CPD-25511	56866	HMDB	HMDB0249590_35_shen	Cannabinol	inchikey	1	TRUE	TRUE	1.80000370164635e-09	4.50000925411587e-06
CPD-25511	56867	HMDB	HMDB0249590_36_shen	Cannabinol	inchikey	1	TRUE	TRUE	1.80000370164635e-09	4.50000925411587e-06
CPD-25511	56868	HMDB	HMDB0249590_37_shen	Cannabinol	inchikey	1	TRUE	TRUE	1.80000370164635e-09	4.50000925411587e-06
CPD-25511	56869	HMDB	HMDB0249590_38_shen	Cannabinol	inchikey	1	TRUE	TRUE	1.80000370164635e-09	4.50000925411587e-06
CPD-25511	56870	HMDB	HMDB0249590_39_shen	Cannabinol	inchikey	1	TRUE	TRUE	1.80000370164635e-09	4.50000925411587e-06
CPD-25511	56871	HMDB	HMDB0249590_40_shen	Cannabinol	inchikey	1	TRUE	TRUE	1.80000370164635e-09	4.50000925411587e-06
CPD-25511	56872	HMDB	HMDB0249590_41_shen	Cannabinol	inchikey	1	TRUE	TRUE	1.80000370164635e-09	4.50000925411587e-06
CPD-25511	56873	HMDB	HMDB0249590_42_shen	Cannabinol	inchikey	1	TRUE	TRUE	1.80000370164635e-09	4.50000925411587e-06
CPD-25511	56874	HMDB	HMDB0249590_43_shen	Cannabinol	inchikey	1	TRUE	TRUE	1.80000370164635e-09	4.50000925411587e-06
CPD-25511	56875	HMDB	HMDB0249590_44_shen	Cannabinol	inchikey	1	TRUE	TRUE	1.80000370164635e-09	4.50000925411587e-06
CPD-25511	56876	HMDB	HMDB0249590_45_shen	Cannabinol	inchikey	1	TRUE	TRUE	1.80000370164635e-09	4.50000925411587e-06
CPD-25511	56877	HMDB	HMDB0249590_46_shen	Cannabinol	inchikey	1	TRUE	TRUE	1.80000370164635e-09	4.50000925411587e-06
CPD-25511	56878	HMDB	HMDB0249590_47_shen	Cannabinol	inchikey	1	TRUE	TRUE	1.80000370164635e-09	4.50000925411587e-06
CPD-25511	56879	HMDB	HMDB0249590_48_shen	Cannabinol	inchikey	1	TRUE	TRUE	1.80000370164635e-09	4.50000925411587e-06
CPD-25511	56880	HMDB	HMDB0249590_49_shen	Cannabinol	inchikey	1	TRUE	TRUE	1.80000370164635e-09	4.50000925411587e-06
CPD-25511	56881	HMDB	HMDB0249590_50_shen	Cannabinol	inchikey	1	TRUE	TRUE	1.80000370164635e-09	4.50000925411587e-06
CPD-25511	56882	HMDB	HMDB0249590_51_shen	Cannabinol	inchikey	1	TRUE	TRUE	1.80000370164635e-09	4.50000925411587e-06
CPD-25511	56883	HMDB	HMDB0249590_52_shen	Cannabinol	inchikey	1	TRUE	TRUE	1.80000370164635e-09	4.50000925411587e-06
CPD-25511	56884	HMDB	HMDB0249590_53_shen	Cannabinol	inchikey	1	TRUE	TRUE	1.80000370164635e-09	4.50000925411587e-06
CPD-25511	56885	HMDB	HMDB0249590_54_shen	Cannabinol	inchikey	1	TRUE	TRUE	1.80000370164635e-09	4.50000925411587e-06
CPD-25511	56886	HMDB	HMDB0249590_55_shen	Cannabinol	inchikey	1	TRUE	TRUE	1.80000370164635e-09	4.50000925411587e-06
CPD-25511	56887	HMDB	HMDB0249590_56_shen	Cannabinol	inchikey	1	TRUE	TRUE	1.80000370164635e-09	4.50000925411587e-06
CPD-25511	56888	HMDB	HMDB0249590_57_shen	Cannabinol	inchikey	1	TRUE	TRUE	1.80000370164635e-09	4.50000925411587e-06
CPD-25511	56889	HMDB	HMDB0249590_58_shen	Cannabinol	inchikey	1	TRUE	TRUE	1.80000370164635e-09	4.50000925411587e-06
CPD-25511	56890	HMDB	HMDB0249590_59_shen	Cannabinol	inchikey	1	TRUE	TRUE	1.80000370164635e-09	4.50000925411587e-06
CPD-25511	56891	HMDB	HMDB0249590_60_shen	Cannabinol	inchikey	1	TRUE	TRUE	1.80000370164635e-09	4.50000925411587e-06
CPD-25511	56892	HMDB	HMDB0249590_61_shen	Cannabinol	inchikey	1	TRUE	TRUE	1.80000370164635e-09	4.50000925411587e-06
CPD-25511	56893	HMDB	HMDB0249590_62_shen	Cannabinol	inchikey	1	TRUE	TRUE	1.80000370164635e-09	4.50000925411587e-06
CPD-25511	56894	HMDB	HMDB0249590_63_shen	Cannabinol	inchikey	1	TRUE	TRUE	1.80000370164635e-09	4.50000925411587e-06
CPD-25511	56895	HMDB	HMDB0249590_64_shen	Cannabinol	inchikey	1	TRUE	TRUE	1.80000370164635e-09	4.50000925411587e-06
CPD-25511	56896	HMDB	HMDB0249590_65_shen	Cannabinol	inchikey	1	TRUE	TRUE	1.80000370164635e-09	4.50000925411587e-06
CPD-25511	56897	HMDB	HMDB0249590_66_shen	Cannabinol	inchikey	1	TRUE	TRUE	1.80000370164635e-09	4.50000925411587e-06
CPD-25511	56898	HMDB	HMDB0249590_67_shen	Cannabinol	inchikey	1	TRUE	TRUE	1.80000370164635e-09	4.50000925411587e-06
CPD-25511	56899	HMDB	HMDB0249590_68_shen	Cannabinol	inchikey	1	TRUE	TRUE	1.80000370164635e-09	4.50000925411587e-06
CPD-25511	56900	HMDB	HMDB0249590_69_shen	Cannabinol	inchikey	1	TRUE	TRUE	1.80000370164635e-09	4.50000925411587e-06
CPD-25511	56901	HMDB	HMDB0249590_70_shen	Cannabinol	inchikey	1	TRUE	TRUE	1.80000370164635e-09	4.50000925411587e-06
CPD-25511	56902	HMDB	HMDB0249590_71_shen	Cannabinol	inchikey	1	TRUE	TRUE	1.80000370164635e-09	4.50000925411587e-06
CPD-25511	56903	HMDB	HMDB0249590_72_shen	Cannabinol	inchikey	1	TRUE	TRUE	1.80000370164635e-09	4.50000925411587e-06
CPD-25511	56904	HMDB	HMDB0249590_73_shen	Cannabinol	inchikey	1	TRUE	TRUE	1.80000370164635e-09	4.50000925411587e-06
CPD-25511	56905	HMDB	HMDB0249590_74_shen	Cannabinol	inchikey	1	TRUE	TRUE	1.80000370164635e-09	4.50000925411587e-06
CPD-25511	56906	HMDB	HMDB0249590_75_shen	Cannabinol	inchikey	1	TRUE	TRUE	1.80000370164635e-09	4.50000925411587e-06
CPD-25511	56907	HMDB	HMDB0249590_76_shen	Cannabinol	inchikey	1	TRUE	TRUE	1.80000370164635e-09	4.50000925411587e-06
CPD-25511	56908	HMDB	HMDB0249590_77_shen	Cannabinol	inchikey	1	TRUE	TRUE	1.80000370164635e-09	4.50000925411587e-06
CPD-25511	56909	HMDB	HMDB0249590_78_shen	Cannabinol	inchikey	1	TRUE	TRUE	1.80000370164635e-09	4.50000925411587e-06
CPD-25511	56910	HMDB	HMDB0249590_79_shen	Cannabinol	inchikey	1	TRUE	TRUE	1.80000370164635e-09	4.50000925411587e-06
CPD-25511	56911	HMDB	HMDB0249590_80_shen	Cannabinol	inchikey	1	TRUE	TRUE	1.80000370164635e-09	4.50000925411587e-06
CPD-25511	56912	HMDB	HMDB0249590_81_shen	Cannabinol	inchikey	1	TRUE	TRUE	1.80000370164635e-09	4.50000925411587e-06
CPD-25511	56913	HMDB	HMDB0249590_82_shen	Cannabinol	inchikey	1	TRUE	TRUE	1.80000370164635e-09	4.50000925411587e-06
CPD0-1366	56974	HMDB	HMDB0249648_1_shen	Carboxin	inchikey	1	TRUE	TRUE	1.70001612787019e-09	4.25004031967546e-06
CPD0-1366	56975	HMDB	HMDB0249648_2_shen	Carboxin	inchikey	1	TRUE	TRUE	1.70001612787019e-09	4.25004031967546e-06
CPD0-1366	56976	HMDB	HMDB0249648_3_shen	Carboxin	inchikey	1	TRUE	TRUE	1.70001612787019e-09	4.25004031967546e-06
CPD0-1366	56977	HMDB	HMDB0249648_4_shen	Carboxin	inchikey	1	TRUE	TRUE	1.70001612787019e-09	4.25004031967546e-06
CPD0-1366	56978	HMDB	HMDB0249648_5_shen	Carboxin	inchikey	1	TRUE	TRUE	1.70001612787019e-09	4.25004031967546e-06
CPD0-1366	56979	HMDB	HMDB0249648_6_shen	Carboxin	inchikey	1	TRUE	TRUE	1.70001612787019e-09	4.25004031967546e-06
CPD0-1366	56980	HMDB	HMDB0249648_7_shen	Carboxin	inchikey	1	TRUE	TRUE	1.70001612787019e-09	4.25004031967546e-06
CPD0-1366	56981	HMDB	HMDB0249648_8_shen	Carboxin	inchikey	1	TRUE	TRUE	1.70001612787019e-09	4.25004031967546e-06
CPD-14816	57019	HMDB	HMDB0249806_shen	Cephaeline	name_formula_mass	4	FALSE	TRUE	6.60003252050956e-09	1.41545591155421e-05
CPD0-1272	57025	HMDB	HMDB0249899_shen	Chelidonic acid	inchikey_connectivity_formula_mass	2	FALSE	TRUE	9.99989424599335e-10	2.49997356149834e-06
CPD-16765	57137	HMDB	HMDB0250276_1_shen	Cirsimaritin	inchikey	1	TRUE	TRUE	1.99997884919867e-09	4.99994712299667e-06
CPD-16765	57138	HMDB	HMDB0250276_2_shen	Cirsimaritin	inchikey	1	TRUE	TRUE	1.99997884919867e-09	4.99994712299667e-06
CPD-16765	57139	HMDB	HMDB0250276_3_shen	Cirsimaritin	inchikey	1	TRUE	TRUE	1.99997884919867e-09	4.99994712299667e-06
CPD-16765	57140	HMDB	HMDB0250276_4_shen	Cirsimaritin	inchikey	1	TRUE	TRUE	1.99997884919867e-09	4.99994712299667e-06
CPD-16765	57141	HMDB	HMDB0250276_5_shen	Cirsimaritin	inchikey	1	TRUE	TRUE	1.99997884919867e-09	4.99994712299667e-06
CPD-16765	57142	HMDB	HMDB0250276_6_shen	Cirsimaritin	inchikey	1	TRUE	TRUE	1.99997884919867e-09	4.99994712299667e-06
CPD-9787	57332	HMDB	HMDB0250401_1_shen	1,2,3,10-Tetramethoxy-7-(methylamino)-6,7-dihydro-5H-benzo[a]heptalen-9-one	name_formula_mass	4	FALSE	TRUE	9.19999365578406e-09	2.29999841394601e-05
CPD-9787	57333	HMDB	HMDB0250401_2_shen	1,2,3,10-Tetramethoxy-7-(methylamino)-6,7-dihydro-5H-benzo[a]heptalen-9-one	name_formula_mass	4	FALSE	TRUE	9.19999365578406e-09	2.29999841394601e-05
CPD-9787	57334	HMDB	HMDB0250401_3_shen	1,2,3,10-Tetramethoxy-7-(methylamino)-6,7-dihydro-5H-benzo[a]heptalen-9-one	name_formula_mass	4	FALSE	TRUE	9.19999365578406e-09	2.29999841394601e-05
CPD-7099	57496	HMDB	HMDB0250657_1_shen	Cycloheximide	name_formula_mass	4	TRUE	TRUE	6.89999524183804e-09	1.72499881045951e-05
CPD-7099	57497	HMDB	HMDB0250657_2_shen	Cycloheximide	name_formula_mass	4	TRUE	TRUE	6.89999524183804e-09	1.72499881045951e-05
CPD-7099	57498	HMDB	HMDB0250657_3_shen	Cycloheximide	name_formula_mass	4	TRUE	TRUE	6.89999524183804e-09	1.72499881045951e-05
CPD-7099	57499	HMDB	HMDB0250657_4_shen	Cycloheximide	name_formula_mass	4	TRUE	TRUE	6.89999524183804e-09	1.72499881045951e-05
CPD-7099	57500	HMDB	HMDB0250657_5_shen	Cycloheximide	name_formula_mass	4	TRUE	TRUE	6.89999524183804e-09	1.72499881045951e-05
CPD-7099	57501	HMDB	HMDB0250657_6_shen	Cycloheximide	name_formula_mass	4	TRUE	TRUE	6.89999524183804e-09	1.72499881045951e-05
cystine	57522	HMDB	HMDB0250712_1_shen	Cystine	inchikey	1	TRUE	TRUE	2.0000072709081e-09	5.00001817727025e-06
cystine	57523	HMDB	HMDB0250712_2_shen	Cystine	inchikey	1	TRUE	TRUE	2.0000072709081e-09	5.00001817727025e-06
cystine	57524	HMDB	HMDB0250712_3_shen	Cystine	inchikey	1	TRUE	TRUE	2.0000072709081e-09	5.00001817727025e-06
cystine	57525	HMDB	HMDB0250712_4_shen	Cystine	inchikey	1	TRUE	TRUE	2.0000072709081e-09	5.00001817727025e-06
cystine	57526	HMDB	HMDB0250712_5_shen	Cystine	inchikey	1	TRUE	TRUE	2.0000072709081e-09	5.00001817727025e-06
cystine	57527	HMDB	HMDB0250712_6_shen	Cystine	inchikey	1	TRUE	TRUE	2.0000072709081e-09	5.00001817727025e-06
cystine	57528	HMDB	HMDB0250712_7_shen	Cystine	inchikey	1	TRUE	TRUE	2.0000072709081e-09	5.00001817727025e-06
cystine	57529	HMDB	HMDB0250712_8_shen	Cystine	inchikey	1	TRUE	TRUE	2.0000072709081e-09	5.00001817727025e-06
cystine	57530	HMDB	HMDB0250712_9_shen	Cystine	inchikey	1	TRUE	TRUE	2.0000072709081e-09	5.00001817727025e-06
cystine	57531	HMDB	HMDB0250712_10_shen	Cystine	inchikey	1	TRUE	TRUE	2.0000072709081e-09	5.00001817727025e-06
cystine	57532	HMDB	HMDB0250712_11_shen	Cystine	inchikey	1	TRUE	TRUE	2.0000072709081e-09	5.00001817727025e-06
cystine	57533	HMDB	HMDB0250712_12_shen	Cystine	inchikey	1	TRUE	TRUE	2.0000072709081e-09	5.00001817727025e-06
cystine	57534	HMDB	HMDB0250712_13_shen	Cystine	inchikey	1	TRUE	TRUE	2.0000072709081e-09	5.00001817727025e-06
cystine	57535	HMDB	HMDB0250712_14_shen	Cystine	inchikey	1	TRUE	TRUE	2.0000072709081e-09	5.00001817727025e-06
cystine	57536	HMDB	HMDB0250712_15_shen	Cystine	inchikey	1	TRUE	TRUE	2.0000072709081e-09	5.00001817727025e-06
cystine	57537	HMDB	HMDB0250712_16_shen	Cystine	inchikey	1	TRUE	TRUE	2.0000072709081e-09	5.00001817727025e-06
cystine	57538	HMDB	HMDB0250712_17_shen	Cystine	inchikey	1	TRUE	TRUE	2.0000072709081e-09	5.00001817727025e-06
Aldopyranoses	57547	HMDB	HMDB0250761_1_shen	D-Gulose	inchikey	1	TRUE	TRUE	1.80000370164635e-09	4.50000925411587e-06
Aldopyranoses	57548	HMDB	HMDB0250761_2_shen	D-Gulose	inchikey	1	TRUE	TRUE	1.80000370164635e-09	4.50000925411587e-06
CPD0-1959	57581	HMDB	HMDB0250776_1_shen	D-Methionine (S)-S-oxide	inchikey	1	TRUE	TRUE	1.60000013238459e-09	4.00000033096148e-06
CPD0-1959	57582	HMDB	HMDB0250776_2_shen	D-Methionine (S)-S-oxide	inchikey	1	TRUE	TRUE	1.60000013238459e-09	4.00000033096148e-06
CPD0-1959	57583	HMDB	HMDB0250776_3_shen	D-Methionine (S)-S-oxide	inchikey	1	TRUE	TRUE	1.60000013238459e-09	4.00000033096148e-06
CPD0-1959	57584	HMDB	HMDB0250776_4_shen	D-Methionine (S)-S-oxide	inchikey	1	TRUE	TRUE	1.60000013238459e-09	4.00000033096148e-06
CPD0-1959	57585	HMDB	HMDB0250776_5_shen	D-Methionine (S)-S-oxide	inchikey	1	TRUE	TRUE	1.60000013238459e-09	4.00000033096148e-06
CPD0-1959	57586	HMDB	HMDB0250776_6_shen	D-Methionine (S)-S-oxide	inchikey	1	TRUE	TRUE	1.60000013238459e-09	4.00000033096148e-06
CPD0-1959	57587	HMDB	HMDB0250776_7_shen	D-Methionine (S)-S-oxide	inchikey	1	TRUE	TRUE	1.60000013238459e-09	4.00000033096148e-06
PANTOTHENATE	57588	HMDB	HMDB0250782_1_shen	3-[[(2S)-2,4-Dihydroxy-3,3-dimethylbutanoyl]amino]propanoic acid	name_formula_mass	4	FALSE	TRUE	2.40004283114104e-09	6.00010707785259e-06
PANTOTHENATE	57589	HMDB	HMDB0250782_2_shen	3-[[(2S)-2,4-Dihydroxy-3,3-dimethylbutanoyl]amino]propanoic acid	name_formula_mass	4	FALSE	TRUE	2.40004283114104e-09	6.00010707785259e-06
PANTOTHENATE	57590	HMDB	HMDB0250782_3_shen	3-[[(2S)-2,4-Dihydroxy-3,3-dimethylbutanoyl]amino]propanoic acid	name_formula_mass	4	FALSE	TRUE	2.40004283114104e-09	6.00010707785259e-06
PANTOTHENATE	57591	HMDB	HMDB0250782_4_shen	3-[[(2S)-2,4-Dihydroxy-3,3-dimethylbutanoyl]amino]propanoic acid	name_formula_mass	4	FALSE	TRUE	2.40004283114104e-09	6.00010707785259e-06
PANTOTHENATE	57592	HMDB	HMDB0250782_5_shen	3-[[(2S)-2,4-Dihydroxy-3,3-dimethylbutanoyl]amino]propanoic acid	name_formula_mass	4	FALSE	TRUE	2.40004283114104e-09	6.00010707785259e-06
PANTOTHENATE	57593	HMDB	HMDB0250782_6_shen	3-[[(2S)-2,4-Dihydroxy-3,3-dimethylbutanoyl]amino]propanoic acid	name_formula_mass	4	FALSE	TRUE	2.40004283114104e-09	6.00010707785259e-06
PANTOTHENATE	57594	HMDB	HMDB0250782_7_shen	3-[[(2S)-2,4-Dihydroxy-3,3-dimethylbutanoyl]amino]propanoic acid	name_formula_mass	4	FALSE	TRUE	2.40004283114104e-09	6.00010707785259e-06
PANTOTHENATE	57595	HMDB	HMDB0250782_8_shen	3-[[(2S)-2,4-Dihydroxy-3,3-dimethylbutanoyl]amino]propanoic acid	name_formula_mass	4	FALSE	TRUE	2.40004283114104e-09	6.00010707785259e-06
PANTOTHENATE	57596	HMDB	HMDB0250782_9_shen	3-[[(2S)-2,4-Dihydroxy-3,3-dimethylbutanoyl]amino]propanoic acid	name_formula_mass	4	FALSE	TRUE	2.40004283114104e-09	6.00010707785259e-06
PANTOTHENATE	57597	HMDB	HMDB0250782_10_shen	3-[[(2S)-2,4-Dihydroxy-3,3-dimethylbutanoyl]amino]propanoic acid	name_formula_mass	4	FALSE	TRUE	2.40004283114104e-09	6.00010707785259e-06
PANTOTHENATE	57598	HMDB	HMDB0250782_11_shen	3-[[(2S)-2,4-Dihydroxy-3,3-dimethylbutanoyl]amino]propanoic acid	name_formula_mass	4	FALSE	TRUE	2.40004283114104e-09	6.00010707785259e-06
PHE	57599	HMDB	HMDB0250791_1_shen	D-Phenylalanine	name_formula_mass	4	TRUE	TRUE	1.50001255860843e-09	3.75003139652108e-06
PHE	57600	HMDB	HMDB0250791_2_shen	D-Phenylalanine	name_formula_mass	4	TRUE	TRUE	1.50001255860843e-09	3.75003139652108e-06
PHE	57601	HMDB	HMDB0250791_3_shen	D-Phenylalanine	name_formula_mass	4	TRUE	TRUE	1.50001255860843e-09	3.75003139652108e-06
PHE	57602	HMDB	HMDB0250791_4_shen	D-Phenylalanine	name_formula_mass	4	TRUE	TRUE	1.50001255860843e-09	3.75003139652108e-06
PHE	57603	HMDB	HMDB0250791_5_shen	D-Phenylalanine	name_formula_mass	4	TRUE	TRUE	1.50001255860843e-09	3.75003139652108e-06
PHE	57604	HMDB	HMDB0250791_6_shen	D-Phenylalanine	name_formula_mass	4	TRUE	TRUE	1.50001255860843e-09	3.75003139652108e-06
PHE	57605	HMDB	HMDB0250791_7_shen	D-Phenylalanine	name_formula_mass	4	TRUE	TRUE	1.50001255860843e-09	3.75003139652108e-06
PHE	57606	HMDB	HMDB0250791_8_shen	D-Phenylalanine	name_formula_mass	4	TRUE	TRUE	1.50001255860843e-09	3.75003139652108e-06
PHE	57607	HMDB	HMDB0250791_9_shen	D-Phenylalanine	name_formula_mass	4	TRUE	TRUE	1.50001255860843e-09	3.75003139652108e-06
PHE	57608	HMDB	HMDB0250791_10_shen	D-Phenylalanine	name_formula_mass	4	TRUE	TRUE	1.50001255860843e-09	3.75003139652108e-06
PHE	57609	HMDB	HMDB0250791_11_shen	D-Phenylalanine	name_formula_mass	4	TRUE	TRUE	1.50001255860843e-09	3.75003139652108e-06
PHE	57610	HMDB	HMDB0250791_12_shen	D-Phenylalanine	name_formula_mass	4	TRUE	TRUE	1.50001255860843e-09	3.75003139652108e-06
PHE	57611	HMDB	HMDB0250791_13_shen	D-Phenylalanine	name_formula_mass	4	TRUE	TRUE	1.50001255860843e-09	3.75003139652108e-06
PHE	57612	HMDB	HMDB0250791_14_shen	D-Phenylalanine	name_formula_mass	4	TRUE	TRUE	1.50001255860843e-09	3.75003139652108e-06
PHE	57613	HMDB	HMDB0250791_15_shen	D-Phenylalanine	name_formula_mass	4	TRUE	TRUE	1.50001255860843e-09	3.75003139652108e-06
PHE	57614	HMDB	HMDB0250791_16_shen	D-Phenylalanine	name_formula_mass	4	TRUE	TRUE	1.50001255860843e-09	3.75003139652108e-06
PHE	57615	HMDB	HMDB0250791_17_shen	D-Phenylalanine	name_formula_mass	4	TRUE	TRUE	1.50001255860843e-09	3.75003139652108e-06
PHE	57616	HMDB	HMDB0250791_18_shen	D-Phenylalanine	name_formula_mass	4	TRUE	TRUE	1.50001255860843e-09	3.75003139652108e-06
PHE	57617	HMDB	HMDB0250791_19_shen	D-Phenylalanine	name_formula_mass	4	TRUE	TRUE	1.50001255860843e-09	3.75003139652108e-06
PHE	57618	HMDB	HMDB0250791_20_shen	D-Phenylalanine	name_formula_mass	4	TRUE	TRUE	1.50001255860843e-09	3.75003139652108e-06
PHE	57619	HMDB	HMDB0250791_21_shen	D-Phenylalanine	name_formula_mass	4	TRUE	TRUE	1.50001255860843e-09	3.75003139652108e-06
D-THREONINE	57620	HMDB	HMDB0250801_1_shen	D-Threonine	name_formula_mass	4	TRUE	TRUE	1.39999656312284e-09	3.4999914078071e-06
D-THREONINE	57621	HMDB	HMDB0250801_2_shen	D-Threonine	name_formula_mass	4	TRUE	TRUE	1.39999656312284e-09	3.4999914078071e-06
D-THREONINE	57622	HMDB	HMDB0250801_3_shen	D-Threonine	name_formula_mass	4	TRUE	TRUE	1.39999656312284e-09	3.4999914078071e-06
D-THREONINE	57623	HMDB	HMDB0250801_4_shen	D-Threonine	name_formula_mass	4	TRUE	TRUE	1.39999656312284e-09	3.4999914078071e-06
D-THREONINE	57624	HMDB	HMDB0250801_5_shen	D-Threonine	name_formula_mass	4	TRUE	TRUE	1.39999656312284e-09	3.4999914078071e-06
D-THREONINE	57625	HMDB	HMDB0250801_6_shen	D-Threonine	name_formula_mass	4	TRUE	TRUE	1.39999656312284e-09	3.4999914078071e-06
D-THREONINE	57626	HMDB	HMDB0250801_7_shen	D-Threonine	name_formula_mass	4	TRUE	TRUE	1.39999656312284e-09	3.4999914078071e-06
D-THREONINE	57627	HMDB	HMDB0250801_8_shen	D-Threonine	name_formula_mass	4	TRUE	TRUE	1.39999656312284e-09	3.4999914078071e-06
D-THREONINE	57628	HMDB	HMDB0250801_9_shen	D-Threonine	name_formula_mass	4	TRUE	TRUE	1.39999656312284e-09	3.4999914078071e-06
D-THREONINE	57629	HMDB	HMDB0250801_10_shen	D-Threonine	name_formula_mass	4	TRUE	TRUE	1.39999656312284e-09	3.4999914078071e-06
D-THREONINE	57630	HMDB	HMDB0250801_11_shen	D-Threonine	name_formula_mass	4	TRUE	TRUE	1.39999656312284e-09	3.4999914078071e-06
D-THREONINE	57631	HMDB	HMDB0250801_12_shen	D-Threonine	name_formula_mass	4	TRUE	TRUE	1.39999656312284e-09	3.4999914078071e-06
D-THREONINE	57632	HMDB	HMDB0250801_13_shen	D-Threonine	name_formula_mass	4	TRUE	TRUE	1.39999656312284e-09	3.4999914078071e-06
D-THREONINE	57633	HMDB	HMDB0250801_14_shen	D-Threonine	name_formula_mass	4	TRUE	TRUE	1.39999656312284e-09	3.4999914078071e-06
D-THREONINE	57634	HMDB	HMDB0250801_15_shen	D-Threonine	name_formula_mass	4	TRUE	TRUE	1.39999656312284e-09	3.4999914078071e-06
D-THREONINE	57635	HMDB	HMDB0250801_16_shen	D-Threonine	name_formula_mass	4	TRUE	TRUE	1.39999656312284e-09	3.4999914078071e-06
D-THREONINE	57636	HMDB	HMDB0250801_17_shen	D-Threonine	name_formula_mass	4	TRUE	TRUE	1.39999656312284e-09	3.4999914078071e-06
D-THREONINE	57637	HMDB	HMDB0250801_18_shen	D-Threonine	name_formula_mass	4	TRUE	TRUE	1.39999656312284e-09	3.4999914078071e-06
D-THREONINE	57638	HMDB	HMDB0250801_19_shen	D-Threonine	name_formula_mass	4	TRUE	TRUE	1.39999656312284e-09	3.4999914078071e-06
D-THREONINE	57639	HMDB	HMDB0250801_20_shen	D-Threonine	name_formula_mass	4	TRUE	TRUE	1.39999656312284e-09	3.4999914078071e-06
D-THREONINE	57640	HMDB	HMDB0250801_21_shen	D-Threonine	name_formula_mass	4	TRUE	TRUE	1.39999656312284e-09	3.4999914078071e-06
TYR	57641	HMDB	HMDB0250803_1_shen	D-Tyrosine	name_formula_mass	4	TRUE	TRUE	1.60000013238459e-09	4.00000033096148e-06
TYR	57642	HMDB	HMDB0250803_2_shen	D-Tyrosine	name_formula_mass	4	TRUE	TRUE	1.60000013238459e-09	4.00000033096148e-06
TYR	57643	HMDB	HMDB0250803_3_shen	D-Tyrosine	name_formula_mass	4	TRUE	TRUE	1.60000013238459e-09	4.00000033096148e-06
TYR	57644	HMDB	HMDB0250803_4_shen	D-Tyrosine	name_formula_mass	4	TRUE	TRUE	1.60000013238459e-09	4.00000033096148e-06
TYR	57645	HMDB	HMDB0250803_5_shen	D-Tyrosine	name_formula_mass	4	TRUE	TRUE	1.60000013238459e-09	4.00000033096148e-06
TYR	57646	HMDB	HMDB0250803_6_shen	D-Tyrosine	name_formula_mass	4	TRUE	TRUE	1.60000013238459e-09	4.00000033096148e-06
TYR	57647	HMDB	HMDB0250803_7_shen	D-Tyrosine	name_formula_mass	4	TRUE	TRUE	1.60000013238459e-09	4.00000033096148e-06
TYR	57648	HMDB	HMDB0250803_8_shen	D-Tyrosine	name_formula_mass	4	TRUE	TRUE	1.60000013238459e-09	4.00000033096148e-06
TYR	57649	HMDB	HMDB0250803_9_shen	D-Tyrosine	name_formula_mass	4	TRUE	TRUE	1.60000013238459e-09	4.00000033096148e-06
TYR	57650	HMDB	HMDB0250803_10_shen	D-Tyrosine	name_formula_mass	4	TRUE	TRUE	1.60000013238459e-09	4.00000033096148e-06
TYR	57651	HMDB	HMDB0250803_11_shen	D-Tyrosine	name_formula_mass	4	TRUE	TRUE	1.60000013238459e-09	4.00000033096148e-06
TYR	57652	HMDB	HMDB0250803_12_shen	D-Tyrosine	name_formula_mass	4	TRUE	TRUE	1.60000013238459e-09	4.00000033096148e-06
TYR	57653	HMDB	HMDB0250803_13_shen	D-Tyrosine	name_formula_mass	4	TRUE	TRUE	1.60000013238459e-09	4.00000033096148e-06
TYR	57654	HMDB	HMDB0250803_14_shen	D-Tyrosine	name_formula_mass	4	TRUE	TRUE	1.60000013238459e-09	4.00000033096148e-06
TYR	57655	HMDB	HMDB0250803_15_shen	D-Tyrosine	name_formula_mass	4	TRUE	TRUE	1.60000013238459e-09	4.00000033096148e-06
TYR	57656	HMDB	HMDB0250803_16_shen	D-Tyrosine	name_formula_mass	4	TRUE	TRUE	1.60000013238459e-09	4.00000033096148e-06
TYR	57657	HMDB	HMDB0250803_17_shen	D-Tyrosine	name_formula_mass	4	TRUE	TRUE	1.60000013238459e-09	4.00000033096148e-06
TYR	57658	HMDB	HMDB0250803_18_shen	D-Tyrosine	name_formula_mass	4	TRUE	TRUE	1.60000013238459e-09	4.00000033096148e-06
TYR	57659	HMDB	HMDB0250803_19_shen	D-Tyrosine	name_formula_mass	4	TRUE	TRUE	1.60000013238459e-09	4.00000033096148e-06
TYR	57660	HMDB	HMDB0250803_20_shen	D-Tyrosine	name_formula_mass	4	TRUE	TRUE	1.60000013238459e-09	4.00000033096148e-06
TYR	57661	HMDB	HMDB0250803_21_shen	D-Tyrosine	name_formula_mass	4	TRUE	TRUE	1.60000013238459e-09	4.00000033096148e-06
CPD-3642	57662	HMDB	HMDB0250806_1_shen	D-Valine	name_formula_mass	4	TRUE	TRUE	1.49999834775372e-09	3.74999586938429e-06
CPD-3642	57663	HMDB	HMDB0250806_2_shen	D-Valine	name_formula_mass	4	TRUE	TRUE	1.49999834775372e-09	3.74999586938429e-06
CPD-3642	57664	HMDB	HMDB0250806_3_shen	D-Valine	name_formula_mass	4	TRUE	TRUE	1.49999834775372e-09	3.74999586938429e-06
CPD-3642	57665	HMDB	HMDB0250806_4_shen	D-Valine	name_formula_mass	4	TRUE	TRUE	1.49999834775372e-09	3.74999586938429e-06
CPD-3642	57666	HMDB	HMDB0250806_5_shen	D-Valine	name_formula_mass	4	TRUE	TRUE	1.49999834775372e-09	3.74999586938429e-06
CPD-3642	57667	HMDB	HMDB0250806_6_shen	D-Valine	name_formula_mass	4	TRUE	TRUE	1.49999834775372e-09	3.74999586938429e-06
CPD-3642	57668	HMDB	HMDB0250806_7_shen	D-Valine	name_formula_mass	4	TRUE	TRUE	1.49999834775372e-09	3.74999586938429e-06
CPD-3642	57669	HMDB	HMDB0250806_8_shen	D-Valine	name_formula_mass	4	TRUE	TRUE	1.49999834775372e-09	3.74999586938429e-06
CPD-3642	57670	HMDB	HMDB0250806_9_shen	D-Valine	name_formula_mass	4	TRUE	TRUE	1.49999834775372e-09	3.74999586938429e-06
CPD-3642	57671	HMDB	HMDB0250806_10_shen	D-Valine	name_formula_mass	4	TRUE	TRUE	1.49999834775372e-09	3.74999586938429e-06
CPD-3642	57672	HMDB	HMDB0250806_11_shen	D-Valine	name_formula_mass	4	TRUE	TRUE	1.49999834775372e-09	3.74999586938429e-06
CPD-3642	57673	HMDB	HMDB0250806_12_shen	D-Valine	name_formula_mass	4	TRUE	TRUE	1.49999834775372e-09	3.74999586938429e-06
CPD-3642	57674	HMDB	HMDB0250806_13_shen	D-Valine	name_formula_mass	4	TRUE	TRUE	1.49999834775372e-09	3.74999586938429e-06
CPD-3642	57675	HMDB	HMDB0250806_14_shen	D-Valine	name_formula_mass	4	TRUE	TRUE	1.49999834775372e-09	3.74999586938429e-06
CPD-3642	57676	HMDB	HMDB0250806_15_shen	D-Valine	name_formula_mass	4	TRUE	TRUE	1.49999834775372e-09	3.74999586938429e-06
CPD-3642	57677	HMDB	HMDB0250806_16_shen	D-Valine	name_formula_mass	4	TRUE	TRUE	1.49999834775372e-09	3.74999586938429e-06
CPD-3642	57678	HMDB	HMDB0250806_17_shen	D-Valine	name_formula_mass	4	TRUE	TRUE	1.49999834775372e-09	3.74999586938429e-06
CPD-3642	57679	HMDB	HMDB0250806_18_shen	D-Valine	name_formula_mass	4	TRUE	TRUE	1.49999834775372e-09	3.74999586938429e-06
CPD-3642	57680	HMDB	HMDB0250806_19_shen	D-Valine	name_formula_mass	4	TRUE	TRUE	1.49999834775372e-09	3.74999586938429e-06
CPD-3642	57681	HMDB	HMDB0250806_20_shen	D-Valine	name_formula_mass	4	TRUE	TRUE	1.49999834775372e-09	3.74999586938429e-06
CPD-3642	57682	HMDB	HMDB0250806_21_shen	D-Valine	name_formula_mass	4	TRUE	TRUE	1.49999834775372e-09	3.74999586938429e-06
CPD-3642	57683	HMDB	HMDB0250806_22_shen	D-Valine	name_formula_mass	4	TRUE	TRUE	1.49999834775372e-09	3.74999586938429e-06
CPD-3642	57684	HMDB	HMDB0250806_23_shen	D-Valine	name_formula_mass	4	TRUE	TRUE	1.49999834775372e-09	3.74999586938429e-06
CPD-3642	57685	HMDB	HMDB0250806_24_shen	D-Valine	name_formula_mass	4	TRUE	TRUE	1.49999834775372e-09	3.74999586938429e-06
CPD-3642	57686	HMDB	HMDB0250806_25_shen	D-Valine	name_formula_mass	4	TRUE	TRUE	1.49999834775372e-09	3.74999586938429e-06
ARG	58574	HMDB	HMDB0251511_1_shen	DL-Arginine	name_formula_mass	4	FALSE	TRUE	7.40001837584714e-09	1.85000459396178e-05
ARG	58575	HMDB	HMDB0251511_2_shen	DL-Arginine	name_formula_mass	4	FALSE	TRUE	7.40001837584714e-09	1.85000459396178e-05
ARG	58576	HMDB	HMDB0251511_3_shen	DL-Arginine	name_formula_mass	4	FALSE	TRUE	7.40001837584714e-09	1.85000459396178e-05
ARG	58577	HMDB	HMDB0251511_4_shen	DL-Arginine	name_formula_mass	4	FALSE	TRUE	7.40001837584714e-09	1.85000459396178e-05
ARG	58578	HMDB	HMDB0251511_5_shen	DL-Arginine	name_formula_mass	4	FALSE	TRUE	7.40001837584714e-09	1.85000459396178e-05
ARG	58579	HMDB	HMDB0251511_6_shen	DL-Arginine	name_formula_mass	4	FALSE	TRUE	7.40001837584714e-09	1.85000459396178e-05
ARG	58580	HMDB	HMDB0251511_7_shen	DL-Arginine	name_formula_mass	4	FALSE	TRUE	7.40001837584714e-09	1.85000459396178e-05
ARG	58581	HMDB	HMDB0251511_8_shen	DL-Arginine	name_formula_mass	4	FALSE	TRUE	7.40001837584714e-09	1.85000459396178e-05
ARG	58582	HMDB	HMDB0251511_9_shen	DL-Arginine	name_formula_mass	4	FALSE	TRUE	7.40001837584714e-09	1.85000459396178e-05
ARG	58583	HMDB	HMDB0251511_10_shen	DL-Arginine	name_formula_mass	4	FALSE	TRUE	7.40001837584714e-09	1.85000459396178e-05
ARG	58584	HMDB	HMDB0251511_11_shen	DL-Arginine	name_formula_mass	4	FALSE	TRUE	7.40001837584714e-09	1.85000459396178e-05
ARG	58585	HMDB	HMDB0251511_12_shen	DL-Arginine	name_formula_mass	4	FALSE	TRUE	7.40001837584714e-09	1.85000459396178e-05
ARG	58586	HMDB	HMDB0251511_13_shen	DL-Arginine	name_formula_mass	4	FALSE	TRUE	7.40001837584714e-09	1.85000459396178e-05
ARG	58587	HMDB	HMDB0251511_14_shen	DL-Arginine	name_formula_mass	4	FALSE	TRUE	7.40001837584714e-09	1.85000459396178e-05
ARG	58588	HMDB	HMDB0251511_15_shen	DL-Arginine	name_formula_mass	4	FALSE	TRUE	7.40001837584714e-09	1.85000459396178e-05
ARG	58589	HMDB	HMDB0251511_16_shen	DL-Arginine	name_formula_mass	4	FALSE	TRUE	7.40001837584714e-09	1.85000459396178e-05
ARG	58590	HMDB	HMDB0251511_17_shen	DL-Arginine	name_formula_mass	4	FALSE	TRUE	7.40001837584714e-09	1.85000459396178e-05
ARG	58591	HMDB	HMDB0251511_18_shen	DL-Arginine	name_formula_mass	4	FALSE	TRUE	7.40001837584714e-09	1.85000459396178e-05
ARG	58592	HMDB	HMDB0251511_19_shen	DL-Arginine	name_formula_mass	4	FALSE	TRUE	7.40001837584714e-09	1.85000459396178e-05
ASN	58593	HMDB	HMDB0251512_1_shen	DL-Asparagine	name_formula_mass	4	TRUE	TRUE	1.499984136899e-09	3.7499603422475e-06
ASN	58594	HMDB	HMDB0251512_2_shen	DL-Asparagine	name_formula_mass	4	TRUE	TRUE	1.499984136899e-09	3.7499603422475e-06
ASN	58595	HMDB	HMDB0251512_3_shen	DL-Asparagine	name_formula_mass	4	TRUE	TRUE	1.499984136899e-09	3.7499603422475e-06
ASN	58596	HMDB	HMDB0251512_4_shen	DL-Asparagine	name_formula_mass	4	TRUE	TRUE	1.499984136899e-09	3.7499603422475e-06
ASN	58597	HMDB	HMDB0251512_5_shen	DL-Asparagine	name_formula_mass	4	TRUE	TRUE	1.499984136899e-09	3.7499603422475e-06
ASN	58598	HMDB	HMDB0251512_6_shen	DL-Asparagine	name_formula_mass	4	TRUE	TRUE	1.499984136899e-09	3.7499603422475e-06
ASN	58599	HMDB	HMDB0251512_7_shen	DL-Asparagine	name_formula_mass	4	TRUE	TRUE	1.499984136899e-09	3.7499603422475e-06
ASN	58600	HMDB	HMDB0251512_8_shen	DL-Asparagine	name_formula_mass	4	TRUE	TRUE	1.499984136899e-09	3.7499603422475e-06
ASN	58601	HMDB	HMDB0251512_9_shen	DL-Asparagine	name_formula_mass	4	TRUE	TRUE	1.499984136899e-09	3.7499603422475e-06
ASN	58602	HMDB	HMDB0251512_10_shen	DL-Asparagine	name_formula_mass	4	TRUE	TRUE	1.499984136899e-09	3.7499603422475e-06
ASN	58603	HMDB	HMDB0251512_11_shen	DL-Asparagine	name_formula_mass	4	TRUE	TRUE	1.499984136899e-09	3.7499603422475e-06
ASN	58604	HMDB	HMDB0251512_12_shen	DL-Asparagine	name_formula_mass	4	TRUE	TRUE	1.499984136899e-09	3.7499603422475e-06
CYS	58605	HMDB	HMDB0251515_1_shen	DL-Cysteine	name_formula_mass	4	TRUE	TRUE	1.10000542008493e-09	2.75001355021232e-06
CYS	58606	HMDB	HMDB0251515_2_shen	DL-Cysteine	name_formula_mass	4	TRUE	TRUE	1.10000542008493e-09	2.75001355021232e-06
CYS	58607	HMDB	HMDB0251515_3_shen	DL-Cysteine	name_formula_mass	4	TRUE	TRUE	1.10000542008493e-09	2.75001355021232e-06
CYS	58608	HMDB	HMDB0251515_4_shen	DL-Cysteine	name_formula_mass	4	TRUE	TRUE	1.10000542008493e-09	2.75001355021232e-06
CYS	58609	HMDB	HMDB0251515_5_shen	DL-Cysteine	name_formula_mass	4	TRUE	TRUE	1.10000542008493e-09	2.75001355021232e-06
CYS	58610	HMDB	HMDB0251515_6_shen	DL-Cysteine	name_formula_mass	4	TRUE	TRUE	1.10000542008493e-09	2.75001355021232e-06
CYS	58611	HMDB	HMDB0251515_7_shen	DL-Cysteine	name_formula_mass	4	TRUE	TRUE	1.10000542008493e-09	2.75001355021232e-06
CYS	58612	HMDB	HMDB0251515_8_shen	DL-Cysteine	name_formula_mass	4	TRUE	TRUE	1.10000542008493e-09	2.75001355021232e-06
L-2-AMINOHEXANOATE	58619	HMDB	HMDB0251526_shen	DL-Norleucine	name_formula_mass	4	TRUE	TRUE	3.69999497706885e-09	9.24998744267214e-06
PRO	58620	HMDB	HMDB0251528_1_shen	DL-Proline	name_formula_mass	4	TRUE	TRUE	1.29999477849196e-09	3.24998694622991e-06
PRO	58621	HMDB	HMDB0251528_2_shen	DL-Proline	name_formula_mass	4	TRUE	TRUE	1.29999477849196e-09	3.24998694622991e-06
PRO	58622	HMDB	HMDB0251528_3_shen	DL-Proline	name_formula_mass	4	TRUE	TRUE	1.29999477849196e-09	3.24998694622991e-06
PRO	58623	HMDB	HMDB0251528_4_shen	DL-Proline	name_formula_mass	4	TRUE	TRUE	1.29999477849196e-09	3.24998694622991e-06
PRO	58624	HMDB	HMDB0251528_5_shen	DL-Proline	name_formula_mass	4	TRUE	TRUE	1.29999477849196e-09	3.24998694622991e-06
PRO	58625	HMDB	HMDB0251528_6_shen	DL-Proline	name_formula_mass	4	TRUE	TRUE	1.29999477849196e-09	3.24998694622991e-06
PRO	58626	HMDB	HMDB0251528_7_shen	DL-Proline	name_formula_mass	4	TRUE	TRUE	1.29999477849196e-09	3.24998694622991e-06
PRO	58627	HMDB	HMDB0251528_8_shen	DL-Proline	name_formula_mass	4	TRUE	TRUE	1.29999477849196e-09	3.24998694622991e-06
PRO	58628	HMDB	HMDB0251528_9_shen	DL-Proline	name_formula_mass	4	TRUE	TRUE	1.29999477849196e-09	3.24998694622991e-06
PRO	58629	HMDB	HMDB0251528_10_shen	DL-Proline	name_formula_mass	4	TRUE	TRUE	1.29999477849196e-09	3.24998694622991e-06
PRO	58630	HMDB	HMDB0251528_11_shen	DL-Proline	name_formula_mass	4	TRUE	TRUE	1.29999477849196e-09	3.24998694622991e-06
PRO	58631	HMDB	HMDB0251528_12_shen	DL-Proline	name_formula_mass	4	TRUE	TRUE	1.29999477849196e-09	3.24998694622991e-06
PRO	58632	HMDB	HMDB0251528_13_shen	DL-Proline	name_formula_mass	4	TRUE	TRUE	1.29999477849196e-09	3.24998694622991e-06
PRO	58633	HMDB	HMDB0251528_14_shen	DL-Proline	name_formula_mass	4	TRUE	TRUE	1.29999477849196e-09	3.24998694622991e-06
PRO	58634	HMDB	HMDB0251528_15_shen	DL-Proline	name_formula_mass	4	TRUE	TRUE	1.29999477849196e-09	3.24998694622991e-06
PRO	58635	HMDB	HMDB0251528_16_shen	DL-Proline	name_formula_mass	4	TRUE	TRUE	1.29999477849196e-09	3.24998694622991e-06
PRO	58636	HMDB	HMDB0251528_17_shen	DL-Proline	name_formula_mass	4	TRUE	TRUE	1.29999477849196e-09	3.24998694622991e-06
PRO	58637	HMDB	HMDB0251528_18_shen	DL-Proline	name_formula_mass	4	TRUE	TRUE	1.29999477849196e-09	3.24998694622991e-06
PRO	58638	HMDB	HMDB0251528_19_shen	DL-Proline	name_formula_mass	4	TRUE	TRUE	1.29999477849196e-09	3.24998694622991e-06
PRO	58639	HMDB	HMDB0251528_20_shen	DL-Proline	name_formula_mass	4	TRUE	TRUE	1.29999477849196e-09	3.24998694622991e-06
LIPOIC-ACID	58640	HMDB	HMDB0251530_1_shen	Thioctic acid	name_formula_mass	4	FALSE	TRUE	1.60000013238459e-09	4.00000033096148e-06
LIPOIC-ACID	58641	HMDB	HMDB0251530_2_shen	Thioctic acid	name_formula_mass	4	FALSE	TRUE	1.60000013238459e-09	4.00000033096148e-06
LIPOIC-ACID	58642	HMDB	HMDB0251530_3_shen	Thioctic acid	name_formula_mass	4	FALSE	TRUE	1.60000013238459e-09	4.00000033096148e-06
LIPOIC-ACID	58643	HMDB	HMDB0251530_4_shen	Thioctic acid	name_formula_mass	4	FALSE	TRUE	1.60000013238459e-09	4.00000033096148e-06
LIPOIC-ACID	58644	HMDB	HMDB0251530_5_shen	Thioctic acid	name_formula_mass	4	FALSE	TRUE	1.60000013238459e-09	4.00000033096148e-06
LIPOIC-ACID	58645	HMDB	HMDB0251530_6_shen	Thioctic acid	name_formula_mass	4	FALSE	TRUE	1.60000013238459e-09	4.00000033096148e-06
LIPOIC-ACID	58646	HMDB	HMDB0251530_7_shen	Thioctic acid	name_formula_mass	4	FALSE	TRUE	1.60000013238459e-09	4.00000033096148e-06
LIPOIC-ACID	58647	HMDB	HMDB0251530_8_shen	Thioctic acid	name_formula_mass	4	FALSE	TRUE	1.60000013238459e-09	4.00000033096148e-06
CPD-17667	58776	HMDB	HMDB0251751_1_shen	Ellipticine	inchikey	1	TRUE	TRUE	8.00014277047012e-10	2.00003569261753e-06
CPD-17667	58777	HMDB	HMDB0251751_2_shen	Ellipticine	inchikey	1	TRUE	TRUE	8.00014277047012e-10	2.00003569261753e-06
CPD-17667	58778	HMDB	HMDB0251751_3_shen	Ellipticine	inchikey	1	TRUE	TRUE	8.00014277047012e-10	2.00003569261753e-06
CPD-17667	58779	HMDB	HMDB0251751_4_shen	Ellipticine	inchikey	1	TRUE	TRUE	8.00014277047012e-10	2.00003569261753e-06
CPD-17667	58780	HMDB	HMDB0251751_5_shen	Ellipticine	inchikey	1	TRUE	TRUE	8.00014277047012e-10	2.00003569261753e-06
CPD-17667	58781	HMDB	HMDB0251751_6_shen	Ellipticine	inchikey	1	TRUE	TRUE	8.00014277047012e-10	2.00003569261753e-06
CPD-17667	58782	HMDB	HMDB0251751_7_shen	Ellipticine	inchikey	1	TRUE	TRUE	8.00014277047012e-10	2.00003569261753e-06
CPD-17667	58783	HMDB	HMDB0251751_8_shen	Ellipticine	inchikey	1	TRUE	TRUE	8.00014277047012e-10	2.00003569261753e-06
CPD-17667	58784	HMDB	HMDB0251751_9_shen	Ellipticine	inchikey	1	TRUE	TRUE	8.00014277047012e-10	2.00003569261753e-06
CPD-17667	58785	HMDB	HMDB0251751_10_shen	Ellipticine	inchikey	1	TRUE	TRUE	8.00014277047012e-10	2.00003569261753e-06
CPD-17667	58786	HMDB	HMDB0251751_11_shen	Ellipticine	inchikey	1	TRUE	TRUE	8.00014277047012e-10	2.00003569261753e-06
CPD-17667	58787	HMDB	HMDB0251751_12_shen	Ellipticine	inchikey	1	TRUE	TRUE	8.00014277047012e-10	2.00003569261753e-06
CPD-17667	58788	HMDB	HMDB0251751_13_shen	Ellipticine	inchikey	1	TRUE	TRUE	8.00014277047012e-10	2.00003569261753e-06
CPD-17667	58789	HMDB	HMDB0251751_14_shen	Ellipticine	inchikey	1	TRUE	TRUE	8.00014277047012e-10	2.00003569261753e-06
CPD-17667	58790	HMDB	HMDB0251751_15_shen	Ellipticine	inchikey	1	TRUE	TRUE	8.00014277047012e-10	2.00003569261753e-06
CPD-17667	58791	HMDB	HMDB0251751_16_shen	Ellipticine	inchikey	1	TRUE	TRUE	8.00014277047012e-10	2.00003569261753e-06
CPD-17667	58792	HMDB	HMDB0251751_17_shen	Ellipticine	inchikey	1	TRUE	TRUE	8.00014277047012e-10	2.00003569261753e-06
CPD-17667	58793	HMDB	HMDB0251751_18_shen	Ellipticine	inchikey	1	TRUE	TRUE	8.00014277047012e-10	2.00003569261753e-06
CPD-17667	58794	HMDB	HMDB0251751_19_shen	Ellipticine	inchikey	1	TRUE	TRUE	8.00014277047012e-10	2.00003569261753e-06
CPD-17667	58795	HMDB	HMDB0251751_20_shen	Ellipticine	inchikey	1	TRUE	TRUE	8.00014277047012e-10	2.00003569261753e-06
CPD-17667	58796	HMDB	HMDB0251751_21_shen	Ellipticine	inchikey	1	TRUE	TRUE	8.00014277047012e-10	2.00003569261753e-06
CPD-17667	58797	HMDB	HMDB0251751_22_shen	Ellipticine	inchikey	1	TRUE	TRUE	8.00014277047012e-10	2.00003569261753e-06
CPD-17667	58798	HMDB	HMDB0251751_23_shen	Ellipticine	inchikey	1	TRUE	TRUE	8.00014277047012e-10	2.00003569261753e-06
CPD-17667	58799	HMDB	HMDB0251751_24_shen	Ellipticine	inchikey	1	TRUE	TRUE	8.00014277047012e-10	2.00003569261753e-06
CPD-17667	58800	HMDB	HMDB0251751_25_shen	Ellipticine	inchikey	1	TRUE	TRUE	8.00014277047012e-10	2.00003569261753e-06
CPD-17667	58801	HMDB	HMDB0251751_26_shen	Ellipticine	inchikey	1	TRUE	TRUE	8.00014277047012e-10	2.00003569261753e-06
CPD-14817	58802	HMDB	HMDB0251773_1_shen	Emetine	name_formula_mass	4	FALSE	TRUE	6.80000766806188e-09	1.41578691386987e-05
CPD-14817	58803	HMDB	HMDB0251773_2_shen	Emetine	name_formula_mass	4	FALSE	TRUE	6.80000766806188e-09	1.41578691386987e-05
CPD-14817	58804	HMDB	HMDB0251773_3_shen	Emetine	name_formula_mass	4	FALSE	TRUE	6.80000766806188e-09	1.41578691386987e-05
CPD-14817	58805	HMDB	HMDB0251773_4_shen	Emetine	name_formula_mass	4	FALSE	TRUE	6.80000766806188e-09	1.41578691386987e-05
CPD-14817	58806	HMDB	HMDB0251773_5_shen	Emetine	name_formula_mass	4	FALSE	TRUE	6.80000766806188e-09	1.41578691386987e-05
CPD-20974	58828	HMDB	HMDB0251858_1_shen	Epipinoresinol	inchikey	1	TRUE	TRUE	2.79999312624568e-09	6.9999828156142e-06
CPD-20974	58829	HMDB	HMDB0251858_2_shen	Epipinoresinol	inchikey	1	TRUE	TRUE	2.79999312624568e-09	6.9999828156142e-06
CPD-20974	58830	HMDB	HMDB0251858_3_shen	Epipinoresinol	inchikey	1	TRUE	TRUE	2.79999312624568e-09	6.9999828156142e-06
CPD-20974	58831	HMDB	HMDB0251858_4_shen	Epipinoresinol	inchikey	1	TRUE	TRUE	2.79999312624568e-09	6.9999828156142e-06
CPD-20974	58832	HMDB	HMDB0251858_5_shen	Epipinoresinol	inchikey	1	TRUE	TRUE	2.79999312624568e-09	6.9999828156142e-06
CPD-20974	58833	HMDB	HMDB0251858_6_shen	Epipinoresinol	inchikey	1	TRUE	TRUE	2.79999312624568e-09	6.9999828156142e-06
CPD-20974	58834	HMDB	HMDB0251858_7_shen	Epipinoresinol	inchikey	1	TRUE	TRUE	2.79999312624568e-09	6.9999828156142e-06
CPD-20974	58835	HMDB	HMDB0251858_8_shen	Epipinoresinol	inchikey	1	TRUE	TRUE	2.79999312624568e-09	6.9999828156142e-06
CPD-20974	58836	HMDB	HMDB0251858_9_shen	Epipinoresinol	inchikey	1	TRUE	TRUE	2.79999312624568e-09	6.9999828156142e-06
CPD-20974	58837	HMDB	HMDB0251858_10_shen	Epipinoresinol	inchikey	1	TRUE	TRUE	2.79999312624568e-09	6.9999828156142e-06
CPD-20974	58838	HMDB	HMDB0251858_11_shen	Epipinoresinol	inchikey	1	TRUE	TRUE	2.79999312624568e-09	6.9999828156142e-06
CPD-20974	58839	HMDB	HMDB0251858_12_shen	Epipinoresinol	inchikey	1	TRUE	TRUE	2.79999312624568e-09	6.9999828156142e-06
CPD-20975	59316	HMDB	HMDB0252297_1_shen	Flaxseeds extract	inchikey	1	TRUE	TRUE	3.20000026476919e-09	8.00000066192297e-06
CPD-20975	59317	HMDB	HMDB0252297_2_shen	Flaxseeds extract	inchikey	1	TRUE	TRUE	3.20000026476919e-09	8.00000066192297e-06
CPD-20975	59318	HMDB	HMDB0252297_3_shen	Flaxseeds extract	inchikey	1	TRUE	TRUE	3.20000026476919e-09	8.00000066192297e-06
CPD-20975	59319	HMDB	HMDB0252297_4_shen	Flaxseeds extract	inchikey	1	TRUE	TRUE	3.20000026476919e-09	8.00000066192297e-06
CPD-20975	59320	HMDB	HMDB0252297_5_shen	Flaxseeds extract	inchikey	1	TRUE	TRUE	3.20000026476919e-09	8.00000066192297e-06
CPD-20975	59321	HMDB	HMDB0252297_6_shen	Flaxseeds extract	inchikey	1	TRUE	TRUE	3.20000026476919e-09	8.00000066192297e-06
CPD-20975	59322	HMDB	HMDB0252297_7_shen	Flaxseeds extract	inchikey	1	TRUE	TRUE	3.20000026476919e-09	8.00000066192297e-06
CPD-20975	59323	HMDB	HMDB0252297_8_shen	Flaxseeds extract	inchikey	1	TRUE	TRUE	3.20000026476919e-09	8.00000066192297e-06
CPD-20975	59324	HMDB	HMDB0252297_9_shen	Flaxseeds extract	inchikey	1	TRUE	TRUE	3.20000026476919e-09	8.00000066192297e-06
CPD-20975	59325	HMDB	HMDB0252297_10_shen	Flaxseeds extract	inchikey	1	TRUE	TRUE	3.20000026476919e-09	8.00000066192297e-06
CPD-20975	59326	HMDB	HMDB0252297_11_shen	Flaxseeds extract	inchikey	1	TRUE	TRUE	3.20000026476919e-09	8.00000066192297e-06
CPD-20975	59327	HMDB	HMDB0252297_12_shen	Flaxseeds extract	inchikey	1	TRUE	TRUE	3.20000026476919e-09	8.00000066192297e-06
CPD-20975	59328	HMDB	HMDB0252297_13_shen	Flaxseeds extract	inchikey	1	TRUE	TRUE	3.20000026476919e-09	8.00000066192297e-06
CPD-20975	59329	HMDB	HMDB0252297_14_shen	Flaxseeds extract	inchikey	1	TRUE	TRUE	3.20000026476919e-09	8.00000066192297e-06
CPD-20975	59330	HMDB	HMDB0252297_15_shen	Flaxseeds extract	inchikey	1	TRUE	TRUE	3.20000026476919e-09	8.00000066192297e-06
CPD-5481	59665	HMDB	HMDB0252436_1_shen	Forchlorfenuron	inchikey	1	FALSE	FALSE	4.69998440166819e-09	1.17499610041705e-05
CPD-5481	59666	HMDB	HMDB0252436_2_shen	Forchlorfenuron	inchikey	1	FALSE	FALSE	4.69998440166819e-09	1.17499610041705e-05
CPD-5481	59667	HMDB	HMDB0252436_3_shen	Forchlorfenuron	inchikey	1	FALSE	FALSE	4.69998440166819e-09	1.17499610041705e-05
CPD-5481	59668	HMDB	HMDB0252436_4_shen	Forchlorfenuron	inchikey	1	FALSE	FALSE	4.69998440166819e-09	1.17499610041705e-05
CPD-5481	59669	HMDB	HMDB0252436_5_shen	Forchlorfenuron	inchikey	1	FALSE	FALSE	4.69998440166819e-09	1.17499610041705e-05
CPD-5481	59670	HMDB	HMDB0252436_6_shen	Forchlorfenuron	inchikey	1	FALSE	FALSE	4.69998440166819e-09	1.17499610041705e-05
CPD-5481	59671	HMDB	HMDB0252436_7_shen	Forchlorfenuron	inchikey	1	FALSE	FALSE	4.69998440166819e-09	1.17499610041705e-05
CPD-5481	59672	HMDB	HMDB0252436_8_shen	Forchlorfenuron	inchikey	1	FALSE	FALSE	4.69998440166819e-09	1.17499610041705e-05
CPD-5481	59673	HMDB	HMDB0252436_9_shen	Forchlorfenuron	inchikey	1	FALSE	FALSE	4.69998440166819e-09	1.17499610041705e-05
CPD-5481	59674	HMDB	HMDB0252436_10_shen	Forchlorfenuron	inchikey	1	FALSE	FALSE	4.69998440166819e-09	1.17499610041705e-05
CPD-5481	59675	HMDB	HMDB0252436_11_shen	Forchlorfenuron	inchikey	1	FALSE	FALSE	4.69998440166819e-09	1.17499610041705e-05
CPD-5481	59676	HMDB	HMDB0252436_12_shen	Forchlorfenuron	inchikey	1	FALSE	FALSE	4.69998440166819e-09	1.17499610041705e-05
CPD-5481	59677	HMDB	HMDB0252436_13_shen	Forchlorfenuron	inchikey	1	FALSE	FALSE	4.69998440166819e-09	1.17499610041705e-05
CPD-5481	59678	HMDB	HMDB0252436_14_shen	Forchlorfenuron	inchikey	1	FALSE	FALSE	4.69998440166819e-09	1.17499610041705e-05
CPD-5481	59679	HMDB	HMDB0252436_15_shen	Forchlorfenuron	inchikey	1	FALSE	FALSE	4.69998440166819e-09	1.17499610041705e-05
CPD-5481	59680	HMDB	HMDB0252436_16_shen	Forchlorfenuron	inchikey	1	FALSE	FALSE	4.69998440166819e-09	1.17499610041705e-05
CPD-5481	59681	HMDB	HMDB0252436_17_shen	Forchlorfenuron	inchikey	1	FALSE	FALSE	4.69998440166819e-09	1.17499610041705e-05
CPD-5481	59682	HMDB	HMDB0252436_18_shen	Forchlorfenuron	inchikey	1	FALSE	FALSE	4.69998440166819e-09	1.17499610041705e-05
CPD-5481	59683	HMDB	HMDB0252436_19_shen	Forchlorfenuron	inchikey	1	FALSE	FALSE	4.69998440166819e-09	1.17499610041705e-05
CPD-5481	59684	HMDB	HMDB0252436_20_shen	Forchlorfenuron	inchikey	1	FALSE	FALSE	4.69998440166819e-09	1.17499610041705e-05
CPD-5481	59685	HMDB	HMDB0252436_21_shen	Forchlorfenuron	inchikey	1	FALSE	FALSE	4.69998440166819e-09	1.17499610041705e-05
CPD-5481	59686	HMDB	HMDB0252436_22_shen	Forchlorfenuron	inchikey	1	FALSE	FALSE	4.69998440166819e-09	1.17499610041705e-05
CPD-5481	59687	HMDB	HMDB0252436_23_shen	Forchlorfenuron	inchikey	1	FALSE	FALSE	4.69998440166819e-09	1.17499610041705e-05
CPD-5481	59688	HMDB	HMDB0252436_24_shen	Forchlorfenuron	inchikey	1	FALSE	FALSE	4.69998440166819e-09	1.17499610041705e-05
CPD-5481	59689	HMDB	HMDB0252436_25_shen	Forchlorfenuron	inchikey	1	FALSE	FALSE	4.69998440166819e-09	1.17499610041705e-05
CPD-15486	59732	HMDB	HMDB0252684_1_shen	Genkwanin	inchikey	1	TRUE	TRUE	1.70001612787019e-09	4.25004031967546e-06
CPD-15486	59733	HMDB	HMDB0252684_2_shen	Genkwanin	inchikey	1	TRUE	TRUE	1.70001612787019e-09	4.25004031967546e-06
CPD-15486	59734	HMDB	HMDB0252684_3_shen	Genkwanin	inchikey	1	TRUE	TRUE	1.70001612787019e-09	4.25004031967546e-06
CPD-15486	59735	HMDB	HMDB0252684_4_shen	Genkwanin	inchikey	1	TRUE	TRUE	1.70001612787019e-09	4.25004031967546e-06
CPD-15486	59736	HMDB	HMDB0252684_5_shen	Genkwanin	inchikey	1	TRUE	TRUE	1.70001612787019e-09	4.25004031967546e-06
CPD-15486	59737	HMDB	HMDB0252684_6_shen	Genkwanin	inchikey	1	TRUE	TRUE	1.70001612787019e-09	4.25004031967546e-06
CPD-15486	59738	HMDB	HMDB0252684_7_shen	Genkwanin	inchikey	1	TRUE	TRUE	1.70001612787019e-09	4.25004031967546e-06
CPD-15486	59739	HMDB	HMDB0252684_8_shen	Genkwanin	inchikey	1	TRUE	TRUE	1.70001612787019e-09	4.25004031967546e-06
CPD-15486	59740	HMDB	HMDB0252684_9_shen	Genkwanin	inchikey	1	TRUE	TRUE	1.70001612787019e-09	4.25004031967546e-06
CPD-15450	59754	HMDB	HMDB0252724_1_shen	Ginsenoside C-K	name_formula_mass	4	TRUE	TRUE	1.09999973574304e-08	1.76722549654684e-05
CPD-15450	59755	HMDB	HMDB0252724_2_shen	Ginsenoside C-K	name_formula_mass	4	TRUE	TRUE	1.09999973574304e-08	1.76722549654684e-05
CPD-15450	59756	HMDB	HMDB0252724_3_shen	Ginsenoside C-K	name_formula_mass	4	TRUE	TRUE	1.09999973574304e-08	1.76722549654684e-05
HAEMATOPORPHYRIN-IX	59858	HMDB	HMDB0253077_1_shen	Hematoporphyrin	inchikey_connectivity_formula_mass	2	FALSE	TRUE	1.32000650410191e-08	2.20633885913645e-05
HAEMATOPORPHYRIN-IX	59859	HMDB	HMDB0253077_2_shen	Hematoporphyrin	inchikey_connectivity_formula_mass	2	FALSE	TRUE	1.32000650410191e-08	2.20633885913645e-05
HAEMATOPORPHYRIN-IX	59860	HMDB	HMDB0253077_3_shen	Hematoporphyrin	inchikey_connectivity_formula_mass	2	FALSE	TRUE	1.32000650410191e-08	2.20633885913645e-05
HAEMATOPORPHYRIN-IX	59861	HMDB	HMDB0253077_4_shen	Hematoporphyrin	inchikey_connectivity_formula_mass	2	FALSE	TRUE	1.32000650410191e-08	2.20633885913645e-05
HAEMATOPORPHYRIN-IX	59862	HMDB	HMDB0253077_5_shen	Hematoporphyrin	inchikey_connectivity_formula_mass	2	FALSE	TRUE	1.32000650410191e-08	2.20633885913645e-05
CPD-7071	59932	HMDB	HMDB0253205_1_shen	Homoeriodictyol	name_formula_mass	4	FALSE	TRUE	1.99997884919867e-09	4.99994712299667e-06
CPD-7071	59933	HMDB	HMDB0253205_2_shen	Homoeriodictyol	name_formula_mass	4	FALSE	TRUE	1.99997884919867e-09	4.99994712299667e-06
CPD-7071	59934	HMDB	HMDB0253205_3_shen	Homoeriodictyol	name_formula_mass	4	FALSE	TRUE	1.99997884919867e-09	4.99994712299667e-06
CPD-7071	59935	HMDB	HMDB0253205_4_shen	Homoeriodictyol	name_formula_mass	4	FALSE	TRUE	1.99997884919867e-09	4.99994712299667e-06
CPD-7071	59936	HMDB	HMDB0253205_5_shen	Homoeriodictyol	name_formula_mass	4	FALSE	TRUE	1.99997884919867e-09	4.99994712299667e-06
CPD-7071	59937	HMDB	HMDB0253205_6_shen	Homoeriodictyol	name_formula_mass	4	FALSE	TRUE	1.99997884919867e-09	4.99994712299667e-06
ISOORIENTIN	60284	HMDB	HMDB0253666_1_shen	Isoorientin	name_formula_mass	4	FALSE	TRUE	3.10001269099303e-09	6.91811829183817e-06
ISOORIENTIN	60285	HMDB	HMDB0253666_2_shen	Isoorientin	name_formula_mass	4	FALSE	TRUE	3.10001269099303e-09	6.91811829183817e-06
ISOORIENTIN	60286	HMDB	HMDB0253666_3_shen	Isoorientin	name_formula_mass	4	FALSE	TRUE	3.10001269099303e-09	6.91811829183817e-06
ISOORIENTIN	60287	HMDB	HMDB0253666_4_shen	Isoorientin	name_formula_mass	4	FALSE	TRUE	3.10001269099303e-09	6.91811829183817e-06
ISOORIENTIN	60288	HMDB	HMDB0253666_5_shen	Isoorientin	name_formula_mass	4	FALSE	TRUE	3.10001269099303e-09	6.91811829183817e-06
ISOORIENTIN	60289	HMDB	HMDB0253666_6_shen	Isoorientin	name_formula_mass	4	FALSE	TRUE	3.10001269099303e-09	6.91811829183817e-06
ISOORIENTIN	60290	HMDB	HMDB0253666_7_shen	Isoorientin	name_formula_mass	4	FALSE	TRUE	3.10001269099303e-09	6.91811829183817e-06
ISOORIENTIN	60291	HMDB	HMDB0253666_8_shen	Isoorientin	name_formula_mass	4	FALSE	TRUE	3.10001269099303e-09	6.91811829183817e-06
ISOORIENTIN	60292	HMDB	HMDB0253666_9_shen	Isoorientin	name_formula_mass	4	FALSE	TRUE	3.10001269099303e-09	6.91811829183817e-06
ISOORIENTIN	60293	HMDB	HMDB0253666_10_shen	Isoorientin	name_formula_mass	4	FALSE	TRUE	3.10001269099303e-09	6.91811829183817e-06
ISOORIENTIN	60294	HMDB	HMDB0253666_11_shen	Isoorientin	name_formula_mass	4	FALSE	TRUE	3.10001269099303e-09	6.91811829183817e-06
ISOORIENTIN	60295	HMDB	HMDB0253666_12_shen	Isoorientin	name_formula_mass	4	FALSE	TRUE	3.10001269099303e-09	6.91811829183817e-06
ISOORIENTIN	60296	HMDB	HMDB0253666_13_shen	Isoorientin	name_formula_mass	4	FALSE	TRUE	3.10001269099303e-09	6.91811829183817e-06
ISOORIENTIN	60297	HMDB	HMDB0253666_14_shen	Isoorientin	name_formula_mass	4	FALSE	TRUE	3.10001269099303e-09	6.91811829183817e-06
ISOORIENTIN	60298	HMDB	HMDB0253666_15_shen	Isoorientin	name_formula_mass	4	FALSE	TRUE	3.10001269099303e-09	6.91811829183817e-06
ISOORIENTIN	60299	HMDB	HMDB0253666_16_shen	Isoorientin	name_formula_mass	4	FALSE	TRUE	3.10001269099303e-09	6.91811829183817e-06
ISOORIENTIN	60300	HMDB	HMDB0253666_17_shen	Isoorientin	name_formula_mass	4	FALSE	TRUE	3.10001269099303e-09	6.91811829183817e-06
ISOORIENTIN	60301	HMDB	HMDB0253666_18_shen	Isoorientin	name_formula_mass	4	FALSE	TRUE	3.10001269099303e-09	6.91811829183817e-06
ISOORIENTIN	60302	HMDB	HMDB0253666_19_shen	Isoorientin	name_formula_mass	4	FALSE	TRUE	3.10001269099303e-09	6.91811829183817e-06
ISOORIENTIN	60303	HMDB	HMDB0253666_20_shen	Isoorientin	name_formula_mass	4	FALSE	TRUE	3.10001269099303e-09	6.91811829183817e-06
ISOORIENTIN	60304	HMDB	HMDB0253666_21_shen	Isoorientin	name_formula_mass	4	FALSE	TRUE	3.10001269099303e-09	6.91811829183817e-06
ISOORIENTIN	60305	HMDB	HMDB0253666_22_shen	Isoorientin	name_formula_mass	4	FALSE	TRUE	3.10001269099303e-09	6.91811829183817e-06
ISOORIENTIN	60306	HMDB	HMDB0253666_23_shen	Isoorientin	name_formula_mass	4	FALSE	TRUE	3.10001269099303e-09	6.91811829183817e-06
ISOORIENTIN	60307	HMDB	HMDB0253666_24_shen	Isoorientin	name_formula_mass	4	FALSE	TRUE	3.10001269099303e-09	6.91811829183817e-06
ISOORIENTIN	60308	HMDB	HMDB0253666_25_shen	Isoorientin	name_formula_mass	4	FALSE	TRUE	3.10001269099303e-09	6.91811829183817e-06
ISOORIENTIN	60309	HMDB	HMDB0253666_26_shen	Isoorientin	name_formula_mass	4	FALSE	TRUE	3.10001269099303e-09	6.91811829183817e-06
ISOORIENTIN	60310	HMDB	HMDB0253666_27_shen	Isoorientin	name_formula_mass	4	FALSE	TRUE	3.10001269099303e-09	6.91811829183817e-06
ISOORIENTIN	60311	HMDB	HMDB0253666_28_shen	Isoorientin	name_formula_mass	4	FALSE	TRUE	3.10001269099303e-09	6.91811829183817e-06
ISOORIENTIN	60312	HMDB	HMDB0253666_29_shen	Isoorientin	name_formula_mass	4	FALSE	TRUE	3.10001269099303e-09	6.91811829183817e-06
ISOORIENTIN	60313	HMDB	HMDB0253666_30_shen	Isoorientin	name_formula_mass	4	FALSE	TRUE	3.10001269099303e-09	6.91811829183817e-06
ISOORIENTIN	60314	HMDB	HMDB0253666_31_shen	Isoorientin	name_formula_mass	4	FALSE	TRUE	3.10001269099303e-09	6.91811829183817e-06
ISOORIENTIN	60315	HMDB	HMDB0253666_32_shen	Isoorientin	name_formula_mass	4	FALSE	TRUE	3.10001269099303e-09	6.91811829183817e-06
ISOORIENTIN	60316	HMDB	HMDB0253666_33_shen	Isoorientin	name_formula_mass	4	FALSE	TRUE	3.10001269099303e-09	6.91811829183817e-06
ISOORIENTIN	60317	HMDB	HMDB0253666_34_shen	Isoorientin	name_formula_mass	4	FALSE	TRUE	3.10001269099303e-09	6.91811829183817e-06
ISOORIENTIN	60318	HMDB	HMDB0253666_35_shen	Isoorientin	name_formula_mass	4	FALSE	TRUE	3.10001269099303e-09	6.91811829183817e-06
ISOORIENTIN	60319	HMDB	HMDB0253666_36_shen	Isoorientin	name_formula_mass	4	FALSE	TRUE	3.10001269099303e-09	6.91811829183817e-06
ISOORIENTIN	60320	HMDB	HMDB0253666_37_shen	Isoorientin	name_formula_mass	4	FALSE	TRUE	3.10001269099303e-09	6.91811829183817e-06
CPD-7080	60367	HMDB	HMDB0253690_1_shen	Isosakuranetin	inchikey_connectivity_formula_mass	2	FALSE	TRUE	8.89997409103671e-09	2.22499352275918e-05
CPD-7080	60368	HMDB	HMDB0253690_2_shen	Isosakuranetin	inchikey_connectivity_formula_mass	2	FALSE	TRUE	8.89997409103671e-09	2.22499352275918e-05
CPD-7080	60369	HMDB	HMDB0253690_3_shen	Isosakuranetin	inchikey_connectivity_formula_mass	2	FALSE	TRUE	8.89997409103671e-09	2.22499352275918e-05
CPD-7080	60370	HMDB	HMDB0253690_4_shen	Isosakuranetin	inchikey_connectivity_formula_mass	2	FALSE	TRUE	8.89997409103671e-09	2.22499352275918e-05
CPD-7080	60371	HMDB	HMDB0253690_5_shen	Isosakuranetin	inchikey_connectivity_formula_mass	2	FALSE	TRUE	8.89997409103671e-09	2.22499352275918e-05
CPD-7080	60372	HMDB	HMDB0253690_6_shen	Isosakuranetin	inchikey_connectivity_formula_mass	2	FALSE	TRUE	8.89997409103671e-09	2.22499352275918e-05
CPD-7080	60373	HMDB	HMDB0253690_7_shen	Isosakuranetin	inchikey_connectivity_formula_mass	2	FALSE	TRUE	8.89997409103671e-09	2.22499352275918e-05
CPD-7080	60374	HMDB	HMDB0253690_8_shen	Isosakuranetin	inchikey_connectivity_formula_mass	2	FALSE	TRUE	8.89997409103671e-09	2.22499352275918e-05
CPD-7080	60375	HMDB	HMDB0253690_9_shen	Isosakuranetin	inchikey_connectivity_formula_mass	2	FALSE	TRUE	8.89997409103671e-09	2.22499352275918e-05
CPD-7080	60376	HMDB	HMDB0253690_10_shen	Isosakuranetin	inchikey_connectivity_formula_mass	2	FALSE	TRUE	8.89997409103671e-09	2.22499352275918e-05
CPD-7080	60377	HMDB	HMDB0253690_11_shen	Isosakuranetin	inchikey_connectivity_formula_mass	2	FALSE	TRUE	8.89997409103671e-09	2.22499352275918e-05
CPD-7080	60378	HMDB	HMDB0253690_12_shen	Isosakuranetin	inchikey_connectivity_formula_mass	2	FALSE	TRUE	8.89997409103671e-09	2.22499352275918e-05
ISOVITEXIN	60392	HMDB	HMDB0253708_1_shen	Isovitexin	name_formula_mass	4	FALSE	TRUE	3.00002511721686e-09	6.94280470296198e-06
ISOVITEXIN	60393	HMDB	HMDB0253708_2_shen	Isovitexin	name_formula_mass	4	FALSE	TRUE	3.00002511721686e-09	6.94280470296198e-06
ISOVITEXIN	60394	HMDB	HMDB0253708_3_shen	Isovitexin	name_formula_mass	4	FALSE	TRUE	3.00002511721686e-09	6.94280470296198e-06
ISOVITEXIN	60395	HMDB	HMDB0253708_4_shen	Isovitexin	name_formula_mass	4	FALSE	TRUE	3.00002511721686e-09	6.94280470296198e-06
ISOVITEXIN	60396	HMDB	HMDB0253708_5_shen	Isovitexin	name_formula_mass	4	FALSE	TRUE	3.00002511721686e-09	6.94280470296198e-06
ISOVITEXIN	60397	HMDB	HMDB0253708_6_shen	Isovitexin	name_formula_mass	4	FALSE	TRUE	3.00002511721686e-09	6.94280470296198e-06
ISOVITEXIN	60398	HMDB	HMDB0253708_7_shen	Isovitexin	name_formula_mass	4	FALSE	TRUE	3.00002511721686e-09	6.94280470296198e-06
ISOVITEXIN	60399	HMDB	HMDB0253708_8_shen	Isovitexin	name_formula_mass	4	FALSE	TRUE	3.00002511721686e-09	6.94280470296198e-06
ISOVITEXIN	60400	HMDB	HMDB0253708_9_shen	Isovitexin	name_formula_mass	4	FALSE	TRUE	3.00002511721686e-09	6.94280470296198e-06
ISOVITEXIN	60401	HMDB	HMDB0253708_10_shen	Isovitexin	name_formula_mass	4	FALSE	TRUE	3.00002511721686e-09	6.94280470296198e-06
ISOVITEXIN	60402	HMDB	HMDB0253708_11_shen	Isovitexin	name_formula_mass	4	FALSE	TRUE	3.00002511721686e-09	6.94280470296198e-06
ISOVITEXIN	60403	HMDB	HMDB0253708_12_shen	Isovitexin	name_formula_mass	4	FALSE	TRUE	3.00002511721686e-09	6.94280470296198e-06
ISOVITEXIN	60404	HMDB	HMDB0253708_13_shen	Isovitexin	name_formula_mass	4	FALSE	TRUE	3.00002511721686e-09	6.94280470296198e-06
ISOVITEXIN	60405	HMDB	HMDB0253708_14_shen	Isovitexin	name_formula_mass	4	FALSE	TRUE	3.00002511721686e-09	6.94280470296198e-06
ISOVITEXIN	60406	HMDB	HMDB0253708_15_shen	Isovitexin	name_formula_mass	4	FALSE	TRUE	3.00002511721686e-09	6.94280470296198e-06
ISOVITEXIN	60407	HMDB	HMDB0253708_16_shen	Isovitexin	name_formula_mass	4	FALSE	TRUE	3.00002511721686e-09	6.94280470296198e-06
ISOVITEXIN	60408	HMDB	HMDB0253708_17_shen	Isovitexin	name_formula_mass	4	FALSE	TRUE	3.00002511721686e-09	6.94280470296198e-06
ISOVITEXIN	60409	HMDB	HMDB0253708_18_shen	Isovitexin	name_formula_mass	4	FALSE	TRUE	3.00002511721686e-09	6.94280470296198e-06
ISOVITEXIN	60410	HMDB	HMDB0253708_19_shen	Isovitexin	name_formula_mass	4	FALSE	TRUE	3.00002511721686e-09	6.94280470296198e-06
ISOVITEXIN	60411	HMDB	HMDB0253708_20_shen	Isovitexin	name_formula_mass	4	FALSE	TRUE	3.00002511721686e-09	6.94280470296198e-06
ISOVITEXIN	60412	HMDB	HMDB0253708_21_shen	Isovitexin	name_formula_mass	4	FALSE	TRUE	3.00002511721686e-09	6.94280470296198e-06
ISOVITEXIN	60413	HMDB	HMDB0253708_22_shen	Isovitexin	name_formula_mass	4	FALSE	TRUE	3.00002511721686e-09	6.94280470296198e-06
CPD-20973	60548	HMDB	HMDB0253982_1_shen	Lariciresinol	inchikey	1	TRUE	TRUE	3.00002511721686e-09	7.50006279304216e-06
CPD-20973	60549	HMDB	HMDB0253982_2_shen	Lariciresinol	inchikey	1	TRUE	TRUE	3.00002511721686e-09	7.50006279304216e-06
CPD-20973	60550	HMDB	HMDB0253982_3_shen	Lariciresinol	inchikey	1	TRUE	TRUE	3.00002511721686e-09	7.50006279304216e-06
CPD-20973	60551	HMDB	HMDB0253982_4_shen	Lariciresinol	inchikey	1	TRUE	TRUE	3.00002511721686e-09	7.50006279304216e-06
CPD-20973	60552	HMDB	HMDB0253982_5_shen	Lariciresinol	inchikey	1	TRUE	TRUE	3.00002511721686e-09	7.50006279304216e-06
CPD-20973	60553	HMDB	HMDB0253982_6_shen	Lariciresinol	inchikey	1	TRUE	TRUE	3.00002511721686e-09	7.50006279304216e-06
CPD-20973	60554	HMDB	HMDB0253982_7_shen	Lariciresinol	inchikey	1	TRUE	TRUE	3.00002511721686e-09	7.50006279304216e-06
CPD-20973	60555	HMDB	HMDB0253982_8_shen	Lariciresinol	inchikey	1	TRUE	TRUE	3.00002511721686e-09	7.50006279304216e-06
CPD-20973	60556	HMDB	HMDB0253982_9_shen	Lariciresinol	inchikey	1	TRUE	TRUE	3.00002511721686e-09	7.50006279304216e-06
CPD-20973	60557	HMDB	HMDB0253982_10_shen	Lariciresinol	inchikey	1	TRUE	TRUE	3.00002511721686e-09	7.50006279304216e-06
CPD-20973	60558	HMDB	HMDB0253982_11_shen	Lariciresinol	inchikey	1	TRUE	TRUE	3.00002511721686e-09	7.50006279304216e-06
CPD-20973	60559	HMDB	HMDB0253982_12_shen	Lariciresinol	inchikey	1	TRUE	TRUE	3.00002511721686e-09	7.50006279304216e-06
CPD-20973	60560	HMDB	HMDB0253982_13_shen	Lariciresinol	inchikey	1	TRUE	TRUE	3.00002511721686e-09	7.50006279304216e-06
L-LEUCYL-L-LEUCINE	60577	HMDB	HMDB0254039_shen	Leucyl-leucine	name_formula_mass	4	TRUE	TRUE	3.10001269099303e-09	7.75003172748256e-06
Medicarpin	60855	HMDB	HMDB0254403_1_shen	Medicarpin	inchikey	1	TRUE	TRUE	1.80000370164635e-09	4.50000925411587e-06
Medicarpin	60856	HMDB	HMDB0254403_2_shen	Medicarpin	inchikey	1	TRUE	TRUE	1.80000370164635e-09	4.50000925411587e-06
Medicarpin	60857	HMDB	HMDB0254403_3_shen	Medicarpin	inchikey	1	TRUE	TRUE	1.80000370164635e-09	4.50000925411587e-06
CPD0-889	61311	HMDB	HMDB0255007_shen	N-(4-Aminobenzoyl)-L-glutamic acid	inchikey_connectivity_formula_mass	2	FALSE	TRUE	1.13000169221777e-08	2.82500423054444e-05
N-ETHYLMALEIMIDE	61381	HMDB	HMDB0255137_1_shen	N-ethylmaleimide	inchikey	1	TRUE	TRUE	1.09999120923021e-09	2.74997802307553e-06
N-ETHYLMALEIMIDE	61382	HMDB	HMDB0255137_2_shen	N-ethylmaleimide	inchikey	1	TRUE	TRUE	1.09999120923021e-09	2.74997802307553e-06
N-ETHYLMALEIMIDE	61383	HMDB	HMDB0255137_3_shen	N-ethylmaleimide	inchikey	1	TRUE	TRUE	1.09999120923021e-09	2.74997802307553e-06
N-ETHYLMALEIMIDE	61384	HMDB	HMDB0255137_4_shen	N-ethylmaleimide	inchikey	1	TRUE	TRUE	1.09999120923021e-09	2.74997802307553e-06
CPD-15468	61662	HMDB	HMDB0255572_1_shen	Nevadensin	inchikey	1	TRUE	TRUE	2.29999841394601e-09	5.74999603486503e-06
CPD-15468	61663	HMDB	HMDB0255572_2_shen	Nevadensin	inchikey	1	TRUE	TRUE	2.29999841394601e-09	5.74999603486503e-06
CPD-15468	61664	HMDB	HMDB0255572_3_shen	Nevadensin	inchikey	1	TRUE	TRUE	2.29999841394601e-09	5.74999603486503e-06
CPD-15468	61665	HMDB	HMDB0255572_4_shen	Nevadensin	inchikey	1	TRUE	TRUE	2.29999841394601e-09	5.74999603486503e-06
CPD-15468	61666	HMDB	HMDB0255572_5_shen	Nevadensin	inchikey	1	TRUE	TRUE	2.29999841394601e-09	5.74999603486503e-06
CPD-15468	61667	HMDB	HMDB0255572_6_shen	Nevadensin	inchikey	1	TRUE	TRUE	2.29999841394601e-09	5.74999603486503e-06
CPD-15468	61668	HMDB	HMDB0255572_7_shen	Nevadensin	inchikey	1	TRUE	TRUE	2.29999841394601e-09	5.74999603486503e-06
CPD-15468	61669	HMDB	HMDB0255572_8_shen	Nevadensin	inchikey	1	TRUE	TRUE	2.29999841394601e-09	5.74999603486503e-06
CPD-15468	61670	HMDB	HMDB0255572_9_shen	Nevadensin	inchikey	1	TRUE	TRUE	2.29999841394601e-09	5.74999603486503e-06
CPD-15468	61671	HMDB	HMDB0255572_10_shen	Nevadensin	inchikey	1	TRUE	TRUE	2.29999841394601e-09	5.74999603486503e-06
CPD-15468	61672	HMDB	HMDB0255572_11_shen	Nevadensin	inchikey	1	TRUE	TRUE	2.29999841394601e-09	5.74999603486503e-06
O-SUCCINYL-L-HOMOSERINE	61815	HMDB	HMDB0255868_shen	O-Succinyl-L-homoserine	name_formula_mass	4	FALSE	TRUE	2.09999484468426e-09	5.24998711171065e-06
CPD-7084	62181	HMDB	HMDB0256448_1_shen	Phenylthiourea	inchikey	1	TRUE	TRUE	1.19999299386109e-09	2.99998248465272e-06
CPD-7084	62182	HMDB	HMDB0256448_2_shen	Phenylthiourea	inchikey	1	TRUE	TRUE	1.19999299386109e-09	2.99998248465272e-06
CPD-7084	62183	HMDB	HMDB0256448_3_shen	Phenylthiourea	inchikey	1	TRUE	TRUE	1.19999299386109e-09	2.99998248465272e-06
CPD-7084	62184	HMDB	HMDB0256448_4_shen	Phenylthiourea	inchikey	1	TRUE	TRUE	1.19999299386109e-09	2.99998248465272e-06
CPD-7084	62185	HMDB	HMDB0256448_5_shen	Phenylthiourea	inchikey	1	TRUE	TRUE	1.19999299386109e-09	2.99998248465272e-06
CPD-7084	62186	HMDB	HMDB0256448_6_shen	Phenylthiourea	inchikey	1	TRUE	TRUE	1.19999299386109e-09	2.99998248465272e-06
CPD-7084	62187	HMDB	HMDB0256448_7_shen	Phenylthiourea	inchikey	1	TRUE	TRUE	1.19999299386109e-09	2.99998248465272e-06
CPD-7084	62188	HMDB	HMDB0256448_8_shen	Phenylthiourea	inchikey	1	TRUE	TRUE	1.19999299386109e-09	2.99998248465272e-06
CPD-7084	62189	HMDB	HMDB0256448_9_shen	Phenylthiourea	inchikey	1	TRUE	TRUE	1.19999299386109e-09	2.99998248465272e-06
CPD-7084	62190	HMDB	HMDB0256448_10_shen	Phenylthiourea	inchikey	1	TRUE	TRUE	1.19999299386109e-09	2.99998248465272e-06
CPD-7084	62191	HMDB	HMDB0256448_11_shen	Phenylthiourea	inchikey	1	TRUE	TRUE	1.19999299386109e-09	2.99998248465272e-06
CPD-7084	62192	HMDB	HMDB0256448_12_shen	Phenylthiourea	inchikey	1	TRUE	TRUE	1.19999299386109e-09	2.99998248465272e-06
CPD-25183	62995	HMDB	HMDB0257311_1_shen	Rosmarinate	name_formula_mass	4	FALSE	TRUE	1.54000190377701e-08	3.85000475944253e-05
CPD-25183	62996	HMDB	HMDB0257311_2_shen	Rosmarinate	name_formula_mass	4	FALSE	TRUE	1.54000190377701e-08	3.85000475944253e-05
CPD-25183	62997	HMDB	HMDB0257311_3_shen	Rosmarinate	name_formula_mass	4	FALSE	TRUE	1.54000190377701e-08	3.85000475944253e-05
CPD-25183	62998	HMDB	HMDB0257311_4_shen	Rosmarinate	name_formula_mass	4	FALSE	TRUE	1.54000190377701e-08	3.85000475944253e-05
CPD-25183	62999	HMDB	HMDB0257311_5_shen	Rosmarinate	name_formula_mass	4	FALSE	TRUE	1.54000190377701e-08	3.85000475944253e-05
CPD-25183	63000	HMDB	HMDB0257311_6_shen	Rosmarinate	name_formula_mass	4	FALSE	TRUE	1.54000190377701e-08	3.85000475944253e-05
CPD-25183	63001	HMDB	HMDB0257311_7_shen	Rosmarinate	name_formula_mass	4	FALSE	TRUE	1.54000190377701e-08	3.85000475944253e-05
CPD-25183	63002	HMDB	HMDB0257311_8_shen	Rosmarinate	name_formula_mass	4	FALSE	TRUE	1.54000190377701e-08	3.85000475944253e-05
CPD-25183	63003	HMDB	HMDB0257311_9_shen	Rosmarinate	name_formula_mass	4	FALSE	TRUE	1.54000190377701e-08	3.85000475944253e-05
CPD-25183	63004	HMDB	HMDB0257311_10_shen	Rosmarinate	name_formula_mass	4	FALSE	TRUE	1.54000190377701e-08	3.85000475944253e-05
CPD-25183	63005	HMDB	HMDB0257311_11_shen	Rosmarinate	name_formula_mass	4	FALSE	TRUE	1.54000190377701e-08	3.85000475944253e-05
CPD-25183	63006	HMDB	HMDB0257311_12_shen	Rosmarinate	name_formula_mass	4	FALSE	TRUE	1.54000190377701e-08	3.85000475944253e-05
CPD-25183	63007	HMDB	HMDB0257311_13_shen	Rosmarinate	name_formula_mass	4	FALSE	TRUE	1.54000190377701e-08	3.85000475944253e-05
CPD-13354	63097	HMDB	HMDB0257463_shen	Salidroside	name_formula_mass	4	TRUE	TRUE	2.70000555246952e-09	6.7500138811738e-06
CPD-10347	63098	HMDB	HMDB0257484_1_shen	Saponarin	name_formula_mass	4	TRUE	TRUE	4.50006609753473e-09	7.57384826190263e-06
CPD-10347	63099	HMDB	HMDB0257484_2_shen	Saponarin	name_formula_mass	4	TRUE	TRUE	4.50006609753473e-09	7.57384826190263e-06
CPD-10347	63100	HMDB	HMDB0257484_3_shen	Saponarin	name_formula_mass	4	TRUE	TRUE	4.50006609753473e-09	7.57384826190263e-06
CPD-10347	63101	HMDB	HMDB0257484_4_shen	Saponarin	name_formula_mass	4	TRUE	TRUE	4.50006609753473e-09	7.57384826190263e-06
CPD-10347	63102	HMDB	HMDB0257484_5_shen	Saponarin	name_formula_mass	4	TRUE	TRUE	4.50006609753473e-09	7.57384826190263e-06
CPD-10347	63103	HMDB	HMDB0257484_6_shen	Saponarin	name_formula_mass	4	TRUE	TRUE	4.50006609753473e-09	7.57384826190263e-06
CPD-10347	63104	HMDB	HMDB0257484_7_shen	Saponarin	name_formula_mass	4	TRUE	TRUE	4.50006609753473e-09	7.57384826190263e-06
CPD-10347	63105	HMDB	HMDB0257484_8_shen	Saponarin	name_formula_mass	4	TRUE	TRUE	4.50006609753473e-09	7.57384826190263e-06
CPD-10347	63106	HMDB	HMDB0257484_9_shen	Saponarin	name_formula_mass	4	TRUE	TRUE	4.50006609753473e-09	7.57384826190263e-06
CPD-10347	63107	HMDB	HMDB0257484_10_shen	Saponarin	name_formula_mass	4	TRUE	TRUE	4.50006609753473e-09	7.57384826190263e-06
CPD-10347	63108	HMDB	HMDB0257484_11_shen	Saponarin	name_formula_mass	4	TRUE	TRUE	4.50006609753473e-09	7.57384826190263e-06
CPD-10347	63109	HMDB	HMDB0257484_12_shen	Saponarin	name_formula_mass	4	TRUE	TRUE	4.50006609753473e-09	7.57384826190263e-06
CPD-10347	63110	HMDB	HMDB0257484_13_shen	Saponarin	name_formula_mass	4	TRUE	TRUE	4.50006609753473e-09	7.57384826190263e-06
SINAPALDEHYDE	63228	HMDB	HMDB0258301_1_shen	Sinapaldehyde	name_formula_mass	4	TRUE	TRUE	7.59999352339946e-09	1.89999838084987e-05
SINAPALDEHYDE	63229	HMDB	HMDB0258301_2_shen	Sinapaldehyde	name_formula_mass	4	TRUE	TRUE	7.59999352339946e-09	1.89999838084987e-05
SINAPALDEHYDE	63230	HMDB	HMDB0258301_3_shen	Sinapaldehyde	name_formula_mass	4	TRUE	TRUE	7.59999352339946e-09	1.89999838084987e-05
SINAPALDEHYDE	63231	HMDB	HMDB0258301_4_shen	Sinapaldehyde	name_formula_mass	4	TRUE	TRUE	7.59999352339946e-09	1.89999838084987e-05
SINAPALDEHYDE	63232	HMDB	HMDB0258301_5_shen	Sinapaldehyde	name_formula_mass	4	TRUE	TRUE	7.59999352339946e-09	1.89999838084987e-05
SINAPALDEHYDE	63233	HMDB	HMDB0258301_6_shen	Sinapaldehyde	name_formula_mass	4	TRUE	TRUE	7.59999352339946e-09	1.89999838084987e-05
SINAPALDEHYDE	63234	HMDB	HMDB0258301_7_shen	Sinapaldehyde	name_formula_mass	4	TRUE	TRUE	7.59999352339946e-09	1.89999838084987e-05
SINAPALDEHYDE	63235	HMDB	HMDB0258301_8_shen	Sinapaldehyde	name_formula_mass	4	TRUE	TRUE	7.59999352339946e-09	1.89999838084987e-05
SINAPALDEHYDE	63236	HMDB	HMDB0258301_9_shen	Sinapaldehyde	name_formula_mass	4	TRUE	TRUE	7.59999352339946e-09	1.89999838084987e-05
SINAPALDEHYDE	63237	HMDB	HMDB0258301_10_shen	Sinapaldehyde	name_formula_mass	4	TRUE	TRUE	7.59999352339946e-09	1.89999838084987e-05
SINAPALDEHYDE	63238	HMDB	HMDB0258301_11_shen	Sinapaldehyde	name_formula_mass	4	TRUE	TRUE	7.59999352339946e-09	1.89999838084987e-05
SINAPALDEHYDE	63239	HMDB	HMDB0258301_12_shen	Sinapaldehyde	name_formula_mass	4	TRUE	TRUE	7.59999352339946e-09	1.89999838084987e-05
SINAPALDEHYDE	63240	HMDB	HMDB0258301_13_shen	Sinapaldehyde	name_formula_mass	4	TRUE	TRUE	7.59999352339946e-09	1.89999838084987e-05
SINAPALDEHYDE	63241	HMDB	HMDB0258301_14_shen	Sinapaldehyde	name_formula_mass	4	TRUE	TRUE	7.59999352339946e-09	1.89999838084987e-05
SINAPALDEHYDE	63242	HMDB	HMDB0258301_15_shen	Sinapaldehyde	name_formula_mass	4	TRUE	TRUE	7.59999352339946e-09	1.89999838084987e-05
SINAPALDEHYDE	63243	HMDB	HMDB0258301_16_shen	Sinapaldehyde	name_formula_mass	4	TRUE	TRUE	7.59999352339946e-09	1.89999838084987e-05
SINAPALDEHYDE	63244	HMDB	HMDB0258301_17_shen	Sinapaldehyde	name_formula_mass	4	TRUE	TRUE	7.59999352339946e-09	1.89999838084987e-05
SINAPALDEHYDE	63245	HMDB	HMDB0258301_18_shen	Sinapaldehyde	name_formula_mass	4	TRUE	TRUE	7.59999352339946e-09	1.89999838084987e-05
SINAPALDEHYDE	63246	HMDB	HMDB0258301_19_shen	Sinapaldehyde	name_formula_mass	4	TRUE	TRUE	7.59999352339946e-09	1.89999838084987e-05
CPD-10571	63658	HMDB	HMDB0258826_1_shen	N,6,6-Trimethyl-N-(1-naphthalenylmethyl)-1-hept-2-en-4-ynamine	name_formula_mass	4	FALSE	TRUE	1.30000898934668e-09	3.2500224733667e-06
CPD-10571	63659	HMDB	HMDB0258826_2_shen	N,6,6-Trimethyl-N-(1-naphthalenylmethyl)-1-hept-2-en-4-ynamine	name_formula_mass	4	FALSE	TRUE	1.30000898934668e-09	3.2500224733667e-06
CPD-10571	63660	HMDB	HMDB0258826_3_shen	N,6,6-Trimethyl-N-(1-naphthalenylmethyl)-1-hept-2-en-4-ynamine	name_formula_mass	4	FALSE	TRUE	1.30000898934668e-09	3.2500224733667e-06
CPD-10571	63661	HMDB	HMDB0258826_4_shen	N,6,6-Trimethyl-N-(1-naphthalenylmethyl)-1-hept-2-en-4-ynamine	name_formula_mass	4	FALSE	TRUE	1.30000898934668e-09	3.2500224733667e-06
CPD-10571	63662	HMDB	HMDB0258826_5_shen	N,6,6-Trimethyl-N-(1-naphthalenylmethyl)-1-hept-2-en-4-ynamine	name_formula_mass	4	FALSE	TRUE	1.30000898934668e-09	3.2500224733667e-06
CPD-10571	63663	HMDB	HMDB0258826_6_shen	N,6,6-Trimethyl-N-(1-naphthalenylmethyl)-1-hept-2-en-4-ynamine	name_formula_mass	4	FALSE	TRUE	1.30000898934668e-09	3.2500224733667e-06
CPD0-1571	63876	HMDB	HMDB0258979_shen	Thiazolidine-4-carboxylic acid	inchikey_connectivity_formula_mass	2	FALSE	TRUE	4.78900005873584e-07	0.00119725001468396
CPD-25234	64364	HMDB	HMDB0259730_1_shen	usnic acid	name_formula_mass	4	FALSE	TRUE	2.29999841394601e-09	5.74999603486503e-06
CPD-7411	64364	HMDB	HMDB0259730_1_shen	usnic acid	name_formula_mass	4	FALSE	TRUE	2.29999841394601e-09	5.74999603486503e-06
CPD-25234	64365	HMDB	HMDB0259730_2_shen	usnic acid	name_formula_mass	4	FALSE	TRUE	2.29999841394601e-09	5.74999603486503e-06
CPD-7411	64365	HMDB	HMDB0259730_2_shen	usnic acid	name_formula_mass	4	FALSE	TRUE	2.29999841394601e-09	5.74999603486503e-06
CPD-25234	64366	HMDB	HMDB0259730_3_shen	usnic acid	name_formula_mass	4	FALSE	TRUE	2.29999841394601e-09	5.74999603486503e-06
CPD-7411	64366	HMDB	HMDB0259730_3_shen	usnic acid	name_formula_mass	4	FALSE	TRUE	2.29999841394601e-09	5.74999603486503e-06
VITEXIN	64401	HMDB	HMDB0259858_1_shen	Vitexin	name_formula_mass	4	FALSE	TRUE	3.00002511721686e-09	6.94280470296198e-06
VITEXIN	64402	HMDB	HMDB0259858_2_shen	Vitexin	name_formula_mass	4	FALSE	TRUE	3.00002511721686e-09	6.94280470296198e-06
VITEXIN	64403	HMDB	HMDB0259858_3_shen	Vitexin	name_formula_mass	4	FALSE	TRUE	3.00002511721686e-09	6.94280470296198e-06
VITEXIN	64404	HMDB	HMDB0259858_4_shen	Vitexin	name_formula_mass	4	FALSE	TRUE	3.00002511721686e-09	6.94280470296198e-06
VITEXIN	64405	HMDB	HMDB0259858_5_shen	Vitexin	name_formula_mass	4	FALSE	TRUE	3.00002511721686e-09	6.94280470296198e-06
VITEXIN	64406	HMDB	HMDB0259858_6_shen	Vitexin	name_formula_mass	4	FALSE	TRUE	3.00002511721686e-09	6.94280470296198e-06
VITEXIN	64407	HMDB	HMDB0259858_7_shen	Vitexin	name_formula_mass	4	FALSE	TRUE	3.00002511721686e-09	6.94280470296198e-06
VITEXIN	64408	HMDB	HMDB0259858_8_shen	Vitexin	name_formula_mass	4	FALSE	TRUE	3.00002511721686e-09	6.94280470296198e-06
VITEXIN	64409	HMDB	HMDB0259858_9_shen	Vitexin	name_formula_mass	4	FALSE	TRUE	3.00002511721686e-09	6.94280470296198e-06
VITEXIN	64410	HMDB	HMDB0259858_10_shen	Vitexin	name_formula_mass	4	FALSE	TRUE	3.00002511721686e-09	6.94280470296198e-06
VITEXIN	64411	HMDB	HMDB0259858_11_shen	Vitexin	name_formula_mass	4	FALSE	TRUE	3.00002511721686e-09	6.94280470296198e-06
VITEXIN	64412	HMDB	HMDB0259858_12_shen	Vitexin	name_formula_mass	4	FALSE	TRUE	3.00002511721686e-09	6.94280470296198e-06
CPD-16531	64486	HMDB	HMDB0301673_1_shen	ent-Gallocatechin 3-gallate	inchikey	1	TRUE	TRUE	2.9000375434407e-09	6.33078599870336e-06
CPD-16531	64487	HMDB	HMDB0301673_2_shen	ent-Gallocatechin 3-gallate	inchikey	1	TRUE	TRUE	2.9000375434407e-09	6.33078599870336e-06
VITEXIN	64506	HMDB	HMDB0301980_1_shen	Vitexin 6''-O-malonyl 2''-O-xyloside	inchikey_connectivity_formula_mass	2	FALSE	TRUE	3.00002511721686e-09	6.94280470296198e-06
VITEXIN	64507	HMDB	HMDB0301980_2_shen	Vitexin 6''-O-malonyl 2''-O-xyloside	inchikey_connectivity_formula_mass	2	FALSE	TRUE	3.00002511721686e-09	6.94280470296198e-06
VITEXIN	64508	HMDB	HMDB0301980_3_shen	Vitexin 6''-O-malonyl 2''-O-xyloside	inchikey_connectivity_formula_mass	2	FALSE	TRUE	3.00002511721686e-09	6.94280470296198e-06
VITEXIN	64509	HMDB	HMDB0301980_4_shen	Vitexin 6''-O-malonyl 2''-O-xyloside	inchikey_connectivity_formula_mass	2	FALSE	TRUE	3.00002511721686e-09	6.94280470296198e-06
VITEXIN	64510	HMDB	HMDB0301980_5_shen	Vitexin 6''-O-malonyl 2''-O-xyloside	inchikey_connectivity_formula_mass	2	FALSE	TRUE	3.00002511721686e-09	6.94280470296198e-06
VITEXIN	64511	HMDB	HMDB0301980_6_shen	Vitexin 6''-O-malonyl 2''-O-xyloside	inchikey_connectivity_formula_mass	2	FALSE	TRUE	3.00002511721686e-09	6.94280470296198e-06
VITEXIN	64512	HMDB	HMDB0301980_7_shen	Vitexin 6''-O-malonyl 2''-O-xyloside	inchikey_connectivity_formula_mass	2	FALSE	TRUE	3.00002511721686e-09	6.94280470296198e-06
VITEXIN	64513	HMDB	HMDB0301980_8_shen	Vitexin 6''-O-malonyl 2''-O-xyloside	inchikey_connectivity_formula_mass	2	FALSE	TRUE	3.00002511721686e-09	6.94280470296198e-06
VITEXIN	64514	HMDB	HMDB0301980_9_shen	Vitexin 6''-O-malonyl 2''-O-xyloside	inchikey_connectivity_formula_mass	2	FALSE	TRUE	3.00002511721686e-09	6.94280470296198e-06
VITEXIN	64515	HMDB	HMDB0301980_10_shen	Vitexin 6''-O-malonyl 2''-O-xyloside	inchikey_connectivity_formula_mass	2	FALSE	TRUE	3.00002511721686e-09	6.94280470296198e-06
VITEXIN	64516	HMDB	HMDB0301980_11_shen	Vitexin 6''-O-malonyl 2''-O-xyloside	inchikey_connectivity_formula_mass	2	FALSE	TRUE	3.00002511721686e-09	6.94280470296198e-06
VITEXIN	64517	HMDB	HMDB0301980_12_shen	Vitexin 6''-O-malonyl 2''-O-xyloside	inchikey_connectivity_formula_mass	2	FALSE	TRUE	3.00002511721686e-09	6.94280470296198e-06
VITEXIN	64518	HMDB	HMDB0301980_13_shen	Vitexin 6''-O-malonyl 2''-O-xyloside	inchikey_connectivity_formula_mass	2	FALSE	TRUE	3.00002511721686e-09	6.94280470296198e-06
VITEXIN	64519	HMDB	HMDB0301980_14_shen	Vitexin 6''-O-malonyl 2''-O-xyloside	inchikey_connectivity_formula_mass	2	FALSE	TRUE	3.00002511721686e-09	6.94280470296198e-06
VITEXIN	64520	HMDB	HMDB0301980_15_shen	Vitexin 6''-O-malonyl 2''-O-xyloside	inchikey_connectivity_formula_mass	2	FALSE	TRUE	3.00002511721686e-09	6.94280470296198e-06
VITEXIN	64521	HMDB	HMDB0301980_16_shen	Vitexin 6''-O-malonyl 2''-O-xyloside	inchikey_connectivity_formula_mass	2	FALSE	TRUE	3.00002511721686e-09	6.94280470296198e-06
VITEXIN	64522	HMDB	HMDB0301980_17_shen	Vitexin 6''-O-malonyl 2''-O-xyloside	inchikey_connectivity_formula_mass	2	FALSE	TRUE	3.00002511721686e-09	6.94280470296198e-06
VITEXIN	64523	HMDB	HMDB0301980_18_shen	Vitexin 6''-O-malonyl 2''-O-xyloside	inchikey_connectivity_formula_mass	2	FALSE	TRUE	3.00002511721686e-09	6.94280470296198e-06
VITEXIN	64524	HMDB	HMDB0301980_19_shen	Vitexin 6''-O-malonyl 2''-O-xyloside	inchikey_connectivity_formula_mass	2	FALSE	TRUE	3.00002511721686e-09	6.94280470296198e-06
VITEXIN	64525	HMDB	HMDB0301980_20_shen	Vitexin 6''-O-malonyl 2''-O-xyloside	inchikey_connectivity_formula_mass	2	FALSE	TRUE	3.00002511721686e-09	6.94280470296198e-06
VITEXIN	64526	HMDB	HMDB0301980_21_shen	Vitexin 6''-O-malonyl 2''-O-xyloside	inchikey_connectivity_formula_mass	2	FALSE	TRUE	3.00002511721686e-09	6.94280470296198e-06
VITEXIN	64527	HMDB	HMDB0301980_22_shen	Vitexin 6''-O-malonyl 2''-O-xyloside	inchikey_connectivity_formula_mass	2	FALSE	TRUE	3.00002511721686e-09	6.94280470296198e-06
VITEXIN	64528	HMDB	HMDB0301980_23_shen	Vitexin 6''-O-malonyl 2''-O-xyloside	inchikey_connectivity_formula_mass	2	FALSE	TRUE	3.00002511721686e-09	6.94280470296198e-06
VITEXIN	64529	HMDB	HMDB0301980_24_shen	Vitexin 6''-O-malonyl 2''-O-xyloside	inchikey_connectivity_formula_mass	2	FALSE	TRUE	3.00002511721686e-09	6.94280470296198e-06
VITEXIN	64530	HMDB	HMDB0301980_25_shen	Vitexin 6''-O-malonyl 2''-O-xyloside	inchikey_connectivity_formula_mass	2	FALSE	TRUE	3.00002511721686e-09	6.94280470296198e-06
VITEXIN	64531	HMDB	HMDB0301980_26_shen	Vitexin 6''-O-malonyl 2''-O-xyloside	inchikey_connectivity_formula_mass	2	FALSE	TRUE	3.00002511721686e-09	6.94280470296198e-06
VITEXIN	64532	HMDB	HMDB0301980_27_shen	Vitexin 6''-O-malonyl 2''-O-xyloside	inchikey_connectivity_formula_mass	2	FALSE	TRUE	3.00002511721686e-09	6.94280470296198e-06
VITEXIN	64533	HMDB	HMDB0301980_28_shen	Vitexin 6''-O-malonyl 2''-O-xyloside	inchikey_connectivity_formula_mass	2	FALSE	TRUE	3.00002511721686e-09	6.94280470296198e-06
VITEXIN	64534	HMDB	HMDB0301980_29_shen	Vitexin 6''-O-malonyl 2''-O-xyloside	inchikey_connectivity_formula_mass	2	FALSE	TRUE	3.00002511721686e-09	6.94280470296198e-06
VITEXIN	64535	HMDB	HMDB0301980_30_shen	Vitexin 6''-O-malonyl 2''-O-xyloside	inchikey_connectivity_formula_mass	2	FALSE	TRUE	3.00002511721686e-09	6.94280470296198e-06
VITEXIN	64536	HMDB	HMDB0301980_31_shen	Vitexin 6''-O-malonyl 2''-O-xyloside	inchikey_connectivity_formula_mass	2	FALSE	TRUE	3.00002511721686e-09	6.94280470296198e-06
VITEXIN	64537	HMDB	HMDB0301980_32_shen	Vitexin 6''-O-malonyl 2''-O-xyloside	inchikey_connectivity_formula_mass	2	FALSE	TRUE	3.00002511721686e-09	6.94280470296198e-06
VITEXIN	64538	HMDB	HMDB0301980_33_shen	Vitexin 6''-O-malonyl 2''-O-xyloside	inchikey_connectivity_formula_mass	2	FALSE	TRUE	3.00002511721686e-09	6.94280470296198e-06
VITEXIN	64539	HMDB	HMDB0301980_34_shen	Vitexin 6''-O-malonyl 2''-O-xyloside	inchikey_connectivity_formula_mass	2	FALSE	TRUE	3.00002511721686e-09	6.94280470296198e-06
VITEXIN	64540	HMDB	HMDB0301980_35_shen	Vitexin 6''-O-malonyl 2''-O-xyloside	inchikey_connectivity_formula_mass	2	FALSE	TRUE	3.00002511721686e-09	6.94280470296198e-06
VITEXIN	64541	HMDB	HMDB0301980_36_shen	Vitexin 6''-O-malonyl 2''-O-xyloside	inchikey_connectivity_formula_mass	2	FALSE	TRUE	3.00002511721686e-09	6.94280470296198e-06
VITEXIN	64542	HMDB	HMDB0301980_37_shen	Vitexin 6''-O-malonyl 2''-O-xyloside	inchikey_connectivity_formula_mass	2	FALSE	TRUE	3.00002511721686e-09	6.94280470296198e-06
VITEXIN	64543	HMDB	HMDB0301980_38_shen	Vitexin 6''-O-malonyl 2''-O-xyloside	inchikey_connectivity_formula_mass	2	FALSE	TRUE	3.00002511721686e-09	6.94280470296198e-06
VITEXIN	64544	HMDB	HMDB0301980_39_shen	Vitexin 6''-O-malonyl 2''-O-xyloside	inchikey_connectivity_formula_mass	2	FALSE	TRUE	3.00002511721686e-09	6.94280470296198e-06
VITEXIN	64545	HMDB	HMDB0301980_40_shen	Vitexin 6''-O-malonyl 2''-O-xyloside	inchikey_connectivity_formula_mass	2	FALSE	TRUE	3.00002511721686e-09	6.94280470296198e-06
VITEXIN	64546	HMDB	HMDB0301980_41_shen	Vitexin 6''-O-malonyl 2''-O-xyloside	inchikey_connectivity_formula_mass	2	FALSE	TRUE	3.00002511721686e-09	6.94280470296198e-06
VITEXIN	64547	HMDB	HMDB0301980_42_shen	Vitexin 6''-O-malonyl 2''-O-xyloside	inchikey_connectivity_formula_mass	2	FALSE	TRUE	3.00002511721686e-09	6.94280470296198e-06
VITEXIN	64548	HMDB	HMDB0301980_43_shen	Vitexin 6''-O-malonyl 2''-O-xyloside	inchikey_connectivity_formula_mass	2	FALSE	TRUE	3.00002511721686e-09	6.94280470296198e-06
VITEXIN	64549	HMDB	HMDB0301980_44_shen	Vitexin 6''-O-malonyl 2''-O-xyloside	inchikey_connectivity_formula_mass	2	FALSE	TRUE	3.00002511721686e-09	6.94280470296198e-06
VITEXIN	64550	HMDB	HMDB0301980_45_shen	Vitexin 6''-O-malonyl 2''-O-xyloside	inchikey_connectivity_formula_mass	2	FALSE	TRUE	3.00002511721686e-09	6.94280470296198e-06
VITEXIN	64551	HMDB	HMDB0301980_46_shen	Vitexin 6''-O-malonyl 2''-O-xyloside	inchikey_connectivity_formula_mass	2	FALSE	TRUE	3.00002511721686e-09	6.94280470296198e-06
VITEXIN	64552	HMDB	HMDB0301980_47_shen	Vitexin 6''-O-malonyl 2''-O-xyloside	inchikey_connectivity_formula_mass	2	FALSE	TRUE	3.00002511721686e-09	6.94280470296198e-06
VITEXIN	64553	HMDB	HMDB0301980_48_shen	Vitexin 6''-O-malonyl 2''-O-xyloside	inchikey_connectivity_formula_mass	2	FALSE	TRUE	3.00002511721686e-09	6.94280470296198e-06
VITEXIN	64554	HMDB	HMDB0301980_49_shen	Vitexin 6''-O-malonyl 2''-O-xyloside	inchikey_connectivity_formula_mass	2	FALSE	TRUE	3.00002511721686e-09	6.94280470296198e-06
VITEXIN	64555	HMDB	HMDB0301980_50_shen	Vitexin 6''-O-malonyl 2''-O-xyloside	inchikey_connectivity_formula_mass	2	FALSE	TRUE	3.00002511721686e-09	6.94280470296198e-06
VITEXIN	64556	HMDB	HMDB0301980_51_shen	Vitexin 6''-O-malonyl 2''-O-xyloside	inchikey_connectivity_formula_mass	2	FALSE	TRUE	3.00002511721686e-09	6.94280470296198e-06
VITEXIN	64557	HMDB	HMDB0301980_52_shen	Vitexin 6''-O-malonyl 2''-O-xyloside	inchikey_connectivity_formula_mass	2	FALSE	TRUE	3.00002511721686e-09	6.94280470296198e-06
VITEXIN	64558	HMDB	HMDB0301980_53_shen	Vitexin 6''-O-malonyl 2''-O-xyloside	inchikey_connectivity_formula_mass	2	FALSE	TRUE	3.00002511721686e-09	6.94280470296198e-06
VITEXIN	64559	HMDB	HMDB0301980_54_shen	Vitexin 6''-O-malonyl 2''-O-xyloside	inchikey_connectivity_formula_mass	2	FALSE	TRUE	3.00002511721686e-09	6.94280470296198e-06
VITEXIN	64560	HMDB	HMDB0301980_55_shen	Vitexin 6''-O-malonyl 2''-O-xyloside	inchikey_connectivity_formula_mass	2	FALSE	TRUE	3.00002511721686e-09	6.94280470296198e-06
VITEXIN	64561	HMDB	HMDB0301980_56_shen	Vitexin 6''-O-malonyl 2''-O-xyloside	inchikey_connectivity_formula_mass	2	FALSE	TRUE	3.00002511721686e-09	6.94280470296198e-06
VITEXIN	64562	HMDB	HMDB0301980_57_shen	Vitexin 6''-O-malonyl 2''-O-xyloside	inchikey_connectivity_formula_mass	2	FALSE	TRUE	3.00002511721686e-09	6.94280470296198e-06
VITEXIN	64563	HMDB	HMDB0301980_58_shen	Vitexin 6''-O-malonyl 2''-O-xyloside	inchikey_connectivity_formula_mass	2	FALSE	TRUE	3.00002511721686e-09	6.94280470296198e-06
VITEXIN	64564	HMDB	HMDB0301980_59_shen	Vitexin 6''-O-malonyl 2''-O-xyloside	inchikey_connectivity_formula_mass	2	FALSE	TRUE	3.00002511721686e-09	6.94280470296198e-06
VITEXIN	64565	HMDB	HMDB0301980_60_shen	Vitexin 6''-O-malonyl 2''-O-xyloside	inchikey_connectivity_formula_mass	2	FALSE	TRUE	3.00002511721686e-09	6.94280470296198e-06
VITEXIN	64566	HMDB	HMDB0301980_61_shen	Vitexin 6''-O-malonyl 2''-O-xyloside	inchikey_connectivity_formula_mass	2	FALSE	TRUE	3.00002511721686e-09	6.94280470296198e-06
VITEXIN	64567	HMDB	HMDB0301980_62_shen	Vitexin 6''-O-malonyl 2''-O-xyloside	inchikey_connectivity_formula_mass	2	FALSE	TRUE	3.00002511721686e-09	6.94280470296198e-06
VITEXIN	64568	HMDB	HMDB0301980_63_shen	Vitexin 6''-O-malonyl 2''-O-xyloside	inchikey_connectivity_formula_mass	2	FALSE	TRUE	3.00002511721686e-09	6.94280470296198e-06
VITEXIN	64569	HMDB	HMDB0301980_64_shen	Vitexin 6''-O-malonyl 2''-O-xyloside	inchikey_connectivity_formula_mass	2	FALSE	TRUE	3.00002511721686e-09	6.94280470296198e-06
ISOORIENTIN	64570	HMDB	HMDB0301981_1_shen	Isoorientin 7-O-(6'''-O-(E)-feruloyl)glucoside	inchikey_connectivity_formula_mass	2	FALSE	TRUE	3.10001269099303e-09	6.91811829183817e-06
ISOORIENTIN	64571	HMDB	HMDB0301981_2_shen	Isoorientin 7-O-(6'''-O-(E)-feruloyl)glucoside	inchikey_connectivity_formula_mass	2	FALSE	TRUE	3.10001269099303e-09	6.91811829183817e-06
S-METHYL-L-CYSTEINE	64572	HMDB	HMDB0302211_1_shen	S-N-Methylcysteine	inchikey	1	TRUE	TRUE	1.30000898934668e-09	3.2500224733667e-06
S-METHYL-L-CYSTEINE	64573	HMDB	HMDB0302211_2_shen	S-N-Methylcysteine	inchikey	1	TRUE	TRUE	1.30000898934668e-09	3.2500224733667e-06
S-METHYL-L-CYSTEINE	64574	HMDB	HMDB0302211_3_shen	S-N-Methylcysteine	inchikey	1	TRUE	TRUE	1.30000898934668e-09	3.2500224733667e-06
S-METHYL-L-CYSTEINE	64575	HMDB	HMDB0302211_4_shen	S-N-Methylcysteine	inchikey	1	TRUE	TRUE	1.30000898934668e-09	3.2500224733667e-06
CPD-468	64608	HMDB	HMDB0302754_1_shen	2-Aminoadipic acid	name_formula_mass	4	FALSE	TRUE	1.69998770616075e-09	4.24996926540189e-06
CPD-468	64609	HMDB	HMDB0302754_2_shen	2-Aminoadipic acid	name_formula_mass	4	FALSE	TRUE	1.69998770616075e-09	4.24996926540189e-06
CPD-468	64610	HMDB	HMDB0302754_3_shen	2-Aminoadipic acid	name_formula_mass	4	FALSE	TRUE	1.69998770616075e-09	4.24996926540189e-06
CPD-468	64611	HMDB	HMDB0302754_4_shen	2-Aminoadipic acid	name_formula_mass	4	FALSE	TRUE	1.69998770616075e-09	4.24996926540189e-06
CPD-468	64612	HMDB	HMDB0302754_5_shen	2-Aminoadipic acid	name_formula_mass	4	FALSE	TRUE	1.69998770616075e-09	4.24996926540189e-06
CPD-468	64613	HMDB	HMDB0302754_6_shen	2-Aminoadipic acid	name_formula_mass	4	FALSE	TRUE	1.69998770616075e-09	4.24996926540189e-06
CPD-468	64614	HMDB	HMDB0302754_7_shen	2-Aminoadipic acid	name_formula_mass	4	FALSE	TRUE	1.69998770616075e-09	4.24996926540189e-06
CPD-468	64615	HMDB	HMDB0302754_8_shen	2-Aminoadipic acid	name_formula_mass	4	FALSE	TRUE	1.69998770616075e-09	4.24996926540189e-06
CPD-468	64616	HMDB	HMDB0302754_9_shen	2-Aminoadipic acid	name_formula_mass	4	FALSE	TRUE	1.69998770616075e-09	4.24996926540189e-06
CPD-468	64617	HMDB	HMDB0302754_10_shen	2-Aminoadipic acid	name_formula_mass	4	FALSE	TRUE	1.69998770616075e-09	4.24996926540189e-06
CPD-468	64618	HMDB	HMDB0302754_11_shen	2-Aminoadipic acid	name_formula_mass	4	FALSE	TRUE	1.69998770616075e-09	4.24996926540189e-06
CPD-468	64619	HMDB	HMDB0302754_12_shen	2-Aminoadipic acid	name_formula_mass	4	FALSE	TRUE	1.69998770616075e-09	4.24996926540189e-06
CPD-468	64620	HMDB	HMDB0302754_13_shen	2-Aminoadipic acid	name_formula_mass	4	FALSE	TRUE	1.69998770616075e-09	4.24996926540189e-06
CPD-468	64621	HMDB	HMDB0302754_14_shen	2-Aminoadipic acid	name_formula_mass	4	FALSE	TRUE	1.69998770616075e-09	4.24996926540189e-06
CPD-468	64622	HMDB	HMDB0302754_15_shen	2-Aminoadipic acid	name_formula_mass	4	FALSE	TRUE	1.69998770616075e-09	4.24996926540189e-06
CPD-468	64623	HMDB	HMDB0302754_16_shen	2-Aminoadipic acid	name_formula_mass	4	FALSE	TRUE	1.69998770616075e-09	4.24996926540189e-06
APIGENIN-7-O-NEOHESPERIDOSIDE	64625	HMDB	HMDB0303149_1_shen	Apigenin 7-O-beta-D-rutinoside	inchikey_connectivity_formula_mass	2	FALSE	TRUE	4.40002168033971e-09	7.61034077151838e-06
APIGENIN-7-O-NEOHESPERIDOSIDE	64626	HMDB	HMDB0303149_2_shen	Apigenin 7-O-beta-D-rutinoside	inchikey_connectivity_formula_mass	2	FALSE	TRUE	4.40002168033971e-09	7.61034077151838e-06
APIGENIN-7-O-NEOHESPERIDOSIDE	64627	HMDB	HMDB0303149_3_shen	Apigenin 7-O-beta-D-rutinoside	inchikey_connectivity_formula_mass	2	FALSE	TRUE	4.40002168033971e-09	7.61034077151838e-06
APIGENIN-7-O-NEOHESPERIDOSIDE	64628	HMDB	HMDB0303149_4_shen	Apigenin 7-O-beta-D-rutinoside	inchikey_connectivity_formula_mass	2	FALSE	TRUE	4.40002168033971e-09	7.61034077151838e-06
APIGENIN-7-O-NEOHESPERIDOSIDE	64629	HMDB	HMDB0303149_5_shen	Apigenin 7-O-beta-D-rutinoside	inchikey_connectivity_formula_mass	2	FALSE	TRUE	4.40002168033971e-09	7.61034077151838e-06
APIGENIN-7-O-NEOHESPERIDOSIDE	64630	HMDB	HMDB0303149_6_shen	Apigenin 7-O-beta-D-rutinoside	inchikey_connectivity_formula_mass	2	FALSE	TRUE	4.40002168033971e-09	7.61034077151838e-06
APIGENIN-7-O-NEOHESPERIDOSIDE	64631	HMDB	HMDB0303149_7_shen	Apigenin 7-O-beta-D-rutinoside	inchikey_connectivity_formula_mass	2	FALSE	TRUE	4.40002168033971e-09	7.61034077151838e-06
APIGENIN-7-O-NEOHESPERIDOSIDE	64632	HMDB	HMDB0303149_8_shen	Apigenin 7-O-beta-D-rutinoside	inchikey_connectivity_formula_mass	2	FALSE	TRUE	4.40002168033971e-09	7.61034077151838e-06
CPD-8007	64633	HMDB	HMDB0303599_1_shen	Kaempferol 7-glucoside	inchikey_connectivity_formula_mass	2	FALSE	TRUE	3.10001269099303e-09	6.91811829183817e-06
CPD-8007	64634	HMDB	HMDB0303599_2_shen	Kaempferol 7-glucoside	inchikey_connectivity_formula_mass	2	FALSE	TRUE	3.10001269099303e-09	6.91811829183817e-06
CPD-8007	64635	HMDB	HMDB0303599_3_shen	Kaempferol 7-glucoside	inchikey_connectivity_formula_mass	2	FALSE	TRUE	3.10001269099303e-09	6.91811829183817e-06
CPD-8007	64636	HMDB	HMDB0303599_4_shen	Kaempferol 7-glucoside	inchikey_connectivity_formula_mass	2	FALSE	TRUE	3.10001269099303e-09	6.91811829183817e-06
CPD-8007	64637	HMDB	HMDB0303599_5_shen	Kaempferol 7-glucoside	inchikey_connectivity_formula_mass	2	FALSE	TRUE	3.10001269099303e-09	6.91811829183817e-06
CPD-8007	64638	HMDB	HMDB0303599_6_shen	Kaempferol 7-glucoside	inchikey_connectivity_formula_mass	2	FALSE	TRUE	3.10001269099303e-09	6.91811829183817e-06
APIGENIN-7-O-BETA-D-GLUCOSIDE	64648	HMDB	HMDB0303733_1_shen	Anthemoside	name_formula_mass	4	FALSE	TRUE	3.00002511721686e-09	6.94280470296198e-06
APIGENIN-7-O-BETA-D-GLUCOSIDE	64649	HMDB	HMDB0303733_2_shen	Anthemoside	name_formula_mass	4	FALSE	TRUE	3.00002511721686e-09	6.94280470296198e-06
APIGENIN-7-O-BETA-D-GLUCOSIDE	64650	HMDB	HMDB0303733_3_shen	Anthemoside	name_formula_mass	4	FALSE	TRUE	3.00002511721686e-09	6.94280470296198e-06
APIGENIN-7-O-BETA-D-GLUCOSIDE	64651	HMDB	HMDB0303733_4_shen	Anthemoside	name_formula_mass	4	FALSE	TRUE	3.00002511721686e-09	6.94280470296198e-06
APIGENIN-7-O-BETA-D-GLUCOSIDE	64652	HMDB	HMDB0303733_5_shen	Anthemoside	name_formula_mass	4	FALSE	TRUE	3.00002511721686e-09	6.94280470296198e-06
CPD-474	64653	HMDB	HMDB0303943_1_shen	(+)-taxifolin	inchikey_connectivity_formula_mass	2	FALSE	TRUE	1.89999127542251e-09	4.74997818855627e-06
CPD-474	64654	HMDB	HMDB0303943_2_shen	(+)-taxifolin	inchikey_connectivity_formula_mass	2	FALSE	TRUE	1.89999127542251e-09	4.74997818855627e-06
CPD-474	64655	HMDB	HMDB0303943_3_shen	(+)-taxifolin	inchikey_connectivity_formula_mass	2	FALSE	TRUE	1.89999127542251e-09	4.74997818855627e-06
CPD-474	64656	HMDB	HMDB0303943_4_shen	(+)-taxifolin	inchikey_connectivity_formula_mass	2	FALSE	TRUE	1.89999127542251e-09	4.74997818855627e-06
CPD-474	64657	HMDB	HMDB0303943_5_shen	(+)-taxifolin	inchikey_connectivity_formula_mass	2	FALSE	TRUE	1.89999127542251e-09	4.74997818855627e-06
CPD-474	64658	HMDB	HMDB0303943_6_shen	(+)-taxifolin	inchikey_connectivity_formula_mass	2	FALSE	TRUE	1.89999127542251e-09	4.74997818855627e-06
CPD-474	64659	HMDB	HMDB0303943_7_shen	(+)-taxifolin	inchikey_connectivity_formula_mass	2	FALSE	TRUE	1.89999127542251e-09	4.74997818855627e-06
CPD-474	64660	HMDB	HMDB0303943_8_shen	(+)-taxifolin	inchikey_connectivity_formula_mass	2	FALSE	TRUE	1.89999127542251e-09	4.74997818855627e-06
CPD-474	64661	HMDB	HMDB0303943_9_shen	(+)-taxifolin	inchikey_connectivity_formula_mass	2	FALSE	TRUE	1.89999127542251e-09	4.74997818855627e-06
CPD-474	64662	HMDB	HMDB0303943_10_shen	(+)-taxifolin	inchikey_connectivity_formula_mass	2	FALSE	TRUE	1.89999127542251e-09	4.74997818855627e-06
CPD-474	64663	HMDB	HMDB0303943_11_shen	(+)-taxifolin	inchikey_connectivity_formula_mass	2	FALSE	TRUE	1.89999127542251e-09	4.74997818855627e-06
CPD-474	64664	HMDB	HMDB0303943_12_shen	(+)-taxifolin	inchikey_connectivity_formula_mass	2	FALSE	TRUE	1.89999127542251e-09	4.74997818855627e-06
CPD-474	64665	HMDB	HMDB0303943_13_shen	(+)-taxifolin	inchikey_connectivity_formula_mass	2	FALSE	TRUE	1.89999127542251e-09	4.74997818855627e-06
CPD-474	64666	HMDB	HMDB0303943_14_shen	(+)-taxifolin	inchikey_connectivity_formula_mass	2	FALSE	TRUE	1.89999127542251e-09	4.74997818855627e-06
CPD-474	64667	HMDB	HMDB0303943_15_shen	(+)-taxifolin	inchikey_connectivity_formula_mass	2	FALSE	TRUE	1.89999127542251e-09	4.74997818855627e-06
CPD-474	64668	HMDB	HMDB0303943_16_shen	(+)-taxifolin	inchikey_connectivity_formula_mass	2	FALSE	TRUE	1.89999127542251e-09	4.74997818855627e-06
CPD-474	64669	HMDB	HMDB0303943_17_shen	(+)-taxifolin	inchikey_connectivity_formula_mass	2	FALSE	TRUE	1.89999127542251e-09	4.74997818855627e-06
CPD-474	64670	HMDB	HMDB0303943_18_shen	(+)-taxifolin	inchikey_connectivity_formula_mass	2	FALSE	TRUE	1.89999127542251e-09	4.74997818855627e-06
DIHYDRO-THYMINE	64671	HMDB	HMDB0304210_1_shen	5,6-dihydrothymine	inchikey	1	TRUE	TRUE	1.39999656312284e-09	3.4999914078071e-06
DIHYDRO-THYMINE	64672	HMDB	HMDB0304210_2_shen	5,6-dihydrothymine	inchikey	1	TRUE	TRUE	1.39999656312284e-09	3.4999914078071e-06
DIHYDRO-THYMINE	64673	HMDB	HMDB0304210_3_shen	5,6-dihydrothymine	inchikey	1	TRUE	TRUE	1.39999656312284e-09	3.4999914078071e-06
CPD-7138	64677	HMDB	HMDB0304306_1_shen	cyanidin-3,5-diglucoside	inchikey_connectivity_formula_mass	2	FALSE	TRUE	4.69992755824933e-09	7.69016011118218e-06
CPD-7138	64678	HMDB	HMDB0304306_2_shen	cyanidin-3,5-diglucoside	inchikey_connectivity_formula_mass	2	FALSE	TRUE	4.69992755824933e-09	7.69016011118218e-06
CPD-4207	64682	HMDB	HMDB0304396_1_shen	isopentenyl adenosine	inchikey	1	TRUE	TRUE	3.49996298609767e-09	8.74990746524418e-06
CPD-4207	64683	HMDB	HMDB0304396_2_shen	isopentenyl adenosine	inchikey	1	TRUE	TRUE	3.49996298609767e-09	8.74990746524418e-06
CPD-4207	64684	HMDB	HMDB0304396_3_shen	isopentenyl adenosine	inchikey	1	TRUE	TRUE	3.49996298609767e-09	8.74990746524418e-06
CPD-4207	64685	HMDB	HMDB0304396_4_shen	isopentenyl adenosine	inchikey	1	TRUE	TRUE	3.49996298609767e-09	8.74990746524418e-06
CPD-4207	64686	HMDB	HMDB0304396_5_shen	isopentenyl adenosine	inchikey	1	TRUE	TRUE	3.49996298609767e-09	8.74990746524418e-06
CPD-4207	64687	HMDB	HMDB0304396_6_shen	isopentenyl adenosine	inchikey	1	TRUE	TRUE	3.49996298609767e-09	8.74990746524418e-06
CPD-4207	64688	HMDB	HMDB0304396_7_shen	isopentenyl adenosine	inchikey	1	TRUE	TRUE	3.49996298609767e-09	8.74990746524418e-06
CPD-4207	64689	HMDB	HMDB0304396_8_shen	isopentenyl adenosine	inchikey	1	TRUE	TRUE	3.49996298609767e-09	8.74990746524418e-06
SYRINGETIN	64706	HMDB	HMDB0304558_1_shen	DIBOA trihexose	inchikey_connectivity_formula_mass	2	FALSE	TRUE	1.51999870467989e-08	3.79999676169973e-05
SYRINGETIN	64707	HMDB	HMDB0304558_2_shen	DIBOA trihexose	inchikey_connectivity_formula_mass	2	FALSE	TRUE	1.51999870467989e-08	3.79999676169973e-05
Glucopyranose	64708	HMDB	HMDB0304632_1_shen	Glucose	inchikey	1	TRUE	TRUE	1.80000370164635e-09	4.50000925411587e-06
Glucopyranose	64709	HMDB	HMDB0304632_2_shen	Glucose	inchikey	1	TRUE	TRUE	1.80000370164635e-09	4.50000925411587e-06
Glucopyranose	64710	HMDB	HMDB0304632_3_shen	Glucose	inchikey	1	TRUE	TRUE	1.80000370164635e-09	4.50000925411587e-06
Glucopyranose	64711	HMDB	HMDB0304632_4_shen	Glucose	inchikey	1	TRUE	TRUE	1.80000370164635e-09	4.50000925411587e-06
Glucopyranose	64712	HMDB	HMDB0304632_5_shen	Glucose	inchikey	1	TRUE	TRUE	1.80000370164635e-09	4.50000925411587e-06
Glucopyranose	64713	HMDB	HMDB0304632_6_shen	Glucose	inchikey	1	TRUE	TRUE	1.80000370164635e-09	4.50000925411587e-06
Glucopyranose	64714	HMDB	HMDB0304632_7_shen	Glucose	inchikey	1	TRUE	TRUE	1.80000370164635e-09	4.50000925411587e-06
Glucopyranose	64715	HMDB	HMDB0304632_8_shen	Glucose	inchikey	1	TRUE	TRUE	1.80000370164635e-09	4.50000925411587e-06
Glucopyranose	64716	HMDB	HMDB0304632_9_shen	Glucose	inchikey	1	TRUE	TRUE	1.80000370164635e-09	4.50000925411587e-06
Glucopyranose	64717	HMDB	HMDB0304632_10_shen	Glucose	inchikey	1	TRUE	TRUE	1.80000370164635e-09	4.50000925411587e-06
CPD-8215	219	MassBank	AC000132	Emodin	inchikey_connectivity_formula_mass	2	FALSE	TRUE	1.34314999513663e-05	0.0335787498784157
CPD-8215	267	MassBank	AC000130	Emodin	inchikey_connectivity_formula_mass	2	FALSE	TRUE	1.34314999513663e-05	0.0335787498784157
CPD-8215	294	MassBank	AC000133	Emodin	inchikey_connectivity_formula_mass	2	FALSE	TRUE	1.34314999513663e-05	0.0335787498784157
CPD-8215	318	MassBank	AC000134	Emodin	inchikey_connectivity_formula_mass	2	FALSE	TRUE	1.34314999513663e-05	0.0335787498784157
CPD-8215	846	MassBank	AC000131	Emodin	inchikey_connectivity_formula_mass	2	FALSE	TRUE	1.34314999513663e-05	0.0335787498784157
CPD-8926	1946	MassBank	AU268903	Clotrimazole	inchikey	1	FALSE	FALSE	6.61000285617774e-08	0.000165250071404444
CPD-6041	1952	MassBank	AU273002	Methotrexate	inchikey_connectivity_formula_mass	2	FALSE	TRUE	5.82999746256974e-08	0.000128365602560173
ALBENDAZOLE-S-OXIDE	2002	MassBank	AU106003	albendazole S-oxide	inchikey	1	TRUE	TRUE	2.4659999553478e-07	0.000616499988836949
CPD-303	2012	MassBank	AU244106	Cyclohexylamine	inchikey_connectivity_formula_mass	2	FALSE	TRUE	2.49998777235305e-09	6.24996943088263e-06
MORPHINE	2019	MassBank	AU158030	Morphine	inchikey_connectivity_formula_mass	2	FALSE	TRUE	1.85999624591204e-08	4.64999061478011e-05
CPD-6361	2066	MassBank	AU250801	1,3-Dihydro-(2H)-indol-2-one	inchikey	1	TRUE	TRUE	5.19999900916446e-08	0.000129999975229111
CODEINE	2075	MassBank	AU162302	Codeine	inchikey_connectivity_formula_mass	2	FALSE	TRUE	4.55999611403968e-08	0.000113999902850992
CPD-9776	2076	MassBank	AU161904	Cocaine	inchikey_connectivity_formula_mass	2	FALSE	TRUE	3.23000222124392e-08	8.0750055531098e-05
INDOLE_ACETATE_AUXIN	2089	MassBank	AU279606	Indoleacetic acid	inchikey_connectivity_formula_mass	2	FALSE	TRUE	8.29999180496088e-09	2.07499795124022e-05
PROGESTERONE	2130	MassBank	AU107702	Progesterone	inchikey	1	TRUE	TRUE	7.20001480658539e-09	1.80000370164635e-05
CORTISONE	2135	MassBank	AU239357	Cortisone	inchikey	1	TRUE	TRUE	9.30003807297908e-09	2.32500951824477e-05
PROGESTERONE	2151	MassBank	AU107706	Progesterone	inchikey	1	TRUE	TRUE	7.20001480658539e-09	1.80000370164635e-05
CPD-15877	2156	MassBank	AU210252	Fluvastatin	name_formula_mass	4	FALSE	TRUE	2.8199963253428e-08	6.85822479182205e-05
CPD-19959	2165	MassBank	AU502402	Propyl benzoate	inchikey	1	TRUE	TRUE	2.9629399989517e-05	0.0740734999737924
PROGESTERONE	2176	MassBank	AU107704	Progesterone	inchikey	1	TRUE	TRUE	7.20001480658539e-09	1.80000370164635e-05
CPD-6441	2178	MassBank	AU504603	Methyl benzoate	inchikey	1	TRUE	TRUE	2.95010000002094e-05	0.0737525000005235
CPD-10571	2190	MassBank	AU271202	Terbinafine	inchikey_connectivity_formula_mass	2	FALSE	TRUE	7.70000951888505e-09	1.92500237972126e-05
CPD-19959	2194	MassBank	AU502404	Propyl benzoate	inchikey	1	TRUE	TRUE	2.9629399989517e-05	0.0740734999737924
CORTISOL	2235	MassBank	AU280902	Cortisol	inchikey	1	TRUE	TRUE	4.07350000841689e-06	0.0101837500210422
CPD-9940	2239	MassBank	AU288401	Harmine	inchikey	1	TRUE	TRUE	1.76999890300067e-08	4.42499725750167e-05
CPD-12111	2303	MassBank	AU231258	4-Hydroxycoumarin	inchikey	1	TRUE	TRUE	4.11000087296998e-08	0.000102750021824249
CPD-13595	2318	MassBank	AU284302	Hexadecyltrimethylammonium	inchikey	1	FALSE	TRUE	1.00782508549997	2519.56271374993
ALBENDAZOLE-S-OXIDE	2345	MassBank	AU106002	albendazole S-oxide	inchikey	1	TRUE	TRUE	2.4659999553478e-07	0.000616499988836949
CPD-9785	2365	MassBank	AU117211	Colchicine	inchikey	1	TRUE	TRUE	4.02999944526528e-08	0.000100749986131632
CORTISONE	2367	MassBank	AU239305	Cortisone	inchikey	1	TRUE	TRUE	9.30003807297908e-09	2.32500951824477e-05
CPD-12479	2397	MassBank	AU111404	Theophylline	inchikey	1	TRUE	TRUE	2.1799991145599e-08	5.44999778639976e-05
CPD-15877	2409	MassBank	AU210205	Fluvastatin	name_formula_mass	4	FALSE	TRUE	2.8199963253428e-08	6.85822479182205e-05
CPD-15877	2416	MassBank	AU210230	Fluvastatin	name_formula_mass	4	FALSE	TRUE	2.8199963253428e-08	6.85822479182205e-05
CODEINE	2428	MassBank	AU162303	Codeine	inchikey_connectivity_formula_mass	2	FALSE	TRUE	4.55999611403968e-08	0.000113999902850992
CPD-12479	2437	MassBank	AU111401	Theophylline	inchikey	1	TRUE	TRUE	2.1799991145599e-08	5.44999778639976e-05
TYRAMINE	2446	MassBank	AU510507	Tyramine	inchikey_connectivity_formula_mass	2	FALSE	TRUE	1.96000087271386e-08	4.90000218178466e-05
CPD-15877	2447	MassBank	AU210203	Fluvastatin	name_formula_mass	4	FALSE	TRUE	2.8199963253428e-08	6.85822479182205e-05
PHENYLETHYLAMINE	2481	MassBank	AU510909	Phenylethylamine	inchikey_connectivity_formula_mass	2	FALSE	TRUE	4.16999910157756e-08	0.000104249977539439
DODECANOATE	2499	MassBank	AU507902	Dodecanoic acid	inchikey_connectivity_formula_mass	2	FALSE	TRUE	3.00145999858614e-05	0.0750364999646536
CPD-6441	2506	MassBank	AU504602	Methyl benzoate	inchikey	1	TRUE	TRUE	2.95010000002094e-05	0.0737525000005235
CPD-9024	2550	MassBank	AU238906	Allopurinol	inchikey	1	TRUE	TRUE	2.12999964332994e-08	5.32499910832485e-05
CPD-6041	2577	MassBank	AU273003	Methotrexate	inchikey_connectivity_formula_mass	2	FALSE	TRUE	5.82999746256974e-08	0.000128365602560173
MORPHINE	2643	MassBank	AU158009	Morphine	inchikey_connectivity_formula_mass	2	FALSE	TRUE	1.85999624591204e-08	4.64999061478011e-05
CPD-12111	2645	MassBank	AU231205	4-Hydroxycoumarin	inchikey	1	TRUE	TRUE	4.11000087296998e-08	0.000102750021824249
CPD-6442	2648	MassBank	AU501404	Methyl 2-hydroxybenzoate	inchikey	1	TRUE	TRUE	4.41230999967956e-05	0.110307749991989
CPD-6041	2664	MassBank	AU273001	Methotrexate	inchikey_connectivity_formula_mass	2	FALSE	TRUE	5.82999746256974e-08	0.000128365602560173
DODECANOATE	2667	MassBank	AU507905	Dodecanoic acid	inchikey_connectivity_formula_mass	2	FALSE	TRUE	3.00145999858614e-05	0.0750364999646536
CPD-352	2668	MassBank	AU279705	Estradiol	inchikey	1	TRUE	TRUE	1.46000047607231e-08	3.65000119018077e-05
CPD-15877	2718	MassBank	AU210232	Fluvastatin	name_formula_mass	4	FALSE	TRUE	2.8199963253428e-08	6.85822479182205e-05
CPD-20520	2728	MassBank	AU274002	Fluvoxamine	name_formula_mass	4	FALSE	TRUE	7.13000076757453e-08	0.000178250019189363
CPD-4501	2741	MassBank	AU270604	Miconazole	inchikey	1	FALSE	FALSE	1.21900029625976e-07	0.000294454456387574
CODEINE	2745	MassBank	AU162309	Codeine	inchikey_connectivity_formula_mass	2	FALSE	TRUE	4.55999611403968e-08	0.000113999902850992
CPD-3141	2792	MassBank	AU241958	Genistein	inchikey_connectivity_formula_mass	2	FALSE	TRUE	3.14999510919733e-08	7.87498777299334e-05
CPD-6442	2847	MassBank	AU501401	Methyl 2-hydroxybenzoate	inchikey	1	TRUE	TRUE	4.41230999967956e-05	0.110307749991989
TYRAMINE	2848	MassBank	AU510502	Tyramine	inchikey_connectivity_formula_mass	2	FALSE	TRUE	1.96000087271386e-08	4.90000218178466e-05
CPD-15877	2896	MassBank	AU210202	Fluvastatin	name_formula_mass	4	FALSE	TRUE	2.8199963253428e-08	6.85822479182205e-05
CPD-3141	2929	MassBank	AU241962	Genistein	inchikey_connectivity_formula_mass	2	FALSE	TRUE	3.14999510919733e-08	7.87498777299334e-05
CPD-12479	2955	MassBank	AU111403	Theophylline	inchikey	1	TRUE	TRUE	2.1799991145599e-08	5.44999778639976e-05
CPD-6442	2965	MassBank	AU501405	Methyl 2-hydroxybenzoate	inchikey	1	TRUE	TRUE	4.41230999967956e-05	0.110307749991989
CPD-12111	2971	MassBank	AU231204	4-Hydroxycoumarin	inchikey	1	TRUE	TRUE	4.11000087296998e-08	0.000102750021824249
CPD-8926	3032	MassBank	AU268906	Clotrimazole	inchikey	1	FALSE	FALSE	6.61000285617774e-08	0.000165250071404444
MORPHINE	3053	MassBank	AU158004	Morphine	inchikey_connectivity_formula_mass	2	FALSE	TRUE	1.85999624591204e-08	4.64999061478011e-05
CPD-15877	3083	MassBank	AU210251	Fluvastatin	name_formula_mass	4	FALSE	TRUE	2.8199963253428e-08	6.85822479182205e-05
CPD0-1581	3116	MassBank	AU266606	Trimethoprim	inchikey	1	TRUE	TRUE	6.49000071462069e-08	0.000162250017865517
PHENYLETHYLAMINE	3142	MassBank	AU510901	Phenylethylamine	inchikey_connectivity_formula_mass	2	FALSE	TRUE	4.16999910157756e-08	0.000104249977539439
CPD-8926	3154	MassBank	AU268904	Clotrimazole	inchikey	1	FALSE	FALSE	6.61000285617774e-08	0.000165250071404444
CODEINE	3155	MassBank	AU162331	Codeine	inchikey_connectivity_formula_mass	2	FALSE	TRUE	4.55999611403968e-08	0.000113999902850992
INDOLE_ACETATE_AUXIN	3161	MassBank	AU279605	Indoleacetic acid	inchikey_connectivity_formula_mass	2	FALSE	TRUE	3.82999871817447e-08	9.57499679543616e-05
CPD-20952	3173	MassBank	AU154030	Amphetamine	inchikey_connectivity_formula_mass	2	FALSE	TRUE	2.25000178488699e-08	5.62500446221748e-05
PHENYLETHYLAMINE	3178	MassBank	AU510908	Phenylethylamine	inchikey_connectivity_formula_mass	2	FALSE	TRUE	4.16999910157756e-08	0.000104249977539439
PROGESTERONE	3198	MassBank	AU107701	Progesterone	inchikey	1	TRUE	TRUE	1.97928000034153e-05	0.0494820000085383
CPD-19959	3221	MassBank	AU502403	Propyl benzoate	inchikey	1	TRUE	TRUE	2.9629399989517e-05	0.0740734999737924
CPD0-1581	3228	MassBank	AU266604	Trimethoprim	inchikey	1	TRUE	TRUE	6.49000071462069e-08	0.000162250017865517
ESTRONE	3239	MassBank	AU239157	Estrone	inchikey	1	TRUE	TRUE	5.039998995926e-08	0.00012599997489815
CPD-4501	3243	MassBank	AU270605	Miconazole	inchikey	1	FALSE	FALSE	1.21900029625976e-07	0.000294454456387574
CPD0-1581	3253	MassBank	AU266601	Trimethoprim	inchikey	1	TRUE	TRUE	6.49000071462069e-08	0.000162250017865517
Camphor	3314	MassBank	AU504302	D-Camphor	name_formula_mass	4	TRUE	TRUE	1.51356999822383e-05	0.0378392499555957
CPD-862	3314	MassBank	AU504302	D-Camphor	name_formula_mass	4	TRUE	TRUE	1.51356999822383e-05	0.0378392499555957
CPD-12479	3396	MassBank	AU111402	Theophylline	inchikey	1	TRUE	TRUE	2.1799991145599e-08	5.44999778639976e-05
CPD-6441	3398	MassBank	AU504605	Methyl benzoate	inchikey	1	TRUE	TRUE	2.95010000002094e-05	0.0737525000005235
CPD-9785	3502	MassBank	AU117105	Colchicine	inchikey	1	TRUE	TRUE	4.02999944526528e-08	0.000100749986131632
CPD-20952	3504	MassBank	AU154001	Amphetamine	inchikey_connectivity_formula_mass	2	FALSE	TRUE	2.25000178488699e-08	5.62500446221748e-05
CPD-10571	3506	MassBank	AU271201	Terbinafine	inchikey_connectivity_formula_mass	2	FALSE	TRUE	7.70000951888505e-09	1.92500237972126e-05
CPD-4501	3511	MassBank	AU270606	Miconazole	inchikey	1	FALSE	FALSE	1.21900029625976e-07	0.000294454456387574
CPD-9776	3515	MassBank	AU161905	Cocaine	inchikey_connectivity_formula_mass	2	FALSE	TRUE	3.23000222124392e-08	8.0750055531098e-05
CPD-9940	3580	MassBank	AU288402	Harmine	inchikey	1	TRUE	TRUE	1.76999890300067e-08	4.42499725750167e-05
CPD-9777	3596	MassBank	AU161803	Ecgonine methyl ester	name_formula_mass	4	FALSE	TRUE	1.7199994317707e-08	4.29999857942676e-05
PROGESTERONE	3609	MassBank	AU107703	Progesterone	inchikey	1	TRUE	TRUE	7.20001480658539e-09	1.80000370164635e-05
Camphor	3618	MassBank	AU504303	D-Camphor	name_formula_mass	4	TRUE	TRUE	1.51356999822383e-05	0.0378392499555957
CPD-862	3618	MassBank	AU504303	D-Camphor	name_formula_mass	4	TRUE	TRUE	1.51356999822383e-05	0.0378392499555957
CPD-6361	3637	MassBank	AU250803	1,3-Dihydro-(2H)-indol-2-one	inchikey	1	TRUE	TRUE	5.19999900916446e-08	0.000129999975229111
CPD-20952	3640	MassBank	AU154008	Amphetamine	inchikey_connectivity_formula_mass	2	FALSE	TRUE	2.25000178488699e-08	5.62500446221748e-05
CPD-12111	3713	MassBank	AU231206	4-Hydroxycoumarin	inchikey	1	TRUE	TRUE	4.11000087296998e-08	0.000102750021824249
CPD-3141	3714	MassBank	AU241957	Genistein	inchikey_connectivity_formula_mass	2	FALSE	TRUE	3.14999510919733e-08	7.87498777299334e-05
N-EE-PIPEROYL-PIPERIDINE	3744	MassBank	AU252303	Piperine	inchikey	1	TRUE	TRUE	1.85999624591204e-08	4.64999061478011e-05
CPD-6441	3792	MassBank	AU504604	Methyl benzoate	inchikey	1	TRUE	TRUE	2.95010000002094e-05	0.0737525000005235
CPD-4501	3804	MassBank	AU270603	Miconazole	inchikey	1	FALSE	FALSE	1.21900029625976e-07	0.000294454456387574
CPD-6361	3829	MassBank	AU250802	1,3-Dihydro-(2H)-indol-2-one	inchikey	1	TRUE	TRUE	5.19999900916446e-08	0.000129999975229111
CPD-352	3877	MassBank	AU279706	Estradiol	inchikey	1	TRUE	TRUE	1.46000047607231e-08	3.65000119018077e-05
CPD-20520	3879	MassBank	AU274004	Fluvoxamine	name_formula_mass	4	FALSE	TRUE	7.13000076757453e-08	0.000178250019189363
CORTISOL	3967	MassBank	AU280903	Cortisol	inchikey	1	TRUE	TRUE	4.07350000841689e-06	0.0101837500210422
CPD-15877	4000	MassBank	AU210233	Fluvastatin	name_formula_mass	4	FALSE	TRUE	2.8199963253428e-08	6.85822479182205e-05
ANDROST4ENE	4003	MassBank	AU280304	Androstenedione	inchikey	1	TRUE	TRUE	2.11999804378138e-08	5.29999510945345e-05
CORTISONE	4033	MassBank	AU239301	Cortisone	inchikey	1	TRUE	TRUE	9.30003807297908e-09	2.32500951824477e-05
CPD-6442	4052	MassBank	AU501407	Methyl 2-hydroxybenzoate	inchikey	1	TRUE	TRUE	4.41230999967956e-05	0.110307749991989
CPD-12111	4054	MassBank	AU231257	4-Hydroxycoumarin	inchikey	1	TRUE	TRUE	4.11000087296998e-08	0.000102750021824249
CPD-3141	4060	MassBank	AU241905	Genistein	inchikey_connectivity_formula_mass	2	FALSE	TRUE	3.14999510919733e-08	7.87498777299334e-05
N-EE-PIPEROYL-PIPERIDINE	4096	MassBank	AU252305	Piperine	inchikey	1	TRUE	TRUE	1.85999624591204e-08	4.64999061478011e-05
ANDROST4ENE	4119	MassBank	AU280302	Androstenedione	inchikey	1	TRUE	TRUE	2.11999804378138e-08	5.29999510945345e-05
TYRAMINE	4156	MassBank	AU510509	Tyramine	inchikey_connectivity_formula_mass	2	FALSE	TRUE	1.96000087271386e-08	4.90000218178466e-05
ALBENDAZOLE-S-OXIDE	4183	MassBank	AU106005	albendazole S-oxide	inchikey	1	TRUE	TRUE	2.4659999553478e-07	0.000616499988836949
CPD-3141	4190	MassBank	AU241904	Genistein	inchikey_connectivity_formula_mass	2	FALSE	TRUE	3.14999510919733e-08	7.87498777299334e-05
N-EE-PIPEROYL-PIPERIDINE	4199	MassBank	AU252304	Piperine	inchikey	1	TRUE	TRUE	1.85999624591204e-08	4.64999061478011e-05
CPD-20520	4202	MassBank	AU274005	Fluvoxamine	name_formula_mass	4	FALSE	TRUE	7.13000076757453e-08	0.000178250019189363
CPD-6041	4207	MassBank	AU273006	Methotrexate	inchikey_connectivity_formula_mass	2	FALSE	TRUE	5.82999746256974e-08	0.000128365602560173
CPD-15877	4214	MassBank	AU210231	Fluvastatin	name_formula_mass	4	FALSE	TRUE	2.8199963253428e-08	6.85822479182205e-05
CPD-12111	4219	MassBank	AU231260	4-Hydroxycoumarin	inchikey	1	TRUE	TRUE	4.11000087296998e-08	0.000102750021824249
INDOLE_ACETATE_AUXIN	4241	MassBank	AU279601	Indoleacetic acid	inchikey_connectivity_formula_mass	2	FALSE	TRUE	3.82999871817447e-08	9.57499679543616e-05
CPD-13595	4285	MassBank	AU284306	Hexadecyltrimethylammonium	inchikey	1	FALSE	TRUE	1.00782508549997	2519.56271374993
CPD-12111	4320	MassBank	AU231262	4-Hydroxycoumarin	inchikey	1	TRUE	TRUE	4.11000087296998e-08	0.000102750021824249
CPD-13595	4335	MassBank	AU284305	Hexadecyltrimethylammonium	inchikey	1	FALSE	TRUE	1.00782508549997	2519.56271374993
CPD-12111	4346	MassBank	AU231202	4-Hydroxycoumarin	inchikey	1	TRUE	TRUE	4.11000087296998e-08	0.000102750021824249
CPD-9785	4363	MassBank	AU117104	Colchicine	inchikey	1	TRUE	TRUE	4.02999944526528e-08	0.000100749986131632
INDOLE_ACETATE_AUXIN	4420	MassBank	AU279604	Indoleacetic acid	inchikey_connectivity_formula_mass	2	FALSE	TRUE	3.82999871817447e-08	9.57499679543616e-05
CPD-10571	4426	MassBank	AU271206	Terbinafine	inchikey_connectivity_formula_mass	2	FALSE	TRUE	7.70000951888505e-09	1.92500237972126e-05
CPD0-1581	4447	MassBank	AU266605	Trimethoprim	inchikey	1	TRUE	TRUE	6.49000071462069e-08	0.000162250017865517
INDOLE_ACETATE_AUXIN	4457	MassBank	AU279603	Indoleacetic acid	inchikey_connectivity_formula_mass	2	FALSE	TRUE	3.82999871817447e-08	9.57499679543616e-05
CPD-9777	4510	MassBank	AU161801	Ecgonine methyl ester	name_formula_mass	4	FALSE	TRUE	1.7199994317707e-08	4.29999857942676e-05
ANDROST4ENE	4514	MassBank	AU280303	Androstenedione	inchikey	1	TRUE	TRUE	2.11999804378138e-08	5.29999510945345e-05
CPD-9776	4518	MassBank	AU161902	Cocaine	inchikey_connectivity_formula_mass	2	FALSE	TRUE	3.23000222124392e-08	8.0750055531098e-05
CPD-6361	4520	MassBank	AU250806	1,3-Dihydro-(2H)-indol-2-one	inchikey	1	TRUE	TRUE	5.19999900916446e-08	0.000129999975229111
ESTRONE	4550	MassBank	AU239159	Estrone	inchikey	1	TRUE	TRUE	5.039998995926e-08	0.00012599997489815
CPD-9785	4563	MassBank	AU117207	Colchicine	inchikey	1	TRUE	TRUE	4.02999944526528e-08	0.000100749986131632
CORTISOL	4577	MassBank	AU280901	Cortisol	inchikey	1	TRUE	TRUE	4.07350000841689e-06	0.0101837500210422
CPD-19959	4607	MassBank	AU502405	Propyl benzoate	inchikey	1	TRUE	TRUE	2.9629399989517e-05	0.0740734999737924
CODEINE	4630	MassBank	AU162332	Codeine	inchikey_connectivity_formula_mass	2	FALSE	TRUE	4.55999611403968e-08	0.000113999902850992
TYRAMINE	4634	MassBank	AU510501	Tyramine	inchikey_connectivity_formula_mass	2	FALSE	TRUE	1.96000087271386e-08	4.90000218178466e-05
ALBENDAZOLE-S-OXIDE	4669	MassBank	AU106004	albendazole S-oxide	inchikey	1	TRUE	TRUE	2.4659999553478e-07	0.000616499988836949
ANDROST4ENE	4674	MassBank	AU280301	Androstenedione	inchikey	1	TRUE	TRUE	2.11999804378138e-08	5.29999510945345e-05
CPD-3141	4690	MassBank	AU241902	Genistein	inchikey_connectivity_formula_mass	2	FALSE	TRUE	3.14999510919733e-08	7.87498777299334e-05
CPD0-1581	4771	MassBank	AU266603	Trimethoprim	inchikey	1	TRUE	TRUE	6.49000071462069e-08	0.000162250017865517
CPD-10571	4775	MassBank	AU271205	Terbinafine	inchikey_connectivity_formula_mass	2	FALSE	TRUE	7.70000951888505e-09	1.92500237972126e-05
CORTISOL	4780	MassBank	AU280906	Cortisol	inchikey	1	TRUE	TRUE	4.07350000841689e-06	0.0101837500210422
CPD-15877	4786	MassBank	AU210201	Fluvastatin	name_formula_mass	4	FALSE	TRUE	2.8199963253428e-08	6.85822479182205e-05
CPD-110	4810	MassBank	AU238262	Salicylic acid	inchikey_connectivity_formula_mass	2	FALSE	TRUE	4.11000087296998e-08	0.000102750021824249
CORTISONE	4818	MassBank	AU239360	Cortisone	inchikey	1	TRUE	TRUE	9.30003807297908e-09	2.32500951824477e-05
ESTRONE	4858	MassBank	AU239158	Estrone	inchikey	1	TRUE	TRUE	5.039998995926e-08	0.00012599997489815
CPD-352	4892	MassBank	AU279704	Estradiol	inchikey	1	TRUE	TRUE	1.46000047607231e-08	3.65000119018077e-05
ALBENDAZOLE-S-OXIDE	4893	MassBank	AU106001	albendazole S-oxide	inchikey	1	TRUE	TRUE	2.4659999553478e-07	0.000616499988836949
CODEINE	4901	MassBank	AU162304	Codeine	inchikey_connectivity_formula_mass	2	FALSE	TRUE	4.55999611403968e-08	0.000113999902850992
CPD-13595	4904	MassBank	AU284304	Hexadecyltrimethylammonium	inchikey	1	FALSE	TRUE	1.00782508549997	2519.56271374993
CORTISONE	4908	MassBank	AU239306	Cortisone	inchikey	1	TRUE	TRUE	9.30003807297908e-09	2.32500951824477e-05
CODEINE	4917	MassBank	AU162308	Codeine	inchikey_connectivity_formula_mass	2	FALSE	TRUE	4.55999611403968e-08	0.000113999902850992
DAIDZEIN	4933	MassBank	AU287403	Daidzein	inchikey	1	TRUE	TRUE	9.39999722504581e-09	2.34999930626145e-05
MORPHINE	4951	MassBank	AU158008	Morphine	inchikey_connectivity_formula_mass	2	FALSE	TRUE	1.85999624591204e-08	4.64999061478011e-05
CPD-10571	4960	MassBank	AU271204	Terbinafine	inchikey_connectivity_formula_mass	2	FALSE	TRUE	7.70000951888505e-09	1.92500237972126e-05
CPD-8926	4998	MassBank	AU268901	Clotrimazole	inchikey	1	FALSE	FALSE	6.61000285617774e-08	0.000165250071404444
Ibuprofen	5005	MassBank	AU234557	Ibuprofen	inchikey_connectivity_formula_mass	2	FALSE	TRUE	2.19999947148608e-08	5.4999986787152e-05
CPD-12111	5007	MassBank	AU231201	4-Hydroxycoumarin	inchikey	1	TRUE	TRUE	4.11000087296998e-08	0.000102750021824249
MORPHINE	5024	MassBank	AU158003	Morphine	inchikey_connectivity_formula_mass	2	FALSE	TRUE	1.85999624591204e-08	4.64999061478011e-05
CPD-9777	5073	MassBank	AU161805	Ecgonine methyl ester	name_formula_mass	4	FALSE	TRUE	1.7199994317707e-08	4.29999857942676e-05
CPD-15877	5085	MassBank	AU210204	Fluvastatin	name_formula_mass	4	FALSE	TRUE	2.8199963253428e-08	6.85822479182205e-05
Camphor	5127	MassBank	AU504305	D-Camphor	name_formula_mass	4	TRUE	TRUE	1.51356999822383e-05	0.0378392499555957
CPD-862	5127	MassBank	AU504305	D-Camphor	name_formula_mass	4	TRUE	TRUE	1.51356999822383e-05	0.0378392499555957
CPD-20520	5142	MassBank	AU274006	Fluvoxamine	name_formula_mass	4	FALSE	TRUE	7.13000076757453e-08	0.000178250019189363
CPD-10571	5151	MassBank	AU271203	Terbinafine	inchikey_connectivity_formula_mass	2	FALSE	TRUE	7.70000951888505e-09	1.92500237972126e-05
CPD-9785	5163	MassBank	AU117103	Colchicine	inchikey	1	TRUE	TRUE	4.02999944526528e-08	0.000100749986131632
CPD-6442	5206	MassBank	AU501402	Methyl 2-hydroxybenzoate	inchikey	1	TRUE	TRUE	4.41230999967956e-05	0.110307749991989
DODECANOATE	5222	MassBank	AU507901	Dodecanoic acid	inchikey_connectivity_formula_mass	2	FALSE	TRUE	3.00145999858614e-05	0.0750364999646536
N-EE-PIPEROYL-PIPERIDINE	5280	MassBank	AU252306	Piperine	inchikey	1	TRUE	TRUE	1.85999624591204e-08	4.64999061478011e-05
CPD-20952	5329	MassBank	AU154002	Amphetamine	inchikey_connectivity_formula_mass	2	FALSE	TRUE	2.25000178488699e-08	5.62500446221748e-05
CPD-8926	5342	MassBank	AU268902	Clotrimazole	inchikey	1	FALSE	FALSE	6.61000285617774e-08	0.000165250071404444
CPD-352	5420	MassBank	AU279703	Estradiol	inchikey	1	TRUE	TRUE	1.46000047607231e-08	3.65000119018077e-05
CPD-12111	5426	MassBank	AU231259	4-Hydroxycoumarin	inchikey	1	TRUE	TRUE	4.11000087296998e-08	0.000102750021824249
CPD-6442	5501	MassBank	AU501409	Methyl 2-hydroxybenzoate	inchikey	1	TRUE	TRUE	4.41230999967956e-05	0.110307749991989
PROGESTERONE	5520	MassBank	AU107730	Progesterone	inchikey	1	TRUE	TRUE	7.20001480658539e-09	1.80000370164635e-05
CPD-9940	5532	MassBank	AU288404	Harmine	inchikey	1	TRUE	TRUE	1.76999890300067e-08	4.42499725750167e-05
CORTISONE	5538	MassBank	AU239304	Cortisone	inchikey	1	TRUE	TRUE	9.30003807297908e-09	2.32500951824477e-05
THRYROXINE	5539	MassBank	AU274306	Thyroxine	name_formula_mass	4	FALSE	TRUE	1.99533001250529e-05	0.0256902823787209
CPD-6361	5541	MassBank	AU250804	1,3-Dihydro-(2H)-indol-2-one	inchikey	1	TRUE	TRUE	5.19999900916446e-08	0.000129999975229111
Camphor	5553	MassBank	AU504301	D-Camphor	name_formula_mass	4	TRUE	TRUE	1.51356999822383e-05	0.0378392499555957
CPD-862	5553	MassBank	AU504301	D-Camphor	name_formula_mass	4	TRUE	TRUE	1.51356999822383e-05	0.0378392499555957
CPD-352	5599	MassBank	AU279701	Estradiol	inchikey	1	TRUE	TRUE	1.46000047607231e-08	3.65000119018077e-05
MORPHINE	5645	MassBank	AU158032	Morphine	inchikey_connectivity_formula_mass	2	FALSE	TRUE	1.85999624591204e-08	4.64999061478011e-05
MORPHINE	5669	MassBank	AU158002	Morphine	inchikey_connectivity_formula_mass	2	FALSE	TRUE	1.85999624591204e-08	4.64999061478011e-05
CPD-6442	5693	MassBank	AU501403	Methyl 2-hydroxybenzoate	inchikey	1	TRUE	TRUE	4.41230999967956e-05	0.110307749991989
CPD-9024	5705	MassBank	AU238903	Allopurinol	inchikey	1	TRUE	TRUE	7.13000076757453e-08	0.000178250019189363
DAIDZEIN	5768	MassBank	AU287405	Daidzein	inchikey	1	TRUE	TRUE	9.39999722504581e-09	2.34999930626145e-05
Camphor	5770	MassBank	AU504304	D-Camphor	name_formula_mass	4	TRUE	TRUE	1.51356999822383e-05	0.0378392499555957
CPD-862	5770	MassBank	AU504304	D-Camphor	name_formula_mass	4	TRUE	TRUE	1.51356999822383e-05	0.0378392499555957
CPD0-1491	5787	MassBank	AU279206	Amitrole	inchikey	1	TRUE	TRUE	1.92000015886151e-08	4.80000039715378e-05
1-3-7-TRIMETHYLXANTHINE	5788	MassBank	AU276601	Caffeine	inchikey	1	TRUE	TRUE	1.39999940529378e-08	3.49999851323446e-05
CODEINE	5807	MassBank	AU162310	Codeine	inchikey_connectivity_formula_mass	2	FALSE	TRUE	4.55999611403968e-08	0.000113999902850992
PROGESTERONE	5848	MassBank	AU107733	Progesterone	inchikey	1	TRUE	TRUE	7.20001480658539e-09	1.80000370164635e-05
N-EE-PIPEROYL-PIPERIDINE	5858	MassBank	AU252302	Piperine	inchikey	1	TRUE	TRUE	1.85999624591204e-08	4.64999061478011e-05
PROGESTERONE	5863	MassBank	AU107731	Progesterone	inchikey	1	TRUE	TRUE	7.20001480658539e-09	1.80000370164635e-05
PROGESTERONE	5887	MassBank	AU107732	Progesterone	inchikey	1	TRUE	TRUE	7.20001480658539e-09	1.80000370164635e-05
DAIDZEIN	5913	MassBank	AU287406	Daidzein	inchikey	1	TRUE	TRUE	9.39999722504581e-09	2.34999930626145e-05
PROGESTERONE	5963	MassBank	AU107705	Progesterone	inchikey	1	TRUE	TRUE	7.20001480658539e-09	1.80000370164635e-05
CPD-9776	5990	MassBank	AU161901	Cocaine	inchikey_connectivity_formula_mass	2	FALSE	TRUE	3.23000222124392e-08	8.0750055531098e-05
MORPHINE	6019	MassBank	AU158005	Morphine	inchikey_connectivity_formula_mass	2	FALSE	TRUE	1.85999624591204e-08	4.64999061478011e-05
CODEINE	6023	MassBank	AU162311	Codeine	inchikey_connectivity_formula_mass	2	FALSE	TRUE	4.55999611403968e-08	0.000113999902850992
CORTISONE	6069	MassBank	AU239302	Cortisone	inchikey	1	TRUE	TRUE	9.30003807297908e-09	2.32500951824477e-05
CPD-20520	6076	MassBank	AU274003	Fluvoxamine	name_formula_mass	4	FALSE	TRUE	7.13000076757453e-08	0.000178250019189363
CPD-352	6082	MassBank	AU279702	Estradiol	inchikey	1	TRUE	TRUE	1.46000047607231e-08	3.65000119018077e-05
CPD-20952	6101	MassBank	AU154007	Amphetamine	inchikey_connectivity_formula_mass	2	FALSE	TRUE	2.25000178488699e-08	5.62500446221748e-05
CPD-9940	6108	MassBank	AU288403	Harmine	inchikey	1	TRUE	TRUE	1.76999890300067e-08	4.42499725750167e-05
ESTRONE	6117	MassBank	AU239101	Estrone	inchikey	1	TRUE	TRUE	5.039998995926e-08	0.00012599997489815
CPD-6041	6138	MassBank	AU273004	Methotrexate	inchikey_connectivity_formula_mass	2	FALSE	TRUE	5.82999746256974e-08	0.000128365602560173
CPD-9785	6151	MassBank	AU117102	Colchicine	inchikey	1	TRUE	TRUE	4.02999944526528e-08	0.000100749986131632
CPD-15877	6152	MassBank	AU210255	Fluvastatin	name_formula_mass	4	FALSE	TRUE	2.8199963253428e-08	6.85822479182205e-05
CPD-9785	6157	MassBank	AU117208	Colchicine	inchikey	1	TRUE	TRUE	4.02999944526528e-08	0.000100749986131632
1-3-7-TRIMETHYLXANTHINE	6171	MassBank	AU276602	Caffeine	inchikey	1	TRUE	TRUE	1.39999940529378e-08	3.49999851323446e-05
DAIDZEIN	6177	MassBank	AU287401	Daidzein	inchikey	1	TRUE	TRUE	9.39999722504581e-09	2.34999930626145e-05
N-EE-PIPEROYL-PIPERIDINE	6179	MassBank	AU252301	Piperine	inchikey	1	TRUE	TRUE	1.85999624591204e-08	4.64999061478011e-05
CORTISONE	6189	MassBank	AU239359	Cortisone	inchikey	1	TRUE	TRUE	9.30003807297908e-09	2.32500951824477e-05
CPD-3141	6216	MassBank	AU241906	Genistein	inchikey_connectivity_formula_mass	2	FALSE	TRUE	3.14999510919733e-08	7.87498777299334e-05
CPD-6442	6303	MassBank	AU501408	Methyl 2-hydroxybenzoate	inchikey	1	TRUE	TRUE	4.41230999967956e-05	0.110307749991989
CPD-9777	6319	MassBank	AU161802	Ecgonine methyl ester	name_formula_mass	4	FALSE	TRUE	1.7199994317707e-08	4.29999857942676e-05
CPD-3141	6340	MassBank	AU241959	Genistein	inchikey_connectivity_formula_mass	2	FALSE	TRUE	3.14999510919733e-08	7.87498777299334e-05
CPD-13595	6379	MassBank	AU284303	Hexadecyltrimethylammonium	inchikey	1	FALSE	TRUE	1.00782508549997	2519.56271374993
MORPHINE	6388	MassBank	AU158007	Morphine	inchikey_connectivity_formula_mass	2	FALSE	TRUE	1.85999624591204e-08	4.64999061478011e-05
CPD-9785	6442	MassBank	AU117209	Colchicine	inchikey	1	TRUE	TRUE	4.02999944526528e-08	0.000100749986131632
CPD-6041	6446	MassBank	AU273005	Methotrexate	inchikey_connectivity_formula_mass	2	FALSE	TRUE	5.82999746256974e-08	0.000128365602560173
CPD-9776	6450	MassBank	AU161903	Cocaine	inchikey_connectivity_formula_mass	2	FALSE	TRUE	3.23000222124392e-08	8.0750055531098e-05
CPD-6441	6553	MassBank	AU504601	Methyl benzoate	inchikey	1	TRUE	TRUE	2.95010000002094e-05	0.0737525000005235
ANDROST4ENE	6559	MassBank	AU280305	Androstenedione	inchikey	1	TRUE	TRUE	2.11999804378138e-08	5.29999510945345e-05
MORPHINE	6589	MassBank	AU158010	Morphine	inchikey_connectivity_formula_mass	2	FALSE	TRUE	1.85999624591204e-08	4.64999061478011e-05
CODEINE	6633	MassBank	AU162330	Codeine	inchikey_connectivity_formula_mass	2	FALSE	TRUE	4.55999611403968e-08	0.000113999902850992
DAIDZEIN	6637	MassBank	AU287402	Daidzein	inchikey	1	TRUE	TRUE	9.39999722504581e-09	2.34999930626145e-05
CPD-9940	6643	MassBank	AU288405	Harmine	inchikey	1	TRUE	TRUE	1.76999890300067e-08	4.42499725750167e-05
TYRAMINE	6655	MassBank	AU510503	Tyramine	inchikey_connectivity_formula_mass	2	FALSE	TRUE	1.96000087271386e-08	4.90000218178466e-05
AGMATHINE	6662	MassBank	AU510701	Agmatine	inchikey_connectivity_formula_mass	2	FALSE	TRUE	7.02000022556604e-08	0.000175500005639151
1-3-7-TRIMETHYLXANTHINE	6676	MassBank	AU276603	Caffeine	inchikey	1	TRUE	TRUE	1.39999940529378e-08	3.49999851323446e-05
CODEINE	6679	MassBank	AU162305	Codeine	inchikey_connectivity_formula_mass	2	FALSE	TRUE	4.55999611403968e-08	0.000113999902850992
CPD-15877	6725	MassBank	AU210253	Fluvastatin	name_formula_mass	4	FALSE	TRUE	2.8199963253428e-08	6.85822479182205e-05
PHENYL	6730	MassBank	AU506501	Acetophenone	inchikey	1	TRUE	TRUE	1.48788999894123e-05	0.0371972499735307
CPD-20520	6744	MassBank	AU274001	Fluvoxamine	name_formula_mass	4	FALSE	TRUE	7.13000076757453e-08	0.000178250019189363
CPD-3141	6789	MassBank	AU241903	Genistein	inchikey_connectivity_formula_mass	2	FALSE	TRUE	3.14999510919733e-08	7.87498777299334e-05
CPD-13595	6792	MassBank	AU284301	Hexadecyltrimethylammonium	inchikey	1	FALSE	TRUE	1.00782508549997	2519.56271374993
CORTISOL	6816	MassBank	AU280905	Cortisol	inchikey	1	TRUE	TRUE	4.07350000841689e-06	0.0101837500210422
CPD-3141	6918	MassBank	AU241901	Genistein	inchikey_connectivity_formula_mass	2	FALSE	TRUE	3.14999510919733e-08	7.87498777299334e-05
AGMATHINE	6935	MassBank	AU510707	Agmatine	inchikey_connectivity_formula_mass	2	FALSE	TRUE	7.02000022556604e-08	0.000175500005639151
CPDQT-42	6962	MassBank	AU102202	Sulfanilamide	name_formula_mass	4	TRUE	TRUE	4.82014000056097e-05	0.120503500014024
CPD-4501	7010	MassBank	AU270602	Miconazole	inchikey	1	FALSE	FALSE	1.21900029625976e-07	0.000294454456387574
CPD0-1581	7020	MassBank	AU266602	Trimethoprim	inchikey	1	TRUE	TRUE	6.49000071462069e-08	0.000162250017865517
CODEINE	7021	MassBank	AU162307	Codeine	inchikey_connectivity_formula_mass	2	FALSE	TRUE	4.55999611403968e-08	0.000113999902850992
ESTRONE	7022	MassBank	AU239160	Estrone	inchikey	1	TRUE	TRUE	5.039998995926e-08	0.00012599997489815
DODECANOATE	7029	MassBank	AU507904	Dodecanoic acid	inchikey_connectivity_formula_mass	2	FALSE	TRUE	3.00145999858614e-05	0.0750364999646536
TYRAMINE	7034	MassBank	AU510508	Tyramine	inchikey_connectivity_formula_mass	2	FALSE	TRUE	1.96000087271386e-08	4.90000218178466e-05
CPD-3141	7041	MassBank	AU241960	Genistein	inchikey_connectivity_formula_mass	2	FALSE	TRUE	3.14999510919733e-08	7.87498777299334e-05
MORPHINE	7062	MassBank	AU158011	Morphine	inchikey_connectivity_formula_mass	2	FALSE	TRUE	1.85999624591204e-08	4.64999061478011e-05
ANDROST4ENE	7074	MassBank	AU280306	Androstenedione	inchikey	1	TRUE	TRUE	2.11999804378138e-08	5.29999510945345e-05
CPD-9785	7092	MassBank	AU117210	Colchicine	inchikey	1	TRUE	TRUE	4.02999944526528e-08	0.000100749986131632
CPD-8926	7093	MassBank	AU268905	Clotrimazole	inchikey	1	FALSE	FALSE	6.61000285617774e-08	0.000165250071404444
CORTISOL	7097	MassBank	AU280904	Cortisol	inchikey	1	TRUE	TRUE	4.07350000841689e-06	0.0101837500210422
1-3-7-TRIMETHYLXANTHINE	7098	MassBank	AU276606	Caffeine	inchikey	1	TRUE	TRUE	2.6000009256677e-08	6.50000231416925e-05
CODEINE	7114	MassBank	AU162301	Codeine	inchikey_connectivity_formula_mass	2	FALSE	TRUE	4.55999611403968e-08	0.000113999902850992
CPD-19959	7154	MassBank	AU502401	Propyl benzoate	inchikey	1	TRUE	TRUE	2.9629399989517e-05	0.0740734999737924
DAIDZEIN	7156	MassBank	AU287404	Daidzein	inchikey	1	TRUE	TRUE	9.39999722504581e-09	2.34999930626145e-05
MORPHINE	7181	MassBank	AU158031	Morphine	inchikey_connectivity_formula_mass	2	FALSE	TRUE	1.85999624591204e-08	4.64999061478011e-05
MORPHINE	7205	MassBank	AU158001	Morphine	inchikey_connectivity_formula_mass	2	FALSE	TRUE	1.85999624591204e-08	4.64999061478011e-05
CPD-9024	7217	MassBank	AU238901	Allopurinol	inchikey	1	TRUE	TRUE	7.13000076757453e-08	0.000178250019189363
CPD-15877	7306	MassBank	AU210254	Fluvastatin	name_formula_mass	4	FALSE	TRUE	2.8199963253428e-08	6.85822479182205e-05
CPD-12111	7394	MassBank	AU231203	4-Hydroxycoumarin	inchikey	1	TRUE	TRUE	4.11000087296998e-08	0.000102750021824249
CPD-9940	7451	MassBank	AU288406	Harmine	inchikey	1	TRUE	TRUE	1.76999890300067e-08	4.42499725750167e-05
CORTISONE	7461	MassBank	AU239303	Cortisone	inchikey	1	TRUE	TRUE	9.30003807297908e-09	2.32500951824477e-05
CORTISONE	7478	MassBank	AU239358	Cortisone	inchikey	1	TRUE	TRUE	9.30003807297908e-09	2.32500951824477e-05
CPD-9777	7491	MassBank	AU161804	Ecgonine methyl ester	name_formula_mass	4	FALSE	TRUE	1.7199994317707e-08	4.29999857942676e-05
DODECANOATE	7517	MassBank	AU507903	Dodecanoic acid	inchikey_connectivity_formula_mass	2	FALSE	TRUE	3.00145999858614e-05	0.0750364999646536
CPD-520	7537	MassBank	RP012413	Quercetin	inchikey_connectivity_formula_mass	2	FALSE	TRUE	4.73242999987633e-05	0.118310749996908
GLT	7539	MassBank	RP001412	L-Glutamic acid	inchikey_connectivity_formula_mass	2	FALSE	TRUE	2.2174999969593e-06	0.00554374999239826
SINAPATE	7540	MassBank	RP017413	Sinapic acid	inchikey_connectivity_formula_mass	2	FALSE	TRUE	3.4957000139002e-06	0.00873925003475051
L-2-AMINOHEXANOATE	7545	MassBank	RP002201	L-Norleucine	inchikey	1	TRUE	TRUE	1.33329999130183e-06	0.00333324997825457
INDOLE_ACETATE_AUXIN	7546	MassBank	RP016612	Indoleacetic acid	inchikey_connectivity_formula_mass	2	FALSE	TRUE	2.85383000004913e-05	0.0713457500012282
PANTOTHENATE	7548	MassBank	RP012301	3-[[(2S)-2,4-Dihydroxy-3,3-dimethylbutanoyl]amino]propanoic acid	name_formula_mass	4	FALSE	TRUE	2.7338599977611e-05	0.0683464999440275
SORBITOL	7550	MassBank	RP022901	D-Sorbitol	name_formula_mass	4	TRUE	TRUE	1.81799998699717e-06	0.00454499996749291
HIS	7552	MassBank	RP002001	L-Histidine	inchikey	1	TRUE	TRUE	3.45129998891025e-06	0.00862824997227563
CPD-110	7553	MassBank	RP017012	Salicylic acid	inchikey_connectivity_formula_mass	2	FALSE	TRUE	5.94109999951797e-06	0.0148527499987949
CPD1F-437	7554	MassBank	RP017102	Isoquercitrin	inchikey_connectivity_formula_mass	2	FALSE	TRUE	2.38928000158012e-05	0.0514825100563623
CPD-4207	7557	MassBank	RP030601	isopentenyl adenosine	inchikey	1	TRUE	TRUE	4.58115000583348e-05	0.114528750145837
PRO	7559	MassBank	RP001703	L-Proline	inchikey	1	TRUE	TRUE	1.46169999482026e-06	0.00365424998705066
N-ALPHA-ACETYLORNITHINE	7561	MassBank	RP016003	N2-Acetylornithine	inchikey	1	TRUE	TRUE	4.2326099986667e-05	0.105815249966668
CPD-15544	7564	MassBank	RP031602	7-Methylguanosine	inchikey	1	FALSE	TRUE	1.00786868220001	2519.67170550003
TYR	7566	MassBank	RP000301	L-Tyrosine	inchikey	1	TRUE	TRUE	3.22459999324565e-06	0.00806149998311412
CPD-1961	7570	MassBank	RP017803	Catechin	inchikey	1	TRUE	TRUE	3.8181999968856e-05	0.0954549999221399
CYS	7572	MassBank	RP001802	L-Cysteine	inchikey	1	TRUE	TRUE	8.35899996332046e-07	0.00208974999083011
CPD-674	7575	MassBank	RP018311	trans-Cinnamic acid	inchikey_connectivity_formula_mass	2	FALSE	TRUE	2.95010000002094e-05	0.0737525000005235
RIBOFLAVIN	7576	MassBank	RP013111	Riboflavin	inchikey_connectivity_formula_mass	2	FALSE	TRUE	1.56046000370225e-05	0.0390115000925562
HOMOGENTISATE	7579	MassBank	RP011802	Homogentisic acid	inchikey_connectivity_formula_mass	2	FALSE	TRUE	4.12548000099378e-05	0.103137000024844
5Z8Z11Z14Z17Z-EICOSAPENTAENOATE	7580	MassBank	RP030511	Eicosapentaenoic acid	inchikey_connectivity_formula_mass	2	FALSE	TRUE	1.97928000034153e-05	0.0494820000085383
CPD-8117	7581	MassBank	RP014302	gamma-Linolenic acid	inchikey_connectivity_formula_mass	2	FALSE	TRUE	1.97928000034153e-05	0.0494820000085383
N-ALPHA-ACETYLORNITHINE	7583	MassBank	RP016001	N2-Acetylornithine	inchikey	1	TRUE	TRUE	4.2326099986667e-05	0.105815249966668
CPD0-1264	7584	MassBank	RP015301	Suberic acid	inchikey_connectivity_formula_mass	2	FALSE	TRUE	8.93780000410516e-06	0.0223445000102629
TRP	7587	MassBank	RP000513	L-Tryptophan	inchikey	1	TRUE	TRUE	2.36019999988457e-06	0.00590049999971143
L-CYSTATHIONINE	7588	MassBank	RP014602	L-Cystathionine	inchikey	1	TRUE	TRUE	2.76382000095055e-05	0.0690955000237636
5734-TETRAHYDROXYFLAVONE	7590	MassBank	RP004801	Luteolin	inchikey_connectivity_formula_mass	2	FALSE	TRUE	3.80536000079701e-05	0.0951340000199252
D-glucopyranose-6-phosphate	7591	MassBank	RP023712	Glucose 6-phosphate	inchikey_connectivity_formula_mass	2	FALSE	TRUE	1.85261999945396e-05	0.0463154999863491
GLY	7592	MassBank	RP000111	Glycine	inchikey	1	TRUE	TRUE	1.59010001254956e-06	0.00397525003137389
HIS	7593	MassBank	RP002003	L-Histidine	inchikey	1	TRUE	TRUE	3.45129998891025e-06	0.00862824997227563
UBIQUINONE-2	7595	MassBank	RP014803	Ubiquinone-2	inchikey	1	TRUE	TRUE	9.3229999720279e-06	0.0233074999300698
CPD1F-453	7596	MassBank	RP017303	Astragalin	inchikey_connectivity_formula_mass	2	FALSE	TRUE	3.85148999839657e-05	0.0859514655735293
BENZOATE	7600	MassBank	RP012801	Benzoic acid	inchikey_connectivity_formula_mass	2	FALSE	TRUE	2.05631999961042e-05	0.0514079999902606
SINAPATE	7602	MassBank	RP017412	Sinapic acid	inchikey_connectivity_formula_mass	2	FALSE	TRUE	3.4957000139002e-06	0.00873925003475051
ANTHRANILATE	7603	MassBank	RP011501	2-Aminobenzoic acid	inchikey_connectivity_formula_mass	2	FALSE	TRUE	2.15258999958223e-05	0.0538147499895558
CPD-3141	7606	MassBank	RP017603	Genistein	inchikey_connectivity_formula_mass	2	FALSE	TRUE	2.34314999829621e-05	0.0585787499574053
GLN	7609	MassBank	RP001303	L-Glutamine	inchikey	1	TRUE	TRUE	2.1976999846629e-06	0.00549424996165726
GUANOSINE	7610	MassBank	RP031711	Guanosine	inchikey	1	TRUE	TRUE	4.4620003336604e-07	0.0011155000834151
CPD-1099	7613	MassBank	RP023001	Raffinose	inchikey	1	TRUE	TRUE	4.9807999857876e-06	0.00987922629158944
GUANOSINE	7614	MassBank	RP031702	Guanosine	inchikey	1	TRUE	TRUE	4.4620003336604e-07	0.0011155000834151
SHIKIMATE	7617	MassBank	RP017513	Shikimic acid	inchikey_connectivity_formula_mass	2	FALSE	TRUE	2.34315000113838e-05	0.0585787500284596
D-THREONINE	7619	MassBank	RP001001	L-Threonine	inchikey	1	TRUE	TRUE	3.16039999859186e-06	0.00790099999647964
5Z8Z11Z14Z17Z-EICOSAPENTAENOATE	7620	MassBank	RP030501	Eicosapentaenoic acid	inchikey_connectivity_formula_mass	2	FALSE	TRUE	1.97928000034153e-05	0.0494820000085383
STEARIC_ACID	7623	MassBank	RP024311	Stearic acid	inchikey_connectivity_formula_mass	2	FALSE	TRUE	3.03997999822059e-05	0.0759994999555147
HOMOGENTISATE	7624	MassBank	RP011803	Homogentisic acid	inchikey_connectivity_formula_mass	2	FALSE	TRUE	4.12548000099378e-05	0.103137000024844
ASN	7625	MassBank	RP001511	L-Asparagine	inchikey	1	TRUE	TRUE	2.13349997579826e-06	0.00533374993949565
CPD-15291	7627	MassBank	RP017913	Epigallocatechin gallate	inchikey	1	TRUE	TRUE	1.42090004828788e-06	0.00310182678551994
INOSINE	7629	MassBank	RP011001	Inosine	inchikey	1	TRUE	TRUE	3.04834999838022e-05	0.0762087499595054
CPD-8117	7630	MassBank	RP014303	gamma-Linolenic acid	inchikey_connectivity_formula_mass	2	FALSE	TRUE	1.97928000034153e-05	0.0494820000085383
CPD0-1264	7631	MassBank	RP015302	Suberic acid	inchikey_connectivity_formula_mass	2	FALSE	TRUE	8.93780000410516e-06	0.0223445000102629
CPD-1961	7632	MassBank	RP017802	Catechin	inchikey	1	TRUE	TRUE	3.8181999968856e-05	0.0954549999221399
UBIQUINONE-2	7637	MassBank	RP014801	Ubiquinone-2	inchikey	1	TRUE	TRUE	9.3229999720279e-06	0.0233074999300698
GLT	7638	MassBank	RP001403	L-Glutamic acid	inchikey_connectivity_formula_mass	2	FALSE	TRUE	2.2174999969593e-06	0.00554374999239826
CATECHOL	7639	MassBank	RP012013	Pyrocatechol	inchikey	1	TRUE	TRUE	2.05631999961042e-05	0.0514079999902606
CPD0-2495	7642	MassBank	RP032202	5-Methylcytidine	inchikey	1	TRUE	TRUE	2.93923999947765e-05	0.0734809999869412
CPD1F-90	7646	MassBank	RP004703	Kaempferol	inchikey_connectivity_formula_mass	2	FALSE	TRUE	3.80536000079701e-05	0.0951340000199252
RIBOFLAVIN	7647	MassBank	RP013113	Riboflavin	inchikey_connectivity_formula_mass	2	FALSE	TRUE	1.56046000370225e-05	0.0390115000925562
DAIDZEIN	7650	MassBank	RP018111	Daidzein	inchikey	1	TRUE	TRUE	8.80940001479757e-06	0.0220235000369939
BENZOATE	7651	MassBank	RP012803	Benzoic acid	inchikey_connectivity_formula_mass	2	FALSE	TRUE	2.05631999961042e-05	0.0514079999902606
COUMARATE	7652	MassBank	RP016812	4-Hydroxycinnamic acid	inchikey_connectivity_formula_mass	2	FALSE	TRUE	4.41230999967956e-05	0.110307749991989
LYS	7654	MassBank	RP001112	L-Lysine	inchikey_connectivity_formula_mass	2	FALSE	TRUE	2.29599999101993e-06	0.00573999997754981
SHIKIMATE	7658	MassBank	RP017512	Shikimic acid	inchikey_connectivity_formula_mass	2	FALSE	TRUE	2.34315000113838e-05	0.0585787500284596
CPD-431	7663	MassBank	RP015113	Apigenin	inchikey_connectivity_formula_mass	2	FALSE	TRUE	2.34314999829621e-05	0.0585787499574053
LINOLENIC_ACID	7664	MassBank	RP030411	alpha-Linolenic acid	inchikey_connectivity_formula_mass	2	FALSE	TRUE	1.97928000034153e-05	0.0494820000085383
INDOLE_ACETATE_AUXIN	7665	MassBank	RP016601	Indoleacetic acid	inchikey_connectivity_formula_mass	2	FALSE	TRUE	2.85383000004913e-05	0.0713457500012282
PHE	7666	MassBank	RP000411	L-Phenylalanine	inchikey	1	TRUE	TRUE	1.39750000016647e-06	0.00349375000041618
TREHALOSE	7667	MassBank	RP014901	Trehalose	inchikey	1	TRUE	TRUE	1.15493000407696e-05	0.028873250101924
CHORISMATE	7668	MassBank	RP011402	Chorismate	inchikey_connectivity_formula_mass	2	FALSE	TRUE	3.80536000079701e-05	0.0951340000199252
N-ALPHA-ACETYLORNITHINE	7670	MassBank	RP016011	N2-Acetylornithine	inchikey	1	TRUE	TRUE	4.2326099986667e-05	0.105815249966668
CPD1F-437	7671	MassBank	RP017113	Isoquercitrin	inchikey_connectivity_formula_mass	2	FALSE	TRUE	2.38928000158012e-05	0.0514825100563623
GLN	7674	MassBank	RP001311	L-Glutamine	inchikey	1	TRUE	TRUE	2.1976999846629e-06	0.00549424996165726
CPD-4207	7676	MassBank	RP030612	isopentenyl adenosine	inchikey	1	TRUE	TRUE	4.58115000583348e-05	0.114528750145837
CYS	7679	MassBank	RP001803	L-Cysteine	inchikey	1	TRUE	TRUE	8.35899996332046e-07	0.00208974999083011
MET	7684	MassBank	RP001901	L-Methionine	inchikey	1	TRUE	TRUE	7.07499992813609e-07	0.00176874998203402
CATECHOL	7687	MassBank	RP012001	Pyrocatechol	inchikey	1	TRUE	TRUE	2.05631999961042e-05	0.0514079999902606
CPD-3141	7688	MassBank	RP017611	Genistein	inchikey_connectivity_formula_mass	2	FALSE	TRUE	2.34314999829621e-05	0.0585787499574053
3-7-DIMETHYLXANTHINE	7689	MassBank	RP012202	Theobromine	inchikey	1	TRUE	TRUE	2.55218000120294e-05	0.0638045000300735
LINOLENIC_ACID	7690	MassBank	RP030402	alpha-Linolenic acid	inchikey_connectivity_formula_mass	2	FALSE	TRUE	1.97928000034153e-05	0.0494820000085383
CAMP	7692	MassBank	RP012703	cAMP	name_formula_mass	4	FALSE	TRUE	1.96537999386237e-05	0.0491344998465593
OLEATE-CPD	7695	MassBank	RP029012	Oleic acid	inchikey_connectivity_formula_mass	2	FALSE	TRUE	1.9664399985686e-05	0.0491609999642151
GLN	7696	MassBank	RP001301	L-Glutamine	inchikey	1	TRUE	TRUE	2.1976999846629e-06	0.00549424996165726
LYS	7697	MassBank	RP001102	L-Lysine	inchikey_connectivity_formula_mass	2	FALSE	TRUE	2.29599999101993e-06	0.00573999997754981
SHIKIMATE	7702	MassBank	RP017503	Shikimic acid	inchikey_connectivity_formula_mass	2	FALSE	TRUE	2.34315000113838e-05	0.0585787500284596
CPD-3605	7703	MassBank	RP023212	Gentiobiose	inchikey	1	TRUE	TRUE	1.15493000407696e-05	0.028873250101924
CPD0-2495	7704	MassBank	RP032213	5-Methylcytidine	inchikey	1	TRUE	TRUE	2.93923999947765e-05	0.0734809999869412
BENZOATE	7706	MassBank	RP012802	Benzoic acid	inchikey_connectivity_formula_mass	2	FALSE	TRUE	2.05631999961042e-05	0.0514079999902606
SINAPATE	7710	MassBank	RP017402	Sinapic acid	inchikey_connectivity_formula_mass	2	FALSE	TRUE	3.4957000139002e-06	0.00873925003475051
SPHINGOSINE	7713	MassBank	RP014703	Sphingosine	inchikey_connectivity_formula_mass	2	FALSE	TRUE	2.94371000109095e-05	0.0735927500272737
5734-TETRAHYDROXYFLAVONE	7715	MassBank	RP004802	Luteolin	inchikey_connectivity_formula_mass	2	FALSE	TRUE	3.80536000079701e-05	0.0951340000199252
CPD-15123	7723	MassBank	RP032011	Ribothymidine	inchikey	1	TRUE	TRUE	1.38075999984721e-05	0.0345189999961804
CPD-352	7728	MassBank	RP030311	Estradiol	inchikey	1	TRUE	TRUE	3.00146000427048e-05	0.0750365001067621
URIDINE	7731	MassBank	RP031411	Uridine	inchikey	1	TRUE	TRUE	3.61282000085339e-05	0.0903205000213347
CPD-352	7732	MassBank	RP030303	Estradiol	inchikey	1	TRUE	TRUE	3.00146000427048e-05	0.0750365001067621
CPD0-1264	7734	MassBank	RP015312	Suberic acid	inchikey_connectivity_formula_mass	2	FALSE	TRUE	8.93780000410516e-06	0.0223445000102629
4-hydroxybenzoate	7735	MassBank	RP011902	4-Hydroxybenzoic acid	inchikey_connectivity_formula_mass	2	FALSE	TRUE	5.94109999951797e-06	0.0148527499987949
CAMP	7736	MassBank	RP012702	cAMP	name_formula_mass	4	FALSE	TRUE	1.96537999386237e-05	0.0491344998465593
CPD-8117	7738	MassBank	RP014312	gamma-Linolenic acid	inchikey_connectivity_formula_mass	2	FALSE	TRUE	1.97928000034153e-05	0.0494820000085383
CPD-110	7741	MassBank	RP017013	Salicylic acid	inchikey_connectivity_formula_mass	2	FALSE	TRUE	5.94109999951797e-06	0.0148527499987949
CPD1F-90	7743	MassBank	RP004701	Kaempferol	inchikey_connectivity_formula_mass	2	FALSE	TRUE	3.80536000079701e-05	0.0951340000199252
TRP	7744	MassBank	RP000501	L-Tryptophan	inchikey	1	TRUE	TRUE	2.36019999988457e-06	0.00590049999971143
VAL	7746	MassBank	RP000912	L-Valine	inchikey	1	TRUE	TRUE	1.39750000016647e-06	0.00349375000041618
NIACINAMIDE	7751	MassBank	RP022302	Niacinamide	inchikey	1	TRUE	TRUE	2.82509999749436e-06	0.00706274999373591
CPD-3141	7752	MassBank	RP017613	Genistein	inchikey_connectivity_formula_mass	2	FALSE	TRUE	2.34314999829621e-05	0.0585787499574053
CAMP	7754	MassBank	RP012711	cAMP	name_formula_mass	4	FALSE	TRUE	1.96537999386237e-05	0.0491344998465593
TRP	7762	MassBank	RP000512	L-Tryptophan	inchikey	1	TRUE	TRUE	2.36019999988457e-06	0.00590049999971143
CPD-8117	7763	MassBank	RP014301	gamma-Linolenic acid	inchikey_connectivity_formula_mass	2	FALSE	TRUE	1.97928000034153e-05	0.0494820000085383
SHIKIMATE	7764	MassBank	RP017502	Shikimic acid	inchikey_connectivity_formula_mass	2	FALSE	TRUE	2.34315000113838e-05	0.0585787500284596
CPD-431	7765	MassBank	RP015111	Apigenin	inchikey_connectivity_formula_mass	2	FALSE	TRUE	2.34314999829621e-05	0.0585787499574053
N-ALPHA-ACETYLORNITHINE	7766	MassBank	RP016013	N2-Acetylornithine	inchikey	1	TRUE	TRUE	4.2326099986667e-05	0.105815249966668
CPD-676	7771	MassBank	RP016713	Caffeic acid	inchikey_connectivity_formula_mass	2	FALSE	TRUE	4.12548000099378e-05	0.103137000024844
CPD-110	7772	MassBank	RP017002	Salicylic acid	inchikey_connectivity_formula_mass	2	FALSE	TRUE	5.94109999951797e-06	0.0148527499987949
SORBITOL	7773	MassBank	RP022903	D-Sorbitol	name_formula_mass	4	TRUE	TRUE	1.81799998699717e-06	0.00454499996749291
L-CYSTINE	7774	MassBank	RP014401	L-Cystine	inchikey	1	TRUE	TRUE	4.82640000143419e-05	0.120660000035855
SORBITOL	7775	MassBank	RP022912	D-Sorbitol	name_formula_mass	4	TRUE	TRUE	3.81819999972777e-05	0.0954549999931942
CPD-15291	7777	MassBank	RP017911	Epigallocatechin gallate	inchikey	1	TRUE	TRUE	1.42090004828788e-06	0.00310182678551994
ARG	7784	MassBank	RP001202	L-Arginine	inchikey_connectivity_formula_mass	2	FALSE	TRUE	4.28559999932077e-06	0.0107139999983019
GLN	7785	MassBank	RP001302	L-Glutamine	inchikey	1	TRUE	TRUE	2.1976999846629e-06	0.00549424996165726
DAIDZEIN	7788	MassBank	RP018113	Daidzein	inchikey	1	TRUE	TRUE	8.80940001479757e-06	0.0220235000369939
CPD-11495	7794	MassBank	RP015512	ortho-Hydroxyphenylacetic acid	inchikey_connectivity_formula_mass	2	FALSE	TRUE	4.41230999967956e-05	0.110307749991989
TRP	7796	MassBank	RP000511	L-Tryptophan	inchikey	1	TRUE	TRUE	2.36019999988457e-06	0.00590049999971143
CPD-8117	7797	MassBank	RP014311	gamma-Linolenic acid	inchikey_connectivity_formula_mass	2	FALSE	TRUE	1.97928000034153e-05	0.0494820000085383
HIS	7799	MassBank	RP002013	L-Histidine	inchikey	1	TRUE	TRUE	3.45129998891025e-06	0.00862824997227563
SPHINGOSINE	7800	MassBank	RP014702	Sphingosine	inchikey_connectivity_formula_mass	2	FALSE	TRUE	2.94371000109095e-05	0.0735927500272737
CPD-431	7801	MassBank	RP015112	Apigenin	inchikey_connectivity_formula_mass	2	FALSE	TRUE	2.34314999829621e-05	0.0585787499574053
LINOLEIC_ACID	7805	MassBank	RP029503	Linoleic acid	inchikey_connectivity_formula_mass	2	FALSE	TRUE	3.02713999644766e-05	0.0756784999111915
BETA-D-FRUCTOSE	7812	MassBank	RP023512	D-Fructose	inchikey	1	TRUE	TRUE	1.18821999990359e-05	0.0297054999975899
CPD-11495	7817	MassBank	RP015513	ortho-Hydroxyphenylacetic acid	inchikey_connectivity_formula_mass	2	FALSE	TRUE	4.41230999967956e-05	0.110307749991989
4-hydroxybenzoate	7824	MassBank	RP011901	4-Hydroxybenzoic acid	inchikey_connectivity_formula_mass	2	FALSE	TRUE	5.94109999951797e-06	0.0148527499987949
CPD-15123	7831	MassBank	RP032001	Ribothymidine	inchikey	1	TRUE	TRUE	1.38075999984721e-05	0.0345189999961804
URIDINE	7834	MassBank	RP031412	Uridine	inchikey	1	TRUE	TRUE	3.61282000085339e-05	0.0903205000213347
CPD-1961	7837	MassBank	RP017811	Catechin	inchikey	1	TRUE	TRUE	3.8181999968856e-05	0.0954549999221399
L-ASPARTATE	7838	MassBank	RP001611	L-Aspartic acid	inchikey_connectivity_formula_mass	2	FALSE	TRUE	2.28170000582395e-06	0.00570425001455988
CPD0-2495	7839	MassBank	RP032203	5-Methylcytidine	inchikey	1	TRUE	TRUE	2.93923999947765e-05	0.0734809999869412
L-ASPARTATE	7840	MassBank	RP001601	L-Aspartic acid	inchikey_connectivity_formula_mass	2	FALSE	TRUE	2.28170000582395e-06	0.00570425001455988
URIDINE	7842	MassBank	RP031402	Uridine	inchikey	1	TRUE	TRUE	3.61282000085339e-05	0.0903205000213347
CPD-4207	7843	MassBank	RP030603	isopentenyl adenosine	inchikey	1	TRUE	TRUE	4.58115000583348e-05	0.114528750145837
CPD1F-453	7845	MassBank	RP017302	Astragalin	inchikey_connectivity_formula_mass	2	FALSE	TRUE	3.85148999839657e-05	0.0859514655735293
ADENOSINE	7846	MassBank	RP010901	Adenosine	inchikey	1	TRUE	TRUE	4.60682999801065e-05	0.115170749950266
CPD-15332	7852	MassBank	RP013602	Uric acid	inchikey	1	TRUE	TRUE	4.00154999908864e-05	0.100038749977216
URATE	7852	MassBank	RP013602	Uric acid	inchikey	1	TRUE	TRUE	4.00154999908864e-05	0.100038749977216
CPD-352	7856	MassBank	RP030312	Estradiol	inchikey	1	TRUE	TRUE	3.00146000427048e-05	0.0750365001067621
CPD-3605	7859	MassBank	RP023213	Gentiobiose	inchikey	1	TRUE	TRUE	1.15493000407696e-05	0.028873250101924
SINAPATE	7860	MassBank	RP017411	Sinapic acid	inchikey_connectivity_formula_mass	2	FALSE	TRUE	3.4957000139002e-06	0.00873925003475051
CYS	7861	MassBank	RP001801	L-Cysteine	inchikey	1	TRUE	TRUE	8.35899996332046e-07	0.00208974999083011
LINOLENIC_ACID	7868	MassBank	RP030412	alpha-Linolenic acid	inchikey_connectivity_formula_mass	2	FALSE	TRUE	1.97928000034153e-05	0.0494820000085383
PRO	7870	MassBank	RP001711	L-Proline	inchikey	1	TRUE	TRUE	1.46169999482026e-06	0.00365424998705066
CPD-352	7872	MassBank	RP030302	Estradiol	inchikey	1	TRUE	TRUE	3.00146000427048e-05	0.0750365001067621
GUANOSINE	7873	MassBank	RP031701	Guanosine	inchikey	1	TRUE	TRUE	4.4620003336604e-07	0.0011155000834151
CPD-674	7875	MassBank	RP018302	trans-Cinnamic acid	inchikey_connectivity_formula_mass	2	FALSE	TRUE	2.95010000002094e-05	0.0737525000005235
SER	7877	MassBank	RP000701	L-Serine	inchikey	1	TRUE	TRUE	3.09619998972721e-06	0.00774049997431803
CPD-520	7878	MassBank	RP012403	Quercetin	inchikey_connectivity_formula_mass	2	FALSE	TRUE	4.73242999987633e-05	0.118310749996908
CPD-520	7885	MassBank	RP012401	Quercetin	inchikey_connectivity_formula_mass	2	FALSE	TRUE	4.73242999987633e-05	0.118310749996908
5Z8Z11Z14Z17Z-EICOSAPENTAENOATE	7886	MassBank	RP030512	Eicosapentaenoic acid	inchikey_connectivity_formula_mass	2	FALSE	TRUE	1.97928000034153e-05	0.0494820000085383
RETINAL	7887	MassBank	RP014202	Retinal	inchikey	1	TRUE	TRUE	1.55208999785827e-05	0.0388022499464569
CAMP	7888	MassBank	RP012701	cAMP	name_formula_mass	4	FALSE	TRUE	1.96537999386237e-05	0.0491344998465593
VAL	7893	MassBank	RP000902	L-Valine	inchikey	1	TRUE	TRUE	1.39750000016647e-06	0.00349375000041618
CPD-12826	7894	MassBank	RP013402	Folic acid	inchikey_connectivity_formula_mass	2	FALSE	TRUE	3.78899983388692e-07	0.000858911586018149
GLT	7897	MassBank	RP001402	L-Glutamic acid	inchikey_connectivity_formula_mass	2	FALSE	TRUE	2.2174999969593e-06	0.00554374999239826
7-METHYLXANTHINE	7900	MassBank	RP016301	7-Methylxanthine	inchikey	1	TRUE	TRUE	2.45424000127059e-05	0.0613560000317648
CPD-15544	7904	MassBank	RP031601	7-Methylguanosine	inchikey	1	FALSE	TRUE	1.00786868220001	2519.67170550003
BENZOATE	7905	MassBank	RP012811	Benzoic acid	inchikey_connectivity_formula_mass	2	FALSE	TRUE	2.05631999961042e-05	0.0514079999902606
CPD-296	7907	MassBank	RP016211	Dihydrolipoate	name_formula_mass	4	FALSE	TRUE	2.88621999970928e-05	0.0721554999927321
GUANOSINE	7908	MassBank	RP031703	Guanosine	inchikey	1	TRUE	TRUE	4.4620003336604e-07	0.0011155000834151
ISOVALERATE	7910	MassBank	RP015203	Isovaleric acid	inchikey_connectivity_formula_mass	2	FALSE	TRUE	2.04348000067966e-05	0.0510870000169916
SORBITOL	7913	MassBank	RP022902	D-Sorbitol	name_formula_mass	4	TRUE	TRUE	1.81799998699717e-06	0.00454499996749291
TREHALOSE	7914	MassBank	RP014913	Trehalose	inchikey	1	TRUE	TRUE	1.15493000407696e-05	0.028873250101924
CPD-11495	7915	MassBank	RP004603	ortho-Hydroxyphenylacetic acid	inchikey_connectivity_formula_mass	2	FALSE	TRUE	4.12310001252081e-06	0.010307750031302
4-hydroxybenzoate	7916	MassBank	RP011903	4-Hydroxybenzoic acid	inchikey_connectivity_formula_mass	2	FALSE	TRUE	5.94109999951797e-06	0.0148527499987949
CPD-11495	7917	MassBank	RP004601	ortho-Hydroxyphenylacetic acid	inchikey_connectivity_formula_mass	2	FALSE	TRUE	4.12310001252081e-06	0.010307750031302
Glucopyranose	7920	MassBank	RP022613	Glucose	inchikey	1	TRUE	TRUE	1.18821999990359e-05	0.0297054999975899
Glucopyranose	7921	MassBank	RP022612	Glucose	inchikey	1	TRUE	TRUE	1.18821999990359e-05	0.0297054999975899
SORBITOL	7922	MassBank	RP022913	D-Sorbitol	name_formula_mass	4	TRUE	TRUE	3.81819999972777e-05	0.0954549999931942
ILE	7923	MassBank	RP000803	L-Isoleucine	inchikey	1	TRUE	TRUE	1.33329999130183e-06	0.00333324997825457
3-7-DIMETHYLXANTHINE	7925	MassBank	RP012203	Theobromine	inchikey	1	TRUE	TRUE	2.55218000120294e-05	0.0638045000300735
L-CYSTATHIONINE	7928	MassBank	RP014612	L-Cystathionine	inchikey	1	TRUE	TRUE	2.76382000095055e-05	0.0690955000237636
PANTOTHENATE	7929	MassBank	RP012303	3-[[(2S)-2,4-Dihydroxy-3,3-dimethylbutanoyl]amino]propanoic acid	name_formula_mass	4	FALSE	TRUE	2.7338599977611e-05	0.0683464999440275
VAL	7931	MassBank	RP000903	L-Valine	inchikey	1	TRUE	TRUE	1.39750000016647e-06	0.00349375000041618
CPD-15291	7940	MassBank	RP017903	Epigallocatechin gallate	inchikey	1	TRUE	TRUE	1.42090004828788e-06	0.00310182678551994
L-2-AMINOHEXANOATE	7941	MassBank	RP002211	L-Norleucine	inchikey	1	TRUE	TRUE	1.33329999130183e-06	0.00333324997825457
CPD-11495	7945	MassBank	RP015511	ortho-Hydroxyphenylacetic acid	inchikey_connectivity_formula_mass	2	FALSE	TRUE	4.41230999967956e-05	0.110307749991989
NIACINAMIDE	7946	MassBank	RP022303	Niacinamide	inchikey	1	TRUE	TRUE	2.82509999749436e-06	0.00706274999373591
L-CYSTINE	7953	MassBank	RP014402	L-Cystine	inchikey	1	TRUE	TRUE	4.82640000143419e-05	0.120660000035855
L-CYSTATHIONINE	7954	MassBank	RP014611	L-Cystathionine	inchikey	1	TRUE	TRUE	2.76382000095055e-05	0.0690955000237636
CPD-676	7955	MassBank	RP016702	Caffeic acid	inchikey_connectivity_formula_mass	2	FALSE	TRUE	4.12548000099378e-05	0.103137000024844
RIBOFLAVIN	7957	MassBank	RP013112	Riboflavin	inchikey_connectivity_formula_mass	2	FALSE	TRUE	1.56046000370225e-05	0.0390115000925562
GLT	7961	MassBank	RP001401	L-Glutamic acid	inchikey_connectivity_formula_mass	2	FALSE	TRUE	2.2174999969593e-06	0.00554374999239826
XANTHINE	7962	MassBank	RP012502	Xanthine	inchikey	1	TRUE	TRUE	2.53933999943001e-05	0.0634834999857503
CPD-15291	7963	MassBank	RP017912	Epigallocatechin gallate	inchikey	1	TRUE	TRUE	1.42090004828788e-06	0.00310182678551994
LINOLEIC_ACID	7965	MassBank	RP029512	Linoleic acid	inchikey_connectivity_formula_mass	2	FALSE	TRUE	3.02713999644766e-05	0.0756784999111915
CPD1F-437	7968	MassBank	RP017111	Isoquercitrin	inchikey_connectivity_formula_mass	2	FALSE	TRUE	2.38928000158012e-05	0.0514825100563623
CPD-11495	7970	MassBank	RP004602	ortho-Hydroxyphenylacetic acid	inchikey_connectivity_formula_mass	2	FALSE	TRUE	4.12310001252081e-06	0.010307750031302
CPD-676	7971	MassBank	RP016712	Caffeic acid	inchikey_connectivity_formula_mass	2	FALSE	TRUE	4.12548000099378e-05	0.103137000024844
COUMARATE	7972	MassBank	RP016813	4-Hydroxycinnamic acid	inchikey_connectivity_formula_mass	2	FALSE	TRUE	4.41230999967956e-05	0.110307749991989
CPD-7836	7975	MassBank	RP008401	Myristic acid	inchikey_connectivity_formula_mass	2	FALSE	TRUE	3.01430000035907e-05	0.0753575000089768
L-2-AMINOHEXANOATE	7976	MassBank	RP002203	L-Norleucine	inchikey	1	TRUE	TRUE	1.33329999130183e-06	0.00333324997825457
INDOLE_ACETATE_AUXIN	7979	MassBank	RP016611	Indoleacetic acid	inchikey_connectivity_formula_mass	2	FALSE	TRUE	2.85383000004913e-05	0.0713457500012282
DAIDZEIN	7985	MassBank	RP018101	Daidzein	inchikey	1	TRUE	TRUE	8.80940001479757e-06	0.0220235000369939
CPD-15291	7993	MassBank	RP017902	Epigallocatechin gallate	inchikey	1	TRUE	TRUE	1.42090004828788e-06	0.00310182678551994
L-rhamnose	7994	MassBank	RP023411	L-Rhamnose	inchikey	1	TRUE	TRUE	6.50429998927393e-06	0.0162607499731848
COUMARATE	7995	MassBank	RP016811	4-Hydroxycinnamic acid	inchikey_connectivity_formula_mass	2	FALSE	TRUE	4.41230999967956e-05	0.110307749991989
CATECHOL	7996	MassBank	RP012012	Pyrocatechol	inchikey	1	TRUE	TRUE	2.05631999961042e-05	0.0514079999902606
CPD-11495	7997	MassBank	RP015501	ortho-Hydroxyphenylacetic acid	inchikey_connectivity_formula_mass	2	FALSE	TRUE	4.41230999967956e-05	0.110307749991989
Glucopyranose	8001	MassBank	RP022611	Glucose	inchikey	1	TRUE	TRUE	1.18821999990359e-05	0.0297054999975899
CPD-110	8003	MassBank	RP017011	Salicylic acid	inchikey_connectivity_formula_mass	2	FALSE	TRUE	5.94109999951797e-06	0.0148527499987949
COUMARATE	8008	MassBank	RP016802	4-Hydroxycinnamic acid	inchikey_connectivity_formula_mass	2	FALSE	TRUE	4.41230999967956e-05	0.110307749991989
CPD-12826	8010	MassBank	RP013411	Folic acid	inchikey_connectivity_formula_mass	2	FALSE	TRUE	3.78899983388692e-07	0.000858911586018149
UBIQUINONE-2	8012	MassBank	RP014802	Ubiquinone-2	inchikey	1	TRUE	TRUE	9.3229999720279e-06	0.0233074999300698
CPD-520	8014	MassBank	RP012402	Quercetin	inchikey_connectivity_formula_mass	2	FALSE	TRUE	4.73242999987633e-05	0.118310749996908
CPD-4207	8016	MassBank	RP030602	isopentenyl adenosine	inchikey	1	TRUE	TRUE	4.58115000583348e-05	0.114528750145837
5734-TETRAHYDROXYFLAVONE	8017	MassBank	RP004803	Luteolin	inchikey_connectivity_formula_mass	2	FALSE	TRUE	3.80536000079701e-05	0.0951340000199252
CPD-11495	8022	MassBank	RP015502	ortho-Hydroxyphenylacetic acid	inchikey_connectivity_formula_mass	2	FALSE	TRUE	4.41230999967956e-05	0.110307749991989
PRO	8023	MassBank	RP001702	L-Proline	inchikey	1	TRUE	TRUE	1.46169999482026e-06	0.00365424998705066
L-ALPHA-ALANINE	8024	MassBank	RP000202	L-Alanine	inchikey	1	TRUE	TRUE	1.52590000368491e-06	0.00381475000921228
TREHALOSE	8027	MassBank	RP014911	Trehalose	inchikey	1	TRUE	TRUE	1.15493000407696e-05	0.028873250101924
CPD-10244	8028	MassBank	RP029611	Docosahexaenoic acid	inchikey_connectivity_formula_mass	2	FALSE	TRUE	2.71399983375886e-07	0.000678499958439716
TRP	8029	MassBank	RP000502	L-Tryptophan	inchikey	1	TRUE	TRUE	2.36019999988457e-06	0.00590049999971143
ANTHRANILATE	8031	MassBank	RP011502	2-Aminobenzoic acid	inchikey_connectivity_formula_mass	2	FALSE	TRUE	2.15258999958223e-05	0.0538147499895558
ASN	8032	MassBank	RP001512	L-Asparagine	inchikey	1	TRUE	TRUE	2.13349997579826e-06	0.00533374993949565
CPD-12826	8033	MassBank	RP013412	Folic acid	inchikey_connectivity_formula_mass	2	FALSE	TRUE	3.78899983388692e-07	0.000858911586018149
RIBOFLAVIN	8036	MassBank	RP013103	Riboflavin	inchikey_connectivity_formula_mass	2	FALSE	TRUE	1.56046000370225e-05	0.0390115000925562
LINOLEIC_ACID	8040	MassBank	RP029501	Linoleic acid	inchikey_connectivity_formula_mass	2	FALSE	TRUE	3.02713999644766e-05	0.0756784999111915
LYS	8041	MassBank	RP001103	L-Lysine	inchikey_connectivity_formula_mass	2	FALSE	TRUE	2.29599999101993e-06	0.00573999997754981
RETINAL	8042	MassBank	RP014201	Retinal	inchikey	1	TRUE	TRUE	1.55208999785827e-05	0.0388022499464569
LINOLEIC_ACID	8043	MassBank	RP029502	Linoleic acid	inchikey_connectivity_formula_mass	2	FALSE	TRUE	3.02713999644766e-05	0.0756784999111915
L-CYSTINE	8046	MassBank	RP014403	L-Cystine	inchikey	1	TRUE	TRUE	4.82640000143419e-05	0.120660000035855
INDOLE_ACETATE_AUXIN	8049	MassBank	RP016602	Indoleacetic acid	inchikey_connectivity_formula_mass	2	FALSE	TRUE	2.85383000004913e-05	0.0713457500012282
CPD-674	8050	MassBank	RP018301	trans-Cinnamic acid	inchikey_connectivity_formula_mass	2	FALSE	TRUE	2.95010000002094e-05	0.0737525000005235
CPD0-2495	8052	MassBank	RP032212	5-Methylcytidine	inchikey	1	TRUE	TRUE	2.93923999947765e-05	0.0734809999869412
LEU	8053	MassBank	RP000611	L-Leucine	inchikey	1	TRUE	TRUE	1.33329999130183e-06	0.00333324997825457
SPHINGOSINE	8054	MassBank	RP014701	Sphingosine	inchikey_connectivity_formula_mass	2	FALSE	TRUE	2.94371000109095e-05	0.0735927500272737
LINOLENIC_ACID	8057	MassBank	RP030401	alpha-Linolenic acid	inchikey_connectivity_formula_mass	2	FALSE	TRUE	1.97928000034153e-05	0.0494820000085383
CPD-12826	8061	MassBank	RP013403	Folic acid	inchikey_connectivity_formula_mass	2	FALSE	TRUE	3.78899983388692e-07	0.000858911586018149
CATECHOL	8062	MassBank	RP012002	Pyrocatechol	inchikey	1	TRUE	TRUE	2.05631999961042e-05	0.0514079999902606
XANTHOSINE	8063	MassBank	RP012603	Xanthosine	inchikey	1	TRUE	TRUE	1.58613999587942e-05	0.0396534998969855
SER	8065	MassBank	RP000702	L-Serine	inchikey	1	TRUE	TRUE	3.09619998972721e-06	0.00774049997431803
L-CYSTATHIONINE	8066	MassBank	RP014601	L-Cystathionine	inchikey	1	TRUE	TRUE	2.76382000095055e-05	0.0690955000237636
5Z8Z11Z14Z17Z-EICOSAPENTAENOATE	8071	MassBank	RP030502	Eicosapentaenoic acid	inchikey_connectivity_formula_mass	2	FALSE	TRUE	1.97928000034153e-05	0.0494820000085383
CPD-10244	8072	MassBank	RP029612	Docosahexaenoic acid	inchikey_connectivity_formula_mass	2	FALSE	TRUE	2.71399983375886e-07	0.000678499958439716
CPD0-2495	8075	MassBank	RP032201	5-Methylcytidine	inchikey	1	TRUE	TRUE	2.93923999947765e-05	0.0734809999869412
RIBOSE	8079	MassBank	RP022712	D-Ribose	inchikey	1	TRUE	TRUE	2.34315000113838e-05	0.0585787500284596
CPD-15818	8079	MassBank	RP022712	D-Ribose	inchikey	1	TRUE	TRUE	2.34315000113838e-05	0.0585787500284596
CPD-676	8084	MassBank	RP016701	Caffeic acid	inchikey_connectivity_formula_mass	2	FALSE	TRUE	4.12548000099378e-05	0.103137000024844
ANTHRANILATE	8085	MassBank	RP011503	2-Aminobenzoic acid	inchikey_connectivity_formula_mass	2	FALSE	TRUE	2.15258999958223e-05	0.0538147499895558
XANTHOSINE	8087	MassBank	RP012601	Xanthosine	inchikey	1	TRUE	TRUE	1.58613999587942e-05	0.0396534998969855
CATECHOL	8088	MassBank	RP012011	Pyrocatechol	inchikey	1	TRUE	TRUE	2.05631999961042e-05	0.0514079999902606
D-THREONINE	8090	MassBank	RP001002	L-Threonine	inchikey	1	TRUE	TRUE	3.16039999859186e-06	0.00790099999647964
MET	8091	MassBank	RP001903	L-Methionine	inchikey	1	TRUE	TRUE	7.07499992813609e-07	0.00176874998203402
LEU	8093	MassBank	RP000603	L-Leucine	inchikey	1	TRUE	TRUE	1.33329999130183e-06	0.00333324997825457
OLEATE-CPD	8096	MassBank	RP029011	Oleic acid	inchikey_connectivity_formula_mass	2	FALSE	TRUE	1.9664399985686e-05	0.0491609999642151
LYS	8097	MassBank	RP001101	L-Lysine	inchikey_connectivity_formula_mass	2	FALSE	TRUE	2.29599999101993e-06	0.00573999997754981
N-ALPHA-ACETYLORNITHINE	8098	MassBank	RP016012	N2-Acetylornithine	inchikey	1	TRUE	TRUE	4.2326099986667e-05	0.105815249966668
GLT	8100	MassBank	RP001411	L-Glutamic acid	inchikey_connectivity_formula_mass	2	FALSE	TRUE	2.2174999969593e-06	0.00554374999239826
D-glucopyranose-6-phosphate	8101	MassBank	RP023701	Glucose 6-phosphate	inchikey_connectivity_formula_mass	2	FALSE	TRUE	1.85261999945396e-05	0.0463154999863491
CPD-674	8102	MassBank	RP018312	trans-Cinnamic acid	inchikey_connectivity_formula_mass	2	FALSE	TRUE	2.95010000002094e-05	0.0737525000005235
CPD-431	8103	MassBank	RP015103	Apigenin	inchikey_connectivity_formula_mass	2	FALSE	TRUE	2.34314999829621e-05	0.0585787499574053
LINOLEIC_ACID	8104	MassBank	RP029511	Linoleic acid	inchikey_connectivity_formula_mass	2	FALSE	TRUE	3.02713999644766e-05	0.0756784999111915
PHE	8105	MassBank	RP000401	L-Phenylalanine	inchikey	1	TRUE	TRUE	1.39750000016647e-06	0.00349375000041618
RIBOFLAVIN	8106	MassBank	RP013102	Riboflavin	inchikey_connectivity_formula_mass	2	FALSE	TRUE	1.56046000370225e-05	0.0390115000925562
PHE	8107	MassBank	RP000412	L-Phenylalanine	inchikey	1	TRUE	TRUE	1.39750000016647e-06	0.00349375000041618
TYR	8108	MassBank	RP000302	L-Tyrosine	inchikey	1	TRUE	TRUE	3.22459999324565e-06	0.00806149998311412
ALPHA-D-GALACTOSE	8115	MassBank	RP022811	D-Galactose	inchikey	1	TRUE	TRUE	1.18821999990359e-05	0.0297054999975899
INOSINE	8117	MassBank	RP011002	Inosine	inchikey	1	TRUE	TRUE	3.04834999838022e-05	0.0762087499595054
ALPHA-D-GALACTOSE	8120	MassBank	RP022813	D-Galactose	inchikey	1	TRUE	TRUE	1.18821999990359e-05	0.0297054999975899
CPD-3141	8121	MassBank	RP017602	Genistein	inchikey_connectivity_formula_mass	2	FALSE	TRUE	2.34314999829621e-05	0.0585787499574053
VAL	8123	MassBank	RP000911	L-Valine	inchikey	1	TRUE	TRUE	1.39750000016647e-06	0.00349375000041618
BETA-D-FRUCTOSE	8124	MassBank	RP023511	D-Fructose	inchikey	1	TRUE	TRUE	1.18821999990359e-05	0.0297054999975899
CPD-1099	8126	MassBank	RP023003	Raffinose	inchikey	1	TRUE	TRUE	4.9807999857876e-06	0.00987922629158944
CPD-15123	8127	MassBank	RP032002	Ribothymidine	inchikey	1	TRUE	TRUE	1.38075999984721e-05	0.0345189999961804
RETINOATE	8131	MassBank	RP013502	all-trans-Retinoic acid	inchikey_connectivity_formula_mass	2	FALSE	TRUE	3.01429999467473e-05	0.0753574998668682
CPD-674	8132	MassBank	RP018303	trans-Cinnamic acid	inchikey_connectivity_formula_mass	2	FALSE	TRUE	2.95010000002094e-05	0.0737525000005235
TYR	8133	MassBank	RP000312	L-Tyrosine	inchikey	1	TRUE	TRUE	3.22459999324565e-06	0.00806149998311412
PHE	8135	MassBank	RP000403	L-Phenylalanine	inchikey	1	TRUE	TRUE	1.39750000016647e-06	0.00349375000041618
SHIKIMATE	8138	MassBank	RP017501	Shikimic acid	inchikey_connectivity_formula_mass	2	FALSE	TRUE	2.34315000113838e-05	0.0585787500284596
CPD-10244	8139	MassBank	RP029601	Docosahexaenoic acid	inchikey_connectivity_formula_mass	2	FALSE	TRUE	2.71399983375886e-07	0.000678499958439716
L-2-AMINOHEXANOATE	8143	MassBank	RP002202	L-Norleucine	inchikey	1	TRUE	TRUE	1.33329999130183e-06	0.00333324997825457
ADENOSINE	8146	MassBank	RP010902	Adenosine	inchikey	1	TRUE	TRUE	4.60682999801065e-05	0.115170749950266
STEARIC_ACID	8147	MassBank	RP024312	Stearic acid	inchikey_connectivity_formula_mass	2	FALSE	TRUE	3.03997999822059e-05	0.0759994999555147
CPD-110	8148	MassBank	RP017003	Salicylic acid	inchikey_connectivity_formula_mass	2	FALSE	TRUE	5.94109999951797e-06	0.0148527499987949
RETINOATE	8149	MassBank	RP013503	all-trans-Retinoic acid	inchikey_connectivity_formula_mass	2	FALSE	TRUE	3.01429999467473e-05	0.0753574998668682
TREHALOSE	8151	MassBank	RP014903	Trehalose	inchikey	1	TRUE	TRUE	1.15493000407696e-05	0.028873250101924
DAIDZEIN	8159	MassBank	RP018103	Daidzein	inchikey	1	TRUE	TRUE	8.80940001479757e-06	0.0220235000369939
RETINAL	8160	MassBank	RP014203	Retinal	inchikey	1	TRUE	TRUE	1.55208999785827e-05	0.0388022499464569
SORBITOL	8166	MassBank	RP022911	D-Sorbitol	name_formula_mass	4	TRUE	TRUE	3.81819999972777e-05	0.0954549999931942
CPD-12826	8168	MassBank	RP013401	Folic acid	inchikey_connectivity_formula_mass	2	FALSE	TRUE	3.78899983388692e-07	0.000858911586018149
CPD-1961	8169	MassBank	RP017813	Catechin	inchikey	1	TRUE	TRUE	3.8181999968856e-05	0.0954549999221399
D-glucopyranose-6-phosphate	8171	MassBank	RP023703	Glucose 6-phosphate	inchikey_connectivity_formula_mass	2	FALSE	TRUE	1.85261999945396e-05	0.0463154999863491
ARG	8172	MassBank	RP001203	L-Arginine	inchikey_connectivity_formula_mass	2	FALSE	TRUE	4.28559999932077e-06	0.0107139999983019
XANTHINE	8174	MassBank	RP012503	Xanthine	inchikey	1	TRUE	TRUE	2.53933999943001e-05	0.0634834999857503
COUMARATE	8177	MassBank	RP016803	4-Hydroxycinnamic acid	inchikey_connectivity_formula_mass	2	FALSE	TRUE	4.41230999967956e-05	0.110307749991989
7-METHYLXANTHINE	8179	MassBank	RP016302	7-Methylxanthine	inchikey	1	TRUE	TRUE	2.45424000127059e-05	0.0613560000317648
CPD0-1264	8180	MassBank	RP015311	Suberic acid	inchikey_connectivity_formula_mass	2	FALSE	TRUE	8.93780000410516e-06	0.0223445000102629
CPD1F-90	8181	MassBank	RP004702	Kaempferol	inchikey_connectivity_formula_mass	2	FALSE	TRUE	3.80536000079701e-05	0.0951340000199252
XANTHOSINE	8182	MassBank	RP012602	Xanthosine	inchikey	1	TRUE	TRUE	1.58613999587942e-05	0.0396534998969855
D-ARABINOSE	8184	MassBank	RP023311	D(-)-Arabinonse	inchikey	1	TRUE	TRUE	2.34315000113838e-05	0.0585787500284596
CPD-15700	8184	MassBank	RP023311	D(-)-Arabinonse	inchikey	1	TRUE	TRUE	2.34315000113838e-05	0.0585787500284596
5Z8Z11Z14Z17Z-EICOSAPENTAENOATE	8188	MassBank	RP030503	Eicosapentaenoic acid	inchikey_connectivity_formula_mass	2	FALSE	TRUE	1.97928000034153e-05	0.0494820000085383
D-glucopyranose-6-phosphate	8192	MassBank	RP023713	Glucose 6-phosphate	inchikey_connectivity_formula_mass	2	FALSE	TRUE	1.85261999945396e-05	0.0463154999863491
CPD-3141	8195	MassBank	RP017601	Genistein	inchikey_connectivity_formula_mass	2	FALSE	TRUE	2.34314999829621e-05	0.0585787499574053
PANTOTHENATE	8197	MassBank	RP012302	3-[[(2S)-2,4-Dihydroxy-3,3-dimethylbutanoyl]amino]propanoic acid	name_formula_mass	4	FALSE	TRUE	2.7338599977611e-05	0.0683464999440275
CPD-1961	8198	MassBank	RP017812	Catechin	inchikey	1	TRUE	TRUE	3.8181999968856e-05	0.0954549999221399
BETA-D-FRUCTOSE	8203	MassBank	RP023513	D-Fructose	inchikey	1	TRUE	TRUE	1.18821999990359e-05	0.0297054999975899
ADENOSINE	8204	MassBank	RP010903	Adenosine	inchikey	1	TRUE	TRUE	4.60682999801065e-05	0.115170749950266
CPD-676	8205	MassBank	RP016703	Caffeic acid	inchikey_connectivity_formula_mass	2	FALSE	TRUE	4.12548000099378e-05	0.103137000024844
SER	8209	MassBank	RP000703	L-Serine	inchikey	1	TRUE	TRUE	3.09619998972721e-06	0.00774049997431803
ARG	8214	MassBank	RP001201	L-Arginine	inchikey_connectivity_formula_mass	2	FALSE	TRUE	4.28559999932077e-06	0.0107139999983019
ASN	8216	MassBank	RP001502	L-Asparagine	inchikey	1	TRUE	TRUE	2.13349997579826e-06	0.00533374993949565
CPD-4207	8218	MassBank	RP030611	isopentenyl adenosine	inchikey	1	TRUE	TRUE	4.58115000583348e-05	0.114528750145837
ASN	8219	MassBank	RP001501	L-Asparagine	inchikey	1	TRUE	TRUE	2.13349997579826e-06	0.00533374993949565
ILE	8221	MassBank	RP000801	L-Isoleucine	inchikey	1	TRUE	TRUE	1.33329999130183e-06	0.00333324997825457
CPD-15291	8223	MassBank	RP017901	Epigallocatechin gallate	inchikey	1	TRUE	TRUE	1.42090004828788e-06	0.00310182678551994
CPD-676	8224	MassBank	RP016711	Caffeic acid	inchikey_connectivity_formula_mass	2	FALSE	TRUE	4.12548000099378e-05	0.103137000024844
GLY	8225	MassBank	RP000101	Glycine	inchikey	1	TRUE	TRUE	1.59010001254956e-06	0.00397525003137389
3-7-DIMETHYLXANTHINE	8226	MassBank	RP012201	Theobromine	inchikey	1	TRUE	TRUE	2.55218000120294e-05	0.0638045000300735
CHORISMATE	8229	MassBank	RP011401	Chorismate	inchikey_connectivity_formula_mass	2	FALSE	TRUE	3.80536000079701e-05	0.0951340000199252
TRP	8230	MassBank	RP000503	L-Tryptophan	inchikey	1	TRUE	TRUE	2.36019999988457e-06	0.00590049999971143
D-THREONINE	8232	MassBank	RP001003	L-Threonine	inchikey	1	TRUE	TRUE	3.16039999859186e-06	0.00790099999647964
ALPHA-D-GALACTOSE	8234	MassBank	RP022812	D-Galactose	inchikey	1	TRUE	TRUE	1.18821999990359e-05	0.0297054999975899
TREHALOSE	8238	MassBank	RP014902	Trehalose	inchikey	1	TRUE	TRUE	1.15493000407696e-05	0.028873250101924
INDOLE_ACETATE_AUXIN	8239	MassBank	RP016603	Indoleacetic acid	inchikey_connectivity_formula_mass	2	FALSE	TRUE	2.85383000004913e-05	0.0713457500012282
N-ALPHA-ACETYLORNITHINE	8244	MassBank	RP016002	N2-Acetylornithine	inchikey	1	TRUE	TRUE	4.2326099986667e-05	0.105815249966668
RIBOFLAVIN	8248	MassBank	RP013101	Riboflavin	inchikey_connectivity_formula_mass	2	FALSE	TRUE	1.56046000370225e-05	0.0390115000925562
7-METHYLXANTHINE	8252	MassBank	RP016303	7-Methylxanthine	inchikey	1	TRUE	TRUE	2.45424000127059e-05	0.0613560000317648
SINAPATE	8254	MassBank	RP017401	Sinapic acid	inchikey_connectivity_formula_mass	2	FALSE	TRUE	3.4957000139002e-06	0.00873925003475051
TYR	8256	MassBank	RP000303	L-Tyrosine	inchikey	1	TRUE	TRUE	3.22459999324565e-06	0.00806149998311412
DAIDZEIN	8259	MassBank	RP018102	Daidzein	inchikey	1	TRUE	TRUE	8.80940001479757e-06	0.0220235000369939
CPD-12826	8262	MassBank	RP013413	Folic acid	inchikey_connectivity_formula_mass	2	FALSE	TRUE	3.78899983388692e-07	0.000858911586018149
URIDINE	8264	MassBank	RP031401	Uridine	inchikey	1	TRUE	TRUE	3.61282000085339e-05	0.0903205000213347
ISOVALERATE	8269	MassBank	RP015201	Isovaleric acid	inchikey_connectivity_formula_mass	2	FALSE	TRUE	2.04348000067966e-05	0.0510870000169916
CPD-15544	8271	MassBank	RP031603	7-Methylguanosine	inchikey	1	FALSE	TRUE	1.00786868220001	2519.67170550003
RIBOSE	8272	MassBank	RP022711	D-Ribose	inchikey	1	TRUE	TRUE	2.34315000113838e-05	0.0585787500284596
CPD-15818	8272	MassBank	RP022711	D-Ribose	inchikey	1	TRUE	TRUE	2.34315000113838e-05	0.0585787500284596
CPD1F-437	8273	MassBank	RP017103	Isoquercitrin	inchikey_connectivity_formula_mass	2	FALSE	TRUE	2.38928000158012e-05	0.0514825100563623
CPD0-1264	8276	MassBank	RP015303	Suberic acid	inchikey_connectivity_formula_mass	2	FALSE	TRUE	8.93780000410516e-06	0.0223445000102629
GUANOSINE	8277	MassBank	RP031713	Guanosine	inchikey	1	TRUE	TRUE	4.4620003336604e-07	0.0011155000834151
CPD-296	8280	MassBank	RP016212	Dihydrolipoate	name_formula_mass	4	FALSE	TRUE	2.88621999970928e-05	0.0721554999927321
CHORISMATE	8281	MassBank	RP011403	Chorismate	inchikey_connectivity_formula_mass	2	FALSE	TRUE	3.80536000079701e-05	0.0951340000199252
SHIKIMATE	8282	MassBank	RP017511	Shikimic acid	inchikey_connectivity_formula_mass	2	FALSE	TRUE	2.34315000113838e-05	0.0585787500284596
CPD1F-453	8286	MassBank	RP017301	Astragalin	inchikey_connectivity_formula_mass	2	FALSE	TRUE	3.85148999839657e-05	0.0859514655735293
CPD-3141	8289	MassBank	RP017612	Genistein	inchikey_connectivity_formula_mass	2	FALSE	TRUE	2.34314999829621e-05	0.0585787499574053
CAMP	8292	MassBank	RP012713	cAMP	name_formula_mass	4	FALSE	TRUE	1.96537999386237e-05	0.0491344998465593
MET	8295	MassBank	RP001902	L-Methionine	inchikey	1	TRUE	TRUE	7.07499992813609e-07	0.00176874998203402
LEU	8301	MassBank	RP000601	L-Leucine	inchikey	1	TRUE	TRUE	1.33329999130183e-06	0.00333324997825457
CPD-1099	8304	MassBank	RP023002	Raffinose	inchikey	1	TRUE	TRUE	4.9807999857876e-06	0.00987922629158944
GLY	8305	MassBank	RP000112	Glycine	inchikey	1	TRUE	TRUE	1.59010001254956e-06	0.00397525003137389
CPD-520	8306	MassBank	RP012412	Quercetin	inchikey_connectivity_formula_mass	2	FALSE	TRUE	4.73242999987633e-05	0.118310749996908
URIDINE	8313	MassBank	RP031403	Uridine	inchikey	1	TRUE	TRUE	3.61282000085339e-05	0.0903205000213347
PRO	8314	MassBank	RP001701	L-Proline	inchikey	1	TRUE	TRUE	1.46169999482026e-06	0.00365424998705066
D-glucopyranose-6-phosphate	8315	MassBank	RP023711	Glucose 6-phosphate	inchikey_connectivity_formula_mass	2	FALSE	TRUE	1.85261999945396e-05	0.0463154999863491
CATECHOL	8318	MassBank	RP012003	Pyrocatechol	inchikey	1	TRUE	TRUE	2.05631999961042e-05	0.0514079999902606
HOMOGENTISATE	8321	MassBank	RP011801	Homogentisic acid	inchikey_connectivity_formula_mass	2	FALSE	TRUE	4.12548000099378e-05	0.103137000024844
XANTHINE	8322	MassBank	RP012501	Xanthine	inchikey	1	TRUE	TRUE	2.53933999943001e-05	0.0634834999857503
HIS	8323	MassBank	RP002012	L-Histidine	inchikey	1	TRUE	TRUE	3.45129998891025e-06	0.00862824997227563
DAIDZEIN	8326	MassBank	RP018112	Daidzein	inchikey	1	TRUE	TRUE	8.80940001479757e-06	0.0220235000369939
RETINOATE	8327	MassBank	RP013501	all-trans-Retinoic acid	inchikey_connectivity_formula_mass	2	FALSE	TRUE	3.01429999467473e-05	0.0753574998668682
ILE	8329	MassBank	RP000802	L-Isoleucine	inchikey	1	TRUE	TRUE	1.33329999130183e-06	0.00333324997825457
URIDINE	8335	MassBank	RP031413	Uridine	inchikey	1	TRUE	TRUE	3.61282000085339e-05	0.0903205000213347
CPD-352	8342	MassBank	RP030301	Estradiol	inchikey	1	TRUE	TRUE	3.00146000427048e-05	0.0750365001067621
CPD-352	8344	MassBank	RP030313	Estradiol	inchikey	1	TRUE	TRUE	3.00146000427048e-05	0.0750365001067621
LINOLENIC_ACID	8346	MassBank	RP030403	alpha-Linolenic acid	inchikey_connectivity_formula_mass	2	FALSE	TRUE	1.97928000034153e-05	0.0494820000085383
CPD-110	8350	MassBank	RP017001	Salicylic acid	inchikey_connectivity_formula_mass	2	FALSE	TRUE	5.94109999951797e-06	0.0148527499987949
L-ASPARTATE	8351	MassBank	RP001602	L-Aspartic acid	inchikey_connectivity_formula_mass	2	FALSE	TRUE	2.28170000582395e-06	0.00570425001455988
CPD-520	8352	MassBank	RP012411	Quercetin	inchikey_connectivity_formula_mass	2	FALSE	TRUE	4.73242999987633e-05	0.118310749996908
HIS	8353	MassBank	RP002002	L-Histidine	inchikey	1	TRUE	TRUE	3.45129998891025e-06	0.00862824997227563
CPD1F-437	8357	MassBank	RP017112	Isoquercitrin	inchikey_connectivity_formula_mass	2	FALSE	TRUE	2.38928000158012e-05	0.0514825100563623
CPD-11495	8360	MassBank	RP015503	ortho-Hydroxyphenylacetic acid	inchikey_connectivity_formula_mass	2	FALSE	TRUE	4.41230999967956e-05	0.110307749991989
CPD-1961	8363	MassBank	RP017801	Catechin	inchikey	1	TRUE	TRUE	3.8181999968856e-05	0.0954549999221399
HIS	8364	MassBank	RP002011	L-Histidine	inchikey	1	TRUE	TRUE	3.45129998891025e-06	0.00862824997227563
CPD-431	8365	MassBank	RP015101	Apigenin	inchikey_connectivity_formula_mass	2	FALSE	TRUE	2.34314999829621e-05	0.0585787499574053
L-CYSTATHIONINE	8366	MassBank	RP014603	L-Cystathionine	inchikey	1	TRUE	TRUE	2.76382000095055e-05	0.0690955000237636
PRO	8367	MassBank	RP001712	L-Proline	inchikey	1	TRUE	TRUE	1.46169999482026e-06	0.00365424998705066
CPD-10244	8368	MassBank	RP029603	Docosahexaenoic acid	inchikey_connectivity_formula_mass	2	FALSE	TRUE	2.71399983375886e-07	0.000678499958439716
GUANOSINE	8371	MassBank	RP031712	Guanosine	inchikey	1	TRUE	TRUE	4.4620003336604e-07	0.0011155000834151
CPD-15123	8375	MassBank	RP032003	Ribothymidine	inchikey	1	TRUE	TRUE	1.38075999984721e-05	0.0345189999961804
VAL	8381	MassBank	RP000901	L-Valine	inchikey	1	TRUE	TRUE	1.39750000016647e-06	0.00349375000041618
NIACINAMIDE	8383	MassBank	RP022301	Niacinamide	inchikey	1	TRUE	TRUE	2.82509999749436e-06	0.00706274999373591
CPD-15332	8384	MassBank	RP013601	Uric acid	inchikey	1	TRUE	TRUE	4.00154999908864e-05	0.100038749977216
URATE	8384	MassBank	RP013601	Uric acid	inchikey	1	TRUE	TRUE	4.00154999908864e-05	0.100038749977216
ISOVALERATE	8388	MassBank	RP015202	Isovaleric acid	inchikey_connectivity_formula_mass	2	FALSE	TRUE	2.04348000067966e-05	0.0510870000169916
L-ALPHA-ALANINE	8389	MassBank	RP000201	L-Alanine	inchikey	1	TRUE	TRUE	1.52590000368491e-06	0.00381475000921228
CPD1F-437	8393	MassBank	RP017101	Isoquercitrin	inchikey_connectivity_formula_mass	2	FALSE	TRUE	2.38928000158012e-05	0.0514825100563623
LEU	8395	MassBank	RP000602	L-Leucine	inchikey	1	TRUE	TRUE	1.33329999130183e-06	0.00333324997825457
CAMP	8397	MassBank	RP012712	cAMP	name_formula_mass	4	FALSE	TRUE	1.96537999386237e-05	0.0491344998465593
SINAPATE	8398	MassBank	RP017403	Sinapic acid	inchikey_connectivity_formula_mass	2	FALSE	TRUE	3.4957000139002e-06	0.00873925003475051
INOSINE	8399	MassBank	RP011003	Inosine	inchikey	1	TRUE	TRUE	3.04834999838022e-05	0.0762087499595054
L-ALPHA-ALANINE	8401	MassBank	RP000211	L-Alanine	inchikey	1	TRUE	TRUE	1.52590000368491e-06	0.00381475000921228
CPD-10244	8402	MassBank	RP029602	Docosahexaenoic acid	inchikey_connectivity_formula_mass	2	FALSE	TRUE	2.71399983375886e-07	0.000678499958439716
TYR	8412	MassBank	RP000311	L-Tyrosine	inchikey	1	TRUE	TRUE	3.22459999324565e-06	0.00806149998311412
ASN	8414	MassBank	RP001503	L-Asparagine	inchikey	1	TRUE	TRUE	2.13349997579826e-06	0.00533374993949565
D-glucopyranose-6-phosphate	8416	MassBank	RP023702	Glucose 6-phosphate	inchikey_connectivity_formula_mass	2	FALSE	TRUE	1.85261999945396e-05	0.0463154999863491
PHE	8417	MassBank	RP000402	L-Phenylalanine	inchikey	1	TRUE	TRUE	1.39750000016647e-06	0.00349375000041618
CPD0-2495	8422	MassBank	RP032211	5-Methylcytidine	inchikey	1	TRUE	TRUE	2.93923999947765e-05	0.0734809999869412
COUMARATE	8425	MassBank	RP016801	4-Hydroxycinnamic acid	inchikey_connectivity_formula_mass	2	FALSE	TRUE	4.41230999967956e-05	0.110307749991989
D-THREONINE	8428	MassBank	RP001011	L-Threonine	inchikey	1	TRUE	TRUE	3.16039999859186e-06	0.00790099999647964
CPD-431	8431	MassBank	RP015102	Apigenin	inchikey_connectivity_formula_mass	2	FALSE	TRUE	2.34314999829621e-05	0.0585787499574053
CPD0-1264	8435	MassBank	RP015313	Suberic acid	inchikey_connectivity_formula_mass	2	FALSE	TRUE	8.93780000410516e-06	0.0223445000102629
ILE	8436	MassBank	RP000811	L-Isoleucine	inchikey	1	TRUE	TRUE	1.33329999130183e-06	0.00333324997825457
CPD-4563	8443	MassBank	BS003325	Sissotrin	inchikey	1	TRUE	TRUE	3.07280004108179e-06	0.00688781293842429
CPD-474	8444	MassBank	BS003046	(+)-taxifolin	inchikey_connectivity_formula_mass	2	FALSE	TRUE	2.73990002597202e-06	0.00684975006493005
CPD-3421	8445	MassBank	BS003063	Genistin	inchikey	1	TRUE	TRUE	4.68630000227677e-05	0.108452644308131
LINOLEIC_ACID	8451	MassBank	BS003983	Linoelaidic acid	name_formula_mass	4	FALSE	TRUE	3.02713999644766e-05	0.0756784999111915
CPD-4562	8454	MassBank	BS001012	6'-Malonyl Ononin (NMR)	inchikey_connectivity_formula_mass	2	FALSE	TRUE	2.37643999980719e-05	0.0460437262553958
CPD-7120	8456	MassBank	BS003119	Desmethylxanthohumol	inchikey_connectivity_formula_mass	2	FALSE	TRUE	2.62474999885853e-05	0.0656187499714633
MYRICETIN	8458	MassBank	BS003379	Myricetin	inchikey_connectivity_formula_mass	2	FALSE	TRUE	3.27021999737553e-05	0.0817554999343884
APIGENIN-7-O-NEOHESPERIDOSIDE	8459	MassBank	BS003716	Apigenin 7-O-beta-D-rutinoside	inchikey_connectivity_formula_mass	2	FALSE	TRUE	4.43275999941761e-05	0.0766696543897919
CPD-1095	8460	MassBank	BS003805	5,7-Dihydroxy-4'-methoxyflavone	inchikey_connectivity_formula_mass	2	FALSE	TRUE	2.65042999672005e-05	0.0662607499180012
7-O-BETA-D-APIOFURANOSYL-12-BETA-D-GLU	8461	MassBank	BS003824	Apiin	name_formula_mass	4	FALSE	TRUE	5.60819989914307e-06	0.00994100987239676
CPD-7075	8464	MassBank	BS003861	Hesperidin	inchikey	1	TRUE	TRUE	4.22900029661832e-07	0.000693063125867771
CPD-4563	8468	MassBank	BS003322	Sissotrin	inchikey	1	TRUE	TRUE	3.07280004108179e-06	0.00688781293842429
CPD-7252	8469	MassBank	BS003222	Kaempferide	inchikey_connectivity_formula_mass	2	FALSE	TRUE	1.18821999990359e-05	0.0297054999975899
CPD-15468	8478	MassBank	BS003642	Nevadensin	inchikey	1	TRUE	TRUE	2.86829998685789e-06	0.00717074996714473
CPD-3424	8484	MassBank	BS003830	Daidzin	inchikey	1	TRUE	TRUE	2.240900016659e-06	0.00538534539734406
CPD-520	8485	MassBank	BS003387	Quercetin	inchikey_connectivity_formula_mass	2	FALSE	TRUE	4.73242999987633e-05	0.118310749996908
CPD-7072	8487	MassBank	BS003470	Hesperetin	inchikey_connectivity_formula_mass	2	FALSE	TRUE	3.8181999968856e-05	0.0954549999221399
CPD-4562	8494	MassBank	BS001015	6'-Malonyl Ononin (NMR)	inchikey_connectivity_formula_mass	2	FALSE	TRUE	2.37643999980719e-05	0.0460437262553958
574-TRIHYDROXY-3-METHOXYFLAVONE	8501	MassBank	BS003343	Chrysoeriol	inchikey_connectivity_formula_mass	2	FALSE	TRUE	1.18821999990359e-05	0.0297054999975899
TETRACOSANOATE	8503	MassBank	BS003928	Tetracosanoic acid	inchikey_connectivity_formula_mass	2	FALSE	TRUE	3.07849999785503e-05	0.0769624999463758
CPD-12726	8506	MassBank	BS003663	Scutellarein	inchikey	1	TRUE	TRUE	3.80536000079701e-05	0.0951340000199252
CPD-4563	8507	MassBank	BS003330	Sissotrin	inchikey	1	TRUE	TRUE	3.07280004108179e-06	0.00688781293842429
STEARIC_ACID	8510	MassBank	BS003929	Stearic acid	inchikey_connectivity_formula_mass	2	FALSE	TRUE	3.03997999822059e-05	0.0759994999555147
CPD-6994	8517	MassBank	BS003464	Eriodictyol	inchikey_connectivity_formula_mass	2	FALSE	TRUE	1.18821999990359e-05	0.0297054999975899
CPD-15468	8524	MassBank	BS003643	Nevadensin	inchikey	1	TRUE	TRUE	2.86829998685789e-06	0.00717074996714473
ANTHRANILATE	8526	MassBank	BS003073	2-Aminobenzoic acid	inchikey_connectivity_formula_mass	2	FALSE	TRUE	2.15258999958223e-05	0.0538147499895558
CPD-15291	8529	MassBank	BS003897	Epigallocatechin gallate	inchikey	1	TRUE	TRUE	1.42090004828788e-06	0.00310182678551994
ONONIN	8531	MassBank	BS003487	Formononetin-7-O-glucoside (Ononin)	inchikey	1	TRUE	TRUE	1.76949000092463e-05	0.0411388390417189
LINOLENIC_ACID	8536	MassBank	BS001073	alpha-Linolenic acid	inchikey_connectivity_formula_mass	2	FALSE	TRUE	1.97928000034153e-05	0.0494820000085383
TETRACOSANOATE	8537	MassBank	BS003926	Tetracosanoic acid	inchikey_connectivity_formula_mass	2	FALSE	TRUE	3.07849999785503e-05	0.0769624999463758
LINOLEIC_ACID	8538	MassBank	BS003985	Linoelaidic acid	name_formula_mass	4	FALSE	TRUE	3.02713999644766e-05	0.0756784999111915
BIOCHANIN-A	8539	MassBank	BS003041	Biochanin A	inchikey_connectivity_formula_mass	2	FALSE	TRUE	2.65042999672005e-05	0.0662607499180012
CPD-633	8540	MassBank	BS003105	Gentisic acid	inchikey_connectivity_formula_mass	2	FALSE	TRUE	8.68099999706828e-06	0.0217024999926707
CPD-7080	8547	MassBank	BS003553	Isosakuranetin	name_formula_mass	4	FALSE	TRUE	2.35599000006914e-05	0.0588997500017285
CPD-1961	8548	MassBank	BS003016	Catechin	inchikey	1	TRUE	TRUE	3.8181999968856e-05	0.0954549999221399
DAIDZEIN	8556	MassBank	BS003043	Daidzein	inchikey	1	TRUE	TRUE	8.80940001479757e-06	0.0220235000369939
DOCOSANOATE	8559	MassBank	BS003888	Behenic acid	inchikey_connectivity_formula_mass	2	FALSE	TRUE	3.06566000176645e-05	0.0766415000441611
CPD-7106	8566	MassBank	BS003094	Humulone	inchikey_connectivity_formula_mass	2	FALSE	TRUE	2.40735000147652e-05	0.0601837500369129
LINOLEIC_ACID	8573	MassBank	BS003986	Linoelaidic acid	name_formula_mass	4	FALSE	TRUE	3.02713999644766e-05	0.0756784999111915
CPD-15486	8575	MassBank	BS003749	Genkwanin	inchikey	1	TRUE	TRUE	2.65042999672005e-05	0.0662607499180012
CPD-520	8578	MassBank	BS003397	Quercetin	inchikey_connectivity_formula_mass	2	FALSE	TRUE	4.73242999987633e-05	0.118310749996908
CPD-1961	8580	MassBank	BS003014	Catechin	inchikey	1	TRUE	TRUE	3.8181999968856e-05	0.0954549999221399
CPD-7616	8582	MassBank	BS003267	3,4-Dihydroxybenzaldehyde	inchikey	1	TRUE	TRUE	5.94109999951797e-06	0.0148527499987949
CPD-8186	8585	MassBank	BS003400	Umbelliferone	inchikey	1	TRUE	TRUE	5.94109999951797e-06	0.0148527499987949
CPD-4402	8590	MassBank	BS003346	Demethyl medicarpin	inchikey	1	TRUE	TRUE	4.11263999922085e-05	0.102815999980521
574-TRIHYDROXY-3-METHOXYFLAVONE	8594	MassBank	BS003342	Chrysoeriol	inchikey_connectivity_formula_mass	2	FALSE	TRUE	1.18821999990359e-05	0.0297054999975899
CPD1F-453	8596	MassBank	BS003476	Astragalin	inchikey_connectivity_formula_mass	2	FALSE	TRUE	3.85148999839657e-05	0.0859514655735293
CPD-7616	8599	MassBank	BS003266	3,4-Dihydroxybenzaldehyde	inchikey	1	TRUE	TRUE	5.94109999951797e-06	0.0148527499987949
OLEATE-CPD	8609	MassBank	BS003992	Oleic acid	inchikey_connectivity_formula_mass	2	FALSE	TRUE	1.9664399985686e-05	0.0491609999642151
CPD-15468	8612	MassBank	BS003641	Nevadensin	inchikey	1	TRUE	TRUE	2.86829998685789e-06	0.00717074996714473
NARINGIN	8613	MassBank	BS003385	Naringin	inchikey	1	TRUE	TRUE	5.73659997371578e-06	0.00988763457392885
CPD-6994	8614	MassBank	BS003465	Eriodictyol	inchikey_connectivity_formula_mass	2	FALSE	TRUE	1.18821999990359e-05	0.0297054999975899
CPD-7110	8621	MassBank	BS003134	Lupulone	name_formula_mass	4	FALSE	TRUE	9.70820002521577e-06	0.0234340786423409
CPD-4563	8622	MassBank	BS003319	Sissotrin	inchikey	1	TRUE	TRUE	3.07280004108179e-06	0.00688781293842429
CPD-7119	8630	MassBank	BS003121	Xanthohumol	inchikey_connectivity_formula_mass	2	FALSE	TRUE	2.38166999793066e-05	0.0595417499482664
CPD-9483	8632	MassBank	BS003801	Medicagenic acid	inchikey_connectivity_formula_mass	2	FALSE	TRUE	3.92091999970035e-05	0.0780547523926313
CPD1F-453	8634	MassBank	BS003477	Astragalin	inchikey_connectivity_formula_mass	2	FALSE	TRUE	3.85148999839657e-05	0.0859514655735293
DIHYDROKAEMPFEROL-CMPD	8636	MassBank	BS003953	Dihydrokaempferol	name_formula_mass	4	TRUE	TRUE	1.18821999990359e-05	0.0297054999975899
CPD-3424	8640	MassBank	BS003834	Daidzin	inchikey	1	TRUE	TRUE	2.240900016659e-06	0.00538534539734406
APIGENIN-7-O-BETA-D-GLUCOSIDE	8642	MassBank	BS003710	Cosmosiin	inchikey_connectivity_formula_mass	2	FALSE	TRUE	3.13700002152473e-06	0.0072597987188983
CPD-7630	8646	MassBank	BS003425	Epicatechin	inchikey	1	TRUE	TRUE	3.8181999968856e-05	0.0954549999221399
NARINGENIN-7-O-BETA-D-GLUCOSIDE	8654	MassBank	BS003366	Naringenin-7-O-glucoside	inchikey	1	TRUE	TRUE	3.07280004108179e-06	0.0070782061668748
SCOPOLETIN	8657	MassBank	BS003270	Scopoletin	inchikey	1	TRUE	TRUE	4.12548000099378e-05	0.103137000024844
CPD-15063	8658	MassBank	BS003571	Scutellarein-7-glucuronide	inchikey_connectivity_formula_mass	2	FALSE	TRUE	2.60430000480483e-05	0.0563603918203189
CPD-4563	8660	MassBank	BS003328	Sissotrin	inchikey	1	TRUE	TRUE	3.07280004108179e-06	0.00688781293842429
CPD-15063	8662	MassBank	BS003568	Scutellarein-7-glucuronide	inchikey_connectivity_formula_mass	2	FALSE	TRUE	2.60430000480483e-05	0.0563603918203189
TETRACOSANOATE	8663	MassBank	BS003925	Tetracosanoic acid	inchikey_connectivity_formula_mass	2	FALSE	TRUE	3.07849999785503e-05	0.0769624999463758
DIHYDROKAEMPFEROL-CMPD	8667	MassBank	BS003954	Dihydrokaempferol	name_formula_mass	4	TRUE	TRUE	1.18821999990359e-05	0.0297054999975899
CPD-4563	8669	MassBank	BS003329	Sissotrin	inchikey	1	TRUE	TRUE	3.07280004108179e-06	0.00688781293842429
CPD-3521	8678	MassBank	BS003055	Prunetin	inchikey	1	TRUE	TRUE	2.65042999672005e-05	0.0662607499180012
CPD-4123	8681	MassBank	BS001023	6'-Malonyl-3-Glu Medicarpin (NMR)	inchikey_connectivity_formula_mass	2	FALSE	TRUE	2.62998000835069e-05	0.0507578587442088
BIOCHANIN-A	8690	MassBank	BS003038	Biochanin A	inchikey_connectivity_formula_mass	2	FALSE	TRUE	2.65042999672005e-05	0.0662607499180012
CPD-520	8691	MassBank	BS003393	Quercetin	inchikey_connectivity_formula_mass	2	FALSE	TRUE	4.73242999987633e-05	0.118310749996908
CPD-10347	8693	MassBank	BS003667	Saponarin	inchikey	1	TRUE	TRUE	2.97054999691682e-05	0.049995921045179
7-O-BETA-D-APIOFURANOSYL-12-BETA-D-GLU	8694	MassBank	BS003828	Apiin	name_formula_mass	4	FALSE	TRUE	5.60819989914307e-06	0.00994100987239676
CPD-15291	8695	MassBank	BS003901	Epigallocatechin gallate	inchikey	1	TRUE	TRUE	1.42090004828788e-06	0.00310182678551994
CPD-7072	8697	MassBank	BS003472	Hesperetin	inchikey_connectivity_formula_mass	2	FALSE	TRUE	3.8181999968856e-05	0.0954549999221399
LUTEOLIN-7-O-BETA-D-GLUCOSIDE	8702	MassBank	BS003960	Luteolin 7-glucoside	inchikey	1	TRUE	TRUE	3.85148999839657e-05	0.0859514655735293
CPD-8138	8705	MassBank	BS003018	6-Hydroxyflavone	inchikey	1	TRUE	TRUE	5.81269998178868e-06	0.0145317499544717
CPD-4563	8708	MassBank	BS003321	Sissotrin	inchikey	1	TRUE	TRUE	3.07280004108179e-06	0.00688781293842429
VITEXIN	8710	MassBank	BS003308	Vitexin 6''-O-malonyl 2''-O-xyloside	inchikey_connectivity_formula_mass	2	FALSE	TRUE	4.68630000227677e-05	0.108452644308131
CPD1F-453	8711	MassBank	BS003475	Astragalin	inchikey_connectivity_formula_mass	2	FALSE	TRUE	3.85148999839657e-05	0.0859514655735293
CPD-15630	8712	MassBank	BS003679	Sorbifolin	inchikey	1	TRUE	TRUE	1.18821999990359e-05	0.0297054999975899
NARINGENIN-CMPD	8713	MassBank	BS003031	Naringenin	inchikey	1	TRUE	TRUE	2.65042999672005e-05	0.0662607499180012
DIHYDROKAEMPFEROL-CMPD	8715	MassBank	BS003958	Dihydrokaempferol	name_formula_mass	4	TRUE	TRUE	1.18821999990359e-05	0.0297054999975899
CPD-15486	8716	MassBank	BS003747	Genkwanin	inchikey	1	TRUE	TRUE	2.65042999672005e-05	0.0662607499180012
CPD-633	8717	MassBank	BS003106	Gentisic acid	inchikey_connectivity_formula_mass	2	FALSE	TRUE	8.68099999706828e-06	0.0217024999926707
CPD-7110	8719	MassBank	BS003130	Lupulone	name_formula_mass	4	FALSE	TRUE	9.70820002521577e-06	0.0234340786423409
ARACHIDONIC_ACID	8720	MassBank	BS003979	Arachidonic acid	inchikey_connectivity_formula_mass	2	FALSE	TRUE	2.71399983375886e-07	0.000678499958439716
CPD-3521	8721	MassBank	BS003056	Prunetin	inchikey	1	TRUE	TRUE	2.65042999672005e-05	0.0662607499180012
CPD-7075	8731	MassBank	BS003858	Hesperidin	inchikey	1	TRUE	TRUE	4.22900029661832e-07	0.000693063125867771
CPD-8141	8737	MassBank	BS003020	7-Hydroxyflavone	inchikey	1	TRUE	TRUE	5.81269998178868e-06	0.0145317499544717
CPD-4563	8739	MassBank	BS003331	Sissotrin	inchikey	1	TRUE	TRUE	3.07280004108179e-06	0.00688781293842429
CPD-520	8741	MassBank	BS003392	Quercetin	inchikey_connectivity_formula_mass	2	FALSE	TRUE	4.73242999987633e-05	0.118310749996908
CPD-7836	8744	MassBank	BS003878	Myristic acid	inchikey_connectivity_formula_mass	2	FALSE	TRUE	3.01430000035907e-05	0.0753575000089768
PALMITATE	8745	MassBank	BS001076	Palmitic acid	inchikey_connectivity_formula_mass	2	FALSE	TRUE	3.02713999644766e-05	0.0756784999111915
CPD-15630	8747	MassBank	BS003676	Sorbifolin	inchikey	1	TRUE	TRUE	1.18821999990359e-05	0.0297054999975899
CPD-6998	8748	MassBank	BS003282	6-Hydroxydaidzein	inchikey	1	TRUE	TRUE	2.34314999829621e-05	0.0585787499574053
LINOLENIC_ACID	8749	MassBank	BS001069	alpha-Linolenic acid	inchikey_connectivity_formula_mass	2	FALSE	TRUE	1.97928000034153e-05	0.0494820000085383
CPD-7072	8753	MassBank	BS003474	Hesperetin	inchikey_connectivity_formula_mass	2	FALSE	TRUE	3.8181999968856e-05	0.0954549999221399
CPD-7630	8754	MassBank	BS003423	Epicatechin	inchikey	1	TRUE	TRUE	3.8181999968856e-05	0.0954549999221399
PALMITATE	8757	MassBank	BS001074	Palmitic acid	inchikey_connectivity_formula_mass	2	FALSE	TRUE	3.02713999644766e-05	0.0756784999111915
SCOPOLETIN	8759	MassBank	BS003273	Scopoletin	inchikey	1	TRUE	TRUE	4.12548000099378e-05	0.103137000024844
CPD-8007	8760	MassBank	BS003844	Kaempferol 7-glucoside	inchikey_connectivity_formula_mass	2	FALSE	TRUE	0.000438514899997244	0.978608235936847
MYRICETIN	8763	MassBank	BS003378	Myricetin	inchikey_connectivity_formula_mass	2	FALSE	TRUE	3.27021999737553e-05	0.0817554999343884
LINOLEIC_ACID	8764	MassBank	BS001065	Linoleic acid	inchikey_connectivity_formula_mass	2	FALSE	TRUE	3.02713999644766e-05	0.0756784999111915
APIGENIN-7-O-NEOHESPERIDOSIDE	8768	MassBank	BS003719	Apigenin 7-O-beta-D-rutinoside	inchikey_connectivity_formula_mass	2	FALSE	TRUE	4.43275999941761e-05	0.0766696543897919
CPD-11779	8769	MassBank	BS003255	Coumesterol	inchikey	1	TRUE	TRUE	2.66326999849298e-05	0.0665817499623245
CPD-3424	8773	MassBank	BS003831	Daidzin	inchikey	1	TRUE	TRUE	2.240900016659e-06	0.00538534539734406
RUTIN	8776	MassBank	BS003076	Rutin	inchikey_connectivity_formula_mass	2	FALSE	TRUE	1.5083400057847e-05	0.0247206693115514
TETRACOSANOATE	8779	MassBank	BS003927	Tetracosanoic acid	inchikey_connectivity_formula_mass	2	FALSE	TRUE	3.07849999785503e-05	0.0769624999463758
CPD-4123	8789	MassBank	BS001022	6'-Malonyl-3-Glu Medicarpin (NMR)	inchikey_connectivity_formula_mass	2	FALSE	TRUE	2.62998000835069e-05	0.0507578587442088
APIGENIN-7-O-NEOHESPERIDOSIDE	8791	MassBank	BS003720	Apigenin 7-O-beta-D-rutinoside	inchikey_connectivity_formula_mass	2	FALSE	TRUE	4.43275999941761e-05	0.0766696543897919
CPD-7630	8792	MassBank	BS003427	Epicatechin	inchikey	1	TRUE	TRUE	3.8181999968856e-05	0.0954549999221399
CPD-7120	8794	MassBank	BS003120	Desmethylxanthohumol	inchikey_connectivity_formula_mass	2	FALSE	TRUE	2.62474999885853e-05	0.0656187499714633
CPD-15291	8801	MassBank	BS003896	Epigallocatechin gallate	inchikey	1	TRUE	TRUE	1.42090004828788e-06	0.00310182678551994
DOCOSANOATE	8802	MassBank	BS003886	Behenic acid	inchikey_connectivity_formula_mass	2	FALSE	TRUE	3.06566000176645e-05	0.0766415000441611
CPD-7075	8803	MassBank	BS003860	Hesperidin	inchikey	1	TRUE	TRUE	4.22900029661832e-07	0.000693063125867771
CPD-3521	8805	MassBank	BS003052	Prunetin	inchikey	1	TRUE	TRUE	2.65042999672005e-05	0.0662607499180012
BIOCHANIN-A	8806	MassBank	BS003040	Biochanin A	inchikey_connectivity_formula_mass	2	FALSE	TRUE	2.65042999672005e-05	0.0662607499180012
CPD-3041	8807	MassBank	BS003261	Isoliquiritigenin	inchikey	1	TRUE	TRUE	4.11263999922085e-05	0.102815999980521
VANILLATE	8809	MassBank	BS003124	Vanillic acid	inchikey_connectivity_formula_mass	2	FALSE	TRUE	4.12548000099378e-05	0.103137000024844
APIGENIN-7-O-NEOHESPERIDOSIDE	8814	MassBank	BS003717	Apigenin 7-O-beta-D-rutinoside	inchikey_connectivity_formula_mass	2	FALSE	TRUE	4.43275999941761e-05	0.0766696543897919
CPD-7110	8818	MassBank	BS003129	Lupulone	name_formula_mass	4	FALSE	TRUE	9.70820002521577e-06	0.0234340786423409
CPD-19531	8819	MassBank	BS003339	Morin	inchikey	1	TRUE	TRUE	4.73242999987633e-05	0.118310749996908
LINOLEIC_ACID	8820	MassBank	BS001067	Linoleic acid	inchikey_connectivity_formula_mass	2	FALSE	TRUE	3.02713999644766e-05	0.0756784999111915
CPD-8186	8828	MassBank	BS003401	Umbelliferone	inchikey	1	TRUE	TRUE	5.94109999951797e-06	0.0148527499987949
CPD-7080	8829	MassBank	BS003557	Isosakuranetin	name_formula_mass	4	FALSE	TRUE	2.35599000006914e-05	0.0588997500017285
APIGENIN-7-O-BETA-D-GLUCOSIDE	8830	MassBank	BS003711	Cosmosiin	inchikey_connectivity_formula_mass	2	FALSE	TRUE	3.13700002152473e-06	0.0072597987188983
CPD-9245	8835	MassBank	BS003996	Palmitoleic acid	inchikey_connectivity_formula_mass	2	FALSE	TRUE	1.97928000034153e-05	0.0494820000085383
ARACHIDONIC_ACID	8837	MassBank	BS003981	Arachidonic acid	inchikey_connectivity_formula_mass	2	FALSE	TRUE	2.71399983375886e-07	0.000678499958439716
CPD-1095	8839	MassBank	BS003806	5,7-Dihydroxy-4'-methoxyflavone	inchikey_connectivity_formula_mass	2	FALSE	TRUE	2.65042999672005e-05	0.0662607499180012
CPD-15468	8843	MassBank	BS003639	Nevadensin	inchikey	1	TRUE	TRUE	2.86829998685789e-06	0.00717074996714473
CPD-7074	8845	MassBank	BS003653	Neohesperidin	name_formula_mass	4	TRUE	TRUE	2.95771000082823e-05	0.0484719696100174
CPD1F-453	8846	MassBank	BS003480	Astragalin	inchikey_connectivity_formula_mass	2	FALSE	TRUE	3.85148999839657e-05	0.0859514655735293
CPD-12724	8847	MassBank	BS003247	Baicalein	inchikey	1	TRUE	TRUE	2.34314999829621e-05	0.0585787499574053
LINOLENIC_ACID	8852	MassBank	BS001072	alpha-Linolenic acid	inchikey_connectivity_formula_mass	2	FALSE	TRUE	1.97928000034153e-05	0.0494820000085383
CPD-7108	8854	MassBank	BS003089	Cohumulone	name_formula_mass	4	FALSE	TRUE	2.59906999531268e-05	0.0649767498828169
CPD-11779	8857	MassBank	BS003253	Coumesterol	inchikey	1	TRUE	TRUE	2.66326999849298e-05	0.0665817499623245
CPD-15083	8858	MassBank	BS003370	Orientin	inchikey_connectivity_formula_mass	2	FALSE	TRUE	3.85148999839657e-05	0.0859514655735293
CPD-1095	8863	MassBank	BS003804	5,7-Dihydroxy-4'-methoxyflavone	inchikey_connectivity_formula_mass	2	FALSE	TRUE	2.65042999672005e-05	0.0662607499180012
VITEXIN	8865	MassBank	BS003304	Vitexin 6''-O-malonyl 2''-O-xyloside	inchikey_connectivity_formula_mass	2	FALSE	TRUE	4.68630000227677e-05	0.108452644308131
CPD-4563	8867	MassBank	BS003318	Sissotrin	inchikey	1	TRUE	TRUE	3.07280004108179e-06	0.00688781293842429
FORMONONETIN	8871	MassBank	BS003355	Formononetin	inchikey	1	TRUE	TRUE	4.11263999922085e-05	0.102815999980521
5734-TETRAHYDROXYFLAVONE	8872	MassBank	BS003099	Luteolin	inchikey_connectivity_formula_mass	2	FALSE	TRUE	3.80536000079701e-05	0.0951340000199252
CPD-15291	8874	MassBank	BS003898	Epigallocatechin gallate	inchikey	1	TRUE	TRUE	1.42090004828788e-06	0.00310182678551994
574-TRIHYDROXY-3-METHOXYFLAVONE	8877	MassBank	BS003344	Chrysoeriol	inchikey_connectivity_formula_mass	2	FALSE	TRUE	1.18821999990359e-05	0.0297054999975899
CPD-7110	8881	MassBank	BS003135	Lupulone	name_formula_mass	4	FALSE	TRUE	9.70820002521577e-06	0.0234340786423409
LINOLEIC_ACID	8883	MassBank	BS003987	Linoelaidic acid	name_formula_mass	4	FALSE	TRUE	3.02713999644766e-05	0.0756784999111915
VITEXIN	8885	MassBank	BS003305	Vitexin 6''-O-malonyl 2''-O-xyloside	inchikey_connectivity_formula_mass	2	FALSE	TRUE	4.68630000227677e-05	0.108452644308131
CPD-4402	8888	MassBank	BS003349	Demethyl medicarpin	inchikey	1	TRUE	TRUE	4.11263999922085e-05	0.102815999980521
CPD-7110	8889	MassBank	BS003133	Lupulone	name_formula_mass	4	FALSE	TRUE	9.70820002521577e-06	0.0234340786423409
CPD-15486	8890	MassBank	BS003745	Genkwanin	inchikey	1	TRUE	TRUE	2.65042999672005e-05	0.0662607499180012
STEARIC_ACID	8891	MassBank	BS003931	Stearic acid	inchikey_connectivity_formula_mass	2	FALSE	TRUE	3.03997999822059e-05	0.0759994999555147
CPD-8117	8892	MassBank	BS003976	gamma-Linolenic acid	inchikey_connectivity_formula_mass	2	FALSE	TRUE	1.97928000034153e-05	0.0494820000085383
STEARIC_ACID	8897	MassBank	BS003930	Stearic acid	inchikey_connectivity_formula_mass	2	FALSE	TRUE	3.03997999822059e-05	0.0759994999555147
CPD1F-453	8900	MassBank	BS003481	Astragalin	inchikey_connectivity_formula_mass	2	FALSE	TRUE	3.85148999839657e-05	0.0859514655735293
CPD-14496	8902	MassBank	BS003172	Ursolic acid	inchikey_connectivity_formula_mass	2	FALSE	TRUE	4.54071000035583e-05	0.0994983469982531
CPD-4563	8904	MassBank	BS003315	Sissotrin	inchikey	1	TRUE	TRUE	3.07280004108179e-06	0.00688781293842429
CPD-9245	8905	MassBank	BS003993	Palmitoleic acid	inchikey_connectivity_formula_mass	2	FALSE	TRUE	1.97928000034153e-05	0.0494820000085383
SCOPOLETIN	8910	MassBank	BS003275	Scopoletin	inchikey	1	TRUE	TRUE	4.12548000099378e-05	0.103137000024844
574-TRIHYDROXY-3-METHOXYFLAVONE	8912	MassBank	BS003341	Chrysoeriol	inchikey_connectivity_formula_mass	2	FALSE	TRUE	1.18821999990359e-05	0.0297054999975899
CPD-4562	8913	MassBank	BS001013	6'-Malonyl Ononin (NMR)	inchikey_connectivity_formula_mass	2	FALSE	TRUE	2.37643999980719e-05	0.0460437262553958
CPD-3141	8915	MassBank	BS003058	Genistein	inchikey_connectivity_formula_mass	2	FALSE	TRUE	2.34314999829621e-05	0.0585787499574053
CPD-10347	8916	MassBank	BS003665	Saponarin	inchikey	1	TRUE	TRUE	2.97054999691682e-05	0.049995921045179
CPD-7836	8923	MassBank	BS003877	Myristic acid	inchikey_connectivity_formula_mass	2	FALSE	TRUE	3.01430000035907e-05	0.0753575000089768
CPD-4563	8926	MassBank	BS003323	Sissotrin	inchikey	1	TRUE	TRUE	3.07280004108179e-06	0.00688781293842429
CPD-8138	8932	MassBank	BS003017	6-Hydroxyflavone	inchikey	1	TRUE	TRUE	5.81269998178868e-06	0.0145317499544717
NARINGENIN-7-O-BETA-D-GLUCOSIDE	8936	MassBank	BS003368	Naringenin-7-O-glucoside	inchikey	1	TRUE	TRUE	3.07280004108179e-06	0.0070782061668748
CPD-7071	8942	MassBank	BS003786	Homoeriodictyol	inchikey_connectivity_formula_mass	2	FALSE	TRUE	3.8181999968856e-05	0.0954549999221399
CPD-520	8944	MassBank	BS003395	Quercetin	inchikey_connectivity_formula_mass	2	FALSE	TRUE	4.73242999987633e-05	0.118310749996908
MYRICETIN	8945	MassBank	BS003377	Myricetin	inchikey_connectivity_formula_mass	2	FALSE	TRUE	3.27021999737553e-05	0.0817554999343884
CPD-3617	8946	MassBank	BS003869	Capric acid	inchikey_connectivity_formula_mass	2	FALSE	TRUE	2.98861999965538e-05	0.0747154999913846
VANILLATE	8959	MassBank	BS003123	Vanillic acid	inchikey_connectivity_formula_mass	2	FALSE	TRUE	4.12548000099378e-05	0.103137000024844
CPD-10411	8963	MassBank	BS003951	(-)-Epigallocatechin	inchikey	1	TRUE	TRUE	2.80409994957154e-06	0.00701024987392884
CPD-8007	8964	MassBank	BS003841	Kaempferol 7-glucoside	inchikey_connectivity_formula_mass	2	FALSE	TRUE	0.000438514899997244	0.978608235936847
CPD-14976	8966	MassBank	BS003231	Tiliroside	inchikey	1	TRUE	TRUE	4.0921899994828e-05	0.0688761624228685
CPD-7108	8967	MassBank	BS003088	Cohumulone	name_formula_mass	4	FALSE	TRUE	2.59906999531268e-05	0.0649767498828169
CPD-9483	8970	MassBank	BS003800	Medicagenic acid	inchikey_connectivity_formula_mass	2	FALSE	TRUE	3.92091999970035e-05	0.0780547523926313
CPD-3521	8971	MassBank	BS003053	Prunetin	inchikey	1	TRUE	TRUE	2.65042999672005e-05	0.0662607499180012
CPD-7074	8974	MassBank	BS003654	Neohesperidin	name_formula_mass	4	TRUE	TRUE	2.95771000082823e-05	0.0484719696100174
CPD-12726	8977	MassBank	BS003660	Scutellarein	inchikey	1	TRUE	TRUE	3.80536000079701e-05	0.0951340000199252
CPD-520	8978	MassBank	BS003388	Quercetin	inchikey_connectivity_formula_mass	2	FALSE	TRUE	4.73242999987633e-05	0.118310749996908
CPD-3628	8980	MassBank	BS003050	Pseudobaptigenin	inchikey	1	TRUE	TRUE	2.34314999829621e-05	0.0585787499574053
CPD-3617	8982	MassBank	BS003871	Capric acid	inchikey_connectivity_formula_mass	2	FALSE	TRUE	2.98861999965538e-05	0.0747154999913846
CPD1F-462	8987	MassBank	BS001025	Kaempferitrin	inchikey	1	TRUE	TRUE	4.32759998147958e-06	0.00748507915973122
CPD-520	8989	MassBank	BS003396	Quercetin	inchikey_connectivity_formula_mass	2	FALSE	TRUE	4.73242999987633e-05	0.118310749996908
APIGENIN-7-O-BETA-D-GLUCOSIDE	8990	MassBank	BS003714	Cosmosiin	inchikey_connectivity_formula_mass	2	FALSE	TRUE	3.13700002152473e-06	0.0072597987188983
LINOLEIC_ACID	8992	MassBank	BS001064	Linoleic acid	inchikey_connectivity_formula_mass	2	FALSE	TRUE	3.02713999644766e-05	0.0756784999111915
CPD-182	8993	MassBank	BS003114	4-Methylumbelliferone	inchikey	1	TRUE	TRUE	4.41230999967956e-05	0.110307749991989
CPD-520	8994	MassBank	BS003391	Quercetin	inchikey_connectivity_formula_mass	2	FALSE	TRUE	4.73242999987633e-05	0.118310749996908
NARINGENIN-CMPD	8995	MassBank	BS003027	Naringenin	inchikey	1	TRUE	TRUE	2.65042999672005e-05	0.0662607499180012
CPD-9483	8997	MassBank	BS003802	Medicagenic acid	inchikey_connectivity_formula_mass	2	FALSE	TRUE	3.92091999970035e-05	0.0780547523926313
CPD-14496	8999	MassBank	BS003168	Ursolic acid	inchikey_connectivity_formula_mass	2	FALSE	TRUE	4.54071000035583e-05	0.0994983469982531
CPD-7072	9003	MassBank	BS003469	Hesperetin	inchikey_connectivity_formula_mass	2	FALSE	TRUE	3.8181999968856e-05	0.0954549999221399
CPD-3141	9005	MassBank	BS003060	Genistein	inchikey_connectivity_formula_mass	2	FALSE	TRUE	2.34314999829621e-05	0.0585787499574053
CPD-11685	9006	MassBank	BS003311	Quercetin 4'-glucoside	inchikey_connectivity_formula_mass	2	FALSE	TRUE	2.38928000158012e-05	0.0514825100563623
CPD-7071	9009	MassBank	BS003789	Homoeriodictyol	inchikey_connectivity_formula_mass	2	FALSE	TRUE	3.8181999968856e-05	0.0954549999221399
LINOLEIC_ACID	9012	MassBank	BS001068	Linoleic acid	inchikey_connectivity_formula_mass	2	FALSE	TRUE	3.02713999644766e-05	0.0756784999111915
CPD-7106	9015	MassBank	BS003096	Humulone	inchikey_connectivity_formula_mass	2	FALSE	TRUE	2.40735000147652e-05	0.0601837500369129
APIGENIN-7-O-NEOHESPERIDOSIDE	9020	MassBank	BS003268	Apigenin 7-O-beta-D-rutinoside	inchikey_connectivity_formula_mass	2	FALSE	TRUE	4.43275999941761e-05	0.0766696543897919
ARACHIDONIC_ACID	9021	MassBank	BS003980	Arachidonic acid	inchikey_connectivity_formula_mass	2	FALSE	TRUE	2.71399983375886e-07	0.000678499958439716
CPD-3141	9026	MassBank	BS003059	Genistein	inchikey_connectivity_formula_mass	2	FALSE	TRUE	2.34314999829621e-05	0.0585787499574053
CPD-11685	9027	MassBank	BS003313	Quercetin 4'-glucoside	inchikey_connectivity_formula_mass	2	FALSE	TRUE	2.38928000158012e-05	0.0514825100563623
CPD-6998	9028	MassBank	BS003285	6-Hydroxydaidzein	inchikey	1	TRUE	TRUE	2.34314999829621e-05	0.0585787499574053
CPD-1095	9033	MassBank	BS003807	5,7-Dihydroxy-4'-methoxyflavone	inchikey_connectivity_formula_mass	2	FALSE	TRUE	2.65042999672005e-05	0.0662607499180012
ARACHIDONIC_ACID	9034	MassBank	BS003978	Arachidonic acid	inchikey_connectivity_formula_mass	2	FALSE	TRUE	2.71399983375886e-07	0.000678499958439716
CPD1F-90	9036	MassBank	BS003363	Kaempferol	inchikey_connectivity_formula_mass	2	FALSE	TRUE	3.80536000079701e-05	0.0951340000199252
CPD-4563	9038	MassBank	BS003324	Sissotrin	inchikey	1	TRUE	TRUE	3.07280004108179e-06	0.00688781293842429
CPD-3424	9045	MassBank	BS003833	Daidzin	inchikey	1	TRUE	TRUE	2.240900016659e-06	0.00538534539734406
CPD-12726	9048	MassBank	BS003661	Scutellarein	inchikey	1	TRUE	TRUE	3.80536000079701e-05	0.0951340000199252
CPD-520	9052	MassBank	BS003394	Quercetin	inchikey_connectivity_formula_mass	2	FALSE	TRUE	4.73242999987633e-05	0.118310749996908
CPD-7072	9053	MassBank	BS003473	Hesperetin	inchikey_connectivity_formula_mass	2	FALSE	TRUE	3.8181999968856e-05	0.0954549999221399
CPD-7252	9055	MassBank	BS003219	Kaempferide	inchikey_connectivity_formula_mass	2	FALSE	TRUE	1.18821999990359e-05	0.0297054999975899
CPD-9481	9058	MassBank	BS003240	Hederagenin	inchikey_connectivity_formula_mass	2	FALSE	TRUE	3.99708000031751e-05	0.0846202072582069
CPD-9483	9068	MassBank	BS003798	Medicagenic acid	inchikey_connectivity_formula_mass	2	FALSE	TRUE	3.92091999970035e-05	0.0780547523926313
CPD-15083	9074	MassBank	BS003374	Orientin	inchikey_connectivity_formula_mass	2	FALSE	TRUE	3.85148999839657e-05	0.0859514655735293
CPD-14976	9076	MassBank	BS003233	Tiliroside	inchikey	1	TRUE	TRUE	4.0921899994828e-05	0.0688761624228685
FORMONONETIN	9077	MassBank	BS003359	Formononetin	inchikey	1	TRUE	TRUE	4.11263999922085e-05	0.102815999980521
ONONIN	9078	MassBank	BS003486	Formononetin-7-O-glucoside (Ononin)	inchikey	1	TRUE	TRUE	1.76949000092463e-05	0.0411388390417189
CPD-7080	9079	MassBank	BS003554	Isosakuranetin	name_formula_mass	4	FALSE	TRUE	2.35599000006914e-05	0.0588997500017285
DOCOSANOATE	9081	MassBank	BS003890	Behenic acid	inchikey_connectivity_formula_mass	2	FALSE	TRUE	3.06566000176645e-05	0.0766415000441611
CPD-19531	9083	MassBank	BS003338	Morin	inchikey	1	TRUE	TRUE	4.73242999987633e-05	0.118310749996908
CPD-474	9089	MassBank	BS003044	(+)-taxifolin	inchikey_connectivity_formula_mass	2	FALSE	TRUE	2.73990002597202e-06	0.00684975006493005
OLEATE-CPD	9092	MassBank	BS003988	Oleic acid	inchikey_connectivity_formula_mass	2	FALSE	TRUE	1.9664399985686e-05	0.0491609999642151
CPD-14496	9097	MassBank	BS003170	Ursolic acid	inchikey_connectivity_formula_mass	2	FALSE	TRUE	4.54071000035583e-05	0.0994983469982531
CPD-8007	9101	MassBank	BS003843	Kaempferol 7-glucoside	inchikey_connectivity_formula_mass	2	FALSE	TRUE	0.000438514899997244	0.978608235936847
CPD-520	9102	MassBank	BS003398	Quercetin	inchikey_connectivity_formula_mass	2	FALSE	TRUE	4.73242999987633e-05	0.118310749996908
CPD-15630	9106	MassBank	BS003677	Sorbifolin	inchikey	1	TRUE	TRUE	1.18821999990359e-05	0.0297054999975899
NARINGENIN-CMPD	9108	MassBank	BS003030	Naringenin	inchikey	1	TRUE	TRUE	2.65042999672005e-05	0.0662607499180012
CPD-11685	9109	MassBank	BS003312	Quercetin 4'-glucoside	inchikey_connectivity_formula_mass	2	FALSE	TRUE	2.38928000158012e-05	0.0514825100563623
CPD-11685	9110	MassBank	BS003314	Quercetin 4'-glucoside	inchikey_connectivity_formula_mass	2	FALSE	TRUE	2.38928000158012e-05	0.0514825100563623
CPD-9440	9111	MassBank	BS003000	8-Prenylnaringenin	inchikey	1	TRUE	TRUE	2.62474999885853e-05	0.0656187499714633
LINOLEIC_ACID	9117	MassBank	BS001066	Linoleic acid	inchikey_connectivity_formula_mass	2	FALSE	TRUE	3.02713999644766e-05	0.0756784999111915
APIGENIN-7-O-BETA-D-GLUCOSIDE	9118	MassBank	BS003715	Cosmosiin	inchikey_connectivity_formula_mass	2	FALSE	TRUE	3.13700002152473e-06	0.0072597987188983
CPD-7108	9122	MassBank	BS003092	Cohumulone	name_formula_mass	4	FALSE	TRUE	2.59906999531268e-05	0.0649767498828169
NARINGIN	9125	MassBank	BS003384	Naringin	inchikey	1	TRUE	TRUE	5.73659997371578e-06	0.00988763457392885
APIGENIN-7-O-BETA-D-GLUCOSIDE	9127	MassBank	BS003713	Cosmosiin	inchikey_connectivity_formula_mass	2	FALSE	TRUE	3.13700002152473e-06	0.0072597987188983
DIHYDROKAEMPFEROL-CMPD	9128	MassBank	BS003955	Dihydrokaempferol	name_formula_mass	4	TRUE	TRUE	1.18821999990359e-05	0.0297054999975899
CPD-7106	9129	MassBank	BS003095	Humulone	inchikey_connectivity_formula_mass	2	FALSE	TRUE	2.40735000147652e-05	0.0601837500369129
CPD-520	9130	MassBank	BS003390	Quercetin	inchikey_connectivity_formula_mass	2	FALSE	TRUE	4.73242999987633e-05	0.118310749996908
SCOPOLETIN	9132	MassBank	BS003274	Scopoletin	inchikey	1	TRUE	TRUE	4.12548000099378e-05	0.103137000024844
ONONIN	9135	MassBank	BS003488	Formononetin-7-O-glucoside (Ononin)	inchikey	1	TRUE	TRUE	1.76949000092463e-05	0.0411388390417189
CPD-10411	9136	MassBank	BS003949	(-)-Epigallocatechin	inchikey	1	TRUE	TRUE	2.80409994957154e-06	0.00701024987392884
CPD-4563	9137	MassBank	BS003320	Sissotrin	inchikey	1	TRUE	TRUE	3.07280004108179e-06	0.00688781293842429
CPD-83	9139	MassBank	BS003067	Resveratrol	inchikey	1	TRUE	TRUE	4.42515000145249e-05	0.110628750036312
CPD-15630	9140	MassBank	BS003681	Sorbifolin	inchikey	1	TRUE	TRUE	1.18821999990359e-05	0.0297054999975899
STEARIC_ACID	9142	MassBank	BS003932	Stearic acid	inchikey_connectivity_formula_mass	2	FALSE	TRUE	3.03997999822059e-05	0.0759994999555147
CPD-83	9143	MassBank	BS003071	Resveratrol	inchikey	1	TRUE	TRUE	4.42515000145249e-05	0.110628750036312
CPD-14496	9144	MassBank	BS003169	Ursolic acid	inchikey_connectivity_formula_mass	2	FALSE	TRUE	4.54071000035583e-05	0.0994983469982531
CPD-3041	9148	MassBank	BS003260	Isoliquiritigenin	inchikey	1	TRUE	TRUE	4.11263999922085e-05	0.102815999980521
CPD-7616	9153	MassBank	BS003264	3,4-Dihydroxybenzaldehyde	inchikey	1	TRUE	TRUE	5.94109999951797e-06	0.0148527499987949
CPD-8141	9156	MassBank	BS003021	7-Hydroxyflavone	inchikey	1	TRUE	TRUE	5.81269998178868e-06	0.0145317499544717
CPD-9483	9162	MassBank	BS003803	Medicagenic acid	inchikey_connectivity_formula_mass	2	FALSE	TRUE	3.92091999970035e-05	0.0780547523926313
CPD-7071	9163	MassBank	BS003788	Homoeriodictyol	inchikey_connectivity_formula_mass	2	FALSE	TRUE	3.8181999968856e-05	0.0954549999221399
CPD-7630	9165	MassBank	BS003426	Epicatechin	inchikey	1	TRUE	TRUE	3.8181999968856e-05	0.0954549999221399
CPD1F-90	9167	MassBank	BS003362	Kaempferol	inchikey_connectivity_formula_mass	2	FALSE	TRUE	3.80536000079701e-05	0.0951340000199252
CPD-7080	9169	MassBank	BS003555	Isosakuranetin	name_formula_mass	4	FALSE	TRUE	2.35599000006914e-05	0.0588997500017285
CPD-12724	9173	MassBank	BS003249	Baicalein	inchikey	1	TRUE	TRUE	2.34314999829621e-05	0.0585787499574053
CPD-7072	9175	MassBank	BS003471	Hesperetin	inchikey_connectivity_formula_mass	2	FALSE	TRUE	3.8181999968856e-05	0.0954549999221399
CPD-12726	9176	MassBank	BS003664	Scutellarein	inchikey	1	TRUE	TRUE	3.80536000079701e-05	0.0951340000199252
CPD-15083	9179	MassBank	BS003373	Orientin	inchikey_connectivity_formula_mass	2	FALSE	TRUE	3.85148999839657e-05	0.0859514655735293
DIHYDROKAEMPFEROL-CMPD	9184	MassBank	BS003957	Dihydrokaempferol	name_formula_mass	4	TRUE	TRUE	1.18821999990359e-05	0.0297054999975899
CPD-7252	9185	MassBank	BS003218	Kaempferide	inchikey_connectivity_formula_mass	2	FALSE	TRUE	1.18821999990359e-05	0.0297054999975899
DOCOSANOATE	9189	MassBank	BS003887	Behenic acid	inchikey_connectivity_formula_mass	2	FALSE	TRUE	3.06566000176645e-05	0.0766415000441611
CPD-4563	9190	MassBank	BS003317	Sissotrin	inchikey	1	TRUE	TRUE	3.07280004108179e-06	0.00688781293842429
CPD-6994	9194	MassBank	BS003467	Eriodictyol	inchikey_connectivity_formula_mass	2	FALSE	TRUE	1.18821999990359e-05	0.0297054999975899
CPD-7074	9199	MassBank	BS003652	Neohesperidin	name_formula_mass	4	TRUE	TRUE	2.95771000082823e-05	0.0484719696100174
CPD-19531	9202	MassBank	BS003340	Morin	inchikey	1	TRUE	TRUE	4.73242999987633e-05	0.118310749996908
CPD-3421	9204	MassBank	BS003065	Genistin	inchikey	1	TRUE	TRUE	4.68630000227677e-05	0.108452644308131
CPD-14496	9207	MassBank	BS003171	Ursolic acid	inchikey_connectivity_formula_mass	2	FALSE	TRUE	4.54071000035583e-05	0.0994983469982531
CPD-4562	9211	MassBank	BS001014	6'-Malonyl Ononin (NMR)	inchikey_connectivity_formula_mass	2	FALSE	TRUE	2.37643999980719e-05	0.0460437262553958
CPD-4402	9219	MassBank	BS003348	Demethyl medicarpin	inchikey	1	TRUE	TRUE	4.11263999922085e-05	0.102815999980521
CPD-6994	9225	MassBank	BS003468	Eriodictyol	inchikey_connectivity_formula_mass	2	FALSE	TRUE	1.18821999990359e-05	0.0297054999975899
NARINGENIN-7-O-BETA-D-GLUCOSIDE	9228	MassBank	BS003369	Naringenin-7-O-glucoside	inchikey	1	TRUE	TRUE	3.07280004108179e-06	0.0070782061668748
CPD-9245	9234	MassBank	BS003995	Palmitoleic acid	inchikey_connectivity_formula_mass	2	FALSE	TRUE	1.97928000034153e-05	0.0494820000085383
CPD-8184	9243	MassBank	BS003012	5,7-Dihydroxyflavone	inchikey_connectivity_formula_mass	2	FALSE	TRUE	8.80940001479757e-06	0.0220235000369939
RUTIN	9246	MassBank	BS003074	Rutin	inchikey_connectivity_formula_mass	2	FALSE	TRUE	1.5083400057847e-05	0.0247206693115514
APIGENIN-7-O-NEOHESPERIDOSIDE	9248	MassBank	BS003269	Apigenin 7-O-beta-D-rutinoside	inchikey_connectivity_formula_mass	2	FALSE	TRUE	4.43275999941761e-05	0.0766696543897919
7-O-BETA-D-APIOFURANOSYL-12-BETA-D-GLU	9252	MassBank	BS003829	Apiin	name_formula_mass	4	FALSE	TRUE	5.60819989914307e-06	0.00994100987239676
CPD-9245	9256	MassBank	BS003994	Palmitoleic acid	inchikey_connectivity_formula_mass	2	FALSE	TRUE	1.97928000034153e-05	0.0494820000085383
CPD-8186	9257	MassBank	BS003402	Umbelliferone	inchikey	1	TRUE	TRUE	5.94109999951797e-06	0.0148527499987949
SCOPOLETIN	9258	MassBank	BS003271	Scopoletin	inchikey	1	TRUE	TRUE	4.12548000099378e-05	0.103137000024844
CPD-15291	9261	MassBank	BS003900	Epigallocatechin gallate	inchikey	1	TRUE	TRUE	1.42090004828788e-06	0.00310182678551994
CPD-15063	9265	MassBank	BS003569	Scutellarein-7-glucuronide	inchikey_connectivity_formula_mass	2	FALSE	TRUE	2.60430000480483e-05	0.0563603918203189
CPD-7836	9268	MassBank	BS003876	Myristic acid	inchikey_connectivity_formula_mass	2	FALSE	TRUE	3.01430000035907e-05	0.0753575000089768
CPD-4123	9271	MassBank	BS001021	6'-Malonyl-3-Glu Medicarpin (NMR)	inchikey_connectivity_formula_mass	2	FALSE	TRUE	2.62998000835069e-05	0.0507578587442088
CPD-7071	9272	MassBank	BS003785	Homoeriodictyol	inchikey_connectivity_formula_mass	2	FALSE	TRUE	3.8181999968856e-05	0.0954549999221399
CPD-15486	9273	MassBank	BS003746	Genkwanin	inchikey	1	TRUE	TRUE	2.65042999672005e-05	0.0662607499180012
CPD-8117	9274	MassBank	BS003975	gamma-Linolenic acid	inchikey_connectivity_formula_mass	2	FALSE	TRUE	1.97928000034153e-05	0.0494820000085383
CPD-110	9275	MassBank	BS003128	Salicylic acid	inchikey_connectivity_formula_mass	2	FALSE	TRUE	5.94109999951797e-06	0.0148527499987949
7-O-BETA-D-APIOFURANOSYL-12-BETA-D-GLU	9278	MassBank	BS003826	Apiin	name_formula_mass	4	FALSE	TRUE	5.60819989914307e-06	0.00994100987239676
CPD-590	9290	MassBank	BS003922	2,3-Trans-3,4-cis-Leucocyanidin	inchikey	1	TRUE	TRUE	4.71959000378774e-05	0.117989750094694
NARINGENIN-CMPD	9292	MassBank	BS003028	Naringenin	inchikey	1	TRUE	TRUE	2.65042999672005e-05	0.0662607499180012
OLEATE-CPD	9295	MassBank	BS003989	Oleic acid	inchikey_connectivity_formula_mass	2	FALSE	TRUE	1.9664399985686e-05	0.0491609999642151
PALMITATE	9297	MassBank	BS001077	Palmitic acid	inchikey_connectivity_formula_mass	2	FALSE	TRUE	3.02713999644766e-05	0.0756784999111915
CPD-7108	9305	MassBank	BS003090	Cohumulone	name_formula_mass	4	FALSE	TRUE	2.59906999531268e-05	0.0649767498828169
CPD-7630	9308	MassBank	BS003424	Epicatechin	inchikey	1	TRUE	TRUE	3.8181999968856e-05	0.0954549999221399
CPD-15486	9309	MassBank	BS003748	Genkwanin	inchikey	1	TRUE	TRUE	2.65042999672005e-05	0.0662607499180012
CPD-7075	9310	MassBank	BS003859	Hesperidin	inchikey	1	TRUE	TRUE	4.22900029661832e-07	0.000693063125867771
CPD-3617	9316	MassBank	BS003870	Capric acid	inchikey_connectivity_formula_mass	2	FALSE	TRUE	2.98861999965538e-05	0.0747154999913846
CPD-15291	9319	MassBank	BS003899	Epigallocatechin gallate	inchikey	1	TRUE	TRUE	1.42090004828788e-06	0.00310182678551994
CPD-3628	9320	MassBank	BS003051	Pseudobaptigenin	inchikey	1	TRUE	TRUE	2.34314999829621e-05	0.0585787499574053
CPD-12724	9323	MassBank	BS003250	Baicalein	inchikey	1	TRUE	TRUE	2.34314999829621e-05	0.0585787499574053
CPD-15063	9324	MassBank	BS003570	Scutellarein-7-glucuronide	inchikey_connectivity_formula_mass	2	FALSE	TRUE	2.60430000480483e-05	0.0563603918203189
CPD-8007	9325	MassBank	BS003845	Kaempferol 7-glucoside	inchikey_connectivity_formula_mass	2	FALSE	TRUE	0.000438514899997244	0.978608235936847
CPD-7110	9329	MassBank	BS003131	Lupulone	name_formula_mass	4	FALSE	TRUE	9.70820002521577e-06	0.0234340786423409
ONONIN	9330	MassBank	BS003485	Formononetin-7-O-glucoside (Ononin)	inchikey	1	TRUE	TRUE	1.76949000092463e-05	0.0411388390417189
CPD1F-90	9332	MassBank	BS003361	Kaempferol	inchikey_connectivity_formula_mass	2	FALSE	TRUE	3.80536000079701e-05	0.0951340000199252
ARACHIDONIC_ACID	9338	MassBank	BS003982	Arachidonic acid	inchikey_connectivity_formula_mass	2	FALSE	TRUE	2.71399983375886e-07	0.000678499958439716
CPD-590	9339	MassBank	BS003921	2,3-Trans-3,4-cis-Leucocyanidin	inchikey	1	TRUE	TRUE	4.71959000378774e-05	0.117989750094694
CPD-3141	9344	MassBank	BS003057	Genistein	inchikey_connectivity_formula_mass	2	FALSE	TRUE	2.34314999829621e-05	0.0585787499574053
CPD-9245	9345	MassBank	BS004015	Palmitelaidic acid	name_formula_mass	4	FALSE	TRUE	1.97928000034153e-05	0.0494820000085383
DAIDZEIN	9347	MassBank	BS003042	Daidzein	inchikey	1	TRUE	TRUE	8.80940001479757e-06	0.0220235000369939
DOCOSANOATE	9350	MassBank	BS003889	Behenic acid	inchikey_connectivity_formula_mass	2	FALSE	TRUE	3.06566000176645e-05	0.0766415000441611
CPD-10411	9352	MassBank	BS003950	(-)-Epigallocatechin	inchikey	1	TRUE	TRUE	2.80409994957154e-06	0.00701024987392884
CPD-520	9354	MassBank	BS003389	Quercetin	inchikey_connectivity_formula_mass	2	FALSE	TRUE	4.73242999987633e-05	0.118310749996908
CPD-83	9356	MassBank	BS003070	Resveratrol	inchikey	1	TRUE	TRUE	4.42515000145249e-05	0.110628750036312
CPD-9245	9358	MassBank	BS004016	Palmitelaidic acid	name_formula_mass	4	FALSE	TRUE	1.97928000034153e-05	0.0494820000085383
CPD-3521	9359	MassBank	BS003054	Prunetin	inchikey	1	TRUE	TRUE	2.65042999672005e-05	0.0662607499180012
CPD-12726	9364	MassBank	BS003662	Scutellarein	inchikey	1	TRUE	TRUE	3.80536000079701e-05	0.0951340000199252
CPD-4402	9366	MassBank	BS003347	Demethyl medicarpin	inchikey	1	TRUE	TRUE	4.11263999922085e-05	0.102815999980521
CPD-15083	9368	MassBank	BS003372	Orientin	inchikey_connectivity_formula_mass	2	FALSE	TRUE	3.85148999839657e-05	0.0859514655735293
CPD-7074	9370	MassBank	BS003655	Neohesperidin	name_formula_mass	4	TRUE	TRUE	2.95771000082823e-05	0.0484719696100174
CPD-9245	9371	MassBank	BS004013	Palmitelaidic acid	name_formula_mass	4	FALSE	TRUE	1.97928000034153e-05	0.0494820000085383
CPD-83	9373	MassBank	BS003068	Resveratrol	inchikey	1	TRUE	TRUE	4.42515000145249e-05	0.110628750036312
574-TRIHYDROXY-3-METHOXYFLAVONE	9374	MassBank	BS003345	Chrysoeriol	inchikey_connectivity_formula_mass	2	FALSE	TRUE	1.18821999990359e-05	0.0297054999975899
CPD-3421	9375	MassBank	BS003061	Genistin	inchikey	1	TRUE	TRUE	4.68630000227677e-05	0.108452644308131
CPD-8186	9382	MassBank	BS003399	Umbelliferone	inchikey	1	TRUE	TRUE	5.94109999951797e-06	0.0148527499987949
CPD-10347	9386	MassBank	BS003666	Saponarin	inchikey	1	TRUE	TRUE	2.97054999691682e-05	0.049995921045179
CPD-7075	9388	MassBank	BS003857	Hesperidin	inchikey	1	TRUE	TRUE	4.22900029661832e-07	0.000693063125867771
NARINGIN	9393	MassBank	BS003381	Naringin	inchikey	1	TRUE	TRUE	5.73659997371578e-06	0.00988763457392885
CPD-8184	9394	MassBank	BS003011	5,7-Dihydroxyflavone	inchikey_connectivity_formula_mass	2	FALSE	TRUE	8.80940001479757e-06	0.0220235000369939
CPD-9440	9396	MassBank	BS003001	8-Prenylnaringenin	inchikey	1	TRUE	TRUE	2.62474999885853e-05	0.0656187499714633
CPD-7080	9397	MassBank	BS003556	Isosakuranetin	name_formula_mass	4	FALSE	TRUE	2.35599000006914e-05	0.0588997500017285
PALMITATE	9402	MassBank	BS001078	Palmitic acid	inchikey_connectivity_formula_mass	2	FALSE	TRUE	3.02713999644766e-05	0.0756784999111915
CPD-8186	9404	MassBank	BS003403	Umbelliferone	inchikey	1	TRUE	TRUE	5.94109999951797e-06	0.0148527499987949
VANILLATE	9406	MassBank	BS003126	Vanillic acid	inchikey_connectivity_formula_mass	2	FALSE	TRUE	4.12548000099378e-05	0.103137000024844
CPD-7075	9414	MassBank	BS003862	Hesperidin	inchikey	1	TRUE	TRUE	4.22900029661832e-07	0.000693063125867771
PALMITATE	9417	MassBank	BS001075	Palmitic acid	inchikey_connectivity_formula_mass	2	FALSE	TRUE	3.02713999644766e-05	0.0756784999111915
CPD-15083	9420	MassBank	BS003375	Orientin	inchikey_connectivity_formula_mass	2	FALSE	TRUE	3.85148999839657e-05	0.0859514655735293
VITEXIN	9421	MassBank	BS003309	Vitexin 6''-O-malonyl 2''-O-xyloside	inchikey_connectivity_formula_mass	2	FALSE	TRUE	4.68630000227677e-05	0.108452644308131
CPD-15630	9422	MassBank	BS003678	Sorbifolin	inchikey	1	TRUE	TRUE	1.18821999990359e-05	0.0297054999975899
NARINGENIN-CMPD	9424	MassBank	BS003026	Naringenin	inchikey	1	TRUE	TRUE	2.65042999672005e-05	0.0662607499180012
FORMONONETIN	9427	MassBank	BS003358	Formononetin	inchikey	1	TRUE	TRUE	4.11263999922085e-05	0.102815999980521
VITEXIN	9428	MassBank	BS003307	Vitexin 6''-O-malonyl 2''-O-xyloside	inchikey_connectivity_formula_mass	2	FALSE	TRUE	4.68630000227677e-05	0.108452644308131
CPD1F-453	9432	MassBank	BS003479	Astragalin	inchikey_connectivity_formula_mass	2	FALSE	TRUE	3.85148999839657e-05	0.0859514655735293
ONONIN	9436	MassBank	BS003482	Formononetin-7-O-glucoside (Ononin)	inchikey	1	TRUE	TRUE	1.76949000092463e-05	0.0411388390417189
CPD-8184	9437	MassBank	BS003010	5,7-Dihydroxyflavone	inchikey_connectivity_formula_mass	2	FALSE	TRUE	8.80940001479757e-06	0.0220235000369939
CPD-431	9439	MassBank	BS003048	Apigenin	inchikey_connectivity_formula_mass	2	FALSE	TRUE	2.34314999829621e-05	0.0585787499574053
DIHYDROKAEMPFEROL-CMPD	9440	MassBank	BS003959	Dihydrokaempferol	name_formula_mass	4	TRUE	TRUE	1.18821999990359e-05	0.0297054999975899
CPD-8007	9443	MassBank	BS003840	Kaempferol 7-glucoside	inchikey_connectivity_formula_mass	2	FALSE	TRUE	0.000438514899997244	0.978608235936847
CPD-7108	9447	MassBank	BS003093	Cohumulone	name_formula_mass	4	FALSE	TRUE	2.59906999531268e-05	0.0649767498828169
CPD-9440	9448	MassBank	BS003002	8-Prenylnaringenin	inchikey	1	TRUE	TRUE	2.62474999885853e-05	0.0656187499714633
CPD-7080	9449	MassBank	BS003558	Isosakuranetin	name_formula_mass	4	FALSE	TRUE	2.35599000006914e-05	0.0588997500017285
CPD-15468	9450	MassBank	BS003640	Nevadensin	inchikey	1	TRUE	TRUE	2.86829998685789e-06	0.00717074996714473
CPD-15468	9451	MassBank	BS003644	Nevadensin	inchikey	1	TRUE	TRUE	2.86829998685789e-06	0.00717074996714473
CPD-6998	9453	MassBank	BS003284	6-Hydroxydaidzein	inchikey	1	TRUE	TRUE	2.34314999829621e-05	0.0585787499574053
CPD-11685	9454	MassBank	BS003310	Quercetin 4'-glucoside	inchikey_connectivity_formula_mass	2	FALSE	TRUE	2.38928000158012e-05	0.0514825100563623
CPD-7074	9455	MassBank	BS003651	Neohesperidin	name_formula_mass	4	TRUE	TRUE	2.95771000082823e-05	0.0484719696100174
APIGENIN-7-O-NEOHESPERIDOSIDE	9457	MassBank	BS003718	Apigenin 7-O-beta-D-rutinoside	inchikey_connectivity_formula_mass	2	FALSE	TRUE	4.43275999941761e-05	0.0766696543897919
CPD-8007	9461	MassBank	BS003842	Kaempferol 7-glucoside	inchikey_connectivity_formula_mass	2	FALSE	TRUE	0.000438514899997244	0.978608235936847
CPD-8117	9464	MassBank	BS003973	gamma-Linolenic acid	inchikey_connectivity_formula_mass	2	FALSE	TRUE	1.97928000034153e-05	0.0494820000085383
CPD-431	9467	MassBank	BS003047	Apigenin	inchikey_connectivity_formula_mass	2	FALSE	TRUE	2.34314999829621e-05	0.0585787499574053
CPD-1961	9473	MassBank	BS003015	Catechin	inchikey	1	TRUE	TRUE	3.8181999968856e-05	0.0954549999221399
CPD-1961	9481	MassBank	BS003013	Catechin	inchikey	1	TRUE	TRUE	3.8181999968856e-05	0.0954549999221399
ONONIN	9482	MassBank	BS003483	Formononetin-7-O-glucoside (Ononin)	inchikey	1	TRUE	TRUE	1.76949000092463e-05	0.0411388390417189
CPD-15083	9485	MassBank	BS003376	Orientin	inchikey_connectivity_formula_mass	2	FALSE	TRUE	3.85148999839657e-05	0.0859514655735293
CPD-3061	9488	MassBank	BS003365	Liquiritigenin	inchikey	1	TRUE	TRUE	4.11263999922085e-05	0.102815999980521
DIHYDROKAEMPFEROL-CMPD	9491	MassBank	BS003956	Dihydrokaempferol	name_formula_mass	4	TRUE	TRUE	1.18821999990359e-05	0.0297054999975899
CPD-7252	9493	MassBank	BS003221	Kaempferide	inchikey_connectivity_formula_mass	2	FALSE	TRUE	1.18821999990359e-05	0.0297054999975899
SCOPOLETIN	9496	MassBank	BS003272	Scopoletin	inchikey	1	TRUE	TRUE	4.12548000099378e-05	0.103137000024844
CPD-7616	9497	MassBank	BS003265	3,4-Dihydroxybenzaldehyde	inchikey	1	TRUE	TRUE	5.94109999951797e-06	0.0148527499987949
OLEATE-CPD	9501	MassBank	BS003991	Oleic acid	inchikey_connectivity_formula_mass	2	FALSE	TRUE	1.9664399985686e-05	0.0491609999642151
CPD-3421	9509	MassBank	BS003062	Genistin	inchikey	1	TRUE	TRUE	4.68630000227677e-05	0.108452644308131
CPD-6994	9517	MassBank	BS003463	Eriodictyol	inchikey_connectivity_formula_mass	2	FALSE	TRUE	1.18821999990359e-05	0.0297054999975899
CPD-182	9518	MassBank	BS003115	4-Methylumbelliferone	inchikey	1	TRUE	TRUE	4.41230999967956e-05	0.110307749991989
CPD-3421	9522	MassBank	BS003064	Genistin	inchikey	1	TRUE	TRUE	4.68630000227677e-05	0.108452644308131
CPD-6994	9525	MassBank	BS003466	Eriodictyol	inchikey_connectivity_formula_mass	2	FALSE	TRUE	1.18821999990359e-05	0.0297054999975899
CPD-15063	9526	MassBank	BS003567	Scutellarein-7-glucuronide	inchikey_connectivity_formula_mass	2	FALSE	TRUE	2.60430000480483e-05	0.0563603918203189
CPD-110	9528	MassBank	BS003127	Salicylic acid	inchikey_connectivity_formula_mass	2	FALSE	TRUE	5.94109999951797e-06	0.0148527499987949
CPD-3421	9530	MassBank	BS003066	Genistin	inchikey	1	TRUE	TRUE	4.68630000227677e-05	0.108452644308131
CPD-3424	9532	MassBank	BS003832	Daidzin	inchikey	1	TRUE	TRUE	2.240900016659e-06	0.00538534539734406
CPD-11779	9538	MassBank	BS003256	Coumesterol	inchikey	1	TRUE	TRUE	2.66326999849298e-05	0.0665817499623245
FORMONONETIN	9543	MassBank	BS003354	Formononetin	inchikey	1	TRUE	TRUE	4.11263999922085e-05	0.102815999980521
CPD-3628	9546	MassBank	BS003049	Pseudobaptigenin	inchikey	1	TRUE	TRUE	2.34314999829621e-05	0.0585787499574053
FORMONONETIN	9547	MassBank	BS003357	Formononetin	inchikey	1	TRUE	TRUE	4.11263999922085e-05	0.102815999980521
VITEXIN	9549	MassBank	BS003306	Vitexin 6''-O-malonyl 2''-O-xyloside	inchikey_connectivity_formula_mass	2	FALSE	TRUE	4.68630000227677e-05	0.108452644308131
BIOCHANIN-A	9550	MassBank	BS003039	Biochanin A	inchikey_connectivity_formula_mass	2	FALSE	TRUE	2.65042999672005e-05	0.0662607499180012
CPD-11779	9551	MassBank	BS003254	Coumesterol	inchikey	1	TRUE	TRUE	2.66326999849298e-05	0.0665817499623245
CPD-7836	9553	MassBank	BS003879	Myristic acid	inchikey_connectivity_formula_mass	2	FALSE	TRUE	3.01430000035907e-05	0.0753575000089768
CPD-8117	9564	MassBank	BS003974	gamma-Linolenic acid	inchikey_connectivity_formula_mass	2	FALSE	TRUE	1.97928000034153e-05	0.0494820000085383
CPD-4563	9565	MassBank	BS003327	Sissotrin	inchikey	1	TRUE	TRUE	3.07280004108179e-06	0.00688781293842429
CPD-8117	9575	MassBank	BS003977	gamma-Linolenic acid	inchikey_connectivity_formula_mass	2	FALSE	TRUE	1.97928000034153e-05	0.0494820000085383
CPD-11779	9577	MassBank	BS003252	Coumesterol	inchikey	1	TRUE	TRUE	2.66326999849298e-05	0.0665817499623245
CPD-7080	9578	MassBank	BS003552	Isosakuranetin	name_formula_mass	4	FALSE	TRUE	2.35599000006914e-05	0.0588997500017285
CPD-474	9580	MassBank	BS003045	(+)-taxifolin	inchikey_connectivity_formula_mass	2	FALSE	TRUE	2.73990002597202e-06	0.00684975006493005
CPD-10411	9587	MassBank	BS003952	(-)-Epigallocatechin	inchikey	1	TRUE	TRUE	2.80409994957154e-06	0.00701024987392884
FORMONONETIN	9590	MassBank	BS003356	Formononetin	inchikey	1	TRUE	TRUE	4.11263999922085e-05	0.102815999980521
7-O-BETA-D-APIOFURANOSYL-12-BETA-D-GLU	9592	MassBank	BS003827	Apiin	name_formula_mass	4	FALSE	TRUE	5.60819989914307e-06	0.00994100987239676
CPD-4402	9597	MassBank	BS003350	Demethyl medicarpin	inchikey	1	TRUE	TRUE	4.11263999922085e-05	0.102815999980521
CPD-3424	9601	MassBank	BS003835	Daidzin	inchikey	1	TRUE	TRUE	2.240900016659e-06	0.00538534539734406
NARINGIN	9607	MassBank	BS003386	Naringin	inchikey	1	TRUE	TRUE	5.73659997371578e-06	0.00988763457392885
LINOLENIC_ACID	9611	MassBank	BS001070	alpha-Linolenic acid	inchikey_connectivity_formula_mass	2	FALSE	TRUE	1.97928000034153e-05	0.0494820000085383
CPD-7071	9612	MassBank	BS003787	Homoeriodictyol	inchikey_connectivity_formula_mass	2	FALSE	TRUE	3.8181999968856e-05	0.0954549999221399
CPD-11779	9614	MassBank	BS003251	Coumesterol	inchikey	1	TRUE	TRUE	2.66326999849298e-05	0.0665817499623245
CPD1F-462	9615	MassBank	BS001024	Kaempferitrin	inchikey	1	TRUE	TRUE	4.32759998147958e-06	0.00748507915973122
CPD-7106	9617	MassBank	BS003097	Humulone	inchikey_connectivity_formula_mass	2	FALSE	TRUE	2.40735000147652e-05	0.0601837500369129
VANILLATE	9618	MassBank	BS003125	Vanillic acid	inchikey_connectivity_formula_mass	2	FALSE	TRUE	4.12548000099378e-05	0.103137000024844
OLEATE-CPD	9619	MassBank	BS003990	Oleic acid	inchikey_connectivity_formula_mass	2	FALSE	TRUE	1.9664399985686e-05	0.0491609999642151
CPD-9483	9621	MassBank	BS003799	Medicagenic acid	inchikey_connectivity_formula_mass	2	FALSE	TRUE	3.92091999970035e-05	0.0780547523926313
RUTIN	9623	MassBank	BS003075	Rutin	inchikey_connectivity_formula_mass	2	FALSE	TRUE	1.5083400057847e-05	0.0247206693115514
MYRICETIN	9626	MassBank	BS003380	Myricetin	inchikey_connectivity_formula_mass	2	FALSE	TRUE	3.27021999737553e-05	0.0817554999343884
CPD1F-90	9627	MassBank	BS003360	Kaempferol	inchikey_connectivity_formula_mass	2	FALSE	TRUE	3.80536000079701e-05	0.0951340000199252
CPD-4563	9631	MassBank	BS003316	Sissotrin	inchikey	1	TRUE	TRUE	3.07280004108179e-06	0.00688781293842429
NARINGENIN-7-O-BETA-D-GLUCOSIDE	9632	MassBank	BS003367	Naringenin-7-O-glucoside	inchikey	1	TRUE	TRUE	3.07280004108179e-06	0.0070782061668748
CPD-10347	9634	MassBank	BS003668	Saponarin	inchikey	1	TRUE	TRUE	2.97054999691682e-05	0.049995921045179
CPD-590	9635	MassBank	BS003924	2,3-Trans-3,4-cis-Leucocyanidin	inchikey	1	TRUE	TRUE	4.71959000378774e-05	0.117989750094694
CPD-7110	9636	MassBank	BS003132	Lupulone	name_formula_mass	4	FALSE	TRUE	9.70820002521577e-06	0.0234340786423409
CPD-7119	9638	MassBank	BS003122	Xanthohumol	inchikey_connectivity_formula_mass	2	FALSE	TRUE	2.38166999793066e-05	0.0595417499482664
APIGENIN-7-O-BETA-D-GLUCOSIDE	9642	MassBank	BS003712	Cosmosiin	inchikey_connectivity_formula_mass	2	FALSE	TRUE	3.13700002152473e-06	0.0072597987188983
CPD-590	9650	MassBank	BS003923	2,3-Trans-3,4-cis-Leucocyanidin	inchikey	1	TRUE	TRUE	4.71959000378774e-05	0.117989750094694
NARINGIN	9652	MassBank	BS003382	Naringin	inchikey	1	TRUE	TRUE	5.73659997371578e-06	0.00988763457392885
3-PHENYLPROPIONATE	9655	MassBank	BS003136	Hydrocinnamic acid	inchikey_connectivity_formula_mass	2	FALSE	TRUE	2.04347999783749e-05	0.0510869999459374
CPD-15063	9656	MassBank	BS003566	Scutellarein-7-glucuronide	inchikey_connectivity_formula_mass	2	FALSE	TRUE	2.60430000480483e-05	0.0563603918203189
CPD-9245	9657	MassBank	BS004014	Palmitelaidic acid	name_formula_mass	4	FALSE	TRUE	1.97928000034153e-05	0.0494820000085383
5734-TETRAHYDROXYFLAVONE	9659	MassBank	BS003098	Luteolin	inchikey_connectivity_formula_mass	2	FALSE	TRUE	3.80536000079701e-05	0.0951340000199252
APIGENIN-7-O-NEOHESPERIDOSIDE	9663	MassBank	BS003721	Apigenin 7-O-beta-D-rutinoside	inchikey_connectivity_formula_mass	2	FALSE	TRUE	4.43275999941761e-05	0.0766696543897919
CPD-9245	9665	MassBank	BS004012	Palmitelaidic acid	name_formula_mass	4	FALSE	TRUE	1.97928000034153e-05	0.0494820000085383
NARINGENIN-CMPD	9668	MassBank	BS003029	Naringenin	inchikey	1	TRUE	TRUE	2.65042999672005e-05	0.0662607499180012
CPD1F-453	9672	MassBank	BS003478	Astragalin	inchikey_connectivity_formula_mass	2	FALSE	TRUE	3.85148999839657e-05	0.0859514655735293
CPD-6998	9676	MassBank	BS003283	6-Hydroxydaidzein	inchikey	1	TRUE	TRUE	2.34314999829621e-05	0.0585787499574053
CPD-3061	9677	MassBank	BS003364	Liquiritigenin	inchikey	1	TRUE	TRUE	4.11263999922085e-05	0.102815999980521
CPD-12570	9680	MassBank	BS003278	Tricetin	inchikey_connectivity_formula_mass	2	FALSE	TRUE	4.73242999987633e-05	0.118310749996908
CPD-14496	9681	MassBank	BS003173	Ursolic acid	inchikey_connectivity_formula_mass	2	FALSE	TRUE	4.54071000035583e-05	0.0994983469982531
ONONIN	9683	MassBank	BS003484	Formononetin-7-O-glucoside (Ononin)	inchikey	1	TRUE	TRUE	1.76949000092463e-05	0.0411388390417189
CPD-15630	9684	MassBank	BS003680	Sorbifolin	inchikey	1	TRUE	TRUE	1.18821999990359e-05	0.0297054999975899
CPD-10347	9686	MassBank	BS003669	Saponarin	inchikey	1	TRUE	TRUE	2.97054999691682e-05	0.049995921045179
CPD-4563	9689	MassBank	BS003326	Sissotrin	inchikey	1	TRUE	TRUE	3.07280004108179e-06	0.00688781293842429
CPD-7252	9690	MassBank	BS003220	Kaempferide	inchikey_connectivity_formula_mass	2	FALSE	TRUE	1.18821999990359e-05	0.0297054999975899
CPD-12724	9691	MassBank	BS003248	Baicalein	inchikey	1	TRUE	TRUE	2.34314999829621e-05	0.0585787499574053
7-O-BETA-D-APIOFURANOSYL-12-BETA-D-GLU	9693	MassBank	BS003825	Apiin	name_formula_mass	4	FALSE	TRUE	5.60819989914307e-06	0.00994100987239676
CPD-7252	9697	MassBank	BS003223	Kaempferide	inchikey_connectivity_formula_mass	2	FALSE	TRUE	1.18821999990359e-05	0.0297054999975899
CPD-8138	9704	MassBank	BS003019	6-Hydroxyflavone	inchikey	1	TRUE	TRUE	5.81269998178868e-06	0.0145317499544717
CPD-9440	9706	MassBank	BS003003	8-Prenylnaringenin	inchikey	1	TRUE	TRUE	2.62474999885853e-05	0.0656187499714633
LINOLENIC_ACID	9712	MassBank	BS001071	alpha-Linolenic acid	inchikey_connectivity_formula_mass	2	FALSE	TRUE	1.97928000034153e-05	0.0494820000085383
BIOCHANIN-A	9716	MassBank	BS003037	Biochanin A	inchikey_connectivity_formula_mass	2	FALSE	TRUE	2.65042999672005e-05	0.0662607499180012
CPD-83	9717	MassBank	BS003069	Resveratrol	inchikey	1	TRUE	TRUE	4.42515000145249e-05	0.110628750036312
CPD-7108	9725	MassBank	BS003091	Cohumulone	name_formula_mass	4	FALSE	TRUE	2.59906999531268e-05	0.0649767498828169
LINOLEIC_ACID	9728	MassBank	BS003984	Linoelaidic acid	name_formula_mass	4	FALSE	TRUE	3.02713999644766e-05	0.0756784999111915
CPD-9481	9734	MassBank	BS003239	Hederagenin	inchikey_connectivity_formula_mass	2	FALSE	TRUE	3.99708000031751e-05	0.0846202072582069
NARINGENIN-CMPD	9736	MassBank	BS003032	Naringenin	inchikey	1	TRUE	TRUE	2.65042999672005e-05	0.0662607499180012
CPD-14976	9737	MassBank	BS003232	Tiliroside	inchikey	1	TRUE	TRUE	4.0921899994828e-05	0.0688761624228685
CPD-12570	9742	MassBank	BS003277	Tricetin	inchikey_connectivity_formula_mass	2	FALSE	TRUE	4.73242999987633e-05	0.118310749996908
NARINGIN	9743	MassBank	BS003383	Naringin	inchikey	1	TRUE	TRUE	5.73659997371578e-06	0.00988763457392885
CPD-15083	9748	MassBank	BS003371	Orientin	inchikey_connectivity_formula_mass	2	FALSE	TRUE	3.85148999839657e-05	0.0859514655735293
CPD-14976	9752	MassBank	BS003230	Tiliroside	inchikey	1	TRUE	TRUE	4.0921899994828e-05	0.0688761624228685
CPD-12570	9754	MassBank	BS003276	Tricetin	inchikey_connectivity_formula_mass	2	FALSE	TRUE	4.73242999987633e-05	0.118310749996908
12-BIS-O-SINAPOYL-BETA-D-GLUCOSIDE	9779	MassBank	SMI00021	1,2-Di-O-sinapoyl-beta-D-glucose	inchikey	1	TRUE	TRUE	0.000205736600037199	0.347422871394626
CPD-8766	9831	MassBank	SM878551	2(3H)-Benzothiazolethione	inchikey	1	TRUE	TRUE	5.45699975873504e-07	0.00136424993968376
DAIDZEIN	9834	MassBank	SM882851	Daidzein	inchikey	1	TRUE	TRUE	1.19059998837656e-06	0.0029764999709414
ANTHRANILATE	9858	MassBank	SM884401	2-Aminobenzoic acid	inchikey_connectivity_formula_mass	2	FALSE	TRUE	1.52590001789576e-06	0.00381475004473941
CPD-20520	9865	MassBank	SM851903	Fluvoxamine	inchikey	1	FALSE	TRUE	2.52870000849725e-06	0.00632175002124313
BENZIMIDAZOLE	9902	MassBank	SM812005	Benzimidazole	inchikey	1	TRUE	TRUE	1.79699999591776e-06	0.0044924999897944
PIPERIDINE	9922	MassBank	SM837103	Piperidine	inchikey_connectivity_formula_mass	2	FALSE	TRUE	6.41699998027434e-07	0.00160424999506859
PROGESTERONE	9925	MassBank	SM872401	Progesterone	name_formula_mass	4	TRUE	TRUE	2.0720000293295e-07	0.000518000007332375
THRYROXINE	9978	MassBank	SM852253	L-Thyroxine	name_formula_mass	4	FALSE	TRUE	2.01533000563359e-05	0.0259477863844835
CPD-8766	10000	MassBank	SM820603	2(3H)-Benzothiazolethione	inchikey	1	TRUE	TRUE	5.45699975873504e-07	0.00136424993968376
CPD-8819	10013	MassBank	SM816201	2,2'-Bipyridine	inchikey	1	TRUE	TRUE	1.73279997284226e-06	0.00433199993210565
CPD-12479	10065	MassBank	SM815601	Theophylline	inchikey	1	TRUE	TRUE	4.47819999749299e-06	0.0111954999937325
CPD-4503	10096	MassBank	SM857403	Ketoconazole	inchikey	1	FALSE	FALSE	8.27999997454754e-07	0.00156182577162222
CPD-8766	10098	MassBank	SM878502	2(3H)-Benzothiazolethione	inchikey	1	TRUE	TRUE	5.45699975873504e-07	0.00136424993968376
CPD0-1491	10099	MassBank	SM810703	Amitrole	inchikey	1	TRUE	TRUE	3.85079999887239e-06	0.00962699999718097
ALIZARIN	10107	MassBank	SM802851	Alizarin	inchikey	1	TRUE	TRUE	1.25479999724121e-06	0.00313699999310302
CPD-11884	10109	MassBank	SM821404	4-Methoxycinnamic acid	inchikey_connectivity_formula_mass	2	FALSE	TRUE	4.18729996454204e-06	0.0104682499113551
ANTHRANILATE	10112	MassBank	SM800901	2-Aminobenzoic acid	inchikey_connectivity_formula_mass	2	FALSE	TRUE	1.52590001789576e-06	0.00381475004473941
CPD-3141	10135	MassBank	SM882702	Genistein	inchikey_connectivity_formula_mass	2	FALSE	TRUE	3.43149997661385e-06	0.00857874994153462
ANILINE	10138	MassBank	SM806006	Aniline	inchikey	1	TRUE	TRUE	7.7010000154587e-07	0.00192525000386468
CPD-303	10147	MassBank	SM826601	Cyclohexylamine	inchikey_connectivity_formula_mass	2	FALSE	TRUE	5.77500003373643e-07	0.00144375000843411
BUTYLAMINE	10164	MassBank	SM817603	1-Butylamine	inchikey_connectivity_formula_mass	2	FALSE	TRUE	6.41699998027434e-07	0.00160424999506859
CPD-12479	10165	MassBank	SM815654	Theophylline	inchikey	1	TRUE	TRUE	4.47819999749299e-06	0.0111954999937325
Coumarins	10178	MassBank	SM817901	Coumarin	inchikey	1	TRUE	TRUE	5.63199989755958e-07	0.0014079999743899
COUMARIN	10178	MassBank	SM817901	Coumarin	inchikey	1	TRUE	TRUE	5.63199989755958e-07	0.0014079999743899
CPD-8694	10194	MassBank	SM833703	Abietic acid	inchikey_connectivity_formula_mass	2	FALSE	TRUE	2.0720000293295e-07	0.000518000007332375
CPD-4501	10202	MassBank	SM860201	Miconazole	inchikey	1	FALSE	FALSE	3.92190003140058e-06	0.00947350829442605
DAIDZEIN	10217	MassBank	SM882802	Daidzein	inchikey	1	TRUE	TRUE	1.19059998837656e-06	0.0029764999709414
CPD-10571	10241	MassBank	SM860901	Terbinafine	inchikey_connectivity_formula_mass	2	FALSE	TRUE	1.9229997860748e-07	0.000480749946518699
CPD-3141	10247	MassBank	SM882751	Genistein	inchikey_connectivity_formula_mass	2	FALSE	TRUE	3.43149997661385e-06	0.00857874994153462
PYRIDINE	10314	MassBank	SM813501	Pyridine	inchikey	1	TRUE	TRUE	8.34299996199661e-07	0.00208574999049915
1-3-7-TRIMETHYLXANTHINE	10351	MassBank	SM866601	Caffeine	inchikey	1	TRUE	TRUE	4.41399998862835e-06	0.0110349999715709
CPD-8926	10387	MassBank	SM854903	Clotrimazole	inchikey	1	FALSE	FALSE	3.73389997321283e-06	0.00933474993303207
CPD-8766	10392	MassBank	SM820653	2(3H)-Benzothiazolethione	inchikey	1	TRUE	TRUE	5.45699975873504e-07	0.00136424993968376
CPD-13636	10443	MassBank	UT000230	9,10-EODE	name_formula_mass	4	FALSE	TRUE	4.89349997678801e-06	0.01223374994197
13-HYDROPEROXYOCTADECA-911-DIENOATE	10476	MassBank	UT000064	13-HPODE(1-)	name_formula_mass	4	FALSE	TRUE	4.84400004552299e-07	0.00121100001138075
5Z13E-15S-1115-DIHYDROXY-9-OXOPROS	10490	MassBank	UT000347	Prostaglandin E2	inchikey_connectivity_formula_mass	2	FALSE	TRUE	4.13769998885982e-06	0.0103442499721496
9-HPODE	10591	MassBank	UT000255	9-HPODE	name_formula_mass	4	FALSE	TRUE	4.84400004552299e-07	0.00121100001138075
5Z13E-15S-1115-DIHYDROXY-9-OXOPROS	10628	MassBank	UT000343	Prostaglandin E2	inchikey_connectivity_formula_mass	2	FALSE	TRUE	4.13769998885982e-06	0.0103442499721496
9-HPODE	10643	MassBank	UT000256	9-HPODE	name_formula_mass	4	FALSE	TRUE	4.84400004552299e-07	0.00121100001138075
CPD-17614	10713	MassBank	UT000251	9(S)-HOTrE	inchikey_connectivity_formula_mass	2	FALSE	TRUE	4.82929999634507e-06	0.0120732499908627
9-HPODE	10762	MassBank	UT000259	9-HPODE	name_formula_mass	4	FALSE	TRUE	4.84400004552299e-07	0.00121100001138075
9-HPODE	10802	MassBank	UT000260	9-HPODE	name_formula_mass	4	FALSE	TRUE	4.84400004552299e-07	0.00121100001138075
CPD-13636	10852	MassBank	UT000231	9,10-EODE	name_formula_mass	4	FALSE	TRUE	4.89349997678801e-06	0.01223374994197
13-HYDROPEROXYOCTADECA-911-DIENOATE	10869	MassBank	UT000070	13-HPODE(1-)	name_formula_mass	4	FALSE	TRUE	4.84400004552299e-07	0.00121100001138075
5Z13E-15S-1115-DIHYDROXY-9-OXOPROS	10871	MassBank	UT000345	Prostaglandin E2	inchikey_connectivity_formula_mass	2	FALSE	TRUE	4.13769998885982e-06	0.0103442499721496
9-HPODE	10955	MassBank	UT000261	9-HPODE	name_formula_mass	4	FALSE	TRUE	4.84400004552299e-07	0.00121100001138075
13-HYDROPEROXYOCTADECA-911-DIENOATE	11024	MassBank	UT000066	13-HPODE(1-)	name_formula_mass	4	FALSE	TRUE	4.84400004552299e-07	0.00121100001138075
13-HYDROPEROXYOCTADECA-911-DIENOATE	11064	MassBank	UT000068	13-HPODE(1-)	name_formula_mass	4	FALSE	TRUE	4.84400004552299e-07	0.00121100001138075
5Z13E-15S-1115-DIHYDROXY-9-OXOPROS	11091	MassBank	UT000344	Prostaglandin E2	inchikey_connectivity_formula_mass	2	FALSE	TRUE	4.13769998885982e-06	0.0103442499721496
13-HYDROPEROXYOCTADECA-911-DIENOATE	11142	MassBank	UT000071	13-HPODE(1-)	name_formula_mass	4	FALSE	TRUE	4.84400004552299e-07	0.00121100001138075
CPD-17614	11161	MassBank	UT000244	9(S)-HOTrE	inchikey_connectivity_formula_mass	2	FALSE	TRUE	4.82929999634507e-06	0.0120732499908627
CPD-13636	11221	MassBank	UT000227	9,10-EODE	name_formula_mass	4	FALSE	TRUE	4.89349997678801e-06	0.01223374994197
9-HPODE	11274	MassBank	UT000254	9-HPODE	name_formula_mass	4	FALSE	TRUE	4.84400004552299e-07	0.00121100001138075
5Z13E-15S-1115-DIHYDROXY-9-OXOPROS	11359	MassBank	UT000349	Prostaglandin E2	inchikey_connectivity_formula_mass	2	FALSE	TRUE	4.13769998885982e-06	0.0103442499721496
CPD-13636	11414	MassBank	UT000232	9,10-EODE	name_formula_mass	4	FALSE	TRUE	4.89349997678801e-06	0.01223374994197
13-HYDROPEROXYOCTADECA-911-DIENOATE	11457	MassBank	UT000067	13-HPODE(1-)	name_formula_mass	4	FALSE	TRUE	4.84400004552299e-07	0.00121100001138075
CPD-17614	11477	MassBank	UT000246	9(S)-HOTrE	inchikey_connectivity_formula_mass	2	FALSE	TRUE	4.82929999634507e-06	0.0120732499908627
CPD-13636	11541	MassBank	UT000228	9,10-EODE	name_formula_mass	4	FALSE	TRUE	4.89349997678801e-06	0.01223374994197
5Z13E-15S-1115-DIHYDROXY-9-OXOPROS	11546	MassBank	UT000346	Prostaglandin E2	inchikey_connectivity_formula_mass	2	FALSE	TRUE	4.13769998885982e-06	0.0103442499721496
9-HPODE	11764	MassBank	UT000253	9-HPODE	name_formula_mass	4	FALSE	TRUE	4.84400004552299e-07	0.00121100001138075
CPD-17614	11777	MassBank	UT000248	9(S)-HOTrE	inchikey_connectivity_formula_mass	2	FALSE	TRUE	4.82929999634507e-06	0.0120732499908627
5Z13E-15S-1115-DIHYDROXY-9-OXOPROS	11875	MassBank	UT000348	Prostaglandin E2	inchikey_connectivity_formula_mass	2	FALSE	TRUE	4.13769998885982e-06	0.0103442499721496
9-HPODE	12106	MassBank	UT000258	9-HPODE	name_formula_mass	4	FALSE	TRUE	4.84400004552299e-07	0.00121100001138075
CPD-17614	12152	MassBank	UT000250	9(S)-HOTrE	inchikey_connectivity_formula_mass	2	FALSE	TRUE	4.82929999634507e-06	0.0120732499908627
CPD-13636	12179	MassBank	UT000233	9,10-EODE	name_formula_mass	4	FALSE	TRUE	4.89349997678801e-06	0.01223374994197
CPD-17614	12244	MassBank	UT000252	9(S)-HOTrE	inchikey_connectivity_formula_mass	2	FALSE	TRUE	4.82929999634507e-06	0.0120732499908627
9-HPODE	12338	MassBank	UT000257	9-HPODE	name_formula_mass	4	FALSE	TRUE	4.84400004552299e-07	0.00121100001138075
13-HYDROPEROXYOCTADECA-911-DIENOATE	12363	MassBank	UT000069	13-HPODE(1-)	name_formula_mass	4	FALSE	TRUE	4.84400004552299e-07	0.00121100001138075
13-HYDROPEROXYOCTADECA-911-DIENOATE	12410	MassBank	UT000065	13-HPODE(1-)	name_formula_mass	4	FALSE	TRUE	4.84400004552299e-07	0.00121100001138075
13-HYDROPEROXYOCTADECA-911-DIENOATE	12418	MassBank	UT000072	13-HPODE(1-)	name_formula_mass	4	FALSE	TRUE	4.84400004552299e-07	0.00121100001138075
CPD-13636	12422	MassBank	UT000234	9,10-EODE	name_formula_mass	4	FALSE	TRUE	4.89349997678801e-06	0.01223374994197
CPD-17614	12456	MassBank	UT000247	9(S)-HOTrE	inchikey_connectivity_formula_mass	2	FALSE	TRUE	4.82929999634507e-06	0.0120732499908627
CPD-17614	12637	MassBank	UT000249	9(S)-HOTrE	inchikey_connectivity_formula_mass	2	FALSE	TRUE	4.82929999634507e-06	0.0120732499908627
CPD-13636	12675	MassBank	UT000226	9,10-EODE	name_formula_mass	4	FALSE	TRUE	4.89349997678801e-06	0.01223374994197
CPD-17614	12809	MassBank	UT000245	9(S)-HOTrE	inchikey_connectivity_formula_mass	2	FALSE	TRUE	4.82929999634507e-06	0.0120732499908627
CPD-13636	12835	MassBank	UT000229	9,10-EODE	name_formula_mass	4	FALSE	TRUE	4.89349997678801e-06	0.01223374994197
5Z13E-15S-1115-DIHYDROXY-9-OXOPROS	12924	MassBank	UT000350	Prostaglandin E2	inchikey_connectivity_formula_mass	2	FALSE	TRUE	4.13769998885982e-06	0.0103442499721496
5Z13E-15S-1115-DIHYDROXY-9-OXOPROS	12938	MassBank	UT000351	Prostaglandin E2	inchikey_connectivity_formula_mass	2	FALSE	TRUE	4.13769998885982e-06	0.0103442499721496
ADENOSINE	13011	MassBank	EQ330404	Adenosine	inchikey	1	TRUE	TRUE	3.93170000734244e-06	0.00982925001835611
CPD-12479	13022	MassBank	EQ363209	Theophylline	inchikey	1	TRUE	TRUE	4.47819999749299e-06	0.0111954999937325
--EPHEDRINE	13041	MassBank	EA275805	Ephedrine	inchikey	1	TRUE	TRUE	3.58911999853717e-05	0.0897279999634293
VIGABATRIN	13051	MassBank	EQ362607	Vigabatrin	inchikey	1	TRUE	TRUE	1.39750000016647e-06	0.00349375000041618
CPD-110	13099	MassBank	EQ369602	Salicylic acid	inchikey_connectivity_formula_mass	2	FALSE	TRUE	4.05890000365616e-06	0.0101472500091404
CODEINE	13193	MassBank	EA278011	Codeine	inchikey_connectivity_formula_mass	2	FALSE	TRUE	4.35455999650003e-05	0.108863999912501
CPD-14483	13221	MassBank	EQ326354	Glycyrrhetinic Acid	name_formula_mass	4	FALSE	TRUE	3.49999709214899e-08	7.44142534031832e-05
CPD-9777	13230	MassBank	EQ361908	Ecgonine-methyl-ester (EME)	name_formula_mass	4	FALSE	TRUE	3.41720001983958e-06	0.00854300004959896
CPD-3141	13302	MassBank	EQ326556	Genistein	inchikey_connectivity_formula_mass	2	FALSE	TRUE	3.43149997661385e-06	0.00857874994153462
VIGABATRIN	13369	MassBank	EQ362606	Vigabatrin	inchikey	1	TRUE	TRUE	1.39750000016647e-06	0.00349375000041618
1-3-7-TRIMETHYLXANTHINE	13382	MassBank	EA030306	Caffeine	inchikey	1	TRUE	TRUE	2.44139999949766e-05	0.0610349999874416
CPD-14834	13386	MassBank	EQ302401	(-)-alpha-Narcotine	inchikey	1	TRUE	TRUE	2.09820001373373e-06	0.00507857425497329
CPD0-1581	13394	MassBank	EA019911	Trimethoprim	inchikey	1	TRUE	TRUE	9.53509999135349e-06	0.0238377499783837
CPD-9777	13409	MassBank	EQ361909	Ecgonine-methyl-ester (EME)	name_formula_mass	4	FALSE	TRUE	3.41720001983958e-06	0.00854300004959896
CPD-5481	13410	MassBank	EQ360153	Forchlorfenuron	inchikey	1	FALSE	FALSE	3.31300014977387e-07	0.000828250037443468
CPD-8766	13412	MassBank	EQ319004	2(3H)-Benzothiazolethione	inchikey	1	TRUE	TRUE	5.45699975873504e-07	0.00136424993968376
CPD-15110	13427	MassBank	EQ328701	Zidovudine	inchikey	1	TRUE	TRUE	2.01565399590004	5039.1349897501
MORPHINE	13449	MassBank	EA274411	Morphine	inchikey_connectivity_formula_mass	2	FALSE	TRUE	1.85999624591204e-08	4.64999061478011e-05
CPD-14483	13546	MassBank	EQ326359	Glycyrrhetinic Acid	name_formula_mass	4	FALSE	TRUE	3.49999709214899e-08	7.44142534031832e-05
1-3-7-TRIMETHYLXANTHINE	13563	MassBank	EA030302	Caffeine	inchikey	1	TRUE	TRUE	2.44139999949766e-05	0.0610349999874416
CPD-14483	13568	MassBank	EQ326356	Glycyrrhetinic Acid	name_formula_mass	4	FALSE	TRUE	3.49999709214899e-08	7.44142534031832e-05
LINOLEIC_ACID	13657	MassBank	EQ331653	Linoleic acid	inchikey_connectivity_formula_mass	2	FALSE	TRUE	2.71399983375886e-07	0.000678499958439716
CPD0-1581	13677	MassBank	EA019904	Trimethoprim	inchikey	1	TRUE	TRUE	9.53509999135349e-06	0.0238377499783837
CPD-5481	13684	MassBank	EQ360157	Forchlorfenuron	inchikey	1	FALSE	FALSE	3.31300014977387e-07	0.000828250037443468
CODEINE	13771	MassBank	EA278014	Codeine	inchikey_connectivity_formula_mass	2	FALSE	TRUE	4.35455999650003e-05	0.108863999912501
1-3-7-TRIMETHYLXANTHINE	13853	MassBank	EA030308	Caffeine	inchikey	1	TRUE	TRUE	2.44139999949766e-05	0.0610349999874416
PROGESTERONE	13925	MassBank	EQ325506	Progesterone	inchikey	1	TRUE	TRUE	2.0720000293295e-07	0.000518000007332375
CPD-8926	13928	MassBank	EA032910	Clotrimazole	inchikey	1	FALSE	FALSE	2.62661000078879e-05	0.0656652500197197
CPD-5481	13930	MassBank	EQ360158	Forchlorfenuron	inchikey	1	FALSE	FALSE	3.31300014977387e-07	0.000828250037443468
CPD-9776	13982	MassBank	EA281703	Cocaine	inchikey_connectivity_formula_mass	2	FALSE	TRUE	4.18323000417331e-05	0.104580750104333
CPD0-1581	14015	MassBank	EA019907	Trimethoprim	inchikey	1	TRUE	TRUE	9.53509999135349e-06	0.0238377499783837
CPD0-1327	14024	MassBank	EA256609	Fluorouracil	inchikey	1	FALSE	TRUE	4.44491000166636e-05	0.111122750041659
CPD-3141	14026	MassBank	EQ326507	Genistein	inchikey_connectivity_formula_mass	2	FALSE	TRUE	3.43149997661385e-06	0.00857874994153462
CORTISONE	14039	MassBank	EQ319909	Cortisone	inchikey	1	TRUE	TRUE	4.00930002797395e-06	0.0100232500699349
CPD-14483	14058	MassBank	EQ326352	Glycyrrhetinic Acid	name_formula_mass	4	FALSE	TRUE	3.49999709214899e-08	7.44142534031832e-05
DOPAMINE	14074	MassBank	EQ329902	Dopamine	inchikey_connectivity_formula_mass	2	FALSE	TRUE	1.39750000016647e-06	0.00349375000041618
CPD-12479	14089	MassBank	EQ363253	Theophylline	inchikey	1	TRUE	TRUE	4.47819999749299e-06	0.0111954999937325
CPD-8766	14090	MassBank	EQ319005	2(3H)-Benzothiazolethione	inchikey	1	TRUE	TRUE	5.45699975873504e-07	0.00136424993968376
CPD0-1327	14138	MassBank	EA256604	Fluorouracil	inchikey	1	FALSE	TRUE	4.44491000166636e-05	0.111122750041659
CORTISOL	14148	MassBank	EQ320109	Cortisol	inchikey	1	TRUE	TRUE	4.07350000841689e-06	0.0101837500210422
CPD-110	14156	MassBank	EQ369655	Salicylic acid	inchikey_connectivity_formula_mass	2	FALSE	TRUE	4.05890000365616e-06	0.0101472500091404
Ibuprofen	14193	MassBank	EA020309	Ibuprofen	name_formula_mass	4	FALSE	TRUE	2.01779999997598e-05	0.0504449999993994
ATROPINE	14208	MassBank	EQ333403	Atropine	inchikey_connectivity_formula_mass	2	FALSE	TRUE	3.6097999895901e-06	0.00902449997397525
CPD-15877	14210	MassBank	EQ313655	Fluvastatin	name_formula_mass	4	FALSE	TRUE	3.47180002790992e-06	0.00844340994691399
CPD-8766	14212	MassBank	EQ319054	2(3H)-Benzothiazolethione	inchikey	1	TRUE	TRUE	5.45699975873504e-07	0.00136424993968376
CPD-8766	14215	MassBank	EQ319007	2(3H)-Benzothiazolethione	inchikey	1	TRUE	TRUE	5.45699975873504e-07	0.00136424993968376
DOPAMINE	14236	MassBank	EQ329901	Dopamine	inchikey_connectivity_formula_mass	2	FALSE	TRUE	1.39750000016647e-06	0.00349375000041618
CPD-110	14263	MassBank	EQ369601	Salicylic acid	inchikey_connectivity_formula_mass	2	FALSE	TRUE	4.05890000365616e-06	0.0101472500091404
CPD-9195	14270	MassBank	EQ366157	Ampicillin	name_formula_mass	4	TRUE	TRUE	3.19609995358405e-06	0.00799024988396013
ADENOSINE	14325	MassBank	EQ330406	Adenosine	inchikey	1	TRUE	TRUE	3.93170000734244e-06	0.00982925001835611
CORTISONE	14339	MassBank	EQ319904	Cortisone	inchikey	1	TRUE	TRUE	4.00930002797395e-06	0.0100232500699349
CPD-14483	14341	MassBank	EQ326303	Glycyrrhetinic Acid	name_formula_mass	4	FALSE	TRUE	3.49999709214899e-08	7.44142534031832e-05
CPD-9195	14346	MassBank	EQ366109	Ampicillin	name_formula_mass	4	TRUE	TRUE	3.19609995358405e-06	0.00799024988396013
CPD0-1327	14362	MassBank	EA256656	Fluorouracil	inchikey	1	FALSE	TRUE	4.44491000166636e-05	0.111122750041659
LINOLEIC_ACID	14391	MassBank	EQ331604	Linoleic acid	inchikey_connectivity_formula_mass	2	FALSE	TRUE	2.71399983375886e-07	0.000678499958439716
CPD-9024	14422	MassBank	EQ333655	Allopurinol	inchikey	1	TRUE	TRUE	7.71299994539731e-07	0.00192824998634933
CPD-83	14446	MassBank	EQ324106	Resveratrol	inchikey	1	TRUE	TRUE	4.25150000182839e-06	0.010628750004571
CPD0-1581	14535	MassBank	EA019903	Trimethoprim	inchikey	1	TRUE	TRUE	9.53509999135349e-06	0.0238377499783837
--EPHEDRINE	14578	MassBank	EA275806	Ephedrine	inchikey	1	TRUE	TRUE	3.58911999853717e-05	0.0897279999634293
CPD-9953	14590	MassBank	EQ333503	Cathine	inchikey_connectivity_formula_mass	2	FALSE	TRUE	4.04460001846019e-06	0.0101115000461505
CPD-9195	14591	MassBank	EQ366104	Ampicillin	name_formula_mass	4	TRUE	TRUE	3.19609995358405e-06	0.00799024988396013
ATROPINE	14601	MassBank	EQ333406	Atropine	inchikey_connectivity_formula_mass	2	FALSE	TRUE	3.6097999895901e-06	0.00902449997397525
CPD-5481	14680	MassBank	EQ360102	Forchlorfenuron	inchikey	1	FALSE	FALSE	3.31300014977387e-07	0.000828250037443468
CPD-9195	14702	MassBank	EQ366158	Ampicillin	name_formula_mass	4	TRUE	TRUE	3.19609995358405e-06	0.00799024988396013
CORTISOL	14724	MassBank	EQ320102	Cortisol	inchikey	1	TRUE	TRUE	4.07350000841689e-06	0.0101837500210422
CPD-14834	14726	MassBank	EQ302403	(-)-alpha-Narcotine	inchikey	1	TRUE	TRUE	2.09820001373373e-06	0.00507857425497329
PROGESTERONE	14760	MassBank	EQ325502	Progesterone	inchikey	1	TRUE	TRUE	2.0720000293295e-07	0.000518000007332375
MORPHINE	14814	MassBank	EA274406	Morphine	inchikey_connectivity_formula_mass	2	FALSE	TRUE	1.85999624591204e-08	4.64999061478011e-05
DOPAMINE	14825	MassBank	EQ329955	Dopamine	inchikey_connectivity_formula_mass	2	FALSE	TRUE	1.39750000016647e-06	0.00349375000041618
MORPHINE	14834	MassBank	EA274409	Morphine	inchikey_connectivity_formula_mass	2	FALSE	TRUE	1.85999624591204e-08	4.64999061478011e-05
CODEINE	14861	MassBank	EA278008	Codeine	inchikey_connectivity_formula_mass	2	FALSE	TRUE	4.35455999650003e-05	0.108863999912501
CPD-14834	14867	MassBank	EQ302404	(-)-alpha-Narcotine	inchikey	1	TRUE	TRUE	2.09820001373373e-06	0.00507857425497329
CPD-9953	14890	MassBank	EQ333504	Cathine	inchikey_connectivity_formula_mass	2	FALSE	TRUE	4.04460001846019e-06	0.0101115000461505
EDTA	14893	MassBank	EQ500552	Edetic Acid	inchikey_connectivity_formula_mass	2	FALSE	TRUE	3.44992000123057e-05	0.0862480000307642
LINOLEIC_ACID	14959	MassBank	EQ331602	Linoleic acid	inchikey_connectivity_formula_mass	2	FALSE	TRUE	2.71399983375886e-07	0.000678499958439716
CPD-9776	14978	MassBank	EA281701	Cocaine	inchikey_connectivity_formula_mass	2	FALSE	TRUE	4.18323000417331e-05	0.104580750104333
CORTISOL	14992	MassBank	EQ320105	Cortisol	inchikey	1	TRUE	TRUE	4.07350000841689e-06	0.0101837500210422
CPD-14483	15018	MassBank	EQ326357	Glycyrrhetinic Acid	name_formula_mass	4	FALSE	TRUE	3.49999709214899e-08	7.44142534031832e-05
CPD-9195	15028	MassBank	EQ366101	Ampicillin	name_formula_mass	4	TRUE	TRUE	3.19609995358405e-06	0.00799024988396013
CPD-5481	15056	MassBank	EQ360104	Forchlorfenuron	inchikey	1	FALSE	FALSE	3.31300014977387e-07	0.000828250037443468
CPD-9195	15141	MassBank	EQ366159	Ampicillin	name_formula_mass	4	TRUE	TRUE	3.19609995358405e-06	0.00799024988396013
CPD-9195	15156	MassBank	EQ366154	Ampicillin	name_formula_mass	4	TRUE	TRUE	3.19609995358405e-06	0.00799024988396013
CPD-9195	15166	MassBank	EQ366107	Ampicillin	name_formula_mass	4	TRUE	TRUE	3.19609995358405e-06	0.00799024988396013
CPD-12479	15167	MassBank	EQ363204	Theophylline	inchikey	1	TRUE	TRUE	4.47819999749299e-06	0.0111954999937325
EDTA	15183	MassBank	EQ500509	Edetic Acid	inchikey_connectivity_formula_mass	2	FALSE	TRUE	3.44992000123057e-05	0.0862480000307642
MORPHINE	15194	MassBank	EA274403	Morphine	inchikey_connectivity_formula_mass	2	FALSE	TRUE	1.85999624591204e-08	4.64999061478011e-05
--EPHEDRINE	15289	MassBank	EA275809	Ephedrine	inchikey	1	TRUE	TRUE	3.58911999853717e-05	0.0897279999634293
CPD-15110	15321	MassBank	EQ328754	Zidovudine	inchikey	1	TRUE	TRUE	2.01565399590004	5039.1349897501
CPD-83	15330	MassBank	EQ324101	Resveratrol	inchikey	1	TRUE	TRUE	4.25150000182839e-06	0.010628750004571
CPD-12479	15378	MassBank	EQ363252	Theophylline	inchikey	1	TRUE	TRUE	4.47819999749299e-06	0.0111954999937325
MORPHINE	15395	MassBank	EA274401	Morphine	inchikey_connectivity_formula_mass	2	FALSE	TRUE	1.85999624591204e-08	4.64999061478011e-05
NICOTINE	15399	MassBank	EQ300802	Nicotine	inchikey_connectivity_formula_mass	2	FALSE	TRUE	1.54020000309174e-06	0.00385050000772935
CPD-15110	15443	MassBank	EQ328755	Zidovudine	inchikey	1	TRUE	TRUE	2.01565399590004	5039.1349897501
LINOLEIC_ACID	15448	MassBank	EQ331606	Linoleic acid	inchikey_connectivity_formula_mass	2	FALSE	TRUE	2.71399983375886e-07	0.000678499958439716
CPD0-1581	15456	MassBank	EA019910	Trimethoprim	inchikey	1	TRUE	TRUE	9.53509999135349e-06	0.0238377499783837
CPD-9776	15479	MassBank	EA281712	Cocaine	inchikey_connectivity_formula_mass	2	FALSE	TRUE	4.18323000417331e-05	0.104580750104333
ADENOSINE	15488	MassBank	EQ330401	Adenosine	inchikey	1	TRUE	TRUE	3.93170000734244e-06	0.00982925001835611
--EPHEDRINE	15513	MassBank	EA275804	Ephedrine	inchikey	1	TRUE	TRUE	3.58911999853717e-05	0.0897279999634293
CPD-8926	15519	MassBank	EA032901	Clotrimazole	inchikey	1	FALSE	FALSE	2.62661000078879e-05	0.0656652500197197
CPD-20952	15544	MassBank	EA282201	Amphetamine	inchikey_connectivity_formula_mass	2	FALSE	TRUE	5.77500003373643e-07	0.00144375000843411
CPD0-1327	15568	MassBank	EA256610	Fluorouracil	inchikey	1	FALSE	TRUE	4.44491000166636e-05	0.111122750041659
CPD-20952	15624	MassBank	EA282211	Amphetamine	inchikey_connectivity_formula_mass	2	FALSE	TRUE	5.77500003373643e-07	0.00144375000843411
LINOLEIC_ACID	15633	MassBank	EQ331605	Linoleic acid	inchikey_connectivity_formula_mass	2	FALSE	TRUE	2.71399983375886e-07	0.000678499958439716
--EPHEDRINE	15667	MassBank	EA275810	Ephedrine	inchikey	1	TRUE	TRUE	3.58911999853717e-05	0.0897279999634293
CPD-15877	15707	MassBank	EQ313603	Fluvastatin	name_formula_mass	4	FALSE	TRUE	3.47180002790992e-06	0.00844340994691399
MORPHINE	15711	MassBank	EA274408	Morphine	inchikey_connectivity_formula_mass	2	FALSE	TRUE	1.85999624591204e-08	4.64999061478011e-05
--EPHEDRINE	15720	MassBank	EA275801	Ephedrine	inchikey	1	TRUE	TRUE	3.58911999853717e-05	0.0897279999634293
CPD-9777	15753	MassBank	EQ361901	Ecgonine-methyl-ester (EME)	name_formula_mass	4	FALSE	TRUE	3.41720001983958e-06	0.00854300004959896
CPD-20952	15804	MassBank	EA282212	Amphetamine	inchikey_connectivity_formula_mass	2	FALSE	TRUE	5.77500003373643e-07	0.00144375000843411
DOPAMINE	15809	MassBank	EQ329954	Dopamine	inchikey_connectivity_formula_mass	2	FALSE	TRUE	1.39750000016647e-06	0.00349375000041618
CPD-3141	15812	MassBank	EQ326506	Genistein	inchikey_connectivity_formula_mass	2	FALSE	TRUE	3.43149997661385e-06	0.00857874994153462
CODEINE	15840	MassBank	EA278001	Codeine	inchikey_connectivity_formula_mass	2	FALSE	TRUE	4.35455999650003e-05	0.108863999912501
CPD-9951	15878	MassBank	EQ368403	(-)-Norephedrine	name_formula_mass	4	FALSE	TRUE	4.04460001846019e-06	0.0101115000461505
Ibuprofen	15901	MassBank	EA020307	Ibuprofen	name_formula_mass	4	FALSE	TRUE	2.01779999997598e-05	0.0504449999993994
CPD0-1327	15906	MassBank	EA256661	Fluorouracil	inchikey	1	FALSE	TRUE	4.44491000166636e-05	0.111122750041659
CPD-15110	15929	MassBank	EQ328752	Zidovudine	inchikey	1	TRUE	TRUE	2.01565399590004	5039.1349897501
VIGABATRIN	15955	MassBank	EQ362602	Vigabatrin	inchikey	1	TRUE	TRUE	1.39750000016647e-06	0.00349375000041618
CORTISONE	15976	MassBank	EQ319905	Cortisone	inchikey	1	TRUE	TRUE	4.00930002797395e-06	0.0100232500699349
CPD-14483	16037	MassBank	EQ326306	Glycyrrhetinic Acid	name_formula_mass	4	FALSE	TRUE	3.49999709214899e-08	7.44142534031832e-05
CPD-5481	16041	MassBank	EQ360109	Forchlorfenuron	inchikey	1	FALSE	FALSE	3.31300014977387e-07	0.000828250037443468
CPD-8766	16075	MassBank	EQ319051	2(3H)-Benzothiazolethione	inchikey	1	TRUE	TRUE	5.45699975873504e-07	0.00136424993968376
ADENOSINE	16109	MassBank	EQ330451	Adenosine	inchikey	1	TRUE	TRUE	3.93170000734244e-06	0.00982925001835611
CORTISONE	16118	MassBank	EQ319959	Cortisone	inchikey	1	TRUE	TRUE	4.00930002797395e-06	0.0100232500699349
CPD-15110	16129	MassBank	EQ328753	Zidovudine	inchikey	1	TRUE	TRUE	2.01565399590004	5039.1349897501
CORTISONE	16211	MassBank	EQ319956	Cortisone	inchikey	1	TRUE	TRUE	4.00930002797395e-06	0.0100232500699349
CPD-3141	16213	MassBank	EQ326559	Genistein	inchikey_connectivity_formula_mass	2	FALSE	TRUE	3.43149997661385e-06	0.00857874994153462
Ibuprofen	16231	MassBank	EA020358	Ibuprofen	name_formula_mass	4	FALSE	TRUE	2.01779999997598e-05	0.0504449999993994
EDTA	16256	MassBank	EQ500551	Edetic Acid	inchikey_connectivity_formula_mass	2	FALSE	TRUE	3.44992000123057e-05	0.0862480000307642
CPD-20952	16298	MassBank	EA282206	Amphetamine	inchikey_connectivity_formula_mass	2	FALSE	TRUE	5.77500003373643e-07	0.00144375000843411
CPD-9024	16304	MassBank	EQ333653	Allopurinol	inchikey	1	TRUE	TRUE	7.71299994539731e-07	0.00192824998634933
CPD0-1327	16334	MassBank	EA256613	Fluorouracil	inchikey	1	FALSE	TRUE	4.44491000166636e-05	0.111122750041659
ADENOSINE	16339	MassBank	EQ330454	Adenosine	inchikey	1	TRUE	TRUE	3.93170000734244e-06	0.00982925001835611
CPD-9776	16353	MassBank	EA281704	Cocaine	inchikey_connectivity_formula_mass	2	FALSE	TRUE	4.18323000417331e-05	0.104580750104333
CORTISONE	16370	MassBank	EQ319951	Cortisone	inchikey	1	TRUE	TRUE	4.00930002797395e-06	0.0100232500699349
CPDQT-42	16449	MassBank	EQ419508	Sulfanilamide	name_formula_mass	4	TRUE	TRUE	4.82014000056097e-05	0.120503500014024
CPD-20952	16470	MassBank	EA282214	Amphetamine	inchikey_connectivity_formula_mass	2	FALSE	TRUE	5.77500003373643e-07	0.00144375000843411
CODEINE	16482	MassBank	EA278009	Codeine	inchikey_connectivity_formula_mass	2	FALSE	TRUE	4.35455999650003e-05	0.108863999912501
CPDQT-42	16547	MassBank	EQ419505	Sulfanilamide	name_formula_mass	4	TRUE	TRUE	4.82014000056097e-05	0.120503500014024
MORPHINE	16555	MassBank	EA274412	Morphine	inchikey_connectivity_formula_mass	2	FALSE	TRUE	1.85999624591204e-08	4.64999061478011e-05
CPD-110	16563	MassBank	EQ369609	Salicylic acid	inchikey_connectivity_formula_mass	2	FALSE	TRUE	4.05890000365616e-06	0.0101472500091404
CPD-20952	16567	MassBank	EA282207	Amphetamine	inchikey_connectivity_formula_mass	2	FALSE	TRUE	5.77500003373643e-07	0.00144375000843411
CORTISONE	16574	MassBank	EQ319907	Cortisone	inchikey	1	TRUE	TRUE	4.00930002797395e-06	0.0100232500699349
--EPHEDRINE	16608	MassBank	EA275807	Ephedrine	inchikey	1	TRUE	TRUE	3.58911999853717e-05	0.0897279999634293
CPD-8926	16609	MassBank	EA032913	Clotrimazole	inchikey	1	FALSE	FALSE	2.62661000078879e-05	0.0656652500197197
CPD-5481	16635	MassBank	EQ360108	Forchlorfenuron	inchikey	1	FALSE	FALSE	3.31300014977387e-07	0.000828250037443468
LINOLEIC_ACID	16662	MassBank	EQ331601	Linoleic acid	inchikey_connectivity_formula_mass	2	FALSE	TRUE	2.71399983375886e-07	0.000678499958439716
CPD-110	16675	MassBank	EQ369605	Salicylic acid	inchikey_connectivity_formula_mass	2	FALSE	TRUE	4.05890000365616e-06	0.0101472500091404
CPD-110	16687	MassBank	EQ369604	Salicylic acid	inchikey_connectivity_formula_mass	2	FALSE	TRUE	4.05890000365616e-06	0.0101472500091404
EDTA	16699	MassBank	EQ500504	Edetic Acid	inchikey_connectivity_formula_mass	2	FALSE	TRUE	3.44992000123057e-05	0.0862480000307642
CPD-20952	16813	MassBank	EA282203	Amphetamine	inchikey_connectivity_formula_mass	2	FALSE	TRUE	5.77500003373643e-07	0.00144375000843411
ADENOSINE	16865	MassBank	EQ330405	Adenosine	inchikey	1	TRUE	TRUE	3.93170000734244e-06	0.00982925001835611
CPDQT-42	16907	MassBank	EQ419504	Sulfanilamide	name_formula_mass	4	TRUE	TRUE	4.82014000056097e-05	0.120503500014024
CPD-14483	16976	MassBank	EQ326301	Glycyrrhetinic Acid	name_formula_mass	4	FALSE	TRUE	3.49999709214899e-08	7.44142534031832e-05
CPD-9195	17070	MassBank	EQ366103	Ampicillin	name_formula_mass	4	TRUE	TRUE	3.19609995358405e-06	0.00799024988396013
CPD-3141	17092	MassBank	EQ326552	Genistein	inchikey_connectivity_formula_mass	2	FALSE	TRUE	3.43149997661385e-06	0.00857874994153462
1-3-7-TRIMETHYLXANTHINE	17131	MassBank	EA030312	Caffeine	inchikey	1	TRUE	TRUE	2.44139999949766e-05	0.0610349999874416
Ibuprofen	17153	MassBank	EA020311	Ibuprofen	name_formula_mass	4	FALSE	TRUE	2.01779999997598e-05	0.0504449999993994
CPD-9951	17221	MassBank	EQ368407	(-)-Norephedrine	name_formula_mass	4	FALSE	TRUE	4.04460001846019e-06	0.0101115000461505
MORPHINE	17230	MassBank	EA274405	Morphine	inchikey_connectivity_formula_mass	2	FALSE	TRUE	1.85999624591204e-08	4.64999061478011e-05
CPD0-1327	17245	MassBank	EA256602	Fluorouracil	inchikey	1	FALSE	TRUE	4.44491000166636e-05	0.111122750041659
Ibuprofen	17246	MassBank	EA020303	Ibuprofen	name_formula_mass	4	FALSE	TRUE	2.01779999997598e-05	0.0504449999993994
CPD0-1327	17276	MassBank	EA256601	Fluorouracil	inchikey	1	FALSE	TRUE	4.44491000166636e-05	0.111122750041659
CPD-110	17305	MassBank	EQ369652	Salicylic acid	inchikey_connectivity_formula_mass	2	FALSE	TRUE	4.05890000365616e-06	0.0101472500091404
Ibuprofen	17309	MassBank	EA020314	Ibuprofen	name_formula_mass	4	FALSE	TRUE	2.01779999997598e-05	0.0504449999993994
CPD-9195	17359	MassBank	EQ366105	Ampicillin	name_formula_mass	4	TRUE	TRUE	3.19609995358405e-06	0.00799024988396013
CPD-14483	17379	MassBank	EQ326355	Glycyrrhetinic Acid	name_formula_mass	4	FALSE	TRUE	3.49999709214899e-08	7.44142534031832e-05
Ibuprofen	17439	MassBank	EA020312	Ibuprofen	name_formula_mass	4	FALSE	TRUE	2.01779999997598e-05	0.0504449999993994
CPD-110	17482	MassBank	EQ369657	Salicylic acid	inchikey_connectivity_formula_mass	2	FALSE	TRUE	4.05890000365616e-06	0.0101472500091404
1-3-7-TRIMETHYLXANTHINE	17586	MassBank	EA030310	Caffeine	inchikey	1	TRUE	TRUE	2.44139999949766e-05	0.0610349999874416
CPD-9024	17598	MassBank	EQ333656	Allopurinol	inchikey	1	TRUE	TRUE	7.71299994539731e-07	0.00192824998634933
CORTISOL	17602	MassBank	EQ320103	Cortisol	inchikey	1	TRUE	TRUE	4.07350000841689e-06	0.0101837500210422
CPD0-1327	17613	MassBank	EA256612	Fluorouracil	inchikey	1	FALSE	TRUE	4.44491000166636e-05	0.111122750041659
EDTA	17650	MassBank	EQ500506	Edetic Acid	inchikey_connectivity_formula_mass	2	FALSE	TRUE	3.44992000123057e-05	0.0862480000307642
CPD-8766	17661	MassBank	EQ319001	2(3H)-Benzothiazolethione	inchikey	1	TRUE	TRUE	5.45699975873504e-07	0.00136424993968376
CPD-5481	17675	MassBank	EQ360103	Forchlorfenuron	inchikey	1	FALSE	FALSE	3.31300014977387e-07	0.000828250037443468
ADENOSINE	17690	MassBank	EQ330402	Adenosine	inchikey	1	TRUE	TRUE	3.93170000734244e-06	0.00982925001835611
CPD0-1327	17725	MassBank	EA256655	Fluorouracil	inchikey	1	FALSE	TRUE	4.44491000166636e-05	0.111122750041659
EDTA	17736	MassBank	EQ500501	Edetic Acid	inchikey_connectivity_formula_mass	2	FALSE	TRUE	3.44992000123057e-05	0.0862480000307642
CPD0-1327	17740	MassBank	EA256607	Fluorouracil	inchikey	1	FALSE	TRUE	4.44491000166636e-05	0.111122750041659
CPD-110	17751	MassBank	EQ369658	Salicylic acid	inchikey_connectivity_formula_mass	2	FALSE	TRUE	4.05890000365616e-06	0.0101472500091404
CPDQT-42	17773	MassBank	EQ419502	Sulfanilamide	name_formula_mass	4	TRUE	TRUE	4.82014000056097e-05	0.120503500014024
CPD-12479	17779	MassBank	EQ363206	Theophylline	inchikey	1	TRUE	TRUE	4.47819999749299e-06	0.0111954999937325
CPD-8766	17804	MassBank	EQ319059	2(3H)-Benzothiazolethione	inchikey	1	TRUE	TRUE	5.45699975873504e-07	0.00136424993968376
1-3-7-TRIMETHYLXANTHINE	17817	MassBank	EA030301	Caffeine	inchikey	1	TRUE	TRUE	2.44139999949766e-05	0.0610349999874416
LINOLEIC_ACID	17859	MassBank	EQ331655	Linoleic acid	inchikey_connectivity_formula_mass	2	FALSE	TRUE	2.71399983375886e-07	0.000678499958439716
EDTA	17900	MassBank	EQ500503	Edetic Acid	inchikey_connectivity_formula_mass	2	FALSE	TRUE	3.44992000123057e-05	0.0862480000307642
CPD-20952	18037	MassBank	EA282210	Amphetamine	inchikey_connectivity_formula_mass	2	FALSE	TRUE	5.77500003373643e-07	0.00144375000843411
CPD-8766	18070	MassBank	EQ319008	2(3H)-Benzothiazolethione	inchikey	1	TRUE	TRUE	5.45699975873504e-07	0.00136424993968376
CPD-5481	18090	MassBank	EQ360107	Forchlorfenuron	inchikey	1	FALSE	FALSE	3.31300014977387e-07	0.000828250037443468
CPD-15110	18128	MassBank	EQ328756	Zidovudine	inchikey	1	TRUE	TRUE	2.01565399590004	5039.1349897501
MORPHINE	18149	MassBank	EA274402	Morphine	inchikey_connectivity_formula_mass	2	FALSE	TRUE	1.85999624591204e-08	4.64999061478011e-05
CPD-110	18250	MassBank	EQ369608	Salicylic acid	inchikey_connectivity_formula_mass	2	FALSE	TRUE	4.05890000365616e-06	0.0101472500091404
CPD-5481	18253	MassBank	EQ360159	Forchlorfenuron	inchikey	1	FALSE	FALSE	3.31300014977387e-07	0.000828250037443468
CPD-14834	18258	MassBank	EQ302405	(-)-alpha-Narcotine	inchikey	1	TRUE	TRUE	2.09820001373373e-06	0.00507857425497329
CPDQT-42	18295	MassBank	EQ419501	Sulfanilamide	name_formula_mass	4	TRUE	TRUE	4.82014000056097e-05	0.120503500014024
CPD-12479	18304	MassBank	EQ363256	Theophylline	inchikey	1	TRUE	TRUE	4.47819999749299e-06	0.0111954999937325
CPD-9195	18330	MassBank	EQ366152	Ampicillin	name_formula_mass	4	TRUE	TRUE	3.19609995358405e-06	0.00799024988396013
CPD-15110	18345	MassBank	EQ328702	Zidovudine	inchikey	1	TRUE	TRUE	2.01565399590004	5039.1349897501
CPD-3141	18350	MassBank	EQ326554	Genistein	inchikey_connectivity_formula_mass	2	FALSE	TRUE	3.43149997661385e-06	0.00857874994153462
CPD-3141	18372	MassBank	EQ326505	Genistein	inchikey_connectivity_formula_mass	2	FALSE	TRUE	3.43149997661385e-06	0.00857874994153462
CPD-3141	18417	MassBank	EQ326503	Genistein	inchikey_connectivity_formula_mass	2	FALSE	TRUE	3.43149997661385e-06	0.00857874994153462
CPD-20952	18457	MassBank	EA282213	Amphetamine	inchikey_connectivity_formula_mass	2	FALSE	TRUE	5.77500003373643e-07	0.00144375000843411
CPD-5481	18468	MassBank	EQ360105	Forchlorfenuron	inchikey	1	FALSE	FALSE	3.31300014977387e-07	0.000828250037443468
CPD-15110	18493	MassBank	EQ328751	Zidovudine	inchikey	1	TRUE	TRUE	2.01565399590004	5039.1349897501
DOPAMINE	18502	MassBank	EQ329951	Dopamine	inchikey_connectivity_formula_mass	2	FALSE	TRUE	1.39750000016647e-06	0.00349375000041618
CPD-8766	18519	MassBank	EQ319006	2(3H)-Benzothiazolethione	inchikey	1	TRUE	TRUE	5.45699975873504e-07	0.00136424993968376
CPD-5481	18628	MassBank	EQ360106	Forchlorfenuron	inchikey	1	FALSE	FALSE	3.31300014977387e-07	0.000828250037443468
Ibuprofen	18632	MassBank	EA020308	Ibuprofen	name_formula_mass	4	FALSE	TRUE	2.01779999997598e-05	0.0504449999993994
CPD-15877	18643	MassBank	EQ313651	Fluvastatin	name_formula_mass	4	FALSE	TRUE	3.47180002790992e-06	0.00844340994691399
EDTA	18678	MassBank	EQ500502	Edetic Acid	inchikey_connectivity_formula_mass	2	FALSE	TRUE	3.44992000123057e-05	0.0862480000307642
CPD0-1327	18680	MassBank	EA256659	Fluorouracil	inchikey	1	FALSE	TRUE	4.44491000166636e-05	0.111122750041659
NICOTINE	18687	MassBank	EQ300801	Nicotine	inchikey_connectivity_formula_mass	2	FALSE	TRUE	1.54020000309174e-06	0.00385050000772935
MORPHINE	18756	MassBank	EA274404	Morphine	inchikey_connectivity_formula_mass	2	FALSE	TRUE	1.85999624591204e-08	4.64999061478011e-05
CPD-12479	18765	MassBank	EQ363258	Theophylline	inchikey	1	TRUE	TRUE	4.47819999749299e-06	0.0111954999937325
CPD-9195	18767	MassBank	EQ366156	Ampicillin	name_formula_mass	4	TRUE	TRUE	3.19609995358405e-06	0.00799024988396013
ADENOSINE	18769	MassBank	EQ330456	Adenosine	inchikey	1	TRUE	TRUE	3.93170000734244e-06	0.00982925001835611
EDTA	18770	MassBank	EQ500557	Edetic Acid	inchikey_connectivity_formula_mass	2	FALSE	TRUE	3.44992000123057e-05	0.0862480000307642
CPD-8766	18830	MassBank	EQ319057	2(3H)-Benzothiazolethione	inchikey	1	TRUE	TRUE	5.45699975873504e-07	0.00136424993968376
CORTISONE	18853	MassBank	EQ319901	Cortisone	inchikey	1	TRUE	TRUE	4.00930002797395e-06	0.0100232500699349
VIGABATRIN	18860	MassBank	EQ362608	Vigabatrin	inchikey	1	TRUE	TRUE	1.39750000016647e-06	0.00349375000041618
Ibuprofen	18863	MassBank	EA020351	Ibuprofen	name_formula_mass	4	FALSE	TRUE	2.01779999997598e-05	0.0504449999993994
EDTA	18911	MassBank	EQ500556	Edetic Acid	inchikey_connectivity_formula_mass	2	FALSE	TRUE	3.44992000123057e-05	0.0862480000307642
CPD0-1581	18947	MassBank	EA019906	Trimethoprim	inchikey	1	TRUE	TRUE	9.53509999135349e-06	0.0238377499783837
CPD-14483	18994	MassBank	EQ326351	Glycyrrhetinic Acid	name_formula_mass	4	FALSE	TRUE	3.49999709214899e-08	7.44142534031832e-05
CPD-12479	19009	MassBank	EQ363254	Theophylline	inchikey	1	TRUE	TRUE	4.47819999749299e-06	0.0111954999937325
CPD-12479	19041	MassBank	EQ363255	Theophylline	inchikey	1	TRUE	TRUE	4.47819999749299e-06	0.0111954999937325
CPD-9776	19071	MassBank	EA281702	Cocaine	inchikey_connectivity_formula_mass	2	FALSE	TRUE	4.18323000417331e-05	0.104580750104333
CPD-9024	19107	MassBank	EQ333605	Allopurinol	inchikey	1	TRUE	TRUE	7.71299994539731e-07	0.00192824998634933
--EPHEDRINE	19150	MassBank	EA275803	Ephedrine	inchikey	1	TRUE	TRUE	3.58911999853717e-05	0.0897279999634293
CPD0-1327	19172	MassBank	EA256660	Fluorouracil	inchikey	1	FALSE	TRUE	4.44491000166636e-05	0.111122750041659
CPD-9195	19202	MassBank	EQ366108	Ampicillin	name_formula_mass	4	TRUE	TRUE	3.19609995358405e-06	0.00799024988396013
CPD-9953	19215	MassBank	EQ333502	Cathine	inchikey_connectivity_formula_mass	2	FALSE	TRUE	4.04460001846019e-06	0.0101115000461505
PROGESTERONE	19219	MassBank	EQ325503	Progesterone	inchikey	1	TRUE	TRUE	2.0720000293295e-07	0.000518000007332375
CPD-9776	19222	MassBank	EA281708	Cocaine	inchikey_connectivity_formula_mass	2	FALSE	TRUE	4.18323000417331e-05	0.104580750104333
CPD-12479	19229	MassBank	EQ363202	Theophylline	inchikey	1	TRUE	TRUE	4.47819999749299e-06	0.0111954999937325
CPD-12479	19234	MassBank	EQ363208	Theophylline	inchikey	1	TRUE	TRUE	4.47819999749299e-06	0.0111954999937325
CPD-20952	19246	MassBank	EA282209	Amphetamine	inchikey_connectivity_formula_mass	2	FALSE	TRUE	5.77500003373643e-07	0.00144375000843411
CPD-8766	19259	MassBank	EQ319002	2(3H)-Benzothiazolethione	inchikey	1	TRUE	TRUE	5.45699975873504e-07	0.00136424993968376
CPD-8766	19312	MassBank	EQ319052	2(3H)-Benzothiazolethione	inchikey	1	TRUE	TRUE	5.45699975873504e-07	0.00136424993968376
CPD-83	19324	MassBank	EQ324105	Resveratrol	inchikey	1	TRUE	TRUE	4.25150000182839e-06	0.010628750004571
CPD-110	19340	MassBank	EQ369654	Salicylic acid	inchikey_connectivity_formula_mass	2	FALSE	TRUE	4.05890000365616e-06	0.0101472500091404
--EPHEDRINE	19344	MassBank	EA275813	Ephedrine	inchikey	1	TRUE	TRUE	3.58911999853717e-05	0.0897279999634293
ADENOSINE	19427	MassBank	EQ330453	Adenosine	inchikey	1	TRUE	TRUE	3.93170000734244e-06	0.00982925001835611
CPD-9195	19437	MassBank	EQ366153	Ampicillin	name_formula_mass	4	TRUE	TRUE	3.19609995358405e-06	0.00799024988396013
CPD-14483	19438	MassBank	EQ326353	Glycyrrhetinic Acid	name_formula_mass	4	FALSE	TRUE	3.49999709214899e-08	7.44142534031832e-05
CPD-110	19440	MassBank	EQ369607	Salicylic acid	inchikey_connectivity_formula_mass	2	FALSE	TRUE	4.05890000365616e-06	0.0101472500091404
CPD-9776	19501	MassBank	EA281707	Cocaine	inchikey_connectivity_formula_mass	2	FALSE	TRUE	4.18323000417331e-05	0.104580750104333
DOPAMINE	19518	MassBank	EQ329906	Dopamine	inchikey_connectivity_formula_mass	2	FALSE	TRUE	1.39750000016647e-06	0.00349375000041618
CPD-5481	19528	MassBank	EQ360101	Forchlorfenuron	inchikey	1	FALSE	FALSE	3.31300014977387e-07	0.000828250037443468
CPD-15110	19541	MassBank	EQ328704	Zidovudine	inchikey	1	TRUE	TRUE	2.01565399590004	5039.1349897501
CPD-8766	19557	MassBank	EQ319053	2(3H)-Benzothiazolethione	inchikey	1	TRUE	TRUE	5.45699975873504e-07	0.00136424993968376
CORTISONE	19616	MassBank	EQ319908	Cortisone	inchikey	1	TRUE	TRUE	4.00930002797395e-06	0.0100232500699349
CPD-14483	19631	MassBank	EQ326304	Glycyrrhetinic Acid	name_formula_mass	4	FALSE	TRUE	3.49999709214899e-08	7.44142534031832e-05
CPD0-1581	19666	MassBank	EA019901	Trimethoprim	inchikey	1	TRUE	TRUE	9.53509999135349e-06	0.0238377499783837
CPD-110	19699	MassBank	EQ369606	Salicylic acid	inchikey_connectivity_formula_mass	2	FALSE	TRUE	4.05890000365616e-06	0.0101472500091404
CPD-20952	19730	MassBank	EA282208	Amphetamine	inchikey_connectivity_formula_mass	2	FALSE	TRUE	5.77500003373643e-07	0.00144375000843411
CORTISOL	19745	MassBank	EQ320104	Cortisol	inchikey	1	TRUE	TRUE	4.07350000841689e-06	0.0101837500210422
CPD-8766	19755	MassBank	EQ319056	2(3H)-Benzothiazolethione	inchikey	1	TRUE	TRUE	5.45699975873504e-07	0.00136424993968376
1-3-7-TRIMETHYLXANTHINE	19763	MassBank	EA030303	Caffeine	inchikey	1	TRUE	TRUE	2.44139999949766e-05	0.0610349999874416
CPD0-1327	19767	MassBank	EA256605	Fluorouracil	inchikey	1	FALSE	TRUE	4.44491000166636e-05	0.111122750041659
CPD-15877	19782	MassBank	EQ313604	Fluvastatin	name_formula_mass	4	FALSE	TRUE	3.47180002790992e-06	0.00844340994691399
CPD-9951	19808	MassBank	EQ368401	(-)-Norephedrine	name_formula_mass	4	FALSE	TRUE	4.04460001846019e-06	0.0101115000461505
CPD-83	19828	MassBank	EQ324103	Resveratrol	inchikey	1	TRUE	TRUE	4.25150000182839e-06	0.010628750004571
CPD-12479	19838	MassBank	EQ363203	Theophylline	inchikey	1	TRUE	TRUE	4.47819999749299e-06	0.0111954999937325
CPDQT-42	19845	MassBank	EQ419507	Sulfanilamide	name_formula_mass	4	TRUE	TRUE	4.82014000056097e-05	0.120503500014024
CPD-9777	19857	MassBank	EQ361906	Ecgonine-methyl-ester (EME)	name_formula_mass	4	FALSE	TRUE	3.41720001983958e-06	0.00854300004959896
CORTISOL	19895	MassBank	EQ320106	Cortisol	inchikey	1	TRUE	TRUE	4.07350000841689e-06	0.0101837500210422
EDTA	19904	MassBank	EQ500507	Edetic Acid	inchikey_connectivity_formula_mass	2	FALSE	TRUE	3.44992000123057e-05	0.0862480000307642
CPD-110	19918	MassBank	EQ369656	Salicylic acid	inchikey_connectivity_formula_mass	2	FALSE	TRUE	4.05890000365616e-06	0.0101472500091404
CPD-15877	19933	MassBank	EQ313601	Fluvastatin	name_formula_mass	4	FALSE	TRUE	3.47180002790992e-06	0.00844340994691399
CPD-15877	19955	MassBank	EQ313653	Fluvastatin	name_formula_mass	4	FALSE	TRUE	3.47180002790992e-06	0.00844340994691399
CPD-5481	19959	MassBank	EQ360155	Forchlorfenuron	inchikey	1	FALSE	FALSE	3.31300014977387e-07	0.000828250037443468
CPD-9776	20057	MassBank	EA281713	Cocaine	inchikey_connectivity_formula_mass	2	FALSE	TRUE	4.18323000417331e-05	0.104580750104333
CPD-9024	20065	MassBank	EQ333602	Allopurinol	inchikey	1	TRUE	TRUE	7.71299994539731e-07	0.00192824998634933
CPDQT-42	20135	MassBank	EQ419503	Sulfanilamide	name_formula_mass	4	TRUE	TRUE	4.82014000056097e-05	0.120503500014024
CPD-14483	20154	MassBank	EQ326302	Glycyrrhetinic Acid	name_formula_mass	4	FALSE	TRUE	3.49999709214899e-08	7.44142534031832e-05
CPD-15110	20183	MassBank	EQ328703	Zidovudine	inchikey	1	TRUE	TRUE	2.01565399590004	5039.1349897501
CODEINE	20191	MassBank	EA278010	Codeine	inchikey_connectivity_formula_mass	2	FALSE	TRUE	4.35455999650003e-05	0.108863999912501
ADENOSINE	20219	MassBank	EQ330452	Adenosine	inchikey	1	TRUE	TRUE	3.93170000734244e-06	0.00982925001835611
CPDQT-42	20232	MassBank	EQ419509	Sulfanilamide	name_formula_mass	4	TRUE	TRUE	4.82014000056097e-05	0.120503500014024
CPD-3141	20240	MassBank	EQ326558	Genistein	inchikey_connectivity_formula_mass	2	FALSE	TRUE	3.43149997661385e-06	0.00857874994153462
CPD-3141	20258	MassBank	EQ326555	Genistein	inchikey_connectivity_formula_mass	2	FALSE	TRUE	3.43149997661385e-06	0.00857874994153462
CPD0-1581	20260	MassBank	EA019914	Trimethoprim	inchikey	1	TRUE	TRUE	9.53509999135349e-06	0.0238377499783837
CPD0-1327	20263	MassBank	EA256653	Fluorouracil	inchikey	1	FALSE	TRUE	4.44491000166636e-05	0.111122750041659
CORTISONE	20292	MassBank	EQ319952	Cortisone	inchikey	1	TRUE	TRUE	4.00930002797395e-06	0.0100232500699349
CPD-12479	20310	MassBank	EQ363257	Theophylline	inchikey	1	TRUE	TRUE	4.47819999749299e-06	0.0111954999937325
CPD-9953	20376	MassBank	EQ333506	Cathine	inchikey_connectivity_formula_mass	2	FALSE	TRUE	4.04460001846019e-06	0.0101115000461505
CPD-9777	20394	MassBank	EQ361903	Ecgonine-methyl-ester (EME)	name_formula_mass	4	FALSE	TRUE	3.41720001983958e-06	0.00854300004959896
CPD-9024	20400	MassBank	EQ333606	Allopurinol	inchikey	1	TRUE	TRUE	7.71299994539731e-07	0.00192824998634933
CODEINE	20405	MassBank	EA278013	Codeine	inchikey_connectivity_formula_mass	2	FALSE	TRUE	4.35455999650003e-05	0.108863999912501
CPD-5481	20411	MassBank	EQ360156	Forchlorfenuron	inchikey	1	FALSE	FALSE	3.31300014977387e-07	0.000828250037443468
CPD0-1581	20431	MassBank	EA019912	Trimethoprim	inchikey	1	TRUE	TRUE	9.53509999135349e-06	0.0238377499783837
CPD0-1327	20466	MassBank	EA256658	Fluorouracil	inchikey	1	FALSE	TRUE	4.44491000166636e-05	0.111122750041659
CPD-9024	20493	MassBank	EQ333601	Allopurinol	inchikey	1	TRUE	TRUE	7.71299994539731e-07	0.00192824998634933
CPD-20952	20560	MassBank	EA282202	Amphetamine	inchikey_connectivity_formula_mass	2	FALSE	TRUE	5.77500003373643e-07	0.00144375000843411
MORPHINE	20569	MassBank	EA274413	Morphine	inchikey_connectivity_formula_mass	2	FALSE	TRUE	1.85999624591204e-08	4.64999061478011e-05
CPD-12479	20592	MassBank	EQ363201	Theophylline	inchikey	1	TRUE	TRUE	4.47819999749299e-06	0.0111954999937325
--EPHEDRINE	20599	MassBank	EA275808	Ephedrine	inchikey	1	TRUE	TRUE	3.58911999853717e-05	0.0897279999634293
ATROPINE	20634	MassBank	EQ333405	Atropine	inchikey_connectivity_formula_mass	2	FALSE	TRUE	3.6097999895901e-06	0.00902449997397525
CPD-9953	20636	MassBank	EQ333501	Cathine	inchikey_connectivity_formula_mass	2	FALSE	TRUE	4.04460001846019e-06	0.0101115000461505
CPD-3141	20641	MassBank	EQ326509	Genistein	inchikey_connectivity_formula_mass	2	FALSE	TRUE	3.43149997661385e-06	0.00857874994153462
VIGABATRIN	20668	MassBank	EQ362601	Vigabatrin	inchikey	1	TRUE	TRUE	1.39750000016647e-06	0.00349375000041618
CPD-9951	20696	MassBank	EQ368405	(-)-Norephedrine	name_formula_mass	4	FALSE	TRUE	4.04460001846019e-06	0.0101115000461505
EDTA	20719	MassBank	EQ500505	Edetic Acid	inchikey_connectivity_formula_mass	2	FALSE	TRUE	3.44992000123057e-05	0.0862480000307642
NICOTINE	20724	MassBank	EQ300804	Nicotine	inchikey_connectivity_formula_mass	2	FALSE	TRUE	1.54020000309174e-06	0.00385050000772935
CPD-3141	20752	MassBank	EQ326501	Genistein	inchikey_connectivity_formula_mass	2	FALSE	TRUE	3.43149997661385e-06	0.00857874994153462
CORTISONE	20758	MassBank	EQ319953	Cortisone	inchikey	1	TRUE	TRUE	4.00930002797395e-06	0.0100232500699349
CPD-12479	20768	MassBank	EQ363251	Theophylline	inchikey	1	TRUE	TRUE	4.47819999749299e-06	0.0111954999937325
CPD0-1581	20817	MassBank	EA019902	Trimethoprim	inchikey	1	TRUE	TRUE	9.53509999135349e-06	0.0238377499783837
LINOLEIC_ACID	20822	MassBank	EQ331603	Linoleic acid	inchikey_connectivity_formula_mass	2	FALSE	TRUE	2.71399983375886e-07	0.000678499958439716
1-3-7-TRIMETHYLXANTHINE	20834	MassBank	EA030305	Caffeine	inchikey	1	TRUE	TRUE	2.44139999949766e-05	0.0610349999874416
CPD-9195	20855	MassBank	EQ366155	Ampicillin	name_formula_mass	4	TRUE	TRUE	3.19609995358405e-06	0.00799024988396013
CPD-3141	20913	MassBank	EQ326551	Genistein	inchikey_connectivity_formula_mass	2	FALSE	TRUE	3.43149997661385e-06	0.00857874994153462
CPD-12479	20920	MassBank	EQ363205	Theophylline	inchikey	1	TRUE	TRUE	4.47819999749299e-06	0.0111954999937325
NICOTINE	20935	MassBank	EQ300805	Nicotine	inchikey_connectivity_formula_mass	2	FALSE	TRUE	1.54020000309174e-06	0.00385050000772935
1-3-7-TRIMETHYLXANTHINE	20959	MassBank	EA030311	Caffeine	inchikey	1	TRUE	TRUE	2.44139999949766e-05	0.0610349999874416
CPD-5481	20966	MassBank	EQ360154	Forchlorfenuron	inchikey	1	FALSE	FALSE	3.31300014977387e-07	0.000828250037443468
CPD-110	21032	MassBank	EQ369603	Salicylic acid	inchikey_connectivity_formula_mass	2	FALSE	TRUE	4.05890000365616e-06	0.0101472500091404
Ibuprofen	21038	MassBank	EA020306	Ibuprofen	name_formula_mass	4	FALSE	TRUE	2.01779999997598e-05	0.0504449999993994
CODEINE	21048	MassBank	EA278007	Codeine	inchikey_connectivity_formula_mass	2	FALSE	TRUE	4.35455999650003e-05	0.108863999912501
1-3-7-TRIMETHYLXANTHINE	21078	MassBank	EA030307	Caffeine	inchikey	1	TRUE	TRUE	2.44139999949766e-05	0.0610349999874416
ATROPINE	21098	MassBank	EQ333401	Atropine	inchikey_connectivity_formula_mass	2	FALSE	TRUE	3.6097999895901e-06	0.00902449997397525
1-3-7-TRIMETHYLXANTHINE	21109	MassBank	EA030314	Caffeine	inchikey	1	TRUE	TRUE	2.44139999949766e-05	0.0610349999874416
CORTISOL	21133	MassBank	EQ320101	Cortisol	inchikey	1	TRUE	TRUE	4.07350000841689e-06	0.0101837500210422
CORTISONE	21137	MassBank	EQ319958	Cortisone	inchikey	1	TRUE	TRUE	4.00930002797395e-06	0.0100232500699349
DOPAMINE	21167	MassBank	EQ329903	Dopamine	inchikey_connectivity_formula_mass	2	FALSE	TRUE	1.39750000016647e-06	0.00349375000041618
CPD0-1327	21169	MassBank	EA256662	Fluorouracil	inchikey	1	FALSE	TRUE	4.44491000166636e-05	0.111122750041659
DOPAMINE	21230	MassBank	EQ329905	Dopamine	inchikey_connectivity_formula_mass	2	FALSE	TRUE	1.39750000016647e-06	0.00349375000041618
1-3-7-TRIMETHYLXANTHINE	21258	MassBank	EA030309	Caffeine	inchikey	1	TRUE	TRUE	2.44139999949766e-05	0.0610349999874416
CPD0-1327	21304	MassBank	EA256608	Fluorouracil	inchikey	1	FALSE	TRUE	4.44491000166636e-05	0.111122750041659
CORTISONE	21359	MassBank	EQ319955	Cortisone	inchikey	1	TRUE	TRUE	4.00930002797395e-06	0.0100232500699349
VIGABATRIN	21362	MassBank	EQ362605	Vigabatrin	inchikey	1	TRUE	TRUE	1.39750000016647e-06	0.00349375000041618
CPD-8766	21368	MassBank	EQ319009	2(3H)-Benzothiazolethione	inchikey	1	TRUE	TRUE	5.45699975873504e-07	0.00136424993968376
CPD0-1581	21404	MassBank	EA019908	Trimethoprim	inchikey	1	TRUE	TRUE	9.53509999135349e-06	0.0238377499783837
CPD-14834	21426	MassBank	EQ302402	(-)-alpha-Narcotine	inchikey	1	TRUE	TRUE	2.09820001373373e-06	0.00507857425497329
CORTISOL	21431	MassBank	EQ320107	Cortisol	inchikey	1	TRUE	TRUE	4.07350000841689e-06	0.0101837500210422
CODEINE	21479	MassBank	EA278002	Codeine	inchikey_connectivity_formula_mass	2	FALSE	TRUE	4.35455999650003e-05	0.108863999912501
MORPHINE	21494	MassBank	EA274414	Morphine	inchikey_connectivity_formula_mass	2	FALSE	TRUE	1.85999624591204e-08	4.64999061478011e-05
EDTA	21495	MassBank	EQ500554	Edetic Acid	inchikey_connectivity_formula_mass	2	FALSE	TRUE	3.44992000123057e-05	0.0862480000307642
VIGABATRIN	21514	MassBank	EQ362609	Vigabatrin	inchikey	1	TRUE	TRUE	1.39750000016647e-06	0.00349375000041618
CPD-9777	21521	MassBank	EQ361905	Ecgonine-methyl-ester (EME)	name_formula_mass	4	FALSE	TRUE	3.41720001983958e-06	0.00854300004959896
CPDQT-42	21569	MassBank	EQ419506	Sulfanilamide	name_formula_mass	4	TRUE	TRUE	4.82014000056097e-05	0.120503500014024
Ibuprofen	21592	MassBank	EA020364	Ibuprofen	name_formula_mass	4	FALSE	TRUE	2.01779999997598e-05	0.0504449999993994
CPD0-1327	21597	MassBank	EA256654	Fluorouracil	inchikey	1	FALSE	TRUE	4.44491000166636e-05	0.111122750041659
CPD-14483	21630	MassBank	EQ326358	Glycyrrhetinic Acid	name_formula_mass	4	FALSE	TRUE	3.49999709214899e-08	7.44142534031832e-05
CPD-9024	21631	MassBank	EQ333604	Allopurinol	inchikey	1	TRUE	TRUE	7.71299994539731e-07	0.00192824998634933
CPD-3141	21728	MassBank	EQ326508	Genistein	inchikey_connectivity_formula_mass	2	FALSE	TRUE	3.43149997661385e-06	0.00857874994153462
CORTISOL	21748	MassBank	EQ320108	Cortisol	inchikey	1	TRUE	TRUE	4.07350000841689e-06	0.0101837500210422
ADENOSINE	21785	MassBank	EQ330403	Adenosine	inchikey	1	TRUE	TRUE	3.93170000734244e-06	0.00982925001835611
CPD-3141	21803	MassBank	EQ326557	Genistein	inchikey_connectivity_formula_mass	2	FALSE	TRUE	3.43149997661385e-06	0.00857874994153462
CODEINE	21870	MassBank	EA278012	Codeine	inchikey_connectivity_formula_mass	2	FALSE	TRUE	4.35455999650003e-05	0.108863999912501
CORTISONE	21875	MassBank	EQ319906	Cortisone	inchikey	1	TRUE	TRUE	4.00930002797395e-06	0.0100232500699349
CPD0-1327	21896	MassBank	EA256611	Fluorouracil	inchikey	1	FALSE	TRUE	4.44491000166636e-05	0.111122750041659
CPD0-1581	21922	MassBank	EA019909	Trimethoprim	inchikey	1	TRUE	TRUE	9.53509999135349e-06	0.0238377499783837
CPD0-1327	21960	MassBank	EA256652	Fluorouracil	inchikey	1	FALSE	TRUE	4.44491000166636e-05	0.111122750041659
CPD-9776	22030	MassBank	EA281714	Cocaine	inchikey_connectivity_formula_mass	2	FALSE	TRUE	4.18323000417331e-05	0.104580750104333
CPD-15877	22059	MassBank	EQ313652	Fluvastatin	name_formula_mass	4	FALSE	TRUE	3.47180002790992e-06	0.00844340994691399
CPD0-1327	22082	MassBank	EA256663	Fluorouracil	inchikey	1	FALSE	TRUE	4.44491000166636e-05	0.111122750041659
CPD-15110	22092	MassBank	EQ328706	Zidovudine	inchikey	1	TRUE	TRUE	2.01565399590004	5039.1349897501
CPD-15877	22104	MassBank	EQ313656	Fluvastatin	name_formula_mass	4	FALSE	TRUE	3.47180002790992e-06	0.00844340994691399
CPD-9195	22119	MassBank	EQ366151	Ampicillin	name_formula_mass	4	TRUE	TRUE	3.19609995358405e-06	0.00799024988396013
CPD-9776	22187	MassBank	EA281711	Cocaine	inchikey_connectivity_formula_mass	2	FALSE	TRUE	4.18323000417331e-05	0.104580750104333
CORTISONE	22197	MassBank	EQ319903	Cortisone	inchikey	1	TRUE	TRUE	4.00930002797395e-06	0.0100232500699349
LINOLEIC_ACID	22229	MassBank	EQ331654	Linoleic acid	inchikey_connectivity_formula_mass	2	FALSE	TRUE	2.71399983375886e-07	0.000678499958439716
CPD-15877	22240	MassBank	EQ313654	Fluvastatin	name_formula_mass	4	FALSE	TRUE	3.47180002790992e-06	0.00844340994691399
CPD-15877	22261	MassBank	EQ313605	Fluvastatin	name_formula_mass	4	FALSE	TRUE	3.47180002790992e-06	0.00844340994691399
1-3-7-TRIMETHYLXANTHINE	22268	MassBank	EA030313	Caffeine	inchikey	1	TRUE	TRUE	2.44139999949766e-05	0.0610349999874416
Ibuprofen	22285	MassBank	EA020302	Ibuprofen	name_formula_mass	4	FALSE	TRUE	2.01779999997598e-05	0.0504449999993994
EDTA	22321	MassBank	EQ500553	Edetic Acid	inchikey_connectivity_formula_mass	2	FALSE	TRUE	3.44992000123057e-05	0.0862480000307642
DOPAMINE	22393	MassBank	EQ329952	Dopamine	inchikey_connectivity_formula_mass	2	FALSE	TRUE	1.39750000016647e-06	0.00349375000041618
ATROPINE	22412	MassBank	EQ333404	Atropine	inchikey_connectivity_formula_mass	2	FALSE	TRUE	3.6097999895901e-06	0.00902449997397525
CPD-8766	22414	MassBank	EQ319055	2(3H)-Benzothiazolethione	inchikey	1	TRUE	TRUE	5.45699975873504e-07	0.00136424993968376
VIGABATRIN	22431	MassBank	EQ362604	Vigabatrin	inchikey	1	TRUE	TRUE	1.39750000016647e-06	0.00349375000041618
CPD-9024	22433	MassBank	EQ333654	Allopurinol	inchikey	1	TRUE	TRUE	7.71299994539731e-07	0.00192824998634933
CPD0-1327	22511	MassBank	EA256606	Fluorouracil	inchikey	1	FALSE	TRUE	4.44491000166636e-05	0.111122750041659
--EPHEDRINE	22528	MassBank	EA275812	Ephedrine	inchikey	1	TRUE	TRUE	3.58911999853717e-05	0.0897279999634293
DOPAMINE	22534	MassBank	EQ329904	Dopamine	inchikey_connectivity_formula_mass	2	FALSE	TRUE	1.39750000016647e-06	0.00349375000041618
CPD-9951	22562	MassBank	EQ368408	(-)-Norephedrine	name_formula_mass	4	FALSE	TRUE	4.04460001846019e-06	0.0101115000461505
CPD-3141	22570	MassBank	EQ326504	Genistein	inchikey_connectivity_formula_mass	2	FALSE	TRUE	3.43149997661385e-06	0.00857874994153462
CPD-9024	22574	MassBank	EQ333651	Allopurinol	inchikey	1	TRUE	TRUE	7.71299994539731e-07	0.00192824998634933
DOPAMINE	22594	MassBank	EQ329953	Dopamine	inchikey_connectivity_formula_mass	2	FALSE	TRUE	1.39750000016647e-06	0.00349375000041618
CPD-9776	22597	MassBank	EA281706	Cocaine	inchikey_connectivity_formula_mass	2	FALSE	TRUE	4.18323000417331e-05	0.104580750104333
NICOTINE	22599	MassBank	EQ300803	Nicotine	inchikey_connectivity_formula_mass	2	FALSE	TRUE	1.54020000309174e-06	0.00385050000772935
CPD-9777	22605	MassBank	EQ361907	Ecgonine-methyl-ester (EME)	name_formula_mass	4	FALSE	TRUE	3.41720001983958e-06	0.00854300004959896
--EPHEDRINE	22612	MassBank	EA275802	Ephedrine	inchikey	1	TRUE	TRUE	3.58911999853717e-05	0.0897279999634293
CORTISONE	22613	MassBank	EQ319954	Cortisone	inchikey	1	TRUE	TRUE	4.00930002797395e-06	0.0100232500699349
CPD-3141	22637	MassBank	EQ326553	Genistein	inchikey_connectivity_formula_mass	2	FALSE	TRUE	3.43149997661385e-06	0.00857874994153462
CPD-9951	22648	MassBank	EQ368409	(-)-Norephedrine	name_formula_mass	4	FALSE	TRUE	4.04460001846019e-06	0.0101115000461505
LINOLEIC_ACID	22676	MassBank	EQ331652	Linoleic acid	inchikey_connectivity_formula_mass	2	FALSE	TRUE	2.71399983375886e-07	0.000678499958439716
CPD0-1327	22711	MassBank	EA256657	Fluorouracil	inchikey	1	FALSE	TRUE	4.44491000166636e-05	0.111122750041659
NICOTINE	22739	MassBank	EQ300806	Nicotine	inchikey_connectivity_formula_mass	2	FALSE	TRUE	1.54020000309174e-06	0.00385050000772935
CODEINE	22742	MassBank	EA278003	Codeine	inchikey_connectivity_formula_mass	2	FALSE	TRUE	4.35455999650003e-05	0.108863999912501
CPD-9776	22753	MassBank	EA281705	Cocaine	inchikey_connectivity_formula_mass	2	FALSE	TRUE	4.18323000417331e-05	0.104580750104333
VIGABATRIN	22817	MassBank	EQ362603	Vigabatrin	inchikey	1	TRUE	TRUE	1.39750000016647e-06	0.00349375000041618
CPD-20952	22878	MassBank	EA282204	Amphetamine	inchikey_connectivity_formula_mass	2	FALSE	TRUE	5.77500003373643e-07	0.00144375000843411
CPD-8766	22892	MassBank	EQ319003	2(3H)-Benzothiazolethione	inchikey	1	TRUE	TRUE	5.45699975873504e-07	0.00136424993968376
CPD-9195	22893	MassBank	EQ366106	Ampicillin	name_formula_mass	4	TRUE	TRUE	3.19609995358405e-06	0.00799024988396013
CPD-5481	22931	MassBank	EQ360152	Forchlorfenuron	inchikey	1	FALSE	FALSE	3.31300014977387e-07	0.000828250037443468
CPD-110	22957	MassBank	EQ369653	Salicylic acid	inchikey_connectivity_formula_mass	2	FALSE	TRUE	4.05890000365616e-06	0.0101472500091404
CPD0-1327	22981	MassBank	EA256603	Fluorouracil	inchikey	1	FALSE	TRUE	4.44491000166636e-05	0.111122750041659
Ibuprofen	23002	MassBank	EA020352	Ibuprofen	name_formula_mass	4	FALSE	TRUE	2.01779999997598e-05	0.0504449999993994
Ibuprofen	23018	MassBank	EA020301	Ibuprofen	name_formula_mass	4	FALSE	TRUE	2.01779999997598e-05	0.0504449999993994
1-3-7-TRIMETHYLXANTHINE	23038	MassBank	EA030304	Caffeine	inchikey	1	TRUE	TRUE	2.44139999949766e-05	0.0610349999874416
CPD-8766	23052	MassBank	EQ319058	2(3H)-Benzothiazolethione	inchikey	1	TRUE	TRUE	5.45699975873504e-07	0.00136424993968376
ATROPINE	23053	MassBank	EQ333402	Atropine	inchikey_connectivity_formula_mass	2	FALSE	TRUE	3.6097999895901e-06	0.00902449997397525
Ibuprofen	23109	MassBank	EA020310	Ibuprofen	name_formula_mass	4	FALSE	TRUE	2.01779999997598e-05	0.0504449999993994
CORTISONE	23122	MassBank	EQ319902	Cortisone	inchikey	1	TRUE	TRUE	4.00930002797395e-06	0.0100232500699349
Ibuprofen	23135	MassBank	EA020304	Ibuprofen	name_formula_mass	4	FALSE	TRUE	2.01779999997598e-05	0.0504449999993994
MORPHINE	23228	MassBank	EA274410	Morphine	inchikey_connectivity_formula_mass	2	FALSE	TRUE	1.85999624591204e-08	4.64999061478011e-05
CPD-14483	23231	MassBank	EQ326307	Glycyrrhetinic Acid	name_formula_mass	4	FALSE	TRUE	3.49999709214899e-08	7.44142534031832e-05
CPD-9777	23237	MassBank	EQ361902	Ecgonine-methyl-ester (EME)	name_formula_mass	4	FALSE	TRUE	3.41720001983958e-06	0.00854300004959896
MORPHINE	23285	MassBank	EA274407	Morphine	inchikey_connectivity_formula_mass	2	FALSE	TRUE	1.85999624591204e-08	4.64999061478011e-05
CPD-9195	23318	MassBank	EQ366102	Ampicillin	name_formula_mass	4	TRUE	TRUE	3.19609995358405e-06	0.00799024988396013
CPD-12479	23321	MassBank	EQ363259	Theophylline	inchikey	1	TRUE	TRUE	4.47819999749299e-06	0.0111954999937325
CPD-110	23337	MassBank	EQ369651	Salicylic acid	inchikey_connectivity_formula_mass	2	FALSE	TRUE	4.05890000365616e-06	0.0101472500091404
CPD-9024	23371	MassBank	EQ333603	Allopurinol	inchikey	1	TRUE	TRUE	7.71299994539731e-07	0.00192824998634933
PROGESTERONE	23382	MassBank	EQ325504	Progesterone	inchikey	1	TRUE	TRUE	2.0720000293295e-07	0.000518000007332375
CPD-9951	23402	MassBank	EQ368406	(-)-Norephedrine	name_formula_mass	4	FALSE	TRUE	4.04460001846019e-06	0.0101115000461505
CPD-14483	23466	MassBank	EQ326308	Glycyrrhetinic Acid	name_formula_mass	4	FALSE	TRUE	3.49999709214899e-08	7.44142534031832e-05
ADENOSINE	23488	MassBank	EQ330455	Adenosine	inchikey	1	TRUE	TRUE	3.93170000734244e-06	0.00982925001835611
CPD-12479	23514	MassBank	EQ363207	Theophylline	inchikey	1	TRUE	TRUE	4.47819999749299e-06	0.0111954999937325
PROGESTERONE	23521	MassBank	EQ325505	Progesterone	inchikey	1	TRUE	TRUE	2.0720000293295e-07	0.000518000007332375
CODEINE	23522	MassBank	EA278004	Codeine	inchikey_connectivity_formula_mass	2	FALSE	TRUE	4.35455999650003e-05	0.108863999912501
CPD-9776	23632	MassBank	EA281709	Cocaine	inchikey_connectivity_formula_mass	2	FALSE	TRUE	4.18323000417331e-05	0.104580750104333
EDTA	23678	MassBank	EQ500508	Edetic Acid	inchikey_connectivity_formula_mass	2	FALSE	TRUE	3.44992000123057e-05	0.0862480000307642
EDTA	23697	MassBank	EQ500555	Edetic Acid	inchikey_connectivity_formula_mass	2	FALSE	TRUE	3.44992000123057e-05	0.0862480000307642
CPD-14483	23723	MassBank	EQ326309	Glycyrrhetinic Acid	name_formula_mass	4	FALSE	TRUE	3.49999709214899e-08	7.44142534031832e-05
CPD-9951	23742	MassBank	EQ368404	(-)-Norephedrine	name_formula_mass	4	FALSE	TRUE	4.04460001846019e-06	0.0101115000461505
CPD0-1581	23751	MassBank	EA019905	Trimethoprim	inchikey	1	TRUE	TRUE	9.53509999135349e-06	0.0238377499783837
CORTISONE	23754	MassBank	EQ319957	Cortisone	inchikey	1	TRUE	TRUE	4.00930002797395e-06	0.0100232500699349
CPD-14483	23791	MassBank	EQ326305	Glycyrrhetinic Acid	name_formula_mass	4	FALSE	TRUE	3.49999709214899e-08	7.44142534031832e-05
CPD-8926	23842	MassBank	EA032914	Clotrimazole	inchikey	1	FALSE	FALSE	2.62661000078879e-05	0.0656652500197197
CPD-15110	23902	MassBank	EQ328705	Zidovudine	inchikey	1	TRUE	TRUE	2.01565399590004	5039.1349897501
CPD-9953	23906	MassBank	EQ333505	Cathine	inchikey_connectivity_formula_mass	2	FALSE	TRUE	4.04460001846019e-06	0.0101115000461505
CPD-9777	23932	MassBank	EQ361904	Ecgonine-methyl-ester (EME)	name_formula_mass	4	FALSE	TRUE	3.41720001983958e-06	0.00854300004959896
CPD0-1327	24024	MassBank	EA256614	Fluorouracil	inchikey	1	FALSE	TRUE	4.44491000166636e-05	0.111122750041659
--EPHEDRINE	24033	MassBank	EA275814	Ephedrine	inchikey	1	TRUE	TRUE	3.58911999853717e-05	0.0897279999634293
CPD-15877	24082	MassBank	EQ313602	Fluvastatin	name_formula_mass	4	FALSE	TRUE	3.47180002790992e-06	0.00844340994691399
CPD0-1581	24094	MassBank	EA019913	Trimethoprim	inchikey	1	TRUE	TRUE	9.53509999135349e-06	0.0238377499783837
--EPHEDRINE	24136	MassBank	EA275811	Ephedrine	inchikey	1	TRUE	TRUE	3.58911999853717e-05	0.0897279999634293
CPD-15877	24206	MassBank	EQ313606	Fluvastatin	name_formula_mass	4	FALSE	TRUE	3.47180002790992e-06	0.00844340994691399
CPD-9951	24222	MassBank	EQ368402	(-)-Norephedrine	name_formula_mass	4	FALSE	TRUE	4.04460001846019e-06	0.0101115000461505
CPD-20952	24242	MassBank	EA282205	Amphetamine	inchikey_connectivity_formula_mass	2	FALSE	TRUE	5.77500003373643e-07	0.00144375000843411
CPD-9024	24266	MassBank	EQ333652	Allopurinol	inchikey	1	TRUE	TRUE	7.71299994539731e-07	0.00192824998634933
CPD-3141	24289	MassBank	EQ326502	Genistein	inchikey_connectivity_formula_mass	2	FALSE	TRUE	3.43149997661385e-06	0.00857874994153462
CPD-9776	24297	MassBank	EA281710	Cocaine	inchikey_connectivity_formula_mass	2	FALSE	TRUE	4.18323000417331e-05	0.104580750104333
LINOLEIC_ACID	24319	MassBank	EQ331651	Linoleic acid	inchikey_connectivity_formula_mass	2	FALSE	TRUE	2.71399983375886e-07	0.000678499958439716
DOPAMINE	24327	MassBank	EQ329956	Dopamine	inchikey_connectivity_formula_mass	2	FALSE	TRUE	1.39750000016647e-06	0.00349375000041618
CODEINE	24351	MassBank	EA278006	Codeine	inchikey_connectivity_formula_mass	2	FALSE	TRUE	4.35455999650003e-05	0.108863999912501
CPD-5481	24372	MassBank	EQ360151	Forchlorfenuron	inchikey	1	FALSE	FALSE	3.31300014977387e-07	0.000828250037443468
CPD-110	24406	MassBank	EQ369659	Salicylic acid	inchikey_connectivity_formula_mass	2	FALSE	TRUE	4.05890000365616e-06	0.0101472500091404
CPD-14834	24414	MassBank	EQ302406	(-)-alpha-Narcotine	inchikey	1	TRUE	TRUE	2.09820001373373e-06	0.00507857425497329
CODEINE	24415	MassBank	EA278005	Codeine	inchikey_connectivity_formula_mass	2	FALSE	TRUE	4.35455999650003e-05	0.108863999912501
Ibuprofen	24456	MassBank	EA020305	Ibuprofen	name_formula_mass	4	FALSE	TRUE	2.01779999997598e-05	0.0504449999993994
Methylhexadecanoates	25581	MassBank	JP006249	Methyl hexadecanoic acid	smiles_formula_mass	3	TRUE	TRUE	3.35600020662241e-07	0.000839000051655603
--MENTHOL	25601	MassBank	JP002472	Menthol	inchikey	1	TRUE	TRUE	4.73590000638069e-06	0.0118397500159517
CPD-7978	25625	MassBank	JP007633	Geraniol	inchikey	1	TRUE	TRUE	4.80010001524533e-06	0.0120002500381133
CPD-8239	25691	MassBank	JP009859	trans-beta-Farnesene	inchikey	1	TRUE	TRUE	7.70399992688908e-07	0.00192599998172227
L-LEUCYL-L-LEUCINE	25720	MassBank	JP009556	Leucyl-leucine	name_formula_mass	4	TRUE	TRUE	2.64710001829371e-06	0.00661775004573428
PIPERIDINE	25742	MassBank	JP005858	Piperidine	inchikey_connectivity_formula_mass	2	FALSE	TRUE	6.41699998027434e-07	0.00160424999506859
CPD-8234	25783	MassBank	JP000330	COPAENE	name_formula_mass	4	TRUE	TRUE	7.70399992688908e-07	0.00192599998172227
CPD-6482	25795	MassBank	JP000747	Methyleugenol	inchikey	1	TRUE	TRUE	3.06399982719086e-07	0.000765999956797714
CPD-352	25808	MassBank	JP007247	Estradiol	inchikey	1	TRUE	TRUE	1.46000047607231e-08	3.65000119018077e-05
LANOSTEROL	25811	MassBank	JP002696	Lanosterol	inchikey	1	TRUE	TRUE	3.77290001551955e-06	0.00884855165190807
CINNAMYL-ALC	25818	MassBank	JP007348	trans-Cinnamyl alcohol	inchikey	1	TRUE	TRUE	4.94310000931364e-06	0.0123577500232841
CPD-6421	25820	MassBank	JP005395	(E)-methyl ester 3-phenyl-2-propenoic acid	inchikey	1	TRUE	TRUE	4.34800028870086e-07	0.00108700007217521
CPD-8779	25831	MassBank	JP004049	3-Methoxybenzaldehyde	inchikey	1	TRUE	TRUE	4.98999980891313e-07	0.00124749995222828
PYRIDINE	25882	MassBank	JP003926	Pyridine	inchikey	1	TRUE	TRUE	8.34299996199661e-07	0.00208574999049915
Methylhexadecanoates	25918	MassBank	JP006223	Methyl hexadecanoic acid	smiles_formula_mass	3	TRUE	TRUE	3.35600020662241e-07	0.000839000051655603
CPD-12479	25921	MassBank	JP002818	Theophylline	inchikey	1	TRUE	TRUE	4.47819999749299e-06	0.0111954999937325
CPD-21652	25943	MassBank	JP010674	ALPHA-SELINENE	inchikey	1	TRUE	TRUE	7.70399992688908e-07	0.00192599998172227
CPD-14452	25945	MassBank	JP003532	Scoparone	inchikey	1	TRUE	TRUE	1.19059998837656e-06	0.0029764999709414
PHTHALATE	25953	MassBank	JP010464	Phthalic acid	inchikey_connectivity_formula_mass	2	FALSE	TRUE	1.31900000610585e-06	0.00329750001526463
ISOBUTANOL	25968	MassBank	JP007110	Isobutanol	inchikey	1	TRUE	TRUE	4.94309999510278e-06	0.012357749987757
CPD-6443	25975	MassBank	JP005411	Benzyl benzoate	inchikey	1	TRUE	TRUE	3.70599991583731e-07	0.000926499978959328
CPD-6722	25981	MassBank	JP001123	3'-(gamma,gamma-Dimethylallyl)genistein	inchikey_connectivity_formula_mass	2	FALSE	TRUE	3.68830001207243e-06	0.00922075003018108
CPD-8798	26020	MassBank	JP010693	(+)-ALPHA-MUUROLENE	name_formula_mass	4	TRUE	TRUE	7.70399992688908e-07	0.00192599998172227
CPD-8983	26030	MassBank	JP003273	1-Fluoro-2,4-dinitrobenzene	inchikey	1	FALSE	TRUE	4.03130492350002	10078.26230875
CPD-6481	26031	MassBank	JP007575	Eugenol	inchikey	1	TRUE	TRUE	3.7060002000544e-07	0.000926500050013601
CPD-9776	26034	MassBank	JP003162	Cocaine	inchikey_connectivity_formula_mass	2	FALSE	TRUE	1.83230002903656e-06	0.0045807500725914
2-METHYL-3-PHYTYL-14-NAPHTHOQUINONE	26060	MassBank	JP006238	Vitamin K1	inchikey	1	TRUE	TRUE	7.20800017006695e-07	0.00160053373591751
CPD-8233	26062	MassBank	JP002840	alpha-Humulene	inchikey	1	TRUE	TRUE	7.70399992688908e-07	0.00192599998172227
CPD0-1264	26084	MassBank	JP003897	Suberic acid	inchikey_connectivity_formula_mass	2	FALSE	TRUE	1.06219999906898e-06	0.00265549999767245
CPD0-1327	26088	MassBank	JP005568	Fluorouracil	inchikey	1	FALSE	TRUE	4.44910003238874e-06	0.0111227500809719
CPD-313	26100	MassBank	JP003994	1,3-Diaminopropane	inchikey_connectivity_formula_mass	2	FALSE	TRUE	1.66860000661018e-06	0.00417150001652544
CPD-8097	26104	MassBank	JP004081	Aesculetin	inchikey	1	TRUE	TRUE	1.31900000610585e-06	0.00329750001526463
GUANINE	26117	MassBank	JP011648	Guanine	inchikey	1	TRUE	TRUE	1.91400005178366e-07	0.000478500012945915
CPD0-1327	26121	MassBank	JP005560	Fluorouracil	inchikey	1	FALSE	TRUE	4.44910003238874e-06	0.0111227500809719
TEREPHTHALATE	26122	MassBank	JP009592	Terephthalic acid	inchikey_connectivity_formula_mass	2	FALSE	TRUE	1.31900000610585e-06	0.00329750001526463
CPD-6441	26133	MassBank	JP008481	Methyl benzoate	inchikey	1	TRUE	TRUE	4.98999980891313e-07	0.00124749995222828
1-3-7-TRIMETHYLXANTHINE	26155	MassBank	JP003158	Caffeine	inchikey	1	TRUE	TRUE	4.41399998862835e-06	0.0110349999715709
PHENYLETHYLAMINE	26182	MassBank	JP005943	Phenylethylamine	inchikey_connectivity_formula_mass	2	FALSE	TRUE	6.41699998027434e-07	0.00160424999506859
ISOBUTANOL	26201	MassBank	JP000273	Isobutanol	inchikey	1	TRUE	TRUE	4.94309999510278e-06	0.012357749987757
TRANS-2-HEXENAL	26232	MassBank	JP008674	2-Hexenal	inchikey	1	TRUE	TRUE	4.94309999510278e-06	0.012357749987757
GERANIOL	26235	MassBank	JP003419	beta-Geraniol	inchikey	1	TRUE	TRUE	4.80010001524533e-06	0.0120002500381133
112-DIAMINOOCTANE	26237	MassBank	JP008314	1,12-DIAMINODODECANE	inchikey_connectivity_formula_mass	2	FALSE	TRUE	1.09079999788264e-06	0.0027269999947066
CAFFEOYLQUINATE	26259	MassBank	JP000136	Chlorogenic acid	inchikey_connectivity_formula_mass	2	FALSE	TRUE	2.17669997937264e-06	0.00544174994843161
CPD-19958	26268	MassBank	JP006388	Ethyl propionate	inchikey	1	TRUE	TRUE	4.34800000448377e-07	0.00108700000112094
CPD-6602	26269	MassBank	JP001420	Curcumin	name_formula_mass	4	TRUE	TRUE	3.74600006125547e-07	0.000936500015313868
PHENYLETHYLAMINE	26303	MassBank	JP002932	Phenylethylamine	inchikey_connectivity_formula_mass	2	FALSE	TRUE	6.41699998027434e-07	0.00160424999506859
PHENYLETHYLAMINE	26320	MassBank	JP009400	Phenylethylamine	inchikey_connectivity_formula_mass	2	FALSE	TRUE	6.41699998027434e-07	0.00160424999506859
GLUTARATE	26332	MassBank	JP003894	Glutaric acid	inchikey_connectivity_formula_mass	2	FALSE	TRUE	1.25479999724121e-06	0.00313699999310302
CPD-6481	26363	MassBank	JP009740	Eugenol	inchikey	1	TRUE	TRUE	3.7060002000544e-07	0.000926500050013601
CODEINE	26371	MassBank	JP003163	CODEINE	name_formula_mass	4	FALSE	TRUE	3.54560000914717e-06	0.00886400002286791
2-Phenyloxirane	26377	MassBank	JP004681	Styrene Oxide	inchikey	1	TRUE	TRUE	4.87890000044899e-06	0.0121972500011225
TRANS-2-HEXENAL	26381	MassBank	JP008764	2-Hexenal	inchikey	1	TRUE	TRUE	4.94309999510278e-06	0.012357749987757
CPD-18998	26480	MassBank	JP001195	Propyl acetate	inchikey	1	TRUE	TRUE	4.34800000448377e-07	0.00108700000112094
CPD-8246	26487	MassBank	JP002822	BETA-BISABOLENE	inchikey	1	TRUE	TRUE	7.70399992688908e-07	0.00192599998172227
CINNAMYL-ALC	26501	MassBank	JP005390	trans-Cinnamyl alcohol	inchikey	1	TRUE	TRUE	4.94310000931364e-06	0.0123577500232841
PREGNENOLONE	26510	MassBank	JP007248	Pregnenolone	inchikey	1	TRUE	TRUE	2.71399983375886e-07	0.000678499958439716
GLYCOLLATE	26539	MassBank	JP011908	Glycolic acid	inchikey_connectivity_formula_mass	2	FALSE	TRUE	3.99469999479152e-06	0.00998674998697879
CPD-8141	26590	MassBank	JP000700	7-HYDROXYFLAVONE	inchikey	1	TRUE	TRUE	4.18729999296374e-06	0.0104682499824094
4-hydroxybenzoate	26617	MassBank	JP010824	4-Hydroxybenzoic acid	inchikey_connectivity_formula_mass	2	FALSE	TRUE	4.05890000365616e-06	0.0101472500091404
CPD-8647	26624	MassBank	JP004105	4-(4-Hydroxyphenyl)-2-butanone	inchikey	1	TRUE	TRUE	3.7060002000544e-07	0.000926500050013601
CPD-4888	26636	MassBank	JP008399	beta-Myrcene	inchikey	1	TRUE	TRUE	5.13599985652036e-07	0.00128399996413009
CPD-13014	26647	MassBank	JP003357	Glycerol tributanoate	inchikey	1	TRUE	TRUE	1.43279999065271e-06	0.00358199997663178
PROGESTERONE	26653	MassBank	JP011649	Progesterone	inchikey	1	TRUE	TRUE	2.0720000293295e-07	0.000518000007332375
CPD-7620	26709	MassBank	JP008680	Heptanal	inchikey	1	TRUE	TRUE	4.92850000455292e-06	0.0123212500113823
PROPIONATE	26721	MassBank	JP009175	Propionic acid	inchikey_connectivity_formula_mass	2	FALSE	TRUE	5.63199989755958e-07	0.0014079999743899
Citronellols	26756	MassBank	JP007547	CITRONELLOL	inchikey	1	TRUE	TRUE	4.73590000638069e-06	0.0118397500159517
CPD-7875	26811	MassBank	JP007704	Tetradecanol	inchikey	1	TRUE	TRUE	4.41489999047917e-06	0.0110372499761979
N-BROMOSUCCINIMIDE	26821	MassBank	JP010448	N-BROMOSUCCINIMIDE	inchikey	1	FALSE	FALSE	9.77799970769411e-07	0.00244449992692353
ISOEUGENOL	26925	MassBank	JP009331	Isoeugenol	inchikey	1	TRUE	TRUE	3.7060002000544e-07	0.000926500050013601
CHOLESTEROL	26938	MassBank	JP003478	Cholesterol	inchikey	1	TRUE	TRUE	3.90130003324884e-06	0.00975325008312211
ISOMETHYLEUGENOL	26989	MassBank	JP009451	METHYLISOEUGENOL	inchikey	1	TRUE	TRUE	3.06399982719086e-07	0.000765999956797714
CPD-13220	26993	MassBank	JP001806	DIETHYL KETONE	inchikey	1	TRUE	TRUE	4.94309999510278e-06	0.012357749987757
ANILINE	27002	MassBank	JP010541	Aniline	inchikey	1	TRUE	TRUE	7.7010000154587e-07	0.00192525000386468
DINITROPHENYLHYDRAZINE	27104	MassBank	JP010444	2,4-Dinitrophenylhydrazine	inchikey	1	TRUE	TRUE	4.03130483019999	10078.2620755
CPD-4841	27108	MassBank	JP011612	2,6-Pyridinedicarboxylic acid	inchikey_connectivity_formula_mass	2	FALSE	TRUE	2.3459000146886e-06	0.00586475003672149
TRANS-2-HEXENAL	27133	MassBank	JP008203	2-Hexenal	inchikey	1	TRUE	TRUE	4.94309999510278e-06	0.012357749987757
CPD-7032	27169	MassBank	JP005672	Isopentanol	inchikey	1	TRUE	TRUE	4.99269999920671e-06	0.0124817499980168
CPD-352	27173	MassBank	JP004123	Estradiol	inchikey	1	TRUE	TRUE	1.46000047607231e-08	3.65000119018077e-05
CPD0-1327	27216	MassBank	JP005566	Fluorouracil	inchikey	1	FALSE	TRUE	4.44910003238874e-06	0.0111227500809719
GERANIAL	27231	MassBank	JP005516	Geranial	inchikey	1	TRUE	TRUE	4.86429999568827e-06	0.0121607499892207
2-Phenyloxirane	27234	MassBank	JP005424	Styrene Oxide	inchikey	1	TRUE	TRUE	4.87890000044899e-06	0.0121972500011225
CPD-7901	27237	MassBank	JP007053	2-Tridecanone	inchikey	1	TRUE	TRUE	4.54330000820846e-06	0.0113582500205212
CPD-8764	27265	MassBank	JP002833	ALPHA-FARNESENE	name_formula_mass	4	TRUE	TRUE	7.70399992688908e-07	0.00192599998172227
BUTYLAMINE	27266	MassBank	JP000230	1-Butylamine	inchikey_connectivity_formula_mass	2	FALSE	TRUE	6.41699998027434e-07	0.00160424999506859
CPD-19955	27267	MassBank	JP003140	Butyl benzoate	inchikey	1	TRUE	TRUE	3.06399982719086e-07	0.000765999956797714
CPD-9758	27275	MassBank	JP008042	3,7-Dimethyl-2,6-octadien-1-ylacetate	name_formula_mass	4	TRUE	TRUE	1.13800012968568e-07	0.00028450003242142
CPD-7710	27277	MassBank	JP002812	THEBAINE	inchikey_connectivity_formula_mass	2	FALSE	TRUE	3.54560000914717e-06	0.00886400002286791
2-METHOXYETHANOL	27295	MassBank	JP007369	2-Methoxyethanol	inchikey	1	TRUE	TRUE	4.99000009313022e-07	0.00124750002328256
CPD-19959	27305	MassBank	JP000038	Propyl benzoate	inchikey	1	TRUE	TRUE	3.7060002000544e-07	0.000926500050013601
VANILLIN	27327	MassBank	JP000532	Vanillin	inchikey	1	TRUE	TRUE	4.12310001252081e-06	0.010307750031302
XANTHINE	27339	MassBank	JP010518	XANTHINE	name_formula_mass	4	TRUE	TRUE	4.60660001522228e-06	0.0115165000380557
CPD-9828	27343	MassBank	JP004097	Herniarin	name_formula_mass	4	TRUE	TRUE	4.12310001252081e-06	0.010307750031302
OCTANOL	27347	MassBank	JP007702	Octanol	inchikey	1	TRUE	TRUE	4.80010001524533e-06	0.0120002500381133
THZ	27356	MassBank	JP007802	5-(2-Hydroxyethyl)-4-methylthiazole	inchikey	1	TRUE	TRUE	4.60620000808376e-06	0.0115155000202094
CPD-1908	27388	MassBank	JP006924	(-)-Borneol	name_formula_mass	4	TRUE	TRUE	4.80010001524533e-06	0.0120002500381133
CPD4FS-39	27447	MassBank	JP000557	(-)-Borneol	name_formula_mass	4	TRUE	TRUE	4.80010001524533e-06	0.0120002500381133
CPD-1908	27447	MassBank	JP000557	(-)-Borneol	name_formula_mass	4	TRUE	TRUE	4.80010001524533e-06	0.0120002500381133
CPD-7050	27457	MassBank	JP011618	2,4-PYRIDINEDICARBOXYLIC ACID	inchikey_connectivity_formula_mass	2	FALSE	TRUE	2.3459000146886e-06	0.00586475003672149
Citronellals	27473	MassBank	JP007546	Citronellal	inchikey	1	TRUE	TRUE	4.80010001524533e-06	0.0120002500381133
SALICYLALDEHYDE	27474	MassBank	JP005646	2-Hydroxybenzaldehyde	inchikey	1	TRUE	TRUE	5.63199989755958e-07	0.0014079999743899
1-3-7-TRIMETHYLXANTHINE	27487	MassBank	JP003477	Caffeine	inchikey	1	TRUE	TRUE	4.41399998862835e-06	0.0110349999715709
CPD-6421	27513	MassBank	JP008519	(E)-methyl ester 3-phenyl-2-propenoic acid	inchikey	1	TRUE	TRUE	4.34800028870086e-07	0.00108700007217521
CINNAMALDEHYDE	27536	MassBank	JP008705	Cinnamaldehyde	inchikey	1	TRUE	TRUE	4.87890000044899e-06	0.0121972500011225
MEK	27551	MassBank	JP006442	Butanone	inchikey	1	TRUE	TRUE	4.87890000044899e-06	0.0121972500011225
CPD-6421	27555	MassBank	JP009456	(E)-methyl ester 3-phenyl-2-propenoic acid	inchikey	1	TRUE	TRUE	4.34800028870086e-07	0.00108700007217521
CPD-7204	27593	MassBank	JP005789	beta-Ionone	inchikey	1	TRUE	TRUE	4.73590000638069e-06	0.0118397500159517
P-AMINO-BENZOATE	27646	MassBank	JP010333	p-Aminobenzoic acid	inchikey_connectivity_formula_mass	2	FALSE	TRUE	1.52590001789576e-06	0.00381475004473941
CPD-10051	27699	MassBank	JP005800	(-)-trans-Carveol	inchikey	1	TRUE	TRUE	4.86429999568827e-06	0.0121607499892207
CPD-15742	27710	MassBank	JP002817	Papaverine	inchikey	1	TRUE	TRUE	1.83230002903656e-06	0.0045807500725914
CPD-8779	27718	MassBank	JP008710	3-Methoxybenzaldehyde	inchikey	1	TRUE	TRUE	4.98999980891313e-07	0.00124749995222828
CINNAMYL-ALC	27726	MassBank	JP005391	trans-Cinnamyl alcohol	inchikey	1	TRUE	TRUE	4.94310000931364e-06	0.0123577500232841
CPD-18991	27742	MassBank	JP006552	2-Pentanol	inchikey	1	TRUE	TRUE	4.99269999920671e-06	0.0124817499980168
CPD-8785	27743	MassBank	JP006892	(+)-Limonene	inchikey	1	TRUE	TRUE	5.13599985652036e-07	0.00128399996413009
ETHYLACETATE	27746	MassBank	JP002346	Ethyl acetate	inchikey	1	TRUE	TRUE	4.99000009313022e-07	0.00124750002328256
CPD-12749	27748	MassBank	JP007017	Decan-2-ol	inchikey	1	TRUE	TRUE	4.67169999751604e-06	0.0116792499937901
ACRYLAMIDE	27749	MassBank	JP008333	Acrylamide	inchikey	1	TRUE	TRUE	3.78779999721246e-06	0.00946949999303115
CPD-19956	27767	MassBank	JP002115	Butyl propionate	inchikey	1	TRUE	TRUE	3.06399982719086e-07	0.000765999956797714
4-FLUOROBENZOATE	27778	MassBank	JP001006	4-Fluorobenzoic acid	inchikey_connectivity_formula_mass	2	FALSE	TRUE	2.39529998680155e-06	0.00598824996700387
CPD-12221	27827	MassBank	JP000968	Bromomethane	inchikey	1	FALSE	FALSE	2.69630000104826e-06	0.00674075000262064
Citronellals	27836	MassBank	JP008698	Citronellal	inchikey	1	TRUE	TRUE	4.80010001524533e-06	0.0120002500381133
2-METHOXYETHANOL	27841	MassBank	JP008073	2-Methoxyethanol	inchikey	1	TRUE	TRUE	4.99000009313022e-07	0.00124750002328256
OCTANOL	27845	MassBank	JP000284	Octanol	inchikey	1	TRUE	TRUE	4.80010001524533e-06	0.0120002500381133
CPD-8239	27858	MassBank	JP007578	trans-beta-Farnesene	inchikey	1	TRUE	TRUE	7.70399992688908e-07	0.00192599998172227
CIS-3-HEXENOL	27875	MassBank	JP006846	3-Hexen-1-ol	inchikey	1	TRUE	TRUE	4.99269999920671e-06	0.0124817499980168
HEXANAL	27879	MassBank	JP008677	Hexanal	inchikey	1	TRUE	TRUE	4.99269999920671e-06	0.0124817499980168
CPD-707	27890	MassBank	JP005750	CAMPESTEROL	name_formula_mass	4	TRUE	TRUE	3.83709999596249e-06	0.00958387254070746
CPD-8131	27891	MassBank	JP010348	2-Naphthol	inchikey	1	TRUE	TRUE	4.87890000044899e-06	0.0121972500011225
LANOSTEROL	27940	MassBank	JP008181	Lanosterol	inchikey	1	TRUE	TRUE	3.77290001551955e-06	0.00884855165190807
CPD-11504	27973	MassBank	JP002853	BETA-SELINENE	inchikey	1	TRUE	TRUE	7.70399992688908e-07	0.00192599998172227
CPD-19607	27975	MassBank	JP010403	2-Pyrrolidinone	inchikey	1	TRUE	TRUE	3.85199999186625e-06	0.00962999997966563
3-4-DIHYDROXYBENZOATE	27977	MassBank	JP007231	Protocatechuic acid	inchikey_connectivity_formula_mass	2	FALSE	TRUE	1.31900000610585e-06	0.00329750001526463
CPD-11504	28007	MassBank	JP005152	beta-Selinene	name_formula_mass	4	TRUE	TRUE	7.70399992688908e-07	0.00192599998172227
TEREPHTHALATE	28028	MassBank	JP011623	Terephthalic acid	inchikey_connectivity_formula_mass	2	FALSE	TRUE	1.31900000610585e-06	0.00329750001526463
CPD-13223	28030	MassBank	JP000267	3-Hexanone	inchikey	1	TRUE	TRUE	4.99269999920671e-06	0.0124817499980168
CPD-12643	28057	MassBank	JP006573	2-PHENYL-2-PROPANOL	inchikey	1	TRUE	TRUE	4.99269998499585e-06	0.0124817499624896
CPD-11595	28083	MassBank	JP008105	Pentadecanol	inchikey	1	TRUE	TRUE	4.35069998161453e-06	0.0108767499540363
4-HYDROXYBENZALDEHYDE	28115	MassBank	JP008441	4-Hydroxybenzaldehyde	inchikey	1	TRUE	TRUE	5.63199989755958e-07	0.0014079999743899
CPD-205	28155	MassBank	JP003896	Pimelic acid	inchikey_connectivity_formula_mass	2	FALSE	TRUE	1.12639997951192e-06	0.00281599994877979
ASCORBATE	28179	MassBank	JP006292	Ascorbic acid	inchikey_connectivity_formula_mass	2	FALSE	TRUE	2.0106000135911e-06	0.00502650003397775
CPD-19955	28215	MassBank	JP009726	Butyl benzoate	inchikey	1	TRUE	TRUE	3.06399982719086e-07	0.000765999956797714
PYRIDINE	28244	MassBank	JP007681	Pyridine	inchikey	1	TRUE	TRUE	8.34299996199661e-07	0.00208574999049915
Coumarins	28270	MassBank	JP009576	Coumarin	inchikey	1	TRUE	TRUE	5.63199989755958e-07	0.0014079999743899
COUMARIN	28270	MassBank	JP009576	Coumarin	inchikey	1	TRUE	TRUE	5.63199989755958e-07	0.0014079999743899
Linalools	28292	MassBank	JP008376	3,7-Dimethyl-1,6-octadien-3-ol	inchikey	1	TRUE	TRUE	4.80010001524533e-06	0.0120002500381133
PHENYLETHYLAMINE	28306	MassBank	JP008252	Phenylethylamine	inchikey_connectivity_formula_mass	2	FALSE	TRUE	6.41699998027434e-07	0.00160424999506859
CPD-12226	28308	MassBank	JP007397	alpha-Phellandrene	inchikey	1	TRUE	TRUE	5.13599985652036e-07	0.00128399996413009
CPD-6443	28314	MassBank	JP003142	Benzyl benzoate	inchikey	1	TRUE	TRUE	3.70599991583731e-07	0.000926499978959328
BUTANAL	28318	MassBank	JP009320	Butanal	inchikey	1	TRUE	TRUE	4.87890000044899e-06	0.0121972500011225
CPD-7051	28346	MassBank	JP005771	Trifluoperazine	inchikey_connectivity_formula_mass	2	FALSE	TRUE	3.07599998450314e-06	0.00755468974383293
CPD-10051	28350	MassBank	JP007032	(-)-trans-Carveol	inchikey	1	TRUE	TRUE	4.86429999568827e-06	0.0121607499892207
Hydroxy-Butyrates	28371	MassBank	JP001283	DL-2-HYDROXYBUTANOIC ACID	inchikey_connectivity_formula_mass	2	FALSE	TRUE	4.12309999830995e-06	0.0103077499957749
CPD-12888	28381	MassBank	JP002835	DELTA-GUAIENE	name_formula_mass	4	TRUE	TRUE	7.70399992688908e-07	0.00192599998172227
CPD-13346	28395	MassBank	JP005179	n-Butyl acetate	inchikey	1	TRUE	TRUE	3.70600005794586e-07	0.000926500014486464
CPD4FS-38	28430	MassBank	JP010677	cis-Selinen-4-ol	inchikey	1	TRUE	TRUE	4.54330000820846e-06	0.0113582500205212
FERULIC-ACID	28432	MassBank	JP011308	Ferulic acid	inchikey_connectivity_formula_mass	2	FALSE	TRUE	1.19059998837656e-06	0.0029764999709414
2-METHYL-3-PHYTYL-14-NAPHTHOQUINONE	28433	MassBank	JP006239	Vitamin K1	inchikey	1	TRUE	TRUE	7.20800017006695e-07	0.00160053373591751
CPD-6443	28441	MassBank	JP008495	Benzyl benzoate	inchikey	1	TRUE	TRUE	3.70599991583731e-07	0.000926499978959328
PHENYLHYDRAZINE	28451	MassBank	JP000374	Phenylhydrazine	inchikey	1	TRUE	TRUE	1.73280000126397e-06	0.00433200000315992
CPD-313	28460	MassBank	JP007321	1,3-Diaminopropane	inchikey_connectivity_formula_mass	2	FALSE	TRUE	1.66860000661018e-06	0.00417150001652544
BENZOATE	28462	MassBank	JP004285	Benzoic acid	inchikey_connectivity_formula_mass	2	FALSE	TRUE	5.63199989755958e-07	0.0014079999743899
CPD-14529	28464	MassBank	JP008053	2-Phenylethyl acetate	inchikey	1	TRUE	TRUE	3.7060002000544e-07	0.000926500050013601
CATECHOL	28469	MassBank	JP003646	Pyrocatechol	inchikey	1	TRUE	TRUE	5.63199989755958e-07	0.0014079999743899
INDOLE_ACETATE_AUXIN	28512	MassBank	JP001408	Indoleacetic acid	inchikey_connectivity_formula_mass	2	FALSE	TRUE	1.46170000903112e-06	0.0036542500225778
CPD-352	28518	MassBank	JP009697	Estradiol	inchikey	1	TRUE	TRUE	1.46000047607231e-08	3.65000119018077e-05
CPD-6484	28519	MassBank	JP000744	1-Methoxy-4-(2-propenyl)benzene	inchikey	1	TRUE	TRUE	4.99270001341756e-06	0.0124817500335439
CPD-6442	28538	MassBank	JP008983	Methyl 2-hydroxybenzoate	inchikey	1	TRUE	TRUE	4.12310001252081e-06	0.010307750031302
CPD-8232	28544	MassBank	JP010686	beta-Elemene	inchikey	1	TRUE	TRUE	7.70399992688908e-07	0.00192599998172227
CPD-8232	28571	MassBank	JP002857	beta-Elemene	inchikey	1	TRUE	TRUE	7.70399992688908e-07	0.00192599998172227
CPD-4143	28589	MassBank	JP005753	beta-Sitosterol	inchikey	1	TRUE	TRUE	3.77290001551955e-06	0.00910479239659718
CPD-9762	28591	MassBank	JP007723	cis-Citral	inchikey	1	TRUE	TRUE	4.86429999568827e-06	0.0121607499892207
DL-12-Propanediol	28650	MassBank	JP009144	1,2-PROPANEDIOL	name_formula_mass	4	TRUE	TRUE	4.99000009313022e-07	0.00124750002328256
CPD-8701	28653	MassBank	JP002841	LONGIFOLENE	name_formula_mass	4	TRUE	TRUE	7.70399992688908e-07	0.00192599998172227
CPD-8879	28667	MassBank	JP011320	2,4-Pentanedione	inchikey	1	TRUE	TRUE	4.98999995102167e-07	0.00124749998775542
--MENTHOL	28706	MassBank	JP006346	Menthol	inchikey	1	TRUE	TRUE	4.73590000638069e-06	0.0118397500159517
ISOBUTYRATE	28710	MassBank	JP004280	Isobutyric acid	inchikey_connectivity_formula_mass	2	FALSE	TRUE	4.99000009313022e-07	0.00124750002328256
8-HYDROXYQUINOLINE	28715	MassBank	JP010343	8-HYDROXYQUINOLINE	inchikey	1	TRUE	TRUE	3.85199999186625e-06	0.00962999997966563
BENZALDEHYDE	28731	MassBank	JP003416	Benzaldehyde	inchikey	1	TRUE	TRUE	4.8147000057952e-06	0.012036750014488
CPD-7620	28735	MassBank	JP001482	Heptanal	inchikey	1	TRUE	TRUE	4.92850000455292e-06	0.0123212500113823
BUTANOL	28759	MassBank	JP001853	1-Butanol	inchikey	1	TRUE	TRUE	4.94309999510278e-06	0.012357749987757
CPDQT-42	28774	MassBank	JP006291	Sulfanilamide	name_formula_mass	4	TRUE	TRUE	1.798600010261e-06	0.00449650002565249
CPD-14529	28835	MassBank	JP006377	2-Phenylethyl acetate	inchikey	1	TRUE	TRUE	3.7060002000544e-07	0.000926500050013601
BENZYL-ALCOHOL	28861	MassBank	JP003298	Benzyl alcohol	inchikey	1	TRUE	TRUE	4.87890000044899e-06	0.0121972500011225
MANNITOL	28874	MassBank	JP010511	Mannitol	inchikey	1	TRUE	TRUE	1.81799998699717e-06	0.00454499996749291
NIACINAMIDE	28893	MassBank	JP005706	Niacinamide	inchikey	1	TRUE	TRUE	2.82509999749436e-06	0.00706274999373591
CPD-11884	28913	MassBank	JP010387	4-Methoxycinnamic acid	inchikey_connectivity_formula_mass	2	FALSE	TRUE	4.18729996454204e-06	0.0104682499113551
GERANIOL	28938	MassBank	JP000120	beta-Geraniol	inchikey	1	TRUE	TRUE	4.80010001524533e-06	0.0120002500381133
CPD-11287	28964	MassBank	JP002856	BETA-BERGAMOTENE	inchikey	1	TRUE	TRUE	7.70399992688908e-07	0.00192599998172227
CATECHOL	28973	MassBank	JP011769	Pyrocatechol	inchikey	1	TRUE	TRUE	5.63199989755958e-07	0.0014079999743899
TRICHLOROETHENE	28999	MassBank	JP004907	Trichloroethylene	inchikey	1	FALSE	FALSE	3.16210002893058e-06	0.00790525007232645
CPD-195	29018	MassBank	JP009195	Caprylic acid	inchikey_connectivity_formula_mass	2	FALSE	TRUE	2.42200002276149e-07	0.000605500005690374
CPD-14453	29029	MassBank	JP004082	6-HYDROXY-7-METHOXYCOUMARIN	inchikey	1	TRUE	TRUE	1.25479999724121e-06	0.00313699999310302
CPD-14452	29048	MassBank	JP002070	Scoparone	inchikey	1	TRUE	TRUE	1.19059998837656e-06	0.0029764999709414
1-3-7-TRIMETHYLXANTHINE	29051	MassBank	JP003788	Caffeine	inchikey	1	TRUE	TRUE	4.41399998862835e-06	0.0110349999715709
CPD0-1376	29068	MassBank	JP001822	Dicyclohexylamine	inchikey_connectivity_formula_mass	2	FALSE	TRUE	2.56500015893835e-07	0.000641250039734587
CPD-7619	29073	MassBank	JP009190	Heptanoic acid	inchikey_connectivity_formula_mass	2	FALSE	TRUE	3.06399982719086e-07	0.000765999956797714
CPD-12643	29088	MassBank	JP011188	1-METHYL-1-PHENYLETHANOL	inchikey	1	TRUE	TRUE	4.99269998499585e-06	0.0124817499624896
CPD-8239	29125	MassBank	JP010676	trans-beta-Farnesene	inchikey	1	TRUE	TRUE	7.70399992688908e-07	0.00192599998172227
CPD-6481	29126	MassBank	JP009332	Eugenol	inchikey	1	TRUE	TRUE	3.7060002000544e-07	0.000926500050013601
CPD-90	29139	MassBank	JP002091	LUP-20-EN-3-BETA-OL	name_formula_mass	4	TRUE	TRUE	3.77290001551955e-06	0.00884855165190807
CPD-7000	29190	MassBank	JP001478	2-Methylpropanal	inchikey	1	TRUE	TRUE	4.87890000044899e-06	0.0121972500011225
INDOLE	29191	MassBank	JP003524	Indole	inchikey	1	TRUE	TRUE	7.7010000154587e-07	0.00192525000386468
PROPIONATE	29193	MassBank	JP005852	Propionic acid	inchikey_connectivity_formula_mass	2	FALSE	TRUE	5.63199989755958e-07	0.0014079999743899
CPD-7204	29211	MassBank	JP007135	beta-Ionone	inchikey	1	TRUE	TRUE	4.73590000638069e-06	0.0118397500159517
CPD-14529	29216	MassBank	JP001208	2-Phenylethyl acetate	inchikey	1	TRUE	TRUE	3.7060002000544e-07	0.000926500050013601
CPD-11884	29223	MassBank	JP005725	4-Methoxycinnamic acid	inchikey_connectivity_formula_mass	2	FALSE	TRUE	4.18729996454204e-06	0.0104682499113551
Ibuprofen	29247	MassBank	JP004112	Ibuprofen	inchikey_connectivity_formula_mass	2	FALSE	TRUE	1.78000021833213e-07	0.000445000054583033
CPD-12226	29256	MassBank	JP007116	alpha-Phellandrene	inchikey	1	TRUE	TRUE	5.13599985652036e-07	0.00128399996413009
CPD-8733	29268	MassBank	JP002839	BETA-HIMACHALENE	name_formula_mass	4	TRUE	TRUE	7.70399992688908e-07	0.00192599998172227
STEARIC_ACID	29287	MassBank	JP011379	Stearic acid	inchikey_connectivity_formula_mass	2	FALSE	TRUE	3.99800001105177e-07	0.000999500002762943
CPD-18991	29292	MassBank	JP000278	2-Pentanol	inchikey	1	TRUE	TRUE	4.99269999920671e-06	0.0124817499980168
CPD-6442	29317	MassBank	JP008915	Methyl 2-hydroxybenzoate	inchikey	1	TRUE	TRUE	4.12310001252081e-06	0.010307750031302
CPD-8848	29328	MassBank	JP009947	3,7,11,15-TETRAMETHYL-1,6,10,14-HEXADECATETRAEN-3-OL	inchikey	1	TRUE	TRUE	4.28649997274988e-06	0.0107162499318747
BUTANEDIOL	29331	MassBank	JP009140	2,3-Butanediol	name_formula_mass	4	TRUE	TRUE	4.34800000448377e-07	0.00108700000112094
CPD-862	29332	MassBank	JP002241	Camphor	inchikey	1	TRUE	TRUE	4.86429999568827e-06	0.0121607499892207
TEREPHTHALATE	29345	MassBank	JP010452	Terephthalic acid	inchikey_connectivity_formula_mass	2	FALSE	TRUE	1.31900000610585e-06	0.00329750001526463
ADIPATE	29365	MassBank	JP003895	Adipic acid	inchikey_connectivity_formula_mass	2	FALSE	TRUE	1.19059998837656e-06	0.0029764999709414
CPD-13346	29366	MassBank	JP001198	n-Butyl acetate	inchikey	1	TRUE	TRUE	3.70600005794586e-07	0.000926500014486464
Methylhexadecanoates	29370	MassBank	JP007103	Methyl hexadecanoic acid	smiles_formula_mass	3	TRUE	TRUE	3.35600020662241e-07	0.000839000051655603
HEXANOATE	29372	MassBank	JP009185	Caproic acid	inchikey_connectivity_formula_mass	2	FALSE	TRUE	3.70600005794586e-07	0.000926500014486464
ISOEUGENOL	29396	MassBank	JP009741	Isoeugenol	inchikey	1	TRUE	TRUE	3.7060002000544e-07	0.000926500050013601
CPD-5742	29398	MassBank	JP003837	Amobarbital	inchikey_connectivity_formula_mass	2	FALSE	TRUE	2.45449999169978e-06	0.00613624997924944
CPD-8233	29409	MassBank	JP007579	alpha-Humulene	inchikey	1	TRUE	TRUE	7.70399992688908e-07	0.00192599998172227
CPD-6421	29449	MassBank	JP006152	(E)-methyl ester 3-phenyl-2-propenoic acid	inchikey	1	TRUE	TRUE	4.34800028870086e-07	0.00108700007217521
CPD-18998	29460	MassBank	JP001520	Propyl acetate	inchikey	1	TRUE	TRUE	4.34800000448377e-07	0.00108700000112094
CPD-9949	29488	MassBank	JP008617	1-Phenyl-1,2-propanedione	inchikey	1	TRUE	TRUE	4.98999980891313e-07	0.00124749995222828
ATROPINE	29506	MassBank	JP002782	HYOSCYAMINE	name_formula_mass	4	FALSE	TRUE	3.6097999895901e-06	0.00902449997397525
MEK	29518	MassBank	JP008197	Butanone	inchikey	1	TRUE	TRUE	4.87890000044899e-06	0.0121972500011225
CPD-13494	29524	MassBank	JP007243	6-Gingerol	inchikey	1	TRUE	TRUE	6.77000002724526e-07	0.00169250000681131
Perillyl-Alcohols	29545	MassBank	JP009069	Perillyl alcohol	inchikey	1	TRUE	TRUE	4.86429999568827e-06	0.0121607499892207
CPD-1084	29568	MassBank	JP007566	Perillyl aldehyde	inchikey	1	TRUE	TRUE	4.92850000455292e-06	0.0123212500113823
CPD-342	29589	MassBank	JP011419	Androstanedione	inchikey	1	TRUE	TRUE	1.42999965646595e-07	0.000357499914116488
3-PHENYLPROPIONATE	29665	MassBank	JP006710	Hydrocinnamic acid	inchikey_connectivity_formula_mass	2	FALSE	TRUE	4.34800000448377e-07	0.00108700000112094
BENZOATE	29671	MassBank	JP011225	Benzoic acid	inchikey_connectivity_formula_mass	2	FALSE	TRUE	5.63199989755958e-07	0.0014079999743899
CPD-685	29702	MassBank	JP006926	Fenchol	name_formula_mass	4	TRUE	TRUE	4.80010001524533e-06	0.0120002500381133
ISOEUGENOL	29708	MassBank	JP009445	Isoeugenol	inchikey	1	TRUE	TRUE	3.7060002000544e-07	0.000926500050013601
PUTRESCINE	29720	MassBank	JP003996	Putrescine	inchikey_connectivity_formula_mass	2	FALSE	TRUE	1.60439999774553e-06	0.00401099999436383
CPD-10507	29726	MassBank	JP004070	3-Indolebutyric acid	inchikey_connectivity_formula_mass	2	FALSE	TRUE	1.33329999130183e-06	0.00333324997825457
CPD-4890	29727	MassBank	JP007573	Terpinolene	inchikey	1	TRUE	TRUE	5.13599985652036e-07	0.00128399996413009
CPD-7076	29728	MassBank	JP009181	Ethylmethylacetic acid	inchikey_connectivity_formula_mass	2	FALSE	TRUE	4.34800000448377e-07	0.00108700000112094
CPD-685	29745	MassBank	JP002594	Fenchol	name_formula_mass	4	TRUE	TRUE	4.80010001524533e-06	0.0120002500381133
COUMARATE	29756	MassBank	JP007236	4-Hydroxycinnamic acid	inchikey_connectivity_formula_mass	2	FALSE	TRUE	4.12310001252081e-06	0.010307750031302
INDOLE-3-CARBOXALDEHYDE	29763	MassBank	JP002872	Indole-3-carboxaldehyde	inchikey	1	TRUE	TRUE	3.85199999186625e-06	0.00962999997966563
CPD-11504	29783	MassBank	JP010675	BETA-SELINENE	inchikey	1	TRUE	TRUE	7.70399992688908e-07	0.00192599998172227
PHENYLACETONITRILE	29806	MassBank	JP008189	Benzeneacetonitrile	inchikey	1	TRUE	TRUE	7.7010000154587e-07	0.00192525000386468
CPD-20952	29834	MassBank	JP003152	AMPHETAMINE	name_formula_mass	4	FALSE	TRUE	5.77500003373643e-07	0.00144375000843411
NICOTINE	29862	MassBank	JP009715	Nicotine	inchikey_connectivity_formula_mass	2	FALSE	TRUE	1.54020000309174e-06	0.00385050000772935
BENZYL-ALCOHOL	29869	MassBank	JP006562	Benzyl alcohol	inchikey	1	TRUE	TRUE	4.87890000044899e-06	0.0121972500011225
CPD-13229	29872	MassBank	JP008202	trans-2-pentenol	inchikey	1	TRUE	TRUE	4.94309999510278e-06	0.012357749987757
CPD-14834	29883	MassBank	JP002815	(-)-alpha-Narcotine	inchikey	1	TRUE	TRUE	2.09820001373373e-06	0.00507857425497329
CPD-12217	29906	MassBank	JP008496	2-Phenylethyl benzoate	inchikey	1	TRUE	TRUE	3.06399982719086e-07	0.000765999956797714
CPD-685	29927	MassBank	JP007654	Fenchol	name_formula_mass	4	TRUE	TRUE	4.80010001524533e-06	0.0120002500381133
CPD-13859	29951	MassBank	JP002239	Methyl acrylate	name_formula_mass	4	FALSE	TRUE	5.63199989755958e-07	0.0014079999743899
DODECANOATE	29964	MassBank	JP011566	Dodecanoic acid	inchikey_connectivity_formula_mass	2	FALSE	TRUE	1.46000047607231e-08	3.65000119018077e-05
CPD-7204	29967	MassBank	JP002590	beta-Ionone	inchikey	1	TRUE	TRUE	4.73590000638069e-06	0.0118397500159517
CPD-5742	29977	MassBank	JP003151	Amobarbital	inchikey_connectivity_formula_mass	2	FALSE	TRUE	2.45449999169978e-06	0.00613624997924944
CPD-19959	29984	MassBank	JP003144	Propyl benzoate	inchikey	1	TRUE	TRUE	3.7060002000544e-07	0.000926500050013601
CPD-7620	29985	MassBank	JP008765	Heptanal	inchikey	1	TRUE	TRUE	4.92850000455292e-06	0.0123212500113823
Benzoin	29998	MassBank	JP007585	Benzoin	name_formula_mass	4	TRUE	TRUE	3.70599991583731e-07	0.000926499978959328
ETHYLACETATE	30032	MassBank	JP001519	Ethyl acetate	inchikey	1	TRUE	TRUE	4.99000009313022e-07	0.00124750002328256
BENZALDEHYDE	30057	MassBank	JP003547	Benzaldehyde	inchikey	1	TRUE	TRUE	4.8147000057952e-06	0.012036750014488
CPD-8785	30059	MassBank	JP000247	(+)-Limonene	inchikey	1	TRUE	TRUE	5.13599985652036e-07	0.00128399996413009
CPD-4841	30083	MassBank	JP011486	2,6-Pyridinedicarboxylic acid	inchikey_connectivity_formula_mass	2	FALSE	TRUE	2.3459000146886e-06	0.00586475003672149
SUC	30087	MassBank	JP011660	Succinic acid	inchikey_connectivity_formula_mass	2	FALSE	TRUE	1.31900000610585e-06	0.00329750001526463
TRICHLOROETHENE	30107	MassBank	JP002102	Trichloroethylene	inchikey	1	FALSE	FALSE	3.16210002893058e-06	0.00790525007232645
CPD-1908	30109	MassBank	JP007649	(-)-Borneol	name_formula_mass	4	TRUE	TRUE	4.80010001524533e-06	0.0120002500381133
CPD-9758	30152	MassBank	JP009848	Geranyl acetate	inchikey	1	TRUE	TRUE	1.13800012968568e-07	0.00028450003242142
CPD-7024	30154	MassBank	JP007931	Tropolone	inchikey	1	TRUE	TRUE	5.63199989755958e-07	0.0014079999743899
CPD-9828	30156	MassBank	JP001134	Herniarin	name_formula_mass	4	TRUE	TRUE	4.12310001252081e-06	0.010307750031302
CPD-676	30166	MassBank	JP004107	Caffeic acid	inchikey_connectivity_formula_mass	2	FALSE	TRUE	1.25479999724121e-06	0.00313699999310302
MALONATE	30177	MassBank	JP011261	Malonic acid	inchikey_connectivity_formula_mass	2	FALSE	TRUE	1.38320000075964e-06	0.00345800000189911
CPD-676	30181	MassBank	JP007237	Caffeic acid	inchikey_connectivity_formula_mass	2	FALSE	TRUE	1.25479999724121e-06	0.00313699999310302
MALEATE	30199	MassBank	JP010474	Maleic acid	inchikey_connectivity_formula_mass	2	FALSE	TRUE	1.38320000075964e-06	0.00345800000189911
Benzoin	30207	MassBank	JP009581	Benzoin	name_formula_mass	4	TRUE	TRUE	3.70599991583731e-07	0.000926499978959328
CPD-7618	30213	MassBank	JP009778	Geranic acid	inchikey_connectivity_formula_mass	2	FALSE	TRUE	2.42200002276149e-07	0.000605500005690374
CPD-4261	30243	MassBank	JP006595	1,8-CINEOLE	name_formula_mass	4	TRUE	TRUE	4.80010001524533e-06	0.0120002500381133
HYPOXANTHINE	30253	MassBank	JP009501	Hypoxanthine	inchikey	1	TRUE	TRUE	7.71299994539731e-07	0.00192824998634933
CPD-7050	30273	MassBank	JP011619	2,4-PYRIDINEDICARBOXYLIC ACID	inchikey_connectivity_formula_mass	2	FALSE	TRUE	2.3459000146886e-06	0.00586475003672149
CPD0-1682	30287	MassBank	JP006784	Dioxane	inchikey	1	TRUE	TRUE	4.99000009313022e-07	0.00124750002328256
OCTANOL	30317	MassBank	JP005686	Octanol	inchikey	1	TRUE	TRUE	4.80010001524533e-06	0.0120002500381133
3-PHENYLPROPIONATE	30322	MassBank	JP009210	Hydrocinnamic acid	inchikey_connectivity_formula_mass	2	FALSE	TRUE	4.34800000448377e-07	0.00108700000112094
ANILINE	30325	MassBank	JP002101	Aniline	inchikey	1	TRUE	TRUE	7.7010000154587e-07	0.00192525000386468
PHENYLACETONITRILE	30364	MassBank	JP008091	Benzeneacetonitrile	inchikey	1	TRUE	TRUE	7.7010000154587e-07	0.00192525000386468
PROGESTERONE	30382	MassBank	JP003430	Progesterone	inchikey	1	TRUE	TRUE	2.0720000293295e-07	0.000518000007332375
1-3-7-TRIMETHYLXANTHINE	30409	MassBank	JP003511	Caffeine	inchikey	1	TRUE	TRUE	4.41399998862835e-06	0.0110349999715709
5-METHOXYFURANOCOUMARIN	30425	MassBank	JP007967	Bergapten	inchikey	1	TRUE	TRUE	1.25479999724121e-06	0.00313699999310302
FERULIC-ACID	30497	MassBank	JP011305	Ferulic acid	inchikey_connectivity_formula_mass	2	FALSE	TRUE	1.19059998837656e-06	0.0029764999709414
INDOLE-PROPIONATE	30533	MassBank	JP003726	Indole-3-propionic acid	inchikey_connectivity_formula_mass	2	FALSE	TRUE	1.39750000016647e-06	0.00349375000041618
CPD-8004	30545	MassBank	JP000694	Isorhamnetin	inchikey_connectivity_formula_mass	2	FALSE	TRUE	2.73990002597202e-06	0.00684975006493005
CORTISOL	30568	MassBank	JP011651	Cortisol	inchikey	1	TRUE	TRUE	4.07350000841689e-06	0.0101837500210422
CPD-13220	30636	MassBank	JP004922	3-PENTANONE	inchikey	1	TRUE	TRUE	4.94309999510278e-06	0.012357749987757
CPD-8764	30649	MassBank	JP007577	ALPHA-FARNESENE	name_formula_mass	4	TRUE	TRUE	7.70399992688908e-07	0.00192599998172227
TRP	30650	MassBank	JP011293	L-Tryptophan	inchikey	1	TRUE	TRUE	2.36019999988457e-06	0.00590049999971143
GLY	30654	MassBank	JP007408	Glycine	inchikey	1	TRUE	TRUE	1.59010001254956e-06	0.00397525003137389
CPD-110	30657	MassBank	JP011792	Salicylic acid	inchikey_connectivity_formula_mass	2	FALSE	TRUE	4.05890000365616e-06	0.0101472500091404
CPD-6501	30672	MassBank	JP001315	Benzyl acetate	inchikey	1	TRUE	TRUE	4.34800000448377e-07	0.00108700000112094
CPD0-1376	30690	MassBank	JP007318	Dicyclohexylamine	inchikey_connectivity_formula_mass	2	FALSE	TRUE	2.56500015893835e-07	0.000641250039734587
PHENYLACETALDEHYDE	30704	MassBank	JP009418	Phenylacetaldehyde	inchikey	1	TRUE	TRUE	4.87890000044899e-06	0.0121972500011225
SALICYLALDEHYDE	30718	MassBank	JP008920	2-Hydroxybenzaldehyde	inchikey	1	TRUE	TRUE	5.63199989755958e-07	0.0014079999743899
GERANIAL	30719	MassBank	JP007544	Geranial	inchikey	1	TRUE	TRUE	4.86429999568827e-06	0.0121607499892207
CPD-862	30722	MassBank	JP005803	Camphor	inchikey	1	TRUE	TRUE	4.86429999568827e-06	0.0121607499892207
3-OH-BENZALDEHYDE	30730	MassBank	JP009573	3-HYDROXYBENZALDEHYDE	inchikey	1	TRUE	TRUE	5.63199989755958e-07	0.0014079999743899
ERGOSTEROL	30751	MassBank	JP011384	ERGOSTEROL	name_formula_mass	4	TRUE	TRUE	3.96550001369178e-06	0.00991375003422945
CPD-6421	30776	MassBank	JP002177	(E)-methyl ester 3-phenyl-2-propenoic acid	inchikey	1	TRUE	TRUE	4.34800028870086e-07	0.00108700007217521
CPD-8753	30788	MassBank	JP002837	beta-Gurjunene	inchikey	1	TRUE	TRUE	7.70399992688908e-07	0.00192599998172227
CPD-9758	30797	MassBank	JP001212	Geranyl acetate	inchikey	1	TRUE	TRUE	1.13800012968568e-07	0.00028450003242142
CPD-9758	30811	MassBank	JP007554	Geranyl acetate	inchikey	1	TRUE	TRUE	1.13800012968568e-07	0.00028450003242142
CPD-6441	30830	MassBank	JP004945	Methyl benzoate	inchikey	1	TRUE	TRUE	4.98999980891313e-07	0.00124749995222828
CPD-7000	30832	MassBank	JP009321	2-Methylpropanal	inchikey	1	TRUE	TRUE	4.87890000044899e-06	0.0121972500011225
CPD-8749	30853	MassBank	JP002834	ALPHA-GUAIENE	inchikey	1	TRUE	TRUE	7.70399992688908e-07	0.00192599998172227
112-DIAMINOOCTANE	30885	MassBank	JP002883	1,12-DIAMINO-DODECANE	inchikey_connectivity_formula_mass	2	FALSE	TRUE	1.09079999788264e-06	0.0027269999947066
CPD-703	30907	MassBank	JP001660	4-Nitrobenzaldehyde	inchikey	1	TRUE	TRUE	2.0156530962	5039.13274049999
4-hydroxybenzoate	30912	MassBank	JP008414	4-Hydroxybenzoic acid	inchikey_connectivity_formula_mass	2	FALSE	TRUE	4.05890000365616e-06	0.0101472500091404
HEXANAL	30944	MassBank	JP001481	Hexanal	inchikey	1	TRUE	TRUE	4.99269999920671e-06	0.0124817499980168
CPD-6481	30945	MassBank	JP000746	Eugenol	inchikey	1	TRUE	TRUE	3.7060002000544e-07	0.000926500050013601
MEK	30949	MassBank	JP001803	Butanone	inchikey	1	TRUE	TRUE	4.87890000044899e-06	0.0121972500011225
BENZOATE	30965	MassBank	JP003197	Benzoic acid	inchikey_connectivity_formula_mass	2	FALSE	TRUE	5.63199989755958e-07	0.0014079999743899
PYRIDINE	30986	MassBank	JP000477	Pyridine	inchikey	1	TRUE	TRUE	8.34299996199661e-07	0.00208574999049915
CPD-8230	30995	MassBank	JP010683	Isocaryophyllene	name_formula_mass	4	TRUE	TRUE	7.70399992688908e-07	0.00192599998172227
PINENE	30996	MassBank	JP000245	Pinene	name_formula_mass	4	TRUE	TRUE	5.13599985652036e-07	0.00128399996413009
Linalools	31002	MassBank	JP007560	3,7-Dimethyl-1,6-octadien-3-ol	inchikey	1	TRUE	TRUE	4.80010001524533e-06	0.0120002500381133
N-ETHYLMALEIMIDE	31028	MassBank	JP005691	N-ethylmaleimide	inchikey	1	TRUE	TRUE	1.52590000368491e-06	0.00381475000921228
ISOBUTANOL	31061	MassBank	JP001278	Isobutanol	inchikey	1	TRUE	TRUE	4.94309999510278e-06	0.012357749987757
CPD-6441	31083	MassBank	JP005969	Methyl benzoate	inchikey	1	TRUE	TRUE	4.98999980891313e-07	0.00124749995222828
CPD-6482	31098	MassBank	JP009443	Methyleugenol	inchikey	1	TRUE	TRUE	3.06399982719086e-07	0.000765999956797714
URACIL	31119	MassBank	JP008282	Uracil	inchikey	1	TRUE	TRUE	2.61700000692144e-06	0.00654250001730361
CPD-633	31142	MassBank	JP010785	Gentisic acid	inchikey_connectivity_formula_mass	2	FALSE	TRUE	1.31900000610585e-06	0.00329750001526463
CINNAMALDEHYDE	31167	MassBank	JP008083	Cinnamaldehyde	inchikey	1	TRUE	TRUE	4.87890000044899e-06	0.0121972500011225
CPD-8230	31168	MassBank	JP002852	Isocaryophyllene	name_formula_mass	4	TRUE	TRUE	7.70399992688908e-07	0.00192599998172227
CPD-7898	31171	MassBank	JP006938	2-Pentadecanone	inchikey	1	TRUE	TRUE	4.41489999047917e-06	0.0110372499761979
LEU	31196	MassBank	JP005747	L-Leucine	inchikey	1	TRUE	TRUE	1.33329999130183e-06	0.00333324997825457
CPD-6441	31245	MassBank	JP002199	Methyl benzoate	inchikey	1	TRUE	TRUE	4.98999980891313e-07	0.00124749995222828
OXALATE	31270	MassBank	JP003891	Oxalic acid	inchikey_connectivity_formula_mass	2	FALSE	TRUE	1.44740000962429e-06	0.00361850002406072
3-HYDROXYBENZOATE	31293	MassBank	JP010334	3-Hydroxybenzoic acid	inchikey_connectivity_formula_mass	2	FALSE	TRUE	4.05890000365616e-06	0.0101472500091404
CPD-6484	31319	MassBank	JP009447	1-Methoxy-4-(2-propenyl)benzene	inchikey	1	TRUE	TRUE	4.99270001341756e-06	0.0124817500335439
CPD-6441	31331	MassBank	JP005906	Methyl benzoate	inchikey	1	TRUE	TRUE	4.98999980891313e-07	0.00124749995222828
CPD-1084	31341	MassBank	JP008695	Perillyl aldehyde	inchikey	1	TRUE	TRUE	4.92850000455292e-06	0.0123212500113823
CPD-8879	31360	MassBank	JP006942	2,4-Pentanedione	inchikey	1	TRUE	TRUE	4.98999995102167e-07	0.00124749998775542
CPD-19959	31363	MassBank	JP001509	Propyl benzoate	inchikey	1	TRUE	TRUE	3.7060002000544e-07	0.000926500050013601
CATECHOL	31367	MassBank	JP005703	Pyrocatechol	inchikey	1	TRUE	TRUE	5.63199989755958e-07	0.0014079999743899
CPD-8879	31387	MassBank	JP002576	2,4-Pentanedione	inchikey	1	TRUE	TRUE	4.98999995102167e-07	0.00124749998775542
8-HYDROXYQUINOLINE	31389	MassBank	JP005705	8-HYDROXYQUINOLINE	inchikey	1	TRUE	TRUE	3.85199999186625e-06	0.00962999997966563
CPD-7204	31398	MassBank	JP007558	beta-Ionone	inchikey	1	TRUE	TRUE	4.73590000638069e-06	0.0118397500159517
CPD-8785	31412	MassBank	JP007559	(+)-Limonene	inchikey	1	TRUE	TRUE	5.13599985652036e-07	0.00128399996413009
NAPHTHOL	31419	MassBank	JP008575	1-Naphthol	inchikey	1	TRUE	TRUE	4.87890000044899e-06	0.0121972500011225
CPD-7620	31431	MassBank	JP009325	Heptanal	inchikey	1	TRUE	TRUE	4.92850000455292e-06	0.0123212500113823
CPD-8736	31504	MassBank	JP007396	gamma-Terpinene	inchikey	1	TRUE	TRUE	5.13599985652036e-07	0.00128399996413009
CPD-1002	31511	MassBank	JP007030	Cuminyl alcohol	inchikey	1	TRUE	TRUE	4.92850000455292e-06	0.0123212500113823
HEXANAL	31514	MassBank	JP009324	Hexanal	inchikey	1	TRUE	TRUE	4.99269999920671e-06	0.0124817499980168
CPD-13859	31541	MassBank	JP002535	Methyl acrylate	name_formula_mass	4	FALSE	TRUE	5.63199989755958e-07	0.0014079999743899
INDOLE-3-CARBOXALDEHYDE	31569	MassBank	JP008303	Indole-3-carboxaldehyde	inchikey	1	TRUE	TRUE	3.85199999186625e-06	0.00962999997966563
CPD-7867	31572	MassBank	JP006866	Dodecanol	inchikey	1	TRUE	TRUE	4.54330000820846e-06	0.0113582500205212
5-AMINOPENTANOATE	31602	MassBank	JP011893	5-Aminopentanoic acid	inchikey	1	TRUE	TRUE	1.39750000016647e-06	0.00349375000041618
GLYCOLLATE	31603	MassBank	JP011909	Glycolic acid	inchikey_connectivity_formula_mass	2	FALSE	TRUE	3.99469999479152e-06	0.00998674998697879
CPD-4162	31606	MassBank	JP008291	Stigmasterol	inchikey	1	TRUE	TRUE	3.83709999596249e-06	0.00930498143190894
CPD-8732	31613	MassBank	JP002838	ALPHA-HIMACHALENE	name_formula_mass	4	TRUE	TRUE	7.70399992688908e-07	0.00192599998172227
GERANIAL	31616	MassBank	JP000122	Geranial	inchikey	1	TRUE	TRUE	4.86429999568827e-06	0.0121607499892207
CPD-8735	31627	MassBank	JP007119	alpha-Terpinene	inchikey	1	TRUE	TRUE	5.13599985652036e-07	0.00128399996413009
CPD-4143	31629	MassBank	JP000028	beta-Sitosterol	inchikey	1	TRUE	TRUE	3.77290001551955e-06	0.00910479239659718
CPD-12282	31651	MassBank	JP011923	12-Hydroxydodecanoic acid	inchikey_connectivity_formula_mass	2	FALSE	TRUE	4.63669999817284e-06	0.0115917499954321
ORCINOL-CPD	31664	MassBank	JP010543	3,5-DIHYDROXYTOLUENE	inchikey	1	TRUE	TRUE	4.98999995102167e-07	0.00124749998775542
CPD-18998	31676	MassBank	JP005175	Propyl acetate	inchikey	1	TRUE	TRUE	4.34800000448377e-07	0.00108700000112094
CPD-7614	31682	MassBank	JP008790	1-Naphthaldehyde	inchikey	1	TRUE	TRUE	4.87890000044899e-06	0.0121972500011225
PIPERIDINE	31748	MassBank	JP000478	Piperidine	inchikey_connectivity_formula_mass	2	FALSE	TRUE	6.41699998027434e-07	0.00160424999506859
CPD-11414	31775	MassBank	JP002844	BETA-PATCHOULENE	name_formula_mass	4	TRUE	TRUE	7.70399992688908e-07	0.00192599998172227
TRYPTAMINE	31785	MassBank	JP002028	Tryptamine	inchikey_connectivity_formula_mass	2	FALSE	TRUE	1.60440001195639e-06	0.00401100002989097
CPD-706	31786	MassBank	JP008184	24-METHYLENECHOLESTEROL	name_formula_mass	4	TRUE	TRUE	3.90130003324884e-06	0.00975325008312211
CPD-18991	31793	MassBank	JP005669	2-Pentanol	inchikey	1	TRUE	TRUE	4.99269999920671e-06	0.0124817499980168
CPD-6484	31796	MassBank	JP009171	1-Methoxy-4-(2-propenyl)benzene	inchikey	1	TRUE	TRUE	4.99270001341756e-06	0.0124817500335439
DIACETYL	31805	MassBank	JP008878	Diacetyl	inchikey	1	TRUE	TRUE	5.63199989755958e-07	0.0014079999743899
THYMINE	31812	MassBank	JP009500	Thymine	inchikey	1	TRUE	TRUE	2.5527999980568e-06	0.006381999995142
GERANIOL	31827	MassBank	JP007634	beta-Geraniol	inchikey	1	TRUE	TRUE	4.80010001524533e-06	0.0120002500381133
DOCOSANOATE	31832	MassBank	JP009247	Behenic acid	inchikey_connectivity_formula_mass	2	FALSE	TRUE	6.5659997972034e-07	0.00164149994930085
PHENYL	31933	MassBank	JP003413	Acetophenone	inchikey	1	TRUE	TRUE	4.87890000044899e-06	0.0121972500011225
CPD-9762	31934	MassBank	JP007631	cis-Citral	inchikey	1	TRUE	TRUE	4.86429999568827e-06	0.0121607499892207
DICOUMAROL	31959	MassBank	JP011905	Dicumarol	inchikey	1	TRUE	TRUE	1.88220002428352e-06	0.0047055000607088
CPD-8736	31982	MassBank	JP007120	gamma-Terpinene	inchikey	1	TRUE	TRUE	5.13599985652036e-07	0.00128399996413009
3-NITROBENZALDEHYDE	31994	MassBank	JP001659	3-Nitrobenzaldehyde	inchikey	1	TRUE	TRUE	2.0156530962	5039.13274049999
Coumarins	32061	MassBank	JP001132	Coumarin	inchikey	1	TRUE	TRUE	5.63199989755958e-07	0.0014079999743899
COUMARIN	32061	MassBank	JP001132	Coumarin	inchikey	1	TRUE	TRUE	5.63199989755958e-07	0.0014079999743899
L-ALPHA-ALANINE	32072	MassBank	JP010310	(alpha-D-mannosyl)7-beta-D-mannosyl-diacetylchitobiosyl-L-asparagine, isoform A (protein)	name_formula_mass	4	TRUE	TRUE	1.52590000368491e-06	0.00381475000921228
CPD-1909	32086	MassBank	JP004932	L-MENTHONE	name_formula_mass	4	TRUE	TRUE	4.80010001524533e-06	0.0120002500381133
CPD0-1307	32123	MassBank	JP000258	3-METHYL-2-BUTANONE	inchikey	1	TRUE	TRUE	4.94309999510278e-06	0.012357749987757
MALEATE	32143	MassBank	JP004046	Maleic acid	inchikey_connectivity_formula_mass	2	FALSE	TRUE	1.38320000075964e-06	0.00345800000189911
CPD-19958	32148	MassBank	JP008169	Ethyl propionate	inchikey	1	TRUE	TRUE	4.34800000448377e-07	0.00108700000112094
BENZYL-ALCOHOL	32175	MassBank	JP001515	Benzyl alcohol	inchikey	1	TRUE	TRUE	4.87890000044899e-06	0.0121972500011225
CPD-7032	32200	MassBank	JP001813	Isopentanol	inchikey	1	TRUE	TRUE	4.99269999920671e-06	0.0124817499980168
CPD-1909	32213	MassBank	JP007382	(-)-Menthone	inchikey	1	TRUE	TRUE	4.80010001524533e-06	0.0120002500381133
CPD-4162	32218	MassBank	JP002749	Stigmasterol	inchikey	1	TRUE	TRUE	3.83709999596249e-06	0.00930498143190894
CPD-4143	32251	MassBank	JP002090	beta-Sitosterol	inchikey	1	TRUE	TRUE	3.77290001551955e-06	0.00910479239659718
CPD-19958	32260	MassBank	JP005899	Ethyl propionate	inchikey	1	TRUE	TRUE	4.34800000448377e-07	0.00108700000112094
Maackiain	32264	MassBank	JP003133	MAACKIAIN	name_formula_mass	4	TRUE	TRUE	3.4957000139002e-06	0.00873925003475051
CPD-8234	32269	MassBank	JP002826	ALPHA-COPAENE	name_formula_mass	4	TRUE	TRUE	7.70399992688908e-07	0.00192599998172227
ISOVALERATE	32270	MassBank	JP009180	Isovaleric acid	inchikey_connectivity_formula_mass	2	FALSE	TRUE	4.34800000448377e-07	0.00108700000112094
CPD-7673	32277	MassBank	JP012064	3-Mercaptopropanoic acid	inchikey_connectivity_formula_mass	2	FALSE	TRUE	1.26800003386052e-07	0.000317000008465129
NICOTINE	32282	MassBank	JP010826	Nicotine	inchikey_connectivity_formula_mass	2	FALSE	TRUE	1.54020000309174e-06	0.00385050000772935
2-Phenyloxirane	32299	MassBank	JP008413	Styrene Oxide	inchikey	1	TRUE	TRUE	4.87890000044899e-06	0.0121972500011225
VANILLIN	32333	MassBank	JP008443	Vanillin	inchikey	1	TRUE	TRUE	4.12310001252081e-06	0.010307750031302
CPD-183	32341	MassBank	JP007233	Gallic acid	inchikey_connectivity_formula_mass	2	FALSE	TRUE	3.30309998730627e-06	0.00825774996826567
SCOPOLAMINE	32357	MassBank	JP003184	SCOPOLAMINE	name_formula_mass	4	TRUE	TRUE	1.83230002903656e-06	0.0045807500725914
PALMITATE	32394	MassBank	JP006253	Palmitic acid	inchikey_connectivity_formula_mass	2	FALSE	TRUE	2.71399983375886e-07	0.000678499958439716
CPD-862	32402	MassBank	JP006603	D-Camphor	name_formula_mass	4	TRUE	TRUE	4.86429999568827e-06	0.0121607499892207
CPD-8879	32405	MassBank	JP004919	2,4-Pentanedione	inchikey	1	TRUE	TRUE	4.98999995102167e-07	0.00124749998775542
MORPHINE	32437	MassBank	JP003177	Morphine	inchikey_connectivity_formula_mass	2	FALSE	TRUE	1.85999624591204e-08	4.64999061478011e-05
PICOLINATE	32450	MassBank	JP000484	Picolinic acid	inchikey_connectivity_formula_mass	2	FALSE	TRUE	1.59010001254956e-06	0.00397525003137389
CPD-8234	32464	MassBank	JP005249	COPAENE	name_formula_mass	4	TRUE	TRUE	7.70399992688908e-07	0.00192599998172227
CPD-6443	32470	MassBank	JP005651	Benzyl benzoate	inchikey	1	TRUE	TRUE	3.70599991583731e-07	0.000926499978959328
PYRIDOXINE	32485	MassBank	JP006258	Pyridoxine	inchikey	1	TRUE	TRUE	3.22459999324565e-06	0.00806149998311412
CPD-13859	32493	MassBank	JP001678	METHACRYLIC ACID	inchikey_connectivity_formula_mass	2	FALSE	TRUE	5.63199989755958e-07	0.0014079999743899
2-METHOXYETHANOL	32496	MassBank	JP006154	2-Methoxyethanol	inchikey	1	TRUE	TRUE	4.99000009313022e-07	0.00124750002328256
CPD-303	32531	MassBank	JP003880	Cyclohexylamine	inchikey_connectivity_formula_mass	2	FALSE	TRUE	5.77500003373643e-07	0.00144375000843411
CPD-6442	32565	MassBank	JP000065	Methyl 2-hydroxybenzoate	inchikey	1	TRUE	TRUE	4.12310001252081e-06	0.010307750031302
PUTRESCINE	32574	MassBank	JP007436	Putrescine	inchikey_connectivity_formula_mass	2	FALSE	TRUE	1.60439999774553e-06	0.00401099999436383
CPD-18998	32583	MassBank	JP007066	Propyl acetate	inchikey	1	TRUE	TRUE	4.34800000448377e-07	0.00108700000112094
QUININE	32584	MassBank	JP011912	QUININE	name_formula_mass	4	FALSE	TRUE	1.97500003196183e-06	0.00493750007990457
CPD-7051	32591	MassBank	JP003111	Trifluoperazine	inchikey_connectivity_formula_mass	2	FALSE	TRUE	3.07599998450314e-06	0.00755468974383293
CPD-4143	32609	MassBank	JP002699	beta-Sitosterol	inchikey	1	TRUE	TRUE	3.77290001551955e-06	0.00910479239659718
CPD-7032	32665	MassBank	JP006844	Isopentanol	inchikey	1	TRUE	TRUE	4.99269999920671e-06	0.0124817499980168
PIPERIDINE	32698	MassBank	JP009031	Piperidine	inchikey_connectivity_formula_mass	2	FALSE	TRUE	6.41699998027434e-07	0.00160424999506859
CPD-8801	32745	MassBank	JP010691	ALPHA-YLANGENE	name_formula_mass	4	TRUE	TRUE	7.70399992688908e-07	0.00192599998172227
DESMOSTEROL-CPD	32752	MassBank	JP009550	Desmosterol	inchikey	1	TRUE	TRUE	3.96550001369178e-06	0.00991375003422945
CATECHOL	32755	MassBank	JP000026	Pyrocatechol	inchikey	1	TRUE	TRUE	5.63199989755958e-07	0.0014079999743899
CPD-12479	32757	MassBank	JP011292	Theophylline	inchikey	1	TRUE	TRUE	4.47819999749299e-06	0.0111954999937325
CPD-4127	32772	MassBank	JP008179	ISOFUCOSTEROL	name_formula_mass	4	TRUE	TRUE	3.83709999596249e-06	0.00930498143190894
CPD-13220	32776	MassBank	JP006445	3-PENTANONE	inchikey	1	TRUE	TRUE	4.94309999510278e-06	0.012357749987757
CPD-8186	32784	MassBank	JP004089	Umbelliferone	inchikey	1	TRUE	TRUE	4.05890000365616e-06	0.0101472500091404
ACETOL	32786	MassBank	JP007023	Hydroxyacetone	inchikey	1	TRUE	TRUE	5.63199989755958e-07	0.0014079999743899
PHENYL	32794	MassBank	JP001661	Acetophenone	inchikey	1	TRUE	TRUE	4.87890000044899e-06	0.0121972500011225
CPD-9762	32795	MassBank	JP000123	cis-Citral	inchikey	1	TRUE	TRUE	4.86429999568827e-06	0.0121607499892207
CPD-13859	32821	MassBank	JP005168	Methyl acrylate	name_formula_mass	4	FALSE	TRUE	5.63199989755958e-07	0.0014079999743899
ISOVALERATE	32849	MassBank	JP004262	Isovaleric acid	inchikey_connectivity_formula_mass	2	FALSE	TRUE	4.34800000448377e-07	0.00108700000112094
CINNAMYL-ALC	32859	MassBank	JP006572	trans-Cinnamyl alcohol	inchikey	1	TRUE	TRUE	4.94310000931364e-06	0.0123577500232841
Citronellols	32891	MassBank	JP008379	CITRONELLOL	inchikey	1	TRUE	TRUE	4.73590000638069e-06	0.0118397500159517
PHENYL	32912	MassBank	JP007137	Acetophenone	inchikey	1	TRUE	TRUE	4.87890000044899e-06	0.0121972500011225
CPD-6501	32918	MassBank	JP011500	Benzyl acetate	inchikey	1	TRUE	TRUE	4.34800000448377e-07	0.00108700000112094
INDOLE-3-CARBOXALDEHYDE	32927	MassBank	JP010547	Indole-3-carboxaldehyde	inchikey	1	TRUE	TRUE	3.85199999186625e-06	0.00962999997966563
CPD-9758	32942	MassBank	JP007957	Geranyl acetate	inchikey	1	TRUE	TRUE	1.13800012968568e-07	0.00028450003242142
CPD-12901	33013	MassBank	JP008403	GERANYL ACETONE	inchikey	1	TRUE	TRUE	4.67169999751604e-06	0.0116792499937901
3-PHENYLPROPIONATE	33027	MassBank	JP006711	Hydrocinnamic acid	inchikey_connectivity_formula_mass	2	FALSE	TRUE	4.34800000448377e-07	0.00108700000112094
CPD-8735	33076	MassBank	JP007398	alpha-Terpinene	inchikey	1	TRUE	TRUE	5.13599985652036e-07	0.00128399996413009
CPD4FS-56	33090	MassBank	JP002831	DELTA-ELEMENE	inchikey	1	TRUE	TRUE	7.70399992688908e-07	0.00192599998172227
CPD-26162	33094	MassBank	JP001406	PIPERIC ACID	inchikey_connectivity_formula_mass	2	FALSE	TRUE	1.19059998837656e-06	0.0029764999709414
3-PHENYLPROPIONATE	33131	MassBank	JP006276	Hydrocinnamic acid	inchikey_connectivity_formula_mass	2	FALSE	TRUE	4.34800000448377e-07	0.00108700000112094
MALONATE	33137	MassBank	JP003892	Malonic acid	inchikey_connectivity_formula_mass	2	FALSE	TRUE	1.38320000075964e-06	0.00345800000189911
S-METHYL-L-CYSTEINE	33172	MassBank	JP006302	S-N-Methylcysteine	inchikey	1	TRUE	TRUE	7.71700001678255e-07	0.00192925000419564
CPD-7978	33204	MassBank	JP000121	Geraniol	inchikey	1	TRUE	TRUE	4.80010001524533e-06	0.0120002500381133
GERANIOL	33224	MassBank	JP005514	beta-Geraniol	inchikey	1	TRUE	TRUE	4.80010001524533e-06	0.0120002500381133
CPD-8847	33284	MassBank	JP002135	3-Buten-2-one	inchikey	1	TRUE	TRUE	4.8147000057952e-06	0.012036750014488
MANNITOL	33296	MassBank	JP010512	Mannitol	inchikey	1	TRUE	TRUE	1.81799998699717e-06	0.00454499996749291
CPD-5602	33301	MassBank	JP007414	Dimethylethanolamine	inchikey_connectivity_formula_mass	2	FALSE	TRUE	3.98040000959554e-06	0.00995100002398885
CPD-7676	33307	MassBank	JP001013	Iodomethane	inchikey	1	TRUE	TRUE	3.09629999151184e-06	0.0077407499787796
PROGESTERONE	33331	MassBank	JP007249	Progesterone	inchikey	1	TRUE	TRUE	2.0720000293295e-07	0.000518000007332375
OLEATE-CPD	33333	MassBank	JP003087	Oleic acid	inchikey_connectivity_formula_mass	2	FALSE	TRUE	3.35600020662241e-07	0.000839000051655603
ARACHIDIC_ACID	33348	MassBank	JP010864	Arachidic acid	inchikey_connectivity_formula_mass	2	FALSE	TRUE	5.28200018834468e-07	0.00132050004708617
CPD-6421	33370	MassBank	JP007349	(E)-methyl ester 3-phenyl-2-propenoic acid	inchikey	1	TRUE	TRUE	4.34800028870086e-07	0.00108700007217521
CPD-182	33376	MassBank	JP001135	4-Methylumbelliferone	inchikey	1	TRUE	TRUE	4.12310001252081e-06	0.010307750031302
CHOLESTEROL	33391	MassBank	JP002693	Cholesterol	inchikey	1	TRUE	TRUE	3.90130003324884e-06	0.00975325008312211
CPD-7969	33392	MassBank	JP007035	Sulcatone	inchikey	1	TRUE	TRUE	4.92850000455292e-06	0.0123212500113823
SUC	33457	MassBank	JP003893	Succinic acid	inchikey_connectivity_formula_mass	2	FALSE	TRUE	1.31900000610585e-06	0.00329750001526463
VANILLIN	33476	MassBank	JP009387	Vanillin	inchikey	1	TRUE	TRUE	4.12310001252081e-06	0.010307750031302
CPD-7051	33478	MassBank	JP005783	Trifluoperazine	inchikey_connectivity_formula_mass	2	FALSE	TRUE	3.07599998450314e-06	0.00755468974383293
CPD-7875	33511	MassBank	JP006868	Tetradecanol	inchikey	1	TRUE	TRUE	4.41489999047917e-06	0.0110372499761979
CPD-4887	33527	MassBank	JP008378	ALPHA-TERPINEOL	inchikey	1	TRUE	TRUE	4.80010001524533e-06	0.0120002500381133
SQUALENE	33543	MassBank	JP009552	Squalene	inchikey	1	TRUE	TRUE	1.60499996582075e-06	0.00391090199789531
CPD-8725	33552	MassBank	JP009953	(1R,4As,10aS)-7-Isopropyl-1,4a-dimethyl-1,2,3,4,4a,9,10,10a-octahydrophenanthrene-1-carboxylic acid	name_formula_mass	4	FALSE	TRUE	1.42999965646595e-07	0.000357499914116488
CPD-8701	33556	MassBank	JP007126	LONGIFOLENE	name_formula_mass	4	TRUE	TRUE	7.70399992688908e-07	0.00192599998172227
CPD-19956	33569	MassBank	JP005186	Butyl propionate	inchikey	1	TRUE	TRUE	3.06399982719086e-07	0.000765999956797714
CPD-9776	33577	MassBank	JP002772	Cocaine	inchikey_connectivity_formula_mass	2	FALSE	TRUE	1.83230002903656e-06	0.0045807500725914
BENZYL-ALCOHOL	33588	MassBank	JP006260	Benzyl alcohol	inchikey	1	TRUE	TRUE	4.87890000044899e-06	0.0121972500011225
DODECANOATE	33591	MassBank	JP011337	Dodecanoic acid	inchikey_connectivity_formula_mass	2	FALSE	TRUE	1.46000047607231e-08	3.65000119018077e-05
CINNAMALDEHYDE	33614	MassBank	JP002122	Cinnamaldehyde	inchikey	1	TRUE	TRUE	4.87890000044899e-06	0.0121972500011225
BUTANOL	33623	MassBank	JP000272	1-Butanol	inchikey	1	TRUE	TRUE	4.94309999510278e-06	0.012357749987757
INDOLE-3-CARBOXALDEHYDE	33634	MassBank	JP000428	Indole-3-carboxaldehyde	inchikey	1	TRUE	TRUE	3.85199999186625e-06	0.00962999997966563
L-ALPHA-ALANINE	33642	MassBank	JP007409	L-Alanine	inchikey	1	TRUE	TRUE	1.52590000368491e-06	0.00381475000921228
CPD0-1307	33651	MassBank	JP009753	3-METHYL-2-BUTANONE	inchikey	1	TRUE	TRUE	4.94309999510278e-06	0.012357749987757
CPD-862	33653	MassBank	JP000910	D-Camphor	name_formula_mass	4	TRUE	TRUE	4.86429999568827e-06	0.0121607499892207
CPD-7032	33656	MassBank	JP004283	3-pentanol	name_formula_mass	4	TRUE	TRUE	4.99269999920671e-06	0.0124817499980168
SEROTONIN	33659	MassBank	JP009553	Serotonin	inchikey_connectivity_formula_mass	2	FALSE	TRUE	3.01770000987744e-06	0.00754425002469361
ACRYLATE	33665	MassBank	JP004265	Acrylic acid	inchikey_connectivity_formula_mass	2	FALSE	TRUE	6.27399998620604e-07	0.00156849999655151
CPD-4888	33688	MassBank	JP007563	beta-Myrcene	inchikey	1	TRUE	TRUE	5.13599985652036e-07	0.00128399996413009
CPD-9500	33699	MassBank	JP011428	1,3,5-Trimethoxybenzene	inchikey	1	TRUE	TRUE	4.25150000182839e-06	0.010628750004571
CPD-18998	33744	MassBank	JP001301	Propyl acetate	inchikey	1	TRUE	TRUE	4.34800000448377e-07	0.00108700000112094
BENZALDEHYDE	33769	MassBank	JP004667	Benzaldehyde	inchikey	1	TRUE	TRUE	4.8147000057952e-06	0.012036750014488
1-CHLORO-24-DINITROBENZENE	33772	MassBank	JP011900	1-Chloro-2,4-dinitrobenzene	inchikey	1	FALSE	FALSE	4.0313044335	10078.26108375
CPD-4143	33780	MassBank	JP010944	beta-Sitosterol	inchikey	1	TRUE	TRUE	3.77290001551955e-06	0.00910479239659718
OCTANOL	33800	MassBank	JP006855	Octanol	inchikey	1	TRUE	TRUE	4.80010001524533e-06	0.0120002500381133
CPD-4261	33877	MassBank	JP007542	1,8-EPOXYMENTHANE	name_formula_mass	4	TRUE	TRUE	4.80010001524533e-06	0.0120002500381133
4-HYDROXYBENZALDEHYDE	33897	MassBank	JP009557	4-Hydroxybenzaldehyde	inchikey	1	TRUE	TRUE	5.63199989755958e-07	0.0014079999743899
ANDROST4ENE	33930	MassBank	JP005721	Androstenedione	inchikey	1	TRUE	TRUE	7.87999852036592e-08	0.000196999963009148
CPD-13346	33932	MassBank	JP001522	n-Butyl acetate	inchikey	1	TRUE	TRUE	3.70600005794586e-07	0.000926500014486464
PUTRESCINE	33934	MassBank	JP007353	Putrescine	inchikey_connectivity_formula_mass	2	FALSE	TRUE	1.60439999774553e-06	0.00401099999436383
CPD-9758	33938	MassBank	JP007163	Geranyl acetate	inchikey	1	TRUE	TRUE	1.13800012968568e-07	0.00028450003242142
CPD-703	33977	MassBank	JP005715	4-Nitrobenzaldehyde	inchikey	1	TRUE	TRUE	2.0156530962	5039.13274049999
QUINOLINATE	33982	MassBank	JP011614	Quinolinic acid	inchikey_connectivity_formula_mass	2	FALSE	TRUE	2.3459000146886e-06	0.00586475003672149
CPD-9758	33984	MassBank	JP001213	Geranyl acetate	inchikey	1	TRUE	TRUE	1.13800012968568e-07	0.00028450003242142
CPD0-1376	34002	MassBank	JP004188	Dicyclohexylamine	inchikey_connectivity_formula_mass	2	FALSE	TRUE	2.56500015893835e-07	0.000641250039734587
CPD-7676	34004	MassBank	JP008923	Iodomethane	inchikey	1	TRUE	TRUE	3.09629999151184e-06	0.0077407499787796
BUTYLAMINE	34010	MassBank	JP009053	1-Butylamine	inchikey_connectivity_formula_mass	2	FALSE	TRUE	6.41699998027434e-07	0.00160424999506859
CIS-3-HEXENAL	34026	MassBank	JP008675	(Z)-3-Hexenal	inchikey	1	TRUE	TRUE	4.94309999510278e-06	0.012357749987757
PHENYL	34036	MassBank	JP009602	Acetophenone	inchikey	1	TRUE	TRUE	4.87890000044899e-06	0.0121972500011225
Coumarins	34037	MassBank	JP007406	Coumarin	inchikey	1	TRUE	TRUE	5.63199989755958e-07	0.0014079999743899
COUMARIN	34037	MassBank	JP007406	Coumarin	inchikey	1	TRUE	TRUE	5.63199989755958e-07	0.0014079999743899
CPD-6481	34070	MassBank	JP008438	Eugenol	inchikey	1	TRUE	TRUE	3.7060002000544e-07	0.000926500050013601
METHYL-BETA-D-GALACTOSIDE	34074	MassBank	JP011147	METHYL BETA-D-GALACTOPYRANOSIDE	name_formula_mass	4	TRUE	TRUE	1.81799998699717e-06	0.00454499996749291
4-hydroxybenzoate	34083	MassBank	JP009473	4-Hydroxybenzoic acid	inchikey_connectivity_formula_mass	2	FALSE	TRUE	4.05890000365616e-06	0.0101472500091404
CPD-7676	34089	MassBank	JP002343	Iodomethane	inchikey	1	TRUE	TRUE	3.09629999151184e-06	0.0077407499787796
CPD-7031	34092	MassBank	JP009323	Isovaleraldehyde	inchikey	1	TRUE	TRUE	4.94309999510278e-06	0.012357749987757
CPD-7035	34120	MassBank	JP000994	2-Phenylethanol	inchikey	1	TRUE	TRUE	4.94309999510278e-06	0.012357749987757
CPD-9758	34134	MassBank	JP007166	3,7-Dimethyl-2,6-octadien-1-ylacetate	name_formula_mass	4	TRUE	TRUE	1.13800012968568e-07	0.00028450003242142
STEARIC_ACID	34145	MassBank	JP010943	Stearic acid	inchikey_connectivity_formula_mass	2	FALSE	TRUE	3.99800001105177e-07	0.000999500002762943
ETHYLACETATE	34177	MassBank	JP001797	Ethyl acetate	inchikey	1	TRUE	TRUE	4.99000009313022e-07	0.00124750002328256
CPD-6443	34180	MassBank	JP007586	Benzyl benzoate	inchikey	1	TRUE	TRUE	3.70599991583731e-07	0.000926499978959328
PHENYLETHYLAMINE	34187	MassBank	JP005862	Phenylethylamine	inchikey_connectivity_formula_mass	2	FALSE	TRUE	6.41699998027434e-07	0.00160424999506859
CPD-4162	34193	MassBank	JP004124	Stigmasterol	inchikey	1	TRUE	TRUE	3.83709999596249e-06	0.00930498143190894
PHENYL	34195	MassBank	JP003538	Acetophenone	inchikey	1	TRUE	TRUE	4.87890000044899e-06	0.0121972500011225
CHOLESTEROL	34207	MassBank	JP003431	Cholesterol	inchikey	1	TRUE	TRUE	3.90130003324884e-06	0.00975325008312211
4-HYDROXYBENZALDEHYDE	34213	MassBank	JP002063	4-Hydroxybenzaldehyde	inchikey	1	TRUE	TRUE	5.63199989755958e-07	0.0014079999743899
ESTRONE	34222	MassBank	JP011410	Estrone	inchikey	1	TRUE	TRUE	4.96000325256318e-08	0.00012400008131408
TYRAMINE	34223	MassBank	JP002813	Tyramine	inchikey_connectivity_formula_mass	2	FALSE	TRUE	3.98040000959554e-06	0.00995100002398885
BENZOATE	34234	MassBank	JP003534	Benzoic acid	inchikey_connectivity_formula_mass	2	FALSE	TRUE	5.63199989755958e-07	0.0014079999743899
ACETOIN	34250	MassBank	JP009143	Acetoin	inchikey	1	TRUE	TRUE	4.99000009313022e-07	0.00124750002328256
CPD-13014	34261	MassBank	JP005842	Glycerol tributanoate	inchikey	1	TRUE	TRUE	1.43279999065271e-06	0.00358199997663178
PYRUVATE	34262	MassBank	JP009205	Pyruvic acid	inchikey_connectivity_formula_mass	2	FALSE	TRUE	3.99469999479152e-06	0.00998674998697879
CPD0-1376	34278	MassBank	JP003606	Dicyclohexylamine	inchikey_connectivity_formula_mass	2	FALSE	TRUE	2.56500015893835e-07	0.000641250039734587
CPD-8234	34299	MassBank	JP010687	ALPHA-COPAENE	name_formula_mass	4	TRUE	TRUE	7.70399992688908e-07	0.00192599998172227
CPD-6481	34305	MassBank	JP009442	Eugenol	inchikey	1	TRUE	TRUE	3.7060002000544e-07	0.000926500050013601
DODECANOATE	34335	MassBank	JP009203	Dodecanoic acid	inchikey_connectivity_formula_mass	2	FALSE	TRUE	1.46000047607231e-08	3.65000119018077e-05
CPD-5602	34410	MassBank	JP007316	Dimethylethanolamine	inchikey_connectivity_formula_mass	2	FALSE	TRUE	3.98040000959554e-06	0.00995100002398885
Limonenes	34423	MassBank	JP002318	Polylimonene	name_formula_mass	4	TRUE	TRUE	5.13599985652036e-07	0.00128399996413009
CPD-8785	34423	MassBank	JP002318	Polylimonene	name_formula_mass	4	TRUE	TRUE	5.13599985652036e-07	0.00128399996413009
CPD-4886	34423	MassBank	JP002318	Polylimonene	name_formula_mass	4	TRUE	TRUE	5.13599985652036e-07	0.00128399996413009
CPD-6501	34431	MassBank	JP004946	Benzyl acetate	inchikey	1	TRUE	TRUE	4.34800000448377e-07	0.00108700000112094
PYRIDINE	34433	MassBank	JP009032	Pyridine	inchikey	1	TRUE	TRUE	8.34299996199661e-07	0.00208574999049915
CPD-12479	34456	MassBank	JP003188	Theophylline	inchikey	1	TRUE	TRUE	4.47819999749299e-06	0.0111954999937325
CPD-14529	34464	MassBank	JP002533	2-Phenylethyl acetate	inchikey	1	TRUE	TRUE	3.7060002000544e-07	0.000926500050013601
DIHYDROCOUMARIN	34489	MassBank	JP008723	3,4-Dihydro-2H-1-benzopyran-2-one	inchikey	1	TRUE	TRUE	4.98999980891313e-07	0.00124749995222828
DODECANOATE	34490	MassBank	JP009571	Dodecanoic acid	inchikey_connectivity_formula_mass	2	FALSE	TRUE	1.46000047607231e-08	3.65000119018077e-05
DL-12-Propanediol	34547	MassBank	JP001841	1,2-PROPANEDIOL	name_formula_mass	4	TRUE	TRUE	4.99000009313022e-07	0.00124750002328256
CPD-8879	34553	MassBank	JP001689	2,4-Pentanedione	inchikey	1	TRUE	TRUE	4.98999995102167e-07	0.00124749998775542
CPD-13223	34559	MassBank	JP006455	3-Hexanone	inchikey	1	TRUE	TRUE	4.99269999920671e-06	0.0124817499980168
CPD-9087	34594	MassBank	JP009948	3,7,11,15-TETRAMETHYL-2E,6E,10E,14E-2,6,10,14-HEXADECATETRAEN-1-OL	inchikey	1	TRUE	TRUE	4.28649997274988e-06	0.0107162499318747
CPD-8754	34611	MassBank	JP005733	(+)-alpha-Pinene	inchikey	1	TRUE	TRUE	5.13599985652036e-07	0.00128399996413009
BENZYL-ALCOHOL	34615	MassBank	JP001280	Benzyl alcohol	inchikey	1	TRUE	TRUE	4.87890000044899e-06	0.0121972500011225
CPD-685	34618	MassBank	JP005741	Fenchol	name_formula_mass	4	TRUE	TRUE	4.80010001524533e-06	0.0120002500381133
CPD-9762	34629	MassBank	JP007545	cis-Citral	inchikey	1	TRUE	TRUE	4.86429999568827e-06	0.0121607499892207
FERULIC-ACID	34727	MassBank	JP007239	Ferulic acid	inchikey_connectivity_formula_mass	2	FALSE	TRUE	1.19059998837656e-06	0.0029764999709414
BUTYLAMINE	34731	MassBank	JP001284	1-Butylamine	inchikey_connectivity_formula_mass	2	FALSE	TRUE	6.41699998027434e-07	0.00160424999506859
CPD-9930	34744	MassBank	JP009453	ANETHOL	inchikey	1	TRUE	TRUE	4.99270001341756e-06	0.0124817500335439
CPD-19956	34748	MassBank	JP002539	Butyl propionate	inchikey	1	TRUE	TRUE	3.06399982719086e-07	0.000765999956797714
DIACETYL	34760	MassBank	JP006940	Diacetyl	inchikey	1	TRUE	TRUE	5.63199989755958e-07	0.0014079999743899
2-COUMARATE	34768	MassBank	JP011904	2-Hydroxycinnamic acid	inchikey_connectivity_formula_mass	2	FALSE	TRUE	4.12310001252081e-06	0.010307750031302
CPD-352	34789	MassBank	JP003433	Estradiol	inchikey	1	TRUE	TRUE	1.46000047607231e-08	3.65000119018077e-05
CPD-11595	34801	MassBank	JP007705	Pentadecanol	inchikey	1	TRUE	TRUE	4.35069998161453e-06	0.0108767499540363
CPD0-1307	34839	MassBank	JP006446	3-METHYL-2-BUTANONE	inchikey	1	TRUE	TRUE	4.94309999510278e-06	0.012357749987757
CPD-13346	34855	MassBank	JP001302	n-Butyl acetate	inchikey	1	TRUE	TRUE	3.70600005794586e-07	0.000926500014486464
CINNAMALDEHYDE	34860	MassBank	JP005393	Cinnamaldehyde	inchikey	1	TRUE	TRUE	4.87890000044899e-06	0.0121972500011225
ANTHRANILATE	34862	MassBank	JP001335	2-Aminobenzoic acid	inchikey_connectivity_formula_mass	2	FALSE	TRUE	1.52590001789576e-06	0.00381475004473941
CPD-19959	34895	MassBank	JP004929	Propyl benzoate	inchikey	1	TRUE	TRUE	3.7060002000544e-07	0.000926500050013601
CINNAMALDEHYDE	34899	MassBank	JP005392	Cinnamaldehyde	inchikey	1	TRUE	TRUE	4.87890000044899e-06	0.0121972500011225
GERANIOL	34900	MassBank	JP007553	beta-Geraniol	inchikey	1	TRUE	TRUE	4.80010001524533e-06	0.0120002500381133
CPD-303	34909	MassBank	JP002567	Cyclohexylamine	inchikey_connectivity_formula_mass	2	FALSE	TRUE	5.77500003373643e-07	0.00144375000843411
3-PHENYLPROPIONATE	34913	MassBank	JP010382	Hydrocinnamic acid	inchikey_connectivity_formula_mass	2	FALSE	TRUE	4.34800000448377e-07	0.00108700000112094
CPD-7035	34925	MassBank	JP006570	2-Phenylethanol	inchikey	1	TRUE	TRUE	4.94309999510278e-06	0.012357749987757
CPD-326	34952	MassBank	JP007111	2-Butanol	inchikey	1	TRUE	TRUE	4.94309999510278e-06	0.012357749987757
INDOLE	34966	MassBank	JP002009	Indole	inchikey	1	TRUE	TRUE	7.7010000154587e-07	0.00192525000386468
ISOBUTYRATE	34978	MassBank	JP009178	Isobutyric acid	inchikey_connectivity_formula_mass	2	FALSE	TRUE	4.99000009313022e-07	0.00124750002328256
T-2-NONENAL-CMPD	35010	MassBank	JP008684	Non-2-enal	inchikey	1	TRUE	TRUE	4.86429999568827e-06	0.0121607499892207
CPD-6501	35017	MassBank	JP006899	Benzyl acetate	inchikey	1	TRUE	TRUE	4.34800000448377e-07	0.00108700000112094
PRO	35048	MassBank	JP009492	L-Proline	inchikey	1	TRUE	TRUE	1.46169999482026e-06	0.00365424998705066
ESTRONE	35089	MassBank	JP009509	Estrone	inchikey	1	TRUE	TRUE	4.96000325256318e-08	0.00012400008131408
CPD-238	35090	MassBank	JP010523	N-Acetylarylamine	name_formula_mass	4	TRUE	TRUE	3.9162000007309e-06	0.00979050000182724
CPD-14529	35091	MassBank	JP001209	2-Phenylethyl acetate	inchikey	1	TRUE	TRUE	3.7060002000544e-07	0.000926500050013601
CPD-6441	35095	MassBank	JP000304	Methyl benzoate	inchikey	1	TRUE	TRUE	4.98999980891313e-07	0.00124749995222828
NIACINE	35112	MassBank	JP005708	Nicotinic acid	inchikey_connectivity_formula_mass	2	FALSE	TRUE	1.59010001254956e-06	0.00397525003137389
CPD-6443	35129	MassBank	JP006275	Benzyl benzoate	inchikey	1	TRUE	TRUE	3.70599991583731e-07	0.000926499978959328
N-EE-PIPEROYL-PIPERIDINE	35154	MassBank	JP005656	Piperine	inchikey	1	TRUE	TRUE	3.48140002870423e-06	0.00870350007176057
CPD-326	35261	MassBank	JP001852	2-Butanol	inchikey	1	TRUE	TRUE	4.94309999510278e-06	0.012357749987757
ANILINE	35290	MassBank	JP003982	Aniline	inchikey	1	TRUE	TRUE	7.7010000154587e-07	0.00192525000386468
CPD-19959	35294	MassBank	JP005176	Propyl benzoate	inchikey	1	TRUE	TRUE	3.7060002000544e-07	0.000926500050013601
CPD-16717	35309	MassBank	JP005843	MONOSTEARIN	name_formula_mass	4	TRUE	TRUE	1.63399988650781e-07	0.000408499971626952
CPD-6443	35319	MassBank	JP009732	Benzyl benzoate	inchikey	1	TRUE	TRUE	3.70599991583731e-07	0.000926499978959328
CPD-18998	35341	MassBank	JP001194	Propyl acetate	inchikey	1	TRUE	TRUE	4.34800000448377e-07	0.00108700000112094
PHENYL	35345	MassBank	JP001491	Acetophenone	inchikey	1	TRUE	TRUE	4.87890000044899e-06	0.0121972500011225
CPD-6443	35353	MassBank	JP001512	Benzyl benzoate	inchikey	1	TRUE	TRUE	3.70599991583731e-07	0.000926499978959328
CPD-6441	35370	MassBank	JP000036	Methyl benzoate	inchikey	1	TRUE	TRUE	4.98999980891313e-07	0.00124749995222828
ALLANTOIN	35393	MassBank	JP008299	Allantoin	inchikey	1	TRUE	TRUE	7.96999870544823e-08	0.000199249967636206
NIACINAMIDE	35454	MassBank	JP010812	Niacinamide	inchikey	1	TRUE	TRUE	2.82509999749436e-06	0.00706274999373591
ETHYLACETATE	35462	MassBank	JP007064	Ethyl acetate	inchikey	1	TRUE	TRUE	4.99000009313022e-07	0.00124750002328256
GERANIAL	35469	MassBank	JP008697	Geranial	inchikey	1	TRUE	TRUE	4.86429999568827e-06	0.0121607499892207
CPD-19956	35483	MassBank	JP006392	Butyl propionate	inchikey	1	TRUE	TRUE	3.06399982719086e-07	0.000765999956797714
CPD-7032	35495	MassBank	JP005670	3-pentanol	name_formula_mass	4	TRUE	TRUE	4.99269999920671e-06	0.0124817499980168
BUTANEDIOL	35519	MassBank	JP009398	2,3-Butanediol	name_formula_mass	4	TRUE	TRUE	4.34800000448377e-07	0.00108700000112094
CPD-8736	35558	MassBank	JP007568	gamma-Terpinene	inchikey	1	TRUE	TRUE	5.13599985652036e-07	0.00128399996413009
MALONATE	35587	MassBank	JP005398	Malonic acid	inchikey_connectivity_formula_mass	2	FALSE	TRUE	1.38320000075964e-06	0.00345800000189911
TRANS-2-HEXENOL	35626	MassBank	JP006845	2-Hexen-1-ol	inchikey	1	TRUE	TRUE	4.99269999920671e-06	0.0124817499980168
PINENE	35637	MassBank	JP007117	Pinene	name_formula_mass	4	TRUE	TRUE	5.13599985652036e-07	0.00128399996413009
CPD0-1307	35638	MassBank	JP002130	METHYL ISOPROPYL KETONE	inchikey	1	TRUE	TRUE	4.94309999510278e-06	0.012357749987757
CPD-326	35639	MassBank	JP000274	2-Butanol	inchikey	1	TRUE	TRUE	4.94309999510278e-06	0.012357749987757
CPD-19958	35653	MassBank	JP005962	Ethyl propionate	inchikey	1	TRUE	TRUE	4.34800000448377e-07	0.00108700000112094
4-AMINO-BUTYRATE	35666	MassBank	JP011892	gamma-Aminobutyric acid	inchikey	1	TRUE	TRUE	1.46169999482026e-06	0.00365424998705066
CPD-9762	35685	MassBank	JP005517	cis-Citral	inchikey	1	TRUE	TRUE	4.86429999568827e-06	0.0121607499892207
CPD-9930	35709	MassBank	JP009172	ANETHOLE	inchikey	1	TRUE	TRUE	4.99270001341756e-06	0.0124817500335439
CPD-8739	35710	MassBank	JP002827	ALPHA-CUBEBENE	name_formula_mass	4	TRUE	TRUE	7.70399992688908e-07	0.00192599998172227
BUTANOL	35716	MassBank	JP007109	1-Butanol	inchikey	1	TRUE	TRUE	4.94309999510278e-06	0.012357749987757
BUTYRIC_ACID	35736	MassBank	JP001851	Butyric acid	inchikey_connectivity_formula_mass	2	FALSE	TRUE	4.99000009313022e-07	0.00124750002328256
2-Phenyloxirane	35756	MassBank	JP011498	Styrene Oxide	inchikey	1	TRUE	TRUE	4.87890000044899e-06	0.0121972500011225
CHOLESTEROL	35760	MassBank	JP003789	Cholesterol	inchikey	1	TRUE	TRUE	3.90130003324884e-06	0.00975325008312211
ORCINOL-CPD	35788	MassBank	JP004057	5-METHYLRESORCINOL	inchikey	1	TRUE	TRUE	4.98999995102167e-07	0.00124749998775542
CPD-7978	35806	MassBank	JP007722	Geraniol	inchikey	1	TRUE	TRUE	4.80010001524533e-06	0.0120002500381133
CPD-6441	35809	MassBank	JP003139	Methyl benzoate	inchikey	1	TRUE	TRUE	4.98999980891313e-07	0.00124749995222828
OCTANOL	35812	MassBank	JP006107	Octanol	inchikey	1	TRUE	TRUE	4.80010001524533e-06	0.0120002500381133
CPD-3617	35841	MassBank	JP009200	Capric acid	inchikey_connectivity_formula_mass	2	FALSE	TRUE	1.13800012968568e-07	0.00028450003242142
CPD-6443	35854	MassBank	JP005903	Benzyl benzoate	inchikey	1	TRUE	TRUE	3.70599991583731e-07	0.000926499978959328
CPD-19607	35856	MassBank	JP012058	2-Pyrrolidinone	inchikey	1	TRUE	TRUE	3.85199999186625e-06	0.00962999997966563
CPD-5602	35877	MassBank	JP008077	Dimethylethanolamine	inchikey_connectivity_formula_mass	2	FALSE	TRUE	3.98040000959554e-06	0.00995100002398885
CPD-6421	35885	MassBank	JP005394	(E)-methyl ester 3-phenyl-2-propenoic acid	inchikey	1	TRUE	TRUE	4.34800028870086e-07	0.00108700007217521
4-hydroxybenzoate	35958	MassBank	JP003521	4-Hydroxybenzoic acid	inchikey_connectivity_formula_mass	2	FALSE	TRUE	4.05890000365616e-06	0.0101472500091404
GERANIOL	35969	MassBank	JP008375	beta-Geraniol	inchikey	1	TRUE	TRUE	4.80010001524533e-06	0.0120002500381133
CINNAMALDEHYDE	35973	MassBank	JP007433	Cinnamaldehyde	inchikey	1	TRUE	TRUE	4.87890000044899e-06	0.0121972500011225
VANILLATE	35987	MassBank	JP008196	Vanillic acid	inchikey_connectivity_formula_mass	2	FALSE	TRUE	1.25479999724121e-06	0.00313699999310302
RUTIN	36026	MassBank	JP000631	Rutin	inchikey_connectivity_formula_mass	2	FALSE	TRUE	4.91660000534466e-06	0.00805797382574006
CPD-12282	36034	MassBank	JP011924	12-Hydroxydodecanoic acid	inchikey_connectivity_formula_mass	2	FALSE	TRUE	4.63669999817284e-06	0.0115917499954321
CPD-15939	36089	MassBank	JP002401	2-METHYL-6-METHYLENE-2,7-OCTADIEN-4-OL	name_formula_mass	4	TRUE	TRUE	4.86429999568827e-06	0.0121607499892207
CPD-4887	36090	MassBank	JP005329	ALPHA-TERPINEOL	inchikey	1	TRUE	TRUE	4.80010001524533e-06	0.0120002500381133
CPD-18991	36107	MassBank	JP001814	2-Pentanol	inchikey	1	TRUE	TRUE	4.99269999920671e-06	0.0124817499980168
CPD-4890	36113	MassBank	JP007121	Terpinolene	inchikey	1	TRUE	TRUE	5.13599985652036e-07	0.00128399996413009
CPD-9758	36125	MassBank	JP005793	Geranyl acetate	inchikey	1	TRUE	TRUE	1.13800012968568e-07	0.00028450003242142
2-METHOXYETHANOL	36128	MassBank	JP007448	2-Methoxyethanol	inchikey	1	TRUE	TRUE	4.99000009313022e-07	0.00124750002328256
INDOLE	36130	MassBank	JP002807	Indole	inchikey	1	TRUE	TRUE	7.7010000154587e-07	0.00192525000386468
PHENYLACETONITRILE	36137	MassBank	JP001516	Benzeneacetonitrile	inchikey	1	TRUE	TRUE	7.7010000154587e-07	0.00192525000386468
CPD0-1376	36145	MassBank	JP007416	Dicyclohexylamine	inchikey_connectivity_formula_mass	2	FALSE	TRUE	2.56500015893835e-07	0.000641250039734587
CPD1F-90	36158	MassBank	JP000687	Kaempferol	inchikey_connectivity_formula_mass	2	FALSE	TRUE	1.94639994788304e-06	0.00486599986970759
CPD-10037	36159	MassBank	JP005801	(S)-Carvone	inchikey	1	TRUE	TRUE	4.92850000455292e-06	0.0123212500113823
CPD-7032	36168	MassBank	JP000277	Isopentanol	inchikey	1	TRUE	TRUE	4.99269999920671e-06	0.0124817499980168
CIS-3-HEXENOL	36175	MassBank	JP008204	3-Hexen-1-ol	inchikey	1	TRUE	TRUE	4.99269999920671e-06	0.0124817499980168
CPD4FS-35	36187	MassBank	JP002832	EREMOPHILENE	inchikey	1	TRUE	TRUE	7.70399992688908e-07	0.00192599998172227
CPD-11884	36256	MassBank	JP000536	4-Methoxycinnamic acid	inchikey_connectivity_formula_mass	2	FALSE	TRUE	4.18729996454204e-06	0.0104682499113551
CPD-7978	36316	MassBank	JP008377	Geraniol	inchikey	1	TRUE	TRUE	4.80010001524533e-06	0.0120002500381133
L-DIHYDROXY-PHENYLALANINE	36328	MassBank	JP001409	DOPA	name_formula_mass	4	TRUE	TRUE	2.15330001651637e-06	0.00538325004129092
CPD-10110	36417	MassBank	JP010672	SCLAREOL	name_formula_mass	4	TRUE	TRUE	3.99800001105177e-07	0.000999500002762943
CPD-9846	36424	MassBank	JP011914	QUINIDINE	name_formula_mass	4	FALSE	TRUE	1.97500003196183e-06	0.00493750007990457
CPD-7875	36439	MassBank	JP008107	Tetradecanol	inchikey	1	TRUE	TRUE	4.41489999047917e-06	0.0110372499761979
CPD-1722	36447	MassBank	JP002824	(+)-1(10),4-Cadinadiene	inchikey	1	TRUE	TRUE	7.70399992688908e-07	0.00192599998172227
CPD4FS-39	36453	MassBank	JP004110	(-)-Borneol	name_formula_mass	4	TRUE	TRUE	4.80010001524533e-06	0.0120002500381133
CPD-1903	36453	MassBank	JP004110	(-)-Borneol	name_formula_mass	4	TRUE	TRUE	4.80010001524533e-06	0.0120002500381133
CPD-1908	36453	MassBank	JP004110	(-)-Borneol	name_formula_mass	4	TRUE	TRUE	4.80010001524533e-06	0.0120002500381133
URACIL	36454	MassBank	JP009498	Uracil	inchikey	1	TRUE	TRUE	2.61700000692144e-06	0.00654250001730361
CPD-24845	36462	MassBank	JP011926	LACTIC ACID	inchikey	1	TRUE	TRUE	4.05890000365616e-06	0.0101472500091404
2-METHOXYETHANOL	36496	MassBank	JP004281	2-Methoxyethanol	inchikey	1	TRUE	TRUE	4.99000009313022e-07	0.00124750002328256
BENZOATE	36500	MassBank	JP009208	Benzoic acid	inchikey_connectivity_formula_mass	2	FALSE	TRUE	5.63199989755958e-07	0.0014079999743899
S-CAMPHOR	36538	MassBank	JP011329	(1S)-(-)-CAMPHOR	inchikey	1	TRUE	TRUE	4.86429999568827e-06	0.0121607499892207
--CAMPHOR	36538	MassBank	JP011329	(1S)-(-)-CAMPHOR	inchikey	1	TRUE	TRUE	4.86429999568827e-06	0.0121607499892207
BUTYRIC_ACID	36551	MassBank	JP009177	Butyric acid	inchikey_connectivity_formula_mass	2	FALSE	TRUE	4.99000009313022e-07	0.00124750002328256
CPD-4841	36561	MassBank	JP011613	2,6-Pyridinedicarboxylic acid	inchikey_connectivity_formula_mass	2	FALSE	TRUE	2.3459000146886e-06	0.00586475003672149
ACRYLAMIDE	36579	MassBank	JP002901	Acrylamide	inchikey	1	TRUE	TRUE	3.78779999721246e-06	0.00946949999303115
CPD-8879	36580	MassBank	JP000328	2,4-Pentanedione	inchikey	1	TRUE	TRUE	4.98999995102167e-07	0.00124749998775542
RIBOFLAVIN	36624	MassBank	JP011637	Riboflavin	inchikey_connectivity_formula_mass	2	FALSE	TRUE	4.39539996932581e-06	0.0109884999233145
CPD-14901	36639	MassBank	JP009474	22-DIHYDROCHONDRILLASTEROL	name_formula_mass	4	TRUE	TRUE	3.77290001551955e-06	0.00910479239659718
2-FLUOROBENZOATE	36691	MassBank	JP001003	ORTHO-FLUOROBENZOIC ACID	inchikey_connectivity_formula_mass	2	FALSE	TRUE	2.39529998680155e-06	0.00598824996700387
CPD0-1581	36702	MassBank	JP010564	Trimethoprim	inchikey	1	TRUE	TRUE	4.64899983398936e-07	0.00116224995849734
4-hydroxybenzoate	36708	MassBank	JP010315	4-Hydroxybenzoic acid	inchikey_connectivity_formula_mass	2	FALSE	TRUE	4.05890000365616e-06	0.0101472500091404
GERANIOL	36709	MassBank	JP005792	beta-Geraniol	inchikey	1	TRUE	TRUE	4.80010001524533e-06	0.0120002500381133
CPD0-1267	36723	MassBank	JP010465	ISOPHTHALIC ACID	inchikey_connectivity_formula_mass	2	FALSE	TRUE	1.31900000610585e-06	0.00329750001526463
GERANIAL	36734	MassBank	JP007632	Geranial	inchikey	1	TRUE	TRUE	4.86429999568827e-06	0.0121607499892207
3-OH-BENZALDEHYDE	36758	MassBank	JP008442	M-HYDROXYBENZALDEHYDE	inchikey	1	TRUE	TRUE	5.63199989755958e-07	0.0014079999743899
CPD-6361	36780	MassBank	JP010401	1,3-Dihydro-(2H)-indol-2-one	inchikey	1	TRUE	TRUE	3.85199999186625e-06	0.00962999997966563
CPD-313	36790	MassBank	JP007418	1,3-Diaminopropane	inchikey_connectivity_formula_mass	2	FALSE	TRUE	1.66860000661018e-06	0.00417150001652544
BENZALDEHYDE	36856	MassBank	JP008775	Benzaldehyde	inchikey	1	TRUE	TRUE	4.8147000057952e-06	0.012036750014488
CPD-7031	36861	MassBank	JP001480	Isovaleraldehyde	inchikey	1	TRUE	TRUE	4.94309999510278e-06	0.012357749987757
COUMARATE	36908	MassBank	JP011903	4-Hydroxycinnamic acid	inchikey_connectivity_formula_mass	2	FALSE	TRUE	4.12310001252081e-06	0.010307750031302
CPD-4162	36913	MassBank	JP002860	Stigmasterol	inchikey	1	TRUE	TRUE	3.83709999596249e-06	0.00930498143190894
QUINOLINATE	36918	MassBank	JP011615	Quinolinic acid	inchikey_connectivity_formula_mass	2	FALSE	TRUE	2.3459000146886e-06	0.00586475003672149
CPD4FS-39	36950	MassBank	JP007941	(-)-Borneol	name_formula_mass	4	TRUE	TRUE	4.80010001524533e-06	0.0120002500381133
CPD-1903	36950	MassBank	JP007941	(-)-Borneol	name_formula_mass	4	TRUE	TRUE	4.80010001524533e-06	0.0120002500381133
CPD-1908	36950	MassBank	JP007941	(-)-Borneol	name_formula_mass	4	TRUE	TRUE	4.80010001524533e-06	0.0120002500381133
CPD-12901	36981	MassBank	JP008402	GERANYL ACETONE	inchikey	1	TRUE	TRUE	4.67169999751604e-06	0.0116792499937901
BUTANAL	37004	MassBank	JP001477	Butanal	inchikey	1	TRUE	TRUE	4.87890000044899e-06	0.0121972500011225
ANDROST4ENE	37018	MassBank	JP011413	Androstenedione	inchikey	1	TRUE	TRUE	7.87999852036592e-08	0.000196999963009148
ISOMETHYLEUGENOL	37019	MassBank	JP008425	(E)-1,2-DIMETHOXY-4-(1-PROPENYL)BENZENE	inchikey	1	TRUE	TRUE	3.06399982719086e-07	0.000765999956797714
ACETOL	37035	MassBank	JP004268	Hydroxyacetone	inchikey	1	TRUE	TRUE	5.63199989755958e-07	0.0014079999743899
CPD-182	37063	MassBank	JP005641	4-Methylumbelliferone	inchikey	1	TRUE	TRUE	4.12310001252081e-06	0.010307750031302
CINNAMALDEHYDE	37097	MassBank	JP007347	Cinnamaldehyde	inchikey	1	TRUE	TRUE	4.87890000044899e-06	0.0121972500011225
CPD-19958	37108	MassBank	JP001494	Ethyl propionate	inchikey	1	TRUE	TRUE	4.34800000448377e-07	0.00108700000112094
CINNAMALDEHYDE	37112	MassBank	JP004930	Cinnamaldehyde	inchikey	1	TRUE	TRUE	4.87890000044899e-06	0.0121972500011225
CPD-8762	37132	MassBank	JP010689	ALPHA-LONGIPINENE	name_formula_mass	4	TRUE	TRUE	7.70399992688908e-07	0.00192599998172227
CPD-19438	37164	MassBank	JP010368	LYCORINE	inchikey	1	TRUE	TRUE	1.96069998992243e-06	0.00490174997480608
CPD-1002	37214	MassBank	JP005647	Cuminyl alcohol	inchikey	1	TRUE	TRUE	4.92850000455292e-06	0.0123212500113823
CPD-7193	37243	MassBank	JP001884	5ALPHA-CHOLESTAN-3ALPHA-OL	name_formula_mass	4	TRUE	TRUE	3.83709999596249e-06	0.00959274998990622
T-2-NONENAL-CMPD	37254	MassBank	JP008213	Non-2-enal	inchikey	1	TRUE	TRUE	4.86429999568827e-06	0.0121607499892207
CPD-12846	37267	MassBank	JP006809	cis-3-Hexenyl acetate	inchikey	1	TRUE	TRUE	3.06399982719086e-07	0.000765999956797714
PHENYLACETONITRILE	37270	MassBank	JP006144	Benzeneacetonitrile	inchikey	1	TRUE	TRUE	7.7010000154587e-07	0.00192525000386468
MORPHINE	37277	MassBank	JP003089	Morphine	inchikey_connectivity_formula_mass	2	FALSE	TRUE	1.85999624591204e-08	4.64999061478011e-05
GLYCEROL	37278	MassBank	JP008191	Glycerol	inchikey	1	TRUE	TRUE	4.12309999830995e-06	0.0103077499957749
FUM	37282	MassBank	JP004047	Fumaric acid	inchikey_connectivity_formula_mass	2	FALSE	TRUE	1.38320000075964e-06	0.00345800000189911
CPD-4887	37305	MassBank	JP007571	ALPHA-TERPINEOL	inchikey	1	TRUE	TRUE	4.80010001524533e-06	0.0120002500381133
CPD-13220	37315	MassBank	JP000266	3-PENTANONE	inchikey	1	TRUE	TRUE	4.94309999510278e-06	0.012357749987757
CPD-19956	37323	MassBank	JP005172	Butyl propionate	inchikey	1	TRUE	TRUE	3.06399982719086e-07	0.000765999956797714
3-7-DIMETHYLXANTHINE	37342	MassBank	JP002808	Theobromine	inchikey	1	TRUE	TRUE	4.47819999749299e-06	0.0111954999937325
CPD-6443	37345	MassBank	JP011119	Benzyl benzoate	inchikey	1	TRUE	TRUE	3.70599991583731e-07	0.000926499978959328
TETRACOSANOATE	37353	MassBank	JP009248	Tetracosanoic acid	inchikey_connectivity_formula_mass	2	FALSE	TRUE	7.84999997449631e-07	0.00196249999362408
SALICYLALDEHYDE	37376	MassBank	JP004125	2-Hydroxybenzaldehyde	inchikey	1	TRUE	TRUE	5.63199989755958e-07	0.0014079999743899
1-3-7-TRIMETHYLXANTHINE	37382	MassBank	JP000558	Caffeine	inchikey	1	TRUE	TRUE	4.41399998862835e-06	0.0110349999715709
CPD-13346	37394	MassBank	JP007068	n-Butyl acetate	inchikey	1	TRUE	TRUE	3.70600005794586e-07	0.000926500014486464
CPD-6482	37416	MassBank	JP008424	Methyleugenol	inchikey	1	TRUE	TRUE	3.06399982719086e-07	0.000765999956797714
SINAPATE	37423	MassBank	JP007240	Sinapic acid	inchikey_connectivity_formula_mass	2	FALSE	TRUE	3.4957000139002e-06	0.00873925003475051
CPD-9762	37425	MassBank	JP008696	cis-Citral	inchikey	1	TRUE	TRUE	4.86429999568827e-06	0.0121607499892207
TRICHLOROETHENE	37504	MassBank	JP008791	Trichloroethylene	inchikey	1	FALSE	FALSE	3.16210002893058e-06	0.00790525007232645
2-UNDECANONE	37529	MassBank	JP007046	2-Undecanone	inchikey	1	TRUE	TRUE	4.67169999751604e-06	0.0116792499937901
CPD-13346	37530	MassBank	JP001199	n-Butyl acetate	inchikey	1	TRUE	TRUE	3.70600005794586e-07	0.000926500014486464
ALLANTOIN	37559	MassBank	JP002868	Allantoin	inchikey	1	TRUE	TRUE	7.96999870544823e-08	0.000199249967636206
Perillyl-Alcohols	37565	MassBank	JP010926	Perillyl alcohol	inchikey	1	TRUE	TRUE	4.86429999568827e-06	0.0121607499892207
CPD-5602	37594	MassBank	JP009494	Dimethylethanolamine	inchikey_connectivity_formula_mass	2	FALSE	TRUE	3.98040000959554e-06	0.00995100002398885
CPD-7035	37606	MassBank	JP001564	2-Phenylethanol	inchikey	1	TRUE	TRUE	4.94309999510278e-06	0.012357749987757
OCTANOL	37615	MassBank	JP001846	Octanol	inchikey	1	TRUE	TRUE	4.80010001524533e-06	0.0120002500381133
CPD-11377	37616	MassBank	JP002845	alpha-Santalene	inchikey	1	TRUE	TRUE	7.70399992688908e-07	0.00192599998172227
CODEINE	37617	MassBank	JP003853	CODEINE	name_formula_mass	4	FALSE	TRUE	3.54560000914717e-06	0.00886400002286791
Methylhexadecanoates	37659	MassBank	JP007712	Methyl hexadecanoic acid	smiles_formula_mass	3	TRUE	TRUE	3.35600020662241e-07	0.000839000051655603
CPD-4891	37682	MassBank	JP005734	(-)-beta-Pinene	inchikey	1	TRUE	TRUE	5.13599985652036e-07	0.00128399996413009
CPD-20952	37720	MassBank	JP003846	ALPHA-METHYL-BENZENEETHANAMINE	name_formula_mass	4	FALSE	TRUE	5.77500003373643e-07	0.00144375000843411
CPD-7204	37722	MassBank	JP008221	beta-Ionone	inchikey	1	TRUE	TRUE	4.73590000638069e-06	0.0118397500159517
PRENAL	37735	MassBank	JP008201	3-Methyl-2-butenal	inchikey	1	TRUE	TRUE	4.87890000044899e-06	0.0121972500011225
CPD-8186	37792	MassBank	JP001133	Umbelliferone	inchikey	1	TRUE	TRUE	4.05890000365616e-06	0.0101472500091404
CPD-13218	37793	MassBank	JP006443	1-Penten-3-one	inchikey	1	TRUE	TRUE	4.87890000044899e-06	0.0121972500011225
ACRYLAMIDE	37813	MassBank	JP007675	Acrylamide	inchikey	1	TRUE	TRUE	3.78779999721246e-06	0.00946949999303115
CPD-1089	37837	MassBank	JP005802	(R)-Carvone	inchikey	1	TRUE	TRUE	4.92850000455292e-06	0.0123212500113823
CPD-6443	37841	MassBank	JP005966	Benzyl benzoate	inchikey	1	TRUE	TRUE	3.70599991583731e-07	0.000926499978959328
CPD-8694	37842	MassBank	JP011063	ABIETIC ACID	inchikey_connectivity_formula_mass	2	FALSE	TRUE	2.0720000293295e-07	0.000518000007332375
CPD-19959	37861	MassBank	JP005183	Propyl benzoate	inchikey	1	TRUE	TRUE	3.7060002000544e-07	0.000926500050013601
CPD-7978	37876	MassBank	JP005515	Geraniol	inchikey	1	TRUE	TRUE	4.80010001524533e-06	0.0120002500381133
N-EE-PIPEROYL-PIPERIDINE	37884	MassBank	JP001402	Piperine	inchikey	1	TRUE	TRUE	3.48140002870423e-06	0.00870350007176057
CPD-8701	37891	MassBank	JP010690	LONGIFOLENE	name_formula_mass	4	TRUE	TRUE	7.70399992688908e-07	0.00192599998172227
CPD-8819	37902	MassBank	JP002054	2,2'-Bipyridine	inchikey	1	TRUE	TRUE	1.73279997284226e-06	0.00433199993210565
CPD-19959	37907	MassBank	JP008484	Propyl benzoate	inchikey	1	TRUE	TRUE	3.7060002000544e-07	0.000926500050013601
2-Phenyloxirane	37909	MassBank	JP008412	Styrene Oxide	inchikey	1	TRUE	TRUE	4.87890000044899e-06	0.0121972500011225
CPD0-1327	37930	MassBank	JP005567	Fluorouracil	inchikey	1	FALSE	TRUE	4.44910003238874e-06	0.0111227500809719
CPD1F-461	37935	MassBank	FIO00763	Afzelin	inchikey_connectivity_formula_mass	2	FALSE	TRUE	3.13700002152473e-06	0.0072597987188983
SCOPOLETIN	37937	MassBank	FIO00955	Scopoletin	inchikey	1	TRUE	TRUE	1.25479999724121e-06	0.00313699999310302
QUINOLINATE	37938	MassBank	FIO00678	Quinolinic acid	inchikey_connectivity_formula_mass	2	FALSE	TRUE	2.3459000146886e-06	0.00586475003672149
MYRICETIN	37940	MassBank	FIO00193	Myricetin	inchikey_connectivity_formula_mass	2	FALSE	TRUE	2.70219999265464e-06	0.0067554999816366
CPD-13509	37941	MassBank	FIO00152	Quercetin 3-galactoside	inchikey_connectivity_formula_mass	2	FALSE	TRUE	3.89280000945291e-06	0.00838792922979005
5-METHOXYFURANOCOUMARIN	37943	MassBank	FIO01011	Bergapten	inchikey	1	TRUE	TRUE	1.25479999724121e-06	0.00313699999310302
CPD-9940	37944	MassBank	FIO00125	Harmine	inchikey	1	TRUE	TRUE	3.01770000987744e-06	0.00754425002469361
CPD-13042	37949	MassBank	FIO01037	Methoxsalen	inchikey	1	TRUE	TRUE	1.25479999724121e-06	0.00313699999310302
VITEXIN	37950	MassBank	FIO00915	Vitexin 6''-O-malonyl 2''-O-xyloside	inchikey_connectivity_formula_mass	2	FALSE	TRUE	3.13700002152473e-06	0.0072597987188983
CPD-7137	37952	MassBank	FIO01103	Pelargonin	inchikey_connectivity_formula_mass	2	FALSE	TRUE	4.6733999852222e-06	0.00785225914491286
ISOVITEXIN	37955	MassBank	FIO00749	Isovitexin	inchikey_connectivity_formula_mass	2	FALSE	TRUE	3.13700002152473e-06	0.0072597987188983
CPD-8141	37956	MassBank	FIO00140	7-Hydroxyflavone	inchikey	1	TRUE	TRUE	4.18729999296374e-06	0.0104682499824094
CPD-520	37957	MassBank	FIO00280	Quercetin	inchikey_connectivity_formula_mass	2	FALSE	TRUE	2.67570004552908e-06	0.00668925011382271
SCOPOLETIN	37958	MassBank	FIO00951	Scopoletin	inchikey	1	TRUE	TRUE	1.25479999724121e-06	0.00313699999310302
CPD-7119	37960	MassBank	FIO01088	Xanthohumol	inchikey_connectivity_formula_mass	2	FALSE	TRUE	3.8166999729583e-06	0.00954174993239576
ISOORIENTIN	37962	MassBank	FIO00714	Isoorientin 7-O-(6'''-O-(E)-feruloyl)glucoside	inchikey_connectivity_formula_mass	2	FALSE	TRUE	1.48510002873081e-06	0.00331421148817327
MYRICETIN	37964	MassBank	FIO00186	Myricetin	inchikey_connectivity_formula_mass	2	FALSE	TRUE	2.70219999265464e-06	0.0067554999816366
MYRICETIN	37966	MassBank	FIO00194	Myricetin	inchikey_connectivity_formula_mass	2	FALSE	TRUE	2.70219999265464e-06	0.0067554999816366
RUTIN	37968	MassBank	FIO00594	Rutin	inchikey_connectivity_formula_mass	2	FALSE	TRUE	4.91660000534466e-06	0.00805797382574006
CPD-13509	37973	MassBank	FIO00155	Quercetin 3-galactoside	inchikey_connectivity_formula_mass	2	FALSE	TRUE	3.89280000945291e-06	0.00838792922979005
KYNURENATE	37974	MassBank	FIO00645	Kynurenic acid	inchikey_connectivity_formula_mass	2	FALSE	TRUE	3.09620000393807e-06	0.00774050000984516
CPD-9024	37975	MassBank	FIO00456	Allopurinol	inchikey	1	TRUE	TRUE	7.71299994539731e-07	0.00192824998634933
CAFFEOYLQUINATE	37977	MassBank	FIO00625	Chlorogenic acid	inchikey_connectivity_formula_mass	2	FALSE	TRUE	2.17669997937264e-06	0.00544174994843161
CPD-9940	37980	MassBank	FIO00128	Harmine	inchikey	1	TRUE	TRUE	3.01770000987744e-06	0.00754425002469361
CPD-8186	37986	MassBank	FIO00496	Umbelliferone	inchikey	1	TRUE	TRUE	4.05890000365616e-06	0.0101472500091404
CPD-7630	37987	MassBank	FIO00076	Epicatechin	inchikey	1	TRUE	TRUE	1.81800004384058e-06	0.00454500010960146
CAFFEOYLQUINATE	37988	MassBank	FIO00622	Chlorogenic acid	inchikey_connectivity_formula_mass	2	FALSE	TRUE	2.17669997937264e-06	0.00544174994843161
ISOVITEXIN	37990	MassBank	FIO00754	Isovitexin	inchikey_connectivity_formula_mass	2	FALSE	TRUE	3.13700002152473e-06	0.0072597987188983
3-HYDROXY-ANTHRANILATE	37991	MassBank	FIO00668	3-Hydroxyanthranilic acid	inchikey_connectivity_formula_mass	2	FALSE	TRUE	3.09620000393807e-06	0.00774050000984516
CPD-14736	37992	MassBank	FIO00639	L-Kynurenine	inchikey	1	TRUE	TRUE	2.26189999352755e-06	0.00565474998381887
CPD-8184	37996	MassBank	FIO00024	5,7-Dihydroxyflavone	inchikey_connectivity_formula_mass	2	FALSE	TRUE	1.19059998837656e-06	0.0029764999709414
DIHYDROCOUMARIN	37998	MassBank	FIO00509	3,4-Dihydro-2H-1-benzopyran-2-one	inchikey	1	TRUE	TRUE	4.98999980891313e-07	0.00124749995222828
VITEXIN	38001	MassBank	FIO00912	Vitexin 6''-O-malonyl 2''-O-xyloside	inchikey_connectivity_formula_mass	2	FALSE	TRUE	3.13700002152473e-06	0.0072597987188983
SCOPOLETIN	38002	MassBank	FIO00948	Scopoletin	inchikey	1	TRUE	TRUE	1.25479999724121e-06	0.00313699999310302
CPD-15001	38004	MassBank	FIO00905	Cyanidin 3-rutinoside	inchikey_connectivity_formula_mass	2	FALSE	TRUE	4.6733999852222e-06	0.00785225914491286
CPD-7099	38005	MassBank	FIO00836	Cycloheximide	inchikey	1	TRUE	TRUE	2.3190000320028e-07	0.000579750008000701
NARINGENIN-CMPD	38006	MassBank	FIO00209	Naringenin	inchikey	1	TRUE	TRUE	3.4957000139002e-06	0.00873925003475051
CPD-9940	38007	MassBank	FIO00126	Harmine	inchikey	1	TRUE	TRUE	3.01770000987744e-06	0.00754425002469361
CPD-7072	38011	MassBank	FIO00131	Hesperetin	inchikey_connectivity_formula_mass	2	FALSE	TRUE	1.81800004384058e-06	0.00454500010960146
CPD-15001	38012	MassBank	FIO00906	Cyanidin 3-rutinoside	inchikey_connectivity_formula_mass	2	FALSE	TRUE	4.6733999852222e-06	0.00785225914491286
CPD-14736	38013	MassBank	FIO00641	L-Kynurenine	inchikey	1	TRUE	TRUE	2.26189999352755e-06	0.00565474998381887
CAFFEOYLQUINATE	38015	MassBank	FIO00623	Chlorogenic acid	inchikey_connectivity_formula_mass	2	FALSE	TRUE	2.17669997937264e-06	0.00544174994843161
CPD-7561	38019	MassBank	FIO00415	Artemisinin	inchikey	1	TRUE	TRUE	3.8166999729583e-06	0.00954174993239576
CPD-6481	38023	MassBank	FIO00502	Eugenol	inchikey	1	TRUE	TRUE	3.7060002000544e-07	0.000926500050013601
ISATIN	38024	MassBank	FIO00510	1H-Indole-2,3-dione	inchikey	1	TRUE	TRUE	1.5900999983387e-06	0.00397524999584675
CPD-13509	38025	MassBank	FIO00153	Quercetin 3-galactoside	inchikey_connectivity_formula_mass	2	FALSE	TRUE	3.89280000945291e-06	0.00838792922979005
CPD-8186	38031	MassBank	FIO00498	Umbelliferone	inchikey	1	TRUE	TRUE	4.05890000365616e-06	0.0101472500091404
CPD1F-461	38033	MassBank	FIO00760	Afzelin	inchikey_connectivity_formula_mass	2	FALSE	TRUE	3.13700002152473e-06	0.0072597987188983
NIACINE	38041	MassBank	FIO00518	Nicotinic acid	inchikey_connectivity_formula_mass	2	FALSE	TRUE	1.59010001254956e-06	0.00397525003137389
CPD-13042	38042	MassBank	FIO01038	Methoxsalen	inchikey	1	TRUE	TRUE	1.25479999724121e-06	0.00313699999310302
CPD1F-437	38048	MassBank	FIO00169	Isoquercitrin	inchikey_connectivity_formula_mass	2	FALSE	TRUE	3.89280000945291e-06	0.00838792922979005
TRP	38051	MassBank	FIO00634	L-Tryptophan	inchikey	1	TRUE	TRUE	2.36019999988457e-06	0.00590049999971143
APIGENIN-7-O-NEOHESPERIDOSIDE	38054	MassBank	FIO00224	Apigenin 7-O-beta-D-rutinoside	inchikey_connectivity_formula_mass	2	FALSE	TRUE	4.32759998147958e-06	0.00748507915973122
NARINGENIN-CMPD	38057	MassBank	FIO00211	Naringenin	inchikey	1	TRUE	TRUE	3.4957000139002e-06	0.00873925003475051
CPD-6602	38058	MassBank	FIO00945	Curcumin	inchikey	1	TRUE	TRUE	1.62539998882494e-06	0.00406349997206235
CPD1F-437	38062	MassBank	FIO00166	Isoquercitrin	inchikey_connectivity_formula_mass	2	FALSE	TRUE	3.89280000945291e-06	0.00838792922979005
CPD-520	38063	MassBank	FIO00272	Quercetin	inchikey_connectivity_formula_mass	2	FALSE	TRUE	2.67570004552908e-06	0.00668925011382271
CPD-6602	38064	MassBank	FIO00940	Curcumin	inchikey	1	TRUE	TRUE	1.62539998882494e-06	0.00406349997206235
ADENOSINE	38067	MassBank	FIO00686	Adenosine	inchikey	1	TRUE	TRUE	3.93170000734244e-06	0.00982925001835611
CPD-9785	38069	MassBank	FIO00427	Colchicine	inchikey	1	TRUE	TRUE	2.45969999923545e-06	0.00614924999808864
CPD-15083	38070	MassBank	FIO00700	Orientin	inchikey_connectivity_formula_mass	2	FALSE	TRUE	1.48510002873081e-06	0.00331421148817327
DIHYDROCOUMARIN	38073	MassBank	FIO00507	3,4-Dihydro-2H-1-benzopyran-2-one	inchikey	1	TRUE	TRUE	4.98999980891313e-07	0.00124749995222828
CPD-15001	38076	MassBank	FIO00907	Cyanidin 3-rutinoside	inchikey_connectivity_formula_mass	2	FALSE	TRUE	4.6733999852222e-06	0.00785225914491286
RUTIN	38078	MassBank	FIO00588	Rutin	inchikey_connectivity_formula_mass	2	FALSE	TRUE	4.91660000534466e-06	0.00805797382574006
QUININE	38081	MassBank	FIO00331	Quinine	name_formula_mass	4	FALSE	TRUE	1.97500003196183e-06	0.00493750007990457
QUINOLINATE	38082	MassBank	FIO00677	Quinolinic acid	inchikey_connectivity_formula_mass	2	FALSE	TRUE	2.3459000146886e-06	0.00586475003672149
CPD-12572	38085	MassBank	FIO00745	Tricin	inchikey_connectivity_formula_mass	2	FALSE	TRUE	2.80409994957154e-06	0.00701024987392884
NIACINE	38086	MassBank	FIO00516	Nicotinic acid	inchikey_connectivity_formula_mass	2	FALSE	TRUE	1.59010001254956e-06	0.00397525003137389
CPD-15001	38087	MassBank	FIO00901	Cyanidin 3-rutinoside	inchikey_connectivity_formula_mass	2	FALSE	TRUE	4.6733999852222e-06	0.00785225914491286
CAFFEOYLQUINATE	38088	MassBank	FIO00618	Chlorogenic acid	inchikey_connectivity_formula_mass	2	FALSE	TRUE	2.17669997937264e-06	0.00544174994843161
CPD-9847	38089	MassBank	FIO00482	Cinchonine	name_formula_mass	4	FALSE	TRUE	3.33870002577896e-06	0.00834675006444741
5-METHOXYFURANOCOUMARIN	38090	MassBank	FIO01010	Bergapten	inchikey	1	TRUE	TRUE	1.25479999724121e-06	0.00313699999310302
RUTIN	38091	MassBank	FIO00590	Rutin	inchikey_connectivity_formula_mass	2	FALSE	TRUE	4.91660000534466e-06	0.00805797382574006
CPD-15083	38092	MassBank	FIO00703	Orientin	inchikey_connectivity_formula_mass	2	FALSE	TRUE	1.48510002873081e-06	0.00331421148817327
CPD-7072	38097	MassBank	FIO00132	Hesperetin	inchikey_connectivity_formula_mass	2	FALSE	TRUE	1.81800004384058e-06	0.00454500010960146
CPD-8097	38099	MassBank	FIO00077	Aesculetin	inchikey	1	TRUE	TRUE	1.31900000610585e-06	0.00329750001526463
CPD-9846	38101	MassBank	FIO00805	Quinidine	name_formula_mass	4	FALSE	TRUE	1.97500003196183e-06	0.00493750007990457
CPD-8141	38102	MassBank	FIO00145	7-Hydroxyflavone	inchikey	1	TRUE	TRUE	4.18729999296374e-06	0.0104682499824094
CAFFEOYLQUINATE	38105	MassBank	FIO00621	Chlorogenic acid	inchikey_connectivity_formula_mass	2	FALSE	TRUE	2.17669997937264e-06	0.00544174994843161
CPD-8097	38108	MassBank	FIO00083	Aesculetin	inchikey	1	TRUE	TRUE	1.31900000610585e-06	0.00329750001526463
CPD-8215	38112	MassBank	FIO00060	Emodin	inchikey_connectivity_formula_mass	2	FALSE	TRUE	3.43149997661385e-06	0.00857874994153462
CPD-7075	38113	MassBank	FIO00485	Hesperidin	inchikey	1	TRUE	TRUE	4.22900029661832e-07	0.000693063125867771
CPD-14736	38114	MassBank	FIO00642	L-Kynurenine	inchikey	1	TRUE	TRUE	2.26189999352755e-06	0.00565474998381887
5-METHOXYFURANOCOUMARIN	38115	MassBank	FIO01013	Bergapten	inchikey	1	TRUE	TRUE	1.25479999724121e-06	0.00313699999310302
CPD-8186	38116	MassBank	FIO00495	Umbelliferone	inchikey	1	TRUE	TRUE	4.05890000365616e-06	0.0101472500091404
CPD-520	38117	MassBank	FIO00273	Quercetin	inchikey_connectivity_formula_mass	2	FALSE	TRUE	2.67570004552908e-06	0.00668925011382271
CPD-7075	38120	MassBank	FIO00487	Hesperidin	inchikey	1	TRUE	TRUE	4.22900029661832e-07	0.000693063125867771
CPD-9024	38122	MassBank	FIO00458	Allopurinol	inchikey	1	TRUE	TRUE	7.71299994539731e-07	0.00192824998634933
ISOORIENTIN	38123	MassBank	FIO00709	Isoorientin 7-O-(6'''-O-(E)-feruloyl)glucoside	inchikey_connectivity_formula_mass	2	FALSE	TRUE	1.48510002873081e-06	0.00331421148817327
CPD-6602	38127	MassBank	FIO00939	Curcumin	inchikey	1	TRUE	TRUE	1.62539998882494e-06	0.00406349997206235
3-HYDROXY-ANTHRANILATE	38131	MassBank	FIO00675	3-Hydroxyanthranilic acid	inchikey_connectivity_formula_mass	2	FALSE	TRUE	3.09620000393807e-06	0.00774050000984516
CPD-8141	38141	MassBank	FIO00141	7-Hydroxyflavone	inchikey	1	TRUE	TRUE	4.18729999296374e-06	0.0104682499824094
QUININE	38142	MassBank	FIO00329	Quinine	name_formula_mass	4	FALSE	TRUE	1.97500003196183e-06	0.00493750007990457
QUININE	38144	MassBank	FIO00330	Quinine	name_formula_mass	4	FALSE	TRUE	1.97500003196183e-06	0.00493750007990457
CPD-6481	38147	MassBank	FIO00504	Eugenol	inchikey	1	TRUE	TRUE	3.7060002000544e-07	0.000926500050013601
CPD-8184	38148	MassBank	FIO00027	5,7-Dihydroxyflavone	inchikey_connectivity_formula_mass	2	FALSE	TRUE	1.19059998837656e-06	0.0029764999709414
CPD-13509	38152	MassBank	FIO00154	Quercetin 3-galactoside	inchikey_connectivity_formula_mass	2	FALSE	TRUE	3.89280000945291e-06	0.00838792922979005
CPD-431	38154	MassBank	FIO00009	Apigenin	inchikey_connectivity_formula_mass	2	FALSE	TRUE	3.43149997661385e-06	0.00857874994153462
CPD-8186	38158	MassBank	FIO00497	Umbelliferone	inchikey	1	TRUE	TRUE	4.05890000365616e-06	0.0101472500091404
CPD-9459	38159	MassBank	FIO01062	Oleanolic acid	inchikey_connectivity_formula_mass	2	FALSE	TRUE	4.59289998389067e-06	0.0100641960462045
Coumarins	38160	MassBank	FIO00033	Coumarin	inchikey	1	TRUE	TRUE	5.63199989755958e-07	0.0014079999743899
COUMARIN	38160	MassBank	FIO00033	Coumarin	inchikey	1	TRUE	TRUE	5.63199989755958e-07	0.0014079999743899
CAFFEOYLQUINATE	38163	MassBank	FIO00620	Chlorogenic acid	inchikey_connectivity_formula_mass	2	FALSE	TRUE	2.17669997937264e-06	0.00544174994843161
CPD-6602	38165	MassBank	FIO00938	Curcumin	inchikey	1	TRUE	TRUE	1.62539998882494e-06	0.00406349997206235
ADENOSINE	38166	MassBank	FIO00685	Adenosine	inchikey	1	TRUE	TRUE	3.93170000734244e-06	0.00982925001835611
ISOVITEXIN	38167	MassBank	FIO00755	Isovitexin	inchikey_connectivity_formula_mass	2	FALSE	TRUE	3.13700002152473e-06	0.0072597987188983
APIGENIN-7-O-NEOHESPERIDOSIDE	38169	MassBank	FIO00226	Apigenin 7-O-beta-D-rutinoside	inchikey_connectivity_formula_mass	2	FALSE	TRUE	4.32759998147958e-06	0.00748507915973122
CPD-7072	38172	MassBank	FIO00138	Hesperetin	inchikey_connectivity_formula_mass	2	FALSE	TRUE	1.81800004384058e-06	0.00454500010960146
CPD-14856	38173	MassBank	FIO00421	Casticin	inchikey	1	TRUE	TRUE	2.44540001403948e-06	0.0061135000350987
CPD-9250	38174	MassBank	FIO00095	Ginsenoside-Rb1	inchikey	1	TRUE	TRUE	7.38499920771574e-07	0.000666153673797336
PICOLINATE	38175	MassBank	FIO00682	Picolinic acid	inchikey_connectivity_formula_mass	2	FALSE	TRUE	1.59010001254956e-06	0.00397525003137389
CPD-431	38181	MassBank	FIO00011	Apigenin	inchikey_connectivity_formula_mass	2	FALSE	TRUE	3.43149997661385e-06	0.00857874994153462
CPD-15083	38184	MassBank	FIO00698	Orientin	inchikey_connectivity_formula_mass	2	FALSE	TRUE	1.48510002873081e-06	0.00331421148817327
CPD1F-461	38186	MassBank	FIO00758	Afzelin	inchikey_connectivity_formula_mass	2	FALSE	TRUE	3.13700002152473e-06	0.0072597987188983
CPD-8718	38187	MassBank	FIO00535	Paclitaxel	name_formula_mass	4	TRUE	TRUE	4.64829997781635e-06	0.00544724171631692
CPD-8718	38188	MassBank	FIO00539	Paclitaxel	name_formula_mass	4	TRUE	TRUE	4.64829997781635e-06	0.00544724171631692
ISOORIENTIN	38190	MassBank	FIO00713	Isoorientin 7-O-(6'''-O-(E)-feruloyl)glucoside	inchikey_connectivity_formula_mass	2	FALSE	TRUE	1.48510002873081e-06	0.00331421148817327
CPD-7119	38194	MassBank	FIO01083	Xanthohumol	inchikey_connectivity_formula_mass	2	FALSE	TRUE	3.8166999729583e-06	0.00954174993239576
XANTHURENATE	38201	MassBank	FIO00665	Xanthurenic acid	inchikey_connectivity_formula_mass	2	FALSE	TRUE	2.28170000582395e-06	0.00570425001455988
CPD-15083	38203	MassBank	FIO00699	Orientin	inchikey_connectivity_formula_mass	2	FALSE	TRUE	1.48510002873081e-06	0.00331421148817327
CPD-12572	38204	MassBank	FIO00741	Tricin	inchikey_connectivity_formula_mass	2	FALSE	TRUE	2.80409994957154e-06	0.00701024987392884
ADENOSINE	38206	MassBank	FIO00684	Adenosine	inchikey	1	TRUE	TRUE	3.93170000734244e-06	0.00982925001835611
CPD-15001	38209	MassBank	FIO00899	Cyanidin 3-rutinoside	inchikey_connectivity_formula_mass	2	FALSE	TRUE	4.6733999852222e-06	0.00785225914491286
CPD-7119	38210	MassBank	FIO01079	Xanthohumol	inchikey_connectivity_formula_mass	2	FALSE	TRUE	3.8166999729583e-06	0.00954174993239576
CAFFEOYLQUINATE	38216	MassBank	FIO00624	Chlorogenic acid	inchikey_connectivity_formula_mass	2	FALSE	TRUE	2.17669997937264e-06	0.00544174994843161
CPD-520	38217	MassBank	FIO00279	Quercetin	inchikey_connectivity_formula_mass	2	FALSE	TRUE	2.67570004552908e-06	0.00668925011382271
CPD-7099	38220	MassBank	FIO00839	Cycloheximide	inchikey	1	TRUE	TRUE	2.3190000320028e-07	0.000579750008000701
CPD-7075	38222	MassBank	FIO00492	Hesperidin	inchikey	1	TRUE	TRUE	4.22900029661832e-07	0.000693063125867771
CPD-7075	38223	MassBank	FIO00491	Hesperidin	inchikey	1	TRUE	TRUE	4.22900029661832e-07	0.000693063125867771
CPD-13509	38226	MassBank	FIO00159	Quercetin 3-galactoside	inchikey_connectivity_formula_mass	2	FALSE	TRUE	3.89280000945291e-06	0.00838792922979005
CPD-13042	38227	MassBank	FIO01035	Methoxsalen	inchikey	1	TRUE	TRUE	1.25479999724121e-06	0.00313699999310302
CPD-9846	38229	MassBank	FIO00803	Quinidine	name_formula_mass	4	FALSE	TRUE	1.97500003196183e-06	0.00493750007990457
ISOORIENTIN	38234	MassBank	FIO00710	Isoorientin 7-O-(6'''-O-(E)-feruloyl)glucoside	inchikey_connectivity_formula_mass	2	FALSE	TRUE	1.48510002873081e-06	0.00331421148817327
CPD-14736	38236	MassBank	FIO00640	L-Kynurenine	inchikey	1	TRUE	TRUE	2.26189999352755e-06	0.00565474998381887
CPD-9835	38239	MassBank	FIO00806	Cinchonidine	name_formula_mass	4	FALSE	TRUE	3.33870002577896e-06	0.00834675006444741
KYNURENATE	38244	MassBank	FIO00650	Kynurenic acid	inchikey_connectivity_formula_mass	2	FALSE	TRUE	3.09620000393807e-06	0.00774050000984516
KYNURENATE	38245	MassBank	FIO00648	Kynurenic acid	inchikey_connectivity_formula_mass	2	FALSE	TRUE	3.09620000393807e-06	0.00774050000984516
CPD-520	38248	MassBank	FIO00275	Quercetin	inchikey_connectivity_formula_mass	2	FALSE	TRUE	2.67570004552908e-06	0.00668925011382271
CPD-520	38250	MassBank	FIO00276	Quercetin	inchikey_connectivity_formula_mass	2	FALSE	TRUE	2.67570004552908e-06	0.00668925011382271
CPD-7075	38255	MassBank	FIO00486	Hesperidin	inchikey	1	TRUE	TRUE	4.22900029661832e-07	0.000693063125867771
ISOORIENTIN	38256	MassBank	FIO00715	Isoorientin 7-O-(6'''-O-(E)-feruloyl)glucoside	inchikey_connectivity_formula_mass	2	FALSE	TRUE	1.48510002873081e-06	0.00331421148817327
CPD-15001	38260	MassBank	FIO00900	Cyanidin 3-rutinoside	inchikey_connectivity_formula_mass	2	FALSE	TRUE	4.6733999852222e-06	0.00785225914491286
TRP	38261	MassBank	FIO00628	L-Tryptophan	inchikey	1	TRUE	TRUE	2.36019999988457e-06	0.00590049999971143
CPD-19438	38262	MassBank	FIO00870	Lycorine	inchikey	1	TRUE	TRUE	1.96069998992243e-06	0.00490174997480608
CPD-431	38263	MassBank	FIO00013	Apigenin	inchikey_connectivity_formula_mass	2	FALSE	TRUE	3.43149997661385e-06	0.00857874994153462
CPD-9785	38264	MassBank	FIO00426	Colchicine	inchikey	1	TRUE	TRUE	2.45969999923545e-06	0.00614924999808864
CPD-7072	38268	MassBank	FIO00137	Hesperetin	inchikey_connectivity_formula_mass	2	FALSE	TRUE	1.81800004384058e-06	0.00454500010960146
CPD-8718	38269	MassBank	FIO00537	Paclitaxel	name_formula_mass	4	TRUE	TRUE	4.64829997781635e-06	0.00544724171631692
CPD-19438	38270	MassBank	FIO00871	Lycorine	inchikey	1	TRUE	TRUE	1.96069998992243e-06	0.00490174997480608
NARINGENIN-CMPD	38271	MassBank	FIO00208	Naringenin	inchikey	1	TRUE	TRUE	3.4957000139002e-06	0.00873925003475051
NARINGENIN-CMPD	38274	MassBank	FIO00207	Naringenin	inchikey	1	TRUE	TRUE	3.4957000139002e-06	0.00873925003475051
CPD-8186	38278	MassBank	FIO00494	Umbelliferone	inchikey	1	TRUE	TRUE	4.05890000365616e-06	0.0101472500091404
CPD-7630	38280	MassBank	FIO00075	Epicatechin	inchikey	1	TRUE	TRUE	1.81800004384058e-06	0.00454500010960146
CPD-12572	38281	MassBank	FIO00740	Tricin	inchikey_connectivity_formula_mass	2	FALSE	TRUE	2.80409994957154e-06	0.00701024987392884
CPD-9785	38285	MassBank	FIO00428	Colchicine	inchikey	1	TRUE	TRUE	2.45969999923545e-06	0.00614924999808864
CPD-12572	38286	MassBank	FIO00742	Tricin	inchikey_connectivity_formula_mass	2	FALSE	TRUE	2.80409994957154e-06	0.00701024987392884
CPD-9940	38288	MassBank	FIO00124	Harmine	inchikey	1	TRUE	TRUE	3.01770000987744e-06	0.00754425002469361
CPD-9024	38289	MassBank	FIO00457	Allopurinol	inchikey	1	TRUE	TRUE	7.71299994539731e-07	0.00192824998634933
QUINOLINATE	38292	MassBank	FIO00676	Quinolinic acid	inchikey_connectivity_formula_mass	2	FALSE	TRUE	2.3459000146886e-06	0.00586475003672149
CPD-9785	38293	MassBank	FIO00425	Colchicine	inchikey	1	TRUE	TRUE	2.45969999923545e-06	0.00614924999808864
3-HYDROXY-L-KYNURENINE	38294	MassBank	FIO00655	Hydroxykynurenine	name_formula_mass	4	TRUE	TRUE	3.11600001623447e-06	0.00779000004058616
CPD-6481	38295	MassBank	FIO00506	Eugenol	inchikey	1	TRUE	TRUE	3.7060002000544e-07	0.000926500050013601
BERBERINE	38301	MassBank	FIO01091	Berberine	inchikey	1	FALSE	TRUE	1.0078281035	2519.57025875001
CPD-6602	38306	MassBank	FIO00942	Curcumin	inchikey	1	TRUE	TRUE	1.62539998882494e-06	0.00406349997206235
XANTHURENATE	38308	MassBank	FIO00662	Xanthurenic acid	inchikey_connectivity_formula_mass	2	FALSE	TRUE	2.28170000582395e-06	0.00570425001455988
PICOLINATE	38313	MassBank	FIO00681	Picolinic acid	inchikey_connectivity_formula_mass	2	FALSE	TRUE	1.59010001254956e-06	0.00397525003137389
CPD-14736	38317	MassBank	FIO00638	L-Kynurenine	inchikey	1	TRUE	TRUE	2.26189999352755e-06	0.00565474998381887
CPD-6481	38321	MassBank	FIO00503	Eugenol	inchikey	1	TRUE	TRUE	3.7060002000544e-07	0.000926500050013601
CPD1F-437	38322	MassBank	FIO00168	Isoquercitrin	inchikey_connectivity_formula_mass	2	FALSE	TRUE	3.89280000945291e-06	0.00838792922979005
CPD-7137	38325	MassBank	FIO01100	Pelargonin	inchikey_connectivity_formula_mass	2	FALSE	TRUE	4.6733999852222e-06	0.00785225914491286
MYRICETIN	38326	MassBank	FIO00192	Myricetin	inchikey_connectivity_formula_mass	2	FALSE	TRUE	2.70219999265464e-06	0.0067554999816366
CPD-7075	38328	MassBank	FIO00490	Hesperidin	inchikey	1	TRUE	TRUE	4.22900029661832e-07	0.000693063125867771
KYNURENATE	38329	MassBank	FIO00646	Kynurenic acid	inchikey_connectivity_formula_mass	2	FALSE	TRUE	3.09620000393807e-06	0.00774050000984516
ADENOSINE	38330	MassBank	FIO00683	Adenosine	inchikey	1	TRUE	TRUE	3.93170000734244e-06	0.00982925001835611
XANTHURENATE	38331	MassBank	FIO00663	Xanthurenic acid	inchikey_connectivity_formula_mass	2	FALSE	TRUE	2.28170000582395e-06	0.00570425001455988
CPD-8141	38332	MassBank	FIO00146	7-Hydroxyflavone	inchikey	1	TRUE	TRUE	4.18729999296374e-06	0.0104682499824094
CPD-7137	38333	MassBank	FIO01099	Pelargonin	inchikey_connectivity_formula_mass	2	FALSE	TRUE	4.6733999852222e-06	0.00785225914491286
ISOVITEXIN	38336	MassBank	FIO00751	Isovitexin	inchikey_connectivity_formula_mass	2	FALSE	TRUE	3.13700002152473e-06	0.0072597987188983
CPD-13042	38337	MassBank	FIO01034	Methoxsalen	inchikey	1	TRUE	TRUE	1.25479999724121e-06	0.00313699999310302
CPD-8141	38338	MassBank	FIO00149	7-Hydroxyflavone	inchikey	1	TRUE	TRUE	4.18729999296374e-06	0.0104682499824094
CPD-7119	38339	MassBank	FIO01087	Xanthohumol	inchikey_connectivity_formula_mass	2	FALSE	TRUE	3.8166999729583e-06	0.00954174993239576
CPD-8215	38340	MassBank	FIO00066	Emodin	inchikey_connectivity_formula_mass	2	FALSE	TRUE	3.43149997661385e-06	0.00857874994153462
1-3-7-TRIMETHYLXANTHINE	38342	MassBank	FIO00570	Caffeine	inchikey	1	TRUE	TRUE	4.41399998862835e-06	0.0110349999715709
CPD-7099	38347	MassBank	FIO00838	Cycloheximide	inchikey	1	TRUE	TRUE	2.3190000320028e-07	0.000579750008000701
CPD-7630	38348	MassBank	FIO00074	Epicatechin	inchikey	1	TRUE	TRUE	1.81800004384058e-06	0.00454500010960146
MYRICETIN	38350	MassBank	FIO00187	Myricetin	inchikey_connectivity_formula_mass	2	FALSE	TRUE	2.70219999265464e-06	0.0067554999816366
CPD-13509	38352	MassBank	FIO00157	Quercetin 3-galactoside	inchikey_connectivity_formula_mass	2	FALSE	TRUE	3.89280000945291e-06	0.00838792922979005
RUTIN	38359	MassBank	FIO00596	Rutin	inchikey_connectivity_formula_mass	2	FALSE	TRUE	4.91660000534466e-06	0.00805797382574006
CPD1F-461	38361	MassBank	FIO00766	Afzelin	inchikey_connectivity_formula_mass	2	FALSE	TRUE	3.13700002152473e-06	0.0072597987188983
CPD-8141	38363	MassBank	FIO00144	7-Hydroxyflavone	inchikey	1	TRUE	TRUE	4.18729999296374e-06	0.0104682499824094
CPD-8186	38365	MassBank	FIO00500	Umbelliferone	inchikey	1	TRUE	TRUE	4.05890000365616e-06	0.0101472500091404
5-METHOXYFURANOCOUMARIN	38366	MassBank	FIO01009	Bergapten	inchikey	1	TRUE	TRUE	1.25479999724121e-06	0.00313699999310302
VITEXIN	38369	MassBank	FIO00913	Vitexin 6''-O-malonyl 2''-O-xyloside	inchikey_connectivity_formula_mass	2	FALSE	TRUE	3.13700002152473e-06	0.0072597987188983
CPD-8184	38370	MassBank	FIO00028	5,7-Dihydroxyflavone	inchikey_connectivity_formula_mass	2	FALSE	TRUE	1.19059998837656e-06	0.0029764999709414
CPD-8215	38374	MassBank	FIO00062	Emodin	inchikey_connectivity_formula_mass	2	FALSE	TRUE	3.43149997661385e-06	0.00857874994153462
ISATIN	38375	MassBank	FIO00511	1H-Indole-2,3-dione	inchikey	1	TRUE	TRUE	1.5900999983387e-06	0.00397524999584675
CPD-9785	38377	MassBank	FIO00429	Colchicine	inchikey	1	TRUE	TRUE	2.45969999923545e-06	0.00614924999808864
CPD-9940	38378	MassBank	FIO00120	Harmine	inchikey	1	TRUE	TRUE	3.01770000987744e-06	0.00754425002469361
CPD-9847	38380	MassBank	FIO00478	Cinchonine	name_formula_mass	4	FALSE	TRUE	3.33870002577896e-06	0.00834675006444741
CPD-15001	38381	MassBank	FIO00908	Cyanidin 3-rutinoside	inchikey_connectivity_formula_mass	2	FALSE	TRUE	4.6733999852222e-06	0.00785225914491286
CPD-8718	38385	MassBank	FIO00538	Paclitaxel	name_formula_mass	4	TRUE	TRUE	4.64829997781635e-06	0.00544724171631692
CPD-7072	38389	MassBank	FIO00134	Hesperetin	inchikey_connectivity_formula_mass	2	FALSE	TRUE	1.81800004384058e-06	0.00454500010960146
SCOPOLETIN	38391	MassBank	FIO00952	Scopoletin	inchikey	1	TRUE	TRUE	1.25479999724121e-06	0.00313699999310302
3-HYDROXY-L-KYNURENINE	38394	MassBank	FIO00653	Hydroxykynurenine	name_formula_mass	4	TRUE	TRUE	3.11600001623447e-06	0.00779000004058616
APIGENIN-7-O-NEOHESPERIDOSIDE	38395	MassBank	FIO00229	Apigenin 7-O-beta-D-rutinoside	inchikey_connectivity_formula_mass	2	FALSE	TRUE	4.32759998147958e-06	0.00748507915973122
CPD-12187	38397	MassBank	FIO00926	Demethoxycurcumin	name_formula_mass	4	TRUE	TRUE	7.63117000133207e-05	0.190779250033302
CPD-8215	38399	MassBank	FIO00057	Emodin	inchikey_connectivity_formula_mass	2	FALSE	TRUE	3.43149997661385e-06	0.00857874994153462
CPD-431	38400	MassBank	FIO00006	Apigenin	inchikey_connectivity_formula_mass	2	FALSE	TRUE	3.43149997661385e-06	0.00857874994153462
SCOPOLETIN	38401	MassBank	FIO00957	Scopoletin	inchikey	1	TRUE	TRUE	1.25479999724121e-06	0.00313699999310302
CPD-8097	38402	MassBank	FIO00081	Aesculetin	inchikey	1	TRUE	TRUE	1.31900000610585e-06	0.00329750001526463
CPD-9459	38403	MassBank	FIO01063	Oleanolic acid	inchikey_connectivity_formula_mass	2	FALSE	TRUE	4.59289998389067e-06	0.0100641960462045
CPD-12572	38405	MassBank	FIO00746	Tricin	inchikey_connectivity_formula_mass	2	FALSE	TRUE	2.80409994957154e-06	0.00701024987392884
XANTHURENATE	38406	MassBank	FIO00660	Xanthurenic acid	inchikey_connectivity_formula_mass	2	FALSE	TRUE	2.28170000582395e-06	0.00570425001455988
CPD-520	38408	MassBank	FIO00277	Quercetin	inchikey_connectivity_formula_mass	2	FALSE	TRUE	2.67570004552908e-06	0.00668925011382271
ISATIN	38409	MassBank	FIO00514	1H-Indole-2,3-dione	inchikey	1	TRUE	TRUE	1.5900999983387e-06	0.00397524999584675
NARINGENIN-CMPD	38417	MassBank	FIO00214	Naringenin	inchikey	1	TRUE	TRUE	3.4957000139002e-06	0.00873925003475051
MYRICETIN	38418	MassBank	FIO00185	Myricetin	inchikey_connectivity_formula_mass	2	FALSE	TRUE	2.70219999265464e-06	0.0067554999816366
CPD-8215	38419	MassBank	FIO00058	Emodin	inchikey_connectivity_formula_mass	2	FALSE	TRUE	3.43149997661385e-06	0.00857874994153462
CPD-7119	38422	MassBank	FIO01084	Xanthohumol	inchikey_connectivity_formula_mass	2	FALSE	TRUE	3.8166999729583e-06	0.00954174993239576
APIGENIN-7-O-NEOHESPERIDOSIDE	38424	MassBank	FIO00227	Apigenin 7-O-beta-D-rutinoside	inchikey_connectivity_formula_mass	2	FALSE	TRUE	4.32759998147958e-06	0.00748507915973122
CPD-9835	38428	MassBank	FIO00809	Cinchonidine	name_formula_mass	4	FALSE	TRUE	3.33870002577896e-06	0.00834675006444741
ISOORIENTIN	38429	MassBank	FIO00716	Isoorientin 7-O-(6'''-O-(E)-feruloyl)glucoside	inchikey_connectivity_formula_mass	2	FALSE	TRUE	1.48510002873081e-06	0.00331421148817327
CPD-7561	38434	MassBank	FIO00416	Artemisinin	inchikey	1	TRUE	TRUE	3.8166999729583e-06	0.00954174993239576
CPD-7099	38435	MassBank	FIO00837	Cycloheximide	inchikey	1	TRUE	TRUE	2.3190000320028e-07	0.000579750008000701
BERBERINE	38437	MassBank	FIO01092	Berberine	inchikey	1	FALSE	TRUE	1.0078281035	2519.57025875001
3-HYDROXY-ANTHRANILATE	38439	MassBank	FIO00670	3-Hydroxyanthranilic acid	inchikey_connectivity_formula_mass	2	FALSE	TRUE	3.09620000393807e-06	0.00774050000984516
ISOVITEXIN	38440	MassBank	FIO00756	Isovitexin	inchikey_connectivity_formula_mass	2	FALSE	TRUE	3.13700002152473e-06	0.0072597987188983
CPD-9250	38442	MassBank	FIO00096	Ginsenoside-Rb1	inchikey	1	TRUE	TRUE	7.38499920771574e-07	0.000666153673797336
CPD-12187	38443	MassBank	FIO00918	Demethoxycurcumin	name_formula_mass	4	TRUE	TRUE	3.68830001207243e-06	0.00922075003018108
CPD-12572	38445	MassBank	FIO00747	Tricin	inchikey_connectivity_formula_mass	2	FALSE	TRUE	2.80409994957154e-06	0.00701024987392884
CPD-7119	38447	MassBank	FIO01080	Xanthohumol	inchikey_connectivity_formula_mass	2	FALSE	TRUE	3.8166999729583e-06	0.00954174993239576
CPD-19438	38449	MassBank	FIO00868	Lycorine	inchikey	1	TRUE	TRUE	1.96069998992243e-06	0.00490174997480608
CPD-15083	38455	MassBank	FIO00704	Orientin	inchikey_connectivity_formula_mass	2	FALSE	TRUE	1.48510002873081e-06	0.00331421148817327
3-HYDROXY-L-KYNURENINE	38459	MassBank	FIO00654	Hydroxykynurenine	name_formula_mass	4	TRUE	TRUE	3.11600001623447e-06	0.00779000004058616
CPD-13509	38461	MassBank	FIO00151	Quercetin 3-galactoside	inchikey_connectivity_formula_mass	2	FALSE	TRUE	3.89280000945291e-06	0.00838792922979005
RUTIN	38464	MassBank	FIO00597	Rutin	inchikey_connectivity_formula_mass	2	FALSE	TRUE	4.91660000534466e-06	0.00805797382574006
CPD-9835	38465	MassBank	FIO00808	Cinchonidine	name_formula_mass	4	FALSE	TRUE	3.33870002577896e-06	0.00834675006444741
CPD-8186	38467	MassBank	FIO00499	Umbelliferone	inchikey	1	TRUE	TRUE	4.05890000365616e-06	0.0101472500091404
CPD1F-437	38468	MassBank	FIO00160	Isoquercitrin	inchikey_connectivity_formula_mass	2	FALSE	TRUE	3.89280000945291e-06	0.00838792922979005
CPD-8184	38469	MassBank	FIO00030	5,7-Dihydroxyflavone	inchikey_connectivity_formula_mass	2	FALSE	TRUE	1.19059998837656e-06	0.0029764999709414
1-3-7-TRIMETHYLXANTHINE	38474	MassBank	FIO00568	Caffeine	inchikey	1	TRUE	TRUE	4.41399998862835e-06	0.0110349999715709
TRP	38476	MassBank	FIO00633	L-Tryptophan	inchikey	1	TRUE	TRUE	2.36019999988457e-06	0.00590049999971143
SCOPOLETIN	38479	MassBank	FIO00954	Scopoletin	inchikey	1	TRUE	TRUE	1.25479999724121e-06	0.00313699999310302
CPD-9835	38485	MassBank	FIO00810	Cinchonidine	name_formula_mass	4	FALSE	TRUE	3.33870002577896e-06	0.00834675006444741
CPD-9846	38486	MassBank	FIO00802	Quinidine	name_formula_mass	4	FALSE	TRUE	1.97500003196183e-06	0.00493750007990457
CPD-14856	38489	MassBank	FIO00422	Casticin	inchikey	1	TRUE	TRUE	2.44540001403948e-06	0.0061135000350987
CPD-12187	38491	MassBank	FIO00925	Demethoxycurcumin	name_formula_mass	4	TRUE	TRUE	6.63117000385682e-05	0.165779250096421
CPD-8215	38494	MassBank	FIO00065	Emodin	inchikey_connectivity_formula_mass	2	FALSE	TRUE	3.43149997661385e-06	0.00857874994153462
APIGENIN-7-O-NEOHESPERIDOSIDE	38498	MassBank	FIO00223	Apigenin 7-O-beta-D-rutinoside	inchikey_connectivity_formula_mass	2	FALSE	TRUE	4.32759998147958e-06	0.00748507915973122
CPD-8186	38500	MassBank	FIO00501	Umbelliferone	inchikey	1	TRUE	TRUE	4.05890000365616e-06	0.0101472500091404
XANTHURENATE	38502	MassBank	FIO00664	Xanthurenic acid	inchikey_connectivity_formula_mass	2	FALSE	TRUE	2.28170000582395e-06	0.00570425001455988
CPD-7072	38503	MassBank	FIO00133	Hesperetin	inchikey_connectivity_formula_mass	2	FALSE	TRUE	1.81800004384058e-06	0.00454500010960146
CPD-15083	38504	MassBank	FIO00702	Orientin	inchikey_connectivity_formula_mass	2	FALSE	TRUE	1.48510002873081e-06	0.00331421148817327
CPD-15083	38506	MassBank	FIO00705	Orientin	inchikey_connectivity_formula_mass	2	FALSE	TRUE	1.48510002873081e-06	0.00331421148817327
5-METHOXYFURANOCOUMARIN	38509	MassBank	FIO01012	Bergapten	inchikey	1	TRUE	TRUE	1.25479999724121e-06	0.00313699999310302
QUINOLINATE	38510	MassBank	FIO00680	Quinolinic acid	inchikey_connectivity_formula_mass	2	FALSE	TRUE	2.3459000146886e-06	0.00586475003672149
CPD-7119	38514	MassBank	FIO01086	Xanthohumol	inchikey_connectivity_formula_mass	2	FALSE	TRUE	3.8166999729583e-06	0.00954174993239576
QUININE	38515	MassBank	FIO00327	Quinine	name_formula_mass	4	FALSE	TRUE	1.97500003196183e-06	0.00493750007990457
XANTHURENATE	38516	MassBank	FIO00667	Xanthurenic acid	inchikey_connectivity_formula_mass	2	FALSE	TRUE	2.28170000582395e-06	0.00570425001455988
1-3-7-TRIMETHYLXANTHINE	38518	MassBank	FIO00572	Caffeine	inchikey	1	TRUE	TRUE	4.41399998862835e-06	0.0110349999715709
Coumarins	38519	MassBank	FIO00034	Coumarin	inchikey	1	TRUE	TRUE	5.63199989755958e-07	0.0014079999743899
COUMARIN	38519	MassBank	FIO00034	Coumarin	inchikey	1	TRUE	TRUE	5.63199989755958e-07	0.0014079999743899
CPD-15001	38520	MassBank	FIO00904	Cyanidin 3-rutinoside	inchikey_connectivity_formula_mass	2	FALSE	TRUE	4.6733999852222e-06	0.00785225914491286
CPD-7072	38522	MassBank	FIO00139	Hesperetin	inchikey_connectivity_formula_mass	2	FALSE	TRUE	1.81800004384058e-06	0.00454500010960146
KYNURENATE	38525	MassBank	FIO00651	Kynurenic acid	inchikey_connectivity_formula_mass	2	FALSE	TRUE	3.09620000393807e-06	0.00774050000984516
CPD-9940	38530	MassBank	FIO00121	Harmine	inchikey	1	TRUE	TRUE	3.01770000987744e-06	0.00754425002469361
CPD-9835	38531	MassBank	FIO00807	Cinchonidine	name_formula_mass	4	FALSE	TRUE	3.33870002577896e-06	0.00834675006444741
CPD-9250	38540	MassBank	FIO00097	Ginsenoside-Rb1	inchikey	1	TRUE	TRUE	7.38499920771574e-07	0.000666153673797336
CPD-7630	38541	MassBank	FIO00069	Epicatechin	inchikey	1	TRUE	TRUE	1.81800004384058e-06	0.00454500010960146
CPD-15083	38542	MassBank	FIO00706	Orientin	inchikey_connectivity_formula_mass	2	FALSE	TRUE	1.48510002873081e-06	0.00331421148817327
CPD-9847	38544	MassBank	FIO00479	Cinchonine	name_formula_mass	4	FALSE	TRUE	3.33870002577896e-06	0.00834675006444741
CPD-12572	38545	MassBank	FIO00743	Tricin	inchikey_connectivity_formula_mass	2	FALSE	TRUE	2.80409994957154e-06	0.00701024987392884
VITEXIN	38552	MassBank	FIO00909	Vitexin 6''-O-malonyl 2''-O-xyloside	inchikey_connectivity_formula_mass	2	FALSE	TRUE	3.13700002152473e-06	0.0072597987188983
CPD1F-437	38554	MassBank	FIO00164	Isoquercitrin	inchikey_connectivity_formula_mass	2	FALSE	TRUE	3.89280000945291e-06	0.00838792922979005
3-HYDROXY-ANTHRANILATE	38556	MassBank	FIO00671	3-Hydroxyanthranilic acid	inchikey_connectivity_formula_mass	2	FALSE	TRUE	3.09620000393807e-06	0.00774050000984516
CPD-431	38558	MassBank	FIO00008	Apigenin	inchikey_connectivity_formula_mass	2	FALSE	TRUE	3.43149997661385e-06	0.00857874994153462
CPD-9847	38559	MassBank	FIO00481	Cinchonine	name_formula_mass	4	FALSE	TRUE	3.33870002577896e-06	0.00834675006444741
CPD-7072	38560	MassBank	FIO00136	Hesperetin	inchikey_connectivity_formula_mass	2	FALSE	TRUE	1.81800004384058e-06	0.00454500010960146
KYNURENATE	38562	MassBank	FIO00647	Kynurenic acid	inchikey_connectivity_formula_mass	2	FALSE	TRUE	3.09620000393807e-06	0.00774050000984516
TRP	38563	MassBank	FIO00629	L-Tryptophan	inchikey	1	TRUE	TRUE	2.36019999988457e-06	0.00590049999971143
CPD-22280	38566	MassBank	FIO00045	Demissidine	name_formula_mass	4	FALSE	TRUE	3.49281999660889e-05	0.0873204999152222
CPD-13509	38569	MassBank	FIO00150	Quercetin 3-galactoside	inchikey_connectivity_formula_mass	2	FALSE	TRUE	3.89280000945291e-06	0.00838792922979005
CPD-12187	38571	MassBank	FIO00923	Demethoxycurcumin	name_formula_mass	4	TRUE	TRUE	4.631170003222e-05	0.11577925008055
APIGENIN-7-O-NEOHESPERIDOSIDE	38572	MassBank	FIO00225	Apigenin 7-O-beta-D-rutinoside	inchikey_connectivity_formula_mass	2	FALSE	TRUE	4.32759998147958e-06	0.00748507915973122
CPD-431	38574	MassBank	FIO00015	Apigenin	inchikey_connectivity_formula_mass	2	FALSE	TRUE	3.43149997661385e-06	0.00857874994153462
CPD-8215	38575	MassBank	FIO00064	Emodin	inchikey_connectivity_formula_mass	2	FALSE	TRUE	3.43149997661385e-06	0.00857874994153462
CPD-8184	38577	MassBank	FIO00031	5,7-Dihydroxyflavone	inchikey_connectivity_formula_mass	2	FALSE	TRUE	1.19059998837656e-06	0.0029764999709414
CPD-22280	38586	MassBank	FIO00043	Demissidine	name_formula_mass	4	FALSE	TRUE	1.49281999597406e-05	0.0373204998993515
CPD-15083	38592	MassBank	FIO00701	Orientin	inchikey_connectivity_formula_mass	2	FALSE	TRUE	1.48510002873081e-06	0.00331421148817327
CPD-7119	38595	MassBank	FIO01085	Xanthohumol	inchikey_connectivity_formula_mass	2	FALSE	TRUE	3.8166999729583e-06	0.00954174993239576
NARINGENIN-CMPD	38604	MassBank	FIO00212	Naringenin	inchikey	1	TRUE	TRUE	3.4957000139002e-06	0.00873925003475051
TRP	38605	MassBank	FIO00635	L-Tryptophan	inchikey	1	TRUE	TRUE	2.36019999988457e-06	0.00590049999971143
CPD-9459	38606	MassBank	FIO01059	Oleanolic acid	inchikey_connectivity_formula_mass	2	FALSE	TRUE	4.59289998389067e-06	0.0100641960462045
CPD-7630	38609	MassBank	FIO00070	Epicatechin	inchikey	1	TRUE	TRUE	1.81800004384058e-06	0.00454500010960146
CAFFEOYLQUINATE	38610	MassBank	FIO00619	Chlorogenic acid	inchikey_connectivity_formula_mass	2	FALSE	TRUE	2.17669997937264e-06	0.00544174994843161
CPD-7630	38613	MassBank	FIO00068	Epicatechin	inchikey	1	TRUE	TRUE	1.81800004384058e-06	0.00454500010960146
BERBERINE	38615	MassBank	FIO01090	Berberine	inchikey	1	FALSE	TRUE	1.0078281035	2519.57025875001
BERBERINE	38616	MassBank	FIO01093	Berberine	inchikey	1	FALSE	TRUE	1.0078281035	2519.57025875001
VITEXIN	38621	MassBank	FIO00910	Vitexin 6''-O-malonyl 2''-O-xyloside	inchikey_connectivity_formula_mass	2	FALSE	TRUE	3.13700002152473e-06	0.0072597987188983
CPD-9024	38622	MassBank	FIO00459	Allopurinol	inchikey	1	TRUE	TRUE	7.71299994539731e-07	0.00192824998634933
KYNURENATE	38623	MassBank	FIO00643	Kynurenic acid	inchikey_connectivity_formula_mass	2	FALSE	TRUE	3.09620000393807e-06	0.00774050000984516
ISOVITEXIN	38624	MassBank	FIO00748	Isovitexin	inchikey_connectivity_formula_mass	2	FALSE	TRUE	3.13700002152473e-06	0.0072597987188983
CPD1F-461	38625	MassBank	FIO00762	Afzelin	inchikey_connectivity_formula_mass	2	FALSE	TRUE	3.13700002152473e-06	0.0072597987188983
CPD-8215	38626	MassBank	FIO00061	Emodin	inchikey_connectivity_formula_mass	2	FALSE	TRUE	3.43149997661385e-06	0.00857874994153462
CPD1F-437	38627	MassBank	FIO00167	Isoquercitrin	inchikey_connectivity_formula_mass	2	FALSE	TRUE	3.89280000945291e-06	0.00838792922979005
SCOPOLETIN	38630	MassBank	FIO00950	Scopoletin	inchikey	1	TRUE	TRUE	1.25479999724121e-06	0.00313699999310302
KYNURENATE	38636	MassBank	FIO00652	Kynurenic acid	inchikey_connectivity_formula_mass	2	FALSE	TRUE	3.09620000393807e-06	0.00774050000984516
CPD-431	38639	MassBank	FIO00007	Apigenin	inchikey_connectivity_formula_mass	2	FALSE	TRUE	3.43149997661385e-06	0.00857874994153462
MYRICETIN	38642	MassBank	FIO00188	Myricetin	inchikey_connectivity_formula_mass	2	FALSE	TRUE	2.70219999265464e-06	0.0067554999816366
CPD-15001	38643	MassBank	FIO00903	Cyanidin 3-rutinoside	inchikey_connectivity_formula_mass	2	FALSE	TRUE	4.6733999852222e-06	0.00785225914491286
CPD-431	38644	MassBank	FIO00014	Apigenin	inchikey_connectivity_formula_mass	2	FALSE	TRUE	3.43149997661385e-06	0.00857874994153462
CPD-13509	38645	MassBank	FIO00158	Quercetin 3-galactoside	inchikey_connectivity_formula_mass	2	FALSE	TRUE	3.89280000945291e-06	0.00838792922979005
SCOPOLETIN	38647	MassBank	FIO00953	Scopoletin	inchikey	1	TRUE	TRUE	1.25479999724121e-06	0.00313699999310302
CPD-8184	38648	MassBank	FIO00026	5,7-Dihydroxyflavone	inchikey_connectivity_formula_mass	2	FALSE	TRUE	1.19059998837656e-06	0.0029764999709414
CPD-8186	38651	MassBank	FIO00493	Umbelliferone	inchikey	1	TRUE	TRUE	4.05890000365616e-06	0.0101472500091404
NIACINE	38655	MassBank	FIO00515	Nicotinic acid	inchikey_connectivity_formula_mass	2	FALSE	TRUE	1.59010001254956e-06	0.00397525003137389
CPD-8097	38656	MassBank	FIO00084	Aesculetin	inchikey	1	TRUE	TRUE	1.31900000610585e-06	0.00329750001526463
CPD-13509	38659	MassBank	FIO00156	Quercetin 3-galactoside	inchikey_connectivity_formula_mass	2	FALSE	TRUE	3.89280000945291e-06	0.00838792922979005
Coumarins	38662	MassBank	FIO00036	Coumarin	inchikey	1	TRUE	TRUE	5.63199989755958e-07	0.0014079999743899
COUMARIN	38662	MassBank	FIO00036	Coumarin	inchikey	1	TRUE	TRUE	5.63199989755958e-07	0.0014079999743899
3-HYDROXY-ANTHRANILATE	38663	MassBank	FIO00669	3-Hydroxyanthranilic acid	inchikey_connectivity_formula_mass	2	FALSE	TRUE	3.09620000393807e-06	0.00774050000984516
3-HYDROXY-ANTHRANILATE	38665	MassBank	FIO00672	3-Hydroxyanthranilic acid	inchikey_connectivity_formula_mass	2	FALSE	TRUE	3.09620000393807e-06	0.00774050000984516
CPD-9846	38666	MassBank	FIO00804	Quinidine	name_formula_mass	4	FALSE	TRUE	1.97500003196183e-06	0.00493750007990457
CPD-9459	38668	MassBank	FIO01060	Oleanolic acid	inchikey_connectivity_formula_mass	2	FALSE	TRUE	4.59289998389067e-06	0.0100641960462045
CPD-6602	38673	MassBank	FIO00943	Curcumin	inchikey	1	TRUE	TRUE	1.62539998882494e-06	0.00406349997206235
CPD-7630	38678	MassBank	FIO00073	Epicatechin	inchikey	1	TRUE	TRUE	1.81800004384058e-06	0.00454500010960146
CPD-8184	38680	MassBank	FIO00023	5,7-Dihydroxyflavone	inchikey_connectivity_formula_mass	2	FALSE	TRUE	1.19059998837656e-06	0.0029764999709414
VITEXIN	38683	MassBank	FIO00911	Vitexin 6''-O-malonyl 2''-O-xyloside	inchikey_connectivity_formula_mass	2	FALSE	TRUE	3.13700002152473e-06	0.0072597987188983
CPD-7561	38685	MassBank	FIO00419	Artemisinin	inchikey	1	TRUE	TRUE	3.8166999729583e-06	0.00954174993239576
1-3-7-TRIMETHYLXANTHINE	38686	MassBank	FIO00571	Caffeine	inchikey	1	TRUE	TRUE	4.41399998862835e-06	0.0110349999715709
CPD-12572	38687	MassBank	FIO00738	Tricin	inchikey_connectivity_formula_mass	2	FALSE	TRUE	2.80409994957154e-06	0.00701024987392884
Coumarins	38689	MassBank	FIO00037	Coumarin	inchikey	1	TRUE	TRUE	5.63199989755958e-07	0.0014079999743899
COUMARIN	38689	MassBank	FIO00037	Coumarin	inchikey	1	TRUE	TRUE	5.63199989755958e-07	0.0014079999743899
CPD1F-461	38692	MassBank	FIO00759	Afzelin	inchikey_connectivity_formula_mass	2	FALSE	TRUE	3.13700002152473e-06	0.0072597987188983
KYNURENATE	38694	MassBank	FIO00649	Kynurenic acid	inchikey_connectivity_formula_mass	2	FALSE	TRUE	3.09620000393807e-06	0.00774050000984516
NARINGENIN-CMPD	38697	MassBank	FIO00210	Naringenin	inchikey	1	TRUE	TRUE	3.4957000139002e-06	0.00873925003475051
CPD-8141	38699	MassBank	FIO00142	7-Hydroxyflavone	inchikey	1	TRUE	TRUE	4.18729999296374e-06	0.0104682499824094
CPD-6602	38700	MassBank	FIO00946	Curcumin	inchikey	1	TRUE	TRUE	1.62539998882494e-06	0.00406349997206235
CPD-8184	38701	MassBank	FIO00032	5,7-Dihydroxyflavone	inchikey_connectivity_formula_mass	2	FALSE	TRUE	1.19059998837656e-06	0.0029764999709414
TRP	38702	MassBank	FIO00637	L-Tryptophan	inchikey	1	TRUE	TRUE	2.36019999988457e-06	0.00590049999971143
QUININE	38706	MassBank	FIO00328	Quinine	name_formula_mass	4	FALSE	TRUE	1.97500003196183e-06	0.00493750007990457
CPD-7099	38707	MassBank	FIO00835	Cycloheximide	inchikey	1	TRUE	TRUE	2.3190000320028e-07	0.000579750008000701
CPD-12187	38710	MassBank	FIO00919	Demethoxycurcumin	name_formula_mass	4	TRUE	TRUE	6.31170001952341e-06	0.0157792500488085
CPD-12572	38714	MassBank	FIO00744	Tricin	inchikey_connectivity_formula_mass	2	FALSE	TRUE	2.80409994957154e-06	0.00701024987392884
CPD-12187	38715	MassBank	FIO00924	Demethoxycurcumin	name_formula_mass	4	TRUE	TRUE	5.63117000069724e-05	0.140779250017431
CPD-6602	38717	MassBank	FIO00947	Curcumin	inchikey	1	TRUE	TRUE	1.62539998882494e-06	0.00406349997206235
TRP	38721	MassBank	FIO00630	L-Tryptophan	inchikey	1	TRUE	TRUE	2.36019999988457e-06	0.00590049999971143
ISOVITEXIN	38723	MassBank	FIO00753	Isovitexin	inchikey_connectivity_formula_mass	2	FALSE	TRUE	3.13700002152473e-06	0.0072597987188983
CPD-9250	38724	MassBank	FIO00099	Ginsenoside-Rb1	inchikey	1	TRUE	TRUE	7.38499920771574e-07	0.000666153673797336
CPD-9024	38728	MassBank	FIO00455	Allopurinol	inchikey	1	TRUE	TRUE	7.71299994539731e-07	0.00192824998634933
CPD-520	38729	MassBank	FIO00274	Quercetin	inchikey_connectivity_formula_mass	2	FALSE	TRUE	2.67570004552908e-06	0.00668925011382271
XANTHURENATE	38732	MassBank	FIO00659	Xanthurenic acid	inchikey_connectivity_formula_mass	2	FALSE	TRUE	2.28170000582395e-06	0.00570425001455988
ISOORIENTIN	38734	MassBank	FIO00717	Isoorientin 7-O-(6'''-O-(E)-feruloyl)glucoside	inchikey_connectivity_formula_mass	2	FALSE	TRUE	1.48510002873081e-06	0.00331421148817327
RUTIN	38738	MassBank	FIO00593	Rutin	inchikey_connectivity_formula_mass	2	FALSE	TRUE	4.91660000534466e-06	0.00805797382574006
CPD-13042	38743	MassBank	FIO01036	Methoxsalen	inchikey	1	TRUE	TRUE	1.25479999724121e-06	0.00313699999310302
CPD-7630	38747	MassBank	FIO00071	Epicatechin	inchikey	1	TRUE	TRUE	1.81800004384058e-06	0.00454500010960146
CPD-12187	38755	MassBank	FIO00920	Demethoxycurcumin	name_formula_mass	4	TRUE	TRUE	1.63116999942758e-05	0.0407792499856896
NARINGENIN-CMPD	38758	MassBank	FIO00213	Naringenin	inchikey	1	TRUE	TRUE	3.4957000139002e-06	0.00873925003475051
CPD-8097	38759	MassBank	FIO00082	Aesculetin	inchikey	1	TRUE	TRUE	1.31900000610585e-06	0.00329750001526463
CPD-15001	38761	MassBank	FIO00902	Cyanidin 3-rutinoside	inchikey_connectivity_formula_mass	2	FALSE	TRUE	4.6733999852222e-06	0.00785225914491286
CPD-7075	38762	MassBank	FIO00483	Hesperidin	inchikey	1	TRUE	TRUE	4.22900029661832e-07	0.000693063125867771
CPD-14856	38765	MassBank	FIO00424	Casticin	inchikey	1	TRUE	TRUE	2.44540001403948e-06	0.0061135000350987
XANTHURENATE	38767	MassBank	FIO00661	Xanthurenic acid	inchikey_connectivity_formula_mass	2	FALSE	TRUE	2.28170000582395e-06	0.00570425001455988
ADENOSINE	38768	MassBank	FIO00687	Adenosine	inchikey	1	TRUE	TRUE	3.93170000734244e-06	0.00982925001835611
3-HYDROXY-L-KYNURENINE	38769	MassBank	FIO00657	Hydroxykynurenine	name_formula_mass	4	TRUE	TRUE	3.11600001623447e-06	0.00779000004058616
ISATIN	38771	MassBank	FIO00513	1H-Indole-2,3-dione	inchikey	1	TRUE	TRUE	1.5900999983387e-06	0.00397524999584675
NARINGENIN-CMPD	38776	MassBank	FIO00206	Naringenin	inchikey	1	TRUE	TRUE	3.4957000139002e-06	0.00873925003475051
CPD-9847	38781	MassBank	FIO00480	Cinchonine	name_formula_mass	4	FALSE	TRUE	3.33870002577896e-06	0.00834675006444741
CPD-12187	38782	MassBank	FIO00922	Demethoxycurcumin	name_formula_mass	4	TRUE	TRUE	3.63117000006241e-05	0.0907792500015603
TRP	38783	MassBank	FIO00636	L-Tryptophan	inchikey	1	TRUE	TRUE	2.36019999988457e-06	0.00590049999971143
CPD-8141	38785	MassBank	FIO00147	7-Hydroxyflavone	inchikey	1	TRUE	TRUE	4.18729999296374e-06	0.0104682499824094
RUTIN	38786	MassBank	FIO00595	Rutin	inchikey_connectivity_formula_mass	2	FALSE	TRUE	4.91660000534466e-06	0.00805797382574006
CPD-12572	38787	MassBank	FIO00739	Tricin	inchikey_connectivity_formula_mass	2	FALSE	TRUE	2.80409994957154e-06	0.00701024987392884
MYRICETIN	38788	MassBank	FIO00191	Myricetin	inchikey_connectivity_formula_mass	2	FALSE	TRUE	2.70219999265464e-06	0.0067554999816366
CPD1F-437	38790	MassBank	FIO00161	Isoquercitrin	inchikey_connectivity_formula_mass	2	FALSE	TRUE	3.89280000945291e-06	0.00838792922979005
TRP	38792	MassBank	FIO00631	L-Tryptophan	inchikey	1	TRUE	TRUE	2.36019999988457e-06	0.00590049999971143
BERBERINE	38793	MassBank	FIO01089	Berberine	inchikey	1	FALSE	TRUE	1.0078281035	2519.57025875001
CPD-8718	38795	MassBank	FIO00536	Paclitaxel	name_formula_mass	4	TRUE	TRUE	4.64829997781635e-06	0.00544724171631692
CPD-9459	38796	MassBank	FIO01061	Oleanolic acid	inchikey_connectivity_formula_mass	2	FALSE	TRUE	4.59289998389067e-06	0.0100641960462045
NIACINE	38799	MassBank	FIO00517	Nicotinic acid	inchikey_connectivity_formula_mass	2	FALSE	TRUE	1.59010001254956e-06	0.00397525003137389
ISOORIENTIN	38800	MassBank	FIO00708	Isoorientin 7-O-(6'''-O-(E)-feruloyl)glucoside	inchikey_connectivity_formula_mass	2	FALSE	TRUE	1.48510002873081e-06	0.00331421148817327
CPD-7561	38801	MassBank	FIO00418	Artemisinin	inchikey	1	TRUE	TRUE	3.8166999729583e-06	0.00954174993239576
TRP	38802	MassBank	FIO00632	L-Tryptophan	inchikey	1	TRUE	TRUE	2.36019999988457e-06	0.00590049999971143
CPD-8184	38803	MassBank	FIO00025	5,7-Dihydroxyflavone	inchikey_connectivity_formula_mass	2	FALSE	TRUE	1.19059998837656e-06	0.0029764999709414
CPD-19438	38805	MassBank	FIO00869	Lycorine	inchikey	1	TRUE	TRUE	1.96069998992243e-06	0.00490174997480608
QUINOLINATE	38817	MassBank	FIO00679	Quinolinic acid	inchikey_connectivity_formula_mass	2	FALSE	TRUE	2.3459000146886e-06	0.00586475003672149
APIGENIN-7-O-NEOHESPERIDOSIDE	38818	MassBank	FIO00228	Apigenin 7-O-beta-D-rutinoside	inchikey_connectivity_formula_mass	2	FALSE	TRUE	4.32759998147958e-06	0.00748507915973122
CPD-431	38820	MassBank	FIO00012	Apigenin	inchikey_connectivity_formula_mass	2	FALSE	TRUE	3.43149997661385e-06	0.00857874994153462
XANTHURENATE	38821	MassBank	FIO00658	Xanthurenic acid	inchikey_connectivity_formula_mass	2	FALSE	TRUE	2.28170000582395e-06	0.00570425001455988
1-3-7-TRIMETHYLXANTHINE	38822	MassBank	FIO00569	Caffeine	inchikey	1	TRUE	TRUE	4.41399998862835e-06	0.0110349999715709
VITEXIN	38823	MassBank	FIO00914	Vitexin 6''-O-malonyl 2''-O-xyloside	inchikey_connectivity_formula_mass	2	FALSE	TRUE	3.13700002152473e-06	0.0072597987188983
CAFFEOYLQUINATE	38828	MassBank	FIO00627	Chlorogenic acid	inchikey_connectivity_formula_mass	2	FALSE	TRUE	2.17669997937264e-06	0.00544174994843161
CPD-7137	38829	MassBank	FIO01101	Pelargonin	inchikey_connectivity_formula_mass	2	FALSE	TRUE	4.6733999852222e-06	0.00785225914491286
CPD-520	38831	MassBank	FIO00278	Quercetin	inchikey_connectivity_formula_mass	2	FALSE	TRUE	2.67570004552908e-06	0.00668925011382271
CPD-8141	38835	MassBank	FIO00148	7-Hydroxyflavone	inchikey	1	TRUE	TRUE	4.18729999296374e-06	0.0104682499824094
CPD-22280	38836	MassBank	FIO00046	Demissidine	name_formula_mass	4	FALSE	TRUE	4.49281999976847e-05	0.112320499994212
MYRICETIN	38838	MassBank	FIO00190	Myricetin	inchikey_connectivity_formula_mass	2	FALSE	TRUE	2.70219999265464e-06	0.0067554999816366
CPD-7630	38845	MassBank	FIO00072	Epicatechin	inchikey	1	TRUE	TRUE	1.81800004384058e-06	0.00454500010960146
ISOVITEXIN	38849	MassBank	FIO00750	Isovitexin	inchikey_connectivity_formula_mass	2	FALSE	TRUE	3.13700002152473e-06	0.0072597987188983
CPD-12187	38852	MassBank	FIO00927	Demethoxycurcumin	name_formula_mass	4	TRUE	TRUE	8.63116999880731e-05	0.215779249970183
CPD-9940	38854	MassBank	FIO00123	Harmine	inchikey	1	TRUE	TRUE	3.01770000987744e-06	0.00754425002469361
CPD-8215	38860	MassBank	FIO00063	Emodin	inchikey_connectivity_formula_mass	2	FALSE	TRUE	3.43149997661385e-06	0.00857874994153462
CPD-6481	38862	MassBank	FIO00505	Eugenol	inchikey	1	TRUE	TRUE	3.7060002000544e-07	0.000926500050013601
CPD-7075	38865	MassBank	FIO00489	Hesperidin	inchikey	1	TRUE	TRUE	4.22900029661832e-07	0.000693063125867771
APIGENIN-7-O-NEOHESPERIDOSIDE	38867	MassBank	FIO00221	Apigenin 7-O-beta-D-rutinoside	inchikey_connectivity_formula_mass	2	FALSE	TRUE	4.32759998147958e-06	0.00748507915973122
CPD-7561	38872	MassBank	FIO00417	Artemisinin	inchikey	1	TRUE	TRUE	3.8166999729583e-06	0.00954174993239576
CPD-22280	38876	MassBank	FIO00042	Demissidine	name_formula_mass	4	FALSE	TRUE	4.92819998498817e-06	0.0123204999624704
CPD-7119	38879	MassBank	FIO01082	Xanthohumol	inchikey_connectivity_formula_mass	2	FALSE	TRUE	3.8166999729583e-06	0.00954174993239576
RUTIN	38881	MassBank	FIO00589	Rutin	inchikey_connectivity_formula_mass	2	FALSE	TRUE	4.91660000534466e-06	0.00805797382574006
CPD-8097	38882	MassBank	FIO00079	Aesculetin	inchikey	1	TRUE	TRUE	1.31900000610585e-06	0.00329750001526463
CPD-14856	38886	MassBank	FIO00423	Casticin	inchikey	1	TRUE	TRUE	2.44540001403948e-06	0.0061135000350987
CPD-7137	38888	MassBank	FIO01102	Pelargonin	inchikey_connectivity_formula_mass	2	FALSE	TRUE	4.6733999852222e-06	0.00785225914491286
CPD-7072	38892	MassBank	FIO00130	Hesperetin	inchikey_connectivity_formula_mass	2	FALSE	TRUE	1.81800004384058e-06	0.00454500010960146
CPD1F-437	38895	MassBank	FIO00163	Isoquercitrin	inchikey_connectivity_formula_mass	2	FALSE	TRUE	3.89280000945291e-06	0.00838792922979005
CPD-8097	38897	MassBank	FIO00078	Aesculetin	inchikey	1	TRUE	TRUE	1.31900000610585e-06	0.00329750001526463
KYNURENATE	38898	MassBank	FIO00644	Kynurenic acid	inchikey_connectivity_formula_mass	2	FALSE	TRUE	3.09620000393807e-06	0.00774050000984516
CPD-9846	38900	MassBank	FIO00801	Quinidine	name_formula_mass	4	FALSE	TRUE	1.97500003196183e-06	0.00493750007990457
RUTIN	38903	MassBank	FIO00592	Rutin	inchikey_connectivity_formula_mass	2	FALSE	TRUE	4.91660000534466e-06	0.00805797382574006
CPD1F-461	38904	MassBank	FIO00767	Afzelin	inchikey_connectivity_formula_mass	2	FALSE	TRUE	3.13700002152473e-06	0.0072597987188983
CPD-22280	38906	MassBank	FIO00044	Demissidine	name_formula_mass	4	FALSE	TRUE	2.49281999913364e-05	0.0623204999783411
CPD1F-461	38909	MassBank	FIO00761	Afzelin	inchikey_connectivity_formula_mass	2	FALSE	TRUE	3.13700002152473e-06	0.0072597987188983
ISOORIENTIN	38910	MassBank	FIO00711	Isoorientin 7-O-(6'''-O-(E)-feruloyl)glucoside	inchikey_connectivity_formula_mass	2	FALSE	TRUE	1.48510002873081e-06	0.00331421148817327
CPD-431	38911	MassBank	FIO00010	Apigenin	inchikey_connectivity_formula_mass	2	FALSE	TRUE	3.43149997661385e-06	0.00857874994153462
CPD-6602	38912	MassBank	FIO00941	Curcumin	inchikey	1	TRUE	TRUE	1.62539998882494e-06	0.00406349997206235
CPD-19438	38913	MassBank	FIO00867	Lycorine	inchikey	1	TRUE	TRUE	1.96069998992243e-06	0.00490174997480608
APIGENIN-7-O-NEOHESPERIDOSIDE	38914	MassBank	FIO00222	Apigenin 7-O-beta-D-rutinoside	inchikey_connectivity_formula_mass	2	FALSE	TRUE	4.32759998147958e-06	0.00748507915973122
Coumarins	38916	MassBank	FIO00035	Coumarin	inchikey	1	TRUE	TRUE	5.63199989755958e-07	0.0014079999743899
COUMARIN	38916	MassBank	FIO00035	Coumarin	inchikey	1	TRUE	TRUE	5.63199989755958e-07	0.0014079999743899
CPD-520	38917	MassBank	FIO00281	Quercetin	inchikey_connectivity_formula_mass	2	FALSE	TRUE	2.67570004552908e-06	0.00668925011382271
SCOPOLETIN	38919	MassBank	FIO00956	Scopoletin	inchikey	1	TRUE	TRUE	1.25479999724121e-06	0.00313699999310302
NARINGENIN-CMPD	38931	MassBank	FIO00205	Naringenin	inchikey	1	TRUE	TRUE	3.4957000139002e-06	0.00873925003475051
CPD-7119	38933	MassBank	FIO01081	Xanthohumol	inchikey_connectivity_formula_mass	2	FALSE	TRUE	3.8166999729583e-06	0.00954174993239576
CPD-8097	38935	MassBank	FIO00080	Aesculetin	inchikey	1	TRUE	TRUE	1.31900000610585e-06	0.00329750001526463
CPD-15083	38945	MassBank	FIO00707	Orientin	inchikey_connectivity_formula_mass	2	FALSE	TRUE	1.48510002873081e-06	0.00331421148817327
CPD-7075	38947	MassBank	FIO00484	Hesperidin	inchikey	1	TRUE	TRUE	4.22900029661832e-07	0.000693063125867771
ISOVITEXIN	38948	MassBank	FIO00757	Isovitexin	inchikey_connectivity_formula_mass	2	FALSE	TRUE	3.13700002152473e-06	0.0072597987188983
3-HYDROXY-ANTHRANILATE	38950	MassBank	FIO00674	3-Hydroxyanthranilic acid	inchikey_connectivity_formula_mass	2	FALSE	TRUE	3.09620000393807e-06	0.00774050000984516
XANTHURENATE	38952	MassBank	FIO00666	Xanthurenic acid	inchikey_connectivity_formula_mass	2	FALSE	TRUE	2.28170000582395e-06	0.00570425001455988
CPD1F-437	38955	MassBank	FIO00165	Isoquercitrin	inchikey_connectivity_formula_mass	2	FALSE	TRUE	3.89280000945291e-06	0.00838792922979005
CPD-9940	38958	MassBank	FIO00129	Harmine	inchikey	1	TRUE	TRUE	3.01770000987744e-06	0.00754425002469361
ISATIN	38960	MassBank	FIO00512	1H-Indole-2,3-dione	inchikey	1	TRUE	TRUE	1.5900999983387e-06	0.00397524999584675
DIHYDROCOUMARIN	38961	MassBank	FIO00508	3,4-Dihydro-2H-1-benzopyran-2-one	inchikey	1	TRUE	TRUE	4.98999980891313e-07	0.00124749995222828
CPD-9250	38963	MassBank	FIO00098	Ginsenoside-Rb1	inchikey	1	TRUE	TRUE	7.38499920771574e-07	0.000666153673797336
CPD-7075	38964	MassBank	FIO00488	Hesperidin	inchikey	1	TRUE	TRUE	4.22900029661832e-07	0.000693063125867771
CPD-9940	38974	MassBank	FIO00122	Harmine	inchikey	1	TRUE	TRUE	3.01770000987744e-06	0.00754425002469361
CPD-6602	38976	MassBank	FIO00944	Curcumin	inchikey	1	TRUE	TRUE	1.62539998882494e-06	0.00406349997206235
3-HYDROXY-ANTHRANILATE	38980	MassBank	FIO00673	3-Hydroxyanthranilic acid	inchikey_connectivity_formula_mass	2	FALSE	TRUE	3.09620000393807e-06	0.00774050000984516
CPD-8141	38985	MassBank	FIO00143	7-Hydroxyflavone	inchikey	1	TRUE	TRUE	4.18729999296374e-06	0.0104682499824094
CPD-8184	38988	MassBank	FIO00029	5,7-Dihydroxyflavone	inchikey_connectivity_formula_mass	2	FALSE	TRUE	1.19059998837656e-06	0.0029764999709414
CPD-7072	38991	MassBank	FIO00135	Hesperetin	inchikey_connectivity_formula_mass	2	FALSE	TRUE	1.81800004384058e-06	0.00454500010960146
CPD-8215	38993	MassBank	FIO00059	Emodin	inchikey_connectivity_formula_mass	2	FALSE	TRUE	3.43149997661385e-06	0.00857874994153462
CPD1F-461	38994	MassBank	FIO00765	Afzelin	inchikey_connectivity_formula_mass	2	FALSE	TRUE	3.13700002152473e-06	0.0072597987188983
MYRICETIN	38997	MassBank	FIO00189	Myricetin	inchikey_connectivity_formula_mass	2	FALSE	TRUE	2.70219999265464e-06	0.0067554999816366
CPD-7630	39002	MassBank	FIO00067	Epicatechin	inchikey	1	TRUE	TRUE	1.81800004384058e-06	0.00454500010960146
CPD-12187	39004	MassBank	FIO00921	Demethoxycurcumin	name_formula_mass	4	TRUE	TRUE	2.63117000258717e-05	0.0657792500646792
CPD1F-461	39006	MassBank	FIO00764	Afzelin	inchikey_connectivity_formula_mass	2	FALSE	TRUE	3.13700002152473e-06	0.0072597987188983
RUTIN	39007	MassBank	FIO00591	Rutin	inchikey_connectivity_formula_mass	2	FALSE	TRUE	4.91660000534466e-06	0.00805797382574006
ISOVITEXIN	39009	MassBank	FIO00752	Isovitexin	inchikey_connectivity_formula_mass	2	FALSE	TRUE	3.13700002152473e-06	0.0072597987188983
SCOPOLETIN	39011	MassBank	FIO00949	Scopoletin	inchikey	1	TRUE	TRUE	1.25479999724121e-06	0.00313699999310302
3-HYDROXY-L-KYNURENINE	39012	MassBank	FIO00656	Hydroxykynurenine	name_formula_mass	4	TRUE	TRUE	3.11600001623447e-06	0.00779000004058616
APIGENIN-7-O-NEOHESPERIDOSIDE	39015	MassBank	FIO00220	Apigenin 7-O-beta-D-rutinoside	inchikey_connectivity_formula_mass	2	FALSE	TRUE	4.32759998147958e-06	0.00748507915973122
VITEXIN	39019	MassBank	FIO00917	Vitexin 6''-O-malonyl 2''-O-xyloside	inchikey_connectivity_formula_mass	2	FALSE	TRUE	3.13700002152473e-06	0.0072597987188983
CPD-9940	39020	MassBank	FIO00127	Harmine	inchikey	1	TRUE	TRUE	3.01770000987744e-06	0.00754425002469361
CPD1F-437	39022	MassBank	FIO00162	Isoquercitrin	inchikey_connectivity_formula_mass	2	FALSE	TRUE	3.89280000945291e-06	0.00838792922979005
ISOORIENTIN	39024	MassBank	FIO00712	Isoorientin 7-O-(6'''-O-(E)-feruloyl)glucoside	inchikey_connectivity_formula_mass	2	FALSE	TRUE	1.48510002873081e-06	0.00331421148817327
CPD-14856	39027	MassBank	FIO00420	Casticin	inchikey	1	TRUE	TRUE	2.44540001403948e-06	0.0061135000350987
CAFFEOYLQUINATE	39028	MassBank	FIO00626	Chlorogenic acid	inchikey_connectivity_formula_mass	2	FALSE	TRUE	2.17669997937264e-06	0.00544174994843161
VITEXIN	39035	MassBank	FIO00916	Vitexin 6''-O-malonyl 2''-O-xyloside	inchikey_connectivity_formula_mass	2	FALSE	TRUE	3.13700002152473e-06	0.0072597987188983
NIACINE	39036	MassBank	FIO00519	Nicotinic acid	inchikey_connectivity_formula_mass	2	FALSE	TRUE	1.59010001254956e-06	0.00397525003137389
CPD-14502	39062	MassBank	FU000296	steviolmonoside	inchikey_connectivity_formula_mass	2	FALSE	TRUE	1.73920000179351e-06	0.00362127887797413
CPD-14505	39093	MassBank	FU000301	rubusoside	inchikey	1	TRUE	TRUE	1.69229997482034e-06	0.0026346469489918
CPD-14507	39122	MassBank	FU000312	rebaudioside B	inchikey_connectivity_formula_mass	2	FALSE	TRUE	4.8761999096314e-06	0.00606207544345264
CPD-14505	39133	MassBank	FU000302	rubusoside	inchikey	1	TRUE	TRUE	1.69229997482034e-06	0.0026346469489918
CPD-14503	39137	MassBank	FU000299	Steviobioside	inchikey_connectivity_formula_mass	2	FALSE	TRUE	1.69229997482034e-06	0.0026346469489918
CPD-14502	39199	MassBank	FU000297	steviolmonoside	inchikey_connectivity_formula_mass	2	FALSE	TRUE	1.73920000179351e-06	0.00362127887797413
CPD-14506	39218	MassBank	FU000327	Rebaudioside A	inchikey	1	TRUE	TRUE	1.44470004670438e-06	0.00149488205861492
CPD-14506	39222	MassBank	FU000328	Rebaudioside A	inchikey	1	TRUE	TRUE	1.44470004670438e-06	0.00149488205861492
CPD-14504	39252	MassBank	FU000318	Stevioside	inchikey	1	TRUE	TRUE	4.8761999096314e-06	0.00606207544345264
CPD-14507	39282	MassBank	FU000310	rebaudioside B	inchikey_connectivity_formula_mass	2	FALSE	TRUE	4.8761999096314e-06	0.00606207544345264
CPD-14502	39284	MassBank	FU000295	steviolmonoside	inchikey_connectivity_formula_mass	2	FALSE	TRUE	1.73920000179351e-06	0.00362127887797413
CPD-14506	39291	MassBank	FU000326	Rebaudioside A	inchikey	1	TRUE	TRUE	1.44470004670438e-06	0.00149488205861492
CPD-14503	39312	MassBank	FU000298	Steviobioside	inchikey_connectivity_formula_mass	2	FALSE	TRUE	1.69229997482034e-06	0.0026346469489918
CPD-14504	39318	MassBank	FU000317	Stevioside	inchikey	1	TRUE	TRUE	4.8761999096314e-06	0.00606207544345264
CPD-14503	39337	MassBank	FU000300	Steviobioside	inchikey_connectivity_formula_mass	2	FALSE	TRUE	1.69229997482034e-06	0.0026346469489918
CPD-14507	39338	MassBank	FU000311	rebaudioside B	inchikey_connectivity_formula_mass	2	FALSE	TRUE	4.8761999096314e-06	0.00606207544345264
CPD-14505	39350	MassBank	FU000303	rubusoside	inchikey	1	TRUE	TRUE	1.69229997482034e-06	0.0026346469489918
CPD-14506	39373	MassBank	FU000325	Rebaudioside A	inchikey	1	TRUE	TRUE	1.44470004670438e-06	0.00149488205861492
CPD-14504	39375	MassBank	FU000316	Stevioside	inchikey	1	TRUE	TRUE	4.8761999096314e-06	0.00606207544345264
LEU	39382	MassBank	GLS00004	L-Leucine	inchikey	1	TRUE	TRUE	1.33329999130183e-06	0.00333324997825457
CARBAMYUL-L-ASPARTATE	39383	MassBank	GLS00112	Ureidosuccinic acid	inchikey_connectivity_formula_mass	2	FALSE	TRUE	1.37770001629178e-06	0.00344425004072946
CPD-3736	39384	MassBank	GLS00102	Lanthionine	inchikey	1	TRUE	TRUE	2.4260000088816e-06	0.006065000022204
CPD-355	39385	MassBank	GLS00172	D-Arabitol	inchikey	1	TRUE	TRUE	3.4957000139002e-06	0.00873925003475051
TRYPTAMINE	39386	MassBank	GLS00090	Tryptamine	inchikey_connectivity_formula_mass	2	FALSE	TRUE	1.60440001195639e-06	0.00401100002989097
SHIKIMATE	39388	MassBank	GLS00087	Shikimic acid	inchikey_connectivity_formula_mass	2	FALSE	TRUE	3.43150000503556e-06	0.0085787500125889
4-hydroxybenzoate	39389	MassBank	GLS00140	4-Hydroxybenzoic acid	inchikey_connectivity_formula_mass	2	FALSE	TRUE	4.05890000365616e-06	0.0101472500091404
CPD-603	39390	MassBank	GLS00005	L-3-Cyanoalanine	inchikey_connectivity_formula_mass	2	FALSE	TRUE	2.5527999980568e-06	0.006381999995142
PHTHALATE	39392	MassBank	GLS00156	Phthalic acid	inchikey_connectivity_formula_mass	2	FALSE	TRUE	1.31900000610585e-06	0.00329750001526463
Hydroxy-Butyrates	39393	MassBank	GLS00127	2-Hydroxybutyric acid	name_formula_mass	4	FALSE	TRUE	4.12309999830995e-06	0.0103077499957749
3-CARBOXY-3-HYDROXY-ISOCAPROATE	39394	MassBank	GLS00040	2-Isopropylmalic acid	name_formula_mass	4	FALSE	TRUE	3.4957000139002e-06	0.00873925003475051
XANTHURENATE	39395	MassBank	GLS00095	Xanthurenic acid	inchikey_connectivity_formula_mass	2	FALSE	TRUE	2.28170000582395e-06	0.00570425001455988
CPD-14325	39398	MassBank	GLS00155	Citramalic acid	name_formula_mass	4	FALSE	TRUE	3.36729999617091e-06	0.00841824999042728
MALEATE	39399	MassBank	GLS00150	Maleic acid	inchikey_connectivity_formula_mass	2	FALSE	TRUE	1.38320000075964e-06	0.00345800000189911
L-rhamnose	39400	MassBank	GLS00165	L-Rhamnose	inchikey	1	TRUE	TRUE	6.50429998927393e-06	0.0162607499731848
L-ALPHA-ALANINE	39401	MassBank	GLS00026	L-Alanine	inchikey	1	TRUE	TRUE	1.52590000368491e-06	0.00381475000921228
GLY	39406	MassBank	GLS00044	Glycine	inchikey	1	TRUE	TRUE	1.59010001254956e-06	0.00397525003137389
N-ALPHA-ACETYLORNITHINE	39407	MassBank	GLS00122	N2-Acetylornithine	inchikey	1	TRUE	TRUE	2.3261000023922e-06	0.00581525000598049
SER	39408	MassBank	GLS00045	L-Serine	inchikey	1	TRUE	TRUE	3.09619998972721e-06	0.00774049997431803
4-HYDROXY-L-PROLINE	39409	MassBank	GLS00047	4-Hydroxyproline	inchikey	1	TRUE	TRUE	3.160399984381e-06	0.0079009999609525
ILE	39410	MassBank	GLS00013	L-Isoleucine	inchikey	1	TRUE	TRUE	1.33329999130183e-06	0.00333324997825457
FUM	39412	MassBank	GLS00174	Fumaric acid	inchikey_connectivity_formula_mass	2	FALSE	TRUE	1.38320000075964e-06	0.00345800000189911
CPD-11495	39414	MassBank	GLS00030	ortho-Hydroxyphenylacetic acid	inchikey_connectivity_formula_mass	2	FALSE	TRUE	4.12310001252081e-06	0.010307750031302
CADAVERINE	39415	MassBank	GLS00116	Cadaverine	inchikey_connectivity_formula_mass	2	FALSE	TRUE	1.54020000309174e-06	0.00385050000772935
CPD-633	39417	MassBank	GLS00108	Gentisic acid	inchikey_connectivity_formula_mass	2	FALSE	TRUE	1.31900000610585e-06	0.00329750001526463
CPD0-1551	39418	MassBank	GLS00157	Glyceraldehyde	name_formula_mass	4	TRUE	TRUE	4.05890000365616e-06	0.0101472500091404
GLYCERALD	39418	MassBank	GLS00157	Glyceraldehyde	name_formula_mass	4	TRUE	TRUE	4.05890000365616e-06	0.0101472500091404
CYS	39419	MassBank	GLS00103	L-Cysteine	inchikey	1	TRUE	TRUE	8.35899996332046e-07	0.00208974999083011
L-2-AMINOHEXANOATE	39420	MassBank	GLS00050	L-Norleucine	inchikey	1	TRUE	TRUE	1.33329999130183e-06	0.00333324997825457
5-AMINOPENTANOATE	39421	MassBank	GLS00074	5-Aminopentanoic acid	inchikey	1	TRUE	TRUE	1.39750000016647e-06	0.00349375000041618
2-OXOBUTANOATE	39422	MassBank	GLS00024	2-Ketobutyric acid	inchikey_connectivity_formula_mass	2	FALSE	TRUE	4.05890000365616e-06	0.0101472500091404
GLYCEROL	39423	MassBank	GLS00175	Glycerol	inchikey	1	TRUE	TRUE	4.12309999830995e-06	0.0103077499957749
CPD-21103	39429	MassBank	GLS00060	Ketoisoleucine	inchikey_connectivity_formula_mass	2	FALSE	TRUE	4.18729999296374e-06	0.0104682499824094
3-SULFINOALANINE	39431	MassBank	GLS00075	3-Sulfinoalanine	inchikey_connectivity_formula_mass	2	FALSE	TRUE	1.59169999847109e-06	0.00397924999617771
GLYCOLLATE	39433	MassBank	GLS00141	Glycolic acid	inchikey_connectivity_formula_mass	2	FALSE	TRUE	3.99469999479152e-06	0.00998674998697879
SER	39434	MassBank	GLS00043	L-Serine	inchikey	1	TRUE	TRUE	3.09619998972721e-06	0.00774049997431803
PHE	39435	MassBank	GLS00057	L-Phenylalanine	inchikey	1	TRUE	TRUE	1.39750000016647e-06	0.00349375000041618
CPD-5921	39436	MassBank	GLS00073	L-3-Phenyllactic acid	inchikey_connectivity_formula_mass	2	FALSE	TRUE	4.18729999296374e-06	0.0104682499824094
DODECANOATE	39437	MassBank	GLS00130	Dodecanoic acid	inchikey_connectivity_formula_mass	2	FALSE	TRUE	1.46000047607231e-08	3.65000119018077e-05
CPD-25858	39438	MassBank	GLS00032	DL-Homocysteine	inchikey	1	TRUE	TRUE	7.71700001678255e-07	0.00192925000419564
SARCOSINE	39439	MassBank	GLS00002	Sarcosine	inchikey	1	TRUE	TRUE	1.52590000368491e-06	0.00381475000921228
3-HYDROXYBENZOATE	39440	MassBank	GLS00066	3-Hydroxybenzoic acid	inchikey_connectivity_formula_mass	2	FALSE	TRUE	4.05890000365616e-06	0.0101472500091404
ADIPATE	39441	MassBank	GLS00017	Adipic acid	inchikey_connectivity_formula_mass	2	FALSE	TRUE	1.19059998837656e-06	0.0029764999709414
CPD-25028	39443	MassBank	GLS00169	D-(+)-Xylose	inchikey	1	TRUE	TRUE	3.43150000503556e-06	0.0085787500125889
TYRAMINE	39444	MassBank	GLS00100	Tyramine	inchikey_connectivity_formula_mass	2	FALSE	TRUE	3.98040000959554e-06	0.00995100002398885
HOMOSERINE-LACTONE	39446	MassBank	GLS00152	L-3-Aminodihydro-2(3H)-furanone	name_formula_mass	4	FALSE	TRUE	1.52590000368491e-06	0.00381475000921228
TRP	39447	MassBank	GLS00114	L-Tryptophan	inchikey	1	TRUE	TRUE	2.36019999988457e-06	0.00590049999971143
4-AMINO-BUTYRATE	39448	MassBank	GLS00055	gamma-Aminobutyric acid	inchikey	1	TRUE	TRUE	1.46169999482026e-06	0.00365424998705066
L-rhamnose	39449	MassBank	GLS00164	L-Rhamnose	inchikey	1	TRUE	TRUE	6.50429998927393e-06	0.0162607499731848
L-ORNITHINE	39451	MassBank	GLS00078	Ornithine	inchikey_connectivity_formula_mass	2	FALSE	TRUE	2.36019999988457e-06	0.00590049999971143
MESO-DIAMINOPIMELATE	39453	MassBank	GLS00101	DL-a,d-Diaminopimelic acid	inchikey	1	TRUE	TRUE	3.05180000736982e-06	0.00762950001842455
CPD-25028	39455	MassBank	GLS00170	D-(+)-Xylose	inchikey	1	TRUE	TRUE	3.43150000503556e-06	0.0085787500125889
CPD-3642	39456	MassBank	GLS00035	D-Valine	name_formula_mass	4	TRUE	TRUE	1.39750000016647e-06	0.00349375000041618
CPD-468	39458	MassBank	GLS00076	Aminoadipic acid	inchikey_connectivity_formula_mass	2	FALSE	TRUE	2.15330001651637e-06	0.00538325004129092
BENZOATE	39459	MassBank	GLS00149	Benzoic acid	inchikey_connectivity_formula_mass	2	FALSE	TRUE	5.63199989755958e-07	0.0014079999743899
LYS	39460	MassBank	GLS00120	L-Lysine	inchikey_connectivity_formula_mass	2	FALSE	TRUE	2.29599999101993e-06	0.00573999997754981
GLT	39465	MassBank	GLS00031	L-Glutamic acid	inchikey_connectivity_formula_mass	2	FALSE	TRUE	2.2174999969593e-06	0.00554374999239826
2-KETO-ISOVALERATE	39466	MassBank	GLS00033	alpha-Ketoisovaleric acid	inchikey_connectivity_formula_mass	2	FALSE	TRUE	4.12309999830995e-06	0.0103077499957749
CPD-2461	39469	MassBank	GLS00137	Methylsuccinic acid	inchikey_connectivity_formula_mass	2	FALSE	TRUE	1.25479999724121e-06	0.00313699999310302
L-2-AMINOHEXANOATE	39470	MassBank	GLS00052	L-Norleucine	inchikey	1	TRUE	TRUE	1.33329999130183e-06	0.00333324997825457
SUC	39471	MassBank	GLS00166	Succinic acid	inchikey_connectivity_formula_mass	2	FALSE	TRUE	1.31900000610585e-06	0.00329750001526463
KYNURENATE	39472	MassBank	GLS00094	Kynurenic acid	inchikey_connectivity_formula_mass	2	FALSE	TRUE	3.09620000393807e-06	0.00774050000984516
CPD-205	39473	MassBank	GLS00133	Pimelic acid	inchikey_connectivity_formula_mass	2	FALSE	TRUE	1.12639997951192e-06	0.00281599994877979
CPD-24844	39475	MassBank	GLS00180	L-Lactic acid	inchikey	1	TRUE	TRUE	4.05890000365616e-06	0.0101472500091404
4-HYDROXYBENZALDEHYDE	39476	MassBank	GLS00054	4-Hydroxybenzaldehyde	inchikey	1	TRUE	TRUE	5.63199989755958e-07	0.0014079999743899
D-Lyxopyranose	39477	MassBank	GLS00161	D-Lyxose	inchikey	1	TRUE	TRUE	3.43150000503556e-06	0.0085787500125889
N-ALPHA-ACETYLORNITHINE	39478	MassBank	GLS00121	N2-Acetylornithine	inchikey	1	TRUE	TRUE	2.3261000023922e-06	0.00581525000598049
PRO	39480	MassBank	GLS00069	L-Proline	inchikey	1	TRUE	TRUE	1.46169999482026e-06	0.00365424998705066
THR	39482	MassBank	GLS00036	L-Threonine	inchikey	1	TRUE	TRUE	3.16039999859186e-06	0.00790099999647964
3-PHENYLPROPIONATE	39483	MassBank	GLS00016	Hydrocinnamic acid	inchikey_connectivity_formula_mass	2	FALSE	TRUE	4.34800000448377e-07	0.00108700000112094
CPD-6995	39484	MassBank	GLS00173	Erythritol	name_formula_mass	4	TRUE	TRUE	1.19060000258742e-06	0.00297650000646854
DEHYDROQUINATE	39487	MassBank	GLS00111	3-Dehydroquinic acid	inchikey_connectivity_formula_mass	2	FALSE	TRUE	1.94640000472646e-06	0.00486600001181614
LYS	39488	MassBank	GLS00119	L-Lysine	inchikey_connectivity_formula_mass	2	FALSE	TRUE	2.29599999101993e-06	0.00573999997754981
L-ARABINOSE	39489	MassBank	GLS00178	L-Arabinose	inchikey	1	TRUE	TRUE	3.43150000503556e-06	0.0085787500125889
CPD-15699	39489	MassBank	GLS00178	L-Arabinose	inchikey	1	TRUE	TRUE	3.43150000503556e-06	0.0085787500125889
XYLITOL	39492	MassBank	GLS00171	D-Xylitol	inchikey	1	TRUE	TRUE	3.4957000139002e-06	0.00873925003475051
2-OXOBUTANOATE	39493	MassBank	GLS00025	2-Ketobutyric acid	inchikey_connectivity_formula_mass	2	FALSE	TRUE	4.05890000365616e-06	0.0101472500091404
OH-PYR	39494	MassBank	GLS00061	Hydroxypyruvic acid	inchikey_connectivity_formula_mass	2	FALSE	TRUE	1.38320000075964e-06	0.00345800000189911
GLY	39496	MassBank	GLS00042	Glycine	inchikey	1	TRUE	TRUE	1.59010001254956e-06	0.00397525003137389
B-ALANINE	39497	MassBank	GLS00053	beta-Alanine	inchikey	1	TRUE	TRUE	1.52590000368491e-06	0.00381475000921228
3-HYDROXY-BUTYRATE	39498	MassBank	GLS00148	3-Hydroxybutyric acid	name_formula_mass	4	FALSE	TRUE	4.12309999830995e-06	0.0103077499957749
ASN	39499	MassBank	GLS00010	L-Asparagine	inchikey	1	TRUE	TRUE	2.13349997579826e-06	0.00533374993949565
CYSTAMINE	39500	MassBank	GLS00117	Cystamine	inchikey_connectivity_formula_mass	2	FALSE	TRUE	2.24399997250657e-07	0.000560999993126643
CPD-21103	39501	MassBank	GLS00059	Ketoisoleucine	inchikey_connectivity_formula_mass	2	FALSE	TRUE	4.18729999296374e-06	0.0104682499824094
CPD-195	39502	MassBank	GLS00128	Caprylic acid	inchikey_connectivity_formula_mass	2	FALSE	TRUE	2.42200002276149e-07	0.000605500005690374
D-RIBULOFURANOSE	39505	MassBank	GLS00179	D-Ribulose	inchikey	1	TRUE	TRUE	3.43150000503556e-06	0.0085787500125889
MALONATE	39506	MassBank	GLS00142	Malonic acid	inchikey_connectivity_formula_mass	2	FALSE	TRUE	1.38320000075964e-06	0.00345800000189911
OH-PYR	39511	MassBank	GLS00062	Hydroxypyruvic acid	inchikey_connectivity_formula_mass	2	FALSE	TRUE	1.38320000075964e-06	0.00345800000189911
VAL	39512	MassBank	GLS00011	L-Valine	inchikey	1	TRUE	TRUE	1.39750000016647e-06	0.00349375000041618
VAL	39513	MassBank	GLS00012	L-Valine	inchikey	1	TRUE	TRUE	1.39750000016647e-06	0.00349375000041618
NIACINAMIDE	39515	MassBank	GLS00132	Niacinamide	inchikey	1	TRUE	TRUE	2.82509999749436e-06	0.00706274999373591
CPD0-1264	39516	MassBank	GLS00131	Suberic acid	inchikey_connectivity_formula_mass	2	FALSE	TRUE	1.06219999906898e-06	0.00265549999767245
CINNAMYL-ALC	39517	MassBank	GLS00145	trans-Cinnamyl alcohol	inchikey	1	TRUE	TRUE	4.94310000931364e-06	0.0123577500232841
O-SUCCINYL-L-HOMOSERINE	39518	MassBank	GLS00082	O-Succinyl-L-Homoserine	inchikey_connectivity_formula_mass	2	FALSE	TRUE	2.84489999557991e-06	0.00711224998894977
GLUTAMIDE	39519	MassBank	GLS00096	D-Glutamine	inchikey	1	TRUE	TRUE	2.1976999846629e-06	0.00549424996165726
L-ASPARTATE	39521	MassBank	GLS00039	L-Aspartic acid	inchikey_connectivity_formula_mass	2	FALSE	TRUE	2.28170000582395e-06	0.00570425001455988
HOMOGENTISATE	39522	MassBank	GLS00105	Homogentisic acid	inchikey_connectivity_formula_mass	2	FALSE	TRUE	1.25479999724121e-06	0.00313699999310302
THR	39524	MassBank	GLS00037	L-Threonine	inchikey	1	TRUE	TRUE	3.16039999859186e-06	0.00790099999647964
ANTHRANILATE	39525	MassBank	GLS00049	2-Aminobenzoic acid	inchikey_connectivity_formula_mass	2	FALSE	TRUE	1.52590001789576e-06	0.00381475004473941
Xylulose	39527	MassBank	GLS00177	D-Xylulose	name_formula_mass	4	TRUE	TRUE	3.43150000503556e-06	0.0085787500125889
RS-Malate	39528	MassBank	GLS00162	DL-Malic acid	name_formula_mass	4	FALSE	TRUE	3.30309998730627e-06	0.00825774996826567
CPD-10303	39531	MassBank	GLS00027	D-Threonine	inchikey	1	TRUE	TRUE	3.16039999859186e-06	0.00790099999647964
MET	39534	MassBank	GLS00029	L-Methionine	inchikey	1	TRUE	TRUE	7.07499992813609e-07	0.00176874998203402
2-KETO-ISOVALERATE	39535	MassBank	GLS00034	alpha-Ketoisovaleric acid	inchikey_connectivity_formula_mass	2	FALSE	TRUE	4.12309999830995e-06	0.0103077499957749
GLUTARATE	39536	MassBank	GLS00138	Glutaric acid	inchikey_connectivity_formula_mass	2	FALSE	TRUE	1.25479999724121e-06	0.00313699999310302
TARTRATE	39537	MassBank	GLS00009	Tartaric acid	inchikey_connectivity_formula_mass	2	FALSE	TRUE	2.07479999403404e-06	0.00518699998508509
L-ALPHA-ALANINE	39538	MassBank	GLS00023	L-Alanine	inchikey	1	TRUE	TRUE	1.52590000368491e-06	0.00381475000921228
P-HYDROXY-PHENYLPYRUVATE	39539	MassBank	GLS00093	4-Hydroxyphenylpyruvic acid	inchikey_connectivity_formula_mass	2	FALSE	TRUE	1.25479999724121e-06	0.00313699999310302
D-Lyxopyranose	39543	MassBank	GLS00160	D-Lyxose	inchikey	1	TRUE	TRUE	3.43150000503556e-06	0.0085787500125889
GLYCERATE	39546	MassBank	GLS00176	Glyceric acid	inchikey_connectivity_formula_mass	2	FALSE	TRUE	1.31900000610585e-06	0.00329750001526463
PREPHENATE	39547	MassBank	GLS00056	Prephenate	inchikey_connectivity_formula_mass	2	FALSE	TRUE	1.94640000472646e-06	0.00486600001181614
CPD3O-4151	39548	MassBank	GLS00146	Tyrosol	inchikey	1	TRUE	TRUE	4.34800000448377e-07	0.00108700000112094
CPD0-1551	39549	MassBank	GLS00158	Glyceraldehyde	name_formula_mass	4	TRUE	TRUE	4.05890000365616e-06	0.0101472500091404
GLYCERALD	39549	MassBank	GLS00158	Glyceraldehyde	name_formula_mass	4	TRUE	TRUE	4.05890000365616e-06	0.0101472500091404
4-HYDROXYMANDELATE	39553	MassBank	GLS00115	4-HydroxyMandelic acid	name_formula_mass	4	FALSE	TRUE	1.25479999724121e-06	0.00313699999310302
CPD-8216	39610	MassBank	HB003767	Chrysophanol	inchikey	1	TRUE	TRUE	8.80940001479757e-06	0.0220235000369939
CPD-8215	39635	MassBank	HB003781	Emodin	inchikey_connectivity_formula_mass	2	FALSE	TRUE	2.34314999829621e-05	0.0585787499574053
CPD-8215	39894	MassBank	HB003293	Emodin	inchikey_connectivity_formula_mass	2	FALSE	TRUE	2.34314999829621e-05	0.0585787499574053
CPD-8216	40323	MassBank	HB003768	Chrysophanol	inchikey	1	TRUE	TRUE	8.80940001479757e-06	0.0220235000369939
CPD-8215	40458	MassBank	HB003780	Emodin	inchikey_connectivity_formula_mass	2	FALSE	TRUE	2.34314999829621e-05	0.0585787499574053
CPD-8215	40806	MassBank	HB003298	Emodin	inchikey_connectivity_formula_mass	2	FALSE	TRUE	2.34314999829621e-05	0.0585787499574053
CPD-8215	40881	MassBank	HB003782	Emodin	inchikey_connectivity_formula_mass	2	FALSE	TRUE	2.34314999829621e-05	0.0585787499574053
CPD-8215	41011	MassBank	HB003296	Emodin	inchikey_connectivity_formula_mass	2	FALSE	TRUE	2.34314999829621e-05	0.0585787499574053
CPD-8215	41019	MassBank	HB003297	Emodin	inchikey_connectivity_formula_mass	2	FALSE	TRUE	2.34314999829621e-05	0.0585787499574053
CPD-8215	41080	MassBank	HB004096	Emodin	inchikey_connectivity_formula_mass	2	FALSE	TRUE	2.34314999829621e-05	0.0585787499574053
CPD-8215	41134	MassBank	HB003295	Emodin	inchikey_connectivity_formula_mass	2	FALSE	TRUE	2.34314999829621e-05	0.0585787499574053
CPD-8215	41676	MassBank	HB004097	Emodin	inchikey_connectivity_formula_mass	2	FALSE	TRUE	2.34314999829621e-05	0.0585787499574053
CPD-8216	41702	MassBank	HB003769	Chrysophanol	inchikey	1	TRUE	TRUE	8.80940001479757e-06	0.0220235000369939
CPD-8216	42011	MassBank	HB003766	Chrysophanol	inchikey	1	TRUE	TRUE	8.80940001479757e-06	0.0220235000369939
CPD-8215	42323	MassBank	HB004095	Emodin	inchikey_connectivity_formula_mass	2	FALSE	TRUE	2.34314999829621e-05	0.0585787499574053
CPD-8215	42418	MassBank	HB003294	Emodin	inchikey_connectivity_formula_mass	2	FALSE	TRUE	2.34314999829621e-05	0.0585787499574053
CPD-8216	42561	MassBank	HB003770	Chrysophanol	inchikey	1	TRUE	TRUE	8.80940001479757e-06	0.0220235000369939
CHOLINE	42759	MassBank	PB001602	Choline	inchikey	1	FALSE	TRUE	1.00782410879999	2519.56027199999
NARINGIN	42760	MassBank	PB005724	Naringin	inchikey	1	TRUE	TRUE	4.26340000103664e-06	0.00734841917614713
CPD1F-90	42762	MassBank	PB005702	Kaempferol	inchikey_connectivity_formula_mass	2	FALSE	TRUE	1.94639994788304e-06	0.00486599986970759
1-3-7-TRIMETHYLXANTHINE	42763	MassBank	PB003782	Caffeine	inchikey	1	TRUE	TRUE	4.41399998862835e-06	0.0110349999715709
NARINGIN	42766	MassBank	PB000803	Naringin	inchikey	1	TRUE	TRUE	4.26340000103664e-06	0.00734841917614713
CPD-520	42769	MassBank	PB004103	Quercetin	inchikey_connectivity_formula_mass	2	FALSE	TRUE	2.67570004552908e-06	0.00668925011382271
CPD-520	42770	MassBank	PB006206	Quercetin	inchikey_connectivity_formula_mass	2	FALSE	TRUE	2.67570004552908e-06	0.00668925011382271
CPD-14834	42772	MassBank	PB005907	(-)-alpha-Narcotine	inchikey	1	TRUE	TRUE	2.09820001373373e-06	0.00507857425497329
CPD1F-90	42774	MassBank	PB004141	Kaempferol	inchikey_connectivity_formula_mass	2	FALSE	TRUE	1.94639994788304e-06	0.00486599986970759
CPD-520	42775	MassBank	PB004084	Quercetin	inchikey_connectivity_formula_mass	2	FALSE	TRUE	2.67570004552908e-06	0.00668925011382271
APIGENIN	42777	MassBank	PB000129	Chalconaringenin	inchikey	1	TRUE	TRUE	3.4957000139002e-06	0.00873925003475051
CPD-20012	42777	MassBank	PB000129	Chalconaringenin	inchikey	1	TRUE	TRUE	3.4957000139002e-06	0.00873925003475051
Serines	42780	MassBank	PB000401	Serine	inchikey	1	TRUE	TRUE	3.09619998972721e-06	0.00774049997431803
APIGENIN-7-O-BETA-D-GLUCOSIDE	42782	MassBank	PN000067	Cosmosiin	inchikey_connectivity_formula_mass	2	FALSE	TRUE	3.13700002152473e-06	0.0072597987188983
CPD-14834	42783	MassBank	PB005908	(-)-alpha-Narcotine	inchikey	1	TRUE	TRUE	2.09820001373373e-06	0.00507857425497329
O-SINAPOYLCHOLINE	42786	MassBank	PB006004	Sinapine	inchikey	1	FALSE	TRUE	1.00782291819996	2519.55729549991
GLN	42787	MassBank	PB000466	Glutamine	name_formula_mass	4	TRUE	TRUE	2.1976999846629e-06	0.00549424996165726
CPD-13042	42788	MassBank	PB006122	Methoxsalen	inchikey	1	TRUE	TRUE	1.25479999724121e-06	0.00313699999310302
O-SINAPOYLCHOLINE	42789	MassBank	PB000385	Sinapine	inchikey	1	FALSE	TRUE	1.00782291819996	2519.55729549991
L-ASPARTATE	42790	MassBank	PB000452	Aspartic acid	name_formula_mass	4	FALSE	TRUE	2.28170000582395e-06	0.00570425001455988
RUTIN	42792	MassBank	PB001343	Rutin	inchikey_connectivity_formula_mass	2	FALSE	TRUE	4.91660000534466e-06	0.00805797382574006
Coumarins	42793	MassBank	PB004701	Coumarin	inchikey	1	TRUE	TRUE	5.63199989755958e-07	0.0014079999743899
COUMARIN	42793	MassBank	PB004701	Coumarin	inchikey	1	TRUE	TRUE	5.63199989755958e-07	0.0014079999743899
CPD-431	42797	MassBank	PN000010	Apigenin	inchikey_connectivity_formula_mass	2	FALSE	TRUE	1.14999920697301e-08	2.87499801743252e-05
5734-TETRAHYDROXYFLAVONE	42802	MassBank	PN000113	Luteolin	inchikey_connectivity_formula_mass	2	FALSE	TRUE	1.36000153361238e-08	3.40000383403094e-05
CPD1F-90	42803	MassBank	PB005703	Kaempferol	inchikey_connectivity_formula_mass	2	FALSE	TRUE	1.94639994788304e-06	0.00486599986970759
BETAINE_ALDEHYDE	42805	MassBank	PB001483	Betaine aldehyde	inchikey	1	FALSE	TRUE	1.0078240446	2519.5601115
CPD-3141	42808	MassBank	PN000051	Genistein	inchikey_connectivity_formula_mass	2	FALSE	TRUE	1.14999920697301e-08	2.87499801743252e-05
CPD1F-90	42810	MassBank	PB000164	Kaempferol	inchikey_connectivity_formula_mass	2	FALSE	TRUE	1.94639994788304e-06	0.00486599986970759
CPD-83	42811	MassBank	PB003662	Resveratrol	inchikey	1	TRUE	TRUE	4.25150000182839e-06	0.010628750004571
D-THREONINE	42812	MassBank	PB000404	D-Threonine	name_formula_mass	4	TRUE	TRUE	3.16039999859186e-06	0.00790099999647964
CPD-13042	42814	MassBank	PB006164	Methoxsalen	inchikey	1	TRUE	TRUE	1.25479999724121e-06	0.00313699999310302
NARINGENIN-CMPD	42816	MassBank	PB000124	Naringenin	inchikey	1	TRUE	TRUE	3.4957000139002e-06	0.00873925003475051
INDOLE_ACETATE_AUXIN	42818	MassBank	PB000512	Indoleacetic acid	inchikey_connectivity_formula_mass	2	FALSE	TRUE	1.46170000903112e-06	0.0036542500225778
PHLORETIN	42819	MassBank	PB000702	Phloretin	inchikey	1	TRUE	TRUE	3.55989999434314e-06	0.00889974998585785
L-ASPARTATE	42822	MassBank	PB000454	Aspartic acid	name_formula_mass	4	FALSE	TRUE	2.28170000582395e-06	0.00570425001455988
CPD-83	42823	MassBank	PB002423	Resveratrol	inchikey	1	TRUE	TRUE	4.25150000182839e-06	0.010628750004571
CPD1F-90	42824	MassBank	PB004143	Kaempferol	inchikey_connectivity_formula_mass	2	FALSE	TRUE	1.94639994788304e-06	0.00486599986970759
VITEXIN	42827	MassBank	PN000128	Vitexin 6''-O-malonyl 2''-O-xyloside	inchikey_connectivity_formula_mass	2	FALSE	TRUE	2.29999841394601e-08	5.32276870400454e-05
574-TRIHYDROXY-3-METHOXYFLAVONE	42828	MassBank	PN000007	Chrysoeriol	inchikey_connectivity_formula_mass	2	FALSE	TRUE	1.38000473270949e-08	3.45001183177374e-05
CODEINE	42829	MassBank	PB001608	Codeine	inchikey_connectivity_formula_mass	2	FALSE	TRUE	3.54560000914717e-06	0.00886400002286791
CPD-13135	42830	MassBank	PB005786	Indole-3-carboxylic acid	inchikey_connectivity_formula_mass	2	FALSE	TRUE	1.52590001789576e-06	0.00381475004473941
CPD-12447	42833	MassBank	PB006207	Phlorizin	inchikey_connectivity_formula_mass	2	FALSE	TRUE	3.00860000379544e-06	0.00689829198041954
O-SINAPOYLCHOLINE	42839	MassBank	PB006006	Sinapine	inchikey	1	FALSE	TRUE	1.00782291819996	2519.55729549991
Coumarins	42842	MassBank	PB004702	Coumarin	inchikey	1	TRUE	TRUE	5.63199989755958e-07	0.0014079999743899
COUMARIN	42842	MassBank	PB004702	Coumarin	inchikey	1	TRUE	TRUE	5.63199989755958e-07	0.0014079999743899
5734-TETRAHYDROXYFLAVONE	42843	MassBank	PB000743	Luteolin	inchikey_connectivity_formula_mass	2	FALSE	TRUE	1.94639994788304e-06	0.00486599986970759
GLT	42848	MassBank	PB000463	DL-Glutamate	name_formula_mass	4	FALSE	TRUE	2.2174999969593e-06	0.00554374999239826
CPD-4609	42850	MassBank	PB000629	Kinetin	inchikey	1	TRUE	TRUE	6.30000158707844e-08	0.000157500039676961
DAIDZEIN	42851	MassBank	PB002428	Daidzein	inchikey	1	TRUE	TRUE	1.19059998837656e-06	0.0029764999709414
CPD-7630	42854	MassBank	PB006301	Epicatechin	inchikey	1	TRUE	TRUE	1.81800004384058e-06	0.00454500010960146
BIOCHANIN-A	42856	MassBank	PB005710	Biochanin A	inchikey_connectivity_formula_mass	2	FALSE	TRUE	3.4957000139002e-06	0.00873925003475051
SEROTONIN	42857	MassBank	PB001420	Serotonin	inchikey_connectivity_formula_mass	2	FALSE	TRUE	3.01770000987744e-06	0.00754425002469361
PHE	42860	MassBank	PB006081	L-Phenylalanine	inchikey	1	TRUE	TRUE	1.39750000016647e-06	0.00349375000041618
CPD-3642	42862	MassBank	PB000391	D-Valine	name_formula_mass	4	TRUE	TRUE	1.39750000016647e-06	0.00349375000041618
GLN	42865	MassBank	PB000467	Glutamine	name_formula_mass	4	TRUE	TRUE	2.1976999846629e-06	0.00549424996165726
CPD-12447	42869	MassBank	PB006209	Phlorizin	inchikey_connectivity_formula_mass	2	FALSE	TRUE	3.00860000379544e-06	0.00689829198041954
INDOLE-3-CARBOXALDEHYDE	42870	MassBank	PB000506	Indole-3-carboxaldehyde	inchikey	1	TRUE	TRUE	3.85199999186625e-06	0.00962999997966563
CPD-520	42873	MassBank	PB006204	Quercetin	inchikey_connectivity_formula_mass	2	FALSE	TRUE	2.67570004552908e-06	0.00668925011382271
O-SINAPOYLCHOLINE	42874	MassBank	PB000384	Sinapine	inchikey	1	FALSE	TRUE	1.00782291819996	2519.55729549991
APIGENIN	42875	MassBank	PB002407	Chalconaringenin	inchikey	1	TRUE	TRUE	3.4957000139002e-06	0.00873925003475051
CPD-20012	42875	MassBank	PB002407	Chalconaringenin	inchikey	1	TRUE	TRUE	3.4957000139002e-06	0.00873925003475051
BIOCHANIN-A	42877	MassBank	PB000241	Biochanin A	inchikey_connectivity_formula_mass	2	FALSE	TRUE	3.4957000139002e-06	0.00873925003475051
ISOVITEXIN	42878	MassBank	PN000122	Isovitexin	inchikey_connectivity_formula_mass	2	FALSE	TRUE	2.29999841394601e-08	5.32276870400454e-05
CPD-9577	42879	MassBank	PB000553	Indole-3-acetyl-L-valine	inchikey_connectivity_formula_mass	2	FALSE	TRUE	2.45450002012149e-06	0.00613625005030372
CPD-9577	42880	MassBank	PB000552	Indole-3-acetyl-L-valine	inchikey_connectivity_formula_mass	2	FALSE	TRUE	2.45450002012149e-06	0.00613625005030372
CPD1F-90	42883	MassBank	PB000166	Kaempferol	inchikey_connectivity_formula_mass	2	FALSE	TRUE	1.94639994788304e-06	0.00486599986970759
RUTIN	42884	MassBank	PB001342	Rutin	inchikey_connectivity_formula_mass	2	FALSE	TRUE	4.91660000534466e-06	0.00805797382574006
CODEINE	42888	MassBank	PB001607	Codeine	inchikey_connectivity_formula_mass	2	FALSE	TRUE	3.54560000914717e-06	0.00886400002286791
1-3-7-TRIMETHYLXANTHINE	42890	MassBank	PB003783	Caffeine	inchikey	1	TRUE	TRUE	4.41399998862835e-06	0.0110349999715709
TRP	42891	MassBank	PB006084	L-Tryptophan	inchikey	1	TRUE	TRUE	2.36019999988457e-06	0.00590049999971143
CPD-1961	42894	MassBank	PB002431	Catechin	inchikey	1	TRUE	TRUE	1.81800004384058e-06	0.00454500010960146
ONONIN	42895	MassBank	PB000746	Ononin	inchikey	1	TRUE	TRUE	2.30509999710193e-06	0.00535912255544201
Coumarins	42897	MassBank	PB004703	Coumarin	inchikey	1	TRUE	TRUE	5.63199989755958e-07	0.0014079999743899
COUMARIN	42897	MassBank	PB004703	Coumarin	inchikey	1	TRUE	TRUE	5.63199989755958e-07	0.0014079999743899
PHLORETIN	42899	MassBank	PB000682	Phloretin	inchikey	1	TRUE	TRUE	3.55989999434314e-06	0.00889974998585785
CPD1F-90	42901	MassBank	PN000001	Kaempferol	inchikey_connectivity_formula_mass	2	FALSE	TRUE	1.36000153361238e-08	3.40000383403094e-05
NARINGIN	42904	MassBank	PB005722	Naringin	inchikey	1	TRUE	TRUE	4.26340000103664e-06	0.00734841917614713
ALLOCRYPTOPINE	42905	MassBank	PB001448	alpha-Allocryptopine	inchikey	1	TRUE	TRUE	2.85400000166192e-06	0.00713500000415479
574-TRIHYDROXY-3-METHOXYFLAVONE	42906	MassBank	PN000008	Chrysoeriol	inchikey_connectivity_formula_mass	2	FALSE	TRUE	1.38000473270949e-08	3.45001183177374e-05
CPD-7630	42907	MassBank	PB001337	Epicatechin	inchikey	1	TRUE	TRUE	1.81800004384058e-06	0.00454500010960146
CPD-463	42908	MassBank	PB003702	Nicotianamine	inchikey	1	TRUE	TRUE	5.42229997790855e-06	0.0135557499447714
CPD-5741	42909	MassBank	PB005741	Rotenone	inchikey	1	TRUE	TRUE	1.561200008382e-06	0.003903000020955
APIGENIN	42910	MassBank	PB000126	Chalconaringenin	inchikey	1	TRUE	TRUE	3.4957000139002e-06	0.00873925003475051
CPD-20012	42910	MassBank	PB000126	Chalconaringenin	inchikey	1	TRUE	TRUE	3.4957000139002e-06	0.00873925003475051
INDOLE_ACETATE_AUXIN	42912	MassBank	PB000514	Indoleacetic acid	inchikey_connectivity_formula_mass	2	FALSE	TRUE	1.46170000903112e-06	0.0036542500225778
5734-TETRAHYDROXYFLAVONE	42913	MassBank	PB000741	Luteolin	inchikey_connectivity_formula_mass	2	FALSE	TRUE	1.94639994788304e-06	0.00486599986970759
NARINGIN	42914	MassBank	PB005726	Naringin	inchikey	1	TRUE	TRUE	4.26340000103664e-06	0.00734841917614713
CPD-4609	42917	MassBank	PB000628	Kinetin	inchikey	1	TRUE	TRUE	6.30000158707844e-08	0.000157500039676961
cystine	42918	MassBank	PB000447	Cystine	inchikey	1	TRUE	TRUE	1.73600000152874e-06	0.00434000000382184
CPD-463	42920	MassBank	PB003703	Nicotianamine	inchikey	1	TRUE	TRUE	5.42229997790855e-06	0.0135557499447714
BERBERINE	42923	MassBank	PB005921	Berberine	inchikey	1	FALSE	TRUE	1.0078281035	2519.57025875001
INDOLEYL-CPD	42925	MassBank	PB006045	3-Indoleacetonitrile	inchikey	1	TRUE	TRUE	1.73279997284226e-06	0.00433199993210565
CPD-1961	42926	MassBank	PB001332	Catechin	inchikey	1	TRUE	TRUE	1.81800004384058e-06	0.00454500010960146
DAIDZEIN	42928	MassBank	PB002426	Daidzein	inchikey	1	TRUE	TRUE	1.19059998837656e-06	0.0029764999709414
CPDQT-428	42936	MassBank	PB000516	Indole-3-carbinol	inchikey	1	TRUE	TRUE	3.9162000007309e-06	0.00979050000182724
CPD1F-90	42937	MassBank	PB004123	Kaempferol	inchikey_connectivity_formula_mass	2	FALSE	TRUE	1.94639994788304e-06	0.00486599986970759
INDOLE-3-CARBOXALDEHYDE	42938	MassBank	PB000509	Indole-3-carboxaldehyde	inchikey	1	TRUE	TRUE	3.85199999186625e-06	0.00962999997966563
BERBERINE	42939	MassBank	PB001481	Berberine	inchikey	1	FALSE	TRUE	1.0078281035	2519.57025875001
CPD1F-90	42941	MassBank	PB004142	Kaempferol	inchikey_connectivity_formula_mass	2	FALSE	TRUE	1.94639994788304e-06	0.00486599986970759
CPD-83	42942	MassBank	PB006262	Resveratrol	inchikey	1	TRUE	TRUE	4.25150000182839e-06	0.010628750004571
INDOLE_ACETATE_AUXIN	42943	MassBank	PB000511	Indoleacetic acid	inchikey_connectivity_formula_mass	2	FALSE	TRUE	1.46170000903112e-06	0.0036542500225778
NARINGIN	42945	MassBank	PB000804	Naringin	inchikey	1	TRUE	TRUE	4.26340000103664e-06	0.00734841917614713
DOPAMINE	42946	MassBank	PB000479	Dopamine	inchikey_connectivity_formula_mass	2	FALSE	TRUE	1.39750000016647e-06	0.00349375000041618
CPD-520	42948	MassBank	PB002412	Quercetin	inchikey_connectivity_formula_mass	2	FALSE	TRUE	2.67570004552908e-06	0.00668925011382271
BETAINE	42949	MassBank	PB001709	Glycine-Betaine	inchikey	1	TRUE	TRUE	2.0156486667	5039.12166675001
ISOVITEXIN	42950	MassBank	PN000123	Isovitexin	inchikey_connectivity_formula_mass	2	FALSE	TRUE	2.29999841394601e-08	5.32276870400454e-05
CAFFEOYLQUINATE	42951	MassBank	PB005541	Chlorogenic acid	inchikey_connectivity_formula_mass	2	FALSE	TRUE	2.17669997937264e-06	0.00544174994843161
PHLORETIN	42952	MassBank	PB000681	Phloretin	inchikey	1	TRUE	TRUE	3.55989999434314e-06	0.00889974998585785
CPD-5741	42953	MassBank	PB005743	Rotenone	inchikey	1	TRUE	TRUE	1.561200008382e-06	0.003903000020955
TYRAMINE	42954	MassBank	PB000473	Tyramine	inchikey_connectivity_formula_mass	2	FALSE	TRUE	3.98040000959554e-06	0.00995100002398885
CPD-7119	42955	MassBank	PB005727	Xanthohumol	inchikey_connectivity_formula_mass	2	FALSE	TRUE	3.8166999729583e-06	0.00954174993239576
D-THREONINE	42956	MassBank	PB000403	D-Threonine	name_formula_mass	4	TRUE	TRUE	3.16039999859186e-06	0.00790099999647964
BERBERINE	42959	MassBank	PB005914	Berberine	inchikey	1	FALSE	TRUE	1.0078281035	2519.57025875001
APIGENIN	42961	MassBank	PB002408	Chalconaringenin	inchikey	1	TRUE	TRUE	3.4957000139002e-06	0.00873925003475051
CPD-20012	42961	MassBank	PB002408	Chalconaringenin	inchikey	1	TRUE	TRUE	3.4957000139002e-06	0.00873925003475051
5734-TETRAHYDROXYFLAVONE	42964	MassBank	PB000742	Luteolin	inchikey_connectivity_formula_mass	2	FALSE	TRUE	1.94639994788304e-06	0.00486599986970759
CPD-9577	42966	MassBank	PB005789	IAA-Val , Indole-3-acetyl-L-valine	inchikey_connectivity_formula_mass	2	FALSE	TRUE	2.45450002012149e-06	0.00613625005030372
TRP	42968	MassBank	PB006083	L-Tryptophan	inchikey	1	TRUE	TRUE	2.36019999988457e-06	0.00590049999971143
CPD-8007	42969	MassBank	PN000115	Kaempferol 7-glucoside	inchikey_connectivity_formula_mass	2	FALSE	TRUE	2.51000074058538e-08	5.60142288656526e-05
CPD-3642	42971	MassBank	PB000388	D-Valine	name_formula_mass	4	TRUE	TRUE	1.39750000016647e-06	0.00349375000041618
BETAINE_ALDEHYDE	42974	MassBank	PB001501	Betaine aldehyde	inchikey	1	FALSE	TRUE	1.0078240446	2519.5601115
LYS	42975	MassBank	PB000426	Lysine	name_formula_mass	4	FALSE	TRUE	2.29599999101993e-06	0.00573999997754981
BERBERINE	42976	MassBank	PB005913	Berberine	inchikey	1	FALSE	TRUE	1.0078281035	2519.57025875001
CPD-1961	42977	MassBank	PB002430	Catechin	inchikey	1	TRUE	TRUE	1.81800004384058e-06	0.00454500010960146
CPD-83	42979	MassBank	PB000643	Resveratrol	inchikey	1	TRUE	TRUE	4.25150000182839e-06	0.010628750004571
CPD1F-453	42980	MassBank	PN000124	Astragalin	inchikey_connectivity_formula_mass	2	FALSE	TRUE	2.51000074058538e-08	5.60142288656526e-05
NARINGIN	42981	MassBank	PB000801	Naringin	inchikey	1	TRUE	TRUE	4.26340000103664e-06	0.00734841917614713
LUTEOLIN-7-O-BETA-D-GLUCOSIDE	42982	MassBank	PN000060	Luteolin 7-glucoside	inchikey	1	TRUE	TRUE	2.51000074058538e-08	5.60142288656526e-05
RUTIN	42985	MassBank	PB001344	Rutin	inchikey_connectivity_formula_mass	2	FALSE	TRUE	4.91660000534466e-06	0.00805797382574006
NARINGENIN-CMPD	42986	MassBank	PB002403	Naringenin	inchikey	1	TRUE	TRUE	3.4957000139002e-06	0.00873925003475051
TYRAMINE	42988	MassBank	PB006101	Tyramine	inchikey_connectivity_formula_mass	2	FALSE	TRUE	3.98040000959554e-06	0.00995100002398885
ONONIN	42991	MassBank	PB000781	Ononin	inchikey	1	TRUE	TRUE	2.30509999710193e-06	0.00535912255544201
PROTOPINE	42993	MassBank	PB002121	Protopine	inchikey	1	TRUE	TRUE	2.72559998393263e-06	0.00681399995983156
LUTEOLIN-7-O-BETA-D-GLUCOSIDE	42995	MassBank	PN000059	Luteolin 7-glucoside	inchikey	1	TRUE	TRUE	2.51000074058538e-08	5.60142288656526e-05
CPD-520	42999	MassBank	PB000181	Quercetin	inchikey_connectivity_formula_mass	2	FALSE	TRUE	2.67570004552908e-06	0.00668925011382271
BIOCHANIN-A	43003	MassBank	PB000263	Biochanin A	inchikey_connectivity_formula_mass	2	FALSE	TRUE	3.4957000139002e-06	0.00873925003475051
CPD-1961	43005	MassBank	PB002429	Catechin	inchikey	1	TRUE	TRUE	1.81800004384058e-06	0.00454500010960146
CPD-520	43007	MassBank	PB004083	Quercetin	inchikey_connectivity_formula_mass	2	FALSE	TRUE	2.67570004552908e-06	0.00668925011382271
CPD-3642	43008	MassBank	PB000389	D-Valine	name_formula_mass	4	TRUE	TRUE	1.39750000016647e-06	0.00349375000041618
NARINGIN	43010	MassBank	PB000802	Naringin	inchikey	1	TRUE	TRUE	4.26340000103664e-06	0.00734841917614713
D-THREONINE	43012	MassBank	PB000406	D-Threonine	name_formula_mass	4	TRUE	TRUE	3.16039999859186e-06	0.00790099999647964
CPD-3141	43013	MassBank	PB005715	Genistein	inchikey_connectivity_formula_mass	2	FALSE	TRUE	3.43149997661385e-06	0.00857874994153462
CPD-83	43015	MassBank	PB006263	Resveratrol	inchikey	1	TRUE	TRUE	4.25150000182839e-06	0.010628750004571
CPD-4609	43017	MassBank	PB005861	Kinetin	inchikey	1	TRUE	TRUE	6.30000158707844e-08	0.000157500039676961
L-ASPARTATE	43018	MassBank	PB000453	Aspartic acid	name_formula_mass	4	FALSE	TRUE	2.28170000582395e-06	0.00570425001455988
cystine	43019	MassBank	PB000444	Cystine	inchikey	1	TRUE	TRUE	1.73600000152874e-06	0.00434000000382184
NARINGENIN-CMPD	43020	MassBank	PB002402	Naringenin	inchikey	1	TRUE	TRUE	3.4957000139002e-06	0.00873925003475051
BIOCHANIN-A	43022	MassBank	PN000109	Biochanin A	inchikey_connectivity_formula_mass	2	FALSE	TRUE	1.17000240607013e-08	2.92500601517531e-05
CPD1F-90	43024	MassBank	PB005705	Kaempferol	inchikey_connectivity_formula_mass	2	FALSE	TRUE	1.94639994788304e-06	0.00486599986970759
CPD-884	43027	MassBank	PB000472	Aminocaproic acid	inchikey	1	TRUE	TRUE	1.33329999130183e-06	0.00333324997825457
CPDQT-428	43028	MassBank	PB000515	Indole-3-carbinol	inchikey	1	TRUE	TRUE	3.9162000007309e-06	0.00979050000182724
LEU	43029	MassBank	PB000394	Leucine	name_formula_mass	4	TRUE	TRUE	1.33329999130183e-06	0.00333324997825457
NARINGIN	43032	MassBank	PB005723	Naringin	inchikey	1	TRUE	TRUE	4.26340000103664e-06	0.00734841917614713
INDOLE_ACETATE_AUXIN	43033	MassBank	PB000510	Indoleacetic acid	inchikey_connectivity_formula_mass	2	FALSE	TRUE	1.46170000903112e-06	0.0036542500225778
INDOLEYL-CPD	43035	MassBank	PB006044	3-Indoleacetonitrile	inchikey	1	TRUE	TRUE	1.73279997284226e-06	0.00433199993210565
CPD-7630	43036	MassBank	PB006302	Epicatechin	inchikey	1	TRUE	TRUE	1.81800004384058e-06	0.00454500010960146
GLT	43039	MassBank	PB000461	DL-Glutamate	name_formula_mass	4	FALSE	TRUE	2.2174999969593e-06	0.00554374999239826
BIOCHANIN-A	43043	MassBank	PB005709	Biochanin A	inchikey_connectivity_formula_mass	2	FALSE	TRUE	3.4957000139002e-06	0.00873925003475051
ADENOSINE	43044	MassBank	PB006010	Adenosine	inchikey	1	TRUE	TRUE	3.93170000734244e-06	0.00982925001835611
SEROTONIN	43045	MassBank	PB001418	Serotonin	inchikey_connectivity_formula_mass	2	FALSE	TRUE	3.01770000987744e-06	0.00754425002469361
CPD-13135	43046	MassBank	PB005785	Indole-3-carboxylic acid	inchikey_connectivity_formula_mass	2	FALSE	TRUE	1.52590001789576e-06	0.00381475004473941
CPD1F-90	43049	MassBank	PN000002	Kaempferol	inchikey_connectivity_formula_mass	2	FALSE	TRUE	1.36000153361238e-08	3.40000383403094e-05
CPD-431	43050	MassBank	PN000009	Apigenin	inchikey_connectivity_formula_mass	2	FALSE	TRUE	1.14999920697301e-08	2.87499801743252e-05
5-METHOXYFURANOCOUMARIN	43054	MassBank	PB006143	Bergapten	inchikey	1	TRUE	TRUE	1.25479999724121e-06	0.00313699999310302
CPD-14817	43055	MassBank	PB005909	Emetine	inchikey_connectivity_formula_mass	2	FALSE	TRUE	2.21720000581627e-06	0.00461629296156597
CPD-520	43056	MassBank	PB004102	Quercetin	inchikey_connectivity_formula_mass	2	FALSE	TRUE	2.67570004552908e-06	0.00668925011382271
CPD-13135	43061	MassBank	PB000615	Indole-3-carboxylic acid	inchikey_connectivity_formula_mass	2	FALSE	TRUE	1.52590001789576e-06	0.00381475004473941
CPD-14834	43062	MassBank	PB005906	(-)-alpha-Narcotine	inchikey	1	TRUE	TRUE	2.09820001373373e-06	0.00507857425497329
BIOCHANIN-A	43064	MassBank	PN000108	Biochanin A	inchikey_connectivity_formula_mass	2	FALSE	TRUE	1.17000240607013e-08	2.92500601517531e-05
SANGUINARINE	43067	MassBank	PB002201	Sanguinarine	inchikey	1	FALSE	TRUE	1.00782797509999	2519.56993774996
CODEINE	43069	MassBank	PB001606	Codeine	inchikey_connectivity_formula_mass	2	FALSE	TRUE	3.54560000914717e-06	0.00886400002286791
PROTOPINE	43074	MassBank	PB002122	Protopine	inchikey	1	TRUE	TRUE	2.72559998393263e-06	0.00681399995983156
CPD-9577	43076	MassBank	PB005790	IAA-Val , Indole-3-acetyl-L-valine	inchikey_connectivity_formula_mass	2	FALSE	TRUE	2.45450002012149e-06	0.00613625005030372
CPD-520	43077	MassBank	PB002411	Quercetin	inchikey_connectivity_formula_mass	2	FALSE	TRUE	2.67570004552908e-06	0.00668925011382271
BETAINE	43078	MassBank	PB001708	Glycine-Betaine	inchikey	1	TRUE	TRUE	2.0156486667	5039.12166675001
SCOPOLETIN	43080	MassBank	PB002204	Scopoletin	inchikey	1	TRUE	TRUE	1.25479999724121e-06	0.00313699999310302
TRP	43085	MassBank	PB006082	L-Tryptophan	inchikey	1	TRUE	TRUE	2.36019999988457e-06	0.00590049999971143
SCOPOLETIN	43086	MassBank	PB002203	Scopoletin	inchikey	1	TRUE	TRUE	1.25479999724121e-06	0.00313699999310302
CPD1F-90	43087	MassBank	PB000165	Kaempferol	inchikey_connectivity_formula_mass	2	FALSE	TRUE	1.94639994788304e-06	0.00486599986970759
ACETYLCHOLINE	43088	MassBank	PB000347	Acetylcholine	inchikey	1	FALSE	TRUE	1.00782879510001	2519.57198775003
CPD-884	43090	MassBank	PB000471	Aminocaproic acid	inchikey	1	TRUE	TRUE	1.33329999130183e-06	0.00333324997825457
CPD-14817	43091	MassBank	PB005911	Emetine	inchikey_connectivity_formula_mass	2	FALSE	TRUE	2.21720000581627e-06	0.00461629296156597
CPD-7119	43092	MassBank	PB004942	Xanthohumol	inchikey_connectivity_formula_mass	2	FALSE	TRUE	3.8166999729583e-06	0.00954174993239576
THIAZOL-YL-INDOLE	43093	MassBank	PB000524	Camalexin	inchikey	1	TRUE	TRUE	1.04279996548939e-06	0.00260699991372348
CPD-520	43094	MassBank	PB006205	Quercetin	inchikey_connectivity_formula_mass	2	FALSE	TRUE	2.67570004552908e-06	0.00668925011382271
CPD-520	43095	MassBank	PB000201	Quercetin	inchikey_connectivity_formula_mass	2	FALSE	TRUE	2.67570004552908e-06	0.00668925011382271
ONONIN	43096	MassBank	PB000745	Ononin	inchikey	1	TRUE	TRUE	2.30509999710193e-06	0.00535912255544201
VITEXIN	43097	MassBank	PN000127	Vitexin 6''-O-malonyl 2''-O-xyloside	inchikey_connectivity_formula_mass	2	FALSE	TRUE	2.29999841394601e-08	5.32276870400454e-05
NARINGENIN-CMPD	43098	MassBank	PN000003	Naringenin	inchikey	1	TRUE	TRUE	1.17000240607013e-08	2.92500601517531e-05
LEU	43100	MassBank	PB000393	Leucine	name_formula_mass	4	TRUE	TRUE	1.33329999130183e-06	0.00333324997825457
TYRAMINE	43103	MassBank	PB006085	Tyramine	inchikey_connectivity_formula_mass	2	FALSE	TRUE	3.98040000959554e-06	0.00995100002398885
1-3-7-TRIMETHYLXANTHINE	43105	MassBank	PB003781	Caffeine	inchikey	1	TRUE	TRUE	4.41399998862835e-06	0.0110349999715709
Serines	43110	MassBank	PB000402	Serine	inchikey	1	TRUE	TRUE	3.09619998972721e-06	0.00774049997431803
CPD-1961	43113	MassBank	PB001331	Catechin	inchikey	1	TRUE	TRUE	1.81800004384058e-06	0.00454500010960146
CPD-13135	43116	MassBank	PB000616	Indole-3-carboxylic acid	inchikey_connectivity_formula_mass	2	FALSE	TRUE	1.52590001789576e-06	0.00381475004473941
TYRAMINE	43117	MassBank	PB000477	Tyramine	inchikey_connectivity_formula_mass	2	FALSE	TRUE	3.98040000959554e-06	0.00995100002398885
CPD-83	43119	MassBank	PB006261	Resveratrol	inchikey	1	TRUE	TRUE	4.25150000182839e-06	0.010628750004571
CPD-7119	43120	MassBank	PB004923	Xanthohumol	inchikey_connectivity_formula_mass	2	FALSE	TRUE	3.8166999729583e-06	0.00954174993239576
NARINGENIN-CMPD	43125	MassBank	PB002404	Naringenin	inchikey	1	TRUE	TRUE	3.4957000139002e-06	0.00873925003475051
CPD-9847	43126	MassBank	PB005841	Cinchonine	name_formula_mass	4	FALSE	TRUE	3.33870002577896e-06	0.00834675006444741
CPD-7630	43127	MassBank	PB001340	Epicatechin	inchikey	1	TRUE	TRUE	1.81800004384058e-06	0.00454500010960146
Serines	43128	MassBank	PB000400	Serine	inchikey	1	TRUE	TRUE	3.09619998972721e-06	0.00774049997431803
CPD-3141	43129	MassBank	PB005714	Genistein	inchikey_connectivity_formula_mass	2	FALSE	TRUE	3.43149997661385e-06	0.00857874994153462
CPD-13042	43130	MassBank	PB006163	Methoxsalen	inchikey	1	TRUE	TRUE	1.25479999724121e-06	0.00313699999310302
GLT	43131	MassBank	PB000462	DL-Glutamate	name_formula_mass	4	FALSE	TRUE	2.2174999969593e-06	0.00554374999239826
CAFFEOYLQUINATE	43133	MassBank	PB006181	Chlorogenic acid	inchikey_connectivity_formula_mass	2	FALSE	TRUE	2.17669997937264e-06	0.00544174994843161
D-THREONINE	43136	MassBank	PB000405	D-Threonine	name_formula_mass	4	TRUE	TRUE	3.16039999859186e-06	0.00790099999647964
LYS	43137	MassBank	PB000427	Lysine	name_formula_mass	4	FALSE	TRUE	2.29599999101993e-06	0.00573999997754981
CPD-14817	43142	MassBank	PB005912	Emetine	inchikey_connectivity_formula_mass	2	FALSE	TRUE	2.21720000581627e-06	0.00461629296156597
CPD-12447	43143	MassBank	PB006208	Phlorizin	inchikey_connectivity_formula_mass	2	FALSE	TRUE	3.00860000379544e-06	0.00689829198041954
GLT	43144	MassBank	PB000464	DL-Glutamate	name_formula_mass	4	FALSE	TRUE	2.2174999969593e-06	0.00554374999239826
PHE	43145	MassBank	PB006065	L-Phenylalanine	inchikey	1	TRUE	TRUE	1.39750000016647e-06	0.00349375000041618
APIGENIN	43147	MassBank	PB000128	Chalconaringenin	inchikey	1	TRUE	TRUE	3.4957000139002e-06	0.00873925003475051
CPD-20012	43147	MassBank	PB000128	Chalconaringenin	inchikey	1	TRUE	TRUE	3.4957000139002e-06	0.00873925003475051
LEU	43149	MassBank	PB000392	Leucine	name_formula_mass	4	TRUE	TRUE	1.33329999130183e-06	0.00333324997825457
Serines	43150	MassBank	PB000399	Serine	inchikey	1	TRUE	TRUE	3.09619998972721e-06	0.00774049997431803
NARINGIN	43151	MassBank	PB000785	Naringin	inchikey	1	TRUE	TRUE	4.26340000103664e-06	0.00734841917614713
O-SINAPOYLCHOLINE	43152	MassBank	PB006008	Sinapine	inchikey	1	FALSE	TRUE	1.00782291819996	2519.55729549991
DAIDZEIN	43153	MassBank	PB000861	Daidzein	inchikey	1	TRUE	TRUE	1.19059998837656e-06	0.0029764999709414
CPD-3642	43155	MassBank	PB000390	D-Valine	name_formula_mass	4	TRUE	TRUE	1.39750000016647e-06	0.00349375000041618
CPD-3141	43158	MassBank	PB000884	Genistein	inchikey_connectivity_formula_mass	2	FALSE	TRUE	3.43149997661385e-06	0.00857874994153462
CAFFEOYLQUINATE	43159	MassBank	PB006182	Chlorogenic acid	inchikey_connectivity_formula_mass	2	FALSE	TRUE	2.17669997937264e-06	0.00544174994843161
TYRAMINE	43160	MassBank	PB000474	Tyramine	inchikey_connectivity_formula_mass	2	FALSE	TRUE	3.98040000959554e-06	0.00995100002398885
RUTIN	43163	MassBank	PB006202	Rutin	inchikey_connectivity_formula_mass	2	FALSE	TRUE	4.91660000534466e-06	0.00805797382574006
INDOLE-3-CARBOXALDEHYDE	43164	MassBank	PB000508	Indole-3-carboxaldehyde	inchikey	1	TRUE	TRUE	3.85199999186625e-06	0.00962999997966563
O-SINAPOYLCHOLINE	43165	MassBank	PB006007	Sinapine	inchikey	1	FALSE	TRUE	1.00782291819996	2519.55729549991
5734-TETRAHYDROXYFLAVONE	43166	MassBank	PN000112	Luteolin	inchikey_connectivity_formula_mass	2	FALSE	TRUE	1.36000153361238e-08	3.40000383403094e-05
CPD-520	43169	MassBank	PN000111	Quercetin	inchikey_connectivity_formula_mass	2	FALSE	TRUE	1.57000386025175e-08	3.92500965062936e-05
CPD-3141	43171	MassBank	PB005712	Genistein	inchikey_connectivity_formula_mass	2	FALSE	TRUE	3.43149997661385e-06	0.00857874994153462
DAIDZEIN	43172	MassBank	PB002427	Daidzein	inchikey	1	TRUE	TRUE	1.19059998837656e-06	0.0029764999709414
CPD-14817	43176	MassBank	PB005910	Emetine	inchikey_connectivity_formula_mass	2	FALSE	TRUE	2.21720000581627e-06	0.00461629296156597
RUTIN	43178	MassBank	PB006203	Rutin	inchikey_connectivity_formula_mass	2	FALSE	TRUE	4.91660000534466e-06	0.00805797382574006
CPD1F-90	43183	MassBank	PB004121	Kaempferol	inchikey_connectivity_formula_mass	2	FALSE	TRUE	1.94639994788304e-06	0.00486599986970759
NARINGENIN-CMPD	43184	MassBank	PB002401	Naringenin	inchikey	1	TRUE	TRUE	3.4957000139002e-06	0.00873925003475051
ADENOSINE	43187	MassBank	PB006011	Adenosine	inchikey	1	TRUE	TRUE	3.93170000734244e-06	0.00982925001835611
NARINGENIN-CMPD	43188	MassBank	PB000122	Naringenin	inchikey	1	TRUE	TRUE	3.4957000139002e-06	0.00873925003475051
INDOLE-3-CARBOXALDEHYDE	43189	MassBank	PB000507	Indole-3-carboxaldehyde	inchikey	1	TRUE	TRUE	3.85199999186625e-06	0.00962999997966563
NARINGENIN-CMPD	43190	MassBank	PB000123	Naringenin	inchikey	1	TRUE	TRUE	3.4957000139002e-06	0.00873925003475051
RUTIN	43192	MassBank	PB001341	Rutin	inchikey_connectivity_formula_mass	2	FALSE	TRUE	4.91660000534466e-06	0.00805797382574006
CPD-520	43195	MassBank	PB000221	Quercetin	inchikey_connectivity_formula_mass	2	FALSE	TRUE	2.67570004552908e-06	0.00668925011382271
CPD-83	43197	MassBank	PB002422	Resveratrol	inchikey	1	TRUE	TRUE	4.25150000182839e-06	0.010628750004571
BERBERINE	43199	MassBank	PB005922	Berberine	inchikey	1	FALSE	TRUE	1.0078281035	2519.57025875001
ONONIN	43200	MassBank	PB000782	Ononin	inchikey	1	TRUE	TRUE	2.30509999710193e-06	0.00535912255544201
CPD1F-90	43202	MassBank	PB004122	Kaempferol	inchikey_connectivity_formula_mass	2	FALSE	TRUE	1.94639994788304e-06	0.00486599986970759
CPD-83	43207	MassBank	PB002421	Resveratrol	inchikey	1	TRUE	TRUE	4.25150000182839e-06	0.010628750004571
CPD-520	43208	MassBank	PB004101	Quercetin	inchikey_connectivity_formula_mass	2	FALSE	TRUE	2.67570004552908e-06	0.00668925011382271
CPD-520	43210	MassBank	PB002410	Quercetin	inchikey_connectivity_formula_mass	2	FALSE	TRUE	2.67570004552908e-06	0.00668925011382271
CPD-7119	43211	MassBank	PB004922	Xanthohumol	inchikey_connectivity_formula_mass	2	FALSE	TRUE	3.8166999729583e-06	0.00954174993239576
CPD-7630	43214	MassBank	PB001339	Epicatechin	inchikey	1	TRUE	TRUE	1.81800004384058e-06	0.00454500010960146
CPD-13135	43215	MassBank	PB000617	Indole-3-carboxylic acid	inchikey_connectivity_formula_mass	2	FALSE	TRUE	1.52590001789576e-06	0.00381475004473941
CPD-7630	43216	MassBank	PB001338	Epicatechin	inchikey	1	TRUE	TRUE	1.81800004384058e-06	0.00454500010960146
CPD-83	43218	MassBank	PB002424	Resveratrol	inchikey	1	TRUE	TRUE	4.25150000182839e-06	0.010628750004571
cystine	43221	MassBank	PB000446	Cystine	inchikey	1	TRUE	TRUE	1.73600000152874e-06	0.00434000000382184
CPD1F-90	43222	MassBank	PB000167	Kaempferol	inchikey_connectivity_formula_mass	2	FALSE	TRUE	1.94639994788304e-06	0.00486599986970759
CPD-14834	43226	MassBank	PB002021	(-)-alpha-Narcotine	inchikey	1	TRUE	TRUE	2.09820001373373e-06	0.00507857425497329
DAIDZEIN	43228	MassBank	PB002425	Daidzein	inchikey	1	TRUE	TRUE	1.19059998837656e-06	0.0029764999709414
CPD-7630	43229	MassBank	PB006281	Epicatechin	inchikey	1	TRUE	TRUE	1.81800004384058e-06	0.00454500010960146
5-METHOXYFURANOCOUMARIN	43231	MassBank	PB006145	Bergapten	inchikey	1	TRUE	TRUE	1.25479999724121e-06	0.00313699999310302
O-SINAPOYLCHOLINE	43232	MassBank	PB006005	Sinapine	inchikey	1	FALSE	TRUE	1.00782291819996	2519.55729549991
CPD-7119	43235	MassBank	PB004943	Xanthohumol	inchikey_connectivity_formula_mass	2	FALSE	TRUE	3.8166999729583e-06	0.00954174993239576
ALLOCRYPTOPINE	43237	MassBank	PB001449	alpha-Allocryptopine	inchikey	1	TRUE	TRUE	2.85400000166192e-06	0.00713500000415479
CPD-9577	43240	MassBank	PB000551	Indole-3-acetyl-L-valine	inchikey_connectivity_formula_mass	2	FALSE	TRUE	2.45450002012149e-06	0.00613625005030372
BIOCHANIN-A	43242	MassBank	PB000262	Biochanin A	inchikey_connectivity_formula_mass	2	FALSE	TRUE	3.4957000139002e-06	0.00873925003475051
FORMONONETIN	43247	MassBank	PB000902	Formononetin	inchikey	1	TRUE	TRUE	1.12639997951192e-06	0.00281599994877979
CPD-1961	43252	MassBank	PB001329	Catechin	inchikey	1	TRUE	TRUE	1.81800004384058e-06	0.00454500010960146
APIGENIN	43253	MassBank	PB002406	Chalconaringenin	inchikey	1	TRUE	TRUE	3.4957000139002e-06	0.00873925003475051
CPD-20012	43253	MassBank	PB002406	Chalconaringenin	inchikey	1	TRUE	TRUE	3.4957000139002e-06	0.00873925003475051
CPD-3141	43254	MassBank	PB000881	Genistein	inchikey_connectivity_formula_mass	2	FALSE	TRUE	3.43149997661385e-06	0.00857874994153462
CPD1F-90	43255	MassBank	PB005704	Kaempferol	inchikey_connectivity_formula_mass	2	FALSE	TRUE	1.94639994788304e-06	0.00486599986970759
CPD-7119	43257	MassBank	PB005728	Xanthohumol	inchikey_connectivity_formula_mass	2	FALSE	TRUE	3.8166999729583e-06	0.00954174993239576
CPD-13135	43258	MassBank	PB000618	Indole-3-carboxylic acid	inchikey_connectivity_formula_mass	2	FALSE	TRUE	1.52590001789576e-06	0.00381475004473941
CPD-5741	43259	MassBank	PB005742	Rotenone	inchikey	1	TRUE	TRUE	1.561200008382e-06	0.003903000020955
CPD-9847	43260	MassBank	PB005844	Cinchonine	name_formula_mass	4	FALSE	TRUE	3.33870002577896e-06	0.00834675006444741
BIOCHANIN-A	43261	MassBank	PB005708	Biochanin A	inchikey_connectivity_formula_mass	2	FALSE	TRUE	3.4957000139002e-06	0.00873925003475051
CPD-4609	43262	MassBank	PB005862	Kinetin	inchikey	1	TRUE	TRUE	6.30000158707844e-08	0.000157500039676961
CPD-4609	43264	MassBank	PB005863	Kinetin	inchikey	1	TRUE	TRUE	6.30000158707844e-08	0.000157500039676961
CHOLINE	43265	MassBank	PB001603	Choline	inchikey	1	FALSE	TRUE	1.00782410879999	2519.56027199999
CPD1F-90	43267	MassBank	PB005706	Kaempferol	inchikey_connectivity_formula_mass	2	FALSE	TRUE	1.94639994788304e-06	0.00486599986970759
CPD-520	43270	MassBank	PB000202	Quercetin	inchikey_connectivity_formula_mass	2	FALSE	TRUE	2.67570004552908e-06	0.00668925011382271
THIAZOL-YL-INDOLE	43273	MassBank	PB000526	Camalexin	inchikey	1	TRUE	TRUE	1.04279996548939e-06	0.00260699991372348
RUTIN	43274	MassBank	PB006201	Rutin	inchikey_connectivity_formula_mass	2	FALSE	TRUE	4.91660000534466e-06	0.00805797382574006
NARINGIN	43276	MassBank	PB000784	Naringin	inchikey	1	TRUE	TRUE	4.26340000103664e-06	0.00734841917614713
CPD-1961	43277	MassBank	PB002432	Catechin	inchikey	1	TRUE	TRUE	1.81800004384058e-06	0.00454500010960146
NARINGIN	43278	MassBank	PB005725	Naringin	inchikey	1	TRUE	TRUE	4.26340000103664e-06	0.00734841917614713
CPD-520	43281	MassBank	PN000110	Quercetin	inchikey_connectivity_formula_mass	2	FALSE	TRUE	1.57000386025175e-08	3.92500965062936e-05
DAIDZEIN	43283	MassBank	PB000821	Daidzein	inchikey	1	TRUE	TRUE	1.19059998837656e-06	0.0029764999709414
CPD-13135	43285	MassBank	PB005787	Indole-3-carboxylic acid	inchikey_connectivity_formula_mass	2	FALSE	TRUE	1.52590001789576e-06	0.00381475004473941
PHE	43287	MassBank	PB000409	L-Phenylalanine	inchikey	1	TRUE	TRUE	1.39750000016647e-06	0.00349375000041618
LYS	43288	MassBank	PB000430	Lysine	name_formula_mass	4	FALSE	TRUE	2.29599999101993e-06	0.00573999997754981
CPD-83	43295	MassBank	PB003661	Resveratrol	inchikey	1	TRUE	TRUE	4.25150000182839e-06	0.010628750004571
CPD-1961	43296	MassBank	PB001330	Catechin	inchikey	1	TRUE	TRUE	1.81800004384058e-06	0.00454500010960146
APIGENIN	43297	MassBank	PB000127	Chalconaringenin	inchikey	1	TRUE	TRUE	3.4957000139002e-06	0.00873925003475051
CPD-20012	43297	MassBank	PB000127	Chalconaringenin	inchikey	1	TRUE	TRUE	3.4957000139002e-06	0.00873925003475051
CPD-9847	43298	MassBank	PB005842	Cinchonine	name_formula_mass	4	FALSE	TRUE	3.33870002577896e-06	0.00834675006444741
LYS	43300	MassBank	PB000428	Lysine	name_formula_mass	4	FALSE	TRUE	2.29599999101993e-06	0.00573999997754981
TYRAMINE	43301	MassBank	PB000475	Tyramine	inchikey_connectivity_formula_mass	2	FALSE	TRUE	3.98040000959554e-06	0.00995100002398885
APIGENIN	43303	MassBank	PB002405	Chalconaringenin	inchikey	1	TRUE	TRUE	3.4957000139002e-06	0.00873925003475051
CPD-20012	43303	MassBank	PB002405	Chalconaringenin	inchikey	1	TRUE	TRUE	3.4957000139002e-06	0.00873925003475051
APIGENIN-7-O-BETA-D-GLUCOSIDE	43304	MassBank	PN000066	Cosmosiin	inchikey_connectivity_formula_mass	2	FALSE	TRUE	3.13700002152473e-06	0.0072597987188983
CPD-9847	43308	MassBank	PB005843	Cinchonine	name_formula_mass	4	FALSE	TRUE	3.33870002577896e-06	0.00834675006444741
CPD-9577	43309	MassBank	PB000554	Indole-3-acetyl-L-valine	inchikey_connectivity_formula_mass	2	FALSE	TRUE	2.45450002012149e-06	0.00613625005030372
TYRAMINE	43310	MassBank	PB000476	Tyramine	inchikey_connectivity_formula_mass	2	FALSE	TRUE	3.98040000959554e-06	0.00995100002398885
PHE	43312	MassBank	PB000408	L-Phenylalanine	inchikey	1	TRUE	TRUE	1.39750000016647e-06	0.00349375000041618
BIOCHANIN-A	43316	MassBank	PB000261	Biochanin A	inchikey_connectivity_formula_mass	2	FALSE	TRUE	3.4957000139002e-06	0.00873925003475051
DOPAMINE	43317	MassBank	PB000480	Dopamine	inchikey_connectivity_formula_mass	2	FALSE	TRUE	1.39750000016647e-06	0.00349375000041618
L-ASPARTATE	43323	MassBank	PB000455	Aspartic acid	name_formula_mass	4	FALSE	TRUE	2.28170000582395e-06	0.00570425001455988
DOPAMINE	43324	MassBank	PB000478	Dopamine	inchikey_connectivity_formula_mass	2	FALSE	TRUE	1.39750000016647e-06	0.00349375000041618
CPD-7119	43325	MassBank	PB004941	Xanthohumol	inchikey_connectivity_formula_mass	2	FALSE	TRUE	3.8166999729583e-06	0.00954174993239576
CPD-520	43327	MassBank	PB002409	Quercetin	inchikey_connectivity_formula_mass	2	FALSE	TRUE	2.67570004552908e-06	0.00668925011382271
GLN	43328	MassBank	PB000468	Glutamine	name_formula_mass	4	TRUE	TRUE	2.1976999846629e-06	0.00549424996165726
CPD-14834	43331	MassBank	PB005905	(-)-alpha-Narcotine	inchikey	1	TRUE	TRUE	2.09820001373373e-06	0.00507857425497329
5-METHOXYFURANOCOUMARIN	43332	MassBank	PB006144	Bergapten	inchikey	1	TRUE	TRUE	1.25479999724121e-06	0.00313699999310302
CPD-8007	43333	MassBank	PN000114	Kaempferol 7-glucoside	inchikey_connectivity_formula_mass	2	FALSE	TRUE	2.51000074058538e-08	5.60142288656526e-05
CPD-520	43336	MassBank	PB004085	Quercetin	inchikey_connectivity_formula_mass	2	FALSE	TRUE	2.67570004552908e-06	0.00668925011382271
CPD-884	43338	MassBank	PB000469	Aminocaproic acid	inchikey	1	TRUE	TRUE	1.33329999130183e-06	0.00333324997825457
BIOCHANIN-A	43339	MassBank	PB005711	Biochanin A	inchikey_connectivity_formula_mass	2	FALSE	TRUE	3.4957000139002e-06	0.00873925003475051
CPD-3141	43340	MassBank	PN000050	Genistein	inchikey_connectivity_formula_mass	2	FALSE	TRUE	1.14999920697301e-08	2.87499801743252e-05
INDOLEYL-CPD	43341	MassBank	PB006046	3-Indoleacetonitrile	inchikey	1	TRUE	TRUE	1.73279997284226e-06	0.00433199993210565
CPD-6641	43344	MassBank	PN000006	2'-Hydroxygenistein	inchikey_connectivity_formula_mass	2	FALSE	TRUE	1.36000153361238e-08	3.40000383403094e-05
SEROTONIN	43346	MassBank	PB001419	Serotonin	inchikey_connectivity_formula_mass	2	FALSE	TRUE	3.01770000987744e-06	0.00754425002469361
DAIDZEIN	43347	MassBank	PB000842	Daidzein	inchikey	1	TRUE	TRUE	1.19059998837656e-06	0.0029764999709414
CPD-3141	43349	MassBank	PB005713	Genistein	inchikey_connectivity_formula_mass	2	FALSE	TRUE	3.43149997661385e-06	0.00857874994153462
BIOCHANIN-A	43351	MassBank	PB005707	Biochanin A	inchikey_connectivity_formula_mass	2	FALSE	TRUE	3.4957000139002e-06	0.00873925003475051
CPD-83	43354	MassBank	PB000642	Resveratrol	inchikey	1	TRUE	TRUE	4.25150000182839e-06	0.010628750004571
5734-TETRAHYDROXYFLAVONE	43358	MassBank	PB000744	Luteolin	inchikey_connectivity_formula_mass	2	FALSE	TRUE	1.94639994788304e-06	0.00486599986970759
cystine	43363	MassBank	PB000448	Cystine	inchikey	1	TRUE	TRUE	1.73600000152874e-06	0.00434000000382184
CPD-83	43365	MassBank	PB000641	Resveratrol	inchikey	1	TRUE	TRUE	4.25150000182839e-06	0.010628750004571
CPD-9577	43368	MassBank	PB005788	IAA-Val , Indole-3-acetyl-L-valine	inchikey_connectivity_formula_mass	2	FALSE	TRUE	2.45450002012149e-06	0.00613625005030372
LYS	43371	MassBank	PB000429	Lysine	name_formula_mass	4	FALSE	TRUE	2.29599999101993e-06	0.00573999997754981
CPD-7119	43372	MassBank	PB004921	Xanthohumol	inchikey_connectivity_formula_mass	2	FALSE	TRUE	3.8166999729583e-06	0.00954174993239576
DOPAMINE	43373	MassBank	PB000482	Dopamine	inchikey_connectivity_formula_mass	2	FALSE	TRUE	1.39750000016647e-06	0.00349375000041618
CPD-83	43374	MassBank	PB000661	Resveratrol	inchikey	1	TRUE	TRUE	4.25150000182839e-06	0.010628750004571
CPD-884	43377	MassBank	PB000470	Aminocaproic acid	inchikey	1	TRUE	TRUE	1.33329999130183e-06	0.00333324997825457
PHE	43378	MassBank	PB006064	L-Phenylalanine	inchikey	1	TRUE	TRUE	1.39750000016647e-06	0.00349375000041618
DOPAMINE	43381	MassBank	PB000481	Dopamine	inchikey_connectivity_formula_mass	2	FALSE	TRUE	1.39750000016647e-06	0.00349375000041618
NARINGENIN-CMPD	43382	MassBank	PN000004	Naringenin	inchikey	1	TRUE	TRUE	1.17000240607013e-08	2.92500601517531e-05
SEROTONIN	43383	MassBank	PB001417	Serotonin	inchikey_connectivity_formula_mass	2	FALSE	TRUE	3.01770000987744e-06	0.00754425002469361
PHE	43384	MassBank	PB000407	L-Phenylalanine	inchikey	1	TRUE	TRUE	1.39750000016647e-06	0.00349375000041618
CPD-3141	43392	MassBank	PB000882	Genistein	inchikey_connectivity_formula_mass	2	FALSE	TRUE	3.43149997661385e-06	0.00857874994153462
CPDQT-428	43393	MassBank	PB000517	Indole-3-carbinol	inchikey	1	TRUE	TRUE	3.9162000007309e-06	0.00979050000182724
SANGUINARINE	43395	MassBank	PB002202	Sanguinarine	inchikey	1	FALSE	TRUE	1.00782797509999	2519.56993774996
THIAZOL-YL-INDOLE	43396	MassBank	PB000525	Camalexin	inchikey	1	TRUE	TRUE	1.04279996548939e-06	0.00260699991372348
DAIDZEIN	43402	MassBank	PB000841	Daidzein	inchikey	1	TRUE	TRUE	1.19059998837656e-06	0.0029764999709414
CPD-4609	43403	MassBank	PB000627	Kinetin	inchikey	1	TRUE	TRUE	6.30000158707844e-08	0.000157500039676961
TYRAMINE	43410	MassBank	PB006102	Tyramine	inchikey_connectivity_formula_mass	2	FALSE	TRUE	3.98040000959554e-06	0.00995100002398885
CPD-6641	43411	MassBank	PN000005	2'-Hydroxygenistein	inchikey_connectivity_formula_mass	2	FALSE	TRUE	1.36000721795426e-08	3.40001804488566e-05
NARINGENIN-CMPD	43412	MassBank	PB000125	Naringenin	inchikey	1	TRUE	TRUE	3.4957000139002e-06	0.00873925003475051
NARINGIN	43413	MassBank	PB000783	Naringin	inchikey	1	TRUE	TRUE	4.26340000103664e-06	0.00734841917614713
CPD-7119	43416	MassBank	PB005729	Xanthohumol	inchikey_connectivity_formula_mass	2	FALSE	TRUE	3.8166999729583e-06	0.00954174993239576
CPD-4609	43417	MassBank	PB000630	Kinetin	inchikey	1	TRUE	TRUE	6.30000158707844e-08	0.000157500039676961
PHLORETIN	43419	MassBank	PB000701	Phloretin	inchikey	1	TRUE	TRUE	3.55989999434314e-06	0.00889974998585785
INDOLE_ACETATE_AUXIN	43423	MassBank	PB000513	Indoleacetic acid	inchikey_connectivity_formula_mass	2	FALSE	TRUE	1.46170000903112e-06	0.0036542500225778
CPD-463	43426	MassBank	PB003701	Nicotianamine	inchikey	1	TRUE	TRUE	5.42229997790855e-06	0.0135557499447714
O-SINAPOYLCHOLINE	43427	MassBank	PB000386	Sinapine	inchikey	1	FALSE	TRUE	1.00782291819996	2519.55729549991
CPD-3141	43428	MassBank	PB000885	Genistein	inchikey_connectivity_formula_mass	2	FALSE	TRUE	3.43149997661385e-06	0.00857874994153462
BERBERINE	43429	MassBank	PB001482	Berberine	inchikey	1	FALSE	TRUE	1.0078281035	2519.57025875001
GLN	43431	MassBank	PB000465	Glutamine	name_formula_mass	4	TRUE	TRUE	2.1976999846629e-06	0.00549424996165726
ADENOSINE	43433	MassBank	PB006009	Adenosine	inchikey	1	TRUE	TRUE	3.93170000734244e-06	0.00982925001835611
CPD-3141	43434	MassBank	PB005721	Genistein	inchikey_connectivity_formula_mass	2	FALSE	TRUE	3.43149997661385e-06	0.00857874994153462
CPD-463	43435	MassBank	PB003681	Nicotianamine	inchikey	1	TRUE	TRUE	5.42229997790855e-06	0.0135557499447714
Vernolates	43439	MassBank	IA000056	12,13-EpOME	inchikey_connectivity_formula_mass	2	FALSE	TRUE	4.89349997678801e-06	0.01223374994197
5Z13E-15S-1115-DIHYDROXY-9-OXOPROS	43451	MassBank	IA000172	Prostaglandin E2	inchikey_connectivity_formula_mass	2	FALSE	TRUE	4.13769998885982e-06	0.0103442499721496
CPD-8204	43457	MassBank	IA000376	(10E,12Z)-9-HODE	name_formula_mass	4	FALSE	TRUE	4.89349997678801e-06	0.01223374994197
ARACHIDONIC_ACID	43458	MassBank	IA000071	Arachidonic acid	inchikey_connectivity_formula_mass	2	FALSE	TRUE	2.71399983375886e-07	0.000678499958439716
LINOLEIC_ACID	43464	MassBank	IA000128	Linoleic acid	inchikey_connectivity_formula_mass	2	FALSE	TRUE	2.71399983375886e-07	0.000678499958439716
Vernolates	43474	MassBank	IA000057	12,13-EpOME	inchikey_connectivity_formula_mass	2	FALSE	TRUE	4.89349997678801e-06	0.01223374994197
LINOLEIC_ACID	43476	MassBank	IA000127	Linoleic acid	inchikey_connectivity_formula_mass	2	FALSE	TRUE	2.71399983375886e-07	0.000678499958439716
9-HOTrE	43486	MassBank	IA000367	9-HOTrE	inchikey_connectivity_formula_mass	2	FALSE	TRUE	4.82929999634507e-06	0.0120732499908627
ARACHIDONIC_ACID	43490	MassBank	IA000070	Arachidonic acid	inchikey_connectivity_formula_mass	2	FALSE	TRUE	2.71399983375886e-07	0.000678499958439716
5Z13E-15S-1115-DIHYDROXY-9-OXOPROS	43496	MassBank	IA000404	Prostaglandin E2	inchikey_connectivity_formula_mass	2	FALSE	TRUE	4.13769998885982e-06	0.0103442499721496
5Z13E-15S-1115-DIHYDROXY-9-OXOPROS	43499	MassBank	IA000403	Prostaglandin E2	inchikey_connectivity_formula_mass	2	FALSE	TRUE	4.13769998885982e-06	0.0103442499721496
5Z13E-15S-1115-DIHYDROXY-9-OXOPROS	43500	MassBank	IA000092	Prostaglandin E2	inchikey_connectivity_formula_mass	2	FALSE	TRUE	4.13769998885982e-06	0.0103442499721496
5Z13E-15S-1115-DIHYDROXY-9-OXOPROS	43515	MassBank	IA000093	Prostaglandin E2	inchikey_connectivity_formula_mass	2	FALSE	TRUE	4.13769998885982e-06	0.0103442499721496
9-HOTrE	43516	MassBank	IA000047	9-HOTrE	inchikey_connectivity_formula_mass	2	FALSE	TRUE	4.82929999634507e-06	0.0120732499908627
9-HOTrE	43522	MassBank	IA000369	9-HOTrE	inchikey_connectivity_formula_mass	2	FALSE	TRUE	4.82929999634507e-06	0.0120732499908627
Vernolates	43530	MassBank	IA000437	12,13-EpOME	inchikey_connectivity_formula_mass	2	FALSE	TRUE	4.89349997678801e-06	0.01223374994197
CPD-13636	43539	MassBank	IA000412	9,10-Epoxyoctadecenoic acid	inchikey_connectivity_formula_mass	2	FALSE	TRUE	4.89349997678801e-06	0.01223374994197
5Z13E-15S-1115-DIHYDROXY-9-OXOPROS	43545	MassBank	IA000353	Prostaglandin E2	inchikey_connectivity_formula_mass	2	FALSE	TRUE	4.13769998885982e-06	0.0103442499721496
CPD-10244	43546	MassBank	IA000490	Docosahexaenoic acid	inchikey_connectivity_formula_mass	2	FALSE	TRUE	2.71399983375886e-07	0.000678499958439716
5Z8Z11Z14Z17Z-EICOSAPENTAENOATE	43548	MassBank	IA000020	Eicosapentaenoic acid	inchikey_connectivity_formula_mass	2	FALSE	TRUE	2.0720000293295e-07	0.000518000007332375
5Z13E-15S-1115-DIHYDROXY-9-OXOPROS	43566	MassBank	IA000174	Prostaglandin E2	inchikey_connectivity_formula_mass	2	FALSE	TRUE	4.13769998885982e-06	0.0103442499721496
LINOLEIC_ACID	43567	MassBank	IA000496	Linoleic acid	inchikey_connectivity_formula_mass	2	FALSE	TRUE	2.71399983375886e-07	0.000678499958439716
5Z8Z11Z14Z17Z-EICOSAPENTAENOATE	43574	MassBank	IA000400	Eicosapentaenoic acid	inchikey_connectivity_formula_mass	2	FALSE	TRUE	2.0720000293295e-07	0.000518000007332375
ARACHIDONIC_ACID	43576	MassBank	IA000363	Arachidonic acid	inchikey_connectivity_formula_mass	2	FALSE	TRUE	2.71399983375886e-07	0.000678499958439716
CPD-10244	43578	MassBank	IA000492	Docosahexaenoic acid	inchikey_connectivity_formula_mass	2	FALSE	TRUE	2.71399983375886e-07	0.000678499958439716
Vernolates	43592	MassBank	IA000438	12,13-EpOME	inchikey_connectivity_formula_mass	2	FALSE	TRUE	4.89349997678801e-06	0.01223374994197
CPD-8204	43593	MassBank	IA000079	(10E,12Z)-9-HODE	name_formula_mass	4	FALSE	TRUE	4.89349997678801e-06	0.01223374994197
CPD-8204	43598	MassBank	IA000378	(10E,12Z)-9-HODE	name_formula_mass	4	FALSE	TRUE	4.89349997678801e-06	0.01223374994197
9-HOTrE	43605	MassBank	IA000046	9-HOTrE	inchikey_connectivity_formula_mass	2	FALSE	TRUE	4.82929999634507e-06	0.0120732499908627
CPD-13636	43608	MassBank	IA000414	9,10-Epoxyoctadecenoic acid	inchikey_connectivity_formula_mass	2	FALSE	TRUE	4.89349997678801e-06	0.01223374994197
5Z13E-15S-1115-DIHYDROXY-9-OXOPROS	43620	MassBank	IA000405	Prostaglandin E2	inchikey_connectivity_formula_mass	2	FALSE	TRUE	4.13769998885982e-06	0.0103442499721496
CPD-10244	43644	MassBank	IA000491	Docosahexaenoic acid	inchikey_connectivity_formula_mass	2	FALSE	TRUE	2.71399983375886e-07	0.000678499958439716
CPD-13636	43660	MassBank	IA000104	9,10-Epoxyoctadecenoic acid	inchikey_connectivity_formula_mass	2	FALSE	TRUE	4.89349997678801e-06	0.01223374994197
LINOLEIC_ACID	43661	MassBank	IA000498	Linoleic acid	inchikey_connectivity_formula_mass	2	FALSE	TRUE	2.71399983375886e-07	0.000678499958439716
5Z8Z11Z14Z17Z-EICOSAPENTAENOATE	43668	MassBank	IA000402	Eicosapentaenoic acid	inchikey_connectivity_formula_mass	2	FALSE	TRUE	2.0720000293295e-07	0.000518000007332375
9-HOTrE	43676	MassBank	IA000048	9-HOTrE	inchikey_connectivity_formula_mass	2	FALSE	TRUE	4.82929999634507e-06	0.0120732499908627
5Z8Z11Z14Z17Z-EICOSAPENTAENOATE	43677	MassBank	IA000021	Eicosapentaenoic acid	inchikey_connectivity_formula_mass	2	FALSE	TRUE	2.0720000293295e-07	0.000518000007332375
Vernolates	43681	MassBank	IA000055	12,13-EpOME	inchikey_connectivity_formula_mass	2	FALSE	TRUE	4.89349997678801e-06	0.01223374994197
5Z13E-15S-1115-DIHYDROXY-9-OXOPROS	43682	MassBank	IA000091	Prostaglandin E2	inchikey_connectivity_formula_mass	2	FALSE	TRUE	4.13769998885982e-06	0.0103442499721496
5Z13E-15S-1115-DIHYDROXY-9-OXOPROS	43683	MassBank	IA000173	Prostaglandin E2	inchikey_connectivity_formula_mass	2	FALSE	TRUE	4.13769998885982e-06	0.0103442499721496
5Z13E-15S-1115-DIHYDROXY-9-OXOPROS	43684	MassBank	IA000354	Prostaglandin E2	inchikey_connectivity_formula_mass	2	FALSE	TRUE	4.13769998885982e-06	0.0103442499721496
5Z8Z11Z14Z17Z-EICOSAPENTAENOATE	43686	MassBank	IA000019	Eicosapentaenoic acid	inchikey_connectivity_formula_mass	2	FALSE	TRUE	2.0720000293295e-07	0.000518000007332375
Vernolates	43687	MassBank	IA000436	12,13-EpOME	inchikey_connectivity_formula_mass	2	FALSE	TRUE	4.89349997678801e-06	0.01223374994197
CPD-8204	43691	MassBank	IA000081	(10E,12Z)-9-HODE	name_formula_mass	4	FALSE	TRUE	4.89349997678801e-06	0.01223374994197
CPD-8204	43693	MassBank	IA000377	(10E,12Z)-9-HODE	name_formula_mass	4	FALSE	TRUE	4.89349997678801e-06	0.01223374994197
5Z8Z11Z14Z17Z-EICOSAPENTAENOATE	43698	MassBank	IA000401	Eicosapentaenoic acid	inchikey_connectivity_formula_mass	2	FALSE	TRUE	2.0720000293295e-07	0.000518000007332375
CPD-10244	43704	MassBank	IA000106	Docosahexaenoic acid	inchikey_connectivity_formula_mass	2	FALSE	TRUE	2.71399983375886e-07	0.000678499958439716
CPD-13636	43708	MassBank	IA000413	9,10-Epoxyoctadecenoic acid	inchikey_connectivity_formula_mass	2	FALSE	TRUE	4.89349997678801e-06	0.01223374994197
LINOLEIC_ACID	43713	MassBank	IA000129	Linoleic acid	inchikey_connectivity_formula_mass	2	FALSE	TRUE	2.71399983375886e-07	0.000678499958439716
LINOLEIC_ACID	43714	MassBank	IA000497	Linoleic acid	inchikey_connectivity_formula_mass	2	FALSE	TRUE	2.71399983375886e-07	0.000678499958439716
ARACHIDONIC_ACID	43722	MassBank	IA000072	Arachidonic acid	inchikey_connectivity_formula_mass	2	FALSE	TRUE	2.71399983375886e-07	0.000678499958439716
CPD-13636	43727	MassBank	IA000103	9,10-Epoxyoctadecenoic acid	inchikey_connectivity_formula_mass	2	FALSE	TRUE	4.89349997678801e-06	0.01223374994197
ARACHIDONIC_ACID	43732	MassBank	IA000362	Arachidonic acid	inchikey_connectivity_formula_mass	2	FALSE	TRUE	2.71399983375886e-07	0.000678499958439716
ARACHIDONIC_ACID	43736	MassBank	IA000361	Arachidonic acid	inchikey_connectivity_formula_mass	2	FALSE	TRUE	2.71399983375886e-07	0.000678499958439716
CPD-8204	43744	MassBank	IA000080	(10E,12Z)-9-HODE	name_formula_mass	4	FALSE	TRUE	4.89349997678801e-06	0.01223374994197
5Z13E-15S-1115-DIHYDROXY-9-OXOPROS	43748	MassBank	IA000352	Prostaglandin E2	inchikey_connectivity_formula_mass	2	FALSE	TRUE	4.13769998885982e-06	0.0103442499721496
CPD-10244	43754	MassBank	IA000108	Docosahexaenoic acid	inchikey_connectivity_formula_mass	2	FALSE	TRUE	2.71399983375886e-07	0.000678499958439716
9-HOTrE	43758	MassBank	IA000368	9-HOTrE	inchikey_connectivity_formula_mass	2	FALSE	TRUE	4.82929999634507e-06	0.0120732499908627
CPD-10244	43760	MassBank	IA000107	Docosahexaenoic acid	inchikey_connectivity_formula_mass	2	FALSE	TRUE	2.71399983375886e-07	0.000678499958439716
CPD-13636	43769	MassBank	IA000105	9,10-Epoxyoctadecenoic acid	inchikey_connectivity_formula_mass	2	FALSE	TRUE	4.89349997678801e-06	0.01223374994197
CPD-9776	43776	MassBank	JEL00039	Cocaine	inchikey_connectivity_formula_mass	2	FALSE	TRUE	1.83230002903656e-06	0.0045807500725914
CPD-8157	43788	MassBank	JEL00005	PC(16:0/18:1(9Z))	inchikey	1	TRUE	TRUE	2.01564518839996	2646.61569065261
QUININE	43799	MassBank	JEL00038	Quinine	inchikey_connectivity_formula_mass	2	FALSE	TRUE	1.97500003196183e-06	0.00493750007990457
MORPHINE	43817	MassBank	JEL00043	Morphine	inchikey_connectivity_formula_mass	2	FALSE	TRUE	1.85999624591204e-08	4.64999061478011e-05
1-3-7-TRIMETHYLXANTHINE	43818	MassBank	JEL00040	Caffeine	inchikey	1	TRUE	TRUE	4.41399998862835e-06	0.0110349999715709
CPD-4207	43819	MassBank	KZ000166	isopentenyl adenosine	inchikey	1	TRUE	TRUE	4.18849992911419e-06	0.0104712498227855
RIBITOL	43820	MassBank	KZ000262	Ribitol	inchikey	1	TRUE	TRUE	3.4957000139002e-06	0.00873925003475051
THR	43821	MassBank	KZ000239	L-Threonine	inchikey	1	TRUE	TRUE	3.16039999859186e-06	0.00790099999647964
L-2-AMINOPENTANOIC-ACID	43822	MassBank	KZ000235	L-Norvaline	inchikey	1	TRUE	TRUE	1.39750000016647e-06	0.00349375000041618
CPD-239	43823	MassBank	KZ000020	Cysteamine	inchikey_connectivity_formula_mass	2	FALSE	TRUE	8.01000084038606e-08	0.000200250021009651
ILE	43824	MassBank	KZ000232	L-Isoleucine	inchikey	1	TRUE	TRUE	1.33329999130183e-06	0.00333324997825457
OXIDIZED-GLUTATHIONE	43825	MassBank	KZ000209	Oxidized glutathione	inchikey_connectivity_formula_mass	2	FALSE	TRUE	1.90359992302547e-06	0.00310968524401338
MELIBIOSE	43827	MassBank	KZ000245	Melibiose	inchikey	1	TRUE	TRUE	1.54930000917375e-06	0.00387325002293437
4-AMINO-BUTYRATE	43828	MassBank	KZ000099	gamma-Aminobutyric acid	inchikey	1	TRUE	TRUE	1.46169999482026e-06	0.00365424998705066
FUM	43831	MassBank	KZ000030	Fumaric acid	inchikey_connectivity_formula_mass	2	FALSE	TRUE	1.38320000075964e-06	0.00345800000189911
GUANOSINE	43832	MassBank	KZ000033	Guanosine	inchikey	1	TRUE	TRUE	4.4620003336604e-07	0.0011155000834151
1-3-7-TRIMETHYLXANTHINE	43834	MassBank	KZ000017	Caffeine	inchikey	1	TRUE	TRUE	4.41399998862835e-06	0.0110349999715709
PUTRESCINE	43836	MassBank	KZ000260	Putrescine	inchikey_connectivity_formula_mass	2	FALSE	TRUE	1.60439999774553e-06	0.00401099999436383
SUCROSE	43837	MassBank	KZ000075	Sucrose	inchikey	1	TRUE	TRUE	1.54930000917375e-06	0.00387325002293437
VAL	43841	MassBank	KZ000241	L-Valine	inchikey	1	TRUE	TRUE	1.39750000016647e-06	0.00349375000041618
OXIDIZED-GLUTATHIONE	43842	MassBank	KZ000208	Oxidized glutathione	inchikey_connectivity_formula_mass	2	FALSE	TRUE	1.90359992302547e-06	0.00310968524401338
GLYCEROL	43843	MassBank	KZ000032	Glycerol	inchikey	1	TRUE	TRUE	4.12309999830995e-06	0.0103077499957749
PHENYL-PYRUVATE	43844	MassBank	KZ000083	Phenylpyruvic acid	inchikey_connectivity_formula_mass	2	FALSE	TRUE	4.12310001252081e-06	0.010307750031302
SINAPATE	43845	MassBank	KZ000073	Sinapic acid	inchikey_connectivity_formula_mass	2	FALSE	TRUE	3.4957000139002e-06	0.00873925003475051
LYS	43846	MassBank	KZ000234	L-Lysine	inchikey_connectivity_formula_mass	2	FALSE	TRUE	2.29599999101993e-06	0.00573999997754981
threo-ds-iso-citrate	43847	MassBank	KZ000038	Isocitric acid	name_formula_mass	4	TRUE	TRUE	2.61150000824273e-06	0.00652875002060682
CPD-15317	43848	MassBank	KZ000206	D-Ribose 5-phosphate	inchikey_connectivity_formula_mass	2	FALSE	TRUE	3.83990001751044e-06	0.00959975004377611
THYMINE	43849	MassBank	KZ000077	Thymine	inchikey	1	TRUE	TRUE	2.5527999980568e-06	0.006381999995142
D-galactopyranose	43850	MassBank	KZ000191	D-(+)-Galactose	inchikey	1	TRUE	TRUE	1.88219999586181e-06	0.00470549998965453
Xylulose	43851	MassBank	KZ000026	D-Xylulose	name_formula_mass	4	TRUE	TRUE	3.43150000503556e-06	0.0085787500125889
GLYCEROL	43852	MassBank	KZ000140	Glycerol	inchikey	1	TRUE	TRUE	4.12309999830995e-06	0.0103077499957749
4-AMINO-BUTYRATE	43856	MassBank	KZ000006	gamma-Aminobutyric acid	inchikey	1	TRUE	TRUE	1.46169999482026e-06	0.00365424998705066
MALTOTRIOSE	43857	MassBank	KZ000242	Maltotriose	inchikey	1	TRUE	TRUE	4.9807999857876e-06	0.00987922629158944
FUM	43858	MassBank	KZ000137	Fumaric acid	inchikey_connectivity_formula_mass	2	FALSE	TRUE	1.38320000075964e-06	0.00345800000189911
GLUTARATE	43860	MassBank	KZ000138	Glutaric acid	inchikey_connectivity_formula_mass	2	FALSE	TRUE	1.25479999724121e-06	0.00313699999310302
CPD-24813	43863	MassBank	KZ000135	Fructose 6-phosphate	inchikey_connectivity_formula_mass	2	FALSE	TRUE	1.47380001180863e-06	0.00368450002952159
CPD-15709	43863	MassBank	KZ000135	Fructose 6-phosphate	inchikey_connectivity_formula_mass	2	FALSE	TRUE	1.47380001180863e-06	0.00368450002952159
ANTHRANILATE	43865	MassBank	KZ000015	2-Aminobenzoic acid	inchikey_connectivity_formula_mass	2	FALSE	TRUE	1.52590001789576e-06	0.00381475004473941
CPD-296	43866	MassBank	KZ000230	Dihydrolipoate	name_formula_mass	4	FALSE	TRUE	1.13780001242958e-06	0.00284450003107395
CPD-9939	43867	MassBank	KZ000213	Harmaline	name_formula_mass	4	TRUE	TRUE	3.08189999032038e-06	0.00770474997580095
2-COUMARATE	43868	MassBank	KZ000087	2-Hydroxycinnamic acid	inchikey_connectivity_formula_mass	2	FALSE	TRUE	4.12310001252081e-06	0.010307750031302
PHE	43869	MassBank	KZ000052	L-Phenylalanine	inchikey	1	TRUE	TRUE	1.39750000016647e-06	0.00349375000041618
HOMO-SER	43870	MassBank	KZ000228	L-Homoserine	inchikey	1	TRUE	TRUE	3.16039999859186e-06	0.00790099999647964
TRP	43871	MassBank	KZ000162	L-Tryptophan	inchikey	1	TRUE	TRUE	2.36019999988457e-06	0.00590049999971143
SHIKIMATE	43872	MassBank	KZ000072	Shikimic acid	inchikey_connectivity_formula_mass	2	FALSE	TRUE	3.43150000503556e-06	0.0085787500125889
TYR	43874	MassBank	KZ000165	L-Tyrosine	inchikey	1	TRUE	TRUE	3.22459999324565e-06	0.00806149998311412
HISTIDINOL	43876	MassBank	KZ000046	L-Histidinol	inchikey_connectivity_formula_mass	2	FALSE	TRUE	1.99079997287299e-06	0.00497699993218248
D-Ribofuranose	43877	MassBank	KZ000118	D-Ribose	inchikey	1	TRUE	TRUE	3.43150000503556e-06	0.0085787500125889
Ibuprofen	43878	MassBank	KZ000037	Ibuprofen	inchikey_connectivity_formula_mass	2	FALSE	TRUE	1.78000021833213e-07	0.000445000054583033
HIS	43879	MassBank	KZ000155	L-Histidine	inchikey	1	TRUE	TRUE	3.45129998891025e-06	0.00862824997227563
L-CYSTINE	43880	MassBank	KZ000223	L-Cystine	inchikey	1	TRUE	TRUE	1.73600000152874e-06	0.00434000000382184
LEU	43881	MassBank	KZ000159	L-Leucine	inchikey	1	TRUE	TRUE	1.33329999130183e-06	0.00333324997825457
ADENINE	43883	MassBank	KZ000012	Adenine	inchikey	1	TRUE	TRUE	4.81349999859049e-06	0.0120337499964762
MAL	43884	MassBank	KZ000219	Malic acid	inchikey_connectivity_formula_mass	2	FALSE	TRUE	3.30309998730627e-06	0.00825774996826567
FERULIC-ACID	43885	MassBank	KZ000133	Ferulic acid	inchikey_connectivity_formula_mass	2	FALSE	TRUE	1.19059998837656e-06	0.0029764999709414
FRU	43886	MassBank	KZ000186	D-(-)-Fructose	inchikey	1	TRUE	TRUE	1.88219999586181e-06	0.00470549998965453
CPD-15382	43886	MassBank	KZ000186	D-(-)-Fructose	inchikey	1	TRUE	TRUE	1.88219999586181e-06	0.00470549998965453
MAL	43887	MassBank	KZ000220	Malic acid	inchikey_connectivity_formula_mass	2	FALSE	TRUE	3.30309998730627e-06	0.00825774996826567
L-ASPARTATE	43888	MassBank	KZ000042	L-Aspartic acid	inchikey_connectivity_formula_mass	2	FALSE	TRUE	2.28170000582395e-06	0.00570425001455988
D-mannopyranose	43891	MassBank	KZ000198	D-(+)-Mannose	inchikey	1	TRUE	TRUE	1.88219999586181e-06	0.00470549998965453
TYRAMINE	43893	MassBank	KZ000078	Tyramine	inchikey_connectivity_formula_mass	2	FALSE	TRUE	3.98040000959554e-06	0.00995100002398885
D-Ribofuranose	43894	MassBank	KZ000121	D-Ribose	inchikey	1	TRUE	TRUE	3.43150000503556e-06	0.0085787500125889
TYR	43895	MassBank	KZ000163	L-Tyrosine	inchikey	1	TRUE	TRUE	3.22459999324565e-06	0.00806149998311412
L-ASPARTATE	43896	MassBank	KZ000151	L-Aspartic acid	inchikey_connectivity_formula_mass	2	FALSE	TRUE	2.28170000582395e-06	0.00570425001455988
GLUCOSAMINE	43897	MassBank	KZ000193	beta-D-Glucosamine	name_formula_mass	4	FALSE	TRUE	2.53300004260382e-06	0.00633250010650954
D-galactopyranose	43898	MassBank	KZ000189	D-(+)-Galactose	inchikey	1	TRUE	TRUE	1.88219999586181e-06	0.00470549998965453
GLN	43901	MassBank	KZ000044	L-Glutamine	inchikey	1	TRUE	TRUE	2.1976999846629e-06	0.00549424996165726
LINOLEIC_ACID	43902	MassBank	KZ000056	Linoleic acid	inchikey_connectivity_formula_mass	2	FALSE	TRUE	2.71399983375886e-07	0.000678499958439716
ILE	43903	MassBank	KZ000231	L-Isoleucine	inchikey	1	TRUE	TRUE	1.33329999130183e-06	0.00333324997825457
HISTIDINOL	43904	MassBank	KZ000156	L-Histidinol	inchikey_connectivity_formula_mass	2	FALSE	TRUE	1.99079997287299e-06	0.00497699993218248
CPD-68	43905	MassBank	KZ000169	1-Aminocyclopropanecarboxylic acid	inchikey	1	TRUE	TRUE	1.52590000368491e-06	0.00381475000921228
TREHALOSE	43906	MassBank	KZ000127	Trehalose	inchikey	1	TRUE	TRUE	1.54930000917375e-06	0.00387325002293437
CPD-182	43907	MassBank	KZ000103	4-Methylumbelliferone	inchikey	1	TRUE	TRUE	4.12310001252081e-06	0.010307750031302
D-Ribofuranose	43908	MassBank	KZ000123	D-Ribose	inchikey	1	TRUE	TRUE	3.43150000503556e-06	0.0085787500125889
ADENOSINE	43909	MassBank	KZ000106	Adenosine	inchikey	1	TRUE	TRUE	3.93170000734244e-06	0.00982925001835611
ASN	43910	MassBank	KZ000148	L-Asparagine	inchikey	1	TRUE	TRUE	2.13349997579826e-06	0.00533374993949565
L-2-AMINOHEXANOATE	43911	MassBank	KZ000160	L-Norleucine	inchikey	1	TRUE	TRUE	1.33329999130183e-06	0.00333324997825457
2K-4CH3-PENTANOATE	43912	MassBank	KZ000179	Ketoleucine	inchikey_connectivity_formula_mass	2	FALSE	TRUE	4.18729999296374e-06	0.0104682499824094
SEROTONIN	43913	MassBank	KZ000265	Serotonin	inchikey_connectivity_formula_mass	2	FALSE	TRUE	3.01770000987744e-06	0.00754425002469361
Ibuprofen	43914	MassBank	KZ000141	Ibuprofen	inchikey_connectivity_formula_mass	2	FALSE	TRUE	1.78000021833213e-07	0.000445000054583033
INDOLE-3-CARBOXALDEHYDE	43916	MassBank	KZ000217	Indole-3-carboxaldehyde	inchikey	1	TRUE	TRUE	3.85199999186625e-06	0.00962999997966563
MYO-INOSITOL	43917	MassBank	KZ000247	myo-Inositol	inchikey	1	TRUE	TRUE	1.88219999586181e-06	0.00470549998965453
LEU	43919	MassBank	KZ000158	L-Leucine	inchikey	1	TRUE	TRUE	1.33329999130183e-06	0.00333324997825457
OXALATE	43920	MassBank	KZ000258	Oxalic acid	inchikey_connectivity_formula_mass	2	FALSE	TRUE	1.44740000962429e-06	0.00361850002406072
CPD-884	43921	MassBank	KZ000085	Aminocaproic acid	inchikey	1	TRUE	TRUE	1.33329999130183e-06	0.00333324997825457
GLUTATHIONE	43923	MassBank	KZ000226	Glutathione	inchikey_connectivity_formula_mass	2	FALSE	TRUE	4.01610003564201e-06	0.010040250089105
GLUTARATE	43924	MassBank	KZ000031	Glutaric acid	inchikey_connectivity_formula_mass	2	FALSE	TRUE	1.25479999724121e-06	0.00313699999310302
CADAVERINE	43925	MassBank	KZ000016	Cadaverine	inchikey_connectivity_formula_mass	2	FALSE	TRUE	1.54020000309174e-06	0.00385050000772935
PHYTOALEXIN-CMPD	43926	MassBank	KZ000069	Psoralen	inchikey	1	TRUE	TRUE	4.05890000365616e-06	0.0101472500091404
1-3-7-TRIMETHYLXANTHINE	43928	MassBank	KZ000113	Caffeine	inchikey	1	TRUE	TRUE	4.41399998862835e-06	0.0110349999715709
TREHALOSE	43929	MassBank	KZ000124	Trehalose	inchikey	1	TRUE	TRUE	1.54930000917375e-06	0.00387325002293437
GLYCEROL	43930	MassBank	KZ000139	Glycerol	inchikey	1	TRUE	TRUE	4.12309999830995e-06	0.0103077499957749
CPD-182	43931	MassBank	KZ000104	4-Methylumbelliferone	inchikey	1	TRUE	TRUE	4.12310001252081e-06	0.010307750031302
D-Ribofuranose	43933	MassBank	KZ000122	D-Ribose	inchikey	1	TRUE	TRUE	3.43150000503556e-06	0.0085787500125889
CADAVERINE	43934	MassBank	KZ000112	Cadaverine	inchikey_connectivity_formula_mass	2	FALSE	TRUE	1.54020000309174e-06	0.00385050000772935
GALACTOSAMINE	43935	MassBank	KZ000201	D-Galactosamine	name_formula_mass	4	FALSE	TRUE	2.53300004260382e-06	0.00633250010650954
O-PHENANTHROLINE	43936	MassBank	KZ000001	1,10-Phenanthroline	inchikey	1	TRUE	TRUE	1.73279997284226e-06	0.00433199993210565
TREHALOSE	43937	MassBank	KZ000129	Trehalose	inchikey	1	TRUE	TRUE	1.54930000917375e-06	0.00387325002293437
MELIBIOSE	43938	MassBank	KZ000244	Melibiose	inchikey	1	TRUE	TRUE	1.54930000917375e-06	0.00387325002293437
CPD-24813	43939	MassBank	KZ000022	Fructose 6-phosphate	inchikey_connectivity_formula_mass	2	FALSE	TRUE	1.47380001180863e-06	0.00368450002952159
CPD-15709	43939	MassBank	KZ000022	Fructose 6-phosphate	inchikey_connectivity_formula_mass	2	FALSE	TRUE	1.47380001180863e-06	0.00368450002952159
5-AMINO-LEVULINATE	43940	MassBank	KZ000181	5-Aminolevulinic acid	inchikey	1	TRUE	TRUE	3.160399984381e-06	0.0079009999609525
ADENOSINE	43941	MassBank	KZ000013	Adenosine	inchikey	1	TRUE	TRUE	3.93170000734244e-06	0.00982925001835611
TRP	43942	MassBank	KZ000055	L-Tryptophan	inchikey	1	TRUE	TRUE	2.36019999988457e-06	0.00590049999971143
B-ALANINE	43943	MassBank	KZ000111	beta-Alanine	inchikey	1	TRUE	TRUE	1.52590000368491e-06	0.00381475000921228
D-mannopyranose	43944	MassBank	KZ000200	D-(+)-Mannose	inchikey	1	TRUE	TRUE	1.88219999586181e-06	0.00470549998965453
TREHALOSE	43945	MassBank	KZ000128	Trehalose	inchikey	1	TRUE	TRUE	1.54930000917375e-06	0.00387325002293437
DEOXYADENOSINE	43946	MassBank	KZ000003	Deoxyadenosine	inchikey	1	TRUE	TRUE	6.90400014491388e-07	0.00172600003622847
GLY	43947	MassBank	KZ000211	Glycine	inchikey	1	TRUE	TRUE	1.59010001254956e-06	0.00397525003137389
CPD-355	43948	MassBank	KZ000218	L-Arabitol	name_formula_mass	4	TRUE	TRUE	3.4957000139002e-06	0.00873925003475051
QUINOLINATE	43951	MassBank	KZ000261	Quinolinic acid	inchikey_connectivity_formula_mass	2	FALSE	TRUE	2.3459000146886e-06	0.00586475003672149
Xylulose	43952	MassBank	KZ000130	D-Xylulose	name_formula_mass	4	TRUE	TRUE	3.43150000503556e-06	0.0085787500125889
CYS	43955	MassBank	KZ000043	L-Cysteine	inchikey	1	TRUE	TRUE	8.35899996332046e-07	0.00208974999083011
INDOLE-3-CARBOXALDEHYDE	43957	MassBank	KZ000216	Indole-3-carboxaldehyde	inchikey	1	TRUE	TRUE	3.85199999186625e-06	0.00962999997966563
D-Ribofuranose	43958	MassBank	KZ000120	D-Ribose	inchikey	1	TRUE	TRUE	3.43150000503556e-06	0.0085787500125889
PALMITATE	43959	MassBank	KZ000259	Palmitic acid	inchikey_connectivity_formula_mass	2	FALSE	TRUE	2.71399983375886e-07	0.000678499958439716
L-ORNITHINE	43960	MassBank	KZ000236	Ornithine	inchikey_connectivity_formula_mass	2	FALSE	TRUE	2.36019999988457e-06	0.00590049999971143
SUC	43961	MassBank	KZ000074	Succinic acid	inchikey_connectivity_formula_mass	2	FALSE	TRUE	1.31900000610585e-06	0.00329750001526463
Glucopyranose	43963	MassBank	KZ000194	Glucose	inchikey	1	TRUE	TRUE	1.88219999586181e-06	0.00470549998965453
INDOLE_ACETATE_AUXIN	43964	MassBank	KZ000036	Indoleacetic acid	inchikey_connectivity_formula_mass	2	FALSE	TRUE	1.46170000903112e-06	0.0036542500225778
CPD-4207	43965	MassBank	KZ000062	isopentenyl adenosine	inchikey	1	TRUE	TRUE	4.18849992911419e-06	0.0104712498227855
D-glucopyranose-6-phosphate	43966	MassBank	KZ000203	Glucose 6-phosphate	inchikey_connectivity_formula_mass	2	FALSE	TRUE	1.47380001180863e-06	0.00368450002952159
D-Ribofuranose	43968	MassBank	KZ000024	D-Ribose	inchikey	1	TRUE	TRUE	3.43150000503556e-06	0.0085787500125889
MALTOTRIOSE	43969	MassBank	KZ000243	Maltotriose	inchikey	1	TRUE	TRUE	4.9807999857876e-06	0.00987922629158944
MALTOSE	43970	MassBank	KZ000196	D-(+)-Maltose	inchikey	1	TRUE	TRUE	1.54930000917375e-06	0.00387325002293437
CPD-21103	43971	MassBank	KZ000176	3-Methyl-2-oxovaleric acid	inchikey_connectivity_formula_mass	2	FALSE	TRUE	4.18729999296374e-06	0.0104682499824094
Alpha-lactose	43972	MassBank	KZ000081	Alpha-Lactose	inchikey	1	TRUE	TRUE	1.54930000917375e-06	0.00387325002293437
PANTOTHENATE	43973	MassBank	KZ000066	Pantothenic acid	inchikey_connectivity_formula_mass	2	FALSE	TRUE	2.6614000319114e-06	0.0066535000797785
23-Diaminopropanoate	43974	MassBank	KZ000171	2,3-Diaminopropionic acid	inchikey_connectivity_formula_mass	2	FALSE	TRUE	2.48860000340301e-06	0.00622150000850752
5-AMINO-LEVULINATE	43975	MassBank	KZ000182	5-Aminolevulinic acid	inchikey	1	TRUE	TRUE	3.160399984381e-06	0.0079009999609525
MYO-INOSITOL	43976	MassBank	KZ000246	myo-Inositol	inchikey	1	TRUE	TRUE	1.88219999586181e-06	0.00470549998965453
CPD-369	43977	MassBank	KZ000048	L-Iditol	inchikey	1	TRUE	TRUE	1.81799998699717e-06	0.00454499996749291
CPD-313	43979	MassBank	KZ000002	1,3-Diaminopropane	inchikey_connectivity_formula_mass	2	FALSE	TRUE	1.66860000661018e-06	0.00417150001652544
4-AMINO-BUTYRATE	43980	MassBank	KZ000098	gamma-Aminobutyric acid	inchikey	1	TRUE	TRUE	1.46169999482026e-06	0.00365424998705066
GLUCOSAMINE	43981	MassBank	KZ000192	beta-D-Glucosamine	name_formula_mass	4	FALSE	TRUE	2.53300004260382e-06	0.00633250010650954
D-galactopyranose	43982	MassBank	KZ000190	D-(+)-Galactose	inchikey	1	TRUE	TRUE	1.88219999586181e-06	0.00470549998965453
GLT	43983	MassBank	KZ000224	L-Glutamic acid	inchikey_connectivity_formula_mass	2	FALSE	TRUE	2.2174999969593e-06	0.00554374999239826
FERULIC-ACID	43984	MassBank	KZ000089	Ferulic acid	inchikey_connectivity_formula_mass	2	FALSE	TRUE	1.19059998837656e-06	0.0029764999709414
NIACINAMIDE	43986	MassBank	KZ000064	Niacinamide	inchikey	1	TRUE	TRUE	2.82509999749436e-06	0.00706274999373591
INDOLE_ACETATE_AUXIN	43987	MassBank	KZ000144	Indoleacetic acid	inchikey_connectivity_formula_mass	2	FALSE	TRUE	1.46170000903112e-06	0.0036542500225778
TRYPTAMINE	43988	MassBank	KZ000272	Tryptamine	inchikey_connectivity_formula_mass	2	FALSE	TRUE	1.60440001195639e-06	0.00401100002989097
CYS	43989	MassBank	KZ000152	L-Cysteine	inchikey	1	TRUE	TRUE	8.35899996332046e-07	0.00208974999083011
2K-4CH3-PENTANOATE	43990	MassBank	KZ000180	Ketoleucine	inchikey_connectivity_formula_mass	2	FALSE	TRUE	4.18729999296374e-06	0.0104682499824094
B-ALANINE	43993	MassBank	KZ000110	beta-Alanine	inchikey	1	TRUE	TRUE	1.52590000368491e-06	0.00381475000921228
URIDINE	43994	MassBank	KZ000273	Uridine	inchikey	1	TRUE	TRUE	3.87179997574094e-06	0.00967949993935235
D-glucopyranose-6-phosphate	43995	MassBank	KZ000202	Glucose 6-phosphate	inchikey_connectivity_formula_mass	2	FALSE	TRUE	1.47380001180863e-06	0.00368450002952159
O-PHENANTHROLINE	43996	MassBank	KZ000093	1,10-Phenanthroline	inchikey	1	TRUE	TRUE	1.73279997284226e-06	0.00433199993210565
TRYPTAMINE	43999	MassBank	KZ000271	Tryptamine	inchikey_connectivity_formula_mass	2	FALSE	TRUE	1.60440001195639e-06	0.00401100002989097
threo-ds-iso-citrate	44000	MassBank	KZ000145	Isocitric acid	name_formula_mass	4	TRUE	TRUE	2.61150000824273e-06	0.00652875002060682
4-AMINO-BUTYRATE	44003	MassBank	KZ000086	gamma-Aminobutyric acid	inchikey	1	TRUE	TRUE	1.46169999482026e-06	0.00365424998705066
PYRIDOXINE	44004	MassBank	KZ000070	Pyridoxine	inchikey	1	TRUE	TRUE	3.22459999324565e-06	0.00806149998311412
MALONATE	44005	MassBank	KZ000058	Malonic acid	inchikey_connectivity_formula_mass	2	FALSE	TRUE	1.38320000075964e-06	0.00345800000189911
HYPOXANTHINE	44006	MassBank	KZ000035	Hypoxanthine	inchikey	1	TRUE	TRUE	7.71299994539731e-07	0.00192824998634933
NIACINE	44007	MassBank	KZ000065	Nicotinic acid	inchikey_connectivity_formula_mass	2	FALSE	TRUE	1.59010001254956e-06	0.00397525003137389
GLUTATHIONE	44008	MassBank	KZ000225	Glutathione	inchikey_connectivity_formula_mass	2	FALSE	TRUE	4.01610003564201e-06	0.010040250089105
SER	44010	MassBank	KZ000053	L-Serine	inchikey	1	TRUE	TRUE	3.09619998972721e-06	0.00774049997431803
GLN	44011	MassBank	KZ000154	L-Glutamine	inchikey	1	TRUE	TRUE	2.1976999846629e-06	0.00549424996165726
L-2-AMINOHEXANOATE	44014	MassBank	KZ000051	L-Norleucine	inchikey	1	TRUE	TRUE	1.33329999130183e-06	0.00333324997825457
2-KETOGLUTARATE	44015	MassBank	KZ000080	Oxoglutaric acid	inchikey_connectivity_formula_mass	2	FALSE	TRUE	3.30309998730627e-06	0.00825774996826567
ILE	44016	MassBank	KZ000233	L-Isoleucine	inchikey	1	TRUE	TRUE	1.33329999130183e-06	0.00333324997825457
Glucopyranose	44017	MassBank	KZ000195	Glucose	inchikey	1	TRUE	TRUE	1.88219999586181e-06	0.00470549998965453
4-AMINO-BUTYRATE	44018	MassBank	KZ000097	gamma-Aminobutyric acid	inchikey	1	TRUE	TRUE	1.46169999482026e-06	0.00365424998705066
ACETYLSERINE	44019	MassBank	KZ000254	O-Acetylserine	inchikey	1	TRUE	TRUE	2.2174999969593e-06	0.00554374999239826
VAL	44020	MassBank	KZ000240	L-Valine	inchikey	1	TRUE	TRUE	1.39750000016647e-06	0.00349375000041618
N-acetyl-D-glucosamine	44021	MassBank	KZ000248	N-Acetyl-D-glucosamine	inchikey	1	TRUE	TRUE	2.78070001513697e-06	0.00695175003784243
TREHALOSE	44022	MassBank	KZ000126	Trehalose	inchikey	1	TRUE	TRUE	1.54930000917375e-06	0.00387325002293437
D-mannopyranose	44025	MassBank	KZ000199	D-(+)-Mannose	inchikey	1	TRUE	TRUE	1.88219999586181e-06	0.00470549998965453
L-ASPARTATE	44027	MassBank	KZ000149	L-Aspartic acid	inchikey_connectivity_formula_mass	2	FALSE	TRUE	2.28170000582395e-06	0.00570425001455988
SER	44030	MassBank	KZ000161	L-Serine	inchikey	1	TRUE	TRUE	3.09619998972721e-06	0.00774049997431803
CPD-239	44031	MassBank	KZ000117	Cysteamine	inchikey_connectivity_formula_mass	2	FALSE	TRUE	8.01000084038606e-08	0.000200250021009651
16-HYDROXYPALMITATE	44032	MassBank	KZ000168	16-Hydroxyhexadecanoic acid	inchikey_connectivity_formula_mass	2	FALSE	TRUE	4.89349997678801e-06	0.01223374994197
ALPHA-TOCOPHEROL	44033	MassBank	KZ000184	alpha-Tocopherol	inchikey	1	TRUE	TRUE	8.49199977892567e-07	0.00197313500913419
LL-DIAMINOPIMELATE	44035	MassBank	KZ000027	Diaminopimelic acid	inchikey	1	TRUE	TRUE	3.05180000736982e-06	0.00762950001842455
Xylulose	44036	MassBank	KZ000131	D-Xylulose	name_formula_mass	4	TRUE	TRUE	3.43150000503556e-06	0.0085787500125889
PRO	44037	MassBank	KZ000238	L-Proline	inchikey	1	TRUE	TRUE	1.46169999482026e-06	0.00365424998705066
FRU	44038	MassBank	KZ000185	D-(-)-Fructose	inchikey	1	TRUE	TRUE	1.88219999586181e-06	0.00470549998965453
CPD-15382	44038	MassBank	KZ000185	D-(-)-Fructose	inchikey	1	TRUE	TRUE	1.88219999586181e-06	0.00470549998965453
N-acetyl-D-mannosamine	44040	MassBank	KZ000249	N-Acetyl-D-mannosamine	inchikey	1	TRUE	TRUE	2.78070001513697e-06	0.00695175003784243
INDOLE_ACETATE_AUXIN	44041	MassBank	KZ000142	Indoleacetic acid	inchikey_connectivity_formula_mass	2	FALSE	TRUE	1.46170000903112e-06	0.0036542500225778
CPD-15317	44042	MassBank	KZ000205	D-Ribose 5-phosphate	inchikey_connectivity_formula_mass	2	FALSE	TRUE	3.83990001751044e-06	0.00959975004377611
STEARIC_ACID	44044	MassBank	KZ000270	Stearic acid	inchikey_connectivity_formula_mass	2	FALSE	TRUE	3.99800001105177e-07	0.000999500002762943
D-Ribofuranose	44046	MassBank	KZ000119	D-Ribose	inchikey	1	TRUE	TRUE	3.43150000503556e-06	0.0085787500125889
23-Diaminopropanoate	44047	MassBank	KZ000172	2,3-Diaminopropionic acid	inchikey_connectivity_formula_mass	2	FALSE	TRUE	2.48860000340301e-06	0.00622150000850752
LL-DIAMINOPIMELATE	44048	MassBank	KZ000094	Diaminopimelic acid	inchikey	1	TRUE	TRUE	3.05180000736982e-06	0.00762950001842455
FUM	44049	MassBank	KZ000136	Fumaric acid	inchikey_connectivity_formula_mass	2	FALSE	TRUE	1.38320000075964e-06	0.00345800000189911
CPD-182	44050	MassBank	KZ000009	4-Methylumbelliferone	inchikey	1	TRUE	TRUE	4.12310001252081e-06	0.010307750031302
TYR	44051	MassBank	KZ000054	L-Tyrosine	inchikey	1	TRUE	TRUE	3.22459999324565e-06	0.00806149998311412
ARG	44053	MassBank	KZ000222	L-Arginine	inchikey_connectivity_formula_mass	2	FALSE	TRUE	4.28559999932077e-06	0.0107139999983019
3-4-DIHYDROXYBENZOATE	44054	MassBank	KZ000068	Protocatechuic acid	inchikey_connectivity_formula_mass	2	FALSE	TRUE	1.31900000610585e-06	0.00329750001526463
ACETYLSERINE	44056	MassBank	KZ000255	O-Acetylserine	inchikey	1	TRUE	TRUE	2.2174999969593e-06	0.00554374999239826
L-ALPHA-ALANINE	44057	MassBank	KZ000221	L-Alanine	inchikey	1	TRUE	TRUE	1.52590000368491e-06	0.00381475000921228
LEU	44058	MassBank	KZ000049	L-Leucine	inchikey	1	TRUE	TRUE	1.33329999130183e-06	0.00333324997825457
CPD-21103	44059	MassBank	KZ000177	3-Methyl-2-oxovaleric acid	inchikey_connectivity_formula_mass	2	FALSE	TRUE	4.18729999296374e-06	0.0104682499824094
3-P-SERINE	44060	MassBank	KZ000256	Phosphoserine	inchikey_connectivity_formula_mass	2	FALSE	TRUE	3.50460001641295e-06	0.00876150004103238
CPD-24813	44061	MassBank	KZ000134	Fructose 6-phosphate	inchikey_connectivity_formula_mass	2	FALSE	TRUE	1.47380001180863e-06	0.00368450002952159
CPD-15709	44061	MassBank	KZ000134	Fructose 6-phosphate	inchikey_connectivity_formula_mass	2	FALSE	TRUE	1.47380001180863e-06	0.00368450002952159
B-ALANINE	44063	MassBank	KZ000082	beta-Alanine	inchikey	1	TRUE	TRUE	1.52590000368491e-06	0.00381475000921228
L-DIHYDROXY-PHENYLALANINE	44065	MassBank	KZ000173	L-Dopa	inchikey	1	TRUE	TRUE	2.15330001651637e-06	0.00538325004129092
SEROTONIN	44067	MassBank	KZ000264	Serotonin	inchikey_connectivity_formula_mass	2	FALSE	TRUE	3.01770000987744e-06	0.00754425002469361
4-hydroxybenzoate	44068	MassBank	KZ000178	4-Hydroxybenzoic acid	inchikey_connectivity_formula_mass	2	FALSE	TRUE	4.05890000365616e-06	0.0101472500091404
CYS	44069	MassBank	KZ000153	L-Cysteine	inchikey	1	TRUE	TRUE	8.35899996332046e-07	0.00208974999083011
TREHALOSE	44070	MassBank	KZ000125	Trehalose	inchikey	1	TRUE	TRUE	1.54930000917375e-06	0.00387325002293437
D-Glucopyranuronate	44071	MassBank	KZ000204	D-Glucuronic acid	inchikey_connectivity_formula_mass	2	FALSE	TRUE	2.67569998868566e-06	0.00668924997171416
MALTOSE	44072	MassBank	KZ000197	D-(+)-Maltose	inchikey	1	TRUE	TRUE	1.54930000917375e-06	0.00387325002293437
ASN	44073	MassBank	KZ000041	L-Asparagine	inchikey	1	TRUE	TRUE	2.13349997579826e-06	0.00533374993949565
PRO	44074	MassBank	KZ000237	L-Proline	inchikey	1	TRUE	TRUE	1.46169999482026e-06	0.00365424998705066
TREHALOSE	44075	MassBank	KZ000025	Trehalose	inchikey	1	TRUE	TRUE	1.54930000917375e-06	0.00387325002293437
CPD-182	44077	MassBank	KZ000102	4-Methylumbelliferone	inchikey	1	TRUE	TRUE	4.12310001252081e-06	0.010307750031302
INDOLE_ACETATE_AUXIN	44079	MassBank	KZ000143	Indoleacetic acid	inchikey_connectivity_formula_mass	2	FALSE	TRUE	1.46170000903112e-06	0.0036542500225778
CPD-674	44080	MassBank	KZ000090	trans-Cinnamic acid	inchikey_connectivity_formula_mass	2	FALSE	TRUE	4.98999980891313e-07	0.00124749995222828
TYR	44081	MassBank	KZ000164	L-Tyrosine	inchikey	1	TRUE	TRUE	3.22459999324565e-06	0.00806149998311412
HOMO-CYS	44082	MassBank	KZ000227	Homocysteine	inchikey	1	TRUE	TRUE	7.71700001678255e-07	0.00192925000419564
MANNITOL	44083	MassBank	KZ000187	Mannitol	inchikey	1	TRUE	TRUE	1.81799998699717e-06	0.00454499996749291
HIS	44084	MassBank	KZ000045	L-Histidine	inchikey	1	TRUE	TRUE	3.45129998891025e-06	0.00862824997227563
INDOLEYL-CPD	44085	MassBank	KZ000215	3-Indoleacetonitrile	inchikey	1	TRUE	TRUE	1.73279997284226e-06	0.00433199993210565
CPD-313	44086	MassBank	KZ000092	1,3-Diaminopropane	inchikey_connectivity_formula_mass	2	FALSE	TRUE	1.66860000661018e-06	0.00417150001652544
3-P-SERINE	44087	MassBank	KZ000257	Phosphoserine	inchikey_connectivity_formula_mass	2	FALSE	TRUE	3.50460001641295e-06	0.00876150004103238
L-ASPARTATE	44088	MassBank	KZ000150	L-Aspartic acid	inchikey_connectivity_formula_mass	2	FALSE	TRUE	2.28170000582395e-06	0.00570425001455988
NIACINE	44089	MassBank	KZ000167	Nicotinic acid	inchikey_connectivity_formula_mass	2	FALSE	TRUE	1.59010001254956e-06	0.00397525003137389
MET	44090	MassBank	KZ000050	L-Methionine	inchikey	1	TRUE	TRUE	7.07499992813609e-07	0.00176874998203402
LINOLENIC_ACID	44091	MassBank	KZ000057	alpha-Linolenic acid	inchikey_connectivity_formula_mass	2	FALSE	TRUE	2.0720000293295e-07	0.000518000007332375
PROTOPINE	44093	MassBank	KO003808	Protopine	inchikey	1	TRUE	TRUE	2.72559998393263e-06	0.00681399995983156
N-ALPHA-ACETYLORNITHINE	44094	MassBank	KO000059	N2-Acetylornithine	inchikey	1	TRUE	TRUE	2.3261000023922e-06	0.00581525000598049
2-FLUOROBENZOATE	44095	MassBank	KO000784	o-Fluorobenzoate	inchikey_connectivity_formula_mass	2	FALSE	TRUE	2.39529998680155e-06	0.00598824996700387
CPD-9384	44097	MassBank	KO002824	L-Theanine	inchikey	1	TRUE	TRUE	2.3261000023922e-06	0.00581525000598049
23-Diaminopropanoate	44102	MassBank	KO002667	2,3-Diaminopropionate	inchikey_connectivity_formula_mass	2	FALSE	TRUE	2.48860000340301e-06	0.00622150000850752
TRYPTAMINE	44103	MassBank	KO004143	Tryptamine	inchikey_connectivity_formula_mass	2	FALSE	TRUE	1.60440001195639e-06	0.00401100002989097
AICAR	44104	MassBank	KO000206	AICAR	inchikey_connectivity_formula_mass	2	FALSE	TRUE	1.09000097836542e-08	2.72500244591356e-05
L-ASPARTATE	44106	MassBank	KO000029	L-Aspartic acid	inchikey_connectivity_formula_mass	2	FALSE	TRUE	2.28170000582395e-06	0.00570425001455988
CPD-12479	44108	MassBank	KO002412	Theophylline	inchikey	1	TRUE	TRUE	4.47819999749299e-06	0.0111954999937325
D-GLUCARATE	44109	MassBank	KO001820	Glucaric acid	inchikey_connectivity_formula_mass	2	FALSE	TRUE	2.70219999265464e-06	0.0067554999816366
D-ALANINE	44111	MassBank	KO000020	D-Alanine	inchikey	1	TRUE	TRUE	1.52590000368491e-06	0.00381475000921228
CPD0-1104	44112	MassBank	KO000299	Azetidine-2-carboxylate	name_formula_mass	4	TRUE	TRUE	1.52590000368491e-06	0.00381475000921228
LOGANATE	44116	MassBank	KO001302	Loganate	inchikey_connectivity_formula_mass	2	FALSE	TRUE	3.00860000379544e-06	0.00752150000948859
GLN	44121	MassBank	KO000844	L-Glutamine	inchikey	1	TRUE	TRUE	2.1976999846629e-06	0.00549424996165726
CPD-24844	44123	MassBank	KO001274	L-Lactic acid	inchikey	1	TRUE	TRUE	4.05890000365616e-06	0.0101472500091404
CPD-3762	44125	MassBank	KO000216	5-Aminoimidazole-4-carboxamide	name_formula_mass	4	TRUE	TRUE	8.35500003404377e-07	0.00208875000851094
CPD0-1942	44126	MassBank	KO002419	L-alpha-Aminobutyric acid	inchikey	1	TRUE	TRUE	1.46169999482026e-06	0.00365424998705066
CAFFEOYLQUINATE	44129	MassBank	KO008923	Chlorogenic acid	inchikey_connectivity_formula_mass	2	FALSE	TRUE	2.17669997937264e-06	0.00544174994843161
5-AMINOPENTANOATE	44130	MassBank	KO002309	5-Aminopentanoic acid	inchikey	1	TRUE	TRUE	1.39750000016647e-06	0.00349375000041618
METHYLNICOTINATE	44135	MassBank	KO004202	Trigonelline	inchikey	1	TRUE	TRUE	2.01564853829998	5039.12134574996
DOPAMINE	44136	MassBank	KO002687	Dopamine	inchikey_connectivity_formula_mass	2	FALSE	TRUE	1.39750000016647e-06	0.00349375000041618
OXAMATE	44137	MassBank	KO001545	Oxamate	inchikey_connectivity_formula_mass	2	FALSE	TRUE	2.96780000041963e-06	0.00741950000104907
SEMICARBAZIDE	44139	MassBank	KO004008	Semicarbazide	inchikey	1	TRUE	TRUE	1.79820000312247e-06	0.00449550000780619
5-OXOPROLINE	44140	MassBank	KO003821	Pyroglutamic acid	inchikey_connectivity_formula_mass	2	FALSE	TRUE	3.09620000393807e-06	0.00774050000984516
PANTOTHENATE	44143	MassBank	KO003697	Pantothenic acid	inchikey_connectivity_formula_mass	2	FALSE	TRUE	2.6614000319114e-06	0.0066535000797785
3-P-SERINE	44148	MassBank	KO003787	Phosphoserine	inchikey_connectivity_formula_mass	2	FALSE	TRUE	3.50460001641295e-06	0.00876150004103238
CPD-313	44150	MassBank	KO002661	1,3-Diaminopropane	inchikey_connectivity_formula_mass	2	FALSE	TRUE	1.66860000661018e-06	0.00417150001652544
CPD-309	44154	MassBank	KO003652	Octopine	name_formula_mass	4	TRUE	TRUE	4.91299999794137e-06	0.0122824999948534
PYRIDOXAMINE-5P	44156	MassBank	KO001722	Pyridoxamine 5'-phosphate	inchikey_connectivity_formula_mass	2	FALSE	TRUE	1.95179995898798e-06	0.00487949989746994
2K-ADIPATE	44159	MassBank	KO001257	Oxoadipic acid	inchikey_connectivity_formula_mass	2	FALSE	TRUE	3.36729999617091e-06	0.00841824999042728
CPD-68	44161	MassBank	KO000095	1-Aminocyclopropanecarboxylic acid	inchikey	1	TRUE	TRUE	1.52590000368491e-06	0.00381475000921228
CPD-7619	44164	MassBank	KO001034	Heptanoic acid	inchikey_connectivity_formula_mass	2	FALSE	TRUE	3.06399982719086e-07	0.000765999956797714
CPD-9035	44165	MassBank	KO003526	Methionine sulfoximine	inchikey	1	TRUE	TRUE	2.95190000088041e-06	0.00737975000220104
CPD-633	44173	MassBank	KO000575	Gentisic acid	inchikey_connectivity_formula_mass	2	FALSE	TRUE	1.31900000610585e-06	0.00329750001526463
CPD-14736	44174	MassBank	KO009016	L-Kynurenine	inchikey	1	TRUE	TRUE	2.26189999352755e-06	0.00565474998381887
METHYLNICOTINATE	44177	MassBank	KO004204	Trigonelline	inchikey	1	TRUE	TRUE	2.01564853829998	5039.12134574996
HYDROXY-UREA	44178	MassBank	KO003158	Hydroxyurea	inchikey	1	TRUE	TRUE	2.61700000692144e-06	0.00654250001730361
ADENOSINE	44181	MassBank	KO008860	Adenosine	inchikey	1	TRUE	TRUE	3.93170000734244e-06	0.00982925001835611
ADENOSINE	44184	MassBank	KO002038	Adenosine	inchikey	1	TRUE	TRUE	3.93170000734244e-06	0.00982925001835611
L-ALPHA-ALANINE	44185	MassBank	KO000023	L-Alanine	inchikey	1	TRUE	TRUE	1.52590000368491e-06	0.00381475000921228
DOPAMINE	44186	MassBank	KO003150	Dopamine	inchikey_connectivity_formula_mass	2	FALSE	TRUE	1.39750000016647e-06	0.00349375000041618
CPD-7682	44190	MassBank	KO001188	Isoguvacine	name_formula_mass	4	FALSE	TRUE	1.46169999482026e-06	0.00365424998705066
3-CARBOXY-3-HYDROXY-ISOCAPROATE	44191	MassBank	KO001238	2-Isopropylmalate	name_formula_mass	4	FALSE	TRUE	3.4957000139002e-06	0.00873925003475051
PANTOTHENATE	44192	MassBank	KO009186	Pantothenic acid	inchikey_connectivity_formula_mass	2	FALSE	TRUE	2.6614000319114e-06	0.0066535000797785
THIAMINE	44193	MassBank	KO001933	Thiamine	inchikey	1	FALSE	TRUE	1.00782191070005	2519.55477675011
D-THREONINE	44197	MassBank	KO001880	L-Allothreonine	name_formula_mass	4	TRUE	TRUE	3.16039999859186e-06	0.00790099999647964
THR	44197	MassBank	KO001880	L-Allothreonine	name_formula_mass	4	TRUE	TRUE	3.16039999859186e-06	0.00790099999647964
INDOLE_PYRUVATE	44198	MassBank	KO001169	Indolepyruvate	inchikey_connectivity_formula_mass	2	FALSE	TRUE	3.160399984381e-06	0.0079009999609525
NIACINE	44200	MassBank	KO003587	Nicotinic acid	inchikey_connectivity_formula_mass	2	FALSE	TRUE	1.59010001254956e-06	0.00397525003137389
ATROPINE	44201	MassBank	KO002223	Atropine	inchikey_connectivity_formula_mass	2	FALSE	TRUE	3.6097999895901e-06	0.00902449997397525
TROPINONE	44202	MassBank	KO004206	Tropinone	inchikey_connectivity_formula_mass	2	FALSE	TRUE	4.04460001846019e-06	0.0101115000461505
DEOXYGUANOSINE	44203	MassBank	KO002707	Deoxyguanosine	inchikey	1	TRUE	TRUE	3.93170000734244e-06	0.00982925001835611
L-ORNITHINE	44204	MassBank	KO003635	Ornithine	inchikey_connectivity_formula_mass	2	FALSE	TRUE	2.36019999988457e-06	0.00590049999971143
N-ACETYLNEURAMINATE	44210	MassBank	KO000034	N-Acetylneuraminate	inchikey_connectivity_formula_mass	2	FALSE	TRUE	1.21400006491967e-06	0.00303500016229918
DEOXYGUANOSINE	44211	MassBank	KO008943	Deoxyguanosine	inchikey	1	TRUE	TRUE	3.93170000734244e-06	0.00982925001835611
LYS	44212	MassBank	KO003285	L-Lysine	inchikey_connectivity_formula_mass	2	FALSE	TRUE	2.29599999101993e-06	0.00573999997754981
MET	44217	MassBank	KO001312	L-Methionine	inchikey	1	TRUE	TRUE	7.07499992813609e-07	0.00176874998203402
BENZIMIDAZOLE	44218	MassBank	KO002434	Benzimidazole	inchikey	1	TRUE	TRUE	1.79699999591776e-06	0.0044924999897944
3-SULFINOALANINE	44222	MassBank	KO002536	3-Sulfinoalanine	inchikey_connectivity_formula_mass	2	FALSE	TRUE	1.59169999847109e-06	0.00397924999617771
CPD-16631	44223	MassBank	KO000271	Beta-Tyrosine	name_formula_mass	4	TRUE	TRUE	3.22459999324565e-06	0.00806149998311412
10-HYDROXYDECANOATE	44225	MassBank	KO001113	10-Hydroxydecanoic acid	inchikey_connectivity_formula_mass	2	FALSE	TRUE	4.50829998044355e-06	0.0112707499511089
PROTOPINE	44226	MassBank	KO009207	Protopine	inchikey	1	TRUE	TRUE	2.72559998393263e-06	0.00681399995983156
D-ALANINE	44228	MassBank	KO002048	D-Alanine	inchikey	1	TRUE	TRUE	1.52590000368491e-06	0.00381475000921228
DIHYDROXY-ACETONE-PHOSPHATE	44237	MassBank	KO000557	Dihydroxyacetone phosphate	inchikey_connectivity_formula_mass	2	FALSE	TRUE	4.46730001613105e-06	0.0111682500403276
CPD-9035	44239	MassBank	KO003525	Methionine sulfoximine	inchikey	1	TRUE	TRUE	2.95190000088041e-06	0.00737975000220104
PYRUVATE	44241	MassBank	KO001592	Pyruvic acid	inchikey_connectivity_formula_mass	2	FALSE	TRUE	3.99469999479152e-06	0.00998674998697879
3-CARBOXY-3-HYDROXY-ISOCAPROATE	44242	MassBank	KO001236	2-Isopropylmalate	name_formula_mass	4	FALSE	TRUE	3.4957000139002e-06	0.00873925003475051
THYMINE	44251	MassBank	KO001887	Thymine	inchikey	1	TRUE	TRUE	2.5527999980568e-06	0.006381999995142
HIS	44252	MassBank	KO003058	L-Histidine	inchikey	1	TRUE	TRUE	3.45129998891025e-06	0.00862824997227563
2-KETOGLUTARATE	44253	MassBank	KO001530	Oxoglutaric acid	inchikey_connectivity_formula_mass	2	FALSE	TRUE	3.30309998730627e-06	0.00825774996826567
GLUCONATE	44255	MassBank	KO000863	Gluconic acid	inchikey_connectivity_formula_mass	2	FALSE	TRUE	2.73989999755031e-06	0.00684974999387578
CPD-3462	44256	MassBank	KO002272	N8-Acetylspermidine	inchikey_connectivity_formula_mass	2	FALSE	TRUE	2.31179998877451e-06	0.00577949997193627
ORCINOL-CPD	44257	MassBank	KO001548	Orcinol	inchikey	1	TRUE	TRUE	4.98999995102167e-07	0.00124749998775542
DEOXYGUANOSINE	44258	MassBank	KO002710	Deoxyguanosine	inchikey	1	TRUE	TRUE	3.93170000734244e-06	0.00982925001835611
5-AMINO-LEVULINATE	44261	MassBank	KO002156	5-Aminolevulinic acid	inchikey	1	TRUE	TRUE	3.160399984381e-06	0.0079009999609525
PYRIDOXAMINE-5P	44263	MassBank	KO009143	Pyridoxamine 5'-phosphate	inchikey_connectivity_formula_mass	2	FALSE	TRUE	1.95179995898798e-06	0.00487949989746994
PYRUVATE	44266	MassBank	KO001594	Pyruvic acid	inchikey_connectivity_formula_mass	2	FALSE	TRUE	3.99469999479152e-06	0.00998674998697879
ATROPINE	44269	MassBank	KO002224	Atropine	inchikey_connectivity_formula_mass	2	FALSE	TRUE	3.6097999895901e-06	0.00902449997397525
5-OXOPROLINE	44270	MassBank	KO001684	Pyroglutamic acid	inchikey_connectivity_formula_mass	2	FALSE	TRUE	3.09620000393807e-06	0.00774050000984516
CPD-195	44272	MassBank	KO000436	Caprylic acid	inchikey_connectivity_formula_mass	2	FALSE	TRUE	2.42200002276149e-07	0.000605500005690374
DODECANOATE	44273	MassBank	KO001286	Dodecanoic acid	inchikey_connectivity_formula_mass	2	FALSE	TRUE	1.46000047607231e-08	3.65000119018077e-05
N-ACETYL-D-GLUCOSAMINE-1-P	44275	MassBank	KO000178	N-Acetylglucosamine 1-phosphate	inchikey_connectivity_formula_mass	2	FALSE	TRUE	2.37230000266209e-06	0.00593075000665522
CPD-674	44279	MassBank	KO000403	trans-Cinnamic acid	inchikey_connectivity_formula_mass	2	FALSE	TRUE	4.98999980891313e-07	0.00124749995222828
INDOLEYL-CPD	44281	MassBank	KO001207	3-Indoleacetonitrile	inchikey	1	TRUE	TRUE	1.73279997284226e-06	0.00433199993210565
MALEATE	44283	MassBank	KO001365	Maleic acid	inchikey_connectivity_formula_mass	2	FALSE	TRUE	1.38320000075964e-06	0.00345800000189911
DEOXYGUANOSINE	44284	MassBank	KO000620	Deoxyguanosine	inchikey	1	TRUE	TRUE	3.93170000734244e-06	0.00982925001835611
CPD0-1581	44286	MassBank	KO009277	Trimethoprim	inchikey	1	TRUE	TRUE	4.64899983398936e-07	0.00116224995849734
ILE	44287	MassBank	KO003174	L-Isoleucine	inchikey	1	TRUE	TRUE	1.33329999130183e-06	0.00333324997825457
CAFFEOYLQUINATE	44288	MassBank	KO002581	Chlorogenic acid	inchikey_connectivity_formula_mass	2	FALSE	TRUE	2.17669997937264e-06	0.00544174994843161
MALONATE	44290	MassBank	KO001334	Malonic acid	inchikey_connectivity_formula_mass	2	FALSE	TRUE	1.38320000075964e-06	0.00345800000189911
BERBERINE	44291	MassBank	KO002474	Berberine	inchikey	1	FALSE	TRUE	1.0078281035	2519.57025875001
GLYOX	44294	MassBank	KO000835	Glyoxylic acid	inchikey_connectivity_formula_mass	2	FALSE	TRUE	3.93050000013773e-06	0.00982625000034432
NACMUR	44295	MassBank	KO000288	N-Acetylmuramate	inchikey_connectivity_formula_mass	2	FALSE	TRUE	3.40809998533587e-06	0.00852024996333967
INDOLEYL-CPD	44296	MassBank	KO003204	3-Indoleacetonitrile	inchikey	1	TRUE	TRUE	1.73279997284226e-06	0.00433199993210565
CREATINE-P	44298	MassBank	KO003851	Phosphocreatine	inchikey_connectivity_formula_mass	2	FALSE	TRUE	3.04290000485707e-06	0.00760725001214269
PANTOTHENATE	44299	MassBank	KO003695	Pantothenic acid	inchikey_connectivity_formula_mass	2	FALSE	TRUE	2.6614000319114e-06	0.0066535000797785
DIFLUOROMETHYLORNITHINE	44300	MassBank	KO003157	(-)-2-Difluoromethylornithine	inchikey_connectivity_formula_mass	2	FALSE	TRUE	4.03979998964132e-06	0.0100994999741033
3-SULFINOALANINE	44303	MassBank	KO000398	3-Sulfinoalanine	inchikey_connectivity_formula_mass	2	FALSE	TRUE	1.59169999847109e-06	0.00397924999617771
ATROPINE	44304	MassBank	KO002225	Atropine	inchikey_connectivity_formula_mass	2	FALSE	TRUE	3.6097999895901e-06	0.00902449997397525
CPD-468	44307	MassBank	KO000166	Aminoadipic acid	inchikey_connectivity_formula_mass	2	FALSE	TRUE	2.15330001651637e-06	0.00538325004129092
CPD0-1652	44308	MassBank	KO003533	Fomepizole	inchikey	1	TRUE	TRUE	1.79699999591776e-06	0.0044924999897944
CPD-10507	44309	MassBank	KO001218	3-Indolebutyric acid	inchikey_connectivity_formula_mass	2	FALSE	TRUE	1.33329999130183e-06	0.00333324997825457
CPD-9939	44316	MassBank	KO001019	Harmaline	name_formula_mass	4	TRUE	TRUE	3.08189999032038e-06	0.00770474997580095
N-ACETYL-D-GLUCOSAMINE-1-P	44317	MassBank	KO002280	N-Acetylglucosamine 1-phosphate	inchikey_connectivity_formula_mass	2	FALSE	TRUE	2.37230000266209e-06	0.00593075000665522
CPD0-1491	44319	MassBank	KO000089	Amitrole	inchikey	1	TRUE	TRUE	3.85079999887239e-06	0.00962699999718097
GUANOSINE	44320	MassBank	KO000841	Guanosine	inchikey	1	TRUE	TRUE	4.4620003336604e-07	0.0011155000834151
CPD-470	44321	MassBank	KO002675	L-2,4-diaminobutyric acid	inchikey_connectivity_formula_mass	2	FALSE	TRUE	2.42439999453836e-06	0.0060609999863459
HIS	44325	MassBank	KO000958	L-Histidine	inchikey	1	TRUE	TRUE	3.45129998891025e-06	0.00862824997227563
TRYPTAMINE	44328	MassBank	KO004146	Tryptamine	inchikey_connectivity_formula_mass	2	FALSE	TRUE	1.60440001195639e-06	0.00401100002989097
CREATINE-P	44329	MassBank	KO003848	Phosphocreatine	inchikey_connectivity_formula_mass	2	FALSE	TRUE	3.04290000485707e-06	0.00760725001214269
L-CITRULLINE	44335	MassBank	KO002529	Citrulline	inchikey	1	TRUE	TRUE	1.29920002223116e-06	0.0032480000555779
CPD-14483	44338	MassBank	KO008985	Glycyrrhetinate	name_formula_mass	4	FALSE	TRUE	3.49999709214899e-08	7.44142534031832e-05
CPD-183	44339	MassBank	KO000889	Gallic acid	inchikey_connectivity_formula_mass	2	FALSE	TRUE	3.30309998730627e-06	0.00825774996826567
SUC	44341	MassBank	KO001787	Succinic acid	inchikey_connectivity_formula_mass	2	FALSE	TRUE	1.31900000610585e-06	0.00329750001526463
D-SORBITOL-6-P	44342	MassBank	KO001841	Sorbitol 6-phosphate	inchikey_connectivity_formula_mass	2	FALSE	TRUE	1.40959997452228e-06	0.0035239999363057
AICAR	44350	MassBank	KO002307	AICAR	inchikey_connectivity_formula_mass	2	FALSE	TRUE	1.09000097836542e-08	2.72500244591356e-05
ISATIN	44352	MassBank	KO003199	1H-Indole-2,3-dione	inchikey	1	TRUE	TRUE	1.5900999983387e-06	0.00397524999584675
S-LACTOYL-GLUTATHIONE	44353	MassBank	KO009030	S-Lactoylglutathione	inchikey_connectivity_formula_mass	2	FALSE	TRUE	4.64350000584091e-06	0.0116087500146023
CANAVANINE	44354	MassBank	KO000492	Canavanine	inchikey_connectivity_formula_mass	2	FALSE	TRUE	2.72300013648419e-07	0.000680750034121047
CPD-404	44355	MassBank	KO001434	N-methyl-L-glutamic Acid	inchikey_connectivity_formula_mass	2	FALSE	TRUE	2.15330001651637e-06	0.00538325004129092
TRYPTAMINE	44356	MassBank	KO004144	Tryptamine	inchikey_connectivity_formula_mass	2	FALSE	TRUE	1.60440001195639e-06	0.00401100002989097
CPD0-1581	44357	MassBank	KO009280	Trimethoprim	inchikey	1	TRUE	TRUE	4.64899983398936e-07	0.00116224995849734
CPD-7682	44359	MassBank	KO001192	Isoguvacine	name_formula_mass	4	FALSE	TRUE	1.46169999482026e-06	0.00365424998705066
CAFFEOYLQUINATE	44360	MassBank	KO002580	Chlorogenic acid	inchikey_connectivity_formula_mass	2	FALSE	TRUE	2.17669997937264e-06	0.00544174994843161
D-SORBITOL-6-P	44362	MassBank	KO004045	Sorbitol 6-phosphate	inchikey_connectivity_formula_mass	2	FALSE	TRUE	1.40959997452228e-06	0.0035239999363057
GLUTARATE	44369	MassBank	KO000877	Glutaric acid	inchikey_connectivity_formula_mass	2	FALSE	TRUE	1.25479999724121e-06	0.00313699999310302
PRO	44370	MassBank	KO003672	L-Proline	inchikey	1	TRUE	TRUE	1.46169999482026e-06	0.00365424998705066
TARTRATE	44373	MassBank	KO001903	Tartaric acid	inchikey_connectivity_formula_mass	2	FALSE	TRUE	2.07479999403404e-06	0.00518699998508509
BUTYRIC_ACID	44374	MassBank	KO000329	Butyric acid	inchikey_connectivity_formula_mass	2	FALSE	TRUE	4.99000009313022e-07	0.00124750002328256
4-AMINO-BUTYRATE	44375	MassBank	KO002029	gamma-Aminobutyric acid	inchikey	1	TRUE	TRUE	1.46169999482026e-06	0.00365424998705066
SARCOSINE	44377	MassBank	KO003987	Sarcosine	inchikey	1	TRUE	TRUE	1.52590000368491e-06	0.00381475000921228
CPD-8098	44387	MassBank	KO000511	cis-Caffeic acid	inchikey_connectivity_formula_mass	2	FALSE	TRUE	1.25479999724121e-06	0.00313699999310302
DEOXYCYTIDINE	44388	MassBank	KO002700	Deoxycytidine	inchikey	1	TRUE	TRUE	4.07869998753085e-06	0.0101967499688271
B-ALANINE	44390	MassBank	KO002082	beta-Alanine	inchikey	1	TRUE	TRUE	1.52590000368491e-06	0.00381475000921228
MET	44391	MassBank	KO003335	L-Methionine	inchikey	1	TRUE	TRUE	7.07499992813609e-07	0.00176874998203402
P-HYDROXY-PHENYLPYRUVATE	44392	MassBank	KO000974	4-Hydroxyphenylpyruvic acid	inchikey_connectivity_formula_mass	2	FALSE	TRUE	1.25479999724121e-06	0.00313699999310302
HOMOARGININE	44394	MassBank	KO003145	Homo-L-arginine	inchikey_connectivity_formula_mass	2	FALSE	TRUE	4.22139999045612e-06	0.0105534999761403
CPD0-1942	44395	MassBank	KO000315	L-alpha-Aminobutyric acid	inchikey	1	TRUE	TRUE	1.46169999482026e-06	0.00365424998705066
P-AMINO-BENZOATE	44397	MassBank	KO000084	p-Aminobenzoic acid	inchikey_connectivity_formula_mass	2	FALSE	TRUE	1.52590001789576e-06	0.00381475004473941
GLUCOSAMINE	44399	MassBank	KO002995	beta-D-Glucosamine	name_formula_mass	4	FALSE	TRUE	2.53300004260382e-06	0.00633250010650954
ADIPATE	44401	MassBank	KO000151	Adipic acid	inchikey_connectivity_formula_mass	2	FALSE	TRUE	1.19059998837656e-06	0.0029764999709414
S-LACTOYL-GLUTATHIONE	44402	MassBank	KO009027	S-Lactoylglutathione	inchikey_connectivity_formula_mass	2	FALSE	TRUE	4.64350000584091e-06	0.0116087500146023
BENZIMIDAZOLE	44409	MassBank	KO000331	Benzimidazole	inchikey	1	TRUE	TRUE	1.79699999591776e-06	0.0044924999897944
AICAR	44411	MassBank	KO002306	AICAR	inchikey_connectivity_formula_mass	2	FALSE	TRUE	1.09000097836542e-08	2.72500244591356e-05
CPD-468	44416	MassBank	KO000169	Aminoadipic acid	inchikey_connectivity_formula_mass	2	FALSE	TRUE	2.15330001651637e-06	0.00538325004129092
CPDQT-42	44418	MassBank	KO003995	Sulfanilamide	name_formula_mass	4	TRUE	TRUE	1.798600010261e-06	0.00449650002565249
ADENOSINE	44420	MassBank	KO000010	Adenosine	inchikey	1	TRUE	TRUE	3.93170000734244e-06	0.00982925001835611
PHENYLETHYLAMINE	44421	MassBank	KO003741	Phenylethylamine	inchikey_connectivity_formula_mass	2	FALSE	TRUE	6.41699998027434e-07	0.00160424999506859
D-glucopyranose-6-phosphate	44422	MassBank	KO000812	Glucose 6-phosphate	inchikey_connectivity_formula_mass	2	FALSE	TRUE	1.47380001180863e-06	0.00368450002952159
GLUTATHIONE	44426	MassBank	KO000824	Glutathione	inchikey_connectivity_formula_mass	2	FALSE	TRUE	4.01610003564201e-06	0.010040250089105
PUTRESCINE	44427	MassBank	KO002425	Putrescine	inchikey_connectivity_formula_mass	2	FALSE	TRUE	1.60439999774553e-06	0.00401099999436383
1-3-7-TRIMETHYLXANTHINE	44428	MassBank	KO002539	Caffeine	inchikey	1	TRUE	TRUE	4.41399998862835e-06	0.0110349999715709
PANTOTHENATE	44432	MassBank	KO003698	Pantothenic acid	inchikey_connectivity_formula_mass	2	FALSE	TRUE	2.6614000319114e-06	0.0066535000797785
NICOTINE	44434	MassBank	KO003605	Nicotine	inchikey_connectivity_formula_mass	2	FALSE	TRUE	1.54020000309174e-06	0.00385050000772935
INOSINE	44436	MassBank	KO001171	Inosine	inchikey	1	TRUE	TRUE	4.83499945858057e-07	0.00120874986464514
HYDROXY-UREA	44443	MassBank	KO003159	Hydroxyurea	inchikey	1	TRUE	TRUE	2.61700000692144e-06	0.00654250001730361
3-7-DIMETHYLXANTHINE	44446	MassBank	KO004123	Theobromine	inchikey	1	TRUE	TRUE	4.47819999749299e-06	0.0111954999937325
HOMOARGININE	44448	MassBank	KO001105	Homo-L-arginine	inchikey_connectivity_formula_mass	2	FALSE	TRUE	4.22139999045612e-06	0.0105534999761403
HOMO-SER	44451	MassBank	KO003060	L-Homoserine	inchikey	1	TRUE	TRUE	3.16039999859186e-06	0.00790099999647964
SCOPOLAMINE	44455	MassBank	KO004014	Scopolamine	inchikey	1	TRUE	TRUE	1.83230002903656e-06	0.0045807500725914
5-AMINO-LEVULINATE	44457	MassBank	KO002155	5-Aminolevulinic acid	inchikey	1	TRUE	TRUE	3.160399984381e-06	0.0079009999609525
TREHALOSE-6P	44459	MassBank	KO001952	Trehalose 6-phosphate	inchikey_connectivity_formula_mass	2	FALSE	TRUE	1.95770002164863e-06	0.00463819236059479
CAFFEOYLQUINATE	44460	MassBank	KO002577	Chlorogenic acid	inchikey_connectivity_formula_mass	2	FALSE	TRUE	2.17669997937264e-06	0.00544174994843161
GUANOSINE	44466	MassBank	KO002940	Guanosine	inchikey	1	TRUE	TRUE	4.4620003336604e-07	0.0011155000834151
CPD-402	44468	MassBank	KO001484	2-(Methylamino)benzoic acid	inchikey_connectivity_formula_mass	2	FALSE	TRUE	1.46170000903112e-06	0.0036542500225778
CADAVERINE	44473	MassBank	KO002544	Cadaverine	inchikey_connectivity_formula_mass	2	FALSE	TRUE	1.54020000309174e-06	0.00385050000772935
N-ACETYLNEURAMINATE	44478	MassBank	KO000038	N-Acetylneuraminate	inchikey_connectivity_formula_mass	2	FALSE	TRUE	1.21400006491967e-06	0.00303500016229918
CPD-3762	44479	MassBank	KO002315	5-Aminoimidazole-4-carboxamide	name_formula_mass	4	TRUE	TRUE	8.35500003404377e-07	0.00208875000851094
ALLOCRYPTOPINE	44481	MassBank	KO008818	alpha-Allocryptopine	inchikey	1	TRUE	TRUE	2.85400000166192e-06	0.00713500000415479
CPD0-1265	44483	MassBank	KO000124	Azelaic acid	inchikey_connectivity_formula_mass	2	FALSE	TRUE	9.97999990204335e-07	0.00249499997551084
SHIKIMATE	44487	MassBank	KO001792	Shikimic acid	inchikey_connectivity_formula_mass	2	FALSE	TRUE	3.43150000503556e-06	0.0085787500125889
B-ALANINE	44489	MassBank	KO002080	beta-Alanine	inchikey	1	TRUE	TRUE	1.52590000368491e-06	0.00381475000921228
THYMIDINE	44492	MassBank	KO004092	Thymidine	inchikey	1	TRUE	TRUE	1.5702999860423e-06	0.00392574996510575
CPD0-1942	44494	MassBank	KO000318	L-alpha-Aminobutyric acid	inchikey	1	TRUE	TRUE	1.46169999482026e-06	0.00365424998705066
N-ALPHA-ACETYLORNITHINE	44498	MassBank	KO000060	N2-Acetylornithine	inchikey	1	TRUE	TRUE	2.3261000023922e-06	0.00581525000598049
PANTOTHENATE	44500	MassBank	KO003696	Pantothenic acid	inchikey_connectivity_formula_mass	2	FALSE	TRUE	2.6614000319114e-06	0.0066535000797785
CPD-14736	44504	MassBank	KO009019	L-Kynurenine	inchikey	1	TRUE	TRUE	2.26189999352755e-06	0.00565474998381887
4-AMINO-BUTYRATE	44506	MassBank	KO000003	gamma-Aminobutyric acid	inchikey	1	TRUE	TRUE	1.46169999482026e-06	0.00365424998705066
ALLOCRYPTOPINE	44507	MassBank	KO008816	alpha-Allocryptopine	inchikey	1	TRUE	TRUE	2.85400000166192e-06	0.00713500000415479
PUROMYCIN	44508	MassBank	KO001687	Puromycin	name_formula_mass	4	FALSE	TRUE	2.92219999664667e-06	0.00620130997583296
DOPAMINE	44509	MassBank	KO000582	Dopamine	inchikey_connectivity_formula_mass	2	FALSE	TRUE	1.39750000016647e-06	0.00349375000041618
CPD-238	44510	MassBank	KO002297	N-Acetylarylamine	name_formula_mass	4	TRUE	TRUE	3.9162000007309e-06	0.00979050000182724
CPD-7836	44511	MassBank	KO001384	Myristic acid	inchikey_connectivity_formula_mass	2	FALSE	TRUE	1.42999994068305e-07	0.000357499985170762
PYRUVATE	44513	MassBank	KO001590	Pyruvic acid	inchikey_connectivity_formula_mass	2	FALSE	TRUE	3.99469999479152e-06	0.00998674998697879
TREHALOSE-6P	44516	MassBank	KO004211	Trehalose 6-phosphate	inchikey_connectivity_formula_mass	2	FALSE	TRUE	1.95770002164863e-06	0.00463819236059479
D-SORBITOL-6-P	44517	MassBank	KO001837	Sorbitol 6-phosphate	inchikey_connectivity_formula_mass	2	FALSE	TRUE	1.40959997452228e-06	0.0035239999363057
CPD-9035	44518	MassBank	KO003523	Methionine sulfoximine	inchikey	1	TRUE	TRUE	2.95190000088041e-06	0.00737975000220104
CPD-14483	44519	MassBank	KO003035	Glycyrrhetinate	name_formula_mass	4	FALSE	TRUE	3.49999709214899e-08	7.44142534031832e-05
S-LACTOYL-GLUTATHIONE	44521	MassBank	KO001293	S-Lactoylglutathione	inchikey_connectivity_formula_mass	2	FALSE	TRUE	4.64350000584091e-06	0.0116087500146023
GLN	44522	MassBank	KO000843	L-Glutamine	inchikey	1	TRUE	TRUE	2.1976999846629e-06	0.00549424996165726
TYRAMINE	44525	MassBank	KO004083	Tyramine	inchikey_connectivity_formula_mass	2	FALSE	TRUE	3.98040000959554e-06	0.00995100002398885
CPD-7682	44526	MassBank	KO003187	Isoguvacine	name_formula_mass	4	FALSE	TRUE	1.46169999482026e-06	0.00365424998705066
ASN	44527	MassBank	KO000024	L-Asparagine	inchikey	1	TRUE	TRUE	2.13349997579826e-06	0.00533374993949565
CPD-3746	44528	MassBank	KO001490	Mesylate	inchikey_connectivity_formula_mass	2	FALSE	TRUE	4.68469998793353e-06	0.0117117499698338
threo-ds-iso-citrate	44529	MassBank	KO001160	Isocitric acid	name_formula_mass	4	TRUE	TRUE	2.61150000824273e-06	0.00652875002060682
PUROMYCIN	44531	MassBank	KO009214	Puromycin	name_formula_mass	4	FALSE	TRUE	2.92219999664667e-06	0.00620130997583296
CPD0-1581	44532	MassBank	KO004153	Trimethoprim	inchikey	1	TRUE	TRUE	4.64899983398936e-07	0.00116224995849734
SHIKIMATE	44533	MassBank	KO001789	Shikimic acid	inchikey_connectivity_formula_mass	2	FALSE	TRUE	3.43150000503556e-06	0.0085787500125889
CPD-4604	44535	MassBank	KO008875	6-Benzylaminopurine	inchikey	1	TRUE	TRUE	4.62090000041826e-06	0.0115522500010456
GLYOX	44537	MassBank	KO000836	Glyoxylic acid	inchikey_connectivity_formula_mass	2	FALSE	TRUE	3.93050000013773e-06	0.00982625000034432
PRO	44539	MassBank	KO003673	L-Proline	inchikey	1	TRUE	TRUE	1.46169999482026e-06	0.00365424998705066
QUINOLINATE	44541	MassBank	KO001703	Quinolinic acid	inchikey_connectivity_formula_mass	2	FALSE	TRUE	2.3459000146886e-06	0.00586475003672149
GLYCOLLATE	44542	MassBank	KO000832	Glycolic acid	inchikey_connectivity_formula_mass	2	FALSE	TRUE	3.99469999479152e-06	0.00998674998697879
PYRUVATE	44543	MassBank	KO001593	Pyruvic acid	inchikey_connectivity_formula_mass	2	FALSE	TRUE	3.99469999479152e-06	0.00998674998697879
N-ACETYL-D-GLUCOSAMINE-1-P	44544	MassBank	KO000179	N-Acetylglucosamine 1-phosphate	inchikey_connectivity_formula_mass	2	FALSE	TRUE	2.37230000266209e-06	0.00593075000665522
S-LACTOYL-GLUTATHIONE	44545	MassBank	KO003298	S-Lactoylglutathione	inchikey_connectivity_formula_mass	2	FALSE	TRUE	4.64350000584091e-06	0.0116087500146023
SANGUINARINE	44546	MassBank	KO004025	Sanguinarine	inchikey	1	FALSE	TRUE	1.00782797509999	2519.56993774996
N-ALPHA-ACETYLORNITHINE	44550	MassBank	KO002089	N2-Acetylornithine	inchikey	1	TRUE	TRUE	2.3261000023922e-06	0.00581525000598049
CH33ADO	44551	MassBank	KO002743	5'-Deoxyadenosine	inchikey	1	TRUE	TRUE	6.90400014491388e-07	0.00172600003622847
URIDINE	44552	MassBank	KO004246	Uridine	inchikey	1	TRUE	TRUE	3.87179997574094e-06	0.00967949993935235
PHOSPHORYL-ETHANOLAMINE	44559	MassBank	KO000704	O-Phosphoethanolamine	inchikey_connectivity_formula_mass	2	FALSE	TRUE	4.26039997591943e-06	0.0106509999397986
2-FUROATE	44565	MassBank	KO000770	2-Furoic acid	inchikey_connectivity_formula_mass	2	FALSE	TRUE	3.99469999479152e-06	0.00998674998697879
AGMATHINE	44567	MassBank	KO002253	Agmatine	inchikey_connectivity_formula_mass	2	FALSE	TRUE	3.52979998297087e-06	0.00882449995742718
SARCOSINE	44570	MassBank	KO003991	Sarcosine	inchikey	1	TRUE	TRUE	1.52590000368491e-06	0.00381475000921228
TRP	44571	MassBank	KO001867	L-Tryptophan	inchikey	1	TRUE	TRUE	2.36019999988457e-06	0.00590049999971143
XANTHURENATE	44572	MassBank	KO002003	Xanthurenic acid	inchikey_connectivity_formula_mass	2	FALSE	TRUE	2.28170000582395e-06	0.00570425001455988
D-Mannosamines	44574	MassBank	KO003485	Mannosamine	inchikey_connectivity_formula_mass	2	FALSE	TRUE	2.53300004260382e-06	0.00633250010650954
ATROPINE	44577	MassBank	KO003111	Hyoscyamine	name_formula_mass	4	FALSE	TRUE	3.6097999895901e-06	0.00902449997397525
L-HYOSCYAMINE	44577	MassBank	KO003111	Hyoscyamine	name_formula_mass	4	FALSE	TRUE	3.6097999895901e-06	0.00902449997397525
CPD-4609	44580	MassBank	KO000764	Kinetin	inchikey	1	TRUE	TRUE	6.30000158707844e-08	0.000157500039676961
3-7-DIMETHYLXANTHINE	44583	MassBank	KO004124	Theobromine	inchikey	1	TRUE	TRUE	4.47819999749299e-06	0.0111954999937325
P-HYDROXY-PHENYLPYRUVATE	44586	MassBank	KO000976	4-Hydroxyphenylpyruvic acid	inchikey_connectivity_formula_mass	2	FALSE	TRUE	1.25479999724121e-06	0.00313699999310302
CPD-16631	44587	MassBank	KO000270	Beta-Tyrosine	name_formula_mass	4	TRUE	TRUE	3.22459999324565e-06	0.00806149998311412
S-LACTOYL-GLUTATHIONE	44588	MassBank	KO003297	S-Lactoylglutathione	inchikey_connectivity_formula_mass	2	FALSE	TRUE	4.64350000584091e-06	0.0116087500146023
GLY	44589	MassBank	KO000831	Glycine	inchikey	1	TRUE	TRUE	1.59010001254956e-06	0.00397525003137389
THZ	44591	MassBank	KO003342	5-(2-Hydroxyethyl)-4-methylthiazole	inchikey	1	TRUE	TRUE	4.60620000808376e-06	0.0115155000202094
S-LACTOYL-GLUTATHIONE	44592	MassBank	KO001292	S-Lactoylglutathione	inchikey_connectivity_formula_mass	2	FALSE	TRUE	4.64350000584091e-06	0.0116087500146023
5-OXOPROLINE	44593	MassBank	KO001538	Pyroglutamic acid	inchikey_connectivity_formula_mass	2	FALSE	TRUE	3.09620000393807e-06	0.00774050000984516
SEROTONIN	44597	MassBank	KO004021	Serotonin	inchikey_connectivity_formula_mass	2	FALSE	TRUE	3.01770000987744e-06	0.00754425002469361
PURINE	44602	MassBank	KO003748	Purine	inchikey	1	TRUE	TRUE	3.85079999887239e-06	0.00962699999718097
Mannose-6-phosphate	44603	MassBank	KO001326	D-mannose 6-phosphate	name_formula_mass	4	FALSE	TRUE	1.47380001180863e-06	0.00368450002952159
CPD-4210	44604	MassBank	KO004279	Zeatin	inchikey	1	TRUE	TRUE	6.54000018585066e-08	0.000163500004646266
CPD-313	44612	MassBank	KO002658	1,3-Diaminopropane	inchikey_connectivity_formula_mass	2	FALSE	TRUE	1.66860000661018e-06	0.00417150001652544
NIACINE	44614	MassBank	KO001505	Nicotinic acid	inchikey_connectivity_formula_mass	2	FALSE	TRUE	1.59010001254956e-06	0.00397525003137389
D-GLT	44617	MassBank	KO002922	D-Glutamic acid	inchikey_connectivity_formula_mass	2	FALSE	TRUE	2.2174999969593e-06	0.00554374999239826
GLYCEROL-3P	44619	MassBank	KO003032	Glycerol 3-phosphate	inchikey_connectivity_formula_mass	2	FALSE	TRUE	4.53150002499569e-06	0.0113287500624892
FERULIC-ACID	44622	MassBank	KO001108	Ferulic acid	inchikey_connectivity_formula_mass	2	FALSE	TRUE	1.19059998837656e-06	0.0029764999709414
ETHIONINE	44624	MassBank	KO002875	Ethionine	inchikey	1	TRUE	TRUE	6.43299983948964e-07	0.00160824995987241
DOPAMINE	44626	MassBank	KO003149	Dopamine	inchikey_connectivity_formula_mass	2	FALSE	TRUE	1.39750000016647e-06	0.00349375000041618
CPD-15318	44631	MassBank	KO001751	D-Ribose 5-phosphate	inchikey_connectivity_formula_mass	2	FALSE	TRUE	3.83990001751044e-06	0.00959975004377611
B-ALANINE	44633	MassBank	KO000040	beta-Alanine	inchikey	1	TRUE	TRUE	1.52590000368491e-06	0.00381475000921228
BERBERINE	44634	MassBank	KO002473	Berberine	inchikey	1	FALSE	TRUE	1.0078281035	2519.57025875001
DETHIOBIOTIN	44635	MassBank	KO002734	Dethiobiotin	inchikey_connectivity_formula_mass	2	FALSE	TRUE	2.45449999169978e-06	0.00613624997924944
DODECANOATE	44639	MassBank	KO001287	Dodecanoic acid	inchikey_connectivity_formula_mass	2	FALSE	TRUE	1.46000047607231e-08	3.65000119018077e-05
CPD0-1581	44640	MassBank	KO009281	Trimethoprim	inchikey	1	TRUE	TRUE	4.64899983398936e-07	0.00116224995849734
PSEUDOTROPINE	44643	MassBank	KO004120	Tropine	inchikey_connectivity_formula_mass	2	FALSE	TRUE	4.10879999890312e-06	0.0102719999972578
5-OXOPROLINE	44647	MassBank	KO001536	Pyroglutamic acid	inchikey_connectivity_formula_mass	2	FALSE	TRUE	3.09620000393807e-06	0.00774050000984516
P-HYDROXY-PHENYLPYRUVATE	44648	MassBank	KO000973	4-Hydroxyphenylpyruvic acid	inchikey_connectivity_formula_mass	2	FALSE	TRUE	1.25479999724121e-06	0.00313699999310302
CPD-633	44650	MassBank	KO000574	Gentisic acid	inchikey_connectivity_formula_mass	2	FALSE	TRUE	1.31900000610585e-06	0.00329750001526463
D-glucopyranose-6-phosphate	44653	MassBank	KO000811	Glucose 6-phosphate	inchikey_connectivity_formula_mass	2	FALSE	TRUE	1.47380001180863e-06	0.00368450002952159
CPD-884	44654	MassBank	KO002162	Aminocaproic acid	inchikey	1	TRUE	TRUE	1.33329999130183e-06	0.00333324997825457
ADENOSINE	44657	MassBank	KO002042	Adenosine	inchikey	1	TRUE	TRUE	3.93170000734244e-06	0.00982925001835611
L-CYSTATHIONINE	44658	MassBank	KO002574	L-Cystathionine	inchikey	1	TRUE	TRUE	2.36180000001696e-06	0.00590450000004239
MANNOSE-1P	44660	MassBank	KO001457	D-Mannose 1-phosphate	inchikey_connectivity_formula_mass	2	FALSE	TRUE	1.47380001180863e-06	0.00368450002952159
DEOXYADENOSINE	44664	MassBank	KO002729	Deoxyadenosine	inchikey	1	TRUE	TRUE	6.90400014491388e-07	0.00172600003622847
CPD-10507	44668	MassBank	KO003208	3-Indolebutyric acid	inchikey_connectivity_formula_mass	2	FALSE	TRUE	1.33329999130183e-06	0.00333324997825457
5-HYDROXY-L-LYSINE	44669	MassBank	KO001087	5-Hydroxylysine	name_formula_mass	4	FALSE	TRUE	2.3261000023922e-06	0.00581525000598049
CPD-18719	44673	MassBank	KO000745	Fructose 6-phosphate	inchikey_connectivity_formula_mass	2	FALSE	TRUE	1.47380001180863e-06	0.00368450002952159
ANILINE	44674	MassBank	KO002167	Aniline	inchikey	1	TRUE	TRUE	7.7010000154587e-07	0.00192525000386468
N-ACETYL-D-GLUCOSAMINE-1-P	44678	MassBank	KO002279	N-Acetylglucosamine 1-phosphate	inchikey_connectivity_formula_mass	2	FALSE	TRUE	2.37230000266209e-06	0.00593075000665522
NIACINE	44679	MassBank	KO001503	Nicotinic acid	inchikey_connectivity_formula_mass	2	FALSE	TRUE	1.59010001254956e-06	0.00397525003137389
CPD-404	44680	MassBank	KO003455	N-methyl-L-glutamic Acid	inchikey_connectivity_formula_mass	2	FALSE	TRUE	2.15330001651637e-06	0.00538325004129092
CPD-9035	44687	MassBank	KO001481	Methionine sulfoximine	inchikey	1	TRUE	TRUE	2.95190000088041e-06	0.00737975000220104
QUINOLINATE	44690	MassBank	KO001704	Quinolinic acid	inchikey_connectivity_formula_mass	2	FALSE	TRUE	2.3459000146886e-06	0.00586475003672149
CH33ADO	44694	MassBank	KO002745	5'-Deoxyadenosine	inchikey	1	TRUE	TRUE	6.90400014491388e-07	0.00172600003622847
L-PIPECOLATE	44697	MassBank	KO001631	L-Pipecolic acid	inchikey	1	TRUE	TRUE	1.39750000016647e-06	0.00349375000041618
PYRIDOXINE	44699	MassBank	KO003755	Pyridoxine	inchikey	1	TRUE	TRUE	3.22459999324565e-06	0.00806149998311412
CPD-6041	44702	MassBank	KO003422	Amethopterin	name_formula_mass	4	FALSE	TRUE	4.14170000340164e-06	0.00911924610556831
CPD-404	44703	MassBank	KO001435	N-methyl-L-glutamic Acid	inchikey_connectivity_formula_mass	2	FALSE	TRUE	2.15330001651637e-06	0.00538325004129092
CPD-9195	44704	MassBank	KO002377	Ampicillin	inchikey	1	TRUE	TRUE	3.19609995358405e-06	0.00799024988396013
CPD-402	44707	MassBank	KO001486	2-(Methylamino)benzoic acid	inchikey_connectivity_formula_mass	2	FALSE	TRUE	1.46170000903112e-06	0.0036542500225778
LYS	44709	MassBank	KO001266	L-Lysine	inchikey_connectivity_formula_mass	2	FALSE	TRUE	2.29599999101993e-06	0.00573999997754981
OXAMATE	44710	MassBank	KO001546	Oxamate	inchikey_connectivity_formula_mass	2	FALSE	TRUE	2.96780000041963e-06	0.00741950000104907
INDOLE_ACETATE_AUXIN	44711	MassBank	KO001226	Indoleacetic acid	inchikey_connectivity_formula_mass	2	FALSE	TRUE	1.46170000903112e-06	0.0036542500225778
URACIL	44715	MassBank	KO001975	Uracil	inchikey	1	TRUE	TRUE	2.61700000692144e-06	0.00654250001730361
P-AMINO-BENZOATE	44722	MassBank	KO002118	p-Aminobenzoic acid	inchikey_connectivity_formula_mass	2	FALSE	TRUE	1.52590001789576e-06	0.00381475004473941
2-KETO-ISOVALERATE	44723	MassBank	KO001315	alpha-Ketoisovaleric acid	inchikey_connectivity_formula_mass	2	FALSE	TRUE	4.12309999830995e-06	0.0103077499957749
CPD-309	44724	MassBank	KO001540	Octopine	name_formula_mass	4	TRUE	TRUE	4.91299999794137e-06	0.0122824999948534
4-FLUOROBENZOATE	44733	MassBank	KO000780	4-Fluorobenzoic acid	inchikey_connectivity_formula_mass	2	FALSE	TRUE	2.39529998680155e-06	0.00598824996700387
ATROPINE	44735	MassBank	KO003108	Hyoscyamine	name_formula_mass	4	FALSE	TRUE	3.6097999895901e-06	0.00902449997397525
L-HYOSCYAMINE	44735	MassBank	KO003108	Hyoscyamine	name_formula_mass	4	FALSE	TRUE	3.6097999895901e-06	0.00902449997397525
CPD-3762	44736	MassBank	KO002313	5-Aminoimidazole-4-carboxamide	name_formula_mass	4	TRUE	TRUE	8.35500003404377e-07	0.00208875000851094
PUTRESCINE	44738	MassBank	KO002427	Putrescine	inchikey_connectivity_formula_mass	2	FALSE	TRUE	1.60439999774553e-06	0.00401099999436383
CPD-4609	44739	MassBank	KO000765	Kinetin	inchikey	1	TRUE	TRUE	6.30000158707844e-08	0.000157500039676961
PANTOTHENATE	44745	MassBank	KO009185	Pantothenic acid	inchikey_connectivity_formula_mass	2	FALSE	TRUE	2.6614000319114e-06	0.0066535000797785
MALONATE	44753	MassBank	KO001336	Malonic acid	inchikey_connectivity_formula_mass	2	FALSE	TRUE	1.38320000075964e-06	0.00345800000189911
TREHALOSE-6P	44754	MassBank	KO001948	Trehalose 6-phosphate	inchikey_connectivity_formula_mass	2	FALSE	TRUE	1.95770002164863e-06	0.00463819236059479
DETHIOBIOTIN	44755	MassBank	KO002735	Dethiobiotin	inchikey_connectivity_formula_mass	2	FALSE	TRUE	2.45449999169978e-06	0.00613624997924944
GLUTAMIDE	44757	MassBank	KO002925	D-Glutamine	inchikey	1	TRUE	TRUE	2.1976999846629e-06	0.00549424996165726
Mannose-6-phosphate	44761	MassBank	KO001325	D-mannose 6-phosphate	name_formula_mass	4	FALSE	TRUE	1.47380001180863e-06	0.00368450002952159
NIACINE	44764	MassBank	KO003588	Nicotinic acid	inchikey_connectivity_formula_mass	2	FALSE	TRUE	1.59010001254956e-06	0.00397525003137389
OXAMATE	44766	MassBank	KO001547	Oxamate	inchikey_connectivity_formula_mass	2	FALSE	TRUE	2.96780000041963e-06	0.00741950000104907
L-ASPARTATE	44767	MassBank	KO000031	L-Aspartic acid	inchikey_connectivity_formula_mass	2	FALSE	TRUE	2.28170000582395e-06	0.00570425001455988
DEOXY-RIBOSE-5P	44775	MassBank	KO000564	2-Deoxyribose 5'-phosphate	inchikey_connectivity_formula_mass	2	FALSE	TRUE	7.82200004323386e-07	0.00195550001080846
N-ACETYLNEURAMINATE	44777	MassBank	KO002072	N-Acetylneuraminate	inchikey_connectivity_formula_mass	2	FALSE	TRUE	1.21400006491967e-06	0.00303500016229918
BENZOATE	44780	MassBank	KO000320	Benzoic acid	inchikey_connectivity_formula_mass	2	FALSE	TRUE	5.63199989755958e-07	0.0014079999743899
N-ACETYLNEURAMINATE	44782	MassBank	KO002068	N-Acetylneuraminate	inchikey_connectivity_formula_mass	2	FALSE	TRUE	1.21400006491967e-06	0.00303500016229918
THZ	44785	MassBank	KO003343	5-(2-Hydroxyethyl)-4-methylthiazole	inchikey	1	TRUE	TRUE	4.60620000808376e-06	0.0115155000202094
D-GLUCOSAMINE-6-P	44787	MassBank	KO008969	D-Glucosamine 6-phosphate	inchikey_connectivity_formula_mass	2	FALSE	TRUE	2.94139999823528e-06	0.00735349999558821
CPD-9269	44788	MassBank	KO002192	Alliin	name_formula_mass	4	TRUE	TRUE	3.91460000059851e-06	0.00978650000149628
L-CITRULLINE	44789	MassBank	KO002531	Citrulline	inchikey	1	TRUE	TRUE	1.29920002223116e-06	0.0032480000555779
CPD-24844	44791	MassBank	KO001272	L-Lactic acid	inchikey	1	TRUE	TRUE	4.05890000365616e-06	0.0101472500091404
QUINATE	44793	MassBank	KO001747	Quinic acid	inchikey_connectivity_formula_mass	2	FALSE	TRUE	1.88219999586181e-06	0.00470549998965453
CPD-9245	44796	MassBank	KO001627	Palmitoleic acid	inchikey_connectivity_formula_mass	2	FALSE	TRUE	2.0720000293295e-07	0.000518000007332375
CPD-674	44800	MassBank	KO000402	trans-Cinnamic acid	inchikey_connectivity_formula_mass	2	FALSE	TRUE	4.98999980891313e-07	0.00124749995222828
CREATINE-P	44804	MassBank	KO009219	Phosphocreatine	inchikey_connectivity_formula_mass	2	FALSE	TRUE	3.04290000485707e-06	0.00760725001214269
CPD-7836	44806	MassBank	KO001385	Myristic acid	inchikey_connectivity_formula_mass	2	FALSE	TRUE	1.42999994068305e-07	0.000357499985170762
PYRIDOXAL_PHOSPHATE	44807	MassBank	KO001619	Pyridoxal 5'-phosphate	inchikey_connectivity_formula_mass	2	FALSE	TRUE	3.56879999685589e-06	0.00892199999213972
CPD-10507	44810	MassBank	KO003211	3-Indolebutyric acid	inchikey_connectivity_formula_mass	2	FALSE	TRUE	1.33329999130183e-06	0.00333324997825457
CPD-9269	44811	MassBank	KO002188	Alliin	name_formula_mass	4	TRUE	TRUE	3.91460000059851e-06	0.00978650000149628
PANTOTHENATE	44814	MassBank	KO001606	Pantothenic acid	inchikey_connectivity_formula_mass	2	FALSE	TRUE	2.6614000319114e-06	0.0066535000797785
TEREPHTHALATE	44815	MassBank	KO001958	Terephthalic acid	inchikey_connectivity_formula_mass	2	FALSE	TRUE	1.31900000610585e-06	0.00329750001526463
NACMUR	44816	MassBank	KO000289	N-Acetylmuramate	inchikey_connectivity_formula_mass	2	FALSE	TRUE	3.40809998533587e-06	0.00852024996333967
D-glucopyranose-6-phosphate	44819	MassBank	KO009110	Glucose 6-phosphate	inchikey_connectivity_formula_mass	2	FALSE	TRUE	1.47380001180863e-06	0.00368450002952159
D-GLUCARATE	44820	MassBank	KO001821	Glucaric acid	inchikey_connectivity_formula_mass	2	FALSE	TRUE	2.70219999265464e-06	0.0067554999816366
DEOXY-D-RIBOSE-1-PHOSPHATE	44826	MassBank	KO000550	2-Deoxyribose 1-phosphate	inchikey_connectivity_formula_mass	2	FALSE	TRUE	7.82200004323386e-07	0.00195550001080846
XANTHURENATE	44832	MassBank	KO002005	Xanthurenic acid	inchikey_connectivity_formula_mass	2	FALSE	TRUE	2.28170000582395e-06	0.00570425001455988
ILE	44847	MassBank	KO003172	L-Isoleucine	inchikey	1	TRUE	TRUE	1.33329999130183e-06	0.00333324997825457
ANTHRANILATE	44849	MassBank	KO002045	2-Aminobenzoic acid	inchikey_connectivity_formula_mass	2	FALSE	TRUE	1.52590001789576e-06	0.00381475004473941
CPD-9939	44854	MassBank	KO003100	Harmaline	name_formula_mass	4	TRUE	TRUE	3.08189999032038e-06	0.00770474997580095
Glucopyranose	44856	MassBank	KO000808	Glucose	inchikey	1	TRUE	TRUE	1.88219999586181e-06	0.00470549998965453
CPD-14609	44857	MassBank	KO002565	Castanospermine	inchikey_connectivity_formula_mass	2	FALSE	TRUE	2.02489999878708e-06	0.00506224999696769
BENZIMIDAZOLE	44858	MassBank	KO000333	Benzimidazole	inchikey	1	TRUE	TRUE	1.79699999591776e-06	0.0044924999897944
ADENOSINE	44860	MassBank	KO002041	Adenosine	inchikey	1	TRUE	TRUE	3.93170000734244e-06	0.00982925001835611
SANGUINARINE	44861	MassBank	KO004023	Sanguinarine	inchikey	1	FALSE	TRUE	1.00782797509999	2519.56993774996
2-FUROATE	44865	MassBank	KO000772	2-Furoic acid	inchikey_connectivity_formula_mass	2	FALSE	TRUE	3.99469999479152e-06	0.00998674998697879
VANILLATE	44871	MassBank	KO001153	Vanillic acid	inchikey_connectivity_formula_mass	2	FALSE	TRUE	1.25479999724121e-06	0.00313699999310302
CPD-14609	44873	MassBank	KO002566	Castanospermine	inchikey_connectivity_formula_mass	2	FALSE	TRUE	2.02489999878708e-06	0.00506224999696769
HOMO-SER	44874	MassBank	KO003061	L-Homoserine	inchikey	1	TRUE	TRUE	3.16039999859186e-06	0.00790099999647964
CPD-237	44877	MassBank	KO001221	Indole-3-acetamide	inchikey	1	TRUE	TRUE	2.9535000010128e-06	0.007383750002532
3-SULFINOALANINE	44882	MassBank	KO002532	3-Sulfinoalanine	inchikey_connectivity_formula_mass	2	FALSE	TRUE	1.59169999847109e-06	0.00397924999617771
URIDINE	44883	MassBank	KO004249	Uridine	inchikey	1	TRUE	TRUE	3.87179997574094e-06	0.00967949993935235
CPD-3617	44884	MassBank	KO000631	Capric acid	inchikey_connectivity_formula_mass	2	FALSE	TRUE	1.13800012968568e-07	0.00028450003242142
CPD-14483	44886	MassBank	KO008979	Glycyrrhetinate	name_formula_mass	4	FALSE	TRUE	3.49999709214899e-08	7.44142534031832e-05
D-Glucopyranuronate	44888	MassBank	KO000814	Glucuronate	inchikey_connectivity_formula_mass	2	FALSE	TRUE	2.67569998868566e-06	0.00668924997171416
4-hydroxybenzoate	44889	MassBank	KO000966	4-Hydroxybenzoic acid	inchikey_connectivity_formula_mass	2	FALSE	TRUE	4.05890000365616e-06	0.0101472500091404
ILE	44890	MassBank	KO003176	L-Isoleucine	inchikey	1	TRUE	TRUE	1.33329999130183e-06	0.00333324997825457
5-HYDROXY-L-LYSINE	44891	MassBank	KO003136	5-Hydroxylysine	name_formula_mass	4	FALSE	TRUE	2.3261000023922e-06	0.00581525000598049
L-ORNITHINE	44894	MassBank	KO003633	Ornithine	inchikey_connectivity_formula_mass	2	FALSE	TRUE	2.36019999988457e-06	0.00590049999971143
CANAVANINE	44895	MassBank	KO000490	Canavanine	inchikey_connectivity_formula_mass	2	FALSE	TRUE	2.72300013648419e-07	0.000680750034121047
THYMIDINE	44896	MassBank	KO009275	Thymidine	inchikey	1	TRUE	TRUE	1.5702999860423e-06	0.00392574996510575
HYDROXYMALONATE	44898	MassBank	KO001925	Hydroxypropanedioic acid	inchikey_connectivity_formula_mass	2	FALSE	TRUE	3.23889999265248e-06	0.00809724998163119
THYMINE	44899	MassBank	KO004100	Thymine	inchikey	1	TRUE	TRUE	2.5527999980568e-06	0.006381999995142
N-ACETYL-D-GLUCOSAMINE-1-P	44900	MassBank	KO002281	N-Acetylglucosamine 1-phosphate	inchikey_connectivity_formula_mass	2	FALSE	TRUE	2.37230000266209e-06	0.00593075000665522
PRO	44902	MassBank	KO001570	L-Proline	inchikey	1	TRUE	TRUE	1.46169999482026e-06	0.00365424998705066
GUANOSINE	44903	MassBank	KO002942	Guanosine	inchikey	1	TRUE	TRUE	4.4620003336604e-07	0.0011155000834151
BESTATIN	44904	MassBank	KO009092	(2R)-2-[[(2S,3R)-3-Amino-2-hydroxy-4-phenyl-butanoyl]amino]-4-methyl-pentanoic acid	inchikey	1	TRUE	TRUE	2.73079996304659e-06	0.00682699990761648
ATROPINE	44907	MassBank	KO003110	Hyoscyamine	name_formula_mass	4	FALSE	TRUE	3.6097999895901e-06	0.00902449997397525
L-HYOSCYAMINE	44907	MassBank	KO003110	Hyoscyamine	name_formula_mass	4	FALSE	TRUE	3.6097999895901e-06	0.00902449997397525
PICOLINATE	44908	MassBank	KO003731	Picolinic acid	inchikey_connectivity_formula_mass	2	FALSE	TRUE	1.59010001254956e-06	0.00397525003137389
ATROPINE	44909	MassBank	KO002226	Atropine	inchikey_connectivity_formula_mass	2	FALSE	TRUE	3.6097999895901e-06	0.00902449997397525
CPD-7999	44910	MassBank	KO001714	Phenyllactic acid	inchikey_connectivity_formula_mass	2	FALSE	TRUE	4.18729999296374e-06	0.0104682499824094
ISOVALERATE	44911	MassBank	KO001193	Isovaleric acid	inchikey_connectivity_formula_mass	2	FALSE	TRUE	4.34800000448377e-07	0.00108700000112094
L-CYSTATHIONINE	44913	MassBank	KO008910	L-Cystathionine	inchikey	1	TRUE	TRUE	2.36180000001696e-06	0.00590450000004239
GUANOSINE	44918	MassBank	KO000838	Guanosine	inchikey	1	TRUE	TRUE	4.4620003336604e-07	0.0011155000834151
CPD-402	44920	MassBank	KO003546	2-(Methylamino)benzoic acid	inchikey_connectivity_formula_mass	2	FALSE	TRUE	1.46170000903112e-06	0.0036542500225778
CPD-9035	44925	MassBank	KO001480	Methionine sulfoximine	inchikey	1	TRUE	TRUE	2.95190000088041e-06	0.00737975000220104
CPD-6041	44926	MassBank	KO003425	Amethopterin	name_formula_mass	4	FALSE	TRUE	4.14170000340164e-06	0.00911924610556831
CPD0-1264	44927	MassBank	KO001794	Suberic acid	inchikey_connectivity_formula_mass	2	FALSE	TRUE	1.06219999906898e-06	0.00265549999767245
5-HYDROXY-L-LYSINE	44928	MassBank	KO003133	5-Hydroxylysine	name_formula_mass	4	FALSE	TRUE	2.3261000023922e-06	0.00581525000598049
PYRIDOXINE	44931	MassBank	KO001640	Pyridoxine	inchikey	1	TRUE	TRUE	3.22459999324565e-06	0.00806149998311412
GUANOSINE	44932	MassBank	KO000842	Guanosine	inchikey	1	TRUE	TRUE	4.4620003336604e-07	0.0011155000834151
DODECANOATE	44935	MassBank	KO001289	Dodecanoic acid	inchikey_connectivity_formula_mass	2	FALSE	TRUE	1.46000047607231e-08	3.65000119018077e-05
INDOLE_ACETATE_AUXIN	44936	MassBank	KO003216	Indoleacetic acid	inchikey_connectivity_formula_mass	2	FALSE	TRUE	1.46170000903112e-06	0.0036542500225778
ADENOSINE	44937	MassBank	KO000013	Adenosine	inchikey	1	TRUE	TRUE	3.93170000734244e-06	0.00982925001835611
CPD-4210	44938	MassBank	KO002020	Zeatin	inchikey	1	TRUE	TRUE	6.54000018585066e-08	0.000163500004646266
CPD-309	44941	MassBank	KO001542	Octopine	name_formula_mass	4	TRUE	TRUE	4.91299999794137e-06	0.0122824999948534
SARCOSINE	44944	MassBank	KO003988	Sarcosine	inchikey	1	TRUE	TRUE	1.52590000368491e-06	0.00381475000921228
3-SULFINOALANINE	44945	MassBank	KO002535	3-Sulfinoalanine	inchikey_connectivity_formula_mass	2	FALSE	TRUE	1.59169999847109e-06	0.00397924999617771
4-AMINO-BUTYRATE	44952	MassBank	KO002028	gamma-Aminobutyric acid	inchikey	1	TRUE	TRUE	1.46169999482026e-06	0.00365424998705066
23-Diaminopropanoate	44953	MassBank	KO002669	2,3-Diaminopropionate	inchikey_connectivity_formula_mass	2	FALSE	TRUE	2.48860000340301e-06	0.00622150000850752
4-FLUOROBENZOATE	44955	MassBank	KO000782	4-Fluorobenzoic acid	inchikey_connectivity_formula_mass	2	FALSE	TRUE	2.39529998680155e-06	0.00598824996700387
N-ACETYL-D-GLUCOSAMINE-6-P	44957	MassBank	KO000242	N-Acetyl-D-Glucosamine 6-Phosphate	inchikey_connectivity_formula_mass	2	FALSE	TRUE	2.37230000266209e-06	0.00593075000665522
25-DIAMINOPENTANOATE	44961	MassBank	KO003640	D-Ornithine	name_formula_mass	4	FALSE	TRUE	2.36019999988457e-06	0.00590049999971143
PURINE	44962	MassBank	KO003752	Purine	inchikey	1	TRUE	TRUE	3.85079999887239e-06	0.00962699999718097
N-ALPHA-ACETYLORNITHINE	44965	MassBank	KO002092	N2-Acetylornithine	inchikey	1	TRUE	TRUE	2.3261000023922e-06	0.00581525000598049
BENZIMIDAZOLE	44967	MassBank	KO002437	Benzimidazole	inchikey	1	TRUE	TRUE	1.79699999591776e-06	0.0044924999897944
ANILINE	44968	MassBank	KO002165	Aniline	inchikey	1	TRUE	TRUE	7.7010000154587e-07	0.00192525000386468
4-AMINO-BUTYRATE	44969	MassBank	KO002030	gamma-Aminobutyric acid	inchikey	1	TRUE	TRUE	1.46169999482026e-06	0.00365424998705066
AICAR	44974	MassBank	KO000208	AICAR	inchikey_connectivity_formula_mass	2	FALSE	TRUE	1.09000097836542e-08	2.72500244591356e-05
O-PHENANTHROLINE	44975	MassBank	KO003776	1,10-Phenanthroline	inchikey	1	TRUE	TRUE	1.73279997284226e-06	0.00433199993210565
MANNOSE-1P	44978	MassBank	KO001460	D-Mannose 1-phosphate	inchikey_connectivity_formula_mass	2	FALSE	TRUE	1.47380001180863e-06	0.00368450002952159
MELILOTATE	44980	MassBank	KO001680	3-(2-Hydroxyphenyl)propanoic acid	inchikey_connectivity_formula_mass	2	FALSE	TRUE	4.18729999296374e-06	0.0104682499824094
TREHALOSE-6P	44981	MassBank	KO009302	Trehalose 6-phosphate	inchikey_connectivity_formula_mass	2	FALSE	TRUE	1.95770002164863e-06	0.00463819236059479
CPD-9195	44983	MassBank	KO002374	Ampicillin	inchikey	1	TRUE	TRUE	3.19609995358405e-06	0.00799024988396013
3-CARBOXY-3-HYDROXY-ISOCAPROATE	44989	MassBank	KO001239	2-Isopropylmalate	name_formula_mass	4	FALSE	TRUE	3.4957000139002e-06	0.00873925003475051
CPD-238	44993	MassBank	KO002295	N-Acetylarylamine	name_formula_mass	4	TRUE	TRUE	3.9162000007309e-06	0.00979050000182724
D-SORBITOL-6-P	44995	MassBank	KO001838	Sorbitol 6-phosphate	inchikey_connectivity_formula_mass	2	FALSE	TRUE	1.40959997452228e-06	0.0035239999363057
GLUTARATE	44996	MassBank	KO000875	Glutaric acid	inchikey_connectivity_formula_mass	2	FALSE	TRUE	1.25479999724121e-06	0.00313699999310302
CADAVERINE	44997	MassBank	KO002545	Cadaverine	inchikey_connectivity_formula_mass	2	FALSE	TRUE	1.54020000309174e-06	0.00385050000772935
L-ASPARTATE	45000	MassBank	KO002063	L-Aspartic acid	inchikey_connectivity_formula_mass	2	FALSE	TRUE	2.28170000582395e-06	0.00570425001455988
CPD-764	45001	MassBank	KO003843	Phosphonoacetate	inchikey_connectivity_formula_mass	2	FALSE	TRUE	2.18999986145718e-07	0.000547499965364295
CPD-12479	45005	MassBank	KO000313	Theophylline	inchikey	1	TRUE	TRUE	4.47819999749299e-06	0.0111954999937325
N-ALPHA-ACETYLORNITHINE	45008	MassBank	KO002088	N2-Acetylornithine	inchikey	1	TRUE	TRUE	2.3261000023922e-06	0.00581525000598049
CPD-7682	45009	MassBank	KO001191	Isoguvacine	name_formula_mass	4	FALSE	TRUE	1.46169999482026e-06	0.00365424998705066
SUC	45010	MassBank	KO001784	Succinic acid	inchikey_connectivity_formula_mass	2	FALSE	TRUE	1.31900000610585e-06	0.00329750001526463
TYRAMINE	45012	MassBank	KO004084	Tyramine	inchikey_connectivity_formula_mass	2	FALSE	TRUE	3.98040000959554e-06	0.00995100002398885
CPD-14609	45014	MassBank	KO002562	Castanospermine	inchikey_connectivity_formula_mass	2	FALSE	TRUE	2.02489999878708e-06	0.00506224999696769
D-glucopyranose-6-phosphate	45016	MassBank	KO002914	Glucose 6-phosphate	inchikey_connectivity_formula_mass	2	FALSE	TRUE	1.47380001180863e-06	0.00368450002952159
TYRAMINE	45017	MassBank	KO004082	Tyramine	inchikey_connectivity_formula_mass	2	FALSE	TRUE	3.98040000959554e-06	0.00995100002398885
GLUTATHIONE	45020	MassBank	KO000828	Glutathione	inchikey_connectivity_formula_mass	2	FALSE	TRUE	4.01610003564201e-06	0.010040250089105
CPD-205	45021	MassBank	KO001651	Pimelic acid	inchikey_connectivity_formula_mass	2	FALSE	TRUE	1.12639997951192e-06	0.00281599994877979
THIAMINE	45022	MassBank	KO001937	Thiamine	inchikey	1	FALSE	TRUE	1.00782191070005	2519.55477675011
5-OXOPROLINE	45023	MassBank	KO003818	Pyroglutamic acid	inchikey_connectivity_formula_mass	2	FALSE	TRUE	3.09620000393807e-06	0.00774050000984516
B-ALANINE	45025	MassBank	KO002081	beta-Alanine	inchikey	1	TRUE	TRUE	1.52590000368491e-06	0.00381475000921228
L-PIPECOLATE	45027	MassBank	KO001634	L-Pipecolic acid	inchikey	1	TRUE	TRUE	1.39750000016647e-06	0.00349375000041618
CPD-303	45029	MassBank	KO002598	Cyclohexylamine	inchikey_connectivity_formula_mass	2	FALSE	TRUE	5.77500003373643e-07	0.00144375000843411
CPD-7682	45031	MassBank	KO001189	Isoguvacine	name_formula_mass	4	FALSE	TRUE	1.46169999482026e-06	0.00365424998705066
L-2-AMINOHEXANOATE	45032	MassBank	KO001522	L-Norleucine	inchikey	1	TRUE	TRUE	1.33329999130183e-06	0.00333324997825457
CPD0-1625	45033	MassBank	KO009120	Methylene blue	inchikey	1	FALSE	TRUE	1.00782831550003	2519.57078875009
CPD-14483	45034	MassBank	KO008978	Glycyrrhetinate	name_formula_mass	4	FALSE	TRUE	3.49999709214899e-08	7.44142534031832e-05
2K-4CH3-PENTANOATE	45036	MassBank	KO001323	Ketoleucine	inchikey_connectivity_formula_mass	2	FALSE	TRUE	4.18729999296374e-06	0.0104682499824094
AGMATHINE	45039	MassBank	KO002256	Agmatine	inchikey_connectivity_formula_mass	2	FALSE	TRUE	3.52979998297087e-06	0.00882449995742718
CPD-4604	45042	MassBank	KO002462	6-Benzylaminopurine	inchikey	1	TRUE	TRUE	4.62090000041826e-06	0.0115522500010456
D-glucopyranose-6-phosphate	45043	MassBank	KO002918	Glucose 6-phosphate	inchikey_connectivity_formula_mass	2	FALSE	TRUE	1.47380001180863e-06	0.00368450002952159
2-DEOXYGLUCOSE-6-PHOSPHATE	45046	MassBank	KO000655	2-Deoxyglucose 6-phosphate	name_formula_mass	4	FALSE	TRUE	3.90409999795338e-06	0.00976024999488345
THIAMINE	45048	MassBank	KO004188	Thiamine	inchikey	1	FALSE	TRUE	1.00782191070005	2519.55477675011
5-HYDROXY-L-LYSINE	45050	MassBank	KO003135	5-Hydroxylysine	name_formula_mass	4	FALSE	TRUE	2.3261000023922e-06	0.00581525000598049
THYMIDINE	45053	MassBank	KO009273	Thymidine	inchikey	1	TRUE	TRUE	1.5702999860423e-06	0.00392574996510575
PYRIDOXINE	45054	MassBank	KO003756	Pyridoxine	inchikey	1	TRUE	TRUE	3.22459999324565e-06	0.00806149998311412
ARABINOSE-5P	45055	MassBank	KO000250	D-Arabinose 5-phosphate	inchikey_connectivity_formula_mass	2	FALSE	TRUE	3.83990001751044e-06	0.00959975004377611
CPD-4210	45059	MassBank	KO002021	Zeatin	inchikey	1	TRUE	TRUE	6.54000018585066e-08	0.000163500004646266
XANTHURENATE	45060	MassBank	KO002006	Xanthurenic acid	inchikey_connectivity_formula_mass	2	FALSE	TRUE	2.28170000582395e-06	0.00570425001455988
N-ACETYLNEURAMINATE	45061	MassBank	KO008825	N-Acetylneuraminate	inchikey_connectivity_formula_mass	2	FALSE	TRUE	1.21400006491967e-06	0.00303500016229918
CPD-18719	45071	MassBank	KO000746	Fructose 6-phosphate	inchikey_connectivity_formula_mass	2	FALSE	TRUE	1.47380001180863e-06	0.00368450002952159
CPD-14483	45073	MassBank	KO000934	Glycyrrhetinate	name_formula_mass	4	FALSE	TRUE	3.49999709214899e-08	7.44142534031832e-05
NIACINE	45075	MassBank	KO001504	Nicotinic acid	inchikey_connectivity_formula_mass	2	FALSE	TRUE	1.59010001254956e-06	0.00397525003137389
GLN	45077	MassBank	KO000846	L-Glutamine	inchikey	1	TRUE	TRUE	2.1976999846629e-06	0.00549424996165726
THIAMINE	45080	MassBank	KO004189	Thiamine	inchikey	1	FALSE	TRUE	1.00782191070005	2519.55477675011
GLUCONATE	45088	MassBank	KO000865	Gluconic acid	inchikey_connectivity_formula_mass	2	FALSE	TRUE	2.73989999755031e-06	0.00684974999387578
HEXANOATE	45091	MassBank	KO000426	Caproic acid	inchikey_connectivity_formula_mass	2	FALSE	TRUE	3.70600005794586e-07	0.000926500014486464
2K-ADIPATE	45095	MassBank	KO001260	Oxoadipic acid	inchikey_connectivity_formula_mass	2	FALSE	TRUE	3.36729999617091e-06	0.00841824999042728
HYPOXANTHINE	45097	MassBank	KO003075	Hypoxanthine	inchikey	1	TRUE	TRUE	7.71299994539731e-07	0.00192824998634933
L-CITRULLINE	45099	MassBank	KO002527	Citrulline	inchikey	1	TRUE	TRUE	1.29920002223116e-06	0.0032480000555779
CPD-3462	45103	MassBank	KO002269	N8-Acetylspermidine	inchikey_connectivity_formula_mass	2	FALSE	TRUE	2.31179998877451e-06	0.00577949997193627
PYRIDOXAMINE-5P	45104	MassBank	KO003884	Pyridoxamine 5'-phosphate	inchikey_connectivity_formula_mass	2	FALSE	TRUE	1.95179995898798e-06	0.00487949989746994
ANTHRANILATE	45106	MassBank	KO000017	2-Aminobenzoic acid	inchikey_connectivity_formula_mass	2	FALSE	TRUE	1.52590001789576e-06	0.00381475004473941
INDOLEYL-CPD	45108	MassBank	KO003202	3-Indoleacetonitrile	inchikey	1	TRUE	TRUE	1.73279997284226e-06	0.00433199993210565
NICOTINE	45112	MassBank	KO003606	Nicotine	inchikey_connectivity_formula_mass	2	FALSE	TRUE	1.54020000309174e-06	0.00385050000772935
N-ACETYL-5-METHOXY-TRYPTAMINE	45113	MassBank	KO003435	Melatonin	inchikey	1	TRUE	TRUE	2.23180001057699e-06	0.00557950002644247
CPD-183	45114	MassBank	KO000888	Gallic acid	inchikey_connectivity_formula_mass	2	FALSE	TRUE	3.30309998730627e-06	0.00825774996826567
CPD-3746	45116	MassBank	KO001356	Mesylate	inchikey_connectivity_formula_mass	2	FALSE	TRUE	4.68469998793353e-06	0.0117117499698338
THYMIDINE	45120	MassBank	KO001883	Thymidine	inchikey	1	TRUE	TRUE	1.5702999860423e-06	0.00392574996510575
CPD-9939	45122	MassBank	KO003099	Harmaline	name_formula_mass	4	TRUE	TRUE	3.08189999032038e-06	0.00770474997580095
ADENOSINE	45125	MassBank	KO000012	Adenosine	inchikey	1	TRUE	TRUE	3.93170000734244e-06	0.00982925001835611
L-2-AMINOHEXANOATE	45128	MassBank	KO001521	L-Norleucine	inchikey	1	TRUE	TRUE	1.33329999130183e-06	0.00333324997825457
HOMOARGININE	45130	MassBank	KO003144	Homo-L-arginine	inchikey_connectivity_formula_mass	2	FALSE	TRUE	4.22139999045612e-06	0.0105534999761403
THYMINE	45133	MassBank	KO004097	Thymine	inchikey	1	TRUE	TRUE	2.5527999980568e-06	0.006381999995142
DEOXYADENOSINE	45134	MassBank	KO002726	Deoxyadenosine	inchikey	1	TRUE	TRUE	6.90400014491388e-07	0.00172600003622847
3-P-SERINE	45140	MassBank	KO003786	Phosphoserine	inchikey_connectivity_formula_mass	2	FALSE	TRUE	3.50460001641295e-06	0.00876150004103238
N-ACETYL-5-METHOXY-TRYPTAMINE	45142	MassBank	KO003432	Melatonin	inchikey	1	TRUE	TRUE	2.23180001057699e-06	0.00557950002644247
HYPOXANTHINE	45143	MassBank	KO003074	Hypoxanthine	inchikey	1	TRUE	TRUE	7.71299994539731e-07	0.00192824998634933
3-HYDROXY-PROPIONATE	45145	MassBank	KO001149	Hydroxypropionic acid	inchikey_connectivity_formula_mass	2	FALSE	TRUE	4.05890000365616e-06	0.0101472500091404
CPD-468	45146	MassBank	KO000167	Aminoadipic acid	inchikey_connectivity_formula_mass	2	FALSE	TRUE	2.15330001651637e-06	0.00538325004129092
THYMIDINE	45148	MassBank	KO001885	Thymidine	inchikey	1	TRUE	TRUE	1.5702999860423e-06	0.00392574996510575
CPD-13245	45151	MassBank	KO000275	8-Anilino-1-naphthalene sulfonate	inchikey_connectivity_formula_mass	2	FALSE	TRUE	3.97880006630658e-06	0.00994700016576644
CPD-1131	45155	MassBank	KO000439	2-Carboxybenzaldehyde	inchikey_connectivity_formula_mass	2	FALSE	TRUE	4.05890000365616e-06	0.0101472500091404
CPD-9939	45156	MassBank	KO003101	Harmaline	name_formula_mass	4	TRUE	TRUE	3.08189999032038e-06	0.00770474997580095
ASN	45157	MassBank	KO002062	L-Asparagine	inchikey	1	TRUE	TRUE	2.13349997579826e-06	0.00533374993949565
TYR	45162	MassBank	KO004068	L-Tyrosine	inchikey	1	TRUE	TRUE	3.22459999324565e-06	0.00806149998311412
TARTRATE	45164	MassBank	KO001901	Tartaric acid	inchikey_connectivity_formula_mass	2	FALSE	TRUE	2.07479999403404e-06	0.00518699998508509
CPD-10507	45165	MassBank	KO001216	3-Indolebutyric acid	inchikey_connectivity_formula_mass	2	FALSE	TRUE	1.33329999130183e-06	0.00333324997825457
PROTOPINE	45166	MassBank	KO009201	Protopine	inchikey	1	TRUE	TRUE	2.72559998393263e-06	0.00681399995983156
CPD-313	45168	MassBank	KO002660	1,3-Diaminopropane	inchikey_connectivity_formula_mass	2	FALSE	TRUE	1.66860000661018e-06	0.00417150001652544
CPDQT-42	45169	MassBank	KO003993	Sulfanilamide	name_formula_mass	4	TRUE	TRUE	1.798600010261e-06	0.00449650002565249
MALEATE	45170	MassBank	KO001361	Maleic acid	inchikey_connectivity_formula_mass	2	FALSE	TRUE	1.38320000075964e-06	0.00345800000189911
CPD-7836	45171	MassBank	KO001387	Myristic acid	inchikey_connectivity_formula_mass	2	FALSE	TRUE	1.42999994068305e-07	0.000357499985170762
SARCOSINE	45172	MassBank	KO003990	Sarcosine	inchikey	1	TRUE	TRUE	1.52590000368491e-06	0.00381475000921228
CPD-3746	45174	MassBank	KO001488	Mesylate	inchikey_connectivity_formula_mass	2	FALSE	TRUE	4.68469998793353e-06	0.0117117499698338
L-CITRULLINE	45175	MassBank	KO002528	Citrulline	inchikey	1	TRUE	TRUE	1.29920002223116e-06	0.0032480000555779
P-AMINO-BENZOATE	45176	MassBank	KO000088	p-Aminobenzoic acid	inchikey_connectivity_formula_mass	2	FALSE	TRUE	1.52590001789576e-06	0.00381475004473941
BERBERINE	45179	MassBank	KO002477	Berberine	inchikey	1	FALSE	TRUE	1.0078281035	2519.57025875001
D-Glucopyranuronate	45182	MassBank	KO000815	Glucuronate	inchikey_connectivity_formula_mass	2	FALSE	TRUE	2.67569998868566e-06	0.00668924997171416
BENZOATE	45184	MassBank	KO000319	Benzoic acid	inchikey_connectivity_formula_mass	2	FALSE	TRUE	5.63199989755958e-07	0.0014079999743899
THR	45185	MassBank	KO004105	L-Threonine	inchikey	1	TRUE	TRUE	3.16039999859186e-06	0.00790099999647964
L-2-AMINOPENTANOIC-ACID	45187	MassBank	KO003596	Norvaline	inchikey	1	TRUE	TRUE	1.39750000016647e-06	0.00349375000041618
PROPIONATE	45189	MassBank	KO001589	Propionic acid	inchikey_connectivity_formula_mass	2	FALSE	TRUE	5.63199989755958e-07	0.0014079999743899
PHTHALATE	45191	MassBank	KO001695	Phthalic acid	inchikey_connectivity_formula_mass	2	FALSE	TRUE	1.31900000610585e-06	0.00329750001526463
PHTHALATE	45192	MassBank	KO001691	Phthalic acid	inchikey_connectivity_formula_mass	2	FALSE	TRUE	1.31900000610585e-06	0.00329750001526463
VANILLATE	45195	MassBank	KO001152	Vanillic acid	inchikey_connectivity_formula_mass	2	FALSE	TRUE	1.25479999724121e-06	0.00313699999310302
CPD-9269	45198	MassBank	KO002190	Alliin	name_formula_mass	4	TRUE	TRUE	3.91460000059851e-06	0.00978650000149628
SARCOSINE	45199	MassBank	KO003989	Sarcosine	inchikey	1	TRUE	TRUE	1.52590000368491e-06	0.00381475000921228
N-ACETYLNEURAMINATE	45200	MassBank	KO000036	N-Acetylneuraminate	inchikey_connectivity_formula_mass	2	FALSE	TRUE	1.21400006491967e-06	0.00303500016229918
CPD-18719	45201	MassBank	KO000748	Fructose 6-phosphate	inchikey_connectivity_formula_mass	2	FALSE	TRUE	1.47380001180863e-06	0.00368450002952159
PYRIDOXAL	45202	MassBank	KO003685	Pyridoxal	inchikey	1	TRUE	TRUE	3.160399984381e-06	0.0079009999609525
ISATIN	45203	MassBank	KO003197	1H-Indole-2,3-dione	inchikey	1	TRUE	TRUE	1.5900999983387e-06	0.00397524999584675
TYR	45204	MassBank	KO004071	L-Tyrosine	inchikey	1	TRUE	TRUE	3.22459999324565e-06	0.00806149998311412
threo-ds-iso-citrate	45205	MassBank	KO001164	Isocitric acid	name_formula_mass	4	TRUE	TRUE	2.61150000824273e-06	0.00652875002060682
GLUCOSAMINE	45206	MassBank	KO002997	beta-D-Glucosamine	name_formula_mass	4	FALSE	TRUE	2.53300004260382e-06	0.00633250010650954
PUROMYCIN	45207	MassBank	KO001689	Puromycin	name_formula_mass	4	FALSE	TRUE	2.92219999664667e-06	0.00620130997583296
5-METHYLTHIOADENOSINE	45217	MassBank	KO002724	5'-Methylthioadenosine	inchikey	1	TRUE	TRUE	6.38000301478314e-08	0.000159500075369579
CPD-4604	45220	MassBank	KO002461	6-Benzylaminopurine	inchikey	1	TRUE	TRUE	4.62090000041826e-06	0.0115522500010456
CPD-237	45224	MassBank	KO001222	Indole-3-acetamide	inchikey	1	TRUE	TRUE	2.9535000010128e-06	0.007383750002532
CPD-3617	45228	MassBank	KO000633	Capric acid	inchikey_connectivity_formula_mass	2	FALSE	TRUE	1.13800012968568e-07	0.00028450003242142
ORCINOL-CPD	45231	MassBank	KO001551	Orcinol	inchikey	1	TRUE	TRUE	4.98999995102167e-07	0.00124749998775542
DEOXYGUANOSINE	45235	MassBank	KO000619	Deoxyguanosine	inchikey	1	TRUE	TRUE	3.93170000734244e-06	0.00982925001835611
PROPIONATE	45239	MassBank	KO001588	Propionic acid	inchikey_connectivity_formula_mass	2	FALSE	TRUE	5.63199989755958e-07	0.0014079999743899
CPD-8915	45243	MassBank	KO002978	3-(Dimethylaminomethyl)indole	inchikey_connectivity_formula_mass	2	FALSE	TRUE	1.54020000309174e-06	0.00385050000772935
L-PIPECOLATE	45244	MassBank	KO003743	L-Pipecolic acid	inchikey	1	TRUE	TRUE	1.39750000016647e-06	0.00349375000041618
DETHIOBIOTIN	45245	MassBank	KO002731	Desthiobiotin	name_formula_mass	4	FALSE	TRUE	2.45449999169978e-06	0.00613624997924944
PYRIDINE	45249	MassBank	KO003723	Pyridine	inchikey	1	TRUE	TRUE	8.34299996199661e-07	0.00208574999049915
CPD-10507	45252	MassBank	KO003209	3-Indolebutyric acid	inchikey_connectivity_formula_mass	2	FALSE	TRUE	1.33329999130183e-06	0.00333324997825457
3-HYDROXY-PROPIONATE	45254	MassBank	KO001145	Hydroxypropionic acid	inchikey_connectivity_formula_mass	2	FALSE	TRUE	4.05890000365616e-06	0.0101472500091404
CPD-4604	45257	MassBank	KO000338	6-Benzylaminopurine	inchikey	1	TRUE	TRUE	4.62090000041826e-06	0.0115522500010456
2-COUMARATE	45262	MassBank	KO000443	2-Hydroxycinnamic acid	inchikey_connectivity_formula_mass	2	FALSE	TRUE	4.12310001252081e-06	0.010307750031302
CPD0-1104	45264	MassBank	KO000298	Azetidine-2-carboxylate	name_formula_mass	4	TRUE	TRUE	1.52590000368491e-06	0.00381475000921228
DOPAMINE	45265	MassBank	KO000579	Dopamine	inchikey_connectivity_formula_mass	2	FALSE	TRUE	1.39750000016647e-06	0.00349375000041618
CPD-238	45268	MassBank	KO002293	N-Acetylarylamine	name_formula_mass	4	TRUE	TRUE	3.9162000007309e-06	0.00979050000182724
LEU	45269	MassBank	KO001263	L-Leucine	inchikey	1	TRUE	TRUE	1.33329999130183e-06	0.00333324997825457
CPD0-1264	45271	MassBank	KO003986	Suberic acid	inchikey_connectivity_formula_mass	2	FALSE	TRUE	1.06219999906898e-06	0.00265549999767245
PIPERIDINE	45272	MassBank	KO003706	Piperidine	inchikey_connectivity_formula_mass	2	FALSE	TRUE	6.41699998027434e-07	0.00160424999506859
ANTHRANILATE	45274	MassBank	KO000014	2-Aminobenzoic acid	inchikey_connectivity_formula_mass	2	FALSE	TRUE	1.52590001789576e-06	0.00381475004473941
FERULIC-ACID	45276	MassBank	KO001106	Ferulic acid	inchikey_connectivity_formula_mass	2	FALSE	TRUE	1.19059998837656e-06	0.0029764999709414
PROTOPINE	45278	MassBank	KO003812	Protopine	inchikey	1	TRUE	TRUE	2.72559998393263e-06	0.00681399995983156
SANGUINARINE	45279	MassBank	KO009237	Sanguinarine	inchikey	1	FALSE	TRUE	1.00782797509999	2519.56993774996
L-2-AMINOHEXANOATE	45280	MassBank	KO003599	L-Norleucine	inchikey	1	TRUE	TRUE	1.33329999130183e-06	0.00333324997825457
LEU	45283	MassBank	KO003281	L-Leucine	inchikey	1	TRUE	TRUE	1.33329999130183e-06	0.00333324997825457
GLUCOSAMINE	45284	MassBank	KO002996	beta-D-Glucosamine	name_formula_mass	4	FALSE	TRUE	2.53300004260382e-06	0.00633250010650954
L-CYSTATHIONINE	45286	MassBank	KO002572	L-Cystathionine	inchikey	1	TRUE	TRUE	2.36180000001696e-06	0.00590450000004239
CPD0-1942	45291	MassBank	KO002421	L-alpha-Aminobutyric acid	inchikey	1	TRUE	TRUE	1.46169999482026e-06	0.00365424998705066
1-3-7-TRIMETHYLXANTHINE	45297	MassBank	KO002537	Caffeine	inchikey	1	TRUE	TRUE	4.41399998862835e-06	0.0110349999715709
N-ACETYL-D-GLUCOSAMINE-6-P	45305	MassBank	KO000238	N-Acetyl-D-Glucosamine 6-Phosphate	inchikey_connectivity_formula_mass	2	FALSE	TRUE	2.37230000266209e-06	0.00593075000665522
URIDINE	45308	MassBank	KO004248	Uridine	inchikey	1	TRUE	TRUE	3.87179997574094e-06	0.00967949993935235
GLC-1-P	45310	MassBank	KO000857	Glucose 1-phosphate	inchikey_connectivity_formula_mass	2	FALSE	TRUE	1.47380001180863e-06	0.00368450002952159
ALLOCRYPTOPINE	45311	MassBank	KO002319	alpha-Allocryptopine	inchikey	1	TRUE	TRUE	2.85400000166192e-06	0.00713500000415479
3-HYDROXY-BUTYRATE	45314	MassBank	KO001011	3-Hydroxybutyric acid	name_formula_mass	4	FALSE	TRUE	4.12309999830995e-06	0.0103077499957749
2K-4CH3-PENTANOATE	45316	MassBank	KO001322	Ketoleucine	inchikey_connectivity_formula_mass	2	FALSE	TRUE	4.18729999296374e-06	0.0104682499824094
TRP	45322	MassBank	KO001868	L-Tryptophan	inchikey	1	TRUE	TRUE	2.36019999988457e-06	0.00590049999971143
BESTATIN	45323	MassBank	KO002463	(2R)-2-[[(2S,3R)-3-Amino-2-hydroxy-4-phenyl-butanoyl]amino]-4-methyl-pentanoic acid	inchikey	1	TRUE	TRUE	2.73079996304659e-06	0.00682699990761648
DIFLUOROMETHYLORNITHINE	45326	MassBank	KO003153	(-)-2-Difluoromethylornithine	inchikey_connectivity_formula_mass	2	FALSE	TRUE	4.03979998964132e-06	0.0100994999741033
1-3-7-TRIMETHYLXANTHINE	45327	MassBank	KO002541	Caffeine	inchikey	1	TRUE	TRUE	4.41399998862835e-06	0.0110349999715709
5-OXOPROLINE	45332	MassBank	KO003649	Pyroglutamic acid	inchikey_connectivity_formula_mass	2	FALSE	TRUE	3.09620000393807e-06	0.00774050000984516
URACIL	45335	MassBank	KO001973	Uracil	inchikey	1	TRUE	TRUE	2.61700000692144e-06	0.00654250001730361
CPD-195	45338	MassBank	KO000435	Caprylic acid	inchikey_connectivity_formula_mass	2	FALSE	TRUE	2.42200002276149e-07	0.000605500005690374
AGMATHINE	45344	MassBank	KO002254	Agmatine	inchikey_connectivity_formula_mass	2	FALSE	TRUE	3.52979998297087e-06	0.00882449995742718
N-ALPHA-ACETYLORNITHINE	45349	MassBank	KO000057	N2-Acetylornithine	inchikey	1	TRUE	TRUE	2.3261000023922e-06	0.00581525000598049
CARBAMYUL-L-ASPARTATE	45351	MassBank	KO000413	Ureidosuccinic acid	inchikey_connectivity_formula_mass	2	FALSE	TRUE	1.37770001629178e-06	0.00344425004072946
LEU	45352	MassBank	KO003280	L-Leucine	inchikey	1	TRUE	TRUE	1.33329999130183e-06	0.00333324997825457
BETAINE_ALDEHYDE	45358	MassBank	KO002499	Betaine aldehyde	inchikey	1	FALSE	TRUE	1.0078240446	2519.5601115
CPD-3746	45363	MassBank	KO001358	Mesylate	inchikey_connectivity_formula_mass	2	FALSE	TRUE	4.68469998793353e-06	0.0117117499698338
CPD-110	45364	MassBank	KO001004	Salicylic acid	inchikey_connectivity_formula_mass	2	FALSE	TRUE	4.05890000365616e-06	0.0101472500091404
5-OXOPROLINE	45365	MassBank	KO003820	Pyroglutamic acid	inchikey_connectivity_formula_mass	2	FALSE	TRUE	3.09620000393807e-06	0.00774050000984516
CPD-674	45369	MassBank	KO000404	trans-Cinnamic acid	inchikey_connectivity_formula_mass	2	FALSE	TRUE	4.98999980891313e-07	0.00124749995222828
CPD-12479	45372	MassBank	KO002411	Theophylline	inchikey	1	TRUE	TRUE	4.47819999749299e-06	0.0111954999937325
CPD-183	45373	MassBank	KO000892	Gallic acid	inchikey_connectivity_formula_mass	2	FALSE	TRUE	3.30309998730627e-06	0.00825774996826567
4-FLUOROBENZOATE	45379	MassBank	KO000781	4-Fluorobenzoic acid	inchikey_connectivity_formula_mass	2	FALSE	TRUE	2.39529998680155e-06	0.00598824996700387
THR	45384	MassBank	KO004104	L-Threonine	inchikey	1	TRUE	TRUE	3.16039999859186e-06	0.00790099999647964
DEOXYCYTIDINE	45386	MassBank	KO000610	Deoxycytidine	inchikey	1	TRUE	TRUE	4.07869998753085e-06	0.0101967499688271
N-ACETYLNEURAMINATE	45388	MassBank	KO002071	N-Acetylneuraminate	inchikey_connectivity_formula_mass	2	FALSE	TRUE	1.21400006491967e-06	0.00303500016229918
MANNOSE-1P	45389	MassBank	KO001458	D-Mannose 1-phosphate	inchikey_connectivity_formula_mass	2	FALSE	TRUE	1.47380001180863e-06	0.00368450002952159
GLUTAMIDE	45390	MassBank	KO002924	D-Glutamine	inchikey	1	TRUE	TRUE	2.1976999846629e-06	0.00549424996165726
VANILLATE	45393	MassBank	KO001151	Vanillic acid	inchikey_connectivity_formula_mass	2	FALSE	TRUE	1.25479999724121e-06	0.00313699999310302
L-ASPARTATE	45394	MassBank	KO002065	L-Aspartic acid	inchikey_connectivity_formula_mass	2	FALSE	TRUE	2.28170000582395e-06	0.00570425001455988
CPD-237	45396	MassBank	KO001224	Indole-3-acetamide	inchikey	1	TRUE	TRUE	2.9535000010128e-06	0.007383750002532
PICOLINATE	45398	MassBank	KO003732	Picolinic acid	inchikey_connectivity_formula_mass	2	FALSE	TRUE	1.59010001254956e-06	0.00397525003137389
NIACINE	45400	MassBank	KO003591	Nicotinic acid	inchikey_connectivity_formula_mass	2	FALSE	TRUE	1.59010001254956e-06	0.00397525003137389
CPD-16631	45402	MassBank	KO000268	Beta-Tyrosine	name_formula_mass	4	TRUE	TRUE	3.22459999324565e-06	0.00806149998311412
D-SORBITOL-6-P	45404	MassBank	KO009248	Sorbitol 6-phosphate	inchikey_connectivity_formula_mass	2	FALSE	TRUE	1.40959997452228e-06	0.0035239999363057
PHENYLETHYLAMINE	45408	MassBank	KO003796	Phenylethylamine	inchikey_connectivity_formula_mass	2	FALSE	TRUE	6.41699998027434e-07	0.00160424999506859
THYMINE	45409	MassBank	KO001886	Thymine	inchikey	1	TRUE	TRUE	2.5527999980568e-06	0.006381999995142
5-AMINO-LEVULINATE	45414	MassBank	KO002154	5-Aminolevulinic acid	inchikey	1	TRUE	TRUE	3.160399984381e-06	0.0079009999609525
5-OXOPROLINE	45415	MassBank	KO001535	Pyroglutamic acid	inchikey_connectivity_formula_mass	2	FALSE	TRUE	3.09620000393807e-06	0.00774050000984516
3-PHENYLPROPIONATE	45416	MassBank	KO001708	Hydrocinnamic acid	inchikey_connectivity_formula_mass	2	FALSE	TRUE	4.34800000448377e-07	0.00108700000112094
PROTOPINE	45417	MassBank	KO009205	Protopine	inchikey	1	TRUE	TRUE	2.72559998393263e-06	0.00681399995983156
3-HYDROXY-BUTYRATE	45420	MassBank	KO001010	3-Hydroxybutyric acid	name_formula_mass	4	FALSE	TRUE	4.12309999830995e-06	0.0103077499957749
INOSINE	45423	MassBank	KO001174	Inosine	inchikey	1	TRUE	TRUE	4.83499945858057e-07	0.00120874986464514
GALACTOSAMINE	45425	MassBank	KO002984	Galactosamine	name_formula_mass	4	FALSE	TRUE	2.53300004260382e-06	0.00633250010650954
O-PHENANTHROLINE	45427	MassBank	KO003777	1,10-Phenanthroline	inchikey	1	TRUE	TRUE	1.73279997284226e-06	0.00433199993210565
2-FLUOROBENZOATE	45428	MassBank	KO000785	o-Fluorobenzoate	inchikey_connectivity_formula_mass	2	FALSE	TRUE	2.39529998680155e-06	0.00598824996700387
PUROMYCIN	45430	MassBank	KO003830	Puromycin	name_formula_mass	4	FALSE	TRUE	2.92219999664667e-06	0.00620130997583296
N-ACETYL-5-METHOXY-TRYPTAMINE	45440	MassBank	KO009066	Melatonin	inchikey	1	TRUE	TRUE	2.23180001057699e-06	0.00557950002644247
CAFFEOYLQUINATE	45441	MassBank	KO002578	Chlorogenic acid	inchikey_connectivity_formula_mass	2	FALSE	TRUE	2.17669997937264e-06	0.00544174994843161
2-COUMARATE	45442	MassBank	KO000444	2-Hydroxycinnamic acid	inchikey_connectivity_formula_mass	2	FALSE	TRUE	4.12310001252081e-06	0.010307750031302
INOSINE	45444	MassBank	KO001172	Inosine	inchikey	1	TRUE	TRUE	4.83499945858057e-07	0.00120874986464514
CPD-404	45445	MassBank	KO001433	N-methyl-L-glutamic Acid	inchikey_connectivity_formula_mass	2	FALSE	TRUE	2.15330001651637e-06	0.00538325004129092
DEOXYADENOSINE	45446	MassBank	KO002728	Deoxyadenosine	inchikey	1	TRUE	TRUE	6.90400014491388e-07	0.00172600003622847
L-2-AMINOPENTANOIC-ACID	45447	MassBank	KO003595	Norvaline	inchikey	1	TRUE	TRUE	1.39750000016647e-06	0.00349375000041618
GLYCEROL-3P	45452	MassBank	KO003033	Glycerol 3-phosphate	inchikey_connectivity_formula_mass	2	FALSE	TRUE	4.53150002499569e-06	0.0113287500624892
DEOXY-RIBOSE-5P	45457	MassBank	KO000565	2-Deoxyribose 5'-phosphate	inchikey_connectivity_formula_mass	2	FALSE	TRUE	7.82200004323386e-07	0.00195550001080846
CPD-6041	45458	MassBank	KO009064	Amethopterin	name_formula_mass	4	FALSE	TRUE	4.14170000340164e-06	0.00911924610556831
SER	45459	MassBank	KO001780	L-Serine	inchikey	1	TRUE	TRUE	3.09619998972721e-06	0.00774049997431803
ACETYL-GLU	45460	MassBank	KO002085	N-Acetyl-L-glutamic acid	inchikey_connectivity_formula_mass	2	FALSE	TRUE	2.46880000531746e-06	0.00617200001329365
N-ALPHA-ACETYLORNITHINE	45461	MassBank	KO000058	N2-Acetylornithine	inchikey	1	TRUE	TRUE	2.3261000023922e-06	0.00581525000598049
D-SORBITOL-6-P	45464	MassBank	KO004044	Sorbitol 6-phosphate	inchikey_connectivity_formula_mass	2	FALSE	TRUE	1.40959997452228e-06	0.0035239999363057
GLYCERATE	45467	MassBank	KO000858	Glyceric acid	inchikey_connectivity_formula_mass	2	FALSE	TRUE	1.31900000610585e-06	0.00329750001526463
CPD0-1264	45468	MassBank	KO003985	Suberic acid	inchikey_connectivity_formula_mass	2	FALSE	TRUE	1.06219999906898e-06	0.00265549999767245
N-ACETYL-D-GLUCOSAMINE-1-P	45469	MassBank	KO002278	N-Acetylglucosamine 1-phosphate	inchikey_connectivity_formula_mass	2	FALSE	TRUE	2.37230000266209e-06	0.00593075000665522
DEOXYGUANOSINE	45470	MassBank	KO002706	Deoxyguanosine	inchikey	1	TRUE	TRUE	3.93170000734244e-06	0.00982925001835611
PHE	45471	MassBank	KO001564	L-Phenylalanine	inchikey	1	TRUE	TRUE	1.39750000016647e-06	0.00349375000041618
CPD-3762	45473	MassBank	KO000215	5-Aminoimidazole-4-carboxamide	name_formula_mass	4	TRUE	TRUE	8.35500003404377e-07	0.00208875000851094
5-AMINOPENTANOATE	45478	MassBank	KO002312	5-Aminopentanoic acid	inchikey	1	TRUE	TRUE	1.39750000016647e-06	0.00349375000041618
CPD-9939	45481	MassBank	KO008995	Harmaline	name_formula_mass	4	TRUE	TRUE	3.08189999032038e-06	0.00770474997580095
CPD-183	45483	MassBank	KO000891	Gallic acid	inchikey_connectivity_formula_mass	2	FALSE	TRUE	3.30309998730627e-06	0.00825774996826567
CPD0-1264	45488	MassBank	KO001797	Suberic acid	inchikey_connectivity_formula_mass	2	FALSE	TRUE	1.06219999906898e-06	0.00265549999767245
ISOVALERATE	45489	MassBank	KO001195	Isovaleric acid	inchikey_connectivity_formula_mass	2	FALSE	TRUE	4.34800000448377e-07	0.00108700000112094
PHE	45492	MassBank	KO003670	L-Phenylalanine	inchikey	1	TRUE	TRUE	1.39750000016647e-06	0.00349375000041618
SHIKIMATE	45493	MassBank	KO001790	Shikimic acid	inchikey_connectivity_formula_mass	2	FALSE	TRUE	3.43150000503556e-06	0.0085787500125889
CPD-402	45499	MassBank	KO001482	2-(Methylamino)benzoic acid	inchikey_connectivity_formula_mass	2	FALSE	TRUE	1.46170000903112e-06	0.0036542500225778
ISOVALERATE	45501	MassBank	KO001194	Isovaleric acid	inchikey_connectivity_formula_mass	2	FALSE	TRUE	4.34800000448377e-07	0.00108700000112094
TARTRATE	45504	MassBank	KO001899	Tartaric acid	inchikey_connectivity_formula_mass	2	FALSE	TRUE	2.07479999403404e-06	0.00518699998508509
4-AMINO-BUTYRATE	45505	MassBank	KO000001	gamma-Aminobutyric acid	inchikey	1	TRUE	TRUE	1.46169999482026e-06	0.00365424998705066
5-AMINOPENTANOATE	45506	MassBank	KO002311	5-Aminopentanoic acid	inchikey	1	TRUE	TRUE	1.39750000016647e-06	0.00349375000041618
Thiopurine-Methylethers	45508	MassBank	KO003508	6-Methylmercaptopurine	inchikey	1	TRUE	TRUE	3.09659998265488e-06	0.0077414999566372
D-Mannosamines	45509	MassBank	KO003482	Mannosamine	inchikey_connectivity_formula_mass	2	FALSE	TRUE	2.53300004260382e-06	0.00633250010650954
CPD-9384	45510	MassBank	KO000699	L-Theanine	inchikey	1	TRUE	TRUE	2.3261000023922e-06	0.00581525000598049
1-3-7-TRIMETHYLXANTHINE	45511	MassBank	KO002538	Caffeine	inchikey	1	TRUE	TRUE	4.41399998862835e-06	0.0110349999715709
BESTATIN	45513	MassBank	KO009091	(2R)-2-[[(2S,3R)-3-Amino-2-hydroxy-4-phenyl-butanoyl]amino]-4-methyl-pentanoic acid	inchikey	1	TRUE	TRUE	2.73079996304659e-06	0.00682699990761648
PRO	45515	MassBank	KO001568	L-Proline	inchikey	1	TRUE	TRUE	1.46169999482026e-06	0.00365424998705066
GLC-1-P	45516	MassBank	KO000853	Glucose 1-phosphate	inchikey_connectivity_formula_mass	2	FALSE	TRUE	1.47380001180863e-06	0.00368450002952159
LYS	45517	MassBank	KO003286	L-Lysine	inchikey_connectivity_formula_mass	2	FALSE	TRUE	2.29599999101993e-06	0.00573999997754981
BETAINE_ALDEHYDE	45519	MassBank	KO002500	Betaine aldehyde	inchikey	1	FALSE	TRUE	1.0078240446	2519.5601115
SER	45520	MassBank	KO003967	L-Serine	inchikey	1	TRUE	TRUE	3.09619998972721e-06	0.00774049997431803
CPD-14483	45521	MassBank	KO008981	Glycyrrhetinate	name_formula_mass	4	FALSE	TRUE	3.49999709214899e-08	7.44142534031832e-05
5-METHYLTHIOADENOSINE	45522	MassBank	KO002725	5'-Methylthioadenosine	inchikey	1	TRUE	TRUE	6.38000301478314e-08	0.000159500075369579
3-HYDROXYBENZOATE	45525	MassBank	KO001002	3-Hydroxybenzoic acid	inchikey_connectivity_formula_mass	2	FALSE	TRUE	4.05890000365616e-06	0.0101472500091404
PYRIDOXAMINE	45527	MassBank	KO001729	Pyridoxamine	inchikey_connectivity_formula_mass	2	FALSE	TRUE	2.36019999988457e-06	0.00590049999971143
BESTATIN	45529	MassBank	KO000341	(2R)-2-[[(2S,3R)-3-Amino-2-hydroxy-4-phenyl-butanoyl]amino]-4-methyl-pentanoic acid	inchikey	1	TRUE	TRUE	2.73079996304659e-06	0.00682699990761648
N-ACETYL-D-GLUCOSAMINE-1-P	45530	MassBank	KO000176	N-Acetylglucosamine 1-phosphate	inchikey_connectivity_formula_mass	2	FALSE	TRUE	2.37230000266209e-06	0.00593075000665522
N-ACETYL-5-METHOXY-TRYPTAMINE	45533	MassBank	KO001407	Melatonin	inchikey	1	TRUE	TRUE	2.23180001057699e-06	0.00557950002644247
SINAPATE	45535	MassBank	KO001823	Sinapic acid	inchikey_connectivity_formula_mass	2	FALSE	TRUE	3.4957000139002e-06	0.00873925003475051
4-hydroxybenzoate	45536	MassBank	KO000965	4-Hydroxybenzoic acid	inchikey_connectivity_formula_mass	2	FALSE	TRUE	4.05890000365616e-06	0.0101472500091404
N-ACETYL-5-METHOXY-TRYPTAMINE	45537	MassBank	KO001411	Melatonin	inchikey	1	TRUE	TRUE	2.23180001057699e-06	0.00557950002644247
NACMUR	45545	MassBank	KO000287	N-Acetylmuramate	inchikey_connectivity_formula_mass	2	FALSE	TRUE	3.40809998533587e-06	0.00852024996333967
3-P-SERINE	45546	MassBank	KO003785	Phosphoserine	inchikey_connectivity_formula_mass	2	FALSE	TRUE	3.50460001641295e-06	0.00876150004103238
CPD-110	45548	MassBank	KO001003	Salicylic acid	inchikey_connectivity_formula_mass	2	FALSE	TRUE	4.05890000365616e-06	0.0101472500091404
CPD-4210	45551	MassBank	KO002018	Zeatin	inchikey	1	TRUE	TRUE	6.54000018585066e-08	0.000163500004646266
CPD-205	45552	MassBank	KO001655	Pimelic acid	inchikey_connectivity_formula_mass	2	FALSE	TRUE	1.12639997951192e-06	0.00281599994877979
PYRIDOXAL	45553	MassBank	KO003683	Pyridoxal	inchikey	1	TRUE	TRUE	3.160399984381e-06	0.0079009999609525
CPD-490	45557	MassBank	KO002008	Xylose 1-phosphate	inchikey_connectivity_formula_mass	2	FALSE	TRUE	3.83990001751044e-06	0.00959975004377611
CPD-7836	45559	MassBank	KO001388	Myristic acid	inchikey_connectivity_formula_mass	2	FALSE	TRUE	1.42999994068305e-07	0.000357499985170762
25-DIAMINOPENTANOATE	45562	MassBank	KO003638	D-Ornithine	name_formula_mass	4	FALSE	TRUE	2.36019999988457e-06	0.00590049999971143
GLYCEROL-3P	45571	MassBank	KO003029	Glycerol 3-phosphate	inchikey_connectivity_formula_mass	2	FALSE	TRUE	4.53150002499569e-06	0.0113287500624892
CPD-9939	45574	MassBank	KO003102	Harmaline	name_formula_mass	4	TRUE	TRUE	3.08189999032038e-06	0.00770474997580095
2K-4CH3-PENTANOATE	45575	MassBank	KO001321	Ketoleucine	inchikey_connectivity_formula_mass	2	FALSE	TRUE	4.18729999296374e-06	0.0104682499824094
CPD-7051	45576	MassBank	KO004233	Trifluoperazine	inchikey_connectivity_formula_mass	2	FALSE	TRUE	3.07599998450314e-06	0.00755468974383293
THIAMINE	45577	MassBank	KO009294	Thiamine	inchikey	1	FALSE	TRUE	1.00782191070005	2519.55477675011
SER	45578	MassBank	KO003969	L-Serine	inchikey	1	TRUE	TRUE	3.09619998972721e-06	0.00774049997431803
LYS	45581	MassBank	KO003282	L-Lysine	inchikey_connectivity_formula_mass	2	FALSE	TRUE	2.29599999101993e-06	0.00573999997754981
BUTYRIC_ACID	45582	MassBank	KO000328	Butyric acid	inchikey_connectivity_formula_mass	2	FALSE	TRUE	4.99000009313022e-07	0.00124750002328256
NICOTINE	45583	MassBank	KO003602	Nicotine	inchikey_connectivity_formula_mass	2	FALSE	TRUE	1.54020000309174e-06	0.00385050000772935
L-ORNITHINE	45593	MassBank	KO003634	Ornithine	inchikey_connectivity_formula_mass	2	FALSE	TRUE	2.36019999988457e-06	0.00590049999971143
GLN	45597	MassBank	KO002944	L-Glutamine	inchikey	1	TRUE	TRUE	2.1976999846629e-06	0.00549424996165726
CPD-12479	45599	MassBank	KO000312	Theophylline	inchikey	1	TRUE	TRUE	4.47819999749299e-06	0.0111954999937325
HIS	45600	MassBank	KO003055	L-Histidine	inchikey	1	TRUE	TRUE	3.45129998891025e-06	0.00862824997227563
LINOLEIC_ACID	45601	MassBank	KO001295	Linoleic acid	inchikey_connectivity_formula_mass	2	FALSE	TRUE	2.71399983375886e-07	0.000678499958439716
THYMIDINE	45603	MassBank	KO004096	Thymidine	inchikey	1	TRUE	TRUE	1.5702999860423e-06	0.00392574996510575
PYRIDINE	45607	MassBank	KO003727	Pyridine	inchikey	1	TRUE	TRUE	8.34299996199661e-07	0.00208574999049915
ACRYLATE	45609	MassBank	KO000077	Acrylic acid	inchikey_connectivity_formula_mass	2	FALSE	TRUE	6.27399998620604e-07	0.00156849999655151
GLC-1-P	45614	MassBank	KO000952	Glucose 1-phosphate	inchikey_connectivity_formula_mass	2	FALSE	TRUE	1.47380001180863e-06	0.00368450002952159
CPD-110	45617	MassBank	KO001007	Salicylic acid	inchikey_connectivity_formula_mass	2	FALSE	TRUE	4.05890000365616e-06	0.0101472500091404
HYPOXANTHINE	45618	MassBank	KO000987	Hypoxanthine	inchikey	1	TRUE	TRUE	7.71299994539731e-07	0.00192824998634933
S-LACTOYL-GLUTATHIONE	45619	MassBank	KO009026	S-Lactoylglutathione	inchikey_connectivity_formula_mass	2	FALSE	TRUE	4.64350000584091e-06	0.0116087500146023
3-HYDROXYBENZOATE	45622	MassBank	KO001001	3-Hydroxybenzoic acid	inchikey_connectivity_formula_mass	2	FALSE	TRUE	4.05890000365616e-06	0.0101472500091404
HIS	45623	MassBank	KO000960	L-Histidine	inchikey	1	TRUE	TRUE	3.45129998891025e-06	0.00862824997227563
SCOPOLAMINE	45624	MassBank	KO009236	Scopolamine	inchikey	1	TRUE	TRUE	1.83230002903656e-06	0.0045807500725914
CPD-205	45626	MassBank	KO001652	Pimelic acid	inchikey_connectivity_formula_mass	2	FALSE	TRUE	1.12639997951192e-06	0.00281599994877979
CPD-237	45629	MassBank	KO001225	Indole-3-acetamide	inchikey	1	TRUE	TRUE	2.9535000010128e-06	0.007383750002532
DEOXY-D-RIBOSE-1-PHOSPHATE	45630	MassBank	KO000549	2-Deoxyribose 1-phosphate	inchikey_connectivity_formula_mass	2	FALSE	TRUE	7.82200004323386e-07	0.00195550001080846
PICOLINATE	45631	MassBank	KO003729	Picolinic acid	inchikey_connectivity_formula_mass	2	FALSE	TRUE	1.59010001254956e-06	0.00397525003137389
GLC-1-P	45632	MassBank	KO000948	Glucose 1-phosphate	inchikey_connectivity_formula_mass	2	FALSE	TRUE	1.47380001180863e-06	0.00368450002952159
AICAR	45633	MassBank	KO000207	AICAR	inchikey_connectivity_formula_mass	2	FALSE	TRUE	1.09000097836542e-08	2.72500244591356e-05
LYS	45635	MassBank	KO003284	L-Lysine	inchikey_connectivity_formula_mass	2	FALSE	TRUE	2.29599999101993e-06	0.00573999997754981
GLUCOSAMINE	45637	MassBank	KO002994	beta-D-Glucosamine	name_formula_mass	4	FALSE	TRUE	2.53300004260382e-06	0.00633250010650954
HYPOXANTHINE	45638	MassBank	KO003077	Hypoxanthine	inchikey	1	TRUE	TRUE	7.71299994539731e-07	0.00192824998634933
CPD-3762	45640	MassBank	KO000213	5-Aminoimidazole-4-carboxamide	name_formula_mass	4	TRUE	TRUE	8.35500003404377e-07	0.00208875000851094
10-HYDROXYDECANOATE	45643	MassBank	KO001112	10-Hydroxydecanoic acid	inchikey_connectivity_formula_mass	2	FALSE	TRUE	4.50829998044355e-06	0.0112707499511089
MAL	45644	MassBank	KO001305	Malic acid	inchikey_connectivity_formula_mass	2	FALSE	TRUE	3.30309998730627e-06	0.00825774996826567
5-OXOPROLINE	45645	MassBank	KO001539	Pyroglutamic acid	inchikey_connectivity_formula_mass	2	FALSE	TRUE	3.09620000393807e-06	0.00774050000984516
OXIDIZED-GLUTATHIONE	45647	MassBank	KO002931	Oxidized glutathione	inchikey_connectivity_formula_mass	2	FALSE	TRUE	1.90359992302547e-06	0.00310968524401338
CANAVANINE	45648	MassBank	KO000494	Canavanine	inchikey_connectivity_formula_mass	2	FALSE	TRUE	2.72300013648419e-07	0.000680750034121047
CPD-313	45651	MassBank	KO002657	1,3-Diaminopropane	inchikey_connectivity_formula_mass	2	FALSE	TRUE	1.66860000661018e-06	0.00417150001652544
5-OXOPROLINE	45654	MassBank	KO003650	Pyroglutamic acid	inchikey_connectivity_formula_mass	2	FALSE	TRUE	3.09620000393807e-06	0.00774050000984516
PROTOPINE	45658	MassBank	KO009208	Protopine	inchikey	1	TRUE	TRUE	2.72559998393263e-06	0.00681399995983156
PUROMYCIN	45660	MassBank	KO001690	Puromycin	name_formula_mass	4	FALSE	TRUE	2.92219999664667e-06	0.00620130997583296
2-KETO-ISOVALERATE	45663	MassBank	KO001317	alpha-Ketoisovaleric acid	inchikey_connectivity_formula_mass	2	FALSE	TRUE	4.12309999830995e-06	0.0103077499957749
PYRIDOXAMINE	45667	MassBank	KO001726	Pyridoxamine	inchikey_connectivity_formula_mass	2	FALSE	TRUE	2.36019999988457e-06	0.00590049999971143
P-AMINO-BENZOATE	45668	MassBank	KO002119	p-Aminobenzoic acid	inchikey_connectivity_formula_mass	2	FALSE	TRUE	1.52590001789576e-06	0.00381475004473941
CARBAMYUL-L-ASPARTATE	45670	MassBank	KO000411	Ureidosuccinic acid	inchikey_connectivity_formula_mass	2	FALSE	TRUE	1.37770001629178e-06	0.00344425004072946
URACIL	45673	MassBank	KO001974	Uracil	inchikey	1	TRUE	TRUE	2.61700000692144e-06	0.00654250001730361
GLT	45679	MassBank	KO000848	L-Glutamic acid	inchikey_connectivity_formula_mass	2	FALSE	TRUE	2.2174999969593e-06	0.00554374999239826
CPD-15318	45681	MassBank	KO001754	D-Ribose 5-phosphate	inchikey_connectivity_formula_mass	2	FALSE	TRUE	3.83990001751044e-06	0.00959975004377611
GLT	45685	MassBank	KO000852	L-Glutamic acid	inchikey_connectivity_formula_mass	2	FALSE	TRUE	2.2174999969593e-06	0.00554374999239826
CPD-12479	45688	MassBank	KO004136	Theophylline	inchikey	1	TRUE	TRUE	4.47819999749299e-06	0.0111954999937325
PHOSPHORYL-ETHANOLAMINE	45691	MassBank	KO000707	O-Phosphoethanolamine	inchikey_connectivity_formula_mass	2	FALSE	TRUE	4.26039997591943e-06	0.0106509999397986
GLN	45694	MassBank	KO000847	L-Glutamine	inchikey	1	TRUE	TRUE	2.1976999846629e-06	0.00549424996165726
ACETYLCHOLINE	45697	MassBank	KO002182	Acetylcholine	inchikey	1	FALSE	TRUE	1.00782879510001	2519.57198775003
BESTATIN	45698	MassBank	KO002467	(2R)-2-[[(2S,3R)-3-Amino-2-hydroxy-4-phenyl-butanoyl]amino]-4-methyl-pentanoic acid	inchikey	1	TRUE	TRUE	2.73079996304659e-06	0.00682699990761648
CPD-13612	45700	MassBank	KO002739	Sphinganine	inchikey_connectivity_formula_mass	2	FALSE	TRUE	4.98700046591694e-07	0.00124675011647923
ARABINOSE-5P	45701	MassBank	KO000252	D-Arabinose 5-phosphate	inchikey_connectivity_formula_mass	2	FALSE	TRUE	3.83990001751044e-06	0.00959975004377611
ANTHRANILATE	45702	MassBank	KO000016	2-Aminobenzoic acid	inchikey_connectivity_formula_mass	2	FALSE	TRUE	1.52590001789576e-06	0.00381475004473941
ETHIONINE	45704	MassBank	KO002877	Ethionine	inchikey	1	TRUE	TRUE	6.43299983948964e-07	0.00160824995987241
MELILOTATE	45707	MassBank	KO001678	3-(2-Hydroxyphenyl)propanoic acid	inchikey_connectivity_formula_mass	2	FALSE	TRUE	4.18729999296374e-06	0.0104682499824094
D-GLUCOSAMINE-6-P	45711	MassBank	KO002957	Glucosamine 6-phosphate	inchikey_connectivity_formula_mass	2	FALSE	TRUE	2.94139999823528e-06	0.00735349999558821
25-DIAMINOPENTANOATE	45712	MassBank	KO003637	D-Ornithine	name_formula_mass	4	FALSE	TRUE	2.36019999988457e-06	0.00590049999971143
OXIDIZED-GLUTATHIONE	45713	MassBank	KO008987	Oxidized glutathione	inchikey_connectivity_formula_mass	2	FALSE	TRUE	1.90359992302547e-06	0.00310968524401338
CPD-9939	45715	MassBank	KO001020	Harmaline	name_formula_mass	4	TRUE	TRUE	3.08189999032038e-06	0.00770474997580095
HISTIDINOL	45717	MassBank	KO003141	L-Histidinol	inchikey_connectivity_formula_mass	2	FALSE	TRUE	1.99079997287299e-06	0.00497699993218248
PHE	45718	MassBank	KO001567	L-Phenylalanine	inchikey	1	TRUE	TRUE	1.39750000016647e-06	0.00349375000041618
SCOPOLAMINE	45719	MassBank	KO004015	Scopolamine	inchikey	1	TRUE	TRUE	1.83230002903656e-06	0.0045807500725914
PYRIDOXAL_PHOSPHATE	45724	MassBank	KO001616	Pyridoxal 5'-phosphate	inchikey_connectivity_formula_mass	2	FALSE	TRUE	3.56879999685589e-06	0.00892199999213972
CPD-4609	45727	MassBank	KO008962	Kinetin	inchikey	1	TRUE	TRUE	6.30000158707844e-08	0.000157500039676961
L-ORNITHINE	45729	MassBank	KO003632	Ornithine	inchikey_connectivity_formula_mass	2	FALSE	TRUE	2.36019999988457e-06	0.00590049999971143
CPD-4604	45731	MassBank	KO000336	6-Benzylaminopurine	inchikey	1	TRUE	TRUE	4.62090000041826e-06	0.0115522500010456
CPD-6041	45733	MassBank	KO003423	Amethopterin	name_formula_mass	4	FALSE	TRUE	4.14170000340164e-06	0.00911924610556831
N-ETHYLMALEIMIDE	45735	MassBank	KO002830	N-ethylmaleimide	inchikey	1	TRUE	TRUE	1.52590000368491e-06	0.00381475000921228
HYPOXANTHINE	45739	MassBank	KO000985	Hypoxanthine	inchikey	1	TRUE	TRUE	7.71299994539731e-07	0.00192824998634933
GLN	45740	MassBank	KO000845	L-Glutamine	inchikey	1	TRUE	TRUE	2.1976999846629e-06	0.00549424996165726
CPD-4604	45741	MassBank	KO002459	6-Benzylaminopurine	inchikey	1	TRUE	TRUE	4.62090000041826e-06	0.0115522500010456
L-ORNITHINE	45749	MassBank	KO003636	Ornithine	inchikey_connectivity_formula_mass	2	FALSE	TRUE	2.36019999988457e-06	0.00590049999971143
TRP	45750	MassBank	KO004072	L-Tryptophan	inchikey	1	TRUE	TRUE	2.36019999988457e-06	0.00590049999971143
CPD-4609	45756	MassBank	KO002890	Kinetin	inchikey	1	TRUE	TRUE	6.30000158707844e-08	0.000157500039676961
CARBAMYUL-L-ASPARTATE	45758	MassBank	KO000415	Ureidosuccinic acid	inchikey_connectivity_formula_mass	2	FALSE	TRUE	1.37770001629178e-06	0.00344425004072946
RIBOSE-1P	45759	MassBank	KO001769	Ribose 1-phosphate	inchikey_connectivity_formula_mass	2	FALSE	TRUE	3.83990001751044e-06	0.00959975004377611
PYRIDOXINE	45760	MassBank	KO003757	Pyridoxine	inchikey	1	TRUE	TRUE	3.22459999324565e-06	0.00806149998311412
1-3-7-TRIMETHYLXANTHINE	45761	MassBank	KO002540	Caffeine	inchikey	1	TRUE	TRUE	4.41399998862835e-06	0.0110349999715709
CPD-9384	45762	MassBank	KO000702	L-Theanine	inchikey	1	TRUE	TRUE	2.3261000023922e-06	0.00581525000598049
CPD-238	45763	MassBank	KO000195	N-Acetylarylamine	name_formula_mass	4	TRUE	TRUE	3.9162000007309e-06	0.00979050000182724
CPD-7051	45764	MassBank	KO004231	Trifluoperazine	inchikey_connectivity_formula_mass	2	FALSE	TRUE	3.07599998450314e-06	0.00755468974383293
CPD-402	45767	MassBank	KO001485	2-(Methylamino)benzoic acid	inchikey_connectivity_formula_mass	2	FALSE	TRUE	1.46170000903112e-06	0.0036542500225778
BENZIMIDAZOLE	45774	MassBank	KO002435	Benzimidazole	inchikey	1	TRUE	TRUE	1.79699999591776e-06	0.0044924999897944
HOMOGENTISATE	45777	MassBank	KO001078	Homogentisic acid	inchikey_connectivity_formula_mass	2	FALSE	TRUE	1.25479999724121e-06	0.00313699999310302
XANTHURENATE	45778	MassBank	KO002007	Xanthurenic acid	inchikey_connectivity_formula_mass	2	FALSE	TRUE	2.28170000582395e-06	0.00570425001455988
CPD-12479	45779	MassBank	KO004132	Theophylline	inchikey	1	TRUE	TRUE	4.47819999749299e-06	0.0111954999937325
MET	45780	MassBank	KO001313	L-Methionine	inchikey	1	TRUE	TRUE	7.07499992813609e-07	0.00176874998203402
SANGUINARINE	45781	MassBank	KO009240	Sanguinarine	inchikey	1	FALSE	TRUE	1.00782797509999	2519.56993774996
PANTOTHENATE	45782	MassBank	KO003699	Pantothenic acid	inchikey_connectivity_formula_mass	2	FALSE	TRUE	2.6614000319114e-06	0.0066535000797785
2K-ADIPATE	45783	MassBank	KO001256	Oxoadipic acid	inchikey_connectivity_formula_mass	2	FALSE	TRUE	3.36729999617091e-06	0.00841824999042728
L-ALPHA-ALANINE	45786	MassBank	KO000021	L-Alanine	inchikey	1	TRUE	TRUE	1.52590000368491e-06	0.00381475000921228
CPD-3746	45787	MassBank	KO001491	Mesylate	inchikey_connectivity_formula_mass	2	FALSE	TRUE	4.68469998793353e-06	0.0117117499698338
GLT	45788	MassBank	KO002952	L-Glutamic acid	inchikey_connectivity_formula_mass	2	FALSE	TRUE	2.2174999969593e-06	0.00554374999239826
PIPERIDINE	45789	MassBank	KO003709	Piperidine	inchikey_connectivity_formula_mass	2	FALSE	TRUE	6.41699998027434e-07	0.00160424999506859
CPD0-1491	45794	MassBank	KO002132	Amitrole	inchikey	1	TRUE	TRUE	3.85079999887239e-06	0.00962699999718097
5-HYDROXY-L-LYSINE	45797	MassBank	KO001089	5-Hydroxylysine	name_formula_mass	4	FALSE	TRUE	2.3261000023922e-06	0.00581525000598049
S-LACTOYL-GLUTATHIONE	45798	MassBank	KO001291	S-Lactoylglutathione	inchikey_connectivity_formula_mass	2	FALSE	TRUE	4.64350000584091e-06	0.0116087500146023
SER	45799	MassBank	KO001781	L-Serine	inchikey	1	TRUE	TRUE	3.09619998972721e-06	0.00774049997431803
ATROPINE	45803	MassBank	KO003112	Hyoscyamine	name_formula_mass	4	FALSE	TRUE	3.6097999895901e-06	0.00902449997397525
L-HYOSCYAMINE	45803	MassBank	KO003112	Hyoscyamine	name_formula_mass	4	FALSE	TRUE	3.6097999895901e-06	0.00902449997397525
CPD-3617	45804	MassBank	KO000629	Capric acid	inchikey_connectivity_formula_mass	2	FALSE	TRUE	1.13800012968568e-07	0.00028450003242142
INDOLE_PYRUVATE	45805	MassBank	KO001168	Indolepyruvate	inchikey_connectivity_formula_mass	2	FALSE	TRUE	3.160399984381e-06	0.0079009999609525
PSEUDOTROPINE	45806	MassBank	KO004119	Tropine	inchikey_connectivity_formula_mass	2	FALSE	TRUE	4.10879999890312e-06	0.0102719999972578
PYRIDOXAMINE-5P	45808	MassBank	KO001721	Pyridoxamine 5'-phosphate	inchikey_connectivity_formula_mass	2	FALSE	TRUE	1.95179995898798e-06	0.00487949989746994
ALLOCRYPTOPINE	45809	MassBank	KO002321	alpha-Allocryptopine	inchikey	1	TRUE	TRUE	2.85400000166192e-06	0.00713500000415479
INOSINE	45810	MassBank	KO001170	Inosine	inchikey	1	TRUE	TRUE	4.83499945858057e-07	0.00120874986464514
CPD-309	45812	MassBank	KO009140	Octopine	name_formula_mass	4	TRUE	TRUE	4.91299999794137e-06	0.0122824999948534
5-HYDROXY-L-LYSINE	45813	MassBank	KO001086	5-Hydroxylysine	name_formula_mass	4	FALSE	TRUE	2.3261000023922e-06	0.00581525000598049
TEREPHTHALATE	45815	MassBank	KO001959	Terephthalic acid	inchikey_connectivity_formula_mass	2	FALSE	TRUE	1.31900000610585e-06	0.00329750001526463
CPD0-1265	45816	MassBank	KO000125	Azelaic acid	inchikey_connectivity_formula_mass	2	FALSE	TRUE	9.97999990204335e-07	0.00249499997551084
ASN	45817	MassBank	KO002060	L-Asparagine	inchikey	1	TRUE	TRUE	2.13349997579826e-06	0.00533374993949565
MALONATE	45819	MassBank	KO001335	Malonic acid	inchikey_connectivity_formula_mass	2	FALSE	TRUE	1.38320000075964e-06	0.00345800000189911
NACMUR	45820	MassBank	KO002366	N-Acetylmuramate	inchikey_connectivity_formula_mass	2	FALSE	TRUE	3.40809998533587e-06	0.00852024996333967
GLN	45821	MassBank	KO002946	L-Glutamine	inchikey	1	TRUE	TRUE	2.1976999846629e-06	0.00549424996165726
CPD-470	45822	MassBank	KO002673	L-2,4-diaminobutyric acid	inchikey_connectivity_formula_mass	2	FALSE	TRUE	2.42439999453836e-06	0.0060609999863459
GLC-1-P	45825	MassBank	KO000951	Glucose 1-phosphate	inchikey_connectivity_formula_mass	2	FALSE	TRUE	1.47380001180863e-06	0.00368450002952159
PYRIDOXAL	45827	MassBank	KO003684	Pyridoxal	inchikey	1	TRUE	TRUE	3.160399984381e-06	0.0079009999609525
PYRIDOXAMINE-5P	45832	MassBank	KO003887	Pyridoxamine 5'-phosphate	inchikey_connectivity_formula_mass	2	FALSE	TRUE	1.95179995898798e-06	0.00487949989746994
D-ALANINE	45839	MassBank	KO002050	D-Alanine	inchikey	1	TRUE	TRUE	1.52590000368491e-06	0.00381475000921228
D-SORBITOL-6-P	45843	MassBank	KO004042	Sorbitol 6-phosphate	inchikey_connectivity_formula_mass	2	FALSE	TRUE	1.40959997452228e-06	0.0035239999363057
THYMIDINE	45848	MassBank	KO004095	Thymidine	inchikey	1	TRUE	TRUE	1.5702999860423e-06	0.00392574996510575
L-ASPARTATE	45851	MassBank	KO002066	L-Aspartic acid	inchikey_connectivity_formula_mass	2	FALSE	TRUE	2.28170000582395e-06	0.00570425001455988
DEOXYCYTIDINE	45854	MassBank	KO008941	Deoxycytidine	inchikey	1	TRUE	TRUE	4.07869998753085e-06	0.0101967499688271
ALLOCRYPTOPINE	45856	MassBank	KO002322	alpha-Allocryptopine	inchikey	1	TRUE	TRUE	2.85400000166192e-06	0.00713500000415479
HOMOARGININE	45857	MassBank	KO003147	Homo-L-arginine	inchikey_connectivity_formula_mass	2	FALSE	TRUE	4.22139999045612e-06	0.0105534999761403
PROTOPINE	45859	MassBank	KO009203	Protopine	inchikey	1	TRUE	TRUE	2.72559998393263e-06	0.00681399995983156
B-ALANINE	45863	MassBank	KO002078	beta-Alanine	inchikey	1	TRUE	TRUE	1.52590000368491e-06	0.00381475000921228
CYTOSINE	45865	MassBank	KO000416	Cytosine	inchikey	1	TRUE	TRUE	1.79820000312247e-06	0.00449550000780619
TREHALOSE-6P	45866	MassBank	KO004215	Trehalose 6-phosphate	inchikey_connectivity_formula_mass	2	FALSE	TRUE	1.95770002164863e-06	0.00463819236059479
CPD-884	45872	MassBank	KO002161	Aminocaproic acid	inchikey	1	TRUE	TRUE	1.33329999130183e-06	0.00333324997825457
BENZIMIDAZOLE	45873	MassBank	KO002436	Benzimidazole	inchikey	1	TRUE	TRUE	1.79699999591776e-06	0.0044924999897944
BETAINE	45876	MassBank	KO002506	Betaine	inchikey	1	TRUE	TRUE	2.0156486667	5039.12166675001
ALLOCRYPTOPINE	45877	MassBank	KO008814	alpha-Allocryptopine	inchikey	1	TRUE	TRUE	2.85400000166192e-06	0.00713500000415479
GIBBERELLIN	45878	MassBank	KO000928	Gibberellins	name_formula_mass	4	FALSE	TRUE	1.561200008382e-06	0.003903000020955
NIACINAMIDE	45881	MassBank	KO003585	Niacinamide	inchikey	1	TRUE	TRUE	2.82509999749436e-06	0.00706274999373591
CPD-468	45882	MassBank	KO002259	Aminoadipic acid	inchikey_connectivity_formula_mass	2	FALSE	TRUE	2.15330001651637e-06	0.00538325004129092
QUINOLINATE	45883	MassBank	KO001705	Quinolinic acid	inchikey_connectivity_formula_mass	2	FALSE	TRUE	2.3459000146886e-06	0.00586475003672149
TREHALOSE-6P	45884	MassBank	KO001951	Trehalose 6-phosphate	inchikey_connectivity_formula_mass	2	FALSE	TRUE	1.95770002164863e-06	0.00463819236059479
LOGANATE	45885	MassBank	KO001304	Loganate	inchikey_connectivity_formula_mass	2	FALSE	TRUE	3.00860000379544e-06	0.00752150000948859
CPD-3617	45887	MassBank	KO000632	Capric acid	inchikey_connectivity_formula_mass	2	FALSE	TRUE	1.13800012968568e-07	0.00028450003242142
D-Mannosamines	45888	MassBank	KO003486	Mannosamine	inchikey_connectivity_formula_mass	2	FALSE	TRUE	2.53300004260382e-06	0.00633250010650954
N-ALPHA-ACETYLORNITHINE	45892	MassBank	KO002090	N2-Acetylornithine	inchikey	1	TRUE	TRUE	2.3261000023922e-06	0.00581525000598049
GLY	45894	MassBank	KO002935	Glycine	inchikey	1	TRUE	TRUE	1.59010001254956e-06	0.00397525003137389
CPD-7999	45897	MassBank	KO001712	Phenyllactic acid	inchikey_connectivity_formula_mass	2	FALSE	TRUE	4.18729999296374e-06	0.0104682499824094
GLYCEROL-3P	45899	MassBank	KO003031	Glycerol 3-phosphate	inchikey_connectivity_formula_mass	2	FALSE	TRUE	4.53150002499569e-06	0.0113287500624892
2-FLUOROBENZOATE	45901	MassBank	KO000787	o-Fluorobenzoate	inchikey_connectivity_formula_mass	2	FALSE	TRUE	2.39529998680155e-06	0.00598824996700387
D-SORBITOL-6-P	45904	MassBank	KO009250	Sorbitol 6-phosphate	inchikey_connectivity_formula_mass	2	FALSE	TRUE	1.40959997452228e-06	0.0035239999363057
3-7-DIMETHYLXANTHINE	45905	MassBank	KO004126	Theobromine	inchikey	1	TRUE	TRUE	4.47819999749299e-06	0.0111954999937325
CPD-14736	45906	MassBank	KO003271	L-Kynurenine	inchikey	1	TRUE	TRUE	2.26189999352755e-06	0.00565474998381887
CPD-14736	45909	MassBank	KO009018	L-Kynurenine	inchikey	1	TRUE	TRUE	2.26189999352755e-06	0.00565474998381887
CPD-7619	45910	MassBank	KO001035	Heptanoic acid	inchikey_connectivity_formula_mass	2	FALSE	TRUE	3.06399982719086e-07	0.000765999956797714
CPDQT-42	45913	MassBank	KO003994	Sulfanilamide	name_formula_mass	4	TRUE	TRUE	1.798600010261e-06	0.00449650002565249
TROPINONE	45914	MassBank	KO004209	Tropinone	inchikey_connectivity_formula_mass	2	FALSE	TRUE	4.04460001846019e-06	0.0101115000461505
TYRAMINE	45915	MassBank	KO004086	Tyramine	inchikey_connectivity_formula_mass	2	FALSE	TRUE	3.98040000959554e-06	0.00995100002398885
AICAR	45923	MassBank	KO000205	AICAR	inchikey_connectivity_formula_mass	2	FALSE	TRUE	1.09000097836542e-08	2.72500244591356e-05
CPD-7682	45925	MassBank	KO003188	Isoguvacine	name_formula_mass	4	FALSE	TRUE	1.46169999482026e-06	0.00365424998705066
3-HYDROXYBENZOATE	45926	MassBank	KO000998	3-Hydroxybenzoic acid	inchikey_connectivity_formula_mass	2	FALSE	TRUE	4.05890000365616e-06	0.0101472500091404
XANTHURENATE	45927	MassBank	KO002004	Xanthurenic acid	inchikey_connectivity_formula_mass	2	FALSE	TRUE	2.28170000582395e-06	0.00570425001455988
TRYPTAMINE	45928	MassBank	KO004142	Tryptamine	inchikey_connectivity_formula_mass	2	FALSE	TRUE	1.60440001195639e-06	0.00401100002989097
5-OXOPROLINE	45931	MassBank	KO001683	Pyroglutamic acid	inchikey_connectivity_formula_mass	2	FALSE	TRUE	3.09620000393807e-06	0.00774050000984516
ALLANTOATE	45933	MassBank	KO000226	Allantoic acid	inchikey_connectivity_formula_mass	2	FALSE	TRUE	4.76599998933125e-06	0.0119149999733281
ALLOCRYPTOPINE	45935	MassBank	KO002320	alpha-Allocryptopine	inchikey	1	TRUE	TRUE	2.85400000166192e-06	0.00713500000415479
D-GLT	45936	MassBank	KO000822	D-Glutamic acid	inchikey_connectivity_formula_mass	2	FALSE	TRUE	2.2174999969593e-06	0.00554374999239826
CPD-674	45938	MassBank	KO000405	trans-Cinnamic acid	inchikey_connectivity_formula_mass	2	FALSE	TRUE	4.98999980891313e-07	0.00124749995222828
PROTOPINE	45939	MassBank	KO003809	Protopine	inchikey	1	TRUE	TRUE	2.72559998393263e-06	0.00681399995983156
ANTHRANILATE	45944	MassBank	KO000018	2-Aminobenzoic acid	inchikey_connectivity_formula_mass	2	FALSE	TRUE	1.52590001789576e-06	0.00381475004473941
CPD-4609	45948	MassBank	KO000767	Kinetin	inchikey	1	TRUE	TRUE	6.30000158707844e-08	0.000157500039676961
CPD-8915	45950	MassBank	KO002974	3-(Dimethylaminomethyl)indole	inchikey_connectivity_formula_mass	2	FALSE	TRUE	1.54020000309174e-06	0.00385050000772935
PALMATINE	45952	MassBank	KO009211	Palmatine	inchikey	1	FALSE	TRUE	1.00782823190002	2519.57057975005
CPD-4609	45954	MassBank	KO002889	Kinetin	inchikey	1	TRUE	TRUE	6.30000158707844e-08	0.000157500039676961
GIBBERELLIN	45955	MassBank	KO000929	Gibberellins	name_formula_mass	4	FALSE	TRUE	1.561200008382e-06	0.003903000020955
D-SORBITOL-6-P	45958	MassBank	KO004046	Sorbitol 6-phosphate	inchikey_connectivity_formula_mass	2	FALSE	TRUE	1.40959997452228e-06	0.0035239999363057
CPD-9269	45960	MassBank	KO002191	Alliin	name_formula_mass	4	TRUE	TRUE	3.91460000059851e-06	0.00978650000149628
GLUCONATE	45963	MassBank	KO000867	Gluconic acid	inchikey_connectivity_formula_mass	2	FALSE	TRUE	2.73989999755031e-06	0.00684974999387578
LEU	45966	MassBank	KO003277	L-Leucine	inchikey	1	TRUE	TRUE	1.33329999130183e-06	0.00333324997825457
ACETYL-GLU	45970	MassBank	KO002086	N-Acetyl-L-glutamic acid	inchikey_connectivity_formula_mass	2	FALSE	TRUE	2.46880000531746e-06	0.00617200001329365
CPD-884	45971	MassBank	KO000104	Aminocaproic acid	inchikey	1	TRUE	TRUE	1.33329999130183e-06	0.00333324997825457
ACETYLCHOLINE	45972	MassBank	KO002178	Acetylcholine	inchikey	1	FALSE	TRUE	1.00782879510001	2519.57198775003
CAFFEOYLQUINATE	45976	MassBank	KO000469	Chlorogenic acid	inchikey_connectivity_formula_mass	2	FALSE	TRUE	2.17669997937264e-06	0.00544174994843161
ETHIONINE	45979	MassBank	KO002876	Ethionine	inchikey	1	TRUE	TRUE	6.43299983948964e-07	0.00160824995987241
CPD-16631	45981	MassBank	KO000269	Beta-Tyrosine	name_formula_mass	4	TRUE	TRUE	3.22459999324565e-06	0.00806149998311412
CPD-404	45984	MassBank	KO003456	N-methyl-L-glutamic Acid	inchikey_connectivity_formula_mass	2	FALSE	TRUE	2.15330001651637e-06	0.00538325004129092
L-2-AMINOHEXANOATE	45985	MassBank	KO001520	L-Norleucine	inchikey	1	TRUE	TRUE	1.33329999130183e-06	0.00333324997825457
L-2-AMINOPENTANOIC-ACID	45986	MassBank	KO003593	Norvaline	inchikey	1	TRUE	TRUE	1.39750000016647e-06	0.00349375000041618
PHENYLETHYLAMINE	45987	MassBank	KO003742	Phenylethylamine	inchikey_connectivity_formula_mass	2	FALSE	TRUE	6.41699998027434e-07	0.00160424999506859
INDOLE_ACETATE_AUXIN	45988	MassBank	KO001230	Indoleacetic acid	inchikey_connectivity_formula_mass	2	FALSE	TRUE	1.46170000903112e-06	0.0036542500225778
ASN	45990	MassBank	KO002061	L-Asparagine	inchikey	1	TRUE	TRUE	2.13349997579826e-06	0.00533374993949565
L-CYSTATHIONINE	45992	MassBank	KO002575	L-Cystathionine	inchikey	1	TRUE	TRUE	2.36180000001696e-06	0.00590450000004239
DODECANOATE	45995	MassBank	KO001288	Dodecanoic acid	inchikey_connectivity_formula_mass	2	FALSE	TRUE	1.46000047607231e-08	3.65000119018077e-05
GLUTARATE	45996	MassBank	KO000873	Glutaric acid	inchikey_connectivity_formula_mass	2	FALSE	TRUE	1.25479999724121e-06	0.00313699999310302
CAFFEOYLQUINATE	45998	MassBank	KO008922	Chlorogenic acid	inchikey_connectivity_formula_mass	2	FALSE	TRUE	2.17669997937264e-06	0.00544174994843161
ADENOSINE	46000	MassBank	KO008861	Adenosine	inchikey	1	TRUE	TRUE	3.93170000734244e-06	0.00982925001835611
PROTOPINE	46004	MassBank	KO003810	Protopine	inchikey	1	TRUE	TRUE	2.72559998393263e-06	0.00681399995983156
MAL	46006	MassBank	KO001309	Malic acid	inchikey_connectivity_formula_mass	2	FALSE	TRUE	3.30309998730627e-06	0.00825774996826567
INDOLE_ACETATE_AUXIN	46008	MassBank	KO001228	Indoleacetic acid	inchikey_connectivity_formula_mass	2	FALSE	TRUE	1.46170000903112e-06	0.0036542500225778
RIBOSE-1P	46009	MassBank	KO001768	Ribose 1-phosphate	inchikey_connectivity_formula_mass	2	FALSE	TRUE	3.83990001751044e-06	0.00959975004377611
CPD-110	46013	MassBank	KO001005	Salicylic acid	inchikey_connectivity_formula_mass	2	FALSE	TRUE	4.05890000365616e-06	0.0101472500091404
ANILINE	46015	MassBank	KO002347	Aniline	inchikey	1	TRUE	TRUE	7.7010000154587e-07	0.00192525000386468
P-AMINO-BENZOATE	46016	MassBank	KO002120	p-Aminobenzoic acid	inchikey_connectivity_formula_mass	2	FALSE	TRUE	1.52590001789576e-06	0.00381475004473941
Glucopyranose	46018	MassBank	KO000806	Glucose	inchikey	1	TRUE	TRUE	1.88219999586181e-06	0.00470549998965453
INDOLE_ACETATE_AUXIN	46019	MassBank	KO001229	Indoleacetic acid	inchikey_connectivity_formula_mass	2	FALSE	TRUE	1.46170000903112e-06	0.0036542500225778
DOPAMINE	46020	MassBank	KO002689	Dopamine	inchikey_connectivity_formula_mass	2	FALSE	TRUE	1.39750000016647e-06	0.00349375000041618
QUINATE	46021	MassBank	KO001749	Quinic acid	inchikey_connectivity_formula_mass	2	FALSE	TRUE	1.88219999586181e-06	0.00470549998965453
L-CYSTATHIONINE	46023	MassBank	KO002576	L-Cystathionine	inchikey	1	TRUE	TRUE	2.36180000001696e-06	0.00590450000004239
L-CYSTATHIONINE	46025	MassBank	KO002573	L-Cystathionine	inchikey	1	TRUE	TRUE	2.36180000001696e-06	0.00590450000004239
CPD-9939	46026	MassBank	KO001021	Harmaline	name_formula_mass	4	TRUE	TRUE	3.08189999032038e-06	0.00770474997580095
PIPERIDINE	46027	MassBank	KO003705	Piperidine	inchikey_connectivity_formula_mass	2	FALSE	TRUE	6.41699998027434e-07	0.00160424999506859
CAFFEOYLQUINATE	46029	MassBank	KO000466	Chlorogenic acid	inchikey_connectivity_formula_mass	2	FALSE	TRUE	2.17669997937264e-06	0.00544174994843161
BETAINE_ALDEHYDE	46033	MassBank	KO002501	Betaine aldehyde	inchikey	1	FALSE	TRUE	1.0078240446	2519.5601115
CAFFEOYLQUINATE	46034	MassBank	KO000467	Chlorogenic acid	inchikey_connectivity_formula_mass	2	FALSE	TRUE	2.17669997937264e-06	0.00544174994843161
L-CITRULLINE	46035	MassBank	KO000391	Citrulline	inchikey	1	TRUE	TRUE	1.29920002223116e-06	0.0032480000555779
CPD-633	46036	MassBank	KO000576	Gentisic acid	inchikey_connectivity_formula_mass	2	FALSE	TRUE	1.31900000610585e-06	0.00329750001526463
DEOXYADENOSINE	46040	MassBank	KO002727	Deoxyadenosine	inchikey	1	TRUE	TRUE	6.90400014491388e-07	0.00172600003622847
ANILINE	46041	MassBank	KO002166	Aniline	inchikey	1	TRUE	TRUE	7.7010000154587e-07	0.00192525000386468
GLY	46044	MassBank	KO000830	Glycine	inchikey	1	TRUE	TRUE	1.59010001254956e-06	0.00397525003137389
PHENYLETHYLAMINE	46047	MassBank	KO003797	Phenylethylamine	inchikey_connectivity_formula_mass	2	FALSE	TRUE	6.41699998027434e-07	0.00160424999506859
DIFLUOROMETHYLORNITHINE	46048	MassBank	KO003156	(-)-2-Difluoromethylornithine	inchikey_connectivity_formula_mass	2	FALSE	TRUE	4.03979998964132e-06	0.0100994999741033
INDOLEYL-CPD	46050	MassBank	KO001209	3-Indoleacetonitrile	inchikey	1	TRUE	TRUE	1.73279997284226e-06	0.00433199993210565
2-KETO-ISOVALERATE	46051	MassBank	KO001318	alpha-Ketoisovaleric acid	inchikey_connectivity_formula_mass	2	FALSE	TRUE	4.12309999830995e-06	0.0103077499957749
QUINOLINATE	46058	MassBank	KO001701	Quinolinic acid	inchikey_connectivity_formula_mass	2	FALSE	TRUE	2.3459000146886e-06	0.00586475003672149
THIAMINE	46062	MassBank	KO004187	Thiamine	inchikey	1	FALSE	TRUE	1.00782191070005	2519.55477675011
CPD-8098	46065	MassBank	KO000513	cis-Caffeic acid	inchikey_connectivity_formula_mass	2	FALSE	TRUE	1.25479999724121e-06	0.00313699999310302
5-AMINOPENTANOATE	46067	MassBank	KO000211	5-Aminopentanoic acid	inchikey	1	TRUE	TRUE	1.39750000016647e-06	0.00349375000041618
CPD-1831	46070	MassBank	KO000189	Acetylenedicarboxylic acid	inchikey_connectivity_formula_mass	2	FALSE	TRUE	1.44740000962429e-06	0.00361850002406072
CPD-3762	46074	MassBank	KO002316	5-Aminoimidazole-4-carboxamide	name_formula_mass	4	TRUE	TRUE	8.35500003404377e-07	0.00208875000851094
DETHIOBIOTIN	46077	MassBank	KO009104	Dethiobiotin	inchikey_connectivity_formula_mass	2	FALSE	TRUE	2.45449999169978e-06	0.00613624997924944
4-HYDROXYMANDELATE	46082	MassBank	KO001117	4-Hydroxymandelate	name_formula_mass	4	FALSE	TRUE	1.25479999724121e-06	0.00313699999310302
PIPERIDINE	46083	MassBank	KO003707	Piperidine	inchikey_connectivity_formula_mass	2	FALSE	TRUE	6.41699998027434e-07	0.00160424999506859
CPD-6041	46084	MassBank	KO003426	Amethopterin	name_formula_mass	4	FALSE	TRUE	4.14170000340164e-06	0.00911924610556831
CPD-12479	46087	MassBank	KO002410	Theophylline	inchikey	1	TRUE	TRUE	4.47819999749299e-06	0.0111954999937325
RIBOSE-1P	46088	MassBank	KO001767	Ribose 1-phosphate	inchikey_connectivity_formula_mass	2	FALSE	TRUE	3.83990001751044e-06	0.00959975004377611
Thiopurine-Methylethers	46089	MassBank	KO003510	6-Methylmercaptopurine	inchikey	1	TRUE	TRUE	3.09659998265488e-06	0.0077414999566372
N-ACETYL-D-GLUCOSAMINE-6-P	46092	MassBank	KO000240	N-Acetyl-D-Glucosamine 6-Phosphate	inchikey_connectivity_formula_mass	2	FALSE	TRUE	2.37230000266209e-06	0.00593075000665522
CPD-7051	46097	MassBank	KO004235	Trifluoperazine	inchikey_connectivity_formula_mass	2	FALSE	TRUE	3.07599998450314e-06	0.00755468974383293
CPD0-1625	46098	MassBank	KO003420	Methylene blue	inchikey	1	FALSE	TRUE	1.00782831550003	2519.57078875009
CH33ADO	46100	MassBank	KO008949	5'-Deoxyadenosine	inchikey	1	TRUE	TRUE	6.90400014491388e-07	0.00172600003622847
HOMOGENTISATE	46102	MassBank	KO001080	Homogentisic acid	inchikey_connectivity_formula_mass	2	FALSE	TRUE	1.25479999724121e-06	0.00313699999310302
PYRIDOXAMINE-5P	46103	MassBank	KO009144	Pyridoxamine 5'-phosphate	inchikey_connectivity_formula_mass	2	FALSE	TRUE	1.95179995898798e-06	0.00487949989746994
MET	46104	MassBank	KO001310	L-Methionine	inchikey	1	TRUE	TRUE	7.07499992813609e-07	0.00176874998203402
THR	46108	MassBank	KO001896	L-Threonine	inchikey	1	TRUE	TRUE	3.16039999859186e-06	0.00790099999647964
CPD-3746	46109	MassBank	KO001359	Mesylate	inchikey_connectivity_formula_mass	2	FALSE	TRUE	4.68469998793353e-06	0.0117117499698338
2-DEOXYGLUCOSE-6-PHOSPHATE	46116	MassBank	KO000657	2-Deoxyglucose 6-phosphate	name_formula_mass	4	FALSE	TRUE	3.90409999795338e-06	0.00976024999488345
NICOTINE	46119	MassBank	KO003603	Nicotine	inchikey_connectivity_formula_mass	2	FALSE	TRUE	1.54020000309174e-06	0.00385050000772935
HIS	46124	MassBank	KO003056	L-Histidine	inchikey	1	TRUE	TRUE	3.45129998891025e-06	0.00862824997227563
CPD-402	46130	MassBank	KO003543	2-(Methylamino)benzoic acid	inchikey_connectivity_formula_mass	2	FALSE	TRUE	1.46170000903112e-06	0.0036542500225778
LINOLEIC_ACID	46131	MassBank	KO001296	Linoleic acid	inchikey_connectivity_formula_mass	2	FALSE	TRUE	2.71399983375886e-07	0.000678499958439716
N-ACETYLNEURAMINATE	46133	MassBank	KO008826	N-Acetylneuraminate	inchikey_connectivity_formula_mass	2	FALSE	TRUE	1.21400006491967e-06	0.00303500016229918
BESTATIN	46135	MassBank	KO002466	(2R)-2-[[(2S,3R)-3-Amino-2-hydroxy-4-phenyl-butanoyl]amino]-4-methyl-pentanoic acid	inchikey	1	TRUE	TRUE	2.73079996304659e-06	0.00682699990761648
SARCOSINE	46136	MassBank	KO001799	Sarcosine	inchikey	1	TRUE	TRUE	1.52590000368491e-06	0.00381475000921228
HOMOARGININE	46139	MassBank	KO001102	Homo-L-arginine	inchikey_connectivity_formula_mass	2	FALSE	TRUE	4.22139999045612e-06	0.0105534999761403
TRP	46142	MassBank	KO004074	L-Tryptophan	inchikey	1	TRUE	TRUE	2.36019999988457e-06	0.00590049999971143
TREHALOSE-6P	46144	MassBank	KO001949	Trehalose 6-phosphate	inchikey_connectivity_formula_mass	2	FALSE	TRUE	1.95770002164863e-06	0.00463819236059479
PUROMYCIN	46145	MassBank	KO003832	Puromycin	name_formula_mass	4	FALSE	TRUE	2.92219999664667e-06	0.00620130997583296
DOPAMINE	46147	MassBank	KO002688	Dopamine	inchikey_connectivity_formula_mass	2	FALSE	TRUE	1.39750000016647e-06	0.00349375000041618
10-HYDROXYDECANOATE	46149	MassBank	KO001111	10-Hydroxydecanoic acid	inchikey_connectivity_formula_mass	2	FALSE	TRUE	4.50829998044355e-06	0.0112707499511089
PALMATINE	46153	MassBank	KO009210	Palmatine	inchikey	1	FALSE	TRUE	1.00782823190002	2519.57057975005
SCOPOLAMINE	46154	MassBank	KO004012	Scopolamine	inchikey	1	TRUE	TRUE	1.83230002903656e-06	0.0045807500725914
VANILLATE	46156	MassBank	KO001150	Vanillic acid	inchikey_connectivity_formula_mass	2	FALSE	TRUE	1.25479999724121e-06	0.00313699999310302
PROTOPINE	46161	MassBank	KO009202	Protopine	inchikey	1	TRUE	TRUE	2.72559998393263e-06	0.00681399995983156
ANTHRANILATE	46165	MassBank	KO002046	2-Aminobenzoic acid	inchikey_connectivity_formula_mass	2	FALSE	TRUE	1.52590001789576e-06	0.00381475004473941
CPD-9195	46167	MassBank	KO002373	Ampicillin	inchikey	1	TRUE	TRUE	3.19609995358405e-06	0.00799024988396013
CPD-14483	46176	MassBank	KO000933	Glycyrrhetinate	name_formula_mass	4	FALSE	TRUE	3.49999709214899e-08	7.44142534031832e-05
CPD-884	46178	MassBank	KO002158	Aminocaproic acid	inchikey	1	TRUE	TRUE	1.33329999130183e-06	0.00333324997825457
GLT	46179	MassBank	KO002951	L-Glutamic acid	inchikey_connectivity_formula_mass	2	FALSE	TRUE	2.2174999969593e-06	0.00554374999239826
4-HYDROXYMANDELATE	46185	MassBank	KO001118	4-Hydroxymandelate	name_formula_mass	4	FALSE	TRUE	1.25479999724121e-06	0.00313699999310302
HOMOARGININE	46188	MassBank	KO001101	Homo-L-arginine	inchikey_connectivity_formula_mass	2	FALSE	TRUE	4.22139999045612e-06	0.0105534999761403
CPD-402	46189	MassBank	KO003545	2-(Methylamino)benzoic acid	inchikey_connectivity_formula_mass	2	FALSE	TRUE	1.46170000903112e-06	0.0036542500225778
TEREPHTHALATE	46191	MassBank	KO001962	Terephthalic acid	inchikey_connectivity_formula_mass	2	FALSE	TRUE	1.31900000610585e-06	0.00329750001526463
CANAVANINE	46195	MassBank	KO002594	Canavanine	inchikey_connectivity_formula_mass	2	FALSE	TRUE	2.72300013648419e-07	0.000680750034121047
MALONATE	46200	MassBank	KO001337	Malonic acid	inchikey_connectivity_formula_mass	2	FALSE	TRUE	1.38320000075964e-06	0.00345800000189911
5-OXOPROLINE	46209	MassBank	KO001681	Pyroglutamic acid	inchikey_connectivity_formula_mass	2	FALSE	TRUE	3.09620000393807e-06	0.00774050000984516
CPD-12479	46213	MassBank	KO004133	Theophylline	inchikey	1	TRUE	TRUE	4.47819999749299e-06	0.0111954999937325
SEMICARBAZIDE	46221	MassBank	KO004011	Semicarbazide	inchikey	1	TRUE	TRUE	1.79820000312247e-06	0.00449550000780619
URIDINE	46223	MassBank	KO009307	Uridine	inchikey	1	TRUE	TRUE	3.87179997574094e-06	0.00967949993935235
S-LACTOYL-GLUTATHIONE	46229	MassBank	KO001294	S-Lactoylglutathione	inchikey_connectivity_formula_mass	2	FALSE	TRUE	4.64350000584091e-06	0.0116087500146023
THIAMINE	46230	MassBank	KO001936	Thiamine	inchikey	1	FALSE	TRUE	1.00782191070005	2519.55477675011
CPD0-1264	46234	MassBank	KO001796	Suberic acid	inchikey_connectivity_formula_mass	2	FALSE	TRUE	1.06219999906898e-06	0.00265549999767245
MALEATE	46236	MassBank	KO001362	Maleic acid	inchikey_connectivity_formula_mass	2	FALSE	TRUE	1.38320000075964e-06	0.00345800000189911
3-7-DIMETHYLXANTHINE	46240	MassBank	KO004122	Theobromine	inchikey	1	TRUE	TRUE	4.47819999749299e-06	0.0111954999937325
BENZIMIDAZOLE	46243	MassBank	KO000334	Benzimidazole	inchikey	1	TRUE	TRUE	1.79699999591776e-06	0.0044924999897944
PHENYLETHYLAMINE	46247	MassBank	KO003740	Phenylethylamine	inchikey_connectivity_formula_mass	2	FALSE	TRUE	6.41699998027434e-07	0.00160424999506859
CPD-9035	46249	MassBank	KO003524	Methionine sulfoximine	inchikey	1	TRUE	TRUE	2.95190000088041e-06	0.00737975000220104
GUANOSINE	46259	MassBank	KO002941	Guanosine	inchikey	1	TRUE	TRUE	4.4620003336604e-07	0.0011155000834151
PHOSPHORYL-ETHANOLAMINE	46260	MassBank	KO000706	O-Phosphoethanolamine	inchikey_connectivity_formula_mass	2	FALSE	TRUE	4.26039997591943e-06	0.0106509999397986
2-COUMARATE	46261	MassBank	KO000445	2-Hydroxycinnamic acid	inchikey_connectivity_formula_mass	2	FALSE	TRUE	4.12310001252081e-06	0.010307750031302
AICAR	46267	MassBank	KO002305	AICAR	inchikey_connectivity_formula_mass	2	FALSE	TRUE	1.09000097836542e-08	2.72500244591356e-05
BESTATIN	46270	MassBank	KO000343	(2R)-2-[[(2S,3R)-3-Amino-2-hydroxy-4-phenyl-butanoyl]amino]-4-methyl-pentanoic acid	inchikey	1	TRUE	TRUE	2.73079996304659e-06	0.00682699990761648
CPD-764	46271	MassBank	KO003846	Phosphonoacetate	inchikey_connectivity_formula_mass	2	FALSE	TRUE	2.18999986145718e-07	0.000547499965364295
ACETYL-GLU	46273	MassBank	KO000055	N-Acetyl-L-glutamic acid	inchikey_connectivity_formula_mass	2	FALSE	TRUE	2.46880000531746e-06	0.00617200001329365
CPD-402	46274	MassBank	KO003542	2-(Methylamino)benzoic acid	inchikey_connectivity_formula_mass	2	FALSE	TRUE	1.46170000903112e-06	0.0036542500225778
CPD-309	46275	MassBank	KO009138	Octopine	name_formula_mass	4	TRUE	TRUE	4.91299999794137e-06	0.0122824999948534
SINAPATE	46279	MassBank	KO001824	Sinapic acid	inchikey_connectivity_formula_mass	2	FALSE	TRUE	3.4957000139002e-06	0.00873925003475051
NACMUR	46281	MassBank	KO000290	N-Acetylmuramate	inchikey_connectivity_formula_mass	2	FALSE	TRUE	3.40809998533587e-06	0.00852024996333967
PUROMYCIN	46284	MassBank	KO009215	Puromycin	name_formula_mass	4	FALSE	TRUE	2.92219999664667e-06	0.00620130997583296
PURINE	46285	MassBank	KO003749	Purine	inchikey	1	TRUE	TRUE	3.85079999887239e-06	0.00962699999718097
COUMARATE	46291	MassBank	KO000407	4-Hydroxycinnamic acid	inchikey_connectivity_formula_mass	2	FALSE	TRUE	4.12310001252081e-06	0.010307750031302
BESTATIN	46292	MassBank	KO009093	(2R)-2-[[(2S,3R)-3-Amino-2-hydroxy-4-phenyl-butanoyl]amino]-4-methyl-pentanoic acid	inchikey	1	TRUE	TRUE	2.73079996304659e-06	0.00682699990761648
CPD0-1264	46293	MassBank	KO001795	Suberic acid	inchikey_connectivity_formula_mass	2	FALSE	TRUE	1.06219999906898e-06	0.00265549999767245
Mannose-6-phosphate	46295	MassBank	KO001327	D-mannose 6-phosphate	name_formula_mass	4	FALSE	TRUE	1.47380001180863e-06	0.00368450002952159
BETAINE	46297	MassBank	KO002504	Betaine	inchikey	1	TRUE	TRUE	2.0156486667	5039.12166675001
CPD-13612	46298	MassBank	KO002738	Sphinganine	inchikey_connectivity_formula_mass	2	FALSE	TRUE	4.98700046591694e-07	0.00124675011647923
HYPOXANTHINE	46299	MassBank	KO000986	Hypoxanthine	inchikey	1	TRUE	TRUE	7.71299994539731e-07	0.00192824998634933
N-ACETYL-D-GLUCOSAMINE-1-P	46301	MassBank	KO000177	N-Acetylglucosamine 1-phosphate	inchikey_connectivity_formula_mass	2	FALSE	TRUE	2.37230000266209e-06	0.00593075000665522
CPD-884	46302	MassBank	KO002160	Aminocaproic acid	inchikey	1	TRUE	TRUE	1.33329999130183e-06	0.00333324997825457
PROTOPINE	46306	MassBank	KO009204	Protopine	inchikey	1	TRUE	TRUE	2.72559998393263e-06	0.00681399995983156
CPD0-1625	46307	MassBank	KO003421	Methylene blue	inchikey	1	FALSE	TRUE	1.00782831550003	2519.57078875009
D-GLUCARATE	46309	MassBank	KO001818	Glucaric acid	inchikey_connectivity_formula_mass	2	FALSE	TRUE	2.70219999265464e-06	0.0067554999816366
CPD-309	46313	MassBank	KO003655	Octopine	name_formula_mass	4	TRUE	TRUE	4.91299999794137e-06	0.0122824999948534
TARTRATE	46314	MassBank	KO001900	Tartaric acid	inchikey_connectivity_formula_mass	2	FALSE	TRUE	2.07479999403404e-06	0.00518699998508509
HIS	46315	MassBank	KO000961	L-Histidine	inchikey	1	TRUE	TRUE	3.45129998891025e-06	0.00862824997227563
CPD-12479	46319	MassBank	KO000310	Theophylline	inchikey	1	TRUE	TRUE	4.47819999749299e-06	0.0111954999937325
PYRIDOXINE	46320	MassBank	KO001637	Pyridoxine	inchikey	1	TRUE	TRUE	3.22459999324565e-06	0.00806149998311412
ASN	46323	MassBank	KO000027	L-Asparagine	inchikey	1	TRUE	TRUE	2.13349997579826e-06	0.00533374993949565
CPD-470	46325	MassBank	KO002672	L-2,4-diaminobutyric acid	inchikey_connectivity_formula_mass	2	FALSE	TRUE	2.42439999453836e-06	0.0060609999863459
ISATIN	46327	MassBank	KO003200	1H-Indole-2,3-dione	inchikey	1	TRUE	TRUE	1.5900999983387e-06	0.00397524999584675
L-ORNITHINE	46332	MassBank	KO001533	Ornithine	inchikey_connectivity_formula_mass	2	FALSE	TRUE	2.36019999988457e-06	0.00590049999971143
CPD-14736	46333	MassBank	KO009020	L-Kynurenine	inchikey	1	TRUE	TRUE	2.26189999352755e-06	0.00565474998381887
3-HYDROXY-PROPIONATE	46334	MassBank	KO001147	Hydroxypropionic acid	inchikey_connectivity_formula_mass	2	FALSE	TRUE	4.05890000365616e-06	0.0101472500091404
CPD0-1491	46338	MassBank	KO000091	Amitrole	inchikey	1	TRUE	TRUE	3.85079999887239e-06	0.00962699999718097
GLUCOSAMINE	46339	MassBank	KO002998	beta-D-Glucosamine	name_formula_mass	4	FALSE	TRUE	2.53300004260382e-06	0.00633250010650954
ISATIN	46341	MassBank	KO003198	1H-Indole-2,3-dione	inchikey	1	TRUE	TRUE	1.5900999983387e-06	0.00397524999584675
CPD-884	46342	MassBank	KO000103	Aminocaproic acid	inchikey	1	TRUE	TRUE	1.33329999130183e-06	0.00333324997825457
SANGUINARINE	46345	MassBank	KO009239	Sanguinarine	inchikey	1	FALSE	TRUE	1.00782797509999	2519.56993774996
CPD-9195	46346	MassBank	KO002376	Ampicillin	inchikey	1	TRUE	TRUE	3.19609995358405e-06	0.00799024988396013
HOMOARGININE	46350	MassBank	KO001104	Homo-L-arginine	inchikey_connectivity_formula_mass	2	FALSE	TRUE	4.22139999045612e-06	0.0105534999761403
CH33ADO	46351	MassBank	KO002744	5'-Deoxyadenosine	inchikey	1	TRUE	TRUE	6.90400014491388e-07	0.00172600003622847
PSEUDOTROPINE	46357	MassBank	KO004118	Tropine	inchikey_connectivity_formula_mass	2	FALSE	TRUE	4.10879999890312e-06	0.0102719999972578
CPD-490	46359	MassBank	KO002010	Xylose 1-phosphate	inchikey_connectivity_formula_mass	2	FALSE	TRUE	3.83990001751044e-06	0.00959975004377611
GLY	46362	MassBank	KO000829	Glycine	inchikey	1	TRUE	TRUE	1.59010001254956e-06	0.00397525003137389
TREHALOSE-6P	46364	MassBank	KO004212	Trehalose 6-phosphate	inchikey_connectivity_formula_mass	2	FALSE	TRUE	1.95770002164863e-06	0.00463819236059479
GLYCERATE	46367	MassBank	KO000861	Glyceric acid	inchikey_connectivity_formula_mass	2	FALSE	TRUE	1.31900000610585e-06	0.00329750001526463
LYS	46368	MassBank	KO001265	L-Lysine	inchikey_connectivity_formula_mass	2	FALSE	TRUE	2.29599999101993e-06	0.00573999997754981
CPD-468	46372	MassBank	KO002258	Aminoadipic acid	inchikey_connectivity_formula_mass	2	FALSE	TRUE	2.15330001651637e-06	0.00538325004129092
SCOPOLAMINE	46373	MassBank	KO004013	Scopolamine	inchikey	1	TRUE	TRUE	1.83230002903656e-06	0.0045807500725914
SARCOSINE	46374	MassBank	KO001801	Sarcosine	inchikey	1	TRUE	TRUE	1.52590000368491e-06	0.00381475000921228
ISATIN	46375	MassBank	KO001198	1H-Indole-2,3-dione	inchikey	1	TRUE	TRUE	1.5900999983387e-06	0.00397524999584675
CANAVANINE	46377	MassBank	KO000491	Canavanine	inchikey_connectivity_formula_mass	2	FALSE	TRUE	2.72300013648419e-07	0.000680750034121047
CPD-13245	46378	MassBank	KO000276	8-Anilino-1-naphthalene sulfonate	inchikey_connectivity_formula_mass	2	FALSE	TRUE	3.97880006630658e-06	0.00994700016576644
INDOLE_PYRUVATE	46380	MassBank	KO001167	Indolepyruvate	inchikey_connectivity_formula_mass	2	FALSE	TRUE	3.160399984381e-06	0.0079009999609525
ANTHRANILATE	46382	MassBank	KO002047	2-Aminobenzoic acid	inchikey_connectivity_formula_mass	2	FALSE	TRUE	1.52590001789576e-06	0.00381475004473941
D-glucopyranose-6-phosphate	46383	MassBank	KO002917	Glucose 6-phosphate	inchikey_connectivity_formula_mass	2	FALSE	TRUE	1.47380001180863e-06	0.00368450002952159
4-AMINO-BUTYRATE	46386	MassBank	KO002031	gamma-Aminobutyric acid	inchikey	1	TRUE	TRUE	1.46169999482026e-06	0.00365424998705066
2-KETO-ISOVALERATE	46387	MassBank	KO001316	alpha-Ketoisovaleric acid	inchikey_connectivity_formula_mass	2	FALSE	TRUE	4.12309999830995e-06	0.0103077499957749
MANNITOL-1P	46388	MassBank	KO003338	Mannitol 1-phosphate	inchikey_connectivity_formula_mass	2	FALSE	TRUE	1.40959997452228e-06	0.0035239999363057
DEOXY-RIBOSE-5P	46389	MassBank	KO000566	2-Deoxyribose 5'-phosphate	inchikey_connectivity_formula_mass	2	FALSE	TRUE	7.82200004323386e-07	0.00195550001080846
THYMIDINE	46393	MassBank	KO009272	Thymidine	inchikey	1	TRUE	TRUE	1.5702999860423e-06	0.00392574996510575
D-glucopyranose-6-phosphate	46395	MassBank	KO000813	Glucose 6-phosphate	inchikey_connectivity_formula_mass	2	FALSE	TRUE	1.47380001180863e-06	0.00368450002952159
TROPINONE	46396	MassBank	KO004207	Tropinone	inchikey_connectivity_formula_mass	2	FALSE	TRUE	4.04460001846019e-06	0.0101115000461505
4-HYDROXYMANDELATE	46398	MassBank	KO001115	4-Hydroxymandelate	name_formula_mass	4	FALSE	TRUE	1.25479999724121e-06	0.00313699999310302
CPD-4609	46399	MassBank	KO008961	Kinetin	inchikey	1	TRUE	TRUE	6.30000158707844e-08	0.000157500039676961
ACETYL-GLU	46406	MassBank	KO002087	N-Acetyl-L-glutamic acid	inchikey_connectivity_formula_mass	2	FALSE	TRUE	2.46880000531746e-06	0.00617200001329365
PYRIDOXAL_PHOSPHATE	46408	MassBank	KO001617	Pyridoxal 5'-phosphate	inchikey_connectivity_formula_mass	2	FALSE	TRUE	3.56879999685589e-06	0.00892199999213972
CPD-309	46410	MassBank	KO003653	Octopine	name_formula_mass	4	TRUE	TRUE	4.91299999794137e-06	0.0122824999948534
3-HYDROXY-BUTYRATE	46412	MassBank	KO001008	3-Hydroxybutyric acid	name_formula_mass	4	FALSE	TRUE	4.12309999830995e-06	0.0103077499957749
ANILINE	46415	MassBank	KO002164	Aniline	inchikey	1	TRUE	TRUE	7.7010000154587e-07	0.00192525000386468
CPD-13245	46416	MassBank	KO000273	8-Anilino-1-naphthalene sulfonate	inchikey_connectivity_formula_mass	2	FALSE	TRUE	3.97880006630658e-06	0.00994700016576644
SHIKIMATE	46417	MassBank	KO001793	Shikimic acid	inchikey_connectivity_formula_mass	2	FALSE	TRUE	3.43150000503556e-06	0.0085787500125889
3-SULFINOALANINE	46419	MassBank	KO000396	3-Sulfinoalanine	inchikey_connectivity_formula_mass	2	FALSE	TRUE	1.59169999847109e-06	0.00397924999617771
LYS	46421	MassBank	KO003283	L-Lysine	inchikey_connectivity_formula_mass	2	FALSE	TRUE	2.29599999101993e-06	0.00573999997754981
BUTYRIC_ACID	46422	MassBank	KO000330	Butyric acid	inchikey_connectivity_formula_mass	2	FALSE	TRUE	4.99000009313022e-07	0.00124750002328256
GLY	46427	MassBank	KO002937	Glycine	inchikey	1	TRUE	TRUE	1.59010001254956e-06	0.00397525003137389
AICAR	46428	MassBank	KO002303	AICAR	inchikey_connectivity_formula_mass	2	FALSE	TRUE	1.09000097836542e-08	2.72500244591356e-05
L-2-AMINOPENTANOIC-ACID	46429	MassBank	KO003592	Norvaline	inchikey	1	TRUE	TRUE	1.39750000016647e-06	0.00349375000041618
PRO	46433	MassBank	KO003671	L-Proline	inchikey	1	TRUE	TRUE	1.46169999482026e-06	0.00365424998705066
DEOXYGUANOSINE	46434	MassBank	KO002708	Deoxyguanosine	inchikey	1	TRUE	TRUE	3.93170000734244e-06	0.00982925001835611
CPD-9195	46435	MassBank	KO002375	Ampicillin	inchikey	1	TRUE	TRUE	3.19609995358405e-06	0.00799024988396013
LEU	46437	MassBank	KO003279	L-Leucine	inchikey	1	TRUE	TRUE	1.33329999130183e-06	0.00333324997825457
GIBBERELLIN	46438	MassBank	KO000931	Gibberellins	name_formula_mass	4	FALSE	TRUE	1.561200008382e-06	0.003903000020955
CANAVANINE	46446	MassBank	KO000493	Canavanine	inchikey_connectivity_formula_mass	2	FALSE	TRUE	2.72300013648419e-07	0.000680750034121047
CPD-404	46453	MassBank	KO001436	N-methyl-L-glutamic Acid	inchikey_connectivity_formula_mass	2	FALSE	TRUE	2.15330001651637e-06	0.00538325004129092
CPD-14483	46456	MassBank	KO003037	Glycyrrhetinate	name_formula_mass	4	FALSE	TRUE	3.49999709214899e-08	7.44142534031832e-05
N-ACETYLNEURAMINATE	46469	MassBank	KO000035	N-Acetylneuraminate	inchikey_connectivity_formula_mass	2	FALSE	TRUE	1.21400006491967e-06	0.00303500016229918
LINOLEIC_ACID	46470	MassBank	KO001299	Linoleic acid	inchikey_connectivity_formula_mass	2	FALSE	TRUE	2.71399983375886e-07	0.000678499958439716
HYDROXYMALONATE	46471	MassBank	KO001924	Hydroxypropanedioic acid	inchikey_connectivity_formula_mass	2	FALSE	TRUE	3.23889999265248e-06	0.00809724998163119
BESTATIN	46472	MassBank	KO000344	(2R)-2-[[(2S,3R)-3-Amino-2-hydroxy-4-phenyl-butanoyl]amino]-4-methyl-pentanoic acid	inchikey	1	TRUE	TRUE	2.73079996304659e-06	0.00682699990761648
GLYCERATE	46473	MassBank	KO000860	Glyceric acid	inchikey_connectivity_formula_mass	2	FALSE	TRUE	1.31900000610585e-06	0.00329750001526463
DETHIOBIOTIN	46474	MassBank	KO009103	Dethiobiotin	inchikey_connectivity_formula_mass	2	FALSE	TRUE	2.45449999169978e-06	0.00613624997924944
GLN	46478	MassBank	KO002948	L-Glutamine	inchikey	1	TRUE	TRUE	2.1976999846629e-06	0.00549424996165726
NACMUR	46479	MassBank	KO002367	N-Acetylmuramate	inchikey_connectivity_formula_mass	2	FALSE	TRUE	3.40809998533587e-06	0.00852024996333967
LEU	46482	MassBank	KO001261	L-Leucine	inchikey	1	TRUE	TRUE	1.33329999130183e-06	0.00333324997825457
L-2-AMINOHEXANOATE	46486	MassBank	KO003598	L-Norleucine	inchikey	1	TRUE	TRUE	1.33329999130183e-06	0.00333324997825457
BESTATIN	46489	MassBank	KO002465	(2R)-2-[[(2S,3R)-3-Amino-2-hydroxy-4-phenyl-butanoyl]amino]-4-methyl-pentanoic acid	inchikey	1	TRUE	TRUE	2.73079996304659e-06	0.00682699990761648
PALMATINE	46492	MassBank	KO003814	Palmatine	inchikey	1	FALSE	TRUE	1.00782823190002	2519.57057975005
FERULIC-ACID	46496	MassBank	KO001109	Ferulic acid	inchikey_connectivity_formula_mass	2	FALSE	TRUE	1.19059998837656e-06	0.0029764999709414
MANNITOL-1P	46497	MassBank	KO003339	Mannitol 1-phosphate	inchikey_connectivity_formula_mass	2	FALSE	TRUE	1.40959997452228e-06	0.0035239999363057
HOMOARGININE	46502	MassBank	KO001103	Homo-L-arginine	inchikey_connectivity_formula_mass	2	FALSE	TRUE	4.22139999045612e-06	0.0105534999761403
L-2-AMINOHEXANOATE	46509	MassBank	KO003597	L-Norleucine	inchikey	1	TRUE	TRUE	1.33329999130183e-06	0.00333324997825457
ALLOCRYPTOPINE	46514	MassBank	KO008817	alpha-Allocryptopine	inchikey	1	TRUE	TRUE	2.85400000166192e-06	0.00713500000415479
ALLOCRYPTOPINE	46515	MassBank	KO002318	alpha-Allocryptopine	inchikey	1	TRUE	TRUE	2.85400000166192e-06	0.00713500000415479
DEOXYGUANOSINE	46516	MassBank	KO000621	Deoxyguanosine	inchikey	1	TRUE	TRUE	3.93170000734244e-06	0.00982925001835611
OXIDIZED-GLUTATHIONE	46519	MassBank	KO008986	Oxidized glutathione	inchikey_connectivity_formula_mass	2	FALSE	TRUE	1.90359992302547e-06	0.00310968524401338
ACETYL-GLU	46521	MassBank	KO000054	N-Acetyl-L-glutamic acid	inchikey_connectivity_formula_mass	2	FALSE	TRUE	2.46880000531746e-06	0.00617200001329365
GLC-1-P	46528	MassBank	KO000949	Glucose 1-phosphate	inchikey_connectivity_formula_mass	2	FALSE	TRUE	1.47380001180863e-06	0.00368450002952159
CPD-12479	46530	MassBank	KO004134	Theophylline	inchikey	1	TRUE	TRUE	4.47819999749299e-06	0.0111954999937325
CPD-309	46531	MassBank	KO003654	Octopine	name_formula_mass	4	TRUE	TRUE	4.91299999794137e-06	0.0122824999948534
GUANOSINE	46534	MassBank	KO002939	Guanosine	inchikey	1	TRUE	TRUE	4.4620003336604e-07	0.0011155000834151
CPD-4210	46536	MassBank	KO009319	Zeatin	inchikey	1	TRUE	TRUE	6.54000018585066e-08	0.000163500004646266
CPD-8915	46538	MassBank	KO002976	3-(Dimethylaminomethyl)indole	inchikey_connectivity_formula_mass	2	FALSE	TRUE	1.54020000309174e-06	0.00385050000772935
NACMUR	46539	MassBank	KO002363	N-Acetylmuramate	inchikey_connectivity_formula_mass	2	FALSE	TRUE	3.40809998533587e-06	0.00852024996333967
HISTIDINOL	46541	MassBank	KO003139	L-Histidinol	inchikey_connectivity_formula_mass	2	FALSE	TRUE	1.99079997287299e-06	0.00497699993218248
MAL	46545	MassBank	KO001307	Malic acid	inchikey_connectivity_formula_mass	2	FALSE	TRUE	3.30309998730627e-06	0.00825774996826567
CPD-884	46549	MassBank	KO000106	Aminocaproic acid	inchikey	1	TRUE	TRUE	1.33329999130183e-06	0.00333324997825457
N-ACETYL-D-GLUCOSAMINE-6-P	46555	MassBank	KO000239	N-Acetyl-D-Glucosamine 6-Phosphate	inchikey_connectivity_formula_mass	2	FALSE	TRUE	2.37230000266209e-06	0.00593075000665522
ACETYLCHOLINE	46564	MassBank	KO002180	Acetylcholine	inchikey	1	FALSE	TRUE	1.00782879510001	2519.57198775003
PYRIDOXAMINE-5P	46565	MassBank	KO003883	Pyridoxamine 5'-phosphate	inchikey_connectivity_formula_mass	2	FALSE	TRUE	1.95179995898798e-06	0.00487949989746994
THYMINE	46570	MassBank	KO001890	Thymine	inchikey	1	TRUE	TRUE	2.5527999980568e-06	0.006381999995142
DEOXY-RIBOSE-5P	46571	MassBank	KO000568	2-Deoxyribose 5'-phosphate	inchikey_connectivity_formula_mass	2	FALSE	TRUE	7.82200004323386e-07	0.00195550001080846
4-hydroxybenzoate	46572	MassBank	KO000964	4-Hydroxybenzoic acid	inchikey_connectivity_formula_mass	2	FALSE	TRUE	4.05890000365616e-06	0.0101472500091404
SER	46573	MassBank	KO003970	L-Serine	inchikey	1	TRUE	TRUE	3.09619998972721e-06	0.00774049997431803
TYR	46578	MassBank	KO004070	L-Tyrosine	inchikey	1	TRUE	TRUE	3.22459999324565e-06	0.00806149998311412
L-2-AMINOHEXANOATE	46581	MassBank	KO003601	L-Norleucine	inchikey	1	TRUE	TRUE	1.33329999130183e-06	0.00333324997825457
D-Glucopyranuronate	46582	MassBank	KO000818	Glucuronate	inchikey_connectivity_formula_mass	2	FALSE	TRUE	2.67569998868566e-06	0.00668924997171416
CH33ADO	46584	MassBank	KO008948	5'-Deoxyadenosine	inchikey	1	TRUE	TRUE	6.90400014491388e-07	0.00172600003622847
GUANOSINE	46585	MassBank	KO000839	Guanosine	inchikey	1	TRUE	TRUE	4.4620003336604e-07	0.0011155000834151
RIBOSE-1P	46586	MassBank	KO001766	Ribose 1-phosphate	inchikey_connectivity_formula_mass	2	FALSE	TRUE	3.83990001751044e-06	0.00959975004377611
GLT	46588	MassBank	KO002949	L-Glutamic acid	inchikey_connectivity_formula_mass	2	FALSE	TRUE	2.2174999969593e-06	0.00554374999239826
CPD-7051	46589	MassBank	KO004234	Trifluoperazine	inchikey_connectivity_formula_mass	2	FALSE	TRUE	3.07599998450314e-06	0.00755468974383293
PUROMYCIN	46595	MassBank	KO003828	Puromycin	name_formula_mass	4	FALSE	TRUE	2.92219999664667e-06	0.00620130997583296
BENZOATE	46598	MassBank	KO000322	Benzoic acid	inchikey_connectivity_formula_mass	2	FALSE	TRUE	5.63199989755958e-07	0.0014079999743899
TROPINONE	46603	MassBank	KO004208	Tropinone	inchikey_connectivity_formula_mass	2	FALSE	TRUE	4.04460001846019e-06	0.0101115000461505
CPD-237	46604	MassBank	KO001223	Indole-3-acetamide	inchikey	1	TRUE	TRUE	2.9535000010128e-06	0.007383750002532
ASN	46605	MassBank	KO000028	L-Asparagine	inchikey	1	TRUE	TRUE	2.13349997579826e-06	0.00533374993949565
CPD-14736	46607	MassBank	KO003269	L-Kynurenine	inchikey	1	TRUE	TRUE	2.26189999352755e-06	0.00565474998381887
Thiopurine-Methylethers	46609	MassBank	KO001468	6-Methylmercaptopurine	inchikey	1	TRUE	TRUE	3.09659998265488e-06	0.0077414999566372
INDOLE_PYRUVATE	46610	MassBank	KO001166	Indolepyruvate	inchikey_connectivity_formula_mass	2	FALSE	TRUE	3.160399984381e-06	0.0079009999609525
GLYCERATE	46611	MassBank	KO000862	Glyceric acid	inchikey_connectivity_formula_mass	2	FALSE	TRUE	1.31900000610585e-06	0.00329750001526463
2K-4CH3-PENTANOATE	46614	MassBank	KO001320	Ketoleucine	inchikey_connectivity_formula_mass	2	FALSE	TRUE	4.18729999296374e-06	0.0104682499824094
PYRIDOXINE	46620	MassBank	KO003753	Pyridoxine	inchikey	1	TRUE	TRUE	3.22459999324565e-06	0.00806149998311412
SANGUINARINE	46621	MassBank	KO004026	Sanguinarine	inchikey	1	FALSE	TRUE	1.00782797509999	2519.56993774996
D-GLUCARATE	46622	MassBank	KO001819	Glucaric acid	inchikey_connectivity_formula_mass	2	FALSE	TRUE	2.70219999265464e-06	0.0067554999816366
ISOBUTYRATE	46627	MassBank	KO001180	Isobutyric acid	inchikey_connectivity_formula_mass	2	FALSE	TRUE	4.99000009313022e-07	0.00124750002328256
PRO	46629	MassBank	KO001569	L-Proline	inchikey	1	TRUE	TRUE	1.46169999482026e-06	0.00365424998705066
2K-4CH3-PENTANOATE	46630	MassBank	KO001319	Ketoleucine	inchikey_connectivity_formula_mass	2	FALSE	TRUE	4.18729999296374e-06	0.0104682499824094
CPD-14609	46633	MassBank	KO002563	Castanospermine	inchikey_connectivity_formula_mass	2	FALSE	TRUE	2.02489999878708e-06	0.00506224999696769
PYRIDOXAMINE-5P	46634	MassBank	KO009146	Pyridoxamine 5'-phosphate	inchikey_connectivity_formula_mass	2	FALSE	TRUE	1.95179995898798e-06	0.00487949989746994
TRP	46636	MassBank	KO004076	L-Tryptophan	inchikey	1	TRUE	TRUE	2.36019999988457e-06	0.00590049999971143
HYDROXY-UREA	46637	MassBank	KO003161	Hydroxyurea	inchikey	1	TRUE	TRUE	2.61700000692144e-06	0.00654250001730361
CPD-68	46638	MassBank	KO000094	1-Aminocyclopropanecarboxylic acid	inchikey	1	TRUE	TRUE	1.52590000368491e-06	0.00381475000921228
CPD-4609	46639	MassBank	KO000768	Kinetin	inchikey	1	TRUE	TRUE	6.30000158707844e-08	0.000157500039676961
QUINATE	46641	MassBank	KO001746	Quinic acid	inchikey_connectivity_formula_mass	2	FALSE	TRUE	1.88219999586181e-06	0.00470549998965453
DEOXYGUANOSINE	46644	MassBank	KO000622	Deoxyguanosine	inchikey	1	TRUE	TRUE	3.93170000734244e-06	0.00982925001835611
CPD0-1265	46645	MassBank	KO000123	Azelaic acid	inchikey_connectivity_formula_mass	2	FALSE	TRUE	9.97999990204335e-07	0.00249499997551084
CPD-14483	46647	MassBank	KO000935	Glycyrrhetinate	name_formula_mass	4	FALSE	TRUE	3.49999709214899e-08	7.44142534031832e-05
NIACINE	46648	MassBank	KO003589	Nicotinic acid	inchikey_connectivity_formula_mass	2	FALSE	TRUE	1.59010001254956e-06	0.00397525003137389
INDOLE_ACETATE_AUXIN	46651	MassBank	KO001227	Indoleacetic acid	inchikey_connectivity_formula_mass	2	FALSE	TRUE	1.46170000903112e-06	0.0036542500225778
GUANOSINE	46654	MassBank	KO008966	Guanosine	inchikey	1	TRUE	TRUE	4.4620003336604e-07	0.0011155000834151
INDOLEYL-CPD	46656	MassBank	KO003203	3-Indoleacetonitrile	inchikey	1	TRUE	TRUE	1.73279997284226e-06	0.00433199993210565
N-ETHYLMALEIMIDE	46660	MassBank	KO002833	N-ethylmaleimide	inchikey	1	TRUE	TRUE	1.52590000368491e-06	0.00381475000921228
ISOBUTYRATE	46663	MassBank	KO001181	Isobutyric acid	inchikey_connectivity_formula_mass	2	FALSE	TRUE	4.99000009313022e-07	0.00124750002328256
OXIDIZED-GLUTATHIONE	46666	MassBank	KO002933	Oxidized glutathione	inchikey_connectivity_formula_mass	2	FALSE	TRUE	1.90359992302547e-06	0.00310968524401338
CPD-309	46669	MassBank	KO001543	Octopine	name_formula_mass	4	TRUE	TRUE	4.91299999794137e-06	0.0122824999948534
CPD-7051	46670	MassBank	KO004232	Trifluoperazine	inchikey_connectivity_formula_mass	2	FALSE	TRUE	3.07599998450314e-06	0.00755468974383293
CPD-15318	46671	MassBank	KO001753	D-Ribose 5-phosphate	inchikey_connectivity_formula_mass	2	FALSE	TRUE	3.83990001751044e-06	0.00959975004377611
L-CYSTATHIONINE	46672	MassBank	KO008911	L-Cystathionine	inchikey	1	TRUE	TRUE	2.36180000001696e-06	0.00590450000004239
CPD-7836	46676	MassBank	KO001386	Myristic acid	inchikey_connectivity_formula_mass	2	FALSE	TRUE	1.42999994068305e-07	0.000357499985170762
S-LACTOYL-GLUTATHIONE	46678	MassBank	KO009029	S-Lactoylglutathione	inchikey_connectivity_formula_mass	2	FALSE	TRUE	4.64350000584091e-06	0.0116087500146023
BERBERINE	46680	MassBank	KO008886	Berberine	inchikey	1	FALSE	TRUE	1.0078281035	2519.57025875001
CPD-12479	46683	MassBank	KO000311	Theophylline	inchikey	1	TRUE	TRUE	4.47819999749299e-06	0.0111954999937325
GLT	46690	MassBank	KO002953	L-Glutamic acid	inchikey_connectivity_formula_mass	2	FALSE	TRUE	2.2174999969593e-06	0.00554374999239826
L-CITRULLINE	46692	MassBank	KO000393	Citrulline	inchikey	1	TRUE	TRUE	1.29920002223116e-06	0.0032480000555779
BERBERINE	46693	MassBank	KO002476	Berberine	inchikey	1	FALSE	TRUE	1.0078281035	2519.57025875001
CPD-238	46697	MassBank	KO000199	N-Acetylarylamine	name_formula_mass	4	TRUE	TRUE	3.9162000007309e-06	0.00979050000182724
INDOLE_ACETATE_AUXIN	46701	MassBank	KO003215	Indoleacetic acid	inchikey_connectivity_formula_mass	2	FALSE	TRUE	1.46170000903112e-06	0.0036542500225778
GLY	46705	MassBank	KO002938	Glycine	inchikey	1	TRUE	TRUE	1.59010001254956e-06	0.00397525003137389
THIAMINE	46706	MassBank	KO004186	Thiamine	inchikey	1	FALSE	TRUE	1.00782191070005	2519.55477675011
PUROMYCIN	46710	MassBank	KO003831	Puromycin	name_formula_mass	4	FALSE	TRUE	2.92219999664667e-06	0.00620130997583296
GLC-1-P	46713	MassBank	KO000855	Glucose 1-phosphate	inchikey_connectivity_formula_mass	2	FALSE	TRUE	1.47380001180863e-06	0.00368450002952159
THZ	46715	MassBank	KO003346	5-(2-Hydroxyethyl)-4-methylthiazole	inchikey	1	TRUE	TRUE	4.60620000808376e-06	0.0115155000202094
GLUCONATE	46718	MassBank	KO000864	Gluconic acid	inchikey_connectivity_formula_mass	2	FALSE	TRUE	2.73989999755031e-06	0.00684974999387578
INDOLE_ACETATE_AUXIN	46719	MassBank	KO003213	Indoleacetic acid	inchikey_connectivity_formula_mass	2	FALSE	TRUE	1.46170000903112e-06	0.0036542500225778
N-ETHYLMALEIMIDE	46720	MassBank	KO002831	N-ethylmaleimide	inchikey	1	TRUE	TRUE	1.52590000368491e-06	0.00381475000921228
PHE	46723	MassBank	KO001565	L-Phenylalanine	inchikey	1	TRUE	TRUE	1.39750000016647e-06	0.00349375000041618
D-Mannosamines	46727	MassBank	KO003483	Mannosamine	inchikey_connectivity_formula_mass	2	FALSE	TRUE	2.53300004260382e-06	0.00633250010650954
S-LACTOYL-GLUTATHIONE	46728	MassBank	KO009024	S-Lactoylglutathione	inchikey_connectivity_formula_mass	2	FALSE	TRUE	4.64350000584091e-06	0.0116087500146023
CPD-14483	46729	MassBank	KO003034	Glycyrrhetinate	name_formula_mass	4	FALSE	TRUE	3.49999709214899e-08	7.44142534031832e-05
TEREPHTHALATE	46734	MassBank	KO001961	Terephthalic acid	inchikey_connectivity_formula_mass	2	FALSE	TRUE	1.31900000610585e-06	0.00329750001526463
GLUTATHIONE	46737	MassBank	KO000827	Glutathione	inchikey_connectivity_formula_mass	2	FALSE	TRUE	4.01610003564201e-06	0.010040250089105
ADIPATE	46738	MassBank	KO000148	Adipic acid	inchikey_connectivity_formula_mass	2	FALSE	TRUE	1.19059998837656e-06	0.0029764999709414
PHTHALATE	46739	MassBank	KO001694	Phthalic acid	inchikey_connectivity_formula_mass	2	FALSE	TRUE	1.31900000610585e-06	0.00329750001526463
MET	46749	MassBank	KO003336	L-Methionine	inchikey	1	TRUE	TRUE	7.07499992813609e-07	0.00176874998203402
CPD-4609	46751	MassBank	KO002892	Kinetin	inchikey	1	TRUE	TRUE	6.30000158707844e-08	0.000157500039676961
BENZIMIDAZOLE	46753	MassBank	KO002433	Benzimidazole	inchikey	1	TRUE	TRUE	1.79699999591776e-06	0.0044924999897944
L-ASPARTATE	46755	MassBank	KO000033	L-Aspartic acid	inchikey_connectivity_formula_mass	2	FALSE	TRUE	2.28170000582395e-06	0.00570425001455988
CAFFEOYLQUINATE	46756	MassBank	KO002579	Chlorogenic acid	inchikey_connectivity_formula_mass	2	FALSE	TRUE	2.17669997937264e-06	0.00544174994843161
threo-ds-iso-citrate	46763	MassBank	KO001163	Isocitric acid	name_formula_mass	4	TRUE	TRUE	2.61150000824273e-06	0.00652875002060682
N-ACETYL-5-METHOXY-TRYPTAMINE	46766	MassBank	KO003433	Melatonin	inchikey	1	TRUE	TRUE	2.23180001057699e-06	0.00557950002644247
N-ACETYL-D-GLUCOSAMINE-1-P	46769	MassBank	KO000180	N-Acetylglucosamine 1-phosphate	inchikey_connectivity_formula_mass	2	FALSE	TRUE	2.37230000266209e-06	0.00593075000665522
D-GLT	46771	MassBank	KO002920	D-Glutamic acid	inchikey_connectivity_formula_mass	2	FALSE	TRUE	2.2174999969593e-06	0.00554374999239826
D-GLT	46776	MassBank	KO002921	D-Glutamic acid	inchikey_connectivity_formula_mass	2	FALSE	TRUE	2.2174999969593e-06	0.00554374999239826
CPD0-1581	46777	MassBank	KO009279	Trimethoprim	inchikey	1	TRUE	TRUE	4.64899983398936e-07	0.00116224995849734
CPD-205	46778	MassBank	KO001654	Pimelic acid	inchikey_connectivity_formula_mass	2	FALSE	TRUE	1.12639997951192e-06	0.00281599994877979
ANTHRANILATE	46780	MassBank	KO000015	2-Aminobenzoic acid	inchikey_connectivity_formula_mass	2	FALSE	TRUE	1.52590001789576e-06	0.00381475004473941
BETAINE_ALDEHYDE	46781	MassBank	KO002498	Betaine aldehyde	inchikey	1	FALSE	TRUE	1.0078240446	2519.5601115
CPD-4210	46783	MassBank	KO009317	Zeatin	inchikey	1	TRUE	TRUE	6.54000018585066e-08	0.000163500004646266
HOMOARGININE	46790	MassBank	KO003143	Homo-L-arginine	inchikey_connectivity_formula_mass	2	FALSE	TRUE	4.22139999045612e-06	0.0105534999761403
SUC	46794	MassBank	KO001786	Succinic acid	inchikey_connectivity_formula_mass	2	FALSE	TRUE	1.31900000610585e-06	0.00329750001526463
CPD-14483	46795	MassBank	KO008984	Glycyrrhetinate	name_formula_mass	4	FALSE	TRUE	3.49999709214899e-08	7.44142534031832e-05
THR	46796	MassBank	KO004106	L-Threonine	inchikey	1	TRUE	TRUE	3.16039999859186e-06	0.00790099999647964
CPD-9269	46798	MassBank	KO002189	Alliin	name_formula_mass	4	TRUE	TRUE	3.91460000059851e-06	0.00978650000149628
LINOLEIC_ACID	46799	MassBank	KO001297	Linoleic acid	inchikey_connectivity_formula_mass	2	FALSE	TRUE	2.71399983375886e-07	0.000678499958439716
PANTOTHENATE	46800	MassBank	KO009182	Pantothenic acid	inchikey_connectivity_formula_mass	2	FALSE	TRUE	2.6614000319114e-06	0.0066535000797785
HYDROXYMALONATE	46805	MassBank	KO001926	Hydroxypropanedioic acid	inchikey_connectivity_formula_mass	2	FALSE	TRUE	3.23889999265248e-06	0.00809724998163119
GLN	46807	MassBank	KO002947	L-Glutamine	inchikey	1	TRUE	TRUE	2.1976999846629e-06	0.00549424996165726
THYMIDINE	46811	MassBank	KO004093	Thymidine	inchikey	1	TRUE	TRUE	1.5702999860423e-06	0.00392574996510575
CPD-1831	46815	MassBank	KO000187	Acetylenedicarboxylic acid	inchikey_connectivity_formula_mass	2	FALSE	TRUE	1.44740000962429e-06	0.00361850002406072
TYR	46816	MassBank	KO001865	L-Tyrosine	inchikey	1	TRUE	TRUE	3.22459999324565e-06	0.00806149998311412
PANTOTHENATE	46817	MassBank	KO001607	Pantothenic acid	inchikey_connectivity_formula_mass	2	FALSE	TRUE	2.6614000319114e-06	0.0066535000797785
CPD-490	46818	MassBank	KO002009	Xylose 1-phosphate	inchikey_connectivity_formula_mass	2	FALSE	TRUE	3.83990001751044e-06	0.00959975004377611
ALLANTOATE	46822	MassBank	KO000224	Allantoic acid	inchikey_connectivity_formula_mass	2	FALSE	TRUE	4.76599998933125e-06	0.0119149999733281
OXIDIZED-GLUTATHIONE	46825	MassBank	KO008988	Oxidized glutathione	inchikey_connectivity_formula_mass	2	FALSE	TRUE	1.90359992302547e-06	0.00310968524401338
ACETYL-GLU	46826	MassBank	KO000056	N-Acetyl-L-glutamic acid	inchikey_connectivity_formula_mass	2	FALSE	TRUE	2.46880000531746e-06	0.00617200001329365
MELILOTATE	46829	MassBank	KO001679	3-(2-Hydroxyphenyl)propanoic acid	inchikey_connectivity_formula_mass	2	FALSE	TRUE	4.18729999296374e-06	0.0104682499824094
CPD0-1491	46830	MassBank	KO000092	Amitrole	inchikey	1	TRUE	TRUE	3.85079999887239e-06	0.00962699999718097
L-ORNITHINE	46832	MassBank	KO001534	Ornithine	inchikey_connectivity_formula_mass	2	FALSE	TRUE	2.36019999988457e-06	0.00590049999971143
L-2-AMINOPENTANOIC-ACID	46834	MassBank	KO003594	Norvaline	inchikey	1	TRUE	TRUE	1.39750000016647e-06	0.00349375000041618
4-FLUOROBENZOATE	46835	MassBank	KO000779	4-Fluorobenzoic acid	inchikey_connectivity_formula_mass	2	FALSE	TRUE	2.39529998680155e-06	0.00598824996700387
DEOXY-D-RIBOSE-1-PHOSPHATE	46837	MassBank	KO000551	2-Deoxyribose 1-phosphate	inchikey_connectivity_formula_mass	2	FALSE	TRUE	7.82200004323386e-07	0.00195550001080846
HIS	46839	MassBank	KO003054	L-Histidine	inchikey	1	TRUE	TRUE	3.45129998891025e-06	0.00862824997227563
S-LACTOYL-GLUTATHIONE	46842	MassBank	KO003299	S-Lactoylglutathione	inchikey_connectivity_formula_mass	2	FALSE	TRUE	4.64350000584091e-06	0.0116087500146023
ALLANTOATE	46843	MassBank	KO000227	Allantoic acid	inchikey_connectivity_formula_mass	2	FALSE	TRUE	4.76599998933125e-06	0.0119149999733281
ETHIONINE	46844	MassBank	KO002878	Ethionine	inchikey	1	TRUE	TRUE	6.43299983948964e-07	0.00160824995987241
S-LACTOYL-GLUTATHIONE	46848	MassBank	KO003301	S-Lactoylglutathione	inchikey_connectivity_formula_mass	2	FALSE	TRUE	4.64350000584091e-06	0.0116087500146023
L-2-AMINOHEXANOATE	46850	MassBank	KO003600	L-Norleucine	inchikey	1	TRUE	TRUE	1.33329999130183e-06	0.00333324997825457
2-DEOXYGLUCOSE-6-PHOSPHATE	46856	MassBank	KO000654	2-Deoxyglucose 6-phosphate	name_formula_mass	4	FALSE	TRUE	3.90409999795338e-06	0.00976024999488345
DODECANOATE	46864	MassBank	KO001285	Dodecanoic acid	inchikey_connectivity_formula_mass	2	FALSE	TRUE	1.46000047607231e-08	3.65000119018077e-05
ATROPINE	46865	MassBank	KO003109	Hyoscyamine	name_formula_mass	4	FALSE	TRUE	3.6097999895901e-06	0.00902449997397525
L-HYOSCYAMINE	46865	MassBank	KO003109	Hyoscyamine	name_formula_mass	4	FALSE	TRUE	3.6097999895901e-06	0.00902449997397525
ARABINOSE-5P	46867	MassBank	KO000249	D-Arabinose 5-phosphate	inchikey_connectivity_formula_mass	2	FALSE	TRUE	3.83990001751044e-06	0.00959975004377611
3-HYDROXY-BUTYRATE	46873	MassBank	KO001012	3-Hydroxybutyric acid	name_formula_mass	4	FALSE	TRUE	4.12309999830995e-06	0.0103077499957749
DETHIOBIOTIN	46878	MassBank	KO002733	Dethiobiotin	inchikey_connectivity_formula_mass	2	FALSE	TRUE	2.45449999169978e-06	0.00613624997924944
CPD-7999	46883	MassBank	KO001710	Phenyllactic acid	inchikey_connectivity_formula_mass	2	FALSE	TRUE	4.18729999296374e-06	0.0104682499824094
GLT	46891	MassBank	KO000850	L-Glutamic acid	inchikey_connectivity_formula_mass	2	FALSE	TRUE	2.2174999969593e-06	0.00554374999239826
CPD-884	46892	MassBank	KO000105	Aminocaproic acid	inchikey	1	TRUE	TRUE	1.33329999130183e-06	0.00333324997825457
CPD-3617	46893	MassBank	KO000630	Capric acid	inchikey_connectivity_formula_mass	2	FALSE	TRUE	1.13800012968568e-07	0.00028450003242142
PYRIDOXAMINE-5P	46895	MassBank	KO003886	Pyridoxamine 5'-phosphate	inchikey_connectivity_formula_mass	2	FALSE	TRUE	1.95179995898798e-06	0.00487949989746994
TREHALOSE-6P	46896	MassBank	KO001950	Trehalose 6-phosphate	inchikey_connectivity_formula_mass	2	FALSE	TRUE	1.95770002164863e-06	0.00463819236059479
D-glucopyranose-6-phosphate	46897	MassBank	KO000809	Glucose 6-phosphate	inchikey_connectivity_formula_mass	2	FALSE	TRUE	1.47380001180863e-06	0.00368450002952159
DEOXY-RIBOSE-5P	46898	MassBank	KO000567	2-Deoxyribose 5'-phosphate	inchikey_connectivity_formula_mass	2	FALSE	TRUE	7.82200004323386e-07	0.00195550001080846
D-GLT	46902	MassBank	KO002923	D-Glutamic acid	inchikey_connectivity_formula_mass	2	FALSE	TRUE	2.2174999969593e-06	0.00554374999239826
VAL	46903	MassBank	KO004251	L-Valine	inchikey	1	TRUE	TRUE	1.39750000016647e-06	0.00349375000041618
METHYLNICOTINATE	46905	MassBank	KO004203	Trigonelline	inchikey	1	TRUE	TRUE	2.01564853829998	5039.12134574996
ILE	46906	MassBank	KO001179	L-Isoleucine	inchikey	1	TRUE	TRUE	1.33329999130183e-06	0.00333324997825457
CPD-13612	46911	MassBank	KO002736	Sphinganine	inchikey_connectivity_formula_mass	2	FALSE	TRUE	4.98700046591694e-07	0.00124675011647923
ILE	46914	MassBank	KO001176	L-Isoleucine	inchikey	1	TRUE	TRUE	1.33329999130183e-06	0.00333324997825457
5-METHYLTHIOADENOSINE	46918	MassBank	KO002722	5'-Methylthioadenosine	inchikey	1	TRUE	TRUE	6.38000301478314e-08	0.000159500075369579
HISTIDINOL	46919	MassBank	KO003142	L-Histidinol	inchikey_connectivity_formula_mass	2	FALSE	TRUE	1.99079997287299e-06	0.00497699993218248
D-GLUCOSAMINE-6-P	46920	MassBank	KO002955	Glucosamine 6-phosphate	inchikey_connectivity_formula_mass	2	FALSE	TRUE	2.94139999823528e-06	0.00735349999558821
PYRIDOXAL	46922	MassBank	KO001577	Pyridoxal	inchikey	1	TRUE	TRUE	3.160399984381e-06	0.0079009999609525
HYPOXANTHINE	46924	MassBank	KO000984	Hypoxanthine	inchikey	1	TRUE	TRUE	7.71299994539731e-07	0.00192824998634933
HOMO-SER	46927	MassBank	KO003059	L-Homoserine	inchikey	1	TRUE	TRUE	3.16039999859186e-06	0.00790099999647964
GLC-1-P	46930	MassBank	KO000856	Glucose 1-phosphate	inchikey_connectivity_formula_mass	2	FALSE	TRUE	1.47380001180863e-06	0.00368450002952159
VANILLATE	46934	MassBank	KO001154	Vanillic acid	inchikey_connectivity_formula_mass	2	FALSE	TRUE	1.25479999724121e-06	0.00313699999310302
GLY	46940	MassBank	KO002936	Glycine	inchikey	1	TRUE	TRUE	1.59010001254956e-06	0.00397525003137389
CPD-14736	46943	MassBank	KO003270	L-Kynurenine	inchikey	1	TRUE	TRUE	2.26189999352755e-06	0.00565474998381887
URIDINE	46945	MassBank	KO009308	Uridine	inchikey	1	TRUE	TRUE	3.87179997574094e-06	0.00967949993935235
N-ACETYL-5-METHOXY-TRYPTAMINE	46946	MassBank	KO009065	Melatonin	inchikey	1	TRUE	TRUE	2.23180001057699e-06	0.00557950002644247
NIACINE	46950	MassBank	KO001502	Nicotinic acid	inchikey_connectivity_formula_mass	2	FALSE	TRUE	1.59010001254956e-06	0.00397525003137389
CPD-9939	46951	MassBank	KO001022	Harmaline	name_formula_mass	4	TRUE	TRUE	3.08189999032038e-06	0.00770474997580095
PYRIDOXAMINE-5P	46954	MassBank	KO009147	Pyridoxamine 5'-phosphate	inchikey_connectivity_formula_mass	2	FALSE	TRUE	1.95179995898798e-06	0.00487949989746994
THYMIDINE	46958	MassBank	KO004094	Thymidine	inchikey	1	TRUE	TRUE	1.5702999860423e-06	0.00392574996510575
CPD-3762	46964	MassBank	KO000217	5-Aminoimidazole-4-carboxamide	name_formula_mass	4	TRUE	TRUE	8.35500003404377e-07	0.00208875000851094
OXIDIZED-GLUTATHIONE	46965	MassBank	KO002932	Oxidized glutathione	inchikey_connectivity_formula_mass	2	FALSE	TRUE	1.90359992302547e-06	0.00310968524401338
THYMINE	46966	MassBank	KO001889	Thymine	inchikey	1	TRUE	TRUE	2.5527999980568e-06	0.006381999995142
CPD-468	46969	MassBank	KO000170	Aminoadipic acid	inchikey_connectivity_formula_mass	2	FALSE	TRUE	2.15330001651637e-06	0.00538325004129092
CPD-14483	46972	MassBank	KO008980	Glycyrrhetinate	name_formula_mass	4	FALSE	TRUE	3.49999709214899e-08	7.44142534031832e-05
CPD-14483	46973	MassBank	KO000936	Glycyrrhetinate	name_formula_mass	4	FALSE	TRUE	3.49999709214899e-08	7.44142534031832e-05
CPD-183	46976	MassBank	KO000890	Gallic acid	inchikey_connectivity_formula_mass	2	FALSE	TRUE	3.30309998730627e-06	0.00825774996826567
HYPOXANTHINE	46980	MassBank	KO000983	Hypoxanthine	inchikey	1	TRUE	TRUE	7.71299994539731e-07	0.00192824998634933
2-FLUOROBENZOATE	46982	MassBank	KO000786	o-Fluorobenzoate	inchikey_connectivity_formula_mass	2	FALSE	TRUE	2.39529998680155e-06	0.00598824996700387
THYMINE	46987	MassBank	KO004101	Thymine	inchikey	1	TRUE	TRUE	2.5527999980568e-06	0.006381999995142
2-FLUOROBENZOATE	46989	MassBank	KO000788	o-Fluorobenzoate	inchikey_connectivity_formula_mass	2	FALSE	TRUE	2.39529998680155e-06	0.00598824996700387
PRO	46993	MassBank	KO003675	L-Proline	inchikey	1	TRUE	TRUE	1.46169999482026e-06	0.00365424998705066
CPD-24844	46995	MassBank	KO001273	L-Lactic acid	inchikey	1	TRUE	TRUE	4.05890000365616e-06	0.0101472500091404
CPD-7619	47000	MassBank	KO001033	Heptanoic acid	inchikey_connectivity_formula_mass	2	FALSE	TRUE	3.06399982719086e-07	0.000765999956797714
TRYPTAMINE	47002	MassBank	KO004145	Tryptamine	inchikey_connectivity_formula_mass	2	FALSE	TRUE	1.60440001195639e-06	0.00401100002989097
PHENYLETHYLAMINE	47003	MassBank	KO003739	Phenylethylamine	inchikey_connectivity_formula_mass	2	FALSE	TRUE	6.41699998027434e-07	0.00160424999506859
PHTHALATE	47004	MassBank	KO001693	Phthalic acid	inchikey_connectivity_formula_mass	2	FALSE	TRUE	1.31900000610585e-06	0.00329750001526463
CANAVANINE	47005	MassBank	KO002592	Canavanine	inchikey_connectivity_formula_mass	2	FALSE	TRUE	2.72300013648419e-07	0.000680750034121047
THYMINE	47006	MassBank	KO004099	Thymine	inchikey	1	TRUE	TRUE	2.5527999980568e-06	0.006381999995142
B-ALANINE	47012	MassBank	KO000041	beta-Alanine	inchikey	1	TRUE	TRUE	1.52590000368491e-06	0.00381475000921228
COUMARATE	47013	MassBank	KO000410	4-Hydroxycinnamic acid	inchikey_connectivity_formula_mass	2	FALSE	TRUE	4.12310001252081e-06	0.010307750031302
PURINE	47014	MassBank	KO003751	Purine	inchikey	1	TRUE	TRUE	3.85079999887239e-06	0.00962699999718097
S-LACTOYL-GLUTATHIONE	47015	MassBank	KO001290	S-Lactoylglutathione	inchikey_connectivity_formula_mass	2	FALSE	TRUE	4.64350000584091e-06	0.0116087500146023
GUANOSINE	47016	MassBank	KO008967	Guanosine	inchikey	1	TRUE	TRUE	4.4620003336604e-07	0.0011155000834151
SEMICARBAZIDE	47023	MassBank	KO004007	Semicarbazide	inchikey	1	TRUE	TRUE	1.79820000312247e-06	0.00449550000780619
ACETYLCHOLINE	47025	MassBank	KO002181	Acetylcholine	inchikey	1	FALSE	TRUE	1.00782879510001	2519.57198775003
LYS	47026	MassBank	KO001268	L-Lysine	inchikey_connectivity_formula_mass	2	FALSE	TRUE	2.29599999101993e-06	0.00573999997754981
HEXANOATE	47027	MassBank	KO000429	Caproic acid	inchikey_connectivity_formula_mass	2	FALSE	TRUE	3.70600005794586e-07	0.000926500014486464
CPD-4609	47032	MassBank	KO000766	Kinetin	inchikey	1	TRUE	TRUE	6.30000158707844e-08	0.000157500039676961
CPDQT-42	47033	MassBank	KO003996	Sulfanilamide	name_formula_mass	4	TRUE	TRUE	1.798600010261e-06	0.00449650002565249
PUTRESCINE	47039	MassBank	KO002426	Putrescine	inchikey_connectivity_formula_mass	2	FALSE	TRUE	1.60439999774553e-06	0.00401099999436383
BESTATIN	47041	MassBank	KO000345	(2R)-2-[[(2S,3R)-3-Amino-2-hydroxy-4-phenyl-butanoyl]amino]-4-methyl-pentanoic acid	inchikey	1	TRUE	TRUE	2.73079996304659e-06	0.00682699990761648
THIAMINE	47044	MassBank	KO001934	Thiamine	inchikey	1	FALSE	TRUE	1.00782191070005	2519.55477675011
CPD0-1652	47045	MassBank	KO003535	Fomepizole	inchikey	1	TRUE	TRUE	1.79699999591776e-06	0.0044924999897944
SANGUINARINE	47048	MassBank	KO009241	Sanguinarine	inchikey	1	FALSE	TRUE	1.00782797509999	2519.56993774996
D-THREONINE	47053	MassBank	KO004089	L-Allothreonine	name_formula_mass	4	TRUE	TRUE	3.16039999859186e-06	0.00790099999647964
THR	47053	MassBank	KO004089	L-Allothreonine	name_formula_mass	4	TRUE	TRUE	3.16039999859186e-06	0.00790099999647964
HYDROXYMALONATE	47054	MassBank	KO001923	Hydroxypropanedioic acid	inchikey_connectivity_formula_mass	2	FALSE	TRUE	3.23889999265248e-06	0.00809724998163119
CPD0-1104	47059	MassBank	KO000297	Azetidine-2-carboxylate	name_formula_mass	4	TRUE	TRUE	1.52590000368491e-06	0.00381475000921228
P-AMINO-BENZOATE	47065	MassBank	KO002121	p-Aminobenzoic acid	inchikey_connectivity_formula_mass	2	FALSE	TRUE	1.52590001789576e-06	0.00381475004473941
GIBBERELLIN	47066	MassBank	KO000932	Gibberellins	name_formula_mass	4	FALSE	TRUE	1.561200008382e-06	0.003903000020955
CPD-7051	47068	MassBank	KO009264	Trifluoperazine	inchikey_connectivity_formula_mass	2	FALSE	TRUE	3.07599998450314e-06	0.00755468974383293
N-ACETYL-D-GLUCOSAMINE-1-P	47070	MassBank	KO002282	N-Acetylglucosamine 1-phosphate	inchikey_connectivity_formula_mass	2	FALSE	TRUE	2.37230000266209e-06	0.00593075000665522
PYRIDOXAMINE-5P	47071	MassBank	KO009145	Pyridoxamine 5'-phosphate	inchikey_connectivity_formula_mass	2	FALSE	TRUE	1.95179995898798e-06	0.00487949989746994
COUMARATE	47072	MassBank	KO000406	4-Hydroxycinnamic acid	inchikey_connectivity_formula_mass	2	FALSE	TRUE	4.12310001252081e-06	0.010307750031302
ACETYL-GLU	47073	MassBank	KO002083	N-Acetyl-L-glutamic acid	inchikey_connectivity_formula_mass	2	FALSE	TRUE	2.46880000531746e-06	0.00617200001329365
CH33ADO	47074	MassBank	KO002741	5'-Deoxyadenosine	inchikey	1	TRUE	TRUE	6.90400014491388e-07	0.00172600003622847
TRP	47076	MassBank	KO004073	L-Tryptophan	inchikey	1	TRUE	TRUE	2.36019999988457e-06	0.00590049999971143
CPD-9245	47077	MassBank	KO001628	Palmitoleic acid	inchikey_connectivity_formula_mass	2	FALSE	TRUE	2.0720000293295e-07	0.000518000007332375
INDOLEYL-CPD	47081	MassBank	KO001210	3-Indoleacetonitrile	inchikey	1	TRUE	TRUE	1.73279997284226e-06	0.00433199993210565
GUANOSINE	47084	MassBank	KO000840	Guanosine	inchikey	1	TRUE	TRUE	4.4620003336604e-07	0.0011155000834151
3-SULFINOALANINE	47085	MassBank	KO002534	3-Sulfinoalanine	inchikey_connectivity_formula_mass	2	FALSE	TRUE	1.59169999847109e-06	0.00397924999617771
LEU	47086	MassBank	KO001262	L-Leucine	inchikey	1	TRUE	TRUE	1.33329999130183e-06	0.00333324997825457
THZ	47090	MassBank	KO003344	5-(2-Hydroxyethyl)-4-methylthiazole	inchikey	1	TRUE	TRUE	4.60620000808376e-06	0.0115155000202094
CPD0-1264	47091	MassBank	KO003984	Suberic acid	inchikey_connectivity_formula_mass	2	FALSE	TRUE	1.06219999906898e-06	0.00265549999767245
HYPOXANTHINE	47092	MassBank	KO003073	Hypoxanthine	inchikey	1	TRUE	TRUE	7.71299994539731e-07	0.00192824998634933
D-Glucopyranuronate	47093	MassBank	KO000817	Glucuronate	inchikey_connectivity_formula_mass	2	FALSE	TRUE	2.67569998868566e-06	0.00668924997171416
D-GLT	47094	MassBank	KO000819	D-Glutamic acid	inchikey_connectivity_formula_mass	2	FALSE	TRUE	2.2174999969593e-06	0.00554374999239826
2-COUMARATE	47095	MassBank	KO000441	2-Hydroxycinnamic acid	inchikey_connectivity_formula_mass	2	FALSE	TRUE	4.12310001252081e-06	0.010307750031302
L-PIPECOLATE	47096	MassBank	KO003744	L-Pipecolic acid	inchikey	1	TRUE	TRUE	1.39750000016647e-06	0.00349375000041618
CPD-238	47098	MassBank	KO000197	N-Acetylarylamine	name_formula_mass	4	TRUE	TRUE	3.9162000007309e-06	0.00979050000182724
5-OXOPROLINE	47101	MassBank	KO003651	Pyroglutamic acid	inchikey_connectivity_formula_mass	2	FALSE	TRUE	3.09620000393807e-06	0.00774050000984516
Thiopurine-Methylethers	47102	MassBank	KO001470	6-Methylmercaptopurine	inchikey	1	TRUE	TRUE	3.09659998265488e-06	0.0077414999566372
Thiopurine-Methylethers	47103	MassBank	KO003509	6-Methylmercaptopurine	inchikey	1	TRUE	TRUE	3.09659998265488e-06	0.0077414999566372
SUC	47105	MassBank	KO001785	Succinic acid	inchikey_connectivity_formula_mass	2	FALSE	TRUE	1.31900000610585e-06	0.00329750001526463
ALLOCRYPTOPINE	47107	MassBank	KO008812	alpha-Allocryptopine	inchikey	1	TRUE	TRUE	2.85400000166192e-06	0.00713500000415479
PUROMYCIN	47108	MassBank	KO001686	Puromycin	name_formula_mass	4	FALSE	TRUE	2.92219999664667e-06	0.00620130997583296
NIACINE	47110	MassBank	KO001506	Nicotinic acid	inchikey_connectivity_formula_mass	2	FALSE	TRUE	1.59010001254956e-06	0.00397525003137389
D-GLT	47112	MassBank	KO000821	D-Glutamic acid	inchikey_connectivity_formula_mass	2	FALSE	TRUE	2.2174999969593e-06	0.00554374999239826
CPD-468	47113	MassBank	KO002262	Aminoadipic acid	inchikey_connectivity_formula_mass	2	FALSE	TRUE	2.15330001651637e-06	0.00538325004129092
CH33ADO	47114	MassBank	KO002742	5'-Deoxyadenosine	inchikey	1	TRUE	TRUE	6.90400014491388e-07	0.00172600003622847
CPD-1131	47118	MassBank	KO000438	2-Carboxybenzaldehyde	inchikey_connectivity_formula_mass	2	FALSE	TRUE	4.05890000365616e-06	0.0101472500091404
DOPAMINE	47121	MassBank	KO002691	Dopamine	inchikey_connectivity_formula_mass	2	FALSE	TRUE	1.39750000016647e-06	0.00349375000041618
QUINATE	47124	MassBank	KO001748	Quinic acid	inchikey_connectivity_formula_mass	2	FALSE	TRUE	1.88219999586181e-06	0.00470549998965453
ANILINE	47129	MassBank	KO002163	Aniline	inchikey	1	TRUE	TRUE	7.7010000154587e-07	0.00192525000386468
CPD-9035	47130	MassBank	KO001478	Methionine sulfoximine	inchikey	1	TRUE	TRUE	2.95190000088041e-06	0.00737975000220104
DEOXYCYTIDINE	47133	MassBank	KO000611	Deoxycytidine	inchikey	1	TRUE	TRUE	4.07869998753085e-06	0.0101967499688271
CPD-110	47139	MassBank	KO001006	Salicylic acid	inchikey_connectivity_formula_mass	2	FALSE	TRUE	4.05890000365616e-06	0.0101472500091404
BENZIMIDAZOLE	47141	MassBank	KO000332	Benzimidazole	inchikey	1	TRUE	TRUE	1.79699999591776e-06	0.0044924999897944
3-SULFINOALANINE	47144	MassBank	KO000400	3-Sulfinoalanine	inchikey_connectivity_formula_mass	2	FALSE	TRUE	1.59169999847109e-06	0.00397924999617771
Thiopurine-Methylethers	47148	MassBank	KO003507	6-Methylmercaptopurine	inchikey	1	TRUE	TRUE	3.09659998265488e-06	0.0077414999566372
NICOTINE	47150	MassBank	KO003604	Nicotine	inchikey_connectivity_formula_mass	2	FALSE	TRUE	1.54020000309174e-06	0.00385050000772935
CPD-884	47153	MassBank	KO002159	Aminocaproic acid	inchikey	1	TRUE	TRUE	1.33329999130183e-06	0.00333324997825457
MANNOSE-1P	47160	MassBank	KO001461	D-Mannose 1-phosphate	inchikey_connectivity_formula_mass	2	FALSE	TRUE	1.47380001180863e-06	0.00368450002952159
DOPAMINE	47161	MassBank	KO000581	Dopamine	inchikey_connectivity_formula_mass	2	FALSE	TRUE	1.39750000016647e-06	0.00349375000041618
PANTOTHENATE	47162	MassBank	KO001609	Pantothenic acid	inchikey_connectivity_formula_mass	2	FALSE	TRUE	2.6614000319114e-06	0.0066535000797785
CPD-764	47164	MassBank	KO003844	Phosphonoacetate	inchikey_connectivity_formula_mass	2	FALSE	TRUE	2.18999986145718e-07	0.000547499965364295
CPD-14609	47166	MassBank	KO002564	Castanospermine	inchikey_connectivity_formula_mass	2	FALSE	TRUE	2.02489999878708e-06	0.00506224999696769
D-glucopyranose-6-phosphate	47167	MassBank	KO002916	Glucose 6-phosphate	inchikey_connectivity_formula_mass	2	FALSE	TRUE	1.47380001180863e-06	0.00368450002952159
CPD-402	47168	MassBank	KO001483	2-(Methylamino)benzoic acid	inchikey_connectivity_formula_mass	2	FALSE	TRUE	1.46170000903112e-06	0.0036542500225778
threo-ds-iso-citrate	47169	MassBank	KO001161	Isocitric acid	name_formula_mass	4	TRUE	TRUE	2.61150000824273e-06	0.00652875002060682
CPD-14483	47171	MassBank	KO008982	Glycyrrhetinate	name_formula_mass	4	FALSE	TRUE	3.49999709214899e-08	7.44142534031832e-05
ISOBUTYRATE	47175	MassBank	KO001182	Isobutyric acid	inchikey_connectivity_formula_mass	2	FALSE	TRUE	4.99000009313022e-07	0.00124750002328256
PYRIDINE	47178	MassBank	KO003725	Pyridine	inchikey	1	TRUE	TRUE	8.34299996199661e-07	0.00208574999049915
CREATINE-P	47179	MassBank	KO003852	Phosphocreatine	inchikey_connectivity_formula_mass	2	FALSE	TRUE	3.04290000485707e-06	0.00760725001214269
DIHYDROXY-ACETONE-PHOSPHATE	47181	MassBank	KO000554	Dihydroxyacetone phosphate	inchikey_connectivity_formula_mass	2	FALSE	TRUE	4.46730001613105e-06	0.0111682500403276
BESTATIN	47182	MassBank	KO009090	(2R)-2-[[(2S,3R)-3-Amino-2-hydroxy-4-phenyl-butanoyl]amino]-4-methyl-pentanoic acid	inchikey	1	TRUE	TRUE	2.73079996304659e-06	0.00682699990761648
CPD-12479	47183	MassBank	KO001908	Theophylline	inchikey	1	TRUE	TRUE	4.47819999749299e-06	0.0111954999937325
10-HYDROXYDECANOATE	47184	MassBank	KO001114	10-Hydroxydecanoic acid	inchikey_connectivity_formula_mass	2	FALSE	TRUE	4.50829998044355e-06	0.0112707499511089
PROTOPINE	47191	MassBank	KO009209	Protopine	inchikey	1	TRUE	TRUE	2.72559998393263e-06	0.00681399995983156
THZ	47192	MassBank	KO003345	5-(2-Hydroxyethyl)-4-methylthiazole	inchikey	1	TRUE	TRUE	4.60620000808376e-06	0.0115155000202094
DEOXYCYTIDINE	47200	MassBank	KO000609	Deoxycytidine	inchikey	1	TRUE	TRUE	4.07869998753085e-06	0.0101967499688271
CPD0-1491	47201	MassBank	KO000093	Amitrole	inchikey	1	TRUE	TRUE	3.85079999887239e-06	0.00962699999718097
CPD-4604	47202	MassBank	KO008874	6-Benzylaminopurine	inchikey	1	TRUE	TRUE	4.62090000041826e-06	0.0115522500010456
CPD-4210	47205	MassBank	KO004278	Zeatin	inchikey	1	TRUE	TRUE	6.54000018585066e-08	0.000163500004646266
CADAVERINE	47207	MassBank	KO002546	Cadaverine	inchikey_connectivity_formula_mass	2	FALSE	TRUE	1.54020000309174e-06	0.00385050000772935
FERULIC-ACID	47209	MassBank	KO001110	Ferulic acid	inchikey_connectivity_formula_mass	2	FALSE	TRUE	1.19059998837656e-06	0.0029764999709414
ILE	47211	MassBank	KO001177	L-Isoleucine	inchikey	1	TRUE	TRUE	1.33329999130183e-06	0.00333324997825457
ACETYL-GLU	47212	MassBank	KO000053	N-Acetyl-L-glutamic acid	inchikey_connectivity_formula_mass	2	FALSE	TRUE	2.46880000531746e-06	0.00617200001329365
L-ALPHA-ALANINE	47213	MassBank	KO000022	L-Alanine	inchikey	1	TRUE	TRUE	1.52590000368491e-06	0.00381475000921228
PHENYLETHYLAMINE	47221	MassBank	KO003794	Phenylethylamine	inchikey_connectivity_formula_mass	2	FALSE	TRUE	6.41699998027434e-07	0.00160424999506859
2K-ADIPATE	47224	MassBank	KO001258	Oxoadipic acid	inchikey_connectivity_formula_mass	2	FALSE	TRUE	3.36729999617091e-06	0.00841824999042728
N-ETHYLMALEIMIDE	47225	MassBank	KO002832	N-ethylmaleimide	inchikey	1	TRUE	TRUE	1.52590000368491e-06	0.00381475000921228
4-hydroxybenzoate	47226	MassBank	KO000963	4-Hydroxybenzoic acid	inchikey_connectivity_formula_mass	2	FALSE	TRUE	4.05890000365616e-06	0.0101472500091404
PYRIDOXAMINE	47230	MassBank	KO001728	Pyridoxamine	inchikey_connectivity_formula_mass	2	FALSE	TRUE	2.36019999988457e-06	0.00590049999971143
HISTIDINOL	47232	MassBank	KO003140	L-Histidinol	inchikey_connectivity_formula_mass	2	FALSE	TRUE	1.99079997287299e-06	0.00497699993218248
N-ACETYL-5-METHOXY-TRYPTAMINE	47233	MassBank	KO003436	Melatonin	inchikey	1	TRUE	TRUE	2.23180001057699e-06	0.00557950002644247
PYRIDOXAMINE	47236	MassBank	KO001725	Pyridoxamine	inchikey_connectivity_formula_mass	2	FALSE	TRUE	2.36019999988457e-06	0.00590049999971143
CPD-309	47237	MassBank	KO001544	Octopine	name_formula_mass	4	TRUE	TRUE	4.91299999794137e-06	0.0122824999948534
CPD-13612	47238	MassBank	KO002737	Sphinganine	inchikey_connectivity_formula_mass	2	FALSE	TRUE	4.98700046591694e-07	0.00124675011647923
TYR	47240	MassBank	KO004069	L-Tyrosine	inchikey	1	TRUE	TRUE	3.22459999324565e-06	0.00806149998311412
D-THREONINE	47243	MassBank	KO001879	L-Allothreonine	name_formula_mass	4	TRUE	TRUE	3.16039999859186e-06	0.00790099999647964
THR	47243	MassBank	KO001879	L-Allothreonine	name_formula_mass	4	TRUE	TRUE	3.16039999859186e-06	0.00790099999647964
DOPAMINE	47246	MassBank	KO003152	Dopamine	inchikey_connectivity_formula_mass	2	FALSE	TRUE	1.39750000016647e-06	0.00349375000041618
CYTOSINE	47248	MassBank	KO000417	Cytosine	inchikey	1	TRUE	TRUE	1.79820000312247e-06	0.00449550000780619
GLUTAMIDE	47250	MassBank	KO002926	D-Glutamine	inchikey	1	TRUE	TRUE	2.1976999846629e-06	0.00549424996165726
PALMATINE	47251	MassBank	KO009212	Palmatine	inchikey	1	FALSE	TRUE	1.00782823190002	2519.57057975005
GUANOSINE	47253	MassBank	KO002943	Guanosine	inchikey	1	TRUE	TRUE	4.4620003336604e-07	0.0011155000834151
SER	47255	MassBank	KO001782	L-Serine	inchikey	1	TRUE	TRUE	3.09619998972721e-06	0.00774049997431803
L-ALPHA-ALANINE	47258	MassBank	KO002056	L-Alanine	inchikey	1	TRUE	TRUE	1.52590000368491e-06	0.00381475000921228
CPD-9035	47260	MassBank	KO003522	Methionine sulfoximine	inchikey	1	TRUE	TRUE	2.95190000088041e-06	0.00737975000220104
5-OXOPROLINE	47261	MassBank	KO003819	Pyroglutamic acid	inchikey_connectivity_formula_mass	2	FALSE	TRUE	3.09620000393807e-06	0.00774050000984516
THIAMINE	47262	MassBank	KO009295	Thiamine	inchikey	1	FALSE	TRUE	1.00782191070005	2519.55477675011
THR	47263	MassBank	KO001897	L-Threonine	inchikey	1	TRUE	TRUE	3.16039999859186e-06	0.00790099999647964
PHENYLETHYLAMINE	47266	MassBank	KO003795	Phenylethylamine	inchikey_connectivity_formula_mass	2	FALSE	TRUE	6.41699998027434e-07	0.00160424999506859
CPD-633	47268	MassBank	KO000578	Gentisic acid	inchikey_connectivity_formula_mass	2	FALSE	TRUE	1.31900000610585e-06	0.00329750001526463
5-HYDROXY-L-LYSINE	47270	MassBank	KO001090	5-Hydroxylysine	name_formula_mass	4	FALSE	TRUE	2.3261000023922e-06	0.00581525000598049
CPD-16631	47273	MassBank	KO000272	Beta-Tyrosine	name_formula_mass	4	TRUE	TRUE	3.22459999324565e-06	0.00806149998311412
TREHALOSE-6P	47275	MassBank	KO004213	Trehalose 6-phosphate	inchikey_connectivity_formula_mass	2	FALSE	TRUE	1.95770002164863e-06	0.00463819236059479
TARTRATE	47283	MassBank	KO001902	Tartaric acid	inchikey_connectivity_formula_mass	2	FALSE	TRUE	2.07479999403404e-06	0.00518699998508509
HISTIDINOL	47284	MassBank	KO003138	L-Histidinol	inchikey_connectivity_formula_mass	2	FALSE	TRUE	1.99079997287299e-06	0.00497699993218248
TRP	47285	MassBank	KO001870	L-Tryptophan	inchikey	1	TRUE	TRUE	2.36019999988457e-06	0.00590049999971143
CPD-9939	47287	MassBank	KO008994	Harmaline	name_formula_mass	4	TRUE	TRUE	3.08189999032038e-06	0.00770474997580095
CPD-238	47288	MassBank	KO002296	N-Acetylarylamine	name_formula_mass	4	TRUE	TRUE	3.9162000007309e-06	0.00979050000182724
VAL	47290	MassBank	KO001988	L-Valine	inchikey	1	TRUE	TRUE	1.39750000016647e-06	0.00349375000041618
INDOLE_ACETATE_AUXIN	47294	MassBank	KO003212	Indoleacetic acid	inchikey_connectivity_formula_mass	2	FALSE	TRUE	1.46170000903112e-06	0.0036542500225778
PANTOTHENATE	47295	MassBank	KO001605	Pantothenic acid	inchikey_connectivity_formula_mass	2	FALSE	TRUE	2.6614000319114e-06	0.0066535000797785
CPD-238	47298	MassBank	KO000198	N-Acetylarylamine	name_formula_mass	4	TRUE	TRUE	3.9162000007309e-06	0.00979050000182724
TRP	47299	MassBank	KO004075	L-Tryptophan	inchikey	1	TRUE	TRUE	2.36019999988457e-06	0.00590049999971143
PYRIDOXAL_PHOSPHATE	47306	MassBank	KO001618	Pyridoxal 5'-phosphate	inchikey_connectivity_formula_mass	2	FALSE	TRUE	3.56879999685589e-06	0.00892199999213972
N-ACETYL-5-METHOXY-TRYPTAMINE	47307	MassBank	KO001410	Melatonin	inchikey	1	TRUE	TRUE	2.23180001057699e-06	0.00557950002644247
threo-ds-iso-citrate	47310	MassBank	KO001162	Isocitric acid	name_formula_mass	4	TRUE	TRUE	2.61150000824273e-06	0.00652875002060682
ILE	47312	MassBank	KO001178	L-Isoleucine	inchikey	1	TRUE	TRUE	1.33329999130183e-06	0.00333324997825457
GLC-1-P	47314	MassBank	KO000854	Glucose 1-phosphate	inchikey_connectivity_formula_mass	2	FALSE	TRUE	1.47380001180863e-06	0.00368450002952159
HIS	47315	MassBank	KO003057	L-Histidine	inchikey	1	TRUE	TRUE	3.45129998891025e-06	0.00862824997227563
CPD-633	47317	MassBank	KO000577	Gentisic acid	inchikey_connectivity_formula_mass	2	FALSE	TRUE	1.31900000610585e-06	0.00329750001526463
L-ASPARTATE	47319	MassBank	KO000032	L-Aspartic acid	inchikey_connectivity_formula_mass	2	FALSE	TRUE	2.28170000582395e-06	0.00570425001455988
CPD-1831	47324	MassBank	KO000188	Acetylenedicarboxylic acid	inchikey_connectivity_formula_mass	2	FALSE	TRUE	1.44740000962429e-06	0.00361850002406072
GALACTOSAMINE	47330	MassBank	KO002988	Galactosamine	inchikey_connectivity_formula_mass	2	FALSE	TRUE	2.53300004260382e-06	0.00633250010650954
ANTHRANILATE	47334	MassBank	KO002044	2-Aminobenzoic acid	inchikey_connectivity_formula_mass	2	FALSE	TRUE	1.52590001789576e-06	0.00381475004473941
CPD-10507	47336	MassBank	KO003207	3-Indolebutyric acid	inchikey_connectivity_formula_mass	2	FALSE	TRUE	1.33329999130183e-06	0.00333324997825457
LYS	47337	MassBank	KO001269	L-Lysine	inchikey_connectivity_formula_mass	2	FALSE	TRUE	2.29599999101993e-06	0.00573999997754981
THR	47341	MassBank	KO004103	L-Threonine	inchikey	1	TRUE	TRUE	3.16039999859186e-06	0.00790099999647964
ACETYLCHOLINE	47343	MassBank	KO002179	Acetylcholine	inchikey	1	FALSE	TRUE	1.00782879510001	2519.57198775003
GLYCEROL-3P	47344	MassBank	KO003030	Glycerol 3-phosphate	inchikey_connectivity_formula_mass	2	FALSE	TRUE	4.53150002499569e-06	0.0113287500624892
TYR	47346	MassBank	KO001862	L-Tyrosine	inchikey	1	TRUE	TRUE	3.22459999324565e-06	0.00806149998311412
PHENYLETHYLAMINE	47347	MassBank	KO003738	Phenylethylamine	inchikey_connectivity_formula_mass	2	FALSE	TRUE	6.41699998027434e-07	0.00160424999506859
P-AMINO-BENZOATE	47349	MassBank	KO000085	p-Aminobenzoic acid	inchikey_connectivity_formula_mass	2	FALSE	TRUE	1.52590001789576e-06	0.00381475004473941
GALACTOSAMINE	47351	MassBank	KO002985	Galactosamine	inchikey_connectivity_formula_mass	2	FALSE	TRUE	2.53300004260382e-06	0.00633250010650954
5-OXOPROLINE	47352	MassBank	KO001682	Pyroglutamic acid	inchikey_connectivity_formula_mass	2	FALSE	TRUE	3.09620000393807e-06	0.00774050000984516
5-OXOPROLINE	47357	MassBank	KO001685	Pyroglutamic acid	inchikey_connectivity_formula_mass	2	FALSE	TRUE	3.09620000393807e-06	0.00774050000984516
PYRIDOXAL_PHOSPHATE	47365	MassBank	KO001615	Pyridoxal 5'-phosphate	inchikey_connectivity_formula_mass	2	FALSE	TRUE	3.56879999685589e-06	0.00892199999213972
SANGUINARINE	47367	MassBank	KO004024	Sanguinarine	inchikey	1	FALSE	TRUE	1.00782797509999	2519.56993774996
ASN	47368	MassBank	KO000025	L-Asparagine	inchikey	1	TRUE	TRUE	2.13349997579826e-06	0.00533374993949565
CPD0-1625	47373	MassBank	KO003418	Methylene blue	inchikey	1	FALSE	TRUE	1.00782831550003	2519.57078875009
SINAPATE	47376	MassBank	KO001825	Sinapic acid	inchikey_connectivity_formula_mass	2	FALSE	TRUE	3.4957000139002e-06	0.00873925003475051
L-ASPARTATE	47378	MassBank	KO002067	L-Aspartic acid	inchikey_connectivity_formula_mass	2	FALSE	TRUE	2.28170000582395e-06	0.00570425001455988
GLUTATHIONE	47381	MassBank	KO000825	Glutathione	inchikey_connectivity_formula_mass	2	FALSE	TRUE	4.01610003564201e-06	0.010040250089105
ORCINOL-CPD	47385	MassBank	KO001552	Orcinol	inchikey	1	TRUE	TRUE	4.98999995102167e-07	0.00124749998775542
DEOXYADENOSINE	47390	MassBank	KO002730	Deoxyadenosine	inchikey	1	TRUE	TRUE	6.90400014491388e-07	0.00172600003622847
CPD-12479	47393	MassBank	KO001905	Theophylline	inchikey	1	TRUE	TRUE	4.47819999749299e-06	0.0111954999937325
DEOXYGUANOSINE	47394	MassBank	KO000623	Deoxyguanosine	inchikey	1	TRUE	TRUE	3.93170000734244e-06	0.00982925001835611
VAL	47395	MassBank	KO004253	L-Valine	inchikey	1	TRUE	TRUE	1.39750000016647e-06	0.00349375000041618
L-PIPECOLATE	47396	MassBank	KO003747	L-Pipecolic acid	inchikey	1	TRUE	TRUE	1.39750000016647e-06	0.00349375000041618
CPD-3746	47399	MassBank	KO001489	Mesylate	inchikey_connectivity_formula_mass	2	FALSE	TRUE	4.68469998793353e-06	0.0117117499698338
CPD-4604	47403	MassBank	KO000339	6-Benzylaminopurine	inchikey	1	TRUE	TRUE	4.62090000041826e-06	0.0115522500010456
PUROMYCIN	47404	MassBank	KO001688	Puromycin	name_formula_mass	4	FALSE	TRUE	2.92219999664667e-06	0.00620130997583296
CPD-309	47407	MassBank	KO009139	Octopine	name_formula_mass	4	TRUE	TRUE	4.91299999794137e-06	0.0122824999948534
VAL	47408	MassBank	KO004254	L-Valine	inchikey	1	TRUE	TRUE	1.39750000016647e-06	0.00349375000041618
5-OXOPROLINE	47413	MassBank	KO001537	Pyroglutamic acid	inchikey_connectivity_formula_mass	2	FALSE	TRUE	3.09620000393807e-06	0.00774050000984516
D-GLT	47414	MassBank	KO000823	D-Glutamic acid	inchikey_connectivity_formula_mass	2	FALSE	TRUE	2.2174999969593e-06	0.00554374999239826
PUTRESCINE	47415	MassBank	KO002423	Putrescine	inchikey_connectivity_formula_mass	2	FALSE	TRUE	1.60439999774553e-06	0.00401099999436383
CPD-7619	47417	MassBank	KO001036	Heptanoic acid	inchikey_connectivity_formula_mass	2	FALSE	TRUE	3.06399982719086e-07	0.000765999956797714
LINOLEIC_ACID	47419	MassBank	KO001298	Linoleic acid	inchikey_connectivity_formula_mass	2	FALSE	TRUE	2.71399983375886e-07	0.000678499958439716
CPD-4604	47423	MassBank	KO002458	6-Benzylaminopurine	inchikey	1	TRUE	TRUE	4.62090000041826e-06	0.0115522500010456
PALMATINE	47432	MassBank	KO003816	Palmatine	inchikey	1	FALSE	TRUE	1.00782823190002	2519.57057975005
SEMICARBAZIDE	47434	MassBank	KO004009	Semicarbazide	inchikey	1	TRUE	TRUE	1.79820000312247e-06	0.00449550000780619
THYMIDINE	47439	MassBank	KO001882	Thymidine	inchikey	1	TRUE	TRUE	1.5702999860423e-06	0.00392574996510575
5-METHYLTHIOADENOSINE	47440	MassBank	KO002723	5'-Methylthioadenosine	inchikey	1	TRUE	TRUE	6.38000301478314e-08	0.000159500075369579
NACMUR	47443	MassBank	KO000291	N-Acetylmuramate	inchikey_connectivity_formula_mass	2	FALSE	TRUE	3.40809998533587e-06	0.00852024996333967
CPD0-1264	47445	MassBank	KO003983	Suberic acid	inchikey_connectivity_formula_mass	2	FALSE	TRUE	1.06219999906898e-06	0.00265549999767245
PICOLINATE	47449	MassBank	KO003728	Picolinic acid	inchikey_connectivity_formula_mass	2	FALSE	TRUE	1.59010001254956e-06	0.00397525003137389
DEOXYADENOSINE	47450	MassBank	KO008947	Deoxyadenosine	inchikey	1	TRUE	TRUE	6.90400014491388e-07	0.00172600003622847
ORCINOL-CPD	47452	MassBank	KO001549	Orcinol	inchikey	1	TRUE	TRUE	4.98999995102167e-07	0.00124749998775542
CPD-1831	47453	MassBank	KO000186	Acetylenedicarboxylic acid	inchikey_connectivity_formula_mass	2	FALSE	TRUE	1.44740000962429e-06	0.00361850002406072
BERBERINE	47454	MassBank	KO008887	Berberine	inchikey	1	FALSE	TRUE	1.0078281035	2519.57025875001
CPD-9384	47459	MassBank	KO002821	L-Theanine	inchikey	1	TRUE	TRUE	2.3261000023922e-06	0.00581525000598049
OXIDIZED-GLUTATHIONE	47462	MassBank	KO002929	Oxidized glutathione	inchikey_connectivity_formula_mass	2	FALSE	TRUE	1.90359992302547e-06	0.00310968524401338
CPD0-1652	47463	MassBank	KO003534	Fomepizole	inchikey	1	TRUE	TRUE	1.79699999591776e-06	0.0044924999897944
D-THREONINE	47466	MassBank	KO004090	L-Allothreonine	name_formula_mass	4	TRUE	TRUE	3.16039999859186e-06	0.00790099999647964
THR	47466	MassBank	KO004090	L-Allothreonine	name_formula_mass	4	TRUE	TRUE	3.16039999859186e-06	0.00790099999647964
LYS	47469	MassBank	KO001267	L-Lysine	inchikey_connectivity_formula_mass	2	FALSE	TRUE	2.29599999101993e-06	0.00573999997754981
CANAVANINE	47473	MassBank	KO002595	Canavanine	inchikey_connectivity_formula_mass	2	FALSE	TRUE	2.72300013648419e-07	0.000680750034121047
CPD-468	47475	MassBank	KO002261	Aminoadipic acid	inchikey_connectivity_formula_mass	2	FALSE	TRUE	2.15330001651637e-06	0.00538325004129092
CPD0-1625	47477	MassBank	KO003419	Methylene blue	inchikey	1	FALSE	TRUE	1.00782831550003	2519.57078875009
HEXANOATE	47478	MassBank	KO000428	Caproic acid	inchikey_connectivity_formula_mass	2	FALSE	TRUE	3.70600005794586e-07	0.000926500014486464
CPD0-1265	47480	MassBank	KO000127	Azelaic acid	inchikey_connectivity_formula_mass	2	FALSE	TRUE	9.97999990204335e-07	0.00249499997551084
CPD-12479	47481	MassBank	KO002409	Theophylline	inchikey	1	TRUE	TRUE	4.47819999749299e-06	0.0111954999937325
ALLOCRYPTOPINE	47482	MassBank	KO008815	alpha-Allocryptopine	inchikey	1	TRUE	TRUE	2.85400000166192e-06	0.00713500000415479
NIACINAMIDE	47489	MassBank	KO003586	Niacinamide	inchikey	1	TRUE	TRUE	2.82509999749436e-06	0.00706274999373591
SCOPOLAMINE	47492	MassBank	KO009235	Scopolamine	inchikey	1	TRUE	TRUE	1.83230002903656e-06	0.0045807500725914
SHIKIMATE	47495	MassBank	KO001791	Shikimic acid	inchikey_connectivity_formula_mass	2	FALSE	TRUE	3.43150000503556e-06	0.0085787500125889
4-HYDROXYMANDELATE	47499	MassBank	KO001116	4-Hydroxymandelate	name_formula_mass	4	FALSE	TRUE	1.25479999724121e-06	0.00313699999310302
2-FUROATE	47501	MassBank	KO000771	2-Furoic acid	inchikey_connectivity_formula_mass	2	FALSE	TRUE	3.99469999479152e-06	0.00998674998697879
3-HYDROXYBENZOATE	47503	MassBank	KO001000	3-Hydroxybenzoic acid	inchikey_connectivity_formula_mass	2	FALSE	TRUE	4.05890000365616e-06	0.0101472500091404
CANAVANINE	47504	MassBank	KO002596	Canavanine	inchikey_connectivity_formula_mass	2	FALSE	TRUE	2.72300013648419e-07	0.000680750034121047
GLYCOLLATE	47519	MassBank	KO000833	Glycolic acid	inchikey_connectivity_formula_mass	2	FALSE	TRUE	3.99469999479152e-06	0.00998674998697879
P-AMINO-BENZOATE	47522	MassBank	KO002122	p-Aminobenzoic acid	inchikey_connectivity_formula_mass	2	FALSE	TRUE	1.52590001789576e-06	0.00381475004473941
CPD-674	47523	MassBank	KO000401	trans-Cinnamic acid	inchikey_connectivity_formula_mass	2	FALSE	TRUE	4.98999980891313e-07	0.00124749995222828
ISATIN	47524	MassBank	KO001197	1H-Indole-2,3-dione	inchikey	1	TRUE	TRUE	1.5900999983387e-06	0.00397524999584675
23-Diaminopropanoate	47531	MassBank	KO002670	2,3-Diaminopropionate	inchikey_connectivity_formula_mass	2	FALSE	TRUE	2.48860000340301e-06	0.00622150000850752
L-PIPECOLATE	47532	MassBank	KO001632	L-Pipecolic acid	inchikey	1	TRUE	TRUE	1.39750000016647e-06	0.00349375000041618
DOPAMINE	47539	MassBank	KO000583	Dopamine	inchikey_connectivity_formula_mass	2	FALSE	TRUE	1.39750000016647e-06	0.00349375000041618
AGMATHINE	47540	MassBank	KO002255	Agmatine	inchikey_connectivity_formula_mass	2	FALSE	TRUE	3.52979998297087e-06	0.00882449995742718
CPD-8915	47543	MassBank	KO002975	3-(Dimethylaminomethyl)indole	inchikey_connectivity_formula_mass	2	FALSE	TRUE	1.54020000309174e-06	0.00385050000772935
MET	47546	MassBank	KO001314	L-Methionine	inchikey	1	TRUE	TRUE	7.07499992813609e-07	0.00176874998203402
CADAVERINE	47549	MassBank	KO002542	Cadaverine	inchikey_connectivity_formula_mass	2	FALSE	TRUE	1.54020000309174e-06	0.00385050000772935
DOPAMINE	47550	MassBank	KO003148	Dopamine	inchikey_connectivity_formula_mass	2	FALSE	TRUE	1.39750000016647e-06	0.00349375000041618
CREATINE-P	47551	MassBank	KO003849	Phosphocreatine	inchikey_connectivity_formula_mass	2	FALSE	TRUE	3.04290000485707e-06	0.00760725001214269
PYRIDOXINE	47552	MassBank	KO003754	Pyridoxine	inchikey	1	TRUE	TRUE	3.22459999324565e-06	0.00806149998311412
LEU	47553	MassBank	KO001264	L-Leucine	inchikey	1	TRUE	TRUE	1.33329999130183e-06	0.00333324997825457
CPD-12479	47554	MassBank	KO001904	Theophylline	inchikey	1	TRUE	TRUE	4.47819999749299e-06	0.0111954999937325
THYMIDINE	47559	MassBank	KO001881	Thymidine	inchikey	1	TRUE	TRUE	1.5702999860423e-06	0.00392574996510575
2-DEOXYGLUCOSE-6-PHOSPHATE	47561	MassBank	KO000658	2-Deoxyglucose 6-phosphate	name_formula_mass	4	FALSE	TRUE	3.90409999795338e-06	0.00976024999488345
PSEUDOTROPINE	47566	MassBank	KO004121	Tropine	inchikey_connectivity_formula_mass	2	FALSE	TRUE	4.10879999890312e-06	0.0102719999972578
NACMUR	47567	MassBank	KO002364	N-Acetylmuramate	inchikey_connectivity_formula_mass	2	FALSE	TRUE	3.40809998533587e-06	0.00852024996333967
4-AMINO-BUTYRATE	47568	MassBank	KO002032	gamma-Aminobutyric acid	inchikey	1	TRUE	TRUE	1.46169999482026e-06	0.00365424998705066
3-SULFINOALANINE	47569	MassBank	KO002533	3-Sulfinoalanine	inchikey_connectivity_formula_mass	2	FALSE	TRUE	1.59169999847109e-06	0.00397924999617771
THIAMINE	47570	MassBank	KO004190	Thiamine	inchikey	1	FALSE	TRUE	1.00782191070005	2519.55477675011
CPD-490	47571	MassBank	KO002011	Xylose 1-phosphate	inchikey_connectivity_formula_mass	2	FALSE	TRUE	3.83990001751044e-06	0.00959975004377611
PYRIDINE	47573	MassBank	KO003724	Pyridine	inchikey	1	TRUE	TRUE	8.34299996199661e-07	0.00208574999049915
5-AMINO-LEVULINATE	47574	MassBank	KO002153	5-Aminolevulinic acid	inchikey	1	TRUE	TRUE	3.160399984381e-06	0.0079009999609525
3-7-DIMETHYLXANTHINE	47575	MassBank	KO004125	Theobromine	inchikey	1	TRUE	TRUE	4.47819999749299e-06	0.0111954999937325
ILE	47577	MassBank	KO003175	L-Isoleucine	inchikey	1	TRUE	TRUE	1.33329999130183e-06	0.00333324997825457
GLT	47580	MassBank	KO000851	L-Glutamic acid	inchikey_connectivity_formula_mass	2	FALSE	TRUE	2.2174999969593e-06	0.00554374999239826
4-hydroxybenzoate	47581	MassBank	KO000967	4-Hydroxybenzoic acid	inchikey_connectivity_formula_mass	2	FALSE	TRUE	4.05890000365616e-06	0.0101472500091404
HOMOGENTISATE	47587	MassBank	KO001079	Homogentisic acid	inchikey_connectivity_formula_mass	2	FALSE	TRUE	1.25479999724121e-06	0.00313699999310302
VAL	47588	MassBank	KO001990	L-Valine	inchikey	1	TRUE	TRUE	1.39750000016647e-06	0.00349375000041618
N-ACETYL-5-METHOXY-TRYPTAMINE	47593	MassBank	KO003434	Melatonin	inchikey	1	TRUE	TRUE	2.23180001057699e-06	0.00557950002644247
CPD-10507	47594	MassBank	KO001219	3-Indolebutyric acid	inchikey_connectivity_formula_mass	2	FALSE	TRUE	1.33329999130183e-06	0.00333324997825457
P-HYDROXY-PHENYLPYRUVATE	47599	MassBank	KO000977	4-Hydroxyphenylpyruvic acid	inchikey_connectivity_formula_mass	2	FALSE	TRUE	1.25479999724121e-06	0.00313699999310302
PHE	47600	MassBank	KO003668	L-Phenylalanine	inchikey	1	TRUE	TRUE	1.39750000016647e-06	0.00349375000041618
O-PHENANTHROLINE	47609	MassBank	KO003773	1,10-Phenanthroline	inchikey	1	TRUE	TRUE	1.73279997284226e-06	0.00433199993210565
CPD-238	47612	MassBank	KO000196	N-Acetylarylamine	name_formula_mass	4	TRUE	TRUE	3.9162000007309e-06	0.00979050000182724
FERULIC-ACID	47613	MassBank	KO001107	Ferulic acid	inchikey_connectivity_formula_mass	2	FALSE	TRUE	1.19059998837656e-06	0.0029764999709414
L-ORNITHINE	47614	MassBank	KO001532	Ornithine	inchikey_connectivity_formula_mass	2	FALSE	TRUE	2.36019999988457e-06	0.00590049999971143
SEROTONIN	47627	MassBank	KO004018	Serotonin	inchikey_connectivity_formula_mass	2	FALSE	TRUE	3.01770000987744e-06	0.00754425002469361
CPD0-1581	47629	MassBank	KO009282	Trimethoprim	inchikey	1	TRUE	TRUE	4.64899983398936e-07	0.00116224995849734
CPD-7682	47631	MassBank	KO003191	Isoguvacine	name_formula_mass	4	FALSE	TRUE	1.46169999482026e-06	0.00365424998705066
CPD-1131	47637	MassBank	KO000440	2-Carboxybenzaldehyde	inchikey_connectivity_formula_mass	2	FALSE	TRUE	4.05890000365616e-06	0.0101472500091404
CREATINE-P	47651	MassBank	KO009218	Phosphocreatine	inchikey_connectivity_formula_mass	2	FALSE	TRUE	3.04290000485707e-06	0.00760725001214269
TRP	47654	MassBank	KO001871	L-Tryptophan	inchikey	1	TRUE	TRUE	2.36019999988457e-06	0.00590049999971143
N-ALPHA-ACETYLORNITHINE	47659	MassBank	KO000061	N2-Acetylornithine	inchikey	1	TRUE	TRUE	2.3261000023922e-06	0.00581525000598049
INDOLE_ACETATE_AUXIN	47661	MassBank	KO003214	Indoleacetic acid	inchikey_connectivity_formula_mass	2	FALSE	TRUE	1.46170000903112e-06	0.0036542500225778
QUINOLINATE	47663	MassBank	KO001702	Quinolinic acid	inchikey_connectivity_formula_mass	2	FALSE	TRUE	2.3459000146886e-06	0.00586475003672149
BETAINE	47666	MassBank	KO002505	Betaine	inchikey	1	TRUE	TRUE	2.0156486667	5039.12166675001
ISATIN	47667	MassBank	KO001199	1H-Indole-2,3-dione	inchikey	1	TRUE	TRUE	1.5900999983387e-06	0.00397524999584675
DEOXYCYTIDINE	47668	MassBank	KO000613	Deoxycytidine	inchikey	1	TRUE	TRUE	4.07869998753085e-06	0.0101967499688271
DIFLUOROMETHYLORNITHINE	47670	MassBank	KO003154	(-)-2-Difluoromethylornithine	inchikey_connectivity_formula_mass	2	FALSE	TRUE	4.03979998964132e-06	0.0100994999741033
PYRIDOXINE	47672	MassBank	KO001636	Pyridoxine	inchikey	1	TRUE	TRUE	3.22459999324565e-06	0.00806149998311412
D-THREONINE	47677	MassBank	KO004088	L-Allothreonine	name_formula_mass	4	TRUE	TRUE	3.16039999859186e-06	0.00790099999647964
THR	47677	MassBank	KO004088	L-Allothreonine	name_formula_mass	4	TRUE	TRUE	3.16039999859186e-06	0.00790099999647964
LOGANATE	47678	MassBank	KO001300	Loganate	inchikey_connectivity_formula_mass	2	FALSE	TRUE	3.00860000379544e-06	0.00752150000948859
MET	47683	MassBank	KO003333	L-Methionine	inchikey	1	TRUE	TRUE	7.07499992813609e-07	0.00176874998203402
5-OXOPROLINE	47684	MassBank	KO003822	Pyroglutamic acid	inchikey_connectivity_formula_mass	2	FALSE	TRUE	3.09620000393807e-06	0.00774050000984516
CPD0-1625	47689	MassBank	KO003417	Methylene blue	inchikey	1	FALSE	TRUE	1.00782831550003	2519.57078875009
DEOXYCYTIDINE	47691	MassBank	KO008940	Deoxycytidine	inchikey	1	TRUE	TRUE	4.07869998753085e-06	0.0101967499688271
L-ALPHA-ALANINE	47693	MassBank	KO002054	L-Alanine	inchikey	1	TRUE	TRUE	1.52590000368491e-06	0.00381475000921228
CPD-4609	47697	MassBank	KO002893	Kinetin	inchikey	1	TRUE	TRUE	6.30000158707844e-08	0.000157500039676961
PYRIDOXAL	47698	MassBank	KO003681	Pyridoxal	inchikey	1	TRUE	TRUE	3.160399984381e-06	0.0079009999609525
PYRIDOXAMINE-5P	47700	MassBank	KO001720	Pyridoxamine 5'-phosphate	inchikey_connectivity_formula_mass	2	FALSE	TRUE	1.95179995898798e-06	0.00487949989746994
CPD0-1581	47701	MassBank	KO004152	Trimethoprim	inchikey	1	TRUE	TRUE	4.64899983398936e-07	0.00116224995849734
CPD0-1491	47702	MassBank	KO002130	Amitrole	inchikey	1	TRUE	TRUE	3.85079999887239e-06	0.00962699999718097
PANTOTHENATE	47704	MassBank	KO009183	Pantothenic acid	inchikey_connectivity_formula_mass	2	FALSE	TRUE	2.6614000319114e-06	0.0066535000797785
ISATIN	47708	MassBank	KO003201	1H-Indole-2,3-dione	inchikey	1	TRUE	TRUE	1.5900999983387e-06	0.00397524999584675
5-METHYLTHIOADENOSINE	47710	MassBank	KO008945	5'-Methylthioadenosine	inchikey	1	TRUE	TRUE	6.38000301478314e-08	0.000159500075369579
RIBOSE-1P	47711	MassBank	KO001765	Ribose 1-phosphate	inchikey_connectivity_formula_mass	2	FALSE	TRUE	3.83990001751044e-06	0.00959975004377611
CPD-468	47713	MassBank	KO002260	Aminoadipic acid	inchikey_connectivity_formula_mass	2	FALSE	TRUE	2.15330001651637e-06	0.00538325004129092
CPD-9035	47719	MassBank	KO001477	Methionine sulfoximine	inchikey	1	TRUE	TRUE	2.95190000088041e-06	0.00737975000220104
COUMARATE	47721	MassBank	KO000408	4-Hydroxycinnamic acid	inchikey_connectivity_formula_mass	2	FALSE	TRUE	4.12310001252081e-06	0.010307750031302
MALONATE	47723	MassBank	KO001333	Malonic acid	inchikey_connectivity_formula_mass	2	FALSE	TRUE	1.38320000075964e-06	0.00345800000189911
CPD-12479	47725	MassBank	KO001907	Theophylline	inchikey	1	TRUE	TRUE	4.47819999749299e-06	0.0111954999937325
CPD0-1942	47727	MassBank	KO002422	L-alpha-Aminobutyric acid	inchikey	1	TRUE	TRUE	1.46169999482026e-06	0.00365424998705066
L-ALPHA-ALANINE	47731	MassBank	KO002057	L-Alanine	inchikey	1	TRUE	TRUE	1.52590000368491e-06	0.00381475000921228
ANILINE	47737	MassBank	KO002346	Aniline	inchikey	1	TRUE	TRUE	7.7010000154587e-07	0.00192525000386468
GLUTARATE	47746	MassBank	KO000874	Glutaric acid	inchikey_connectivity_formula_mass	2	FALSE	TRUE	1.25479999724121e-06	0.00313699999310302
CPDQT-42	47747	MassBank	KO003992	Sulfanilamide	name_formula_mass	4	TRUE	TRUE	1.798600010261e-06	0.00449650002565249
N-ACETYL-5-METHOXY-TRYPTAMINE	47749	MassBank	KO001408	Melatonin	inchikey	1	TRUE	TRUE	2.23180001057699e-06	0.00557950002644247
QUINATE	47751	MassBank	KO001745	Quinic acid	inchikey_connectivity_formula_mass	2	FALSE	TRUE	1.88219999586181e-06	0.00470549998965453
2-DEOXYGLUCOSE-6-PHOSPHATE	47756	MassBank	KO000656	2-Deoxyglucose 6-phosphate	name_formula_mass	4	FALSE	TRUE	3.90409999795338e-06	0.00976024999488345
CPD-14736	47761	MassBank	KO009017	L-Kynurenine	inchikey	1	TRUE	TRUE	2.26189999352755e-06	0.00565474998381887
BETAINE	47762	MassBank	KO002503	Betaine	inchikey	1	TRUE	TRUE	2.0156486667	5039.12166675001
D-THREONINE	47764	MassBank	KO001878	L-Allothreonine	name_formula_mass	4	TRUE	TRUE	3.16039999859186e-06	0.00790099999647964
THR	47764	MassBank	KO001878	L-Allothreonine	name_formula_mass	4	TRUE	TRUE	3.16039999859186e-06	0.00790099999647964
CPD-9245	47766	MassBank	KO001626	Palmitoleic acid	inchikey_connectivity_formula_mass	2	FALSE	TRUE	2.0720000293295e-07	0.000518000007332375
CPD0-1625	47768	MassBank	KO009119	Methylene blue	inchikey	1	FALSE	TRUE	1.00782831550003	2519.57078875009
CPD-4210	47773	MassBank	KO009320	Zeatin	inchikey	1	TRUE	TRUE	6.54000018585066e-08	0.000163500004646266
3-CARBOXY-3-HYDROXY-ISOCAPROATE	47777	MassBank	KO001240	2-Isopropylmalate	name_formula_mass	4	FALSE	TRUE	3.4957000139002e-06	0.00873925003475051
CPD-4609	47780	MassBank	KO002891	Kinetin	inchikey	1	TRUE	TRUE	6.30000158707844e-08	0.000157500039676961
2-KETOGLUTARATE	47788	MassBank	KO001528	Oxoglutaric acid	inchikey_connectivity_formula_mass	2	FALSE	TRUE	3.30309998730627e-06	0.00825774996826567
P-HYDROXY-PHENYLPYRUVATE	47790	MassBank	KO000975	4-Hydroxyphenylpyruvic acid	inchikey_connectivity_formula_mass	2	FALSE	TRUE	1.25479999724121e-06	0.00313699999310302
CPD-3746	47791	MassBank	KO001487	Mesylate	inchikey_connectivity_formula_mass	2	FALSE	TRUE	4.68469998793353e-06	0.0117117499698338
CPD-24844	47792	MassBank	KO001270	L-Lactic acid	inchikey	1	TRUE	TRUE	4.05890000365616e-06	0.0101472500091404
PYRIDINE	47801	MassBank	KO003726	Pyridine	inchikey	1	TRUE	TRUE	8.34299996199661e-07	0.00208574999049915
PYRUVATE	47803	MassBank	KO001591	Pyruvic acid	inchikey_connectivity_formula_mass	2	FALSE	TRUE	3.99469999479152e-06	0.00998674998697879
NIACINAMIDE	47804	MassBank	KO003582	Niacinamide	inchikey	1	TRUE	TRUE	2.82509999749436e-06	0.00706274999373591
MALEATE	47805	MassBank	KO001364	Maleic acid	inchikey_connectivity_formula_mass	2	FALSE	TRUE	1.38320000075964e-06	0.00345800000189911
CPD0-1942	47809	MassBank	KO002420	L-alpha-Aminobutyric acid	inchikey	1	TRUE	TRUE	1.46169999482026e-06	0.00365424998705066
SINAPATE	47811	MassBank	KO001826	Sinapic acid	inchikey_connectivity_formula_mass	2	FALSE	TRUE	3.4957000139002e-06	0.00873925003475051
ANTHRANILATE	47813	MassBank	KO002043	2-Aminobenzoic acid	inchikey_connectivity_formula_mass	2	FALSE	TRUE	1.52590001789576e-06	0.00381475004473941
SEROTONIN	47815	MassBank	KO004019	Serotonin	inchikey_connectivity_formula_mass	2	FALSE	TRUE	3.01770000987744e-06	0.00754425002469361
THYMINE	47821	MassBank	KO004098	Thymine	inchikey	1	TRUE	TRUE	2.5527999980568e-06	0.006381999995142
DIHYDROXY-ACETONE-PHOSPHATE	47824	MassBank	KO000556	Dihydroxyacetone phosphate	inchikey_connectivity_formula_mass	2	FALSE	TRUE	4.46730001613105e-06	0.0111682500403276
ACETYL-GLU	47828	MassBank	KO002084	N-Acetyl-L-glutamic acid	inchikey_connectivity_formula_mass	2	FALSE	TRUE	2.46880000531746e-06	0.00617200001329365
B-ALANINE	47829	MassBank	KO002079	beta-Alanine	inchikey	1	TRUE	TRUE	1.52590000368491e-06	0.00381475000921228
PROPIONATE	47831	MassBank	KO001586	Propionic acid	inchikey_connectivity_formula_mass	2	FALSE	TRUE	5.63199989755958e-07	0.0014079999743899
3-HYDROXY-BUTYRATE	47832	MassBank	KO001009	3-Hydroxybutyric acid	name_formula_mass	4	FALSE	TRUE	4.12309999830995e-06	0.0103077499957749
L-PIPECOLATE	47836	MassBank	KO003745	L-Pipecolic acid	inchikey	1	TRUE	TRUE	1.39750000016647e-06	0.00349375000041618
D-glucopyranose-6-phosphate	47841	MassBank	KO009111	Glucose 6-phosphate	inchikey_connectivity_formula_mass	2	FALSE	TRUE	1.47380001180863e-06	0.00368450002952159
ALLANTOATE	47842	MassBank	KO000223	Allantoic acid	inchikey_connectivity_formula_mass	2	FALSE	TRUE	4.76599998933125e-06	0.0119149999733281
THIAMINE	47843	MassBank	KO009296	Thiamine	inchikey	1	FALSE	TRUE	1.00782191070005	2519.55477675011
PROPIONATE	47848	MassBank	KO001587	Propionic acid	inchikey_connectivity_formula_mass	2	FALSE	TRUE	5.63199989755958e-07	0.0014079999743899
CPD-12479	47852	MassBank	KO002408	Theophylline	inchikey	1	TRUE	TRUE	4.47819999749299e-06	0.0111954999937325
CPD-6041	47856	MassBank	KO003424	Amethopterin	name_formula_mass	4	FALSE	TRUE	4.14170000340164e-06	0.00911924610556831
D-ALANINE	47857	MassBank	KO002049	D-Alanine	inchikey	1	TRUE	TRUE	1.52590000368491e-06	0.00381475000921228
CPD-470	47861	MassBank	KO002674	L-2,4-diaminobutyric acid	inchikey_connectivity_formula_mass	2	FALSE	TRUE	2.42439999453836e-06	0.0060609999863459
THYMINE	47862	MassBank	KO001888	Thymine	inchikey	1	TRUE	TRUE	2.5527999980568e-06	0.006381999995142
GLYCOLLATE	47863	MassBank	KO000834	Glycolic acid	inchikey_connectivity_formula_mass	2	FALSE	TRUE	3.99469999479152e-06	0.00998674998697879
CPD-7682	47867	MassBank	KO003190	Isoguvacine	name_formula_mass	4	FALSE	TRUE	1.46169999482026e-06	0.00365424998705066
CPD0-1942	47868	MassBank	KO000317	L-alpha-Aminobutyric acid	inchikey	1	TRUE	TRUE	1.46169999482026e-06	0.00365424998705066
3-P-SERINE	47870	MassBank	KO003784	Phosphoserine	inchikey_connectivity_formula_mass	2	FALSE	TRUE	3.50460001641295e-06	0.00876150004103238
5-HYDROXY-L-LYSINE	47874	MassBank	KO001088	5-Hydroxylysine	name_formula_mass	4	FALSE	TRUE	2.3261000023922e-06	0.00581525000598049
CREATINE-P	47876	MassBank	KO003850	Phosphocreatine	inchikey_connectivity_formula_mass	2	FALSE	TRUE	3.04290000485707e-06	0.00760725001214269
CPD-15318	47878	MassBank	KO001750	D-Ribose 5-phosphate	inchikey_connectivity_formula_mass	2	FALSE	TRUE	3.83990001751044e-06	0.00959975004377611
GALACTOSAMINE	47879	MassBank	KO002987	Galactosamine	inchikey_connectivity_formula_mass	2	FALSE	TRUE	2.53300004260382e-06	0.00633250010650954
CPD-313	47880	MassBank	KO002659	1,3-Diaminopropane	inchikey_connectivity_formula_mass	2	FALSE	TRUE	1.66860000661018e-06	0.00417150001652544
GLY	47882	MassBank	KO002934	Glycine	inchikey	1	TRUE	TRUE	1.59010001254956e-06	0.00397525003137389
URIDINE	47884	MassBank	KO004250	Uridine	inchikey	1	TRUE	TRUE	3.87179997574094e-06	0.00967949993935235
CARBAMYUL-L-ASPARTATE	47890	MassBank	KO000414	Ureidosuccinic acid	inchikey_connectivity_formula_mass	2	FALSE	TRUE	1.37770001629178e-06	0.00344425004072946
CPD-9384	47891	MassBank	KO002822	L-Theanine	inchikey	1	TRUE	TRUE	2.3261000023922e-06	0.00581525000598049
SARCOSINE	47892	MassBank	KO001800	Sarcosine	inchikey	1	TRUE	TRUE	1.52590000368491e-06	0.00381475000921228
URIDINE	47904	MassBank	KO004247	Uridine	inchikey	1	TRUE	TRUE	3.87179997574094e-06	0.00967949993935235
HOMOGENTISATE	47905	MassBank	KO001076	Homogentisic acid	inchikey_connectivity_formula_mass	2	FALSE	TRUE	1.25479999724121e-06	0.00313699999310302
D-Mannosamines	47906	MassBank	KO003484	Mannosamine	inchikey_connectivity_formula_mass	2	FALSE	TRUE	2.53300004260382e-06	0.00633250010650954
TREHALOSE-6P	47909	MassBank	KO009301	Trehalose 6-phosphate	inchikey_connectivity_formula_mass	2	FALSE	TRUE	1.95770002164863e-06	0.00463819236059479
CPD0-1942	47910	MassBank	KO000316	L-alpha-Aminobutyric acid	inchikey	1	TRUE	TRUE	1.46169999482026e-06	0.00365424998705066
CPD-18719	47911	MassBank	KO000747	Fructose 6-phosphate	inchikey_connectivity_formula_mass	2	FALSE	TRUE	1.47380001180863e-06	0.00368450002952159
CARBAMYUL-L-ASPARTATE	47913	MassBank	KO000412	Ureidosuccinic acid	inchikey_connectivity_formula_mass	2	FALSE	TRUE	1.37770001629178e-06	0.00344425004072946
CPD-3746	47919	MassBank	KO001360	Mesylate	inchikey_connectivity_formula_mass	2	FALSE	TRUE	4.68469998793353e-06	0.0117117499698338
CPD-3462	47923	MassBank	KO002270	N8-Acetylspermidine	inchikey_connectivity_formula_mass	2	FALSE	TRUE	2.31179998877451e-06	0.00577949997193627
4-HYDROXYMANDELATE	47927	MassBank	KO001119	4-Hydroxymandelate	name_formula_mass	4	FALSE	TRUE	1.25479999724121e-06	0.00313699999310302
B-ALANINE	47928	MassBank	KO000039	beta-Alanine	inchikey	1	TRUE	TRUE	1.52590000368491e-06	0.00381475000921228
ATROPINE	47931	MassBank	KO008999	Hyoscyamine	name_formula_mass	4	FALSE	TRUE	3.6097999895901e-06	0.00902449997397525
L-HYOSCYAMINE	47931	MassBank	KO008999	Hyoscyamine	name_formula_mass	4	FALSE	TRUE	3.6097999895901e-06	0.00902449997397525
D-GLT	47933	MassBank	KO002919	D-Glutamic acid	inchikey_connectivity_formula_mass	2	FALSE	TRUE	2.2174999969593e-06	0.00554374999239826
MET	47935	MassBank	KO003332	L-Methionine	inchikey	1	TRUE	TRUE	7.07499992813609e-07	0.00176874998203402
PURINE	47936	MassBank	KO003750	Purine	inchikey	1	TRUE	TRUE	3.85079999887239e-06	0.00962699999718097
ATROPINE	47938	MassBank	KO008865	Atropine	inchikey_connectivity_formula_mass	2	FALSE	TRUE	3.6097999895901e-06	0.00902449997397525
PHENYLETHYLAMINE	47939	MassBank	KO003793	Phenylethylamine	inchikey_connectivity_formula_mass	2	FALSE	TRUE	6.41699998027434e-07	0.00160424999506859
CPD-303	47940	MassBank	KO002597	Cyclohexylamine	inchikey_connectivity_formula_mass	2	FALSE	TRUE	5.77500003373643e-07	0.00144375000843411
CAFFEOYLQUINATE	47941	MassBank	KO000468	Chlorogenic acid	inchikey_connectivity_formula_mass	2	FALSE	TRUE	2.17669997937264e-06	0.00544174994843161
ANILINE	47943	MassBank	KO002345	Aniline	inchikey	1	TRUE	TRUE	7.7010000154587e-07	0.00192525000386468
Thiopurine-Methylethers	47945	MassBank	KO001469	6-Methylmercaptopurine	inchikey	1	TRUE	TRUE	3.09659998265488e-06	0.0077414999566372
BENZIMIDAZOLE	47946	MassBank	KO000335	Benzimidazole	inchikey	1	TRUE	TRUE	1.79699999591776e-06	0.0044924999897944
GLT	47949	MassBank	KO002950	L-Glutamic acid	inchikey_connectivity_formula_mass	2	FALSE	TRUE	2.2174999969593e-06	0.00554374999239826
CPD-9939	47950	MassBank	KO008997	Harmaline	name_formula_mass	4	TRUE	TRUE	3.08189999032038e-06	0.00770474997580095
SCOPOLAMINE	47951	MassBank	KO009233	Scopolamine	inchikey	1	TRUE	TRUE	1.83230002903656e-06	0.0045807500725914
DEOXYCYTIDINE	47952	MassBank	KO000612	Deoxycytidine	inchikey	1	TRUE	TRUE	4.07869998753085e-06	0.0101967499688271
CPD-309	47953	MassBank	KO009142	Octopine	name_formula_mass	4	TRUE	TRUE	4.91299999794137e-06	0.0122824999948534
PYRIDOXINE	47963	MassBank	KO001638	Pyridoxine	inchikey	1	TRUE	TRUE	3.22459999324565e-06	0.00806149998311412
HOMO-SER	47964	MassBank	KO003062	L-Homoserine	inchikey	1	TRUE	TRUE	3.16039999859186e-06	0.00790099999647964
5-HYDROXY-L-LYSINE	47967	MassBank	KO003134	5-Hydroxylysine	name_formula_mass	4	FALSE	TRUE	2.3261000023922e-06	0.00581525000598049
NIACINAMIDE	47968	MassBank	KO003584	Niacinamide	inchikey	1	TRUE	TRUE	2.82509999749436e-06	0.00706274999373591
METHYLNICOTINATE	47975	MassBank	KO004201	Trigonelline	inchikey	1	TRUE	TRUE	2.01564853829998	5039.12134574996
ASN	47976	MassBank	KO002059	L-Asparagine	inchikey	1	TRUE	TRUE	2.13349997579826e-06	0.00533374993949565
GLYOX	47977	MassBank	KO000837	Glyoxylic acid	inchikey_connectivity_formula_mass	2	FALSE	TRUE	3.93050000013773e-06	0.00982625000034432
CPD-8098	47978	MassBank	KO000514	cis-Caffeic acid	inchikey_connectivity_formula_mass	2	FALSE	TRUE	1.25479999724121e-06	0.00313699999310302
2-KETOGLUTARATE	47981	MassBank	KO001529	Oxoglutaric acid	inchikey_connectivity_formula_mass	2	FALSE	TRUE	3.30309998730627e-06	0.00825774996826567
CYTOSINE	47982	MassBank	KO000418	Cytosine	inchikey	1	TRUE	TRUE	1.79820000312247e-06	0.00449550000780619
D-GLUCARATE	47984	MassBank	KO001817	Glucaric acid	inchikey_connectivity_formula_mass	2	FALSE	TRUE	2.70219999265464e-06	0.0067554999816366
THIAMINE	47985	MassBank	KO001935	Thiamine	inchikey	1	FALSE	TRUE	1.00782191070005	2519.55477675011
ANILINE	47987	MassBank	KO002343	Aniline	inchikey	1	TRUE	TRUE	7.7010000154587e-07	0.00192525000386468
2-FUROATE	47988	MassBank	KO000769	2-Furoic acid	inchikey_connectivity_formula_mass	2	FALSE	TRUE	3.99469999479152e-06	0.00998674998697879
NACMUR	47991	MassBank	KO002365	N-Acetylmuramate	inchikey_connectivity_formula_mass	2	FALSE	TRUE	3.40809998533587e-06	0.00852024996333967
ARABINOSE-5P	47992	MassBank	KO000251	D-Arabinose 5-phosphate	inchikey_connectivity_formula_mass	2	FALSE	TRUE	3.83990001751044e-06	0.00959975004377611
N-ACETYLNEURAMINATE	47995	MassBank	KO002069	N-Acetylneuraminate	inchikey_connectivity_formula_mass	2	FALSE	TRUE	1.21400006491967e-06	0.00303500016229918
CPD-9384	47998	MassBank	KO000700	L-Theanine	inchikey	1	TRUE	TRUE	2.3261000023922e-06	0.00581525000598049
CPD-884	48003	MassBank	KO000107	Aminocaproic acid	inchikey	1	TRUE	TRUE	1.33329999130183e-06	0.00333324997825457
CPD-9245	48004	MassBank	KO001630	Palmitoleic acid	inchikey_connectivity_formula_mass	2	FALSE	TRUE	2.0720000293295e-07	0.000518000007332375
TYR	48005	MassBank	KO004067	L-Tyrosine	inchikey	1	TRUE	TRUE	3.22459999324565e-06	0.00806149998311412
GALACTOSAMINE	48006	MassBank	KO002986	Galactosamine	inchikey_connectivity_formula_mass	2	FALSE	TRUE	2.53300004260382e-06	0.00633250010650954
DOPAMINE	48007	MassBank	KO003151	Dopamine	inchikey_connectivity_formula_mass	2	FALSE	TRUE	1.39750000016647e-06	0.00349375000041618
SCOPOLAMINE	48013	MassBank	KO009234	Scopolamine	inchikey	1	TRUE	TRUE	1.83230002903656e-06	0.0045807500725914
CPD-8098	48014	MassBank	KO000512	cis-Caffeic acid	inchikey_connectivity_formula_mass	2	FALSE	TRUE	1.25479999724121e-06	0.00313699999310302
PYRIDOXINE	48016	MassBank	KO001639	Pyridoxine	inchikey	1	TRUE	TRUE	3.22459999324565e-06	0.00806149998311412
Thiopurine-Methylethers	48020	MassBank	KO001467	6-Methylmercaptopurine	inchikey	1	TRUE	TRUE	3.09659998265488e-06	0.0077414999566372
CPD-7682	48023	MassBank	KO003189	Isoguvacine	name_formula_mass	4	FALSE	TRUE	1.46169999482026e-06	0.00365424998705066
ADENOSINE	48025	MassBank	KO000009	Adenosine	inchikey	1	TRUE	TRUE	3.93170000734244e-06	0.00982925001835611
DEOXYGUANOSINE	48028	MassBank	KO008942	Deoxyguanosine	inchikey	1	TRUE	TRUE	3.93170000734244e-06	0.00982925001835611
URACIL	48029	MassBank	KO001977	Uracil	inchikey	1	TRUE	TRUE	2.61700000692144e-06	0.00654250001730361
GLUTATHIONE	48030	MassBank	KO000826	Glutathione	inchikey_connectivity_formula_mass	2	FALSE	TRUE	4.01610003564201e-06	0.010040250089105
ATROPINE	48036	MassBank	KO002227	Atropine	inchikey_connectivity_formula_mass	2	FALSE	TRUE	3.6097999895901e-06	0.00902449997397525
23-Diaminopropanoate	48037	MassBank	KO002668	2,3-Diaminopropionate	inchikey_connectivity_formula_mass	2	FALSE	TRUE	2.48860000340301e-06	0.00622150000850752
Thiopurine-Methylethers	48040	MassBank	KO001471	6-Methylmercaptopurine	inchikey	1	TRUE	TRUE	3.09659998265488e-06	0.0077414999566372
ANILINE	48041	MassBank	KO002344	Aniline	inchikey	1	TRUE	TRUE	7.7010000154587e-07	0.00192525000386468
ASN	48042	MassBank	KO000026	L-Asparagine	inchikey	1	TRUE	TRUE	2.13349997579826e-06	0.00533374993949565
PYRIDOXAL	48043	MassBank	KO001576	Pyridoxal	inchikey	1	TRUE	TRUE	3.160399984381e-06	0.0079009999609525
CPD-13612	48051	MassBank	KO002740	Sphinganine	inchikey_connectivity_formula_mass	2	FALSE	TRUE	4.98700046591694e-07	0.00124675011647923
PALMATINE	48052	MassBank	KO003813	Palmatine	inchikey	1	FALSE	TRUE	1.00782823190002	2519.57057975005
THYMIDINE	48057	MassBank	KO001884	Thymidine	inchikey	1	TRUE	TRUE	1.5702999860423e-06	0.00392574996510575
L-PIPECOLATE	48058	MassBank	KO001635	L-Pipecolic acid	inchikey	1	TRUE	TRUE	1.39750000016647e-06	0.00349375000041618
DOPAMINE	48060	MassBank	KO002690	Dopamine	inchikey_connectivity_formula_mass	2	FALSE	TRUE	1.39750000016647e-06	0.00349375000041618
5-AMINOPENTANOATE	48062	MassBank	KO000210	5-Aminopentanoic acid	inchikey	1	TRUE	TRUE	1.39750000016647e-06	0.00349375000041618
PHE	48065	MassBank	KO001566	L-Phenylalanine	inchikey	1	TRUE	TRUE	1.39750000016647e-06	0.00349375000041618
CPD-4210	48066	MassBank	KO002019	Zeatin	inchikey	1	TRUE	TRUE	6.54000018585066e-08	0.000163500004646266
DETHIOBIOTIN	48069	MassBank	KO002732	Dethiobiotin	inchikey_connectivity_formula_mass	2	FALSE	TRUE	2.45449999169978e-06	0.00613624997924944
HIS	48071	MassBank	KO000962	L-Histidine	inchikey	1	TRUE	TRUE	3.45129998891025e-06	0.00862824997227563
CADAVERINE	48078	MassBank	KO002543	Cadaverine	inchikey_connectivity_formula_mass	2	FALSE	TRUE	1.54020000309174e-06	0.00385050000772935
SEROTONIN	48082	MassBank	KO004020	Serotonin	inchikey_connectivity_formula_mass	2	FALSE	TRUE	3.01770000987744e-06	0.00754425002469361
INDOLEYL-CPD	48084	MassBank	KO001206	3-Indoleacetonitrile	inchikey	1	TRUE	TRUE	1.73279997284226e-06	0.00433199993210565
ALLOCRYPTOPINE	48085	MassBank	KO008813	alpha-Allocryptopine	inchikey	1	TRUE	TRUE	2.85400000166192e-06	0.00713500000415479
ALLANTOATE	48086	MassBank	KO000225	Allantoic acid	inchikey_connectivity_formula_mass	2	FALSE	TRUE	4.76599998933125e-06	0.0119149999733281
L-CITRULLINE	48090	MassBank	KO000392	Citrulline	inchikey	1	TRUE	TRUE	1.29920002223116e-06	0.0032480000555779
GLUCONATE	48092	MassBank	KO000866	Gluconic acid	inchikey_connectivity_formula_mass	2	FALSE	TRUE	2.73989999755031e-06	0.00684974999387578
CPD-309	48098	MassBank	KO003656	Octopine	name_formula_mass	4	TRUE	TRUE	4.91299999794137e-06	0.0122824999948534
AICAR	48100	MassBank	KO000209	AICAR	inchikey_connectivity_formula_mass	2	FALSE	TRUE	1.09000097836542e-08	2.72500244591356e-05
INDOLE_PYRUVATE	48103	MassBank	KO001165	Indolepyruvate	inchikey_connectivity_formula_mass	2	FALSE	TRUE	3.160399984381e-06	0.0079009999609525
GLUTARATE	48106	MassBank	KO000876	Glutaric acid	inchikey_connectivity_formula_mass	2	FALSE	TRUE	1.25479999724121e-06	0.00313699999310302
TYRAMINE	48111	MassBank	KO004085	Tyramine	inchikey_connectivity_formula_mass	2	FALSE	TRUE	3.98040000959554e-06	0.00995100002398885
DEOXYCYTIDINE	48112	MassBank	KO002698	Deoxycytidine	inchikey	1	TRUE	TRUE	4.07869998753085e-06	0.0101967499688271
ADIPATE	48119	MassBank	KO000152	Adipic acid	inchikey_connectivity_formula_mass	2	FALSE	TRUE	1.19059998837656e-06	0.0029764999709414
SER	48121	MassBank	KO003968	L-Serine	inchikey	1	TRUE	TRUE	3.09619998972721e-06	0.00774049997431803
CPD-12479	48123	MassBank	KO000314	Theophylline	inchikey	1	TRUE	TRUE	4.47819999749299e-06	0.0111954999937325
CPD-14483	48125	MassBank	KO008983	Glycyrrhetinate	name_formula_mass	4	FALSE	TRUE	3.49999709214899e-08	7.44142534031832e-05
5-METHYLTHIOADENOSINE	48131	MassBank	KO002721	5'-Methylthioadenosine	inchikey	1	TRUE	TRUE	6.38000301478314e-08	0.000159500075369579
PYRIDOXAL	48135	MassBank	KO001578	Pyridoxal	inchikey	1	TRUE	TRUE	3.160399984381e-06	0.0079009999609525
TYR	48136	MassBank	KO001864	L-Tyrosine	inchikey	1	TRUE	TRUE	3.22459999324565e-06	0.00806149998311412
CPD-205	48140	MassBank	KO001653	Pimelic acid	inchikey_connectivity_formula_mass	2	FALSE	TRUE	1.12639997951192e-06	0.00281599994877979
CPD-1131	48142	MassBank	KO000437	2-Carboxybenzaldehyde	inchikey_connectivity_formula_mass	2	FALSE	TRUE	4.05890000365616e-06	0.0101472500091404
SCOPOLAMINE	48143	MassBank	KO004016	Scopolamine	inchikey	1	TRUE	TRUE	1.83230002903656e-06	0.0045807500725914
HEXANOATE	48146	MassBank	KO000427	Caproic acid	inchikey_connectivity_formula_mass	2	FALSE	TRUE	3.70600005794586e-07	0.000926500014486464
CPD0-1581	48147	MassBank	KO004156	Trimethoprim	inchikey	1	TRUE	TRUE	4.64899983398936e-07	0.00116224995849734
GIBBERELLIN	48149	MassBank	KO000930	Gibberellins	name_formula_mass	4	FALSE	TRUE	1.561200008382e-06	0.003903000020955
TYR	48153	MassBank	KO001863	L-Tyrosine	inchikey	1	TRUE	TRUE	3.22459999324565e-06	0.00806149998311412
O-PHENANTHROLINE	48154	MassBank	KO003775	1,10-Phenanthroline	inchikey	1	TRUE	TRUE	1.73279997284226e-06	0.00433199993210565
MANNITOL-1P	48157	MassBank	KO003341	Mannitol 1-phosphate	inchikey_connectivity_formula_mass	2	FALSE	TRUE	1.40959997452228e-06	0.0035239999363057
3-PHENYLPROPIONATE	48160	MassBank	KO001707	Hydrocinnamic acid	inchikey_connectivity_formula_mass	2	FALSE	TRUE	4.34800000448377e-07	0.00108700000112094
D-glucopyranose-6-phosphate	48164	MassBank	KO009109	Glucose 6-phosphate	inchikey_connectivity_formula_mass	2	FALSE	TRUE	1.47380001180863e-06	0.00368450002952159
HOMOGENTISATE	48167	MassBank	KO001077	Homogentisic acid	inchikey_connectivity_formula_mass	2	FALSE	TRUE	1.25479999724121e-06	0.00313699999310302
ILE	48168	MassBank	KO003173	L-Isoleucine	inchikey	1	TRUE	TRUE	1.33329999130183e-06	0.00333324997825457
Glucopyranose	48172	MassBank	KO000805	Glucose	inchikey	1	TRUE	TRUE	1.88219999586181e-06	0.00470549998965453
MAL	48173	MassBank	KO001306	Malic acid	inchikey_connectivity_formula_mass	2	FALSE	TRUE	3.30309998730627e-06	0.00825774996826567
VAL	48176	MassBank	KO004255	L-Valine	inchikey	1	TRUE	TRUE	1.39750000016647e-06	0.00349375000041618
PROTOPINE	48181	MassBank	KO009206	Protopine	inchikey	1	TRUE	TRUE	2.72559998393263e-06	0.00681399995983156
HYPOXANTHINE	48182	MassBank	KO003076	Hypoxanthine	inchikey	1	TRUE	TRUE	7.71299994539731e-07	0.00192824998634933
BETAINE	48185	MassBank	KO002502	Betaine	inchikey	1	TRUE	TRUE	2.0156486667	5039.12166675001
PIPERIDINE	48187	MassBank	KO003708	Piperidine	inchikey_connectivity_formula_mass	2	FALSE	TRUE	6.41699998027434e-07	0.00160424999506859
DETHIOBIOTIN	48190	MassBank	KO009105	Dethiobiotin	inchikey_connectivity_formula_mass	2	FALSE	TRUE	2.45449999169978e-06	0.00613624997924944
CPD-3762	48195	MassBank	KO002314	5-Aminoimidazole-4-carboxamide	name_formula_mass	4	TRUE	TRUE	8.35500003404377e-07	0.00208875000851094
CPD0-1581	48196	MassBank	KO009278	Trimethoprim	inchikey	1	TRUE	TRUE	4.64899983398936e-07	0.00116224995849734
HYDROXY-UREA	48199	MassBank	KO003160	Hydroxyurea	inchikey	1	TRUE	TRUE	2.61700000692144e-06	0.00654250001730361
CPD-12479	48200	MassBank	KO004135	Theophylline	inchikey	1	TRUE	TRUE	4.47819999749299e-06	0.0111954999937325
MAL	48203	MassBank	KO001308	Malic acid	inchikey_connectivity_formula_mass	2	FALSE	TRUE	3.30309998730627e-06	0.00825774996826567
L-2-AMINOPENTANOIC-ACID	48205	MassBank	KO001508	Norvaline	inchikey	1	TRUE	TRUE	1.39750000016647e-06	0.00349375000041618
P-AMINO-BENZOATE	48206	MassBank	KO000087	p-Aminobenzoic acid	inchikey_connectivity_formula_mass	2	FALSE	TRUE	1.52590001789576e-06	0.00381475004473941
THYMIDINE	48209	MassBank	KO009274	Thymidine	inchikey	1	TRUE	TRUE	1.5702999860423e-06	0.00392574996510575
ATROPINE	48210	MassBank	KO008864	Atropine	inchikey_connectivity_formula_mass	2	FALSE	TRUE	3.6097999895901e-06	0.00902449997397525
CPD-8915	48211	MassBank	KO002977	3-(Dimethylaminomethyl)indole	inchikey_connectivity_formula_mass	2	FALSE	TRUE	1.54020000309174e-06	0.00385050000772935
3-SULFINOALANINE	48215	MassBank	KO000397	3-Sulfinoalanine	inchikey_connectivity_formula_mass	2	FALSE	TRUE	1.59169999847109e-06	0.00397924999617771
2-KETOGLUTARATE	48219	MassBank	KO001531	Oxoglutaric acid	inchikey_connectivity_formula_mass	2	FALSE	TRUE	3.30309998730627e-06	0.00825774996826567
L-PIPECOLATE	48221	MassBank	KO003746	L-Pipecolic acid	inchikey	1	TRUE	TRUE	1.39750000016647e-06	0.00349375000041618
CPD-764	48224	MassBank	KO003847	Phosphonoacetate	inchikey_connectivity_formula_mass	2	FALSE	TRUE	2.18999986145718e-07	0.000547499965364295
CPD-4604	48225	MassBank	KO000340	6-Benzylaminopurine	inchikey	1	TRUE	TRUE	4.62090000041826e-06	0.0115522500010456
3-SULFINOALANINE	48226	MassBank	KO000399	3-Sulfinoalanine	inchikey_connectivity_formula_mass	2	FALSE	TRUE	1.59169999847109e-06	0.00397924999617771
INDOLEYL-CPD	48227	MassBank	KO003206	3-Indoleacetonitrile	inchikey	1	TRUE	TRUE	1.73279997284226e-06	0.00433199993210565
25-DIAMINOPENTANOATE	48228	MassBank	KO003641	D-Ornithine	name_formula_mass	4	FALSE	TRUE	2.36019999988457e-06	0.00590049999971143
THR	48230	MassBank	KO004102	L-Threonine	inchikey	1	TRUE	TRUE	3.16039999859186e-06	0.00790099999647964
CPD-9939	48233	MassBank	KO008996	Harmaline	name_formula_mass	4	TRUE	TRUE	3.08189999032038e-06	0.00770474997580095
BENZOATE	48240	MassBank	KO000321	Benzoic acid	inchikey_connectivity_formula_mass	2	FALSE	TRUE	5.63199989755958e-07	0.0014079999743899
BERBERINE	48244	MassBank	KO002475	Berberine	inchikey	1	FALSE	TRUE	1.0078281035	2519.57025875001
CPD-3746	48246	MassBank	KO001357	Mesylate	inchikey_connectivity_formula_mass	2	FALSE	TRUE	4.68469998793353e-06	0.0117117499698338
VAL	48247	MassBank	KO004252	L-Valine	inchikey	1	TRUE	TRUE	1.39750000016647e-06	0.00349375000041618
CPD-404	48251	MassBank	KO001432	N-methyl-L-glutamic Acid	inchikey_connectivity_formula_mass	2	FALSE	TRUE	2.15330001651637e-06	0.00538325004129092
CPD-13245	48254	MassBank	KO000274	8-Anilino-1-naphthalene sulfonate	inchikey_connectivity_formula_mass	2	FALSE	TRUE	3.97880006630658e-06	0.00994700016576644
L-ASPARTATE	48255	MassBank	KO000030	L-Aspartic acid	inchikey_connectivity_formula_mass	2	FALSE	TRUE	2.28170000582395e-06	0.00570425001455988
DIHYDROXY-ACETONE-PHOSPHATE	48256	MassBank	KO000558	Dihydroxyacetone phosphate	inchikey_connectivity_formula_mass	2	FALSE	TRUE	4.46730001613105e-06	0.0111682500403276
CPD-303	48265	MassBank	KO002599	Cyclohexylamine	inchikey_connectivity_formula_mass	2	FALSE	TRUE	5.77500003373643e-07	0.00144375000843411
TROPINONE	48268	MassBank	KO004210	Tropinone	inchikey_connectivity_formula_mass	2	FALSE	TRUE	4.04460001846019e-06	0.0101115000461505
CPD-4604	48270	MassBank	KO000337	6-Benzylaminopurine	inchikey	1	TRUE	TRUE	4.62090000041826e-06	0.0115522500010456
GLC-1-P	48272	MassBank	KO000950	Glucose 1-phosphate	inchikey_connectivity_formula_mass	2	FALSE	TRUE	1.47380001180863e-06	0.00368450002952159
2K-ADIPATE	48274	MassBank	KO001259	Oxoadipic acid	inchikey_connectivity_formula_mass	2	FALSE	TRUE	3.36729999617091e-06	0.00841824999042728
CPD-470	48276	MassBank	KO002676	L-2,4-diaminobutyric acid	inchikey_connectivity_formula_mass	2	FALSE	TRUE	2.42439999453836e-06	0.0060609999863459
TYR	48277	MassBank	KO001866	L-Tyrosine	inchikey	1	TRUE	TRUE	3.22459999324565e-06	0.00806149998311412
CPD-12479	48278	MassBank	KO001906	Theophylline	inchikey	1	TRUE	TRUE	4.47819999749299e-06	0.0111954999937325
CPD-404	48283	MassBank	KO003452	N-methyl-L-glutamic Acid	inchikey_connectivity_formula_mass	2	FALSE	TRUE	2.15330001651637e-06	0.00538325004129092
ADENOSINE	48285	MassBank	KO002040	Adenosine	inchikey	1	TRUE	TRUE	3.93170000734244e-06	0.00982925001835611
S-LACTOYL-GLUTATHIONE	48287	MassBank	KO003300	S-Lactoylglutathione	inchikey_connectivity_formula_mass	2	FALSE	TRUE	4.64350000584091e-06	0.0116087500146023
D-GLUCOSAMINE-6-P	48289	MassBank	KO008968	D-Glucosamine 6-phosphate	inchikey_connectivity_formula_mass	2	FALSE	TRUE	2.94139999823528e-06	0.00735349999558821
5-AMINOPENTANOATE	48291	MassBank	KO002308	5-Aminopentanoic acid	inchikey	1	TRUE	TRUE	1.39750000016647e-06	0.00349375000041618
PYRIDOXAL	48292	MassBank	KO003682	Pyridoxal	inchikey	1	TRUE	TRUE	3.160399984381e-06	0.0079009999609525
CPD-7999	48299	MassBank	KO001713	Phenyllactic acid	inchikey_connectivity_formula_mass	2	FALSE	TRUE	4.18729999296374e-06	0.0104682499824094
CPD-309	48301	MassBank	KO009141	Octopine	name_formula_mass	4	TRUE	TRUE	4.91299999794137e-06	0.0122824999948534
CPD-303	48303	MassBank	KO002600	Cyclohexylamine	inchikey_connectivity_formula_mass	2	FALSE	TRUE	5.77500003373643e-07	0.00144375000843411
3-PHENYLPROPIONATE	48306	MassBank	KO001706	Hydrocinnamic acid	inchikey_connectivity_formula_mass	2	FALSE	TRUE	4.34800000448377e-07	0.00108700000112094
ISATIN	48311	MassBank	KO001200	1H-Indole-2,3-dione	inchikey	1	TRUE	TRUE	1.5900999983387e-06	0.00397524999584675
D-ALANINE	48314	MassBank	KO002052	D-Alanine	inchikey	1	TRUE	TRUE	1.52590000368491e-06	0.00381475000921228
PYRIDOXAL	48315	MassBank	KO001579	Pyridoxal	inchikey	1	TRUE	TRUE	3.160399984381e-06	0.0079009999609525
CPD-9384	48317	MassBank	KO000701	L-Theanine	inchikey	1	TRUE	TRUE	2.3261000023922e-06	0.00581525000598049
AICAR	48320	MassBank	KO002304	AICAR	inchikey_connectivity_formula_mass	2	FALSE	TRUE	1.09000097836542e-08	2.72500244591356e-05
CPD-404	48322	MassBank	KO003454	N-methyl-L-glutamic Acid	inchikey_connectivity_formula_mass	2	FALSE	TRUE	2.15330001651637e-06	0.00538325004129092
CPD-3762	48323	MassBank	KO002317	5-Aminoimidazole-4-carboxamide	name_formula_mass	4	TRUE	TRUE	8.35500003404377e-07	0.00208875000851094
ARABINOSE-5P	48327	MassBank	KO000248	D-Arabinose 5-phosphate	inchikey_connectivity_formula_mass	2	FALSE	TRUE	3.83990001751044e-06	0.00959975004377611
SINAPATE	48334	MassBank	KO001822	Sinapic acid	inchikey_connectivity_formula_mass	2	FALSE	TRUE	3.4957000139002e-06	0.00873925003475051
PRO	48335	MassBank	KO003674	L-Proline	inchikey	1	TRUE	TRUE	1.46169999482026e-06	0.00365424998705066
D-GLUCOSAMINE-6-P	48336	MassBank	KO002958	Glucosamine 6-phosphate	inchikey_connectivity_formula_mass	2	FALSE	TRUE	2.94139999823528e-06	0.00735349999558821
PHTHALATE	48337	MassBank	KO001692	Phthalic acid	inchikey_connectivity_formula_mass	2	FALSE	TRUE	1.31900000610585e-06	0.00329750001526463
MANNITOL-1P	48341	MassBank	KO003337	Mannitol 1-phosphate	inchikey_connectivity_formula_mass	2	FALSE	TRUE	1.40959997452228e-06	0.0035239999363057
PYRIDOXAL	48343	MassBank	KO001580	Pyridoxal	inchikey	1	TRUE	TRUE	3.160399984381e-06	0.0079009999609525
GLUTAMIDE	48344	MassBank	KO002928	D-Glutamine	inchikey	1	TRUE	TRUE	2.1976999846629e-06	0.00549424996165726
N-ACETYLNEURAMINATE	48345	MassBank	KO002070	N-Acetylneuraminate	inchikey_connectivity_formula_mass	2	FALSE	TRUE	1.21400006491967e-06	0.00303500016229918
L-2-AMINOPENTANOIC-ACID	48353	MassBank	KO001509	Norvaline	inchikey	1	TRUE	TRUE	1.39750000016647e-06	0.00349375000041618
CPD-402	48359	MassBank	KO003544	2-(Methylamino)benzoic acid	inchikey_connectivity_formula_mass	2	FALSE	TRUE	1.46170000903112e-06	0.0036542500225778
CPD-309	48361	MassBank	KO001541	Octopine	name_formula_mass	4	TRUE	TRUE	4.91299999794137e-06	0.0122824999948534
L-ASPARTATE	48362	MassBank	KO002064	L-Aspartic acid	inchikey_connectivity_formula_mass	2	FALSE	TRUE	2.28170000582395e-06	0.00570425001455988
INOSINE	48367	MassBank	KO001173	Inosine	inchikey	1	TRUE	TRUE	4.83499945858057e-07	0.00120874986464514
HIS	48371	MassBank	KO000959	L-Histidine	inchikey	1	TRUE	TRUE	3.45129998891025e-06	0.00862824997227563
DIFLUOROMETHYLORNITHINE	48374	MassBank	KO003155	(-)-2-Difluoromethylornithine	inchikey_connectivity_formula_mass	2	FALSE	TRUE	4.03979998964132e-06	0.0100994999741033
CPD-3462	48377	MassBank	KO002271	N8-Acetylspermidine	inchikey_connectivity_formula_mass	2	FALSE	TRUE	2.31179998877451e-06	0.00577949997193627
CPD-9245	48378	MassBank	KO001629	Palmitoleic acid	inchikey_connectivity_formula_mass	2	FALSE	TRUE	2.0720000293295e-07	0.000518000007332375
P-AMINO-BENZOATE	48379	MassBank	KO000086	p-Aminobenzoic acid	inchikey_connectivity_formula_mass	2	FALSE	TRUE	1.52590001789576e-06	0.00381475004473941
CPD-468	48389	MassBank	KO000168	Aminoadipic acid	inchikey_connectivity_formula_mass	2	FALSE	TRUE	2.15330001651637e-06	0.00538325004129092
NIACINAMIDE	48391	MassBank	KO003583	Niacinamide	inchikey	1	TRUE	TRUE	2.82509999749436e-06	0.00706274999373591
CPD0-1652	48392	MassBank	KO003532	Fomepizole	inchikey	1	TRUE	TRUE	1.79699999591776e-06	0.0044924999897944
PALMATINE	48393	MassBank	KO003815	Palmatine	inchikey	1	FALSE	TRUE	1.00782823190002	2519.57057975005
L-PIPECOLATE	48396	MassBank	KO001633	L-Pipecolic acid	inchikey	1	TRUE	TRUE	1.39750000016647e-06	0.00349375000041618
DIHYDROXY-ACETONE-PHOSPHATE	48398	MassBank	KO000555	Dihydroxyacetone phosphate	inchikey_connectivity_formula_mass	2	FALSE	TRUE	4.46730001613105e-06	0.0111682500403276
5-HYDROXY-L-LYSINE	48399	MassBank	KO003137	5-Hydroxylysine	name_formula_mass	4	FALSE	TRUE	2.3261000023922e-06	0.00581525000598049
D-THREONINE	48403	MassBank	KO001877	L-Allothreonine	name_formula_mass	4	TRUE	TRUE	3.16039999859186e-06	0.00790099999647964
THR	48403	MassBank	KO001877	L-Allothreonine	name_formula_mass	4	TRUE	TRUE	3.16039999859186e-06	0.00790099999647964
5-OXOPROLINE	48409	MassBank	KO003648	Pyroglutamic acid	inchikey_connectivity_formula_mass	2	FALSE	TRUE	3.09620000393807e-06	0.00774050000984516
N-ALPHA-ACETYLORNITHINE	48411	MassBank	KO002091	N2-Acetylornithine	inchikey	1	TRUE	TRUE	2.3261000023922e-06	0.00581525000598049
CPD-14483	48412	MassBank	KO003038	Glycyrrhetinate	name_formula_mass	4	FALSE	TRUE	3.49999709214899e-08	7.44142534031832e-05
CPD0-1581	48416	MassBank	KO004154	Trimethoprim	inchikey	1	TRUE	TRUE	4.64899983398936e-07	0.00116224995849734
5-METHYLTHIOADENOSINE	48419	MassBank	KO008946	5'-Methylthioadenosine	inchikey	1	TRUE	TRUE	6.38000301478314e-08	0.000159500075369579
SUC	48422	MassBank	KO001788	Succinic acid	inchikey_connectivity_formula_mass	2	FALSE	TRUE	1.31900000610585e-06	0.00329750001526463
ATROPINE	48426	MassBank	KO008998	Hyoscyamine	name_formula_mass	4	FALSE	TRUE	3.6097999895901e-06	0.00902449997397525
L-HYOSCYAMINE	48426	MassBank	KO008998	Hyoscyamine	name_formula_mass	4	FALSE	TRUE	3.6097999895901e-06	0.00902449997397525
D-SORBITOL-6-P	48427	MassBank	KO009249	Sorbitol 6-phosphate	inchikey_connectivity_formula_mass	2	FALSE	TRUE	1.40959997452228e-06	0.0035239999363057
D-ALANINE	48428	MassBank	KO002051	D-Alanine	inchikey	1	TRUE	TRUE	1.52590000368491e-06	0.00381475000921228
5-AMINOPENTANOATE	48437	MassBank	KO002310	5-Aminopentanoic acid	inchikey	1	TRUE	TRUE	1.39750000016647e-06	0.00349375000041618
D-glucopyranose-6-phosphate	48438	MassBank	KO002915	Glucose 6-phosphate	inchikey_connectivity_formula_mass	2	FALSE	TRUE	1.47380001180863e-06	0.00368450002952159
PHE	48442	MassBank	KO003666	L-Phenylalanine	inchikey	1	TRUE	TRUE	1.39750000016647e-06	0.00349375000041618
TREHALOSE-6P	48443	MassBank	KO004214	Trehalose 6-phosphate	inchikey_connectivity_formula_mass	2	FALSE	TRUE	1.95770002164863e-06	0.00463819236059479
CPD-238	48452	MassBank	KO002294	N-Acetylarylamine	name_formula_mass	4	TRUE	TRUE	3.9162000007309e-06	0.00979050000182724
CPD-7051	48453	MassBank	KO009263	Trifluoperazine	inchikey_connectivity_formula_mass	2	FALSE	TRUE	3.07599998450314e-06	0.00755468974383293
D-glucopyranose-6-phosphate	48455	MassBank	KO000810	Glucose 6-phosphate	inchikey_connectivity_formula_mass	2	FALSE	TRUE	1.47380001180863e-06	0.00368450002952159
CPD-10507	48458	MassBank	KO003210	3-Indolebutyric acid	inchikey_connectivity_formula_mass	2	FALSE	TRUE	1.33329999130183e-06	0.00333324997825457
CPD-15318	48459	MassBank	KO001752	D-Ribose 5-phosphate	inchikey_connectivity_formula_mass	2	FALSE	TRUE	3.83990001751044e-06	0.00959975004377611
D-SORBITOL-6-P	48461	MassBank	KO001839	Sorbitol 6-phosphate	inchikey_connectivity_formula_mass	2	FALSE	TRUE	1.40959997452228e-06	0.0035239999363057
CPD-7682	48462	MassBank	KO001190	Isoguvacine	name_formula_mass	4	FALSE	TRUE	1.46169999482026e-06	0.00365424998705066
GLUTAMIDE	48463	MassBank	KO002927	D-Glutamine	inchikey	1	TRUE	TRUE	2.1976999846629e-06	0.00549424996165726
3-HYDROXYBENZOATE	48467	MassBank	KO000999	3-Hydroxybenzoic acid	inchikey_connectivity_formula_mass	2	FALSE	TRUE	4.05890000365616e-06	0.0101472500091404
CPD0-1652	48470	MassBank	KO003536	Fomepizole	inchikey	1	TRUE	TRUE	1.79699999591776e-06	0.0044924999897944
CPD-9939	48473	MassBank	KO003098	Harmaline	name_formula_mass	4	TRUE	TRUE	3.08189999032038e-06	0.00770474997580095
PANTOTHENATE	48477	MassBank	KO001608	Pantothenic acid	inchikey_connectivity_formula_mass	2	FALSE	TRUE	2.6614000319114e-06	0.0066535000797785
CPD-764	48481	MassBank	KO003845	Phosphonoacetate	inchikey_connectivity_formula_mass	2	FALSE	TRUE	2.18999986145718e-07	0.000547499965364295
PICOLINATE	48483	MassBank	KO003730	Picolinic acid	inchikey_connectivity_formula_mass	2	FALSE	TRUE	1.59010001254956e-06	0.00397525003137389
CPD0-1625	48487	MassBank	KO009117	Methylene blue	inchikey	1	FALSE	TRUE	1.00782831550003	2519.57078875009
BESTATIN	48491	MassBank	KO000342	(2R)-2-[[(2S,3R)-3-Amino-2-hydroxy-4-phenyl-butanoyl]amino]-4-methyl-pentanoic acid	inchikey	1	TRUE	TRUE	2.73079996304659e-06	0.00682699990761648
CPD0-1491	48492	MassBank	KO002129	Amitrole	inchikey	1	TRUE	TRUE	3.85079999887239e-06	0.00962699999718097
CPD-490	48494	MassBank	KO002012	Xylose 1-phosphate	inchikey_connectivity_formula_mass	2	FALSE	TRUE	3.83990001751044e-06	0.00959975004377611
MET	48496	MassBank	KO003334	L-Methionine	inchikey	1	TRUE	TRUE	7.07499992813609e-07	0.00176874998203402
ADIPATE	48501	MassBank	KO000149	Adipic acid	inchikey_connectivity_formula_mass	2	FALSE	TRUE	1.19059998837656e-06	0.0029764999709414
23-Diaminopropanoate	48504	MassBank	KO002671	2,3-Diaminopropionate	inchikey_connectivity_formula_mass	2	FALSE	TRUE	2.48860000340301e-06	0.00622150000850752
CPD-7999	48509	MassBank	KO001711	Phenyllactic acid	inchikey_connectivity_formula_mass	2	FALSE	TRUE	4.18729999296374e-06	0.0104682499824094
SEMICARBAZIDE	48513	MassBank	KO004010	Semicarbazide	inchikey	1	TRUE	TRUE	1.79820000312247e-06	0.00449550000780619
O-PHENANTHROLINE	48516	MassBank	KO003774	1,10-Phenanthroline	inchikey	1	TRUE	TRUE	1.73279997284226e-06	0.00433199993210565
CPD-4210	48517	MassBank	KO004277	Zeatin	inchikey	1	TRUE	TRUE	6.54000018585066e-08	0.000163500004646266
CPD-4210	48519	MassBank	KO002022	Zeatin	inchikey	1	TRUE	TRUE	6.54000018585066e-08	0.000163500004646266
CPD-4210	48522	MassBank	KO004280	Zeatin	inchikey	1	TRUE	TRUE	6.54000018585066e-08	0.000163500004646266
4-FLUOROBENZOATE	48524	MassBank	KO000783	4-Fluorobenzoic acid	inchikey_connectivity_formula_mass	2	FALSE	TRUE	2.39529998680155e-06	0.00598824996700387
LOGANATE	48528	MassBank	KO001301	Loganate	inchikey_connectivity_formula_mass	2	FALSE	TRUE	3.00860000379544e-06	0.00752150000948859
CPD-9939	48533	MassBank	KO001018	Harmaline	name_formula_mass	4	TRUE	TRUE	3.08189999032038e-06	0.00770474997580095
AGMATHINE	48535	MassBank	KO002257	Agmatine	inchikey_connectivity_formula_mass	2	FALSE	TRUE	3.52979998297087e-06	0.00882449995742718
D-THREONINE	48536	MassBank	KO004087	L-Allothreonine	name_formula_mass	4	TRUE	TRUE	3.16039999859186e-06	0.00790099999647964
THR	48536	MassBank	KO004087	L-Allothreonine	name_formula_mass	4	TRUE	TRUE	3.16039999859186e-06	0.00790099999647964
Glucopyranose	48537	MassBank	KO000807	Glucose	inchikey	1	TRUE	TRUE	1.88219999586181e-06	0.00470549998965453
THR	48543	MassBank	KO001898	L-Threonine	inchikey	1	TRUE	TRUE	3.16039999859186e-06	0.00790099999647964
PHE	48545	MassBank	KO003669	L-Phenylalanine	inchikey	1	TRUE	TRUE	1.39750000016647e-06	0.00349375000041618
CPD-9384	48548	MassBank	KO002823	L-Theanine	inchikey	1	TRUE	TRUE	2.3261000023922e-06	0.00581525000598049
2-FUROATE	48549	MassBank	KO000773	2-Furoic acid	inchikey_connectivity_formula_mass	2	FALSE	TRUE	3.99469999479152e-06	0.00998674998697879
L-2-AMINOPENTANOIC-ACID	48550	MassBank	KO001507	Norvaline	inchikey	1	TRUE	TRUE	1.39750000016647e-06	0.00349375000041618
HOMOARGININE	48551	MassBank	KO003146	Homo-L-arginine	inchikey_connectivity_formula_mass	2	FALSE	TRUE	4.22139999045612e-06	0.0105534999761403
CPD-14736	48553	MassBank	KO003267	L-Kynurenine	inchikey	1	TRUE	TRUE	2.26189999352755e-06	0.00565474998381887
CPD-9035	48555	MassBank	KO001479	Methionine sulfoximine	inchikey	1	TRUE	TRUE	2.95190000088041e-06	0.00737975000220104
CPD0-1491	48560	MassBank	KO000090	Amitrole	inchikey	1	TRUE	TRUE	3.85079999887239e-06	0.00962699999718097
CPD-24813	48561	MassBank	KO000744	Fructose 6-phosphate	inchikey_connectivity_formula_mass	2	FALSE	TRUE	1.47380001180863e-06	0.00368450002952159
CPD-15709	48561	MassBank	KO000744	Fructose 6-phosphate	inchikey_connectivity_formula_mass	2	FALSE	TRUE	1.47380001180863e-06	0.00368450002952159
CPD-4210	48562	MassBank	KO009318	Zeatin	inchikey	1	TRUE	TRUE	6.54000018585066e-08	0.000163500004646266
CPD0-1265	48563	MassBank	KO000126	Azelaic acid	inchikey_connectivity_formula_mass	2	FALSE	TRUE	9.97999990204335e-07	0.00249499997551084
PUROMYCIN	48568	MassBank	KO009213	Puromycin	name_formula_mass	4	FALSE	TRUE	2.92219999664667e-06	0.00620130997583296
BESTATIN	48572	MassBank	KO002464	(2R)-2-[[(2S,3R)-3-Amino-2-hydroxy-4-phenyl-butanoyl]amino]-4-methyl-pentanoic acid	inchikey	1	TRUE	TRUE	2.73079996304659e-06	0.00682699990761648
CPD0-1264	48573	MassBank	KO003982	Suberic acid	inchikey_connectivity_formula_mass	2	FALSE	TRUE	1.06219999906898e-06	0.00265549999767245
D-GLUCOSAMINE-6-P	48577	MassBank	KO002954	Glucosamine 6-phosphate	inchikey_connectivity_formula_mass	2	FALSE	TRUE	2.94139999823528e-06	0.00735349999558821
CAFFEOYLQUINATE	48579	MassBank	KO000470	Chlorogenic acid	inchikey_connectivity_formula_mass	2	FALSE	TRUE	2.17669997937264e-06	0.00544174994843161
CPD-303	48582	MassBank	KO002601	Cyclohexylamine	inchikey_connectivity_formula_mass	2	FALSE	TRUE	5.77500003373643e-07	0.00144375000843411
D-GLUCOSAMINE-6-P	48583	MassBank	KO002956	Glucosamine 6-phosphate	inchikey_connectivity_formula_mass	2	FALSE	TRUE	2.94139999823528e-06	0.00735349999558821
CPD0-1491	48586	MassBank	KO002128	Amitrole	inchikey	1	TRUE	TRUE	3.85079999887239e-06	0.00962699999718097
CPD0-1264	48589	MassBank	KO001798	Suberic acid	inchikey_connectivity_formula_mass	2	FALSE	TRUE	1.06219999906898e-06	0.00265549999767245
5-AMINOPENTANOATE	48593	MassBank	KO000212	5-Aminopentanoic acid	inchikey	1	TRUE	TRUE	1.39750000016647e-06	0.00349375000041618
OXIDIZED-GLUTATHIONE	48596	MassBank	KO002930	Oxidized glutathione	inchikey_connectivity_formula_mass	2	FALSE	TRUE	1.90359992302547e-06	0.00310968524401338
ORCINOL-CPD	48597	MassBank	KO001550	Orcinol	inchikey	1	TRUE	TRUE	4.98999995102167e-07	0.00124749998775542
PHE	48598	MassBank	KO003667	L-Phenylalanine	inchikey	1	TRUE	TRUE	1.39750000016647e-06	0.00349375000041618
5-AMINO-LEVULINATE	48599	MassBank	KO002157	5-Aminolevulinic acid	inchikey	1	TRUE	TRUE	3.160399984381e-06	0.0079009999609525
METHYLNICOTINATE	48603	MassBank	KO004205	Trigonelline	inchikey	1	TRUE	TRUE	2.01564853829998	5039.12134574996
CPD-4210	48604	MassBank	KO004276	Zeatin	inchikey	1	TRUE	TRUE	6.54000018585066e-08	0.000163500004646266
PANTOTHENATE	48605	MassBank	KO009184	Pantothenic acid	inchikey_connectivity_formula_mass	2	FALSE	TRUE	2.6614000319114e-06	0.0066535000797785
MELILOTATE	48611	MassBank	KO001676	3-(2-Hydroxyphenyl)propanoic acid	inchikey_connectivity_formula_mass	2	FALSE	TRUE	4.18729999296374e-06	0.0104682499824094
THR	48613	MassBank	KO001895	L-Threonine	inchikey	1	TRUE	TRUE	3.16039999859186e-06	0.00790099999647964
2-COUMARATE	48615	MassBank	KO000442	2-Hydroxycinnamic acid	inchikey_connectivity_formula_mass	2	FALSE	TRUE	4.12310001252081e-06	0.010307750031302
PHE	48620	MassBank	KO001563	L-Phenylalanine	inchikey	1	TRUE	TRUE	1.39750000016647e-06	0.00349375000041618
SANGUINARINE	48625	MassBank	KO009238	Sanguinarine	inchikey	1	FALSE	TRUE	1.00782797509999	2519.56993774996
Mannose-6-phosphate	48626	MassBank	KO001324	D-mannose 6-phosphate	name_formula_mass	4	FALSE	TRUE	1.47380001180863e-06	0.00368450002952159
L-CITRULLINE	48628	MassBank	KO000394	Citrulline	inchikey	1	TRUE	TRUE	1.29920002223116e-06	0.0032480000555779
ACETYL-GLU	48636	MassBank	KO000052	N-Acetyl-L-glutamic acid	inchikey_connectivity_formula_mass	2	FALSE	TRUE	2.46880000531746e-06	0.00617200001329365
PUTRESCINE	48639	MassBank	KO002424	Putrescine	inchikey_connectivity_formula_mass	2	FALSE	TRUE	1.60439999774553e-06	0.00401099999436383
CPD-10507	48640	MassBank	KO001217	3-Indolebutyric acid	inchikey_connectivity_formula_mass	2	FALSE	TRUE	1.33329999130183e-06	0.00333324997825457
3-P-SERINE	48644	MassBank	KO003783	Phosphoserine	inchikey_connectivity_formula_mass	2	FALSE	TRUE	3.50460001641295e-06	0.00876150004103238
3-HYDROXY-PROPIONATE	48646	MassBank	KO001146	Hydroxypropionic acid	inchikey_connectivity_formula_mass	2	FALSE	TRUE	4.05890000365616e-06	0.0101472500091404
ISATIN	48647	MassBank	KO001196	1H-Indole-2,3-dione	inchikey	1	TRUE	TRUE	1.5900999983387e-06	0.00397524999584675
ADENOSINE	48648	MassBank	KO000011	Adenosine	inchikey	1	TRUE	TRUE	3.93170000734244e-06	0.00982925001835611
PYRIDOXAMINE-5P	48650	MassBank	KO001724	Pyridoxamine 5'-phosphate	inchikey_connectivity_formula_mass	2	FALSE	TRUE	1.95179995898798e-06	0.00487949989746994
N-ACETYLNEURAMINATE	48651	MassBank	KO008824	N-Acetylneuraminate	inchikey_connectivity_formula_mass	2	FALSE	TRUE	1.21400006491967e-06	0.00303500016229918
CYTOSINE	48652	MassBank	KO000420	Cytosine	inchikey	1	TRUE	TRUE	1.79820000312247e-06	0.00449550000780619
NIACINE	48654	MassBank	KO003590	Nicotinic acid	inchikey_connectivity_formula_mass	2	FALSE	TRUE	1.59010001254956e-06	0.00397525003137389
PUROMYCIN	48655	MassBank	KO003829	Puromycin	name_formula_mass	4	FALSE	TRUE	2.92219999664667e-06	0.00620130997583296
XANTHURENATE	48663	MassBank	KO009082	Xanthurenic acid	inchikey_connectivity_formula_mass	2	FALSE	TRUE	2.28170000582395e-06	0.00570425001455988
Thiopurine-Methylethers	48665	MassBank	KO003511	6-Methylmercaptopurine	inchikey	1	TRUE	TRUE	3.09659998265488e-06	0.0077414999566372
PYRIDOXAMINE-5P	48668	MassBank	KO003885	Pyridoxamine 5'-phosphate	inchikey_connectivity_formula_mass	2	FALSE	TRUE	1.95179995898798e-06	0.00487949989746994
D-ALANINE	48672	MassBank	KO000019	D-Alanine	inchikey	1	TRUE	TRUE	1.52590000368491e-06	0.00381475000921228
CPD0-1625	48675	MassBank	KO009118	Methylene blue	inchikey	1	FALSE	TRUE	1.00782831550003	2519.57078875009
S-LACTOYL-GLUTATHIONE	48676	MassBank	KO009028	S-Lactoylglutathione	inchikey_connectivity_formula_mass	2	FALSE	TRUE	4.64350000584091e-06	0.0116087500146023
INDOLEYL-CPD	48683	MassBank	KO001208	3-Indoleacetonitrile	inchikey	1	TRUE	TRUE	1.73279997284226e-06	0.00433199993210565
CPD-14483	48688	MassBank	KO000937	Glycyrrhetinate	name_formula_mass	4	FALSE	TRUE	3.49999709214899e-08	7.44142534031832e-05
ILE	48689	MassBank	KO001175	L-Isoleucine	inchikey	1	TRUE	TRUE	1.33329999130183e-06	0.00333324997825457
GLYCERATE	48692	MassBank	KO000859	Glyceric acid	inchikey_connectivity_formula_mass	2	FALSE	TRUE	1.31900000610585e-06	0.00329750001526463
3-PHENYLPROPIONATE	48695	MassBank	KO001709	Hydrocinnamic acid	inchikey_connectivity_formula_mass	2	FALSE	TRUE	4.34800000448377e-07	0.00108700000112094
CPD-8098	48696	MassBank	KO000510	cis-Caffeic acid	inchikey_connectivity_formula_mass	2	FALSE	TRUE	1.25479999724121e-06	0.00313699999310302
D-THREONINE	48697	MassBank	KO004091	L-Allothreonine	name_formula_mass	4	TRUE	TRUE	3.16039999859186e-06	0.00790099999647964
THR	48697	MassBank	KO004091	L-Allothreonine	name_formula_mass	4	TRUE	TRUE	3.16039999859186e-06	0.00790099999647964
CYTOSINE	48698	MassBank	KO000419	Cytosine	inchikey	1	TRUE	TRUE	1.79820000312247e-06	0.00449550000780619
TEREPHTHALATE	48699	MassBank	KO001960	Terephthalic acid	inchikey_connectivity_formula_mass	2	FALSE	TRUE	1.31900000610585e-06	0.00329750001526463
CPD-14483	48700	MassBank	KO003036	Glycyrrhetinate	name_formula_mass	4	FALSE	TRUE	3.49999709214899e-08	7.44142534031832e-05
HYDROXYMALONATE	48705	MassBank	KO001927	Hydroxypropanedioic acid	inchikey_connectivity_formula_mass	2	FALSE	TRUE	3.23889999265248e-06	0.00809724998163119
PHOSPHORYL-ETHANOLAMINE	48707	MassBank	KO000705	O-Phosphoethanolamine	inchikey_connectivity_formula_mass	2	FALSE	TRUE	4.26039997591943e-06	0.0106509999397986
L-ALPHA-ALANINE	48708	MassBank	KO002053	L-Alanine	inchikey	1	TRUE	TRUE	1.52590000368491e-06	0.00381475000921228
MALEATE	48712	MassBank	KO001363	Maleic acid	inchikey_connectivity_formula_mass	2	FALSE	TRUE	1.38320000075964e-06	0.00345800000189911
TRP	48713	MassBank	KO001869	L-Tryptophan	inchikey	1	TRUE	TRUE	2.36019999988457e-06	0.00590049999971143
LOGANATE	48714	MassBank	KO001303	Loganate	inchikey_connectivity_formula_mass	2	FALSE	TRUE	3.00860000379544e-06	0.00752150000948859
CPD-24844	48715	MassBank	KO001271	L-Lactic acid	inchikey	1	TRUE	TRUE	4.05890000365616e-06	0.0101472500091404
3-CARBOXY-3-HYDROXY-ISOCAPROATE	48716	MassBank	KO001237	2-Isopropylmalate	name_formula_mass	4	FALSE	TRUE	3.4957000139002e-06	0.00873925003475051
CPD-14736	48717	MassBank	KO003268	L-Kynurenine	inchikey	1	TRUE	TRUE	2.26189999352755e-06	0.00565474998381887
COUMARATE	48721	MassBank	KO000409	4-Hydroxycinnamic acid	inchikey_connectivity_formula_mass	2	FALSE	TRUE	4.12310001252081e-06	0.010307750031302
SEROTONIN	48722	MassBank	KO004017	Serotonin	inchikey_connectivity_formula_mass	2	FALSE	TRUE	3.01770000987744e-06	0.00754425002469361
DOPAMINE	48723	MassBank	KO000580	Dopamine	inchikey_connectivity_formula_mass	2	FALSE	TRUE	1.39750000016647e-06	0.00349375000041618
ADENOSINE	48725	MassBank	KO002039	Adenosine	inchikey	1	TRUE	TRUE	3.93170000734244e-06	0.00982925001835611
L-CITRULLINE	48726	MassBank	KO002530	Citrulline	inchikey	1	TRUE	TRUE	1.29920002223116e-06	0.0032480000555779
CPD-3462	48727	MassBank	KO002268	N8-Acetylspermidine	inchikey_connectivity_formula_mass	2	FALSE	TRUE	2.31179998877451e-06	0.00577949997193627
PROTOPINE	48728	MassBank	KO003811	Protopine	inchikey	1	TRUE	TRUE	2.72559998393263e-06	0.00681399995983156
PHOSPHORYL-ETHANOLAMINE	48733	MassBank	KO000708	O-Phosphoethanolamine	inchikey_connectivity_formula_mass	2	FALSE	TRUE	4.26039997591943e-06	0.0106509999397986
PSEUDOTROPINE	48734	MassBank	KO004117	Tropine	inchikey_connectivity_formula_mass	2	FALSE	TRUE	4.10879999890312e-06	0.0102719999972578
URACIL	48738	MassBank	KO001976	Uracil	inchikey	1	TRUE	TRUE	2.61700000692144e-06	0.00654250001730361
CPD-404	48742	MassBank	KO003453	N-methyl-L-glutamic Acid	inchikey_connectivity_formula_mass	2	FALSE	TRUE	2.15330001651637e-06	0.00538325004129092
DEOXY-D-RIBOSE-1-PHOSPHATE	48743	MassBank	KO000553	2-Deoxyribose 1-phosphate	inchikey_connectivity_formula_mass	2	FALSE	TRUE	7.82200004323386e-07	0.00195550001080846
N-ACETYL-D-GLUCOSAMINE-6-P	48744	MassBank	KO000241	N-Acetyl-D-Glucosamine 6-Phosphate	inchikey_connectivity_formula_mass	2	FALSE	TRUE	2.37230000266209e-06	0.00593075000665522
N-ACETYL-5-METHOXY-TRYPTAMINE	48746	MassBank	KO001409	Melatonin	inchikey	1	TRUE	TRUE	2.23180001057699e-06	0.00557950002644247
ADIPATE	48748	MassBank	KO000150	Adipic acid	inchikey_connectivity_formula_mass	2	FALSE	TRUE	1.19059998837656e-06	0.0029764999709414
CPD-3762	48750	MassBank	KO000214	5-Aminoimidazole-4-carboxamide	name_formula_mass	4	TRUE	TRUE	8.35500003404377e-07	0.00208875000851094
PALMATINE	48754	MassBank	KO003817	Palmatine	inchikey	1	FALSE	TRUE	1.00782823190002	2519.57057975005
CPD-10507	48758	MassBank	KO001220	3-Indolebutyric acid	inchikey_connectivity_formula_mass	2	FALSE	TRUE	1.33329999130183e-06	0.00333324997825457
DEOXYCYTIDINE	48761	MassBank	KO002699	Deoxycytidine	inchikey	1	TRUE	TRUE	4.07869998753085e-06	0.0101967499688271
3-HYDROXY-PROPIONATE	48765	MassBank	KO001148	Hydroxypropionic acid	inchikey_connectivity_formula_mass	2	FALSE	TRUE	4.05890000365616e-06	0.0101472500091404
SER	48769	MassBank	KO003971	L-Serine	inchikey	1	TRUE	TRUE	3.09619998972721e-06	0.00774049997431803
S-LACTOYL-GLUTATHIONE	48771	MassBank	KO009025	S-Lactoylglutathione	inchikey_connectivity_formula_mass	2	FALSE	TRUE	4.64350000584091e-06	0.0116087500146023
D-GLT	48773	MassBank	KO000820	D-Glutamic acid	inchikey_connectivity_formula_mass	2	FALSE	TRUE	2.2174999969593e-06	0.00554374999239826
INDOLEYL-CPD	48774	MassBank	KO003205	3-Indoleacetonitrile	inchikey	1	TRUE	TRUE	1.73279997284226e-06	0.00433199993210565
CPD0-1942	48775	MassBank	KO002418	L-alpha-Aminobutyric acid	inchikey	1	TRUE	TRUE	1.46169999482026e-06	0.00365424998705066
D-SORBITOL-6-P	48776	MassBank	KO004043	Sorbitol 6-phosphate	inchikey_connectivity_formula_mass	2	FALSE	TRUE	1.40959997452228e-06	0.0035239999363057
VAL	48777	MassBank	KO001989	L-Valine	inchikey	1	TRUE	TRUE	1.39750000016647e-06	0.00349375000041618
MET	48787	MassBank	KO001311	L-Methionine	inchikey	1	TRUE	TRUE	7.07499992813609e-07	0.00176874998203402
PYRIDOXAMINE-5P	48788	MassBank	KO001723	Pyridoxamine 5'-phosphate	inchikey_connectivity_formula_mass	2	FALSE	TRUE	1.95179995898798e-06	0.00487949989746994
DETHIOBIOTIN	48792	MassBank	KO009106	Dethiobiotin	inchikey_connectivity_formula_mass	2	FALSE	TRUE	2.45449999169978e-06	0.00613624997924944
BERBERINE	48798	MassBank	KO008888	Berberine	inchikey	1	FALSE	TRUE	1.0078281035	2519.57025875001
MELILOTATE	48799	MassBank	KO001677	3-(2-Hydroxyphenyl)propanoic acid	inchikey_connectivity_formula_mass	2	FALSE	TRUE	4.18729999296374e-06	0.0104682499824094
CPD-4604	48801	MassBank	KO002460	6-Benzylaminopurine	inchikey	1	TRUE	TRUE	4.62090000041826e-06	0.0115522500010456
D-Glucopyranuronate	48804	MassBank	KO000816	Glucuronate	inchikey_connectivity_formula_mass	2	FALSE	TRUE	2.67569998868566e-06	0.00668924997171416
GLT	48805	MassBank	KO000849	L-Glutamic acid	inchikey_connectivity_formula_mass	2	FALSE	TRUE	2.2174999969593e-06	0.00554374999239826
ETHIONINE	48806	MassBank	KO002874	Ethionine	inchikey	1	TRUE	TRUE	6.43299983948964e-07	0.00160824995987241
LEU	48815	MassBank	KO003278	L-Leucine	inchikey	1	TRUE	TRUE	1.33329999130183e-06	0.00333324997825457
CANAVANINE	48818	MassBank	KO002593	Canavanine	inchikey_connectivity_formula_mass	2	FALSE	TRUE	2.72300013648419e-07	0.000680750034121047
CPD-13245	48820	MassBank	KO000277	8-Anilino-1-naphthalene sulfonate	inchikey_connectivity_formula_mass	2	FALSE	TRUE	3.97880006630658e-06	0.00994700016576644
MANNOSE-1P	48823	MassBank	KO001459	D-Mannose 1-phosphate	inchikey_connectivity_formula_mass	2	FALSE	TRUE	1.47380001180863e-06	0.00368450002952159
25-DIAMINOPENTANOATE	48824	MassBank	KO003639	D-Ornithine	name_formula_mass	4	FALSE	TRUE	2.36019999988457e-06	0.00590049999971143
DEOXY-D-RIBOSE-1-PHOSPHATE	48828	MassBank	KO000552	2-Deoxyribose 1-phosphate	inchikey_connectivity_formula_mass	2	FALSE	TRUE	7.82200004323386e-07	0.00195550001080846
N-ACETYLNEURAMINATE	48831	MassBank	KO000037	N-Acetylneuraminate	inchikey_connectivity_formula_mass	2	FALSE	TRUE	1.21400006491967e-06	0.00303500016229918
PYRIDOXAMINE	48832	MassBank	KO001727	Pyridoxamine	inchikey_connectivity_formula_mass	2	FALSE	TRUE	2.36019999988457e-06	0.00590049999971143
L-ALPHA-ALANINE	48833	MassBank	KO002055	L-Alanine	inchikey	1	TRUE	TRUE	1.52590000368491e-06	0.00381475000921228
CPD0-1581	48838	MassBank	KO004155	Trimethoprim	inchikey	1	TRUE	TRUE	4.64899983398936e-07	0.00116224995849734
GLN	48844	MassBank	KO002945	L-Glutamine	inchikey	1	TRUE	TRUE	2.1976999846629e-06	0.00549424996165726
CREATINE-P	48845	MassBank	KO009220	Phosphocreatine	inchikey_connectivity_formula_mass	2	FALSE	TRUE	3.04290000485707e-06	0.00760725001214269
ACRYLATE	48848	MassBank	KO000078	Acrylic acid	inchikey_connectivity_formula_mass	2	FALSE	TRUE	6.27399998620604e-07	0.00156849999655151
SER	48849	MassBank	KO001783	L-Serine	inchikey	1	TRUE	TRUE	3.09619998972721e-06	0.00774049997431803
CPD-9384	48850	MassBank	KO000703	L-Theanine	inchikey	1	TRUE	TRUE	2.3261000023922e-06	0.00581525000598049
DEOXYGUANOSINE	48851	MassBank	KO002709	Deoxyguanosine	inchikey	1	TRUE	TRUE	3.93170000734244e-06	0.00982925001835611
Glucopyranose	48854	MassBank	KO000804	Glucose	inchikey	1	TRUE	TRUE	1.88219999586181e-06	0.00470549998965453
CPD0-1491	48856	MassBank	KO002131	Amitrole	inchikey	1	TRUE	TRUE	3.85079999887239e-06	0.00962699999718097
D-SORBITOL-6-P	48858	MassBank	KO001840	Sorbitol 6-phosphate	inchikey_connectivity_formula_mass	2	FALSE	TRUE	1.40959997452228e-06	0.0035239999363057
ASN	48860	MassBank	KO002058	L-Asparagine	inchikey	1	TRUE	TRUE	2.13349997579826e-06	0.00533374993949565
5-OXOPROLINE	48865	MassBank	KO003647	Pyroglutamic acid	inchikey_connectivity_formula_mass	2	FALSE	TRUE	3.09620000393807e-06	0.00774050000984516
MANNITOL-1P	48867	MassBank	KO003340	Mannitol 1-phosphate	inchikey_connectivity_formula_mass	2	FALSE	TRUE	1.40959997452228e-06	0.0035239999363057
DEOXYCYTIDINE	48868	MassBank	KO002697	Deoxycytidine	inchikey	1	TRUE	TRUE	4.07869998753085e-06	0.0101967499688271
L-CITRULLINE	48869	MassBank	KO000395	Citrulline	inchikey	1	TRUE	TRUE	1.29920002223116e-06	0.0032480000555779
4-AMINO-BUTYRATE	48870	MassBank	KO000002	gamma-Aminobutyric acid	inchikey	1	TRUE	TRUE	1.46169999482026e-06	0.00365424998705066
1-3-7-TRIMETHYLXANTHINE	48894	MassBank	KW107902	Caffeine	inchikey	1	TRUE	TRUE	2.44139999949766e-05	0.0610349999874416
CPD-6421	48902	MassBank	KW106601	methylcinnamate	name_formula_mass	4	TRUE	TRUE	2.04348000067966e-05	0.0510870000169916
CPD-6421	48914	MassBank	KW106602	methylcinnamate	name_formula_mass	4	TRUE	TRUE	2.04348000067966e-05	0.0510870000169916
1-3-7-TRIMETHYLXANTHINE	48954	MassBank	KW107903	Caffeine	inchikey	1	TRUE	TRUE	2.44139999949766e-05	0.0610349999874416
1-3-7-TRIMETHYLXANTHINE	48980	MassBank	KW107901	Caffeine	inchikey	1	TRUE	TRUE	2.44139999949766e-05	0.0610349999874416
1-3-7-TRIMETHYLXANTHINE	48987	MassBank	KW107904	Caffeine	inchikey	1	TRUE	TRUE	2.44139999949766e-05	0.0610349999874416
CPD-6421	49044	MassBank	KW106603	methylcinnamate	name_formula_mass	4	TRUE	TRUE	2.04348000067966e-05	0.0510870000169916
CPD-6421	49071	MassBank	KW106604	methylcinnamate	name_formula_mass	4	TRUE	TRUE	2.04348000067966e-05	0.0510870000169916
CPD1F-133	49080	MassBank	CA000114	Violaxanthin	inchikey	1	TRUE	TRUE	2.8599993129319e-07	0.000476334816484238
CPD-17650	49090	MassBank	CA000045	Isocryptoxanthin	inchikey	1	TRUE	TRUE	3.58030001734733e-06	0.006480965588289
CAPSORUBIN	49096	MassBank	CA000021	Capsorubin	name_formula_mass	4	TRUE	TRUE	2.8599993129319e-07	0.000476334816484238
CPD-15837	49097	MassBank	CA000180	beta-tocotrienol	inchikey	1	TRUE	TRUE	5.92399999277404e-07	0.00144375656300472
CPD-17652	49102	MassBank	CA000135	4'-Hydroxyechinenone	inchikey	1	TRUE	TRUE	9.77600052465277e-07	0.00172595106550812
CPD-7850	49108	MassBank	CA000149	Echinenone	inchikey	1	TRUE	TRUE	3.64449988410342e-06	0.00662133763347826
CPD-17216	49109	MassBank	CA000010	8'-Apozeaxanthinal	inchikey	1	TRUE	TRUE	5.28200018834468e-07	0.00122182873100576
CPD-15838	49120	MassBank	CA000182	gamma-Tocotrienol	inchikey	1	TRUE	TRUE	5.92399999277404e-07	0.00144375656300472
CPD-7847	49121	MassBank	CA000004	Astaxanthin	inchikey	1	TRUE	TRUE	1.57599970407318e-07	0.000264258085168236
CPD1F-118	49125	MassBank	CA000116	alpah-Carotene	name_formula_mass	4	TRUE	TRUE	1.79759990714956e-06	0.00335099159814834
ALPHA-TOCOPHEROL	49127	MassBank	CA000171	alpha-Tocopherol	inchikey	1	TRUE	TRUE	8.49199977892567e-07	0.00197313500913419
CPD1F-119	49134	MassBank	CA000113	Lutein	inchikey	1	TRUE	TRUE	1.04179991922138e-06	0.00183277365353006
CPD-17650	49136	MassBank	CA000152	Isocryptoxanthin	inchikey	1	TRUE	TRUE	3.58030001734733e-06	0.006480965588289
CPD1F-131	49149	MassBank	CA000003	Antheraxanthin	inchikey	1	TRUE	TRUE	4.33610000527551e-06	0.00741945544309479
CPD1F-135	49150	MassBank	CA000089	Neoxanthin	inchikey	1	TRUE	TRUE	2.8599993129319e-07	0.000476334816484238
BETA-TOCOPHEROL	49156	MassBank	CA000172	beta-Tocopherol	inchikey	1	TRUE	TRUE	7.84999997449631e-07	0.0018853630474788
CPD1F-130	49158	MassBank	CA000115	Zeaxanthin	inchikey	1	TRUE	TRUE	1.04179991922138e-06	0.00183277365353006
2-METHYL-3-PHYTYL-14-NAPHTHOQUINONE	49162	MassBank	CA000175	Vitamin K1	name_formula_mass	4	TRUE	TRUE	7.20800017006695e-07	0.00160053373591751
CPD-12193	49171	MassBank	CA000169	Ricinoleic acid	name_formula_mass	4	FALSE	TRUE	4.95770001407436e-06	0.0123942500351859
CPD1F-114	49174	MassBank	CA000154	Lycopene	inchikey	1	TRUE	TRUE	1.79759990714956e-06	0.00335099159814834
OLEATE-CPD	49179	MassBank	CA000168	Oleic acid	inchikey_connectivity_formula_mass	2	FALSE	TRUE	3.35600020662241e-07	0.000839000051655603
CPD-7851	49182	MassBank	CA000112	Canthaxanthin	inchikey	1	TRUE	TRUE	9.13399958335503e-07	0.00161836507602957
CPD-15836	49186	MassBank	CA000178	alpha-Tocotrienol	name_formula_mass	4	TRUE	TRUE	6.5659997972034e-07	0.0015473654657577
CPD1F-118	49187	MassBank	CA000022	alpha-Carotene	name_formula_mass	4	TRUE	TRUE	1.79759990714956e-06	0.00335099159814834
PHYTOENE	49192	MassBank	CA000094	Phytoene	inchikey	1	TRUE	TRUE	2.05439994260814e-06	0.00377299709175248
CPD1F-98	49198	MassBank	CA000164	7,7',8,8'-Tetrahydrolycopene	inchikey	1	TRUE	TRUE	1.92599998172227e-06	0.00356356829545208
CPD1F-119	49202	MassBank	CA000067	Lutein	inchikey	1	TRUE	TRUE	1.04179991922138e-06	0.00183277365353006
CPD1F-130	49205	MassBank	CA000107	Zeaxanthin	inchikey	1	TRUE	TRUE	1.04179991922138e-06	0.00183277365353006
CPD1F-129	49209	MassBank	CA000023	beta-Carotene	inchikey	1	TRUE	TRUE	1.79759990714956e-06	0.00335099159814834
2-METHYL-3-PHYTYL-14-NAPHTHOQUINONE	49211	MassBank	CA000176	Vitamin K1	name_formula_mass	4	TRUE	TRUE	7.20800017006695e-07	0.00160053373591751
CPD-7853	49220	MassBank	CA000153	Isozeaxanthin	inchikey	1	TRUE	TRUE	1.04179991922138e-06	0.00183277365353006
CPD-7852	49221	MassBank	CA000141	Adonixanthin	inchikey	1	TRUE	TRUE	4.40029987203161e-06	0.007555365300671
CPD1F-133	49228	MassBank	CA000105	Violaxanthin	inchikey	1	TRUE	TRUE	2.8599993129319e-07	0.000476334816484238
CPD-7849	49230	MassBank	CA000140	Adonirubin	inchikey	1	TRUE	TRUE	4.46449996616138e-06	0.0076922195564035
CPD-15836	49237	MassBank	CA000177	alpha-Tocotrienol	name_formula_mass	4	TRUE	TRUE	6.5659997972034e-07	0.0015473654657577
CPD-15837	49239	MassBank	CA000179	beta-tocotrienol	inchikey	1	TRUE	TRUE	5.92399999277404e-07	0.00144375656300472
DELTA-TOCOPHEROL	49241	MassBank	CA000174	delta-Tocopherol	inchikey	1	TRUE	TRUE	7.20800017006695e-07	0.00179147610249818
CPD-7409	49243	MassBank	CA000038	beta-Cryptoxanthin	inchikey	1	TRUE	TRUE	3.58030001734733e-06	0.006480965588289
CPD-7408	49247	MassBank	CA000158	all-trans-Phytofluene	inchikey	1	TRUE	TRUE	1.99019996216521e-06	0.00366867176892089
CAPSANTHIN	49248	MassBank	CA000015	Capsanthin	inchikey	1	TRUE	TRUE	4.33610000527551e-06	0.00741945544309479
CPD1F-126	49249	MassBank	CA000163	gamma-Carotene	inchikey	1	TRUE	TRUE	1.79759990714956e-06	0.00335099159814834
LINOLEIC_ACID	49250	MassBank	CA000167	Linoleic acid	inchikey_connectivity_formula_mass	2	FALSE	TRUE	2.71399983375886e-07	0.000678499958439716
CPD-15838	49251	MassBank	CA000181	gamma-Tocotrienol	inchikey	1	TRUE	TRUE	5.92399999277404e-07	0.00144375656300472
GAMA-TOCOPHEROL	49256	MassBank	CA000173	gamma-Tocopherol	inchikey	1	TRUE	TRUE	7.84999997449631e-07	0.0018853630474788
CPD-7851	49260	MassBank	CA000013	Canthaxanthin	inchikey	1	TRUE	TRUE	9.13399958335503e-07	0.00161836507602957
CPD0-1366	49272	MassBank	LU045603	Carboxin	inchikey	1	TRUE	TRUE	6.43299983948964e-07	0.00160824995987241
CPD-7661	49321	MassBank	LU061152	Nordihydroguaiaretic acid	inchikey	1	TRUE	TRUE	9.19460001114203e-06	0.0229865000278551
CPD-520	49330	MassBank	LU029853	Quercetin	inchikey_connectivity_formula_mass	2	FALSE	TRUE	4.73242999987633e-05	0.118310749996908
QUININE	49358	MassBank	LU027006	Quinine	inchikey_connectivity_formula_mass	2	FALSE	TRUE	2.19750000383101e-05	0.0549375000957752
QUININE	49370	MassBank	LU027001	Quinine	inchikey_connectivity_formula_mass	2	FALSE	TRUE	2.19750000383101e-05	0.0549375000957752
CPD1F-90	49387	MassBank	LU089856	Kaempferol	inchikey_connectivity_formula_mass	2	FALSE	TRUE	3.80536000079701e-05	0.0951340000199252
CPD-4609	49389	MassBank	LU078103	Kinetin	inchikey	1	TRUE	TRUE	9.93699998730335e-06	0.0248424999682584
CPD-5481	49391	MassBank	LU081105	Forchlorfenuron	inchikey	1	FALSE	FALSE	3.96686999977192e-05	0.0991717499942979
8-HYDROXYQUINOLINE	49405	MassBank	LU099404	8-Hydroxyquinoline	inchikey	1	TRUE	TRUE	3.61479999924086e-05	0.0903699999810215
CPD-5721	49410	MassBank	LU064003	Thioguanine	inchikey	1	TRUE	TRUE	3.412350000076e-05	0.0853087500019001
ADIPATE	49438	MassBank	LU066451	Adipic acid	inchikey_connectivity_formula_mass	2	FALSE	TRUE	8.80940001479757e-06	0.0220235000369939
CPD1F-90	49441	MassBank	LU089852	Kaempferol	inchikey_connectivity_formula_mass	2	FALSE	TRUE	3.80536000079701e-05	0.0951340000199252
BIOCHANIN-A	49455	MassBank	LU096002	Biochanin A	inchikey_connectivity_formula_mass	2	FALSE	TRUE	2.65042999672005e-05	0.0662607499180012
ANDROST4ENE	49464	MassBank	LU039605	Androstenedione	inchikey	1	TRUE	TRUE	1.99212000211446e-05	0.0498030000528615
CPDQT-42	49465	MassBank	LU057651	Sulfanilamide	name_formula_mass	4	TRUE	TRUE	4.82014000056097e-05	0.120503500014024
ANDROST4ENE	49480	MassBank	LU039604	Androstenedione	inchikey	1	TRUE	TRUE	1.99212000211446e-05	0.0498030000528615
CPD-12479	49483	MassBank	LU111803	Theophylline	inchikey	1	TRUE	TRUE	2.55218000120294e-05	0.0638045000300735
THIDIAZURON	49518	MassBank	LU045852	Thidiazuron	inchikey	1	TRUE	TRUE	1.84102999867264e-05	0.046025749966816
CPD-9785	49523	MassBank	LU032803	Colchicine	inchikey	1	TRUE	TRUE	1.24597000308313e-05	0.0311492500770782
CPD-10507	49541	MassBank	LU092755	3-Indolebutyric acid	inchikey_connectivity_formula_mass	2	FALSE	TRUE	2.86666999897989e-05	0.0716667499744972
CPD-15141	49578	MassBank	LU134353	Cladribine	inchikey	1	FALSE	FALSE	3.30125000118642e-05	0.0825312500296604
THIDIAZURON	49588	MassBank	LU045854	Thidiazuron	inchikey	1	TRUE	TRUE	1.84102999867264e-05	0.046025749966816
CPD-9785	49595	MassBank	LU032805	Colchicine	inchikey	1	TRUE	TRUE	1.24597000308313e-05	0.0311492500770782
CPD-8647	49607	MassBank	LU088303	4-(4-Hydroxyphenyl)-2-butanone	inchikey	1	TRUE	TRUE	2.9629399989517e-05	0.0740734999737924
SCOPOLAMINE	49627	MassBank	LU114904	Scopolamine	inchikey	1	TRUE	TRUE	4.18323000417331e-05	0.104580750104333
THIDIAZURON	49713	MassBank	LU045801	Thidiazuron	inchikey	1	TRUE	TRUE	1.84102999867264e-05	0.046025749966816
NIACINAMIDE	49715	MassBank	LU025102	Niacinamide	inchikey	1	TRUE	TRUE	1.28251000006685e-05	0.0320627500016712
CPD-5721	49716	MassBank	LU064055	Thioguanine	inchikey	1	TRUE	TRUE	3.412350000076e-05	0.0853087500019001
CPD-7661	49727	MassBank	LU061153	Nordihydroguaiaretic acid	inchikey	1	TRUE	TRUE	9.19460001114203e-06	0.0229865000278551
NIACINE	49737	MassBank	LU048802	Nicotinic acid	inchikey_connectivity_formula_mass	2	FALSE	TRUE	2.84098999969729e-05	0.0710247499924321
NIACINAMIDE	49752	MassBank	LU025103	Niacinamide	inchikey	1	TRUE	TRUE	1.28251000006685e-05	0.0320627500016712
CPD-12193	49777	MassBank	LU021956	(9Z,12R)-12-Hydroxyoctadec-9-enoic acid	inchikey_connectivity_formula_mass	2	FALSE	TRUE	5.04230001752148e-06	0.0126057500438037
CPD-5721	49825	MassBank	LU064054	Thioguanine	inchikey	1	TRUE	TRUE	3.412350000076e-05	0.0853087500019001
CPD-5481	49827	MassBank	LU081102	Forchlorfenuron	inchikey	1	FALSE	FALSE	3.96686999977192e-05	0.0991717499942979
CPD-15141	49843	MassBank	LU134355	Cladribine	inchikey	1	FALSE	FALSE	3.30125000118642e-05	0.0825312500296604
CPD-12826	49869	MassBank	LU045202	Folic acid	inchikey_connectivity_formula_mass	2	FALSE	TRUE	1.86211000254843e-05	0.0422113466811218
FORMONONETIN	49889	MassBank	LU030103	Formononetin	inchikey	1	TRUE	TRUE	4.11263999922085e-05	0.102815999980521
SCOPOLAMINE	49893	MassBank	LU114903	Scopolamine	inchikey	1	TRUE	TRUE	4.18323000417331e-05	0.104580750104333
CPD-7084	49919	MassBank	LU093505	Phenylthiourea	inchikey	1	TRUE	TRUE	1.89572000124372e-05	0.0473930000310929
PANTOTHENATE	49920	MassBank	LU087056	Pantothenic acid	inchikey_connectivity_formula_mass	2	FALSE	TRUE	2.7338599977611e-05	0.0683464999440275
NIACINE	49962	MassBank	LU048801	Nicotinic acid	inchikey_connectivity_formula_mass	2	FALSE	TRUE	2.84098999969729e-05	0.0710247499924321
CPD-7084	49967	MassBank	LU093552	Phenylthiourea	inchikey	1	TRUE	TRUE	1.89572000124372e-05	0.0473930000310929
CPD-7084	49968	MassBank	LU093506	Phenylthiourea	inchikey	1	TRUE	TRUE	1.89572000124372e-05	0.0473930000310929
CPD-5721	50009	MassBank	LU064052	Thioguanine	inchikey	1	TRUE	TRUE	3.412350000076e-05	0.0853087500019001
BIOCHANIN-A	50041	MassBank	LU096056	Biochanin A	inchikey_connectivity_formula_mass	2	FALSE	TRUE	2.65042999672005e-05	0.0662607499180012
QUININE	50084	MassBank	LU027005	Quinine	inchikey_connectivity_formula_mass	2	FALSE	TRUE	2.19750000383101e-05	0.0549375000957752
CPD1F-90	50111	MassBank	LU089854	Kaempferol	inchikey_connectivity_formula_mass	2	FALSE	TRUE	3.80536000079701e-05	0.0951340000199252
CPD-4022	50131	MassBank	LU052604	Ancymidol	inchikey	1	TRUE	TRUE	2.22317999600818e-05	0.0555794999002046
PANTOTHENATE	50144	MassBank	LU087001	Pantothenic acid	inchikey_connectivity_formula_mass	2	FALSE	TRUE	2.7338599977611e-05	0.0683464999440275
CPD-4022	50164	MassBank	LU052601	Ancymidol	inchikey	1	TRUE	TRUE	2.22317999600818e-05	0.0555794999002046
5-METHOXYFURANOCOUMARIN	50172	MassBank	LU106806	Bergapten	inchikey	1	TRUE	TRUE	4.12548000099378e-05	0.103137000024844
CPD-13042	50190	MassBank	LU102104	Methoxsalen	inchikey	1	TRUE	TRUE	4.12548000099378e-05	0.103137000024844
CPDQT-42	50202	MassBank	LU057656	Sulfanilamide	name_formula_mass	4	TRUE	TRUE	4.82014000056097e-05	0.120503500014024
CPD-5481	50221	MassBank	LU081103	Forchlorfenuron	inchikey	1	FALSE	FALSE	3.96686999977192e-05	0.0991717499942979
CPD-15291	50224	MassBank	LU080853	Epigallocatechin gallate	inchikey	1	TRUE	TRUE	1.14209000230403e-05	0.0249318406659906
1-3-7-TRIMETHYLXANTHINE	50231	MassBank	LU119906	Caffeine	inchikey	1	TRUE	TRUE	2.44139999949766e-05	0.0610349999874416
CPD-4604	50236	MassBank	LU020201	6-Benzylaminopurine	inchikey	1	TRUE	TRUE	4.53790999870307e-05	0.113447749967577
N-EE-PIPEROYL-PIPERIDINE	50237	MassBank	LU109602	Piperine	inchikey	1	TRUE	TRUE	6.51860000289162e-06	0.016296500007229
CPD-12479	50242	MassBank	LU111802	Theophylline	inchikey	1	TRUE	TRUE	2.55218000120294e-05	0.0638045000300735
CPD-8131	50252	MassBank	LU087706	2-Naphthol	inchikey	1	TRUE	TRUE	1.48789000036231e-05	0.0371972500090578
CPD-12193	50281	MassBank	LU021953	(9Z,12R)-12-Hydroxyoctadec-9-enoic acid	inchikey_connectivity_formula_mass	2	FALSE	TRUE	5.04230001752148e-06	0.0126057500438037
CPD-7664	50284	MassBank	LU027356	Tolcapone	inchikey	1	TRUE	TRUE	2.01567253300004	5039.18133250011
CPD-7661	50286	MassBank	LU061154	Nordihydroguaiaretic acid	inchikey	1	TRUE	TRUE	9.19460001114203e-06	0.0229865000278551
FORMONONETIN	50289	MassBank	LU030101	Formononetin	inchikey	1	TRUE	TRUE	4.11263999922085e-05	0.102815999980521
NAPHTHOL	50323	MassBank	LU113602	1-Naphthol	inchikey	1	TRUE	TRUE	1.48789000036231e-05	0.0371972500090578
CPD-182	50335	MassBank	LU020704	4-Methylumbelliferone	inchikey	1	TRUE	TRUE	4.41230999967956e-05	0.110307749991989
CPD-15141	50364	MassBank	LU134351	Cladribine	inchikey	1	FALSE	FALSE	3.30125000118642e-05	0.0825312500296604
FORMONONETIN	50374	MassBank	LU030154	Formononetin	inchikey	1	TRUE	TRUE	4.11263999922085e-05	0.102815999980521
INDOLE_ACETATE_AUXIN	50385	MassBank	LU019055	Indoleacetic acid	inchikey_connectivity_formula_mass	2	FALSE	TRUE	2.85383000004913e-05	0.0713457500012282
NIACINAMIDE	50477	MassBank	LU025104	Niacinamide	inchikey	1	TRUE	TRUE	1.28251000006685e-05	0.0320627500016712
CPD-8184	50511	MassBank	LU080454	5,7-Dihydroxyflavone	inchikey_connectivity_formula_mass	2	FALSE	TRUE	8.80940001479757e-06	0.0220235000369939
1-3-7-TRIMETHYLXANTHINE	50522	MassBank	LU119905	Caffeine	inchikey	1	TRUE	TRUE	2.44139999949766e-05	0.0610349999874416
CPD-5481	50543	MassBank	LU081155	Forchlorfenuron	inchikey	1	FALSE	FALSE	3.96686999977192e-05	0.0991717499942979
CPD-5481	50559	MassBank	LU081152	Forchlorfenuron	inchikey	1	FALSE	FALSE	3.96686999977192e-05	0.0991717499942979
FUM	50562	MassBank	LU054551	Fumaric acid	inchikey_connectivity_formula_mass	2	FALSE	TRUE	4.13831999992453e-05	0.103457999998113
CPD-15291	50574	MassBank	LU080851	Epigallocatechin gallate	inchikey	1	TRUE	TRUE	1.14209000230403e-05	0.0249318406659906
CPD-7661	50592	MassBank	LU061155	Nordihydroguaiaretic acid	inchikey	1	TRUE	TRUE	9.19460001114203e-06	0.0229865000278551
CPD-4609	50594	MassBank	LU078152	Kinetin	inchikey	1	TRUE	TRUE	9.93699998730335e-06	0.0248424999682584
FORMONONETIN	50612	MassBank	LU030155	Formononetin	inchikey	1	TRUE	TRUE	4.11263999922085e-05	0.102815999980521
ADIPATE	50619	MassBank	LU066453	Adipic acid	inchikey_connectivity_formula_mass	2	FALSE	TRUE	8.80940001479757e-06	0.0220235000369939
ADIPATE	50663	MassBank	LU066452	Adipic acid	inchikey_connectivity_formula_mass	2	FALSE	TRUE	8.80940001479757e-06	0.0220235000369939
CPD-182	50670	MassBank	LU020702	4-Methylumbelliferone	inchikey	1	TRUE	TRUE	4.41230999967956e-05	0.110307749991989
NIACINE	50680	MassBank	LU048803	Nicotinic acid	inchikey_connectivity_formula_mass	2	FALSE	TRUE	2.84098999969729e-05	0.0710247499924321
N-EE-PIPEROYL-PIPERIDINE	50687	MassBank	LU109603	Piperine	inchikey	1	TRUE	TRUE	6.51860000289162e-06	0.016296500007229
CPD-13042	50727	MassBank	LU102102	Methoxsalen	inchikey	1	TRUE	TRUE	4.12548000099378e-05	0.103137000024844
CPD-5481	50732	MassBank	LU081156	Forchlorfenuron	inchikey	1	FALSE	FALSE	3.96686999977192e-05	0.0991717499942979
CPD-520	50739	MassBank	LU029852	Quercetin	inchikey_connectivity_formula_mass	2	FALSE	TRUE	4.73242999987633e-05	0.118310749996908
CPD-5481	50763	MassBank	LU081104	Forchlorfenuron	inchikey	1	FALSE	FALSE	3.96686999977192e-05	0.0991717499942979
ANDROST4ENE	50773	MassBank	LU039601	Androstenedione	inchikey	1	TRUE	TRUE	1.99212000211446e-05	0.0498030000528615
SCOPOLAMINE	50789	MassBank	LU114901	Scopolamine	inchikey	1	TRUE	TRUE	4.18323000417331e-05	0.104580750104333
PROGESTERONE	50799	MassBank	LU055003	Progesterone	inchikey	1	TRUE	TRUE	1.97928000034153e-05	0.0494820000085383
CPD-4609	50810	MassBank	LU078105	Kinetin	inchikey	1	TRUE	TRUE	9.93699998730335e-06	0.0248424999682584
CPD-8184	50812	MassBank	LU080405	5,7-Dihydroxyflavone	inchikey_connectivity_formula_mass	2	FALSE	TRUE	8.80940001479757e-06	0.0220235000369939
CPD0-1366	50815	MassBank	LU045606	Carboxin	inchikey	1	TRUE	TRUE	6.43299983948964e-07	0.00160824995987241
NIACINE	50875	MassBank	LU048806	Nicotinic acid	inchikey_connectivity_formula_mass	2	FALSE	TRUE	2.84098999969729e-05	0.0710247499924321
CPD-12826	50879	MassBank	LU045204	Folic acid	inchikey_connectivity_formula_mass	2	FALSE	TRUE	1.86211000254843e-05	0.0422113466811218
CPD-8184	50886	MassBank	LU080401	5,7-Dihydroxyflavone	inchikey_connectivity_formula_mass	2	FALSE	TRUE	8.80940001479757e-06	0.0220235000369939
CPD-182	50903	MassBank	LU096702	4-Methylumbelliferone	inchikey	1	TRUE	TRUE	4.41230999967956e-05	0.110307749991989
CPD-7664	50931	MassBank	LU027352	Tolcapone	inchikey	1	TRUE	TRUE	2.01567253300004	5039.18133250011
PANTOTHENATE	50971	MassBank	LU087006	Pantothenic acid	inchikey_connectivity_formula_mass	2	FALSE	TRUE	2.7338599977611e-05	0.0683464999440275
SCOPOLAMINE	50972	MassBank	LU114905	Scopolamine	inchikey	1	TRUE	TRUE	4.18323000417331e-05	0.104580750104333
CPD-13042	50987	MassBank	LU102101	Methoxsalen	inchikey	1	TRUE	TRUE	4.12548000099378e-05	0.103137000024844
CPD-8131	50997	MassBank	LU087701	2-Naphthol	inchikey	1	TRUE	TRUE	1.48789000036231e-05	0.0371972500090578
CPD-12479	51017	MassBank	LU111805	Theophylline	inchikey	1	TRUE	TRUE	2.55218000120294e-05	0.0638045000300735
5-METHOXYFURANOCOUMARIN	51023	MassBank	LU106801	Bergapten	inchikey	1	TRUE	TRUE	4.12548000099378e-05	0.103137000024844
CPD-9785	51030	MassBank	LU032801	Colchicine	inchikey	1	TRUE	TRUE	1.24597000308313e-05	0.0311492500770782
CPD1F-90	51038	MassBank	LU089851	Kaempferol	inchikey_connectivity_formula_mass	2	FALSE	TRUE	3.80536000079701e-05	0.0951340000199252
NAPHTHOL	51039	MassBank	LU113604	1-Naphthol	inchikey	1	TRUE	TRUE	1.48789000036231e-05	0.0371972500090578
CPD-4604	51053	MassBank	LU020251	6-Benzylaminopurine	inchikey	1	TRUE	TRUE	4.53790999870307e-05	0.113447749967577
CPD-10507	51061	MassBank	LU092751	3-Indolebutyric acid	inchikey_connectivity_formula_mass	2	FALSE	TRUE	2.86666999897989e-05	0.0716667499744972
CPD-8184	51106	MassBank	LU080404	5,7-Dihydroxyflavone	inchikey_connectivity_formula_mass	2	FALSE	TRUE	8.80940001479757e-06	0.0220235000369939
FUM	51137	MassBank	LU054553	Fumaric acid	inchikey_connectivity_formula_mass	2	FALSE	TRUE	4.13831999992453e-05	0.103457999998113
CPD1F-90	51143	MassBank	LU089853	Kaempferol	inchikey_connectivity_formula_mass	2	FALSE	TRUE	3.80536000079701e-05	0.0951340000199252
PROGESTERONE	51146	MassBank	LU055002	Progesterone	inchikey	1	TRUE	TRUE	1.97928000034153e-05	0.0494820000085383
CPD-12193	51199	MassBank	LU021951	(9Z,12R)-12-Hydroxyoctadec-9-enoic acid	inchikey_connectivity_formula_mass	2	FALSE	TRUE	5.04230001752148e-06	0.0126057500438037
NIACINAMIDE	51238	MassBank	LU025101	Niacinamide	inchikey	1	TRUE	TRUE	1.28251000006685e-05	0.0320627500016712
1-3-7-TRIMETHYLXANTHINE	51264	MassBank	LU119904	Caffeine	inchikey	1	TRUE	TRUE	2.44139999949766e-05	0.0610349999874416
FORMONONETIN	51270	MassBank	LU030156	Formononetin	inchikey	1	TRUE	TRUE	4.11263999922085e-05	0.102815999980521
BIOCHANIN-A	51315	MassBank	LU096053	Biochanin A	inchikey_connectivity_formula_mass	2	FALSE	TRUE	2.65042999672005e-05	0.0662607499180012
CPD-4022	51319	MassBank	LU052606	Ancymidol	inchikey	1	TRUE	TRUE	2.22317999600818e-05	0.0555794999002046
PANTOTHENATE	51370	MassBank	LU087052	Pantothenic acid	inchikey_connectivity_formula_mass	2	FALSE	TRUE	2.7338599977611e-05	0.0683464999440275
CPD-8184	51371	MassBank	LU080455	5,7-Dihydroxyflavone	inchikey_connectivity_formula_mass	2	FALSE	TRUE	8.80940001479757e-06	0.0220235000369939
CPD-8184	51381	MassBank	LU080452	5,7-Dihydroxyflavone	inchikey_connectivity_formula_mass	2	FALSE	TRUE	8.80940001479757e-06	0.0220235000369939
1-3-7-TRIMETHYLXANTHINE	51420	MassBank	LU119903	Caffeine	inchikey	1	TRUE	TRUE	2.44139999949766e-05	0.0610349999874416
ANDROST4ENE	51422	MassBank	LU039602	Androstenedione	inchikey	1	TRUE	TRUE	1.99212000211446e-05	0.0498030000528615
SCOPOLAMINE	51431	MassBank	LU114902	Scopolamine	inchikey	1	TRUE	TRUE	4.18323000417331e-05	0.104580750104333
CPD-15291	51437	MassBank	LU080856	Epigallocatechin gallate	inchikey	1	TRUE	TRUE	1.14209000230403e-05	0.0249318406659906
BIOCHANIN-A	51438	MassBank	LU096052	Biochanin A	inchikey_connectivity_formula_mass	2	FALSE	TRUE	2.65042999672005e-05	0.0662607499180012
CPD-4609	51444	MassBank	LU078101	Kinetin	inchikey	1	TRUE	TRUE	9.93699998730335e-06	0.0248424999682584
CPD-12479	51488	MassBank	LU111801	Theophylline	inchikey	1	TRUE	TRUE	2.55218000120294e-05	0.0638045000300735
CPD-182	51532	MassBank	LU096706	4-Methylumbelliferone	inchikey	1	TRUE	TRUE	4.41230999967956e-05	0.110307749991989
CPD-15141	51535	MassBank	LU134302	Cladribine	inchikey	1	FALSE	FALSE	3.30125000118642e-05	0.0825312500296604
CPD-7084	51552	MassBank	LU093554	Phenylthiourea	inchikey	1	TRUE	TRUE	1.89572000124372e-05	0.0473930000310929
CPD-520	51556	MassBank	LU029856	Quercetin	inchikey_connectivity_formula_mass	2	FALSE	TRUE	4.73242999987633e-05	0.118310749996908
CPD-12826	51564	MassBank	LU045251	Folic acid	inchikey_connectivity_formula_mass	2	FALSE	TRUE	1.86211000254843e-05	0.0422113466811218
QUININE	51572	MassBank	LU027004	Quinine	inchikey_connectivity_formula_mass	2	FALSE	TRUE	2.19750000383101e-05	0.0549375000957752
INDOLE_ACETATE_AUXIN	51575	MassBank	LU019056	Indoleacetic acid	inchikey_connectivity_formula_mass	2	FALSE	TRUE	2.85383000004913e-05	0.0713457500012282
CPD-4609	51583	MassBank	LU078156	Kinetin	inchikey	1	TRUE	TRUE	9.93699998730335e-06	0.0248424999682584
CPD-8184	51619	MassBank	LU080451	5,7-Dihydroxyflavone	inchikey_connectivity_formula_mass	2	FALSE	TRUE	8.80940001479757e-06	0.0220235000369939
BIOCHANIN-A	51632	MassBank	LU096005	Biochanin A	inchikey_connectivity_formula_mass	2	FALSE	TRUE	2.65042999672005e-05	0.0662607499180012
CPD-15291	51647	MassBank	LU080854	Epigallocatechin gallate	inchikey	1	TRUE	TRUE	1.14209000230403e-05	0.0249318406659906
CPD-5481	51655	MassBank	LU081106	Forchlorfenuron	inchikey	1	FALSE	FALSE	3.96686999977192e-05	0.0991717499942979
CPD-4022	51694	MassBank	LU052602	Ancymidol	inchikey	1	TRUE	TRUE	2.22317999600818e-05	0.0555794999002046
CPD-12193	51707	MassBank	LU021955	(9Z,12R)-12-Hydroxyoctadec-9-enoic acid	inchikey_connectivity_formula_mass	2	FALSE	TRUE	5.04230001752148e-06	0.0126057500438037
CPD-8647	51712	MassBank	LU088305	4-(4-Hydroxyphenyl)-2-butanone	inchikey	1	TRUE	TRUE	2.9629399989517e-05	0.0740734999737924
CPD-182	51739	MassBank	LU096705	4-Methylumbelliferone	inchikey	1	TRUE	TRUE	4.41230999967956e-05	0.110307749991989
CPD-5721	51788	MassBank	LU064001	Thioguanine	inchikey	1	TRUE	TRUE	3.412350000076e-05	0.0853087500019001
PANTOTHENATE	51802	MassBank	LU087051	Pantothenic acid	inchikey_connectivity_formula_mass	2	FALSE	TRUE	2.7338599977611e-05	0.0683464999440275
CPD0-1366	51820	MassBank	LU045604	Carboxin	inchikey	1	TRUE	TRUE	6.43299983948964e-07	0.00160824995987241
BIOCHANIN-A	51825	MassBank	LU096004	Biochanin A	inchikey_connectivity_formula_mass	2	FALSE	TRUE	2.65042999672005e-05	0.0662607499180012
5-METHOXYFURANOCOUMARIN	51846	MassBank	LU106805	Bergapten	inchikey	1	TRUE	TRUE	4.12548000099378e-05	0.103137000024844
CPD-10507	51855	MassBank	LU092752	3-Indolebutyric acid	inchikey_connectivity_formula_mass	2	FALSE	TRUE	2.86666999897989e-05	0.0716667499744972
CPD-12826	51868	MassBank	LU045254	Folic acid	inchikey_connectivity_formula_mass	2	FALSE	TRUE	1.86211000254843e-05	0.0422113466811218
CPD-12826	51895	MassBank	LU045253	Folic acid	inchikey_connectivity_formula_mass	2	FALSE	TRUE	1.86211000254843e-05	0.0422113466811218
QUININE	51901	MassBank	LU027002	Quinine	inchikey_connectivity_formula_mass	2	FALSE	TRUE	2.19750000383101e-05	0.0549375000957752
CPD-4604	51911	MassBank	LU020204	6-Benzylaminopurine	inchikey	1	TRUE	TRUE	4.53790999870307e-05	0.113447749967577
CPD-15291	51912	MassBank	LU080852	Epigallocatechin gallate	inchikey	1	TRUE	TRUE	1.14209000230403e-05	0.0249318406659906
CPD0-1366	51929	MassBank	LU045601	Carboxin	inchikey	1	TRUE	TRUE	6.43299983948964e-07	0.00160824995987241
CPD-7661	51947	MassBank	LU061156	Nordihydroguaiaretic acid	inchikey	1	TRUE	TRUE	9.19460001114203e-06	0.0229865000278551
THIDIAZURON	51978	MassBank	LU045804	Thidiazuron	inchikey	1	TRUE	TRUE	1.84102999867264e-05	0.046025749966816
INDOLE_ACETATE_AUXIN	51989	MassBank	LU019053	Indoleacetic acid	inchikey_connectivity_formula_mass	2	FALSE	TRUE	2.85383000004913e-05	0.0713457500012282
CPD-13042	51991	MassBank	LU102105	Methoxsalen	inchikey	1	TRUE	TRUE	4.12548000099378e-05	0.103137000024844
CPD-7661	51997	MassBank	LU061151	Nordihydroguaiaretic acid	inchikey	1	TRUE	TRUE	9.19460001114203e-06	0.0229865000278551
CPD-5721	51999	MassBank	LU064006	Thioguanine	inchikey	1	TRUE	TRUE	3.412350000076e-05	0.0853087500019001
CPD-7664	52050	MassBank	LU027354	Tolcapone	inchikey	1	TRUE	TRUE	2.01567253300004	5039.18133250011
CPD-182	52057	MassBank	LU096704	4-Methylumbelliferone	inchikey	1	TRUE	TRUE	4.41230999967956e-05	0.110307749991989
ADIPATE	52074	MassBank	LU066454	Adipic acid	inchikey_connectivity_formula_mass	2	FALSE	TRUE	8.80940001479757e-06	0.0220235000369939
N-EE-PIPEROYL-PIPERIDINE	52087	MassBank	LU109604	Piperine	inchikey	1	TRUE	TRUE	6.51860000289162e-06	0.016296500007229
ANDROST4ENE	52110	MassBank	LU039603	Androstenedione	inchikey	1	TRUE	TRUE	1.99212000211446e-05	0.0498030000528615
CPD-5481	52120	MassBank	LU081151	Forchlorfenuron	inchikey	1	FALSE	FALSE	3.96686999977192e-05	0.0991717499942979
CPD-12479	52130	MassBank	LU111806	Theophylline	inchikey	1	TRUE	TRUE	2.55218000120294e-05	0.0638045000300735
CPD-4609	52149	MassBank	LU078154	Kinetin	inchikey	1	TRUE	TRUE	9.93699998730335e-06	0.0248424999682584
CPD-15141	52165	MassBank	LU134356	Cladribine	inchikey	1	FALSE	FALSE	3.30125000118642e-05	0.0825312500296604
CPD-5721	52180	MassBank	LU064005	Thioguanine	inchikey	1	TRUE	TRUE	3.412350000076e-05	0.0853087500019001
FUM	52186	MassBank	LU054552	Fumaric acid	inchikey_connectivity_formula_mass	2	FALSE	TRUE	4.13831999992453e-05	0.103457999998113
BIOCHANIN-A	52190	MassBank	LU096051	Biochanin A	inchikey_connectivity_formula_mass	2	FALSE	TRUE	2.65042999672005e-05	0.0662607499180012
CPD-4604	52200	MassBank	LU020252	6-Benzylaminopurine	inchikey	1	TRUE	TRUE	4.53790999870307e-05	0.113447749967577
CPD-8131	52203	MassBank	LU087705	2-Naphthol	inchikey	1	TRUE	TRUE	1.48789000036231e-05	0.0371972500090578
CPD-15291	52215	MassBank	LU080801	Epigallocatechin gallate	inchikey	1	TRUE	TRUE	1.14209000230403e-05	0.0249318406659906
CPD-10507	52235	MassBank	LU092753	3-Indolebutyric acid	inchikey_connectivity_formula_mass	2	FALSE	TRUE	2.86666999897989e-05	0.0716667499744972
CPD-15291	52250	MassBank	LU080855	Epigallocatechin gallate	inchikey	1	TRUE	TRUE	1.14209000230403e-05	0.0249318406659906
1-3-7-TRIMETHYLXANTHINE	52281	MassBank	LU119902	Caffeine	inchikey	1	TRUE	TRUE	2.44139999949766e-05	0.0610349999874416
CPD-182	52290	MassBank	LU020705	4-Methylumbelliferone	inchikey	1	TRUE	TRUE	4.41230999967956e-05	0.110307749991989
CPD-8647	52335	MassBank	LU088304	4-(4-Hydroxyphenyl)-2-butanone	inchikey	1	TRUE	TRUE	2.9629399989517e-05	0.0740734999737924
PROGESTERONE	52375	MassBank	LU055006	Progesterone	inchikey	1	TRUE	TRUE	1.97928000034153e-05	0.0494820000085383
NAPHTHOL	52388	MassBank	LU113601	1-Naphthol	inchikey	1	TRUE	TRUE	1.48789000036231e-05	0.0371972500090578
PANTOTHENATE	52401	MassBank	LU087053	Pantothenic acid	inchikey_connectivity_formula_mass	2	FALSE	TRUE	2.7338599977611e-05	0.0683464999440275
FORMONONETIN	52426	MassBank	LU030151	Formononetin	inchikey	1	TRUE	TRUE	4.11263999922085e-05	0.102815999980521
INDOLE_ACETATE_AUXIN	52433	MassBank	LU019052	Indoleacetic acid	inchikey_connectivity_formula_mass	2	FALSE	TRUE	2.85383000004913e-05	0.0713457500012282
CPD-10507	52465	MassBank	LU092756	3-Indolebutyric acid	inchikey_connectivity_formula_mass	2	FALSE	TRUE	2.86666999897989e-05	0.0716667499744972
CPD-182	52496	MassBank	LU020701	4-Methylumbelliferone	inchikey	1	TRUE	TRUE	4.41230999967956e-05	0.110307749991989
CPD-9785	52556	MassBank	LU032806	Colchicine	inchikey	1	TRUE	TRUE	1.24597000308313e-05	0.0311492500770782
CPD1F-90	52570	MassBank	LU089855	Kaempferol	inchikey_connectivity_formula_mass	2	FALSE	TRUE	3.80536000079701e-05	0.0951340000199252
BIOCHANIN-A	52573	MassBank	LU096055	Biochanin A	inchikey_connectivity_formula_mass	2	FALSE	TRUE	2.65042999672005e-05	0.0662607499180012
CPD-7084	52599	MassBank	LU093556	Phenylthiourea	inchikey	1	TRUE	TRUE	1.89572000124372e-05	0.0473930000310929
3-7-DIMETHYLXANTHINE	52627	MassBank	LU094104	Theobromine	inchikey	1	TRUE	TRUE	2.55218000120294e-05	0.0638045000300735
THIDIAZURON	52649	MassBank	LU045806	Thidiazuron	inchikey	1	TRUE	TRUE	1.84102999867264e-05	0.046025749966816
CPD-12826	52668	MassBank	LU045255	Folic acid	inchikey_connectivity_formula_mass	2	FALSE	TRUE	1.86211000254843e-05	0.0422113466811218
CPD-7084	52695	MassBank	LU093555	Phenylthiourea	inchikey	1	TRUE	TRUE	1.89572000124372e-05	0.0473930000310929
CPD-15291	52719	MassBank	LU080803	Epigallocatechin gallate	inchikey	1	TRUE	TRUE	1.14209000230403e-05	0.0249318406659906
CPD-520	52732	MassBank	LU029851	Quercetin	inchikey_connectivity_formula_mass	2	FALSE	TRUE	4.73242999987633e-05	0.118310749996908
CPDQT-42	52736	MassBank	LU057655	Sulfanilamide	name_formula_mass	4	TRUE	TRUE	4.82014000056097e-05	0.120503500014024
CPD-5721	52762	MassBank	LU064053	Thioguanine	inchikey	1	TRUE	TRUE	3.412350000076e-05	0.0853087500019001
NIACINE	52772	MassBank	LU048805	Nicotinic acid	inchikey_connectivity_formula_mass	2	FALSE	TRUE	2.84098999969729e-05	0.0710247499924321
CPD-15141	52789	MassBank	LU134352	Cladribine	inchikey	1	FALSE	FALSE	3.30125000118642e-05	0.0825312500296604
CPDQT-42	52797	MassBank	LU057652	Sulfanilamide	name_formula_mass	4	TRUE	TRUE	4.82014000056097e-05	0.120503500014024
CPD-7084	52809	MassBank	LU093503	Phenylthiourea	inchikey	1	TRUE	TRUE	1.89572000124372e-05	0.0473930000310929
CPD-4604	52811	MassBank	LU020206	6-Benzylaminopurine	inchikey	1	TRUE	TRUE	4.53790999870307e-05	0.113447749967577
CPD0-1366	52867	MassBank	LU045605	Carboxin	inchikey	1	TRUE	TRUE	6.43299983948964e-07	0.00160824995987241
CPD-7084	52949	MassBank	LU093504	Phenylthiourea	inchikey	1	TRUE	TRUE	1.89572000124372e-05	0.0473930000310929
5-METHOXYFURANOCOUMARIN	52960	MassBank	LU106802	Bergapten	inchikey	1	TRUE	TRUE	4.12548000099378e-05	0.103137000024844
CPD0-1366	53022	MassBank	LU045602	Carboxin	inchikey	1	TRUE	TRUE	6.43299983948964e-07	0.00160824995987241
CPD-4609	53024	MassBank	LU078106	Kinetin	inchikey	1	TRUE	TRUE	9.93699998730335e-06	0.0248424999682584
THIDIAZURON	53039	MassBank	LU045802	Thidiazuron	inchikey	1	TRUE	TRUE	1.84102999867264e-05	0.046025749966816
NIACINAMIDE	53042	MassBank	LU025106	Niacinamide	inchikey	1	TRUE	TRUE	1.28251000006685e-05	0.0320627500016712
CPD-182	53065	MassBank	LU020703	4-Methylumbelliferone	inchikey	1	TRUE	TRUE	4.41230999967956e-05	0.110307749991989
CPD-8647	53076	MassBank	LU088301	4-(4-Hydroxyphenyl)-2-butanone	inchikey	1	TRUE	TRUE	2.9629399989517e-05	0.0740734999737924
CPD-5721	53088	MassBank	LU064051	Thioguanine	inchikey	1	TRUE	TRUE	3.412350000076e-05	0.0853087500019001
PROGESTERONE	53117	MassBank	LU055004	Progesterone	inchikey	1	TRUE	TRUE	1.97928000034153e-05	0.0494820000085383
THIDIAZURON	53118	MassBank	LU045803	Thidiazuron	inchikey	1	TRUE	TRUE	1.84102999867264e-05	0.046025749966816
CPD-13042	53128	MassBank	LU102106	Methoxsalen	inchikey	1	TRUE	TRUE	4.12548000099378e-05	0.103137000024844
NIACINAMIDE	53130	MassBank	LU025105	Niacinamide	inchikey	1	TRUE	TRUE	1.28251000006685e-05	0.0320627500016712
CPD-12826	53181	MassBank	LU045256	Folic acid	inchikey_connectivity_formula_mass	2	FALSE	TRUE	1.86211000254843e-05	0.0422113466811218
THIDIAZURON	53191	MassBank	LU045851	Thidiazuron	inchikey	1	TRUE	TRUE	1.84102999867264e-05	0.046025749966816
QUININE	53201	MassBank	LU027003	Quinine	inchikey_connectivity_formula_mass	2	FALSE	TRUE	2.19750000383101e-05	0.0549375000957752
THIDIAZURON	53220	MassBank	LU045805	Thidiazuron	inchikey	1	TRUE	TRUE	1.84102999867264e-05	0.046025749966816
3-7-DIMETHYLXANTHINE	53232	MassBank	LU094106	Theobromine	inchikey	1	TRUE	TRUE	2.55218000120294e-05	0.0638045000300735
CPD-15141	53240	MassBank	LU134354	Cladribine	inchikey	1	FALSE	FALSE	3.30125000118642e-05	0.0825312500296604
CPD-12193	53271	MassBank	LU021954	(9Z,12R)-12-Hydroxyoctadec-9-enoic acid	inchikey_connectivity_formula_mass	2	FALSE	TRUE	5.04230001752148e-06	0.0126057500438037
Ibuprofen	53276	MassBank	LU128352	Ibuprofen	inchikey_connectivity_formula_mass	2	FALSE	TRUE	2.01779999997598e-05	0.0504449999993994
BIOCHANIN-A	53278	MassBank	LU096006	Biochanin A	inchikey_connectivity_formula_mass	2	FALSE	TRUE	2.65042999672005e-05	0.0662607499180012
PANTOTHENATE	53280	MassBank	LU087003	Pantothenic acid	inchikey_connectivity_formula_mass	2	FALSE	TRUE	2.7338599977611e-05	0.0683464999440275
CPD-5481	53284	MassBank	LU081153	Forchlorfenuron	inchikey	1	FALSE	FALSE	3.96686999977192e-05	0.0991717499942979
CPD-182	53381	MassBank	LU096703	4-Methylumbelliferone	inchikey	1	TRUE	TRUE	4.41230999967956e-05	0.110307749991989
CPD-7084	53386	MassBank	LU093502	Phenylthiourea	inchikey	1	TRUE	TRUE	1.89572000124372e-05	0.0473930000310929
CPDQT-42	53412	MassBank	LU057654	Sulfanilamide	name_formula_mass	4	TRUE	TRUE	4.82014000056097e-05	0.120503500014024
CPD-4609	53439	MassBank	LU078153	Kinetin	inchikey	1	TRUE	TRUE	9.93699998730335e-06	0.0248424999682584
CPD-4604	53443	MassBank	LU020202	6-Benzylaminopurine	inchikey	1	TRUE	TRUE	4.53790999870307e-05	0.113447749967577
PROGESTERONE	53448	MassBank	LU055005	Progesterone	inchikey	1	TRUE	TRUE	1.97928000034153e-05	0.0494820000085383
CPD-5721	53457	MassBank	LU064004	Thioguanine	inchikey	1	TRUE	TRUE	3.412350000076e-05	0.0853087500019001
THIDIAZURON	53498	MassBank	LU045855	Thidiazuron	inchikey	1	TRUE	TRUE	1.84102999867264e-05	0.046025749966816
CPD-4609	53538	MassBank	LU078151	Kinetin	inchikey	1	TRUE	TRUE	9.93699998730335e-06	0.0248424999682584
CPD-7084	53540	MassBank	LU093553	Phenylthiourea	inchikey	1	TRUE	TRUE	1.89572000124372e-05	0.0473930000310929
PANTOTHENATE	53546	MassBank	LU087002	Pantothenic acid	inchikey_connectivity_formula_mass	2	FALSE	TRUE	2.7338599977611e-05	0.0683464999440275
BIOCHANIN-A	53601	MassBank	LU096054	Biochanin A	inchikey_connectivity_formula_mass	2	FALSE	TRUE	2.65042999672005e-05	0.0662607499180012
CPD-4604	53605	MassBank	LU020205	6-Benzylaminopurine	inchikey	1	TRUE	TRUE	4.53790999870307e-05	0.113447749967577
CPD-520	53642	MassBank	LU029854	Quercetin	inchikey_connectivity_formula_mass	2	FALSE	TRUE	4.73242999987633e-05	0.118310749996908
CPD-12479	53677	MassBank	LU111804	Theophylline	inchikey	1	TRUE	TRUE	2.55218000120294e-05	0.0638045000300735
3-7-DIMETHYLXANTHINE	53682	MassBank	LU094105	Theobromine	inchikey	1	TRUE	TRUE	2.55218000120294e-05	0.0638045000300735
CPD-5721	53735	MassBank	LU064056	Thioguanine	inchikey	1	TRUE	TRUE	3.412350000076e-05	0.0853087500019001
CPD-8184	53773	MassBank	LU080453	5,7-Dihydroxyflavone	inchikey_connectivity_formula_mass	2	FALSE	TRUE	8.80940001479757e-06	0.0220235000369939
CPD-8131	53779	MassBank	LU087704	2-Naphthol	inchikey	1	TRUE	TRUE	1.48789000036231e-05	0.0371972500090578
NIACINE	53789	MassBank	LU048804	Nicotinic acid	inchikey_connectivity_formula_mass	2	FALSE	TRUE	2.84098999969729e-05	0.0710247499924321
PANTOTHENATE	53801	MassBank	LU087005	Pantothenic acid	inchikey_connectivity_formula_mass	2	FALSE	TRUE	2.7338599977611e-05	0.0683464999440275
CPD-15141	53815	MassBank	LU134301	Cladribine	inchikey	1	FALSE	FALSE	3.30125000118642e-05	0.0825312500296604
8-HYDROXYQUINOLINE	53819	MassBank	LU099402	8-Hydroxyquinoline	inchikey	1	TRUE	TRUE	3.61479999924086e-05	0.0903699999810215
CPD-5481	53844	MassBank	LU081101	Forchlorfenuron	inchikey	1	FALSE	FALSE	3.96686999977192e-05	0.0991717499942979
FORMONONETIN	53864	MassBank	LU030102	Formononetin	inchikey	1	TRUE	TRUE	4.11263999922085e-05	0.102815999980521
NAPHTHOL	53889	MassBank	LU113605	1-Naphthol	inchikey	1	TRUE	TRUE	1.48789000036231e-05	0.0371972500090578
8-HYDROXYQUINOLINE	53897	MassBank	LU099405	8-Hydroxyquinoline	inchikey	1	TRUE	TRUE	3.61479999924086e-05	0.0903699999810215
FORMONONETIN	53898	MassBank	LU030105	Formononetin	inchikey	1	TRUE	TRUE	4.11263999922085e-05	0.102815999980521
THIDIAZURON	53924	MassBank	LU045856	Thidiazuron	inchikey	1	TRUE	TRUE	1.84102999867264e-05	0.046025749966816
NAPHTHOL	53931	MassBank	LU113603	1-Naphthol	inchikey	1	TRUE	TRUE	1.48789000036231e-05	0.0371972500090578
N-EE-PIPEROYL-PIPERIDINE	53945	MassBank	LU109605	Piperine	inchikey	1	TRUE	TRUE	6.51860000289162e-06	0.016296500007229
CPD-10507	53946	MassBank	LU092754	3-Indolebutyric acid	inchikey_connectivity_formula_mass	2	FALSE	TRUE	2.86666999897989e-05	0.0716667499744972
CPD-7664	53972	MassBank	LU027351	Tolcapone	inchikey	1	TRUE	TRUE	2.01567253300004	5039.18133250011
CPD-7664	54002	MassBank	LU027353	Tolcapone	inchikey	1	TRUE	TRUE	2.01567253300004	5039.18133250011
THIDIAZURON	54006	MassBank	LU045853	Thidiazuron	inchikey	1	TRUE	TRUE	1.84102999867264e-05	0.046025749966816
CPD-7664	54028	MassBank	LU027355	Tolcapone	inchikey	1	TRUE	TRUE	2.01567253300004	5039.18133250011
CPD-8184	54031	MassBank	LU080456	5,7-Dihydroxyflavone	inchikey_connectivity_formula_mass	2	FALSE	TRUE	8.80940001479757e-06	0.0220235000369939
CPD-5481	54032	MassBank	LU081154	Forchlorfenuron	inchikey	1	FALSE	FALSE	3.96686999977192e-05	0.0991717499942979
CPD-15141	54034	MassBank	LU134303	Cladribine	inchikey	1	FALSE	FALSE	3.30125000118642e-05	0.0825312500296604
CPD-13042	54052	MassBank	LU102103	Methoxsalen	inchikey	1	TRUE	TRUE	4.12548000099378e-05	0.103137000024844
CPD-4604	54056	MassBank	LU020255	6-Benzylaminopurine	inchikey	1	TRUE	TRUE	4.53790999870307e-05	0.113447749967577
FORMONONETIN	54060	MassBank	LU030104	Formononetin	inchikey	1	TRUE	TRUE	4.11263999922085e-05	0.102815999980521
N-EE-PIPEROYL-PIPERIDINE	54081	MassBank	LU109606	Piperine	inchikey	1	TRUE	TRUE	6.51860000289162e-06	0.016296500007229
CPD-4604	54104	MassBank	LU020253	6-Benzylaminopurine	inchikey	1	TRUE	TRUE	4.53790999870307e-05	0.113447749967577
FORMONONETIN	54137	MassBank	LU030106	Formononetin	inchikey	1	TRUE	TRUE	4.11263999922085e-05	0.102815999980521
3-7-DIMETHYLXANTHINE	54141	MassBank	LU094103	Theobromine	inchikey	1	TRUE	TRUE	2.55218000120294e-05	0.0638045000300735
CPD-520	54209	MassBank	LU029855	Quercetin	inchikey_connectivity_formula_mass	2	FALSE	TRUE	4.73242999987633e-05	0.118310749996908
CPD-4604	54210	MassBank	LU020254	6-Benzylaminopurine	inchikey	1	TRUE	TRUE	4.53790999870307e-05	0.113447749967577
PROGESTERONE	54221	MassBank	LU055001	Progesterone	inchikey	1	TRUE	TRUE	1.97928000034153e-05	0.0494820000085383
BIOCHANIN-A	54224	MassBank	LU096003	Biochanin A	inchikey_connectivity_formula_mass	2	FALSE	TRUE	2.65042999672005e-05	0.0662607499180012
CPD-4609	54240	MassBank	LU078104	Kinetin	inchikey	1	TRUE	TRUE	9.93699998730335e-06	0.0248424999682584
5-METHOXYFURANOCOUMARIN	54254	MassBank	LU106804	Bergapten	inchikey	1	TRUE	TRUE	4.12548000099378e-05	0.103137000024844
CPD-15141	54277	MassBank	LU134305	Cladribine	inchikey	1	FALSE	FALSE	3.30125000118642e-05	0.0825312500296604
CPD-7084	54293	MassBank	LU093551	Phenylthiourea	inchikey	1	TRUE	TRUE	1.89572000124372e-05	0.0473930000310929
CPD-8131	54301	MassBank	LU087703	2-Naphthol	inchikey	1	TRUE	TRUE	1.48789000036231e-05	0.0371972500090578
FORMONONETIN	54307	MassBank	LU030152	Formononetin	inchikey	1	TRUE	TRUE	4.11263999922085e-05	0.102815999980521
CPD-4604	54323	MassBank	LU020203	6-Benzylaminopurine	inchikey	1	TRUE	TRUE	4.53790999870307e-05	0.113447749967577
CPD-8647	54356	MassBank	LU088302	4-(4-Hydroxyphenyl)-2-butanone	inchikey	1	TRUE	TRUE	2.9629399989517e-05	0.0740734999737924
CPD-182	54370	MassBank	LU096701	4-Methylumbelliferone	inchikey	1	TRUE	TRUE	4.41230999967956e-05	0.110307749991989
Ibuprofen	54407	MassBank	LU128351	Ibuprofen	inchikey_connectivity_formula_mass	2	FALSE	TRUE	2.01779999997598e-05	0.0504449999993994
PANTOTHENATE	54414	MassBank	LU087055	Pantothenic acid	inchikey_connectivity_formula_mass	2	FALSE	TRUE	2.7338599977611e-05	0.0683464999440275
CPD-182	54439	MassBank	LU020706	4-Methylumbelliferone	inchikey	1	TRUE	TRUE	4.41230999967956e-05	0.110307749991989
CPD-4022	54443	MassBank	LU052605	Ancymidol	inchikey	1	TRUE	TRUE	2.22317999600818e-05	0.0555794999002046
INDOLE_ACETATE_AUXIN	54444	MassBank	LU019051	Indoleacetic acid	inchikey_connectivity_formula_mass	2	FALSE	TRUE	2.85383000004913e-05	0.0713457500012282
CPD-4609	54453	MassBank	LU078155	Kinetin	inchikey	1	TRUE	TRUE	9.93699998730335e-06	0.0248424999682584
CPD-9785	54458	MassBank	LU032804	Colchicine	inchikey	1	TRUE	TRUE	1.24597000308313e-05	0.0311492500770782
CPD-8131	54460	MassBank	LU087702	2-Naphthol	inchikey	1	TRUE	TRUE	1.48789000036231e-05	0.0371972500090578
FORMONONETIN	54477	MassBank	LU030153	Formononetin	inchikey	1	TRUE	TRUE	4.11263999922085e-05	0.102815999980521
N-EE-PIPEROYL-PIPERIDINE	54495	MassBank	LU109601	Piperine	inchikey	1	TRUE	TRUE	6.51860000289162e-06	0.016296500007229
INDOLE_ACETATE_AUXIN	54498	MassBank	LU019054	Indoleacetic acid	inchikey_connectivity_formula_mass	2	FALSE	TRUE	2.85383000004913e-05	0.0713457500012282
SCOPOLAMINE	54505	MassBank	LU114906	Scopolamine	inchikey	1	TRUE	TRUE	4.18323000417331e-05	0.104580750104333
NAPHTHOL	54526	MassBank	LU113606	1-Naphthol	inchikey	1	TRUE	TRUE	1.48789000036231e-05	0.0371972500090578
ADIPATE	54563	MassBank	LU066455	Adipic acid	inchikey_connectivity_formula_mass	2	FALSE	TRUE	8.80940001479757e-06	0.0220235000369939
PANTOTHENATE	54587	MassBank	LU087054	Pantothenic acid	inchikey_connectivity_formula_mass	2	FALSE	TRUE	2.7338599977611e-05	0.0683464999440275
CPD-7084	54592	MassBank	LU093501	Phenylthiourea	inchikey	1	TRUE	TRUE	1.89572000124372e-05	0.0473930000310929
CPD-8184	54595	MassBank	LU080403	5,7-Dihydroxyflavone	inchikey_connectivity_formula_mass	2	FALSE	TRUE	8.80940001479757e-06	0.0220235000369939
CPD-12826	54635	MassBank	LU045252	Folic acid	inchikey_connectivity_formula_mass	2	FALSE	TRUE	1.86211000254843e-05	0.0422113466811218
CPDQT-42	54683	MassBank	LU057653	Sulfanilamide	name_formula_mass	4	TRUE	TRUE	4.82014000056097e-05	0.120503500014024
CPD-15141	54686	MassBank	LU134304	Cladribine	inchikey	1	FALSE	FALSE	3.30125000118642e-05	0.0825312500296604
CPD-5721	54687	MassBank	LU064002	Thioguanine	inchikey	1	TRUE	TRUE	3.412350000076e-05	0.0853087500019001
BIOCHANIN-A	54697	MassBank	LU096001	Biochanin A	inchikey_connectivity_formula_mass	2	FALSE	TRUE	2.65042999672005e-05	0.0662607499180012
CPD-15291	54711	MassBank	LU080804	Epigallocatechin gallate	inchikey	1	TRUE	TRUE	1.14209000230403e-05	0.0249318406659906
1-3-7-TRIMETHYLXANTHINE	54715	MassBank	LU119901	Caffeine	inchikey	1	TRUE	TRUE	2.44139999949766e-05	0.0610349999874416
CPD-4609	54784	MassBank	LU078102	Kinetin	inchikey	1	TRUE	TRUE	9.93699998730335e-06	0.0248424999682584
CPD-15141	54785	MassBank	LU134306	Cladribine	inchikey	1	FALSE	FALSE	3.30125000118642e-05	0.0825312500296604
CPD-12193	54788	MassBank	LU021952	(9Z,12R)-12-Hydroxyoctadec-9-enoic acid	inchikey_connectivity_formula_mass	2	FALSE	TRUE	5.04230001752148e-06	0.0126057500438037
CPD-9785	54797	MassBank	LU032802	Colchicine	inchikey	1	TRUE	TRUE	1.24597000308313e-05	0.0311492500770782
ADIPATE	54809	MassBank	LU066456	Adipic acid	inchikey_connectivity_formula_mass	2	FALSE	TRUE	8.80940001479757e-06	0.0220235000369939
PANTOTHENATE	54824	MassBank	LU087004	Pantothenic acid	inchikey_connectivity_formula_mass	2	FALSE	TRUE	2.7338599977611e-05	0.0683464999440275
CPD-8647	54844	MassBank	LU088306	4-(4-Hydroxyphenyl)-2-butanone	inchikey	1	TRUE	TRUE	2.9629399989517e-05	0.0740734999737924
CPD-21103	54884	MassBank	ML001451	3-methyl-2-oxovaleric acid	inchikey_connectivity_formula_mass	2	FALSE	TRUE	5.81269998178868e-06	0.0145317499544717
5-METHYLTHIOADENOSINE	54885	MassBank	ML002001	5'-Methylthioadenosine	inchikey	1	TRUE	TRUE	3.99361999825487e-05	0.0998404999563718
CPD1F-90	54887	MassBank	ML004501	Kaempferol	inchikey_connectivity_formula_mass	2	FALSE	TRUE	3.80536000079701e-05	0.0951340000199252
VANILLATE	54888	MassBank	ML005851	Vanillic acid	inchikey_connectivity_formula_mass	2	FALSE	TRUE	4.12548000099378e-05	0.103137000024844
VANILLIN	54890	MassBank	ML005951	Vanillin	inchikey	1	TRUE	TRUE	4.41230999967956e-05	0.110307749991989
ALLANTOIN	54892	MassBank	ML002501	Allantoin	inchikey	1	TRUE	TRUE	9.92030001611965e-06	0.0248007500402991
CPD-14325	54893	MassBank	ML002851	Citramalic acid	name_formula_mass	4	FALSE	TRUE	2.66327000133515e-05	0.0665817500333787
URIDINE	54894	MassBank	ML005751	Uridine	inchikey	1	TRUE	TRUE	3.61282000085339e-05	0.0903205000213347
2K-4CH3-PENTANOATE	54895	MassBank	ML001951	Ketoleucine	inchikey_connectivity_formula_mass	2	FALSE	TRUE	5.81269998178868e-06	0.0145317499544717
METHYLNICOTINATE	54897	MassBank	ML005201	Trigonelline	inchikey	1	TRUE	TRUE	2.01562853830001	5039.07134575002
CYTOSINE	54900	MassBank	ML003201	Cytosine	inchikey	1	TRUE	TRUE	3.82017999953632e-05	0.095504499988408
LYS	54901	MassBank	ML004701	L-Lysine	inchikey_connectivity_formula_mass	2	FALSE	TRUE	2.77039999900808e-05	0.0692599999752019
4-HYDROXYBENZALDEHYDE	54905	MassBank	ML001651	4-Hydroxybenzaldehyde	inchikey	1	TRUE	TRUE	2.05631999961042e-05	0.0514079999902606
3-HYDROXYBENZOATE	54906	MassBank	ML001351	3-Hydroxybenzoic acid	inchikey_connectivity_formula_mass	2	FALSE	TRUE	5.94109999951797e-06	0.0148527499987949
8-HYDROXYQUINOLINE	54907	MassBank	ML005501	quinolin-8-ol	inchikey	1	TRUE	TRUE	3.61479999924086e-05	0.0903699999810215
CPD-8097	54908	MassBank	ML003901	Aesculetin	inchikey	1	TRUE	TRUE	8.68099999706828e-06	0.0217024999926707
CPD-520	54910	MassBank	ML005401	Quercetin	inchikey_connectivity_formula_mass	2	FALSE	TRUE	4.73242999987633e-05	0.118310749996908
S-2-AMINOETHYL-L-CYSTEINE	54911	MassBank	ML004801	4-Thialysine	inchikey_connectivity_formula_mass	2	FALSE	TRUE	4.83297999949173e-05	0.120824499987293
CPD-431	54912	MassBank	ML002601	Apigenin	inchikey_connectivity_formula_mass	2	FALSE	TRUE	2.34314999829621e-05	0.0585787499574053
BETAINE	54914	MassBank	ML004201	glycine betaine	inchikey	1	TRUE	TRUE	2.01562866670001	5039.07166675003
NIACINAMIDE	54915	MassBank	ML005101	Niacinamide	inchikey	1	TRUE	TRUE	1.28251000006685e-05	0.0320627500016712
CPD-8097	54916	MassBank	ML003951	Aesculetin	inchikey	1	TRUE	TRUE	8.68099999706828e-06	0.0217024999926707
CPD-8215	54919	MassBank	ML003851	Emodin	inchikey_connectivity_formula_mass	2	FALSE	TRUE	2.34314999829621e-05	0.0585787499574053
18-DIAMINOOCTANE	54920	MassBank	ML000401	1-8-diaminooctane	inchikey_connectivity_formula_mass	2	FALSE	TRUE	4.86524000109512e-05	0.121631000027378
CPD-3706	54921	MassBank	ML001151	3'-AMP	inchikey_connectivity_formula_mass	2	FALSE	TRUE	1.56599000433744e-05	0.0391497501084359
CYTIDINE	54923	MassBank	ML003101	Cytidine	inchikey	1	TRUE	TRUE	2.05434000122295e-05	0.0513585000305739
CPD-10411	54924	MassBank	ML000151	(-)-Epigallocatechin	inchikey	1	TRUE	TRUE	2.80409994957154e-06	0.00701024987392884
GUANINE	54925	MassBank	ML004351	Guanine	inchikey	1	TRUE	TRUE	9.80859999799577e-06	0.0245214999949894
CYTIDINE	54928	MassBank	ML003151	Cytidine	inchikey	1	TRUE	TRUE	2.05434000122295e-05	0.0513585000305739
ADIPATE	54929	MassBank	ML002451	Adipic acid	inchikey_connectivity_formula_mass	2	FALSE	TRUE	8.80940001479757e-06	0.0220235000369939
CPD-3706	54932	MassBank	ML001101	3'-AMP	inchikey_connectivity_formula_mass	2	FALSE	TRUE	1.56599000433744e-05	0.0391497501084359
GUANINE	54933	MassBank	ML004301	Guanine	inchikey	1	TRUE	TRUE	9.80859999799577e-06	0.0245214999949894
CPD-10411	54938	MassBank	ML000101	(-)-Epigallocatechin	inchikey	1	TRUE	TRUE	2.80409994957154e-06	0.00701024987392884
4-hydroxybenzoate	54939	MassBank	ML001751	4-Hydroxybenzoic acid	inchikey_connectivity_formula_mass	2	FALSE	TRUE	5.94109999951797e-06	0.0148527499987949
HEXANOATE	54944	MassBank	MT000145	Caproic acid	inchikey_connectivity_formula_mass	2	FALSE	TRUE	3.70600005794586e-07	0.000926500014486464
CPD-9245	54947	MassBank	MT000064	Palmitoleic acid	inchikey_connectivity_formula_mass	2	FALSE	TRUE	2.0720000293295e-07	0.000518000007332375
5-OXOPROLINE	54948	MassBank	MT000142	Pyroglutamic acid	inchikey_connectivity_formula_mass	2	FALSE	TRUE	3.09620000393807e-06	0.00774050000984516
N-EE-PIPEROYL-PIPERIDINE	54949	MassBank	MT000119	Piperine	inchikey	1	TRUE	TRUE	3.48140002870423e-06	0.00870350007176057
CPD-7619	54954	MassBank	MT000059	Heptanoic acid	inchikey_connectivity_formula_mass	2	FALSE	TRUE	3.06399982719086e-07	0.000765999956797714
Hydroxy-Butyrates	54955	MassBank	MT000034	DL-alpha-Hydroxybutyric acid	inchikey_connectivity_formula_mass	2	FALSE	TRUE	4.12309999830995e-06	0.0103077499957749
CPD-21098	54957	MassBank	MT000041	3-Hydroxydecanoic acid	inchikey_connectivity_formula_mass	2	FALSE	TRUE	4.50829998044355e-06	0.0112707499511089
CPD-14736	54964	MassBank	MT000014	L-Kynurenine	inchikey	1	TRUE	TRUE	2.26189999352755e-06	0.00565474998381887
PANTOTHENATE	54966	MassBank	MT000131	Pantothenic acid	inchikey_connectivity_formula_mass	2	FALSE	TRUE	2.6614000319114e-06	0.0066535000797785
HIS	54967	MassBank	MT000022	L-Histidine	inchikey	1	TRUE	TRUE	3.45129998891025e-06	0.00862824997227563
1-7-DIMETHYLXANTHINE	54972	MassBank	MT000013	Paraxanthine	inchikey	1	TRUE	TRUE	4.47819999749299e-06	0.0111954999937325
BILIVERDINE	54973	MassBank	MT000045	Biliverdin	name_formula_mass	4	FALSE	TRUE	4.84480005980004e-06	0.00832085543279252
MALTOTETRAOSE	54974	MassBank	MT000141	Maltotetraose	inchikey	1	TRUE	TRUE	1.58770001235098e-06	0.00238314007909421
INDOLE_LACTATE	54975	MassBank	MT000129	Indolelactic acid	inchikey_connectivity_formula_mass	2	FALSE	TRUE	3.22459999324565e-06	0.00806149998311412
STEARIC_ACID	54978	MassBank	MT000015	Stearic acid	inchikey_connectivity_formula_mass	2	FALSE	TRUE	3.99800001105177e-07	0.000999500002762943
3-PHENYLPROPIONATE	54980	MassBank	MT000037	Hydrocinnamic acid	inchikey_connectivity_formula_mass	2	FALSE	TRUE	4.34800000448377e-07	0.00108700000112094
THR	54988	MassBank	MT000105	L-Threonine	inchikey	1	TRUE	TRUE	3.16039999859186e-06	0.00790099999647964
TYR	54989	MassBank	MT000079	L-Tyrosine	inchikey	1	TRUE	TRUE	3.22459999324565e-06	0.00806149998311412
CPD-24843	54990	MassBank	MT000003	D-Lactic acid	inchikey	1	TRUE	TRUE	4.05890000365616e-06	0.0101472500091404
PHE	54991	MassBank	MT000018	L-Phenylalanine	inchikey	1	TRUE	TRUE	1.39750000016647e-06	0.00349375000041618
DEOXYCHOLATE	54992	MassBank	MT000137	Deoxycholic acid	inchikey_connectivity_formula_mass	2	FALSE	TRUE	2.27600025937136e-07	0.00056900006484284
CPD-12479	54994	MassBank	MT000080	Theophylline	inchikey	1	TRUE	TRUE	4.47819999749299e-06	0.0111954999937325
INDOLE-PROPIONATE	54995	MassBank	MT000130	Indole-3-propionic acid	inchikey_connectivity_formula_mass	2	FALSE	TRUE	1.39750000016647e-06	0.00349375000041618
BILIRUBIN	54996	MassBank	MT000136	Bilirubin	inchikey_connectivity_formula_mass	2	FALSE	TRUE	4.90900004024297e-06	0.00840203121885592
MET	54998	MassBank	MT000102	Racemethionine	name_formula_mass	4	TRUE	TRUE	7.07499992813609e-07	0.00176874998203402
CPD-7836	54999	MassBank	MT000147	Myristic acid	inchikey_connectivity_formula_mass	2	FALSE	TRUE	1.42999994068305e-07	0.000357499985170762
VAL	55000	MassBank	MT000075	L-Valine	inchikey	1	TRUE	TRUE	1.39750000016647e-06	0.00349375000041618
LYS	55002	MassBank	MT000133	Lysine	name_formula_mass	4	FALSE	TRUE	2.29599999101993e-06	0.00573999997754981
2-Aminobutyrate	55004	MassBank	MT000144	D-alpha-Aminobutyric acid	name_formula_mass	4	TRUE	TRUE	1.46169999482026e-06	0.00365424998705066
INOSINE	55005	MassBank	MT000143	Inosine	inchikey	1	TRUE	TRUE	4.83499945858057e-07	0.00120874986464514
OLEATE-CPD	55006	MassBank	MT000029	Oleic acid	inchikey_connectivity_formula_mass	2	FALSE	TRUE	3.35600020662241e-07	0.000839000051655603
CPD-7999	55012	MassBank	MT000106	Phenyllactic acid	inchikey_connectivity_formula_mass	2	FALSE	TRUE	4.18729999296374e-06	0.0104682499824094
HYPOXANTHINE	55013	MassBank	MT000055	Hypoxanthine	inchikey	1	TRUE	TRUE	7.71299994539731e-07	0.00192824998634933
LINOLEIC_ACID	55014	MassBank	MT000114	Linoleic acid	inchikey_connectivity_formula_mass	2	FALSE	TRUE	2.71399983375886e-07	0.000678499958439716
L-PIPECOLATE	55015	MassBank	MT000096	L-Pipecolic acid	inchikey	1	TRUE	TRUE	1.39750000016647e-06	0.00349375000041618
2K-4CH3-PENTANOATE	55016	MassBank	MT000061	Ketoleucine	inchikey_connectivity_formula_mass	2	FALSE	TRUE	4.18729999296374e-06	0.0104682499824094
SEROTONIN	55018	MassBank	MT000084	Serotonin	inchikey_connectivity_formula_mass	2	FALSE	TRUE	3.01770000987744e-06	0.00754425002469361
Eicosadienoates	55021	MassBank	MT000110	Eicosadienoic acid	inchikey_connectivity_formula_mass	2	FALSE	TRUE	3.99800001105177e-07	0.000999500002762943
MALTOTRIOSE	55023	MassBank	MT000111	Maltotriose	inchikey	1	TRUE	TRUE	4.9807999857876e-06	0.00987922629158944
Aldopyranoses	55024	MassBank	MT000112	D-Gulose	inchikey	1	TRUE	TRUE	1.88219999586181e-06	0.00470549998965453
CPD-14325	55025	MassBank	MT000024	Citramalic acid	name_formula_mass	4	FALSE	TRUE	3.36729999617091e-06	0.00841824999042728
CPD-1099	55026	MassBank	MT000046	Raffinose	inchikey	1	TRUE	TRUE	4.9807999857876e-06	0.00987922629158944
4-HYDROXYPHENYLLACTATE	55028	MassBank	MT000065	Hydroxyphenyllactic acid	name_formula_mass	4	FALSE	TRUE	1.19059998837656e-06	0.0029764999709414
CPD-15332	55034	MassBank	MT000083	Uric acid	inchikey	1	TRUE	TRUE	1.55000066115463e-08	3.87500165288657e-05
URATE	55034	MassBank	MT000083	Uric acid	inchikey	1	TRUE	TRUE	1.55000066115463e-08	3.87500165288657e-05
4-HYDROXY-L-PROLINE	55039	MassBank	MT000035	4-Hydroxyproline	inchikey	1	TRUE	TRUE	3.160399984381e-06	0.0079009999609525
BETAINE	55042	MassBank	MT000002	Betaine	inchikey	1	TRUE	TRUE	2.0156486667	5039.12166675001
3-HYDROXY-BUTYRATE	55043	MassBank	MT000033	DL-beta-Hydroxybutyric acid	inchikey_connectivity_formula_mass	2	FALSE	TRUE	4.12309999830995e-06	0.0103077499957749
CORTISOL	55044	MassBank	MT000028	Cortisol	inchikey	1	TRUE	TRUE	4.07350000841689e-06	0.0101837500210422
CPD-21103	55045	MassBank	MT000121	3-methyl-2-oxovalerate	inchikey_connectivity_formula_mass	2	FALSE	TRUE	4.18729999296374e-06	0.0104682499824094
CPD-13792	55048	MassBank	MT000020	Docosapentaenoic acid (22n-3)	inchikey_connectivity_formula_mass	2	FALSE	TRUE	3.35600020662241e-07	0.000839000051655603
CPD-10244	55051	MassBank	MT000054	Docosahexaenoic acid	inchikey_connectivity_formula_mass	2	FALSE	TRUE	2.71399983375886e-07	0.000678499958439716
GLN	55053	MassBank	MT000103	L-Glutamine	inchikey	1	TRUE	TRUE	2.1976999846629e-06	0.00549424996165726
XANTHINE	55057	MassBank	MT000100	Xanthine	inchikey	1	TRUE	TRUE	4.60660001522228e-06	0.0115165000380557
CPD-3617	55059	MassBank	MT000104	Capric acid	inchikey_connectivity_formula_mass	2	FALSE	TRUE	1.13800012968568e-07	0.00028450003242142
PALMITATE	55063	MassBank	MT000023	Palmitic acid	inchikey_connectivity_formula_mass	2	FALSE	TRUE	2.71399983375886e-07	0.000678499958439716
N-ALPHA-ACETYLORNITHINE	55066	MassBank	MT000027	N2-Acetylornithine	inchikey	1	TRUE	TRUE	2.3261000023922e-06	0.00581525000598049
URIDINE	55067	MassBank	MT000120	Uridine	inchikey	1	TRUE	TRUE	3.87179997574094e-06	0.00967949993935235
ARACHIDONIC_ACID	55068	MassBank	MT000113	Arachidonic acid	inchikey_connectivity_formula_mass	2	FALSE	TRUE	2.71399983375886e-07	0.000678499958439716
1-3-7-TRIMETHYLXANTHINE	55069	MassBank	MT000087	Caffeine	inchikey	1	TRUE	TRUE	4.41399998862835e-06	0.0110349999715709
INDOLE_ACETATE_AUXIN	55071	MassBank	MT000032	Indoleacetic acid	inchikey_connectivity_formula_mass	2	FALSE	TRUE	1.46170000903112e-06	0.0036542500225778
PRO	55072	MassBank	MT000067	DL-Proline	name_formula_mass	4	TRUE	TRUE	1.46169999482026e-06	0.00365424998705066
CHOLINE	55074	MassBank	MT000030	Choline	inchikey	1	FALSE	TRUE	1.00782410879999	2519.56027199999
TRP	55075	MassBank	MT000149	L-Tryptophan	inchikey	1	TRUE	TRUE	2.36019999988457e-06	0.00590049999971143
2-KETO-ISOVALERATE	55077	MassBank	MT000053	alpha-Ketoisovaleric acid	inchikey_connectivity_formula_mass	2	FALSE	TRUE	4.12309999830995e-06	0.0103077499957749
CPD-195	55078	MassBank	MT000140	Caprylic acid	inchikey_connectivity_formula_mass	2	FALSE	TRUE	2.42200002276149e-07	0.000605500005690374
LEU	55082	MassBank	MT000117	Leucine	name_formula_mass	4	TRUE	TRUE	1.33329999130183e-06	0.00333324997825457
LINOLENIC_ACID	55083	MassBank	MT000072	alpha-Linolenic acid	inchikey_connectivity_formula_mass	2	FALSE	TRUE	2.0720000293295e-07	0.000518000007332375
ARG	55084	MassBank	MT000042	DL-Arginine	name_formula_mass	4	FALSE	TRUE	4.28559999932077e-06	0.0107139999983019
CPD-12653	55088	MassBank	MT000005	Stearidonic acid	inchikey_connectivity_formula_mass	2	FALSE	TRUE	1.43000022490014e-07	0.000357500056225035
CPDQT-295	55091	MassBank	CE000198	Glucoibarin	name_formula_mass	4	FALSE	TRUE	1.77289996372565e-06	0.00370051584362306
PRO	55093	MassBank	CE000624	DL-Proline	name_formula_mass	4	TRUE	TRUE	1.46169999482026e-06	0.00365424998705066
CPDQT-295	55095	MassBank	CE000210	Glucoibarin	name_formula_mass	4	FALSE	TRUE	1.77289996372565e-06	0.00370051584362306
CPDQT-284	55096	MassBank	CE000641	Glucoalyssin	name_formula_mass	4	FALSE	TRUE	1.90129998145494e-06	0.00421514405175441
PHE	55097	MassBank	CE000037	L-Phenylalanine	inchikey	1	TRUE	TRUE	1.39750000016647e-06	0.00349375000041618
MET	55098	MassBank	CE000446	Racemethionine	name_formula_mass	4	TRUE	TRUE	7.07499992813609e-07	0.00176874998203402
Serines	55102	MassBank	CE000502	Serine	inchikey	1	TRUE	TRUE	3.09619998972721e-06	0.00774049997431803
TRP	55103	MassBank	CE000179	L-Tryptophan	inchikey	1	TRUE	TRUE	2.36019999988457e-06	0.00590049999971143
CPD-4208	55106	MassBank	CE000542	trans-zeatin riboside	inchikey	1	TRUE	TRUE	1.18940005222612e-06	0.0029735001305653
CPD-83	55107	MassBank	CE000093	Resveratrol	inchikey	1	TRUE	TRUE	4.25150000182839e-06	0.010628750004571
CPDQT-284	55108	MassBank	CE000643	Glucoalyssin	name_formula_mass	4	FALSE	TRUE	1.90129998145494e-06	0.00421514405175441
CPDQT-281	55109	MassBank	CE000484	Glucoerucin	name_formula_mass	4	FALSE	TRUE	3.41239996259901e-06	0.00810443332257724
ARG	55113	MassBank	CE000264	DL-Arginine	name_formula_mass	4	FALSE	TRUE	4.28559999932077e-06	0.0107139999983019
CPD-4609	55114	MassBank	CE000125	Kinetin	inchikey	1	TRUE	TRUE	6.30000158707844e-08	0.000157500039676961
ARG	55116	MassBank	CE000262	DL-Arginine	name_formula_mass	4	FALSE	TRUE	4.28559999932077e-06	0.0107139999983019
3-HYDROXYPROPYL-GLUCOSINOLATE	55117	MassBank	CE000510	3-Hydroxypropyl-Glucosinolate	name_formula_mass	4	FALSE	TRUE	2.78389995855832e-06	0.00695974989639581
MET	55120	MassBank	CE000449	Racemethionine	name_formula_mass	4	TRUE	TRUE	7.07499992813609e-07	0.00176874998203402
ARG	55121	MassBank	CE000274	DL-Arginine	name_formula_mass	4	FALSE	TRUE	4.28559999932077e-06	0.0107139999983019
3-METHYLSULFINYLPROPYL-GLUCOSINOLATE	55122	MassBank	CE000311	Glucoiberin	name_formula_mass	4	FALSE	TRUE	2.02969994234081e-06	0.00479797345264527
CPD-9577	55123	MassBank	CE000063	IAA-Val	inchikey_connectivity_formula_mass	2	FALSE	TRUE	2.45450002012149e-06	0.00613625005030372
TRP	55125	MassBank	CE000340	(±)-Tryptophan	name_formula_mass	4	TRUE	TRUE	2.36019999988457e-06	0.00590049999971143
CPDQT-299	55126	MassBank	CE000676	Glucohirsutin	name_formula_mass	4	FALSE	TRUE	1.70870004012613e-06	0.00346514275973481
MET	55127	MassBank	CE000444	Racemethionine	name_formula_mass	4	TRUE	TRUE	7.07499992813609e-07	0.00176874998203402
CPDQT-295	55130	MassBank	CE000195	Glucoibarin	name_formula_mass	4	FALSE	TRUE	1.77289996372565e-06	0.00370051584362306
CPD-9847	55131	MassBank	CE000025	Cinchonine	name_formula_mass	4	FALSE	TRUE	3.33870002577896e-06	0.00834675006444741
CPD-3642	55132	MassBank	CE000577	D-Valine	name_formula_mass	4	TRUE	TRUE	1.39750000016647e-06	0.00349375000041618
CPD-3642	55135	MassBank	CE000571	D-Valine	name_formula_mass	4	TRUE	TRUE	1.39750000016647e-06	0.00349375000041618
GLN	55136	MassBank	CE000301	Glutamine	name_formula_mass	4	TRUE	TRUE	2.1976999846629e-06	0.00549424996165726
CPD-12447	55137	MassBank	CE000073	Phlorizin	inchikey_connectivity_formula_mass	2	FALSE	TRUE	3.00860000379544e-06	0.00689829198041954
3-METHYLSULFINYLPROPYL-GLUCOSINOLATE	55138	MassBank	CE000313	Glucoiberin	name_formula_mass	4	FALSE	TRUE	2.02969994234081e-06	0.00479797345264527
Serines	55139	MassBank	CE000498	Serine	inchikey	1	TRUE	TRUE	3.09619998972721e-06	0.00774049997431803
L-ASPARTATE	55140	MassBank	CE000465	Aspartate	name_formula_mass	4	FALSE	TRUE	2.28170000582395e-06	0.00570425001455988
CPDQT-284	55141	MassBank	CE000648	Glucoalyssin	name_formula_mass	4	FALSE	TRUE	1.90129998145494e-06	0.00421514405175441
TRP	55142	MassBank	CE000176	L-Tryptophan	inchikey	1	TRUE	TRUE	2.36019999988457e-06	0.00590049999971143
CPD-3642	55143	MassBank	CE000564	D-Valine	name_formula_mass	4	TRUE	TRUE	1.39750000016647e-06	0.00349375000041618
ADENOSINE	55144	MassBank	CE000142	Adenosine	inchikey	1	TRUE	TRUE	6.0683000242534e-06	0.0151707500606335
3-BENZOYLOXYPROPYL-GLUCOSINOLATE	55145	MassBank	CE000400	Glucomalcomiin	name_formula_mass	4	FALSE	TRUE	1.96659999573967e-06	0.00408795991799612
CPDQT-295	55146	MassBank	CE000201	Glucoibarin	name_formula_mass	4	FALSE	TRUE	1.77289996372565e-06	0.00370051584362306
CPD-4207	55148	MassBank	CE000608	isopentenyl adenosine	inchikey	1	TRUE	TRUE	4.18849992911419e-06	0.0104712498227855
CPD-7145	55149	MassBank	CE000394	Delphinidin 3-rutinoside	inchikey_connectivity_formula_mass	2	FALSE	TRUE	5.1300048653502e-08	8.39386528765595e-05
GLN	55150	MassBank	CE000304	Glutamine	name_formula_mass	4	TRUE	TRUE	2.1976999846629e-06	0.00549424996165726
L-ASPARTATE	55151	MassBank	CE000458	Aspartate	name_formula_mass	4	FALSE	TRUE	2.28170000582395e-06	0.00570425001455988
D-GLT	55152	MassBank	CE000660	DL-Glutamate	name_formula_mass	4	FALSE	TRUE	2.2174999969593e-06	0.00554374999239826
GLT	55152	MassBank	CE000660	DL-Glutamate	name_formula_mass	4	FALSE	TRUE	2.2174999969593e-06	0.00554374999239826
CPD-7145	55153	MassBank	CE000386	Delphinidin 3-rutinoside	inchikey_connectivity_formula_mass	2	FALSE	TRUE	5.1300048653502e-08	8.39386528765595e-05
TRP	55155	MassBank	CE000347	(±)-Tryptophan	name_formula_mass	4	TRUE	TRUE	2.36019999988457e-06	0.00590049999971143
CPDQT-280	55156	MassBank	CE000361	Glucoraphanin	name_formula_mass	4	FALSE	TRUE	1.96549996189788e-06	0.00449721341106618
CPD-7145	55157	MassBank	CE000392	Delphinidin 3-rutinoside	inchikey_connectivity_formula_mass	2	FALSE	TRUE	5.1300048653502e-08	8.39386528765595e-05
CPD-9847	55158	MassBank	CE000027	Cinchonine	name_formula_mass	4	FALSE	TRUE	3.33870002577896e-06	0.00834675006444741
CPD-9847	55159	MassBank	CE000028	Cinchonine	name_formula_mass	4	FALSE	TRUE	3.33870002577896e-06	0.00834675006444741
D-THREONINE	55160	MassBank	CE000418	D-Threonine	name_formula_mass	4	TRUE	TRUE	3.16039999859186e-06	0.00790099999647964
D-GLT	55161	MassBank	CE000661	DL-Glutamate	name_formula_mass	4	FALSE	TRUE	2.2174999969593e-06	0.00554374999239826
GLT	55161	MassBank	CE000661	DL-Glutamate	name_formula_mass	4	FALSE	TRUE	2.2174999969593e-06	0.00554374999239826
LEU	55162	MassBank	CE000685	Leucine	name_formula_mass	4	TRUE	TRUE	1.33329999130183e-06	0.00333324997825457
TRP	55164	MassBank	CE000330	(±)-Tryptophan	name_formula_mass	4	TRUE	TRUE	2.36019999988457e-06	0.00590049999971143
5-METHOXYFURANOCOUMARIN	55167	MassBank	CE000162	Bergapten	inchikey	1	TRUE	TRUE	1.25479999724121e-06	0.00313699999310302
GLN	55168	MassBank	CE000294	Glutamine	name_formula_mass	4	TRUE	TRUE	2.1976999846629e-06	0.00549424996165726
CPD-520	55169	MassBank	CE000170	Quercetin	inchikey_connectivity_formula_mass	2	FALSE	TRUE	2.67570004552908e-06	0.00668925011382271
NARINGIN	55171	MassBank	CE000187	Naringin	inchikey	1	TRUE	TRUE	4.26340000103664e-06	0.00734841917614713
CPD-1863	55172	MassBank	CE000586	Glucobrassicin	name_formula_mass	4	FALSE	TRUE	1.63129999464218e-06	0.00364079872135037
MET	55173	MassBank	CE000451	Racemethionine	name_formula_mass	4	TRUE	TRUE	7.07499992813609e-07	0.00176874998203402
CPD-7119	55175	MassBank	CE000108	Xanthohumol	inchikey_connectivity_formula_mass	2	FALSE	TRUE	3.8166999729583e-06	0.00954174993239576
Serines	55178	MassBank	CE000493	Serine	inchikey	1	TRUE	TRUE	3.09619998972721e-06	0.00774049997431803
CPDQT-280	55181	MassBank	CE000364	Glucoraphanin	name_formula_mass	4	FALSE	TRUE	1.96549996189788e-06	0.00449721341106618
CPDQT-299	55182	MassBank	CE000668	Glucohirsutin	name_formula_mass	4	FALSE	TRUE	1.70870004012613e-06	0.00346514275973481
CPD-7630	55183	MassBank	CE000091	Epicatechin	inchikey	1	TRUE	TRUE	1.81800004384058e-06	0.00454500010960146
O-SINAPOYLCHOLINE	55184	MassBank	CE000052	Sinapine	inchikey	1	FALSE	TRUE	1.00782291819996	2519.55729549991
CPDQT-295	55185	MassBank	CE000207	Glucoibarin	name_formula_mass	4	FALSE	TRUE	1.77289996372565e-06	0.00370051584362306
CPDQT-299	55187	MassBank	CE000678	Glucohirsutin	name_formula_mass	4	FALSE	TRUE	1.70870004012613e-06	0.00346514275973481
Serines	55188	MassBank	CE000501	Serine	inchikey	1	TRUE	TRUE	3.09619998972721e-06	0.00774049997431803
TRP	55189	MassBank	CE000344	(±)-Tryptophan	name_formula_mass	4	TRUE	TRUE	2.36019999988457e-06	0.00590049999971143
ADENOSINE	55191	MassBank	CE000141	Adenosine	inchikey	1	TRUE	TRUE	6.0683000242534e-06	0.0151707500606335
CPDQT-299	55193	MassBank	CE000665	Glucohirsutin	name_formula_mass	4	FALSE	TRUE	1.70870004012613e-06	0.00346514275973481
CPDQT-284	55195	MassBank	CE000644	Glucoalyssin	name_formula_mass	4	FALSE	TRUE	1.90129998145494e-06	0.00421514405175441
TYR	55196	MassBank	CE000231	D-Tyrosine	name_formula_mass	4	TRUE	TRUE	3.22459999324565e-06	0.00806149998311412
TYRAMINE	55197	MassBank	CE000018	Tyramine	inchikey_connectivity_formula_mass	2	FALSE	TRUE	3.98040000959554e-06	0.00995100002398885
MET	55198	MassBank	CE000450	Racemethionine	name_formula_mass	4	TRUE	TRUE	7.07499992813609e-07	0.00176874998203402
GLN	55199	MassBank	CE000303	Glutamine	name_formula_mass	4	TRUE	TRUE	2.1976999846629e-06	0.00549424996165726
D-THREONINE	55200	MassBank	CE000413	D-Threonine	name_formula_mass	4	TRUE	TRUE	3.16039999859186e-06	0.00790099999647964
CPD-3642	55203	MassBank	CE000570	D-Valine	name_formula_mass	4	TRUE	TRUE	1.39750000016647e-06	0.00349375000041618
CPDQT-299	55204	MassBank	CE000671	Glucohirsutin	name_formula_mass	4	FALSE	TRUE	1.70870004012613e-06	0.00346514275973481
CPD-520	55205	MassBank	CE000171	Quercetin	inchikey_connectivity_formula_mass	2	FALSE	TRUE	2.67570004552908e-06	0.00668925011382271
SORBITOL	55206	MassBank	CE000234	Sorbitol	inchikey	1	TRUE	TRUE	1.81799998699717e-06	0.00454499996749291
CPD-1863	55207	MassBank	CE000581	Glucobrassicin	name_formula_mass	4	FALSE	TRUE	1.63129999464218e-06	0.00364079872135037
CPD-4609	55208	MassBank	CE000127	Kinetin	inchikey	1	TRUE	TRUE	6.30000158707844e-08	0.000157500039676961
TRP	55209	MassBank	CE000337	(±)-Tryptophan	name_formula_mass	4	TRUE	TRUE	2.36019999988457e-06	0.00590049999971143
PRO	55211	MassBank	CE000630	DL-Proline	name_formula_mass	4	TRUE	TRUE	1.46169999482026e-06	0.00365424998705066
CPDQT-299	55213	MassBank	CE000673	Glucohirsutin	name_formula_mass	4	FALSE	TRUE	1.70870004012613e-06	0.00346514275973481
CPD-4210	55214	MassBank	CE000580	Zeatin	inchikey	1	TRUE	TRUE	6.54000018585066e-08	0.000163500004646266
CPDQT-281	55216	MassBank	CE000482	Glucoerucin	name_formula_mass	4	FALSE	TRUE	3.41239996259901e-06	0.00810443332257724
3-BENZOYLOXYPROPYL-GLUCOSINOLATE	55217	MassBank	CE000401	Glucomalcomiin	name_formula_mass	4	FALSE	TRUE	1.96659999573967e-06	0.00408795991799612
Serines	55219	MassBank	CE000503	Serine	inchikey	1	TRUE	TRUE	3.09619998972721e-06	0.00774049997431803
CPDQT-281	55225	MassBank	CE000483	Glucoerucin	name_formula_mass	4	FALSE	TRUE	3.41239996259901e-06	0.00810443332257724
CPDQT-281	55227	MassBank	CE000473	Glucoerucin	name_formula_mass	4	FALSE	TRUE	3.41239996259901e-06	0.00810443332257724
CPD-1863	55228	MassBank	CE000590	Glucobrassicin	name_formula_mass	4	FALSE	TRUE	1.63129999464218e-06	0.00364079872135037
BIOCHANIN-A	55230	MassBank	CE000050	Biochanin A	inchikey_connectivity_formula_mass	2	FALSE	TRUE	6.50430001769564e-06	0.0162607500442391
5-METHOXYFURANOCOUMARIN	55232	MassBank	CE000161	Bergapten	inchikey	1	TRUE	TRUE	1.25479999724121e-06	0.00313699999310302
CPDQT-281	55233	MassBank	CE000487	Glucoerucin	name_formula_mass	4	FALSE	TRUE	3.41239996259901e-06	0.00810443332257724
3-HYDROXYPROPYL-GLUCOSINOLATE	55235	MassBank	CE000518	3-Hydroxypropyl-Glucosinolate	name_formula_mass	4	FALSE	TRUE	2.78389995855832e-06	0.00695974989639581
Serines	55237	MassBank	CE000504	Serine	inchikey	1	TRUE	TRUE	3.09619998972721e-06	0.00774049997431803
CPDQT-284	55238	MassBank	CE000649	Glucoalyssin	name_formula_mass	4	FALSE	TRUE	1.90129998145494e-06	0.00421514405175441
3-METHYLTHIOPROPYL-GLUCOSINOLATE	55239	MassBank	CE000544	Glucoibervirin	name_formula_mass	4	FALSE	TRUE	3.34819998215607e-06	0.00822577074066271
cystine	55241	MassBank	CE000600	Cystine	inchikey	1	TRUE	TRUE	1.73600000152874e-06	0.00434000000382184
PHE	55242	MassBank	CE000038	L-Phenylalanine	inchikey	1	TRUE	TRUE	1.39750000016647e-06	0.00349375000041618
LEU	55245	MassBank	CE000684	Leucine	name_formula_mass	4	TRUE	TRUE	1.33329999130183e-06	0.00333324997825457
3-HYDROXYPROPYL-GLUCOSINOLATE	55246	MassBank	CE000505	3-Hydroxypropyl-Glucosinolate	name_formula_mass	4	FALSE	TRUE	2.78389995855832e-06	0.00695974989639581
CPDQT-280	55247	MassBank	CE000363	Glucoraphanin	name_formula_mass	4	FALSE	TRUE	1.96549996189788e-06	0.00449721341106618
CPD-1863	55248	MassBank	CE000584	Glucobrassicin	name_formula_mass	4	FALSE	TRUE	1.63129999464218e-06	0.00364079872135037
CPD-3141	55249	MassBank	CE000011	Genistein	inchikey_connectivity_formula_mass	2	FALSE	TRUE	3.43149997661385e-06	0.00857874994153462
CPDQT-299	55252	MassBank	CE000666	Glucohirsutin	name_formula_mass	4	FALSE	TRUE	1.70870004012613e-06	0.00346514275973481
CPD-5741	55253	MassBank	CE000120	Rotenone	inchikey	1	TRUE	TRUE	1.561200008382e-06	0.003903000020955
CPD-14834	55254	MassBank	CE000164	(-)-alpha-Narcotine	inchikey	1	TRUE	TRUE	2.09820001373373e-06	0.00507857425497329
CPD-9577	55255	MassBank	CE000061	IAA-Val	inchikey_connectivity_formula_mass	2	FALSE	TRUE	2.45450002012149e-06	0.00613625005030372
TRP	55256	MassBank	CE000335	(±)-Tryptophan	name_formula_mass	4	TRUE	TRUE	2.36019999988457e-06	0.00590049999971143
CPDQT-280	55257	MassBank	CE000358	Glucoraphanin	name_formula_mass	4	FALSE	TRUE	1.96549996189788e-06	0.00449721341106618
CPD-3642	55258	MassBank	CE000574	D-Valine	name_formula_mass	4	TRUE	TRUE	1.39750000016647e-06	0.00349375000041618
TRP	55259	MassBank	CE000348	(±)-Tryptophan	name_formula_mass	4	TRUE	TRUE	2.36019999988457e-06	0.00590049999971143
Serines	55261	MassBank	CE000497	Serine	inchikey	1	TRUE	TRUE	3.09619998972721e-06	0.00774049997431803
3-METHYLTHIOPROPYL-GLUCOSINOLATE	55262	MassBank	CE000556	Glucoibervirin	name_formula_mass	4	FALSE	TRUE	3.34819998215607e-06	0.00822577074066271
PHE	55263	MassBank	CE000283	D-Phenylalanine	name_formula_mass	4	TRUE	TRUE	1.39750000016647e-06	0.00349375000041618
3-HYDROXYPROPYL-GLUCOSINOLATE	55264	MassBank	CE000512	3-Hydroxypropyl-Glucosinolate	name_formula_mass	4	FALSE	TRUE	2.78389995855832e-06	0.00695974989639581
Serines	55265	MassBank	CE000492	Serine	inchikey	1	TRUE	TRUE	3.09619998972721e-06	0.00774049997431803
CPD-14817	55266	MassBank	CE000078	Emetine	inchikey_connectivity_formula_mass	2	FALSE	TRUE	2.21720000581627e-06	0.00461629296156597
CPD-3141	55267	MassBank	CE000013	Genistein	inchikey_connectivity_formula_mass	2	FALSE	TRUE	3.43149997661385e-06	0.00857874994153462
BERBERINE	55268	MassBank	CE000114	Berberine	inchikey	1	FALSE	TRUE	1.0078281035	2519.57025875001
CPD-5741	55270	MassBank	CE000121	Rotenone	inchikey	1	TRUE	TRUE	1.561200008382e-06	0.003903000020955
CPDQT-295	55271	MassBank	CE000206	Glucoibarin	name_formula_mass	4	FALSE	TRUE	1.77289996372565e-06	0.00370051584362306
CPDQT-284	55273	MassBank	CE000642	Glucoalyssin	name_formula_mass	4	FALSE	TRUE	1.90129998145494e-06	0.00421514405175441
D-GLT	55274	MassBank	CE000653	DL-Glutamate	name_formula_mass	4	FALSE	TRUE	2.2174999969593e-06	0.00554374999239826
GLT	55274	MassBank	CE000653	DL-Glutamate	name_formula_mass	4	FALSE	TRUE	2.2174999969593e-06	0.00554374999239826
3-BENZOYLOXYPROPYL-GLUCOSINOLATE	55275	MassBank	CE000407	Glucomalcomiin	name_formula_mass	4	FALSE	TRUE	1.96659999573967e-06	0.00408795991799612
BERBERINE	55276	MassBank	CE000115	Berberine	inchikey	1	FALSE	TRUE	1.0078281035	2519.57025875001
CPD-7119	55277	MassBank	CE000111	Xanthohumol	inchikey_connectivity_formula_mass	2	FALSE	TRUE	3.8166999729583e-06	0.00954174993239576
O-SINAPOYLCHOLINE	55278	MassBank	CE000053	Sinapine	inchikey	1	FALSE	TRUE	1.00782291819996	2519.55729549991
CPD-1863	55279	MassBank	CE000585	Glucobrassicin	name_formula_mass	4	FALSE	TRUE	1.63129999464218e-06	0.00364079872135037
CPDQT-280	55284	MassBank	CE000365	Glucoraphanin	name_formula_mass	4	FALSE	TRUE	1.96549996189788e-06	0.00449721341106618
3-HYDROXYPROPYL-GLUCOSINOLATE	55285	MassBank	CE000516	3-Hydroxypropyl-Glucosinolate	name_formula_mass	4	FALSE	TRUE	2.78389995855832e-06	0.00695974989639581
CPDQT-280	55286	MassBank	CE000359	Glucoraphanin	name_formula_mass	4	FALSE	TRUE	1.96549996189788e-06	0.00449721341106618
CPDQT-280	55287	MassBank	CE000349	Glucoraphanin	name_formula_mass	4	FALSE	TRUE	1.96549996189788e-06	0.00449721341106618
CPD-9577	55289	MassBank	CE000065	IAA-Val	inchikey_connectivity_formula_mass	2	FALSE	TRUE	2.45450002012149e-06	0.00613625005030372
CPD-7145	55292	MassBank	CE000393	Delphinidin 3-rutinoside	inchikey_connectivity_formula_mass	2	FALSE	TRUE	5.1300048653502e-08	8.39386528765595e-05
3-METHYLSULFINYLPROPYL-GLUCOSINOLATE	55294	MassBank	CE000315	Glucoiberin	name_formula_mass	4	FALSE	TRUE	2.02969994234081e-06	0.00479797345264527
CPD-7119	55295	MassBank	CE000112	Xanthohumol	inchikey_connectivity_formula_mass	2	FALSE	TRUE	3.8166999729583e-06	0.00954174993239576
CPD-12447	55296	MassBank	CE000075	Phlorizin	inchikey_connectivity_formula_mass	2	FALSE	TRUE	3.00860000379544e-06	0.00689829198041954
3-HYDROXYPROPYL-GLUCOSINOLATE	55300	MassBank	CE000517	3-Hydroxypropyl-Glucosinolate	name_formula_mass	4	FALSE	TRUE	2.78389995855832e-06	0.00695974989639581
CPDQT-299	55301	MassBank	CE000674	Glucohirsutin	name_formula_mass	4	FALSE	TRUE	1.70870004012613e-06	0.00346514275973481
CPD-3642	55304	MassBank	CE000566	D-Valine	name_formula_mass	4	TRUE	TRUE	1.39750000016647e-06	0.00349375000041618
PRO	55305	MassBank	CE000632	DL-Proline	name_formula_mass	4	TRUE	TRUE	1.46169999482026e-06	0.00365424998705066
CPDQT-280	55306	MassBank	CE000353	Glucoraphanin	name_formula_mass	4	FALSE	TRUE	1.96549996189788e-06	0.00449721341106618
3-BENZOYLOXYPROPYL-GLUCOSINOLATE	55308	MassBank	CE000397	Glucomalcomiin	name_formula_mass	4	FALSE	TRUE	1.96659999573967e-06	0.00408795991799612
3-METHYLTHIOPROPYL-GLUCOSINOLATE	55309	MassBank	CE000548	Glucoibervirin	name_formula_mass	4	FALSE	TRUE	3.34819998215607e-06	0.00822577074066271
CPD-5741	55310	MassBank	CE000118	Rotenone	inchikey	1	TRUE	TRUE	1.561200008382e-06	0.003903000020955
CPD-1863	55311	MassBank	CE000591	Glucobrassicin	name_formula_mass	4	FALSE	TRUE	1.63129999464218e-06	0.00364079872135037
ARG	55312	MassBank	CE000266	DL-Arginine	name_formula_mass	4	FALSE	TRUE	4.28559999932077e-06	0.0107139999983019
CPDQT-299	55313	MassBank	CE000669	Glucohirsutin	name_formula_mass	4	FALSE	TRUE	1.70870004012613e-06	0.00346514275973481
LEU	55314	MassBank	CE000681	Leucine	name_formula_mass	4	TRUE	TRUE	1.33329999130183e-06	0.00333324997825457
cystine	55315	MassBank	CE000598	Cystine	inchikey	1	TRUE	TRUE	1.73600000152874e-06	0.00434000000382184
3-METHYLTHIOPROPYL-GLUCOSINOLATE	55316	MassBank	CE000561	Glucoibervirin	name_formula_mass	4	FALSE	TRUE	3.34819998215607e-06	0.00822577074066271
NARINGIN	55318	MassBank	CE000188	Naringin	inchikey	1	TRUE	TRUE	4.26340000103664e-06	0.00734841917614713
MET	55320	MassBank	CE000448	Racemethionine	name_formula_mass	4	TRUE	TRUE	7.07499992813609e-07	0.00176874998203402
PHE	55321	MassBank	CE000285	D-Phenylalanine	name_formula_mass	4	TRUE	TRUE	1.39750000016647e-06	0.00349375000041618
CPD-7145	55322	MassBank	CE000390	Delphinidin 3-rutinoside	inchikey_connectivity_formula_mass	2	FALSE	TRUE	5.1300048653502e-08	8.39386528765595e-05
3-BENZOYLOXYPROPYL-GLUCOSINOLATE	55323	MassBank	CE000399	Glucomalcomiin	name_formula_mass	4	FALSE	TRUE	1.96659999573967e-06	0.00408795991799612
3-METHYLTHIOPROPYL-GLUCOSINOLATE	55325	MassBank	CE000560	Glucoibervirin	name_formula_mass	4	FALSE	TRUE	3.34819998215607e-06	0.00822577074066271
CPD-7630	55326	MassBank	CE000092	Epicatechin	inchikey	1	TRUE	TRUE	1.81800004384058e-06	0.00454500010960146
CPD-3642	55327	MassBank	CE000575	D-Valine	name_formula_mass	4	TRUE	TRUE	1.39750000016647e-06	0.00349375000041618
MET	55328	MassBank	CE000445	Racemethionine	name_formula_mass	4	TRUE	TRUE	7.07499992813609e-07	0.00176874998203402
RUTIN	55329	MassBank	CE000136	Rutin	inchikey_connectivity_formula_mass	2	FALSE	TRUE	5.08339996940776e-06	0.00833134764974319
GLN	55330	MassBank	CE000299	Glutamine	name_formula_mass	4	TRUE	TRUE	2.1976999846629e-06	0.00549424996165726
CPD-14834	55331	MassBank	CE000163	(-)-alpha-Narcotine	inchikey	1	TRUE	TRUE	2.09820001373373e-06	0.00507857425497329
L-ASPARTATE	55332	MassBank	CE000464	Aspartate	name_formula_mass	4	FALSE	TRUE	2.28170000582395e-06	0.00570425001455988
MANNITOL	55333	MassBank	CE000236	Mannitol	inchikey	1	TRUE	TRUE	1.81799998699717e-06	0.00454499996749291
D-THREONINE	55334	MassBank	CE000408	D-Threonine	name_formula_mass	4	TRUE	TRUE	3.16039999859186e-06	0.00790099999647964
CPD-7630	55335	MassBank	CE000088	Epicatechin	inchikey	1	TRUE	TRUE	1.81800004384058e-06	0.00454500010960146
GLN	55338	MassBank	CE000293	Glutamine	name_formula_mass	4	TRUE	TRUE	2.1976999846629e-06	0.00549424996165726
CPD-1863	55339	MassBank	CE000593	Glucobrassicin	name_formula_mass	4	FALSE	TRUE	1.63129999464218e-06	0.00364079872135037
NARINGIN	55340	MassBank	CE000189	Naringin	inchikey	1	TRUE	TRUE	4.26340000103664e-06	0.00734841917614713
L-ASPARTATE	55341	MassBank	CE000461	Aspartate	name_formula_mass	4	FALSE	TRUE	2.28170000582395e-06	0.00570425001455988
PRO	55342	MassBank	CE000639	DL-Proline	name_formula_mass	4	TRUE	TRUE	1.46169999482026e-06	0.00365424998705066
L-ASPARTATE	55343	MassBank	CE000455	Aspartate	name_formula_mass	4	FALSE	TRUE	2.28170000582395e-06	0.00570425001455988
PHE	55344	MassBank	CE000282	D-Phenylalanine	name_formula_mass	4	TRUE	TRUE	1.39750000016647e-06	0.00349375000041618
CPD-3642	55345	MassBank	CE000578	D-Valine	name_formula_mass	4	TRUE	TRUE	1.39750000016647e-06	0.00349375000041618
NARINGIN	55346	MassBank	CE000186	Naringin	inchikey	1	TRUE	TRUE	4.26340000103664e-06	0.00734841917614713
TRP	55347	MassBank	CE000342	(±)-Tryptophan	name_formula_mass	4	TRUE	TRUE	2.36019999988457e-06	0.00590049999971143
3-HYDROXYPROPYL-GLUCOSINOLATE	55348	MassBank	CE000506	3-Hydroxypropyl-Glucosinolate	name_formula_mass	4	FALSE	TRUE	2.78389995855832e-06	0.00695974989639581
D-THREONINE	55349	MassBank	CE000423	D-Threonine	name_formula_mass	4	TRUE	TRUE	3.16039999859186e-06	0.00790099999647964
PHE	55351	MassBank	CE000281	D-Phenylalanine	name_formula_mass	4	TRUE	TRUE	1.39750000016647e-06	0.00349375000041618
3-METHYLTHIOPROPYL-GLUCOSINOLATE	55352	MassBank	CE000552	Glucoibervirin	name_formula_mass	4	FALSE	TRUE	3.34819998215607e-06	0.00822577074066271
3-METHYLSULFINYLPROPYL-GLUCOSINOLATE	55353	MassBank	CE000314	Glucoiberin	name_formula_mass	4	FALSE	TRUE	2.02969994234081e-06	0.00479797345264527
CPDQT-295	55354	MassBank	CE000202	Glucoibarin	name_formula_mass	4	FALSE	TRUE	1.77289996372565e-06	0.00370051584362306
3-METHYLTHIOPROPYL-GLUCOSINOLATE	55355	MassBank	CE000554	Glucoibervirin	name_formula_mass	4	FALSE	TRUE	3.34819998215607e-06	0.00822577074066271
LEU	55357	MassBank	CE000690	Leucine	name_formula_mass	4	TRUE	TRUE	1.33329999130183e-06	0.00333324997825457
Serines	55359	MassBank	CE000491	Serine	inchikey	1	TRUE	TRUE	3.09619998972721e-06	0.00774049997431803
CPD-7145	55360	MassBank	CE000388	Delphinidin 3-rutinoside	inchikey_connectivity_formula_mass	2	FALSE	TRUE	5.1300048653502e-08	8.39386528765595e-05
CPD-14834	55361	MassBank	CE000167	(-)-alpha-Narcotine	inchikey	1	TRUE	TRUE	2.09820001373373e-06	0.00507857425497329
CPDQT-295	55362	MassBank	CE000199	Glucoibarin	name_formula_mass	4	FALSE	TRUE	1.77289996372565e-06	0.00370051584362306
CPD-4207	55363	MassBank	CE000260	isopentenyl adenosine	inchikey	1	TRUE	TRUE	4.18849992911419e-06	0.0104712498227855
PRO	55364	MassBank	CE000634	DL-Proline	name_formula_mass	4	TRUE	TRUE	1.46169999482026e-06	0.00365424998705066
CPD-13135	55365	MassBank	CE000129	Indole-3-carboxylic acid	inchikey_connectivity_formula_mass	2	FALSE	TRUE	1.52590001789576e-06	0.00381475004473941
TRP	55366	MassBank	CE000177	L-Tryptophan	inchikey	1	TRUE	TRUE	2.36019999988457e-06	0.00590049999971143
NARINGIN	55367	MassBank	CE000190	Naringin	inchikey	1	TRUE	TRUE	4.26340000103664e-06	0.00734841917614713
CPD-7145	55368	MassBank	CE000395	Delphinidin 3-rutinoside	inchikey_connectivity_formula_mass	2	FALSE	TRUE	5.1300048653502e-08	8.39386528765595e-05
CPDQT-280	55369	MassBank	CE000351	Glucoraphanin	name_formula_mass	4	FALSE	TRUE	1.96549996189788e-06	0.00449721341106618
3-HYDROXYPROPYL-GLUCOSINOLATE	55370	MassBank	CE000520	3-Hydroxypropyl-Glucosinolate	name_formula_mass	4	FALSE	TRUE	2.78389995855832e-06	0.00695974989639581
TRP	55371	MassBank	CE000346	(±)-Tryptophan	name_formula_mass	4	TRUE	TRUE	2.36019999988457e-06	0.00590049999971143
GLN	55372	MassBank	CE000290	Glutamine	name_formula_mass	4	TRUE	TRUE	2.1976999846629e-06	0.00549424996165726
CPD-13612	55373	MassBank	CE000605	Sphinganine	inchikey_connectivity_formula_mass	2	FALSE	TRUE	4.98700046591694e-07	0.00124675011647923
3-METHYLTHIOPROPYL-GLUCOSINOLATE	55375	MassBank	CE000547	Glucoibervirin	name_formula_mass	4	FALSE	TRUE	3.34819998215607e-06	0.00822577074066271
CPD-7630	55377	MassBank	CE000089	Epicatechin	inchikey	1	TRUE	TRUE	1.81800004384058e-06	0.00454500010960146
ARG	55379	MassBank	CE000273	DL-Arginine	name_formula_mass	4	FALSE	TRUE	4.28559999932077e-06	0.0107139999983019
L-ASPARTATE	55381	MassBank	CE000463	Aspartate	name_formula_mass	4	FALSE	TRUE	2.28170000582395e-06	0.00570425001455988
D-THREONINE	55382	MassBank	CE000419	D-Threonine	name_formula_mass	4	TRUE	TRUE	3.16039999859186e-06	0.00790099999647964
PHE	55383	MassBank	CE000284	D-Phenylalanine	name_formula_mass	4	TRUE	TRUE	1.39750000016647e-06	0.00349375000041618
TRP	55384	MassBank	CE000333	(±)-Tryptophan	name_formula_mass	4	TRUE	TRUE	2.36019999988457e-06	0.00590049999971143
CPDQT-280	55386	MassBank	CE000355	Glucoraphanin	name_formula_mass	4	FALSE	TRUE	1.96549996189788e-06	0.00449721341106618
3-METHYLSULFINYLPROPYL-GLUCOSINOLATE	55387	MassBank	CE000310	Glucoiberin	name_formula_mass	4	FALSE	TRUE	2.02969994234081e-06	0.00479797345264527
D-GLT	55390	MassBank	CE000651	DL-Glutamate	name_formula_mass	4	FALSE	TRUE	2.2174999969593e-06	0.00554374999239826
GLT	55390	MassBank	CE000651	DL-Glutamate	name_formula_mass	4	FALSE	TRUE	2.2174999969593e-06	0.00554374999239826
TRP	55391	MassBank	CE000332	(±)-Tryptophan	name_formula_mass	4	TRUE	TRUE	2.36019999988457e-06	0.00590049999971143
GLN	55392	MassBank	CE000292	Glutamine	name_formula_mass	4	TRUE	TRUE	2.1976999846629e-06	0.00549424996165726
CPDQT-284	55394	MassBank	CE000646	Glucoalyssin	name_formula_mass	4	FALSE	TRUE	1.90129998145494e-06	0.00421514405175441
CPDQT-281	55396	MassBank	CE000486	Glucoerucin	name_formula_mass	4	FALSE	TRUE	3.41239996259901e-06	0.00810443332257724
cystine	55397	MassBank	CE000602	Cystine	inchikey	1	TRUE	TRUE	1.73600000152874e-06	0.00434000000382184
CPD-520	55398	MassBank	CE000168	Quercetin	inchikey_connectivity_formula_mass	2	FALSE	TRUE	2.67570004552908e-06	0.00668925011382271
ARG	55399	MassBank	CE000271	DL-Arginine	name_formula_mass	4	FALSE	TRUE	4.28559999932077e-06	0.0107139999983019
CPD-4441	55400	MassBank	CE000235	Cis-Zeatin	inchikey	1	TRUE	TRUE	6.54000018585066e-08	0.000163500004646266
CPD-4609	55401	MassBank	CE000124	Kinetin	inchikey	1	TRUE	TRUE	6.30000158707844e-08	0.000157500039676961
CPD-3141	55402	MassBank	CE000014	Genistein	inchikey_connectivity_formula_mass	2	FALSE	TRUE	3.43149997661385e-06	0.00857874994153462
D-THREONINE	55403	MassBank	CE000422	D-Threonine	name_formula_mass	4	TRUE	TRUE	3.16039999859186e-06	0.00790099999647964
PRO	55404	MassBank	CE000635	DL-Proline	name_formula_mass	4	TRUE	TRUE	1.46169999482026e-06	0.00365424998705066
GLN	55405	MassBank	CE000295	Glutamine	name_formula_mass	4	TRUE	TRUE	2.1976999846629e-06	0.00549424996165726
3-HYDROXYPROPYL-GLUCOSINOLATE	55407	MassBank	CE000515	3-Hydroxypropyl-Glucosinolate	name_formula_mass	4	FALSE	TRUE	2.78389995855832e-06	0.00695974989639581
CPD-4209	55410	MassBank	CE000439	N-(3-Methylbut-2-EN-1-YL)-9H-purin-6-amine	inchikey	1	TRUE	TRUE	4.55669999155361e-06	0.011391749978884
CPD-1863	55411	MassBank	CE000582	Glucobrassicin	name_formula_mass	4	FALSE	TRUE	1.63129999464218e-06	0.00364079872135037
CPD-1863	55413	MassBank	CE000589	Glucobrassicin	name_formula_mass	4	FALSE	TRUE	1.63129999464218e-06	0.00364079872135037
CPD-83	55414	MassBank	CE000097	Resveratrol	inchikey	1	TRUE	TRUE	4.25150000182839e-06	0.010628750004571
CPDQT-280	55415	MassBank	CE000354	Glucoraphanin	name_formula_mass	4	FALSE	TRUE	1.96549996189788e-06	0.00449721341106618
3-METHYLSULFINYLPROPYL-GLUCOSINOLATE	55416	MassBank	CE000308	Glucoiberin	name_formula_mass	4	FALSE	TRUE	2.02969994234081e-06	0.00479797345264527
CPDQT-281	55418	MassBank	CE000480	Glucoerucin	name_formula_mass	4	FALSE	TRUE	3.41239996259901e-06	0.00810443332257724
CPD-4442	55419	MassBank	CE000233	Cis-Zeatin-riboside-[d5]	inchikey	1	TRUE	TRUE	1.18940005222612e-06	0.0029735001305653
CPDQT-281	55421	MassBank	CE000488	Glucoerucin	name_formula_mass	4	FALSE	TRUE	3.41239996259901e-06	0.00810443332257724
CPD-7119	55422	MassBank	CE000110	Xanthohumol	inchikey_connectivity_formula_mass	2	FALSE	TRUE	3.8166999729583e-06	0.00954174993239576
D-THREONINE	55423	MassBank	CE000415	D-Threonine	name_formula_mass	4	TRUE	TRUE	3.16039999859186e-06	0.00790099999647964
D-THREONINE	55425	MassBank	CE000426	D-Threonine	name_formula_mass	4	TRUE	TRUE	3.16039999859186e-06	0.00790099999647964
GLN	55428	MassBank	CE000296	Glutamine	name_formula_mass	4	TRUE	TRUE	2.1976999846629e-06	0.00549424996165726
D-THREONINE	55429	MassBank	CE000411	D-Threonine	name_formula_mass	4	TRUE	TRUE	3.16039999859186e-06	0.00790099999647964
BIOCHANIN-A	55430	MassBank	CE000048	Biochanin A	inchikey_connectivity_formula_mass	2	FALSE	TRUE	6.50430001769564e-06	0.0162607500442391
D-THREONINE	55431	MassBank	CE000417	D-Threonine	name_formula_mass	4	TRUE	TRUE	3.16039999859186e-06	0.00790099999647964
PRO	55432	MassBank	CE000629	DL-Proline	name_formula_mass	4	TRUE	TRUE	1.46169999482026e-06	0.00365424998705066
3-METHYLSULFINYLPROPYL-GLUCOSINOLATE	55433	MassBank	CE000312	Glucoiberin	name_formula_mass	4	FALSE	TRUE	2.02969994234081e-06	0.00479797345264527
ARG	55434	MassBank	CE000275	DL-Arginine	name_formula_mass	4	FALSE	TRUE	4.28559999932077e-06	0.0107139999983019
LEU	55438	MassBank	CE000687	Leucine	name_formula_mass	4	TRUE	TRUE	1.33329999130183e-06	0.00333324997825457
L-ASPARTATE	55439	MassBank	CE000469	Aspartate	name_formula_mass	4	FALSE	TRUE	2.28170000582395e-06	0.00570425001455988
3-HYDROXYPROPYL-GLUCOSINOLATE	55440	MassBank	CE000511	3-Hydroxypropyl-Glucosinolate	name_formula_mass	4	FALSE	TRUE	2.78389995855832e-06	0.00695974989639581
CPDQT-280	55442	MassBank	CE000362	Glucoraphanin	name_formula_mass	4	FALSE	TRUE	1.96549996189788e-06	0.00449721341106618
D-THREONINE	55443	MassBank	CE000424	D-Threonine	name_formula_mass	4	TRUE	TRUE	3.16039999859186e-06	0.00790099999647964
TRP	55444	MassBank	CE000343	(±)-Tryptophan	name_formula_mass	4	TRUE	TRUE	2.36019999988457e-06	0.00590049999971143
RUTIN	55445	MassBank	CE000139	Rutin	inchikey_connectivity_formula_mass	2	FALSE	TRUE	5.08339996940776e-06	0.00833134764974319
D-THREONINE	55446	MassBank	CE000427	D-Threonine	name_formula_mass	4	TRUE	TRUE	3.16039999859186e-06	0.00790099999647964
ARG	55447	MassBank	CE000265	DL-Arginine	name_formula_mass	4	FALSE	TRUE	4.28559999932077e-06	0.0107139999983019
RUTIN	55449	MassBank	CE000137	Rutin	inchikey_connectivity_formula_mass	2	FALSE	TRUE	5.08339996940776e-06	0.00833134764974319
ARG	55450	MassBank	CE000263	DL-Arginine	name_formula_mass	4	FALSE	TRUE	4.28559999932077e-06	0.0107139999983019
3-HYDROXYPROPYL-GLUCOSINOLATE	55451	MassBank	CE000507	3-Hydroxypropyl-Glucosinolate	name_formula_mass	4	FALSE	TRUE	2.78389995855832e-06	0.00695974989639581
TREHALOSE	55453	MassBank	CE000640	Trehalose	inchikey	1	TRUE	TRUE	8.45069996557868e-06	0.0211267499139467
CPD-4209	55455	MassBank	CE000288	N-(3-Methylbut-2-EN-1-YL)-9H-purin-6-amine	inchikey	1	TRUE	TRUE	4.55669999155361e-06	0.011391749978884
CPD-3605	55456	MassBank	CE000543	Gentiobiose	inchikey	1	TRUE	TRUE	8.45069996557868e-06	0.0211267499139467
RUTIN	55457	MassBank	CE000140	Rutin	inchikey_connectivity_formula_mass	2	FALSE	TRUE	5.08339996940776e-06	0.00833134764974319
CPD-4442	55459	MassBank	CE000261	Cis-Zeatin-riboside	inchikey	1	TRUE	TRUE	1.18940005222612e-06	0.0029735001305653
CPD-7145	55460	MassBank	CE000387	Delphinidin 3-rutinoside	inchikey_connectivity_formula_mass	2	FALSE	TRUE	5.1300048653502e-08	8.39386528765595e-05
BIOCHANIN-A	55461	MassBank	CE000047	Biochanin A	inchikey_connectivity_formula_mass	2	FALSE	TRUE	6.50430001769564e-06	0.0162607500442391
CPD-13135	55462	MassBank	CE000130	Indole-3-carboxylic acid	inchikey_connectivity_formula_mass	2	FALSE	TRUE	1.52590001789576e-06	0.00381475004473941
TYR	55463	MassBank	CE000224	D-Tyrosine	name_formula_mass	4	TRUE	TRUE	3.22459999324565e-06	0.00806149998311412
3-HYDROXYPROPYL-GLUCOSINOLATE	55464	MassBank	CE000522	3-Hydroxypropyl-Glucosinolate	name_formula_mass	4	FALSE	TRUE	2.78389995855832e-06	0.00695974989639581
cystine	55466	MassBank	CE000595	Cystine	inchikey	1	TRUE	TRUE	1.73600000152874e-06	0.00434000000382184
CPD-4614	55467	MassBank	CE000471	Trans-Zeatin-o-glucoside	inchikey	1	TRUE	TRUE	6.50310005312349e-06	0.0162577501328087
Serines	55468	MassBank	CE000499	Serine	inchikey	1	TRUE	TRUE	3.09619998972721e-06	0.00774049997431803
cystine	55470	MassBank	CE000599	Cystine	inchikey	1	TRUE	TRUE	1.73600000152874e-06	0.00434000000382184
3-METHYLTHIOPROPYL-GLUCOSINOLATE	55471	MassBank	CE000559	Glucoibervirin	name_formula_mass	4	FALSE	TRUE	3.34819998215607e-06	0.00822577074066271
L-rhamnose	55473	MassBank	CE000428	L-Rhamnose	inchikey	1	TRUE	TRUE	6.50429998927393e-06	0.0162607499731848
Serines	55475	MassBank	CE000495	Serine	inchikey	1	TRUE	TRUE	3.09619998972721e-06	0.00774049997431803
GLN	55476	MassBank	CE000297	Glutamine	name_formula_mass	4	TRUE	TRUE	2.1976999846629e-06	0.00549424996165726
CPD-1863	55477	MassBank	CE000592	Glucobrassicin	name_formula_mass	4	FALSE	TRUE	1.63129999464218e-06	0.00364079872135037
TRP	55478	MassBank	CE000178	L-Tryptophan	inchikey	1	TRUE	TRUE	2.36019999988457e-06	0.00590049999971143
3-METHYLTHIOPROPYL-GLUCOSINOLATE	55479	MassBank	CE000550	Glucoibervirin	name_formula_mass	4	FALSE	TRUE	3.34819998215607e-06	0.00822577074066271
CPD1F-90	55481	MassBank	CE000175	Kaempferol	inchikey_connectivity_formula_mass	2	FALSE	TRUE	1.94639994788304e-06	0.00486599986970759
D-GLT	55484	MassBank	CE000656	DL-Glutamate	name_formula_mass	4	FALSE	TRUE	2.2174999969593e-06	0.00554374999239826
GLT	55484	MassBank	CE000656	DL-Glutamate	name_formula_mass	4	FALSE	TRUE	2.2174999969593e-06	0.00554374999239826
CPDQT-281	55485	MassBank	CE000485	Glucoerucin	name_formula_mass	4	FALSE	TRUE	3.41239996259901e-06	0.00810443332257724
CPD-1863	55488	MassBank	CE000588	Glucobrassicin	name_formula_mass	4	FALSE	TRUE	1.63129999464218e-06	0.00364079872135037
D-THREONINE	55489	MassBank	CE000416	D-Threonine	name_formula_mass	4	TRUE	TRUE	3.16039999859186e-06	0.00790099999647964
3-METHYLTHIOPROPYL-GLUCOSINOLATE	55491	MassBank	CE000557	Glucoibervirin	name_formula_mass	4	FALSE	TRUE	3.34819998215607e-06	0.00822577074066271
D-GLT	55492	MassBank	CE000658	DL-Glutamate	name_formula_mass	4	FALSE	TRUE	2.2174999969593e-06	0.00554374999239826
GLT	55492	MassBank	CE000658	DL-Glutamate	name_formula_mass	4	FALSE	TRUE	2.2174999969593e-06	0.00554374999239826
TYR	55493	MassBank	CE000225	D-Tyrosine	name_formula_mass	4	TRUE	TRUE	3.22459999324565e-06	0.00806149998311412
D-THREONINE	55494	MassBank	CE000412	D-Threonine	name_formula_mass	4	TRUE	TRUE	3.16039999859186e-06	0.00790099999647964
PRO	55495	MassBank	CE000627	DL-Proline	name_formula_mass	4	TRUE	TRUE	1.46169999482026e-06	0.00365424998705066
Serines	55496	MassBank	CE000496	Serine	inchikey	1	TRUE	TRUE	3.09619998972721e-06	0.00774049997431803
CPDQT-295	55497	MassBank	CE000205	Glucoibarin	name_formula_mass	4	FALSE	TRUE	1.77289996372565e-06	0.00370051584362306
3-BENZOYLOXYPROPYL-GLUCOSINOLATE	55498	MassBank	CE000404	Glucomalcomiin	name_formula_mass	4	FALSE	TRUE	1.96659999573967e-06	0.00408795991799612
CPD1F-90	55499	MassBank	CE000173	Kaempferol	inchikey_connectivity_formula_mass	2	FALSE	TRUE	1.94639994788304e-06	0.00486599986970759
CPD-5741	55502	MassBank	CE000122	Rotenone	inchikey	1	TRUE	TRUE	1.561200008382e-06	0.003903000020955
TRP	55503	MassBank	CE000338	(±)-Tryptophan	name_formula_mass	4	TRUE	TRUE	2.36019999988457e-06	0.00590049999971143
CPDQT-281	55506	MassBank	CE000472	Glucoerucin	name_formula_mass	4	FALSE	TRUE	3.41239996259901e-06	0.00810443332257724
CPDQT-284	55507	MassBank	CE000645	Glucoalyssin	name_formula_mass	4	FALSE	TRUE	1.90129998145494e-06	0.00421514405175441
O-SINAPOYLCHOLINE	55508	MassBank	CE000054	Sinapine	inchikey	1	FALSE	TRUE	1.00782291819996	2519.55729549991
CPD-83	55511	MassBank	CE000096	Resveratrol	inchikey	1	TRUE	TRUE	4.25150000182839e-06	0.010628750004571
CPD-14834	55512	MassBank	CE000165	(-)-alpha-Narcotine	inchikey	1	TRUE	TRUE	2.09820001373373e-06	0.00507857425497329
CPDQT-280	55513	MassBank	CE000356	Glucoraphanin	name_formula_mass	4	FALSE	TRUE	1.96549996189788e-06	0.00449721341106618
GLN	55514	MassBank	CE000300	Glutamine	name_formula_mass	4	TRUE	TRUE	2.1976999846629e-06	0.00549424996165726
D-GLT	55516	MassBank	CE000657	DL-Glutamate	name_formula_mass	4	FALSE	TRUE	2.2174999969593e-06	0.00554374999239826
GLT	55516	MassBank	CE000657	DL-Glutamate	name_formula_mass	4	FALSE	TRUE	2.2174999969593e-06	0.00554374999239826
CPD-1863	55517	MassBank	CE000587	Glucobrassicin	name_formula_mass	4	FALSE	TRUE	1.63129999464218e-06	0.00364079872135037
PHE	55519	MassBank	CE000036	L-Phenylalanine	inchikey	1	TRUE	TRUE	1.39750000016647e-06	0.00349375000041618
3-HYDROXYPROPYL-GLUCOSINOLATE	55520	MassBank	CE000509	3-Hydroxypropyl-Glucosinolate	name_formula_mass	4	FALSE	TRUE	2.78389995855832e-06	0.00695974989639581
CPD-83	55521	MassBank	CE000094	Resveratrol	inchikey	1	TRUE	TRUE	4.25150000182839e-06	0.010628750004571
TYR	55522	MassBank	CE000228	D-Tyrosine	name_formula_mass	4	TRUE	TRUE	3.22459999324565e-06	0.00806149998311412
CPDQT-284	55523	MassBank	CE000647	Glucoalyssin	name_formula_mass	4	FALSE	TRUE	1.90129998145494e-06	0.00421514405175441
PHE	55524	MassBank	CE000280	D-Phenylalanine	name_formula_mass	4	TRUE	TRUE	1.39750000016647e-06	0.00349375000041618
D-THREONINE	55529	MassBank	CE000420	D-Threonine	name_formula_mass	4	TRUE	TRUE	3.16039999859186e-06	0.00790099999647964
CPDQT-295	55530	MassBank	CE000194	Glucoibarin	name_formula_mass	4	FALSE	TRUE	1.77289996372565e-06	0.00370051584362306
D-GLT	55533	MassBank	CE000662	DL-Glutamate	name_formula_mass	4	FALSE	TRUE	2.2174999969593e-06	0.00554374999239826
GLT	55533	MassBank	CE000662	DL-Glutamate	name_formula_mass	4	FALSE	TRUE	2.2174999969593e-06	0.00554374999239826
CPD-12447	55534	MassBank	CE000072	Phlorizin	inchikey_connectivity_formula_mass	2	FALSE	TRUE	3.00860000379544e-06	0.00689829198041954
CPD-4609	55535	MassBank	CE000126	Kinetin	inchikey	1	TRUE	TRUE	6.30000158707844e-08	0.000157500039676961
CPDQT-295	55538	MassBank	CE000208	Glucoibarin	name_formula_mass	4	FALSE	TRUE	1.77289996372565e-06	0.00370051584362306
ARG	55539	MassBank	CE000270	DL-Arginine	name_formula_mass	4	FALSE	TRUE	4.28559999932077e-06	0.0107139999983019
CPDQT-299	55540	MassBank	CE000667	Glucohirsutin	name_formula_mass	4	FALSE	TRUE	1.70870004012613e-06	0.00346514275973481
CPD-3642	55541	MassBank	CE000579	D-Valine	name_formula_mass	4	TRUE	TRUE	1.39750000016647e-06	0.00349375000041618
GLN	55542	MassBank	CE000291	Glutamine	name_formula_mass	4	TRUE	TRUE	2.1976999846629e-06	0.00549424996165726
CPD-14834	55543	MassBank	CE000166	(-)-alpha-Narcotine	inchikey	1	TRUE	TRUE	2.09820001373373e-06	0.00507857425497329
PRO	55545	MassBank	CE000636	DL-Proline	name_formula_mass	4	TRUE	TRUE	1.46169999482026e-06	0.00365424998705066
CPD-3141	55546	MassBank	CE000012	Genistein	inchikey_connectivity_formula_mass	2	FALSE	TRUE	3.43149997661385e-06	0.00857874994153462
CPDQT-280	55547	MassBank	CE000350	Glucoraphanin	name_formula_mass	4	FALSE	TRUE	1.96549996189788e-06	0.00449721341106618
MET	55548	MassBank	CE000447	Racemethionine	name_formula_mass	4	TRUE	TRUE	7.07499992813609e-07	0.00176874998203402
3-BENZOYLOXYPROPYL-GLUCOSINOLATE	55549	MassBank	CE000403	Glucomalcomiin	name_formula_mass	4	FALSE	TRUE	1.96659999573967e-06	0.00408795991799612
TYRAMINE	55550	MassBank	CE000015	Tyramine	inchikey_connectivity_formula_mass	2	FALSE	TRUE	3.98040000959554e-06	0.00995100002398885
CPD-14817	55552	MassBank	CE000077	Emetine	inchikey_connectivity_formula_mass	2	FALSE	TRUE	2.21720000581627e-06	0.00461629296156597
5-METHOXYFURANOCOUMARIN	55553	MassBank	CE000160	Bergapten	inchikey	1	TRUE	TRUE	1.25479999724121e-06	0.00313699999310302
3-HYDROXYPROPYL-GLUCOSINOLATE	55554	MassBank	CE000508	3-Hydroxypropyl-Glucosinolate	name_formula_mass	4	FALSE	TRUE	2.78389995855832e-06	0.00695974989639581
ARG	55555	MassBank	CE000272	DL-Arginine	name_formula_mass	4	FALSE	TRUE	4.28559999932077e-06	0.0107139999983019
D-galactopyranose	55556	MassBank	CE000691	Galactose	inchikey	1	TRUE	TRUE	1.88219999586181e-06	0.00470549998965453
LEU	55558	MassBank	CE000688	Leucine	name_formula_mass	4	TRUE	TRUE	1.33329999130183e-06	0.00333324997825457
CPD-4609	55559	MassBank	CE000123	Kinetin	inchikey	1	TRUE	TRUE	6.30000158707844e-08	0.000157500039676961
PRO	55560	MassBank	CE000625	DL-Proline	name_formula_mass	4	TRUE	TRUE	1.46169999482026e-06	0.00365424998705066
CPD-9577	55561	MassBank	CE000064	IAA-Val	inchikey_connectivity_formula_mass	2	FALSE	TRUE	2.45450002012149e-06	0.00613625005030372
L-ASPARTATE	55563	MassBank	CE000454	Aspartate	name_formula_mass	4	FALSE	TRUE	2.28170000582395e-06	0.00570425001455988
D-THREONINE	55564	MassBank	CE000421	D-Threonine	name_formula_mass	4	TRUE	TRUE	3.16039999859186e-06	0.00790099999647964
BERBERINE	55566	MassBank	CE000113	Berberine	inchikey	1	FALSE	TRUE	1.0078281035	2519.57025875001
CPD-12447	55569	MassBank	CE000071	Phlorizin	inchikey_connectivity_formula_mass	2	FALSE	TRUE	3.00860000379544e-06	0.00689829198041954
3-METHYLTHIOPROPYL-GLUCOSINOLATE	55571	MassBank	CE000546	Glucoibervirin	name_formula_mass	4	FALSE	TRUE	3.34819998215607e-06	0.00822577074066271
3-BENZOYLOXYPROPYL-GLUCOSINOLATE	55572	MassBank	CE000406	Glucomalcomiin	name_formula_mass	4	FALSE	TRUE	1.96659999573967e-06	0.00408795991799612
3-METHYLTHIOPROPYL-GLUCOSINOLATE	55575	MassBank	CE000555	Glucoibervirin	name_formula_mass	4	FALSE	TRUE	3.34819998215607e-06	0.00822577074066271
Serines	55576	MassBank	CE000500	Serine	inchikey	1	TRUE	TRUE	3.09619998972721e-06	0.00774049997431803
D-THREONINE	55577	MassBank	CE000425	D-Threonine	name_formula_mass	4	TRUE	TRUE	3.16039999859186e-06	0.00790099999647964
PRO	55579	MassBank	CE000637	DL-Proline	name_formula_mass	4	TRUE	TRUE	1.46169999482026e-06	0.00365424998705066
5-METHOXYFURANOCOUMARIN	55582	MassBank	CE000158	Bergapten	inchikey	1	TRUE	TRUE	1.25479999724121e-06	0.00313699999310302
CPD-3642	55583	MassBank	CE000562	D-Valine	name_formula_mass	4	TRUE	TRUE	1.39750000016647e-06	0.00349375000041618
CPDQT-299	55585	MassBank	CE000675	Glucohirsutin	name_formula_mass	4	FALSE	TRUE	1.70870004012613e-06	0.00346514275973481
CPDQT-299	55588	MassBank	CE000672	Glucohirsutin	name_formula_mass	4	FALSE	TRUE	1.70870004012613e-06	0.00346514275973481
ADENOSINE	55593	MassBank	CE000145	Adenosine	inchikey	1	TRUE	TRUE	6.0683000242534e-06	0.0151707500606335
CPD-7119	55594	MassBank	CE000109	Xanthohumol	inchikey_connectivity_formula_mass	2	FALSE	TRUE	3.8166999729583e-06	0.00954174993239576
GLN	55596	MassBank	CE000302	Glutamine	name_formula_mass	4	TRUE	TRUE	2.1976999846629e-06	0.00549424996165726
GLN	55598	MassBank	CE000305	Glutamine	name_formula_mass	4	TRUE	TRUE	2.1976999846629e-06	0.00549424996165726
cystine	55600	MassBank	CE000596	Cystine	inchikey	1	TRUE	TRUE	1.73600000152874e-06	0.00434000000382184
LEU	55601	MassBank	CE000689	Leucine	name_formula_mass	4	TRUE	TRUE	1.33329999130183e-06	0.00333324997825457
CPDQT-280	55604	MassBank	CE000366	Glucoraphanin	name_formula_mass	4	FALSE	TRUE	1.96549996189788e-06	0.00449721341106618
PHE	55605	MassBank	CE000040	L-Phenylalanine	inchikey	1	TRUE	TRUE	1.39750000016647e-06	0.00349375000041618
CPD-9577	55606	MassBank	CE000062	IAA-Val	inchikey_connectivity_formula_mass	2	FALSE	TRUE	2.45450002012149e-06	0.00613625005030372
CPD-3642	55607	MassBank	CE000576	D-Valine	name_formula_mass	4	TRUE	TRUE	1.39750000016647e-06	0.00349375000041618
CPD-4210	55608	MassBank	CE000307	Zeatin	inchikey	1	TRUE	TRUE	6.54000018585066e-08	0.000163500004646266
L-ASPARTATE	55609	MassBank	CE000466	Aspartate	name_formula_mass	4	FALSE	TRUE	2.28170000582395e-06	0.00570425001455988
L-ASPARTATE	55610	MassBank	CE000460	Aspartate	name_formula_mass	4	FALSE	TRUE	2.28170000582395e-06	0.00570425001455988
LEU	55612	MassBank	CE000686	Leucine	name_formula_mass	4	TRUE	TRUE	1.33329999130183e-06	0.00333324997825457
CPDQT-299	55613	MassBank	CE000679	Glucohirsutin	name_formula_mass	4	FALSE	TRUE	1.70870004012613e-06	0.00346514275973481
TRP	55614	MassBank	CE000334	(±)-Tryptophan	name_formula_mass	4	TRUE	TRUE	2.36019999988457e-06	0.00590049999971143
CPDQT-281	55616	MassBank	CE000476	Glucoerucin	name_formula_mass	4	FALSE	TRUE	3.41239996259901e-06	0.00810443332257724
PHE	55617	MassBank	CE000278	D-Phenylalanine	name_formula_mass	4	TRUE	TRUE	1.39750000016647e-06	0.00349375000041618
TRP	55618	MassBank	CE000339	(±)-Tryptophan	name_formula_mass	4	TRUE	TRUE	2.36019999988457e-06	0.00590049999971143
TRP	55620	MassBank	CE000336	(±)-Tryptophan	name_formula_mass	4	TRUE	TRUE	2.36019999988457e-06	0.00590049999971143
CPDQT-299	55621	MassBank	CE000670	Glucohirsutin	name_formula_mass	4	FALSE	TRUE	1.70870004012613e-06	0.00346514275973481
3-HYDROXYPROPYL-GLUCOSINOLATE	55622	MassBank	CE000514	3-Hydroxypropyl-Glucosinolate	name_formula_mass	4	FALSE	TRUE	2.78389995855832e-06	0.00695974989639581
CPD-3642	55623	MassBank	CE000563	D-Valine	name_formula_mass	4	TRUE	TRUE	1.39750000016647e-06	0.00349375000041618
CPD-1863	55627	MassBank	CE000583	Glucobrassicin	name_formula_mass	4	FALSE	TRUE	1.63129999464218e-06	0.00364079872135037
ADENOSINE	55629	MassBank	CE000143	Adenosine	inchikey	1	TRUE	TRUE	6.0683000242534e-06	0.0151707500606335
ADENOSINE	55630	MassBank	CE000144	Adenosine	inchikey	1	TRUE	TRUE	6.0683000242534e-06	0.0151707500606335
TRP	55631	MassBank	CE000180	L-Tryptophan	inchikey	1	TRUE	TRUE	2.36019999988457e-06	0.00590049999971143
TYRAMINE	55632	MassBank	CE000019	Tyramine	inchikey_connectivity_formula_mass	2	FALSE	TRUE	3.98040000959554e-06	0.00995100002398885
TYR	55633	MassBank	CE000232	D-Tyrosine	name_formula_mass	4	TRUE	TRUE	3.22459999324565e-06	0.00806149998311412
CPDQT-299	55634	MassBank	CE000680	Glucohirsutin	name_formula_mass	4	FALSE	TRUE	1.70870004012613e-06	0.00346514275973481
3-HYDROXYPROPYL-GLUCOSINOLATE	55635	MassBank	CE000521	3-Hydroxypropyl-Glucosinolate	name_formula_mass	4	FALSE	TRUE	2.78389995855832e-06	0.00695974989639581
CPD-13135	55636	MassBank	CE000132	Indole-3-carboxylic acid	inchikey_connectivity_formula_mass	2	FALSE	TRUE	1.52590001789576e-06	0.00381475004473941
CPD-83	55638	MassBank	CE000095	Resveratrol	inchikey	1	TRUE	TRUE	4.25150000182839e-06	0.010628750004571
D-THREONINE	55639	MassBank	CE000414	D-Threonine	name_formula_mass	4	TRUE	TRUE	3.16039999859186e-06	0.00790099999647964
CPDQT-281	55640	MassBank	CE000474	Glucoerucin	name_formula_mass	4	FALSE	TRUE	3.41239996259901e-06	0.00810443332257724
RUTIN	55642	MassBank	CE000138	Rutin	inchikey_connectivity_formula_mass	2	FALSE	TRUE	5.08339996940776e-06	0.00833134764974319
3-BENZOYLOXYPROPYL-GLUCOSINOLATE	55644	MassBank	CE000405	Glucomalcomiin	name_formula_mass	4	FALSE	TRUE	1.96659999573967e-06	0.00408795991799612
LEU	55645	MassBank	CE000683	Leucine	name_formula_mass	4	TRUE	TRUE	1.33329999130183e-06	0.00333324997825457
CPD-12447	55646	MassBank	CE000074	Phlorizin	inchikey_connectivity_formula_mass	2	FALSE	TRUE	3.00860000379544e-06	0.00689829198041954
3-METHYLSULFINYLPROPYL-GLUCOSINOLATE	55647	MassBank	CE000309	Glucoiberin	name_formula_mass	4	FALSE	TRUE	2.02969994234081e-06	0.00479797345264527
CPDQT-284	55648	MassBank	CE000650	Glucoalyssin	name_formula_mass	4	FALSE	TRUE	1.90129998145494e-06	0.00421514405175441
CPDQT-281	55649	MassBank	CE000478	Glucoerucin	name_formula_mass	4	FALSE	TRUE	3.41239996259901e-06	0.00810443332257724
L-ASPARTATE	55650	MassBank	CE000468	Aspartate	name_formula_mass	4	FALSE	TRUE	2.28170000582395e-06	0.00570425001455988
3-METHYLTHIOPROPYL-GLUCOSINOLATE	55653	MassBank	CE000553	Glucoibervirin	name_formula_mass	4	FALSE	TRUE	3.34819998215607e-06	0.00822577074066271
GLN	55654	MassBank	CE000298	Glutamine	name_formula_mass	4	TRUE	TRUE	2.1976999846629e-06	0.00549424996165726
3-BENZOYLOXYPROPYL-GLUCOSINOLATE	55655	MassBank	CE000398	Glucomalcomiin	name_formula_mass	4	FALSE	TRUE	1.96659999573967e-06	0.00408795991799612
cystine	55656	MassBank	CE000597	Cystine	inchikey	1	TRUE	TRUE	1.73600000152874e-06	0.00434000000382184
PRO	55657	MassBank	CE000638	DL-Proline	name_formula_mass	4	TRUE	TRUE	1.46169999482026e-06	0.00365424998705066
LEU	55659	MassBank	CE000682	Leucine	name_formula_mass	4	TRUE	TRUE	1.33329999130183e-06	0.00333324997825457
D-THREONINE	55660	MassBank	CE000410	D-Threonine	name_formula_mass	4	TRUE	TRUE	3.16039999859186e-06	0.00790099999647964
ARG	55661	MassBank	CE000267	DL-Arginine	name_formula_mass	4	FALSE	TRUE	4.28559999932077e-06	0.0107139999983019
CPDQT-280	55662	MassBank	CE000360	Glucoraphanin	name_formula_mass	4	FALSE	TRUE	1.96549996189788e-06	0.00449721341106618
3-HYDROXYPROPYL-GLUCOSINOLATE	55664	MassBank	CE000519	3-Hydroxypropyl-Glucosinolate	name_formula_mass	4	FALSE	TRUE	2.78389995855832e-06	0.00695974989639581
TYR	55665	MassBank	CE000226	D-Tyrosine	name_formula_mass	4	TRUE	TRUE	3.22459999324565e-06	0.00806149998311412
CPD-5741	55666	MassBank	CE000119	Rotenone	inchikey	1	TRUE	TRUE	1.561200008382e-06	0.003903000020955
CPDQT-299	55667	MassBank	CE000663	Glucohirsutin	name_formula_mass	4	FALSE	TRUE	1.70870004012613e-06	0.00346514275973481
cystine	55668	MassBank	CE000603	Cystine	inchikey	1	TRUE	TRUE	1.73600000152874e-06	0.00434000000382184
D-GLT	55669	MassBank	CE000655	DL-Glutamate	name_formula_mass	4	FALSE	TRUE	2.2174999969593e-06	0.00554374999239826
GLT	55669	MassBank	CE000655	DL-Glutamate	name_formula_mass	4	FALSE	TRUE	2.2174999969593e-06	0.00554374999239826
L-ASPARTATE	55671	MassBank	CE000462	Aspartate	name_formula_mass	4	FALSE	TRUE	2.28170000582395e-06	0.00570425001455988
CPDQT-280	55672	MassBank	CE000352	Glucoraphanin	name_formula_mass	4	FALSE	TRUE	1.96549996189788e-06	0.00449721341106618
CPDQT-295	55673	MassBank	CE000211	Glucoibarin	name_formula_mass	4	FALSE	TRUE	1.77289996372565e-06	0.00370051584362306
CPD-5741	55674	MassBank	CE000116	Rotenone	inchikey	1	TRUE	TRUE	1.561200008382e-06	0.003903000020955
CPD-3642	55675	MassBank	CE000569	D-Valine	name_formula_mass	4	TRUE	TRUE	1.39750000016647e-06	0.00349375000041618
ARG	55676	MassBank	CE000269	DL-Arginine	name_formula_mass	4	FALSE	TRUE	4.28559999932077e-06	0.0107139999983019
CPDQT-281	55677	MassBank	CE000481	Glucoerucin	name_formula_mass	4	FALSE	TRUE	3.41239996259901e-06	0.00810443332257724
L-ASPARTATE	55678	MassBank	CE000457	Aspartate	name_formula_mass	4	FALSE	TRUE	2.28170000582395e-06	0.00570425001455988
CPDQT-295	55679	MassBank	CE000209	Glucoibarin	name_formula_mass	4	FALSE	TRUE	1.77289996372565e-06	0.00370051584362306
CPD-3642	55680	MassBank	CE000567	D-Valine	name_formula_mass	4	TRUE	TRUE	1.39750000016647e-06	0.00349375000041618
CPD-3642	55681	MassBank	CE000568	D-Valine	name_formula_mass	4	TRUE	TRUE	1.39750000016647e-06	0.00349375000041618
CPD-4208	55682	MassBank	CE000621	trans-zeatin riboside	inchikey	1	TRUE	TRUE	1.18940005222612e-06	0.0029735001305653
5-METHOXYFURANOCOUMARIN	55683	MassBank	CE000159	Bergapten	inchikey	1	TRUE	TRUE	1.25479999724121e-06	0.00313699999310302
TYRAMINE	55684	MassBank	CE000017	Tyramine	inchikey_connectivity_formula_mass	2	FALSE	TRUE	3.98040000959554e-06	0.00995100002398885
L-ASPARTATE	55685	MassBank	CE000467	Aspartate	name_formula_mass	4	FALSE	TRUE	2.28170000582395e-06	0.00570425001455988
CPD-3642	55686	MassBank	CE000572	D-Valine	name_formula_mass	4	TRUE	TRUE	1.39750000016647e-06	0.00349375000041618
SPHINGOSINE	55687	MassBank	CE000306	Sphingosine	inchikey_connectivity_formula_mass	2	FALSE	TRUE	5.62899970191211e-07	0.00140724992547803
TYR	55688	MassBank	CE000227	D-Tyrosine	name_formula_mass	4	TRUE	TRUE	3.22459999324565e-06	0.00806149998311412
CPDQT-295	55689	MassBank	CE000203	Glucoibarin	name_formula_mass	4	FALSE	TRUE	1.77289996372565e-06	0.00370051584362306
CPD-3642	55690	MassBank	CE000565	D-Valine	name_formula_mass	4	TRUE	TRUE	1.39750000016647e-06	0.00349375000041618
PRO	55693	MassBank	CE000631	DL-Proline	name_formula_mass	4	TRUE	TRUE	1.46169999482026e-06	0.00365424998705066
L-ASPARTATE	55694	MassBank	CE000456	Aspartate	name_formula_mass	4	FALSE	TRUE	2.28170000582395e-06	0.00570425001455988
PRO	55695	MassBank	CE000622	DL-Proline	name_formula_mass	4	TRUE	TRUE	1.46169999482026e-06	0.00365424998705066
CPD1F-90	55696	MassBank	CE000172	Kaempferol	inchikey_connectivity_formula_mass	2	FALSE	TRUE	1.94639994788304e-06	0.00486599986970759
3-BENZOYLOXYPROPYL-GLUCOSINOLATE	55697	MassBank	CE000402	Glucomalcomiin	name_formula_mass	4	FALSE	TRUE	1.96659999573967e-06	0.00408795991799612
CPDQT-299	55698	MassBank	CE000664	Glucohirsutin	name_formula_mass	4	FALSE	TRUE	1.70870004012613e-06	0.00346514275973481
D-GLT	55699	MassBank	CE000659	DL-Glutamate	name_formula_mass	4	FALSE	TRUE	2.2174999969593e-06	0.00554374999239826
GLT	55699	MassBank	CE000659	DL-Glutamate	name_formula_mass	4	FALSE	TRUE	2.2174999969593e-06	0.00554374999239826
PRO	55701	MassBank	CE000628	DL-Proline	name_formula_mass	4	TRUE	TRUE	1.46169999482026e-06	0.00365424998705066
CPD-7630	55702	MassBank	CE000090	Epicatechin	inchikey	1	TRUE	TRUE	1.81800004384058e-06	0.00454500010960146
CPD-15972	55705	MassBank	CE000692	beta-Lactose	name_formula_mass	4	TRUE	TRUE	8.45069996557868e-06	0.0211267499139467
CPD-520	55706	MassBank	CE000169	Quercetin	inchikey_connectivity_formula_mass	2	FALSE	TRUE	2.67570004552908e-06	0.00668925011382271
L-ASPARTATE	55707	MassBank	CE000459	Aspartate	name_formula_mass	4	FALSE	TRUE	2.28170000582395e-06	0.00570425001455988
CPD-9847	55708	MassBank	CE000026	Cinchonine	name_formula_mass	4	FALSE	TRUE	3.33870002577896e-06	0.00834675006444741
CPDQT-299	55710	MassBank	CE000677	Glucohirsutin	name_formula_mass	4	FALSE	TRUE	1.70870004012613e-06	0.00346514275973481
TRP	55713	MassBank	CE000331	(±)-Tryptophan	name_formula_mass	4	TRUE	TRUE	2.36019999988457e-06	0.00590049999971143
PRO	55714	MassBank	CE000626	DL-Proline	name_formula_mass	4	TRUE	TRUE	1.46169999482026e-06	0.00365424998705066
CPDQT-295	55715	MassBank	CE000197	Glucoibarin	name_formula_mass	4	FALSE	TRUE	1.77289996372565e-06	0.00370051584362306
PHE	55716	MassBank	CE000279	D-Phenylalanine	name_formula_mass	4	TRUE	TRUE	1.39750000016647e-06	0.00349375000041618
D-GLT	55718	MassBank	CE000654	DL-Glutamate	name_formula_mass	4	FALSE	TRUE	2.2174999969593e-06	0.00554374999239826
GLT	55718	MassBank	CE000654	DL-Glutamate	name_formula_mass	4	FALSE	TRUE	2.2174999969593e-06	0.00554374999239826
TRP	55719	MassBank	CE000341	(±)-Tryptophan	name_formula_mass	4	TRUE	TRUE	2.36019999988457e-06	0.00590049999971143
TYRAMINE	55722	MassBank	CE000016	Tyramine	inchikey_connectivity_formula_mass	2	FALSE	TRUE	3.98040000959554e-06	0.00995100002398885
3-METHYLTHIOPROPYL-GLUCOSINOLATE	55723	MassBank	CE000558	Glucoibervirin	name_formula_mass	4	FALSE	TRUE	3.34819998215607e-06	0.00822577074066271
PHE	55724	MassBank	CE000277	D-Phenylalanine	name_formula_mass	4	TRUE	TRUE	1.39750000016647e-06	0.00349375000041618
D-mannopyranose	55725	MassBank	CE000286	Mannose	inchikey	1	TRUE	TRUE	1.88219999586181e-06	0.00470549998965453
cystine	55726	MassBank	CE000601	Cystine	inchikey	1	TRUE	TRUE	1.73600000152874e-06	0.00434000000382184
CPD-7145	55727	MassBank	CE000389	Delphinidin 3-rutinoside	inchikey_connectivity_formula_mass	2	FALSE	TRUE	5.1300048653502e-08	8.39386528765595e-05
CPDQT-280	55728	MassBank	CE000357	Glucoraphanin	name_formula_mass	4	FALSE	TRUE	1.96549996189788e-06	0.00449721341106618
CPDQT-281	55729	MassBank	CE000475	Glucoerucin	name_formula_mass	4	FALSE	TRUE	3.41239996259901e-06	0.00810443332257724
D-GLT	55731	MassBank	CE000652	DL-Glutamate	name_formula_mass	4	FALSE	TRUE	2.2174999969593e-06	0.00554374999239826
GLT	55731	MassBank	CE000652	DL-Glutamate	name_formula_mass	4	FALSE	TRUE	2.2174999969593e-06	0.00554374999239826
MET	55732	MassBank	CE000452	Racemethionine	name_formula_mass	4	TRUE	TRUE	7.07499992813609e-07	0.00176874998203402
CPD-3642	55733	MassBank	CE000573	D-Valine	name_formula_mass	4	TRUE	TRUE	1.39750000016647e-06	0.00349375000041618
Serines	55735	MassBank	CE000490	Serine	inchikey	1	TRUE	TRUE	3.09619998972721e-06	0.00774049997431803
CPD-5741	55736	MassBank	CE000117	Rotenone	inchikey	1	TRUE	TRUE	1.561200008382e-06	0.003903000020955
CPD-13135	55737	MassBank	CE000131	Indole-3-carboxylic acid	inchikey_connectivity_formula_mass	2	FALSE	TRUE	1.52590001789576e-06	0.00381475004473941
CPD-7145	55738	MassBank	CE000391	Delphinidin 3-rutinoside	inchikey_connectivity_formula_mass	2	FALSE	TRUE	5.1300048653502e-08	8.39386528765595e-05
TYR	55739	MassBank	CE000229	D-Tyrosine	name_formula_mass	4	TRUE	TRUE	3.22459999324565e-06	0.00806149998311412
PHE	55740	MassBank	CE000039	L-Phenylalanine	inchikey	1	TRUE	TRUE	1.39750000016647e-06	0.00349375000041618
L-ASPARTATE	55741	MassBank	CE000470	Aspartate	name_formula_mass	4	FALSE	TRUE	2.28170000582395e-06	0.00570425001455988
3-METHYLTHIOPROPYL-GLUCOSINOLATE	55742	MassBank	CE000551	Glucoibervirin	name_formula_mass	4	FALSE	TRUE	3.34819998215607e-06	0.00822577074066271
ARG	55743	MassBank	CE000276	DL-Arginine	name_formula_mass	4	FALSE	TRUE	4.28559999932077e-06	0.0107139999983019
CPDQT-281	55744	MassBank	CE000477	Glucoerucin	name_formula_mass	4	FALSE	TRUE	3.41239996259901e-06	0.00810443332257724
BIOCHANIN-A	55745	MassBank	CE000046	Biochanin A	inchikey_connectivity_formula_mass	2	FALSE	TRUE	6.50430001769564e-06	0.0162607500442391
D-THREONINE	55746	MassBank	CE000409	D-Threonine	name_formula_mass	4	TRUE	TRUE	3.16039999859186e-06	0.00790099999647964
CPDQT-295	55747	MassBank	CE000200	Glucoibarin	name_formula_mass	4	FALSE	TRUE	1.77289996372565e-06	0.00370051584362306
CPDQT-295	55748	MassBank	CE000204	Glucoibarin	name_formula_mass	4	FALSE	TRUE	1.77289996372565e-06	0.00370051584362306
PRO	55749	MassBank	CE000623	DL-Proline	name_formula_mass	4	TRUE	TRUE	1.46169999482026e-06	0.00365424998705066
CPD1F-90	55750	MassBank	CE000174	Kaempferol	inchikey_connectivity_formula_mass	2	FALSE	TRUE	1.94639994788304e-06	0.00486599986970759
BIOCHANIN-A	55751	MassBank	CE000049	Biochanin A	inchikey_connectivity_formula_mass	2	FALSE	TRUE	6.50430001769564e-06	0.0162607500442391
TRP	55752	MassBank	CE000345	(±)-Tryptophan	name_formula_mass	4	TRUE	TRUE	2.36019999988457e-06	0.00590049999971143
3-HYDROXYPROPYL-GLUCOSINOLATE	55753	MassBank	CE000513	3-Hydroxypropyl-Glucosinolate	name_formula_mass	4	FALSE	TRUE	2.78389995855832e-06	0.00695974989639581
GLN	55755	MassBank	CE000289	Glutamine	name_formula_mass	4	TRUE	TRUE	2.1976999846629e-06	0.00549424996165726
CPDQT-281	55757	MassBank	CE000479	Glucoerucin	name_formula_mass	4	FALSE	TRUE	3.41239996259901e-06	0.00810443332257724
MET	55758	MassBank	CE000443	Racemethionine	name_formula_mass	4	TRUE	TRUE	7.07499992813609e-07	0.00176874998203402
CPDQT-281	55759	MassBank	CE000489	Glucoerucin	name_formula_mass	4	FALSE	TRUE	3.41239996259901e-06	0.00810443332257724
3-BENZOYLOXYPROPYL-GLUCOSINOLATE	55760	MassBank	CE000396	Glucomalcomiin	name_formula_mass	4	FALSE	TRUE	1.96659999573967e-06	0.00408795991799612
ARG	55761	MassBank	CE000268	DL-Arginine	name_formula_mass	4	FALSE	TRUE	4.28559999932077e-06	0.0107139999983019
CPDQT-295	55762	MassBank	CE000196	Glucoibarin	name_formula_mass	4	FALSE	TRUE	1.77289996372565e-06	0.00370051584362306
PRO	55763	MassBank	CE000633	DL-Proline	name_formula_mass	4	TRUE	TRUE	1.46169999482026e-06	0.00365424998705066
CPD-13135	55765	MassBank	CE000128	Indole-3-carboxylic acid	inchikey_connectivity_formula_mass	2	FALSE	TRUE	1.52590001789576e-06	0.00381475004473941
3-METHYLTHIOPROPYL-GLUCOSINOLATE	55766	MassBank	CE000549	Glucoibervirin	name_formula_mass	4	FALSE	TRUE	3.34819998215607e-06	0.00822577074066271
TYR	55767	MassBank	CE000230	D-Tyrosine	name_formula_mass	4	TRUE	TRUE	3.22459999324565e-06	0.00806149998311412
O-SINAPOYLCHOLINE	55768	MassBank	CE000055	Sinapine	inchikey	1	FALSE	TRUE	1.00782291819996	2519.55729549991
Serines	55769	MassBank	CE000494	Serine	inchikey	1	TRUE	TRUE	3.09619998972721e-06	0.00774049997431803
L-ASPARTATE	55771	MassBank	CE000453	Aspartate	name_formula_mass	4	FALSE	TRUE	2.28170000582395e-06	0.00570425001455988
CPD-14817	55772	MassBank	CE000076	Emetine	inchikey_connectivity_formula_mass	2	FALSE	TRUE	2.21720000581627e-06	0.00461629296156597
3-METHYLTHIOPROPYL-GLUCOSINOLATE	55774	MassBank	CE000545	Glucoibervirin	name_formula_mass	4	FALSE	TRUE	3.34819998215607e-06	0.00822577074066271
MET	55775	MassBank	CE000442	Racemethionine	name_formula_mass	4	TRUE	TRUE	7.07499992813609e-07	0.00176874998203402
O-SINAPOYLCHOLINE	55779	MassBank	CE000051	Sinapine	inchikey	1	FALSE	TRUE	1.00782291819996	2519.55729549991
CPD-4620	55780	MassBank	CE000693	cis-Zeatin O-glucoside	inchikey	1	TRUE	TRUE	6.50310005312349e-06	0.0162577501328087
CPD-8785	55801	MassBank	MSJ00080	(+)-Limonene	inchikey	1	TRUE	TRUE	5.13599985652036e-07	0.00128399996413009
CPD-440	55805	MassBank	MSJ00001	Moupinamide	inchikey	1	TRUE	TRUE	1.8965000094795e-06	0.00474125002369874
CPD-7850	55817	MassBank	MSJ00126	Echinenone	inchikey	1	TRUE	TRUE	3.36444999220475e-05	0.0611254220270645
TYRAMINE	55828	MassBank	MSJ00485	Tyramine	inchikey_connectivity_formula_mass	2	FALSE	TRUE	3.98040000959554e-06	0.00995100002398885
GLYCEROL	55847	MassBank	MSJ00060	Glycerol	inchikey	1	TRUE	TRUE	4.12309999830995e-06	0.0103077499957749
5Z8Z11Z14Z17Z-EICOSAPENTAENOATE	55863	MassBank	MSJ00051	Eicosapentaenoic acid	inchikey_connectivity_formula_mass	2	FALSE	TRUE	2.0720000293295e-07	0.000518000007332375
CPD1F-98	55869	MassBank	MSJ00144	7,7',8,8'-Tetrahydrolycopene	inchikey	1	TRUE	TRUE	1.92599998172227e-06	0.00356356829545208
CPD1F-130	55876	MassBank	MSJ00116	Zeaxanthin	inchikey	1	TRUE	TRUE	3.10417999571655e-05	0.054609903562062
CPD-12187	55878	MassBank	MSJ00019	Demethoxycurcumin	inchikey	1	TRUE	TRUE	3.68830001207243e-06	0.00922075003018108
CPD1F-130	55891	MassBank	MSJ00115	Zeaxanthin	inchikey	1	TRUE	TRUE	3.10417999571655e-05	0.054609903562062
CPD-7847	55945	MassBank	MSJ00124	Astaxanthin	inchikey	1	TRUE	TRUE	3.98424000422892e-05	0.0668063345219593
ALPHA-TOCOPHEROL	55948	MassBank	MSJ00168	alpha-Tocopherol	inchikey	1	TRUE	TRUE	1.91508000284557e-05	0.0444973092001828
CPD1F-98	55969	MassBank	MSJ00145	7,7',8,8'-Tetrahydrolycopene	inchikey	1	TRUE	TRUE	1.92599998172227e-06	0.00356356829545208
CPD-7847	55971	MassBank	MSJ00125	Astaxanthin	inchikey	1	TRUE	TRUE	3.98424000422892e-05	0.0668063345219593
CPD1F-114	55999	MassBank	MSJ00131	Lycopene	inchikey	1	TRUE	TRUE	1.79759990714956e-06	0.00335099159814834
CPD-440	56005	MassBank	MSJ00002	Moupinamide	inchikey	1	TRUE	TRUE	1.8965000094795e-06	0.00474125002369874
CPD-12724	56008	MassBank	MSJ00021	Baicalein	inchikey	1	TRUE	TRUE	3.43149997661385e-06	0.00857874994153462
CPD0-1951	56031	MassBank	MSJ00061	(2R)-3-Sulfanylpropane-1,2-diol	inchikey	1	TRUE	TRUE	1.90999998039842e-07	0.000477499995099606
CPD-12187	56062	MassBank	MSJ00020	Demethoxycurcumin	inchikey	1	TRUE	TRUE	3.68830001207243e-06	0.00922075003018108
SQUALENE	56105	MassBank	MSJ00148	Squalene	inchikey	1	TRUE	TRUE	4.83950000216282e-05	0.117924053771517
CPD1F-131	56107	MassBank	MSJ00121	Antheraxanthin	inchikey	1	TRUE	TRUE	4.56638999821735e-05	0.0781350224541571
CPD1F-129	56109	MassBank	MSJ00138	beta-Carotene	inchikey	1	TRUE	TRUE	1.79759990714956e-06	0.00335099159814834
TYRAMINE	56128	MassBank	MSJ00490	Tyramine	inchikey_connectivity_formula_mass	2	FALSE	TRUE	3.98040000959554e-06	0.00995100002398885
CPD0-1951	56136	MassBank	MSJ00062	(2R)-3-Sulfanylpropane-1,2-diol	inchikey	1	TRUE	TRUE	1.90999998039842e-07	0.000477499995099606
CPD1F-130	56166	MassBank	MSJ00119	Zeaxanthin	inchikey	1	TRUE	TRUE	3.10417999571655e-05	0.054609903562062
ARACHIDONIC_ACID	56170	MassBank	MSJ00047	Arachidonic acid	inchikey_connectivity_formula_mass	2	FALSE	TRUE	2.71399983375886e-07	0.000678499958439716
CPD1F-114	56178	MassBank	MSJ00130	Lycopene	inchikey	1	TRUE	TRUE	1.79759990714956e-06	0.00335099159814834
CPD-12724	56193	MassBank	MSJ00022	Baicalein	inchikey	1	TRUE	TRUE	3.43149997661385e-06	0.00857874994153462
TYRAMINE	56202	MassBank	MSJ00486	Tyramine	inchikey_connectivity_formula_mass	2	FALSE	TRUE	3.98040000959554e-06	0.00995100002398885
TYRAMINE	56205	MassBank	MSJ00483	Tyramine	inchikey_connectivity_formula_mass	2	FALSE	TRUE	3.98040000959554e-06	0.00995100002398885
ALPHA-TOCOPHEROL	56213	MassBank	MSJ00169	alpha-Tocopherol	inchikey	1	TRUE	TRUE	8.08492000032857e-05	0.187854911846402
CPD-7847	56244	MassBank	MSJ00123	Astaxanthin	inchikey	1	TRUE	TRUE	3.98424000422892e-05	0.0668063345219593
CPD1F-129	56245	MassBank	MSJ00139	beta-Carotene	inchikey	1	TRUE	TRUE	1.79759990714956e-06	0.00335099159814834
TYRAMINE	56249	MassBank	MSJ00487	Tyramine	inchikey_connectivity_formula_mass	2	FALSE	TRUE	3.98040000959554e-06	0.00995100002398885
CPD1F-119	56250	MassBank	MSJ00111	Lutein	inchikey	1	TRUE	TRUE	3.10417999571655e-05	0.054609903562062
CPD1F-130	56253	MassBank	MSJ00117	Zeaxanthin	inchikey	1	TRUE	TRUE	3.10417999571655e-05	0.054609903562062
CPD-7847	56259	MassBank	MSJ00122	Astaxanthin	inchikey	1	TRUE	TRUE	3.98424000422892e-05	0.0668063345219593
TYRAMINE	56260	MassBank	MSJ00489	Tyramine	inchikey_connectivity_formula_mass	2	FALSE	TRUE	3.98040000959554e-06	0.00995100002398885
CPD-7860	56290	MassBank	MSJ00108	3-Hydroxyechinenone	name_formula_mass	4	TRUE	TRUE	1.90224000107264e-05	0.033584011666367
CPD1F-130	56303	MassBank	MSJ00118	Zeaxanthin	inchikey	1	TRUE	TRUE	3.10417999571655e-05	0.054609903562062
5Z13E-15S-1115-DIHYDROXY-9-OXOPROS	56308	MassBank	MSJ00053	Prostaglandin E2	inchikey_connectivity_formula_mass	2	FALSE	TRUE	4.13769998885982e-06	0.0103442499721496
CPD-10244	56330	MassBank	MSJ00049	Docosahexaenoic acid	inchikey_connectivity_formula_mass	2	FALSE	TRUE	2.71399983375886e-07	0.000678499958439716
CPD-8785	56339	MassBank	MSJ00081	(+)-Limonene	inchikey	1	TRUE	TRUE	5.13599985652036e-07	0.00128399996413009
ALPHA-TOCOPHEROL	56355	MassBank	MSJ00167	alpha-Tocopherol	inchikey	1	TRUE	TRUE	1.0849199952645e-05	0.0252083570477542
CPD1F-118	56366	MassBank	MSJ00135	Alpha-Carotene	name_formula_mass	4	TRUE	TRUE	1.79759990714956e-06	0.00335099159814834
CPD-7419	56432	MassBank	MSJ00140	beta-Zeacarotene	inchikey	1	TRUE	TRUE	1.86180000127933e-06	0.00345767793255045
GLYCEROL	56441	MassBank	MSJ00059	Glycerol	inchikey	1	TRUE	TRUE	4.12309999830995e-06	0.0103077499957749
TYRAMINE	56443	MassBank	MSJ00491	Tyramine	inchikey_connectivity_formula_mass	2	FALSE	TRUE	3.98040000959554e-06	0.00995100002398885
CPD1F-129	56452	MassBank	MSJ00137	beta-Carotene	inchikey	1	TRUE	TRUE	1.79759990714956e-06	0.00335099159814834
TYRAMINE	56455	MassBank	MSJ00484	Tyramine	inchikey_connectivity_formula_mass	2	FALSE	TRUE	3.98040000959554e-06	0.00995100002398885
TYRAMINE	56478	MassBank	MSJ00488	Tyramine	inchikey_connectivity_formula_mass	2	FALSE	TRUE	3.98040000959554e-06	0.00995100002398885
CPD1F-126	56490	MassBank	MSJ00141	gamma-Carotene	inchikey	1	TRUE	TRUE	1.79759990714956e-06	0.00335099159814834
CPD1F-119	56500	MassBank	MSJ00112	Lutein	inchikey	1	TRUE	TRUE	3.10417999571655e-05	0.054609903562062
ANTHRANILATE	56505	MassBank	KNA00060	2-Aminobenzoic acid	inchikey_connectivity_formula_mass	2	FALSE	TRUE	1.52590001789576e-06	0.00381475004473941
L-CITRULLINE	56506	MassBank	KNA00807	Citrulline	inchikey	1	TRUE	TRUE	1.29920002223116e-06	0.0032480000555779
ARG	56507	MassBank	KNA00506	L-Arginine	inchikey_connectivity_formula_mass	2	FALSE	TRUE	4.28559999932077e-06	0.0107139999983019
INOSINE	56509	MassBank	KNA00710	Inosine	inchikey	1	TRUE	TRUE	4.83499945858057e-07	0.00120874986464514
GUANINE	56510	MassBank	KNA00167	Guanine	inchikey	1	TRUE	TRUE	1.91400005178366e-07	0.000478500012945915
GLN	56514	MassBank	KNA00068	L-Glutamine	inchikey	1	TRUE	TRUE	2.1976999846629e-06	0.00549424996165726
SUC	56515	MassBank	KNA00524	Succinic acid	inchikey_connectivity_formula_mass	2	FALSE	TRUE	1.31900000610585e-06	0.00329750001526463
SER	56516	MassBank	KNA00753	L-Serine	inchikey	1	TRUE	TRUE	3.09619998972721e-06	0.00774049997431803
ANTHRANILATE	56517	MassBank	KNA00438	2-Aminobenzoic acid	inchikey_connectivity_formula_mass	2	FALSE	TRUE	1.52590001789576e-06	0.00381475004473941
L-DIHYDROXY-PHENYLALANINE	56518	MassBank	KNA00175	L-Dopa	inchikey	1	TRUE	TRUE	2.15330001651637e-06	0.00538325004129092
ASN	56519	MassBank	KNA00738	L-Asparagine	inchikey	1	TRUE	TRUE	2.13349997579826e-06	0.00533374993949565
ANTHRANILATE	56520	MassBank	KNA00437	2-Aminobenzoic acid	inchikey_connectivity_formula_mass	2	FALSE	TRUE	1.52590001789576e-06	0.00381475004473941
CYTIDINE	56521	MassBank	KNA00227	Cytidine	inchikey	1	TRUE	TRUE	5.43400005881267e-07	0.00135850001470317
2-KETOGLUTARATE	56523	MassBank	KNA00530	Oxoglutaric acid	inchikey_connectivity_formula_mass	2	FALSE	TRUE	3.30309998730627e-06	0.00825774996826567
ADENOSYL-HOMO-CYS	56524	MassBank	KNA00231	S-Adenosylhomocysteine	inchikey	1	TRUE	TRUE	1.52630002503429e-06	0.00381575006258572
PHE	56526	MassBank	KNA00387	L-Phenylalanine	inchikey	1	TRUE	TRUE	1.39750000016647e-06	0.00349375000041618
TYR	56529	MassBank	KNA00172	L-Tyrosine	inchikey	1	TRUE	TRUE	3.22459999324565e-06	0.00806149998311412
ADENOSINE	56530	MassBank	KNA00118	Adenosine	inchikey	1	TRUE	TRUE	3.93170000734244e-06	0.00982925001835611
HYPOXANTHINE	56531	MassBank	KNA00472	Hypoxanthine	inchikey	1	TRUE	TRUE	7.71299994539731e-07	0.00192824998634933
PHE	56533	MassBank	KNA00386	L-Phenylalanine	inchikey	1	TRUE	TRUE	1.39750000016647e-06	0.00349375000041618
L-DIHYDROXY-PHENYLALANINE	56534	MassBank	KNA00579	L-Dopa	inchikey	1	TRUE	TRUE	2.15330001651637e-06	0.00538325004129092
URIDINE	56535	MassBank	KNA00679	Uridine	inchikey	1	TRUE	TRUE	3.87179997574094e-06	0.00967949993935235
MET	56536	MassBank	KNA00300	L-Methionine	inchikey	1	TRUE	TRUE	7.07499992813609e-07	0.00176874998203402
SER	56537	MassBank	KNA00011	L-Serine	inchikey	1	TRUE	TRUE	3.09619998972721e-06	0.00774049997431803
TYRAMINE	56540	MassBank	KNA00081	Tyramine	inchikey_connectivity_formula_mass	2	FALSE	TRUE	3.98040000959554e-06	0.00995100002398885
PHE	56541	MassBank	KNA00760	L-Phenylalanine	inchikey	1	TRUE	TRUE	1.39750000016647e-06	0.00349375000041618
OXIDIZED-GLUTATHIONE	56544	MassBank	KNA00587	Oxidized glutathione	inchikey_connectivity_formula_mass	2	FALSE	TRUE	1.90359992302547e-06	0.00310968524401338
CYTIDINE	56545	MassBank	KNA00622	Cytidine	inchikey	1	TRUE	TRUE	5.43400005881267e-07	0.00135850001470317
URIDINE	56546	MassBank	KNA00281	Uridine	inchikey	1	TRUE	TRUE	3.87179997574094e-06	0.00967949993935235
FRUCTOSE-6P	56548	MassBank	KNA00706	Beta-D-Fructose 6-phosphate	inchikey_connectivity_formula_mass	2	FALSE	TRUE	1.47380001180863e-06	0.00368450002952159
GUANINE	56550	MassBank	KNA00165	Guanine	inchikey	1	TRUE	TRUE	1.91400005178366e-07	0.000478500012945915
ARG	56551	MassBank	KNA00413	L-Arginine	inchikey_connectivity_formula_mass	2	FALSE	TRUE	4.28559999932077e-06	0.0107139999983019
GUANOSINE	56553	MassBank	KNA00192	Guanosine	inchikey	1	TRUE	TRUE	4.4620003336604e-07	0.0011155000834151
CYS	56554	MassBank	KNA00146	L-Cysteine	inchikey	1	TRUE	TRUE	8.35899996332046e-07	0.00208974999083011
L-ASPARTATE	56555	MassBank	KNA00052	L-Aspartic acid	inchikey_connectivity_formula_mass	2	FALSE	TRUE	2.28170000582395e-06	0.00570425001455988
L-ORNITHINE	56556	MassBank	KNA00155	Ornithine	inchikey_connectivity_formula_mass	2	FALSE	TRUE	2.36019999988457e-06	0.00590049999971143
ASN	56557	MassBank	KNA00737	L-Asparagine	inchikey	1	TRUE	TRUE	2.13349997579826e-06	0.00533374993949565
RIBITOL	56558	MassBank	KNA00453	Ribitol	inchikey	1	TRUE	TRUE	3.4957000139002e-06	0.00873925003475051
URIDINE	56559	MassBank	KNA00282	Uridine	inchikey	1	TRUE	TRUE	3.87179997574094e-06	0.00967949993935235
HOMO-SER	56560	MassBank	KNA00729	L-Homoserine	inchikey	1	TRUE	TRUE	3.16039999859186e-06	0.00790099999647964
ADENOSYL-HOMO-CYS	56561	MassBank	KNA00314	S-Adenosylhomocysteine	inchikey	1	TRUE	TRUE	1.52630002503429e-06	0.00381575006258572
ADENINE	56562	MassBank	KNA00445	Adenine	inchikey	1	TRUE	TRUE	4.81349999859049e-06	0.0120337499964762
ALPHA-GLC-6-P	56564	MassBank	KNA00725	alpha-D-Glucose 6-phosphate	inchikey_connectivity_formula_mass	2	FALSE	TRUE	1.47380001180863e-06	0.00368450002952159
PHE	56565	MassBank	KNA00384	L-Phenylalanine	inchikey	1	TRUE	TRUE	1.39750000016647e-06	0.00349375000041618
L-DIHYDROXY-PHENYLALANINE	56567	MassBank	KNA00285	L-Dopa	inchikey	1	TRUE	TRUE	2.15330001651637e-06	0.00538325004129092
LEU	56568	MassBank	KNA00361	L-Leucine	inchikey	1	TRUE	TRUE	1.33329999130183e-06	0.00333324997825457
ASN	56569	MassBank	KNA00483	L-Asparagine	inchikey	1	TRUE	TRUE	2.13349997579826e-06	0.00533374993949565
TYRAMINE	56571	MassBank	KNA00327	Tyramine	inchikey_connectivity_formula_mass	2	FALSE	TRUE	3.98040000959554e-06	0.00995100002398885
ADENOSINE	56572	MassBank	KNA00306	Adenosine	inchikey	1	TRUE	TRUE	3.93170000734244e-06	0.00982925001835611
GLN	56573	MassBank	KNA00065	L-Glutamine	inchikey	1	TRUE	TRUE	2.1976999846629e-06	0.00549424996165726
L-CITRULLINE	56574	MassBank	KNA00806	Citrulline	inchikey	1	TRUE	TRUE	1.29920002223116e-06	0.0032480000555779
PHE	56576	MassBank	KNA00385	L-Phenylalanine	inchikey	1	TRUE	TRUE	1.39750000016647e-06	0.00349375000041618
TYRAMINE	56577	MassBank	KNA00082	Tyramine	inchikey_connectivity_formula_mass	2	FALSE	TRUE	3.98040000959554e-06	0.00995100002398885
CYTOSINE	56578	MassBank	KNA00434	Cytosine	inchikey	1	TRUE	TRUE	1.79820000312247e-06	0.00449550000780619
ADENOSINE	56579	MassBank	KNA00117	Adenosine	inchikey	1	TRUE	TRUE	3.93170000734244e-06	0.00982925001835611
2-KETOGLUTARATE	56580	MassBank	KNA00531	Oxoglutaric acid	inchikey_connectivity_formula_mass	2	FALSE	TRUE	3.30309998730627e-06	0.00825774996826567
4-AMINO-BUTYRATE	56581	MassBank	KNA00007	gamma-Aminobutyric acid	inchikey	1	TRUE	TRUE	1.46169999482026e-06	0.00365424998705066
RIBITOL	56582	MassBank	KNA00451	Ribitol	inchikey	1	TRUE	TRUE	3.4957000139002e-06	0.00873925003475051
FRUCTOSE-6P	56583	MassBank	KNA00705	Beta-D-Fructose 6-phosphate	inchikey_connectivity_formula_mass	2	FALSE	TRUE	1.47380001180863e-06	0.00368450002952159
OXIDIZED-GLUTATHIONE	56584	MassBank	KNA00585	Oxidized glutathione	inchikey_connectivity_formula_mass	2	FALSE	TRUE	1.90359992302547e-06	0.00310968524401338
CYS	56586	MassBank	KNA00145	L-Cysteine	inchikey	1	TRUE	TRUE	8.35899996332046e-07	0.00208974999083011
GLUTATHIONE	56587	MassBank	KNA00522	Glutathione	inchikey_connectivity_formula_mass	2	FALSE	TRUE	4.01610003564201e-06	0.010040250089105
ALPHA-GLC-6-P	56589	MassBank	KNA00338	alpha-D-Glucose 6-phosphate	inchikey_connectivity_formula_mass	2	FALSE	TRUE	1.47380001180863e-06	0.00368450002952159
GLN	56590	MassBank	KNA00628	L-Glutamine	inchikey	1	TRUE	TRUE	2.1976999846629e-06	0.00549424996165726
PRO	56592	MassBank	KNA00023	L-Proline	inchikey	1	TRUE	TRUE	1.46169999482026e-06	0.00365424998705066
MAL	56593	MassBank	KNA00529	Malic acid	inchikey_connectivity_formula_mass	2	FALSE	TRUE	3.30309998730627e-06	0.00825774996826567
ARG	56594	MassBank	KNA00503	L-Arginine	inchikey_connectivity_formula_mass	2	FALSE	TRUE	4.28559999932077e-06	0.0107139999983019
CYTIDINE	56595	MassBank	KNA00294	Cytidine	inchikey	1	TRUE	TRUE	5.43400005881267e-07	0.00135850001470317
GLN	56596	MassBank	KNA00491	L-Glutamine	inchikey	1	TRUE	TRUE	2.1976999846629e-06	0.00549424996165726
CYTIDINE	56600	MassBank	KNA00692	Cytidine	inchikey	1	TRUE	TRUE	5.43400005881267e-07	0.00135850001470317
ADENOSYL-HOMO-CYS	56601	MassBank	KNA00625	S-Adenosylhomocysteine	inchikey	1	TRUE	TRUE	1.52630002503429e-06	0.00381575006258572
GLYCEROL-3P	56602	MassBank	KNA00789	Glycerol 3-phosphate	inchikey_connectivity_formula_mass	2	FALSE	TRUE	4.53150002499569e-06	0.0113287500624892
L-ORNITHINE	56604	MassBank	KNA00153	Ornithine	inchikey_connectivity_formula_mass	2	FALSE	TRUE	2.36019999988457e-06	0.00590049999971143
GLT	56605	MassBank	KNA00278	L-Glutamic acid	inchikey_connectivity_formula_mass	2	FALSE	TRUE	2.2174999969593e-06	0.00554374999239826
PRO	56608	MassBank	KNA00021	L-Proline	inchikey	1	TRUE	TRUE	1.46169999482026e-06	0.00365424998705066
SUC	56610	MassBank	KNA00523	Succinic acid	inchikey_connectivity_formula_mass	2	FALSE	TRUE	1.31900000610585e-06	0.00329750001526463
GLN	56611	MassBank	KNA00237	L-Glutamine	inchikey	1	TRUE	TRUE	2.1976999846629e-06	0.00549424996165726
GLN	56612	MassBank	KNA00067	L-Glutamine	inchikey	1	TRUE	TRUE	2.1976999846629e-06	0.00549424996165726
GLT	56614	MassBank	KNA00277	L-Glutamic acid	inchikey_connectivity_formula_mass	2	FALSE	TRUE	2.2174999969593e-06	0.00554374999239826
ADENINE	56615	MassBank	KNA00157	Adenine	inchikey	1	TRUE	TRUE	4.81349999859049e-06	0.0120337499964762
GLN	56616	MassBank	KNA00629	L-Glutamine	inchikey	1	TRUE	TRUE	2.1976999846629e-06	0.00549424996165726
TRP	56618	MassBank	KNA00107	L-Tryptophan	inchikey	1	TRUE	TRUE	2.36019999988457e-06	0.00590049999971143
ARG	56620	MassBank	KNA00093	L-Arginine	inchikey_connectivity_formula_mass	2	FALSE	TRUE	4.28559999932077e-06	0.0107139999983019
MET	56621	MassBank	KNA00080	L-Methionine	inchikey	1	TRUE	TRUE	7.07499992813609e-07	0.00176874998203402
TRP	56622	MassBank	KNA00241	L-Tryptophan	inchikey	1	TRUE	TRUE	2.36019999988457e-06	0.00590049999971143
GLT	56623	MassBank	KNA00073	L-Glutamic acid	inchikey_connectivity_formula_mass	2	FALSE	TRUE	2.2174999969593e-06	0.00554374999239826
ARG	56625	MassBank	KNA00412	L-Arginine	inchikey_connectivity_formula_mass	2	FALSE	TRUE	4.28559999932077e-06	0.0107139999983019
CAMP	56626	MassBank	KNA00196	Cyclic AMP	inchikey_connectivity_formula_mass	2	FALSE	TRUE	3.46200067724567e-07	0.000865500169311417
L-ORNITHINE	56627	MassBank	KNA00425	Ornithine	inchikey_connectivity_formula_mass	2	FALSE	TRUE	2.36019999988457e-06	0.00590049999971143
TRP	56630	MassBank	KNA00508	L-Tryptophan	inchikey	1	TRUE	TRUE	2.36019999988457e-06	0.00590049999971143
HIS	56631	MassBank	KNA00085	L-Histidine	inchikey	1	TRUE	TRUE	3.45129998891025e-06	0.00862824997227563
ILE	56632	MassBank	KNA00041	L-Isoleucine	inchikey	1	TRUE	TRUE	1.33329999130183e-06	0.00333324997825457
PRO	56633	MassBank	KNA00022	L-Proline	inchikey	1	TRUE	TRUE	1.46169999482026e-06	0.00365424998705066
ALPHA-GLC-6-P	56634	MassBank	KNA00336	alpha-D-Glucose 6-phosphate	inchikey_connectivity_formula_mass	2	FALSE	TRUE	1.47380001180863e-06	0.00368450002952159
GLT	56635	MassBank	KNA00276	L-Glutamic acid	inchikey_connectivity_formula_mass	2	FALSE	TRUE	2.2174999969593e-06	0.00554374999239826
GLT	56638	MassBank	KNA00672	L-Glutamic acid	inchikey_connectivity_formula_mass	2	FALSE	TRUE	2.2174999969593e-06	0.00554374999239826
ADENOSYL-HOMO-CYS	56639	MassBank	KNA00713	S-Adenosylhomocysteine	inchikey	1	TRUE	TRUE	1.52630002503429e-06	0.00381575006258572
HOMO-CYS	56641	MassBank	KNA00408	Homocysteine	inchikey	1	TRUE	TRUE	7.71700001678255e-07	0.00192925000419564
HIS	56642	MassBank	KNA00500	L-Histidine	inchikey	1	TRUE	TRUE	3.45129998891025e-06	0.00862824997227563
CAMP	56643	MassBank	KNA00595	Cyclic AMP	inchikey_connectivity_formula_mass	2	FALSE	TRUE	3.46200067724567e-07	0.000865500169311417
L-ORNITHINE	56644	MassBank	KNA00563	Ornithine	inchikey_connectivity_formula_mass	2	FALSE	TRUE	2.36019999988457e-06	0.00590049999971143
ANTHRANILATE	56645	MassBank	KNA00435	2-Aminobenzoic acid	inchikey_connectivity_formula_mass	2	FALSE	TRUE	1.52590001789576e-06	0.00381475004473941
THR	56646	MassBank	KNA00030	L-Threonine	inchikey	1	TRUE	TRUE	3.16039999859186e-06	0.00790099999647964
GUANOSINE	56647	MassBank	KNA00397	Guanosine	inchikey	1	TRUE	TRUE	4.4620003336604e-07	0.0011155000834151
threo-ds-iso-citrate	56648	MassBank	KNA00421	Isocitric acid	name_formula_mass	4	TRUE	TRUE	2.61150000824273e-06	0.00652875002060682
L-ASPARTATE	56649	MassBank	KNA00757	L-Aspartic acid	inchikey_connectivity_formula_mass	2	FALSE	TRUE	2.28170000582395e-06	0.00570425001455988
L-ASPARTATE	56650	MassBank	KNA00051	L-Aspartic acid	inchikey_connectivity_formula_mass	2	FALSE	TRUE	2.28170000582395e-06	0.00570425001455988
TYR	56651	MassBank	KNA00661	L-Tyrosine	inchikey	1	TRUE	TRUE	3.22459999324565e-06	0.00806149998311412
HYPOXANTHINE	56656	MassBank	KNA00473	Hypoxanthine	inchikey	1	TRUE	TRUE	7.71299994539731e-07	0.00192824998634933
TYRAMINE	56657	MassBank	KNA00083	Tyramine	inchikey_connectivity_formula_mass	2	FALSE	TRUE	3.98040000959554e-06	0.00995100002398885
TYRAMINE	56660	MassBank	KNA00325	Tyramine	inchikey_connectivity_formula_mass	2	FALSE	TRUE	3.98040000959554e-06	0.00995100002398885
ARG	56662	MassBank	KNA00786	L-Arginine	inchikey_connectivity_formula_mass	2	FALSE	TRUE	4.28559999932077e-06	0.0107139999983019
GUANOSINE	56663	MassBank	KNA00779	Guanosine	inchikey	1	TRUE	TRUE	4.4620003336604e-07	0.0011155000834151
VAL	56665	MassBank	KNA00028	L-Valine	inchikey	1	TRUE	TRUE	1.39750000016647e-06	0.00349375000041618
SER	56666	MassBank	KNA00476	L-Serine	inchikey	1	TRUE	TRUE	3.09619998972721e-06	0.00774049997431803
CYTOSINE	56667	MassBank	KNA00431	Cytosine	inchikey	1	TRUE	TRUE	1.79820000312247e-06	0.00449550000780619
GUANINE	56668	MassBank	KNA00244	Guanine	inchikey	1	TRUE	TRUE	1.91400005178366e-07	0.000478500012945915
ASN	56669	MassBank	KNA00046	L-Asparagine	inchikey	1	TRUE	TRUE	2.13349997579826e-06	0.00533374993949565
ILE	56672	MassBank	KNA00043	L-Isoleucine	inchikey	1	TRUE	TRUE	1.33329999130183e-06	0.00333324997825457
ADENINE	56673	MassBank	KNA00444	Adenine	inchikey	1	TRUE	TRUE	4.81349999859049e-06	0.0120337499964762
LYS	56675	MassBank	KNA00070	L-Lysine	inchikey_connectivity_formula_mass	2	FALSE	TRUE	2.29599999101993e-06	0.00573999997754981
MET	56676	MassBank	KNA00301	L-Methionine	inchikey	1	TRUE	TRUE	7.07499992813609e-07	0.00176874998203402
L-CITRULLINE	56677	MassBank	KNA00805	Citrulline	inchikey	1	TRUE	TRUE	1.29920002223116e-06	0.0032480000555779
L-ORNITHINE	56678	MassBank	KNA00565	Ornithine	inchikey_connectivity_formula_mass	2	FALSE	TRUE	2.36019999988457e-06	0.00590049999971143
2-KETOGLUTARATE	56679	MassBank	KNA00702	Oxoglutaric acid	inchikey_connectivity_formula_mass	2	FALSE	TRUE	3.30309998730627e-06	0.00825774996826567
ADENOSYL-HOMO-CYS	56680	MassBank	KNA00312	S-Adenosylhomocysteine	inchikey	1	TRUE	TRUE	1.52630002503429e-06	0.00381575006258572
L-DIHYDROXY-PHENYLALANINE	56683	MassBank	KNA00577	L-Dopa	inchikey	1	TRUE	TRUE	2.15330001651637e-06	0.00538325004129092
L-CITRULLINE	56686	MassBank	KNA00100	Citrulline	inchikey	1	TRUE	TRUE	1.29920002223116e-06	0.0032480000555779
3-SULFINOALANINE	56688	MassBank	KNA00129	3-Sulfinoalanine	inchikey_connectivity_formula_mass	2	FALSE	TRUE	1.59169999847109e-06	0.00397924999617771
3-SULFINOALANINE	56689	MassBank	KNA00332	3-Sulfinoalanine	inchikey_connectivity_formula_mass	2	FALSE	TRUE	1.59169999847109e-06	0.00397924999617771
PRO	56690	MassBank	KNA00455	L-Proline	inchikey	1	TRUE	TRUE	1.46169999482026e-06	0.00365424998705066
3-SULFINOALANINE	56691	MassBank	KNA00535	3-Sulfinoalanine	inchikey_connectivity_formula_mass	2	FALSE	TRUE	1.59169999847109e-06	0.00397924999617771
HOMO-SER	56693	MassBank	KNA00342	L-Homoserine	inchikey	1	TRUE	TRUE	3.16039999859186e-06	0.00790099999647964
L-CITRULLINE	56694	MassBank	KNA00097	Citrulline	inchikey	1	TRUE	TRUE	1.29920002223116e-06	0.0032480000555779
GUANOSINE	56695	MassBank	KNA00590	Guanosine	inchikey	1	TRUE	TRUE	4.4620003336604e-07	0.0011155000834151
GLUCONATE	56698	MassBank	KNA00548	L-Gluconic acid	name_formula_mass	4	FALSE	TRUE	2.73989999755031e-06	0.00684974999387578
TRP	56700	MassBank	KNA00105	L-Tryptophan	inchikey	1	TRUE	TRUE	2.36019999988457e-06	0.00590049999971143
TYR	56702	MassBank	KNA00663	L-Tyrosine	inchikey	1	TRUE	TRUE	3.22459999324565e-06	0.00806149998311412
GLN	56704	MassBank	KNA00238	L-Glutamine	inchikey	1	TRUE	TRUE	2.1976999846629e-06	0.00549424996165726
HOMO-SER	56705	MassBank	KNA00555	L-Homoserine	inchikey	1	TRUE	TRUE	3.16039999859186e-06	0.00790099999647964
THR	56708	MassBank	KNA00255	L-Threonine	inchikey	1	TRUE	TRUE	3.16039999859186e-06	0.00790099999647964
ASN	56709	MassBank	KNA00352	L-Asparagine	inchikey	1	TRUE	TRUE	2.13349997579826e-06	0.00533374993949565
MET	56710	MassBank	KNA00077	L-Methionine	inchikey	1	TRUE	TRUE	7.07499992813609e-07	0.00176874998203402
HOMO-CYS	56711	MassBank	KNA00056	Homocysteine	inchikey	1	TRUE	TRUE	7.71700001678255e-07	0.00192925000419564
threo-ds-iso-citrate	56712	MassBank	KNA00792	Isocitric acid	name_formula_mass	4	TRUE	TRUE	2.61150000824273e-06	0.00652875002060682
ANTHRANILATE	56714	MassBank	KNA00058	2-Aminobenzoic acid	inchikey_connectivity_formula_mass	2	FALSE	TRUE	1.52590001789576e-06	0.00381475004473941
GLC-1-P	56716	MassBank	KNA00680	Glucose 1-phosphate	inchikey_connectivity_formula_mass	2	FALSE	TRUE	1.47380001180863e-06	0.00368450002952159
CYTIDINE	56717	MassBank	KNA00693	Cytidine	inchikey	1	TRUE	TRUE	5.43400005881267e-07	0.00135850001470317
VAL	56718	MassBank	KNA00232	L-Valine	inchikey	1	TRUE	TRUE	1.39750000016647e-06	0.00349375000041618
CAMP	56719	MassBank	KNA00195	Cyclic AMP	inchikey_connectivity_formula_mass	2	FALSE	TRUE	3.46200067724567e-07	0.000865500169311417
TYR	56720	MassBank	KNA00575	L-Tyrosine	inchikey	1	TRUE	TRUE	3.22459999324565e-06	0.00806149998311412
MET	56722	MassBank	KNA00303	L-Methionine	inchikey	1	TRUE	TRUE	7.07499992813609e-07	0.00176874998203402
ARG	56723	MassBank	KNA00784	L-Arginine	inchikey_connectivity_formula_mass	2	FALSE	TRUE	4.28559999932077e-06	0.0107139999983019
GLN	56724	MassBank	KNA00630	L-Glutamine	inchikey	1	TRUE	TRUE	2.1976999846629e-06	0.00549424996165726
L-ORNITHINE	56725	MassBank	KNA00426	Ornithine	inchikey_connectivity_formula_mass	2	FALSE	TRUE	2.36019999988457e-06	0.00590049999971143
CPD-15317	56726	MassBank	KNA00658	D-Ribose 5-phosphate	inchikey_connectivity_formula_mass	2	FALSE	TRUE	3.83990001751044e-06	0.00959975004377611
HYPOXANTHINE	56727	MassBank	KNA00571	Hypoxanthine	inchikey	1	TRUE	TRUE	7.71299994539731e-07	0.00192824998634933
OXIDIZED-GLUTATHIONE	56728	MassBank	KNA00182	Oxidized glutathione	inchikey_connectivity_formula_mass	2	FALSE	TRUE	1.90359992302547e-06	0.00310968524401338
VAL	56730	MassBank	KNA00235	L-Valine	inchikey	1	TRUE	TRUE	1.39750000016647e-06	0.00349375000041618
LYS	56731	MassBank	KNA00072	L-Lysine	inchikey_connectivity_formula_mass	2	FALSE	TRUE	2.29599999101993e-06	0.00573999997754981
THR	56732	MassBank	KNA00648	L-Threonine	inchikey	1	TRUE	TRUE	3.16039999859186e-06	0.00790099999647964
ADENOSYL-HOMO-CYS	56734	MassBank	KNA00315	S-Adenosylhomocysteine	inchikey	1	TRUE	TRUE	1.52630002503429e-06	0.00381575006258572
GLN	56735	MassBank	KNA00493	L-Glutamine	inchikey	1	TRUE	TRUE	2.1976999846629e-06	0.00549424996165726
URIDINE	56736	MassBank	KNA00280	Uridine	inchikey	1	TRUE	TRUE	3.87179997574094e-06	0.00967949993935235
SER	56738	MassBank	KNA00009	L-Serine	inchikey	1	TRUE	TRUE	3.09619998972721e-06	0.00774049997431803
PHE	56739	MassBank	KNA00089	L-Phenylalanine	inchikey	1	TRUE	TRUE	1.39750000016647e-06	0.00349375000041618
L-CITRULLINE	56740	MassBank	KNA00442	Citrulline	inchikey	1	TRUE	TRUE	1.29920002223116e-06	0.0032480000555779
LYS	56742	MassBank	KNA00258	L-Lysine	inchikey_connectivity_formula_mass	2	FALSE	TRUE	2.29599999101993e-06	0.00573999997754981
URIDINE	56743	MassBank	KNA00516	Uridine	inchikey	1	TRUE	TRUE	3.87179997574094e-06	0.00967949993935235
ADENOSYL-HOMO-CYS	56744	MassBank	KNA00712	S-Adenosylhomocysteine	inchikey	1	TRUE	TRUE	1.52630002503429e-06	0.00381575006258572
TRP	56745	MassBank	KNA00634	L-Tryptophan	inchikey	1	TRUE	TRUE	2.36019999988457e-06	0.00590049999971143
TRP	56748	MassBank	KNA00510	L-Tryptophan	inchikey	1	TRUE	TRUE	2.36019999988457e-06	0.00590049999971143
HYPOXANTHINE	56749	MassBank	KNA00569	Hypoxanthine	inchikey	1	TRUE	TRUE	7.71299994539731e-07	0.00192824998634933
HIS	56750	MassBank	KNA00499	L-Histidine	inchikey	1	TRUE	TRUE	3.45129998891025e-06	0.00862824997227563
ASN	56751	MassBank	KNA00739	L-Asparagine	inchikey	1	TRUE	TRUE	2.13349997579826e-06	0.00533374993949565
L-ORNITHINE	56752	MassBank	KNA00564	Ornithine	inchikey_connectivity_formula_mass	2	FALSE	TRUE	2.36019999988457e-06	0.00590049999971143
ADENOSYL-HOMO-CYS	56753	MassBank	KNA00715	S-Adenosylhomocysteine	inchikey	1	TRUE	TRUE	1.52630002503429e-06	0.00381575006258572
VAL	56754	MassBank	KNA00026	L-Valine	inchikey	1	TRUE	TRUE	1.39750000016647e-06	0.00349375000041618
VAL	56755	MassBank	KNA00234	L-Valine	inchikey	1	TRUE	TRUE	1.39750000016647e-06	0.00349375000041618
HOMO-SER	56756	MassBank	KNA00142	L-Homoserine	inchikey	1	TRUE	TRUE	3.16039999859186e-06	0.00790099999647964
RIBITOL	56758	MassBank	KNA00219	Ribitol	inchikey	1	TRUE	TRUE	3.4957000139002e-06	0.00873925003475051
ILE	56759	MassBank	KNA00321	L-Isoleucine	inchikey	1	TRUE	TRUE	1.33329999130183e-06	0.00333324997825457
VAL	56760	MassBank	KNA00027	L-Valine	inchikey	1	TRUE	TRUE	1.39750000016647e-06	0.00349375000041618
OXIDIZED-GLUTATHIONE	56761	MassBank	KNA00584	Oxidized glutathione	inchikey_connectivity_formula_mass	2	FALSE	TRUE	1.90359992302547e-06	0.00310968524401338
ADENOSYL-HOMO-CYS	56762	MassBank	KNA00229	S-Adenosylhomocysteine	inchikey	1	TRUE	TRUE	1.52630002503429e-06	0.00381575006258572
HIS	56763	MassBank	KNA00741	L-Histidine	inchikey	1	TRUE	TRUE	3.45129998891025e-06	0.00862824997227563
CYTOSINE	56764	MassBank	KNA00020	Cytosine	inchikey	1	TRUE	TRUE	1.79820000312247e-06	0.00449550000780619
INOSINE	56765	MassBank	KNA00708	Inosine	inchikey	1	TRUE	TRUE	4.83499945858057e-07	0.00120874986464514
ARG	56766	MassBank	KNA00095	L-Arginine	inchikey_connectivity_formula_mass	2	FALSE	TRUE	4.28559999932077e-06	0.0107139999983019
INOSINE	56767	MassBank	KNA00582	Inosine	inchikey	1	TRUE	TRUE	4.83499945858057e-07	0.00120874986464514
PHE	56768	MassBank	KNA00092	L-Phenylalanine	inchikey	1	TRUE	TRUE	1.39750000016647e-06	0.00349375000041618
ADENINE	56769	MassBank	KNA00567	Adenine	inchikey	1	TRUE	TRUE	4.81349999859049e-06	0.0120337499964762
L-CITRULLINE	56770	MassBank	KNA00099	Citrulline	inchikey	1	TRUE	TRUE	1.29920002223116e-06	0.0032480000555779
L-CITRULLINE	56771	MassBank	KNA00441	Citrulline	inchikey	1	TRUE	TRUE	1.29920002223116e-06	0.0032480000555779
ASN	56772	MassBank	KNA00355	L-Asparagine	inchikey	1	TRUE	TRUE	2.13349997579826e-06	0.00533374993949565
PRO	56773	MassBank	KNA00024	L-Proline	inchikey	1	TRUE	TRUE	1.46169999482026e-06	0.00365424998705066
INOSINE	56774	MassBank	KNA00308	Inosine	inchikey	1	TRUE	TRUE	4.83499945858057e-07	0.00120874986464514
threo-ds-iso-citrate	56775	MassBank	KNA00793	Isocitric acid	name_formula_mass	4	TRUE	TRUE	2.61150000824273e-06	0.00652875002060682
OXIDIZED-GLUTATHIONE	56778	MassBank	KNA00184	Oxidized glutathione	inchikey_connectivity_formula_mass	2	FALSE	TRUE	1.90359992302547e-06	0.00310968524401338
GUANOSINE	56779	MassBank	KNA00398	Guanosine	inchikey	1	TRUE	TRUE	4.4620003336604e-07	0.0011155000834151
GLUTATHIONE	56780	MassBank	KNA00122	Glutathione	inchikey_connectivity_formula_mass	2	FALSE	TRUE	4.01610003564201e-06	0.010040250089105
ASN	56784	MassBank	KNA00048	L-Asparagine	inchikey	1	TRUE	TRUE	2.13349997579826e-06	0.00533374993949565
4-AMINO-BUTYRATE	56786	MassBank	KNA00317	gamma-Aminobutyric acid	inchikey	1	TRUE	TRUE	1.46169999482026e-06	0.00365424998705066
threo-ds-iso-citrate	56787	MassBank	KNA00423	Isocitric acid	name_formula_mass	4	TRUE	TRUE	2.61150000824273e-06	0.00652875002060682
ANTHRANILATE	56788	MassBank	KNA00057	2-Aminobenzoic acid	inchikey_connectivity_formula_mass	2	FALSE	TRUE	1.52590001789576e-06	0.00381475004473941
TRP	56790	MassBank	KNA00242	L-Tryptophan	inchikey	1	TRUE	TRUE	2.36019999988457e-06	0.00590049999971143
CAMP	56791	MassBank	KNA00427	Cyclic AMP	inchikey_connectivity_formula_mass	2	FALSE	TRUE	3.46200067724567e-07	0.000865500169311417
VAL	56793	MassBank	KNA00025	L-Valine	inchikey	1	TRUE	TRUE	1.39750000016647e-06	0.00349375000041618
URIDINE	56794	MassBank	KNA00678	Uridine	inchikey	1	TRUE	TRUE	3.87179997574094e-06	0.00967949993935235
L-ORNITHINE	56796	MassBank	KNA00154	Ornithine	inchikey_connectivity_formula_mass	2	FALSE	TRUE	2.36019999988457e-06	0.00590049999971143
ANTHRANILATE	56797	MassBank	KNA00436	2-Aminobenzoic acid	inchikey_connectivity_formula_mass	2	FALSE	TRUE	1.52590001789576e-06	0.00381475004473941
RIBITOL	56799	MassBank	KNA00220	Ribitol	inchikey	1	TRUE	TRUE	3.4957000139002e-06	0.00873925003475051
CYTOSINE	56802	MassBank	KNA00017	Cytosine	inchikey	1	TRUE	TRUE	1.79820000312247e-06	0.00449550000780619
CAMP	56803	MassBank	KNA00799	Cyclic AMP	inchikey_connectivity_formula_mass	2	FALSE	TRUE	3.46200067724567e-07	0.000865500169311417
TRP	56804	MassBank	KNA00632	L-Tryptophan	inchikey	1	TRUE	TRUE	2.36019999988457e-06	0.00590049999971143
GUANINE	56805	MassBank	KNA00247	Guanine	inchikey	1	TRUE	TRUE	1.91400005178366e-07	0.000478500012945915
URIDINE	56806	MassBank	KNA00515	Uridine	inchikey	1	TRUE	TRUE	3.87179997574094e-06	0.00967949993935235
THR	56808	MassBank	KNA00029	L-Threonine	inchikey	1	TRUE	TRUE	3.16039999859186e-06	0.00790099999647964
GUANINE	56809	MassBank	KNA00640	Guanine	inchikey	1	TRUE	TRUE	1.91400005178366e-07	0.000478500012945915
ASN	56811	MassBank	KNA00353	L-Asparagine	inchikey	1	TRUE	TRUE	2.13349997579826e-06	0.00533374993949565
PRO	56812	MassBank	KNA00457	L-Proline	inchikey	1	TRUE	TRUE	1.46169999482026e-06	0.00365424998705066
4-AMINO-BUTYRATE	56814	MassBank	KNA00005	gamma-Aminobutyric acid	inchikey	1	TRUE	TRUE	1.46169999482026e-06	0.00365424998705066
GUANOSINE	56816	MassBank	KNA00396	Guanosine	inchikey	1	TRUE	TRUE	4.4620003336604e-07	0.0011155000834151
TRP	56817	MassBank	KNA00633	L-Tryptophan	inchikey	1	TRUE	TRUE	2.36019999988457e-06	0.00590049999971143
TRP	56818	MassBank	KNA00106	L-Tryptophan	inchikey	1	TRUE	TRUE	2.36019999988457e-06	0.00590049999971143
HOMO-CYS	56819	MassBank	KNA00410	Homocysteine	inchikey	1	TRUE	TRUE	7.71700001678255e-07	0.00192925000419564
CAMP	56821	MassBank	KNA00194	Cyclic AMP	inchikey_connectivity_formula_mass	2	FALSE	TRUE	3.46200067724567e-07	0.000865500169311417
HOMO-CYS	56823	MassBank	KNA00053	Homocysteine	inchikey	1	TRUE	TRUE	7.71700001678255e-07	0.00192925000419564
GLUTATHIONE	56824	MassBank	KNA00521	Glutathione	inchikey_connectivity_formula_mass	2	FALSE	TRUE	4.01610003564201e-06	0.010040250089105
GLUTATHIONE	56826	MassBank	KNA00520	Glutathione	inchikey_connectivity_formula_mass	2	FALSE	TRUE	4.01610003564201e-06	0.010040250089105
TYR	56827	MassBank	KNA00264	L-Tyrosine	inchikey	1	TRUE	TRUE	3.22459999324565e-06	0.00806149998311412
HIS	56828	MassBank	KNA00740	L-Histidine	inchikey	1	TRUE	TRUE	3.45129998891025e-06	0.00862824997227563
CPD-15317	56829	MassBank	KNA00659	D-Ribose 5-phosphate	inchikey_connectivity_formula_mass	2	FALSE	TRUE	3.83990001751044e-06	0.00959975004377611
GLUCONATE	56830	MassBank	KNA00638	L-Gluconic acid	name_formula_mass	4	FALSE	TRUE	2.73989999755031e-06	0.00684974999387578
LYS	56832	MassBank	KNA00069	L-Lysine	inchikey_connectivity_formula_mass	2	FALSE	TRUE	2.29599999101993e-06	0.00573999997754981
ASN	56833	MassBank	KNA00736	L-Asparagine	inchikey	1	TRUE	TRUE	2.13349997579826e-06	0.00533374993949565
TYR	56834	MassBank	KNA00169	L-Tyrosine	inchikey	1	TRUE	TRUE	3.22459999324565e-06	0.00806149998311412
CAMP	56836	MassBank	KNA00429	Cyclic AMP	inchikey_connectivity_formula_mass	2	FALSE	TRUE	3.46200067724567e-07	0.000865500169311417
ALPHA-GLC-6-P	56837	MassBank	KNA00337	alpha-D-Glucose 6-phosphate	inchikey_connectivity_formula_mass	2	FALSE	TRUE	1.47380001180863e-06	0.00368450002952159
3-SULFINOALANINE	56838	MassBank	KNA00333	3-Sulfinoalanine	inchikey_connectivity_formula_mass	2	FALSE	TRUE	1.59169999847109e-06	0.00397924999617771
GLUTATHIONE	56839	MassBank	KNA00121	Glutathione	inchikey_connectivity_formula_mass	2	FALSE	TRUE	4.01610003564201e-06	0.010040250089105
GUANOSINE	56840	MassBank	KNA00776	Guanosine	inchikey	1	TRUE	TRUE	4.4620003336604e-07	0.0011155000834151
ASN	56841	MassBank	KNA00484	L-Asparagine	inchikey	1	TRUE	TRUE	2.13349997579826e-06	0.00533374993949565
CYS	56842	MassBank	KNA00368	L-Cysteine	inchikey	1	TRUE	TRUE	8.35899996332046e-07	0.00208974999083011
HOMO-SER	56843	MassBank	KNA00728	L-Homoserine	inchikey	1	TRUE	TRUE	3.16039999859186e-06	0.00790099999647964
ILE	56844	MassBank	KNA00320	L-Isoleucine	inchikey	1	TRUE	TRUE	1.33329999130183e-06	0.00333324997825457
ADENOSINE	56848	MassBank	KNA00119	Adenosine	inchikey	1	TRUE	TRUE	3.93170000734244e-06	0.00982925001835611
TYR	56853	MassBank	KNA00170	L-Tyrosine	inchikey	1	TRUE	TRUE	3.22459999324565e-06	0.00806149998311412
ALPHA-GLC-6-P	56854	MassBank	KNA00726	alpha-D-Glucose 6-phosphate	inchikey_connectivity_formula_mass	2	FALSE	TRUE	1.47380001180863e-06	0.00368450002952159
ASN	56855	MassBank	KNA00045	L-Asparagine	inchikey	1	TRUE	TRUE	2.13349997579826e-06	0.00533374993949565
RIBITOL	56856	MassBank	KNA00218	Ribitol	inchikey	1	TRUE	TRUE	3.4957000139002e-06	0.00873925003475051
TYRAMINE	56858	MassBank	KNA00326	Tyramine	inchikey_connectivity_formula_mass	2	FALSE	TRUE	3.98040000959554e-06	0.00995100002398885
INOSINE	56859	MassBank	KNA00581	Inosine	inchikey	1	TRUE	TRUE	4.83499945858057e-07	0.00120874986464514
GLN	56862	MassBank	KNA00236	L-Glutamine	inchikey	1	TRUE	TRUE	2.1976999846629e-06	0.00549424996165726
GLUCONATE	56863	MassBank	KNA00547	L-Gluconic acid	name_formula_mass	4	FALSE	TRUE	2.73989999755031e-06	0.00684974999387578
3-SULFINOALANINE	56864	MassBank	KNA00720	3-Sulfinoalanine	inchikey_connectivity_formula_mass	2	FALSE	TRUE	1.59169999847109e-06	0.00397924999617771
ADENOSYL-HOMO-CYS	56865	MassBank	KNA00626	S-Adenosylhomocysteine	inchikey	1	TRUE	TRUE	1.52630002503429e-06	0.00381575006258572
FRUCTOSE-6P	56867	MassBank	KNA00707	Beta-D-Fructose 6-phosphate	inchikey_connectivity_formula_mass	2	FALSE	TRUE	1.47380001180863e-06	0.00368450002952159
2-KETOGLUTARATE	56869	MassBank	KNA00700	Oxoglutaric acid	inchikey_connectivity_formula_mass	2	FALSE	TRUE	3.30309998730627e-06	0.00825774996826567
TRP	56870	MassBank	KNA00507	L-Tryptophan	inchikey	1	TRUE	TRUE	2.36019999988457e-06	0.00590049999971143
CPD-15317	56872	MassBank	KNA00657	D-Ribose 5-phosphate	inchikey_connectivity_formula_mass	2	FALSE	TRUE	3.83990001751044e-06	0.00959975004377611
L-ASPARTATE	56873	MassBank	KNA00758	L-Aspartic acid	inchikey_connectivity_formula_mass	2	FALSE	TRUE	2.28170000582395e-06	0.00570425001455988
ARG	56875	MassBank	KNA00096	L-Arginine	inchikey_connectivity_formula_mass	2	FALSE	TRUE	4.28559999932077e-06	0.0107139999983019
TYRAMINE	56876	MassBank	KNA00084	Tyramine	inchikey_connectivity_formula_mass	2	FALSE	TRUE	3.98040000959554e-06	0.00995100002398885
HOMO-SER	56877	MassBank	KNA00554	L-Homoserine	inchikey	1	TRUE	TRUE	3.16039999859186e-06	0.00790099999647964
CYTIDINE	56878	MassBank	KNA00620	Cytidine	inchikey	1	TRUE	TRUE	5.43400005881267e-07	0.00135850001470317
ALPHA-GLC-6-P	56879	MassBank	KNA00724	alpha-D-Glucose 6-phosphate	inchikey_connectivity_formula_mass	2	FALSE	TRUE	1.47380001180863e-06	0.00368450002952159
L-ASPARTATE	56880	MassBank	KNA00380	L-Aspartic acid	inchikey_connectivity_formula_mass	2	FALSE	TRUE	2.28170000582395e-06	0.00570425001455988
GLT	56881	MassBank	KNA00674	L-Glutamic acid	inchikey_connectivity_formula_mass	2	FALSE	TRUE	2.2174999969593e-06	0.00554374999239826
TRP	56885	MassBank	KNA00240	L-Tryptophan	inchikey	1	TRUE	TRUE	2.36019999988457e-06	0.00590049999971143
CAMP	56886	MassBank	KNA00428	Cyclic AMP	inchikey_connectivity_formula_mass	2	FALSE	TRUE	3.46200067724567e-07	0.000865500169311417
LYS	56887	MassBank	KNA00256	L-Lysine	inchikey_connectivity_formula_mass	2	FALSE	TRUE	2.29599999101993e-06	0.00573999997754981
DIHYDROXY-ACETONE-PHOSPHATE	56888	MassBank	KNA00765	Dihydroxyacetone phosphate	inchikey_connectivity_formula_mass	2	FALSE	TRUE	4.46730001613105e-06	0.0111682500403276
MET	56890	MassBank	KNA00302	L-Methionine	inchikey	1	TRUE	TRUE	7.07499992813609e-07	0.00176874998203402
HOMO-CYS	56892	MassBank	KNA00409	Homocysteine	inchikey	1	TRUE	TRUE	7.71700001678255e-07	0.00192925000419564
L-ORNITHINE	56894	MassBank	KNA00156	Ornithine	inchikey_connectivity_formula_mass	2	FALSE	TRUE	2.36019999988457e-06	0.00590049999971143
L-ASPARTATE	56895	MassBank	KNA00488	L-Aspartic acid	inchikey_connectivity_formula_mass	2	FALSE	TRUE	2.28170000582395e-06	0.00570425001455988
ADENOSYL-HOMO-CYS	56896	MassBank	KNA00230	S-Adenosylhomocysteine	inchikey	1	TRUE	TRUE	1.52630002503429e-06	0.00381575006258572
MET	56897	MassBank	KNA00079	L-Methionine	inchikey	1	TRUE	TRUE	7.07499992813609e-07	0.00176874998203402
GLUCONATE	56898	MassBank	KNA00637	L-Gluconic acid	name_formula_mass	4	FALSE	TRUE	2.73989999755031e-06	0.00684974999387578
CAMP	56899	MassBank	KNA00797	Cyclic AMP	inchikey_connectivity_formula_mass	2	FALSE	TRUE	3.46200067724567e-07	0.000865500169311417
CAMP	56900	MassBank	KNA00593	Cyclic AMP	inchikey_connectivity_formula_mass	2	FALSE	TRUE	3.46200067724567e-07	0.000865500169311417
CYTIDINE	56902	MassBank	KNA00292	Cytidine	inchikey	1	TRUE	TRUE	5.43400005881267e-07	0.00135850001470317
L-DIHYDROXY-PHENYLALANINE	56903	MassBank	KNA00578	L-Dopa	inchikey	1	TRUE	TRUE	2.15330001651637e-06	0.00538325004129092
INOSINE	56904	MassBank	KNA00177	Inosine	inchikey	1	TRUE	TRUE	4.83499945858057e-07	0.00120874986464514
CYTIDINE	56905	MassBank	KNA00295	Cytidine	inchikey	1	TRUE	TRUE	5.43400005881267e-07	0.00135850001470317
GUANINE	56906	MassBank	KNA00643	Guanine	inchikey	1	TRUE	TRUE	1.91400005178366e-07	0.000478500012945915
THR	56910	MassBank	KNA00252	L-Threonine	inchikey	1	TRUE	TRUE	3.16039999859186e-06	0.00790099999647964
L-CITRULLINE	56911	MassBank	KNA00439	Citrulline	inchikey	1	TRUE	TRUE	1.29920002223116e-06	0.0032480000555779
CYS	56912	MassBank	KNA00370	L-Cysteine	inchikey	1	TRUE	TRUE	8.35899996332046e-07	0.00208974999083011
GUANOSINE	56913	MassBank	KNA00588	Guanosine	inchikey	1	TRUE	TRUE	4.4620003336604e-07	0.0011155000834151
ARG	56914	MassBank	KNA00414	L-Arginine	inchikey_connectivity_formula_mass	2	FALSE	TRUE	4.28559999932077e-06	0.0107139999983019
TYR	56915	MassBank	KNA00660	L-Tyrosine	inchikey	1	TRUE	TRUE	3.22459999324565e-06	0.00806149998311412
PRO	56916	MassBank	KNA00458	L-Proline	inchikey	1	TRUE	TRUE	1.46169999482026e-06	0.00365424998705066
TYR	56917	MassBank	KNA00267	L-Tyrosine	inchikey	1	TRUE	TRUE	3.22459999324565e-06	0.00806149998311412
GUANINE	56918	MassBank	KNA00641	Guanine	inchikey	1	TRUE	TRUE	1.91400005178366e-07	0.000478500012945915
RIBITOL	56919	MassBank	KNA00217	Ribitol	inchikey	1	TRUE	TRUE	3.4957000139002e-06	0.00873925003475051
threo-ds-iso-citrate	56920	MassBank	KNA00794	Isocitric acid	name_formula_mass	4	TRUE	TRUE	2.61150000824273e-06	0.00652875002060682
INOSINE	56922	MassBank	KNA00311	Inosine	inchikey	1	TRUE	TRUE	4.83499945858057e-07	0.00120874986464514
FRUCTOSE-6P	56923	MassBank	KNA00704	Beta-D-Fructose 6-phosphate	inchikey_connectivity_formula_mass	2	FALSE	TRUE	1.47380001180863e-06	0.00368450002952159
TYR	56927	MassBank	KNA00574	L-Tyrosine	inchikey	1	TRUE	TRUE	3.22459999324565e-06	0.00806149998311412
TYR	56929	MassBank	KNA00171	L-Tyrosine	inchikey	1	TRUE	TRUE	3.22459999324565e-06	0.00806149998311412
CYTIDINE	56931	MassBank	KNA00621	Cytidine	inchikey	1	TRUE	TRUE	5.43400005881267e-07	0.00135850001470317
L-DIHYDROXY-PHENYLALANINE	56932	MassBank	KNA00284	L-Dopa	inchikey	1	TRUE	TRUE	2.15330001651637e-06	0.00538325004129092
URIDINE	56933	MassBank	KNA00518	Uridine	inchikey	1	TRUE	TRUE	3.87179997574094e-06	0.00967949993935235
VAL	56934	MassBank	KNA00233	L-Valine	inchikey	1	TRUE	TRUE	1.39750000016647e-06	0.00349375000041618
SUC	56935	MassBank	KNA00525	Succinic acid	inchikey_connectivity_formula_mass	2	FALSE	TRUE	1.31900000610585e-06	0.00329750001526463
INOSINE	56937	MassBank	KNA00179	Inosine	inchikey	1	TRUE	TRUE	4.83499945858057e-07	0.00120874986464514
GUANOSINE	56938	MassBank	KNA00777	Guanosine	inchikey	1	TRUE	TRUE	4.4620003336604e-07	0.0011155000834151
THR	56939	MassBank	KNA00649	L-Threonine	inchikey	1	TRUE	TRUE	3.16039999859186e-06	0.00790099999647964
PHE	56941	MassBank	KNA00091	L-Phenylalanine	inchikey	1	TRUE	TRUE	1.39750000016647e-06	0.00349375000041618
ARG	56942	MassBank	KNA00415	L-Arginine	inchikey_connectivity_formula_mass	2	FALSE	TRUE	4.28559999932077e-06	0.0107139999983019
PHE	56943	MassBank	KNA00090	L-Phenylalanine	inchikey	1	TRUE	TRUE	1.39750000016647e-06	0.00349375000041618
PRO	56944	MassBank	KNA00456	L-Proline	inchikey	1	TRUE	TRUE	1.46169999482026e-06	0.00365424998705066
GLT	56946	MassBank	KNA00497	L-Glutamic acid	inchikey_connectivity_formula_mass	2	FALSE	TRUE	2.2174999969593e-06	0.00554374999239826
MET	56947	MassBank	KNA00078	L-Methionine	inchikey	1	TRUE	TRUE	7.07499992813609e-07	0.00176874998203402
HOMO-SER	56948	MassBank	KNA00141	L-Homoserine	inchikey	1	TRUE	TRUE	3.16039999859186e-06	0.00790099999647964
LEU	56949	MassBank	KNA00126	L-Leucine	inchikey	1	TRUE	TRUE	1.33329999130183e-06	0.00333324997825457
GLC-1-P	56951	MassBank	KNA00682	Glucose 1-phosphate	inchikey_connectivity_formula_mass	2	FALSE	TRUE	1.47380001180863e-06	0.00368450002952159
RIBITOL	56952	MassBank	KNA00454	Ribitol	inchikey	1	TRUE	TRUE	3.4957000139002e-06	0.00873925003475051
L-ASPARTATE	56954	MassBank	KNA00487	L-Aspartic acid	inchikey_connectivity_formula_mass	2	FALSE	TRUE	2.28170000582395e-06	0.00570425001455988
TRP	56955	MassBank	KNA00108	L-Tryptophan	inchikey	1	TRUE	TRUE	2.36019999988457e-06	0.00590049999971143
URIDINE	56957	MassBank	KNA00517	Uridine	inchikey	1	TRUE	TRUE	3.87179997574094e-06	0.00967949993935235
TYR	56959	MassBank	KNA00573	L-Tyrosine	inchikey	1	TRUE	TRUE	3.22459999324565e-06	0.00806149998311412
GUANOSINE	56961	MassBank	KNA00778	Guanosine	inchikey	1	TRUE	TRUE	4.4620003336604e-07	0.0011155000834151
L-ORNITHINE	56962	MassBank	KNA00562	Ornithine	inchikey_connectivity_formula_mass	2	FALSE	TRUE	2.36019999988457e-06	0.00590049999971143
ADENOSYL-HOMO-CYS	56963	MassBank	KNA00313	S-Adenosylhomocysteine	inchikey	1	TRUE	TRUE	1.52630002503429e-06	0.00381575006258572
LYS	56965	MassBank	KNA00071	L-Lysine	inchikey_connectivity_formula_mass	2	FALSE	TRUE	2.29599999101993e-06	0.00573999997754981
CPD-15317	56967	MassBank	KNA00656	D-Ribose 5-phosphate	inchikey_connectivity_formula_mass	2	FALSE	TRUE	3.83990001751044e-06	0.00959975004377611
HIS	56968	MassBank	KNA00356	L-Histidine	inchikey	1	TRUE	TRUE	3.45129998891025e-06	0.00862824997227563
GLN	56973	MassBank	KNA00239	L-Glutamine	inchikey	1	TRUE	TRUE	2.1976999846629e-06	0.00549424996165726
L-CITRULLINE	56977	MassBank	KNA00804	Citrulline	inchikey	1	TRUE	TRUE	1.29920002223116e-06	0.0032480000555779
3-SULFINOALANINE	56979	MassBank	KNA00534	3-Sulfinoalanine	inchikey_connectivity_formula_mass	2	FALSE	TRUE	1.59169999847109e-06	0.00397924999617771
TYR	56980	MassBank	KNA00266	L-Tyrosine	inchikey	1	TRUE	TRUE	3.22459999324565e-06	0.00806149998311412
GLN	56981	MassBank	KNA00066	L-Glutamine	inchikey	1	TRUE	TRUE	2.1976999846629e-06	0.00549424996165726
GUANINE	56982	MassBank	KNA00246	Guanine	inchikey	1	TRUE	TRUE	1.91400005178366e-07	0.000478500012945915
3-SULFINOALANINE	56983	MassBank	KNA00130	3-Sulfinoalanine	inchikey_connectivity_formula_mass	2	FALSE	TRUE	1.59169999847109e-06	0.00397924999617771
GLYCEROL-3P	56984	MassBank	KNA00540	Glycerol 3-phosphate	inchikey_connectivity_formula_mass	2	FALSE	TRUE	4.53150002499569e-06	0.0113287500624892
THR	56985	MassBank	KNA00254	L-Threonine	inchikey	1	TRUE	TRUE	3.16039999859186e-06	0.00790099999647964
TRP	56986	MassBank	KNA00635	L-Tryptophan	inchikey	1	TRUE	TRUE	2.36019999988457e-06	0.00590049999971143
HOMO-SER	56987	MassBank	KNA00143	L-Homoserine	inchikey	1	TRUE	TRUE	3.16039999859186e-06	0.00790099999647964
TRP	56990	MassBank	KNA00243	L-Tryptophan	inchikey	1	TRUE	TRUE	2.36019999988457e-06	0.00590049999971143
MAL	56991	MassBank	KNA00527	Malic acid	inchikey_connectivity_formula_mass	2	FALSE	TRUE	3.30309998730627e-06	0.00825774996826567
GLUCONATE	56992	MassBank	KNA00636	L-Gluconic acid	name_formula_mass	4	FALSE	TRUE	2.73989999755031e-06	0.00684974999387578
ADENINE	56993	MassBank	KNA00443	Adenine	inchikey	1	TRUE	TRUE	4.81349999859049e-06	0.0120337499964762
L-ASPARTATE	56994	MassBank	KNA00489	L-Aspartic acid	inchikey_connectivity_formula_mass	2	FALSE	TRUE	2.28170000582395e-06	0.00570425001455988
INOSINE	56995	MassBank	KNA00309	Inosine	inchikey	1	TRUE	TRUE	4.83499945858057e-07	0.00120874986464514
URIDINE	56998	MassBank	KNA00116	Uridine	inchikey	1	TRUE	TRUE	3.87179997574094e-06	0.00967949993935235
threo-ds-iso-citrate	57000	MassBank	KNA00422	Isocitric acid	name_formula_mass	4	TRUE	TRUE	2.61150000824273e-06	0.00652875002060682
ADENOSYL-HOMO-CYS	57002	MassBank	KNA00624	S-Adenosylhomocysteine	inchikey	1	TRUE	TRUE	1.52630002503429e-06	0.00381575006258572
CAMP	57003	MassBank	KNA00796	Cyclic AMP	inchikey_connectivity_formula_mass	2	FALSE	TRUE	3.46200067724567e-07	0.000865500169311417
GLUTATHIONE	57004	MassBank	KNA00124	Glutathione	inchikey_connectivity_formula_mass	2	FALSE	TRUE	4.01610003564201e-06	0.010040250089105
2-KETOGLUTARATE	57006	MassBank	KNA00533	Oxoglutaric acid	inchikey_connectivity_formula_mass	2	FALSE	TRUE	3.30309998730627e-06	0.00825774996826567
L-DIHYDROXY-PHENYLALANINE	57007	MassBank	KNA00684	L-Dopa	inchikey	1	TRUE	TRUE	2.15330001651637e-06	0.00538325004129092
CAMP	57009	MassBank	KNA00594	Cyclic AMP	inchikey_connectivity_formula_mass	2	FALSE	TRUE	3.46200067724567e-07	0.000865500169311417
ARG	57011	MassBank	KNA00505	L-Arginine	inchikey_connectivity_formula_mass	2	FALSE	TRUE	4.28559999932077e-06	0.0107139999983019
L-ASPARTATE	57012	MassBank	KNA00049	L-Aspartic acid	inchikey_connectivity_formula_mass	2	FALSE	TRUE	2.28170000582395e-06	0.00570425001455988
SUC	57013	MassBank	KNA00526	Succinic acid	inchikey_connectivity_formula_mass	2	FALSE	TRUE	1.31900000610585e-06	0.00329750001526463
threo-ds-iso-citrate	57015	MassBank	KNA00420	Isocitric acid	name_formula_mass	4	TRUE	TRUE	2.61150000824273e-06	0.00652875002060682
L-DIHYDROXY-PHENYLALANINE	57016	MassBank	KNA00685	L-Dopa	inchikey	1	TRUE	TRUE	2.15330001651637e-06	0.00538325004129092
CAMP	57017	MassBank	KNA00430	Cyclic AMP	inchikey_connectivity_formula_mass	2	FALSE	TRUE	3.46200067724567e-07	0.000865500169311417
3-SULFINOALANINE	57018	MassBank	KNA00721	3-Sulfinoalanine	inchikey_connectivity_formula_mass	2	FALSE	TRUE	1.59169999847109e-06	0.00397924999617771
ILE	57019	MassBank	KNA00322	L-Isoleucine	inchikey	1	TRUE	TRUE	1.33329999130183e-06	0.00333324997825457
CYTOSINE	57020	MassBank	KNA00019	Cytosine	inchikey	1	TRUE	TRUE	1.79820000312247e-06	0.00449550000780619
CYTIDINE	57022	MassBank	KNA00226	Cytidine	inchikey	1	TRUE	TRUE	5.43400005881267e-07	0.00135850001470317
4-AMINO-BUTYRATE	57026	MassBank	KNA00006	gamma-Aminobutyric acid	inchikey	1	TRUE	TRUE	1.46169999482026e-06	0.00365424998705066
URIDINE	57027	MassBank	KNA00115	Uridine	inchikey	1	TRUE	TRUE	3.87179997574094e-06	0.00967949993935235
THR	57028	MassBank	KNA00253	L-Threonine	inchikey	1	TRUE	TRUE	3.16039999859186e-06	0.00790099999647964
GLUCONATE	57029	MassBank	KNA00546	L-Gluconic acid	name_formula_mass	4	FALSE	TRUE	2.73989999755031e-06	0.00684974999387578
OXIDIZED-GLUTATHIONE	57031	MassBank	KNA00181	Oxidized glutathione	inchikey_connectivity_formula_mass	2	FALSE	TRUE	1.90359992302547e-06	0.00310968524401338
ADENOSYL-HOMO-CYS	57032	MassBank	KNA00714	S-Adenosylhomocysteine	inchikey	1	TRUE	TRUE	1.52630002503429e-06	0.00381575006258572
PHE	57034	MassBank	KNA00761	L-Phenylalanine	inchikey	1	TRUE	TRUE	1.39750000016647e-06	0.00349375000041618
TYR	57040	MassBank	KNA00662	L-Tyrosine	inchikey	1	TRUE	TRUE	3.22459999324565e-06	0.00806149998311412
ALPHA-GLC-6-P	57043	MassBank	KNA00339	alpha-D-Glucose 6-phosphate	inchikey_connectivity_formula_mass	2	FALSE	TRUE	1.47380001180863e-06	0.00368450002952159
ANTHRANILATE	57044	MassBank	KNA00059	2-Aminobenzoic acid	inchikey_connectivity_formula_mass	2	FALSE	TRUE	1.52590001789576e-06	0.00381475004473941
GLC-1-P	57045	MassBank	KNA00681	Glucose 1-phosphate	inchikey_connectivity_formula_mass	2	FALSE	TRUE	1.47380001180863e-06	0.00368450002952159
ADENOSYL-HOMO-CYS	57047	MassBank	KNA00228	S-Adenosylhomocysteine	inchikey	1	TRUE	TRUE	1.52630002503429e-06	0.00381575006258572
CYTOSINE	57048	MassBank	KNA00018	Cytosine	inchikey	1	TRUE	TRUE	1.79820000312247e-06	0.00449550000780619
URIDINE	57049	MassBank	KNA00677	Uridine	inchikey	1	TRUE	TRUE	3.87179997574094e-06	0.00967949993935235
RIBITOL	57051	MassBank	KNA00452	Ribitol	inchikey	1	TRUE	TRUE	3.4957000139002e-06	0.00873925003475051
URIDINE	57053	MassBank	KNA00283	Uridine	inchikey	1	TRUE	TRUE	3.87179997574094e-06	0.00967949993935235
HOMO-SER	57054	MassBank	KNA00730	L-Homoserine	inchikey	1	TRUE	TRUE	3.16039999859186e-06	0.00790099999647964
GLUTATHIONE	57055	MassBank	KNA00519	Glutathione	inchikey_connectivity_formula_mass	2	FALSE	TRUE	4.01610003564201e-06	0.010040250089105
CAMP	57056	MassBank	KNA00592	Cyclic AMP	inchikey_connectivity_formula_mass	2	FALSE	TRUE	3.46200067724567e-07	0.000865500169311417
CYTIDINE	57059	MassBank	KNA00225	Cytidine	inchikey	1	TRUE	TRUE	5.43400005881267e-07	0.00135850001470317
URIDINE	57061	MassBank	KNA00114	Uridine	inchikey	1	TRUE	TRUE	3.87179997574094e-06	0.00967949993935235
CYTOSINE	57063	MassBank	KNA00432	Cytosine	inchikey	1	TRUE	TRUE	1.79820000312247e-06	0.00449550000780619
GUANINE	57064	MassBank	KNA00166	Guanine	inchikey	1	TRUE	TRUE	1.91400005178366e-07	0.000478500012945915
ILE	57066	MassBank	KNA00042	L-Isoleucine	inchikey	1	TRUE	TRUE	1.33329999130183e-06	0.00333324997825457
ASN	57067	MassBank	KNA00486	L-Asparagine	inchikey	1	TRUE	TRUE	2.13349997579826e-06	0.00533374993949565
DIHYDROXY-ACETONE-PHOSPHATE	57070	MassBank	KNA00764	Dihydroxyacetone phosphate	inchikey_connectivity_formula_mass	2	FALSE	TRUE	4.46730001613105e-06	0.0111682500403276
TYRAMINE	57071	MassBank	KNA00324	Tyramine	inchikey_connectivity_formula_mass	2	FALSE	TRUE	3.98040000959554e-06	0.00995100002398885
TYR	57073	MassBank	KNA00572	L-Tyrosine	inchikey	1	TRUE	TRUE	3.22459999324565e-06	0.00806149998311412
ASN	57074	MassBank	KNA00485	L-Asparagine	inchikey	1	TRUE	TRUE	2.13349997579826e-06	0.00533374993949565
CYTIDINE	57076	MassBank	KNA00694	Cytidine	inchikey	1	TRUE	TRUE	5.43400005881267e-07	0.00135850001470317
HOMO-SER	57077	MassBank	KNA00340	L-Homoserine	inchikey	1	TRUE	TRUE	3.16039999859186e-06	0.00790099999647964
L-ASPARTATE	57079	MassBank	KNA00381	L-Aspartic acid	inchikey_connectivity_formula_mass	2	FALSE	TRUE	2.28170000582395e-06	0.00570425001455988
TYR	57081	MassBank	KNA00265	L-Tyrosine	inchikey	1	TRUE	TRUE	3.22459999324565e-06	0.00806149998311412
L-CITRULLINE	57082	MassBank	KNA00440	Citrulline	inchikey	1	TRUE	TRUE	1.29920002223116e-06	0.0032480000555779
TRP	57083	MassBank	KNA00509	L-Tryptophan	inchikey	1	TRUE	TRUE	2.36019999988457e-06	0.00590049999971143
CAMP	57084	MassBank	KNA00798	Cyclic AMP	inchikey_connectivity_formula_mass	2	FALSE	TRUE	3.46200067724567e-07	0.000865500169311417
URIDINE	57086	MassBank	KNA00113	Uridine	inchikey	1	TRUE	TRUE	3.87179997574094e-06	0.00967949993935235
GLUTATHIONE	57087	MassBank	KNA00123	Glutathione	inchikey_connectivity_formula_mass	2	FALSE	TRUE	4.01610003564201e-06	0.010040250089105
L-ASPARTATE	57089	MassBank	KNA00756	L-Aspartic acid	inchikey_connectivity_formula_mass	2	FALSE	TRUE	2.28170000582395e-06	0.00570425001455988
ASN	57090	MassBank	KNA00354	L-Asparagine	inchikey	1	TRUE	TRUE	2.13349997579826e-06	0.00533374993949565
GUANOSINE	57091	MassBank	KNA00189	Guanosine	inchikey	1	TRUE	TRUE	4.4620003336604e-07	0.0011155000834151
HYPOXANTHINE	57093	MassBank	KNA00570	Hypoxanthine	inchikey	1	TRUE	TRUE	7.71299994539731e-07	0.00192824998634933
4-AMINO-BUTYRATE	57094	MassBank	KNA00316	gamma-Aminobutyric acid	inchikey	1	TRUE	TRUE	1.46169999482026e-06	0.00365424998705066
SER	57095	MassBank	KNA00377	L-Serine	inchikey	1	TRUE	TRUE	3.09619998972721e-06	0.00774049997431803
ADENOSYL-HOMO-CYS	57097	MassBank	KNA00627	S-Adenosylhomocysteine	inchikey	1	TRUE	TRUE	1.52630002503429e-06	0.00381575006258572
GLN	57098	MassBank	KNA00492	L-Glutamine	inchikey	1	TRUE	TRUE	2.1976999846629e-06	0.00549424996165726
CYTOSINE	57099	MassBank	KNA00433	Cytosine	inchikey	1	TRUE	TRUE	1.79820000312247e-06	0.00449550000780619
INOSINE	57100	MassBank	KNA00580	Inosine	inchikey	1	TRUE	TRUE	4.83499945858057e-07	0.00120874986464514
L-DIHYDROXY-PHENYLALANINE	57102	MassBank	KNA00576	L-Dopa	inchikey	1	TRUE	TRUE	2.15330001651637e-06	0.00538325004129092
HYPOXANTHINE	57103	MassBank	KNA00471	Hypoxanthine	inchikey	1	TRUE	TRUE	7.71299994539731e-07	0.00192824998634933
ARG	57105	MassBank	KNA00787	L-Arginine	inchikey_connectivity_formula_mass	2	FALSE	TRUE	4.28559999932077e-06	0.0107139999983019
L-DIHYDROXY-PHENYLALANINE	57106	MassBank	KNA00173	L-Dopa	inchikey	1	TRUE	TRUE	2.15330001651637e-06	0.00538325004129092
GLT	57107	MassBank	KNA00074	L-Glutamic acid	inchikey_connectivity_formula_mass	2	FALSE	TRUE	2.2174999969593e-06	0.00554374999239826
INOSINE	57108	MassBank	KNA00709	Inosine	inchikey	1	TRUE	TRUE	4.83499945858057e-07	0.00120874986464514
SER	57109	MassBank	KNA00010	L-Serine	inchikey	1	TRUE	TRUE	3.09619998972721e-06	0.00774049997431803
HOMO-SER	57111	MassBank	KNA00341	L-Homoserine	inchikey	1	TRUE	TRUE	3.16039999859186e-06	0.00790099999647964
GUANOSINE	57112	MassBank	KNA00399	Guanosine	inchikey	1	TRUE	TRUE	4.4620003336604e-07	0.0011155000834151
URIDINE	57114	MassBank	KNA00676	Uridine	inchikey	1	TRUE	TRUE	3.87179997574094e-06	0.00967949993935235
2-KETOGLUTARATE	57115	MassBank	KNA00701	Oxoglutaric acid	inchikey_connectivity_formula_mass	2	FALSE	TRUE	3.30309998730627e-06	0.00825774996826567
L-ORNITHINE	57116	MassBank	KNA00424	Ornithine	inchikey_connectivity_formula_mass	2	FALSE	TRUE	2.36019999988457e-06	0.00590049999971143
CAMP	57117	MassBank	KNA00193	Cyclic AMP	inchikey_connectivity_formula_mass	2	FALSE	TRUE	3.46200067724567e-07	0.000865500169311417
ALPHA-GLC-6-P	57123	MassBank	KNA00727	alpha-D-Glucose 6-phosphate	inchikey_connectivity_formula_mass	2	FALSE	TRUE	1.47380001180863e-06	0.00368450002952159
GLT	57124	MassBank	KNA00495	L-Glutamic acid	inchikey_connectivity_formula_mass	2	FALSE	TRUE	2.2174999969593e-06	0.00554374999239826
CORTISONE	57126	MassBank	NA000009	Cortisone	inchikey	1	TRUE	TRUE	2.59906999531268e-05	0.0649767498828169
ADENINE	57127	MassBank	NA003375	Adenine	inchikey	1	TRUE	TRUE	4.81349999859049e-06	0.0120337499964762
CPD-10411	57130	MassBank	NA001516	(-)-Epigallocatechin	inchikey	1	TRUE	TRUE	4.71959000378774e-05	0.117989750094694
CPD-17697	57131	MassBank	NA001991	Tomatidine	inchikey	1	TRUE	TRUE	2.96938999895247e-05	0.0714921279096764
CPD-3141	57136	MassBank	NA000027	Genistein	inchikey_connectivity_formula_mass	2	FALSE	TRUE	2.34314999829621e-05	0.0585787499574053
CPD-8915	57137	MassBank	NA001426	3-(Dimethylaminomethyl)indole	inchikey_connectivity_formula_mass	2	FALSE	TRUE	1.54020000309174e-06	0.00385050000772935
CPD-19430	57142	MassBank	NA001644	Epigalanthamin	name_formula_mass	4	TRUE	TRUE	4.35455999650003e-05	0.108863999912501
CPD-9425	57146	MassBank	NA001383	Coniine	name_formula_mass	4	FALSE	TRUE	4.49099999855207e-07	0.00112274999963802
CPD-9940	57147	MassBank	NA000119	Harmine	inchikey	1	TRUE	TRUE	3.69823000028191e-05	0.0924557500070478
CPD-8912	57149	MassBank	NA001476	Matairesinol	inchikey	1	TRUE	TRUE	3.84388000043145e-05	0.0960970000107864
CPD-8915	57151	MassBank	NA000787	3-(Dimethylaminomethyl)indole	inchikey_connectivity_formula_mass	2	FALSE	TRUE	1.54020000309174e-06	0.00385050000772935
CPD-8917	57153	MassBank	NA001145	Lupanine	inchikey_connectivity_formula_mass	2	FALSE	TRUE	3.65970999780529e-05	0.0914927499451323
CPD-8917	57154	MassBank	NA001523	Lupanine	inchikey_connectivity_formula_mass	2	FALSE	TRUE	3.65970999780529e-05	0.0914927499451323
CPD-7561	57163	MassBank	NA001445	Artemisinin	inchikey	1	TRUE	TRUE	2.38166999793066e-05	0.0595417499482664
CPD-8915	57169	MassBank	NA000919	3-(Dimethylaminomethyl)indole	inchikey_connectivity_formula_mass	2	FALSE	TRUE	1.54020000309174e-06	0.00385050000772935
CPD-4210	57172	MassBank	NA002110	Zeatin	inchikey	1	TRUE	TRUE	1.00654000050326e-05	0.0251635000125816
CPD-9785	57173	MassBank	NA003434	Colchicine	inchikey	1	TRUE	TRUE	1.24597000308313e-05	0.0311492500770782
CPD-8915	57178	MassBank	NA000225	3-(Dimethylaminomethyl)indole	inchikey_connectivity_formula_mass	2	FALSE	TRUE	1.54020000309174e-06	0.00385050000772935
CPD1F-90	57183	MassBank	NA003011	Kaempferol	inchikey_connectivity_formula_mass	2	FALSE	TRUE	3.80536000079701e-05	0.0951340000199252
CPD-10411	57184	MassBank	NA002127	(-)-Epigallocatechin	inchikey	1	TRUE	TRUE	4.71959000378774e-05	0.117989750094694
CPD-4210	57188	MassBank	NA001248	Zeatin	inchikey	1	TRUE	TRUE	1.00654000050326e-05	0.0251635000125816
CPD-8915	57193	MassBank	NA000788	3-(Dimethylaminomethyl)indole	inchikey_connectivity_formula_mass	2	FALSE	TRUE	1.54020000309174e-06	0.00385050000772935
CPD-14427	57198	MassBank	NA001852	Daphnetin	inchikey	1	TRUE	TRUE	8.68099999706828e-06	0.0217024999926707
5-METHOXYFURANOCOUMARIN	57199	MassBank	NA001326	Bergapten	inchikey	1	TRUE	TRUE	4.12548000099378e-05	0.103137000024844
CPD-8915	57200	MassBank	NA001046	3-(Dimethylaminomethyl)indole	inchikey_connectivity_formula_mass	2	FALSE	TRUE	1.54020000309174e-06	0.00385050000772935
CPD-14427	57201	MassBank	NA001217	Daphnetin	inchikey	1	TRUE	TRUE	8.68099999706828e-06	0.0217024999926707
NICOTINE	57202	MassBank	NA002318	Nicotine	inchikey_connectivity_formula_mass	2	FALSE	TRUE	1.54020000309174e-06	0.00385050000772935
CPD-8912	57205	MassBank	NA001099	Matairesinol	inchikey	1	TRUE	TRUE	3.84388000043145e-05	0.0960970000107864
PROTOPINE	57207	MassBank	NA003149	Protopine	inchikey	1	TRUE	TRUE	2.27255999902809e-05	0.0568139999757022
CPD-12111	57209	MassBank	NA002594	4-Hydroxycoumarin	name_formula_mass	4	TRUE	TRUE	5.94109999951797e-06	0.0148527499987949
CPD-8912	57211	MassBank	NA001976	Matairesinol	inchikey	1	TRUE	TRUE	3.84388000043145e-05	0.0960970000107864
CPD-19430	57215	MassBank	NA000882	Epigalanthamin	name_formula_mass	4	TRUE	TRUE	4.35455999650003e-05	0.108863999912501
CPD-8915	57220	MassBank	NA000403	3-(Dimethylaminomethyl)indole	inchikey_connectivity_formula_mass	2	FALSE	TRUE	1.54020000309174e-06	0.00385050000772935
SCOPOLAMINE	57224	MassBank	NA002512	Scopolamine	inchikey	1	TRUE	TRUE	4.18323000417331e-05	0.104580750104333
CPD-8917	57230	MassBank	NA000307	Lupanine	inchikey_connectivity_formula_mass	2	FALSE	TRUE	3.65970999780529e-05	0.0914927499451323
CPD-4210	57232	MassBank	NA000871	Zeatin	inchikey	1	TRUE	TRUE	1.00654000050326e-05	0.0251635000125816
5-METHOXYFURANOCOUMARIN	57234	MassBank	NA001584	Bergapten	inchikey	1	TRUE	TRUE	4.12548000099378e-05	0.103137000024844
5-METHOXYFURANOCOUMARIN	57240	MassBank	NA001324	Bergapten	inchikey	1	TRUE	TRUE	4.12548000099378e-05	0.103137000024844
CPD-11590	57242	MassBank	NA000775	Aloin A	inchikey	1	TRUE	TRUE	1.76949000092463e-05	0.0423195013710823
5-METHOXYFURANOCOUMARIN	57246	MassBank	NA001450	Bergapten	inchikey	1	TRUE	TRUE	4.12548000099378e-05	0.103137000024844
CPD-17697	57253	MassBank	NA001638	Tomatidine	inchikey	1	TRUE	TRUE	2.96938999895247e-05	0.0714921279096764
CPD-14427	57254	MassBank	NA001218	Daphnetin	inchikey	1	TRUE	TRUE	8.68099999706828e-06	0.0217024999926707
CONIFERYL-ALDEHYDE	57255	MassBank	NA001603	Coniferaldehyde	inchikey	1	TRUE	TRUE	5.81270001021039e-06	0.014531750025526
CPD-8917	57256	MassBank	NA001901	Lupanine	inchikey_connectivity_formula_mass	2	FALSE	TRUE	3.65970999780529e-05	0.0914927499451323
CPD-10411	57257	MassBank	NA001137	(-)-Epigallocatechin	inchikey	1	TRUE	TRUE	4.71959000378774e-05	0.117989750094694
CPD-8912	57260	MassBank	NA001610	Matairesinol	inchikey	1	TRUE	TRUE	3.84388000043145e-05	0.0960970000107864
CPD-9940	57266	MassBank	NA000121	Harmine	inchikey	1	TRUE	TRUE	3.69823000028191e-05	0.0924557500070478
CPD-9425	57267	MassBank	NA001505	Coniine	name_formula_mass	4	FALSE	TRUE	4.49099999855207e-07	0.00112274999963802
CPD-19430	57271	MassBank	NA001895	Epigalanthamin	name_formula_mass	4	TRUE	TRUE	4.35455999650003e-05	0.108863999912501
CPD-8915	57274	MassBank	NA000373	3-(Dimethylaminomethyl)indole	inchikey_connectivity_formula_mass	2	FALSE	TRUE	1.54020000309174e-06	0.00385050000772935
Coumarins	57277	MassBank	NA003719	Coumarin	inchikey	1	TRUE	TRUE	2.05631999961042e-05	0.0514079999902606
COUMARIN	57277	MassBank	NA003719	Coumarin	inchikey	1	TRUE	TRUE	2.05631999961042e-05	0.0514079999902606
CPD-17697	57278	MassBank	NA001366	Tomatidine	inchikey	1	TRUE	TRUE	2.96938999895247e-05	0.0714921279096764
CPD-7561	57279	MassBank	NA001193	Artemisinin	inchikey	1	TRUE	TRUE	2.38166999793066e-05	0.0595417499482664
5-METHOXYFURANOCOUMARIN	57280	MassBank	NA001072	Bergapten	inchikey	1	TRUE	TRUE	4.12548000099378e-05	0.103137000024844
CPD-8186	57284	MassBank	NA002879	Umbelliferone	inchikey	1	TRUE	TRUE	5.94109999951797e-06	0.0148527499987949
CPD-17697	57286	MassBank	NA001637	Tomatidine	inchikey	1	TRUE	TRUE	2.96938999895247e-05	0.0714921279096764
CORTISONE	57288	MassBank	NA000001	Cortisone	inchikey	1	TRUE	TRUE	2.59906999531268e-05	0.0649767498828169
PHYTOALEXIN-CMPD	57296	MassBank	NA001103	Psoralen	inchikey	1	TRUE	TRUE	5.94109999951797e-06	0.0148527499987949
CPD-7561	57298	MassBank	NA001583	Artemisinin	inchikey	1	TRUE	TRUE	2.38166999793066e-05	0.0595417499482664
CPD-17697	57303	MassBank	NA001989	Tomatidine	inchikey	1	TRUE	TRUE	2.96938999895247e-05	0.0714921279096764
FORMONONETIN	57311	MassBank	NA002416	Formononetin	inchikey	1	TRUE	TRUE	4.11263999922085e-05	0.102815999980521
CPD-9940	57313	MassBank	NA000109	Harmine	inchikey	1	TRUE	TRUE	3.69823000028191e-05	0.0924557500070478
CPD-22580	57314	MassBank	NA000779	Digoxin	inchikey	1	TRUE	TRUE	6.76379988817644e-06	0.00866676485560795
CPD-9785	57317	MassBank	NA003435	Colchicine	inchikey	1	TRUE	TRUE	1.24597000308313e-05	0.0311492500770782
CPD-14427	57318	MassBank	NA000961	Daphnetin	inchikey	1	TRUE	TRUE	8.68099999706828e-06	0.0217024999926707
CPD-8915	57319	MassBank	NA001684	3-(Dimethylaminomethyl)indole	inchikey_connectivity_formula_mass	2	FALSE	TRUE	1.54020000309174e-06	0.00385050000772935
CPD-12111	57320	MassBank	NA000185	4-Hydroxycoumarin	inchikey	1	TRUE	TRUE	5.94109999951797e-06	0.0148527499987949
CPD-9410	57322	MassBank	NA002322	(+)-Costunolide	inchikey	1	TRUE	TRUE	2.98861999965538e-05	0.0747154999913846
CPD-14427	57325	MassBank	NA001471	Daphnetin	inchikey	1	TRUE	TRUE	8.68099999706828e-06	0.0217024999926707
CPD-9410	57328	MassBank	NA002714	(+)-Costunolide	inchikey	1	TRUE	TRUE	2.98861999965538e-05	0.0747154999913846
Coumarins	57329	MassBank	NA002586	Coumarin	inchikey	1	TRUE	TRUE	2.05631999961042e-05	0.0514079999902606
COUMARIN	57329	MassBank	NA002586	Coumarin	inchikey	1	TRUE	TRUE	2.05631999961042e-05	0.0514079999902606
CPD-9940	57330	MassBank	NA000102	Harmine	inchikey	1	TRUE	TRUE	3.69823000028191e-05	0.0924557500070478
CPD-12111	57333	MassBank	NA003727	4-Hydroxycoumarin	name_formula_mass	4	TRUE	TRUE	5.94109999951797e-06	0.0148527499987949
CPD-8917	57334	MassBank	NA000244	Lupanine	inchikey_connectivity_formula_mass	2	FALSE	TRUE	3.65970999780529e-05	0.0914927499451323
CPD-9940	57336	MassBank	NA000115	Harmine	inchikey	1	TRUE	TRUE	3.69823000028191e-05	0.0924557500070478
CPD-17697	57338	MassBank	NA000856	Tomatidine	inchikey	1	TRUE	TRUE	2.96938999895247e-05	0.0714921279096764
CPD-17697	57341	MassBank	NA001635	Tomatidine	inchikey	1	TRUE	TRUE	2.96938999895247e-05	0.0714921279096764
CPD-7561	57342	MassBank	NA001825	Artemisinin	inchikey	1	TRUE	TRUE	2.38166999793066e-05	0.0595417499482664
CPD-11590	57343	MassBank	NA001675	Aloin A	inchikey	1	TRUE	TRUE	1.76949000092463e-05	0.0423195013710823
CPD-17697	57344	MassBank	NA002134	Tomatidine	inchikey	1	TRUE	TRUE	2.96938999895247e-05	0.0714921279096764
CPD0-1376	57347	MassBank	NA003744	Dicyclohexylamine	inchikey_connectivity_formula_mass	2	FALSE	TRUE	4.97434999999768e-05	0.124358749999942
CPD-14427	57348	MassBank	NA001605	Daphnetin	inchikey	1	TRUE	TRUE	8.68099999706828e-06	0.0217024999926707
CPD-8917	57353	MassBank	NA001267	Lupanine	inchikey_connectivity_formula_mass	2	FALSE	TRUE	3.65970999780529e-05	0.0914927499451323
CPD-17697	57354	MassBank	NA001368	Tomatidine	inchikey	1	TRUE	TRUE	2.96938999895247e-05	0.0714921279096764
CPD-10411	57355	MassBank	NA001899	(-)-Epigallocatechin	inchikey	1	TRUE	TRUE	4.71959000378774e-05	0.117989750094694
CPD-4210	57362	MassBank	NA001125	Zeatin	inchikey	1	TRUE	TRUE	1.00654000050326e-05	0.0251635000125816
CONIFERYL-ALDEHYDE	57363	MassBank	NA001215	Coniferaldehyde	inchikey	1	TRUE	TRUE	5.81270001021039e-06	0.014531750025526
CPD-8917	57364	MassBank	NA000278	Lupanine	inchikey_connectivity_formula_mass	2	FALSE	TRUE	3.65970999780529e-05	0.0914927499451323
CPD-9410	57365	MassBank	NA003097	(+)-Costunolide	inchikey	1	TRUE	TRUE	2.98861999965538e-05	0.0747154999913846
CPD-19430	57367	MassBank	NA001133	Epigalanthamin	name_formula_mass	4	TRUE	TRUE	4.35455999650003e-05	0.108863999912501
PHYTOALEXIN-CMPD	57368	MassBank	NA001736	Psoralen	inchikey	1	TRUE	TRUE	5.94109999951797e-06	0.0148527499987949
CPD1F-90	57370	MassBank	NA003014	Kaempferol	inchikey_connectivity_formula_mass	2	FALSE	TRUE	3.80536000079701e-05	0.0951340000199252
CPD-19430	57371	MassBank	NA001012	Epigalanthamin	name_formula_mass	4	TRUE	TRUE	4.35455999650003e-05	0.108863999912501
ATROPINE	57373	MassBank	NA003560	Atropine	inchikey_connectivity_formula_mass	2	FALSE	TRUE	6.39019998516233e-06	0.0159754999629058
ATROPINE	57377	MassBank	NA003563	Atropine	inchikey_connectivity_formula_mass	2	FALSE	TRUE	6.39019998516233e-06	0.0159754999629058
CONIFERYL-ALDEHYDE	57383	MassBank	NA001722	Coniferaldehyde	inchikey	1	TRUE	TRUE	5.81270001021039e-06	0.014531750025526
CORTISONE	57385	MassBank	NA000012	Cortisone	inchikey	1	TRUE	TRUE	2.59906999531268e-05	0.0649767498828169
CPD0-1376	57387	MassBank	NA003369	Dicyclohexylamine	inchikey_connectivity_formula_mass	2	FALSE	TRUE	4.97434999999768e-05	0.124358749999942
CPD-8917	57391	MassBank	NA001144	Lupanine	inchikey_connectivity_formula_mass	2	FALSE	TRUE	3.65970999780529e-05	0.0914927499451323
CPD-7561	57394	MassBank	NA001322	Artemisinin	inchikey	1	TRUE	TRUE	2.38166999793066e-05	0.0595417499482664
CPD-4210	57400	MassBank	NA002003	Zeatin	inchikey	1	TRUE	TRUE	1.00654000050326e-05	0.0251635000125816
CORTISONE	57406	MassBank	NA000020	Cortisone	inchikey	1	TRUE	TRUE	2.59906999531268e-05	0.0649767498828169
CPD-4210	57407	MassBank	NA001885	Zeatin	inchikey	1	TRUE	TRUE	1.00654000050326e-05	0.0251635000125816
CPD-8912	57410	MassBank	NA001611	Matairesinol	inchikey	1	TRUE	TRUE	3.84388000043145e-05	0.0960970000107864
CPD-12111	57412	MassBank	NA000189	4-Hydroxycoumarin	inchikey	1	TRUE	TRUE	5.94109999951797e-06	0.0148527499987949
CPD-9940	57413	MassBank	NA000099	Harmine	inchikey	1	TRUE	TRUE	3.69823000028191e-05	0.0924557500070478
CPD-8917	57414	MassBank	NA001395	Lupanine	inchikey_connectivity_formula_mass	2	FALSE	TRUE	3.65970999780529e-05	0.0914927499451323
CPD-9440	57416	MassBank	NA002445	8-Prenylnaringenin	inchikey	1	TRUE	TRUE	2.62474999885853e-05	0.0656187499714633
CPD-9425	57419	MassBank	NA001643	Coniine	name_formula_mass	4	FALSE	TRUE	4.49099999855207e-07	0.00112274999963802
CPD-19438	57423	MassBank	NA003273	Lycorine	inchikey	1	TRUE	TRUE	4.19606999457756e-05	0.104901749864439
CPD-9425	57426	MassBank	NA002007	Coniine	name_formula_mass	4	FALSE	TRUE	4.49099999855207e-07	0.00112274999963802
CPD-7561	57428	MassBank	NA001066	Artemisinin	inchikey	1	TRUE	TRUE	2.38166999793066e-05	0.0595417499482664
CPD-8186	57429	MassBank	NA002489	Umbelliferone	inchikey	1	TRUE	TRUE	5.94109999951797e-06	0.0148527499987949
CPD-9940	57430	MassBank	NA000097	Harmine	inchikey	1	TRUE	TRUE	3.69823000028191e-05	0.0924557500070478
CPD-12111	57431	MassBank	NA000197	4-Hydroxycoumarin	inchikey	1	TRUE	TRUE	5.94109999951797e-06	0.0148527499987949
CPD-19438	57435	MassBank	NA003269	Lycorine	inchikey	1	TRUE	TRUE	4.19606999457756e-05	0.104901749864439
CPD-7561	57440	MassBank	NA001447	Artemisinin	inchikey	1	TRUE	TRUE	2.38166999793066e-05	0.0595417499482664
CPD-14427	57443	MassBank	NA000963	Daphnetin	inchikey	1	TRUE	TRUE	8.68099999706828e-06	0.0217024999926707
CPD-8915	57444	MassBank	NA000314	3-(Dimethylaminomethyl)indole	inchikey_connectivity_formula_mass	2	FALSE	TRUE	1.54020000309174e-06	0.00385050000772935
CPD-19430	57445	MassBank	NA002122	Epigalanthamin	name_formula_mass	4	TRUE	TRUE	4.35455999650003e-05	0.108863999912501
CONIFERYL-ALDEHYDE	57448	MassBank	NA001467	Coniferaldehyde	inchikey	1	TRUE	TRUE	5.81270001021039e-06	0.014531750025526
NICOTINE	57451	MassBank	NA003086	Nicotine	inchikey_connectivity_formula_mass	2	FALSE	TRUE	1.54020000309174e-06	0.00385050000772935
N-EE-PIPEROYL-PIPERIDINE	57452	MassBank	NA000162	Piperine	inchikey	1	TRUE	TRUE	6.51860000289162e-06	0.016296500007229
CPD-10537	57454	MassBank	NA000866	Digitoxigenin	inchikey	1	TRUE	TRUE	9.57980000748648e-06	0.0239495000187162
CPD-8915	57456	MassBank	NA001556	3-(Dimethylaminomethyl)indole	inchikey_connectivity_formula_mass	2	FALSE	TRUE	1.54020000309174e-06	0.00385050000772935
CPD-19430	57458	MassBank	NA001136	Epigalanthamin	name_formula_mass	4	TRUE	TRUE	4.35455999650003e-05	0.108863999912501
CPD-10411	57459	MassBank	NA002125	(-)-Epigallocatechin	inchikey	1	TRUE	TRUE	4.71959000378774e-05	0.117989750094694
CPD0-1376	57463	MassBank	NA002621	Dicyclohexylamine	inchikey_connectivity_formula_mass	2	FALSE	TRUE	4.97434999999768e-05	0.124358749999942
CPD-8917	57464	MassBank	NA000367	Lupanine	inchikey_connectivity_formula_mass	2	FALSE	TRUE	3.65970999780529e-05	0.0914927499451323
DAIDZEIN	57472	MassBank	NA003264	Daidzein	inchikey	1	TRUE	TRUE	8.80940001479757e-06	0.0220235000369939
CPD-9940	57475	MassBank	NA000107	Harmine	inchikey	1	TRUE	TRUE	3.69823000028191e-05	0.0924557500070478
CORTISONE	57480	MassBank	NA000019	Cortisone	inchikey	1	TRUE	TRUE	2.59906999531268e-05	0.0649767498828169
CPD-13080	57483	MassBank	NA002793	Solasodin	name_formula_mass	4	FALSE	TRUE	2.03703000352107e-05	0.0492834553727111
PHYTOALEXIN-CMPD	57487	MassBank	NA001735	Psoralen	inchikey	1	TRUE	TRUE	5.94109999951797e-06	0.0148527499987949
CPD-13080	57490	MassBank	NA002396	Solasodin	name_formula_mass	4	FALSE	TRUE	2.03703000352107e-05	0.0492834553727111
CPD-19430	57491	MassBank	NA001766	Epigalanthamin	name_formula_mass	4	TRUE	TRUE	4.35455999650003e-05	0.108863999912501
CPD-9785	57492	MassBank	NA003069	Colchicine	inchikey	1	TRUE	TRUE	1.24597000308313e-05	0.0311492500770782
ATROPINE	57493	MassBank	NA002818	Atropine	inchikey_connectivity_formula_mass	2	FALSE	TRUE	6.39019998516233e-06	0.0159754999629058
CPD-17697	57495	MassBank	NA001113	Tomatidine	inchikey	1	TRUE	TRUE	2.96938999895247e-05	0.0714921279096764
CPD-13080	57498	MassBank	NA002394	Solasodin	name_formula_mass	4	FALSE	TRUE	2.03703000352107e-05	0.0492834553727111
CPD-15742	57501	MassBank	NA003412	Papaverine	inchikey	1	TRUE	TRUE	4.18323000417331e-05	0.104580750104333
CPD-11590	57504	MassBank	NA001794	Aloin A	inchikey	1	TRUE	TRUE	1.76949000092463e-05	0.0423195013710823
CPD-19438	57505	MassBank	NA003272	Lycorine	inchikey	1	TRUE	TRUE	4.19606999457756e-05	0.104901749864439
CPD-12111	57506	MassBank	NA002979	4-Hydroxycoumarin	name_formula_mass	4	TRUE	TRUE	5.94109999951797e-06	0.0148527499987949
CPD-10411	57507	MassBank	NA001515	(-)-Epigallocatechin	inchikey	1	TRUE	TRUE	4.71959000378774e-05	0.117989750094694
CPD-19438	57508	MassBank	NA003641	Lycorine	inchikey	1	TRUE	TRUE	4.19606999457756e-05	0.104901749864439
ADENINE	57514	MassBank	NA003750	Adenine	inchikey	1	TRUE	TRUE	4.81349999859049e-06	0.0120337499964762
CPD-8917	57515	MassBank	NA001519	Lupanine	inchikey_connectivity_formula_mass	2	FALSE	TRUE	3.65970999780529e-05	0.0914927499451323
CPD0-1376	57521	MassBank	NA002618	Dicyclohexylamine	inchikey_connectivity_formula_mass	2	FALSE	TRUE	4.97434999999768e-05	0.124358749999942
CPD-22580	57525	MassBank	NA000781	Digoxin	inchikey	1	TRUE	TRUE	6.76379988817644e-06	0.00866676485560795
CPD-8912	57527	MassBank	NA000845	Matairesinol	inchikey	1	TRUE	TRUE	3.84388000043145e-05	0.0960970000107864
CPD-8718	57528	MassBank	NA002485	Paclitaxel	inchikey	1	TRUE	TRUE	4.46482999905129e-05	0.0523223723579922
CPD-7561	57533	MassBank	NA001828	Artemisinin	inchikey	1	TRUE	TRUE	2.38166999793066e-05	0.0595417499482664
CPD-9440	57536	MassBank	NA003586	8-Prenylnaringenin	inchikey	1	TRUE	TRUE	2.62474999885853e-05	0.0656187499714633
CPD0-1376	57539	MassBank	NA002620	Dicyclohexylamine	inchikey_connectivity_formula_mass	2	FALSE	TRUE	4.97434999999768e-05	0.124358749999942
CPD-8915	57540	MassBank	NA001557	3-(Dimethylaminomethyl)indole	inchikey_connectivity_formula_mass	2	FALSE	TRUE	1.54020000309174e-06	0.00385050000772935
CPD-15742	57551	MassBank	NA003046	Papaverine	inchikey	1	TRUE	TRUE	4.18323000417331e-05	0.104580750104333
CPD-4210	57553	MassBank	NA000993	Zeatin	inchikey	1	TRUE	TRUE	1.00654000050326e-05	0.0251635000125816
CPD-17697	57556	MassBank	NA000857	Tomatidine	inchikey	1	TRUE	TRUE	2.96938999895247e-05	0.0714921279096764
CONIFERYL-ALDEHYDE	57557	MassBank	NA001721	Coniferaldehyde	inchikey	1	TRUE	TRUE	5.81270001021039e-06	0.014531750025526
CPD-8915	57558	MassBank	NA001173	3-(Dimethylaminomethyl)indole	inchikey_connectivity_formula_mass	2	FALSE	TRUE	1.54020000309174e-06	0.00385050000772935
CPD-13080	57564	MassBank	NA002395	Solasodin	name_formula_mass	4	FALSE	TRUE	2.03703000352107e-05	0.0492834553727111
L-HYOSCYAMINE	57572	MassBank	NA002335	Hyoscyamine	inchikey_connectivity_formula_mass	2	FALSE	TRUE	6.39019998516233e-06	0.0159754999629058
DAIDZEIN	57575	MassBank	NA002498	Daidzein	inchikey	1	TRUE	TRUE	8.80940001479757e-06	0.0220235000369939
CONIFERYL-ALDEHYDE	57576	MassBank	NA001719	Coniferaldehyde	inchikey	1	TRUE	TRUE	5.81270001021039e-06	0.014531750025526
CPD-9785	57583	MassBank	NA002688	Colchicine	inchikey	1	TRUE	TRUE	1.24597000308313e-05	0.0311492500770782
CPD-9410	57587	MassBank	NA003461	(+)-Costunolide	inchikey	1	TRUE	TRUE	2.98861999965538e-05	0.0747154999913846
CONIFERYL-ALDEHYDE	57588	MassBank	NA001212	Coniferaldehyde	inchikey	1	TRUE	TRUE	5.81270001021039e-06	0.014531750025526
ADENINE	57589	MassBank	NA002626	Adenine	inchikey	1	TRUE	TRUE	4.81349999859049e-06	0.0120337499964762
CPD-12111	57593	MassBank	NA002982	4-Hydroxycoumarin	name_formula_mass	4	TRUE	TRUE	5.94109999951797e-06	0.0148527499987949
5-METHOXYFURANOCOUMARIN	57594	MassBank	NA001830	Bergapten	inchikey	1	TRUE	TRUE	4.12548000099378e-05	0.103137000024844
CPD-7561	57595	MassBank	NA000970	Artemisinin	inchikey	1	TRUE	TRUE	2.38166999793066e-05	0.0595417499482664
CORTISONE	57600	MassBank	NA000024	Cortisone	inchikey	1	TRUE	TRUE	2.59906999531268e-05	0.0649767498828169
CPD0-1376	57601	MassBank	NA003004	Dicyclohexylamine	inchikey_connectivity_formula_mass	2	FALSE	TRUE	4.97434999999768e-05	0.124358749999942
CPD-9440	57604	MassBank	NA003584	8-Prenylnaringenin	inchikey	1	TRUE	TRUE	2.62474999885853e-05	0.0656187499714633
CPD-7561	57606	MassBank	NA001196	Artemisinin	inchikey	1	TRUE	TRUE	2.38166999793066e-05	0.0595417499482664
CPD-4210	57610	MassBank	NA001124	Zeatin	inchikey	1	TRUE	TRUE	1.00654000050326e-05	0.0251635000125816
CPD-19438	57612	MassBank	NA002503	Lycorine	inchikey	1	TRUE	TRUE	4.19606999457756e-05	0.104901749864439
CPD-7561	57616	MassBank	NA001827	Artemisinin	inchikey	1	TRUE	TRUE	2.38166999793066e-05	0.0595417499482664
CPD-8915	57617	MassBank	NA001807	3-(Dimethylaminomethyl)indole	inchikey_connectivity_formula_mass	2	FALSE	TRUE	1.54020000309174e-06	0.00385050000772935
CPD-11590	57622	MassBank	NA001414	Aloin A	inchikey	1	TRUE	TRUE	1.76949000092463e-05	0.0423195013710823
CPD1F-90	57623	MassBank	NA002630	Kaempferol	inchikey_connectivity_formula_mass	2	FALSE	TRUE	3.80536000079701e-05	0.0951340000199252
CPD-9425	57624	MassBank	NA001382	Coniine	name_formula_mass	4	FALSE	TRUE	4.49099999855207e-07	0.00112274999963802
CPD-19438	57625	MassBank	NA003639	Lycorine	inchikey	1	TRUE	TRUE	4.19606999457756e-05	0.104901749864439
5-METHOXYFURANOCOUMARIN	57627	MassBank	NA000819	Bergapten	inchikey	1	TRUE	TRUE	4.12548000099378e-05	0.103137000024844
CPD1F-90	57635	MassBank	NA003383	Kaempferol	inchikey_connectivity_formula_mass	2	FALSE	TRUE	3.80536000079701e-05	0.0951340000199252
CPD-8917	57638	MassBank	NA001521	Lupanine	inchikey_connectivity_formula_mass	2	FALSE	TRUE	3.65970999780529e-05	0.0914927499451323
DAIDZEIN	57640	MassBank	NA003266	Daidzein	inchikey	1	TRUE	TRUE	8.80940001479757e-06	0.0220235000369939
CPD-10411	57641	MassBank	NA002126	(-)-Epigallocatechin	inchikey	1	TRUE	TRUE	4.71959000378774e-05	0.117989750094694
CPD-9410	57642	MassBank	NA003096	(+)-Costunolide	inchikey	1	TRUE	TRUE	2.98861999965538e-05	0.0747154999913846
CPD1F-90	57643	MassBank	NA003015	Kaempferol	inchikey_connectivity_formula_mass	2	FALSE	TRUE	3.80536000079701e-05	0.0951340000199252
CPD-10537	57645	MassBank	NA001632	Digitoxigenin	inchikey	1	TRUE	TRUE	9.57980000748648e-06	0.0239495000187162
CPD-9940	57646	MassBank	NA000112	Harmine	inchikey	1	TRUE	TRUE	3.69823000028191e-05	0.0924557500070478
CPD-7561	57648	MassBank	NA000812	Artemisinin	inchikey	1	TRUE	TRUE	2.38166999793066e-05	0.0595417499482664
PHYTOALEXIN-CMPD	57650	MassBank	NA002146	Psoralen	inchikey	1	TRUE	TRUE	5.94109999951797e-06	0.0148527499987949
ATROPINE	57656	MassBank	NA003198	Atropine	inchikey_connectivity_formula_mass	2	FALSE	TRUE	6.39019998516233e-06	0.0159754999629058
PHYTOALEXIN-CMPD	57658	MassBank	NA001354	Psoralen	inchikey	1	TRUE	TRUE	5.94109999951797e-06	0.0148527499987949
CPD-9940	57659	MassBank	NA000093	Harmine	inchikey	1	TRUE	TRUE	3.69823000028191e-05	0.0924557500070478
NICOTINE	57661	MassBank	NA002704	Nicotine	inchikey_connectivity_formula_mass	2	FALSE	TRUE	1.54020000309174e-06	0.00385050000772935
CPD-10411	57665	MassBank	NA001653	(-)-Epigallocatechin	inchikey	1	TRUE	TRUE	4.71959000378774e-05	0.117989750094694
CPD-8912	57666	MassBank	NA001351	Matairesinol	inchikey	1	TRUE	TRUE	3.84388000043145e-05	0.0960970000107864
SCOPOLAMINE	57668	MassBank	NA003283	Scopolamine	inchikey	1	TRUE	TRUE	4.18323000417331e-05	0.104580750104333
CPD-10411	57669	MassBank	NA001392	(-)-Epigallocatechin	inchikey	1	TRUE	TRUE	4.71959000378774e-05	0.117989750094694
CPD-17697	57670	MassBank	NA001873	Tomatidine	inchikey	1	TRUE	TRUE	2.96938999895247e-05	0.0714921279096764
PROTOPINE	57673	MassBank	NA002378	Protopine	inchikey	1	TRUE	TRUE	2.27255999902809e-05	0.0568139999757022
CPD-8917	57677	MassBank	NA000245	Lupanine	inchikey_connectivity_formula_mass	2	FALSE	TRUE	3.65970999780529e-05	0.0914927499451323
CPD-11590	57682	MassBank	NA001164	Aloin A	inchikey	1	TRUE	TRUE	1.76949000092463e-05	0.0423195013710823
CPD-9785	57683	MassBank	NA003436	Colchicine	inchikey	1	TRUE	TRUE	1.24597000308313e-05	0.0311492500770782
SCOPOLAMINE	57684	MassBank	NA003282	Scopolamine	inchikey	1	TRUE	TRUE	4.18323000417331e-05	0.104580750104333
CPD-8917	57686	MassBank	NA002014	Lupanine	inchikey_connectivity_formula_mass	2	FALSE	TRUE	3.65970999780529e-05	0.0914927499451323
CPD-8915	57687	MassBank	NA000917	3-(Dimethylaminomethyl)indole	inchikey_connectivity_formula_mass	2	FALSE	TRUE	1.54020000309174e-06	0.00385050000772935
CPD-10411	57690	MassBank	NA001650	(-)-Epigallocatechin	inchikey	1	TRUE	TRUE	4.71959000378774e-05	0.117989750094694
CPD-9440	57694	MassBank	NA003220	8-Prenylnaringenin	inchikey	1	TRUE	TRUE	2.62474999885853e-05	0.0656187499714633
PROTOPINE	57699	MassBank	NA003517	Protopine	inchikey	1	TRUE	TRUE	2.27255999902809e-05	0.0568139999757022
CONIFERYL-ALDEHYDE	57700	MassBank	NA000959	Coniferaldehyde	inchikey	1	TRUE	TRUE	5.81270001021039e-06	0.014531750025526
CPD-8912	57701	MassBank	NA001857	Matairesinol	inchikey	1	TRUE	TRUE	3.84388000043145e-05	0.0960970000107864
CPD-19430	57705	MassBank	NA001255	Epigalanthamin	name_formula_mass	4	TRUE	TRUE	4.35455999650003e-05	0.108863999912501
CPD-8917	57706	MassBank	NA000395	Lupanine	inchikey_connectivity_formula_mass	2	FALSE	TRUE	3.65970999780529e-05	0.0914927499451323
CPD-8917	57707	MassBank	NA001658	Lupanine	inchikey_connectivity_formula_mass	2	FALSE	TRUE	3.65970999780529e-05	0.0914927499451323
CPD-14427	57712	MassBank	NA001608	Daphnetin	inchikey	1	TRUE	TRUE	8.68099999706828e-06	0.0217024999926707
NICOTINE	57713	MassBank	NA003450	Nicotine	inchikey_connectivity_formula_mass	2	FALSE	TRUE	1.54020000309174e-06	0.00385050000772935
CPD-9425	57714	MassBank	NA001887	Coniine	name_formula_mass	4	FALSE	TRUE	4.49099999855207e-07	0.00112274999963802
CPD-11590	57715	MassBank	NA001104	Aloin A	inchikey	1	TRUE	TRUE	1.76949000092463e-05	0.0423195013710823
CPD-8915	57717	MassBank	NA001048	3-(Dimethylaminomethyl)indole	inchikey_connectivity_formula_mass	2	FALSE	TRUE	1.54020000309174e-06	0.00385050000772935
L-HYOSCYAMINE	57718	MassBank	NA002337	Hyoscyamine	inchikey_connectivity_formula_mass	2	FALSE	TRUE	6.39019998516233e-06	0.0159754999629058
ATROPINE	57719	MassBank	NA003194	Atropine	inchikey_connectivity_formula_mass	2	FALSE	TRUE	6.39019998516233e-06	0.0159754999629058
CPD-8917	57726	MassBank	NA001266	Lupanine	inchikey_connectivity_formula_mass	2	FALSE	TRUE	3.65970999780529e-05	0.0914927499451323
CPD-15742	57728	MassBank	NA002663	Papaverine	inchikey	1	TRUE	TRUE	4.18323000417331e-05	0.104580750104333
CPD-9425	57732	MassBank	NA001250	Coniine	name_formula_mass	4	FALSE	TRUE	4.49099999855207e-07	0.00112274999963802
CPD-12111	57735	MassBank	NA003724	4-Hydroxycoumarin	name_formula_mass	4	TRUE	TRUE	5.94109999951797e-06	0.0148527499987949
CPD-8915	57739	MassBank	NA001045	3-(Dimethylaminomethyl)indole	inchikey_connectivity_formula_mass	2	FALSE	TRUE	1.54020000309174e-06	0.00385050000772935
CPD-12111	57742	MassBank	NA000192	4-Hydroxycoumarin	inchikey	1	TRUE	TRUE	5.94109999951797e-06	0.0148527499987949
Coumarins	57743	MassBank	NA002975	Coumarin	inchikey	1	TRUE	TRUE	2.05631999961042e-05	0.0514079999902606
COUMARIN	57743	MassBank	NA002975	Coumarin	inchikey	1	TRUE	TRUE	2.05631999961042e-05	0.0514079999902606
PHYTOALEXIN-CMPD	57744	MassBank	NA001481	Psoralen	inchikey	1	TRUE	TRUE	5.94109999951797e-06	0.0148527499987949
CPD-8917	57746	MassBank	NA001522	Lupanine	inchikey_connectivity_formula_mass	2	FALSE	TRUE	3.65970999780529e-05	0.0914927499451323
CPD0-1376	57748	MassBank	NA003003	Dicyclohexylamine	inchikey_connectivity_formula_mass	2	FALSE	TRUE	4.97434999999768e-05	0.124358749999942
CPD-8915	57753	MassBank	NA000377	3-(Dimethylaminomethyl)indole	inchikey_connectivity_formula_mass	2	FALSE	TRUE	1.54020000309174e-06	0.00385050000772935
CPD-10411	57755	MassBank	NA001014	(-)-Epigallocatechin	inchikey	1	TRUE	TRUE	4.71959000378774e-05	0.117989750094694
CONIFERYL-ALDEHYDE	57756	MassBank	NA001964	Coniferaldehyde	inchikey	1	TRUE	TRUE	5.81270001021039e-06	0.014531750025526
CONIFERYL-ALDEHYDE	57758	MassBank	NA001846	Coniferaldehyde	inchikey	1	TRUE	TRUE	5.81270001021039e-06	0.014531750025526
CPD-14427	57766	MassBank	NA000838	Daphnetin	inchikey	1	TRUE	TRUE	8.68099999706828e-06	0.0217024999926707
NICOTINE	57768	MassBank	NA003449	Nicotine	inchikey_connectivity_formula_mass	2	FALSE	TRUE	1.54020000309174e-06	0.00385050000772935
N-EE-PIPEROYL-PIPERIDINE	57773	MassBank	NA000164	Piperine	inchikey	1	TRUE	TRUE	6.51860000289162e-06	0.016296500007229
CPD-7561	57774	MassBank	NA001067	Artemisinin	inchikey	1	TRUE	TRUE	2.38166999793066e-05	0.0595417499482664
FORMONONETIN	57778	MassBank	NA003192	Formononetin	inchikey	1	TRUE	TRUE	4.11263999922085e-05	0.102815999980521
CPD-4210	57780	MassBank	NA001758	Zeatin	inchikey	1	TRUE	TRUE	1.00654000050326e-05	0.0251635000125816
CPD-8915	57782	MassBank	NA001687	3-(Dimethylaminomethyl)indole	inchikey_connectivity_formula_mass	2	FALSE	TRUE	1.54020000309174e-06	0.00385050000772935
CPD-8912	57783	MassBank	NA001733	Matairesinol	inchikey	1	TRUE	TRUE	3.84388000043145e-05	0.0960970000107864
CPD-9785	57787	MassBank	NA002293	Colchicine	inchikey	1	TRUE	TRUE	1.24597000308313e-05	0.0311492500770782
CPD-9425	57788	MassBank	NA001888	Coniine	name_formula_mass	4	FALSE	TRUE	4.49099999855207e-07	0.00112274999963802
CONIFERYL-ALDEHYDE	57789	MassBank	NA001214	Coniferaldehyde	inchikey	1	TRUE	TRUE	5.81270001021039e-06	0.014531750025526
CPD-8912	57795	MassBank	NA001731	Matairesinol	inchikey	1	TRUE	TRUE	3.84388000043145e-05	0.0960970000107864
ATROPINE	57806	MassBank	NA002816	Atropine	inchikey_connectivity_formula_mass	2	FALSE	TRUE	6.39019998516233e-06	0.0159754999629058
CPD-9425	57807	MassBank	NA001379	Coniine	name_formula_mass	4	FALSE	TRUE	4.49099999855207e-07	0.00112274999963802
CPD-8912	57808	MassBank	NA001474	Matairesinol	inchikey	1	TRUE	TRUE	3.84388000043145e-05	0.0960970000107864
CPD-7561	57809	MassBank	NA001706	Artemisinin	inchikey	1	TRUE	TRUE	2.38166999793066e-05	0.0595417499482664
CPD-9410	57810	MassBank	NA003462	(+)-Costunolide	inchikey	1	TRUE	TRUE	2.98861999965538e-05	0.0747154999913846
DAIDZEIN	57813	MassBank	NA003638	Daidzein	inchikey	1	TRUE	TRUE	8.80940001479757e-06	0.0220235000369939
CPD-7561	57818	MassBank	NA000813	Artemisinin	inchikey	1	TRUE	TRUE	2.38166999793066e-05	0.0595417499482664
CPD-9940	57825	MassBank	NA000117	Harmine	inchikey	1	TRUE	TRUE	3.69823000028191e-05	0.0924557500070478
CPD-10411	57827	MassBank	NA001260	(-)-Epigallocatechin	inchikey	1	TRUE	TRUE	4.71959000378774e-05	0.117989750094694
CPD-4210	57829	MassBank	NA000995	Zeatin	inchikey	1	TRUE	TRUE	1.00654000050326e-05	0.0251635000125816
CPD-10411	57830	MassBank	NA001652	(-)-Epigallocatechin	inchikey	1	TRUE	TRUE	4.71959000378774e-05	0.117989750094694
CPD-8915	57835	MassBank	NA000918	3-(Dimethylaminomethyl)indole	inchikey_connectivity_formula_mass	2	FALSE	TRUE	1.54020000309174e-06	0.00385050000772935
PHYTOALEXIN-CMPD	57836	MassBank	NA001102	Psoralen	inchikey	1	TRUE	TRUE	5.94109999951797e-06	0.0148527499987949
CPD-8917	57843	MassBank	NA000217	Lupanine	inchikey_connectivity_formula_mass	2	FALSE	TRUE	3.65970999780529e-05	0.0914927499451323
CPD-4210	57847	MassBank	NA001123	Zeatin	inchikey	1	TRUE	TRUE	1.00654000050326e-05	0.0251635000125816
CPD-9440	57853	MassBank	NA002841	8-Prenylnaringenin	inchikey	1	TRUE	TRUE	2.62474999885853e-05	0.0656187499714633
CONIFERYL-ALDEHYDE	57854	MassBank	NA001962	Coniferaldehyde	inchikey	1	TRUE	TRUE	5.81270001021039e-06	0.014531750025526
CPD-4210	57858	MassBank	NA002113	Zeatin	inchikey	1	TRUE	TRUE	1.00654000050326e-05	0.0251635000125816
CPD-8186	57859	MassBank	NA003260	Umbelliferone	inchikey	1	TRUE	TRUE	5.94109999951797e-06	0.0148527499987949
CPD-8912	57861	MassBank	NA000843	Matairesinol	inchikey	1	TRUE	TRUE	3.84388000043145e-05	0.0960970000107864
CPD-10411	57862	MassBank	NA000883	(-)-Epigallocatechin	inchikey	1	TRUE	TRUE	4.71959000378774e-05	0.117989750094694
CORTISONE	57869	MassBank	NA000006	Cortisone	inchikey	1	TRUE	TRUE	2.59906999531268e-05	0.0649767498828169
CPD-9440	57870	MassBank	NA002840	8-Prenylnaringenin	inchikey	1	TRUE	TRUE	2.62474999885853e-05	0.0656187499714633
CPD-9785	57872	MassBank	NA002291	Colchicine	inchikey	1	TRUE	TRUE	1.24597000308313e-05	0.0311492500770782
CPD-4210	57873	MassBank	NA001757	Zeatin	inchikey	1	TRUE	TRUE	1.00654000050326e-05	0.0251635000125816
CPD-13080	57874	MassBank	NA003534	Solasodin	name_formula_mass	4	FALSE	TRUE	2.03703000352107e-05	0.0492834553727111
CPD-11590	57880	MassBank	NA002010	Aloin A	inchikey	1	TRUE	TRUE	1.76949000092463e-05	0.0423195013710823
CPD-8912	57881	MassBank	NA001226	Matairesinol	inchikey	1	TRUE	TRUE	3.84388000043145e-05	0.0960970000107864
SCOPOLAMINE	57883	MassBank	NA002904	Scopolamine	inchikey	1	TRUE	TRUE	4.18323000417331e-05	0.104580750104333
CPD-8917	57892	MassBank	NA001776	Lupanine	inchikey_connectivity_formula_mass	2	FALSE	TRUE	3.65970999780529e-05	0.0914927499451323
CPD-8912	57893	MassBank	NA001353	Matairesinol	inchikey	1	TRUE	TRUE	3.84388000043145e-05	0.0960970000107864
CPD-4210	57899	MassBank	NA001500	Zeatin	inchikey	1	TRUE	TRUE	1.00654000050326e-05	0.0251635000125816
CPD-9410	57902	MassBank	NA002320	(+)-Costunolide	inchikey	1	TRUE	TRUE	2.98861999965538e-05	0.0747154999913846
CPD-13080	57904	MassBank	NA003171	Solasodin	name_formula_mass	4	FALSE	TRUE	2.03703000352107e-05	0.0492834553727111
CPD-8917	57907	MassBank	NA000336	Lupanine	inchikey_connectivity_formula_mass	2	FALSE	TRUE	3.65970999780529e-05	0.0914927499451323
Coumarins	57912	MassBank	NA002977	Coumarin	inchikey	1	TRUE	TRUE	2.05631999961042e-05	0.0514079999902606
COUMARIN	57912	MassBank	NA002977	Coumarin	inchikey	1	TRUE	TRUE	2.05631999961042e-05	0.0514079999902606
SCOPOLAMINE	57916	MassBank	NA003279	Scopolamine	inchikey	1	TRUE	TRUE	4.18323000417331e-05	0.104580750104333
CPD-9410	57920	MassBank	NA003460	(+)-Costunolide	inchikey	1	TRUE	TRUE	2.98861999965538e-05	0.0747154999913846
CPD-9425	57921	MassBank	NA001128	Coniine	name_formula_mass	4	FALSE	TRUE	4.49099999855207e-07	0.00112274999963802
CPD1F-90	57925	MassBank	NA003753	Kaempferol	inchikey_connectivity_formula_mass	2	FALSE	TRUE	3.80536000079701e-05	0.0951340000199252
CPD-8915	57927	MassBank	NA000315	3-(Dimethylaminomethyl)indole	inchikey_connectivity_formula_mass	2	FALSE	TRUE	1.54020000309174e-06	0.00385050000772935
CPD-14427	57928	MassBank	NA001724	Daphnetin	inchikey	1	TRUE	TRUE	8.68099999706828e-06	0.0217024999926707
CPD-11590	57929	MassBank	NA001039	Aloin A	inchikey	1	TRUE	TRUE	1.76949000092463e-05	0.0423195013710823
CPD-4210	57930	MassBank	NA000869	Zeatin	inchikey	1	TRUE	TRUE	1.00654000050326e-05	0.0251635000125816
NICOTINE	57931	MassBank	NA002317	Nicotine	inchikey_connectivity_formula_mass	2	FALSE	TRUE	1.54020000309174e-06	0.00385050000772935
Coumarins	57933	MassBank	NA002590	Coumarin	inchikey	1	TRUE	TRUE	2.05631999961042e-05	0.0514079999902606
COUMARIN	57933	MassBank	NA002590	Coumarin	inchikey	1	TRUE	TRUE	2.05631999961042e-05	0.0514079999902606
CPD-17697	57934	MassBank	NA001364	Tomatidine	inchikey	1	TRUE	TRUE	2.96938999895247e-05	0.0714921279096764
CPD-13080	57937	MassBank	NA002397	Solasodin	name_formula_mass	4	FALSE	TRUE	2.03703000352107e-05	0.0492834553727111
CPD-8915	57941	MassBank	NA000257	3-(Dimethylaminomethyl)indole	inchikey_connectivity_formula_mass	2	FALSE	TRUE	1.54020000309174e-06	0.00385050000772935
CPD-8915	57947	MassBank	NA001424	3-(Dimethylaminomethyl)indole	inchikey_connectivity_formula_mass	2	FALSE	TRUE	1.54020000309174e-06	0.00385050000772935
CPD-7561	57948	MassBank	NA000972	Artemisinin	inchikey	1	TRUE	TRUE	2.38166999793066e-05	0.0595417499482664
L-HYOSCYAMINE	57950	MassBank	NA003109	Hyoscyamine	inchikey_connectivity_formula_mass	2	FALSE	TRUE	6.39019998516233e-06	0.0159754999629058
CPD-9425	57951	MassBank	NA001380	Coniine	name_formula_mass	4	FALSE	TRUE	4.49099999855207e-07	0.00112274999963802
CPD-9425	57952	MassBank	NA001641	Coniine	name_formula_mass	4	FALSE	TRUE	4.49099999855207e-07	0.00112274999963802
CPD-13080	57953	MassBank	NA003170	Solasodin	name_formula_mass	4	FALSE	TRUE	2.03703000352107e-05	0.0492834553727111
CPD-12111	57959	MassBank	NA000174	4-Hydroxycoumarin	inchikey	1	TRUE	TRUE	5.94109999951797e-06	0.0148527499987949
CPD0-1376	57960	MassBank	NA003746	Dicyclohexylamine	inchikey_connectivity_formula_mass	2	FALSE	TRUE	4.97434999999768e-05	0.124358749999942
PHYTOALEXIN-CMPD	57961	MassBank	NA001232	Psoralen	inchikey	1	TRUE	TRUE	5.94109999951797e-06	0.0148527499987949
CPD-14427	57963	MassBank	NA001849	Daphnetin	inchikey	1	TRUE	TRUE	8.68099999706828e-06	0.0217024999926707
CPD-10411	57966	MassBank	NA001896	(-)-Epigallocatechin	inchikey	1	TRUE	TRUE	4.71959000378774e-05	0.117989750094694
CPD-12111	57967	MassBank	NA000196	4-Hydroxycoumarin	inchikey	1	TRUE	TRUE	5.94109999951797e-06	0.0148527499987949
CPD-8915	57969	MassBank	NA000405	3-(Dimethylaminomethyl)indole	inchikey_connectivity_formula_mass	2	FALSE	TRUE	1.54020000309174e-06	0.00385050000772935
CORTISONE	57974	MassBank	NA000002	Cortisone	inchikey	1	TRUE	TRUE	2.59906999531268e-05	0.0649767498828169
CPD-8915	57988	MassBank	NA001554	3-(Dimethylaminomethyl)indole	inchikey_connectivity_formula_mass	2	FALSE	TRUE	1.54020000309174e-06	0.00385050000772935
CPD-14427	57990	MassBank	NA001728	Daphnetin	inchikey	1	TRUE	TRUE	8.68099999706828e-06	0.0217024999926707
FORMONONETIN	57991	MassBank	NA002810	Formononetin	inchikey	1	TRUE	TRUE	4.11263999922085e-05	0.102815999980521
CPD-9785	57992	MassBank	NA002690	Colchicine	inchikey	1	TRUE	TRUE	1.24597000308313e-05	0.0311492500770782
CPD-8915	57996	MassBank	NA001047	3-(Dimethylaminomethyl)indole	inchikey_connectivity_formula_mass	2	FALSE	TRUE	1.54020000309174e-06	0.00385050000772935
Coumarins	57999	MassBank	NA003350	Coumarin	inchikey	1	TRUE	TRUE	2.05631999961042e-05	0.0514079999902606
COUMARIN	57999	MassBank	NA003350	Coumarin	inchikey	1	TRUE	TRUE	2.05631999961042e-05	0.0514079999902606
PROTOPINE	58001	MassBank	NA002770	Protopine	inchikey	1	TRUE	TRUE	2.27255999902809e-05	0.0568139999757022
CPD-9425	58006	MassBank	NA002117	Coniine	name_formula_mass	4	FALSE	TRUE	4.49099999855207e-07	0.00112274999963802
CPD-8915	58007	MassBank	NA001297	3-(Dimethylaminomethyl)indole	inchikey_connectivity_formula_mass	2	FALSE	TRUE	1.54020000309174e-06	0.00385050000772935
CPD-8912	58014	MassBank	NA001612	Matairesinol	inchikey	1	TRUE	TRUE	3.84388000043145e-05	0.0960970000107864
5-METHOXYFURANOCOUMARIN	58016	MassBank	NA001585	Bergapten	inchikey	1	TRUE	TRUE	4.12548000099378e-05	0.103137000024844
ADENINE	58017	MassBank	NA003009	Adenine	inchikey	1	TRUE	TRUE	4.81349999859049e-06	0.0120337499964762
CPD-8912	58019	MassBank	NA001100	Matairesinol	inchikey	1	TRUE	TRUE	3.84388000043145e-05	0.0960970000107864
Coumarins	58021	MassBank	NA003351	Coumarin	inchikey	1	TRUE	TRUE	2.05631999961042e-05	0.0514079999902606
COUMARIN	58021	MassBank	NA003351	Coumarin	inchikey	1	TRUE	TRUE	2.05631999961042e-05	0.0514079999902606
NICOTINE	58024	MassBank	NA003084	Nicotine	inchikey_connectivity_formula_mass	2	FALSE	TRUE	1.54020000309174e-06	0.00385050000772935
CPD-8915	58025	MassBank	NA001923	3-(Dimethylaminomethyl)indole	inchikey_connectivity_formula_mass	2	FALSE	TRUE	1.54020000309174e-06	0.00385050000772935
PHYTOALEXIN-CMPD	58027	MassBank	NA002144	Psoralen	inchikey	1	TRUE	TRUE	5.94109999951797e-06	0.0148527499987949
CPD-7561	58029	MassBank	NA001943	Artemisinin	inchikey	1	TRUE	TRUE	2.38166999793066e-05	0.0595417499482664
CPD-7561	58034	MassBank	NA000969	Artemisinin	inchikey	1	TRUE	TRUE	2.38166999793066e-05	0.0595417499482664
CPD-15742	58035	MassBank	NA002268	Papaverine	inchikey	1	TRUE	TRUE	4.18323000417331e-05	0.104580750104333
PROTOPINE	58041	MassBank	NA003150	Protopine	inchikey	1	TRUE	TRUE	2.27255999902809e-05	0.0568139999757022
CPD-9425	58044	MassBank	NA001252	Coniine	name_formula_mass	4	FALSE	TRUE	4.49099999855207e-07	0.00112274999963802
CPD-19430	58046	MassBank	NA001764	Epigalanthamin	name_formula_mass	4	TRUE	TRUE	4.35455999650003e-05	0.108863999912501
CORTISONE	58050	MassBank	NA000018	Cortisone	inchikey	1	TRUE	TRUE	2.59906999531268e-05	0.0649767498828169
PHYTOALEXIN-CMPD	58052	MassBank	NA001865	Psoralen	inchikey	1	TRUE	TRUE	5.94109999951797e-06	0.0148527499987949
PHYTOALEXIN-CMPD	58053	MassBank	NA001231	Psoralen	inchikey	1	TRUE	TRUE	5.94109999951797e-06	0.0148527499987949
CPD-10411	58054	MassBank	NA001138	(-)-Epigallocatechin	inchikey	1	TRUE	TRUE	4.71959000378774e-05	0.117989750094694
CPD-11590	58055	MassBank	NA001543	Aloin A	inchikey	1	TRUE	TRUE	1.76949000092463e-05	0.0423195013710823
CPD-7561	58057	MassBank	NA001824	Artemisinin	inchikey	1	TRUE	TRUE	2.38166999793066e-05	0.0595417499482664
CPD-14427	58059	MassBank	NA002084	Daphnetin	inchikey	1	TRUE	TRUE	8.68099999706828e-06	0.0217024999926707
CPD-7561	58064	MassBank	NA001065	Artemisinin	inchikey	1	TRUE	TRUE	2.38166999793066e-05	0.0595417499482664
CPD-9940	58065	MassBank	NA000095	Harmine	inchikey	1	TRUE	TRUE	3.69823000028191e-05	0.0924557500070478
CPD-17697	58066	MassBank	NA001365	Tomatidine	inchikey	1	TRUE	TRUE	2.96938999895247e-05	0.0714921279096764
CPD-13080	58067	MassBank	NA003173	Solasodin	name_formula_mass	4	FALSE	TRUE	2.03703000352107e-05	0.0492834553727111
CORTISONE	58068	MassBank	NA000011	Cortisone	inchikey	1	TRUE	TRUE	2.59906999531268e-05	0.0649767498828169
CPD-8186	58074	MassBank	NA003628	Umbelliferone	inchikey	1	TRUE	TRUE	5.94109999951797e-06	0.0148527499987949
SCOPOLAMINE	58081	MassBank	NA002513	Scopolamine	inchikey	1	TRUE	TRUE	4.18323000417331e-05	0.104580750104333
CPD-13080	58085	MassBank	NA003536	Solasodin	name_formula_mass	4	FALSE	TRUE	2.03703000352107e-05	0.0492834553727111
CPD-4210	58089	MassBank	NA001375	Zeatin	inchikey	1	TRUE	TRUE	1.00654000050326e-05	0.0251635000125816
CPD-8186	58090	MassBank	NA003261	Umbelliferone	inchikey	1	TRUE	TRUE	5.94109999951797e-06	0.0148527499987949
5-METHOXYFURANOCOUMARIN	58096	MassBank	NA000941	Bergapten	inchikey	1	TRUE	TRUE	4.12548000099378e-05	0.103137000024844
CPD-19430	58098	MassBank	NA001010	Epigalanthamin	name_formula_mass	4	TRUE	TRUE	4.35455999650003e-05	0.108863999912501
CPD-15742	58101	MassBank	NA003048	Papaverine	inchikey	1	TRUE	TRUE	4.18323000417331e-05	0.104580750104333
CPD-14427	58103	MassBank	NA000839	Daphnetin	inchikey	1	TRUE	TRUE	8.68099999706828e-06	0.0217024999926707
CPD-8915	58107	MassBank	NA000375	3-(Dimethylaminomethyl)indole	inchikey_connectivity_formula_mass	2	FALSE	TRUE	1.54020000309174e-06	0.00385050000772935
CONIFERYL-ALDEHYDE	58111	MassBank	NA001599	Coniferaldehyde	inchikey	1	TRUE	TRUE	5.81270001021039e-06	0.014531750025526
CPD-8915	58113	MassBank	NA000345	3-(Dimethylaminomethyl)indole	inchikey_connectivity_formula_mass	2	FALSE	TRUE	1.54020000309174e-06	0.00385050000772935
CPD-17697	58117	MassBank	NA001746	Tomatidine	inchikey	1	TRUE	TRUE	2.96938999895247e-05	0.0714921279096764
CPD-12111	58119	MassBank	NA000177	4-Hydroxycoumarin	inchikey	1	TRUE	TRUE	5.94109999951797e-06	0.0148527499987949
CPD-17697	58122	MassBank	NA001990	Tomatidine	inchikey	1	TRUE	TRUE	2.96938999895247e-05	0.0714921279096764
CPD-9425	58124	MassBank	NA001251	Coniine	name_formula_mass	4	FALSE	TRUE	4.49099999855207e-07	0.00112274999963802
N-EE-PIPEROYL-PIPERIDINE	58128	MassBank	NA000163	Piperine	inchikey	1	TRUE	TRUE	6.51860000289162e-06	0.016296500007229
CPD-7561	58129	MassBank	NA002058	Artemisinin	inchikey	1	TRUE	TRUE	2.38166999793066e-05	0.0595417499482664
CPD-14427	58130	MassBank	NA001967	Daphnetin	inchikey	1	TRUE	TRUE	8.68099999706828e-06	0.0217024999926707
CPD-19430	58132	MassBank	NA001258	Epigalanthamin	name_formula_mass	4	TRUE	TRUE	4.35455999650003e-05	0.108863999912501
CPD-8915	58133	MassBank	NA001295	3-(Dimethylaminomethyl)indole	inchikey_connectivity_formula_mass	2	FALSE	TRUE	1.54020000309174e-06	0.00385050000772935
CPD-12111	58134	MassBank	NA000169	4-Hydroxycoumarin	inchikey	1	TRUE	TRUE	5.94109999951797e-06	0.0148527499987949
CPD-15742	58135	MassBank	NA003413	Papaverine	inchikey	1	TRUE	TRUE	4.18323000417331e-05	0.104580750104333
CPD-11590	58137	MassBank	NA001674	Aloin A	inchikey	1	TRUE	TRUE	1.76949000092463e-05	0.0423195013710823
CPD-8917	58138	MassBank	NA001778	Lupanine	inchikey_connectivity_formula_mass	2	FALSE	TRUE	3.65970999780529e-05	0.0914927499451323
NICOTINE	58141	MassBank	NA002708	Nicotine	inchikey_connectivity_formula_mass	2	FALSE	TRUE	1.54020000309174e-06	0.00385050000772935
ADENINE	58145	MassBank	NA003751	Adenine	inchikey	1	TRUE	TRUE	4.81349999859049e-06	0.0120337499964762
DAIDZEIN	58154	MassBank	NA002497	Daidzein	inchikey	1	TRUE	TRUE	8.80940001479757e-06	0.0220235000369939
CPD-22580	58156	MassBank	NA001546	Digoxin	inchikey	1	TRUE	TRUE	6.76379988817644e-06	0.00866676485560795
CPD-9785	58159	MassBank	NA003072	Colchicine	inchikey	1	TRUE	TRUE	1.24597000308313e-05	0.0311492500770782
CONIFERYL-ALDEHYDE	58160	MassBank	NA001465	Coniferaldehyde	inchikey	1	TRUE	TRUE	5.81270001021039e-06	0.014531750025526
CPD-9440	58162	MassBank	NA002843	8-Prenylnaringenin	inchikey	1	TRUE	TRUE	2.62474999885853e-05	0.0656187499714633
SCOPOLAMINE	58165	MassBank	NA002515	Scopolamine	inchikey	1	TRUE	TRUE	4.18323000417331e-05	0.104580750104333
CPD-8917	58167	MassBank	NA001019	Lupanine	inchikey_connectivity_formula_mass	2	FALSE	TRUE	3.65970999780529e-05	0.0914927499451323
PHYTOALEXIN-CMPD	58169	MassBank	NA001979	Psoralen	inchikey	1	TRUE	TRUE	5.94109999951797e-06	0.0148527499987949
CPD0-1376	58171	MassBank	NA003743	Dicyclohexylamine	inchikey_connectivity_formula_mass	2	FALSE	TRUE	4.97434999999768e-05	0.124358749999942
CPD-8186	58175	MassBank	NA003624	Umbelliferone	inchikey	1	TRUE	TRUE	5.94109999951797e-06	0.0148527499987949
SCOPOLAMINE	58177	MassBank	NA003652	Scopolamine	inchikey	1	TRUE	TRUE	4.18323000417331e-05	0.104580750104333
CPD-19430	58181	MassBank	NA002013	Epigalanthamin	name_formula_mass	4	TRUE	TRUE	4.35455999650003e-05	0.108863999912501
CPD-15742	58187	MassBank	NA002666	Papaverine	inchikey	1	TRUE	TRUE	4.18323000417331e-05	0.104580750104333
CPD-19430	58190	MassBank	NA002124	Epigalanthamin	name_formula_mass	4	TRUE	TRUE	4.35455999650003e-05	0.108863999912501
CONIFERYL-ALDEHYDE	58193	MassBank	NA000957	Coniferaldehyde	inchikey	1	TRUE	TRUE	5.81270001021039e-06	0.014531750025526
N-EE-PIPEROYL-PIPERIDINE	58195	MassBank	NA000150	Piperine	inchikey	1	TRUE	TRUE	6.51860000289162e-06	0.016296500007229
CPD-8917	58197	MassBank	NA000334	Lupanine	inchikey_connectivity_formula_mass	2	FALSE	TRUE	3.65970999780529e-05	0.0914927499451323
FORMONONETIN	58198	MassBank	NA002415	Formononetin	inchikey	1	TRUE	TRUE	4.11263999922085e-05	0.102815999980521
5-METHOXYFURANOCOUMARIN	58200	MassBank	NA000820	Bergapten	inchikey	1	TRUE	TRUE	4.12548000099378e-05	0.103137000024844
CPD-8917	58202	MassBank	NA000335	Lupanine	inchikey_connectivity_formula_mass	2	FALSE	TRUE	3.65970999780529e-05	0.0914927499451323
CPD-8912	58205	MassBank	NA001858	Matairesinol	inchikey	1	TRUE	TRUE	3.84388000043145e-05	0.0960970000107864
CPD-15742	58209	MassBank	NA002266	Papaverine	inchikey	1	TRUE	TRUE	4.18323000417331e-05	0.104580750104333
CPD-8917	58216	MassBank	NA000887	Lupanine	inchikey_connectivity_formula_mass	2	FALSE	TRUE	3.65970999780529e-05	0.0914927499451323
PHYTOALEXIN-CMPD	58217	MassBank	NA001357	Psoralen	inchikey	1	TRUE	TRUE	5.94109999951797e-06	0.0148527499987949
CPD-17697	58219	MassBank	NA001114	Tomatidine	inchikey	1	TRUE	TRUE	2.96938999895247e-05	0.0714921279096764
PHYTOALEXIN-CMPD	58225	MassBank	NA001861	Psoralen	inchikey	1	TRUE	TRUE	5.94109999951797e-06	0.0148527499987949
CPD-9440	58229	MassBank	NA003587	8-Prenylnaringenin	inchikey	1	TRUE	TRUE	2.62474999885853e-05	0.0656187499714633
CPD-17697	58232	MassBank	NA002130	Tomatidine	inchikey	1	TRUE	TRUE	2.96938999895247e-05	0.0714921279096764
7-O-BETA-D-APIOFURANOSYL-12-BETA-D-GLU	58236	MassBank	NA002615	Apiin	name_formula_mass	4	FALSE	TRUE	5.60819989914307e-06	0.00994100987239676
CPD-9425	58237	MassBank	NA001001	Coniine	name_formula_mass	4	FALSE	TRUE	4.49099999855207e-07	0.00112274999963802
CPD-14427	58238	MassBank	NA001726	Daphnetin	inchikey	1	TRUE	TRUE	8.68099999706828e-06	0.0217024999926707
CPD-19430	58241	MassBank	NA001257	Epigalanthamin	name_formula_mass	4	TRUE	TRUE	4.35455999650003e-05	0.108863999912501
CPD-9425	58244	MassBank	NA001890	Coniine	name_formula_mass	4	FALSE	TRUE	4.49099999855207e-07	0.00112274999963802
CPD-8915	58249	MassBank	NA001049	3-(Dimethylaminomethyl)indole	inchikey_connectivity_formula_mass	2	FALSE	TRUE	1.54020000309174e-06	0.00385050000772935
FORMONONETIN	58250	MassBank	NA003554	Formononetin	inchikey	1	TRUE	TRUE	4.11263999922085e-05	0.102815999980521
CPD-17697	58253	MassBank	NA001116	Tomatidine	inchikey	1	TRUE	TRUE	2.96938999895247e-05	0.0714921279096764
CPD-8915	58254	MassBank	NA000346	3-(Dimethylaminomethyl)indole	inchikey_connectivity_formula_mass	2	FALSE	TRUE	1.54020000309174e-06	0.00385050000772935
CPD-7561	58255	MassBank	NA001946	Artemisinin	inchikey	1	TRUE	TRUE	2.38166999793066e-05	0.0595417499482664
L-HYOSCYAMINE	58256	MassBank	NA003113	Hyoscyamine	inchikey_connectivity_formula_mass	2	FALSE	TRUE	6.39019998516233e-06	0.0159754999629058
N-EE-PIPEROYL-PIPERIDINE	58259	MassBank	NA000154	Piperine	inchikey	1	TRUE	TRUE	6.51860000289162e-06	0.016296500007229
CPD-9940	58260	MassBank	NA000105	Harmine	inchikey	1	TRUE	TRUE	3.69823000028191e-05	0.0924557500070478
CONIFERYL-ALDEHYDE	58261	MassBank	NA001342	Coniferaldehyde	inchikey	1	TRUE	TRUE	5.81270001021039e-06	0.014531750025526
CPD-8912	58268	MassBank	NA000844	Matairesinol	inchikey	1	TRUE	TRUE	3.84388000043145e-05	0.0960970000107864
CPD-9940	58271	MassBank	NA000116	Harmine	inchikey	1	TRUE	TRUE	3.69823000028191e-05	0.0924557500070478
ATROPINE	58273	MassBank	NA002423	Atropine	inchikey_connectivity_formula_mass	2	FALSE	TRUE	6.39019998516233e-06	0.0159754999629058
CPD-8917	58275	MassBank	NA000304	Lupanine	inchikey_connectivity_formula_mass	2	FALSE	TRUE	3.65970999780529e-05	0.0914927499451323
CPD-9410	58278	MassBank	NA002323	(+)-Costunolide	inchikey	1	TRUE	TRUE	2.98861999965538e-05	0.0747154999913846
CPD-10537	58282	MassBank	NA001633	Digitoxigenin	inchikey	1	TRUE	TRUE	9.57980000748648e-06	0.0239495000187162
Coumarins	58287	MassBank	NA002588	Coumarin	inchikey	1	TRUE	TRUE	2.05631999961042e-05	0.0514079999902606
COUMARIN	58287	MassBank	NA002588	Coumarin	inchikey	1	TRUE	TRUE	2.05631999961042e-05	0.0514079999902606
CPD-10537	58288	MassBank	NA001629	Digitoxigenin	inchikey	1	TRUE	TRUE	9.57980000748648e-06	0.0239495000187162
PHYTOALEXIN-CMPD	58289	MassBank	NA002099	Psoralen	inchikey	1	TRUE	TRUE	5.94109999951797e-06	0.0148527499987949
5-METHOXYFURANOCOUMARIN	58291	MassBank	NA001451	Bergapten	inchikey	1	TRUE	TRUE	4.12548000099378e-05	0.103137000024844
PHYTOALEXIN-CMPD	58292	MassBank	NA001980	Psoralen	inchikey	1	TRUE	TRUE	5.94109999951797e-06	0.0148527499987949
CPD-8915	58296	MassBank	NA000404	3-(Dimethylaminomethyl)indole	inchikey_connectivity_formula_mass	2	FALSE	TRUE	1.54020000309174e-06	0.00385050000772935
CPD-4210	58297	MassBank	NA001503	Zeatin	inchikey	1	TRUE	TRUE	1.00654000050326e-05	0.0251635000125816
CPD-11590	58301	MassBank	NA000907	Aloin A	inchikey	1	TRUE	TRUE	1.76949000092463e-05	0.0423195013710823
CPD-8915	58309	MassBank	NA001685	3-(Dimethylaminomethyl)indole	inchikey_connectivity_formula_mass	2	FALSE	TRUE	1.54020000309174e-06	0.00385050000772935
CPD-9940	58320	MassBank	NA000108	Harmine	inchikey	1	TRUE	TRUE	3.69823000028191e-05	0.0924557500070478
CPD-9425	58322	MassBank	NA000875	Coniine	name_formula_mass	4	FALSE	TRUE	4.49099999855207e-07	0.00112274999963802
DAIDZEIN	58325	MassBank	NA003268	Daidzein	inchikey	1	TRUE	TRUE	8.80940001479757e-06	0.0220235000369939
CPD-9440	58327	MassBank	NA002446	8-Prenylnaringenin	inchikey	1	TRUE	TRUE	2.62474999885853e-05	0.0656187499714633
PROTOPINE	58328	MassBank	NA002772	Protopine	inchikey	1	TRUE	TRUE	2.27255999902809e-05	0.0568139999757022
CPD-8917	58333	MassBank	NA001264	Lupanine	inchikey_connectivity_formula_mass	2	FALSE	TRUE	3.65970999780529e-05	0.0914927499451323
CPD-14427	58341	MassBank	NA001853	Daphnetin	inchikey	1	TRUE	TRUE	8.68099999706828e-06	0.0217024999926707
CORTISONE	58342	MassBank	NA000016	Cortisone	inchikey	1	TRUE	TRUE	2.59906999531268e-05	0.0649767498828169
CPD-10411	58344	MassBank	NA001013	(-)-Epigallocatechin	inchikey	1	TRUE	TRUE	4.71959000378774e-05	0.117989750094694
CPD-8915	58345	MassBank	NA000317	3-(Dimethylaminomethyl)indole	inchikey_connectivity_formula_mass	2	FALSE	TRUE	1.54020000309174e-06	0.00385050000772935
ADENINE	58348	MassBank	NA003377	Adenine	inchikey	1	TRUE	TRUE	4.81349999859049e-06	0.0120337499964762
CPD-8186	58349	MassBank	NA002487	Umbelliferone	inchikey	1	TRUE	TRUE	5.94109999951797e-06	0.0148527499987949
CPD-12111	58354	MassBank	NA000181	4-Hydroxycoumarin	inchikey	1	TRUE	TRUE	5.94109999951797e-06	0.0148527499987949
CPD-14427	58359	MassBank	NA001347	Daphnetin	inchikey	1	TRUE	TRUE	8.68099999706828e-06	0.0217024999926707
CPD-11590	58364	MassBank	NA002030	Aloin A	inchikey	1	TRUE	TRUE	1.76949000092463e-05	0.0423195013710823
N-EE-PIPEROYL-PIPERIDINE	58367	MassBank	NA000161	Piperine	inchikey	1	TRUE	TRUE	6.51860000289162e-06	0.016296500007229
CPD-4210	58368	MassBank	NA001247	Zeatin	inchikey	1	TRUE	TRUE	1.00654000050326e-05	0.0251635000125816
CPD-10537	58369	MassBank	NA001631	Digitoxigenin	inchikey	1	TRUE	TRUE	9.57980000748648e-06	0.0239495000187162
CPD-8917	58370	MassBank	NA001142	Lupanine	inchikey_connectivity_formula_mass	2	FALSE	TRUE	3.65970999780529e-05	0.0914927499451323
CPD-9440	58373	MassBank	NA003219	8-Prenylnaringenin	inchikey	1	TRUE	TRUE	2.62474999885853e-05	0.0656187499714633
CPD-9410	58374	MassBank	NA002319	(+)-Costunolide	inchikey	1	TRUE	TRUE	2.98861999965538e-05	0.0747154999913846
CPD-14427	58375	MassBank	NA001093	Daphnetin	inchikey	1	TRUE	TRUE	8.68099999706828e-06	0.0217024999926707
CPD0-1376	58377	MassBank	NA003372	Dicyclohexylamine	inchikey_connectivity_formula_mass	2	FALSE	TRUE	4.97434999999768e-05	0.124358749999942
CPD-9940	58380	MassBank	NA000111	Harmine	inchikey	1	TRUE	TRUE	3.69823000028191e-05	0.0924557500070478
PHYTOALEXIN-CMPD	58383	MassBank	NA001982	Psoralen	inchikey	1	TRUE	TRUE	5.94109999951797e-06	0.0148527499987949
CPD-8912	58390	MassBank	NA001977	Matairesinol	inchikey	1	TRUE	TRUE	3.84388000043145e-05	0.0960970000107864
CORTISONE	58392	MassBank	NA000014	Cortisone	inchikey	1	TRUE	TRUE	2.59906999531268e-05	0.0649767498828169
L-HYOSCYAMINE	58398	MassBank	NA002338	Hyoscyamine	inchikey_connectivity_formula_mass	2	FALSE	TRUE	6.39019998516233e-06	0.0159754999629058
CPD-8917	58409	MassBank	NA002016	Lupanine	inchikey_connectivity_formula_mass	2	FALSE	TRUE	3.65970999780529e-05	0.0914927499451323
ADENINE	58410	MassBank	NA002624	Adenine	inchikey	1	TRUE	TRUE	4.81349999859049e-06	0.0120337499964762
PHYTOALEXIN-CMPD	58415	MassBank	NA000850	Psoralen	inchikey	1	TRUE	TRUE	5.94109999951797e-06	0.0148527499987949
CPD-17697	58416	MassBank	NA000985	Tomatidine	inchikey	1	TRUE	TRUE	2.96938999895247e-05	0.0714921279096764
CPD-10411	58417	MassBank	NA001261	(-)-Epigallocatechin	inchikey	1	TRUE	TRUE	4.71959000378774e-05	0.117989750094694
CPD-22580	58419	MassBank	NA001547	Digoxin	inchikey	1	TRUE	TRUE	6.76379988817644e-06	0.00866676485560795
CPD-15742	58420	MassBank	NA003045	Papaverine	inchikey	1	TRUE	TRUE	4.18323000417331e-05	0.104580750104333
CONIFERYL-ALDEHYDE	58423	MassBank	NA001088	Coniferaldehyde	inchikey	1	TRUE	TRUE	5.81270001021039e-06	0.014531750025526
CPD-9785	58428	MassBank	NA003071	Colchicine	inchikey	1	TRUE	TRUE	1.24597000308313e-05	0.0311492500770782
PHYTOALEXIN-CMPD	58429	MassBank	NA001479	Psoralen	inchikey	1	TRUE	TRUE	5.94109999951797e-06	0.0148527499987949
FORMONONETIN	58434	MassBank	NA002809	Formononetin	inchikey	1	TRUE	TRUE	4.11263999922085e-05	0.102815999980521
ADENINE	58436	MassBank	NA002623	Adenine	inchikey	1	TRUE	TRUE	4.81349999859049e-06	0.0120337499964762
ATROPINE	58441	MassBank	NA002419	Atropine	inchikey_connectivity_formula_mass	2	FALSE	TRUE	6.39019998516233e-06	0.0159754999629058
CPD-19430	58443	MassBank	NA001385	Epigalanthamin	name_formula_mass	4	TRUE	TRUE	4.35455999650003e-05	0.108863999912501
5-METHOXYFURANOCOUMARIN	58444	MassBank	NA001325	Bergapten	inchikey	1	TRUE	TRUE	4.12548000099378e-05	0.103137000024844
CPD-12111	58446	MassBank	NA002980	4-Hydroxycoumarin	name_formula_mass	4	TRUE	TRUE	5.94109999951797e-06	0.0148527499987949
CONIFERYL-ALDEHYDE	58447	MassBank	NA001845	Coniferaldehyde	inchikey	1	TRUE	TRUE	5.81270001021039e-06	0.014531750025526
CPD-15742	58451	MassBank	NA002265	Papaverine	inchikey	1	TRUE	TRUE	4.18323000417331e-05	0.104580750104333
CPD-14427	58454	MassBank	NA001348	Daphnetin	inchikey	1	TRUE	TRUE	8.68099999706828e-06	0.0217024999926707
CPD-8186	58455	MassBank	NA002880	Umbelliferone	inchikey	1	TRUE	TRUE	5.94109999951797e-06	0.0148527499987949
CPD1F-90	58456	MassBank	NA003381	Kaempferol	inchikey_connectivity_formula_mass	2	FALSE	TRUE	3.80536000079701e-05	0.0951340000199252
CORTISONE	58459	MassBank	NA000007	Cortisone	inchikey	1	TRUE	TRUE	2.59906999531268e-05	0.0649767498828169
CONIFERYL-ALDEHYDE	58460	MassBank	NA001600	Coniferaldehyde	inchikey	1	TRUE	TRUE	5.81270001021039e-06	0.014531750025526
CPD-9940	58461	MassBank	NA000114	Harmine	inchikey	1	TRUE	TRUE	3.69823000028191e-05	0.0924557500070478
CPD-8186	58462	MassBank	NA002490	Umbelliferone	inchikey	1	TRUE	TRUE	5.94109999951797e-06	0.0148527499987949
CPD-12111	58467	MassBank	NA000170	4-Hydroxycoumarin	inchikey	1	TRUE	TRUE	5.94109999951797e-06	0.0148527499987949
CPD-9425	58468	MassBank	NA002008	Coniine	name_formula_mass	4	FALSE	TRUE	4.49099999855207e-07	0.00112274999963802
CPD-11590	58473	MassBank	NA001795	Aloin A	inchikey	1	TRUE	TRUE	1.76949000092463e-05	0.0423195013710823
CPD-19430	58475	MassBank	NA002121	Epigalanthamin	name_formula_mass	4	TRUE	TRUE	4.35455999650003e-05	0.108863999912501
FORMONONETIN	58477	MassBank	NA003556	Formononetin	inchikey	1	TRUE	TRUE	4.11263999922085e-05	0.102815999980521
CPD-11590	58478	MassBank	NA000911	Aloin A	inchikey	1	TRUE	TRUE	1.76949000092463e-05	0.0423195013710823
CONIFERYL-ALDEHYDE	58480	MassBank	NA001340	Coniferaldehyde	inchikey	1	TRUE	TRUE	5.81270001021039e-06	0.014531750025526
CORTISONE	58483	MassBank	NA000023	Cortisone	inchikey	1	TRUE	TRUE	2.59906999531268e-05	0.0649767498828169
FORMONONETIN	58486	MassBank	NA003193	Formononetin	inchikey	1	TRUE	TRUE	4.11263999922085e-05	0.102815999980521
PROTOPINE	58487	MassBank	NA002374	Protopine	inchikey	1	TRUE	TRUE	2.27255999902809e-05	0.0568139999757022
5-METHOXYFURANOCOUMARIN	58488	MassBank	NA001070	Bergapten	inchikey	1	TRUE	TRUE	4.12548000099378e-05	0.103137000024844
CPD-11590	58489	MassBank	NA001162	Aloin A	inchikey	1	TRUE	TRUE	1.76949000092463e-05	0.0423195013710823
CPD-11590	58492	MassBank	NA002011	Aloin A	inchikey	1	TRUE	TRUE	1.76949000092463e-05	0.0423195013710823
CPD-10411	58502	MassBank	NA001141	(-)-Epigallocatechin	inchikey	1	TRUE	TRUE	4.71959000378774e-05	0.117989750094694
CPD-13080	58506	MassBank	NA002790	Solasodin	name_formula_mass	4	FALSE	TRUE	2.03703000352107e-05	0.0492834553727111
CPD-8915	58509	MassBank	NA000374	3-(Dimethylaminomethyl)indole	inchikey_connectivity_formula_mass	2	FALSE	TRUE	1.54020000309174e-06	0.00385050000772935
CPD-9425	58512	MassBank	NA001642	Coniine	name_formula_mass	4	FALSE	TRUE	4.49099999855207e-07	0.00112274999963802
PROTOPINE	58514	MassBank	NA002771	Protopine	inchikey	1	TRUE	TRUE	2.27255999902809e-05	0.0568139999757022
CPD-15742	58521	MassBank	NA002267	Papaverine	inchikey	1	TRUE	TRUE	4.18323000417331e-05	0.104580750104333
SCOPOLAMINE	58522	MassBank	NA003653	Scopolamine	inchikey	1	TRUE	TRUE	4.18323000417331e-05	0.104580750104333
CPD-9410	58523	MassBank	NA002717	(+)-Costunolide	inchikey	1	TRUE	TRUE	2.98861999965538e-05	0.0747154999913846
CPD-8917	58525	MassBank	NA000305	Lupanine	inchikey_connectivity_formula_mass	2	FALSE	TRUE	3.65970999780529e-05	0.0914927499451323
FORMONONETIN	58528	MassBank	NA002417	Formononetin	inchikey	1	TRUE	TRUE	4.11263999922085e-05	0.102815999980521
CPD-19430	58530	MassBank	NA001765	Epigalanthamin	name_formula_mass	4	TRUE	TRUE	4.35455999650003e-05	0.108863999912501
5-METHOXYFURANOCOUMARIN	58531	MassBank	NA001588	Bergapten	inchikey	1	TRUE	TRUE	4.12548000099378e-05	0.103137000024844
CPD-7561	58534	MassBank	NA001708	Artemisinin	inchikey	1	TRUE	TRUE	2.38166999793066e-05	0.0595417499482664
CPD-19430	58535	MassBank	NA001011	Epigalanthamin	name_formula_mass	4	TRUE	TRUE	4.35455999650003e-05	0.108863999912501
CPD-9425	58537	MassBank	NA001508	Coniine	name_formula_mass	4	FALSE	TRUE	4.49099999855207e-07	0.00112274999963802
CPD-4210	58546	MassBank	NA002001	Zeatin	inchikey	1	TRUE	TRUE	1.00654000050326e-05	0.0251635000125816
CPD-14427	58547	MassBank	NA001472	Daphnetin	inchikey	1	TRUE	TRUE	8.68099999706828e-06	0.0217024999926707
PROTOPINE	58548	MassBank	NA002375	Protopine	inchikey	1	TRUE	TRUE	2.27255999902809e-05	0.0568139999757022
CPD-8917	58549	MassBank	NA001143	Lupanine	inchikey_connectivity_formula_mass	2	FALSE	TRUE	3.65970999780529e-05	0.0914927499451323
CPD-8917	58552	MassBank	NA001265	Lupanine	inchikey_connectivity_formula_mass	2	FALSE	TRUE	3.65970999780529e-05	0.0914927499451323
CPD-10411	58553	MassBank	NA001262	(-)-Epigallocatechin	inchikey	1	TRUE	TRUE	4.71959000378774e-05	0.117989750094694
CPD0-1376	58554	MassBank	NA003001	Dicyclohexylamine	inchikey_connectivity_formula_mass	2	FALSE	TRUE	4.97434999999768e-05	0.124358749999942
CPD-19430	58557	MassBank	NA001132	Epigalanthamin	name_formula_mass	4	TRUE	TRUE	4.35455999650003e-05	0.108863999912501
CPD-14427	58558	MassBank	NA001969	Daphnetin	inchikey	1	TRUE	TRUE	8.68099999706828e-06	0.0217024999926707
CONIFERYL-ALDEHYDE	58559	MassBank	NA001720	Coniferaldehyde	inchikey	1	TRUE	TRUE	5.81270001021039e-06	0.014531750025526
CPD-10411	58563	MassBank	NA001393	(-)-Epigallocatechin	inchikey	1	TRUE	TRUE	4.71959000378774e-05	0.117989750094694
CPD-10411	58564	MassBank	NA001900	(-)-Epigallocatechin	inchikey	1	TRUE	TRUE	4.71959000378774e-05	0.117989750094694
N-EE-PIPEROYL-PIPERIDINE	58565	MassBank	NA000159	Piperine	inchikey	1	TRUE	TRUE	6.51860000289162e-06	0.016296500007229
CPD-8917	58567	MassBank	NA000891	Lupanine	inchikey_connectivity_formula_mass	2	FALSE	TRUE	3.65970999780529e-05	0.0914927499451323
CPD-12111	58568	MassBank	NA000179	4-Hydroxycoumarin	inchikey	1	TRUE	TRUE	5.94109999951797e-06	0.0148527499987949
CPD-9410	58569	MassBank	NA003463	(+)-Costunolide	inchikey	1	TRUE	TRUE	2.98861999965538e-05	0.0747154999913846
CPD-9425	58570	MassBank	NA002005	Coniine	name_formula_mass	4	FALSE	TRUE	4.49099999855207e-07	0.00112274999963802
CPD-15742	58575	MassBank	NA002664	Papaverine	inchikey	1	TRUE	TRUE	4.18323000417331e-05	0.104580750104333
CPD-17697	58578	MassBank	NA001367	Tomatidine	inchikey	1	TRUE	TRUE	2.96938999895247e-05	0.0714921279096764
CPD-8917	58583	MassBank	NA001398	Lupanine	inchikey_connectivity_formula_mass	2	FALSE	TRUE	3.65970999780529e-05	0.0914927499451323
L-HYOSCYAMINE	58586	MassBank	NA003476	Hyoscyamine	inchikey_connectivity_formula_mass	2	FALSE	TRUE	6.39019998516233e-06	0.0159754999629058
CPD-8917	58590	MassBank	NA001394	Lupanine	inchikey_connectivity_formula_mass	2	FALSE	TRUE	3.65970999780529e-05	0.0914927499451323
CORTISONE	58592	MassBank	NA000017	Cortisone	inchikey	1	TRUE	TRUE	2.59906999531268e-05	0.0649767498828169
RUTIN	58598	MassBank	NA002616	Rutin	inchikey_connectivity_formula_mass	2	FALSE	TRUE	1.5083400057847e-05	0.0247206693115514
CPD-17697	58601	MassBank	NA001992	Tomatidine	inchikey	1	TRUE	TRUE	2.96938999895247e-05	0.0714921279096764
CPD-8912	58602	MassBank	NA001975	Matairesinol	inchikey	1	TRUE	TRUE	3.84388000043145e-05	0.0960970000107864
RUTIN	58603	MassBank	NA002617	Rutin	inchikey_connectivity_formula_mass	2	FALSE	TRUE	1.5083400057847e-05	0.0247206693115514
CPD-4210	58605	MassBank	NA001246	Zeatin	inchikey	1	TRUE	TRUE	1.00654000050326e-05	0.0251635000125816
PHYTOALEXIN-CMPD	58609	MassBank	NA001482	Psoralen	inchikey	1	TRUE	TRUE	5.94109999951797e-06	0.0148527499987949
CPD-11590	58610	MassBank	NA001166	Aloin A	inchikey	1	TRUE	TRUE	1.76949000092463e-05	0.0423195013710823
PHYTOALEXIN-CMPD	58617	MassBank	NA000846	Psoralen	inchikey	1	TRUE	TRUE	5.94109999951797e-06	0.0148527499987949
CPD-10411	58620	MassBank	NA001773	(-)-Epigallocatechin	inchikey	1	TRUE	TRUE	4.71959000378774e-05	0.117989750094694
CPD-8915	58621	MassBank	NA000288	3-(Dimethylaminomethyl)indole	inchikey_connectivity_formula_mass	2	FALSE	TRUE	1.54020000309174e-06	0.00385050000772935
CONIFERYL-ALDEHYDE	58622	MassBank	NA001963	Coniferaldehyde	inchikey	1	TRUE	TRUE	5.81270001021039e-06	0.014531750025526
CPD-17697	58626	MassBank	NA001744	Tomatidine	inchikey	1	TRUE	TRUE	2.96938999895247e-05	0.0714921279096764
CPD-12111	58628	MassBank	NA003725	4-Hydroxycoumarin	name_formula_mass	4	TRUE	TRUE	5.94109999951797e-06	0.0148527499987949
CPD-7561	58635	MassBank	NA001321	Artemisinin	inchikey	1	TRUE	TRUE	2.38166999793066e-05	0.0595417499482664
10-DEACETYLBACCATIN-III	58636	MassBank	NA002305	10-Deacetylbaccatin III	inchikey	1	TRUE	TRUE	4.73765999231546e-05	0.0870523972529816
CPD-19430	58641	MassBank	NA000878	Epigalanthamin	name_formula_mass	4	TRUE	TRUE	4.35455999650003e-05	0.108863999912501
CPD-4210	58642	MassBank	NA001126	Zeatin	inchikey	1	TRUE	TRUE	1.00654000050326e-05	0.0251635000125816
CPD-4210	58645	MassBank	NA000868	Zeatin	inchikey	1	TRUE	TRUE	1.00654000050326e-05	0.0251635000125816
CPD-8186	58649	MassBank	NA002883	Umbelliferone	inchikey	1	TRUE	TRUE	5.94109999951797e-06	0.0148527499987949
CPD-19438	58653	MassBank	NA002895	Lycorine	inchikey	1	TRUE	TRUE	4.19606999457756e-05	0.104901749864439
CPD-17697	58654	MassBank	NA001872	Tomatidine	inchikey	1	TRUE	TRUE	2.96938999895247e-05	0.0714921279096764
CPD-4210	58657	MassBank	NA001883	Zeatin	inchikey	1	TRUE	TRUE	1.00654000050326e-05	0.0251635000125816
CPD-17697	58659	MassBank	NA000983	Tomatidine	inchikey	1	TRUE	TRUE	2.96938999895247e-05	0.0714921279096764
CPD-8912	58661	MassBank	NA001613	Matairesinol	inchikey	1	TRUE	TRUE	3.84388000043145e-05	0.0960970000107864
CPD-8915	58663	MassBank	NA000343	3-(Dimethylaminomethyl)indole	inchikey_connectivity_formula_mass	2	FALSE	TRUE	1.54020000309174e-06	0.00385050000772935
NICOTINE	58665	MassBank	NA003085	Nicotine	inchikey_connectivity_formula_mass	2	FALSE	TRUE	1.54020000309174e-06	0.00385050000772935
CPD-13080	58674	MassBank	NA002398	Solasodin	name_formula_mass	4	FALSE	TRUE	2.03703000352107e-05	0.0492834553727111
CPD-7561	58675	MassBank	NA001579	Artemisinin	inchikey	1	TRUE	TRUE	2.38166999793066e-05	0.0595417499482664
CPD-8917	58677	MassBank	NA001268	Lupanine	inchikey_connectivity_formula_mass	2	FALSE	TRUE	3.65970999780529e-05	0.0914927499451323
CPD-7561	58679	MassBank	NA001945	Artemisinin	inchikey	1	TRUE	TRUE	2.38166999793066e-05	0.0595417499482664
ATROPINE	58684	MassBank	NA002422	Atropine	inchikey_connectivity_formula_mass	2	FALSE	TRUE	6.39019998516233e-06	0.0159754999629058
CPD-8917	58685	MassBank	NA000366	Lupanine	inchikey_connectivity_formula_mass	2	FALSE	TRUE	3.65970999780529e-05	0.0914927499451323
5-METHOXYFURANOCOUMARIN	58695	MassBank	NA001586	Bergapten	inchikey	1	TRUE	TRUE	4.12548000099378e-05	0.103137000024844
CPD-8915	58696	MassBank	NA000920	3-(Dimethylaminomethyl)indole	inchikey_connectivity_formula_mass	2	FALSE	TRUE	1.54020000309174e-06	0.00385050000772935
5-METHOXYFURANOCOUMARIN	58697	MassBank	NA001452	Bergapten	inchikey	1	TRUE	TRUE	4.12548000099378e-05	0.103137000024844
5-METHOXYFURANOCOUMARIN	58701	MassBank	NA001071	Bergapten	inchikey	1	TRUE	TRUE	4.12548000099378e-05	0.103137000024844
N-EE-PIPEROYL-PIPERIDINE	58704	MassBank	NA000165	Piperine	inchikey	1	TRUE	TRUE	6.51860000289162e-06	0.016296500007229
CPD-8917	58710	MassBank	NA001655	Lupanine	inchikey_connectivity_formula_mass	2	FALSE	TRUE	3.65970999780529e-05	0.0914927499451323
CPD-11590	58712	MassBank	NA000776	Aloin A	inchikey	1	TRUE	TRUE	1.76949000092463e-05	0.0423195013710823
CPD-17697	58713	MassBank	NA001623	Tomatidine	inchikey	1	TRUE	TRUE	2.96938999895247e-05	0.0714921279096764
CPD-8186	58714	MassBank	NA003626	Umbelliferone	inchikey	1	TRUE	TRUE	5.94109999951797e-06	0.0148527499987949
CPD-8915	58715	MassBank	NA001174	3-(Dimethylaminomethyl)indole	inchikey_connectivity_formula_mass	2	FALSE	TRUE	1.54020000309174e-06	0.00385050000772935
DAIDZEIN	58718	MassBank	NA003635	Daidzein	inchikey	1	TRUE	TRUE	8.80940001479757e-06	0.0220235000369939
PROTOPINE	58719	MassBank	NA003153	Protopine	inchikey	1	TRUE	TRUE	2.27255999902809e-05	0.0568139999757022
CPD-19430	58723	MassBank	NA001386	Epigalanthamin	name_formula_mass	4	TRUE	TRUE	4.35455999650003e-05	0.108863999912501
CPD1F-90	58730	MassBank	NA003756	Kaempferol	inchikey_connectivity_formula_mass	2	FALSE	TRUE	3.80536000079701e-05	0.0951340000199252
NICOTINE	58735	MassBank	NA003087	Nicotine	inchikey_connectivity_formula_mass	2	FALSE	TRUE	1.54020000309174e-06	0.00385050000772935
CPD1F-90	58736	MassBank	NA003755	Kaempferol	inchikey_connectivity_formula_mass	2	FALSE	TRUE	3.80536000079701e-05	0.0951340000199252
FORMONONETIN	58738	MassBank	NA002811	Formononetin	inchikey	1	TRUE	TRUE	4.11263999922085e-05	0.102815999980521
ATROPINE	58745	MassBank	NA003197	Atropine	inchikey_connectivity_formula_mass	2	FALSE	TRUE	6.39019998516233e-06	0.0159754999629058
CPD-19430	58746	MassBank	NA001767	Epigalanthamin	name_formula_mass	4	TRUE	TRUE	4.35455999650003e-05	0.108863999912501
CPD-7561	58747	MassBank	NA002062	Artemisinin	inchikey	1	TRUE	TRUE	2.38166999793066e-05	0.0595417499482664
CPD-8917	58750	MassBank	NA001654	Lupanine	inchikey_connectivity_formula_mass	2	FALSE	TRUE	3.65970999780529e-05	0.0914927499451323
CPD-11590	58754	MassBank	NA001796	Aloin A	inchikey	1	TRUE	TRUE	1.76949000092463e-05	0.0423195013710823
CPD-8912	58757	MassBank	NA001609	Matairesinol	inchikey	1	TRUE	TRUE	3.84388000043145e-05	0.0960970000107864
CPD-22580	58762	MassBank	NA000780	Digoxin	inchikey	1	TRUE	TRUE	6.76379988817644e-06	0.00866676485560795
CONIFERYL-ALDEHYDE	58769	MassBank	NA000833	Coniferaldehyde	inchikey	1	TRUE	TRUE	5.81270001021039e-06	0.014531750025526
CPD0-1376	58778	MassBank	NA003005	Dicyclohexylamine	inchikey_connectivity_formula_mass	2	FALSE	TRUE	4.97434999999768e-05	0.124358749999942
CPD-9410	58782	MassBank	NA003095	(+)-Costunolide	inchikey	1	TRUE	TRUE	2.98861999965538e-05	0.0747154999913846
CPD-11590	58787	MassBank	NA001105	Aloin A	inchikey	1	TRUE	TRUE	1.76949000092463e-05	0.0423195013710823
CONIFERYL-ALDEHYDE	58790	MassBank	NA001087	Coniferaldehyde	inchikey	1	TRUE	TRUE	5.81270001021039e-06	0.014531750025526
FORMONONETIN	58792	MassBank	NA003557	Formononetin	inchikey	1	TRUE	TRUE	4.11263999922085e-05	0.102815999980521
CPD-19430	58794	MassBank	NA001891	Epigalanthamin	name_formula_mass	4	TRUE	TRUE	4.35455999650003e-05	0.108863999912501
CPD-9425	58795	MassBank	NA001002	Coniine	name_formula_mass	4	FALSE	TRUE	4.49099999855207e-07	0.00112274999963802
CPD-9940	58803	MassBank	NA000098	Harmine	inchikey	1	TRUE	TRUE	3.69823000028191e-05	0.0924557500070478
CPD-11590	58808	MassBank	NA001418	Aloin A	inchikey	1	TRUE	TRUE	1.76949000092463e-05	0.0423195013710823
CPD-14427	58809	MassBank	NA000836	Daphnetin	inchikey	1	TRUE	TRUE	8.68099999706828e-06	0.0217024999926707
CPD-8915	58812	MassBank	NA002038	3-(Dimethylaminomethyl)indole	inchikey_connectivity_formula_mass	2	FALSE	TRUE	1.54020000309174e-06	0.00385050000772935
CPD-9425	58818	MassBank	NA001249	Coniine	name_formula_mass	4	FALSE	TRUE	4.49099999855207e-07	0.00112274999963802
CPD-8915	58819	MassBank	NA000227	3-(Dimethylaminomethyl)indole	inchikey_connectivity_formula_mass	2	FALSE	TRUE	1.54020000309174e-06	0.00385050000772935
PHYTOALEXIN-CMPD	58824	MassBank	NA001617	Psoralen	inchikey	1	TRUE	TRUE	5.94109999951797e-06	0.0148527499987949
CPD-4210	58827	MassBank	NA000994	Zeatin	inchikey	1	TRUE	TRUE	1.00654000050326e-05	0.0251635000125816
CPD-4210	58829	MassBank	NA001502	Zeatin	inchikey	1	TRUE	TRUE	1.00654000050326e-05	0.0251635000125816
SCOPOLAMINE	58830	MassBank	NA003281	Scopolamine	inchikey	1	TRUE	TRUE	4.18323000417331e-05	0.104580750104333
CPD-8917	58835	MassBank	NA000277	Lupanine	inchikey_connectivity_formula_mass	2	FALSE	TRUE	3.65970999780529e-05	0.0914927499451323
CPD-19438	58839	MassBank	NA002897	Lycorine	inchikey	1	TRUE	TRUE	4.19606999457756e-05	0.104901749864439
CPD-14427	58843	MassBank	NA001850	Daphnetin	inchikey	1	TRUE	TRUE	8.68099999706828e-06	0.0217024999926707
CPD-8915	58846	MassBank	NA001555	3-(Dimethylaminomethyl)indole	inchikey_connectivity_formula_mass	2	FALSE	TRUE	1.54020000309174e-06	0.00385050000772935
CPD-8917	58852	MassBank	NA001021	Lupanine	inchikey_connectivity_formula_mass	2	FALSE	TRUE	3.65970999780529e-05	0.0914927499451323
CPD-12111	58857	MassBank	NA000194	4-Hydroxycoumarin	inchikey	1	TRUE	TRUE	5.94109999951797e-06	0.0148527499987949
ADENINE	58859	MassBank	NA003749	Adenine	inchikey	1	TRUE	TRUE	4.81349999859049e-06	0.0120337499964762
CPD-12111	58863	MassBank	NA000188	4-Hydroxycoumarin	inchikey	1	TRUE	TRUE	5.94109999951797e-06	0.0148527499987949
CPD-12111	58870	MassBank	NA000193	4-Hydroxycoumarin	inchikey	1	TRUE	TRUE	5.94109999951797e-06	0.0148527499987949
CPD-14427	58871	MassBank	NA000962	Daphnetin	inchikey	1	TRUE	TRUE	8.68099999706828e-06	0.0217024999926707
CPD-9425	58874	MassBank	NA001127	Coniine	name_formula_mass	4	FALSE	TRUE	4.49099999855207e-07	0.00112274999963802
CPD-4210	58875	MassBank	NA002112	Zeatin	inchikey	1	TRUE	TRUE	1.00654000050326e-05	0.0251635000125816
CONIFERYL-ALDEHYDE	58881	MassBank	NA002079	Coniferaldehyde	inchikey	1	TRUE	TRUE	5.81270001021039e-06	0.014531750025526
CPD-8917	58882	MassBank	NA000363	Lupanine	inchikey_connectivity_formula_mass	2	FALSE	TRUE	3.65970999780529e-05	0.0914927499451323
CPD-10411	58883	MassBank	NA001017	(-)-Epigallocatechin	inchikey	1	TRUE	TRUE	4.71959000378774e-05	0.117989750094694
CPD-8915	58890	MassBank	NA001922	3-(Dimethylaminomethyl)indole	inchikey_connectivity_formula_mass	2	FALSE	TRUE	1.54020000309174e-06	0.00385050000772935
SCOPOLAMINE	58895	MassBank	NA002514	Scopolamine	inchikey	1	TRUE	TRUE	4.18323000417331e-05	0.104580750104333
CPD-19430	58899	MassBank	NA002009	Epigalanthamin	name_formula_mass	4	TRUE	TRUE	4.35455999650003e-05	0.108863999912501
CPD-11590	58904	MassBank	NA001541	Aloin A	inchikey	1	TRUE	TRUE	1.76949000092463e-05	0.0423195013710823
CPD-8912	58905	MassBank	NA001730	Matairesinol	inchikey	1	TRUE	TRUE	3.84388000043145e-05	0.0960970000107864
CPD-19438	58906	MassBank	NA002504	Lycorine	inchikey	1	TRUE	TRUE	4.19606999457756e-05	0.104901749864439
CPD-9425	58910	MassBank	NA001130	Coniine	name_formula_mass	4	FALSE	TRUE	4.49099999855207e-07	0.00112274999963802
SCOPOLAMINE	58911	MassBank	NA003649	Scopolamine	inchikey	1	TRUE	TRUE	4.18323000417331e-05	0.104580750104333
5-METHOXYFURANOCOUMARIN	58919	MassBank	NA000942	Bergapten	inchikey	1	TRUE	TRUE	4.12548000099378e-05	0.103137000024844
CPD-12111	58924	MassBank	NA002592	4-Hydroxycoumarin	name_formula_mass	4	TRUE	TRUE	5.94109999951797e-06	0.0148527499987949
5-METHOXYFURANOCOUMARIN	58930	MassBank	NA002067	Bergapten	inchikey	1	TRUE	TRUE	4.12548000099378e-05	0.103137000024844
CORTISONE	58931	MassBank	NA000021	Cortisone	inchikey	1	TRUE	TRUE	2.59906999531268e-05	0.0649767498828169
CPD-4210	58933	MassBank	NA002002	Zeatin	inchikey	1	TRUE	TRUE	1.00654000050326e-05	0.0251635000125816
CPD-19430	58934	MassBank	NA002120	Epigalanthamin	name_formula_mass	4	TRUE	TRUE	4.35455999650003e-05	0.108863999912501
CPD-8186	58938	MassBank	NA002881	Umbelliferone	inchikey	1	TRUE	TRUE	5.94109999951797e-06	0.0148527499987949
CPD-12111	58944	MassBank	NA000187	4-Hydroxycoumarin	inchikey	1	TRUE	TRUE	5.94109999951797e-06	0.0148527499987949
PROTOPINE	58947	MassBank	NA002376	Protopine	inchikey	1	TRUE	TRUE	2.27255999902809e-05	0.0568139999757022
CPD-11590	58949	MassBank	NA001285	Aloin A	inchikey	1	TRUE	TRUE	1.76949000092463e-05	0.0423195013710823
PHYTOALEXIN-CMPD	58950	MassBank	NA000848	Psoralen	inchikey	1	TRUE	TRUE	5.94109999951797e-06	0.0148527499987949
CPD-19430	58954	MassBank	NA001648	Epigalanthamin	name_formula_mass	4	TRUE	TRUE	4.35455999650003e-05	0.108863999912501
CPD-4210	58956	MassBank	NA001244	Zeatin	inchikey	1	TRUE	TRUE	1.00654000050326e-05	0.0251635000125816
PHYTOALEXIN-CMPD	58959	MassBank	NA001229	Psoralen	inchikey	1	TRUE	TRUE	5.94109999951797e-06	0.0148527499987949
CPD-13080	58961	MassBank	NA002789	Solasodin	name_formula_mass	4	FALSE	TRUE	2.03703000352107e-05	0.0492834553727111
SCOPOLAMINE	58962	MassBank	NA003280	Scopolamine	inchikey	1	TRUE	TRUE	4.18323000417331e-05	0.104580750104333
CPD-8915	58963	MassBank	NA000286	3-(Dimethylaminomethyl)indole	inchikey_connectivity_formula_mass	2	FALSE	TRUE	1.54020000309174e-06	0.00385050000772935
CPD-17697	58964	MassBank	NA000858	Tomatidine	inchikey	1	TRUE	TRUE	2.96938999895247e-05	0.0714921279096764
CORTISONE	58967	MassBank	NA000005	Cortisone	inchikey	1	TRUE	TRUE	2.59906999531268e-05	0.0649767498828169
ATROPINE	58971	MassBank	NA003559	Atropine	inchikey_connectivity_formula_mass	2	FALSE	TRUE	6.39019998516233e-06	0.0159754999629058
CPD-8186	58974	MassBank	NA003259	Umbelliferone	inchikey	1	TRUE	TRUE	5.94109999951797e-06	0.0148527499987949
CPD-8912	58975	MassBank	NA001227	Matairesinol	inchikey	1	TRUE	TRUE	3.84388000043145e-05	0.0960970000107864
CPD-9440	58977	MassBank	NA002444	8-Prenylnaringenin	inchikey	1	TRUE	TRUE	2.62474999885853e-05	0.0656187499714633
CONIFERYL-ALDEHYDE	58980	MassBank	NA002078	Coniferaldehyde	inchikey	1	TRUE	TRUE	5.81270001021039e-06	0.014531750025526
CPD-7561	58984	MassBank	NA001580	Artemisinin	inchikey	1	TRUE	TRUE	2.38166999793066e-05	0.0595417499482664
CPD-10411	58985	MassBank	NA001259	(-)-Epigallocatechin	inchikey	1	TRUE	TRUE	4.71959000378774e-05	0.117989750094694
CPD-8915	58986	MassBank	NA001176	3-(Dimethylaminomethyl)indole	inchikey_connectivity_formula_mass	2	FALSE	TRUE	1.54020000309174e-06	0.00385050000772935
CPD-9425	58988	MassBank	NA001886	Coniine	name_formula_mass	4	FALSE	TRUE	4.49099999855207e-07	0.00112274999963802
CPD-3141	58990	MassBank	NA000028	Genistein	inchikey_connectivity_formula_mass	2	FALSE	TRUE	2.34314999829621e-05	0.0585787499574053
5-METHOXYFURANOCOUMARIN	58996	MassBank	NA000945	Bergapten	inchikey	1	TRUE	TRUE	4.12548000099378e-05	0.103137000024844
CPD-12111	59004	MassBank	NA003357	4-Hydroxycoumarin	name_formula_mass	4	TRUE	TRUE	5.94109999951797e-06	0.0148527499987949
CPD-4210	59006	MassBank	NA002114	Zeatin	inchikey	1	TRUE	TRUE	1.00654000050326e-05	0.0251635000125816
CPD-11590	59008	MassBank	NA002028	Aloin A	inchikey	1	TRUE	TRUE	1.76949000092463e-05	0.0423195013710823
ATROPINE	59009	MassBank	NA003196	Atropine	inchikey_connectivity_formula_mass	2	FALSE	TRUE	6.39019998516233e-06	0.0159754999629058
CPD-14427	59011	MassBank	NA002086	Daphnetin	inchikey	1	TRUE	TRUE	8.68099999706828e-06	0.0217024999926707
CPD-10411	59018	MassBank	NA001517	(-)-Epigallocatechin	inchikey	1	TRUE	TRUE	4.71959000378774e-05	0.117989750094694
5-METHOXYFURANOCOUMARIN	59020	MassBank	NA001199	Bergapten	inchikey	1	TRUE	TRUE	4.12548000099378e-05	0.103137000024844
CPD-12111	59023	MassBank	NA000190	4-Hydroxycoumarin	inchikey	1	TRUE	TRUE	5.94109999951797e-06	0.0148527499987949
ADENINE	59030	MassBank	NA003748	Adenine	inchikey	1	TRUE	TRUE	4.81349999859049e-06	0.0120337499964762
CPD-4210	59032	MassBank	NA000996	Zeatin	inchikey	1	TRUE	TRUE	1.00654000050326e-05	0.0251635000125816
CPD-7561	59034	MassBank	NA001320	Artemisinin	inchikey	1	TRUE	TRUE	2.38166999793066e-05	0.0595417499482664
CPD-8917	59038	MassBank	NA001902	Lupanine	inchikey_connectivity_formula_mass	2	FALSE	TRUE	3.65970999780529e-05	0.0914927499451323
CPD-9425	59040	MassBank	NA000998	Coniine	name_formula_mass	4	FALSE	TRUE	4.49099999855207e-07	0.00112274999963802
CPD-9425	59041	MassBank	NA002116	Coniine	name_formula_mass	4	FALSE	TRUE	4.49099999855207e-07	0.00112274999963802
CPD-8915	59049	MassBank	NA001425	3-(Dimethylaminomethyl)indole	inchikey_connectivity_formula_mass	2	FALSE	TRUE	1.54020000309174e-06	0.00385050000772935
CPD-8915	59051	MassBank	NA000921	3-(Dimethylaminomethyl)indole	inchikey_connectivity_formula_mass	2	FALSE	TRUE	1.54020000309174e-06	0.00385050000772935
CPD-12111	59056	MassBank	NA003358	4-Hydroxycoumarin	name_formula_mass	4	TRUE	TRUE	5.94109999951797e-06	0.0148527499987949
PHYTOALEXIN-CMPD	59059	MassBank	NA001983	Psoralen	inchikey	1	TRUE	TRUE	5.94109999951797e-06	0.0148527499987949
CPD-17697	59060	MassBank	NA000860	Tomatidine	inchikey	1	TRUE	TRUE	2.96938999895247e-05	0.0714921279096764
CPD-8917	59063	MassBank	NA000275	Lupanine	inchikey_connectivity_formula_mass	2	FALSE	TRUE	3.65970999780529e-05	0.0914927499451323
CPD-8912	59065	MassBank	NA001475	Matairesinol	inchikey	1	TRUE	TRUE	3.84388000043145e-05	0.0960970000107864
CPD-8912	59068	MassBank	NA002091	Matairesinol	inchikey	1	TRUE	TRUE	3.84388000043145e-05	0.0960970000107864
N-EE-PIPEROYL-PIPERIDINE	59075	MassBank	NA000157	Piperine	inchikey	1	TRUE	TRUE	6.51860000289162e-06	0.016296500007229
CPD-12111	59076	MassBank	NA000178	4-Hydroxycoumarin	inchikey	1	TRUE	TRUE	5.94109999951797e-06	0.0148527499987949
CPD-11590	59078	MassBank	NA000778	Aloin A	inchikey	1	TRUE	TRUE	1.76949000092463e-05	0.0423195013710823
CPD-9425	59081	MassBank	NA001639	Coniine	name_formula_mass	4	FALSE	TRUE	4.49099999855207e-07	0.00112274999963802
CPD-19430	59082	MassBank	NA001510	Epigalanthamin	name_formula_mass	4	TRUE	TRUE	4.35455999650003e-05	0.108863999912501
CPD-11590	59086	MassBank	NA001539	Aloin A	inchikey	1	TRUE	TRUE	1.76949000092463e-05	0.0423195013710823
CPD-14427	59089	MassBank	NA001094	Daphnetin	inchikey	1	TRUE	TRUE	8.68099999706828e-06	0.0217024999926707
Coumarins	59092	MassBank	NA003352	Coumarin	inchikey	1	TRUE	TRUE	2.05631999961042e-05	0.0514079999902606
COUMARIN	59092	MassBank	NA003352	Coumarin	inchikey	1	TRUE	TRUE	2.05631999961042e-05	0.0514079999902606
CORTISONE	59093	MassBank	NA000003	Cortisone	inchikey	1	TRUE	TRUE	2.59906999531268e-05	0.0649767498828169
CPD-19438	59094	MassBank	NA002894	Lycorine	inchikey	1	TRUE	TRUE	4.19606999457756e-05	0.104901749864439
CPD-7561	59096	MassBank	NA001319	Artemisinin	inchikey	1	TRUE	TRUE	2.38166999793066e-05	0.0595417499482664
CPD-8917	59098	MassBank	NA000365	Lupanine	inchikey_connectivity_formula_mass	2	FALSE	TRUE	3.65970999780529e-05	0.0914927499451323
CPD-7561	59102	MassBank	NA000815	Artemisinin	inchikey	1	TRUE	TRUE	2.38166999793066e-05	0.0595417499482664
CPD-8915	59104	MassBank	NA002040	3-(Dimethylaminomethyl)indole	inchikey_connectivity_formula_mass	2	FALSE	TRUE	1.54020000309174e-06	0.00385050000772935
CPD-9940	59105	MassBank	NA000094	Harmine	inchikey	1	TRUE	TRUE	3.69823000028191e-05	0.0924557500070478
CPD-8917	59111	MassBank	NA000246	Lupanine	inchikey_connectivity_formula_mass	2	FALSE	TRUE	3.65970999780529e-05	0.0914927499451323
CPD-15742	59114	MassBank	NA002269	Papaverine	inchikey	1	TRUE	TRUE	4.18323000417331e-05	0.104580750104333
DAIDZEIN	59116	MassBank	NA000031	Daidzein	inchikey	1	TRUE	TRUE	8.80940001479757e-06	0.0220235000369939
CPD-9425	59119	MassBank	NA001889	Coniine	name_formula_mass	4	FALSE	TRUE	4.49099999855207e-07	0.00112274999963802
CPD-11590	59125	MassBank	NA002029	Aloin A	inchikey	1	TRUE	TRUE	1.76949000092463e-05	0.0423195013710823
CPD0-1376	59126	MassBank	NA002622	Dicyclohexylamine	inchikey_connectivity_formula_mass	2	FALSE	TRUE	4.97434999999768e-05	0.124358749999942
CPD-17697	59128	MassBank	NA000987	Tomatidine	inchikey	1	TRUE	TRUE	2.96938999895247e-05	0.0714921279096764
CPD-9425	59132	MassBank	NA000876	Coniine	name_formula_mass	4	FALSE	TRUE	4.49099999855207e-07	0.00112274999963802
ADENINE	59139	MassBank	NA003006	Adenine	inchikey	1	TRUE	TRUE	4.81349999859049e-06	0.0120337499964762
FORMONONETIN	59140	MassBank	NA003191	Formononetin	inchikey	1	TRUE	TRUE	4.11263999922085e-05	0.102815999980521
CPD-4210	59145	MassBank	NA002111	Zeatin	inchikey	1	TRUE	TRUE	1.00654000050326e-05	0.0251635000125816
Coumarins	59146	MassBank	NA002587	Coumarin	inchikey	1	TRUE	TRUE	2.05631999961042e-05	0.0514079999902606
COUMARIN	59146	MassBank	NA002587	Coumarin	inchikey	1	TRUE	TRUE	2.05631999961042e-05	0.0514079999902606
DAIDZEIN	59148	MassBank	NA002500	Daidzein	inchikey	1	TRUE	TRUE	8.80940001479757e-06	0.0220235000369939
CONIFERYL-ALDEHYDE	59149	MassBank	NA001343	Coniferaldehyde	inchikey	1	TRUE	TRUE	5.81270001021039e-06	0.014531750025526
CPD-7561	59152	MassBank	NA001069	Artemisinin	inchikey	1	TRUE	TRUE	2.38166999793066e-05	0.0595417499482664
5-METHOXYFURANOCOUMARIN	59156	MassBank	NA001711	Bergapten	inchikey	1	TRUE	TRUE	4.12548000099378e-05	0.103137000024844
CPD-11590	59163	MassBank	NA000910	Aloin A	inchikey	1	TRUE	TRUE	1.76949000092463e-05	0.0423195013710823
CPD-19430	59168	MassBank	NA001254	Epigalanthamin	name_formula_mass	4	TRUE	TRUE	4.35455999650003e-05	0.108863999912501
CPD-11590	59172	MassBank	NA000908	Aloin A	inchikey	1	TRUE	TRUE	1.76949000092463e-05	0.0423195013710823
CPD-8912	59175	MassBank	NA002093	Matairesinol	inchikey	1	TRUE	TRUE	3.84388000043145e-05	0.0960970000107864
CPD-10537	59178	MassBank	NA001630	Digitoxigenin	inchikey	1	TRUE	TRUE	9.57980000748648e-06	0.0239495000187162
CPD-9785	59179	MassBank	NA003070	Colchicine	inchikey	1	TRUE	TRUE	1.24597000308313e-05	0.0311492500770782
CPD-19438	59183	MassBank	NA003640	Lycorine	inchikey	1	TRUE	TRUE	4.19606999457756e-05	0.104901749864439
ADENINE	59185	MassBank	NA002627	Adenine	inchikey	1	TRUE	TRUE	4.81349999859049e-06	0.0120337499964762
CPD-12111	59188	MassBank	NA000171	4-Hydroxycoumarin	inchikey	1	TRUE	TRUE	5.94109999951797e-06	0.0148527499987949
CPD-10411	59191	MassBank	NA001649	(-)-Epigallocatechin	inchikey	1	TRUE	TRUE	4.71959000378774e-05	0.117989750094694
CPD-12111	59193	MassBank	NA003728	4-Hydroxycoumarin	name_formula_mass	4	TRUE	TRUE	5.94109999951797e-06	0.0148527499987949
CONIFERYL-ALDEHYDE	59194	MassBank	NA001085	Coniferaldehyde	inchikey	1	TRUE	TRUE	5.81270001021039e-06	0.014531750025526
CPD-4210	59195	MassBank	NA001501	Zeatin	inchikey	1	TRUE	TRUE	1.00654000050326e-05	0.0251635000125816
CPD-19438	59197	MassBank	NA003270	Lycorine	inchikey	1	TRUE	TRUE	4.19606999457756e-05	0.104901749864439
CPD-10411	59199	MassBank	NA000885	(-)-Epigallocatechin	inchikey	1	TRUE	TRUE	4.71959000378774e-05	0.117989750094694
L-HYOSCYAMINE	59209	MassBank	NA003478	Hyoscyamine	inchikey_connectivity_formula_mass	2	FALSE	TRUE	6.39019998516233e-06	0.0159754999629058
CPD-8915	59210	MassBank	NA000344	3-(Dimethylaminomethyl)indole	inchikey_connectivity_formula_mass	2	FALSE	TRUE	1.54020000309174e-06	0.00385050000772935
ATROPINE	59216	MassBank	NA002815	Atropine	inchikey_connectivity_formula_mass	2	FALSE	TRUE	6.39019998516233e-06	0.0159754999629058
CPD-10411	59218	MassBank	NA001771	(-)-Epigallocatechin	inchikey	1	TRUE	TRUE	4.71959000378774e-05	0.117989750094694
CPD-4210	59220	MassBank	NA000872	Zeatin	inchikey	1	TRUE	TRUE	1.00654000050326e-05	0.0251635000125816
FORMONONETIN	59225	MassBank	NA002812	Formononetin	inchikey	1	TRUE	TRUE	4.11263999922085e-05	0.102815999980521
PHYTOALEXIN-CMPD	59226	MassBank	NA000849	Psoralen	inchikey	1	TRUE	TRUE	5.94109999951797e-06	0.0148527499987949
CPD-8917	59228	MassBank	NA000393	Lupanine	inchikey_connectivity_formula_mass	2	FALSE	TRUE	3.65970999780529e-05	0.0914927499451323
PHYTOALEXIN-CMPD	59229	MassBank	NA000975	Psoralen	inchikey	1	TRUE	TRUE	5.94109999951797e-06	0.0148527499987949
Coumarins	59231	MassBank	NA003349	Coumarin	inchikey	1	TRUE	TRUE	2.05631999961042e-05	0.0514079999902606
COUMARIN	59231	MassBank	NA003349	Coumarin	inchikey	1	TRUE	TRUE	2.05631999961042e-05	0.0514079999902606
CPD-4210	59234	MassBank	NA001882	Zeatin	inchikey	1	TRUE	TRUE	1.00654000050326e-05	0.0251635000125816
CPD-8917	59236	MassBank	NA000392	Lupanine	inchikey_connectivity_formula_mass	2	FALSE	TRUE	3.65970999780529e-05	0.0914927499451323
PHYTOALEXIN-CMPD	59240	MassBank	NA001355	Psoralen	inchikey	1	TRUE	TRUE	5.94109999951797e-06	0.0148527499987949
CONIFERYL-ALDEHYDE	59242	MassBank	NA001601	Coniferaldehyde	inchikey	1	TRUE	TRUE	5.81270001021039e-06	0.014531750025526
PHYTOALEXIN-CMPD	59245	MassBank	NA001862	Psoralen	inchikey	1	TRUE	TRUE	5.94109999951797e-06	0.0148527499987949
CPD-8912	59246	MassBank	NA001974	Matairesinol	inchikey	1	TRUE	TRUE	3.84388000043145e-05	0.0960970000107864
CPD-8186	59248	MassBank	NA002486	Umbelliferone	inchikey	1	TRUE	TRUE	5.94109999951797e-06	0.0148527499987949
CPD-14427	59254	MassBank	NA001091	Daphnetin	inchikey	1	TRUE	TRUE	8.68099999706828e-06	0.0217024999926707
CPD-9940	59256	MassBank	NA000092	Harmine	inchikey	1	TRUE	TRUE	3.69823000028191e-05	0.0924557500070478
CPD-7561	59258	MassBank	NA001323	Artemisinin	inchikey	1	TRUE	TRUE	2.38166999793066e-05	0.0595417499482664
CPD-19430	59261	MassBank	NA000881	Epigalanthamin	name_formula_mass	4	TRUE	TRUE	4.35455999650003e-05	0.108863999912501
CPD-19430	59262	MassBank	NA001511	Epigalanthamin	name_formula_mass	4	TRUE	TRUE	4.35455999650003e-05	0.108863999912501
CPD-9425	59265	MassBank	NA001131	Coniine	name_formula_mass	4	FALSE	TRUE	4.49099999855207e-07	0.00112274999963802
CPD-10411	59268	MassBank	NA001139	(-)-Epigallocatechin	inchikey	1	TRUE	TRUE	4.71959000378774e-05	0.117989750094694
CPD-19430	59271	MassBank	NA001135	Epigalanthamin	name_formula_mass	4	TRUE	TRUE	4.35455999650003e-05	0.108863999912501
CPD1F-90	59273	MassBank	NA003013	Kaempferol	inchikey_connectivity_formula_mass	2	FALSE	TRUE	3.80536000079701e-05	0.0951340000199252
CPD-14427	59274	MassBank	NA001345	Daphnetin	inchikey	1	TRUE	TRUE	8.68099999706828e-06	0.0217024999926707
5-METHOXYFURANOCOUMARIN	59281	MassBank	NA001951	Bergapten	inchikey	1	TRUE	TRUE	4.12548000099378e-05	0.103137000024844
Coumarins	59285	MassBank	NA002976	Coumarin	inchikey	1	TRUE	TRUE	2.05631999961042e-05	0.0514079999902606
COUMARIN	59285	MassBank	NA002976	Coumarin	inchikey	1	TRUE	TRUE	2.05631999961042e-05	0.0514079999902606
CPD-11590	59287	MassBank	NA001284	Aloin A	inchikey	1	TRUE	TRUE	1.76949000092463e-05	0.0423195013710823
CPD-8917	59289	MassBank	NA000247	Lupanine	inchikey_connectivity_formula_mass	2	FALSE	TRUE	3.65970999780529e-05	0.0914927499451323
CPD1F-90	59291	MassBank	NA003752	Kaempferol	inchikey_connectivity_formula_mass	2	FALSE	TRUE	3.80536000079701e-05	0.0951340000199252
CPD-4210	59293	MassBank	NA001756	Zeatin	inchikey	1	TRUE	TRUE	1.00654000050326e-05	0.0251635000125816
CPD-14427	59295	MassBank	NA001473	Daphnetin	inchikey	1	TRUE	TRUE	8.68099999706828e-06	0.0217024999926707
CONIFERYL-ALDEHYDE	59297	MassBank	NA001602	Coniferaldehyde	inchikey	1	TRUE	TRUE	5.81270001021039e-06	0.014531750025526
CPD-8915	59299	MassBank	NA000401	3-(Dimethylaminomethyl)indole	inchikey_connectivity_formula_mass	2	FALSE	TRUE	1.54020000309174e-06	0.00385050000772935
ATROPINE	59300	MassBank	NA002817	Atropine	inchikey_connectivity_formula_mass	2	FALSE	TRUE	6.39019998516233e-06	0.0159754999629058
5-METHOXYFURANOCOUMARIN	59309	MassBank	NA001950	Bergapten	inchikey	1	TRUE	TRUE	4.12548000099378e-05	0.103137000024844
CPD-8186	59310	MassBank	NA003263	Umbelliferone	inchikey	1	TRUE	TRUE	5.94109999951797e-06	0.0148527499987949
CPD-19430	59311	MassBank	NA001513	Epigalanthamin	name_formula_mass	4	TRUE	TRUE	4.35455999650003e-05	0.108863999912501
CPD-9425	59313	MassBank	NA001129	Coniine	name_formula_mass	4	FALSE	TRUE	4.49099999855207e-07	0.00112274999963802
CPD-14427	59314	MassBank	NA001971	Daphnetin	inchikey	1	TRUE	TRUE	8.68099999706828e-06	0.0217024999926707
CPD-19438	59317	MassBank	NA003643	Lycorine	inchikey	1	TRUE	TRUE	4.19606999457756e-05	0.104901749864439
CPD-17697	59318	MassBank	NA002131	Tomatidine	inchikey	1	TRUE	TRUE	2.96938999895247e-05	0.0714921279096764
PHYTOALEXIN-CMPD	59320	MassBank	NA000976	Psoralen	inchikey	1	TRUE	TRUE	5.94109999951797e-06	0.0148527499987949
CPD-8917	59323	MassBank	NA000274	Lupanine	inchikey_connectivity_formula_mass	2	FALSE	TRUE	3.65970999780529e-05	0.0914927499451323
5-METHOXYFURANOCOUMARIN	59324	MassBank	NA001449	Bergapten	inchikey	1	TRUE	TRUE	4.12548000099378e-05	0.103137000024844
5-METHOXYFURANOCOUMARIN	59326	MassBank	NA001829	Bergapten	inchikey	1	TRUE	TRUE	4.12548000099378e-05	0.103137000024844
CPD-9440	59334	MassBank	NA002447	8-Prenylnaringenin	inchikey	1	TRUE	TRUE	2.62474999885853e-05	0.0656187499714633
10-DEACETYLBACCATIN-III	59337	MassBank	NA002306	10-Deacetylbaccatin III	inchikey	1	TRUE	TRUE	4.73765999231546e-05	0.0870523972529816
CPD-9425	59338	MassBank	NA002119	Coniine	name_formula_mass	4	FALSE	TRUE	4.49099999855207e-07	0.00112274999963802
CPD-14427	59350	MassBank	NA001219	Daphnetin	inchikey	1	TRUE	TRUE	8.68099999706828e-06	0.0217024999926707
CPD-8915	59352	MassBank	NA000791	3-(Dimethylaminomethyl)indole	inchikey_connectivity_formula_mass	2	FALSE	TRUE	1.54020000309174e-06	0.00385050000772935
CPD-11590	59353	MassBank	NA001540	Aloin A	inchikey	1	TRUE	TRUE	1.76949000092463e-05	0.0423195013710823
CPD-11590	59355	MassBank	NA001417	Aloin A	inchikey	1	TRUE	TRUE	1.76949000092463e-05	0.0423195013710823
SCOPOLAMINE	59356	MassBank	NA002511	Scopolamine	inchikey	1	TRUE	TRUE	4.18323000417331e-05	0.104580750104333
ADENINE	59357	MassBank	NA003378	Adenine	inchikey	1	TRUE	TRUE	4.81349999859049e-06	0.0120337499964762
CPD-14427	59359	MassBank	NA001604	Daphnetin	inchikey	1	TRUE	TRUE	8.68099999706828e-06	0.0217024999926707
CPD-14427	59360	MassBank	NA001968	Daphnetin	inchikey	1	TRUE	TRUE	8.68099999706828e-06	0.0217024999926707
CPD-8915	59365	MassBank	NA001558	3-(Dimethylaminomethyl)indole	inchikey_connectivity_formula_mass	2	FALSE	TRUE	1.54020000309174e-06	0.00385050000772935
Coumarins	59369	MassBank	NA002978	Coumarin	inchikey	1	TRUE	TRUE	2.05631999961042e-05	0.0514079999902606
COUMARIN	59369	MassBank	NA002978	Coumarin	inchikey	1	TRUE	TRUE	2.05631999961042e-05	0.0514079999902606
L-HYOSCYAMINE	59373	MassBank	NA003477	Hyoscyamine	inchikey_connectivity_formula_mass	2	FALSE	TRUE	6.39019998516233e-06	0.0159754999629058
FORMONONETIN	59375	MassBank	NA003558	Formononetin	inchikey	1	TRUE	TRUE	4.11263999922085e-05	0.102815999980521
CONIFERYL-ALDEHYDE	59376	MassBank	NA000958	Coniferaldehyde	inchikey	1	TRUE	TRUE	5.81270001021039e-06	0.014531750025526
CPD-22580	59377	MassBank	NA001545	Digoxin	inchikey	1	TRUE	TRUE	6.76379988817644e-06	0.00866676485560795
CONIFERYL-ALDEHYDE	59378	MassBank	NA001216	Coniferaldehyde	inchikey	1	TRUE	TRUE	5.81270001021039e-06	0.014531750025526
ATROPINE	59379	MassBank	NA002420	Atropine	inchikey_connectivity_formula_mass	2	FALSE	TRUE	6.39019998516233e-06	0.0159754999629058
CPD-13080	59382	MassBank	NA003169	Solasodin	name_formula_mass	4	FALSE	TRUE	2.03703000352107e-05	0.0492834553727111
CONIFERYL-ALDEHYDE	59385	MassBank	NA001848	Coniferaldehyde	inchikey	1	TRUE	TRUE	5.81270001021039e-06	0.014531750025526
CPD-9940	59391	MassBank	NA000096	Harmine	inchikey	1	TRUE	TRUE	3.69823000028191e-05	0.0924557500070478
CPD-14427	59393	MassBank	NA001607	Daphnetin	inchikey	1	TRUE	TRUE	8.68099999706828e-06	0.0217024999926707
CONIFERYL-ALDEHYDE	59396	MassBank	NA001468	Coniferaldehyde	inchikey	1	TRUE	TRUE	5.81270001021039e-06	0.014531750025526
CPD-4210	59398	MassBank	NA001999	Zeatin	inchikey	1	TRUE	TRUE	1.00654000050326e-05	0.0251635000125816
CPD-14427	59402	MassBank	NA001220	Daphnetin	inchikey	1	TRUE	TRUE	8.68099999706828e-06	0.0217024999926707
DAIDZEIN	59403	MassBank	NA000032	Daidzein	inchikey	1	TRUE	TRUE	8.80940001479757e-06	0.0220235000369939
L-HYOSCYAMINE	59415	MassBank	NA002729	Hyoscyamine	inchikey_connectivity_formula_mass	2	FALSE	TRUE	6.39019998516233e-06	0.0159754999629058
L-HYOSCYAMINE	59422	MassBank	NA003112	Hyoscyamine	inchikey_connectivity_formula_mass	2	FALSE	TRUE	6.39019998516233e-06	0.0159754999629058
CPD-8915	59430	MassBank	NA001172	3-(Dimethylaminomethyl)indole	inchikey_connectivity_formula_mass	2	FALSE	TRUE	1.54020000309174e-06	0.00385050000772935
N-EE-PIPEROYL-PIPERIDINE	59435	MassBank	NA000153	Piperine	inchikey	1	TRUE	TRUE	6.51860000289162e-06	0.016296500007229
5-METHOXYFURANOCOUMARIN	59442	MassBank	NA001947	Bergapten	inchikey	1	TRUE	TRUE	4.12548000099378e-05	0.103137000024844
CPD-9425	59444	MassBank	NA001381	Coniine	name_formula_mass	4	FALSE	TRUE	4.49099999855207e-07	0.00112274999963802
CPD-8915	59449	MassBank	NA001925	3-(Dimethylaminomethyl)indole	inchikey_connectivity_formula_mass	2	FALSE	TRUE	1.54020000309174e-06	0.00385050000772935
CPD-8915	59450	MassBank	NA001688	3-(Dimethylaminomethyl)indole	inchikey_connectivity_formula_mass	2	FALSE	TRUE	1.54020000309174e-06	0.00385050000772935
CPD-8912	59455	MassBank	NA001349	Matairesinol	inchikey	1	TRUE	TRUE	3.84388000043145e-05	0.0960970000107864
CPD-10411	59459	MassBank	NA001769	(-)-Epigallocatechin	inchikey	1	TRUE	TRUE	4.71959000378774e-05	0.117989750094694
CPD-8917	59461	MassBank	NA000306	Lupanine	inchikey_connectivity_formula_mass	2	FALSE	TRUE	3.65970999780529e-05	0.0914927499451323
PHYTOALEXIN-CMPD	59462	MassBank	NA002097	Psoralen	inchikey	1	TRUE	TRUE	5.94109999951797e-06	0.0148527499987949
CPD-8915	59463	MassBank	NA001294	3-(Dimethylaminomethyl)indole	inchikey_connectivity_formula_mass	2	FALSE	TRUE	1.54020000309174e-06	0.00385050000772935
5-METHOXYFURANOCOUMARIN	59473	MassBank	NA001074	Bergapten	inchikey	1	TRUE	TRUE	4.12548000099378e-05	0.103137000024844
CPD-8915	59474	MassBank	NA000347	3-(Dimethylaminomethyl)indole	inchikey_connectivity_formula_mass	2	FALSE	TRUE	1.54020000309174e-06	0.00385050000772935
CPD1F-90	59486	MassBank	NA002631	Kaempferol	inchikey_connectivity_formula_mass	2	FALSE	TRUE	3.80536000079701e-05	0.0951340000199252
CPD-9785	59487	MassBank	NA002689	Colchicine	inchikey	1	TRUE	TRUE	1.24597000308313e-05	0.0311492500770782
CPD-12111	59488	MassBank	NA003355	4-Hydroxycoumarin	name_formula_mass	4	TRUE	TRUE	5.94109999951797e-06	0.0148527499987949
CPD-19430	59489	MassBank	NA001646	Epigalanthamin	name_formula_mass	4	TRUE	TRUE	4.35455999650003e-05	0.108863999912501
CPD-9940	59491	MassBank	NA000106	Harmine	inchikey	1	TRUE	TRUE	3.69823000028191e-05	0.0924557500070478
CPD-17697	59494	MassBank	NA000986	Tomatidine	inchikey	1	TRUE	TRUE	2.96938999895247e-05	0.0714921279096764
PHYTOALEXIN-CMPD	59496	MassBank	NA001737	Psoralen	inchikey	1	TRUE	TRUE	5.94109999951797e-06	0.0148527499987949
PROTOPINE	59497	MassBank	NA003515	Protopine	inchikey	1	TRUE	TRUE	2.27255999902809e-05	0.0568139999757022
CPD-11590	59498	MassBank	NA002032	Aloin A	inchikey	1	TRUE	TRUE	1.76949000092463e-05	0.0423195013710823
CPD-8917	59500	MassBank	NA001022	Lupanine	inchikey_connectivity_formula_mass	2	FALSE	TRUE	3.65970999780529e-05	0.0914927499451323
CPD-14427	59507	MassBank	NA000840	Daphnetin	inchikey	1	TRUE	TRUE	8.68099999706828e-06	0.0217024999926707
SCOPOLAMINE	59511	MassBank	NA002906	Scopolamine	inchikey	1	TRUE	TRUE	4.18323000417331e-05	0.104580750104333
5-METHOXYFURANOCOUMARIN	59512	MassBank	NA001587	Bergapten	inchikey	1	TRUE	TRUE	4.12548000099378e-05	0.103137000024844
CPD-7561	59513	MassBank	NA001705	Artemisinin	inchikey	1	TRUE	TRUE	2.38166999793066e-05	0.0595417499482664
L-HYOSCYAMINE	59514	MassBank	NA002336	Hyoscyamine	inchikey_connectivity_formula_mass	2	FALSE	TRUE	6.39019998516233e-06	0.0159754999629058
CONIFERYL-ALDEHYDE	59515	MassBank	NA000960	Coniferaldehyde	inchikey	1	TRUE	TRUE	5.81270001021039e-06	0.014531750025526
CPD-14427	59517	MassBank	NA001221	Daphnetin	inchikey	1	TRUE	TRUE	8.68099999706828e-06	0.0217024999926707
CPD-8917	59518	MassBank	NA001777	Lupanine	inchikey_connectivity_formula_mass	2	FALSE	TRUE	3.65970999780529e-05	0.0914927499451323
CPD-9425	59519	MassBank	NA000999	Coniine	name_formula_mass	4	FALSE	TRUE	4.49099999855207e-07	0.00112274999963802
5-METHOXYFURANOCOUMARIN	59522	MassBank	NA002065	Bergapten	inchikey	1	TRUE	TRUE	4.12548000099378e-05	0.103137000024844
5-METHOXYFURANOCOUMARIN	59523	MassBank	NA001713	Bergapten	inchikey	1	TRUE	TRUE	4.12548000099378e-05	0.103137000024844
CPD1F-90	59526	MassBank	NA003754	Kaempferol	inchikey_connectivity_formula_mass	2	FALSE	TRUE	3.80536000079701e-05	0.0951340000199252
CPD-11590	59527	MassBank	NA001798	Aloin A	inchikey	1	TRUE	TRUE	1.76949000092463e-05	0.0423195013710823
NICOTINE	59528	MassBank	NA002707	Nicotine	inchikey_connectivity_formula_mass	2	FALSE	TRUE	1.54020000309174e-06	0.00385050000772935
CPD-8912	59530	MassBank	NA001860	Matairesinol	inchikey	1	TRUE	TRUE	3.84388000043145e-05	0.0960970000107864
CPD-11590	59532	MassBank	NA001916	Aloin A	inchikey	1	TRUE	TRUE	1.76949000092463e-05	0.0423195013710823
CPD-8917	59534	MassBank	NA000888	Lupanine	inchikey_connectivity_formula_mass	2	FALSE	TRUE	3.65970999780529e-05	0.0914927499451323
CPD-9440	59535	MassBank	NA003585	8-Prenylnaringenin	inchikey	1	TRUE	TRUE	2.62474999885853e-05	0.0656187499714633
CPD-8912	59536	MassBank	NA002090	Matairesinol	inchikey	1	TRUE	TRUE	3.84388000043145e-05	0.0960970000107864
CPD-8912	59538	MassBank	NA001732	Matairesinol	inchikey	1	TRUE	TRUE	3.84388000043145e-05	0.0960970000107864
ADENINE	59541	MassBank	NA002625	Adenine	inchikey	1	TRUE	TRUE	4.81349999859049e-06	0.0120337499964762
CPD-7561	59544	MassBank	NA001944	Artemisinin	inchikey	1	TRUE	TRUE	2.38166999793066e-05	0.0595417499482664
CPD-19430	59547	MassBank	NA001893	Epigalanthamin	name_formula_mass	4	TRUE	TRUE	4.35455999650003e-05	0.108863999912501
CPD-13080	59549	MassBank	NA003538	Solasodin	name_formula_mass	4	FALSE	TRUE	2.03703000352107e-05	0.0492834553727111
CONIFERYL-ALDEHYDE	59551	MassBank	NA000956	Coniferaldehyde	inchikey	1	TRUE	TRUE	5.81270001021039e-06	0.014531750025526
CPD-7561	59555	MassBank	NA002061	Artemisinin	inchikey	1	TRUE	TRUE	2.38166999793066e-05	0.0595417499482664
PHYTOALEXIN-CMPD	59558	MassBank	NA001738	Psoralen	inchikey	1	TRUE	TRUE	5.94109999951797e-06	0.0148527499987949
FORMONONETIN	59563	MassBank	NA002813	Formononetin	inchikey	1	TRUE	TRUE	4.11263999922085e-05	0.102815999980521
CPD-11590	59564	MassBank	NA001416	Aloin A	inchikey	1	TRUE	TRUE	1.76949000092463e-05	0.0423195013710823
CPD-8186	59568	MassBank	NA003262	Umbelliferone	inchikey	1	TRUE	TRUE	5.94109999951797e-06	0.0148527499987949
CPD-8915	59569	MassBank	NA000318	3-(Dimethylaminomethyl)indole	inchikey_connectivity_formula_mass	2	FALSE	TRUE	1.54020000309174e-06	0.00385050000772935
CPD-8917	59576	MassBank	NA000364	Lupanine	inchikey_connectivity_formula_mass	2	FALSE	TRUE	3.65970999780529e-05	0.0914927499451323
CPD-9440	59579	MassBank	NA002448	8-Prenylnaringenin	inchikey	1	TRUE	TRUE	2.62474999885853e-05	0.0656187499714633
CPD-9785	59580	MassBank	NA002294	Colchicine	inchikey	1	TRUE	TRUE	1.24597000308313e-05	0.0311492500770782
CPD-9940	59582	MassBank	NA000118	Harmine	inchikey	1	TRUE	TRUE	3.69823000028191e-05	0.0924557500070478
CONIFERYL-ALDEHYDE	59584	MassBank	NA001213	Coniferaldehyde	inchikey	1	TRUE	TRUE	5.81270001021039e-06	0.014531750025526
CPD-15742	59586	MassBank	NA002665	Papaverine	inchikey	1	TRUE	TRUE	4.18323000417331e-05	0.104580750104333
CPD-8912	59588	MassBank	NA002094	Matairesinol	inchikey	1	TRUE	TRUE	3.84388000043145e-05	0.0960970000107864
CPD-9940	59591	MassBank	NA000120	Harmine	inchikey	1	TRUE	TRUE	3.69823000028191e-05	0.0924557500070478
CPD-10411	59592	MassBank	NA002129	(-)-Epigallocatechin	inchikey	1	TRUE	TRUE	4.71959000378774e-05	0.117989750094694
CPD-10537	59594	MassBank	NA000867	Digitoxigenin	inchikey	1	TRUE	TRUE	9.57980000748648e-06	0.0239495000187162
CONIFERYL-ALDEHYDE	59596	MassBank	NA002080	Coniferaldehyde	inchikey	1	TRUE	TRUE	5.81270001021039e-06	0.014531750025526
5-METHOXYFURANOCOUMARIN	59604	MassBank	NA001712	Bergapten	inchikey	1	TRUE	TRUE	4.12548000099378e-05	0.103137000024844
CPD-17697	59613	MassBank	NA001875	Tomatidine	inchikey	1	TRUE	TRUE	2.96938999895247e-05	0.0714921279096764
5-METHOXYFURANOCOUMARIN	59619	MassBank	NA001832	Bergapten	inchikey	1	TRUE	TRUE	4.12548000099378e-05	0.103137000024844
5-METHOXYFURANOCOUMARIN	59621	MassBank	NA000943	Bergapten	inchikey	1	TRUE	TRUE	4.12548000099378e-05	0.103137000024844
CPD-9425	59622	MassBank	NA000873	Coniine	name_formula_mass	4	FALSE	TRUE	4.49099999855207e-07	0.00112274999963802
CPD-11590	59623	MassBank	NA001415	Aloin A	inchikey	1	TRUE	TRUE	1.76949000092463e-05	0.0423195013710823
5-METHOXYFURANOCOUMARIN	59629	MassBank	NA001949	Bergapten	inchikey	1	TRUE	TRUE	4.12548000099378e-05	0.103137000024844
PROTOPINE	59635	MassBank	NA002773	Protopine	inchikey	1	TRUE	TRUE	2.27255999902809e-05	0.0568139999757022
5-METHOXYFURANOCOUMARIN	59636	MassBank	NA000816	Bergapten	inchikey	1	TRUE	TRUE	4.12548000099378e-05	0.103137000024844
DAIDZEIN	59640	MassBank	NA000033	Daidzein	inchikey	1	TRUE	TRUE	8.80940001479757e-06	0.0220235000369939
SCOPOLAMINE	59647	MassBank	NA002905	Scopolamine	inchikey	1	TRUE	TRUE	4.18323000417331e-05	0.104580750104333
DAIDZEIN	59648	MassBank	NA003634	Daidzein	inchikey	1	TRUE	TRUE	8.80940001479757e-06	0.0220235000369939
CPD-8917	59649	MassBank	NA001397	Lupanine	inchikey_connectivity_formula_mass	2	FALSE	TRUE	3.65970999780529e-05	0.0914927499451323
CPD-9785	59650	MassBank	NA003073	Colchicine	inchikey	1	TRUE	TRUE	1.24597000308313e-05	0.0311492500770782
N-EE-PIPEROYL-PIPERIDINE	59653	MassBank	NA000149	Piperine	inchikey	1	TRUE	TRUE	6.51860000289162e-06	0.016296500007229
Coumarins	59654	MassBank	NA002589	Coumarin	inchikey	1	TRUE	TRUE	2.05631999961042e-05	0.0514079999902606
COUMARIN	59654	MassBank	NA002589	Coumarin	inchikey	1	TRUE	TRUE	2.05631999961042e-05	0.0514079999902606
ADENINE	59658	MassBank	NA003007	Adenine	inchikey	1	TRUE	TRUE	4.81349999859049e-06	0.0120337499964762
CONIFERYL-ALDEHYDE	59660	MassBank	NA001339	Coniferaldehyde	inchikey	1	TRUE	TRUE	5.81270001021039e-06	0.014531750025526
CPD-10411	59661	MassBank	NA001263	(-)-Epigallocatechin	inchikey	1	TRUE	TRUE	4.71959000378774e-05	0.117989750094694
CPD-19430	59668	MassBank	NA001008	Epigalanthamin	name_formula_mass	4	TRUE	TRUE	4.35455999650003e-05	0.108863999912501
CPD-14427	59671	MassBank	NA001727	Daphnetin	inchikey	1	TRUE	TRUE	8.68099999706828e-06	0.0217024999926707
CPD-8917	59672	MassBank	NA000276	Lupanine	inchikey_connectivity_formula_mass	2	FALSE	TRUE	3.65970999780529e-05	0.0914927499451323
CPD-8917	59675	MassBank	NA001018	Lupanine	inchikey_connectivity_formula_mass	2	FALSE	TRUE	3.65970999780529e-05	0.0914927499451323
PHYTOALEXIN-CMPD	59676	MassBank	NA001615	Psoralen	inchikey	1	TRUE	TRUE	5.94109999951797e-06	0.0148527499987949
CPD-12111	59678	MassBank	NA003354	4-Hydroxycoumarin	name_formula_mass	4	TRUE	TRUE	5.94109999951797e-06	0.0148527499987949
NICOTINE	59680	MassBank	NA002315	Nicotine	inchikey_connectivity_formula_mass	2	FALSE	TRUE	1.54020000309174e-06	0.00385050000772935
CONIFERYL-ALDEHYDE	59681	MassBank	NA001089	Coniferaldehyde	inchikey	1	TRUE	TRUE	5.81270001021039e-06	0.014531750025526
CPD-9785	59683	MassBank	NA003437	Colchicine	inchikey	1	TRUE	TRUE	1.24597000308313e-05	0.0311492500770782
DAIDZEIN	59685	MassBank	NA000034	Daidzein	inchikey	1	TRUE	TRUE	8.80940001479757e-06	0.0220235000369939
CPD-11590	59687	MassBank	NA001542	Aloin A	inchikey	1	TRUE	TRUE	1.76949000092463e-05	0.0423195013710823
CPD-8917	59689	MassBank	NA001657	Lupanine	inchikey_connectivity_formula_mass	2	FALSE	TRUE	3.65970999780529e-05	0.0914927499451323
PHYTOALEXIN-CMPD	59690	MassBank	NA001734	Psoralen	inchikey	1	TRUE	TRUE	5.94109999951797e-06	0.0148527499987949
CPD-8186	59693	MassBank	NA003627	Umbelliferone	inchikey	1	TRUE	TRUE	5.94109999951797e-06	0.0148527499987949
CPD-8917	59695	MassBank	NA000216	Lupanine	inchikey_connectivity_formula_mass	2	FALSE	TRUE	3.65970999780529e-05	0.0914927499451323
5-METHOXYFURANOCOUMARIN	59696	MassBank	NA002063	Bergapten	inchikey	1	TRUE	TRUE	4.12548000099378e-05	0.103137000024844
N-EE-PIPEROYL-PIPERIDINE	59697	MassBank	NA000152	Piperine	inchikey	1	TRUE	TRUE	6.51860000289162e-06	0.016296500007229
CPD-19430	59699	MassBank	NA001388	Epigalanthamin	name_formula_mass	4	TRUE	TRUE	4.35455999650003e-05	0.108863999912501
CORTISONE	59704	MassBank	NA000015	Cortisone	inchikey	1	TRUE	TRUE	2.59906999531268e-05	0.0649767498828169
CPD0-1376	59709	MassBank	NA002619	Dicyclohexylamine	inchikey_connectivity_formula_mass	2	FALSE	TRUE	4.97434999999768e-05	0.124358749999942
CONIFERYL-ALDEHYDE	59714	MassBank	NA001966	Coniferaldehyde	inchikey	1	TRUE	TRUE	5.81270001021039e-06	0.014531750025526
DAIDZEIN	59716	MassBank	NA003265	Daidzein	inchikey	1	TRUE	TRUE	8.80940001479757e-06	0.0220235000369939
CPD-12111	59718	MassBank	NA002595	4-Hydroxycoumarin	name_formula_mass	4	TRUE	TRUE	5.94109999951797e-06	0.0148527499987949
CPD-12111	59720	MassBank	NA000184	4-Hydroxycoumarin	inchikey	1	TRUE	TRUE	5.94109999951797e-06	0.0148527499987949
CPD-8915	59721	MassBank	NA000226	3-(Dimethylaminomethyl)indole	inchikey_connectivity_formula_mass	2	FALSE	TRUE	1.54020000309174e-06	0.00385050000772935
Coumarins	59728	MassBank	NA003721	Coumarin	inchikey	1	TRUE	TRUE	2.05631999961042e-05	0.0514079999902606
COUMARIN	59728	MassBank	NA003721	Coumarin	inchikey	1	TRUE	TRUE	2.05631999961042e-05	0.0514079999902606
CONIFERYL-ALDEHYDE	59731	MassBank	NA001723	Coniferaldehyde	inchikey	1	TRUE	TRUE	5.81270001021039e-06	0.014531750025526
CPD-7561	59740	MassBank	NA001444	Artemisinin	inchikey	1	TRUE	TRUE	2.38166999793066e-05	0.0595417499482664
CPD-4210	59741	MassBank	NA000997	Zeatin	inchikey	1	TRUE	TRUE	1.00654000050326e-05	0.0251635000125816
FORMONONETIN	59742	MassBank	NA002418	Formononetin	inchikey	1	TRUE	TRUE	4.11263999922085e-05	0.102815999980521
N-EE-PIPEROYL-PIPERIDINE	59745	MassBank	NA000155	Piperine	inchikey	1	TRUE	TRUE	6.51860000289162e-06	0.016296500007229
CPD-4210	59749	MassBank	NA000870	Zeatin	inchikey	1	TRUE	TRUE	1.00654000050326e-05	0.0251635000125816
CPD-12111	59750	MassBank	NA003726	4-Hydroxycoumarin	name_formula_mass	4	TRUE	TRUE	5.94109999951797e-06	0.0148527499987949
PHYTOALEXIN-CMPD	59753	MassBank	NA002145	Psoralen	inchikey	1	TRUE	TRUE	5.94109999951797e-06	0.0148527499987949
CPD-8915	59757	MassBank	NA000287	3-(Dimethylaminomethyl)indole	inchikey_connectivity_formula_mass	2	FALSE	TRUE	1.54020000309174e-06	0.00385050000772935
CPD-8915	59760	MassBank	NA000224	3-(Dimethylaminomethyl)indole	inchikey_connectivity_formula_mass	2	FALSE	TRUE	1.54020000309174e-06	0.00385050000772935
CPD0-1376	59761	MassBank	NA003002	Dicyclohexylamine	inchikey_connectivity_formula_mass	2	FALSE	TRUE	4.97434999999768e-05	0.124358749999942
CPD-12111	59766	MassBank	NA000195	4-Hydroxycoumarin	inchikey	1	TRUE	TRUE	5.94109999951797e-06	0.0148527499987949
CPD-11590	59772	MassBank	NA001165	Aloin A	inchikey	1	TRUE	TRUE	1.76949000092463e-05	0.0423195013710823
CPD-14427	59773	MassBank	NA000965	Daphnetin	inchikey	1	TRUE	TRUE	8.68099999706828e-06	0.0217024999926707
DAIDZEIN	59776	MassBank	NA002891	Daidzein	inchikey	1	TRUE	TRUE	8.80940001479757e-06	0.0220235000369939
CPD-11590	59777	MassBank	NA002012	Aloin A	inchikey	1	TRUE	TRUE	1.76949000092463e-05	0.0423195013710823
CPD-10411	59778	MassBank	NA001651	(-)-Epigallocatechin	inchikey	1	TRUE	TRUE	4.71959000378774e-05	0.117989750094694
CPD-8915	59787	MassBank	NA001494	3-(Dimethylaminomethyl)indole	inchikey_connectivity_formula_mass	2	FALSE	TRUE	1.54020000309174e-06	0.00385050000772935
5-METHOXYFURANOCOUMARIN	59788	MassBank	NA001200	Bergapten	inchikey	1	TRUE	TRUE	4.12548000099378e-05	0.103137000024844
CPD-12111	59790	MassBank	NA002593	4-Hydroxycoumarin	name_formula_mass	4	TRUE	TRUE	5.94109999951797e-06	0.0148527499987949
ADENINE	59791	MassBank	NA003374	Adenine	inchikey	1	TRUE	TRUE	4.81349999859049e-06	0.0120337499964762
CPD-4210	59796	MassBank	NA001245	Zeatin	inchikey	1	TRUE	TRUE	1.00654000050326e-05	0.0251635000125816
CPD-11590	59798	MassBank	NA000909	Aloin A	inchikey	1	TRUE	TRUE	1.76949000092463e-05	0.0423195013710823
CPD1F-90	59800	MassBank	NA003380	Kaempferol	inchikey_connectivity_formula_mass	2	FALSE	TRUE	3.80536000079701e-05	0.0951340000199252
DAIDZEIN	59807	MassBank	NA002893	Daidzein	inchikey	1	TRUE	TRUE	8.80940001479757e-06	0.0220235000369939
CPD-9785	59808	MassBank	NA002687	Colchicine	inchikey	1	TRUE	TRUE	1.24597000308313e-05	0.0311492500770782
CPD-8917	59809	MassBank	NA002017	Lupanine	inchikey_connectivity_formula_mass	2	FALSE	TRUE	3.65970999780529e-05	0.0914927499451323
CPD-8915	59810	MassBank	NA001175	3-(Dimethylaminomethyl)indole	inchikey_connectivity_formula_mass	2	FALSE	TRUE	1.54020000309174e-06	0.00385050000772935
CPD-8915	59811	MassBank	NA000284	3-(Dimethylaminomethyl)indole	inchikey_connectivity_formula_mass	2	FALSE	TRUE	1.54020000309174e-06	0.00385050000772935
PHYTOALEXIN-CMPD	59812	MassBank	NA001483	Psoralen	inchikey	1	TRUE	TRUE	5.94109999951797e-06	0.0148527499987949
5-METHOXYFURANOCOUMARIN	59816	MassBank	NA001328	Bergapten	inchikey	1	TRUE	TRUE	4.12548000099378e-05	0.103137000024844
CPD-12111	59817	MassBank	NA002983	4-Hydroxycoumarin	name_formula_mass	4	TRUE	TRUE	5.94109999951797e-06	0.0148527499987949
N-EE-PIPEROYL-PIPERIDINE	59824	MassBank	NA000160	Piperine	inchikey	1	TRUE	TRUE	6.51860000289162e-06	0.016296500007229
DAIDZEIN	59827	MassBank	NA002890	Daidzein	inchikey	1	TRUE	TRUE	8.80940001479757e-06	0.0220235000369939
Coumarins	59832	MassBank	NA003722	Coumarin	inchikey	1	TRUE	TRUE	2.05631999961042e-05	0.0514079999902606
COUMARIN	59832	MassBank	NA003722	Coumarin	inchikey	1	TRUE	TRUE	2.05631999961042e-05	0.0514079999902606
L-HYOSCYAMINE	59836	MassBank	NA003475	Hyoscyamine	inchikey_connectivity_formula_mass	2	FALSE	TRUE	6.39019998516233e-06	0.0159754999629058
CPD-17697	59837	MassBank	NA001874	Tomatidine	inchikey	1	TRUE	TRUE	2.96938999895247e-05	0.0714921279096764
PHYTOALEXIN-CMPD	59838	MassBank	NA001618	Psoralen	inchikey	1	TRUE	TRUE	5.94109999951797e-06	0.0148527499987949
5-METHOXYFURANOCOUMARIN	59839	MassBank	NA001831	Bergapten	inchikey	1	TRUE	TRUE	4.12548000099378e-05	0.103137000024844
PHYTOALEXIN-CMPD	59840	MassBank	NA001234	Psoralen	inchikey	1	TRUE	TRUE	5.94109999951797e-06	0.0148527499987949
CPD-19430	59843	MassBank	NA001645	Epigalanthamin	name_formula_mass	4	TRUE	TRUE	4.35455999650003e-05	0.108863999912501
CPD-4210	59845	MassBank	NA001377	Zeatin	inchikey	1	TRUE	TRUE	1.00654000050326e-05	0.0251635000125816
CPD1F-90	59854	MassBank	NA003379	Kaempferol	inchikey_connectivity_formula_mass	2	FALSE	TRUE	3.80536000079701e-05	0.0951340000199252
CPD-22580	59855	MassBank	NA001544	Digoxin	inchikey	1	TRUE	TRUE	6.76379988817644e-06	0.00866676485560795
CPD-9440	59857	MassBank	NA003588	8-Prenylnaringenin	inchikey	1	TRUE	TRUE	2.62474999885853e-05	0.0656187499714633
CPD-4210	59862	MassBank	NA001881	Zeatin	inchikey	1	TRUE	TRUE	1.00654000050326e-05	0.0251635000125816
CPD-12111	59864	MassBank	NA000175	4-Hydroxycoumarin	inchikey	1	TRUE	TRUE	5.94109999951797e-06	0.0148527499987949
CPD-4210	59865	MassBank	NA001755	Zeatin	inchikey	1	TRUE	TRUE	1.00654000050326e-05	0.0251635000125816
CPD-14427	59866	MassBank	NA001090	Daphnetin	inchikey	1	TRUE	TRUE	8.68099999706828e-06	0.0217024999926707
PROTOPINE	59867	MassBank	NA003518	Protopine	inchikey	1	TRUE	TRUE	2.27255999902809e-05	0.0568139999757022
CONIFERYL-ALDEHYDE	59874	MassBank	NA001464	Coniferaldehyde	inchikey	1	TRUE	TRUE	5.81270001021039e-06	0.014531750025526
CPD-8917	59876	MassBank	NA002015	Lupanine	inchikey_connectivity_formula_mass	2	FALSE	TRUE	3.65970999780529e-05	0.0914927499451323
CPD-8917	59878	MassBank	NA001775	Lupanine	inchikey_connectivity_formula_mass	2	FALSE	TRUE	3.65970999780529e-05	0.0914927499451323
CPD-10411	59882	MassBank	NA001898	(-)-Epigallocatechin	inchikey	1	TRUE	TRUE	4.71959000378774e-05	0.117989750094694
PHYTOALEXIN-CMPD	59885	MassBank	NA002098	Psoralen	inchikey	1	TRUE	TRUE	5.94109999951797e-06	0.0148527499987949
CPD-17697	59894	MassBank	NA001491	Tomatidine	inchikey	1	TRUE	TRUE	2.96938999895247e-05	0.0714921279096764
PHYTOALEXIN-CMPD	59895	MassBank	NA000847	Psoralen	inchikey	1	TRUE	TRUE	5.94109999951797e-06	0.0148527499987949
CPD-9425	59899	MassBank	NA001253	Coniine	name_formula_mass	4	FALSE	TRUE	4.49099999855207e-07	0.00112274999963802
PROTOPINE	59900	MassBank	NA002377	Protopine	inchikey	1	TRUE	TRUE	2.27255999902809e-05	0.0568139999757022
5-METHOXYFURANOCOUMARIN	59902	MassBank	NA001948	Bergapten	inchikey	1	TRUE	TRUE	4.12548000099378e-05	0.103137000024844
N-EE-PIPEROYL-PIPERIDINE	59903	MassBank	NA000167	Piperine	inchikey	1	TRUE	TRUE	6.51860000289162e-06	0.016296500007229
CPD-14427	59904	MassBank	NA001344	Daphnetin	inchikey	1	TRUE	TRUE	8.68099999706828e-06	0.0217024999926707
CPD-9425	59912	MassBank	NA002004	Coniine	name_formula_mass	4	FALSE	TRUE	4.49099999855207e-07	0.00112274999963802
5-METHOXYFURANOCOUMARIN	59913	MassBank	NA001197	Bergapten	inchikey	1	TRUE	TRUE	4.12548000099378e-05	0.103137000024844
CPD-10411	59917	MassBank	NA001897	(-)-Epigallocatechin	inchikey	1	TRUE	TRUE	4.71959000378774e-05	0.117989750094694
CPD-11590	59924	MassBank	NA001287	Aloin A	inchikey	1	TRUE	TRUE	1.76949000092463e-05	0.0423195013710823
CPD-17697	59927	MassBank	NA001636	Tomatidine	inchikey	1	TRUE	TRUE	2.96938999895247e-05	0.0714921279096764
PROTOPINE	59932	MassBank	NA003514	Protopine	inchikey	1	TRUE	TRUE	2.27255999902809e-05	0.0568139999757022
CPD-7561	59934	MassBank	NA000971	Artemisinin	inchikey	1	TRUE	TRUE	2.38166999793066e-05	0.0595417499482664
CPD-8915	59937	MassBank	NA002041	3-(Dimethylaminomethyl)indole	inchikey_connectivity_formula_mass	2	FALSE	TRUE	1.54020000309174e-06	0.00385050000772935
CPD-7561	59941	MassBank	NA001581	Artemisinin	inchikey	1	TRUE	TRUE	2.38166999793066e-05	0.0595417499482664
N-EE-PIPEROYL-PIPERIDINE	59944	MassBank	NA000158	Piperine	inchikey	1	TRUE	TRUE	6.51860000289162e-06	0.016296500007229
CPD-14427	59945	MassBank	NA001469	Daphnetin	inchikey	1	TRUE	TRUE	8.68099999706828e-06	0.0217024999926707
CPD-4210	59946	MassBank	NA001884	Zeatin	inchikey	1	TRUE	TRUE	1.00654000050326e-05	0.0251635000125816
CPD-8912	59949	MassBank	NA001097	Matairesinol	inchikey	1	TRUE	TRUE	3.84388000043145e-05	0.0960970000107864
CPD1F-90	59952	MassBank	NA002632	Kaempferol	inchikey_connectivity_formula_mass	2	FALSE	TRUE	3.80536000079701e-05	0.0951340000199252
ATROPINE	59956	MassBank	NA002814	Atropine	inchikey_connectivity_formula_mass	2	FALSE	TRUE	6.39019998516233e-06	0.0159754999629058
CORTISONE	59961	MassBank	NA000004	Cortisone	inchikey	1	TRUE	TRUE	2.59906999531268e-05	0.0649767498828169
5-METHOXYFURANOCOUMARIN	59962	MassBank	NA002066	Bergapten	inchikey	1	TRUE	TRUE	4.12548000099378e-05	0.103137000024844
CPD-8915	59963	MassBank	NA000790	3-(Dimethylaminomethyl)indole	inchikey_connectivity_formula_mass	2	FALSE	TRUE	1.54020000309174e-06	0.00385050000772935
CPD-10411	59964	MassBank	NA001514	(-)-Epigallocatechin	inchikey	1	TRUE	TRUE	4.71959000378774e-05	0.117989750094694
CPD-19430	59969	MassBank	NA001647	Epigalanthamin	name_formula_mass	4	TRUE	TRUE	4.35455999650003e-05	0.108863999912501
CPD-7561	59976	MassBank	NA001192	Artemisinin	inchikey	1	TRUE	TRUE	2.38166999793066e-05	0.0595417499482664
CPD-13080	59977	MassBank	NA002792	Solasodin	name_formula_mass	4	FALSE	TRUE	2.03703000352107e-05	0.0492834553727111
DAIDZEIN	59979	MassBank	NA002496	Daidzein	inchikey	1	TRUE	TRUE	8.80940001479757e-06	0.0220235000369939
5-METHOXYFURANOCOUMARIN	59989	MassBank	NA001201	Bergapten	inchikey	1	TRUE	TRUE	4.12548000099378e-05	0.103137000024844
CPD-9425	59996	MassBank	NA000877	Coniine	name_formula_mass	4	FALSE	TRUE	4.49099999855207e-07	0.00112274999963802
CPD-8917	59997	MassBank	NA000215	Lupanine	inchikey_connectivity_formula_mass	2	FALSE	TRUE	3.65970999780529e-05	0.0914927499451323
7-O-BETA-D-APIOFURANOSYL-12-BETA-D-GLU	59999	MassBank	NA002613	Apiin	name_formula_mass	4	FALSE	TRUE	5.60819989914307e-06	0.00994100987239676
CPD-8912	60001	MassBank	NA001101	Matairesinol	inchikey	1	TRUE	TRUE	3.84388000043145e-05	0.0960970000107864
CPD-8912	60002	MassBank	NA000842	Matairesinol	inchikey	1	TRUE	TRUE	3.84388000043145e-05	0.0960970000107864
5-METHOXYFURANOCOUMARIN	60003	MassBank	NA000944	Bergapten	inchikey	1	TRUE	TRUE	4.12548000099378e-05	0.103137000024844
CONIFERYL-ALDEHYDE	60009	MassBank	NA000835	Coniferaldehyde	inchikey	1	TRUE	TRUE	5.81270001021039e-06	0.014531750025526
NICOTINE	60010	MassBank	NA002706	Nicotine	inchikey_connectivity_formula_mass	2	FALSE	TRUE	1.54020000309174e-06	0.00385050000772935
CPD-8915	60011	MassBank	NA000285	3-(Dimethylaminomethyl)indole	inchikey_connectivity_formula_mass	2	FALSE	TRUE	1.54020000309174e-06	0.00385050000772935
CPD-8917	60014	MassBank	NA000333	Lupanine	inchikey_connectivity_formula_mass	2	FALSE	TRUE	3.65970999780529e-05	0.0914927499451323
CPD-10411	60016	MassBank	NA000884	(-)-Epigallocatechin	inchikey	1	TRUE	TRUE	4.71959000378774e-05	0.117989750094694
CPD-9410	60017	MassBank	NA003098	(+)-Costunolide	inchikey	1	TRUE	TRUE	2.98861999965538e-05	0.0747154999913846
CPD-8915	60021	MassBank	NA000255	3-(Dimethylaminomethyl)indole	inchikey_connectivity_formula_mass	2	FALSE	TRUE	1.54020000309174e-06	0.00385050000772935
CPD-10411	60023	MassBank	NA001016	(-)-Epigallocatechin	inchikey	1	TRUE	TRUE	4.71959000378774e-05	0.117989750094694
FORMONONETIN	60027	MassBank	NA003190	Formononetin	inchikey	1	TRUE	TRUE	4.11263999922085e-05	0.102815999980521
CPD-17697	60029	MassBank	NA001871	Tomatidine	inchikey	1	TRUE	TRUE	2.96938999895247e-05	0.0714921279096764
CPD-7561	60031	MassBank	NA002060	Artemisinin	inchikey	1	TRUE	TRUE	2.38166999793066e-05	0.0595417499482664
7-O-BETA-D-APIOFURANOSYL-12-BETA-D-GLU	60033	MassBank	NA002612	Apiin	name_formula_mass	4	FALSE	TRUE	5.60819989914307e-06	0.00994100987239676
CPD-8915	60036	MassBank	NA000376	3-(Dimethylaminomethyl)indole	inchikey_connectivity_formula_mass	2	FALSE	TRUE	1.54020000309174e-06	0.00385050000772935
CPD-10411	60037	MassBank	NA001770	(-)-Epigallocatechin	inchikey	1	TRUE	TRUE	4.71959000378774e-05	0.117989750094694
PROTOPINE	60039	MassBank	NA003152	Protopine	inchikey	1	TRUE	TRUE	2.27255999902809e-05	0.0568139999757022
CORTISONE	60044	MassBank	NA000013	Cortisone	inchikey	1	TRUE	TRUE	2.59906999531268e-05	0.0649767498828169
CPD-9425	60047	MassBank	NA002118	Coniine	name_formula_mass	4	FALSE	TRUE	4.49099999855207e-07	0.00112274999963802
DAIDZEIN	60048	MassBank	NA000035	Daidzein	inchikey	1	TRUE	TRUE	8.80940001479757e-06	0.0220235000369939
CONIFERYL-ALDEHYDE	60050	MassBank	NA000832	Coniferaldehyde	inchikey	1	TRUE	TRUE	5.81270001021039e-06	0.014531750025526
ADENINE	60051	MassBank	NA003008	Adenine	inchikey	1	TRUE	TRUE	4.81349999859049e-06	0.0120337499964762
CPD-9410	60052	MassBank	NA003094	(+)-Costunolide	inchikey	1	TRUE	TRUE	2.98861999965538e-05	0.0747154999913846
CPD-17697	60054	MassBank	NA002132	Tomatidine	inchikey	1	TRUE	TRUE	2.96938999895247e-05	0.0714921279096764
CPD-9410	60056	MassBank	NA002716	(+)-Costunolide	inchikey	1	TRUE	TRUE	2.98861999965538e-05	0.0747154999913846
PHYTOALEXIN-CMPD	60059	MassBank	NA001864	Psoralen	inchikey	1	TRUE	TRUE	5.94109999951797e-06	0.0148527499987949
CONIFERYL-ALDEHYDE	60067	MassBank	NA001847	Coniferaldehyde	inchikey	1	TRUE	TRUE	5.81270001021039e-06	0.014531750025526
5-METHOXYFURANOCOUMARIN	60069	MassBank	NA001710	Bergapten	inchikey	1	TRUE	TRUE	4.12548000099378e-05	0.103137000024844
CPD-8912	60072	MassBank	NA001978	Matairesinol	inchikey	1	TRUE	TRUE	3.84388000043145e-05	0.0960970000107864
N-EE-PIPEROYL-PIPERIDINE	60074	MassBank	NA000166	Piperine	inchikey	1	TRUE	TRUE	6.51860000289162e-06	0.016296500007229
ADENINE	60075	MassBank	NA003747	Adenine	inchikey	1	TRUE	TRUE	4.81349999859049e-06	0.0120337499964762
CPD-8917	60076	MassBank	NA001146	Lupanine	inchikey_connectivity_formula_mass	2	FALSE	TRUE	3.65970999780529e-05	0.0914927499451323
CPD-8912	60079	MassBank	NA001228	Matairesinol	inchikey	1	TRUE	TRUE	3.84388000043145e-05	0.0960970000107864
CPD-4210	60081	MassBank	NA001378	Zeatin	inchikey	1	TRUE	TRUE	1.00654000050326e-05	0.0251635000125816
CPD-7561	60089	MassBank	NA001582	Artemisinin	inchikey	1	TRUE	TRUE	2.38166999793066e-05	0.0595417499482664
CPD-15742	60091	MassBank	NA003044	Papaverine	inchikey	1	TRUE	TRUE	4.18323000417331e-05	0.104580750104333
PHYTOALEXIN-CMPD	60095	MassBank	NA001480	Psoralen	inchikey	1	TRUE	TRUE	5.94109999951797e-06	0.0148527499987949
CPD-7561	60098	MassBank	NA001446	Artemisinin	inchikey	1	TRUE	TRUE	2.38166999793066e-05	0.0595417499482664
CPD-19430	60103	MassBank	NA001768	Epigalanthamin	name_formula_mass	4	TRUE	TRUE	4.35455999650003e-05	0.108863999912501
CPD-9425	60104	MassBank	NA002115	Coniine	name_formula_mass	4	FALSE	TRUE	4.49099999855207e-07	0.00112274999963802
SCOPOLAMINE	60107	MassBank	NA002907	Scopolamine	inchikey	1	TRUE	TRUE	4.18323000417331e-05	0.104580750104333
CPD-8912	60110	MassBank	NA001224	Matairesinol	inchikey	1	TRUE	TRUE	3.84388000043145e-05	0.0960970000107864
CPD-9410	60112	MassBank	NA002715	(+)-Costunolide	inchikey	1	TRUE	TRUE	2.98861999965538e-05	0.0747154999913846
CPD-9785	60120	MassBank	NA002691	Colchicine	inchikey	1	TRUE	TRUE	1.24597000308313e-05	0.0311492500770782
CPD-12111	60129	MassBank	NA000172	4-Hydroxycoumarin	inchikey	1	TRUE	TRUE	5.94109999951797e-06	0.0148527499987949
PROTOPINE	60134	MassBank	NA003516	Protopine	inchikey	1	TRUE	TRUE	2.27255999902809e-05	0.0568139999757022
CPD-8912	60135	MassBank	NA002092	Matairesinol	inchikey	1	TRUE	TRUE	3.84388000043145e-05	0.0960970000107864
PROTOPINE	60136	MassBank	NA003151	Protopine	inchikey	1	TRUE	TRUE	2.27255999902809e-05	0.0568139999757022
CPD-10411	60139	MassBank	NA000886	(-)-Epigallocatechin	inchikey	1	TRUE	TRUE	4.71959000378774e-05	0.117989750094694
CPD-8915	60143	MassBank	NA001924	3-(Dimethylaminomethyl)indole	inchikey_connectivity_formula_mass	2	FALSE	TRUE	1.54020000309174e-06	0.00385050000772935
CPD-19430	60144	MassBank	NA001512	Epigalanthamin	name_formula_mass	4	TRUE	TRUE	4.35455999650003e-05	0.108863999912501
CPD-9440	60150	MassBank	NA002839	8-Prenylnaringenin	inchikey	1	TRUE	TRUE	2.62474999885853e-05	0.0656187499714633
L-HYOSCYAMINE	60152	MassBank	NA002733	Hyoscyamine	inchikey_connectivity_formula_mass	2	FALSE	TRUE	6.39019998516233e-06	0.0159754999629058
5-METHOXYFURANOCOUMARIN	60153	MassBank	NA001073	Bergapten	inchikey	1	TRUE	TRUE	4.12548000099378e-05	0.103137000024844
CPD-17697	60158	MassBank	NA001115	Tomatidine	inchikey	1	TRUE	TRUE	2.96938999895247e-05	0.0714921279096764
CPD-11590	60159	MassBank	NA001915	Aloin A	inchikey	1	TRUE	TRUE	1.76949000092463e-05	0.0423195013710823
CONIFERYL-ALDEHYDE	60161	MassBank	NA001844	Coniferaldehyde	inchikey	1	TRUE	TRUE	5.81270001021039e-06	0.014531750025526
CPD-17697	60163	MassBank	NA001745	Tomatidine	inchikey	1	TRUE	TRUE	2.96938999895247e-05	0.0714921279096764
CPD-8912	60174	MassBank	NA001352	Matairesinol	inchikey	1	TRUE	TRUE	3.84388000043145e-05	0.0960970000107864
CPD-8912	60179	MassBank	NA001098	Matairesinol	inchikey	1	TRUE	TRUE	3.84388000043145e-05	0.0960970000107864
CPD-9785	60182	MassBank	NA002290	Colchicine	inchikey	1	TRUE	TRUE	1.24597000308313e-05	0.0311492500770782
CPD-8915	60186	MassBank	NA001926	3-(Dimethylaminomethyl)indole	inchikey_connectivity_formula_mass	2	FALSE	TRUE	1.54020000309174e-06	0.00385050000772935
CPD-9410	60187	MassBank	NA002321	(+)-Costunolide	inchikey	1	TRUE	TRUE	2.98861999965538e-05	0.0747154999913846
CPD-9410	60189	MassBank	NA003459	(+)-Costunolide	inchikey	1	TRUE	TRUE	2.98861999965538e-05	0.0747154999913846
CPD-19430	60190	MassBank	NA001009	Epigalanthamin	name_formula_mass	4	TRUE	TRUE	4.35455999650003e-05	0.108863999912501
CPD-19430	60191	MassBank	NA002123	Epigalanthamin	name_formula_mass	4	TRUE	TRUE	4.35455999650003e-05	0.108863999912501
CPD-10411	60192	MassBank	NA001518	(-)-Epigallocatechin	inchikey	1	TRUE	TRUE	4.71959000378774e-05	0.117989750094694
CPD-9440	60199	MassBank	NA003222	8-Prenylnaringenin	inchikey	1	TRUE	TRUE	2.62474999885853e-05	0.0656187499714633
PHYTOALEXIN-CMPD	60200	MassBank	NA000977	Psoralen	inchikey	1	TRUE	TRUE	5.94109999951797e-06	0.0148527499987949
CPD-7561	60202	MassBank	NA000814	Artemisinin	inchikey	1	TRUE	TRUE	2.38166999793066e-05	0.0595417499482664
CPD-13080	60203	MassBank	NA003537	Solasodin	name_formula_mass	4	FALSE	TRUE	2.03703000352107e-05	0.0492834553727111
CPD-12111	60204	MassBank	NA003356	4-Hydroxycoumarin	name_formula_mass	4	TRUE	TRUE	5.94109999951797e-06	0.0148527499987949
CPD-14427	60206	MassBank	NA001346	Daphnetin	inchikey	1	TRUE	TRUE	8.68099999706828e-06	0.0217024999926707
CPD-14427	60207	MassBank	NA002085	Daphnetin	inchikey	1	TRUE	TRUE	8.68099999706828e-06	0.0217024999926707
PHYTOALEXIN-CMPD	60208	MassBank	NA001863	Psoralen	inchikey	1	TRUE	TRUE	5.94109999951797e-06	0.0148527499987949
CPD-17697	60209	MassBank	NA001748	Tomatidine	inchikey	1	TRUE	TRUE	2.96938999895247e-05	0.0714921279096764
CPD-14427	60213	MassBank	NA000837	Daphnetin	inchikey	1	TRUE	TRUE	8.68099999706828e-06	0.0217024999926707
CPD-9425	60220	MassBank	NA001000	Coniine	name_formula_mass	4	FALSE	TRUE	4.49099999855207e-07	0.00112274999963802
CONIFERYL-ALDEHYDE	60224	MassBank	NA000831	Coniferaldehyde	inchikey	1	TRUE	TRUE	5.81270001021039e-06	0.014531750025526
CORTISONE	60226	MassBank	NA000022	Cortisone	inchikey	1	TRUE	TRUE	2.59906999531268e-05	0.0649767498828169
CPD-9940	60227	MassBank	NA000103	Harmine	inchikey	1	TRUE	TRUE	3.69823000028191e-05	0.0924557500070478
DAIDZEIN	60231	MassBank	NA003267	Daidzein	inchikey	1	TRUE	TRUE	8.80940001479757e-06	0.0220235000369939
NICOTINE	60233	MassBank	NA003453	Nicotine	inchikey_connectivity_formula_mass	2	FALSE	TRUE	1.54020000309174e-06	0.00385050000772935
CPD-14427	60237	MassBank	NA002087	Daphnetin	inchikey	1	TRUE	TRUE	8.68099999706828e-06	0.0217024999926707
CPD-4210	60241	MassBank	NA001499	Zeatin	inchikey	1	TRUE	TRUE	1.00654000050326e-05	0.0251635000125816
CPD-7561	60244	MassBank	NA002059	Artemisinin	inchikey	1	TRUE	TRUE	2.38166999793066e-05	0.0595417499482664
CONIFERYL-ALDEHYDE	60253	MassBank	NA001466	Coniferaldehyde	inchikey	1	TRUE	TRUE	5.81270001021039e-06	0.014531750025526
CPD-8917	60255	MassBank	NA001396	Lupanine	inchikey_connectivity_formula_mass	2	FALSE	TRUE	3.65970999780529e-05	0.0914927499451323
CPD-8718	60257	MassBank	NA002484	Paclitaxel	inchikey	1	TRUE	TRUE	4.46482999905129e-05	0.0523223723579922
CPD-15742	60258	MassBank	NA003047	Papaverine	inchikey	1	TRUE	TRUE	4.18323000417331e-05	0.104580750104333
CPD-9940	60260	MassBank	NA000110	Harmine	inchikey	1	TRUE	TRUE	3.69823000028191e-05	0.0924557500070478
CPD-7561	60261	MassBank	NA001707	Artemisinin	inchikey	1	TRUE	TRUE	2.38166999793066e-05	0.0595417499482664
CPD-8915	60262	MassBank	NA002042	3-(Dimethylaminomethyl)indole	inchikey_connectivity_formula_mass	2	FALSE	TRUE	1.54020000309174e-06	0.00385050000772935
CPD-12111	60266	MassBank	NA000176	4-Hydroxycoumarin	inchikey	1	TRUE	TRUE	5.94109999951797e-06	0.0148527499987949
CPD-8915	60267	MassBank	NA001427	3-(Dimethylaminomethyl)indole	inchikey_connectivity_formula_mass	2	FALSE	TRUE	1.54020000309174e-06	0.00385050000772935
L-HYOSCYAMINE	60269	MassBank	NA002732	Hyoscyamine	inchikey_connectivity_formula_mass	2	FALSE	TRUE	6.39019998516233e-06	0.0159754999629058
CPD-4210	60274	MassBank	NA001754	Zeatin	inchikey	1	TRUE	TRUE	1.00654000050326e-05	0.0251635000125816
CPD-17697	60276	MassBank	NA000984	Tomatidine	inchikey	1	TRUE	TRUE	2.96938999895247e-05	0.0714921279096764
CPD-9940	60277	MassBank	NA000101	Harmine	inchikey	1	TRUE	TRUE	3.69823000028191e-05	0.0924557500070478
CPD-7561	60279	MassBank	NA001826	Artemisinin	inchikey	1	TRUE	TRUE	2.38166999793066e-05	0.0595417499482664
CPD-14427	60280	MassBank	NA001970	Daphnetin	inchikey	1	TRUE	TRUE	8.68099999706828e-06	0.0217024999926707
CPD-8915	60281	MassBank	NA000256	3-(Dimethylaminomethyl)indole	inchikey_connectivity_formula_mass	2	FALSE	TRUE	1.54020000309174e-06	0.00385050000772935
FORMONONETIN	60282	MassBank	NA003189	Formononetin	inchikey	1	TRUE	TRUE	4.11263999922085e-05	0.102815999980521
CPD-22580	60285	MassBank	NA001548	Digoxin	inchikey	1	TRUE	TRUE	6.76379988817644e-06	0.00866676485560795
CPD-8915	60286	MassBank	NA000258	3-(Dimethylaminomethyl)indole	inchikey_connectivity_formula_mass	2	FALSE	TRUE	1.54020000309174e-06	0.00385050000772935
CPD-19430	60289	MassBank	NA001894	Epigalanthamin	name_formula_mass	4	TRUE	TRUE	4.35455999650003e-05	0.108863999912501
CPD-11590	60294	MassBank	NA002031	Aloin A	inchikey	1	TRUE	TRUE	1.76949000092463e-05	0.0423195013710823
CPD-12111	60295	MassBank	NA000183	4-Hydroxycoumarin	inchikey	1	TRUE	TRUE	5.94109999951797e-06	0.0148527499987949
CPD-10411	60305	MassBank	NA001390	(-)-Epigallocatechin	inchikey	1	TRUE	TRUE	4.71959000378774e-05	0.117989750094694
CPD-19438	60308	MassBank	NA002505	Lycorine	inchikey	1	TRUE	TRUE	4.19606999457756e-05	0.104901749864439
SCOPOLAMINE	60310	MassBank	NA003651	Scopolamine	inchikey	1	TRUE	TRUE	4.18323000417331e-05	0.104580750104333
CPD-11590	60311	MassBank	NA000777	Aloin A	inchikey	1	TRUE	TRUE	1.76949000092463e-05	0.0423195013710823
CPD-8917	60313	MassBank	NA001520	Lupanine	inchikey_connectivity_formula_mass	2	FALSE	TRUE	3.65970999780529e-05	0.0914927499451323
CPD-8917	60321	MassBank	NA001903	Lupanine	inchikey_connectivity_formula_mass	2	FALSE	TRUE	3.65970999780529e-05	0.0914927499451323
CPD-14427	60322	MassBank	NA001851	Daphnetin	inchikey	1	TRUE	TRUE	8.68099999706828e-06	0.0217024999926707
CPD-19430	60324	MassBank	NA001384	Epigalanthamin	name_formula_mass	4	TRUE	TRUE	4.35455999650003e-05	0.108863999912501
CPD-9425	60325	MassBank	NA001640	Coniine	name_formula_mass	4	FALSE	TRUE	4.49099999855207e-07	0.00112274999963802
L-HYOSCYAMINE	60331	MassBank	NA003110	Hyoscyamine	inchikey_connectivity_formula_mass	2	FALSE	TRUE	6.39019998516233e-06	0.0159754999629058
CPD-13080	60332	MassBank	NA002791	Solasodin	name_formula_mass	4	FALSE	TRUE	2.03703000352107e-05	0.0492834553727111
CPD-7561	60333	MassBank	NA001448	Artemisinin	inchikey	1	TRUE	TRUE	2.38166999793066e-05	0.0595417499482664
CPD-11590	60340	MassBank	NA001677	Aloin A	inchikey	1	TRUE	TRUE	1.76949000092463e-05	0.0423195013710823
CPD-12111	60341	MassBank	NA000191	4-Hydroxycoumarin	inchikey	1	TRUE	TRUE	5.94109999951797e-06	0.0148527499987949
CPD-11590	60343	MassBank	NA001288	Aloin A	inchikey	1	TRUE	TRUE	1.76949000092463e-05	0.0423195013710823
CPD-9940	60344	MassBank	NA000104	Harmine	inchikey	1	TRUE	TRUE	3.69823000028191e-05	0.0924557500070478
CPD-7561	60346	MassBank	NA001194	Artemisinin	inchikey	1	TRUE	TRUE	2.38166999793066e-05	0.0595417499482664
PHYTOALEXIN-CMPD	60347	MassBank	NA001614	Psoralen	inchikey	1	TRUE	TRUE	5.94109999951797e-06	0.0148527499987949
NICOTINE	60351	MassBank	NA002314	Nicotine	inchikey_connectivity_formula_mass	2	FALSE	TRUE	1.54020000309174e-06	0.00385050000772935
DAIDZEIN	60352	MassBank	NA003637	Daidzein	inchikey	1	TRUE	TRUE	8.80940001479757e-06	0.0220235000369939
ATROPINE	60354	MassBank	NA002421	Atropine	inchikey_connectivity_formula_mass	2	FALSE	TRUE	6.39019998516233e-06	0.0159754999629058
7-O-BETA-D-APIOFURANOSYL-12-BETA-D-GLU	60356	MassBank	NA002611	Apiin	name_formula_mass	4	FALSE	TRUE	5.60819989914307e-06	0.00994100987239676
CPD-11590	60357	MassBank	NA001106	Aloin A	inchikey	1	TRUE	TRUE	1.76949000092463e-05	0.0423195013710823
CPD-8915	60361	MassBank	NA002039	3-(Dimethylaminomethyl)indole	inchikey_connectivity_formula_mass	2	FALSE	TRUE	1.54020000309174e-06	0.00385050000772935
CPD-9940	60366	MassBank	NA000113	Harmine	inchikey	1	TRUE	TRUE	3.69823000028191e-05	0.0924557500070478
FORMONONETIN	60368	MassBank	NA003555	Formononetin	inchikey	1	TRUE	TRUE	4.11263999922085e-05	0.102815999980521
CPD1F-90	60374	MassBank	NA002628	Kaempferol	inchikey_connectivity_formula_mass	2	FALSE	TRUE	3.80536000079701e-05	0.0951340000199252
NICOTINE	60375	MassBank	NA003451	Nicotine	inchikey_connectivity_formula_mass	2	FALSE	TRUE	1.54020000309174e-06	0.00385050000772935
5-METHOXYFURANOCOUMARIN	60376	MassBank	NA002064	Bergapten	inchikey	1	TRUE	TRUE	4.12548000099378e-05	0.103137000024844
CPD-8912	60377	MassBank	NA001856	Matairesinol	inchikey	1	TRUE	TRUE	3.84388000043145e-05	0.0960970000107864
CONIFERYL-ALDEHYDE	60378	MassBank	NA002081	Coniferaldehyde	inchikey	1	TRUE	TRUE	5.81270001021039e-06	0.014531750025526
CPD-14427	60383	MassBank	NA001092	Daphnetin	inchikey	1	TRUE	TRUE	8.68099999706828e-06	0.0217024999926707
CPD-11590	60389	MassBank	NA001038	Aloin A	inchikey	1	TRUE	TRUE	1.76949000092463e-05	0.0423195013710823
CPD-19438	60391	MassBank	NA003271	Lycorine	inchikey	1	TRUE	TRUE	4.19606999457756e-05	0.104901749864439
CPD-19438	60392	MassBank	NA002501	Lycorine	inchikey	1	TRUE	TRUE	4.19606999457756e-05	0.104901749864439
CPD-9410	60400	MassBank	NA002718	(+)-Costunolide	inchikey	1	TRUE	TRUE	2.98861999965538e-05	0.0747154999913846
CPD-4210	60402	MassBank	NA001376	Zeatin	inchikey	1	TRUE	TRUE	1.00654000050326e-05	0.0251635000125816
CPD-19430	60404	MassBank	NA001256	Epigalanthamin	name_formula_mass	4	TRUE	TRUE	4.35455999650003e-05	0.108863999912501
Coumarins	60406	MassBank	NA003723	Coumarin	inchikey	1	TRUE	TRUE	2.05631999961042e-05	0.0514079999902606
COUMARIN	60406	MassBank	NA003723	Coumarin	inchikey	1	TRUE	TRUE	2.05631999961042e-05	0.0514079999902606
5-METHOXYFURANOCOUMARIN	60409	MassBank	NA001198	Bergapten	inchikey	1	TRUE	TRUE	4.12548000099378e-05	0.103137000024844
CPD-11590	60412	MassBank	NA001163	Aloin A	inchikey	1	TRUE	TRUE	1.76949000092463e-05	0.0423195013710823
CPD-8917	60420	MassBank	NA001774	Lupanine	inchikey_connectivity_formula_mass	2	FALSE	TRUE	3.65970999780529e-05	0.0914927499451323
CONIFERYL-ALDEHYDE	60423	MassBank	NA001341	Coniferaldehyde	inchikey	1	TRUE	TRUE	5.81270001021039e-06	0.014531750025526
CPD-10411	60425	MassBank	NA001772	(-)-Epigallocatechin	inchikey	1	TRUE	TRUE	4.71959000378774e-05	0.117989750094694
CPD-8915	60432	MassBank	NA001806	3-(Dimethylaminomethyl)indole	inchikey_connectivity_formula_mass	2	FALSE	TRUE	1.54020000309174e-06	0.00385050000772935
CPD-8917	60433	MassBank	NA000889	Lupanine	inchikey_connectivity_formula_mass	2	FALSE	TRUE	3.65970999780529e-05	0.0914927499451323
NICOTINE	60434	MassBank	NA003452	Nicotine	inchikey_connectivity_formula_mass	2	FALSE	TRUE	1.54020000309174e-06	0.00385050000772935
CPD-8917	60439	MassBank	NA000890	Lupanine	inchikey_connectivity_formula_mass	2	FALSE	TRUE	3.65970999780529e-05	0.0914927499451323
CPD-8915	60440	MassBank	NA001296	3-(Dimethylaminomethyl)indole	inchikey_connectivity_formula_mass	2	FALSE	TRUE	1.54020000309174e-06	0.00385050000772935
5-METHOXYFURANOCOUMARIN	60446	MassBank	NA001833	Bergapten	inchikey	1	TRUE	TRUE	4.12548000099378e-05	0.103137000024844
PHYTOALEXIN-CMPD	60447	MassBank	NA001616	Psoralen	inchikey	1	TRUE	TRUE	5.94109999951797e-06	0.0148527499987949
CPD-8917	60449	MassBank	NA000337	Lupanine	inchikey_connectivity_formula_mass	2	FALSE	TRUE	3.65970999780529e-05	0.0914927499451323
CPD-17697	60452	MassBank	NA002133	Tomatidine	inchikey	1	TRUE	TRUE	2.96938999895247e-05	0.0714921279096764
CPD-7561	60454	MassBank	NA001068	Artemisinin	inchikey	1	TRUE	TRUE	2.38166999793066e-05	0.0595417499482664
CPD-17697	60455	MassBank	NA001489	Tomatidine	inchikey	1	TRUE	TRUE	2.96938999895247e-05	0.0714921279096764
PHYTOALEXIN-CMPD	60456	MassBank	NA001230	Psoralen	inchikey	1	TRUE	TRUE	5.94109999951797e-06	0.0148527499987949
CPD-8915	60465	MassBank	NA001298	3-(Dimethylaminomethyl)indole	inchikey_connectivity_formula_mass	2	FALSE	TRUE	1.54020000309174e-06	0.00385050000772935
ATROPINE	60466	MassBank	NA003195	Atropine	inchikey_connectivity_formula_mass	2	FALSE	TRUE	6.39019998516233e-06	0.0159754999629058
CPD-14427	60467	MassBank	NA002083	Daphnetin	inchikey	1	TRUE	TRUE	8.68099999706828e-06	0.0217024999926707
CPD0-1376	60468	MassBank	NA003370	Dicyclohexylamine	inchikey_connectivity_formula_mass	2	FALSE	TRUE	4.97434999999768e-05	0.124358749999942
CPD-9785	60470	MassBank	NA002292	Colchicine	inchikey	1	TRUE	TRUE	1.24597000308313e-05	0.0311492500770782
L-HYOSCYAMINE	60471	MassBank	NA002334	Hyoscyamine	inchikey_connectivity_formula_mass	2	FALSE	TRUE	6.39019998516233e-06	0.0159754999629058
CPD-8917	60473	MassBank	NA001904	Lupanine	inchikey_connectivity_formula_mass	2	FALSE	TRUE	3.65970999780529e-05	0.0914927499451323
5-METHOXYFURANOCOUMARIN	60475	MassBank	NA000817	Bergapten	inchikey	1	TRUE	TRUE	4.12548000099378e-05	0.103137000024844
PHYTOALEXIN-CMPD	60478	MassBank	NA000974	Psoralen	inchikey	1	TRUE	TRUE	5.94109999951797e-06	0.0148527499987949
CPD-12111	60485	MassBank	NA000186	4-Hydroxycoumarin	inchikey	1	TRUE	TRUE	5.94109999951797e-06	0.0148527499987949
CPD1F-90	60488	MassBank	NA003382	Kaempferol	inchikey_connectivity_formula_mass	2	FALSE	TRUE	3.80536000079701e-05	0.0951340000199252
CPD-15742	60490	MassBank	NA003409	Papaverine	inchikey	1	TRUE	TRUE	4.18323000417331e-05	0.104580750104333
CPD-9425	60494	MassBank	NA001506	Coniine	name_formula_mass	4	FALSE	TRUE	4.49099999855207e-07	0.00112274999963802
PHYTOALEXIN-CMPD	60502	MassBank	NA001358	Psoralen	inchikey	1	TRUE	TRUE	5.94109999951797e-06	0.0148527499987949
CPD-17697	60507	MassBank	NA001493	Tomatidine	inchikey	1	TRUE	TRUE	2.96938999895247e-05	0.0714921279096764
CPD-19430	60508	MassBank	NA001134	Epigalanthamin	name_formula_mass	4	TRUE	TRUE	4.35455999650003e-05	0.108863999912501
CPD-8186	60509	MassBank	NA003625	Umbelliferone	inchikey	1	TRUE	TRUE	5.94109999951797e-06	0.0148527499987949
CPD-13080	60513	MassBank	NA003172	Solasodin	name_formula_mass	4	FALSE	TRUE	2.03703000352107e-05	0.0492834553727111
CPD-4210	60517	MassBank	NA001122	Zeatin	inchikey	1	TRUE	TRUE	1.00654000050326e-05	0.0251635000125816
PHYTOALEXIN-CMPD	60518	MassBank	NA001981	Psoralen	inchikey	1	TRUE	TRUE	5.94109999951797e-06	0.0148527499987949
DAIDZEIN	60519	MassBank	NA002499	Daidzein	inchikey	1	TRUE	TRUE	8.80940001479757e-06	0.0220235000369939
DAIDZEIN	60527	MassBank	NA003636	Daidzein	inchikey	1	TRUE	TRUE	8.80940001479757e-06	0.0220235000369939
ATROPINE	60531	MassBank	NA003561	Atropine	inchikey_connectivity_formula_mass	2	FALSE	TRUE	6.39019998516233e-06	0.0159754999629058
5-METHOXYFURANOCOUMARIN	60534	MassBank	NA000818	Bergapten	inchikey	1	TRUE	TRUE	4.12548000099378e-05	0.103137000024844
CPD-9785	60537	MassBank	NA003438	Colchicine	inchikey	1	TRUE	TRUE	1.24597000308313e-05	0.0311492500770782
NICOTINE	60541	MassBank	NA002316	Nicotine	inchikey_connectivity_formula_mass	2	FALSE	TRUE	1.54020000309174e-06	0.00385050000772935
CPD-19430	60544	MassBank	NA000880	Epigalanthamin	name_formula_mass	4	TRUE	TRUE	4.35455999650003e-05	0.108863999912501
CONIFERYL-ALDEHYDE	60550	MassBank	NA001965	Coniferaldehyde	inchikey	1	TRUE	TRUE	5.81270001021039e-06	0.014531750025526
CPD-19438	60551	MassBank	NA002896	Lycorine	inchikey	1	TRUE	TRUE	4.19606999457756e-05	0.104901749864439
CPD-19438	60554	MassBank	NA002898	Lycorine	inchikey	1	TRUE	TRUE	4.19606999457756e-05	0.104901749864439
CPD-11590	60555	MassBank	NA001678	Aloin A	inchikey	1	TRUE	TRUE	1.76949000092463e-05	0.0423195013710823
CPD-12111	60556	MassBank	NA000198	4-Hydroxycoumarin	inchikey	1	TRUE	TRUE	5.94109999951797e-06	0.0148527499987949
CPD-17697	60557	MassBank	NA001490	Tomatidine	inchikey	1	TRUE	TRUE	2.96938999895247e-05	0.0714921279096764
5-METHOXYFURANOCOUMARIN	60560	MassBank	NA001327	Bergapten	inchikey	1	TRUE	TRUE	4.12548000099378e-05	0.103137000024844
N-EE-PIPEROYL-PIPERIDINE	60566	MassBank	NA000168	Piperine	inchikey	1	TRUE	TRUE	6.51860000289162e-06	0.016296500007229
CPD-4210	60568	MassBank	NA001374	Zeatin	inchikey	1	TRUE	TRUE	1.00654000050326e-05	0.0251635000125816
FORMONONETIN	60569	MassBank	NA002414	Formononetin	inchikey	1	TRUE	TRUE	4.11263999922085e-05	0.102815999980521
CPD-15742	60571	MassBank	NA003411	Papaverine	inchikey	1	TRUE	TRUE	4.18323000417331e-05	0.104580750104333
CPD-11590	60572	MassBank	NA001797	Aloin A	inchikey	1	TRUE	TRUE	1.76949000092463e-05	0.0423195013710823
CPD-12111	60574	MassBank	NA000182	4-Hydroxycoumarin	inchikey	1	TRUE	TRUE	5.94109999951797e-06	0.0148527499987949
CPD-10411	60575	MassBank	NA001389	(-)-Epigallocatechin	inchikey	1	TRUE	TRUE	4.71959000378774e-05	0.117989750094694
CPD-8912	60576	MassBank	NA001859	Matairesinol	inchikey	1	TRUE	TRUE	3.84388000043145e-05	0.0960970000107864
CONIFERYL-ALDEHYDE	60577	MassBank	NA001086	Coniferaldehyde	inchikey	1	TRUE	TRUE	5.81270001021039e-06	0.014531750025526
CPD-8915	60578	MassBank	NA000228	3-(Dimethylaminomethyl)indole	inchikey_connectivity_formula_mass	2	FALSE	TRUE	1.54020000309174e-06	0.00385050000772935
CPD-8917	60579	MassBank	NA000396	Lupanine	inchikey_connectivity_formula_mass	2	FALSE	TRUE	3.65970999780529e-05	0.0914927499451323
5-METHOXYFURANOCOUMARIN	60582	MassBank	NA001453	Bergapten	inchikey	1	TRUE	TRUE	4.12548000099378e-05	0.103137000024844
CPD-8917	60585	MassBank	NA000214	Lupanine	inchikey_connectivity_formula_mass	2	FALSE	TRUE	3.65970999780529e-05	0.0914927499451323
CPD-3141	60588	MassBank	NA000030	Genistein	inchikey_connectivity_formula_mass	2	FALSE	TRUE	2.34314999829621e-05	0.0585787499574053
CPD-8915	60590	MassBank	NA001686	3-(Dimethylaminomethyl)indole	inchikey_connectivity_formula_mass	2	FALSE	TRUE	1.54020000309174e-06	0.00385050000772935
ADENINE	60593	MassBank	NA003376	Adenine	inchikey	1	TRUE	TRUE	4.81349999859049e-06	0.0120337499964762
L-HYOSCYAMINE	60594	MassBank	NA002730	Hyoscyamine	inchikey_connectivity_formula_mass	2	FALSE	TRUE	6.39019998516233e-06	0.0159754999629058
CPD-17697	60595	MassBank	NA001112	Tomatidine	inchikey	1	TRUE	TRUE	2.96938999895247e-05	0.0714921279096764
CPD-7561	60597	MassBank	NA001942	Artemisinin	inchikey	1	TRUE	TRUE	2.38166999793066e-05	0.0595417499482664
CPD-11590	60598	MassBank	NA001286	Aloin A	inchikey	1	TRUE	TRUE	1.76949000092463e-05	0.0423195013710823
ADENINE	60599	MassBank	NA003010	Adenine	inchikey	1	TRUE	TRUE	4.81349999859049e-06	0.0120337499964762
CPD0-1376	60602	MassBank	NA003371	Dicyclohexylamine	inchikey_connectivity_formula_mass	2	FALSE	TRUE	4.97434999999768e-05	0.124358749999942
CPD-8186	60603	MassBank	NA002488	Umbelliferone	inchikey	1	TRUE	TRUE	5.94109999951797e-06	0.0148527499987949
CPD-10411	60605	MassBank	NA002128	(-)-Epigallocatechin	inchikey	1	TRUE	TRUE	4.71959000378774e-05	0.117989750094694
Coumarins	60608	MassBank	NA003720	Coumarin	inchikey	1	TRUE	TRUE	2.05631999961042e-05	0.0514079999902606
COUMARIN	60608	MassBank	NA003720	Coumarin	inchikey	1	TRUE	TRUE	2.05631999961042e-05	0.0514079999902606
CPD-10411	60611	MassBank	NA001015	(-)-Epigallocatechin	inchikey	1	TRUE	TRUE	4.71959000378774e-05	0.117989750094694
CORTISONE	60613	MassBank	NA000025	Cortisone	inchikey	1	TRUE	TRUE	2.59906999531268e-05	0.0649767498828169
5-METHOXYFURANOCOUMARIN	60614	MassBank	NA001709	Bergapten	inchikey	1	TRUE	TRUE	4.12548000099378e-05	0.103137000024844
CPD-8912	60618	MassBank	NA001478	Matairesinol	inchikey	1	TRUE	TRUE	3.84388000043145e-05	0.0960970000107864
CPD-11590	60626	MassBank	NA001676	Aloin A	inchikey	1	TRUE	TRUE	1.76949000092463e-05	0.0423195013710823
PHYTOALEXIN-CMPD	60631	MassBank	NA002096	Psoralen	inchikey	1	TRUE	TRUE	5.94109999951797e-06	0.0148527499987949
DAIDZEIN	60634	MassBank	NA002892	Daidzein	inchikey	1	TRUE	TRUE	8.80940001479757e-06	0.0220235000369939
NICOTINE	60636	MassBank	NA003088	Nicotine	inchikey_connectivity_formula_mass	2	FALSE	TRUE	1.54020000309174e-06	0.00385050000772935
Coumarins	60637	MassBank	NA003353	Coumarin	inchikey	1	TRUE	TRUE	2.05631999961042e-05	0.0514079999902606
COUMARIN	60637	MassBank	NA003353	Coumarin	inchikey	1	TRUE	TRUE	2.05631999961042e-05	0.0514079999902606
CPD-8917	60639	MassBank	NA000308	Lupanine	inchikey_connectivity_formula_mass	2	FALSE	TRUE	3.65970999780529e-05	0.0914927499451323
L-HYOSCYAMINE	60647	MassBank	NA003111	Hyoscyamine	inchikey_connectivity_formula_mass	2	FALSE	TRUE	6.39019998516233e-06	0.0159754999629058
CPD-8917	60655	MassBank	NA000394	Lupanine	inchikey_connectivity_formula_mass	2	FALSE	TRUE	3.65970999780529e-05	0.0914927499451323
CPD-9425	60658	MassBank	NA002006	Coniine	name_formula_mass	4	FALSE	TRUE	4.49099999855207e-07	0.00112274999963802
Coumarins	60659	MassBank	NA002974	Coumarin	inchikey	1	TRUE	TRUE	2.05631999961042e-05	0.0514079999902606
COUMARIN	60659	MassBank	NA002974	Coumarin	inchikey	1	TRUE	TRUE	2.05631999961042e-05	0.0514079999902606
CPD-19430	60660	MassBank	NA000879	Epigalanthamin	name_formula_mass	4	TRUE	TRUE	4.35455999650003e-05	0.108863999912501
CPD-8917	60663	MassBank	NA000248	Lupanine	inchikey_connectivity_formula_mass	2	FALSE	TRUE	3.65970999780529e-05	0.0914927499451323
CPD-8915	60664	MassBank	NA001805	3-(Dimethylaminomethyl)indole	inchikey_connectivity_formula_mass	2	FALSE	TRUE	1.54020000309174e-06	0.00385050000772935
CPD1F-90	60665	MassBank	NA003012	Kaempferol	inchikey_connectivity_formula_mass	2	FALSE	TRUE	3.80536000079701e-05	0.0951340000199252
CPD-8912	60666	MassBank	NA001477	Matairesinol	inchikey	1	TRUE	TRUE	3.84388000043145e-05	0.0960970000107864
PHYTOALEXIN-CMPD	60668	MassBank	NA001356	Psoralen	inchikey	1	TRUE	TRUE	5.94109999951797e-06	0.0148527499987949
CPD-19430	60669	MassBank	NA001509	Epigalanthamin	name_formula_mass	4	TRUE	TRUE	4.35455999650003e-05	0.108863999912501
SCOPOLAMINE	60670	MassBank	NA002908	Scopolamine	inchikey	1	TRUE	TRUE	4.18323000417331e-05	0.104580750104333
CPD-14427	60671	MassBank	NA000964	Daphnetin	inchikey	1	TRUE	TRUE	8.68099999706828e-06	0.0217024999926707
CPD1F-90	60676	MassBank	NA002629	Kaempferol	inchikey_connectivity_formula_mass	2	FALSE	TRUE	3.80536000079701e-05	0.0951340000199252
DAIDZEIN	60678	MassBank	NA002889	Daidzein	inchikey	1	TRUE	TRUE	8.80940001479757e-06	0.0220235000369939
ATROPINE	60685	MassBank	NA003562	Atropine	inchikey_connectivity_formula_mass	2	FALSE	TRUE	6.39019998516233e-06	0.0159754999629058
CPD-8912	60686	MassBank	NA001350	Matairesinol	inchikey	1	TRUE	TRUE	3.84388000043145e-05	0.0960970000107864
CPD-8917	60688	MassBank	NA001905	Lupanine	inchikey_connectivity_formula_mass	2	FALSE	TRUE	3.65970999780529e-05	0.0914927499451323
CPD0-1376	60692	MassBank	NA003373	Dicyclohexylamine	inchikey_connectivity_formula_mass	2	FALSE	TRUE	4.97434999999768e-05	0.124358749999942
PROTOPINE	60693	MassBank	NA002769	Protopine	inchikey	1	TRUE	TRUE	2.27255999902809e-05	0.0568139999757022
NICOTINE	60701	MassBank	NA002705	Nicotine	inchikey_connectivity_formula_mass	2	FALSE	TRUE	1.54020000309174e-06	0.00385050000772935
CPD-8917	60703	MassBank	NA002018	Lupanine	inchikey_connectivity_formula_mass	2	FALSE	TRUE	3.65970999780529e-05	0.0914927499451323
CPD0-1376	60709	MassBank	NA003742	Dicyclohexylamine	inchikey_connectivity_formula_mass	2	FALSE	TRUE	4.97434999999768e-05	0.124358749999942
CPD-9425	60711	MassBank	NA000874	Coniine	name_formula_mass	4	FALSE	TRUE	4.49099999855207e-07	0.00112274999963802
CPD-8915	60712	MassBank	NA000254	3-(Dimethylaminomethyl)indole	inchikey_connectivity_formula_mass	2	FALSE	TRUE	1.54020000309174e-06	0.00385050000772935
CPD-3141	60721	MassBank	NA000029	Genistein	inchikey_connectivity_formula_mass	2	FALSE	TRUE	2.34314999829621e-05	0.0585787499574053
CPD-8912	60724	MassBank	NA000841	Matairesinol	inchikey	1	TRUE	TRUE	3.84388000043145e-05	0.0960970000107864
CPD-14427	60727	MassBank	NA001606	Daphnetin	inchikey	1	TRUE	TRUE	8.68099999706828e-06	0.0217024999926707
CPD-19438	60733	MassBank	NA003642	Lycorine	inchikey	1	TRUE	TRUE	4.19606999457756e-05	0.104901749864439
CPD-8915	60734	MassBank	NA001808	3-(Dimethylaminomethyl)indole	inchikey_connectivity_formula_mass	2	FALSE	TRUE	1.54020000309174e-06	0.00385050000772935
7-O-BETA-D-APIOFURANOSYL-12-BETA-D-GLU	60739	MassBank	NA002614	Apiin	name_formula_mass	4	FALSE	TRUE	5.60819989914307e-06	0.00994100987239676
CPD-3141	60741	MassBank	NA000026	Genistein	inchikey_connectivity_formula_mass	2	FALSE	TRUE	2.34314999829621e-05	0.0585787499574053
CORTISONE	60742	MassBank	NA000008	Cortisone	inchikey	1	TRUE	TRUE	2.59906999531268e-05	0.0649767498828169
CPD-14427	60743	MassBank	NA001470	Daphnetin	inchikey	1	TRUE	TRUE	8.68099999706828e-06	0.0217024999926707
SCOPOLAMINE	60748	MassBank	NA003650	Scopolamine	inchikey	1	TRUE	TRUE	4.18323000417331e-05	0.104580750104333
CPD-12111	60750	MassBank	NA002981	4-Hydroxycoumarin	name_formula_mass	4	TRUE	TRUE	5.94109999951797e-06	0.0148527499987949
CPD-9940	60752	MassBank	NA000100	Harmine	inchikey	1	TRUE	TRUE	3.69823000028191e-05	0.0924557500070478
CPD-10411	60759	MassBank	NA001391	(-)-Epigallocatechin	inchikey	1	TRUE	TRUE	4.71959000378774e-05	0.117989750094694
CONIFERYL-ALDEHYDE	60762	MassBank	NA002082	Coniferaldehyde	inchikey	1	TRUE	TRUE	5.81270001021039e-06	0.014531750025526
CPD-8917	60765	MassBank	NA000218	Lupanine	inchikey_connectivity_formula_mass	2	FALSE	TRUE	3.65970999780529e-05	0.0914927499451323
PHYTOALEXIN-CMPD	60767	MassBank	NA002095	Psoralen	inchikey	1	TRUE	TRUE	5.94109999951797e-06	0.0148527499987949
CPD-8915	60770	MassBank	NA000789	3-(Dimethylaminomethyl)indole	inchikey_connectivity_formula_mass	2	FALSE	TRUE	1.54020000309174e-06	0.00385050000772935
CPD-9440	60772	MassBank	NA003223	8-Prenylnaringenin	inchikey	1	TRUE	TRUE	2.62474999885853e-05	0.0656187499714633
N-EE-PIPEROYL-PIPERIDINE	60775	MassBank	NA000156	Piperine	inchikey	1	TRUE	TRUE	6.51860000289162e-06	0.016296500007229
CPD-8912	60776	MassBank	NA001729	Matairesinol	inchikey	1	TRUE	TRUE	3.84388000043145e-05	0.0960970000107864
CONIFERYL-ALDEHYDE	60779	MassBank	NA000834	Coniferaldehyde	inchikey	1	TRUE	TRUE	5.81270001021039e-06	0.014531750025526
CPD-7561	60780	MassBank	NA001704	Artemisinin	inchikey	1	TRUE	TRUE	2.38166999793066e-05	0.0595417499482664
CPD-12111	60781	MassBank	NA002591	4-Hydroxycoumarin	name_formula_mass	4	TRUE	TRUE	5.94109999951797e-06	0.0148527499987949
CPD-17697	60782	MassBank	NA001993	Tomatidine	inchikey	1	TRUE	TRUE	2.96938999895247e-05	0.0714921279096764
CPD-19438	60783	MassBank	NA002502	Lycorine	inchikey	1	TRUE	TRUE	4.19606999457756e-05	0.104901749864439
CPD-8917	60784	MassBank	NA001020	Lupanine	inchikey_connectivity_formula_mass	2	FALSE	TRUE	3.65970999780529e-05	0.0914927499451323
CPD-9425	60787	MassBank	NA001504	Coniine	name_formula_mass	4	FALSE	TRUE	4.49099999855207e-07	0.00112274999963802
CPD-10411	60789	MassBank	NA001140	(-)-Epigallocatechin	inchikey	1	TRUE	TRUE	4.71959000378774e-05	0.117989750094694
CPD-9440	60795	MassBank	NA002842	8-Prenylnaringenin	inchikey	1	TRUE	TRUE	2.62474999885853e-05	0.0656187499714633
CPD-9440	60796	MassBank	NA003221	8-Prenylnaringenin	inchikey	1	TRUE	TRUE	2.62474999885853e-05	0.0656187499714633
N-EE-PIPEROYL-PIPERIDINE	60803	MassBank	NA000151	Piperine	inchikey	1	TRUE	TRUE	6.51860000289162e-06	0.016296500007229
CPD-15742	60805	MassBank	NA002662	Papaverine	inchikey	1	TRUE	TRUE	4.18323000417331e-05	0.104580750104333
L-HYOSCYAMINE	60807	MassBank	NA003474	Hyoscyamine	inchikey_connectivity_formula_mass	2	FALSE	TRUE	6.39019998516233e-06	0.0159754999629058
CPD-19430	60810	MassBank	NA001892	Epigalanthamin	name_formula_mass	4	TRUE	TRUE	4.35455999650003e-05	0.108863999912501
PHYTOALEXIN-CMPD	60812	MassBank	NA000973	Psoralen	inchikey	1	TRUE	TRUE	5.94109999951797e-06	0.0148527499987949
CPD-17697	60814	MassBank	NA001747	Tomatidine	inchikey	1	TRUE	TRUE	2.96938999895247e-05	0.0714921279096764
CPD-8917	60815	MassBank	NA001656	Lupanine	inchikey_connectivity_formula_mass	2	FALSE	TRUE	3.65970999780529e-05	0.0914927499451323
CORTISONE	60821	MassBank	NA000010	Cortisone	inchikey	1	TRUE	TRUE	2.59906999531268e-05	0.0649767498828169
CPD-8915	60822	MassBank	NA000316	3-(Dimethylaminomethyl)indole	inchikey_connectivity_formula_mass	2	FALSE	TRUE	1.54020000309174e-06	0.00385050000772935
L-HYOSCYAMINE	60824	MassBank	NA002731	Hyoscyamine	inchikey_connectivity_formula_mass	2	FALSE	TRUE	6.39019998516233e-06	0.0159754999629058
CPD-17697	60825	MassBank	NA001492	Tomatidine	inchikey	1	TRUE	TRUE	2.96938999895247e-05	0.0714921279096764
CPD-4210	60828	MassBank	NA002000	Zeatin	inchikey	1	TRUE	TRUE	1.00654000050326e-05	0.0251635000125816
CPD-8186	60829	MassBank	NA002882	Umbelliferone	inchikey	1	TRUE	TRUE	5.94109999951797e-06	0.0148527499987949
CPD-7561	60830	MassBank	NA001195	Artemisinin	inchikey	1	TRUE	TRUE	2.38166999793066e-05	0.0595417499482664
CPD-12111	60835	MassBank	NA000173	4-Hydroxycoumarin	inchikey	1	TRUE	TRUE	5.94109999951797e-06	0.0148527499987949
CPD-13080	60838	MassBank	NA003535	Solasodin	name_formula_mass	4	FALSE	TRUE	2.03703000352107e-05	0.0492834553727111
CPD-8912	60847	MassBank	NA001225	Matairesinol	inchikey	1	TRUE	TRUE	3.84388000043145e-05	0.0960970000107864
CPD-17697	60852	MassBank	NA000859	Tomatidine	inchikey	1	TRUE	TRUE	2.96938999895247e-05	0.0714921279096764
CPD-15742	60858	MassBank	NA003410	Papaverine	inchikey	1	TRUE	TRUE	4.18323000417331e-05	0.104580750104333
CPD-8915	60866	MassBank	NA001804	3-(Dimethylaminomethyl)indole	inchikey_connectivity_formula_mass	2	FALSE	TRUE	1.54020000309174e-06	0.00385050000772935
CPD-12111	60867	MassBank	NA000180	4-Hydroxycoumarin	inchikey	1	TRUE	TRUE	5.94109999951797e-06	0.0148527499987949
CPD-9425	60870	MassBank	NA001507	Coniine	name_formula_mass	4	FALSE	TRUE	4.49099999855207e-07	0.00112274999963802
CPD-8915	60874	MassBank	NA000402	3-(Dimethylaminomethyl)indole	inchikey_connectivity_formula_mass	2	FALSE	TRUE	1.54020000309174e-06	0.00385050000772935
CPD-14427	60876	MassBank	NA001725	Daphnetin	inchikey	1	TRUE	TRUE	8.68099999706828e-06	0.0217024999926707
CPD-19430	60877	MassBank	NA001387	Epigalanthamin	name_formula_mass	4	TRUE	TRUE	4.35455999650003e-05	0.108863999912501
CPD0-1376	60881	MassBank	NA003745	Dicyclohexylamine	inchikey_connectivity_formula_mass	2	FALSE	TRUE	4.97434999999768e-05	0.124358749999942
DEOXYCHOLATE	61091	MassBank	NU000155	Deoxycholic acid	inchikey_connectivity_formula_mass	2	FALSE	TRUE	2.27600025937136e-07	0.00056900006484284
DEOXYCHOLATE	61142	MassBank	NU000154	Deoxycholic acid	inchikey_connectivity_formula_mass	2	FALSE	TRUE	2.27600025937136e-07	0.00056900006484284
DEOXYCHOLATE	61248	MassBank	NU000151	Deoxycholic acid	inchikey_connectivity_formula_mass	2	FALSE	TRUE	2.27600025937136e-07	0.00056900006484284
DEOXYCHOLATE	61291	MassBank	NU000153	Deoxycholic acid	inchikey_connectivity_formula_mass	2	FALSE	TRUE	2.27600025937136e-07	0.00056900006484284
DEOXYCHOLATE	61523	MassBank	NU000152	Deoxycholic acid	inchikey_connectivity_formula_mass	2	FALSE	TRUE	2.27600025937136e-07	0.00056900006484284
CPD-633	61588	MassBank	MCH00002	Gentisic acid	inchikey_connectivity_formula_mass	2	FALSE	TRUE	1.31900000610585e-06	0.00329750001526463
CPD-633	61589	MassBank	MCH00006	Gentisic acid	inchikey_connectivity_formula_mass	2	FALSE	TRUE	1.31900000610585e-06	0.00329750001526463
SINAPATE	61591	MassBank	MCH00014	Sinapic acid	inchikey_connectivity_formula_mass	2	FALSE	TRUE	3.4957000139002e-06	0.00873925003475051
CPD-633	61595	MassBank	MCH00016	Gentisic acid	inchikey_connectivity_formula_mass	2	FALSE	TRUE	1.31900000610585e-06	0.00329750001526463
CPD-633	61598	MassBank	MCH00007	Gentisic acid	inchikey_connectivity_formula_mass	2	FALSE	TRUE	1.31900000610585e-06	0.00329750001526463
SINAPATE	61600	MassBank	MCH00015	Sinapic acid	inchikey_connectivity_formula_mass	2	FALSE	TRUE	3.4957000139002e-06	0.00873925003475051
CPD-633	61605	MassBank	MCH00017	Gentisic acid	inchikey_connectivity_formula_mass	2	FALSE	TRUE	1.31900000610585e-06	0.00329750001526463
CPD-24813	61607	MassBank	OUF00166	Fructose 6-phosphate	inchikey_connectivity_formula_mass	2	FALSE	TRUE	1.47380001180863e-06	0.00368450002952159
CPD-15709	61607	MassBank	OUF00166	Fructose 6-phosphate	inchikey_connectivity_formula_mass	2	FALSE	TRUE	1.47380001180863e-06	0.00368450002952159
GLUCONATE	61608	MassBank	OUF00240	Gluconic acid	inchikey_connectivity_formula_mass	2	FALSE	TRUE	2.73989999755031e-06	0.00684974999387578
2-OXOBUTANOATE	61609	MassBank	OUF00040	2-Ketobutyric acid	inchikey_connectivity_formula_mass	2	FALSE	TRUE	4.05890000365616e-06	0.0101472500091404
L-HOMOCYSTEATE	61612	MassBank	OUF00189	DL-Homocysteic acid	inchikey_connectivity_formula_mass	2	FALSE	TRUE	3.09460003222739e-06	0.00773650008056848
THR	61613	MassBank	OUF01005	L-Threonine	inchikey	1	TRUE	TRUE	3.16039999859186e-06	0.00790099999647964
DEHYDROQUINATE	61614	MassBank	OUF00073	3-Dehydroquinic acid	inchikey_connectivity_formula_mass	2	FALSE	TRUE	1.94640000472646e-06	0.00486600001181614
L-CYSTEATE	61615	MassBank	OUF00301	(R)-cysteate	inchikey_connectivity_formula_mass	2	FALSE	TRUE	3.03039999494104e-06	0.00757599998735259
CPD-431	61616	MassBank	OUF00117	Apigenin	inchikey_connectivity_formula_mass	2	FALSE	TRUE	3.43149997661385e-06	0.00857874994153462
5-DEHYDROGLUCONATE	61617	MassBank	OUF00080	2-Keto-L-gluconate	name_formula_mass	4	FALSE	TRUE	2.67569998868566e-06	0.00668924997171416
SUC	61620	MassBank	OUF00465	Succinic acid	inchikey_connectivity_formula_mass	2	FALSE	TRUE	1.31900000610585e-06	0.00329750001526463
DEOXYURIDINE	61622	MassBank	OUF00031	Deoxyuridine	inchikey	1	TRUE	TRUE	1.50609997717766e-06	0.00376524994294414
SINAPALDEHYDE	61623	MassBank	OUF00460	Sinapyl aldehyde	inchikey	1	TRUE	TRUE	1.12639997951192e-06	0.00281599994877979
INOSINE	61624	MassBank	OUF00281	Inosine	inchikey	1	TRUE	TRUE	4.83499945858057e-07	0.00120874986464514
5-HYDROXY-TRYPTOPHAN	61629	MassBank	OUF00076	5-Hydroxy-L-tryptophan	inchikey	1	TRUE	TRUE	2.26189999352755e-06	0.00565474998381887
D-GLUCOSAMINE-6-P	61631	MassBank	OUF00174	D-Glucosamine-6-Phosphate	inchikey_connectivity_formula_mass	2	FALSE	TRUE	2.94139999823528e-06	0.00735349999558821
COUMARATE	61633	MassBank	OUF00416	4-Hydroxycinnamic acid	inchikey_connectivity_formula_mass	2	FALSE	TRUE	4.12310001252081e-06	0.010307750031302
GLUTARATE	61634	MassBank	OUF00249	Glutaric acid	inchikey_connectivity_formula_mass	2	FALSE	TRUE	1.25479999724121e-06	0.00313699999310302
4-hydroxybenzoate	61635	MassBank	OUF00425	4-Hydroxybenzoic acid	inchikey_connectivity_formula_mass	2	FALSE	TRUE	4.05890000365616e-06	0.0101472500091404
CPD-14325	61636	MassBank	OUF00139	Citramalic acid	name_formula_mass	4	FALSE	TRUE	3.36729999617091e-06	0.00841824999042728
SUCROSE	61637	MassBank	OUF00467	Sucrose	inchikey	1	TRUE	TRUE	1.54930000917375e-06	0.00387325002293437
CPD-7630	61638	MassBank	OUF00223	Epicatechin	inchikey	1	TRUE	TRUE	1.81800004384058e-06	0.00454500010960146
D-GLUCOSAMINE-6-P	61639	MassBank	OUF00175	D-Glucosamine-6-Phosphate	inchikey_connectivity_formula_mass	2	FALSE	TRUE	2.94139999823528e-06	0.00735349999558821
CPD-3736	61640	MassBank	OUF00298	Lanthionine	inchikey	1	TRUE	TRUE	2.4260000088816e-06	0.006065000022204
CPD-355	61642	MassBank	OUF00160	D-Arabitol	inchikey	1	TRUE	TRUE	3.4957000139002e-06	0.00873925003475051
L-glucose	61644	MassBank	OUF00246	(2R,3R,4R,5R)-2,3,4,5,6-Pentahydroxyhexanal	inchikey	1	TRUE	TRUE	1.88219999586181e-06	0.00470549998965453
2-PROPENYL-GLUCOSINOLATE	61646	MassBank	OUF00461	Sinigrin	name_formula_mass	4	FALSE	TRUE	2.52980004233905e-06	0.00632450010584762
CONIFERYL-ALDEHYDE	61648	MassBank	OUF00144	Coniferaldehyde	inchikey	1	TRUE	TRUE	4.18729996454204e-06	0.0104682499113551
L-ALPHA-ALANINE	61651	MassBank	OUF01000	L-Alanine	inchikey	1	TRUE	TRUE	1.52590000368491e-06	0.00381475000921228
PYRIDOXAMINE	61653	MassBank	OUF00435	Pyridoxamine	inchikey_connectivity_formula_mass	2	FALSE	TRUE	2.36019999988457e-06	0.00590049999971143
CPD-195	61654	MassBank	OUF00383	Caprylic acid	inchikey_connectivity_formula_mass	2	FALSE	TRUE	2.42200002276149e-07	0.000605500005690374
MALEATE	61655	MassBank	OUF00336	Maleic acid	inchikey_connectivity_formula_mass	2	FALSE	TRUE	1.38320000075964e-06	0.00345800000189911
N-ACETYL-D-GLUCOSAMINE-6-P	61656	MassBank	OUF00366	N-Acetyl-D-Glucosamine 6-Phosphate	inchikey_connectivity_formula_mass	2	FALSE	TRUE	2.37230000266209e-06	0.00593075000665522
3-HYDROXY-L-KYNURENINE	61657	MassBank	OUF00052	Hydroxykynurenine	name_formula_mass	4	TRUE	TRUE	3.11600001623447e-06	0.00779000004058616
FUM	61658	MassBank	OUF00233	Fumaric acid	inchikey_connectivity_formula_mass	2	FALSE	TRUE	1.38320000075964e-06	0.00345800000189911
XANTHOSINE	61659	MassBank	OUF00490	Xanthosine	inchikey	1	TRUE	TRUE	4.13860004755406e-06	0.0103465001188852
CATECHOL	61661	MassBank	OUF00134	Pyrocatechol	inchikey	1	TRUE	TRUE	5.63199989755958e-07	0.0014079999743899
CYSTAMINE	61662	MassBank	OUF00147	Cystamine	inchikey_connectivity_formula_mass	2	FALSE	TRUE	2.24399997250657e-07	0.000560999993126643
D-SORBITOL-6-P	61664	MassBank	OUF00216	D-Sorbitol-6-phosphate	inchikey_connectivity_formula_mass	2	FALSE	TRUE	1.40959997452228e-06	0.0035239999363057
SER	61668	MassBank	OUF01008	L-Serine	inchikey	1	TRUE	TRUE	3.09619998972721e-06	0.00774049997431803
CPD-25028	61669	MassBank	OUF00493	D-(+)-Xylose	inchikey	1	TRUE	TRUE	3.43150000503556e-06	0.0085787500125889
L-2-AMINOHEXANOATE	61670	MassBank	OUF00393	L-Norleucine	inchikey	1	TRUE	TRUE	1.33329999130183e-06	0.00333324997825457
ASN	61671	MassBank	OUF01013	L-Asparagine	inchikey	1	TRUE	TRUE	2.13349997579826e-06	0.00533374993949565
BENZOATE	61672	MassBank	OUF00127	Benzoic acid	inchikey_connectivity_formula_mass	2	FALSE	TRUE	5.63199989755958e-07	0.0014079999743899
XANTHURENATE	61673	MassBank	OUF00491	Xanthurenic acid	inchikey_connectivity_formula_mass	2	FALSE	TRUE	2.28170000582395e-06	0.00570425001455988
5-HYDROXY-TRYPTOPHAN	61674	MassBank	OUF00077	5-Hydroxy-L-tryptophan	inchikey	1	TRUE	TRUE	2.26189999352755e-06	0.00565474998381887
DL-12-Propanediol	61676	MassBank	OUF00428	Propyleneglycol	name_formula_mass	4	TRUE	TRUE	4.99000009313022e-07	0.00124750002328256
FERULIC-ACID	61677	MassBank	OUF00227	Ferulic acid	inchikey_connectivity_formula_mass	2	FALSE	TRUE	1.19059998837656e-06	0.0029764999709414
PUTRESCINE	61678	MassBank	OUF00431	Putrescine	inchikey_connectivity_formula_mass	2	FALSE	TRUE	1.60439999774553e-06	0.00401099999436383
XYLITOL	61679	MassBank	OUF00492	D-Xylitol	inchikey	1	TRUE	TRUE	3.4957000139002e-06	0.00873925003475051
MALTOSE	61680	MassBank	OUF00341	Maltose	inchikey	1	TRUE	TRUE	1.54930000917375e-06	0.00387325002293437
CPD-3642	61681	MassBank	OUF00199	D-Valine	name_formula_mass	4	TRUE	TRUE	1.39750000016647e-06	0.00349375000041618
CPD-5601	61683	MassBank	OUF00391	N-Methylethanolamine	inchikey_connectivity_formula_mass	2	FALSE	TRUE	3.9162000007309e-06	0.00979050000182724
QUINOLINATE	61688	MassBank	OUF00441	Quinolinic acid	inchikey_connectivity_formula_mass	2	FALSE	TRUE	2.3459000146886e-06	0.00586475003672149
N-ACETYLNEURAMINATE	61690	MassBank	OUF00374	N-Acetylneuraminate	inchikey_connectivity_formula_mass	2	FALSE	TRUE	1.21400006491967e-06	0.00303500016229918
P-AMINO-BENZOATE	61691	MassBank	OUF00060	p-Aminobenzoic acid	inchikey_connectivity_formula_mass	2	FALSE	TRUE	1.52590001789576e-06	0.00381475004473941
O-SUCCINYL-L-HOMOSERINE	61692	MassBank	OUF00405	O-Succinyl-L-Homoserine	inchikey_connectivity_formula_mass	2	FALSE	TRUE	2.84489999557991e-06	0.00711224998894977
CPD-14736	61694	MassBank	OUF00313	L-Kynurenine	inchikey	1	TRUE	TRUE	2.26189999352755e-06	0.00565474998381887
3-4-DIHYDROXYBENZOATE	61695	MassBank	OUF00045	Protocatechuic acid	inchikey_connectivity_formula_mass	2	FALSE	TRUE	1.31900000610585e-06	0.00329750001526463
CPD-26209	61696	MassBank	OUF00068	4-Hydroxypyridine	inchikey	1	TRUE	TRUE	3.78779999721246e-06	0.00946949999303115
XANTHINE	61699	MassBank	OUF00489	Xanthine	inchikey	1	TRUE	TRUE	4.60660001522228e-06	0.0115165000380557
TRP	61701	MassBank	OUF01018	L-Tryptophan	inchikey	1	TRUE	TRUE	2.36019999988457e-06	0.00590049999971143
N-ALPHA-ACETYLORNITHINE	61702	MassBank	OUF00398	N2-Acetylornithine	inchikey	1	TRUE	TRUE	2.3261000023922e-06	0.00581525000598049
GLT	61703	MassBank	OUF01012	L-Glutamic acid	inchikey_connectivity_formula_mass	2	FALSE	TRUE	2.2174999969593e-06	0.00554374999239826
MELIBIOSE	61704	MassBank	OUF00351	Melibiose	inchikey	1	TRUE	TRUE	1.54930000917375e-06	0.00387325002293437
5-METHYLTHIOADENOSINE	61705	MassBank	OUF00082	5'-Methylthioadenosine	inchikey	1	TRUE	TRUE	6.38000301478314e-08	0.000159500075369579
ARABINOSE-5P	61706	MassBank	OUF00158	D-Arabinose 5-phosphate	inchikey_connectivity_formula_mass	2	FALSE	TRUE	3.83990001751044e-06	0.00959975004377611
PICOLINATE	61707	MassBank	OUF00042	Picolinic acid	inchikey_connectivity_formula_mass	2	FALSE	TRUE	1.59010001254956e-06	0.00397525003137389
1-3-7-TRIMETHYLXANTHINE	61708	MassBank	OUF00133	Caffeine	inchikey	1	TRUE	TRUE	4.41399998862835e-06	0.0110349999715709
TYR	61709	MassBank	OUF00332	L-Tyrosine	inchikey	1	TRUE	TRUE	3.22459999324565e-06	0.00806149998311412
L-ARABINOSE	61710	MassBank	OUF00118	L-Arabinose	inchikey	1	TRUE	TRUE	3.43150000503556e-06	0.0085787500125889
CPD-15699	61710	MassBank	OUF00118	L-Arabinose	inchikey	1	TRUE	TRUE	3.43150000503556e-06	0.0085787500125889
MANNOSE	61711	MassBank	OUF00346	Glycoprotein-phospho-D-mannose	inchikey	1	TRUE	TRUE	1.88219999586181e-06	0.00470549998965453
CPD-15373	61711	MassBank	OUF00346	Glycoprotein-phospho-D-mannose	inchikey	1	TRUE	TRUE	1.88219999586181e-06	0.00470549998965453
CPD-1099	61712	MassBank	OUF00153	Raffinose	inchikey	1	TRUE	TRUE	4.9807999857876e-06	0.00987922629158944
ASCORBATE	61713	MassBank	OUF00120	Ascorbic acid	inchikey_connectivity_formula_mass	2	FALSE	TRUE	2.0106000135911e-06	0.00502650003397775
MELIBIOSE	61714	MassBank	OUF00352	Melibiose	inchikey	1	TRUE	TRUE	1.54930000917375e-06	0.00387325002293437
HOMOGENTISATE	61717	MassBank	OUF00267	Homogentisic acid	inchikey_connectivity_formula_mass	2	FALSE	TRUE	1.25479999724121e-06	0.00313699999310302
D-GLUCOSAMINE-6-P	61719	MassBank	OUF00173	D-Glucosamine-6-Phosphate	inchikey_connectivity_formula_mass	2	FALSE	TRUE	2.94139999823528e-06	0.00735349999558821
GALACTITOL	61720	MassBank	OUF00234	Galactitol	inchikey	1	TRUE	TRUE	1.81799998699717e-06	0.00454499996749291
VAL	61722	MassBank	OUF00334	L-Valine	inchikey	1	TRUE	TRUE	1.39750000016647e-06	0.00349375000041618
CPD0-1551	61724	MassBank	OUF00251	Glyceraldehyde	name_formula_mass	4	TRUE	TRUE	4.05890000365616e-06	0.0101472500091404
GLYCERALD	61724	MassBank	OUF00251	Glyceraldehyde	name_formula_mass	4	TRUE	TRUE	4.05890000365616e-06	0.0101472500091404
D-GLUCOSAMINE-6-P	61725	MassBank	OUF00176	D-Glucosamine-6-Phosphate	inchikey_connectivity_formula_mass	2	FALSE	TRUE	2.94139999823528e-06	0.00735349999558821
5-AMINO-LEVULINATE	61726	MassBank	OUF00071	5-Aminolevulinic acid	inchikey	1	TRUE	TRUE	3.160399984381e-06	0.0079009999609525
CPD-21103	61727	MassBank	OUF00287	Ketoisoleucine	inchikey_connectivity_formula_mass	2	FALSE	TRUE	4.18729999296374e-06	0.0104682499824094
CAFFEOYLQUINATE	61728	MassBank	OUF00135	Chlorogenic acid	inchikey_connectivity_formula_mass	2	FALSE	TRUE	2.17669997937264e-06	0.00544174994843161
GLUTAMIDE	61730	MassBank	OUF00306	D-Glutamine	inchikey	1	TRUE	TRUE	2.1976999846629e-06	0.00549424996165726
OROTATE	61731	MassBank	OUF00404	Orotic acid	inchikey_connectivity_formula_mass	2	FALSE	TRUE	3.37279999484963e-06	0.00843199998712407
1-7-DIMETHYLXANTHINE	61733	MassBank	OUF00415	Paraxanthine	inchikey	1	TRUE	TRUE	4.47819999749299e-06	0.0111954999937325
TREHALOSE	61734	MassBank	OUF00477	Trehalose	inchikey	1	TRUE	TRUE	1.54930000917375e-06	0.00387325002293437
LEU	61736	MassBank	OUF01003	L-Leucine	inchikey	1	TRUE	TRUE	1.33329999130183e-06	0.00333324997825457
ACETYL-GLU	61740	MassBank	OUF00369	N-Acetyl-L-glutamic acid	inchikey_connectivity_formula_mass	2	FALSE	TRUE	2.46880000531746e-06	0.00617200001329365
CYS	61741	MassBank	OUF00302	L-Cysteine	inchikey	1	TRUE	TRUE	8.35899996332046e-07	0.00208974999083011
B-ALANINE	61742	MassBank	OUF00497	beta-Alanine	inchikey	1	TRUE	TRUE	1.52590000368491e-06	0.00381475000921228
MET	61744	MassBank	OUF01007	L-Methionine	inchikey	1	TRUE	TRUE	7.07499992813609e-07	0.00176874998203402
SHIKIMATE	61747	MassBank	OUF00458	Shikimic acid	inchikey_connectivity_formula_mass	2	FALSE	TRUE	3.43150000503556e-06	0.0085787500125889
CPD-24844	61748	MassBank	OUF00314	L-Lactic acid	inchikey	1	TRUE	TRUE	4.05890000365616e-06	0.0101472500091404
DEOXYGUANOSINE	61750	MassBank	OUF00024	Deoxyguanosine	inchikey	1	TRUE	TRUE	3.93170000734244e-06	0.00982925001835611
BUTYLAMINE	61753	MassBank	OUF00382	1-Butylamine	inchikey_connectivity_formula_mass	2	FALSE	TRUE	6.41699998027434e-07	0.00160424999506859
MYO-INOSITOL	61754	MassBank	OUF00283	myo-Inositol	inchikey	1	TRUE	TRUE	1.88219999586181e-06	0.00470549998965453
MYRICETIN	61755	MassBank	OUF00360	Myricetin	inchikey_connectivity_formula_mass	2	FALSE	TRUE	2.70219999265464e-06	0.0067554999816366
MESO-DIAMINOPIMELATE	61758	MassBank	OUF00205	DL-a,d-Diaminopimelate	inchikey	1	TRUE	TRUE	3.05180000736982e-06	0.00762950001842455
TEREPHTHALATE	61759	MassBank	OUF00126	Terephthalic acid	inchikey_connectivity_formula_mass	2	FALSE	TRUE	1.31900000610585e-06	0.00329750001526463
5-DEHYDROGLUCONATE	61761	MassBank	OUF00079	2-Keto-L-gluconate	name_formula_mass	4	FALSE	TRUE	2.67569998868566e-06	0.00668924997171416
D-Ribofuranose	61762	MassBank	OUF00210	D-Ribose	inchikey	1	TRUE	TRUE	3.43150000503556e-06	0.0085787500125889
CPD-4841	61763	MassBank	OUF00016	2,6-Pyridinedicarboxylic acid	inchikey_connectivity_formula_mass	2	FALSE	TRUE	2.3459000146886e-06	0.00586475003672149
GUANOSINE	61764	MassBank	OUF00261	Guanosine	inchikey	1	TRUE	TRUE	4.4620003336604e-07	0.0011155000834151
HISTIDINOL	61767	MassBank	OUF00310	L-Histidinol	inchikey_connectivity_formula_mass	2	FALSE	TRUE	1.99079997287299e-06	0.00497699993218248
CYS	61775	MassBank	OUF01011	L-Cysteine	inchikey	1	TRUE	TRUE	8.35899996332046e-07	0.00208974999083011
CPD-21103	61777	MassBank	OUF00286	Ketoisoleucine	inchikey_connectivity_formula_mass	2	FALSE	TRUE	4.18729999296374e-06	0.0104682499824094
FRU	61778	MassBank	OUF00230	D-(-)-Fructose	inchikey	1	TRUE	TRUE	1.88219999586181e-06	0.00470549998965453
CPD-15382	61778	MassBank	OUF00230	D-(-)-Fructose	inchikey	1	TRUE	TRUE	1.88219999586181e-06	0.00470549998965453
SACCHAROPINE	61780	MassBank	OUF00324	Saccharopine	inchikey_connectivity_formula_mass	2	FALSE	TRUE	3.61499996870407e-06	0.00903749992176017
ARABINOSE-5P	61781	MassBank	OUF00159	D-Arabinose 5-phosphate	inchikey_connectivity_formula_mass	2	FALSE	TRUE	3.83990001751044e-06	0.00959975004377611
CPD-431	61783	MassBank	OUF00116	Apigenin	inchikey_connectivity_formula_mass	2	FALSE	TRUE	3.43149997661385e-06	0.00857874994153462
3-HYDROXY-ANTHRANILATE	61784	MassBank	OUF00049	3-Hydroxyanthranilic acid	inchikey_connectivity_formula_mass	2	FALSE	TRUE	3.09620000393807e-06	0.00774050000984516
URIDINE	61785	MassBank	OUF00486	Uridine	inchikey	1	TRUE	TRUE	3.87179997574094e-06	0.00967949993935235
CPD-6995	61786	MassBank	OUF00353	Erythritol	name_formula_mass	4	TRUE	TRUE	1.19060000258742e-06	0.00297650000646854
CPD0-2060	61788	MassBank	OUF00015	2,6-Diaminopurine	inchikey	1	TRUE	TRUE	4.22380000486555e-06	0.0105595000121639
CPD-3141	61789	MassBank	OUF00238	Genistein	inchikey_connectivity_formula_mass	2	FALSE	TRUE	3.43149997661385e-06	0.00857874994153462
Xylulose	61790	MassBank	OUF00220	D-Xylulose	name_formula_mass	4	TRUE	TRUE	3.43150000503556e-06	0.0085787500125889
PHE	61792	MassBank	OUF00320	L-Phenylalanine	inchikey	1	TRUE	TRUE	1.39750000016647e-06	0.00349375000041618
2K-4CH3-PENTANOATE	61793	MassBank	OUF00288	Ketoleucine	inchikey_connectivity_formula_mass	2	FALSE	TRUE	4.18729999296374e-06	0.0104682499824094
ADENINE	61794	MassBank	OUF00096	Adenine	inchikey	1	TRUE	TRUE	4.81349999859049e-06	0.0120337499964762
3-PHENYLPROPIONATE	61795	MassBank	OUF00269	Hydrocinnamic acid	inchikey_connectivity_formula_mass	2	FALSE	TRUE	4.34800000448377e-07	0.00108700000112094
5-AMINO-LEVULINATE	61799	MassBank	OUF00070	5-Aminolevulinic acid	inchikey	1	TRUE	TRUE	3.160399984381e-06	0.0079009999609525
D-GLUCARATE	61800	MassBank	OUF00169	Glucaric acid	inchikey_connectivity_formula_mass	2	FALSE	TRUE	2.70219999265464e-06	0.0067554999816366
RS-Malate	61801	MassBank	OUF00337	DL-Malic acid	name_formula_mass	4	FALSE	TRUE	3.30309998730627e-06	0.00825774996826567
URACIL	61802	MassBank	OUF00483	Uracil	inchikey	1	TRUE	TRUE	2.61700000692144e-06	0.00654250001730361
LYS	61803	MassBank	OUF01014	L-Lysine	inchikey_connectivity_formula_mass	2	FALSE	TRUE	2.29599999101993e-06	0.00573999997754981
L-rhamnose	61804	MassBank	OUF00445	L-Rhamnose	inchikey	1	TRUE	TRUE	6.50429998927393e-06	0.0162607499731848
THR	61805	MassBank	OUF00331	L-Threonine	inchikey	1	TRUE	TRUE	3.16039999859186e-06	0.00790099999647964
CPD-7079	61806	MassBank	OUF00449	Sakuranetin	inchikey	1	TRUE	TRUE	3.55989999434314e-06	0.00889974998585785
TYR	61807	MassBank	OUF01017	L-Tyrosine	inchikey	1	TRUE	TRUE	3.22459999324565e-06	0.00806149998311412
RIBULOSE-5P	61809	MassBank	OUF00213	D-Ribulose 5-phosphate	inchikey_connectivity_formula_mass	2	FALSE	TRUE	3.83990001751044e-06	0.00959975004377611
PANTOTHENATE	61810	MassBank	OUF00414	Pantothenic acid	inchikey_connectivity_formula_mass	2	FALSE	TRUE	2.6614000319114e-06	0.0066535000797785
3-P-SERINE	61811	MassBank	OUF00403	Phosphoserine	inchikey_connectivity_formula_mass	2	FALSE	TRUE	3.50460001641295e-06	0.00876150004103238
SER	61814	MassBank	OUF00326	L-Serine	inchikey	1	TRUE	TRUE	3.09619998972721e-06	0.00774049997431803
L-GAMMA-GLUTAMYLCYSTEINE	61815	MassBank	OUF00502	gamma-Glutamylcysteine	inchikey_connectivity_formula_mass	2	FALSE	TRUE	2.26029999339517e-06	0.00565074998348791
CPD-10303	61816	MassBank	OUF00112	D-Threonine	inchikey	1	TRUE	TRUE	3.16039999859186e-06	0.00790099999647964
ADENOSINE	61817	MassBank	OUF00097	Adenosine	inchikey	1	TRUE	TRUE	3.93170000734244e-06	0.00982925001835611
CONIFERYL-ALDEHYDE	61819	MassBank	OUF00143	Coniferaldehyde	inchikey	1	TRUE	TRUE	4.18729996454204e-06	0.0104682499113551
L-ORNITHINE	61820	MassBank	OUF00319	Ornithine	inchikey_connectivity_formula_mass	2	FALSE	TRUE	2.36019999988457e-06	0.00590049999971143
CYTOSINE	61822	MassBank	OUF00148	Cytosine	inchikey	1	TRUE	TRUE	1.79820000312247e-06	0.00449550000780619
NARINGENIN-CMPD	61824	MassBank	OUF00380	Naringenin	inchikey	1	TRUE	TRUE	3.4957000139002e-06	0.00873925003475051
D-Glucopyranuronate	61825	MassBank	OUF00177	D-Glucuronate	inchikey_connectivity_formula_mass	2	FALSE	TRUE	2.67569998868566e-06	0.00668924997171416
RIBULOSE-5P	61826	MassBank	OUF00212	D-Ribulose 5-phosphate	inchikey_connectivity_formula_mass	2	FALSE	TRUE	3.83990001751044e-06	0.00959975004377611
CPD-25028	61827	MassBank	OUF00494	D-(+)-Xylose	inchikey	1	TRUE	TRUE	3.43150000503556e-06	0.0085787500125889
OXAMATE	61828	MassBank	OUF00408	Oxamic acid	inchikey_connectivity_formula_mass	2	FALSE	TRUE	2.96780000041963e-06	0.00741950000104907
L-ASPARTATE	61829	MassBank	OUF00123	L-Aspartic acid	inchikey_connectivity_formula_mass	2	FALSE	TRUE	2.28170000582395e-06	0.00570425001455988
3-CARBOXY-3-HYDROXY-ISOCAPROATE	61830	MassBank	OUF00034	2-Isopropylmalic acid	name_formula_mass	4	FALSE	TRUE	3.4957000139002e-06	0.00873925003475051
PHOSPHORYL-ETHANOLAMINE	61831	MassBank	OUF00402	O-Phosphoethanolamine	inchikey_connectivity_formula_mass	2	FALSE	TRUE	4.26039997591943e-06	0.0106509999397986
TRYPTAMINE	61834	MassBank	OUF00478	Tryptamine	inchikey_connectivity_formula_mass	2	FALSE	TRUE	1.60440001195639e-06	0.00401100002989097
D-galactopyranose	61835	MassBank	OUF00236	D-(+)-Galactose	inchikey	1	TRUE	TRUE	1.88219999586181e-06	0.00470549998965453
CINNAMYL-ALC	61836	MassBank	OUF00138	trans-Cinnamyl alcohol	inchikey	1	TRUE	TRUE	4.94310000931364e-06	0.0123577500232841
P-HYDROXY-PHENYLPYRUVATE	61837	MassBank	OUF00066	4-Hydroxyphenylpyruvic acid	inchikey_connectivity_formula_mass	2	FALSE	TRUE	1.25479999724121e-06	0.00313699999310302
GLYCEROL	61838	MassBank	OUF00254	Glycerol	inchikey	1	TRUE	TRUE	4.12309999830995e-06	0.0103077499957749
N-ACETYL-D-GLUCOSAMINE-6-P	61840	MassBank	OUF00365	N-Acetyl-D-Glucosamine 6-Phosphate	inchikey_connectivity_formula_mass	2	FALSE	TRUE	2.37230000266209e-06	0.00593075000665522
L-ASPARTATE	61841	MassBank	OUF01010	L-Aspartic acid	inchikey_connectivity_formula_mass	2	FALSE	TRUE	2.28170000582395e-06	0.00570425001455988
MANNITOL	61844	MassBank	OUF00344	Mannitol	inchikey	1	TRUE	TRUE	1.81799998699717e-06	0.00454499996749291
SORBITOL	61847	MassBank	OUF00215	Sorbitol	inchikey	1	TRUE	TRUE	1.81799998699717e-06	0.00454499996749291
CPD-633	61849	MassBank	OUF00239	Gentisic acid	inchikey_connectivity_formula_mass	2	FALSE	TRUE	1.31900000610585e-06	0.00329750001526463
DEOXYADENOSINE	61850	MassBank	OUF00025	2'-Deoxyadenosine	name_formula_mass	4	TRUE	TRUE	6.90400014491388e-07	0.00172600003622847
5-AMINOPENTANOATE	61851	MassBank	OUF00072	5-Aminopentanoic acid	inchikey	1	TRUE	TRUE	1.39750000016647e-06	0.00349375000041618
CPD-8959	61853	MassBank	OUF00426	Podofilox	inchikey	1	TRUE	TRUE	2.31699999631019e-06	0.00559484167980143
4-AMINO-BUTYRATE	61855	MassBank	OUF00061	gamma-Aminobutyric acid	inchikey	1	TRUE	TRUE	1.46169999482026e-06	0.00365424998705066
CPD0-1551	61857	MassBank	OUF00252	Glyceraldehyde	name_formula_mass	4	TRUE	TRUE	4.05890000365616e-06	0.0101472500091404
GLYCERALD	61857	MassBank	OUF00252	Glyceraldehyde	name_formula_mass	4	TRUE	TRUE	4.05890000365616e-06	0.0101472500091404
2-KETO-ISOVALERATE	61860	MassBank	OUF00289	alpha-Ketoisovaleric acid	inchikey_connectivity_formula_mass	2	FALSE	TRUE	4.12309999830995e-06	0.0103077499957749
DAIDZEIN	61861	MassBank	OUF00155	Daidzein	inchikey	1	TRUE	TRUE	1.19059998837656e-06	0.0029764999709414
VAL	61862	MassBank	OUF01002	L-Valine	inchikey	1	TRUE	TRUE	1.39750000016647e-06	0.00349375000041618
GLYCERATE	61865	MassBank	OUF00253	Glyceric acid	inchikey_connectivity_formula_mass	2	FALSE	TRUE	1.31900000610585e-06	0.00329750001526463
PYRUVATE	61866	MassBank	OUF00439	Pyruvic acid	inchikey_connectivity_formula_mass	2	FALSE	TRUE	3.99469999479152e-06	0.00998674998697879
GLYCOLLATE	61867	MassBank	OUF00257	Glycolic acid	inchikey_connectivity_formula_mass	2	FALSE	TRUE	3.99469999479152e-06	0.00998674998697879
CPD-15332	61868	MassBank	OUF00485	Uric acid	inchikey	1	TRUE	TRUE	1.55000066115463e-08	3.87500165288657e-05
URATE	61868	MassBank	OUF00485	Uric acid	inchikey	1	TRUE	TRUE	1.55000066115463e-08	3.87500165288657e-05
NIACINAMIDE	61869	MassBank	OUF00389	Niacinamide	inchikey	1	TRUE	TRUE	2.82509999749436e-06	0.00706274999373591
HIS	61872	MassBank	OUF00309	L-Histidine	inchikey	1	TRUE	TRUE	3.45129998891025e-06	0.00862824997227563
CPD-24813	61873	MassBank	OUF00164	Fructose 6-phosphate	inchikey_connectivity_formula_mass	2	FALSE	TRUE	1.47380001180863e-06	0.00368450002952159
CPD-15709	61873	MassBank	OUF00164	Fructose 6-phosphate	inchikey_connectivity_formula_mass	2	FALSE	TRUE	1.47380001180863e-06	0.00368450002952159
TARTRATE	61875	MassBank	OUF00293	Tartaric acid	inchikey_connectivity_formula_mass	2	FALSE	TRUE	2.07479999403404e-06	0.00518699998508509
DETHIOBIOTIN	61876	MassBank	OUF00162	Dethiobiotin	inchikey_connectivity_formula_mass	2	FALSE	TRUE	2.45449999169978e-06	0.00613624997924944
MALONATE	61877	MassBank	OUF00338	Malonic acid	inchikey_connectivity_formula_mass	2	FALSE	TRUE	1.38320000075964e-06	0.00345800000189911
N-ACETYLNEURAMINATE	61878	MassBank	OUF00373	N-Acetylneuraminate	inchikey_connectivity_formula_mass	2	FALSE	TRUE	1.21400006491967e-06	0.00303500016229918
OH-PYR	61879	MassBank	OUF00056	Hydroxypyruvic acid	inchikey_connectivity_formula_mass	2	FALSE	TRUE	1.38320000075964e-06	0.00345800000189911
2-KETO-ISOVALERATE	61880	MassBank	OUF00290	alpha-Ketoisovaleric acid	inchikey_connectivity_formula_mass	2	FALSE	TRUE	4.12309999830995e-06	0.0103077499957749
THYMINE	61882	MassBank	OUF00472	Thymine	inchikey	1	TRUE	TRUE	2.5527999980568e-06	0.006381999995142
PYRIDOXINE	61883	MassBank	OUF00436	Pyridoxine	inchikey	1	TRUE	TRUE	3.22459999324565e-06	0.00806149998311412
CPD-9245	61887	MassBank	OUF00412	Palmitoleic acid	inchikey_connectivity_formula_mass	2	FALSE	TRUE	2.0720000293295e-07	0.000518000007332375
CPD-2461	61889	MassBank	OUF00358	Methylsuccinic acid	inchikey_connectivity_formula_mass	2	FALSE	TRUE	1.25479999724121e-06	0.00313699999310302
ILE	61890	MassBank	OUF01004	L-Isoleucine	inchikey	1	TRUE	TRUE	1.33329999130183e-06	0.00333324997825457
CPD-24813	61892	MassBank	OUF00163	Fructose 6-phosphate	inchikey_connectivity_formula_mass	2	FALSE	TRUE	1.47380001180863e-06	0.00368450002952159
CPD-15709	61892	MassBank	OUF00163	Fructose 6-phosphate	inchikey_connectivity_formula_mass	2	FALSE	TRUE	1.47380001180863e-06	0.00368450002952159
FRU	61893	MassBank	OUF00229	D-(-)-Fructose	inchikey	1	TRUE	TRUE	1.88219999586181e-06	0.00470549998965453
CPD-15382	61893	MassBank	OUF00229	D-(-)-Fructose	inchikey	1	TRUE	TRUE	1.88219999586181e-06	0.00470549998965453
3-SULFINOALANINE	61895	MassBank	OUF00303	3-Sulfinoalanine	inchikey_connectivity_formula_mass	2	FALSE	TRUE	1.59169999847109e-06	0.00397924999617771
NIACINE	61896	MassBank	OUF00390	Nicotinic acid	inchikey_connectivity_formula_mass	2	FALSE	TRUE	1.59010001254956e-06	0.00397525003137389
L-CITRULLINE	61897	MassBank	OUF00141	Citrulline	inchikey	1	TRUE	TRUE	1.29920002223116e-06	0.0032480000555779
4-HYDROXY-L-PROLINE	61898	MassBank	OUF00473	4-Hydroxyproline	inchikey	1	TRUE	TRUE	3.160399984381e-06	0.0079009999609525
TETRACOSANOATE	61899	MassBank	OUF00311	Tetracosanoic acid	inchikey_connectivity_formula_mass	2	FALSE	TRUE	7.84999997449631e-07	0.00196249999362408
DEOXYURIDINE	61900	MassBank	OUF00030	Deoxyuridine	inchikey	1	TRUE	TRUE	1.50609997717766e-06	0.00376524994294414
GUANINE	61901	MassBank	OUF00260	Guanine	inchikey	1	TRUE	TRUE	1.91400005178366e-07	0.000478500012945915
CPD-313	61903	MassBank	OUF00001	1,3-Diaminopropane	inchikey_connectivity_formula_mass	2	FALSE	TRUE	1.66860000661018e-06	0.00417150001652544
D-Glucopyranuronate	61904	MassBank	OUF00178	D-Glucuronate	inchikey_connectivity_formula_mass	2	FALSE	TRUE	2.67569998868566e-06	0.00668924997171416
DI-H-OROTATE	61905	MassBank	OUF00181	L-Dihydroorotic acid	inchikey_connectivity_formula_mass	2	FALSE	TRUE	3.30860001440669e-06	0.00827150003601673
TRP	61906	MassBank	OUF00479	L-Tryptophan	inchikey	1	TRUE	TRUE	2.36019999988457e-06	0.00590049999971143
N-acetyl-D-glucosamine	61907	MassBank	OUF00364	N-Acetyl-D-glucosamine	inchikey	1	TRUE	TRUE	2.78070001513697e-06	0.00695175003784243
D-LYXOSE	61908	MassBank	OUF00203	D-Lyxose	name_formula_mass	4	TRUE	TRUE	3.43150000503556e-06	0.0085787500125889
URIDINE	61909	MassBank	OUF00487	Uridine	inchikey	1	TRUE	TRUE	3.87179997574094e-06	0.00967949993935235
PREPHENATE	61910	MassBank	OUF00427	Prephenate	name_formula_mass	4	FALSE	TRUE	1.94640000472646e-06	0.00486600001181614
DOCOSANOATE	61911	MassBank	OUF00124	Behenic acid	inchikey_connectivity_formula_mass	2	FALSE	TRUE	6.5659997972034e-07	0.00164149994930085
D-LYXOSE	61912	MassBank	OUF00204	D-Lyxose	name_formula_mass	4	TRUE	TRUE	3.43150000503556e-06	0.0085787500125889
MET	61913	MassBank	OUF00317	L-Methionine	inchikey	1	TRUE	TRUE	7.07499992813609e-07	0.00176874998203402
MALTOTRIOSE	61914	MassBank	OUF00343	Maltotriose	inchikey	1	TRUE	TRUE	4.9807999857876e-06	0.00987922629158944
CPD0-1467	61916	MassBank	OUF00046	3-Amino-2,3-dihydrobenzoic acid	inchikey	1	TRUE	TRUE	1.46170000903112e-06	0.0036542500225778
CPD-25858	61920	MassBank	OUF00191	DL-Homocysteine	inchikey	1	TRUE	TRUE	7.71700001678255e-07	0.00192925000419564
CPD-7833	61922	MassBank	OUF00400	Octacosanoic acid	inchikey_connectivity_formula_mass	2	FALSE	TRUE	1.04180003290821e-06	0.00245459761540965
ADIPATE	61923	MassBank	OUF00101	Adipic acid	inchikey_connectivity_formula_mass	2	FALSE	TRUE	1.19059998837656e-06	0.0029764999709414
CPD1F-90	61924	MassBank	OUF00285	Kaempferol	inchikey_connectivity_formula_mass	2	FALSE	TRUE	1.94639994788304e-06	0.00486599986970759
CPD-1142	61927	MassBank	OUF00451	Salicin	inchikey	1	TRUE	TRUE	2.93249996730083e-06	0.00733124991825207
CADAVERINE	61928	MassBank	OUF00131	Cadaverine	inchikey_connectivity_formula_mass	2	FALSE	TRUE	1.54020000309174e-06	0.00385050000772935
ALLANTOIN	61929	MassBank	OUF00109	Allantoin	inchikey	1	TRUE	TRUE	7.96999870544823e-08	0.000199249967636206
PHE	61930	MassBank	OUF01009	L-Phenylalanine	inchikey	1	TRUE	TRUE	1.39750000016647e-06	0.00349375000041618
DOPAMINE	61932	MassBank	OUF00207	Dopamine	inchikey_connectivity_formula_mass	2	FALSE	TRUE	1.39750000016647e-06	0.00349375000041618
L-PIPECOLATE	61934	MassBank	OUF00200	L-Pipecolic acid	inchikey	1	TRUE	TRUE	1.39750000016647e-06	0.00349375000041618
DODECANOATE	61935	MassBank	OUF00300	Dodecanoic acid	inchikey_connectivity_formula_mass	2	FALSE	TRUE	1.46000047607231e-08	3.65000119018077e-05
SEROTONIN	61937	MassBank	OUF00456	Serotonin	inchikey_connectivity_formula_mass	2	FALSE	TRUE	3.01770000987744e-06	0.00754425002469361
3-HYDROXY-BUTYRATE	61938	MassBank	OUF00054	3-Hydroxyphenylacetic acid	inchikey_connectivity_formula_mass	2	FALSE	TRUE	4.12309999830995e-06	0.0103077499957749
D-galactopyranose	61939	MassBank	OUF00235	D-(+)-Galactose	inchikey	1	TRUE	TRUE	1.88219999586181e-06	0.00470549998965453
N-ALPHA-ACETYLORNITHINE	61940	MassBank	OUF00399	N2-Acetylornithine	inchikey	1	TRUE	TRUE	2.3261000023922e-06	0.00581525000598049
NARINGENIN-CMPD	61944	MassBank	OUF00381	Naringenin	inchikey	1	TRUE	TRUE	3.4957000139002e-06	0.00873925003475051
CPD0-1942	61945	MassBank	OUF00294	L-alpha-Aminobutyric acid	inchikey	1	TRUE	TRUE	1.46169999482026e-06	0.00365424998705066
D-Galactopyranuronate	61947	MassBank	OUF00151	D-(+)-Galacturonic acid	inchikey_connectivity_formula_mass	2	FALSE	TRUE	2.67569998868566e-06	0.00668924997171416
MALTOSE	61949	MassBank	OUF00340	Maltose	inchikey	1	TRUE	TRUE	1.54930000917375e-06	0.00387325002293437
CPD0-1264	61950	MassBank	OUF00464	Suberic acid	inchikey_connectivity_formula_mass	2	FALSE	TRUE	1.06219999906898e-06	0.00265549999767245
3-HYDROXY-BUTYRATE	61951	MassBank	OUF00051	3-Hydroxy-Butyrate	inchikey_connectivity_formula_mass	2	FALSE	TRUE	4.12309999830995e-06	0.0103077499957749
SARCOSINE	61952	MassBank	OUF00452	Sarcosine	inchikey	1	TRUE	TRUE	1.52590000368491e-06	0.00381475000921228
CPD-11495	61954	MassBank	OUF00032	ortho-Hydroxyphenylacetic acid	inchikey_connectivity_formula_mass	2	FALSE	TRUE	4.12310001252081e-06	0.010307750031302
2-OXOBUTANOATE	61957	MassBank	OUF00039	2-Ketobutyric acid	inchikey_connectivity_formula_mass	2	FALSE	TRUE	4.05890000365616e-06	0.0101472500091404
QUINATE	61958	MassBank	OUF00440	Quinic acid	inchikey_connectivity_formula_mass	2	FALSE	TRUE	1.88219999586181e-06	0.00470549998965453
VAL	61959	MassBank	OUF00333	L-Valine	inchikey	1	TRUE	TRUE	1.39750000016647e-06	0.00349375000041618
CONIFERYL-ALCOHOL	61961	MassBank	OUF00142	Coniferyl alcohol	inchikey	1	TRUE	TRUE	4.25149997340668e-06	0.0106287499335167
RIBITOL	61962	MassBank	OUF00446	Ribitol	inchikey	1	TRUE	TRUE	3.4957000139002e-06	0.00873925003475051
SINAPATE	61963	MassBank	OUF00459	Sinapic acid	inchikey_connectivity_formula_mass	2	FALSE	TRUE	3.4957000139002e-06	0.00873925003475051
2-DEOXY-D-GLUCOSE	61965	MassBank	OUF00026	2-Deoxy-D-glucose	name_formula_mass	4	TRUE	TRUE	3.4957000139002e-06	0.00873925003475051
2-KETOGLUTARATE	61966	MassBank	OUF00113	Oxoglutaric acid	inchikey_connectivity_formula_mass	2	FALSE	TRUE	3.30309998730627e-06	0.00825774996826567
CPD-676	61968	MassBank	OUF00132	Caffeic acid	inchikey_connectivity_formula_mass	2	FALSE	TRUE	1.25479999724121e-06	0.00313699999310302
GLN	61972	MassBank	OUF01015	L-Glutamine	inchikey	1	TRUE	TRUE	2.1976999846629e-06	0.00549424996165726
CPD-5921	61973	MassBank	OUF00154	L-3-Phenyllactic acid	inchikey_connectivity_formula_mass	2	FALSE	TRUE	4.18729999296374e-06	0.0104682499824094
D-Galactopyranuronate	61974	MassBank	OUF00152	D-(+)-Galacturonic acid	inchikey_connectivity_formula_mass	2	FALSE	TRUE	2.67569998868566e-06	0.00668924997171416
OH-PYR	61976	MassBank	OUF00055	Hydroxypyruvic acid	inchikey_connectivity_formula_mass	2	FALSE	TRUE	1.38320000075964e-06	0.00345800000189911
HYPOXANTHINE	61977	MassBank	OUF00273	Hypoxanthine	inchikey	1	TRUE	TRUE	7.71299994539731e-07	0.00192824998634933
L-glucose	61978	MassBank	OUF00247	(2R,3R,4R,5R)-2,3,4,5,6-Pentahydroxyhexanal	inchikey	1	TRUE	TRUE	1.88219999586181e-06	0.00470549998965453
CPD-536	61981	MassBank	OUF00255	beta-Glycerophosphoric acid	inchikey_connectivity_formula_mass	2	FALSE	TRUE	4.53150002499569e-06	0.0113287500624892
MALTOTRIOSE	61983	MassBank	OUF00342	Maltotriose	inchikey	1	TRUE	TRUE	4.9807999857876e-06	0.00987922629158944
4-HYDROXYBENZALDEHYDE	61984	MassBank	OUF00424	4-Hydroxybenzaldehyde	inchikey	1	TRUE	TRUE	5.63199989755958e-07	0.0014079999743899
GLT	61985	MassBank	OUF00248	L-Glutamic acid	inchikey_connectivity_formula_mass	2	FALSE	TRUE	2.2174999969593e-06	0.00554374999239826
PRO	61986	MassBank	OUF00322	L-Proline	inchikey	1	TRUE	TRUE	1.46169999482026e-06	0.00365424998705066
Hydroxy-Butyrates	61987	MassBank	OUF00270	HydroxyButyrate	inchikey_connectivity_formula_mass	2	FALSE	TRUE	4.12309999830995e-06	0.0103077499957749
LEU	61992	MassBank	OUF00305	L-Leucine	inchikey	1	TRUE	TRUE	1.33329999130183e-06	0.00333324997825457
ASN	61995	MassBank	OUF00299	L-Asparagine	inchikey	1	TRUE	TRUE	2.13349997579826e-06	0.00533374993949565
TYRAMINE	61996	MassBank	OUF00480	Tyramine	inchikey_connectivity_formula_mass	2	FALSE	TRUE	3.98040000959554e-06	0.00995100002398885
L-DIHYDROXY-PHENYLALANINE	61997	MassBank	OUF00206	L-Dopa	inchikey	1	TRUE	TRUE	2.15330001651637e-06	0.00538325004129092
GLY	61999	MassBank	OUF00256	Glycine	inchikey	1	TRUE	TRUE	1.59010001254956e-06	0.00397525003137389
DL-ethionine	62004	MassBank	OUF00187	DL-Ethionine	inchikey	1	TRUE	TRUE	6.43299983948964e-07	0.00160824995987241
CPD-7079	62006	MassBank	OUF00450	Sakuranetin	inchikey	1	TRUE	TRUE	3.55989999434314e-06	0.00889974998585785
CPD-14642	62009	MassBank	OUF00053	3-Hydroxyisovaleric acid	inchikey_connectivity_formula_mass	2	FALSE	TRUE	4.1873000071746e-06	0.0104682500179365
SACCHAROPINE	62010	MassBank	OUF00323	Saccharopine	inchikey_connectivity_formula_mass	2	FALSE	TRUE	3.61499996870407e-06	0.00903749992176017
SEROTONIN	62013	MassBank	OUF00457	Serotonin	inchikey_connectivity_formula_mass	2	FALSE	TRUE	3.01770000987744e-06	0.00754425002469361
KYNURENATE	62016	MassBank	OUF00292	Kynurenic acid	inchikey_connectivity_formula_mass	2	FALSE	TRUE	3.09620000393807e-06	0.00774050000984516
ALLANTOIN	62017	MassBank	OUF00111	Allantoin	inchikey	1	TRUE	TRUE	7.96999870544823e-08	0.000199249967636206
SER	62018	MassBank	OUF00325	L-Serine	inchikey	1	TRUE	TRUE	3.09619998972721e-06	0.00774049997431803
DEOXY-RIBOSE-5P	62020	MassBank	OUF00029	2'-Deoxyribose-5'-Phosphate	inchikey_connectivity_formula_mass	2	FALSE	TRUE	7.82200004323386e-07	0.00195550001080846
ARACHIDIC_ACID	62021	MassBank	OUF00274	Arachidic acid	inchikey_connectivity_formula_mass	2	FALSE	TRUE	5.28200018834468e-07	0.00132050004708617
3-KETOBUTYRATE	62022	MassBank	OUF00092	Acetoacetic acid	inchikey_connectivity_formula_mass	2	FALSE	TRUE	4.05890000365616e-06	0.0101472500091404
LYS	62024	MassBank	OUF00315	L-Lysine	inchikey_connectivity_formula_mass	2	FALSE	TRUE	2.29599999101993e-06	0.00573999997754981
CPD-603	62025	MassBank	OUF00498	L-3-Cyanoalanine	inchikey_connectivity_formula_mass	2	FALSE	TRUE	2.5527999980568e-06	0.006381999995142
L-rhamnose	62027	MassBank	OUF00444	L-Rhamnose	inchikey	1	TRUE	TRUE	6.50429998927393e-06	0.0162607499731848
CPD-205	62028	MassBank	OUF00263	Pimelic acid	inchikey_connectivity_formula_mass	2	FALSE	TRUE	1.12639997951192e-06	0.00281599994877979
L-ALPHA-ALANINE	62029	MassBank	OUF00104	L-Alanine	inchikey	1	TRUE	TRUE	1.52590000368491e-06	0.00381475000921228
CPD-468	62031	MassBank	OUF00018	Aminoadipic acid	inchikey_connectivity_formula_mass	2	FALSE	TRUE	2.15330001651637e-06	0.00538325004129092
CPD-183	62032	MassBank	OUF00237	Gallic acid	inchikey_connectivity_formula_mass	2	FALSE	TRUE	3.30309998730627e-06	0.00825774996826567
PRO	62033	MassBank	OUF01006	L-Proline	inchikey	1	TRUE	TRUE	1.46169999482026e-06	0.00365424998705066
ANTHRANILATE	62034	MassBank	OUF00115	2-Aminobenzoic acid	inchikey_connectivity_formula_mass	2	FALSE	TRUE	1.52590001789576e-06	0.00381475004473941
CPD0-1267	62035	MassBank	OUF00125	Benzen-1,3-Dicarboxylic acid	inchikey_connectivity_formula_mass	2	FALSE	TRUE	1.31900000610585e-06	0.00329750001526463
CPD-24813	62036	MassBank	OUF00165	Fructose 6-phosphate	inchikey_connectivity_formula_mass	2	FALSE	TRUE	1.47380001180863e-06	0.00368450002952159
CPD-15709	62036	MassBank	OUF00165	Fructose 6-phosphate	inchikey_connectivity_formula_mass	2	FALSE	TRUE	1.47380001180863e-06	0.00368450002952159
OXALATE	62037	MassBank	OUF00407	Oxalic acid	inchikey_connectivity_formula_mass	2	FALSE	TRUE	1.44740000962429e-06	0.00361850002406072
N-acetyl-D-glucosamine	62038	MassBank	OUF00363	N-Acetyl-D-glucosamine	inchikey	1	TRUE	TRUE	2.78070001513697e-06	0.00695175003784243
ILE	62039	MassBank	OUF00312	L-Isoleucine	inchikey	1	TRUE	TRUE	1.33329999130183e-06	0.00333324997825457
ACETYL-GLU	62041	MassBank	OUF00370	N-Acetyl-L-glutamic acid	inchikey_connectivity_formula_mass	2	FALSE	TRUE	2.46880000531746e-06	0.00617200001329365
CPD-68	62042	MassBank	OUF00005	1-Aminocyclopropanecarboxylic acid	inchikey	1	TRUE	TRUE	1.52590000368491e-06	0.00381475000921228
CAFFEOYLQUINATE	62043	MassBank	OUF00136	Chlorogenic acid	inchikey_connectivity_formula_mass	2	FALSE	TRUE	2.17669997937264e-06	0.00544174994843161
D-RIBULOFURANOSE	62046	MassBank	OUF00211	D-Ribulose	inchikey	1	TRUE	TRUE	3.43150000503556e-06	0.0085787500125889
GLY	62047	MassBank	OUF01001	Glycine	inchikey	1	TRUE	TRUE	1.59010001254956e-06	0.00397525003137389
MANNOSE	62048	MassBank	OUF00345	Glycoprotein-phospho-D-mannose	inchikey	1	TRUE	TRUE	1.88219999586181e-06	0.00470549998965453
CPD-15373	62048	MassBank	OUF00345	Glycoprotein-phospho-D-mannose	inchikey	1	TRUE	TRUE	1.88219999586181e-06	0.00470549998965453
PHTHALATE	62050	MassBank	OUF00423	Phthalic acid	inchikey_connectivity_formula_mass	2	FALSE	TRUE	1.31900000610585e-06	0.00329750001526463
STEARIC_ACID	62052	MassBank	OUF00401	Stearic acid	inchikey_connectivity_formula_mass	2	FALSE	TRUE	3.99800001105177e-07	0.000999500002762943
HIS	62053	MassBank	OUF01016	L-Histidine	inchikey	1	TRUE	TRUE	3.45129998891025e-06	0.00862824997227563
CPD3O-4151	62054	MassBank	OUF00065	Tyrosol	inchikey	1	TRUE	TRUE	4.34800000448377e-07	0.00108700000112094
CPD-10411	62055	MassBank	OUF00224	(-)-Epigallocatechin	inchikey	1	TRUE	TRUE	2.80409994957154e-06	0.00701024987392884
PROGESTERONE	62071	MassBank	FFF00201	Progesterone	name_formula_mass	4	TRUE	TRUE	2.0720000293295e-07	0.000518000007332375
CHOLESTEROL	62072	MassBank	FFF00005	Cholesterol	name_formula_mass	4	TRUE	TRUE	3.90130003324884e-06	0.00975325008312211
ERGOSTEROL	62074	MassBank	FFF00175	Ergosterol	name_formula_mass	4	TRUE	TRUE	3.96550001369178e-06	0.00991375003422945
CHOLESTEROL	62081	MassBank	FFF00004	Cholesterol	name_formula_mass	4	TRUE	TRUE	3.90130003324884e-06	0.00975325008312211
CPD-4162	62086	MassBank	FFF00266	Stigmasterol	name_formula_mass	4	TRUE	TRUE	3.83709999596249e-06	0.00930498143190894
PROGESTERONE	62088	MassBank	FFF00202	Progesterone	name_formula_mass	4	TRUE	TRUE	2.0720000293295e-07	0.000518000007332375
PROGESTERONE	62091	MassBank	FFF00204	Progesterone	name_formula_mass	4	TRUE	TRUE	2.0720000293295e-07	0.000518000007332375
DAIDZEIN	62092	MassBank	FFF00072	Daidzein	inchikey	1	TRUE	TRUE	1.19059998837656e-06	0.0029764999709414
PROGESTERONE	62093	MassBank	FFF00203	Progesterone	name_formula_mass	4	TRUE	TRUE	2.0720000293295e-07	0.000518000007332375
CPD-3141	62110	MassBank	FFF00195	Genistein	inchikey_connectivity_formula_mass	2	FALSE	TRUE	3.43149997661385e-06	0.00857874994153462
ESTRONE	62114	MassBank	FFF00242	Estrone	name_formula_mass	4	TRUE	TRUE	4.96000325256318e-08	0.00012400008131408
ESTRONE	62117	MassBank	FFF00236	Estrone	name_formula_mass	4	TRUE	TRUE	4.96000325256318e-08	0.00012400008131408
CPD-707	62133	MassBank	FFF00164	Campesterol	name_formula_mass	4	TRUE	TRUE	3.83709999596249e-06	0.00958387254070746
PROGESTERONE	62135	MassBank	FFF00205	Progesterone	name_formula_mass	4	TRUE	TRUE	2.0720000293295e-07	0.000518000007332375
CPD-3141	62141	MassBank	FFF00199	Genistein	inchikey_connectivity_formula_mass	2	FALSE	TRUE	3.43149997661385e-06	0.00857874994153462
CPD-352	62143	MassBank	FFF00273	beta-Estradiol	name_formula_mass	4	TRUE	TRUE	1.46000047607231e-08	3.65000119018077e-05
CPD-4162	62146	MassBank	FFF00268	Stigmasterol	name_formula_mass	4	TRUE	TRUE	3.83709999596249e-06	0.00930498143190894
CPD-707	62153	MassBank	FFF00163	Campesterol	name_formula_mass	4	TRUE	TRUE	3.83709999596249e-06	0.00958387254070746
CPD-3141	62158	MassBank	FFF00198	Genistein	inchikey_connectivity_formula_mass	2	FALSE	TRUE	3.43149997661385e-06	0.00857874994153462
ANDROST4ENE	62162	MassBank	FFF00260	Androstenedione	name_formula_mass	4	TRUE	TRUE	7.87999852036592e-08	0.000196999963009148
CHOLESTEROL	62170	MassBank	FFF00003	Cholesterol	name_formula_mass	4	TRUE	TRUE	3.90130003324884e-06	0.00975325008312211
ESTRONE	62173	MassBank	FFF00241	Estrone	name_formula_mass	4	TRUE	TRUE	4.96000325256318e-08	0.00012400008131408
ESTRONE	62185	MassBank	FFF00243	Estrone	name_formula_mass	4	TRUE	TRUE	4.96000325256318e-08	0.00012400008131408
ERGOSTEROL	62188	MassBank	FFF00173	Ergosterol	name_formula_mass	4	TRUE	TRUE	3.96550001369178e-06	0.00991375003422945
CPD-4143	62189	MassBank	FFF00063	beta-Sitosterol	name_formula_mass	4	TRUE	TRUE	3.77290001551955e-06	0.00910479239659718
CPD-4161	62191	MassBank	FFF00119	Brassicasterol	name_formula_mass	4	TRUE	TRUE	3.90130003324884e-06	0.00975325008312211
ESTRONE	62194	MassBank	FFF00234	Estrone	name_formula_mass	4	TRUE	TRUE	4.96000325256318e-08	0.00012400008131408
CPD-4162	62196	MassBank	FFF00267	Stigmasterol	name_formula_mass	4	TRUE	TRUE	3.83709999596249e-06	0.00930498143190894
CHOLESTEROL	62201	MassBank	FFF00002	Cholesterol	name_formula_mass	4	TRUE	TRUE	3.90130003324884e-06	0.00975325008312211
ESTRONE	62204	MassBank	FFF00244	Estrone	name_formula_mass	4	TRUE	TRUE	4.96000325256318e-08	0.00012400008131408
CHOLESTEROL	62205	MassBank	FFF00001	Cholesterol	name_formula_mass	4	TRUE	TRUE	3.90130003324884e-06	0.00975325008312211
CPD-4162	62206	MassBank	FFF00270	Stigmasterol	name_formula_mass	4	TRUE	TRUE	3.83709999596249e-06	0.00930498143190894
CPD-352	62207	MassBank	FFF00278	beta-Estradiol	name_formula_mass	4	TRUE	TRUE	1.46000047607231e-08	3.65000119018077e-05
CPD-4143	62210	MassBank	FFF00067	beta-Sitosterol	name_formula_mass	4	TRUE	TRUE	3.77290001551955e-06	0.00910479239659718
ERGOSTEROL	62220	MassBank	FFF00178	Ergosterol	name_formula_mass	4	TRUE	TRUE	3.96550001369178e-06	0.00991375003422945
ANDROST4ENE	62222	MassBank	FFF00259	Androstenedione	name_formula_mass	4	TRUE	TRUE	7.87999852036592e-08	0.000196999963009148
DAIDZEIN	62228	MassBank	FFF00073	Daidzein	inchikey	1	TRUE	TRUE	1.19059998837656e-06	0.0029764999709414
CPD-4161	62232	MassBank	FFF00118	Brassicasterol	name_formula_mass	4	TRUE	TRUE	3.90130003324884e-06	0.00975325008312211
CPD-707	62236	MassBank	FFF00159	Campesterol	name_formula_mass	4	TRUE	TRUE	3.83709999596249e-06	0.00958387254070746
CPD-4161	62243	MassBank	FFF00123	Brassicasterol	name_formula_mass	4	TRUE	TRUE	3.90130003324884e-06	0.00975325008312211
CPD-4161	62244	MassBank	FFF00120	Brassicasterol	name_formula_mass	4	TRUE	TRUE	3.90130003324884e-06	0.00975325008312211
PROGESTERONE	62248	MassBank	FFF00206	Progesterone	name_formula_mass	4	TRUE	TRUE	2.0720000293295e-07	0.000518000007332375
DAIDZEIN	62252	MassBank	FFF00076	Daidzein	inchikey	1	TRUE	TRUE	1.19059998837656e-06	0.0029764999709414
CPD-4161	62253	MassBank	FFF00122	Brassicasterol	name_formula_mass	4	TRUE	TRUE	3.90130003324884e-06	0.00975325008312211
CHOLESTEROL	62263	MassBank	FFF00006	Cholesterol	name_formula_mass	4	TRUE	TRUE	3.90130003324884e-06	0.00975325008312211
ERGOSTEROL	62267	MassBank	FFF00176	Ergosterol	name_formula_mass	4	TRUE	TRUE	3.96550001369178e-06	0.00991375003422945
DAIDZEIN	62271	MassBank	FFF00075	Daidzein	inchikey	1	TRUE	TRUE	1.19059998837656e-06	0.0029764999709414
CPD-4143	62272	MassBank	FFF00066	beta-Sitosterol	name_formula_mass	4	TRUE	TRUE	3.77290001551955e-06	0.00910479239659718
CPD-352	62276	MassBank	FFF00276	beta-Estradiol	name_formula_mass	4	TRUE	TRUE	1.46000047607231e-08	3.65000119018077e-05
CPD-4161	62282	MassBank	FFF00121	Brassicasterol	name_formula_mass	4	TRUE	TRUE	3.90130003324884e-06	0.00975325008312211
CPD-707	62284	MassBank	FFF00162	Campesterol	name_formula_mass	4	TRUE	TRUE	3.83709999596249e-06	0.00958387254070746
CPD-352	62292	MassBank	FFF00272	beta-Estradiol	name_formula_mass	4	TRUE	TRUE	1.46000047607231e-08	3.65000119018077e-05
ERGOSTEROL	62293	MassBank	FFF00174	Ergosterol	name_formula_mass	4	TRUE	TRUE	3.96550001369178e-06	0.00991375003422945
CPD-4143	62297	MassBank	FFF00069	beta-Sitosterol	name_formula_mass	4	TRUE	TRUE	3.77290001551955e-06	0.00910479239659718
CPD-4143	62316	MassBank	FFF00068	beta-Sitosterol	name_formula_mass	4	TRUE	TRUE	3.77290001551955e-06	0.00910479239659718
ESTRONE	62322	MassBank	FFF00239	Estrone	name_formula_mass	4	TRUE	TRUE	4.96000325256318e-08	0.00012400008131408
CPD-3141	62329	MassBank	FFF00194	Genistein	inchikey_connectivity_formula_mass	2	FALSE	TRUE	3.43149997661385e-06	0.00857874994153462
ANDROST4ENE	62337	MassBank	FFF00264	Androstenedione	name_formula_mass	4	TRUE	TRUE	7.87999852036592e-08	0.000196999963009148
ESTRONE	62352	MassBank	FFF00235	Estrone	name_formula_mass	4	TRUE	TRUE	4.96000325256318e-08	0.00012400008131408
ESTRONE	62354	MassBank	FFF00240	Estrone	name_formula_mass	4	TRUE	TRUE	4.96000325256318e-08	0.00012400008131408
CPD-4143	62356	MassBank	FFF00065	beta-Sitosterol	name_formula_mass	4	TRUE	TRUE	3.77290001551955e-06	0.00910479239659718
CPD-4161	62359	MassBank	FFF00124	Brassicasterol	name_formula_mass	4	TRUE	TRUE	3.90130003324884e-06	0.00975325008312211
CPD-3141	62360	MassBank	FFF00196	Genistein	inchikey_connectivity_formula_mass	2	FALSE	TRUE	3.43149997661385e-06	0.00857874994153462
ANDROST4ENE	62366	MassBank	FFF00261	Androstenedione	name_formula_mass	4	TRUE	TRUE	7.87999852036592e-08	0.000196999963009148
CPD-707	62367	MassBank	FFF00161	Campesterol	name_formula_mass	4	TRUE	TRUE	3.83709999596249e-06	0.00958387254070746
ESTRONE	62370	MassBank	FFF00238	Estrone	name_formula_mass	4	TRUE	TRUE	4.96000325256318e-08	0.00012400008131408
DAIDZEIN	62375	MassBank	FFF00070	Daidzein	inchikey	1	TRUE	TRUE	1.19059998837656e-06	0.0029764999709414
CPD-4162	62378	MassBank	FFF00269	Stigmasterol	name_formula_mass	4	TRUE	TRUE	3.83709999596249e-06	0.00930498143190894
ESTRONE	62379	MassBank	FFF00237	Estrone	name_formula_mass	4	TRUE	TRUE	4.96000325256318e-08	0.00012400008131408
ESTRONE	62380	MassBank	FFF00233	Estrone	name_formula_mass	4	TRUE	TRUE	4.96000325256318e-08	0.00012400008131408
ANDROST4ENE	62381	MassBank	FFF00262	Androstenedione	name_formula_mass	4	TRUE	TRUE	7.87999852036592e-08	0.000196999963009148
CPD-3141	62383	MassBank	FFF00193	Genistein	inchikey_connectivity_formula_mass	2	FALSE	TRUE	3.43149997661385e-06	0.00857874994153462
CPD-4143	62384	MassBank	FFF00064	beta-Sitosterol	name_formula_mass	4	TRUE	TRUE	3.77290001551955e-06	0.00910479239659718
CPD-4162	62385	MassBank	FFF00265	Stigmasterol	name_formula_mass	4	TRUE	TRUE	3.83709999596249e-06	0.00930498143190894
CPD-707	62392	MassBank	FFF00160	Campesterol	name_formula_mass	4	TRUE	TRUE	3.83709999596249e-06	0.00958387254070746
ESTRONE	62395	MassBank	FFF00232	Estrone	name_formula_mass	4	TRUE	TRUE	4.96000325256318e-08	0.00012400008131408
CPD-707	62396	MassBank	FFF00165	Campesterol	name_formula_mass	4	TRUE	TRUE	3.83709999596249e-06	0.00958387254070746
CPD-352	62402	MassBank	FFF00275	beta-Estradiol	name_formula_mass	4	TRUE	TRUE	1.46000047607231e-08	3.65000119018077e-05
CPD-4162	62409	MassBank	FFF00271	Stigmasterol	name_formula_mass	4	TRUE	TRUE	3.83709999596249e-06	0.00930498143190894
CHOLESTEROL	62423	MassBank	FFF00007	Cholesterol	name_formula_mass	4	TRUE	TRUE	3.90130003324884e-06	0.00975325008312211
CPD-3141	62426	MassBank	FFF00197	Genistein	inchikey_connectivity_formula_mass	2	FALSE	TRUE	3.43149997661385e-06	0.00857874994153462
ERGOSTEROL	62427	MassBank	FFF00177	Ergosterol	name_formula_mass	4	TRUE	TRUE	3.96550001369178e-06	0.00991375003422945
DAIDZEIN	62430	MassBank	FFF00071	Daidzein	inchikey	1	TRUE	TRUE	1.19059998837656e-06	0.0029764999709414
PROGESTERONE	62433	MassBank	FFF00200	Progesterone	name_formula_mass	4	TRUE	TRUE	2.0720000293295e-07	0.000518000007332375
DAIDZEIN	62442	MassBank	FFF00074	Daidzein	inchikey	1	TRUE	TRUE	1.19059998837656e-06	0.0029764999709414
ERGOSTEROL	62449	MassBank	FFF00179	Ergosterol	name_formula_mass	4	TRUE	TRUE	3.96550001369178e-06	0.00991375003422945
ANDROST4ENE	62455	MassBank	FFF00263	Androstenedione	name_formula_mass	4	TRUE	TRUE	7.87999852036592e-08	0.000196999963009148
CPD-352	62458	MassBank	FFF00274	beta-Estradiol	name_formula_mass	4	TRUE	TRUE	1.46000047607231e-08	3.65000119018077e-05
ANDROST4ENE	62460	MassBank	FFF00258	Androstenedione	name_formula_mass	4	TRUE	TRUE	7.87999852036592e-08	0.000196999963009148
CPD-352	62468	MassBank	FFF00277	beta-Estradiol	name_formula_mass	4	TRUE	TRUE	1.46000047607231e-08	3.65000119018077e-05
CPD-4563	62483	MassBank	PR302916	Biochanin-7-O-glucoside	inchikey	1	TRUE	TRUE	0.286703072800037	642.657220748694
CPD-676	62484	MassBank	PR040211	Caffeic acid	inchikey_connectivity_formula_mass	2	FALSE	TRUE	1.25479999724121e-06	0.00313699999310302
LUTEOLIN-7-O-BETA-D-GLUCOSIDE	62489	MassBank	PR040135	Luteolin 7-glucoside	inchikey	1	TRUE	TRUE	1.48510002873081e-06	0.00331421148817327
4-AMINO-BUTYRATE	62491	MassBank	PR010215	gamma-Aminobutyric acid	inchikey	1	TRUE	TRUE	1.46169999482026e-06	0.00365424998705066
threo-ds-iso-citrate	62500	MassBank	PR010151	Isocitric acid	name_formula_mass	4	TRUE	TRUE	2.61150000824273e-06	0.00652875002060682
CPD-16782	62501	MassBank	PR301734	Chelerythrine	inchikey	1	FALSE	TRUE	0.753408103500021	1883.52025875005
CPD1F-437	62507	MassBank	PR040183	Isoquercitrin	inchikey_connectivity_formula_mass	2	FALSE	TRUE	3.89280000945291e-06	0.00838792922979005
CPD-14427	62515	MassBank	PR306761	7,8-Dihydroxycoumarin	inchikey	1	TRUE	TRUE	0.116391319000002	290.978297500004
CPD-9941	62528	MassBank	PR301599	Harmol	inchikey	1	TRUE	TRUE	0.145687046500001	364.217616250002
INDOLE-3-CARBOXALDEHYDE	62531	MassBank	PR100509	Indole-3-carboxaldehyde	inchikey	1	TRUE	TRUE	3.85199999186625e-06	0.00962999997966563
CPD-20975	62537	MassBank	PR310441	Flaxseeds extract	inchikey	1	TRUE	TRUE	0.249061432800033	622.653582000083
CPD-15291	62540	MassBank	PR306215	Epigallocatechin gallate	inchikey	1	TRUE	TRUE	1.42090004828788e-06	0.00310182678551994
CPD-182	62545	MassBank	PR100503	4-Methylumbelliferone	inchikey	1	TRUE	TRUE	4.12310001252081e-06	0.010307750031302
CPD-431	62548	MassBank	PR040001	Apigenin	inchikey_connectivity_formula_mass	2	FALSE	TRUE	3.43149997661385e-06	0.00857874994153462
CPD-17667	62551	MassBank	PR301263	Ellipticine	inchikey	1	TRUE	TRUE	0.197301540199987	493.253850499968
CPD-9940	62554	MassBank	PR305223	Harmine	inchikey	1	TRUE	TRUE	0.157036982300014	392.592455750034
CPD-16537	62561	MassBank	PR100464	Cyanidin-3-O-(6''-O-(E-p-coum)-2''-O-(beta-xylopyranosyl)-beta-glucopyranoside)-5-O-beta-glucopyranoside	inchikey_connectivity_formula_mass	2	FALSE	TRUE	1.86930003565067e-06	0.00210213161131672
TREHALOSE	62564	MassBank	PR100127	Trehalose	inchikey	1	TRUE	TRUE	1.54930000917375e-06	0.00387325002293437
MELIBIOSE	62569	MassBank	PR010073	Melibiose	inchikey	1	TRUE	TRUE	1.54930000917375e-06	0.00387325002293437
CPD-14976	62595	MassBank	PR302873	Kaempferol-3-O-glucoside-6''-p-coumaroyl	inchikey	1	TRUE	TRUE	0.3876590781	652.473849730577
CPD-8097	62597	MassBank	PR303114	Aesculetin	inchikey	1	TRUE	TRUE	0.116391319000002	290.978297500004
SINAPATE	62612	MassBank	PR303351	Sinapic acid	inchikey_connectivity_formula_mass	2	FALSE	TRUE	3.4957000139002e-06	0.00873925003475051
LUTEOLIN-7-O-BETA-D-GLUCOSIDE	62616	MassBank	PR305569	Luteolin 7-glucoside	inchikey	1	TRUE	TRUE	0.279438514899994	623.606705543674
DAIDZEIN	62619	MassBank	PR306352	Daidzein	inchikey	1	TRUE	TRUE	0.18309119060001	457.727976500024
CPD-15291	62626	MassBank	PR310494	Epigallocatechin gallate	inchikey	1	TRUE	TRUE	1.42090004828788e-06	0.00310182678551994
MYO-INOSITOL	62629	MassBank	PR010016	myo-Inositol	inchikey	1	TRUE	TRUE	1.88219999586181e-06	0.00470549998965453
CPD1F-462	62636	MassBank	PR302432	Kaempferitrin	inchikey	1	TRUE	TRUE	4.32759998147958e-06	0.00748507915973122
CPD-4207	62653	MassBank	PR100324	isopentenyl adenosine	inchikey	1	TRUE	TRUE	4.18849992911419e-06	0.0104712498227855
L-rhamnopyranose	62657	MassBank	PR100779	Rhamnose	inchikey	1	TRUE	TRUE	3.4957000139002e-06	0.00873925003475051
NARINGENIN-CMPD	62658	MassBank	PR302054	Naringenin	inchikey	1	TRUE	TRUE	0.187526504299967	468.816260749918
FORMONONETIN	62661	MassBank	PR302843	Formononetin	inchikey	1	TRUE	TRUE	0.194441126399965	486.102815999914
CPD-7096	62664	MassBank	PR304232	Apigeninidin	inchikey	1	TRUE	TRUE	0.824733841499977	2061.83460374994
N-EE-PIPEROYL-PIPERIDINE	62668	MassBank	PR301807	Piperine	inchikey	1	TRUE	TRUE	0.206506518600008	516.266296500021
FORMONONETIN	62681	MassBank	PR310858	Formononetin	inchikey	1	TRUE	TRUE	0.194441126399965	486.102815999914
CPD-12725	62683	MassBank	PR040075	baicalein-7-O-glucuronide	inchikey_connectivity_formula_mass	2	FALSE	TRUE	1.42090004828788e-06	0.00318526812252387
CPD-7252	62689	MassBank	PR020013	Kaempferide	inchikey_connectivity_formula_mass	2	FALSE	TRUE	1.88220002428352e-06	0.0047055000607088
CPD1F-462	62692	MassBank	PR302408	Kaempferitrin	inchikey	1	TRUE	TRUE	4.32759998147958e-06	0.00748507915973122
COUMARALDEHYDE	62695	MassBank	PR304049	p-Coumaraldehyde	inchikey	1	TRUE	TRUE	0.108570498999995	271.426247499988
CPD-20975	62699	MassBank	PR307988	Flaxseeds extract	inchikey	1	TRUE	TRUE	0.249061432800033	622.653582000083
CPD-7096	62701	MassBank	PR308313	Apigeninidin	inchikey	1	TRUE	TRUE	0.824733841499977	2061.83460374994
CPD-520	62709	MassBank	PR100233	Quercetin	inchikey_connectivity_formula_mass	2	FALSE	TRUE	2.67570004552908e-06	0.00668925011382271
L-CYSTATHIONINE	62715	MassBank	PR010026	L-Cystathionine	inchikey	1	TRUE	TRUE	2.36180000001696e-06	0.00590450000004239
CPD-9940	62716	MassBank	PR304892	Harmine	inchikey	1	TRUE	TRUE	0.157036982300014	392.592455750034
SEROTONIN	62722	MassBank	PR010095	Serotonin	inchikey_connectivity_formula_mass	2	FALSE	TRUE	3.01770000987744e-06	0.00754425002469361
CONIFERYL-ALDEHYDE	62723	MassBank	PR303349	Coniferaldehyde	inchikey	1	TRUE	TRUE	0.124005812700034	310.014531750085
SANGUINARINE	62726	MassBank	PR301659	Sanguinarine	inchikey	1	FALSE	TRUE	0.765107975100022	1912.76993775006
CPD-674	62730	MassBank	PR010191	trans-Cinnamic acid	inchikey_connectivity_formula_mass	2	FALSE	TRUE	4.98999980891313e-07	0.00124749995222828
GALACTITOL	62735	MassBank	PR100862	D-Iditol	name_formula_mass	4	TRUE	TRUE	1.81799998699717e-06	0.00454499996749291
CPD-14976	62737	MassBank	PR302909	Kaempferol-3-O-glucoside-6''-p-coumaroyl	inchikey	1	TRUE	TRUE	0.3876590781	652.473849730577
CPD-14976	62743	MassBank	PR100368	Tiliroside	inchikey	1	TRUE	TRUE	9.21899982131436e-07	0.00155166140660501
CPD-8097	62746	MassBank	PR303112	Aesculetin	inchikey	1	TRUE	TRUE	0.116391319000002	290.978297500004
CPD-17667	62748	MassBank	PR310511	Ellipticine	inchikey	1	TRUE	TRUE	0.197301540199987	493.253850499968
CPD-7138	62756	MassBank	PR100786	cyanidin-3,5-diglucoside	inchikey_connectivity_formula_mass	2	FALSE	TRUE	5.1300048653502e-08	8.39386528765595e-05
CPD1F-2	62772	MassBank	PR100748	Methyl jasmonate	inchikey	1	TRUE	TRUE	4.50829998044355e-06	0.0112707499511089
CPD-14753	62792	MassBank	PR100914	Quercetin 7,4'-O-diglucoside	inchikey	1	TRUE	TRUE	4.61299919152225e-07	0.00073672629869326
FORMONONETIN	62794	MassBank	PR302813	Formononetin	inchikey	1	TRUE	TRUE	0.194441126399965	486.102815999914
CPD1F-453	62797	MassBank	PR100971	Astragalin	inchikey_connectivity_formula_mass	2	FALSE	TRUE	1.48510002873081e-06	0.00331421148817327
TYRAMINE	62801	MassBank	PR100210	Tyramine	inchikey_connectivity_formula_mass	2	FALSE	TRUE	3.98040000959554e-06	0.00995100002398885
CPD-9941	62815	MassBank	PR305206	Harmol	inchikey	1	TRUE	TRUE	0.145687046500001	364.217616250002
CPD-18094	62820	MassBank	PR100462	Cyanidin-3-O-(2''-O-beta-xylopyranosyl-beta-glucopyranoside)-5-O-beta-glucopyranoside	inchikey_connectivity_formula_mass	2	FALSE	TRUE	1.30609998905129e-06	0.00175739221366475
CPD-3041	62823	MassBank	PR302697	Isoliquiritigenin	inchikey	1	TRUE	TRUE	0.183441126399998	458.602815999996
CPD-15448	62836	MassBank	PR304372	Ginsenoside F1	inchikey	1	TRUE	TRUE	0.443616410900063	694.844995943381
CPD-3424	62839	MassBank	PR100257	Daidzin	inchikey	1	TRUE	TRUE	2.240900016659e-06	0.00538534539734406
ARABINOSE-5P	62845	MassBank	PR100544	D-Arabinose 5-phosphate	inchikey_connectivity_formula_mass	2	FALSE	TRUE	3.83990001751044e-06	0.00959975004377611
FORMONONETIN	62847	MassBank	PR306528	Formononetin	inchikey	1	TRUE	TRUE	0.194441126399965	486.102815999914
CPD-4563	62848	MassBank	PR302862	Biochanin-7-O-glucoside	inchikey	1	TRUE	TRUE	0.286703072800037	642.657220748694
CPD-7059	62854	MassBank	PR302564	Naringenin-7-O-rutinoside	inchikey	1	TRUE	TRUE	0.359794263399976	620.14332785881
CPD-4210	62855	MassBank	PR100759	Zeatin	inchikey	1	TRUE	TRUE	6.54000018585066e-08	0.000163500004646266
CPD1F-462	62859	MassBank	PR302420	Kaempferitrin	inchikey	1	TRUE	TRUE	4.32759998147958e-06	0.00748507915973122
CPD-4207	62876	MassBank	PR020107	isopentenyl adenosine	inchikey	1	TRUE	TRUE	4.18849992911419e-06	0.0104712498227855
CPD-14976	62887	MassBank	PR302879	Kaempferol-3-O-glucoside-6''-p-coumaroyl	inchikey	1	TRUE	TRUE	0.3876590781	652.473849730577
CPD-14969	62901	MassBank	PR302958	Isorhamnetin 3-beta-D-glucoside	inchikey	1	TRUE	TRUE	0.294873828600032	616.747472415694
CPD-11685	62912	MassBank	PR100365	Quercetin 4'-glucoside	inchikey_connectivity_formula_mass	2	FALSE	TRUE	3.89280000945291e-06	0.00838792922979005
CPD-17600	62913	MassBank	PR303924	(-)-Arctigenin	inchikey	1	TRUE	TRUE	0.259711496999955	649.278742499888
CPD1F-462	62919	MassBank	PR302426	Kaempferitrin	inchikey	1	TRUE	TRUE	4.32759998147958e-06	0.00748507915973122
THYMINE	62924	MassBank	PR010239	Thymine	inchikey	1	TRUE	TRUE	2.5527999980568e-06	0.006381999995142
URACIL	62926	MassBank	PR100037	Uracil	inchikey	1	TRUE	TRUE	2.61700000692144e-06	0.00654250001730361
CPD-12725	62932	MassBank	PR100237	Baicalin	inchikey_connectivity_formula_mass	2	FALSE	TRUE	1.42090004828788e-06	0.00318526812252387
NARINGIN	62937	MassBank	PR303729	Naringin	inchikey	1	TRUE	TRUE	0.359794263399976	620.14332785881
CPD-9940	62938	MassBank	PR300866	Harmine	inchikey	1	TRUE	TRUE	0.157036982300014	392.592455750034
CPD-14427	62940	MassBank	PR306781	7,8-Dihydroxycoumarin	inchikey	1	TRUE	TRUE	0.116391319000002	290.978297500004
2-Aminobutyrate	62943	MassBank	PR100764	alpha-Aminobutyric acid	inchikey	1	TRUE	TRUE	1.46169999482026e-06	0.00365424998705066
SINAPATE	62945	MassBank	PR020014	Sinapic acid	inchikey_connectivity_formula_mass	2	FALSE	TRUE	3.4957000139002e-06	0.00873925003475051
CPD-9940	62955	MassBank	PR301697	Harmine	inchikey	1	TRUE	TRUE	0.157036982300014	392.592455750034
CPD-8097	62956	MassBank	PR303107	Aesculetin	inchikey	1	TRUE	TRUE	0.116391319000002	290.978297500004
INDOLE-3-CARBOXALDEHYDE	62974	MassBank	PR100986	Indole-3-carboxaldehyde	inchikey	1	TRUE	TRUE	3.85199999186625e-06	0.00962999997966563
FORMONONETIN	62975	MassBank	PR302803	Formononetin	inchikey	1	TRUE	TRUE	0.194441126399965	486.102815999914
UDP-N-ACETYL-D-GLUCOSAMINE	62978	MassBank	PR100620	Uridine diphosphate-N-acetylglucosamine	inchikey_connectivity_formula_mass	2	FALSE	TRUE	5.22000050295901e-07	0.000859851585915783
CPD-7079	62980	MassBank	PR302406	Sakuranetin	inchikey	1	TRUE	TRUE	0.198876440100037	497.191100250092
MAL	62981	MassBank	PR010055	Malic acid	inchikey_connectivity_formula_mass	2	FALSE	TRUE	3.30309998730627e-06	0.00825774996826567
CPD-8909	62986	MassBank	PR304010	Secoisolariciresinol	inchikey	1	TRUE	TRUE	0.249061432800033	622.653582000083
CPD-20975	63002	MassBank	PR307979	Flaxseeds extract	inchikey	1	TRUE	TRUE	0.249061432800033	622.653582000083
CPD-15291	63003	MassBank	PR306275	Epigallocatechin gallate	inchikey	1	TRUE	TRUE	1.42090004828788e-06	0.00310182678551994
CPD-4441	63005	MassBank	PR020091	cis-Zeatin	inchikey	1	TRUE	TRUE	6.54000018585066e-08	0.000163500004646266
PALMATINE	63006	MassBank	PR300611	Palmatine	inchikey	1	FALSE	TRUE	0.752708231899987	1881.77057974997
CPD-8959	63013	MassBank	PR303986	Podofilox	inchikey	1	TRUE	TRUE	0.278532317000042	672.569796635804
CPD-9941	63014	MassBank	PR301611	Harmol	inchikey	1	TRUE	TRUE	0.145687046500001	364.217616250002
CPD-7075	63029	MassBank	PR308798	Hesperidin	inchikey	1	TRUE	TRUE	4.22900029661832e-07	0.000693063125867771
PYRIDOXAL	63034	MassBank	PR100699	Pyridoxal	inchikey	1	TRUE	TRUE	3.160399984381e-06	0.0079009999609525
CPD-15448	63036	MassBank	PR304391	Ginsenoside F1	inchikey	1	TRUE	TRUE	0.443616410900063	694.844995943381
N-ALPHA-ACETYLORNITHINE	63046	MassBank	PR100735	N2-Acetylornithine	inchikey	1	TRUE	TRUE	2.3261000023922e-06	0.00581525000598049
CPD-14427	63048	MassBank	PR100937	Daphnetin	inchikey	1	TRUE	TRUE	1.31900000610585e-06	0.00329750001526463
DAIDZEIN	63057	MassBank	PR306338	Daidzein	inchikey	1	TRUE	TRUE	0.18309119060001	457.727976500024
CPD-17667	63061	MassBank	PR301260	Ellipticine	inchikey	1	TRUE	TRUE	0.197301540199987	493.253850499968
CATECHOL	63062	MassBank	PR100635	Pyrocatechol	inchikey	1	TRUE	TRUE	5.63199989755958e-07	0.0014079999743899
GDP-D-GLUCOSE	63067	MassBank	PR100565	GDP-glucose	inchikey_connectivity_formula_mass	2	FALSE	TRUE	2.80209997072234e-06	0.00463097963250781
CPD1F-2	63070	MassBank	PR100749	Methyl jasmonate	inchikey	1	TRUE	TRUE	4.50829998044355e-06	0.0112707499511089
PROTOPINE	63080	MassBank	PR301814	Protopine	inchikey	1	TRUE	TRUE	0.247677274400019	619.193186000047
CPD-15291	63095	MassBank	PR302610	Epigallocatechin gallate	inchikey	1	TRUE	TRUE	1.42090004828788e-06	0.00310182678551994
CPD-8117	63097	MassBank	PR100632	gamma-Linolenic acid	inchikey_connectivity_formula_mass	2	FALSE	TRUE	2.0720000293295e-07	0.000518000007332375
ANTHRANILATE	63099	MassBank	PR100494	2-Aminobenzoic acid	inchikey_connectivity_formula_mass	2	FALSE	TRUE	1.52590001789576e-06	0.00381475004473941
CPD-3141	63100	MassBank	PR040021	Genistein	inchikey_connectivity_formula_mass	2	FALSE	TRUE	3.43149997661385e-06	0.00857874994153462
LUTEOLIN-7-O-BETA-D-GLUCOSIDE	63102	MassBank	PR040140	Luteolin 7-glucoside	inchikey	1	TRUE	TRUE	1.48510002873081e-06	0.00331421148817327
PIPERIDINE	63122	MassBank	PR100190	Piperidine	inchikey_connectivity_formula_mass	2	FALSE	TRUE	6.41699998027434e-07	0.00160424999506859
CPD-9940	63132	MassBank	PR300851	Harmine	inchikey	1	TRUE	TRUE	0.157036982300014	392.592455750034
CPD-15448	63134	MassBank	PR304365	Ginsenoside F1	inchikey	1	TRUE	TRUE	0.443616410900063	694.844995943381
CPD1F-766	63136	MassBank	PR040252	Cyanidin 3-glucoside	inchikey_connectivity_formula_mass	2	FALSE	TRUE	3.48279996842393e-06	0.00775492080081775
CATECHOL	63137	MassBank	PR100636	Pyrocatechol	inchikey	1	TRUE	TRUE	5.63199989755958e-07	0.0014079999743899
CPD-20974	63138	MassBank	PR307999	Epipinoresinol	inchikey	1	TRUE	TRUE	0.248361561199999	620.903902999999
ARG	63160	MassBank	PR010030	L-Arginine	inchikey_connectivity_formula_mass	2	FALSE	TRUE	4.28559999932077e-06	0.0107139999983019
SCOPOLETIN	63168	MassBank	PR303160	Scopoletin	inchikey	1	TRUE	TRUE	0.127741254799986	319.353136999965
CPD-7096	63173	MassBank	PR308295	Apigeninidin	inchikey	1	TRUE	TRUE	0.824733841499977	2061.83460374994
CPD-369	63179	MassBank	PR100483	L-Iditol	inchikey	1	TRUE	TRUE	1.81799998699717e-06	0.00454499996749291
CPD-14753	63181	MassBank	PR303040	Quercetin 7,4'-O-diglucoside	inchikey	1	TRUE	TRUE	0.371700461299952	593.630073855975
ALLANTOIN	63184	MassBank	PR010136	Allantoin	name_formula_mass	4	TRUE	TRUE	7.96999870544823e-08	0.000199249967636206
CPD-14753	63186	MassBank	PR303030	Quercetin 7,4'-O-diglucoside	inchikey	1	TRUE	TRUE	0.371700461299952	593.630073855975
CPD-17600	63187	MassBank	PR303917	(-)-Arctigenin	inchikey	1	TRUE	TRUE	0.259711496999955	649.278742499888
GDP-D-GLUCOSE	63188	MassBank	PR100143	GDP-glucose	inchikey_connectivity_formula_mass	2	FALSE	TRUE	2.80209997072234e-06	0.00463097963250781
CPD-17667	63190	MassBank	PR309446	Ellipticine	inchikey	1	TRUE	TRUE	0.197301540199987	493.253850499968
SACCHAROPINE	63195	MassBank	PR100700	Saccharopine	inchikey_connectivity_formula_mass	2	FALSE	TRUE	3.61499996870407e-06	0.00903749992176017
SINAPATE	63200	MassBank	PR307068	Sinapic acid	inchikey_connectivity_formula_mass	2	FALSE	TRUE	3.4957000139002e-06	0.00873925003475051
MYRICETIN	63204	MassBank	PR040040	Myricetin	inchikey_connectivity_formula_mass	2	FALSE	TRUE	2.70219999265464e-06	0.0067554999816366
PYRIDOXAL_PHOSPHATE	63214	MassBank	PR100723	Pyridoxal 5'-phosphate	inchikey_connectivity_formula_mass	2	FALSE	TRUE	3.56879999685589e-06	0.00892199999213972
CPD-7075	63216	MassBank	PR310491	Hesperidin	inchikey	1	TRUE	TRUE	4.22900029661832e-07	0.000693063125867771
NARINGENIN-7-O-BETA-D-GLUCOSIDE	63221	MassBank	PR302715	Naringenin-7-O-glucoside	inchikey	1	TRUE	TRUE	0.275703072800013	635.083039582477
DAIDZEIN	63224	MassBank	PR306291	Daidzein	inchikey	1	TRUE	TRUE	0.18309119060001	457.727976500024
LUTEOLIN-7-O-BETA-D-GLUCOSIDE	63227	MassBank	PR305631	Luteolin 7-glucoside	inchikey	1	TRUE	TRUE	0.279438514899994	623.606705543674
CPD-7075	63248	MassBank	PR306526	Hesperidin	inchikey	1	TRUE	TRUE	4.22900029661832e-07	0.000693063125867771
CPD-15001	63252	MassBank	PR100654	Cyanidin 3-rutinoside	inchikey_connectivity_formula_mass	2	FALSE	TRUE	4.6733999852222e-06	0.00785225914491286
CPD-3041	63253	MassBank	PR302742	Isoliquiritigenin	inchikey	1	TRUE	TRUE	0.183441126399998	458.602815999996
CPD-6994	63265	MassBank	PR040011	Eriodictyol	inchikey_connectivity_formula_mass	2	FALSE	TRUE	1.88220002428352e-06	0.0047055000607088
CPD-9941	63267	MassBank	PR305197	Harmol	inchikey	1	TRUE	TRUE	0.145687046500001	364.217616250002
CPD-7252	63272	MassBank	PR040033	Kaempferide	inchikey_connectivity_formula_mass	2	FALSE	TRUE	1.88220002428352e-06	0.0047055000607088
CPD-13080	63273	MassBank	PR100369	Solasodine	name_formula_mass	4	FALSE	TRUE	3.70300028862403e-07	0.000895895736214427
CPD-8959	63280	MassBank	PR303983	Podofilox	inchikey	1	TRUE	TRUE	0.278532317000042	672.569796635804
CPD-20975	63285	MassBank	PR307976	Flaxseeds extract	inchikey	1	TRUE	TRUE	0.249061432800033	622.653582000083
ONONIN	63291	MassBank	PR308751	Formononetin-7-O-glucoside	inchikey	1	TRUE	TRUE	0.282617694900011	657.057335998384
CPD-20973	63294	MassBank	PR308739	Lariciresinol	inchikey	1	TRUE	TRUE	0.248711496999988	621.77874249997
QUINATE	63299	MassBank	PR100727	Quinic acid	inchikey_connectivity_formula_mass	2	FALSE	TRUE	1.88219999586181e-06	0.00470549998965453
CPD-4614	63307	MassBank	PR020116	6-(4-O-beta-D-Glucosyl-3-methyl-trans-but-2-enyl-amino)-purine	name_formula_mass	4	TRUE	TRUE	3.49689997847236e-06	0.00874224994618089
CAMP	63314	MassBank	PR100531	Cyclic AMP	inchikey_connectivity_formula_mass	2	FALSE	TRUE	3.46200067724567e-07	0.000865500169311417
B-ALANINE	63318	MassBank	PR100216	beta-Alanine	inchikey	1	TRUE	TRUE	1.52590000368491e-06	0.00381475000921228
CPD-68	63320	MassBank	PR100012	1-Aminocyclopropanecarboxylic acid	inchikey	1	TRUE	TRUE	1.52590000368491e-06	0.00381475000921228
CPD-21103	63321	MassBank	PR010087	(+-)-3-Methyl-2-oxovaleric acid	inchikey_connectivity_formula_mass	2	FALSE	TRUE	5.81269998178868e-06	0.0145317499544717
CPD1F-461	63328	MassBank	PR100970	Kaempferol-3-O-alpha-L-rhamnoside	inchikey_connectivity_formula_mass	2	FALSE	TRUE	3.13700002152473e-06	0.0072597987188983
2-KETOGLUTARATE	63330	MassBank	PR010210	Oxoglutaric acid	inchikey_connectivity_formula_mass	2	FALSE	TRUE	3.30309998730627e-06	0.00825774996826567
D-Galactopyranuronate	63334	MassBank	PR010108	D-(+)-Galacturonic acid	inchikey_connectivity_formula_mass	2	FALSE	TRUE	2.67569998868566e-06	0.00668924997171416
HOMO-SER	63342	MassBank	PR100726	L-Homoserine	inchikey	1	TRUE	TRUE	3.16039999859186e-06	0.00790099999647964
CPD-9250	63346	MassBank	PR303721	Ginsenoside Rb1	inchikey	1	TRUE	TRUE	0.704060738499948	635.088284150645
CPD-12724	63348	MassBank	PR307462	Baicalein	inchikey	1	TRUE	TRUE	0.187176568500036	467.941421250089
CPD1F-462	63360	MassBank	PR306113	Kaempferitrin	inchikey	1	TRUE	TRUE	4.32759998147958e-06	0.00748507915973122
INOSINE	63363	MassBank	PR100571	Inosine	inchikey	1	TRUE	TRUE	4.83499945858057e-07	0.00120874986464514
CPD1F-462	63371	MassBank	PR302456	Kaempferitrin	inchikey	1	TRUE	TRUE	4.32759998147958e-06	0.00748507915973122
SINAPALDEHYDE	63375	MassBank	PR302327	Sinapoyl aldehyde	inchikey	1	TRUE	TRUE	0.139441126399987	348.602815999968
ONONIN	63378	MassBank	PR305935	Formononetin-7-O-glucoside	inchikey	1	TRUE	TRUE	0.282617694900011	657.057335998384
ONONIN	63382	MassBank	PR305983	Formononetin-7-O-glucoside	inchikey	1	TRUE	TRUE	0.282617694900011	657.057335998384
CPD-17600	63386	MassBank	PR303920	(-)-Arctigenin	inchikey	1	TRUE	TRUE	0.259711496999955	649.278742499888
CPD-6901	63392	MassBank	PR100440	Cerulenin	inchikey	1	TRUE	TRUE	3.41720001983958e-06	0.00854300004959896
CPD1F-462	63399	MassBank	PR100943	Kaempferitrin	inchikey	1	TRUE	TRUE	4.32759998147958e-06	0.00748507915973122
N-acetyl-D-glucosamine	63400	MassBank	PR010179	N-Acetyl-D-glucosamine	inchikey	1	TRUE	TRUE	2.78070001513697e-06	0.00695175003784243
QUINOLINATE	63403	MassBank	PR010082	Quinolinic acid	inchikey_connectivity_formula_mass	2	FALSE	TRUE	2.3459000146886e-06	0.00586475003672149
NARINGENIN-7-O-BETA-D-GLUCOSIDE	63405	MassBank	PR040151	naringenin-7-O-glucoside	inchikey	1	TRUE	TRUE	3.07280004108179e-06	0.0070782061668748
NARINGIN	63406	MassBank	PR303735	Naringin	inchikey	1	TRUE	TRUE	0.359794263399976	620.14332785881
CPD-695	63410	MassBank	PR020168	Gibberellin A53	inchikey_connectivity_formula_mass	2	FALSE	TRUE	4.00930002797395e-06	0.0100232500699349
ONONIN	63415	MassBank	PR305956	Formononetin-7-O-glucoside	inchikey	1	TRUE	TRUE	0.282617694900011	657.057335998384
GIBBERELLIN	63420	MassBank	PR020140	Gibberellin A3	name_formula_mass	4	FALSE	TRUE	1.561200008382e-06	0.003903000020955
CPD-7630	63426	MassBank	PR302743	Epicatechin	inchikey	1	TRUE	TRUE	0.191961818000038	479.904545000096
SINAPATE	63433	MassBank	PR307073	Sinapic acid	inchikey_connectivity_formula_mass	2	FALSE	TRUE	3.4957000139002e-06	0.00873925003475051
GDP-MANNOSE	63456	MassBank	PR100142	Guanosine diphosphate mannose	inchikey_connectivity_formula_mass	2	FALSE	TRUE	2.80209997072234e-06	0.00463097963250781
4-hydroxybenzoate	63462	MassBank	PR100187	4-Hydroxybenzoic acid	inchikey_connectivity_formula_mass	2	FALSE	TRUE	4.05890000365616e-06	0.0101472500091404
CPD-591	63464	MassBank	PR020007	Cyanidin	inchikey_connectivity_formula_mass	2	FALSE	TRUE	3.08569997287123e-06	0.00771424993217806
CONIFERYL-ALDEHYDE	63468	MassBank	PR303376	Coniferaldehyde	inchikey	1	TRUE	TRUE	0.124005812700034	310.014531750085
SCOPOLETIN	63473	MassBank	PR303144	Scopoletin	inchikey	1	TRUE	TRUE	0.127741254799986	319.353136999965
CPD-520	63474	MassBank	PR040054	Quercetin	inchikey_connectivity_formula_mass	2	FALSE	TRUE	2.67570004552908e-06	0.00668925011382271
CPD-12727	63481	MassBank	PR307450	Wogonin	inchikey	1	TRUE	TRUE	0.198526504299991	496.316260749978
CPD-8004	63486	MassBank	PR040024	Isorhamnetin	inchikey_connectivity_formula_mass	2	FALSE	TRUE	2.73990002597202e-06	0.00684975006493005
CPD1F-96	63497	MassBank	PR020152	Gibberellin A19	inchikey_connectivity_formula_mass	2	FALSE	TRUE	1.43279999065271e-06	0.00358199997663178
NARINGENIN-CMPD	63498	MassBank	PR020017	Naringenin	inchikey	1	TRUE	TRUE	3.4957000139002e-06	0.00873925003475051
CPD-13494	63500	MassBank	PR308731	6-Gingerol	inchikey	1	TRUE	TRUE	6.77000002724526e-07	0.00169250000681131
SCOPOLETIN	63505	MassBank	PR303164	Scopoletin	inchikey	1	TRUE	TRUE	0.127741254799986	319.353136999965
PHE	63508	MassBank	PR010036	L-Phenylalanine	inchikey	1	TRUE	TRUE	1.39750000016647e-06	0.00349375000041618
PROTOPINE	63509	MassBank	PR301818	Protopine	inchikey	1	TRUE	TRUE	0.247677274400019	619.193186000047
CPD-7075	63511	MassBank	PR306531	Hesperidin	inchikey	1	TRUE	TRUE	4.22900029661832e-07	0.000693063125867771
CPD-20974	63517	MassBank	PR308003	Epipinoresinol	inchikey	1	TRUE	TRUE	0.248361561199999	620.903902999999
CPD-7137	63519	MassBank	PR100232	Pelargonin	inchikey_connectivity_formula_mass	2	FALSE	TRUE	4.6733999852222e-06	0.00785225914491286
CPD-3041	63525	MassBank	PR302752	Isoliquiritigenin	inchikey	1	TRUE	TRUE	0.183441126399998	458.602815999996
NARINGENIN-7-O-BETA-D-GLUCOSIDE	63527	MassBank	PR040152	naringenin-7-O-glucoside	inchikey	1	TRUE	TRUE	3.07280004108179e-06	0.0070782061668748
SANGUINARINE	63536	MassBank	PR301665	Sanguinarine	inchikey	1	FALSE	TRUE	0.765107975100022	1912.76993775006
HIS	63554	MassBank	PR100755	L-Histidine	inchikey	1	TRUE	TRUE	3.45129998891025e-06	0.00862824997227563
NARINGIN	63559	MassBank	PR303709	Naringin	inchikey	1	TRUE	TRUE	0.359794263399976	620.14332785881
CPD-12727	63560	MassBank	PR307455	Wogonin	inchikey	1	TRUE	TRUE	0.198526504299991	496.316260749978
CPD-10500	63562	MassBank	PR100907	Peonidin	name_formula_mass	4	FALSE	TRUE	3.14990001015758e-06	0.00787475002539395
DAMP	63563	MassBank	PR010127	Deoxyadenosine monophosphate	inchikey_connectivity_formula_mass	2	FALSE	TRUE	2.82000030438212e-07	0.00070500007609553
NIACINAMIDE	63564	MassBank	PR100182	Niacinamide	inchikey	1	TRUE	TRUE	2.82509999749436e-06	0.00706274999373591
CPD-17667	63568	MassBank	PR301239	Ellipticine	inchikey	1	TRUE	TRUE	0.197301540199987	493.253850499968
CPD1F-420	63577	MassBank	PR100945	Kaempferol 3-O-beta-glucopyranoside-7-O-alpha-rhamnopyranoside	inchikey	1	TRUE	TRUE	2.9450006877596e-07	0.000495659127151698
GUANINE	63583	MassBank	PR100138	Guanine	inchikey	1	TRUE	TRUE	1.91400005178366e-07	0.000478500012945915
CPD-20975	63588	MassBank	PR307980	Flaxseeds extract	inchikey	1	TRUE	TRUE	0.249061432800033	622.653582000083
SCOPOLETIN	63590	MassBank	PR306883	Scopoletin	inchikey	1	TRUE	TRUE	0.127741254799986	319.353136999965
CPD1F-462	63591	MassBank	PR101034	Kaempferitrin	inchikey	1	TRUE	TRUE	4.32759998147958e-06	0.00748507915973122
CPD-15291	63592	MassBank	PR302556	Epigallocatechin gallate	inchikey	1	TRUE	TRUE	1.42090004828788e-06	0.00310182678551994
INDOLE_ACETALDEHYDE	63596	MassBank	PR100147	Indoleacetaldehyde	inchikey	1	TRUE	TRUE	3.9162000007309e-06	0.00979050000182724
NIACINE	63597	MassBank	PR100045	Nicotinic acid	inchikey_connectivity_formula_mass	2	FALSE	TRUE	1.59010001254956e-06	0.00397525003137389
CPD-6994	63602	MassBank	PR040012	Eriodictyol	inchikey_connectivity_formula_mass	2	FALSE	TRUE	1.88220002428352e-06	0.0047055000607088
CATECHOL	63621	MassBank	PR305478	Pyrocatechol	inchikey	1	TRUE	TRUE	0.0752205631999914	188.051407999978
CPD-20973	63624	MassBank	PR309426	Lariciresinol	inchikey	1	TRUE	TRUE	0.248711496999988	621.77874249997
CPD-8004	63625	MassBank	PR040025	Isorhamnetin	inchikey_connectivity_formula_mass	2	FALSE	TRUE	2.73990002597202e-06	0.00684975006493005
CPD-18094	63631	MassBank	PR100922	Cyanidin-3-O-(2''-O-beta-xylopyranosyl-beta-glucopyranoside)-5-O-beta-glucopyranoside	inchikey_connectivity_formula_mass	2	FALSE	TRUE	1.30609998905129e-06	0.00175739221366475
CPD-20973	63633	MassBank	PR307941	Lariciresinol	inchikey	1	TRUE	TRUE	0.248711496999988	621.77874249997
FORMONONETIN	63634	MassBank	PR302848	Formononetin	inchikey	1	TRUE	TRUE	0.194441126399965	486.102815999914
CPD-6994	63636	MassBank	PR040015	Eriodictyol	inchikey_connectivity_formula_mass	2	FALSE	TRUE	1.88220002428352e-06	0.0047055000607088
CPD-6959	63649	MassBank	PR304267	trans-pterostilbene	inchikey	1	TRUE	TRUE	0.191055620099974	477.639050249934
CPDQT-280	63653	MassBank	PR100950	4-Methylsulfinylbutyl glucosinolate	name_formula_mass	4	FALSE	TRUE	1.96549996189788e-06	0.00449721341106618
CPD-332	63654	MassBank	PR020099	Dihydrozeatin	name_formula_mass	4	TRUE	TRUE	1.29600010723152e-07	0.00032400002680788
INDOLE_ACETATE_AUXIN	63655	MassBank	PR100148	Indoleacetic acid	inchikey_connectivity_formula_mass	2	FALSE	TRUE	1.46170000903112e-06	0.0036542500225778
CPD-7059	63656	MassBank	PR302594	Naringenin-7-O-rutinoside	inchikey	1	TRUE	TRUE	0.359794263399976	620.14332785881
APIGENIN-7-O-BETA-D-GLUCOSIDE	63657	MassBank	PR302388	Cosmosiin	inchikey_connectivity_formula_mass	2	FALSE	TRUE	3.13700002152473e-06	0.0072597987188983
L-DIHYDROXY-PHENYLALANINE	63659	MassBank	PR010128	L-Dopa	inchikey	1	TRUE	TRUE	2.15330001651637e-06	0.00538325004129092
CPD-14976	63669	MassBank	PR302903	Kaempferol-3-O-glucoside-6''-p-coumaroyl	inchikey	1	TRUE	TRUE	0.3876590781	652.473849730577
CPD-13511	63672	MassBank	PR040059	3,3',4',5-tetrahydroxy-7-methoxyflavone	inchikey	1	TRUE	TRUE	2.73990002597202e-06	0.00684975006493005
INDOLE-3-CARBOXALDEHYDE	63676	MassBank	PR100054	Indole-3-carboxaldehyde	inchikey	1	TRUE	TRUE	3.85199999186625e-06	0.00962999997966563
CPD-16782	63680	MassBank	PR301737	Chelerythrine	inchikey	1	FALSE	TRUE	0.753408103500021	1883.52025875005
CPD-20975	63683	MassBank	PR307984	Flaxseeds extract	inchikey	1	TRUE	TRUE	0.249061432800033	622.653582000083
LUTEOLIN-7-O-BETA-D-GLUCOSIDE	63706	MassBank	PR302016	Luteolin 7-glucoside	inchikey	1	TRUE	TRUE	0.279438514899994	623.606705543674
CPD-14452	63720	MassBank	PR311074	Scoparone	inchikey	1	TRUE	TRUE	0.139091190599999	347.727976499996
CPD-7079	63722	MassBank	PR302358	Sakuranetin	inchikey	1	TRUE	TRUE	0.198876440100037	497.191100250092
CPD-9940	63726	MassBank	PR300847	Harmine	inchikey	1	TRUE	TRUE	0.157036982300014	392.592455750034
LUTEOLIN-7-O-BETA-D-GLUCOSIDE	63727	MassBank	PR302040	Luteolin 7-glucoside	inchikey	1	TRUE	TRUE	0.279438514899994	623.606705543674
CPD-3424	63740	MassBank	PR040209	Daidzin	inchikey	1	TRUE	TRUE	2.240900016659e-06	0.00538534539734406
D-Galactopyranuronate	63742	MassBank	PR100504	D(+)-Galacturonic acid	inchikey_connectivity_formula_mass	2	FALSE	TRUE	2.67569998868566e-06	0.00668924997171416
TYR	63744	MassBank	PR100036	L-Tyrosine	inchikey	1	TRUE	TRUE	3.22459999324565e-06	0.00806149998311412
CPD-15291	63748	MassBank	PR306233	Epigallocatechin gallate	inchikey	1	TRUE	TRUE	1.42090004828788e-06	0.00310182678551994
CPD-8909	63752	MassBank	PR304009	Secoisolariciresinol	inchikey	1	TRUE	TRUE	0.249061432800033	622.653582000083
L-2-AMINOPENTANOIC-ACID	63753	MassBank	PR100584	L-Norvaline	inchikey	1	TRUE	TRUE	1.39750000016647e-06	0.00349375000041618
TRP	63760	MassBank	PR010037	L-Tryptophan	inchikey	1	TRUE	TRUE	2.36019999988457e-06	0.00590049999971143
GLC	63771	MassBank	PR010079	D-Glucose	inchikey	1	TRUE	TRUE	1.88219999586181e-06	0.00470549998965453
SINAPATE	63776	MassBank	PR303375	Sinapic acid	inchikey_connectivity_formula_mass	2	FALSE	TRUE	3.4957000139002e-06	0.00873925003475051
FORMONONETIN	63779	MassBank	PR306533	Formononetin	inchikey	1	TRUE	TRUE	0.194441126399965	486.102815999914
GLUTARATE	63791	MassBank	PR010158	Glutaric acid	inchikey_connectivity_formula_mass	2	FALSE	TRUE	1.25479999724121e-06	0.00313699999310302
SANGUINARINE	63796	MassBank	PR301653	Sanguinarine	inchikey	1	FALSE	TRUE	0.765107975100022	1912.76993775006
CPD-7075	63800	MassBank	PR100801	Hesperidin	inchikey	1	TRUE	TRUE	4.22900029661832e-07	0.000693063125867771
CPD-12725	63808	MassBank	PR100652	Baicalin	inchikey_connectivity_formula_mass	2	FALSE	TRUE	1.42090004828788e-06	0.00318526812252387
CPD1F-453	63813	MassBank	PR040113	Astragalin	inchikey_connectivity_formula_mass	2	FALSE	TRUE	1.48510002873081e-06	0.00331421148817327
TARTRATE	63825	MassBank	PR100763	3-carboxy-2,3-dihydroxypropanoate	name_formula_mass	4	FALSE	TRUE	2.07479999403404e-06	0.00518699998508509
FORMONONETIN	63834	MassBank	PR309182	Formononetin	inchikey	1	TRUE	TRUE	0.194441126399965	486.102815999914
NARINGENIN-CMPD	63839	MassBank	PR020070	Naringenin	inchikey	1	TRUE	TRUE	3.4957000139002e-06	0.00873925003475051
CPD-13509	63843	MassBank	PR040176	Quercetin 3-galactoside	inchikey_connectivity_formula_mass	2	FALSE	TRUE	3.89280000945291e-06	0.00838792922979005
CPD-14976	63845	MassBank	PR302897	Kaempferol-3-O-glucoside-6''-p-coumaroyl	inchikey	1	TRUE	TRUE	0.3876590781	652.473849730577
PROTOPINE	63850	MassBank	PR301826	Protopine	inchikey	1	TRUE	TRUE	0.247677274400019	619.193186000047
CPD-83	63854	MassBank	PR302560	Resveratrol	inchikey	1	TRUE	TRUE	0.168355748500005	420.889371250013
CPD-9941	63858	MassBank	PR305215	Harmol	inchikey	1	TRUE	TRUE	0.145687046500001	364.217616250002
MET	63860	MassBank	PR030013	L-Methionine	inchikey	1	TRUE	TRUE	7.07499992813609e-07	0.00176874998203402
CPD-15450	63861	MassBank	PR304430	Ginsenoside compound K	inchikey	1	TRUE	TRUE	0.43953103299998	706.136940584306
CPD-7630	63871	MassBank	PR302703	Epicatechin	inchikey	1	TRUE	TRUE	0.191961818000038	479.904545000096
CPD-12727	63872	MassBank	PR307453	Wogonin	inchikey	1	TRUE	TRUE	0.198526504299991	496.316260749978
Medicarpin	63882	MassBank	PR309025	Medicarpin	inchikey	1	TRUE	TRUE	0.194791062200011	486.977655500027
CPD-20975	63884	MassBank	PR307972	Flaxseeds extract	inchikey	1	TRUE	TRUE	0.249061432800033	622.653582000083
ONONIN	63890	MassBank	PR302281	Formononetin-7-O-glucoside	inchikey	1	TRUE	TRUE	0.282617694900011	657.057335998384
SINAPATE	63894	MassBank	PR303360	Sinapic acid	inchikey_connectivity_formula_mass	2	FALSE	TRUE	3.4957000139002e-06	0.00873925003475051
CPD-674	63895	MassBank	PR100060	trans-Cinnamic acid	inchikey_connectivity_formula_mass	2	FALSE	TRUE	4.98999980891313e-07	0.00124749995222828
CPD-4208	63897	MassBank	PR100614	trans-zeatin riboside	inchikey	1	TRUE	TRUE	1.18940005222612e-06	0.0029735001305653
SINAPATE	63898	MassBank	PR303372	Sinapic acid	inchikey_connectivity_formula_mass	2	FALSE	TRUE	3.4957000139002e-06	0.00873925003475051
CPD-15450	63903	MassBank	PR304432	Ginsenoside compound K	inchikey	1	TRUE	TRUE	0.43953103299998	706.136940584306
N-EE-PIPEROYL-PIPERIDINE	63908	MassBank	PR301810	Piperine	inchikey	1	TRUE	TRUE	0.206506518600008	516.266296500021
THZ	63913	MassBank	PR100300	5-(2-Hydroxyethyl)-4-methylthiazole	inchikey	1	TRUE	TRUE	4.60620000808376e-06	0.0115155000202094
ALLO-THR	63915	MassBank	PR100315	L-Allothreonine	name_formula_mass	4	TRUE	TRUE	3.16039999859186e-06	0.00790099999647964
CPD-7079	63919	MassBank	PR302375	Sakuranetin	inchikey	1	TRUE	TRUE	0.198876440100037	497.191100250092
CPD-15742	63920	MassBank	PR310594	Papaverine	inchikey	1	TRUE	TRUE	0.243941832300038	609.854580750095
CPD-17600	63922	MassBank	PR303923	(-)-Arctigenin	inchikey	1	TRUE	TRUE	0.259711496999955	649.278742499888
CPD-15291	63923	MassBank	PR308799	Epigallocatechin gallate	inchikey	1	TRUE	TRUE	1.42090004828788e-06	0.00310182678551994
ADENOSINE	63925	MassBank	PR100021	Adenosine	inchikey	1	TRUE	TRUE	3.93170000734244e-06	0.00982925001835611
CPD-20974	63933	MassBank	PR308005	Epipinoresinol	inchikey	1	TRUE	TRUE	0.248361561199999	620.903902999999
SCOPOLETIN	63935	MassBank	PR309347	Scopoletin	inchikey	1	TRUE	TRUE	0.127741254799986	319.353136999965
FORMONONETIN	63940	MassBank	PR310859	Formononetin	inchikey	1	TRUE	TRUE	0.194441126399965	486.102815999914
SHIKIMATE	63956	MassBank	PR100485	Shikimic acid	inchikey_connectivity_formula_mass	2	FALSE	TRUE	3.43150000503556e-06	0.0085787500125889
DEOXYCYTIDINE	63958	MassBank	PR100085	Deoxycytidine	inchikey	1	TRUE	TRUE	4.07869998753085e-06	0.0101967499688271
TYR	63967	MassBank	PR030019	L-Tyrosine	inchikey	1	TRUE	TRUE	3.22459999324565e-06	0.00806149998311412
LINOLENIC_ACID	63976	MassBank	PR010200	alpha-Linolenic acid	inchikey_connectivity_formula_mass	2	FALSE	TRUE	2.0720000293295e-07	0.000518000007332375
CPD-14969	63985	MassBank	PR302933	Isorhamnetin 3-beta-D-glucoside	inchikey	1	TRUE	TRUE	0.294873828600032	616.747472415694
FORMONONETIN	63994	MassBank	PR302838	Formononetin	inchikey	1	TRUE	TRUE	0.194441126399965	486.102815999914
CPD-11685	63995	MassBank	PR020081	Quercetin 4'-glucoside	inchikey_connectivity_formula_mass	2	FALSE	TRUE	3.89280000945291e-06	0.00838792922979005
CPD-8912	63997	MassBank	PR303997	Matairesinol	inchikey	1	TRUE	TRUE	0.248361561199999	620.903902999999
ARACHIDONIC_ACID	63999	MassBank	PR311033	Arachidonic acid	inchikey_connectivity_formula_mass	2	FALSE	TRUE	2.71399983375886e-07	0.000678499958439716
APIGENIN-7-O-BETA-D-GLUCOSIDE	64005	MassBank	PR306010	Cosmosiin	inchikey_connectivity_formula_mass	2	FALSE	TRUE	3.13700002152473e-06	0.0072597987188983
CPD-15291	64009	MassBank	PR302574	Epigallocatechin gallate	inchikey	1	TRUE	TRUE	1.42090004828788e-06	0.00310182678551994
CPD-15001	64025	MassBank	PR040086	Cyanidin 3-rutinoside	inchikey_connectivity_formula_mass	2	FALSE	TRUE	4.6733999852222e-06	0.00785225914491286
Fructofuranose	64029	MassBank	PR010041	D-(-)-Fructose	inchikey	1	TRUE	TRUE	1.88219999586181e-06	0.00470549998965453
CPD-20973	64038	MassBank	PR307946	Lariciresinol	inchikey	1	TRUE	TRUE	0.248711496999988	621.77874249997
CPD-14753	64039	MassBank	PR303002	Quercetin 7,4'-O-diglucoside	inchikey	1	TRUE	TRUE	0.371700461299952	593.630073855975
MALEATE	64040	MassBank	PR100889	Maleic acid	inchikey_connectivity_formula_mass	2	FALSE	TRUE	1.38320000075964e-06	0.00345800000189911
CPD1F-453	64047	MassBank	PR101025	Astragalin	inchikey_connectivity_formula_mass	2	FALSE	TRUE	1.48510002873081e-06	0.00331421148817327
CPD-14976	64050	MassBank	PR100968	Kaempferol-3-Glucoside-6''-p-coumaroyl	inchikey	1	TRUE	TRUE	9.21899982131436e-07	0.00155166140660501
CPD-7630	64063	MassBank	PR302713	Epicatechin	inchikey	1	TRUE	TRUE	0.191961818000038	479.904545000096
CPD-14427	64065	MassBank	PR303099	7,8-Dihydroxycoumarin	inchikey	1	TRUE	TRUE	0.116391319000002	290.978297500004
CPD-8959	64077	MassBank	PR303984	Podofilox	inchikey	1	TRUE	TRUE	0.278532317000042	672.569796635804
CPD-15448	64090	MassBank	PR304375	Ginsenoside F1	inchikey	1	TRUE	TRUE	0.443616410900063	694.844995943381
CPD-633	64103	MassBank	PR100383	Gentisic acid	inchikey_connectivity_formula_mass	2	FALSE	TRUE	1.31900000610585e-06	0.00329750001526463
APIGENIN-7-O-BETA-D-GLUCOSIDE	64104	MassBank	PR040063	Cosmosiin	inchikey_connectivity_formula_mass	2	FALSE	TRUE	3.13700002152473e-06	0.0072597987188983
5734-TETRAHYDROXYFLAVONE	64107	MassBank	PR040034	Luteolin	inchikey_connectivity_formula_mass	2	FALSE	TRUE	1.94639994788304e-06	0.00486599986970759
CPD1F-462	64121	MassBank	PR302414	Kaempferitrin	inchikey	1	TRUE	TRUE	4.32759998147958e-06	0.00748507915973122
CPD-20973	64123	MassBank	PR307945	Lariciresinol	inchikey	1	TRUE	TRUE	0.248711496999988	621.77874249997
CPD-20975	64128	MassBank	PR307990	Flaxseeds extract	inchikey	1	TRUE	TRUE	0.249061432800033	622.653582000083
CPD1F-420	64129	MassBank	PR101054	Kaempferol 3-O-beta-glucopyranoside-7-O-alpha-rhamnopyranoside	inchikey	1	TRUE	TRUE	2.9450006877596e-07	0.000495659127151698
NARINGENIN-7-O-BETA-D-GLUCOSIDE	64130	MassBank	PR100671	naringenin-7-O-glucoside	inchikey	1	TRUE	TRUE	3.07280004108179e-06	0.0070782061668748
SUC	64137	MassBank	PR100606	Succinic acid	inchikey_connectivity_formula_mass	2	FALSE	TRUE	1.31900000610585e-06	0.00329750001526463
CPD-8004	64144	MassBank	PR040022	Isorhamnetin	inchikey_connectivity_formula_mass	2	FALSE	TRUE	2.73990002597202e-06	0.00684975006493005
CPD-15317	64151	MassBank	PR010052	D-Ribose 5-phosphate	inchikey_connectivity_formula_mass	2	FALSE	TRUE	3.83990001751044e-06	0.00959975004377611
CPD-4208	64163	MassBank	PR020094	trans-zeatin riboside	inchikey	1	TRUE	TRUE	1.18940005222612e-06	0.0029735001305653
VITEXIN	64166	MassBank	PR020029	Vitexin 6''-O-malonyl 2''-O-xyloside	inchikey_connectivity_formula_mass	2	FALSE	TRUE	3.13700002152473e-06	0.0072597987188983
SCOPOLETIN	64168	MassBank	PR306873	Scopoletin	inchikey	1	TRUE	TRUE	0.127741254799986	319.353136999965
CPD-182	64173	MassBank	PR100013	4-Methylumbelliferone	inchikey	1	TRUE	TRUE	4.12310001252081e-06	0.010307750031302
NARINGIN	64176	MassBank	PR303738	Naringin	inchikey	1	TRUE	TRUE	0.359794263399976	620.14332785881
CPD-7096	64184	MassBank	PR304230	Apigeninidin	inchikey	1	TRUE	TRUE	0.824733841499977	2061.83460374994
LIPOIC-ACID	64186	MassBank	PR010194	Thioctic acid	name_formula_mass	4	FALSE	TRUE	1.07360000356493e-06	0.00268400000891234
NARINGENIN-7-O-BETA-D-GLUCOSIDE	64191	MassBank	PR040154	naringenin-7-O-glucoside	inchikey	1	TRUE	TRUE	3.07280004108179e-06	0.0070782061668748
D-glucopyranose-6-phosphate	64209	MassBank	PR100547	Glucose 6-phosphate	inchikey_connectivity_formula_mass	2	FALSE	TRUE	1.47380001180863e-06	0.00368450002952159
SINAPATE	64218	MassBank	PR303366	Sinapic acid	inchikey_connectivity_formula_mass	2	FALSE	TRUE	3.4957000139002e-06	0.00873925003475051
CPD-7630	64224	MassBank	PR302693	Epicatechin	inchikey	1	TRUE	TRUE	0.191961818000038	479.904545000096
APIGENIN-7-O-NEOHESPERIDOSIDE	64227	MassBank	PR100651	Apigenin 7-O-beta-D-rutinoside	inchikey_connectivity_formula_mass	2	FALSE	TRUE	4.32759998147958e-06	0.00748507915973122
CPD-14969	64235	MassBank	PR302968	Isorhamnetin 3-beta-D-glucoside	inchikey	1	TRUE	TRUE	0.294873828600032	616.747472415694
CPD-14427	64243	MassBank	PR310495	7,8-Dihydroxycoumarin	inchikey	1	TRUE	TRUE	0.116391319000002	290.978297500004
CPD-7096	64247	MassBank	PR304236	Apigeninidin	inchikey	1	TRUE	TRUE	0.824733841499977	2061.83460374994
CPD1F-766	64248	MassBank	PR040253	Cyanidin 3-glucoside	inchikey_connectivity_formula_mass	2	FALSE	TRUE	3.48279996842393e-06	0.00775492080081775
CPD-14976	64254	MassBank	PR101023	Kaempferol-3-Glucoside-6''-p-coumaroyl	inchikey	1	TRUE	TRUE	9.21899982131436e-07	0.00155166140660501
CPD-14998	64256	MassBank	PR040247	Cyanidin 3-galactoside	inchikey_connectivity_formula_mass	2	FALSE	TRUE	3.48279996842393e-06	0.00775492080081775
THIAMINE	64263	MassBank	PR100203	Thiamine	inchikey	1	FALSE	TRUE	1.00782191070005	2519.55477675011
PALMATINE	64267	MassBank	PR310599	Palmatine	inchikey	1	FALSE	TRUE	0.752708231899987	1881.77057974997
L-GAMMA-GLUTAMYLCYSTEINE	64271	MassBank	PR100326	gamma-Glutamylcysteine	inchikey_connectivity_formula_mass	2	FALSE	TRUE	2.26029999339517e-06	0.00565074998348791
CPD-10797	64274	MassBank	PR100766	m-Coumaric acid	inchikey_connectivity_formula_mass	2	FALSE	TRUE	4.12310001252081e-06	0.010307750031302
CPD-20975	64275	MassBank	PR307991	Flaxseeds extract	inchikey	1	TRUE	TRUE	0.249061432800033	622.653582000083
CPD-8912	64280	MassBank	PR303999	Matairesinol	inchikey	1	TRUE	TRUE	0.248361561199999	620.903902999999
CPD-14452	64282	MassBank	PR303601	Scoparone	inchikey	1	TRUE	TRUE	0.139091190599999	347.727976499996
CPD-20975	64300	MassBank	PR307985	Flaxseeds extract	inchikey	1	TRUE	TRUE	0.249061432800033	622.653582000083
CPD-7096	64302	MassBank	PR308292	Apigeninidin	inchikey	1	TRUE	TRUE	0.824733841499977	2061.83460374994
SCOPOLETIN	64305	MassBank	PR303120	Scopoletin	inchikey	1	TRUE	TRUE	0.127741254799986	319.353136999965
APIGENIN-7-O-NEOHESPERIDOSIDE	64313	MassBank	PR040070	Apigenin 7-O-beta-D-rutinoside	inchikey_connectivity_formula_mass	2	FALSE	TRUE	4.32759998147958e-06	0.00748507915973122
CPD-431	64314	MassBank	PR040003	Apigenin	inchikey_connectivity_formula_mass	2	FALSE	TRUE	3.43149997661385e-06	0.00857874994153462
CPD-15717	64318	MassBank	PR010187	Maltose	inchikey	1	TRUE	TRUE	1.54930000917375e-06	0.00387325002293437
O-PHENANTHROLINE	64324	MassBank	PR100011	1,10-Phenanthroline	inchikey	1	TRUE	TRUE	1.73279997284226e-06	0.00433199993210565
CPD-15083	64332	MassBank	PR020063	Luteolin-8-C-glucoside	inchikey_connectivity_formula_mass	2	FALSE	TRUE	1.48510002873081e-06	0.00331421148817327
CPD-14452	64334	MassBank	PR303604	Scoparone	inchikey	1	TRUE	TRUE	0.139091190599999	347.727976499996
UDP-N-ACETYL-D-GLUCOSAMINE	64339	MassBank	PR010241	Uridine diphosphate-N-acetylglucosamine	inchikey_connectivity_formula_mass	2	FALSE	TRUE	5.22000050295901e-07	0.000859851585915783
CPD-7096	64346	MassBank	PR304238	Apigeninidin	inchikey	1	TRUE	TRUE	0.824733841499977	2061.83460374994
CPD-13511	64366	MassBank	PR040057	3,3',4',5-tetrahydroxy-7-methoxyflavone	inchikey	1	TRUE	TRUE	2.73990002597202e-06	0.00684975006493005
CPD-7096	64368	MassBank	PR304248	Apigeninidin	inchikey	1	TRUE	TRUE	0.824733841499977	2061.83460374994
SANGUINARINE	64384	MassBank	PR301651	Sanguinarine	inchikey	1	FALSE	TRUE	0.765107975100022	1912.76993775006
CPD-9940	64391	MassBank	PR301676	Harmine	inchikey	1	TRUE	TRUE	0.157036982300014	392.592455750034
CPD-8959	64401	MassBank	PR303987	Podofilox	inchikey	1	TRUE	TRUE	0.278532317000042	672.569796635804
COUMARATE	64405	MassBank	PR100895	4-Hydroxycinnamic acid	inchikey_connectivity_formula_mass	2	FALSE	TRUE	4.12310001252081e-06	0.010307750031302
CPD-3041	64408	MassBank	PR302732	Isoliquiritigenin	inchikey	1	TRUE	TRUE	0.183441126399998	458.602815999996
CPD1F-139	64415	MassBank	PR020135	Gibberellin A1	name_formula_mass	4	FALSE	TRUE	1.49699997109565e-06	0.00374249992773912
PRO	64435	MassBank	PR010067	L-Proline	inchikey	1	TRUE	TRUE	1.46169999482026e-06	0.00365424998705066
CPD-8097	64445	MassBank	PR303111	Aesculetin	inchikey	1	TRUE	TRUE	0.116391319000002	290.978297500004
PYRIDOXAMINE	64457	MassBank	PR100056	Pyridoxamine	inchikey_connectivity_formula_mass	2	FALSE	TRUE	2.36019999988457e-06	0.00590049999971143
CPD-15742	64458	MassBank	PR301440	Papaverine	inchikey	1	TRUE	TRUE	0.243941832300038	609.854580750095
SCOPOLETIN	64467	MassBank	PR306853	Scopoletin	inchikey	1	TRUE	TRUE	0.127741254799986	319.353136999965
CPD1F-462	64475	MassBank	PR100989	Kaempferitrin	inchikey	1	TRUE	TRUE	4.32759998147958e-06	0.00748507915973122
CPD-9940	64483	MassBank	PR301682	Harmine	inchikey	1	TRUE	TRUE	0.157036982300014	392.592455750034
LUTEOLIN-7-O-BETA-D-GLUCOSIDE	64484	MassBank	PR305624	Luteolin 7-glucoside	inchikey	1	TRUE	TRUE	0.279438514899994	623.606705543674
DUMP	64493	MassBank	PR100526	dUMP	inchikey_connectivity_formula_mass	2	FALSE	TRUE	1.91449998965254e-06	0.00478624997413135
ILE	64505	MassBank	PR010061	L-Isoleucine	inchikey	1	TRUE	TRUE	1.33329999130183e-06	0.00333324997825457
CPD-14969	64506	MassBank	PR302978	Isorhamnetin 3-beta-D-glucoside	inchikey	1	TRUE	TRUE	0.294873828600032	616.747472415694
LUTEOLIN-7-O-BETA-D-GLUCOSIDE	64507	MassBank	PR302034	Luteolin 7-glucoside	inchikey	1	TRUE	TRUE	0.279438514899994	623.606705543674
PANTOTHENATE	64510	MassBank	PR100295	Pantothenic acid	inchikey_connectivity_formula_mass	2	FALSE	TRUE	2.6614000319114e-06	0.0066535000797785
GLT	64521	MassBank	PR100162	L-Glutamic acid	inchikey_connectivity_formula_mass	2	FALSE	TRUE	2.2174999969593e-06	0.00554374999239826
CPD-16782	64522	MassBank	PR301722	Chelerythrine	inchikey	1	FALSE	TRUE	0.753408103500021	1883.52025875005
ARG	64526	MassBank	PR100158	L-Arginine	inchikey_connectivity_formula_mass	2	FALSE	TRUE	4.28559999932077e-06	0.0107139999983019
3-AMINO-ISOBUTYRATE	64528	MassBank	PR100838	3-Aminoisobutanoic acid	inchikey	1	TRUE	TRUE	1.46169999482026e-06	0.00365424998705066
CPD-13494	64529	MassBank	PR307286	6-Gingerol	inchikey	1	TRUE	TRUE	6.77000002724526e-07	0.00169250000681131
CPD-83	64543	MassBank	PR302590	Resveratrol	inchikey	1	TRUE	TRUE	0.168355748500005	420.889371250013
CPD1F-437	64561	MassBank	PR040182	Isoquercitrin	inchikey_connectivity_formula_mass	2	FALSE	TRUE	3.89280000945291e-06	0.00838792922979005
CPD-15448	64562	MassBank	PR304379	Ginsenoside F1	inchikey	1	TRUE	TRUE	0.443616410900063	694.844995943381
CPD-14452	64568	MassBank	PR303603	Scoparone	inchikey	1	TRUE	TRUE	0.139091190599999	347.727976499996
ISOORIENTIN	64572	MassBank	PR040130	Isoorientin 7-O-(6'''-O-(E)-feruloyl)glucoside	inchikey_connectivity_formula_mass	2	FALSE	TRUE	1.48510002873081e-06	0.00331421148817327
SCOPOLETIN	64575	MassBank	PR306868	Scopoletin	inchikey	1	TRUE	TRUE	0.127741254799986	319.353136999965
NICOTINE	64584	MassBank	PR100077	Nicotine	inchikey_connectivity_formula_mass	2	FALSE	TRUE	1.54020000309174e-06	0.00385050000772935
SCOPOLETIN	64586	MassBank	PR306848	Scopoletin	inchikey	1	TRUE	TRUE	0.127741254799986	319.353136999965
CPD-12724	64587	MassBank	PR310475	Baicalein	inchikey	1	TRUE	TRUE	0.187176568500036	467.941421250089
CPD-520	64589	MassBank	PR020008	Quercetin	inchikey_connectivity_formula_mass	2	FALSE	TRUE	2.67570004552908e-06	0.00668925011382271
CATECHOL	64590	MassBank	PR305446	Pyrocatechol	inchikey	1	TRUE	TRUE	0.0752205631999914	188.051407999978
O-SUCCINYL-L-HOMOSERINE	64593	MassBank	PR100299	O-Succinyl-L-Homoserine	inchikey_connectivity_formula_mass	2	FALSE	TRUE	2.84489999557991e-06	0.00711224998894977
GDP-MANNOSE	64595	MassBank	PR100564	Guanosine diphosphate mannose	inchikey_connectivity_formula_mass	2	FALSE	TRUE	2.80209997072234e-06	0.00463097963250781
CPD-15291	64599	MassBank	PR302562	Epigallocatechin gallate	inchikey	1	TRUE	TRUE	1.42090004828788e-06	0.00310182678551994
ONONIN	64602	MassBank	PR306005	Formononetin-7-O-glucoside	inchikey	1	TRUE	TRUE	0.282617694900011	657.057335998384
CPD-638	64607	MassBank	PR020166	Gibberellin A44	name_formula_mass	4	FALSE	TRUE	3.9450999906876e-06	0.00986274997671899
CPD-14969	64616	MassBank	PR040094	Isorhamnetin 3-beta-D-glucoside	inchikey	1	TRUE	TRUE	3.82860002900998e-06	0.00800776183492841
UDP-N-ACETYL-D-GLUCOSAMINE	64618	MassBank	PR100621	Uridine diphosphate-N-acetylglucosamine	inchikey_connectivity_formula_mass	2	FALSE	TRUE	5.22000050295901e-07	0.000859851585915783
CPD-8909	64625	MassBank	PR304011	Secoisolariciresinol	inchikey	1	TRUE	TRUE	0.249061432800033	622.653582000083
GIBBERELLIN	64629	MassBank	PR020138	Gibberellin A3	name_formula_mass	4	FALSE	TRUE	1.561200008382e-06	0.003903000020955
ADENINE	64647	MassBank	PR010097	Adenine	inchikey	1	TRUE	TRUE	4.81349999859049e-06	0.0120337499964762
NARINGENIN-7-O-BETA-D-GLUCOSIDE	64665	MassBank	PR040155	naringenin-7-O-glucoside	inchikey	1	TRUE	TRUE	3.07280004108179e-06	0.0070782061668748
ONONIN	64666	MassBank	PR305949	Formononetin-7-O-glucoside	inchikey	1	TRUE	TRUE	0.282617694900011	657.057335998384
TYR	64667	MassBank	PR010038	L-Tyrosine	inchikey	1	TRUE	TRUE	3.22459999324565e-06	0.00806149998311412
CPD-1961	64680	MassBank	PR302591	Catechin	inchikey	1	TRUE	TRUE	0.191961818000038	479.904545000096
CPD-15742	64694	MassBank	PR301413	Papaverine	inchikey	1	TRUE	TRUE	0.243941832300038	609.854580750095
CPD-8909	64711	MassBank	PR304008	Secoisolariciresinol	inchikey	1	TRUE	TRUE	0.249061432800033	622.653582000083
ARG	64713	MassBank	PR030002	L-Arginine	inchikey_connectivity_formula_mass	2	FALSE	TRUE	4.28559999932077e-06	0.0107139999983019
CPD-2461	64715	MassBank	PR100834	Methylsuccinic acid	inchikey_connectivity_formula_mass	2	FALSE	TRUE	1.25479999724121e-06	0.00313699999310302
CPD-7075	64732	MassBank	PR302821	Hesperidin	inchikey	1	TRUE	TRUE	4.22900029661832e-07	0.000693063125867771
CPD-4563	64741	MassBank	PR302880	Biochanin-7-O-glucoside	inchikey	1	TRUE	TRUE	0.286703072800037	642.657220748694
CATECHOL	64744	MassBank	PR305471	Pyrocatechol	inchikey	1	TRUE	TRUE	0.0752205631999914	188.051407999978
CPD-6959	64757	MassBank	PR304255	trans-pterostilbene	inchikey	1	TRUE	TRUE	0.191055620099974	477.639050249934
CPD1F-766	64760	MassBank	PR040254	Cyanidin 3-glucoside	inchikey_connectivity_formula_mass	2	FALSE	TRUE	3.48279996842393e-06	0.00775492080081775
Glucopyranose	64776	MassBank	PR010032	Glucose	inchikey	1	TRUE	TRUE	1.88219999586181e-06	0.00470549998965453
GALACTOSAMINE	64784	MassBank	PR010020	D-Galactosamine	inchikey_connectivity_formula_mass	2	FALSE	TRUE	2.53300004260382e-06	0.00633250010650954
APIGENIN-7-O-BETA-D-GLUCOSIDE	64786	MassBank	PR020031	Cosmosiin	inchikey_connectivity_formula_mass	2	FALSE	TRUE	3.13700002152473e-06	0.0072597987188983
D-galactopyranose	64789	MassBank	PR010045	D-(+)-Galactose	inchikey	1	TRUE	TRUE	1.88219999586181e-06	0.00470549998965453
ALPHA-TOCOPHEROL	64791	MassBank	PR010089	alpha-Tocopherol	inchikey	1	TRUE	TRUE	8.49199977892567e-07	0.00197313500913419
ONONIN	64797	MassBank	PR302340	Formononetin-7-O-glucoside	inchikey	1	TRUE	TRUE	0.282617694900011	657.057335998384
CPD-693	64798	MassBank	PR020171	(+/-)-cis,trans-abscisic acid	inchikey_connectivity_formula_mass	2	FALSE	TRUE	8.69600000896753e-07	0.00217400000224188
OLEATE-CPD	64799	MassBank	PR010209	Oleic acid	inchikey_connectivity_formula_mass	2	FALSE	TRUE	3.35600020662241e-07	0.000839000051655603
CPD-12727	64801	MassBank	PR307449	Wogonin	inchikey	1	TRUE	TRUE	0.198526504299991	496.316260749978
ONONIN	64812	MassBank	PR305997	Formononetin-7-O-glucoside	inchikey	1	TRUE	TRUE	0.282617694900011	657.057335998384
CPD-14452	64814	MassBank	PR303608	Scoparone	inchikey	1	TRUE	TRUE	0.139091190599999	347.727976499996
PHYTOL	64816	MassBank	PR010114	Phytol	inchikey	1	TRUE	TRUE	4.09390003142107e-06	0.0102347500785527
CPD-6994	64828	MassBank	PR100226	Eriodictyol	inchikey_connectivity_formula_mass	2	FALSE	TRUE	1.88220002428352e-06	0.0047055000607088
COUMARALDEHYDE	64831	MassBank	PR304061	p-Coumaraldehyde	inchikey	1	TRUE	TRUE	0.108570498999995	271.426247499988
NARINGIN	64836	MassBank	PR303712	Naringin	inchikey	1	TRUE	TRUE	0.359794263399976	620.14332785881
CYTIDINE	64843	MassBank	PR100115	Cytidine	inchikey	1	TRUE	TRUE	5.43400005881267e-07	0.00135850001470317
CPD-1961	64866	MassBank	PR100262	Catechin	inchikey	1	TRUE	TRUE	1.81800004384058e-06	0.00454500010960146
CPD-8097	64881	MassBank	PR306814	Aesculetin	inchikey	1	TRUE	TRUE	0.116391319000002	290.978297500004
CPD-9941	64892	MassBank	PR301595	Harmol	inchikey	1	TRUE	TRUE	0.145687046500001	364.217616250002
PROTOPINE	64899	MassBank	PR301850	Protopine	inchikey	1	TRUE	TRUE	0.247677274400019	619.193186000047
ONONIN	64900	MassBank	PR100809	Ononin	inchikey	1	TRUE	TRUE	2.30509999710193e-06	0.00535912255544201
NARINGENIN-CMPD	64902	MassBank	PR040044	Naringenin	inchikey	1	TRUE	TRUE	3.4957000139002e-06	0.00873925003475051
CPD-12724	64920	MassBank	PR303611	Baicalein	inchikey	1	TRUE	TRUE	0.187176568500036	467.941421250089
CPD-8097	64921	MassBank	PR306824	Aesculetin	inchikey	1	TRUE	TRUE	0.116391319000002	290.978297500004
CPD-9941	64932	MassBank	PR305218	Harmol	inchikey	1	TRUE	TRUE	0.145687046500001	364.217616250002
SINAPATE	64941	MassBank	PR100984	Sinapic acid	inchikey_connectivity_formula_mass	2	FALSE	TRUE	3.4957000139002e-06	0.00873925003475051
CPD-12725	64943	MassBank	PR040074	baicalein-7-O-glucuronide	inchikey_connectivity_formula_mass	2	FALSE	TRUE	1.42090004828788e-06	0.00318526812252387
APIGENIN-7-O-BETA-D-GLUCOSIDE	64952	MassBank	PR040067	Cosmosiin	inchikey_connectivity_formula_mass	2	FALSE	TRUE	3.13700002152473e-06	0.0072597987188983
SUCROSE	64960	MassBank	PR100500	Sucrose	inchikey	1	TRUE	TRUE	1.54930000917375e-06	0.00387325002293437
4-HYDROXYPHENYLLACTATE	64976	MassBank	PR100839	Hydroxyphenyllactic acid	name_formula_mass	4	FALSE	TRUE	1.19059998837656e-06	0.0029764999709414
CPD-2222	64976	MassBank	PR100839	Hydroxyphenyllactic acid	name_formula_mass	4	FALSE	TRUE	1.19059998837656e-06	0.0029764999709414
CPD1F-462	64987	MassBank	PR100944	Kaempferitrin	inchikey	1	TRUE	TRUE	4.32759998147958e-06	0.00748507915973122
SINAPALDEHYDE	65009	MassBank	PR302321	Sinapoyl aldehyde	inchikey	1	TRUE	TRUE	0.139441126399987	348.602815999968
DAIDZEIN	65020	MassBank	PR309180	Daidzein	inchikey	1	TRUE	TRUE	0.18309119060001	457.727976500024
CPD-1125	65036	MassBank	PR300665	Amygdalin	inchikey	1	TRUE	TRUE	0.273589284999957	598.456199399375
DAIDZEIN	65037	MassBank	PR306345	Daidzein	inchikey	1	TRUE	TRUE	0.18309119060001	457.727976500024
SER	65040	MassBank	PR030016	L-Serine	inchikey	1	TRUE	TRUE	3.09619998972721e-06	0.00774049997431803
CPD-9250	65041	MassBank	PR303724	Ginsenoside Rb1	inchikey	1	TRUE	TRUE	0.704060738499948	635.088284150645
SUCROSE	65047	MassBank	PR010039	Sucrose	inchikey	1	TRUE	TRUE	1.54930000917375e-06	0.00387325002293437
1-3-7-TRIMETHYLXANTHINE	65052	MassBank	PR100025	Caffeine	inchikey	1	TRUE	TRUE	4.41399998862835e-06	0.0110349999715709
SCOPOLETIN	65071	MassBank	PR303152	Scopoletin	inchikey	1	TRUE	TRUE	0.127741254799986	319.353136999965
APIGENIN-7-O-BETA-D-GLUCOSIDE	65077	MassBank	PR306057	Cosmosiin	inchikey_connectivity_formula_mass	2	FALSE	TRUE	3.13700002152473e-06	0.0072597987188983
CPD-9941	65084	MassBank	PR305200	Harmol	inchikey	1	TRUE	TRUE	0.145687046500001	364.217616250002
NARINGIN	65100	MassBank	PR303726	Naringin	inchikey	1	TRUE	TRUE	0.359794263399976	620.14332785881
CPD-8912	65103	MassBank	PR303995	Matairesinol	inchikey	1	TRUE	TRUE	0.248361561199999	620.903902999999
NARINGIN	65109	MassBank	PR303741	Naringin	inchikey	1	TRUE	TRUE	0.359794263399976	620.14332785881
Ibuprofen	65114	MassBank	PR010166	Ibuprofen	inchikey_connectivity_formula_mass	2	FALSE	TRUE	1.78000021833213e-07	0.000445000054583033
MYRICETIN	65134	MassBank	PR040039	Myricetin	inchikey_connectivity_formula_mass	2	FALSE	TRUE	2.70219999265464e-06	0.0067554999816366
CPD-4442	65141	MassBank	PR020098	cis-Zeatin riboside	inchikey	1	TRUE	TRUE	1.18940005222612e-06	0.0029735001305653
APIGENIN-7-O-NEOHESPERIDOSIDE	65146	MassBank	PR020032	Apigenin 7-O-beta-D-rutinoside	inchikey_connectivity_formula_mass	2	FALSE	TRUE	4.32759998147958e-06	0.00748507915973122
DAIDZEIN	65149	MassBank	PR302649	Daidzein	inchikey	1	TRUE	TRUE	0.18309119060001	457.727976500024
ONONIN	65155	MassBank	PR305948	Formononetin-7-O-glucoside	inchikey	1	TRUE	TRUE	0.282617694900011	657.057335998384
PROTOPINE	65171	MassBank	PR301853	Protopine	inchikey	1	TRUE	TRUE	0.247677274400019	619.193186000047
CPD-14427	65177	MassBank	PR303059	7,8-Dihydroxycoumarin	inchikey	1	TRUE	TRUE	0.116391319000002	290.978297500004
CPD-15742	65180	MassBank	PR301436	Papaverine	inchikey	1	TRUE	TRUE	0.243941832300038	609.854580750095
CPD-8097	65181	MassBank	PR306820	Aesculetin	inchikey	1	TRUE	TRUE	0.116391319000002	290.978297500004
CPD1F-453	65188	MassBank	PR100662	Astragalin	inchikey_connectivity_formula_mass	2	FALSE	TRUE	1.48510002873081e-06	0.00331421148817327
CPDQT-280	65189	MassBank	PR100430	4-Methylsulfinylbutyl glucosinolate	name_formula_mass	4	FALSE	TRUE	1.96549996189788e-06	0.00449721341106618
CPD-14753	65192	MassBank	PR303016	Quercetin 7,4'-O-diglucoside	inchikey	1	TRUE	TRUE	0.371700461299952	593.630073855975
CPD-8909	65198	MassBank	PR304013	Secoisolariciresinol	inchikey	1	TRUE	TRUE	0.249061432800033	622.653582000083
L-CITRULLINE	65201	MassBank	PR100448	Citrulline	inchikey	1	TRUE	TRUE	1.29920002223116e-06	0.0032480000555779
CPD1F-437	65207	MassBank	PR040184	Isoquercitrin	inchikey_connectivity_formula_mass	2	FALSE	TRUE	3.89280000945291e-06	0.00838792922979005
GLY	65208	MassBank	PR030008	Glycine	inchikey	1	TRUE	TRUE	1.59010001254956e-06	0.00397525003137389
PALMATINE	65210	MassBank	PR300635	Palmatine	inchikey	1	FALSE	TRUE	0.752708231899987	1881.77057974997
CPD-239	65214	MassBank	PR010225	Cysteamine	inchikey_connectivity_formula_mass	2	FALSE	TRUE	8.01000084038606e-08	0.000200250021009651
ONONIN	65226	MassBank	PR305984	Formononetin-7-O-glucoside	inchikey	1	TRUE	TRUE	0.282617694900011	657.057335998384
CPD-8004	65236	MassBank	PR040023	Isorhamnetin	inchikey_connectivity_formula_mass	2	FALSE	TRUE	2.73990002597202e-06	0.00684975006493005
16-HYDROXYPALMITATE	65237	MassBank	PR100487	16-Hydroxyhexadecanoic acid	inchikey_connectivity_formula_mass	2	FALSE	TRUE	4.89349997678801e-06	0.01223374994197
CPD-12727	65242	MassBank	PR303580	Wogonin	inchikey	1	TRUE	TRUE	0.198526504299991	496.316260749978
CYS	65244	MassBank	PR030005	L-Cysteine	inchikey	1	TRUE	TRUE	8.35899996332046e-07	0.00208974999083011
SCOPOLETIN	65247	MassBank	PR100935	Scopoletin	inchikey	1	TRUE	TRUE	1.25479999724121e-06	0.00313699999310302
CPD-14843	65248	MassBank	PR100972	Myricetin 3-glucoside	inchikey	1	TRUE	TRUE	7.29299983959208e-07	0.00151908890084498
CPD-9941	65251	MassBank	PR301623	Harmol	inchikey	1	TRUE	TRUE	0.145687046500001	364.217616250002
CPD-17667	65252	MassBank	PR305007	Ellipticine	inchikey	1	TRUE	TRUE	0.197301540199987	493.253850499968
NIACINE	65254	MassBank	PR010189	Nicotinic acid	inchikey_connectivity_formula_mass	2	FALSE	TRUE	1.59010001254956e-06	0.00397525003137389
CPD1F-90	65271	MassBank	PR100228	Kaempferol	inchikey_connectivity_formula_mass	2	FALSE	TRUE	1.94639994788304e-06	0.00486599986970759
CPD1F-420	65273	MassBank	PR101000	Kaempferol 3-O-beta-glucopyranoside-7-O-alpha-rhamnopyranoside	inchikey	1	TRUE	TRUE	2.9450006877596e-07	0.000495659127151698
PYRIDOXINE	65277	MassBank	PR100196	Pyridoxine	inchikey	1	TRUE	TRUE	3.22459999324565e-06	0.00806149998311412
CPD-8909	65278	MassBank	PR304014	Secoisolariciresinol	inchikey	1	TRUE	TRUE	0.249061432800033	622.653582000083
CPD-13509	65282	MassBank	PR040180	Quercetin 3-galactoside	inchikey_connectivity_formula_mass	2	FALSE	TRUE	3.89280000945291e-06	0.00838792922979005
CONIFERYL-ALDEHYDE	65289	MassBank	PR303352	Coniferaldehyde	inchikey	1	TRUE	TRUE	0.124005812700034	310.014531750085
CPD-13509	65309	MassBank	PR040179	Quercetin 3-galactoside	inchikey_connectivity_formula_mass	2	FALSE	TRUE	3.89280000945291e-06	0.00838792922979005
CPD-7075	65313	MassBank	PR306507	Hesperidin	inchikey	1	TRUE	TRUE	4.22900029661832e-07	0.000693063125867771
L-2-AMINOHEXANOATE	65314	MassBank	PR100583	L-Norleucine	inchikey	1	TRUE	TRUE	1.33329999130183e-06	0.00333324997825457
HIS	65316	MassBank	PR030009	L-Histidine	inchikey	1	TRUE	TRUE	3.45129998891025e-06	0.00862824997227563
PALMATINE	65319	MassBank	PR300645	Palmatine	inchikey	1	FALSE	TRUE	0.752708231899987	1881.77057974997
SINAPATE	65321	MassBank	PR303363	Sinapic acid	inchikey_connectivity_formula_mass	2	FALSE	TRUE	3.4957000139002e-06	0.00873925003475051
CPD-6981	65325	MassBank	PR100686	Rosmarinic acid	inchikey_connectivity_formula_mass	2	FALSE	TRUE	2.50959999448241e-06	0.00627399998620604
CAMP	65326	MassBank	PR100101	Cyclic AMP	inchikey_connectivity_formula_mass	2	FALSE	TRUE	3.46200067724567e-07	0.000865500169311417
CPD-15291	65351	MassBank	PR302550	Epigallocatechin gallate	inchikey	1	TRUE	TRUE	1.42090004828788e-06	0.00310182678551994
CPD-15317	65353	MassBank	PR010053	D-Ribose 5-phosphate	inchikey_connectivity_formula_mass	2	FALSE	TRUE	3.83990001751044e-06	0.00959975004377611
CPD-4748	65363	MassBank	PR100331	3-Aminobutanoic acid	inchikey	1	TRUE	TRUE	1.46169999482026e-06	0.00365424998705066
CPD-4210	65379	MassBank	PR020088	Zeatin	inchikey	1	TRUE	TRUE	6.54000018585066e-08	0.000163500004646266
CPD-13509	65381	MassBank	PR100676	Quercetin 3-galactoside	inchikey_connectivity_formula_mass	2	FALSE	TRUE	3.89280000945291e-06	0.00838792922979005
CPD-9941	65384	MassBank	PR310550	Harmol	inchikey	1	TRUE	TRUE	0.145687046500001	364.217616250002
CPD-20973	65385	MassBank	PR307953	Lariciresinol	inchikey	1	TRUE	TRUE	0.248711496999988	621.77874249997
CPD1F-766	65395	MassBank	PR020036	Cyanidin 3-glucoside	inchikey_connectivity_formula_mass	2	FALSE	TRUE	3.48279996842393e-06	0.00775492080081775
NARINGENIN-7-O-BETA-D-GLUCOSIDE	65397	MassBank	PR302725	Naringenin-7-O-glucoside	inchikey	1	TRUE	TRUE	0.275703072800013	635.083039582477
ARG	65400	MassBank	PR100733	L-Arginine	inchikey_connectivity_formula_mass	2	FALSE	TRUE	4.28559999932077e-06	0.0107139999983019
CPD-14427	65404	MassBank	PR303074	7,8-Dihydroxycoumarin	inchikey	1	TRUE	TRUE	0.116391319000002	290.978297500004
2-PROPENYL-GLUCOSINOLATE	65411	MassBank	PR020005	2-propenyl glucosinolate	name_formula_mass	4	FALSE	TRUE	2.52980004233905e-06	0.00632450010584762
CPD-12727	65415	MassBank	PR307445	Wogonin	inchikey	1	TRUE	TRUE	0.198526504299991	496.316260749978
NARINGIN	65422	MassBank	PR307589	Naringin	inchikey	1	TRUE	TRUE	0.359794263399976	620.14332785881
GLUCOTROPEOLIN	65424	MassBank	PR020034	Benzyl glucosinolate	name_formula_mass	4	FALSE	TRUE	2.5940000796254e-06	0.00634152133527181
PYRIDOXAMINE	65433	MassBank	PR010024	Pyridoxamine	inchikey_connectivity_formula_mass	2	FALSE	TRUE	2.36019999988457e-06	0.00590049999971143
FORMONONETIN	65438	MassBank	PR302823	Formononetin	inchikey	1	TRUE	TRUE	0.194441126399965	486.102815999914
NARINGENIN-7-O-BETA-D-GLUCOSIDE	65451	MassBank	PR020069	Naringenin-7-O-glucoside	inchikey	1	TRUE	TRUE	3.07280004108179e-06	0.0070782061668748
L-ORNITHINE	65456	MassBank	PR010066	Ornithine	inchikey_connectivity_formula_mass	2	FALSE	TRUE	2.36019999988457e-06	0.00590049999971143
BETAINE	65458	MassBank	PR100444	Betaine	inchikey	1	TRUE	TRUE	2.0156486667	5039.12166675001
CPD-9940	65465	MassBank	PR305232	Harmine	inchikey	1	TRUE	TRUE	0.157036982300014	392.592455750034
5734-TETRAHYDROXYFLAVONE	65474	MassBank	PR100230	Luteolin	inchikey_connectivity_formula_mass	2	FALSE	TRUE	1.94639994788304e-06	0.00486599986970759
CPD-10347	65482	MassBank	PR302834	Apigenin-6-C-glucoside-7-O-glucoside	inchikey	1	TRUE	TRUE	0.363529705500014	611.839641568733
CPD-15450	65493	MassBank	PR304417	Ginsenoside compound K	inchikey	1	TRUE	TRUE	0.43953103299998	706.136940584306
CATECHOL	65502	MassBank	PR305497	Pyrocatechol	inchikey	1	TRUE	TRUE	0.0752205631999914	188.051407999978
CPD-10347	65503	MassBank	PR302809	Apigenin-6-C-glucoside-7-O-glucoside	inchikey	1	TRUE	TRUE	0.363529705500014	611.839641568733
CPD-14427	65504	MassBank	PR306733	7,8-Dihydroxycoumarin	inchikey	1	TRUE	TRUE	0.116391319000002	290.978297500004
CPD-7096	65505	MassBank	PR308308	Apigeninidin	inchikey	1	TRUE	TRUE	0.824733841499977	2061.83460374994
ADENOSINE	65516	MassBank	PR101050	Adenosine	inchikey	1	TRUE	TRUE	3.93170000734244e-06	0.00982925001835611
LUTEOLIN-7-O-BETA-D-GLUCOSIDE	65528	MassBank	PR302004	Luteolin 7-glucoside	inchikey	1	TRUE	TRUE	0.279438514899994	623.606705543674
DAIDZEIN	65543	MassBank	PR100637	Daidzein	inchikey	1	TRUE	TRUE	1.19059998837656e-06	0.0029764999709414
CPD-9941	65551	MassBank	PR305188	Harmol	inchikey	1	TRUE	TRUE	0.145687046500001	364.217616250002
CPD1F-437	65552	MassBank	PR020078	Isoquercitrin	inchikey_connectivity_formula_mass	2	FALSE	TRUE	3.89280000945291e-06	0.00838792922979005
CPD-7075	65556	MassBank	PR302811	Hesperidin	inchikey	1	TRUE	TRUE	4.22900029661832e-07	0.000693063125867771
LUTEOLIN-7-O-BETA-D-GLUCOSIDE	65557	MassBank	PR100669	Luteolin 7-glucoside	inchikey	1	TRUE	TRUE	1.48510002873081e-06	0.00331421148817327
CPD1F-461	65558	MassBank	PR101024	Kaempferol-3-O-alpha-L-rhamnoside	inchikey_connectivity_formula_mass	2	FALSE	TRUE	3.13700002152473e-06	0.0072597987188983
CPD-9940	65572	MassBank	PR300831	Harmine	inchikey	1	TRUE	TRUE	0.157036982300014	392.592455750034
NARINGENIN-7-O-BETA-D-GLUCOSIDE	65574	MassBank	PR040149	naringenin-7-O-glucoside	inchikey	1	TRUE	TRUE	3.07280004108179e-06	0.0070782061668748
ONONIN	65579	MassBank	PR305963	Formononetin-7-O-glucoside	inchikey	1	TRUE	TRUE	0.282617694900011	657.057335998384
CPD-8097	65580	MassBank	PR303110	Aesculetin	inchikey	1	TRUE	TRUE	0.116391319000002	290.978297500004
NARINGENIN-7-O-BETA-D-GLUCOSIDE	65582	MassBank	PR302705	Naringenin-7-O-glucoside	inchikey	1	TRUE	TRUE	0.275703072800013	635.083039582477
1-O-SINAPOYL-BETA-D-GLUCOSE	65588	MassBank	PR101004	1-O-Sinapoyl-beta-D-glucose	inchikey	1	TRUE	TRUE	3.07280004108179e-06	0.00768200010270448
CPD-15291	65589	MassBank	PR306221	Epigallocatechin gallate	inchikey	1	TRUE	TRUE	1.42090004828788e-06	0.00310182678551994
TRP	65596	MassBank	PR100498	L-Tryptophan	inchikey	1	TRUE	TRUE	2.36019999988457e-06	0.00590049999971143
CPD1F-462	65601	MassBank	PR306136	Kaempferitrin	inchikey	1	TRUE	TRUE	4.32759998147958e-06	0.00748507915973122
N-EE-PIPEROYL-PIPERIDINE	65611	MassBank	PR301804	Piperine	inchikey	1	TRUE	TRUE	0.206506518600008	516.266296500021
AGMATHINE	65612	MassBank	PR100307	Agmatine	inchikey_connectivity_formula_mass	2	FALSE	TRUE	3.52979998297087e-06	0.00882449995742718
CPD-8097	65620	MassBank	PR306826	Aesculetin	inchikey	1	TRUE	TRUE	0.116391319000002	290.978297500004
DAIDZEIN	65622	MassBank	PR302631	Daidzein	inchikey	1	TRUE	TRUE	0.18309119060001	457.727976500024
CHOLINE	65636	MassBank	PR100404	Choline	inchikey	1	FALSE	TRUE	1.00782410879999	2519.56027199999
APIGENIN-7-O-BETA-D-GLUCOSIDE	65642	MassBank	PR100649	Cosmosiin	inchikey_connectivity_formula_mass	2	FALSE	TRUE	3.13700002152473e-06	0.0072597987188983
CGMP	65646	MassBank	PR100563	Cyclic GMP	inchikey_connectivity_formula_mass	2	FALSE	TRUE	4.27589992568755e-06	0.0106897498142189
THIAMINE	65648	MassBank	PR100608	Thiamine	inchikey	1	FALSE	TRUE	1.00782191070005	2519.55477675011
ISOORIENTIN	65652	MassBank	PR040129	Isoorientin 7-O-(6'''-O-(E)-feruloyl)glucoside	inchikey_connectivity_formula_mass	2	FALSE	TRUE	1.48510002873081e-06	0.00331421148817327
DEOXYCHOLATE	65655	MassBank	PR100933	Deoxycholic acid	inchikey_connectivity_formula_mass	2	FALSE	TRUE	2.27600025937136e-07	0.00056900006484284
CPD-20975	65656	MassBank	PR307982	Flaxseeds extract	inchikey	1	TRUE	TRUE	0.249061432800033	622.653582000083
CPD-7075	65657	MassBank	PR100354	Hesperidin	inchikey	1	TRUE	TRUE	4.22900029661832e-07	0.000693063125867771
CPD-9941	65658	MassBank	PR305185	Harmol	inchikey	1	TRUE	TRUE	0.145687046500001	364.217616250002
CYS-GLY	65663	MassBank	PR010117	Cysteinylglycine	inchikey	1	TRUE	TRUE	2.88769999201577e-06	0.00721924998003942
LEU	65670	MassBank	PR010034	L-Leucine	inchikey	1	TRUE	TRUE	1.33329999130183e-06	0.00333324997825457
CPD-20974	65671	MassBank	PR307998	Epipinoresinol	inchikey	1	TRUE	TRUE	0.248361561199999	620.903902999999
LUTEOLIN-7-O-BETA-D-GLUCOSIDE	65673	MassBank	PR040138	Luteolin 7-glucoside	inchikey	1	TRUE	TRUE	1.48510002873081e-06	0.00331421148817327
HIS	65675	MassBank	PR010033	L-Histidine	inchikey	1	TRUE	TRUE	3.45129998891025e-06	0.00862824997227563
LINOLEIC_ACID	65682	MassBank	PR010199	Linoleic acid	inchikey_connectivity_formula_mass	2	FALSE	TRUE	2.71399983375886e-07	0.000678499958439716
CPD1F-766	65684	MassBank	PR040250	Cyanidin 3-glucoside	inchikey_connectivity_formula_mass	2	FALSE	TRUE	3.48279996842393e-06	0.00775492080081775
SINAPOYL-S-MALATE	65708	MassBank	PR101055	Sinapoyl malate	name_formula_mass	4	FALSE	TRUE	2.11249999892971e-06	0.00528124999732427
SINAPALDEHYDE	65723	MassBank	PR302274	Sinapoyl aldehyde	inchikey	1	TRUE	TRUE	0.139441126399987	348.602815999968
ADENINE	65724	MassBank	PR100491	Adenine	inchikey	1	TRUE	TRUE	4.81349999859049e-06	0.0120337499964762
CPD-16782	65728	MassBank	PR301731	Chelerythrine	inchikey	1	FALSE	TRUE	0.753408103500021	1883.52025875005
ISOORIENTIN	65729	MassBank	PR040131	Isoorientin 7-O-(6'''-O-(E)-feruloyl)glucoside	inchikey_connectivity_formula_mass	2	FALSE	TRUE	1.48510002873081e-06	0.00331421148817327
CPD-15001	65730	MassBank	PR100653	Cyanidin 3-rutinoside	inchikey_connectivity_formula_mass	2	FALSE	TRUE	4.6733999852222e-06	0.00785225914491286
DGMP	65731	MassBank	PR100273	2'-Deoxyguanosine 5'-monophosphate	inchikey_connectivity_formula_mass	2	FALSE	TRUE	4.34009996297391e-06	0.0108502499074348
CPD-20974	65735	MassBank	PR308000	Epipinoresinol	inchikey	1	TRUE	TRUE	0.248361561199999	620.903902999999
N-acetyl-D-glucosamine	65750	MassBank	PR010178	N-Acetyl-D-glucosamine	inchikey	1	TRUE	TRUE	2.78070001513697e-06	0.00695175003784243
L-2-AMINOPENTANOIC-ACID	65769	MassBank	PR100171	L-Norvaline	inchikey	1	TRUE	TRUE	1.39750000016647e-06	0.00349375000041618
CPD-7630	65770	MassBank	PR302733	Epicatechin	inchikey	1	TRUE	TRUE	0.191961818000038	479.904545000096
LYS	65772	MassBank	PR030012	L-Lysine	inchikey_connectivity_formula_mass	2	FALSE	TRUE	2.29599999101993e-06	0.00573999997754981
Medicarpin	65773	MassBank	PR310747	Medicarpin	inchikey	1	TRUE	TRUE	0.194791062200011	486.977655500027
SINAPATE	65774	MassBank	PR307075	Sinapic acid	inchikey_connectivity_formula_mass	2	FALSE	TRUE	3.4957000139002e-06	0.00873925003475051
SANGUINARINE	65781	MassBank	PR301646	Sanguinarine	inchikey	1	FALSE	TRUE	0.765107975100022	1912.76993775006
FORMONONETIN	65784	MassBank	PR306518	Formononetin	inchikey	1	TRUE	TRUE	0.194441126399965	486.102815999914
CPD-16537	65785	MassBank	PR100923	Cyanidin-3-O-(6''-O-(E-p-coum)-2''-O-(beta-xylopyranosyl)-beta-glucopyranoside)-5-O-beta-glucopyranoside	inchikey_connectivity_formula_mass	2	FALSE	TRUE	1.86930003565067e-06	0.00210213161131672
SHIKIMATE	65790	MassBank	PR010005	Shikimic acid	inchikey_connectivity_formula_mass	2	FALSE	TRUE	3.43150000503556e-06	0.0085787500125889
CPD-12727	65793	MassBank	PR308792	Wogonin	inchikey	1	TRUE	TRUE	0.198526504299991	496.316260749978
4-hydroxybenzoate	65799	MassBank	PR100417	4-Hydroxybenzoic acid	inchikey_connectivity_formula_mass	2	FALSE	TRUE	4.05890000365616e-06	0.0101472500091404
CPD-12725	65803	MassBank	PR040079	baicalein-7-O-glucuronide	inchikey_connectivity_formula_mass	2	FALSE	TRUE	1.42090004828788e-06	0.00318526812252387
CPD-68	65805	MassBank	PR010007	1-Aminocyclopropanecarboxylic acid	inchikey	1	TRUE	TRUE	1.52590000368491e-06	0.00381475000921228
CPD-14427	65816	MassBank	PR303079	7,8-Dihydroxycoumarin	inchikey	1	TRUE	TRUE	0.116391319000002	290.978297500004
CPD-3141	65817	MassBank	PR020019	Genistein	inchikey_connectivity_formula_mass	2	FALSE	TRUE	3.43149997661385e-06	0.00857874994153462
CPD-3424	65824	MassBank	PR020022	Daidzin	inchikey	1	TRUE	TRUE	2.240900016659e-06	0.00538534539734406
CPD-20973	65826	MassBank	PR307959	Lariciresinol	inchikey	1	TRUE	TRUE	0.248711496999988	621.77874249997
DAMP	65827	MassBank	PR100084	Deoxyadenosine monophosphate	inchikey_connectivity_formula_mass	2	FALSE	TRUE	2.82000030438212e-07	0.00070500007609553
CPD-17667	65830	MassBank	PR305013	Ellipticine	inchikey	1	TRUE	TRUE	0.197301540199987	493.253850499968
SCOPOLETIN	65831	MassBank	PR303132	Scopoletin	inchikey	1	TRUE	TRUE	0.127741254799986	319.353136999965
DAIDZEIN	65835	MassBank	PR309181	Daidzein	inchikey	1	TRUE	TRUE	0.18309119060001	457.727976500024
TREHALOSE	65848	MassBank	PR100542	Trehalose	inchikey	1	TRUE	TRUE	1.54930000917375e-06	0.00387325002293437
LEU	65850	MassBank	PR030011	L-Leucine	inchikey	1	TRUE	TRUE	1.33329999130183e-06	0.00333324997825457
GALACTOSAMINE	65862	MassBank	PR100043	D(+)-Galactosamine	inchikey_connectivity_formula_mass	2	FALSE	TRUE	2.53300004260382e-06	0.00633250010650954
LUTEOLIN-7-O-BETA-D-GLUCOSIDE	65877	MassBank	PR040139	Luteolin 7-glucoside	inchikey	1	TRUE	TRUE	1.48510002873081e-06	0.00331421148817327
HISTIDINOL	65888	MassBank	PR010060	L-Histidinol	inchikey_connectivity_formula_mass	2	FALSE	TRUE	1.99079997287299e-06	0.00497699993218248
CPD-3041	65892	MassBank	PR302722	Isoliquiritigenin	inchikey	1	TRUE	TRUE	0.183441126399998	458.602815999996
CPD-13509	65896	MassBank	PR100253	Quercetin 3-galactoside	inchikey_connectivity_formula_mass	2	FALSE	TRUE	3.89280000945291e-06	0.00838792922979005
COUMARALDEHYDE	65905	MassBank	PR304040	p-Coumaraldehyde	inchikey	1	TRUE	TRUE	0.108570498999995	271.426247499988
CPD-9941	65912	MassBank	PR301627	Harmol	inchikey	1	TRUE	TRUE	0.145687046500001	364.217616250002
CPD-4748	65930	MassBank	PR100765	3-Aminobutanoic acid	inchikey	1	TRUE	TRUE	1.46169999482026e-06	0.00365424998705066
2-Aminobutyrate	65931	MassBank	PR100328	alpha-Aminobutyric acid	inchikey	1	TRUE	TRUE	1.46169999482026e-06	0.00365424998705066
CPD-15291	65940	MassBank	PR302598	Epigallocatechin gallate	inchikey	1	TRUE	TRUE	1.42090004828788e-06	0.00310182678551994
CPD-12724	65948	MassBank	PR303612	Baicalein	inchikey	1	TRUE	TRUE	0.187176568500036	467.941421250089
CPD-13511	65959	MassBank	PR100234	Rhamnetin	inchikey	1	TRUE	TRUE	2.73990002597202e-06	0.00684975006493005
CPD-8912	65961	MassBank	PR303994	Matairesinol	inchikey	1	TRUE	TRUE	0.248361561199999	620.903902999999
CPD-14998	65963	MassBank	PR040245	Cyanidin 3-galactoside	inchikey_connectivity_formula_mass	2	FALSE	TRUE	3.48279996842393e-06	0.00775492080081775
CPD-15838	65978	MassBank	PR100478	gamma-Tocotrienol	inchikey	1	TRUE	TRUE	5.92399999277404e-07	0.00144375656300472
SORBITOL	65982	MassBank	PR100703	D-Iditol	name_formula_mass	4	TRUE	TRUE	1.81799998699717e-06	0.00454499996749291
ALLANTOIN	65988	MassBank	PR100104	Allantoin	name_formula_mass	4	TRUE	TRUE	7.96999870544823e-08	0.000199249967636206
CPD-7137	65992	MassBank	PR040045	Pelargonin	inchikey_connectivity_formula_mass	2	FALSE	TRUE	4.6733999852222e-06	0.00785225914491286
2-COUMARATE	65995	MassBank	PR100185	2-Hydroxycinnamic acid	inchikey_connectivity_formula_mass	2	FALSE	TRUE	4.12310001252081e-06	0.010307750031302
LUTEOLIN-7-O-BETA-D-GLUCOSIDE	65996	MassBank	PR100247	Luteolin 7-glucoside	inchikey	1	TRUE	TRUE	1.48510002873081e-06	0.00331421148817327
CPD1F-462	66000	MassBank	PR101009	Kaempferitrin	inchikey	1	TRUE	TRUE	4.32759998147958e-06	0.00748507915973122
CPD-14969	66017	MassBank	PR302938	Isorhamnetin 3-beta-D-glucoside	inchikey	1	TRUE	TRUE	0.294873828600032	616.747472415694
CPD-3041	66019	MassBank	PR302737	Isoliquiritigenin	inchikey	1	TRUE	TRUE	0.183441126399998	458.602815999996
CPD-6981	66041	MassBank	PR040215	Rosmarinic acid	inchikey_connectivity_formula_mass	2	FALSE	TRUE	2.50959999448241e-06	0.00627399998620604
CPD1F-462	66045	MassBank	PR306101	Kaempferitrin	inchikey	1	TRUE	TRUE	4.32759998147958e-06	0.00748507915973122
DAIDZEIN	66050	MassBank	PR302673	Daidzein	inchikey	1	TRUE	TRUE	0.18309119060001	457.727976500024
CPD1F-453	66056	MassBank	PR020054	Astragalin	inchikey_connectivity_formula_mass	2	FALSE	TRUE	1.48510002873081e-06	0.00331421148817327
CPD-7075	66061	MassBank	PR306516	Hesperidin	inchikey	1	TRUE	TRUE	4.22900029661832e-07	0.000693063125867771
CPD-20975	66062	MassBank	PR308740	Flaxseeds extract	inchikey	1	TRUE	TRUE	0.249061432800033	622.653582000083
CPD-182	66063	MassBank	PR010093	4-Methylumbelliferone	inchikey	1	TRUE	TRUE	4.12310001252081e-06	0.010307750031302
CPD-7079	66064	MassBank	PR302395	Sakuranetin	inchikey	1	TRUE	TRUE	0.198876440100037	497.191100250092
INOSINE	66065	MassBank	PR100151	Inosine	inchikey	1	TRUE	TRUE	4.83499945858057e-07	0.00120874986464514
CPD-14427	66068	MassBank	PR303069	7,8-Dihydroxycoumarin	inchikey	1	TRUE	TRUE	0.116391319000002	290.978297500004
CPD-7079	66076	MassBank	PR020021	Sakuranetin	inchikey	1	TRUE	TRUE	3.55989999434314e-06	0.00889974998585785
CPD-12727	66109	MassBank	PR307454	Wogonin	inchikey	1	TRUE	TRUE	0.198526504299991	496.316260749978
CPD-3041	66119	MassBank	PR302707	Isoliquiritigenin	inchikey	1	TRUE	TRUE	0.183441126399998	458.602815999996
LUTEOLIN-7-O-BETA-D-GLUCOSIDE	66132	MassBank	PR302028	Luteolin 7-glucoside	inchikey	1	TRUE	TRUE	0.279438514899994	623.606705543674
APIGENIN-7-O-BETA-D-GLUCOSIDE	66138	MassBank	PR040065	Cosmosiin	inchikey_connectivity_formula_mass	2	FALSE	TRUE	3.13700002152473e-06	0.0072597987188983
CPD-7138	66141	MassBank	PR040240	cyanidin-3,5-diglucoside	inchikey_connectivity_formula_mass	2	FALSE	TRUE	5.1300048653502e-08	8.39386528765595e-05
CPD-14427	66142	MassBank	PR306788	7,8-Dihydroxycoumarin	inchikey	1	TRUE	TRUE	0.116391319000002	290.978297500004
ANILINE	66156	MassBank	PR100107	Aniline	inchikey	1	TRUE	TRUE	7.7010000154587e-07	0.00192525000386468
CPD-12727	66167	MassBank	PR307448	Wogonin	inchikey	1	TRUE	TRUE	0.198526504299991	496.316260749978
CPD-20974	66174	MassBank	PR307994	Epipinoresinol	inchikey	1	TRUE	TRUE	0.248361561199999	620.903902999999
PYRIDOXAL_PHOSPHATE	66179	MassBank	PR100698	Pyridoxal 5'-phosphate	inchikey_connectivity_formula_mass	2	FALSE	TRUE	3.56879999685589e-06	0.00892199999213972
SCOPOLETIN	66190	MassBank	PR306878	Scopoletin	inchikey	1	TRUE	TRUE	0.127741254799986	319.353136999965
CPD-3424	66198	MassBank	PR040204	Daidzin	inchikey	1	TRUE	TRUE	2.240900016659e-06	0.00538534539734406
CADAVERINE	66201	MassBank	PR100024	Cadaverine	inchikey_connectivity_formula_mass	2	FALSE	TRUE	1.54020000309174e-06	0.00385050000772935
SANGUINARINE	66206	MassBank	PR301637	Sanguinarine	inchikey	1	FALSE	TRUE	0.765107975100022	1912.76993775006
NARINGENIN-7-O-BETA-D-GLUCOSIDE	66207	MassBank	PR302695	Naringenin-7-O-glucoside	inchikey	1	TRUE	TRUE	0.275703072800013	635.083039582477
CPD-8912	66208	MassBank	PR304001	Matairesinol	inchikey	1	TRUE	TRUE	0.248361561199999	620.903902999999
CPD-10347	66211	MassBank	PR302839	Apigenin-6-C-glucoside-7-O-glucoside	inchikey	1	TRUE	TRUE	0.363529705500014	611.839641568733
ONONIN	66214	MassBank	PR302304	Formononetin-7-O-glucoside	inchikey	1	TRUE	TRUE	0.282617694900011	657.057335998384
APIGENIN-7-O-BETA-D-GLUCOSIDE	66218	MassBank	PR306069	Cosmosiin	inchikey_connectivity_formula_mass	2	FALSE	TRUE	3.13700002152473e-06	0.0072597987188983
NIACINE	66232	MassBank	PR100505	Nicotinic acid	inchikey_connectivity_formula_mass	2	FALSE	TRUE	1.59010001254956e-06	0.00397525003137389
ASCORBATE	66245	MassBank	PR010206	Ascorbic acid	inchikey_connectivity_formula_mass	2	FALSE	TRUE	2.0106000135911e-06	0.00502650003397775
CPD-10347	66247	MassBank	PR302829	Apigenin-6-C-glucoside-7-O-glucoside	inchikey	1	TRUE	TRUE	0.363529705500014	611.839641568733
CPD-8959	66260	MassBank	PR303993	Podofilox	inchikey	1	TRUE	TRUE	0.278532317000042	672.569796635804
CPD-13511	66264	MassBank	PR040055	3,3',4',5-tetrahydroxy-7-methoxyflavone	inchikey	1	TRUE	TRUE	2.73990002597202e-06	0.00684975006493005
CPD-20973	66268	MassBank	PR307956	Lariciresinol	inchikey	1	TRUE	TRUE	0.248711496999988	621.77874249997
CPD1F-90	66271	MassBank	PR040029	Kaempferol	inchikey_connectivity_formula_mass	2	FALSE	TRUE	1.94639994788304e-06	0.00486599986970759
CPD-15450	66276	MassBank	PR304436	Ginsenoside compound K	inchikey	1	TRUE	TRUE	0.43953103299998	706.136940584306
CPD-7075	66281	MassBank	PR302836	Hesperidin	inchikey	1	TRUE	TRUE	4.22900029661832e-07	0.000693063125867771
SANGUINARINE	66287	MassBank	PR301640	Sanguinarine	inchikey	1	FALSE	TRUE	0.765107975100022	1912.76993775006
CPD-369	66291	MassBank	PR010085	L-Iditol	inchikey	1	TRUE	TRUE	1.81799998699717e-06	0.00454499996749291
SINAPATE	66296	MassBank	PR303342	Sinapic acid	inchikey_connectivity_formula_mass	2	FALSE	TRUE	3.4957000139002e-06	0.00873925003475051
SINAPATE	66297	MassBank	PR307086	Sinapic acid	inchikey_connectivity_formula_mass	2	FALSE	TRUE	3.4957000139002e-06	0.00873925003475051
CPD-468	66301	MassBank	PR100296	Aminoadipic acid	inchikey_connectivity_formula_mass	2	FALSE	TRUE	2.15330001651637e-06	0.00538325004129092
CPD-11884	66312	MassBank	PR040237	4-Methoxycinnamic acid	inchikey_connectivity_formula_mass	2	FALSE	TRUE	4.18729996454204e-06	0.0104682499113551
CPD-4442	66316	MassBank	PR020097	cis-Zeatin riboside	inchikey	1	TRUE	TRUE	1.18940005222612e-06	0.0029735001305653
N-EE-PIPEROYL-PIPERIDINE	66318	MassBank	PR301781	Piperine	inchikey	1	TRUE	TRUE	0.206506518600008	516.266296500021
LUTEOLIN-7-O-BETA-D-GLUCOSIDE	66324	MassBank	PR302010	Luteolin 7-glucoside	inchikey	1	TRUE	TRUE	0.279438514899994	623.606705543674
CPD-14427	66325	MassBank	PR303054	7,8-Dihydroxycoumarin	inchikey	1	TRUE	TRUE	0.116391319000002	290.978297500004
SINAPATE	66339	MassBank	PR307065	Sinapic acid	inchikey_connectivity_formula_mass	2	FALSE	TRUE	3.4957000139002e-06	0.00873925003475051
RIBITOL	66343	MassBank	PR010134	Ribitol	inchikey	1	TRUE	TRUE	3.4957000139002e-06	0.00873925003475051
CPD-18719	66344	MassBank	PR100546	D-Fructose-6-phosphate	inchikey_connectivity_formula_mass	2	FALSE	TRUE	1.47380001180863e-06	0.00368450002952159
CPD-14452	66348	MassBank	PR303607	Scoparone	inchikey	1	TRUE	TRUE	0.139091190599999	347.727976499996
CPD-17667	66354	MassBank	PR301251	Ellipticine	inchikey	1	TRUE	TRUE	0.197301540199987	493.253850499968
GALACTOSE-1P	66364	MassBank	PR100929	Galactose 1-phosphate	inchikey_connectivity_formula_mass	2	FALSE	TRUE	1.47380001180863e-06	0.00368450002952159
SINAPATE	66365	MassBank	PR307062	Sinapic acid	inchikey_connectivity_formula_mass	2	FALSE	TRUE	3.4957000139002e-06	0.00873925003475051
CPD-15742	66366	MassBank	PR301417	Papaverine	inchikey	1	TRUE	TRUE	0.243941832300038	609.854580750095
CPD-15291	66370	MassBank	PR302604	Epigallocatechin gallate	inchikey	1	TRUE	TRUE	1.42090004828788e-06	0.00310182678551994
ONONIN	66375	MassBank	PR309186	Formononetin-7-O-glucoside	inchikey	1	TRUE	TRUE	0.282617694900011	657.057335998384
4-HYDROXY-L-PROLINE	66382	MassBank	PR100208	4-Hydroxyproline	inchikey	1	TRUE	TRUE	3.160399984381e-06	0.0079009999609525
CPD-7842	66385	MassBank	PR100458	Cyanidin-3-O-(2''-O-beta-glucopyranosyl-beta-glucopyranoside)	inchikey_connectivity_formula_mass	2	FALSE	TRUE	5.1300048653502e-08	8.39386528765595e-05
CPD-8098	66388	MassBank	PR010140	cis-Caffeic acid	inchikey_connectivity_formula_mass	2	FALSE	TRUE	1.25479999724121e-06	0.00313699999310302
MANNITOL	66390	MassBank	PR100904	Mannitol	inchikey	1	TRUE	TRUE	1.81799998699717e-06	0.00454499996749291
CPD-9940	66414	MassBank	PR305222	Harmine	inchikey	1	TRUE	TRUE	0.157036982300014	392.592455750034
CPD-9250	66420	MassBank	PR303742	Ginsenoside Rb1	inchikey	1	TRUE	TRUE	0.704060738499948	635.088284150645
DIMP	66426	MassBank	PR010192	dIMP	inchikey_connectivity_formula_mass	2	FALSE	TRUE	4.69719998363871e-06	0.0117429999590968
LYS	66447	MassBank	PR100167	L-Lysine	inchikey_connectivity_formula_mass	2	FALSE	TRUE	2.29599999101993e-06	0.00573999997754981
INDOLE_ACETATE_AUXIN	66458	MassBank	PR010197	Indoleacetic acid	inchikey_connectivity_formula_mass	2	FALSE	TRUE	1.46170000903112e-06	0.0036542500225778
GIBBERELLIN	66459	MassBank	PR020139	Gibberellin A3	name_formula_mass	4	FALSE	TRUE	1.561200008382e-06	0.003903000020955
CPD-7059	66463	MassBank	PR302588	Naringenin-7-O-rutinoside	inchikey	1	TRUE	TRUE	0.359794263399976	620.14332785881
CPD-9941	66469	MassBank	PR305191	Harmol	inchikey	1	TRUE	TRUE	0.145687046500001	364.217616250002
2-COUMARATE	66478	MassBank	PR010184	2-Hydroxycinnamic acid	inchikey_connectivity_formula_mass	2	FALSE	TRUE	4.12310001252081e-06	0.010307750031302
DAIDZEIN	66488	MassBank	PR306318	Daidzein	inchikey	1	TRUE	TRUE	0.18309119060001	457.727976500024
CPD1F-462	66517	MassBank	PR306095	Kaempferitrin	inchikey	1	TRUE	TRUE	4.32759998147958e-06	0.00748507915973122
CPD1F-462	66532	MassBank	PR306107	Kaempferitrin	inchikey	1	TRUE	TRUE	4.32759998147958e-06	0.00748507915973122
PELARGONIDIN-CMPD	66535	MassBank	PR020072	Pelargonidin	inchikey_connectivity_formula_mass	2	FALSE	TRUE	1.5364000205409e-06	0.00384100005135224
CYTIDINE	66536	MassBank	PR100116	Cytidine	inchikey	1	TRUE	TRUE	5.43400005881267e-07	0.00135850001470317
Glycerol-1-phosphate	66537	MassBank	PR010231	Glycerophosphoric acid	name_formula_mass	4	FALSE	TRUE	4.53150002499569e-06	0.0113287500624892
GLYCEROL-3P	66537	MassBank	PR010231	Glycerophosphoric acid	name_formula_mass	4	FALSE	TRUE	4.53150002499569e-06	0.0113287500624892
INDOLE_ACETATE_AUXIN	66540	MassBank	PR020128	Indoleacetic acid	inchikey_connectivity_formula_mass	2	FALSE	TRUE	1.46170000903112e-06	0.0036542500225778
DAIDZEIN	66545	MassBank	PR306284	Daidzein	inchikey	1	TRUE	TRUE	0.18309119060001	457.727976500024
ACETYLCHOLINE	66553	MassBank	PR100098	Acetylcholine	inchikey	1	FALSE	TRUE	1.00782879510001	2519.57198775003
SINAPALDEHYDE	66555	MassBank	PR302303	Sinapoyl aldehyde	inchikey	1	TRUE	TRUE	0.139441126399987	348.602815999968
ALLANTOIN	66564	MassBank	PR010137	Allantoin	name_formula_mass	4	TRUE	TRUE	7.96999870544823e-08	0.000199249967636206
PHOSPHORYL-ETHANOLAMINE	66570	MassBank	PR100842	O-Phosphoethanolamine	inchikey_connectivity_formula_mass	2	FALSE	TRUE	4.26039997591943e-06	0.0106509999397986
CPD-20975	66571	MassBank	PR307981	Flaxseeds extract	inchikey	1	TRUE	TRUE	0.249061432800033	622.653582000083
CPD-20974	66576	MassBank	PR307996	Epipinoresinol	inchikey	1	TRUE	TRUE	0.248361561199999	620.903902999999
INDOLE-3-ACETYL-LEU	66588	MassBank	PR020132	N-(3-Indolylacetyl)-L-leucine	inchikey_connectivity_formula_mass	2	FALSE	TRUE	2.51870005740784e-06	0.0062967501435196
CPD-17667	66594	MassBank	PR301257	Ellipticine	inchikey	1	TRUE	TRUE	0.197301540199987	493.253850499968
CPD-7079	66596	MassBank	PR302380	Sakuranetin	inchikey	1	TRUE	TRUE	0.198876440100037	497.191100250092
GLUCOSAMINE	66613	MassBank	PR100126	beta-D-Glucosamine	name_formula_mass	4	FALSE	TRUE	2.53300004260382e-06	0.00633250010650954
LYS	66615	MassBank	PR100322	L-Lysine	inchikey_connectivity_formula_mass	2	FALSE	TRUE	2.29599999101993e-06	0.00573999997754981
CPD-13494	66627	MassBank	PR307280	6-Gingerol	inchikey	1	TRUE	TRUE	6.77000002724526e-07	0.00169250000681131
CPD-20975	66635	MassBank	PR307992	Flaxseeds extract	inchikey	1	TRUE	TRUE	0.249061432800033	622.653582000083
CPD-4441	66638	MassBank	PR020089	cis-Zeatin	inchikey	1	TRUE	TRUE	6.54000018585066e-08	0.000163500004646266
N-EE-PIPEROYL-PIPERIDINE	66641	MassBank	PR301779	Piperine	inchikey	1	TRUE	TRUE	0.206506518600008	516.266296500021
ARG	66642	MassBank	PR100578	L-Arginine	inchikey_connectivity_formula_mass	2	FALSE	TRUE	4.28559999932077e-06	0.0107139999983019
CPD-15291	66663	MassBank	PR306239	Epigallocatechin gallate	inchikey	1	TRUE	TRUE	1.42090004828788e-06	0.00310182678551994
COUMARALDEHYDE	66676	MassBank	PR304041	p-Coumaraldehyde	inchikey	1	TRUE	TRUE	0.108570498999995	271.426247499988
CPD-7137	66691	MassBank	PR100645	Pelargonin	inchikey_connectivity_formula_mass	2	FALSE	TRUE	4.6733999852222e-06	0.00785225914491286
NARINGENIN-CMPD	66709	MassBank	PR302037	Naringenin	inchikey	1	TRUE	TRUE	0.187526504299967	468.816260749918
PROTOPINE	66720	MassBank	PR301847	Protopine	inchikey	1	TRUE	TRUE	0.247677274400019	619.193186000047
1-3-7-TRIMETHYLXANTHINE	66721	MassBank	PR100026	Caffeine	inchikey	1	TRUE	TRUE	4.41399998862835e-06	0.0110349999715709
ADP-D-GLUCOSE	66725	MassBank	PR100532	ADP-glucose	inchikey_connectivity_formula_mass	2	FALSE	TRUE	1.81999996584636e-06	0.00308955159040162
CPD-7145	66728	MassBank	PR100920	Delphinidin 3-rutinoside	inchikey_connectivity_formula_mass	2	FALSE	TRUE	5.1300048653502e-08	8.39386528765595e-05
CPD-9940	66729	MassBank	PR300839	Harmine	inchikey	1	TRUE	TRUE	0.157036982300014	392.592455750034
L-CYSTATHIONINE	66733	MassBank	PR100535	L-Cystathionine	inchikey	1	TRUE	TRUE	2.36180000001696e-06	0.00590450000004239
CPD-8097	66751	MassBank	PR306818	Aesculetin	inchikey	1	TRUE	TRUE	0.116391319000002	290.978297500004
Alpha-lactose	66753	MassBank	PR010077	Alpha-Lactose	inchikey	1	TRUE	TRUE	1.54930000917375e-06	0.00387325002293437
CPD-1961	66754	MassBank	PR302597	Catechin	inchikey	1	TRUE	TRUE	0.191961818000038	479.904545000096
CPD-14461	66758	MassBank	PR100940	Aesculin	inchikey	1	TRUE	TRUE	2.11249999892971e-06	0.00528124999732427
CPD-1125	66764	MassBank	PR300670	Amygdalin	inchikey	1	TRUE	TRUE	0.273589284999957	598.456199399375
FORMONONETIN	66785	MassBank	PR100744	Formononetin	inchikey	1	TRUE	TRUE	1.12639997951192e-06	0.00281599994877979
FORMONONETIN	66789	MassBank	PR302853	Formononetin	inchikey	1	TRUE	TRUE	0.194441126399965	486.102815999914
CPD-8912	66794	MassBank	PR303996	Matairesinol	inchikey	1	TRUE	TRUE	0.248361561199999	620.903902999999
CPD-12727	66805	MassBank	PR303579	Wogonin	inchikey	1	TRUE	TRUE	0.198526504299991	496.316260749978
2-COUMARATE	66807	MassBank	PR010183	2-Hydroxycinnamic acid	inchikey_connectivity_formula_mass	2	FALSE	TRUE	4.12310001252081e-06	0.010307750031302
CPD-638	66809	MassBank	PR020163	Gibberellin A44	name_formula_mass	4	FALSE	TRUE	3.9450999906876e-06	0.00986274997671899
CPD-12724	66810	MassBank	PR303609	Baicalein	inchikey	1	TRUE	TRUE	0.187176568500036	467.941421250089
STEARIC_ACID	66817	MassBank	PR010237	Stearic acid	inchikey_connectivity_formula_mass	2	FALSE	TRUE	3.99800001105177e-07	0.000999500002762943
CPD-14753	66825	MassBank	PR302997	Quercetin 7,4'-O-diglucoside	inchikey	1	TRUE	TRUE	0.371700461299952	593.630073855975
CPD-20973	66827	MassBank	PR307947	Lariciresinol	inchikey	1	TRUE	TRUE	0.248711496999988	621.77874249997
CPD-13494	66828	MassBank	PR307287	6-Gingerol	inchikey	1	TRUE	TRUE	6.77000002724526e-07	0.00169250000681131
CPD-1125	66851	MassBank	PR300680	Amygdalin	inchikey	1	TRUE	TRUE	0.273589284999957	598.456199399375
ADP-D-GLUCOSE	66864	MassBank	PR100102	ADP-glucose	inchikey_connectivity_formula_mass	2	FALSE	TRUE	1.81999996584636e-06	0.00308955159040162
CPD-9250	66867	MassBank	PR303713	Ginsenoside Rb1	inchikey	1	TRUE	TRUE	0.704060738499948	635.088284150645
CPD-20333	66876	MassBank	PR100888	Pipecolic acid	inchikey	1	TRUE	TRUE	1.39750000016647e-06	0.00349375000041618
PALMATINE	66877	MassBank	PR300606	Palmatine	inchikey	1	FALSE	TRUE	0.752708231899987	1881.77057974997
CPD-14976	66894	MassBank	PR020053	Kaempferol-3-O-(6''-p-coumaroyl)-glucoside	inchikey	1	TRUE	TRUE	9.21899982131436e-07	0.00155166140660501
CPD-15291	66896	MassBank	PR306251	Epigallocatechin gallate	inchikey	1	TRUE	TRUE	1.42090004828788e-06	0.00310182678551994
CPD-83	66897	MassBank	PR302566	Resveratrol	inchikey	1	TRUE	TRUE	0.168355748500005	420.889371250013
CPD-6959	66901	MassBank	PR304269	trans-pterostilbene	inchikey	1	TRUE	TRUE	0.191055620099974	477.639050249934
PALMATINE	66908	MassBank	PR300616	Palmatine	inchikey	1	FALSE	TRUE	0.752708231899987	1881.77057974997
CPD-7096	66918	MassBank	PR308302	Apigeninidin	inchikey	1	TRUE	TRUE	0.824733841499977	2061.83460374994
PROTOPINE	66921	MassBank	PR310606	Protopine	inchikey	1	TRUE	TRUE	0.247677274400019	619.193186000047
CPD-9941	66926	MassBank	PR301615	Harmol	inchikey	1	TRUE	TRUE	0.145687046500001	364.217616250002
CPD-8098	66927	MassBank	PR010139	cis-Caffeic acid	inchikey_connectivity_formula_mass	2	FALSE	TRUE	1.25479999724121e-06	0.00313699999310302
CPD-8959	66934	MassBank	PR303985	Podofilox	inchikey	1	TRUE	TRUE	0.278532317000042	672.569796635804
3-4-DIHYDROXYBENZOATE	66939	MassBank	PR010227	Protocatechuic acid	inchikey_connectivity_formula_mass	2	FALSE	TRUE	1.31900000610585e-06	0.00329750001526463
CAMP	66945	MassBank	PR100100	Cyclic AMP	inchikey_connectivity_formula_mass	2	FALSE	TRUE	3.46200067724567e-07	0.000865500169311417
CPD-16782	66953	MassBank	PR301740	Chelerythrine	inchikey	1	FALSE	TRUE	0.753408103500021	1883.52025875005
CPD-9940	66967	MassBank	PR300862	Harmine	inchikey	1	TRUE	TRUE	0.157036982300014	392.592455750034
O-PHENANTHROLINE	66977	MassBank	PR100010	1,10-Phenanthroline	inchikey	1	TRUE	TRUE	1.73279997284226e-06	0.00433199993210565
HOMO-SER	66980	MassBank	PR100294	L-Homoserine	inchikey	1	TRUE	TRUE	3.16039999859186e-06	0.00790099999647964
CPD1F-139	66989	MassBank	PR020137	Gibberellin A1	name_formula_mass	4	FALSE	TRUE	1.49699997109565e-06	0.00374249992773912
CPD1F-120	66990	MassBank	PR020158	Gibberellin A24	inchikey_connectivity_formula_mass	2	FALSE	TRUE	3.9450999906876e-06	0.00986274997671899
ONONIN	66995	MassBank	PR305977	Formononetin-7-O-glucoside	inchikey	1	TRUE	TRUE	0.282617694900011	657.057335998384
GALACTOSAMINE	66998	MassBank	PR010019	D-Galactosamine	inchikey_connectivity_formula_mass	2	FALSE	TRUE	2.53300004260382e-06	0.00633250010650954
CPD-16782	66999	MassBank	PR301728	Chelerythrine	inchikey	1	FALSE	TRUE	0.753408103500021	1883.52025875005
N-ACETYLNEURAMINATE	67003	MassBank	PR100695	N-Acetylneuraminic acid	inchikey_connectivity_formula_mass	2	FALSE	TRUE	1.21400006491967e-06	0.00303500016229918
Fucopyranoses	67015	MassBank	PR100278	D-(+)-Fucose	name_formula_mass	4	TRUE	TRUE	3.4957000139002e-06	0.00873925003475051
CPD-9941	67017	MassBank	PR305212	Harmol	inchikey	1	TRUE	TRUE	0.145687046500001	364.217616250002
CPD1F-90	67020	MassBank	PR040026	Kaempferol	inchikey_connectivity_formula_mass	2	FALSE	TRUE	1.94639994788304e-06	0.00486599986970759
CPD0-1942	67021	MassBank	PR100389	L-alpha-Aminobutyric acid	inchikey	1	TRUE	TRUE	1.46169999482026e-06	0.00365424998705066
CINNAMALDEHYDE	67025	MassBank	PR100059	Cinnamaldehyde	inchikey	1	TRUE	TRUE	4.87890000044899e-06	0.0121972500011225
HOMOGENTISATE	67026	MassBank	PR100707	Homogentisic acid	inchikey_connectivity_formula_mass	2	FALSE	TRUE	1.25479999724121e-06	0.00313699999310302
ADENOSYL-HOMO-CYS	67027	MassBank	PR100198	S-Adenosylhomocysteine	inchikey	1	TRUE	TRUE	1.52630002503429e-06	0.00381575006258572
CPD-7630	67040	MassBank	PR306396	Epicatechin	inchikey	1	TRUE	TRUE	0.191961818000038	479.904545000096
D-glucopyranose-6-phosphate	67042	MassBank	PR010051	Glucose 6-phosphate	inchikey_connectivity_formula_mass	2	FALSE	TRUE	1.47380001180863e-06	0.00368450002952159
CPD-17600	67051	MassBank	PR303919	(-)-Arctigenin	inchikey	1	TRUE	TRUE	0.259711496999955	649.278742499888
ONONIN	67052	MassBank	PR305969	Formononetin-7-O-glucoside	inchikey	1	TRUE	TRUE	0.282617694900011	657.057335998384
ONONIN	67055	MassBank	PR302334	Formononetin-7-O-glucoside	inchikey	1	TRUE	TRUE	0.282617694900011	657.057335998384
ANTHRANILATE	67063	MassBank	PR010099	2-Aminobenzoic acid	inchikey_connectivity_formula_mass	2	FALSE	TRUE	1.52590001789576e-06	0.00381475004473941
CPD-15836	67064	MassBank	PR100477	alpha-Tocotrienol	inchikey	1	TRUE	TRUE	6.5659997972034e-07	0.0015473654657577
OROTATE	67065	MassBank	PR100595	Orotic acid	inchikey_connectivity_formula_mass	2	FALSE	TRUE	3.37279999484963e-06	0.00843199998712407
APIGENIN-7-O-BETA-D-GLUCOSIDE	67068	MassBank	PR302362	Cosmosiin	inchikey_connectivity_formula_mass	2	FALSE	TRUE	3.13700002152473e-06	0.0072597987188983
IMP	67071	MassBank	PR100573	Inosinic acid	inchikey_connectivity_formula_mass	2	FALSE	TRUE	7.51000470700092e-08	0.000187750117675023
CHOLINE	67077	MassBank	PR100405	Choline	inchikey	1	FALSE	TRUE	1.00782410879999	2519.56027199999
CPD-12727	67078	MassBank	PR307444	Wogonin	inchikey	1	TRUE	TRUE	0.198526504299991	496.316260749978
PANTOTHENATE	67084	MassBank	PR010017	Pantothenic acid	inchikey_connectivity_formula_mass	2	FALSE	TRUE	0.000327338599959148	0.818346499897871
INDOLE_ACETATE_AUXIN	67086	MassBank	PR100149	Indoleacetic acid	inchikey_connectivity_formula_mass	2	FALSE	TRUE	1.46170000903112e-06	0.0036542500225778
CPD-9940	67089	MassBank	PR300870	Harmine	inchikey	1	TRUE	TRUE	0.157036982300014	392.592455750034
ONONIN	67093	MassBank	PR305934	Formononetin-7-O-glucoside	inchikey	1	TRUE	TRUE	0.282617694900011	657.057335998384
CPD-676	67094	MassBank	PR100110	Caffeic acid	inchikey_connectivity_formula_mass	2	FALSE	TRUE	1.25479999724121e-06	0.00313699999310302
APIGENIN-7-O-BETA-D-GLUCOSIDE	67096	MassBank	PR306063	Cosmosiin	inchikey_connectivity_formula_mass	2	FALSE	TRUE	3.13700002152473e-06	0.0072597987188983
NARINGIN	67100	MassBank	PR307630	Naringin	inchikey	1	TRUE	TRUE	0.359794263399976	620.14332785881
CPD-16782	67103	MassBank	PR301719	Chelerythrine	inchikey	1	FALSE	TRUE	0.753408103500021	1883.52025875005
CPD-7079	67123	MassBank	PR302390	Sakuranetin	inchikey	1	TRUE	TRUE	0.198876440100037	497.191100250092
CONIFERYL-ALDEHYDE	67124	MassBank	PR303346	Coniferaldehyde	inchikey	1	TRUE	TRUE	0.124005812700034	310.014531750085
CPD-4563	67125	MassBank	PR302874	Biochanin-7-O-glucoside	inchikey	1	TRUE	TRUE	0.286703072800037	642.657220748694
CPD1F-453	67129	MassBank	PR040114	Astragalin	inchikey_connectivity_formula_mass	2	FALSE	TRUE	1.48510002873081e-06	0.00331421148817327
CPD-3041	67140	MassBank	PR302712	Isoliquiritigenin	inchikey	1	TRUE	TRUE	0.183441126399998	458.602815999996
CPD-15317	67145	MassBank	PR100552	D-Ribose-5-phosphate	inchikey_connectivity_formula_mass	2	FALSE	TRUE	3.83990001751044e-06	0.00959975004377611
CPD-20973	67152	MassBank	PR307955	Lariciresinol	inchikey	1	TRUE	TRUE	0.248711496999988	621.77874249997
CPD-7074	67173	MassBank	PR020045	Hesperetin-7-O-neohesperidoside	name_formula_mass	4	TRUE	TRUE	4.22900029661832e-07	0.000693063125867771
23-Diaminopropanoate	67190	MassBank	PR010149	DL-2,3-Diaminopropionic acid	inchikey_connectivity_formula_mass	2	FALSE	TRUE	2.48860000340301e-06	0.00622150000850752
CPD-14969	67194	MassBank	PR040096	Isorhamnetin 3-beta-D-glucoside	inchikey	1	TRUE	TRUE	3.82860002900998e-06	0.00800776183492841
NARINGIN	67200	MassBank	PR303720	Naringin	inchikey	1	TRUE	TRUE	0.359794263399976	620.14332785881
CPD-14325	67209	MassBank	PR100770	(-)-Citramalic acid	name_formula_mass	4	FALSE	TRUE	3.36729999617091e-06	0.00841824999042728
CPD-12727	67211	MassBank	PR307452	Wogonin	inchikey	1	TRUE	TRUE	0.198526504299991	496.316260749978
NIACINAMIDE	67213	MassBank	PR010181	Niacinamide	inchikey	1	TRUE	TRUE	2.82509999749436e-06	0.00706274999373591
CPD-4207	67241	MassBank	PR010204	isopentenyl adenosine	inchikey	1	TRUE	TRUE	4.18849992911419e-06	0.0104712498227855
CPD-7075	67244	MassBank	PR306541	Hesperidin	inchikey	1	TRUE	TRUE	4.22900029661832e-07	0.000693063125867771
FORMONONETIN	67248	MassBank	PR306499	Formononetin	inchikey	1	TRUE	TRUE	0.194441126399965	486.102815999914
CPD-20975	67260	MassBank	PR307989	Flaxseeds extract	inchikey	1	TRUE	TRUE	0.249061432800033	622.653582000083
5-AMINO-LEVULINATE	67264	MassBank	PR100633	5-Aminolevulinic acid	inchikey	1	TRUE	TRUE	3.160399984381e-06	0.0079009999609525
CPD-10347	67267	MassBank	PR302844	Apigenin-6-C-glucoside-7-O-glucoside	inchikey	1	TRUE	TRUE	0.363529705500014	611.839641568733
CPD-24845	67269	MassBank	PR100774	DL-Lactic acid	inchikey	1	TRUE	TRUE	4.05890000365616e-06	0.0101472500091404
CPD-14753	67271	MassBank	PR302992	Quercetin 7,4'-O-diglucoside	inchikey	1	TRUE	TRUE	0.371700461299952	593.630073855975
CPD-14976	67280	MassBank	PR302891	Kaempferol-3-O-glucoside-6''-p-coumaroyl	inchikey	1	TRUE	TRUE	0.3876590781	652.473849730577
MYRICETIN	67291	MassBank	PR020006	Myricetin	inchikey_connectivity_formula_mass	2	FALSE	TRUE	2.70219999265464e-06	0.0067554999816366
CPD1F-437	67307	MassBank	PR040187	Isoquercitrin	inchikey_connectivity_formula_mass	2	FALSE	TRUE	3.89280000945291e-06	0.00838792922979005
L-CITRULLINE	67319	MassBank	PR100901	Citrulline	inchikey	1	TRUE	TRUE	1.29920002223116e-06	0.0032480000555779
CPD-7117	67328	MassBank	PR100454	Delphinidin 3-glucoside	inchikey_connectivity_formula_mass	2	FALSE	TRUE	1.13930002498819e-06	0.00244956340279117
CPD1F-462	67330	MassBank	PR309242	Kaempferitrin	inchikey	1	TRUE	TRUE	4.32759998147958e-06	0.00748507915973122
INDOLEYL-CPD	67335	MassBank	PR010109	3-Indoleacetonitrile	inchikey	1	TRUE	TRUE	1.73279997284226e-06	0.00433199993210565
CPD-8097	67337	MassBank	PR309355	Aesculetin	inchikey	1	TRUE	TRUE	0.116391319000002	290.978297500004
CPD-9940	67343	MassBank	PR304884	Harmine	inchikey	1	TRUE	TRUE	0.157036982300014	392.592455750034
CPD-7075	67353	MassBank	PR302826	Hesperidin	inchikey	1	TRUE	TRUE	4.22900029661832e-07	0.000693063125867771
SINAPALDEHYDE	67357	MassBank	PR302297	Sinapoyl aldehyde	inchikey	1	TRUE	TRUE	0.139441126399987	348.602815999968
CPD-4563	67362	MassBank	PR302904	Biochanin-7-O-glucoside	inchikey	1	TRUE	TRUE	0.286703072800037	642.657220748694
ONONIN	67367	MassBank	PR305990	Formononetin-7-O-glucoside	inchikey	1	TRUE	TRUE	0.282617694900011	657.057335998384
CPD-7079	67378	MassBank	PR302364	Sakuranetin	inchikey	1	TRUE	TRUE	0.198876440100037	497.191100250092
O-PHENANTHROLINE	67381	MassBank	PR010090	1,10-Phenanthroline	inchikey	1	TRUE	TRUE	1.73279997284226e-06	0.00433199993210565
SCOPOLETIN	67387	MassBank	PR306834	Scopoletin	inchikey	1	TRUE	TRUE	0.127741254799986	319.353136999965
INDOLE_ACETALDEHYDE	67398	MassBank	PR100569	Indoleacetaldehyde	inchikey	1	TRUE	TRUE	3.9162000007309e-06	0.00979050000182724
NARINGENIN-CMPD	67401	MassBank	PR302071	Naringenin	inchikey	1	TRUE	TRUE	0.187526504299967	468.816260749918
PYRIDOXAMINE	67414	MassBank	PR100512	Pyridoxamine	inchikey_connectivity_formula_mass	2	FALSE	TRUE	2.36019999988457e-06	0.00590049999971143
CPD-15291	67416	MassBank	PR306257	Epigallocatechin gallate	inchikey	1	TRUE	TRUE	1.42090004828788e-06	0.00310182678551994
CPD-83	67426	MassBank	PR302620	Resveratrol	inchikey	1	TRUE	TRUE	0.168355748500005	420.889371250013
OXIDIZED-GLUTATHIONE	67436	MassBank	PR100557	Oxidized glutathione	inchikey_connectivity_formula_mass	2	FALSE	TRUE	1.90359992302547e-06	0.00310968524401338
CPD-20975	67442	MassBank	PR307993	Flaxseeds extract	inchikey	1	TRUE	TRUE	0.249061432800033	622.653582000083
CPD-6981	67445	MassBank	PR040221	Rosmarinic acid	inchikey_connectivity_formula_mass	2	FALSE	TRUE	2.50959999448241e-06	0.00627399998620604
TRP	67450	MassBank	PR100034	L-Tryptophan	inchikey	1	TRUE	TRUE	2.36019999988457e-06	0.00590049999971143
CPD1F-462	67454	MassBank	PR306083	Kaempferitrin	inchikey	1	TRUE	TRUE	4.32759998147958e-06	0.00748507915973122
CPD-520	67455	MassBank	PR040051	Quercetin	inchikey_connectivity_formula_mass	2	FALSE	TRUE	2.67570004552908e-06	0.00668925011382271
SACCHAROPINE	67458	MassBank	PR100277	Saccharopine	inchikey_connectivity_formula_mass	2	FALSE	TRUE	3.61499996870407e-06	0.00903749992176017
CPD-7145	67462	MassBank	PR100919	Delphinidin 3-rutinoside	inchikey_connectivity_formula_mass	2	FALSE	TRUE	5.1300048653502e-08	8.39386528765595e-05
CPD-7137	67463	MassBank	PR040046	Pelargonin	inchikey_connectivity_formula_mass	2	FALSE	TRUE	4.6733999852222e-06	0.00785225914491286
L-CYSTINE	67472	MassBank	PR010057	L-Cystine	inchikey	1	TRUE	TRUE	1.73600000152874e-06	0.00434000000382184
APIGENIN-7-O-BETA-D-GLUCOSIDE	67473	MassBank	PR306034	Cosmosiin	inchikey_connectivity_formula_mass	2	FALSE	TRUE	3.13700002152473e-06	0.0072597987188983
APIGENIN-7-O-BETA-D-GLUCOSIDE	67483	MassBank	PR306016	Cosmosiin	inchikey_connectivity_formula_mass	2	FALSE	TRUE	3.13700002152473e-06	0.0072597987188983
CPD1F-437	67485	MassBank	PR040186	Isoquercitrin	inchikey_connectivity_formula_mass	2	FALSE	TRUE	3.89280000945291e-06	0.00838792922979005
CPD-3041	67490	MassBank	PR302702	Isoliquiritigenin	inchikey	1	TRUE	TRUE	0.183441126399998	458.602815999996
CPD-13494	67494	MassBank	PR307283	6-Gingerol	inchikey	1	TRUE	TRUE	6.77000002724526e-07	0.00169250000681131
CPD-9940	67496	MassBank	PR305229	Harmine	inchikey	1	TRUE	TRUE	0.157036982300014	392.592455750034
BETAINE	67512	MassBank	PR100443	Betaine	inchikey	1	TRUE	TRUE	2.0156486667	5039.12166675001
TETRACOSANOATE	67515	MassBank	PR100438	Tetracosanoic acid	inchikey_connectivity_formula_mass	2	FALSE	TRUE	7.84999997449631e-07	0.00196249999362408
CPD-7252	67518	MassBank	PR100229	Kaempferide	inchikey_connectivity_formula_mass	2	FALSE	TRUE	1.88220002428352e-06	0.0047055000607088
DEOXYCHOLATE	67519	MassBank	PR100932	Deoxycholic acid	inchikey_connectivity_formula_mass	2	FALSE	TRUE	2.27600025937136e-07	0.00056900006484284
URACIL	67523	MassBank	PR010100	Uracil	inchikey	1	TRUE	TRUE	2.61700000692144e-06	0.00654250001730361
CPD-15291	67532	MassBank	PR302580	Epigallocatechin gallate	inchikey	1	TRUE	TRUE	1.42090004828788e-06	0.00310182678551994
CPD-16782	67534	MassBank	PR301710	Chelerythrine	inchikey	1	FALSE	TRUE	0.753408103500021	1883.52025875005
CPD-11495	67536	MassBank	PR100850	ortho-Hydroxyphenylacetic acid	inchikey_connectivity_formula_mass	2	FALSE	TRUE	4.12310001252081e-06	0.010307750031302
HISTIDINOL	67543	MassBank	PR100165	L-Histidinol	inchikey_connectivity_formula_mass	2	FALSE	TRUE	1.99079997287299e-06	0.00497699993218248
CPD-12725	67545	MassBank	PR040080	baicalein-7-O-glucuronide	inchikey_connectivity_formula_mass	2	FALSE	TRUE	1.42090004828788e-06	0.00318526812252387
CPD-7075	67547	MassBank	PR306493	Hesperidin	inchikey	1	TRUE	TRUE	4.22900029661832e-07	0.000693063125867771
CPD-15291	67554	MassBank	PR306209	Epigallocatechin gallate	inchikey	1	TRUE	TRUE	1.42090004828788e-06	0.00310182678551994
CPD-693	67560	MassBank	PR020172	(+/-)-cis,trans-abscisic acid	inchikey_connectivity_formula_mass	2	FALSE	TRUE	8.69600000896753e-07	0.00217400000224188
GLUCOTROPEOLIN	67561	MassBank	PR100432	Glucotropaeolin	name_formula_mass	4	FALSE	TRUE	2.5940000796254e-06	0.00634152133527181
DAMP	67562	MassBank	PR100083	Deoxyadenosine monophosphate	inchikey_connectivity_formula_mass	2	FALSE	TRUE	2.82000030438212e-07	0.00070500007609553
ISOORIENTIN	67568	MassBank	PR040128	Isoorientin 7-O-(6'''-O-(E)-feruloyl)glucoside	inchikey_connectivity_formula_mass	2	FALSE	TRUE	1.48510002873081e-06	0.00331421148817327
CPD-7630	67569	MassBank	PR306374	Epicatechin	inchikey	1	TRUE	TRUE	0.191961818000038	479.904545000096
CPD-7630	67576	MassBank	PR100689	Epicatechin	inchikey	1	TRUE	TRUE	1.81800004384058e-06	0.00454500010960146
CPD-20973	67578	MassBank	PR307943	Lariciresinol	inchikey	1	TRUE	TRUE	0.248711496999988	621.77874249997
CPD-20975	67583	MassBank	PR307977	Flaxseeds extract	inchikey	1	TRUE	TRUE	0.249061432800033	622.653582000083
COUMARATE	67586	MassBank	PR100685	4-Hydroxycinnamic acid	inchikey_connectivity_formula_mass	2	FALSE	TRUE	4.12310001252081e-06	0.010307750031302
CPD-15001	67587	MassBank	PR040083	Cyanidin 3-rutinoside	inchikey_connectivity_formula_mass	2	FALSE	TRUE	4.6733999852222e-06	0.00785225914491286
CPD-20332	67589	MassBank	PR100129	(2R,6S)-2,6-Diaminoheptanedioic acid	inchikey	1	TRUE	TRUE	3.05180000736982e-06	0.00762950001842455
CPD-17667	67591	MassBank	PR305005	Ellipticine	inchikey	1	TRUE	TRUE	0.197301540199987	493.253850499968
CPD-332	67593	MassBank	PR020100	Dihydrozeatin	name_formula_mass	4	TRUE	TRUE	1.29600010723152e-07	0.00032400002680788
ONONIN	67596	MassBank	PR302287	Formononetin-7-O-glucoside	inchikey	1	TRUE	TRUE	0.282617694900011	657.057335998384
CPD-6981	67599	MassBank	PR040216	Rosmarinic acid	inchikey_connectivity_formula_mass	2	FALSE	TRUE	2.50959999448241e-06	0.00627399998620604
NARINGENIN-7-O-BETA-D-GLUCOSIDE	67618	MassBank	PR302750	Naringenin-7-O-glucoside	inchikey	1	TRUE	TRUE	0.275703072800013	635.083039582477
CPD-1961	67623	MassBank	PR302609	Catechin	inchikey	1	TRUE	TRUE	0.191961818000038	479.904545000096
L-CYSTATHIONINE	67627	MassBank	PR100114	L-Cystathionine	inchikey	1	TRUE	TRUE	2.36180000001696e-06	0.00590450000004239
CPD-11884	67628	MassBank	PR040233	4-Methoxycinnamic acid	inchikey_connectivity_formula_mass	2	FALSE	TRUE	4.18729996454204e-06	0.0104682499113551
INDOLE_ACETALDEHYDE	67630	MassBank	PR010168	Indoleacetaldehyde	inchikey	1	TRUE	TRUE	3.9162000007309e-06	0.00979050000182724
PYRIDOXAMINE	67632	MassBank	PR100057	Pyridoxamine	inchikey_connectivity_formula_mass	2	FALSE	TRUE	2.36019999988457e-06	0.00590049999971143
NARINGIN	67633	MassBank	PR303732	Naringin	inchikey	1	TRUE	TRUE	0.359794263399976	620.14332785881
DAMP	67635	MassBank	PR100521	Deoxyadenosine monophosphate	inchikey_connectivity_formula_mass	2	FALSE	TRUE	2.82000030438212e-07	0.00070500007609553
PRO	67636	MassBank	PR100585	L-Proline	inchikey	1	TRUE	TRUE	1.46169999482026e-06	0.00365424998705066
CPD-7059	67637	MassBank	PR302558	Naringenin-7-O-rutinoside	inchikey	1	TRUE	TRUE	0.359794263399976	620.14332785881
NARINGENIN-7-O-BETA-D-GLUCOSIDE	67640	MassBank	PR302710	Naringenin-7-O-glucoside	inchikey	1	TRUE	TRUE	0.275703072800013	635.083039582477
CPD-8912	67644	MassBank	PR303998	Matairesinol	inchikey	1	TRUE	TRUE	0.248361561199999	620.903902999999
INDOLE_ACETATE_AUXIN	67649	MassBank	PR010198	Indoleacetic acid	inchikey_connectivity_formula_mass	2	FALSE	TRUE	1.46170000903112e-06	0.0036542500225778
APIGENIN-7-O-BETA-D-GLUCOSIDE	67658	MassBank	PR302350	Cosmosiin	inchikey_connectivity_formula_mass	2	FALSE	TRUE	3.13700002152473e-06	0.0072597987188983
CPD-4207	67669	MassBank	PR020109	isopentenyl adenosine	inchikey	1	TRUE	TRUE	4.18849992911419e-06	0.0104712498227855
CPD-14452	67670	MassBank	PR303606	Scoparone	inchikey	1	TRUE	TRUE	0.139091190599999	347.727976499996
CPD-7630	67674	MassBank	PR310493	Epicatechin	inchikey	1	TRUE	TRUE	0.191961818000038	479.904545000096
URIDINE	67675	MassBank	PR100615	Uridine	inchikey	1	TRUE	TRUE	3.87179997574094e-06	0.00967949993935235
CPD-15839	67678	MassBank	PR100479	delta-Tocotrienol	inchikey	1	TRUE	TRUE	5.28200018834468e-07	0.00132050004708617
APIGENIN-7-O-NEOHESPERIDOSIDE	67683	MassBank	PR040072	Apigenin 7-O-beta-D-rutinoside	inchikey_connectivity_formula_mass	2	FALSE	TRUE	4.32759998147958e-06	0.00748507915973122
N-EE-PIPEROYL-PIPERIDINE	67686	MassBank	PR301798	Piperine	inchikey	1	TRUE	TRUE	0.206506518600008	516.266296500021
L-ALPHA-ALANINE	67700	MassBank	PR030001	L-Alanine	inchikey	1	TRUE	TRUE	1.52590000368491e-06	0.00381475000921228
L-2-AMINOHEXANOATE	67701	MassBank	PR100170	L-Norleucine	inchikey	1	TRUE	TRUE	1.33329999130183e-06	0.00333324997825457
CPD-17667	67702	MassBank	PR301254	Ellipticine	inchikey	1	TRUE	TRUE	0.197301540199987	493.253850499968
5-AMINOPENTANOATE	67708	MassBank	PR100762	5-Aminopentanoic acid	inchikey	1	TRUE	TRUE	1.39750000016647e-06	0.00349375000041618
CPD-9939	67730	MassBank	PR100069	Harmaline	name_formula_mass	4	TRUE	TRUE	3.08189999032038e-06	0.00770474997580095
SEROTONIN	67734	MassBank	PR010094	Serotonin	inchikey_connectivity_formula_mass	2	FALSE	TRUE	3.01770000987744e-06	0.00754425002469361
SINAPALDEHYDE	67739	MassBank	PR302280	Sinapoyl aldehyde	inchikey	1	TRUE	TRUE	0.139441126399987	348.602815999968
TRP	67750	MassBank	PR030018	L-Tryptophan	inchikey	1	TRUE	TRUE	2.36019999988457e-06	0.00590049999971143
RETINOATE	67751	MassBank	PR100470	all-trans-Retinoic acid	inchikey_connectivity_formula_mass	2	FALSE	TRUE	1.42999965646595e-07	0.000357499914116488
CATECHOL	67754	MassBank	PR305453	Pyrocatechol	inchikey	1	TRUE	TRUE	0.0752205631999914	188.051407999978
L-ASPARTATE	67764	MassBank	PR030004	L-Aspartic acid	inchikey_connectivity_formula_mass	2	FALSE	TRUE	2.28170000582395e-06	0.00570425001455988
CPD-1095	67775	MassBank	PR020028	Acacetin	inchikey_connectivity_formula_mass	2	FALSE	TRUE	3.4957000139002e-06	0.00873925003475051
CPD-8097	67786	MassBank	PR306808	Aesculetin	inchikey	1	TRUE	TRUE	0.116391319000002	290.978297500004
CPD-16782	67789	MassBank	PR301713	Chelerythrine	inchikey	1	FALSE	TRUE	0.753408103500021	1883.52025875005
CPD-8186	67790	MassBank	PR309354	Umbelliferone	inchikey	1	TRUE	TRUE	0.112305941100004	280.764852750011
3-AMINO-ISOBUTYRATE	67795	MassBank	PR100387	3-Aminoisobutanoic acid	inchikey	1	TRUE	TRUE	1.46169999482026e-06	0.00365424998705066
CPD-10347	67804	MassBank	PR302824	Apigenin-6-C-glucoside-7-O-glucoside	inchikey	1	TRUE	TRUE	0.363529705500014	611.839641568733
CPD-15742	67825	MassBank	PR301409	Papaverine	inchikey	1	TRUE	TRUE	0.243941832300038	609.854580750095
VITEXIN	67831	MassBank	PR100820	Vitexin 6''-O-malonyl 2''-O-xyloside	inchikey_connectivity_formula_mass	2	FALSE	TRUE	3.13700002152473e-06	0.0072597987188983
SANGUINARINE	67838	MassBank	PR301662	Sanguinarine	inchikey	1	FALSE	TRUE	0.765107975100022	1912.76993775006
CPD-7252	67839	MassBank	PR040032	Kaempferide	inchikey_connectivity_formula_mass	2	FALSE	TRUE	1.88220002428352e-06	0.0047055000607088
CPD-13511	67851	MassBank	PR040058	3,3',4',5-tetrahydroxy-7-methoxyflavone	inchikey	1	TRUE	TRUE	2.73990002597202e-06	0.00684975006493005
CONIFERYL-ALDEHYDE	67853	MassBank	PR303361	Coniferaldehyde	inchikey	1	TRUE	TRUE	0.124005812700034	310.014531750085
CPD-9940	67855	MassBank	PR305225	Harmine	inchikey	1	TRUE	TRUE	0.157036982300014	392.592455750034
NARINGENIN-7-O-BETA-D-GLUCOSIDE	67859	MassBank	PR302730	Naringenin-7-O-glucoside	inchikey	1	TRUE	TRUE	0.275703072800013	635.083039582477
CONIFERYL-ALDEHYDE	67861	MassBank	PR303370	Coniferaldehyde	inchikey	1	TRUE	TRUE	0.124005812700034	310.014531750085
CPD-1125	67875	MassBank	PR300695	Amygdalin	inchikey	1	TRUE	TRUE	0.273589284999957	598.456199399375
ONONIN	67887	MassBank	PR100362	Ononin	inchikey	1	TRUE	TRUE	2.30509999710193e-06	0.00535912255544201
CPD-3041	67891	MassBank	PR302727	Isoliquiritigenin	inchikey	1	TRUE	TRUE	0.183441126399998	458.602815999996
TYRAMINE	67893	MassBank	PR010240	Tyramine	inchikey_connectivity_formula_mass	2	FALSE	TRUE	3.98040000959554e-06	0.00995100002398885
CPD-14976	67894	MassBank	PR302861	Kaempferol-3-O-glucoside-6''-p-coumaroyl	inchikey	1	TRUE	TRUE	0.3876590781	652.473849730577
THYMINE	67898	MassBank	PR100612	Thymine	inchikey	1	TRUE	TRUE	2.5527999980568e-06	0.006381999995142
AICAR	67906	MassBank	PR100736	AICAR	inchikey_connectivity_formula_mass	2	FALSE	TRUE	1.09000097836542e-08	2.72500244591356e-05
CPD-14452	67914	MassBank	PR303605	Scoparone	inchikey	1	TRUE	TRUE	0.139091190599999	347.727976499996
APIGENIN-7-O-BETA-D-GLUCOSIDE	67917	MassBank	PR302404	Cosmosiin	inchikey_connectivity_formula_mass	2	FALSE	TRUE	3.13700002152473e-06	0.0072597987188983
ONONIN	67920	MassBank	PR302328	Formononetin-7-O-glucoside	inchikey	1	TRUE	TRUE	0.282617694900011	657.057335998384
2-PROPENYL-GLUCOSINOLATE	67922	MassBank	PR040062	2-propenyl glucosinolate	name_formula_mass	4	FALSE	TRUE	2.52980004233905e-06	0.00632450010584762
CYTIDINE	67930	MassBank	PR100536	Cytidine	inchikey	1	TRUE	TRUE	5.43400005881267e-07	0.00135850001470317
DAIDZEIN	67933	MassBank	PR040009	Daidzein	inchikey	1	TRUE	TRUE	1.19059998837656e-06	0.0029764999709414
CPD-1125	67936	MassBank	PR300675	Amygdalin	inchikey	1	TRUE	TRUE	0.273589284999957	598.456199399375
CPD-7075	67937	MassBank	PR306512	Hesperidin	inchikey	1	TRUE	TRUE	4.22900029661832e-07	0.000693063125867771
CPD1F-462	67944	MassBank	PR100981	Kaempferitrin	inchikey	1	TRUE	TRUE	4.32759998147958e-06	0.00748507915973122
CPD-12724	67949	MassBank	PR303614	Baicalein	inchikey	1	TRUE	TRUE	0.187176568500036	467.941421250089
CPD-2461	67953	MassBank	PR100833	Methylsuccinic acid	inchikey_connectivity_formula_mass	2	FALSE	TRUE	1.25479999724121e-06	0.00313699999310302
CPD1F-453	67955	MassBank	PR040117	Astragalin	inchikey_connectivity_formula_mass	2	FALSE	TRUE	1.48510002873081e-06	0.00331421148817327
CPD-7096	67958	MassBank	PR308316	Apigeninidin	inchikey	1	TRUE	TRUE	0.824733841499977	2061.83460374994
CPD-14427	67965	MassBank	PR306802	7,8-Dihydroxycoumarin	inchikey	1	TRUE	TRUE	0.116391319000002	290.978297500004
CPD-7059	67966	MassBank	PR302606	Naringenin-7-O-rutinoside	inchikey	1	TRUE	TRUE	0.359794263399976	620.14332785881
CPD-8097	67970	MassBank	PR100474	Aesculetin	inchikey	1	TRUE	TRUE	1.31900000610585e-06	0.00329750001526463
CPD-15717	67975	MassBank	PR010188	Maltose	inchikey	1	TRUE	TRUE	1.54930000917375e-06	0.00387325002293437
CPD-1125	67980	MassBank	PR300655	Amygdalin	inchikey	1	TRUE	TRUE	0.273589284999957	598.456199399375
D-THREONINE	67985	MassBank	PR010069	L-Allothreonine	name_formula_mass	4	TRUE	TRUE	3.16039999859186e-06	0.00790099999647964
THR	67985	MassBank	PR010069	L-Allothreonine	name_formula_mass	4	TRUE	TRUE	3.16039999859186e-06	0.00790099999647964
CPD-15448	68005	MassBank	PR304387	Ginsenoside F1	inchikey	1	TRUE	TRUE	0.443616410900063	694.844995943381
2-PROPENYL-GLUCOSINOLATE	68011	MassBank	PR100648	Sinigrin	name_formula_mass	4	FALSE	TRUE	2.52980004233905e-06	0.00632450010584762
VAL	68023	MassBank	PR100588	L-Valine	inchikey	1	TRUE	TRUE	1.39750000016647e-06	0.00349375000041618
ISOORIENTIN	68039	MassBank	PR020061	Isoorientin 7-O-(6'''-O-(E)-feruloyl)glucoside	inchikey_connectivity_formula_mass	2	FALSE	TRUE	1.48510002873081e-06	0.00331421148817327
CPD-12575	68043	MassBank	PR100617	Uridine diphosphate glucose	inchikey_connectivity_formula_mass	2	FALSE	TRUE	3.7649999740097e-07	0.000665129685009327
DAIDZEIN	68061	MassBank	PR040010	Daidzein	inchikey	1	TRUE	TRUE	1.19059998837656e-06	0.0029764999709414
CPD-20973	68082	MassBank	PR307949	Lariciresinol	inchikey	1	TRUE	TRUE	0.248711496999988	621.77874249997
CPD1F-766	68088	MassBank	PR040255	Cyanidin 3-glucoside	inchikey_connectivity_formula_mass	2	FALSE	TRUE	3.48279996842393e-06	0.00775492080081775
LUTEOLIN-7-O-BETA-D-GLUCOSIDE	68089	MassBank	PR305617	Luteolin 7-glucoside	inchikey	1	TRUE	TRUE	0.279438514899994	623.606705543674
CPD-9941	68092	MassBank	PR308854	Harmol	inchikey	1	TRUE	TRUE	0.145687046500001	364.217616250002
CPD-20974	68101	MassBank	PR307995	Epipinoresinol	inchikey	1	TRUE	TRUE	0.248361561199999	620.903902999999
CPD-7630	68105	MassBank	PR306413	Epicatechin	inchikey	1	TRUE	TRUE	0.191961818000038	479.904545000096
CPD-9940	68110	MassBank	PR304886	Harmine	inchikey	1	TRUE	TRUE	0.157036982300014	392.592455750034
CPD-9940	68116	MassBank	PR304888	Harmine	inchikey	1	TRUE	TRUE	0.157036982300014	392.592455750034
CPD-7138	68120	MassBank	PR040239	cyanidin-3,5-diglucoside	inchikey_connectivity_formula_mass	2	FALSE	TRUE	5.1300048653502e-08	8.39386528765595e-05
CPD-17667	68126	MassBank	PR305011	Ellipticine	inchikey	1	TRUE	TRUE	0.197301540199987	493.253850499968
PYRIDOXINE	68129	MassBank	PR100602	Pyridoxine	inchikey	1	TRUE	TRUE	3.22459999324565e-06	0.00806149998311412
CPD-8004	68137	MassBank	PR020011	Isorhamnetin	inchikey_connectivity_formula_mass	2	FALSE	TRUE	2.73990002597202e-06	0.00684975006493005
CPD-20975	68144	MassBank	PR307974	Flaxseeds extract	inchikey	1	TRUE	TRUE	0.249061432800033	622.653582000083
5-OXOPROLINE	68146	MassBank	PR010068	Pyroglutamic acid	inchikey_connectivity_formula_mass	2	FALSE	TRUE	3.09620000393807e-06	0.00774050000984516
PALMATINE	68155	MassBank	PR300630	Palmatine	inchikey	1	FALSE	TRUE	0.752708231899987	1881.77057974997
KYNURENATE	68161	MassBank	PR100864	Kynurenic acid	inchikey_connectivity_formula_mass	2	FALSE	TRUE	3.09620000393807e-06	0.00774050000984516
PALMATINE	68166	MassBank	PR300640	Palmatine	inchikey	1	FALSE	TRUE	0.752708231899987	1881.77057974997
CPD-9940	68175	MassBank	PR300835	Harmine	inchikey	1	TRUE	TRUE	0.157036982300014	392.592455750034
CPD-15291	68176	MassBank	PR306269	Epigallocatechin gallate	inchikey	1	TRUE	TRUE	1.42090004828788e-06	0.00310182678551994
D-Glucopyranuronate	68185	MassBank	PR100896	D-Glucuronic acid	inchikey_connectivity_formula_mass	2	FALSE	TRUE	2.67569998868566e-06	0.00668924997171416
NARINGENIN-CMPD	68187	MassBank	PR040041	Naringenin	inchikey	1	TRUE	TRUE	3.4957000139002e-06	0.00873925003475051
CPD-20973	68189	MassBank	PR307958	Lariciresinol	inchikey	1	TRUE	TRUE	0.248711496999988	621.77874249997
CPD-8909	68193	MassBank	PR304007	Secoisolariciresinol	inchikey	1	TRUE	TRUE	0.249061432800033	622.653582000083
CPD-68	68199	MassBank	PR100488	1-Aminocyclopropanecarboxylic acid	inchikey	1	TRUE	TRUE	1.52590000368491e-06	0.00381475000921228
LUTEOLIN-7-O-BETA-D-GLUCOSIDE	68200	MassBank	PR302022	Luteolin 7-glucoside	inchikey	1	TRUE	TRUE	0.279438514899994	623.606705543674
CPD-6959	68206	MassBank	PR304259	trans-pterostilbene	inchikey	1	TRUE	TRUE	0.191055620099974	477.639050249934
SCOPOLETIN	68214	MassBank	PR303136	Scopoletin	inchikey	1	TRUE	TRUE	0.127741254799986	319.353136999965
CYS	68222	MassBank	PR010015	L-Cysteine	inchikey	1	TRUE	TRUE	8.35899996332046e-07	0.00208974999083011
CPD-9940	68227	MassBank	PR300843	Harmine	inchikey	1	TRUE	TRUE	0.157036982300014	392.592455750034
SANGUINARINE	68229	MassBank	PR301648	Sanguinarine	inchikey	1	FALSE	TRUE	0.765107975100022	1912.76993775006
CPD1F-96	68230	MassBank	PR020153	Gibberellin A19	inchikey_connectivity_formula_mass	2	FALSE	TRUE	1.43279999065271e-06	0.00358199997663178
CPD-13494	68236	MassBank	PR307289	6-Gingerol	inchikey	1	TRUE	TRUE	6.77000002724526e-07	0.00169250000681131
NARINGENIN-CMPD	68239	MassBank	PR302060	Naringenin	inchikey	1	TRUE	TRUE	0.187526504299967	468.816260749918
CPD-9940	68250	MassBank	PR310554	Harmine	inchikey	1	TRUE	TRUE	0.157036982300014	392.592455750034
CPD-7059	68252	MassBank	PR302612	Naringenin-7-O-rutinoside	inchikey	1	TRUE	TRUE	0.359794263399976	620.14332785881
CPD-9939	68257	MassBank	PR100517	Harmaline	name_formula_mass	4	TRUE	TRUE	3.08189999032038e-06	0.00770474997580095
GLUCONATE	68258	MassBank	PR100708	L-Gluconic acid	name_formula_mass	4	FALSE	TRUE	2.73989999755031e-06	0.00684974999387578
CPD-14753	68268	MassBank	PR303007	Quercetin 7,4'-O-diglucoside	inchikey	1	TRUE	TRUE	0.371700461299952	593.630073855975
ONONIN	68269	MassBank	PR310867	Ononin	inchikey	1	TRUE	TRUE	0.282617694900011	657.057335998384
DAIDZEIN	68275	MassBank	PR100225	Daidzein	inchikey	1	TRUE	TRUE	1.19059998837656e-06	0.0029764999709414
CPD-83	68276	MassBank	PR302584	Resveratrol	inchikey	1	TRUE	TRUE	0.168355748500005	420.889371250013
CPD-9941	68279	MassBank	PR305203	Harmol	inchikey	1	TRUE	TRUE	0.145687046500001	364.217616250002
CPD-4209	68280	MassBank	PR100490	6-(gamma,gamma-Dimethylallylamino)purine	name_formula_mass	4	TRUE	TRUE	4.55669999155361e-06	0.011391749978884
SEROTONIN	68292	MassBank	PR100015	Serotonin	inchikey_connectivity_formula_mass	2	FALSE	TRUE	3.01770000987744e-06	0.00754425002469361
1-7-DIMETHYLXANTHINE	68300	MassBank	PR100870	Paraxanthine	inchikey	1	TRUE	TRUE	4.47819999749299e-06	0.0111954999937325
CPD-8097	68305	MassBank	PR303113	Aesculetin	inchikey	1	TRUE	TRUE	0.116391319000002	290.978297500004
CPD-7630	68311	MassBank	PR306425	Epicatechin	inchikey	1	TRUE	TRUE	0.191961818000038	479.904545000096
CPD-13509	68330	MassBank	PR100948	Quercetin 3-galactoside	inchikey_connectivity_formula_mass	2	FALSE	TRUE	3.89280000945291e-06	0.00838792922979005
CPD-8909	68332	MassBank	PR304012	Secoisolariciresinol	inchikey	1	TRUE	TRUE	0.249061432800033	622.653582000083
CPD-7630	68339	MassBank	PR306362	Epicatechin	inchikey	1	TRUE	TRUE	0.191961818000038	479.904545000096
CPD-9940	68340	MassBank	PR304876	Harmine	inchikey	1	TRUE	TRUE	0.157036982300014	392.592455750034
CPD-17600	68352	MassBank	PR303922	(-)-Arctigenin	inchikey	1	TRUE	TRUE	0.259711496999955	649.278742499888
SEROTONIN	68362	MassBank	PR100014	Serotonin	inchikey_connectivity_formula_mass	2	FALSE	TRUE	3.01770000987744e-06	0.00754425002469361
CPD-20973	68363	MassBank	PR307939	Lariciresinol	inchikey	1	TRUE	TRUE	0.248711496999988	621.77874249997
CPD-9250	68377	MassBank	PR303710	Ginsenoside Rb1	inchikey	1	TRUE	TRUE	0.704060738499948	635.088284150645
ACETYLSERINE	68387	MassBank	PR100272	O-Acetylserine	inchikey	1	TRUE	TRUE	2.2174999969593e-06	0.00554374999239826
5-OXOPROLINE	68389	MassBank	PR100174	Pyroglutamic acid	inchikey_connectivity_formula_mass	2	FALSE	TRUE	3.09620000393807e-06	0.00774050000984516
PHE	68390	MassBank	PR100032	L-Phenylalanine	inchikey	1	TRUE	TRUE	1.39750000016647e-06	0.00349375000041618
ADENINE	68402	MassBank	PR100492	Adenine	inchikey	1	TRUE	TRUE	4.81349999859049e-06	0.0120337499964762
CPD-20973	68406	MassBank	PR307948	Lariciresinol	inchikey	1	TRUE	TRUE	0.248711496999988	621.77874249997
CPD-8004	68408	MassBank	PR100640	Isorhamnetin	inchikey_connectivity_formula_mass	2	FALSE	TRUE	2.73990002597202e-06	0.00684975006493005
CPD-17667	68412	MassBank	PR301242	Ellipticine	inchikey	1	TRUE	TRUE	0.197301540199987	493.253850499968
CPD-12727	68425	MassBank	PR303583	Wogonin	inchikey	1	TRUE	TRUE	0.198526504299991	496.316260749978
CPD-12724	68429	MassBank	PR307467	Baicalein	inchikey	1	TRUE	TRUE	0.187176568500036	467.941421250089
APIGENIN-7-O-BETA-D-GLUCOSIDE	68431	MassBank	PR310948	Cosmosiin	inchikey_connectivity_formula_mass	2	FALSE	TRUE	3.13700002152473e-06	0.0072597987188983
VAL	68438	MassBank	PR030020	L-Valine	inchikey	1	TRUE	TRUE	1.39750000016647e-06	0.00349375000041618
CPD-4563	68442	MassBank	PR302898	Biochanin-7-O-glucoside	inchikey	1	TRUE	TRUE	0.286703072800037	642.657220748694
DAIDZEIN	68445	MassBank	PR302679	Daidzein	inchikey	1	TRUE	TRUE	0.18309119060001	457.727976500024
PHENYL-PYRUVATE	68450	MassBank	PR010214	Phenylpyruvic acid	inchikey_connectivity_formula_mass	2	FALSE	TRUE	4.12310001252081e-06	0.010307750031302
CPD-7138	68457	MassBank	PR020035	cyanidin-3,5-diglucoside	inchikey_connectivity_formula_mass	2	FALSE	TRUE	5.1300048653502e-08	8.39386528765595e-05
CPD-8097	68459	MassBank	PR306812	Aesculetin	inchikey	1	TRUE	TRUE	0.116391319000002	290.978297500004
GUANOSINE	68467	MassBank	PR100140	Guanosine	inchikey	1	TRUE	TRUE	4.4620003336604e-07	0.0011155000834151
COUMARALDEHYDE	68468	MassBank	PR304059	p-Coumaraldehyde	inchikey	1	TRUE	TRUE	0.108570498999995	271.426247499988
CPD-6959	68472	MassBank	PR304273	trans-pterostilbene	inchikey	1	TRUE	TRUE	0.191055620099974	477.639050249934
CPD-16537	68477	MassBank	PR100924	Cyanidin-3-O-(6''-O-(E-p-coum)-2''-O-(beta-xylopyranosyl)-beta-glucopyranoside)-5-O-beta-glucopyranoside	inchikey_connectivity_formula_mass	2	FALSE	TRUE	1.86930003565067e-06	0.00210213161131672
CPD-468	68480	MassBank	PR100729	Aminoadipic acid	inchikey_connectivity_formula_mass	2	FALSE	TRUE	2.15330001651637e-06	0.00538325004129092
COUMARALDEHYDE	68481	MassBank	PR304043	p-Coumaraldehyde	inchikey	1	TRUE	TRUE	0.108570498999995	271.426247499988
XANTHOSINE-5-PHOSPHATE	68495	MassBank	PR100212	Xanthylic acid	inchikey_connectivity_formula_mass	2	FALSE	TRUE	4.54700000318553e-06	0.0113675000079638
APIGENIN-7-O-BETA-D-GLUCOSIDE	68507	MassBank	PR302393	Cosmosiin	inchikey_connectivity_formula_mass	2	FALSE	TRUE	3.13700002152473e-06	0.0072597987188983
S-LACTOYL-GLUTATHIONE	68515	MassBank	PR100746	S-Lactoylglutathione	inchikey_connectivity_formula_mass	2	FALSE	TRUE	4.64350000584091e-06	0.0116087500146023
CPD-25858	68517	MassBank	PR010118	DL-Homocysteine	inchikey	1	TRUE	TRUE	7.71700001678255e-07	0.00192925000419564
CONIFERYL-ALDEHYDE	68518	MassBank	PR303355	Coniferaldehyde	inchikey	1	TRUE	TRUE	0.124005812700034	310.014531750085
CPD-14427	68523	MassBank	PR306768	7,8-Dihydroxycoumarin	inchikey	1	TRUE	TRUE	0.116391319000002	290.978297500004
CPD-7252	68525	MassBank	PR100642	Kaempferide	inchikey_connectivity_formula_mass	2	FALSE	TRUE	1.88220002428352e-06	0.0047055000607088
SINAPATE	68528	MassBank	PR303345	Sinapic acid	inchikey_connectivity_formula_mass	2	FALSE	TRUE	3.4957000139002e-06	0.00873925003475051
CPD-8097	68534	MassBank	PR303109	Aesculetin	inchikey	1	TRUE	TRUE	0.116391319000002	290.978297500004
CPD-13494	68538	MassBank	PR307284	6-Gingerol	inchikey	1	TRUE	TRUE	6.77000002724526e-07	0.00169250000681131
CPD-7059	68539	MassBank	PR302618	Naringenin-7-O-rutinoside	inchikey	1	TRUE	TRUE	0.359794263399976	620.14332785881
CPD-9941	68550	MassBank	PR301603	Harmol	inchikey	1	TRUE	TRUE	0.145687046500001	364.217616250002
CPD-6994	68559	MassBank	PR040016	Eriodictyol	inchikey_connectivity_formula_mass	2	FALSE	TRUE	1.88220002428352e-06	0.0047055000607088
CPD-9940	68589	MassBank	PR304880	Harmine	inchikey	1	TRUE	TRUE	0.157036982300014	392.592455750034
NIACINE	68592	MassBank	PR100046	Nicotinic acid	inchikey_connectivity_formula_mass	2	FALSE	TRUE	1.59010001254956e-06	0.00397525003137389
CPD-20122	68607	MassBank	PR100934	Palatinose	inchikey	1	TRUE	TRUE	1.54930000917375e-06	0.00387325002293437
CPD-17667	68608	MassBank	PR301248	Ellipticine	inchikey	1	TRUE	TRUE	0.197301540199987	493.253850499968
CPD-14753	68611	MassBank	PR303011	Quercetin 7,4'-O-diglucoside	inchikey	1	TRUE	TRUE	0.371700461299952	593.630073855975
CPD-15742	68613	MassBank	PR301429	Papaverine	inchikey	1	TRUE	TRUE	0.243941832300038	609.854580750095
SINAPATE	68616	MassBank	PR307078	Sinapic acid	inchikey_connectivity_formula_mass	2	FALSE	TRUE	3.4957000139002e-06	0.00873925003475051
CPD-20975	68619	MassBank	PR308738	Flaxseeds extract	inchikey	1	TRUE	TRUE	0.249061432800033	622.653582000083
L-DIHYDROXY-PHENYLALANINE	68627	MassBank	PR100091	L-Dopa	inchikey	1	TRUE	TRUE	2.15330001651637e-06	0.00538325004129092
CPD-20975	68628	MassBank	PR307973	Flaxseeds extract	inchikey	1	TRUE	TRUE	0.249061432800033	622.653582000083
APIGENIN-7-O-BETA-D-GLUCOSIDE	68648	MassBank	PR040064	Cosmosiin	inchikey_connectivity_formula_mass	2	FALSE	TRUE	3.13700002152473e-06	0.0072597987188983
CPD-8097	68680	MassBank	PR306816	Aesculetin	inchikey	1	TRUE	TRUE	0.116391319000002	290.978297500004
CPD-10347	68691	MassBank	PR302799	Apigenin-6-C-glucoside-7-O-glucoside	inchikey	1	TRUE	TRUE	0.363529705500014	611.839641568733
PHYTOL	68706	MassBank	PR100055	Phytol	inchikey	1	TRUE	TRUE	4.09390003142107e-06	0.0102347500785527
3-METHYLXANTHINE	68710	MassBank	PR100871	3-Methylxanthine	inchikey	1	TRUE	TRUE	4.54240000635764e-06	0.0113560000158941
CPD-20975	68711	MassBank	PR307987	Flaxseeds extract	inchikey	1	TRUE	TRUE	0.249061432800033	622.653582000083
MALONATE	68727	MassBank	PR010176	Malonic acid	inchikey_connectivity_formula_mass	2	FALSE	TRUE	1.38320000075964e-06	0.00345800000189911
LUTEOLIN-7-O-BETA-D-GLUCOSIDE	68728	MassBank	PR305606	Luteolin 7-glucoside	inchikey	1	TRUE	TRUE	0.279438514899994	623.606705543674
GLYCERATE	68732	MassBank	PR100897	DL-Glyceric acid	name_formula_mass	4	FALSE	TRUE	1.31900000610585e-06	0.00329750001526463
APIGENIN-7-O-NEOHESPERIDOSIDE	68735	MassBank	PR100650	Apigenin 7-O-beta-D-rutinoside	inchikey_connectivity_formula_mass	2	FALSE	TRUE	4.32759998147958e-06	0.00748507915973122
Hydroxy-Butyrates	68737	MassBank	PR010195	DL-alpha-Hydroxybutyric acid	inchikey_connectivity_formula_mass	2	FALSE	TRUE	4.12309999830995e-06	0.0103077499957749
TRYPTAMINE	68739	MassBank	PR010102	Tryptamine	inchikey_connectivity_formula_mass	2	FALSE	TRUE	1.60440001195639e-06	0.00401100002989097
CPD-7138	68741	MassBank	PR040242	cyanidin-3,5-diglucoside	inchikey_connectivity_formula_mass	2	FALSE	TRUE	5.1300048653502e-08	8.39386528765595e-05
CPD-7079	68744	MassBank	PR302385	Sakuranetin	inchikey	1	TRUE	TRUE	0.198876440100037	497.191100250092
CPD-369	68745	MassBank	PR010086	L-Iditol	inchikey	1	TRUE	TRUE	1.81799998699717e-06	0.00454499996749291
CPD1F-453	68746	MassBank	PR040112	Astragalin	inchikey_connectivity_formula_mass	2	FALSE	TRUE	1.48510002873081e-06	0.00331421148817327
CPD-3424	68750	MassBank	PR040202	Daidzin	inchikey	1	TRUE	TRUE	2.240900016659e-06	0.00538534539734406
HIS	68762	MassBank	PR100321	L-Histidine	inchikey	1	TRUE	TRUE	3.45129998891025e-06	0.00862824997227563
CPD-182	68766	MassBank	PR100039	4-Methylumbelliferone	inchikey	1	TRUE	TRUE	4.12310001252081e-06	0.010307750031302
ASCORBATE	68773	MassBank	PR010207	Ascorbic acid	inchikey_connectivity_formula_mass	2	FALSE	TRUE	2.0106000135911e-06	0.00502650003397775
CPD-17667	68782	MassBank	PR305014	Ellipticine	inchikey	1	TRUE	TRUE	0.197301540199987	493.253850499968
FORMONONETIN	68788	MassBank	PR302828	Formononetin	inchikey	1	TRUE	TRUE	0.194441126399965	486.102815999914
CAMP	68789	MassBank	PR010133	Cyclic AMP	inchikey_connectivity_formula_mass	2	FALSE	TRUE	3.46200067724567e-07	0.000865500169311417
SINAPATE	68795	MassBank	PR307083	Sinapic acid	inchikey_connectivity_formula_mass	2	FALSE	TRUE	3.4957000139002e-06	0.00873925003475051
GLT	68799	MassBank	PR100580	L-Glutamic acid	inchikey_connectivity_formula_mass	2	FALSE	TRUE	2.2174999969593e-06	0.00554374999239826
Fructofuranose	68800	MassBank	PR010042	D-(-)-Fructose	inchikey	1	TRUE	TRUE	1.88219999586181e-06	0.00470549998965453
CPD-676	68801	MassBank	PR040213	Caffeic acid	inchikey_connectivity_formula_mass	2	FALSE	TRUE	1.25479999724121e-06	0.00313699999310302
NARINGENIN-CMPD	68805	MassBank	PR302025	Naringenin	inchikey	1	TRUE	TRUE	0.187526504299967	468.816260749918
CPD-9940	68808	MassBank	PR300874	Harmine	inchikey	1	TRUE	TRUE	0.157036982300014	392.592455750034
ACETYLSERINE	68810	MassBank	PR010115	O-Acetylserine	inchikey	1	TRUE	TRUE	2.2174999969593e-06	0.00554374999239826
CPD-4442	68811	MassBank	PR020096	cis-Zeatin riboside	inchikey	1	TRUE	TRUE	1.18940005222612e-06	0.0029735001305653
ISOORIENTIN	68813	MassBank	PR040134	Isoorientin 7-O-(6'''-O-(E)-feruloyl)glucoside	inchikey_connectivity_formula_mass	2	FALSE	TRUE	1.48510002873081e-06	0.00331421148817327
APIGENIN-7-O-NEOHESPERIDOSIDE	68814	MassBank	PR040069	Apigenin 7-O-beta-D-rutinoside	inchikey_connectivity_formula_mass	2	FALSE	TRUE	4.32759998147958e-06	0.00748507915973122
CPD-6959	68818	MassBank	PR304271	trans-pterostilbene	inchikey	1	TRUE	TRUE	0.191055620099974	477.639050249934
CPD1F-462	68821	MassBank	PR306089	Kaempferitrin	inchikey	1	TRUE	TRUE	4.32759998147958e-06	0.00748507915973122
CPD-9940	68827	MassBank	PR301685	Harmine	inchikey	1	TRUE	TRUE	0.157036982300014	392.592455750034
CADAVERINE	68829	MassBank	PR010010	Cadaverine	inchikey_connectivity_formula_mass	2	FALSE	TRUE	1.54020000309174e-06	0.00385050000772935
D-mannopyranose	68839	MassBank	PR010047	D-(+)-Mannose	inchikey	1	TRUE	TRUE	1.88219999586181e-06	0.00470549998965453
CPD-20332	68840	MassBank	PR100128	(2R,6S)-2,6-Diaminoheptanedioic acid	inchikey	1	TRUE	TRUE	3.05180000736982e-06	0.00762950001842455
FERULIC-ACID	68843	MassBank	PR100005	Ferulic acid	inchikey_connectivity_formula_mass	2	FALSE	TRUE	1.19059998837656e-06	0.0029764999709414
APIGENIN-7-O-BETA-D-GLUCOSIDE	68845	MassBank	PR302356	Cosmosiin	inchikey_connectivity_formula_mass	2	FALSE	TRUE	3.13700002152473e-06	0.0072597987188983
APIGENIN-7-O-BETA-D-GLUCOSIDE	68849	MassBank	PR302399	Cosmosiin	inchikey_connectivity_formula_mass	2	FALSE	TRUE	3.13700002152473e-06	0.0072597987188983
GLUCOSAMINE	68851	MassBank	PR100125	beta-D-Glucosamine	name_formula_mass	4	FALSE	TRUE	2.53300004260382e-06	0.00633250010650954
CPD-9250	68852	MassBank	PR303716	Ginsenoside Rb1	inchikey	1	TRUE	TRUE	0.704060738499948	635.088284150645
CPD-332	68855	MassBank	PR020101	Dihydrozeatin	name_formula_mass	4	TRUE	TRUE	1.29600010723152e-07	0.00032400002680788
CPD-8097	68861	MassBank	PR306828	Aesculetin	inchikey	1	TRUE	TRUE	0.116391319000002	290.978297500004
CPD-12727	68862	MassBank	PR310477	Wogonin	inchikey	1	TRUE	TRUE	0.198526504299991	496.316260749978
NARINGENIN-7-O-BETA-D-GLUCOSIDE	68869	MassBank	PR040150	naringenin-7-O-glucoside	inchikey	1	TRUE	TRUE	3.07280004108179e-06	0.0070782061668748
CPD-14998	68876	MassBank	PR020047	Cyanidin 3-galactoside	inchikey_connectivity_formula_mass	2	FALSE	TRUE	3.48279996842393e-06	0.00775492080081775
RUTIN	68877	MassBank	PR020080	Rutin	inchikey_connectivity_formula_mass	2	FALSE	TRUE	4.91660000534466e-06	0.00805797382574006
CPD-10797	68879	MassBank	PR100767	m-Coumaric acid	inchikey_connectivity_formula_mass	2	FALSE	TRUE	4.12310001252081e-06	0.010307750031302
CPD-9940	68889	MassBank	PR301688	Harmine	inchikey	1	TRUE	TRUE	0.157036982300014	392.592455750034
FERULIC-ACID	68890	MassBank	PR100482	Ferulic acid	inchikey_connectivity_formula_mass	2	FALSE	TRUE	1.19059998837656e-06	0.0029764999709414
CPD-7630	68901	MassBank	PR306380	Epicatechin	inchikey	1	TRUE	TRUE	0.191961818000038	479.904545000096
CPD-14452	68902	MassBank	PR303602	Scoparone	inchikey	1	TRUE	TRUE	0.139091190599999	347.727976499996
CPD-8097	68909	MassBank	PR303108	Aesculetin	inchikey	1	TRUE	TRUE	0.116391319000002	290.978297500004
SINAPALDEHYDE	68913	MassBank	PR302286	Sinapoyl aldehyde	inchikey	1	TRUE	TRUE	0.139441126399987	348.602815999968
CPD-8097	68917	MassBank	PR303116	Aesculetin	inchikey	1	TRUE	TRUE	0.116391319000002	290.978297500004
APIGENIN-7-O-BETA-D-GLUCOSIDE	68920	MassBank	PR302373	Cosmosiin	inchikey_connectivity_formula_mass	2	FALSE	TRUE	3.13700002152473e-06	0.0072597987188983
N-EE-PIPEROYL-PIPERIDINE	68922	MassBank	PR301787	Piperine	inchikey	1	TRUE	TRUE	0.206506518600008	516.266296500021
CPD-7090	68923	MassBank	PR100908	Delphinidin	inchikey_connectivity_formula_mass	2	FALSE	TRUE	2.29220000846908e-06	0.0057305000211727
CPD-12724	68924	MassBank	PR307470	Baicalein	inchikey	1	TRUE	TRUE	0.187176568500036	467.941421250089
CPD-14753	68925	MassBank	PR303045	Quercetin 7,4'-O-diglucoside	inchikey	1	TRUE	TRUE	0.371700461299952	593.630073855975
CPD-12724	68933	MassBank	PR303615	Baicalein	inchikey	1	TRUE	TRUE	0.187176568500036	467.941421250089
CPD-3141	68937	MassBank	PR040020	Genistein	inchikey_connectivity_formula_mass	2	FALSE	TRUE	3.43149997661385e-06	0.00857874994153462
CPD-1961	68946	MassBank	PR302585	Catechin	inchikey	1	TRUE	TRUE	0.191961818000038	479.904545000096
CPD-11685	68952	MassBank	PR100814	Quercetin 4'-glucoside	inchikey_connectivity_formula_mass	2	FALSE	TRUE	3.89280000945291e-06	0.00838792922979005
CPD-15450	68954	MassBank	PR304427	Ginsenoside compound K	inchikey	1	TRUE	TRUE	0.43953103299998	706.136940584306
CPD-9941	68957	MassBank	PR301591	Harmol	inchikey	1	TRUE	TRUE	0.145687046500001	364.217616250002
LUTEOLIN-7-O-BETA-D-GLUCOSIDE	68967	MassBank	PR302046	Luteolin 7-glucoside	inchikey	1	TRUE	TRUE	0.279438514899994	623.606705543674
5734-TETRAHYDROXYFLAVONE	68975	MassBank	PR100231	Luteolin	inchikey_connectivity_formula_mass	2	FALSE	TRUE	1.94639994788304e-06	0.00486599986970759
ADENOSINE	68978	MassBank	PR310808	Adenosine	inchikey	1	TRUE	TRUE	0.148246068300011	370.615170750028
APIGENIN-7-O-BETA-D-GLUCOSIDE	68990	MassBank	PR310947	Cosmosiin	inchikey_connectivity_formula_mass	2	FALSE	TRUE	3.13700002152473e-06	0.0072597987188983
CPD-7075	68991	MassBank	PR306536	Hesperidin	inchikey	1	TRUE	TRUE	4.22900029661832e-07	0.000693063125867771
CPD1F-437	68992	MassBank	PR100677	Isoquercitrin	inchikey_connectivity_formula_mass	2	FALSE	TRUE	3.89280000945291e-06	0.00838792922979005
CPD-14998	69000	MassBank	PR040246	Cyanidin 3-galactoside	inchikey_connectivity_formula_mass	2	FALSE	TRUE	3.48279996842393e-06	0.00775492080081775
CPD-14998	69003	MassBank	PR100343	Cyanidin 3-galactoside	inchikey_connectivity_formula_mass	2	FALSE	TRUE	3.48279996842393e-06	0.00775492080081775
SINAPATE	69004	MassBank	PR101042	Sinapic acid	inchikey_connectivity_formula_mass	2	FALSE	TRUE	3.4957000139002e-06	0.00873925003475051
CPD-9940	69038	MassBank	PR304878	Harmine	inchikey	1	TRUE	TRUE	0.157036982300014	392.592455750034
PYRIDOXAL_PHOSPHATE	69043	MassBank	PR100274	Pyridoxal 5'-phosphate	inchikey_connectivity_formula_mass	2	FALSE	TRUE	3.56879999685589e-06	0.00892199999213972
VITEXIN-2-O-B-L-RHAMNOSIDE	69049	MassBank	PR100371	Vitexin-2''-O-rhamnoside	name_formula_mass	4	FALSE	TRUE	4.32759998147958e-06	0.00748507915973122
ADENOSINE	69055	MassBank	PR010098	Adenosine	inchikey	1	TRUE	TRUE	3.93170000734244e-06	0.00982925001835611
PROTOPINE	69071	MassBank	PR301832	Protopine	inchikey	1	TRUE	TRUE	0.247677274400019	619.193186000047
CPD-83	69073	MassBank	PR302596	Resveratrol	inchikey	1	TRUE	TRUE	0.168355748500005	420.889371250013
DAIDZEIN	69075	MassBank	PR306305	Daidzein	inchikey	1	TRUE	TRUE	0.18309119060001	457.727976500024
5734-TETRAHYDROXYFLAVONE	69076	MassBank	PR040036	Luteolin	inchikey_connectivity_formula_mass	2	FALSE	TRUE	1.94639994788304e-06	0.00486599986970759
CPD-20975	69087	MassBank	PR307986	Flaxseeds extract	inchikey	1	TRUE	TRUE	0.249061432800033	622.653582000083
CPD-14969	69098	MassBank	PR302983	Isorhamnetin 3-beta-D-glucoside	inchikey	1	TRUE	TRUE	0.294873828600032	616.747472415694
CPD-16535	69111	MassBank	PR100457	Cyanidin-3-O-(2''-O-beta-xylopyranosyl-beta-glucopyranoside)	inchikey_connectivity_formula_mass	2	FALSE	TRUE	4.73760007935198e-06	0.00815210327644542
CPD-458	69120	MassBank	PR100902	Galactinol	name_formula_mass	4	TRUE	TRUE	1.54930000917375e-06	0.00387325002293437
CATECHOL	69133	MassBank	PR305504	Pyrocatechol	inchikey	1	TRUE	TRUE	0.0752205631999914	188.051407999978
THYMINE	69152	MassBank	PR100206	Thymine	inchikey	1	TRUE	TRUE	2.5527999980568e-06	0.006381999995142
CPD-9940	69159	MassBank	PR304874	Harmine	inchikey	1	TRUE	TRUE	0.157036982300014	392.592455750034
CPD-12727	69174	MassBank	PR307447	Wogonin	inchikey	1	TRUE	TRUE	0.198526504299991	496.316260749978
NARINGENIN-CMPD	69183	MassBank	PR040043	Naringenin	inchikey	1	TRUE	TRUE	3.4957000139002e-06	0.00873925003475051
CPD-8909	69186	MassBank	PR304005	Secoisolariciresinol	inchikey	1	TRUE	TRUE	0.249061432800033	622.653582000083
CPD-12727	69191	MassBank	PR303587	Wogonin	inchikey	1	TRUE	TRUE	0.198526504299991	496.316260749978
CPD-17667	69199	MassBank	PR305016	Ellipticine	inchikey	1	TRUE	TRUE	0.197301540199987	493.253850499968
3-4-DIHYDROXYBENZOATE	69200	MassBank	PR100601	Protocatechuic acid	inchikey_connectivity_formula_mass	2	FALSE	TRUE	1.31900000610585e-06	0.00329750001526463
INDOLE-3-CARBOXALDEHYDE	69201	MassBank	PR101043	Indole-3-carboxaldehyde	inchikey	1	TRUE	TRUE	3.85199999186625e-06	0.00962999997966563
CPD-15450	69207	MassBank	PR304434	Ginsenoside compound K	inchikey	1	TRUE	TRUE	0.43953103299998	706.136940584306
CPD1F-453	69215	MassBank	PR040111	Astragalin	inchikey_connectivity_formula_mass	2	FALSE	TRUE	1.48510002873081e-06	0.00331421148817327
FORMONONETIN	69220	MassBank	PR306509	Formononetin	inchikey	1	TRUE	TRUE	0.194441126399965	486.102815999914
GALACTOSAMINE	69226	MassBank	PR010021	D-Galactosamine	inchikey_connectivity_formula_mass	2	FALSE	TRUE	2.53300004260382e-06	0.00633250010650954
CPD-15450	69229	MassBank	PR304438	Ginsenoside compound K	inchikey	1	TRUE	TRUE	0.43953103299998	706.136940584306
CPD-17667	69236	MassBank	PR301233	Ellipticine	inchikey	1	TRUE	TRUE	0.197301540199987	493.253850499968
L-2-AMINOHEXANOATE	69239	MassBank	PR100169	L-Norleucine	inchikey	1	TRUE	TRUE	1.33329999130183e-06	0.00333324997825457
ONONIN	69241	MassBank	PR100810	Ononin	inchikey	1	TRUE	TRUE	2.30509999710193e-06	0.00535912255544201
CPD-3041	69247	MassBank	PR302747	Isoliquiritigenin	inchikey	1	TRUE	TRUE	0.183441126399998	458.602815999996
HIS	69249	MassBank	PR100495	L-Histidine	inchikey	1	TRUE	TRUE	3.45129998891025e-06	0.00862824997227563
SORBITOL	69260	MassBank	PR100279	D-Iditol	name_formula_mass	4	TRUE	TRUE	1.81799998699717e-06	0.00454499996749291
CPD-7096	69267	MassBank	PR304242	Apigeninidin	inchikey	1	TRUE	TRUE	0.824733841499977	2061.83460374994
GUANOSINE	69269	MassBank	PR310809	Guanosine	inchikey	1	TRUE	TRUE	4.4620003336604e-07	0.0011155000834151
CPD-14998	69275	MassBank	PR100787	Cyanidin 3-galactoside	inchikey_connectivity_formula_mass	2	FALSE	TRUE	3.48279996842393e-06	0.00775492080081775
CPD-9250	69279	MassBank	PR303736	Ginsenoside Rb1	inchikey	1	TRUE	TRUE	0.704060738499948	635.088284150645
ETHIONINE	69290	MassBank	PR100931	L-Ethionine	inchikey	1	TRUE	TRUE	6.43299983948964e-07	0.00160824995987241
CPD-3424	69292	MassBank	PR040207	Daidzin	inchikey	1	TRUE	TRUE	2.240900016659e-06	0.00538534539734406
ONONIN	69301	MassBank	PR305976	Formononetin-7-O-glucoside	inchikey	1	TRUE	TRUE	0.282617694900011	657.057335998384
CPD-7630	69314	MassBank	PR302748	Epicatechin	inchikey	1	TRUE	TRUE	0.191961818000038	479.904545000096
SINAPATE	69315	MassBank	PR307071	Sinapic acid	inchikey_connectivity_formula_mass	2	FALSE	TRUE	3.4957000139002e-06	0.00873925003475051
CPD1F-766	69318	MassBank	PR040251	Cyanidin 3-glucoside	inchikey_connectivity_formula_mass	2	FALSE	TRUE	3.48279996842393e-06	0.00775492080081775
CPD-20973	69322	MassBank	PR307950	Lariciresinol	inchikey	1	TRUE	TRUE	0.248711496999988	621.77874249997
XANTHINE	69324	MassBank	PR310811	Xanthine	inchikey	1	TRUE	TRUE	0.0795746066000049	198.936516500012
DAIDZEIN	69325	MassBank	PR302643	Daidzein	inchikey	1	TRUE	TRUE	0.18309119060001	457.727976500024
CPD1F-420	69337	MassBank	PR101001	Kaempferol 3-O-beta-glucopyranoside-7-O-alpha-rhamnopyranoside	inchikey	1	TRUE	TRUE	2.9450006877596e-07	0.000495659127151698
LUTEOLIN-7-O-BETA-D-GLUCOSIDE	69342	MassBank	PR305594	Luteolin 7-glucoside	inchikey	1	TRUE	TRUE	0.279438514899994	623.606705543674
CPD-9275	69343	MassBank	PR311159	Allicin	inchikey	1	TRUE	TRUE	0.257693676900004	644.23419225001
CPD-10502	69345	MassBank	PR100459	Peonidin 3,5-diglucoside	name_formula_mass	4	FALSE	TRUE	1.2899931789434e-08	2.06340519211921e-05
D-Galactopyranuronate	69346	MassBank	PR010107	D-(+)-Galacturonic acid	inchikey_connectivity_formula_mass	2	FALSE	TRUE	2.67569998868566e-06	0.00668924997171416
CPD-4614	69347	MassBank	PR020115	6-(4-O-beta-D-Glucosyl-3-methyl-trans-but-2-enyl-amino)-purine	name_formula_mass	4	TRUE	TRUE	3.49689997847236e-06	0.00874224994618089
RIBULOSE-5P	69349	MassBank	PR100553	D-Ribulose 5-phosphate	inchikey_connectivity_formula_mass	2	FALSE	TRUE	3.83990001751044e-06	0.00959975004377611
PANTOTHENATE	69357	MassBank	PR100858	Pantothenic acid	inchikey_connectivity_formula_mass	2	FALSE	TRUE	2.6614000319114e-06	0.0066535000797785
MET	69360	MassBank	PR100030	L-Methionine	inchikey	1	TRUE	TRUE	7.07499992813609e-07	0.00176874998203402
CPD-10347	69362	MassBank	PR302814	Apigenin-6-C-glucoside-7-O-glucoside	inchikey	1	TRUE	TRUE	0.363529705500014	611.839641568733
UDP-D-XYLOSE	69375	MassBank	PR100711	UDP-D-Xylose	inchikey_connectivity_formula_mass	2	FALSE	TRUE	4.30980003329751e-06	0.0080400048681565
INDOLE-3-CARBOXALDEHYDE	69376	MassBank	PR100508	Indole-3-carboxaldehyde	inchikey	1	TRUE	TRUE	3.85199999186625e-06	0.00962999997966563
CPD-9940	69390	MassBank	PR304882	Harmine	inchikey	1	TRUE	TRUE	0.157036982300014	392.592455750034
SCOPOLETIN	69394	MassBank	PR306887	Scopoletin	inchikey	1	TRUE	TRUE	0.127741254799986	319.353136999965
CPD-4210	69398	MassBank	PR020086	Zeatin	inchikey	1	TRUE	TRUE	6.54000018585066e-08	0.000163500004646266
SINAPALDEHYDE	69400	MassBank	PR302339	Sinapoyl aldehyde	inchikey	1	TRUE	TRUE	0.139441126399987	348.602815999968
CPD-695	69409	MassBank	PR020169	Gibberellin A53	inchikey_connectivity_formula_mass	2	FALSE	TRUE	4.00930002797395e-06	0.0100232500699349
CPD-8097	69411	MassBank	PR100939	Aesculetin	inchikey	1	TRUE	TRUE	1.31900000610585e-06	0.00329750001526463
CPD-14452	69413	MassBank	PR303600	Scoparone	inchikey	1	TRUE	TRUE	0.139091190599999	347.727976499996
CPD-6959	69420	MassBank	PR304263	trans-pterostilbene	inchikey	1	TRUE	TRUE	0.191055620099974	477.639050249934
1-O-SINAPOYL-BETA-D-GLUCOSE	69426	MassBank	PR101056	1-O-Sinapoyl-beta-D-glucose	inchikey	1	TRUE	TRUE	3.07280004108179e-06	0.00768200010270448
CPD1F-437	69429	MassBank	PR040181	Isoquercitrin	inchikey_connectivity_formula_mass	2	FALSE	TRUE	3.89280000945291e-06	0.00838792922979005
NARINGENIN-CMPD	69433	MassBank	PR302013	Naringenin	inchikey	1	TRUE	TRUE	0.187526504299967	468.816260749918
CPD-14976	69435	MassBank	PR100969	Kaempferol-3-Glucoside-6''-p-coumaroyl	inchikey	1	TRUE	TRUE	9.21899982131436e-07	0.00155166140660501
CPD-15448	69438	MassBank	PR304383	Ginsenoside F1	inchikey	1	TRUE	TRUE	0.443616410900063	694.844995943381
SCOPOLETIN	69439	MassBank	PR306838	Scopoletin	inchikey	1	TRUE	TRUE	0.127741254799986	319.353136999965
CPD-7075	69442	MassBank	PR302801	Hesperidin	inchikey	1	TRUE	TRUE	4.22900029661832e-07	0.000693063125867771
CPD-14976	69446	MassBank	PR302927	Kaempferol-3-O-glucoside-6''-p-coumaroyl	inchikey	1	TRUE	TRUE	0.3876590781	652.473849730577
CPD-7096	69447	MassBank	PR304234	Apigeninidin	inchikey	1	TRUE	TRUE	0.824733841499977	2061.83460374994
CPD-13509	69448	MassBank	PR040177	Quercetin 3-galactoside	inchikey_connectivity_formula_mass	2	FALSE	TRUE	3.89280000945291e-06	0.00838792922979005
CPD-9250	69464	MassBank	PR303733	Ginsenoside Rb1	inchikey	1	TRUE	TRUE	0.704060738499948	635.088284150645
CPD-15001	69485	MassBank	PR040085	Cyanidin 3-rutinoside	inchikey_connectivity_formula_mass	2	FALSE	TRUE	4.6733999852222e-06	0.00785225914491286
ONONIN	69493	MassBank	PR305970	Formononetin-7-O-glucoside	inchikey	1	TRUE	TRUE	0.282617694900011	657.057335998384
SINAPATE	69495	MassBank	PR307092	Sinapic acid	inchikey_connectivity_formula_mass	2	FALSE	TRUE	3.4957000139002e-06	0.00873925003475051
PYRIDOXINE	69502	MassBank	PR010229	Pyridoxine	inchikey	1	TRUE	TRUE	3.22459999324565e-06	0.00806149998311412
CPD-520	69505	MassBank	PR040050	Quercetin	inchikey_connectivity_formula_mass	2	FALSE	TRUE	2.67570004552908e-06	0.00668925011382271
CPD1F-96	69506	MassBank	PR020154	Gibberellin A19	inchikey_connectivity_formula_mass	2	FALSE	TRUE	1.43279999065271e-06	0.00358199997663178
ONONIN	69508	MassBank	PR305998	Formononetin-7-O-glucoside	inchikey	1	TRUE	TRUE	0.282617694900011	657.057335998384
HYPOXANTHINE	69517	MassBank	PR010165	Hypoxanthine	inchikey	1	TRUE	TRUE	7.71299994539731e-07	0.00192824998634933
DEOXYADENOSINE	69521	MassBank	PR100081	Deoxyadenosine	inchikey	1	TRUE	TRUE	6.90400014491388e-07	0.00172600003622847
FORMONONETIN	69524	MassBank	PR306514	Formononetin	inchikey	1	TRUE	TRUE	0.194441126399965	486.102815999914
CPD0-1577	69545	MassBank	PR010141	D-(-)-Penicillamine	name_formula_mass	4	TRUE	TRUE	7.07499992813609e-07	0.00176874998203402
CPD-15450	69549	MassBank	PR304423	Ginsenoside compound K	inchikey	1	TRUE	TRUE	0.43953103299998	706.136940584306
CPD-12575	69551	MassBank	PR100757	Uridine diphosphate glucose	inchikey_connectivity_formula_mass	2	FALSE	TRUE	3.7649999740097e-07	0.000665129685009327
DI-H-URACIL	69570	MassBank	PR100394	Dihydrouracil	inchikey	1	TRUE	TRUE	2.5527999980568e-06	0.006381999995142
CPD-431	69574	MassBank	PR100634	Apigenin	inchikey_connectivity_formula_mass	2	FALSE	TRUE	3.43149997661385e-06	0.00857874994153462
CPD-1099	69610	MassBank	PR100890	Raffinose	inchikey	1	TRUE	TRUE	4.9807999857876e-06	0.00987922629158944
GALACTITOL	69618	MassBank	PR100704	D-Iditol	name_formula_mass	4	TRUE	TRUE	1.81799998699717e-06	0.00454499996749291
CPD-13511	69626	MassBank	PR020009	3 3' 4' 5-tetrahydroxy-7-methoxyflavone	inchikey	1	TRUE	TRUE	2.73990002597202e-06	0.00684975006493005
CPD-8117	69636	MassBank	PR010203	gamma-Linolenic acid	inchikey_connectivity_formula_mass	2	FALSE	TRUE	2.0720000293295e-07	0.000518000007332375
APIGENIN-7-O-BETA-D-GLUCOSIDE	69642	MassBank	PR306040	Cosmosiin	inchikey_connectivity_formula_mass	2	FALSE	TRUE	3.13700002152473e-06	0.0072597987188983
GLT	69648	MassBank	PR030006	L-Glutamic acid	inchikey_connectivity_formula_mass	2	FALSE	TRUE	2.2174999969593e-06	0.00554374999239826
D-galactopyranose	69651	MassBank	PR010044	D-(+)-Galactose	inchikey	1	TRUE	TRUE	1.88219999586181e-06	0.00470549998965453
PYRIDOXAL_PHOSPHATE	69658	MassBank	PR100292	Pyridoxal 5'-phosphate	inchikey_connectivity_formula_mass	2	FALSE	TRUE	3.56879999685589e-06	0.00892199999213972
APIGENIN-7-O-BETA-D-GLUCOSIDE	69660	MassBank	PR306028	Cosmosiin	inchikey_connectivity_formula_mass	2	FALSE	TRUE	3.13700002152473e-06	0.0072597987188983
CPD-431	69666	MassBank	PR040004	Apigenin	inchikey_connectivity_formula_mass	2	FALSE	TRUE	3.43149997661385e-06	0.00857874994153462
CPD-14427	69679	MassBank	PR303089	7,8-Dihydroxycoumarin	inchikey	1	TRUE	TRUE	0.116391319000002	290.978297500004
DAIDZEIN	69704	MassBank	PR306311	Daidzein	inchikey	1	TRUE	TRUE	0.18309119060001	457.727976500024
N-acetyl-D-glucosamine	69709	MassBank	PR010180	N-Acetyl-D-glucosamine	inchikey	1	TRUE	TRUE	2.78070001513697e-06	0.00695175003784243
PUTRESCINE	69713	MassBank	PR010101	Putrescine	inchikey_connectivity_formula_mass	2	FALSE	TRUE	1.60439999774553e-06	0.00401099999436383
N-EE-PIPEROYL-PIPERIDINE	69715	MassBank	PR301801	Piperine	inchikey	1	TRUE	TRUE	0.206506518600008	516.266296500021
DEOXYADENOSINE	69718	MassBank	PR010126	Deoxyadenosine	inchikey	1	TRUE	TRUE	6.90400014491388e-07	0.00172600003622847
CPD-12724	69720	MassBank	PR307463	Baicalein	inchikey	1	TRUE	TRUE	0.187176568500036	467.941421250089
CPD-591	69724	MassBank	PR040005	Cyanidin	inchikey_connectivity_formula_mass	2	FALSE	TRUE	3.08569997287123e-06	0.00771424993217806
4-HYDROXY-L-PROLINE	69733	MassBank	PR010075	4-Hydroxyproline	inchikey	1	TRUE	TRUE	3.160399984381e-06	0.0079009999609525
CPD-520	69737	MassBank	PR040052	Quercetin	inchikey_connectivity_formula_mass	2	FALSE	TRUE	2.67570004552908e-06	0.00668925011382271
CPD-7096	69747	MassBank	PR308305	Apigeninidin	inchikey	1	TRUE	TRUE	0.824733841499977	2061.83460374994
DAIDZEIN	69750	MassBank	PR302625	Daidzein	inchikey	1	TRUE	TRUE	0.18309119060001	457.727976500024
CPD-7075	69751	MassBank	PR306502	Hesperidin	inchikey	1	TRUE	TRUE	4.22900029661832e-07	0.000693063125867771
OXALATE	69752	MassBank	PR010022	Oxalic acid	inchikey_connectivity_formula_mass	2	FALSE	TRUE	1.44740000962429e-06	0.00361850002406072
NARINGIN	69755	MassBank	PR307634	Naringin	inchikey	1	TRUE	TRUE	0.359794263399976	620.14332785881
CPD1F-453	69758	MassBank	PR100663	Astragalin	inchikey_connectivity_formula_mass	2	FALSE	TRUE	1.48510002873081e-06	0.00331421148817327
TRANS-2-HEXENAL	69767	MassBank	PR100058	2-Hexenal	inchikey	1	TRUE	TRUE	4.94309999510278e-06	0.012357749987757
FORMONONETIN	69769	MassBank	PR306538	Formononetin	inchikey	1	TRUE	TRUE	0.194441126399965	486.102815999914
23-Diaminopropanoate	69774	MassBank	PR010150	DL-2,3-Diaminopropionic acid	inchikey_connectivity_formula_mass	2	FALSE	TRUE	2.48860000340301e-06	0.00622150000850752
CPD-8959	69777	MassBank	PR303982	Podofilox	inchikey	1	TRUE	TRUE	0.278532317000042	672.569796635804
ANTHRANILATE	69779	MassBank	PR100023	2-Aminobenzoic acid	inchikey_connectivity_formula_mass	2	FALSE	TRUE	1.52590001789576e-06	0.00381475004473941
TRP	69782	MassBank	PR100033	L-Tryptophan	inchikey	1	TRUE	TRUE	2.36019999988457e-06	0.00590049999971143
LUTEOLIN-7-O-BETA-D-GLUCOSIDE	69786	MassBank	PR305582	Luteolin 7-glucoside	inchikey	1	TRUE	TRUE	0.279438514899994	623.606705543674
TMP	69797	MassBank	PR100611	5-Thymidylic acid	inchikey_connectivity_formula_mass	2	FALSE	TRUE	1.97869997009548e-06	0.00494674992523869
CPD-7630	69801	MassBank	PR302698	Epicatechin	inchikey	1	TRUE	TRUE	0.191961818000038	479.904545000096
CPD-4441	69810	MassBank	PR020090	cis-Zeatin	inchikey	1	TRUE	TRUE	6.54000018585066e-08	0.000163500004646266
N-EE-PIPEROYL-PIPERIDINE	69819	MassBank	PR301792	Piperine	inchikey	1	TRUE	TRUE	0.206506518600008	516.266296500021
LUTEOLIN-7-O-BETA-D-GLUCOSIDE	69831	MassBank	PR302057	Luteolin 7-glucoside	inchikey	1	TRUE	TRUE	0.279438514899994	623.606705543674
CPD-15291	69832	MassBank	PR306263	Epigallocatechin gallate	inchikey	1	TRUE	TRUE	1.42090004828788e-06	0.00310182678551994
SINAPATE	69833	MassBank	PR307089	Sinapic acid	inchikey_connectivity_formula_mass	2	FALSE	TRUE	3.4957000139002e-06	0.00873925003475051
NARINGENIN-CMPD	69845	MassBank	PR302031	Naringenin	inchikey	1	TRUE	TRUE	0.187526504299967	468.816260749918
CPD-4207	69851	MassBank	PR020108	isopentenyl adenosine	inchikey	1	TRUE	TRUE	4.18849992911419e-06	0.0104712498227855
NARINGIN	69855	MassBank	PR307622	Naringin	inchikey	1	TRUE	TRUE	0.359794263399976	620.14332785881
CPD-8097	69858	MassBank	PR306806	Aesculetin	inchikey	1	TRUE	TRUE	0.116391319000002	290.978297500004
CPD-20973	69867	MassBank	PR307936	Lariciresinol	inchikey	1	TRUE	TRUE	0.248711496999988	621.77874249997
CPD-9940	69868	MassBank	PR301700	Harmine	inchikey	1	TRUE	TRUE	0.157036982300014	392.592455750034
CPD-7059	69882	MassBank	PR302582	Naringenin-7-O-rutinoside	inchikey	1	TRUE	TRUE	0.359794263399976	620.14332785881
PUTRESCINE	69884	MassBank	PR100038	Putrescine	inchikey_connectivity_formula_mass	2	FALSE	TRUE	1.60439999774553e-06	0.00401099999436383
CPD-15742	69885	MassBank	PR301421	Papaverine	inchikey	1	TRUE	TRUE	0.243941832300038	609.854580750095
CPD-3141	69888	MassBank	PR040019	Genistein	inchikey_connectivity_formula_mass	2	FALSE	TRUE	3.43149997661385e-06	0.00857874994153462
CPD-13509	69892	MassBank	PR040175	Quercetin 3-galactoside	inchikey_connectivity_formula_mass	2	FALSE	TRUE	3.89280000945291e-06	0.00838792922979005
CPD-12727	69907	MassBank	PR303585	Wogonin	inchikey	1	TRUE	TRUE	0.198526504299991	496.316260749978
CPD-4207	69913	MassBank	PR100760	isopentenyl adenosine	inchikey	1	TRUE	TRUE	4.18849992911419e-06	0.0104712498227855
5734-TETRAHYDROXYFLAVONE	69915	MassBank	PR040035	Luteolin	inchikey_connectivity_formula_mass	2	FALSE	TRUE	1.94639994788304e-06	0.00486599986970759
SANGUINARINE	69920	MassBank	PR310584	Sanguinarine	inchikey	1	FALSE	TRUE	0.765107975100022	1912.76993775006
ONONIN	69935	MassBank	PR305941	Formononetin-7-O-glucoside	inchikey	1	TRUE	TRUE	0.282617694900011	657.057335998384
CPD-4893	69942	MassBank	PR100375	Sabinene	name_formula_mass	4	TRUE	TRUE	5.13599985652036e-07	0.00128399996413009
CPD-83	69946	MassBank	PR302608	Resveratrol	inchikey	1	TRUE	TRUE	0.168355748500005	420.889371250013
CPD-13511	69954	MassBank	PR040060	3,3',4',5-tetrahydroxy-7-methoxyflavone	inchikey	1	TRUE	TRUE	2.73990002597202e-06	0.00684975006493005
NARINGENIN-CMPD	69955	MassBank	PR302019	Naringenin	inchikey	1	TRUE	TRUE	0.187526504299967	468.816260749918
ADENOSYL-HOMO-CYS	69960	MassBank	PR100604	S-Adenosylhomocysteine	inchikey	1	TRUE	TRUE	1.52630002503429e-06	0.00381575006258572
CPDQT-273	69983	MassBank	PR100426	Gluconapin	name_formula_mass	4	FALSE	TRUE	2.5940000796254e-06	0.00648500019906351
ILE	69984	MassBank	PR030010	L-Isoleucine	inchikey	1	TRUE	TRUE	1.33329999130183e-06	0.00333324997825457
PROTOPINE	69985	MassBank	PR301830	Protopine	inchikey	1	TRUE	TRUE	0.247677274400019	619.193186000047
CPD-20974	69987	MassBank	PR308004	Epipinoresinol	inchikey	1	TRUE	TRUE	0.248361561199999	620.903902999999
CPD-17667	69999	MassBank	PR301236	Ellipticine	inchikey	1	TRUE	TRUE	0.197301540199987	493.253850499968
CPD-8909	70005	MassBank	PR304006	Secoisolariciresinol	inchikey	1	TRUE	TRUE	0.249061432800033	622.653582000083
CPD-15742	70014	MassBank	PR301401	Papaverine	inchikey	1	TRUE	TRUE	0.243941832300038	609.854580750095
CPD-9941	70034	MassBank	PR301619	Harmol	inchikey	1	TRUE	TRUE	0.145687046500001	364.217616250002
PROTOPINE	70036	MassBank	PR301839	Protopine	inchikey	1	TRUE	TRUE	0.247677274400019	619.193186000047
CPD-7075	70052	MassBank	PR306497	Hesperidin	inchikey	1	TRUE	TRUE	4.22900029661832e-07	0.000693063125867771
CPD-83	70061	MassBank	PR302602	Resveratrol	inchikey	1	TRUE	TRUE	0.168355748500005	420.889371250013
CPD-8912	70066	MassBank	PR304002	Matairesinol	inchikey	1	TRUE	TRUE	0.248361561199999	620.903902999999
CPD-9250	70072	MassBank	PR303739	Ginsenoside Rb1	inchikey	1	TRUE	TRUE	0.704060738499948	635.088284150645
NIACINAMIDE	70079	MassBank	PR100402	Niacinamide	inchikey	1	TRUE	TRUE	2.82509999749436e-06	0.00706274999373591
CPD-182	70081	MassBank	PR100489	4-Methylumbelliferone	inchikey	1	TRUE	TRUE	4.12310001252081e-06	0.010307750031302
CPD-20973	70085	MassBank	PR307952	Lariciresinol	inchikey	1	TRUE	TRUE	0.248711496999988	621.77874249997
DAIDZEIN	70090	MassBank	PR306331	Daidzein	inchikey	1	TRUE	TRUE	0.18309119060001	457.727976500024
MANNOSE-1P	70092	MassBank	PR100697	D-Mannose 1-phosphate	inchikey_connectivity_formula_mass	2	FALSE	TRUE	1.47380001180863e-06	0.00368450002952159
CPD-4563	70097	MassBank	PR302892	Biochanin-7-O-glucoside	inchikey	1	TRUE	TRUE	0.286703072800037	642.657220748694
CPD1F-453	70108	MassBank	PR040116	Astragalin	inchikey_connectivity_formula_mass	2	FALSE	TRUE	1.48510002873081e-06	0.00331421148817327
SINAPATE	70112	MassBank	PR010130	Sinapic acid	inchikey_connectivity_formula_mass	2	FALSE	TRUE	3.4957000139002e-06	0.00873925003475051
PHE	70129	MassBank	PR100497	L-Phenylalanine	inchikey	1	TRUE	TRUE	1.39750000016647e-06	0.00349375000041618
APIGENIN-7-O-BETA-D-GLUCOSIDE	70136	MassBank	PR309437	Cosmosiin	inchikey_connectivity_formula_mass	2	FALSE	TRUE	3.13700002152473e-06	0.0072597987188983
CPD1F-420	70140	MassBank	PR101010	Kaempferol 3-O-beta-glucopyranoside-7-O-alpha-rhamnopyranoside	inchikey	1	TRUE	TRUE	2.9450006877596e-07	0.000495659127151698
CPD-15291	70143	MassBank	PR306245	Epigallocatechin gallate	inchikey	1	TRUE	TRUE	1.42090004828788e-06	0.00310182678551994
CPD-676	70158	MassBank	PR040210	Caffeic acid	inchikey_connectivity_formula_mass	2	FALSE	TRUE	1.25479999724121e-06	0.00313699999310302
APIGENIN-7-O-BETA-D-GLUCOSIDE	70164	MassBank	PR302367	Cosmosiin	inchikey_connectivity_formula_mass	2	FALSE	TRUE	3.13700002152473e-06	0.0072597987188983
CPD-14461	70170	MassBank	PR100475	Aesculin	inchikey	1	TRUE	TRUE	2.11249999892971e-06	0.00528124999732427
CPD-7075	70171	MassBank	PR302841	Hesperidin	inchikey	1	TRUE	TRUE	4.22900029661832e-07	0.000693063125867771
APIGENIN-7-O-BETA-D-GLUCOSIDE	70176	MassBank	PR306052	Cosmosiin	inchikey_connectivity_formula_mass	2	FALSE	TRUE	3.13700002152473e-06	0.0072597987188983
CPD-14969	70177	MassBank	PR100240	Isorhamnetin 3-beta-D-glucoside	inchikey	1	TRUE	TRUE	3.82860002900998e-06	0.00800776183492841
CPD-11779	70178	MassBank	PR311075	Coumesterol	inchikey	1	TRUE	TRUE	0.18682663269999	467.066581749975
CPD-83	70187	MassBank	PR302554	Resveratrol	inchikey	1	TRUE	TRUE	0.168355748500005	420.889371250013
PALMATINE	70189	MassBank	PR300650	Palmatine	inchikey	1	FALSE	TRUE	0.752708231899987	1881.77057974997
GUANOSINE	70197	MassBank	PR010163	Guanosine	inchikey	1	TRUE	TRUE	4.4620003336604e-07	0.0011155000834151
CPD-313	70199	MassBank	PR010001	1,3-Diaminopropane	inchikey_connectivity_formula_mass	2	FALSE	TRUE	1.66860000661018e-06	0.00417150001652544
Mannose-6-phosphate	70224	MassBank	PR100551	D-mannose 6-phosphate	name_formula_mass	4	FALSE	TRUE	1.47380001180863e-06	0.00368450002952159
CPD-20973	70230	MassBank	PR307957	Lariciresinol	inchikey	1	TRUE	TRUE	0.248711496999988	621.77874249997
CPD-10347	70234	MassBank	PR302854	Apigenin-6-C-glucoside-7-O-glucoside	inchikey	1	TRUE	TRUE	0.363529705500014	611.839641568733
CPD-6994	70236	MassBank	PR020015	Eriodictyol	inchikey_connectivity_formula_mass	2	FALSE	TRUE	1.88220002428352e-06	0.0047055000607088
ANILINE	70239	MassBank	PR100108	Aniline	inchikey	1	TRUE	TRUE	7.7010000154587e-07	0.00192525000386468
CPD-8097	70240	MassBank	PR100938	Aesculetin	inchikey	1	TRUE	TRUE	1.31900000610585e-06	0.00329750001526463
CPD-4208	70265	MassBank	PR020093	trans-zeatin riboside	inchikey	1	TRUE	TRUE	1.18940005222612e-06	0.0029735001305653
PRO	70271	MassBank	PR100172	L-Proline	inchikey	1	TRUE	TRUE	1.46169999482026e-06	0.00365424998705066
MALTOTRIOSE	70283	MassBank	PR010072	Maltotriose	inchikey	1	TRUE	TRUE	4.9807999857876e-06	0.00987922629158944
CPD-15448	70292	MassBank	PR304361	Ginsenoside F1	inchikey	1	TRUE	TRUE	0.443616410900063	694.844995943381
SUC	70299	MassBank	PR010238	Succinic acid	inchikey_connectivity_formula_mass	2	FALSE	TRUE	1.31900000610585e-06	0.00329750001526463
4-hydroxybenzoate	70300	MassBank	PR100596	4-Hydroxybenzoic acid	inchikey_connectivity_formula_mass	2	FALSE	TRUE	4.05890000365616e-06	0.0101472500091404
CPD-14998	70308	MassBank	PR040249	Cyanidin 3-galactoside	inchikey_connectivity_formula_mass	2	FALSE	TRUE	3.48279996842393e-06	0.00775492080081775
CPDQT-281	70329	MassBank	PR100949	4-Methylthiobutyl glucosinolate	name_formula_mass	4	FALSE	TRUE	3.41239996259901e-06	0.00810443332257724
CPD-14427	70331	MassBank	PR306726	7,8-Dihydroxycoumarin	inchikey	1	TRUE	TRUE	0.116391319000002	290.978297500004
CPD-12724	70334	MassBank	PR307471	Baicalein	inchikey	1	TRUE	TRUE	0.187176568500036	467.941421250089
CPD-14969	70354	MassBank	PR302963	Isorhamnetin 3-beta-D-glucoside	inchikey	1	TRUE	TRUE	0.294873828600032	616.747472415694
ONONIN	70368	MassBank	PR310866	Formononetin-7-O-glucoside	inchikey	1	TRUE	TRUE	0.282617694900011	657.057335998384
XANTHOSINE-5-PHOSPHATE	70371	MassBank	PR100625	Xanthylic acid	inchikey_connectivity_formula_mass	2	FALSE	TRUE	4.54700000318553e-06	0.0113675000079638
CPD-9939	70372	MassBank	PR010121	Harmaline	name_formula_mass	4	TRUE	TRUE	3.08189999032038e-06	0.00770474997580095
CPD1F-462	70389	MassBank	PR302474	Kaempferitrin	inchikey	1	TRUE	TRUE	4.32759998147958e-06	0.00748507915973122
CPD-7079	70392	MassBank	PR302346	Sakuranetin	inchikey	1	TRUE	TRUE	0.198876440100037	497.191100250092
MALTOTRIOSE	70394	MassBank	PR100706	Maltotriose	inchikey	1	TRUE	TRUE	4.9807999857876e-06	0.00987922629158944
CPD-14427	70405	MassBank	PR306747	7,8-Dihydroxycoumarin	inchikey	1	TRUE	TRUE	0.116391319000002	290.978297500004
PALMITATE	70417	MassBank	PR010202	Palmitic acid	inchikey_connectivity_formula_mass	2	FALSE	TRUE	2.71399983375886e-07	0.000678499958439716
CPD-676	70432	MassBank	PR040212	Caffeic acid	inchikey_connectivity_formula_mass	2	FALSE	TRUE	1.25479999724121e-06	0.00313699999310302
CPD-3706	70442	MassBank	PR100898	3'-AMP	inchikey_connectivity_formula_mass	2	FALSE	TRUE	4.34009996297391e-06	0.0108502499074348
CPD-1125	70447	MassBank	PR300685	Amygdalin	inchikey	1	TRUE	TRUE	0.273589284999957	598.456199399375
CPD-3424	70453	MassBank	PR040206	Daidzin	inchikey	1	TRUE	TRUE	2.240900016659e-06	0.00538534539734406
CPD-7630	70472	MassBank	PR306391	Epicatechin	inchikey	1	TRUE	TRUE	0.191961818000038	479.904545000096
CPD-14969	70476	MassBank	PR020049	Isorhamnetin 3-beta-D-glucoside	inchikey	1	TRUE	TRUE	3.82860002900998e-06	0.00800776183492841
CPD-13135	70484	MassBank	PR101045	Indole-3-carboxylic acid	inchikey_connectivity_formula_mass	2	FALSE	TRUE	1.52590001789576e-06	0.00381475004473941
CPD-9941	70489	MassBank	PR301631	Harmol	inchikey	1	TRUE	TRUE	0.145687046500001	364.217616250002
XANTHOSINE	70493	MassBank	PR100849	Xanthosine	inchikey	1	TRUE	TRUE	4.13860004755406e-06	0.0103465001188852
ASN	70513	MassBank	PR030003	L-Asparagine	inchikey	1	TRUE	TRUE	2.13349997579826e-06	0.00533374993949565
CPD-8959	70518	MassBank	PR303988	Podofilox	inchikey	1	TRUE	TRUE	0.278532317000042	672.569796635804
CPD-11884	70523	MassBank	PR040234	4-Methoxycinnamic acid	inchikey_connectivity_formula_mass	2	FALSE	TRUE	4.18729996454204e-06	0.0104682499113551
CPD-12727	70524	MassBank	PR307446	Wogonin	inchikey	1	TRUE	TRUE	0.198526504299991	496.316260749978
COUMARALDEHYDE	70525	MassBank	PR304057	p-Coumaraldehyde	inchikey	1	TRUE	TRUE	0.108570498999995	271.426247499988
CPD-7630	70527	MassBank	PR302718	Epicatechin	inchikey	1	TRUE	TRUE	0.191961818000038	479.904545000096
MYRICETIN	70528	MassBank	PR040037	Myricetin	inchikey_connectivity_formula_mass	2	FALSE	TRUE	2.70219999265464e-06	0.0067554999816366
ETHIONINE	70543	MassBank	PR100469	L-Ethionine	inchikey	1	TRUE	TRUE	6.43299983948964e-07	0.00160824995987241
APIGENIN-7-O-BETA-D-GLUCOSIDE	70561	MassBank	PR302344	Cosmosiin	inchikey_connectivity_formula_mass	2	FALSE	TRUE	3.13700002152473e-06	0.0072597987188983
SANGUINARINE	70576	MassBank	PR301668	Sanguinarine	inchikey	1	FALSE	TRUE	0.765107975100022	1912.76993775006
5734-TETRAHYDROXYFLAVONE	70583	MassBank	PR100643	Luteolin	inchikey_connectivity_formula_mass	2	FALSE	TRUE	1.94639994788304e-06	0.00486599986970759
APIGENIN-7-O-NEOHESPERIDOSIDE	70584	MassBank	PR100236	Apigenin 7-O-beta-D-rutinoside	inchikey_connectivity_formula_mass	2	FALSE	TRUE	4.32759998147958e-06	0.00748507915973122
INDOLE-3-CARBOXALDEHYDE	70590	MassBank	PR010110	Indole-3-carboxaldehyde	inchikey	1	TRUE	TRUE	3.85199999186625e-06	0.00962999997966563
VITEXIN-2-O-B-L-RHAMNOSIDE	70596	MassBank	PR100821	Vitexin-2''-O-rhamnoside	name_formula_mass	4	FALSE	TRUE	4.32759998147958e-06	0.00748507915973122
CPD-8097	70611	MassBank	PR306810	Aesculetin	inchikey	1	TRUE	TRUE	0.116391319000002	290.978297500004
LUTEOLIN-7-O-BETA-D-GLUCOSIDE	70621	MassBank	PR305563	Luteolin 7-glucoside	inchikey	1	TRUE	TRUE	0.279438514899994	623.606705543674
THREOSE	70626	MassBank	PR100449	D(-)-Threose	name_formula_mass	4	TRUE	TRUE	1.25479999724121e-06	0.00313699999310302
SCOPOLETIN	70627	MassBank	PR309348	Scopoletin	inchikey	1	TRUE	TRUE	0.127741254799986	319.353136999965
NARINGENIN-7-O-BETA-D-GLUCOSIDE	70641	MassBank	PR040156	naringenin-7-O-glucoside	inchikey	1	TRUE	TRUE	3.07280004108179e-06	0.0070782061668748
CPD-7096	70642	MassBank	PR308298	Apigeninidin	inchikey	1	TRUE	TRUE	0.824733841499977	2061.83460374994
CPD-7252	70649	MassBank	PR040030	Kaempferide	inchikey_connectivity_formula_mass	2	FALSE	TRUE	1.88220002428352e-06	0.0047055000607088
NARINGENIN-7-O-BETA-D-GLUCOSIDE	70650	MassBank	PR100249	naringenin-7-O-glucoside	inchikey	1	TRUE	TRUE	3.07280004108179e-06	0.0070782061668748
CPD1F-766	70653	MassBank	PR100788	Cyanidin 3-glucoside	inchikey_connectivity_formula_mass	2	FALSE	TRUE	3.48279996842393e-06	0.00775492080081775
NARINGIN	70656	MassBank	PR303715	Naringin	inchikey	1	TRUE	TRUE	0.359794263399976	620.14332785881
CPD-7138	70661	MassBank	PR040243	cyanidin-3,5-diglucoside	inchikey_connectivity_formula_mass	2	FALSE	TRUE	5.1300048653502e-08	8.39386528765595e-05
CPD-10347	70664	MassBank	PR020030	Apigenin-6-C-glucoside -7-O-glucoside	inchikey	1	TRUE	TRUE	2.9450006877596e-07	0.000495659127151698
NARINGENIN-CMPD	70666	MassBank	PR302048	Naringenin	inchikey	1	TRUE	TRUE	0.187526504299967	468.816260749918
CPD-14427	70668	MassBank	PR303084	7,8-Dihydroxycoumarin	inchikey	1	TRUE	TRUE	0.116391319000002	290.978297500004
CPD-20333	70673	MassBank	PR100436	Pipecolic acid	inchikey	1	TRUE	TRUE	1.39750000016647e-06	0.00349375000041618
CONIFERYL-ALDEHYDE	70677	MassBank	PR303358	Coniferaldehyde	inchikey	1	TRUE	TRUE	0.124005812700034	310.014531750085
GUANINE	70682	MassBank	PR100561	Guanine	inchikey	1	TRUE	TRUE	1.91400005178366e-07	0.000478500012945915
CPD-7075	70687	MassBank	PR302806	Hesperidin	inchikey	1	TRUE	TRUE	4.22900029661832e-07	0.000693063125867771
CPD-7252	70689	MassBank	PR040031	Kaempferide	inchikey_connectivity_formula_mass	2	FALSE	TRUE	1.88220002428352e-06	0.0047055000607088
PANTOTHENATE	70692	MassBank	PR010018	Pantothenic acid	inchikey_connectivity_formula_mass	2	FALSE	TRUE	0.000327338599959148	0.818346499897871
CPD-9940	70701	MassBank	PR304890	Harmine	inchikey	1	TRUE	TRUE	0.157036982300014	392.592455750034
CPD-1961	70710	MassBank	PR302579	Catechin	inchikey	1	TRUE	TRUE	0.191961818000038	479.904545000096
CPD-676	70721	MassBank	PR040214	Caffeic acid	inchikey_connectivity_formula_mass	2	FALSE	TRUE	1.25479999724121e-06	0.00313699999310302
Mannose-6-phosphate	70726	MassBank	PR100776	D-mannose 6-phosphate	name_formula_mass	4	FALSE	TRUE	1.47380001180863e-06	0.00368450002952159
PALMATINE	70739	MassBank	PR300601	Palmatine	inchikey	1	FALSE	TRUE	0.752708231899987	1881.77057974997
SINAPATE	70745	MassBank	PR303348	Sinapic acid	inchikey_connectivity_formula_mass	2	FALSE	TRUE	3.4957000139002e-06	0.00873925003475051
CPD-9939	70748	MassBank	PR100070	Harmaline	name_formula_mass	4	TRUE	TRUE	3.08189999032038e-06	0.00770474997580095
CPD-591	70751	MassBank	PR040006	Cyanidin	inchikey_connectivity_formula_mass	2	FALSE	TRUE	3.08569997287123e-06	0.00771424993217806
CPD-3424	70753	MassBank	PR040208	Daidzin	inchikey	1	TRUE	TRUE	2.240900016659e-06	0.00538534539734406
LYS	70764	MassBank	PR010062	L-Lysine	inchikey_connectivity_formula_mass	2	FALSE	TRUE	2.29599999101993e-06	0.00573999997754981
LYS	70766	MassBank	PR100756	L-Lysine	inchikey_connectivity_formula_mass	2	FALSE	TRUE	2.29599999101993e-06	0.00573999997754981
RIBITOL	70778	MassBank	PR010135	Ribitol	inchikey	1	TRUE	TRUE	3.4957000139002e-06	0.00873925003475051
CPD-16537	70779	MassBank	PR100463	Cyanidin-3-O-(6''-O-(E-p-coum)-2''-O-(beta-xylopyranosyl)-beta-glucopyranoside)-5-O-beta-glucopyranoside	inchikey_connectivity_formula_mass	2	FALSE	TRUE	1.86930003565067e-06	0.00210213161131672
HIS	70783	MassBank	PR100028	L-Histidine	inchikey	1	TRUE	TRUE	3.45129998891025e-06	0.00862824997227563
CPD-9940	70785	MassBank	PR305221	Harmine	inchikey	1	TRUE	TRUE	0.157036982300014	392.592455750034
COUMARATE	70789	MassBank	PR100894	4-Hydroxycinnamic acid	inchikey_connectivity_formula_mass	2	FALSE	TRUE	4.12310001252081e-06	0.010307750031302
LUTEOLIN-7-O-BETA-D-GLUCOSIDE	70792	MassBank	PR305600	Luteolin 7-glucoside	inchikey	1	TRUE	TRUE	0.279438514899994	623.606705543674
PYRIDOXAL	70797	MassBank	PR100275	Pyridoxal	inchikey	1	TRUE	TRUE	3.160399984381e-06	0.0079009999609525
CPD1F-462	70798	MassBank	PR310915	Kaempferitrin	inchikey	1	TRUE	TRUE	4.32759998147958e-06	0.00748507915973122
CPD-13494	70823	MassBank	PR307281	6-Gingerol	inchikey	1	TRUE	TRUE	6.77000002724526e-07	0.00169250000681131
SINAPATE	70831	MassBank	PR307081	Sinapic acid	inchikey_connectivity_formula_mass	2	FALSE	TRUE	3.4957000139002e-06	0.00873925003475051
CPD-4563	70856	MassBank	PR302886	Biochanin-7-O-glucoside	inchikey	1	TRUE	TRUE	0.286703072800037	642.657220748694
L-ALPHA-ALANINE	70877	MassBank	PR010056	L-Alanine	inchikey	1	TRUE	TRUE	1.52590000368491e-06	0.00381475000921228
CPD-8097	70881	MassBank	PR303115	Aesculetin	inchikey	1	TRUE	TRUE	0.116391319000002	290.978297500004
CPD-13494	70883	MassBank	PR307285	6-Gingerol	inchikey	1	TRUE	TRUE	6.77000002724526e-07	0.00169250000681131
CPD-9940	70886	MassBank	PR300858	Harmine	inchikey	1	TRUE	TRUE	0.157036982300014	392.592455750034
CPD-15001	70891	MassBank	PR100238	Cyanidin 3-rutinoside	inchikey_connectivity_formula_mass	2	FALSE	TRUE	4.6733999852222e-06	0.00785225914491286
CPD-9940	70897	MassBank	PR305227	Harmine	inchikey	1	TRUE	TRUE	0.157036982300014	392.592455750034
CPD-4563	70901	MassBank	PR302910	Biochanin-7-O-glucoside	inchikey	1	TRUE	TRUE	0.286703072800037	642.657220748694
CPD-20122	70908	MassBank	PR100471	Palatinose	inchikey	1	TRUE	TRUE	1.54930000917375e-06	0.00387325002293437
CYS-GLY	70911	MassBank	PR100377	Cysteinylglycine	inchikey	1	TRUE	TRUE	2.88769999201577e-06	0.00721924998003942
CPD-15001	70912	MassBank	PR040082	Cyanidin 3-rutinoside	inchikey_connectivity_formula_mass	2	FALSE	TRUE	4.6733999852222e-06	0.00785225914491286
SCOPOLETIN	70915	MassBank	PR306858	Scopoletin	inchikey	1	TRUE	TRUE	0.127741254799986	319.353136999965
CPD0-1577	70918	MassBank	PR010142	D-(-)-Penicillamine	name_formula_mass	4	TRUE	TRUE	7.07499992813609e-07	0.00176874998203402
CPD-20332	70920	MassBank	PR100543	(2R,6S)-2,6-Diaminoheptanedioic acid	inchikey	1	TRUE	TRUE	3.05180000736982e-06	0.00762950001842455
CPD-12724	70925	MassBank	PR303613	Baicalein	inchikey	1	TRUE	TRUE	0.187176568500036	467.941421250089
ARACHIDONIC_ACID	70930	MassBank	PR100899	Arachidonic acid	inchikey_connectivity_formula_mass	2	FALSE	TRUE	2.71399983375886e-07	0.000678499958439716
CPD-6959	70932	MassBank	PR304261	trans-pterostilbene	inchikey	1	TRUE	TRUE	0.191055620099974	477.639050249934
THYMINE	70939	MassBank	PR100207	Thymine	inchikey	1	TRUE	TRUE	2.5527999980568e-06	0.006381999995142
CPD-16535	70948	MassBank	PR100916	Cyanidin-3-O-(2''-O-beta-xylopyranosyl-beta-glucopyranoside)	inchikey_connectivity_formula_mass	2	FALSE	TRUE	4.73760007935198e-06	0.00815210327644542
CPD-14976	70953	MassBank	PR302915	Kaempferol-3-O-glucoside-6''-p-coumaroyl	inchikey	1	TRUE	TRUE	0.3876590781	652.473849730577
CPD-15448	70960	MassBank	PR304357	Ginsenoside F1	inchikey	1	TRUE	TRUE	0.443616410900063	694.844995943381
FORMONONETIN	70966	MassBank	PR306543	Formononetin	inchikey	1	TRUE	TRUE	0.194441126399965	486.102815999914
CPD-12724	70976	MassBank	PR307469	Baicalein	inchikey	1	TRUE	TRUE	0.187176568500036	467.941421250089
CPD-9250	70978	MassBank	PR303727	Ginsenoside Rb1	inchikey	1	TRUE	TRUE	0.704060738499948	635.088284150645
CPD-20973	70987	MassBank	PR307954	Lariciresinol	inchikey	1	TRUE	TRUE	0.248711496999988	621.77874249997
CPD-13509	70992	MassBank	PR040174	Quercetin 3-galactoside	inchikey_connectivity_formula_mass	2	FALSE	TRUE	3.89280000945291e-06	0.00838792922979005
CPD-83	70994	MassBank	PR302572	Resveratrol	inchikey	1	TRUE	TRUE	0.168355748500005	420.889371250013
SUC	71025	MassBank	PR101002	Succinic acid	inchikey_connectivity_formula_mass	2	FALSE	TRUE	1.31900000610585e-06	0.00329750001526463
NARINGIN	71033	MassBank	PR303723	Naringin	inchikey	1	TRUE	TRUE	0.359794263399976	620.14332785881
3-P-SERINE	71041	MassBank	PR100594	Phosphoserine	inchikey_connectivity_formula_mass	2	FALSE	TRUE	3.50460001641295e-06	0.00876150004103238
SINAPATE	71044	MassBank	PR303354	Sinapic acid	inchikey_connectivity_formula_mass	2	FALSE	TRUE	3.4957000139002e-06	0.00873925003475051
CPD-14427	71057	MassBank	PR303094	7,8-Dihydroxycoumarin	inchikey	1	TRUE	TRUE	0.116391319000002	290.978297500004
FORMONONETIN	71069	MassBank	PR306495	Formononetin	inchikey	1	TRUE	TRUE	0.194441126399965	486.102815999914
LUTEOLIN-7-O-BETA-D-GLUCOSIDE	71079	MassBank	PR040137	Luteolin 7-glucoside	inchikey	1	TRUE	TRUE	1.48510002873081e-06	0.00331421148817327
CPD-20975	71080	MassBank	PR307975	Flaxseeds extract	inchikey	1	TRUE	TRUE	0.249061432800033	622.653582000083
CPD1F-453	71088	MassBank	PR100243	Astragalin	inchikey_connectivity_formula_mass	2	FALSE	TRUE	1.48510002873081e-06	0.00331421148817327
ONONIN	71096	MassBank	PR305955	Formononetin-7-O-glucoside	inchikey	1	TRUE	TRUE	0.282617694900011	657.057335998384
16-HYDROXYPALMITATE	71101	MassBank	PR010091	16-Hydroxyhexadecanoic acid	inchikey_connectivity_formula_mass	2	FALSE	TRUE	4.89349997678801e-06	0.01223374994197
METHYLNICOTINATE	71102	MassBank	PR100409	Trigonelline	inchikey	1	TRUE	TRUE	2.01564853829998	5039.12134574996
CPD-7079	71110	MassBank	PR302352	Sakuranetin	inchikey	1	TRUE	TRUE	0.198876440100037	497.191100250092
LUTEOLIN-7-O-BETA-D-GLUCOSIDE	71118	MassBank	PR302051	Luteolin 7-glucoside	inchikey	1	TRUE	TRUE	0.279438514899994	623.606705543674
SINAPALDEHYDE	71128	MassBank	PR302333	Sinapoyl aldehyde	inchikey	1	TRUE	TRUE	0.139441126399987	348.602815999968
CPD-14427	71129	MassBank	PR306754	7,8-Dihydroxycoumarin	inchikey	1	TRUE	TRUE	0.116391319000002	290.978297500004
CPD-14998	71132	MassBank	PR040244	Cyanidin 3-galactoside	inchikey_connectivity_formula_mass	2	FALSE	TRUE	3.48279996842393e-06	0.00775492080081775
CPD1F-462	71142	MassBank	PR302438	Kaempferitrin	inchikey	1	TRUE	TRUE	4.32759998147958e-06	0.00748507915973122
APIGENIN-7-O-NEOHESPERIDOSIDE	71160	MassBank	PR040071	Apigenin 7-O-beta-D-rutinoside	inchikey_connectivity_formula_mass	2	FALSE	TRUE	4.32759998147958e-06	0.00748507915973122
PHE	71163	MassBank	PR100031	L-Phenylalanine	inchikey	1	TRUE	TRUE	1.39750000016647e-06	0.00349375000041618
CPD-10347	71164	MassBank	PR302849	Apigenin-6-C-glucoside-7-O-glucoside	inchikey	1	TRUE	TRUE	0.363529705500014	611.839641568733
CPD-6981	71177	MassBank	PR040219	Rosmarinic acid	inchikey_connectivity_formula_mass	2	FALSE	TRUE	2.50959999448241e-06	0.00627399998620604
DAIDZEIN	71184	MassBank	PR302685	Daidzein	inchikey	1	TRUE	TRUE	0.18309119060001	457.727976500024
CPD1F-461	71192	MassBank	PR101007	Kaempferol-3-O-alpha-L-rhamnoside	inchikey_connectivity_formula_mass	2	FALSE	TRUE	3.13700002152473e-06	0.0072597987188983
P-AMINO-BENZOATE	71196	MassBank	PR100063	p-Aminobenzoic acid	inchikey_connectivity_formula_mass	2	FALSE	TRUE	1.52590001789576e-06	0.00381475004473941
GLY	71197	MassBank	PR010014	Glycine	inchikey	1	TRUE	TRUE	1.59010001254956e-06	0.00397525003137389
COUMARALDEHYDE	71198	MassBank	PR304053	p-Coumaraldehyde	inchikey	1	TRUE	TRUE	0.108570498999995	271.426247499988
CPD-14553	71221	MassBank	PR100758	Uridine diphosphategalactose	inchikey_connectivity_formula_mass	2	FALSE	TRUE	3.7649999740097e-07	0.000665129685009327
D-glucopyranose-6-phosphate	71234	MassBank	PR010050	Glucose 6-phosphate	inchikey_connectivity_formula_mass	2	FALSE	TRUE	1.47380001180863e-06	0.00368450002952159
N-EE-PIPEROYL-PIPERIDINE	71238	MassBank	PR301795	Piperine	inchikey	1	TRUE	TRUE	0.206506518600008	516.266296500021
CPD-6442	71255	MassBank	PR100930	Methyl 2-hydroxybenzoate	inchikey	1	TRUE	TRUE	4.12310001252081e-06	0.010307750031302
2-COUMARATE	71257	MassBank	PR100593	2-Hydroxycinnamic acid	inchikey_connectivity_formula_mass	2	FALSE	TRUE	4.12310001252081e-06	0.010307750031302
DIMP	71260	MassBank	PR100090	dIMP	inchikey_connectivity_formula_mass	2	FALSE	TRUE	4.69719998363871e-06	0.0117429999590968
RIBOFLAVIN	71261	MassBank	PR100856	Riboflavin	inchikey_connectivity_formula_mass	2	FALSE	TRUE	4.39539996932581e-06	0.0109884999233145
CPD-17600	71268	MassBank	PR303918	(-)-Arctigenin	inchikey	1	TRUE	TRUE	0.259711496999955	649.278742499888
CPD-7630	71269	MassBank	PR306419	Epicatechin	inchikey	1	TRUE	TRUE	0.191961818000038	479.904545000096
CPD-7630	71272	MassBank	PR020002	Epicatechin	inchikey	1	TRUE	TRUE	1.81800004384058e-06	0.00454500010960146
FORMONONETIN	71274	MassBank	PR302858	Formononetin	inchikey	1	TRUE	TRUE	0.194441126399965	486.102815999914
CPD-9940	71293	MassBank	PR308856	Harmine	inchikey	1	TRUE	TRUE	0.157036982300014	392.592455750034
MYRICETIN	71297	MassBank	PR040038	Myricetin	inchikey_connectivity_formula_mass	2	FALSE	TRUE	2.70219999265464e-06	0.0067554999816366
CPD-8912	71298	MassBank	PR304004	Matairesinol	inchikey	1	TRUE	TRUE	0.248361561199999	620.903902999999
CPD-14969	71301	MassBank	PR302988	Isorhamnetin 3-beta-D-glucoside	inchikey	1	TRUE	TRUE	0.294873828600032	616.747472415694
NARINGENIN-CMPD	71304	MassBank	PR302007	Naringenin	inchikey	1	TRUE	TRUE	0.187526504299967	468.816260749918
PANTOTHENATE	71306	MassBank	PR100041	Pantothenic acid	inchikey_connectivity_formula_mass	2	FALSE	TRUE	2.6614000319114e-06	0.0066535000797785
CPD-12725	71317	MassBank	PR040078	baicalein-7-O-glucuronide	inchikey_connectivity_formula_mass	2	FALSE	TRUE	1.42090004828788e-06	0.00318526812252387
CPD-8959	71328	MassBank	PR303991	Podofilox	inchikey	1	TRUE	TRUE	0.278532317000042	672.569796635804
APIGENIN-7-O-BETA-D-GLUCOSIDE	71330	MassBank	PR309273	Cosmosiin	inchikey_connectivity_formula_mass	2	FALSE	TRUE	3.13700002152473e-06	0.0072597987188983
CPD-7059	71336	MassBank	PR302570	Naringenin-7-O-rutinoside	inchikey	1	TRUE	TRUE	0.359794263399976	620.14332785881
CPD-15291	71341	MassBank	PR302586	Epigallocatechin gallate	inchikey	1	TRUE	TRUE	1.42090004828788e-06	0.00310182678551994
CPD-14753	71347	MassBank	PR303021	Quercetin 7,4'-O-diglucoside	inchikey	1	TRUE	TRUE	0.371700461299952	593.630073855975
CPD-11884	71350	MassBank	PR040236	4-Methoxycinnamic acid	inchikey_connectivity_formula_mass	2	FALSE	TRUE	4.18729996454204e-06	0.0104682499113551
SINAPOYL-S-MALATE	71368	MassBank	PR101003	Sinapoyl malate	name_formula_mass	4	FALSE	TRUE	2.11249999892971e-06	0.00528124999732427
CPD1F-437	71369	MassBank	PR040185	Isoquercitrin	inchikey_connectivity_formula_mass	2	FALSE	TRUE	3.89280000945291e-06	0.00838792922979005
PANTOTHENATE	71381	MassBank	PR100040	Pantothenic acid	inchikey_connectivity_formula_mass	2	FALSE	TRUE	2.6614000319114e-06	0.0066535000797785
CPD-14427	71394	MassBank	PR303064	7,8-Dihydroxycoumarin	inchikey	1	TRUE	TRUE	0.116391319000002	290.978297500004
4-HYDROXY-L-PROLINE	71400	MassBank	PR100613	4-Hydroxyproline	inchikey	1	TRUE	TRUE	3.160399984381e-06	0.0079009999609525
CPD-15291	71401	MassBank	PR302616	Epigallocatechin gallate	inchikey	1	TRUE	TRUE	1.42090004828788e-06	0.00310182678551994
CPD-8097	71406	MassBank	PR303106	Aesculetin	inchikey	1	TRUE	TRUE	0.116391319000002	290.978297500004
CPD-12724	71407	MassBank	PR303616	Baicalein	inchikey	1	TRUE	TRUE	0.187176568500036	467.941421250089
SARCOSINE	71418	MassBank	PR010146	Sarcosine	inchikey	1	TRUE	TRUE	1.52590000368491e-06	0.00381475000921228
CPD-7075	71420	MassBank	PR302851	Hesperidin	inchikey	1	TRUE	TRUE	4.22900029661832e-07	0.000693063125867771
CPD1F-462	71428	MassBank	PR302468	Kaempferitrin	inchikey	1	TRUE	TRUE	4.32759998147958e-06	0.00748507915973122
NARINGIN	71430	MassBank	PR307605	Naringin	inchikey	1	TRUE	TRUE	0.359794263399976	620.14332785881
CPD1F-462	71435	MassBank	PR306142	Kaempferitrin	inchikey	1	TRUE	TRUE	4.32759998147958e-06	0.00748507915973122
ARG	71438	MassBank	PR100303	L-Arginine	inchikey_connectivity_formula_mass	2	FALSE	TRUE	4.28559999932077e-06	0.0107139999983019
3-METHYLSULFINYLPROPYL-GLUCOSINOLATE	71442	MassBank	PR100429	3-(Methylsulfinyl)propylglucosinolate	name_formula_mass	4	FALSE	TRUE	2.02969994234081e-06	0.00479797345264527
CPD-17667	71445	MassBank	PR305017	Ellipticine	inchikey	1	TRUE	TRUE	0.197301540199987	493.253850499968
Alpha-lactose	71450	MassBank	PR010076	Alpha-Lactose	inchikey	1	TRUE	TRUE	1.54930000917375e-06	0.00387325002293437
CPD-83	71477	MassBank	PR302614	Resveratrol	inchikey	1	TRUE	TRUE	0.168355748500005	420.889371250013
CPD-182	71488	MassBank	PR010104	4-Methylumbelliferone	inchikey	1	TRUE	TRUE	4.12310001252081e-06	0.010307750031302
N-EE-PIPEROYL-PIPERIDINE	71494	MassBank	PR301784	Piperine	inchikey	1	TRUE	TRUE	0.206506518600008	516.266296500021
CPD-6994	71498	MassBank	PR100639	Eriodictyol	inchikey_connectivity_formula_mass	2	FALSE	TRUE	1.88220002428352e-06	0.0047055000607088
DAIDZEIN	71502	MassBank	PR040008	Daidzein	inchikey	1	TRUE	TRUE	1.19059998837656e-06	0.0029764999709414
CPD-15450	71503	MassBank	PR304425	Ginsenoside compound K	inchikey	1	TRUE	TRUE	0.43953103299998	706.136940584306
DEOXYCYTIDINE	71510	MassBank	PR100522	Deoxycytidine	inchikey	1	TRUE	TRUE	4.07869998753085e-06	0.0101967499688271
ASN	71512	MassBank	PR010172	L-Asparagine	inchikey	1	TRUE	TRUE	2.13349997579826e-06	0.00533374993949565
5-AMINO-LEVULINATE	71514	MassBank	PR100221	5-Aminolevulinic acid	inchikey	1	TRUE	TRUE	3.160399984381e-06	0.0079009999609525
SINAPALDEHYDE	71518	MassBank	PR302315	Sinapoyl aldehyde	inchikey	1	TRUE	TRUE	0.139441126399987	348.602815999968
CPD-7842	71527	MassBank	PR100917	Cyanidin-3-O-(2''-O-beta-glucopyranosyl-beta-glucopyranoside)	inchikey_connectivity_formula_mass	2	FALSE	TRUE	5.1300048653502e-08	8.39386528765595e-05
CPD-14969	71533	MassBank	PR040097	Isorhamnetin 3-beta-D-glucoside	inchikey	1	TRUE	TRUE	3.82860002900998e-06	0.00800776183492841
CPD-13511	71541	MassBank	PR100647	Rhamnetin	inchikey	1	TRUE	TRUE	2.73990002597202e-06	0.00684975006493005
CPD1F-120	71542	MassBank	PR020159	Gibberellin A24	inchikey_connectivity_formula_mass	2	FALSE	TRUE	3.9450999906876e-06	0.00986274997671899
CPD-14843	71564	MassBank	PR101026	Myricetin 3-glucoside	inchikey	1	TRUE	TRUE	7.29299983959208e-07	0.00151908890084498
CPD1F-453	71579	MassBank	PR040115	Astragalin	inchikey_connectivity_formula_mass	2	FALSE	TRUE	1.48510002873081e-06	0.00331421148817327
CPD-14969	71581	MassBank	PR100657	Isorhamnetin 3-beta-D-glucoside	inchikey	1	TRUE	TRUE	3.82860002900998e-06	0.00800776183492841
CPD1F-462	71584	MassBank	PR306119	Kaempferitrin	inchikey	1	TRUE	TRUE	4.32759998147958e-06	0.00748507915973122
CPD-11884	71587	MassBank	PR040235	4-Methoxycinnamic acid	inchikey_connectivity_formula_mass	2	FALSE	TRUE	4.18729996454204e-06	0.0104682499113551
NARINGENIN-7-O-BETA-D-GLUCOSIDE	71593	MassBank	PR040153	naringenin-7-O-glucoside	inchikey	1	TRUE	TRUE	3.07280004108179e-06	0.0070782061668748
LEU	71599	MassBank	PR100496	L-Leucine	inchikey	1	TRUE	TRUE	1.33329999130183e-06	0.00333324997825457
CPD-13509	71604	MassBank	PR040173	Quercetin 3-galactoside	inchikey_connectivity_formula_mass	2	FALSE	TRUE	3.89280000945291e-06	0.00838792922979005
CPD-520	71609	MassBank	PR040049	Quercetin	inchikey_connectivity_formula_mass	2	FALSE	TRUE	2.67570004552908e-06	0.00668925011382271
APIGENIN-7-O-BETA-D-GLUCOSIDE	71611	MassBank	PR040066	Cosmosiin	inchikey_connectivity_formula_mass	2	FALSE	TRUE	3.13700002152473e-06	0.0072597987188983
CPD-7096	71619	MassBank	PR311178	Apigeninidin	inchikey	1	TRUE	TRUE	0.824733841499977	2061.83460374994
PROTOPINE	71625	MassBank	PR301836	Protopine	inchikey	1	TRUE	TRUE	0.247677274400019	619.193186000047
CPD-9940	71628	MassBank	PR305231	Harmine	inchikey	1	TRUE	TRUE	0.157036982300014	392.592455750034
ISOORIENTIN	71629	MassBank	PR100668	Isoorientin 7-O-(6'''-O-(E)-feruloyl)glucoside	inchikey_connectivity_formula_mass	2	FALSE	TRUE	1.48510002873081e-06	0.00331421148817327
CPD-7096	71635	MassBank	PR308828	Apigeninidin	inchikey	1	TRUE	TRUE	0.824733841499977	2061.83460374994
AICAR	71642	MassBank	PR100309	AICAR	inchikey_connectivity_formula_mass	2	FALSE	TRUE	1.09000097836542e-08	2.72500244591356e-05
GLN	71646	MassBank	PR100163	L-Glutamine	inchikey	1	TRUE	TRUE	2.1976999846629e-06	0.00549424996165726
CPD-638	71649	MassBank	PR020165	Gibberellin A44	name_formula_mass	4	FALSE	TRUE	3.9450999906876e-06	0.00986274997671899
CPD-633	71671	MassBank	PR100832	Gentisic acid	inchikey_connectivity_formula_mass	2	FALSE	TRUE	1.31900000610585e-06	0.00329750001526463
PRO	71684	MassBank	PR100173	L-Proline	inchikey	1	TRUE	TRUE	1.46169999482026e-06	0.00365424998705066
Glucopyranose	71689	MassBank	PR010031	Glucose	inchikey	1	TRUE	TRUE	1.88219999586181e-06	0.00470549998965453
5734-TETRAHYDROXYFLAVONE	71690	MassBank	PR020016	Luteolin	inchikey_connectivity_formula_mass	2	FALSE	TRUE	1.94639994788304e-06	0.00486599986970759
CPD-14427	71694	MassBank	PR311071	7,8-dihydroxy-2H-chromen-2-one	inchikey	1	TRUE	TRUE	0.116391319000002	290.978297500004
CPD1F-90	71696	MassBank	PR040027	Kaempferol	inchikey_connectivity_formula_mass	2	FALSE	TRUE	1.94639994788304e-06	0.00486599986970759
PHE	71697	MassBank	PR030014	L-Phenylalanine	inchikey	1	TRUE	TRUE	1.39750000016647e-06	0.00349375000041618
CPD-14976	71711	MassBank	PR302921	Kaempferol-3-O-glucoside-6''-p-coumaroyl	inchikey	1	TRUE	TRUE	0.3876590781	652.473849730577
SCOPOLETIN	71728	MassBank	PR303128	Scopoletin	inchikey	1	TRUE	TRUE	0.127741254799986	319.353136999965
NARINGENIN-CMPD	71730	MassBank	PR302066	Naringenin	inchikey	1	TRUE	TRUE	0.187526504299967	468.816260749918
FORMONONETIN	71732	MassBank	PR100312	Formononetin	inchikey	1	TRUE	TRUE	1.12639997951192e-06	0.00281599994877979
CPD-13511	71738	MassBank	PR040056	3,3',4',5-tetrahydroxy-7-methoxyflavone	inchikey	1	TRUE	TRUE	2.73990002597202e-06	0.00684975006493005
DAIDZEIN	71739	MassBank	PR306324	Daidzein	inchikey	1	TRUE	TRUE	0.18309119060001	457.727976500024
GUANOSINE	71747	MassBank	PR100562	Guanosine	inchikey	1	TRUE	TRUE	4.4620003336604e-07	0.0011155000834151
CPD-7096	71748	MassBank	PR308286	Apigeninidin	inchikey	1	TRUE	TRUE	0.824733841499977	2061.83460374994
DEOXY-RIBOSE-5P	71759	MassBank	PR100525	2-Deoxyribose-5-phosphate	inchikey_connectivity_formula_mass	2	FALSE	TRUE	7.82200004323386e-07	0.00195550001080846
CPD-14427	71761	MassBank	PR100936	Daphnetin	inchikey	1	TRUE	TRUE	1.31900000610585e-06	0.00329750001526463
CPD-20333	71762	MassBank	PR100437	Pipecolic acid	inchikey	1	TRUE	TRUE	1.39750000016647e-06	0.00349375000041618
SCOPOLETIN	71786	MassBank	PR311073	Scopoletin	inchikey	1	TRUE	TRUE	0.127741254799986	319.353136999965
CPD-431	71793	MassBank	PR100223	Apigenin	inchikey_connectivity_formula_mass	2	FALSE	TRUE	3.43149997661385e-06	0.00857874994153462
CPD-884	71803	MassBank	PR010218	Aminocaproic acid	inchikey	1	TRUE	TRUE	1.33329999130183e-06	0.00333324997825457
1-3-7-TRIMETHYLXANTHINE	71812	MassBank	PR010011	Caffeine	inchikey	1	TRUE	TRUE	4.41399998862835e-06	0.0110349999715709
CPD-7630	71822	MassBank	PR302738	Epicatechin	inchikey	1	TRUE	TRUE	0.191961818000038	479.904545000096
FORMONONETIN	71825	MassBank	PR302808	Formononetin	inchikey	1	TRUE	TRUE	0.194441126399965	486.102815999914
NARINGENIN-CMPD	71826	MassBank	PR302043	Naringenin	inchikey	1	TRUE	TRUE	0.187526504299967	468.816260749918
DEOXYCYTIDINE	71827	MassBank	PR100086	Deoxycytidine	inchikey	1	TRUE	TRUE	4.07869998753085e-06	0.0101967499688271
INDOLEYL-CPD	71834	MassBank	PR100049	3-Indoleacetonitrile	inchikey	1	TRUE	TRUE	1.73279997284226e-06	0.00433199993210565
NARINGENIN-7-O-BETA-D-GLUCOSIDE	71845	MassBank	PR302700	Naringenin-7-O-glucoside	inchikey	1	TRUE	TRUE	0.275703072800013	635.083039582477
CPD-10502	71847	MassBank	PR100918	Peonidin 3,5-diglucoside	name_formula_mass	4	FALSE	TRUE	1.2899931789434e-08	2.06340519211921e-05
CPD-3424	71848	MassBank	PR100680	Daidzin	inchikey	1	TRUE	TRUE	2.240900016659e-06	0.00538534539734406
AGMATHINE	71857	MassBank	PR100066	Agmatine	inchikey_connectivity_formula_mass	2	FALSE	TRUE	3.52979998297087e-06	0.00882449995742718
CPD-3706	71863	MassBank	PR100446	3'-AMP	inchikey_connectivity_formula_mass	2	FALSE	TRUE	4.34009996297391e-06	0.0108502499074348
HIS	71868	MassBank	PR100027	L-Histidine	inchikey	1	TRUE	TRUE	3.45129998891025e-06	0.00862824997227563
CPD-8912	71873	MassBank	PR304000	Matairesinol	inchikey	1	TRUE	TRUE	0.248361561199999	620.903902999999
CPD-7138	71875	MassBank	PR040238	cyanidin-3,5-diglucoside	inchikey_connectivity_formula_mass	2	FALSE	TRUE	5.1300048653502e-08	8.39386528765595e-05
COUMARALDEHYDE	71876	MassBank	PR304047	p-Coumaraldehyde	inchikey	1	TRUE	TRUE	0.108570498999995	271.426247499988
TREHALOSE	71887	MassBank	PR010048	Trehalose	inchikey	1	TRUE	TRUE	1.54930000917375e-06	0.00387325002293437
SCOPOLETIN	71890	MassBank	PR100472	Scopoletin	inchikey	1	TRUE	TRUE	1.25479999724121e-06	0.00313699999310302
DAIDZEIN	71892	MassBank	PR040007	Daidzein	inchikey	1	TRUE	TRUE	1.19059998837656e-06	0.0029764999709414
CPD-8097	71894	MassBank	PR306822	Aesculetin	inchikey	1	TRUE	TRUE	0.116391319000002	290.978297500004
CPD-8004	71901	MassBank	PR100227	Isorhamnetin	inchikey_connectivity_formula_mass	2	FALSE	TRUE	2.73990002597202e-06	0.00684975006493005
SINAPATE	71912	MassBank	PR100093	Sinapic acid	inchikey_connectivity_formula_mass	2	FALSE	TRUE	3.4957000139002e-06	0.00873925003475051
CPD-14976	71914	MassBank	PR100819	Tiliroside	inchikey	1	TRUE	TRUE	9.21899982131436e-07	0.00155166140660501
CPD-9940	71936	MassBank	PR301679	Harmine	inchikey	1	TRUE	TRUE	0.157036982300014	392.592455750034
CPD-17600	71937	MassBank	PR303921	(-)-Arctigenin	inchikey	1	TRUE	TRUE	0.259711496999955	649.278742499888
NIACINAMIDE	71939	MassBank	PR100181	Niacinamide	inchikey	1	TRUE	TRUE	2.82509999749436e-06	0.00706274999373591
APIGENIN-7-O-BETA-D-GLUCOSIDE	71940	MassBank	PR040068	Cosmosiin	inchikey_connectivity_formula_mass	2	FALSE	TRUE	3.13700002152473e-06	0.0072597987188983
NARINGIN	71944	MassBank	PR307617	Naringin	inchikey	1	TRUE	TRUE	0.359794263399976	620.14332785881
CPD-204	71946	MassBank	PR020149	Gibberellin A8	name_formula_mass	4	FALSE	TRUE	3.12510002231647e-06	0.00781275005579118
FORMONONETIN	71955	MassBank	PR306504	Formononetin	inchikey	1	TRUE	TRUE	0.194441126399965	486.102815999914
CPD-12447	71965	MassBank	PR020074	Phlorizin	inchikey_connectivity_formula_mass	2	FALSE	TRUE	3.00860000379544e-06	0.00689829198041954
N-ALPHA-ACETYLORNITHINE	71973	MassBank	PR100305	N2-Acetylornithine	inchikey	1	TRUE	TRUE	2.3261000023922e-06	0.00581525000598049
CPD-6959	71979	MassBank	PR304257	trans-pterostilbene	inchikey	1	TRUE	TRUE	0.191055620099974	477.639050249934
GALACTOSAMINE	71985	MassBank	PR100044	D(+)-Galactosamine	inchikey_connectivity_formula_mass	2	FALSE	TRUE	2.53300004260382e-06	0.00633250010650954
NIACINAMIDE	71987	MassBank	PR100401	Niacinamide	inchikey	1	TRUE	TRUE	2.82509999749436e-06	0.00706274999373591
DI-H-URACIL	71992	MassBank	PR010148	Dihydrouracil	inchikey	1	TRUE	TRUE	2.5527999980568e-06	0.006381999995142
CPD-3618	71997	MassBank	PR100865	2-Oxovaleric acid	inchikey_connectivity_formula_mass	2	FALSE	TRUE	4.12309999830995e-06	0.0103077499957749
DIMP	71998	MassBank	PR100524	dIMP	inchikey_connectivity_formula_mass	2	FALSE	TRUE	4.69719998363871e-06	0.0117429999590968
COUMARALDEHYDE	72020	MassBank	PR304051	p-Coumaraldehyde	inchikey	1	TRUE	TRUE	0.108570498999995	271.426247499988
CPD-8959	72021	MassBank	PR303992	Podofilox	inchikey	1	TRUE	TRUE	0.278532317000042	672.569796635804
CPD-16713	72024	MassBank	PR100857	2-Hydroxyvaleric acid	inchikey_connectivity_formula_mass	2	FALSE	TRUE	4.1873000071746e-06	0.0104682500179365
CPD-695	72038	MassBank	PR020170	Gibberellin A53	inchikey_connectivity_formula_mass	2	FALSE	TRUE	4.00930002797395e-06	0.0100232500699349
CPD-7138	72044	MassBank	PR040241	cyanidin-3,5-diglucoside	inchikey_connectivity_formula_mass	2	FALSE	TRUE	5.1300048653502e-08	8.39386528765595e-05
CPD-14976	72055	MassBank	PR100818	Tiliroside	inchikey	1	TRUE	TRUE	9.21899982131436e-07	0.00155166140660501
CPD1F-437	72069	MassBank	PR040188	Isoquercitrin	inchikey_connectivity_formula_mass	2	FALSE	TRUE	3.89280000945291e-06	0.00838792922979005
NARINGIN	72072	MassBank	PR310487	Naringin	inchikey	1	TRUE	TRUE	0.359794263399976	620.14332785881
INOSINE	72093	MassBank	PR010169	Inosine	inchikey	1	TRUE	TRUE	4.83499945858057e-07	0.00120874986464514
PHYTOALEXIN-CMPD	72096	MassBank	PR010228	Psoralen	inchikey	1	TRUE	TRUE	4.05890000365616e-06	0.0101472500091404
5-AMINOPENTANOATE	72097	MassBank	PR100327	5-Aminopentanoic acid	inchikey	1	TRUE	TRUE	1.39750000016647e-06	0.00349375000041618
CPD-6994	72098	MassBank	PR040013	Eriodictyol	inchikey_connectivity_formula_mass	2	FALSE	TRUE	1.88220002428352e-06	0.0047055000607088
NARINGENIN-7-O-BETA-D-GLUCOSIDE	72099	MassBank	PR302720	Naringenin-7-O-glucoside	inchikey	1	TRUE	TRUE	0.275703072800013	635.083039582477
PROTOPINE	72102	MassBank	PR301843	Protopine	inchikey	1	TRUE	TRUE	0.247677274400019	619.193186000047
CPD-369	72110	MassBank	PR010084	L-Iditol	inchikey	1	TRUE	TRUE	1.81799998699717e-06	0.00454499996749291
LUTEOLIN-7-O-BETA-D-GLUCOSIDE	72114	MassBank	PR305588	Luteolin 7-glucoside	inchikey	1	TRUE	TRUE	0.279438514899994	623.606705543674
CATECHOL	72124	MassBank	PR305511	Pyrocatechol	inchikey	1	TRUE	TRUE	0.0752205631999914	188.051407999978
CPD-20973	72126	MassBank	PR307937	Lariciresinol	inchikey	1	TRUE	TRUE	0.248711496999988	621.77874249997
APIGENIN-7-O-BETA-D-GLUCOSIDE	72128	MassBank	PR302383	Cosmosiin	inchikey_connectivity_formula_mass	2	FALSE	TRUE	3.13700002152473e-06	0.0072597987188983
CPD-13494	72141	MassBank	PR307290	6-Gingerol	inchikey	1	TRUE	TRUE	6.77000002724526e-07	0.00169250000681131
CPD-15291	72145	MassBank	PR302568	Epigallocatechin gallate	inchikey	1	TRUE	TRUE	1.42090004828788e-06	0.00310182678551994
GALACTOSE-1P	72147	MassBank	PR100627	Galactose 1-phosphate	inchikey_connectivity_formula_mass	2	FALSE	TRUE	1.47380001180863e-06	0.00368450002952159
MET	72148	MassBank	PR010035	L-Methionine	inchikey	1	TRUE	TRUE	7.07499992813609e-07	0.00176874998203402
D-SORBITOL-6-P	72149	MassBank	PR100336	D-Sorbitol-6-phosphate	inchikey_connectivity_formula_mass	2	FALSE	TRUE	1.40959997452228e-06	0.0035239999363057
DAIDZEIN	72150	MassBank	PR302655	Daidzein	inchikey	1	TRUE	TRUE	0.18309119060001	457.727976500024
DAIDZEIN	72153	MassBank	PR020020	Daidzein	inchikey	1	TRUE	TRUE	1.19059998837656e-06	0.0029764999709414
INDOLE_ACETATE_AUXIN	72164	MassBank	PR100570	Indoleacetic acid	inchikey_connectivity_formula_mass	2	FALSE	TRUE	1.46170000903112e-06	0.0036542500225778
CPD-9940	72166	MassBank	PR301694	Harmine	inchikey	1	TRUE	TRUE	0.157036982300014	392.592455750034
GUANOSINE	72167	MassBank	PR309134	Guanosine	inchikey	1	TRUE	TRUE	4.4620003336604e-07	0.0011155000834151
D-SORBITOL-6-P	72170	MassBank	PR100780	D-Sorbitol-6-phosphate	inchikey_connectivity_formula_mass	2	FALSE	TRUE	1.40959997452228e-06	0.0035239999363057
TRYPTAMINE	72175	MassBank	PR010103	Tryptamine	inchikey_connectivity_formula_mass	2	FALSE	TRUE	1.60440001195639e-06	0.00401100002989097
SCOPOLETIN	72178	MassBank	PR303148	Scopoletin	inchikey	1	TRUE	TRUE	0.127741254799986	319.353136999965
CPD-1961	72182	MassBank	PR302615	Catechin	inchikey	1	TRUE	TRUE	0.191961818000038	479.904545000096
CPD-9941	72184	MassBank	PR301607	Harmol	inchikey	1	TRUE	TRUE	0.145687046500001	364.217616250002
CPD-12727	72187	MassBank	PR303581	Wogonin	inchikey	1	TRUE	TRUE	0.198526504299991	496.316260749978
SANGUINARINE	72188	MassBank	PR301643	Sanguinarine	inchikey	1	FALSE	TRUE	0.765107975100022	1912.76993775006
CPD-12727	72199	MassBank	PR303588	Wogonin	inchikey	1	TRUE	TRUE	0.198526504299991	496.316260749978
CPD-7096	72210	MassBank	PR308289	Apigeninidin	inchikey	1	TRUE	TRUE	0.824733841499977	2061.83460374994
PROTOPINE	72211	MassBank	PR301822	Protopine	inchikey	1	TRUE	TRUE	0.247677274400019	619.193186000047
CPD-431	72223	MassBank	PR020018	Apigenin	inchikey_connectivity_formula_mass	2	FALSE	TRUE	3.43149997661385e-06	0.00857874994153462
Mannose-6-phosphate	72226	MassBank	PR100335	D-mannose 6-phosphate	name_formula_mass	4	FALSE	TRUE	1.47380001180863e-06	0.00368450002952159
CPD-14969	72230	MassBank	PR302953	Isorhamnetin 3-beta-D-glucoside	inchikey	1	TRUE	TRUE	0.294873828600032	616.747472415694
CPD-1125	72231	MassBank	PR300710	Amygdalin	inchikey	1	TRUE	TRUE	0.273589284999957	598.456199399375
KYNURENATE	72260	MassBank	PR100406	Kynurenic acid	inchikey_connectivity_formula_mass	2	FALSE	TRUE	3.09620000393807e-06	0.00774050000984516
CPD-14427	72266	MassBank	PR306740	7,8-Dihydroxycoumarin	inchikey	1	TRUE	TRUE	0.116391319000002	290.978297500004
CPD-1961	72273	MassBank	PR302555	Catechin	inchikey	1	TRUE	TRUE	0.191961818000038	479.904545000096
5-METHYLTHIOADENOSINE	72280	MassBank	PR100311	5'-Methylthioadenosine	inchikey	1	TRUE	TRUE	6.38000301478314e-08	0.000159500075369579
ADENINE	72296	MassBank	PR100018	Adenine	inchikey	1	TRUE	TRUE	4.81349999859049e-06	0.0120337499964762
ISOORIENTIN	72305	MassBank	PR040133	Isoorientin 7-O-(6'''-O-(E)-feruloyl)glucoside	inchikey_connectivity_formula_mass	2	FALSE	TRUE	1.48510002873081e-06	0.00331421148817327
LUTEOLIN-7-O-BETA-D-GLUCOSIDE	72310	MassBank	PR040136	Luteolin 7-glucoside	inchikey	1	TRUE	TRUE	1.48510002873081e-06	0.00331421148817327
APIGENIN-7-O-BETA-D-GLUCOSIDE	72311	MassBank	PR306022	Cosmosiin	inchikey_connectivity_formula_mass	2	FALSE	TRUE	3.13700002152473e-06	0.0072597987188983
4-hydroxybenzoate	72312	MassBank	PR010226	4-Hydroxybenzoic acid	inchikey_connectivity_formula_mass	2	FALSE	TRUE	4.05890000365616e-06	0.0101472500091404
CPDQT-273	72314	MassBank	PR100883	Gluconapin	name_formula_mass	4	FALSE	TRUE	2.5940000796254e-06	0.00648500019906351
URACIL	72315	MassBank	PR100501	Uracil	inchikey	1	TRUE	TRUE	2.61700000692144e-06	0.00654250001730361
UDP-L-RHAMNOSE	72316	MassBank	PR100710	UDP-L-rhamnose	inchikey_connectivity_formula_mass	2	FALSE	TRUE	4.24560005285457e-06	0.00771842932879451
ARG	72329	MassBank	PR100157	L-Arginine	inchikey_connectivity_formula_mass	2	FALSE	TRUE	4.28559999932077e-06	0.0107139999983019
CPD-20975	72331	MassBank	PR307983	Flaxseeds extract	inchikey	1	TRUE	TRUE	0.249061432800033	622.653582000083
CPD1F-139	72333	MassBank	PR020136	Gibberellin A1	name_formula_mass	4	FALSE	TRUE	1.49699997109565e-06	0.00374249992773912
CPD-14753	72339	MassBank	PR303035	Quercetin 7,4'-O-diglucoside	inchikey	1	TRUE	TRUE	0.371700461299952	593.630073855975
CPD-14969	72340	MassBank	PR040093	Isorhamnetin 3-beta-D-glucoside	inchikey	1	TRUE	TRUE	3.82860002900998e-06	0.00800776183492841
CPD-13509	72348	MassBank	PR040178	Quercetin 3-galactoside	inchikey_connectivity_formula_mass	2	FALSE	TRUE	3.89280000945291e-06	0.00838792922979005
APIGENIN-7-O-BETA-D-GLUCOSIDE	72351	MassBank	PR100235	Cosmosiin	inchikey_connectivity_formula_mass	2	FALSE	TRUE	3.13700002152473e-06	0.0072597987188983
CPD-9941	72354	MassBank	PR305209	Harmol	inchikey	1	TRUE	TRUE	0.145687046500001	364.217616250002
CPD-3424	72355	MassBank	PR040205	Daidzin	inchikey	1	TRUE	TRUE	2.240900016659e-06	0.00538534539734406
CPD-14969	72358	MassBank	PR040095	Isorhamnetin 3-beta-D-glucoside	inchikey	1	TRUE	TRUE	3.82860002900998e-06	0.00800776183492841
CPD-20974	72359	MassBank	PR308001	Epipinoresinol	inchikey	1	TRUE	TRUE	0.248361561199999	620.903902999999
GUANOSINE	72361	MassBank	PR100139	Guanosine	inchikey	1	TRUE	TRUE	4.4620003336604e-07	0.0011155000834151
CPD-7096	72366	MassBank	PR304228	Apigeninidin	inchikey	1	TRUE	TRUE	0.824733841499977	2061.83460374994
CPD-3041	72379	MassBank	PR302717	Isoliquiritigenin	inchikey	1	TRUE	TRUE	0.183441126399998	458.602815999996
CPD-14753	72383	MassBank	PR303026	Quercetin 7,4'-O-diglucoside	inchikey	1	TRUE	TRUE	0.371700461299952	593.630073855975
CPD-15291	72385	MassBank	PR302592	Epigallocatechin gallate	inchikey	1	TRUE	TRUE	1.42090004828788e-06	0.00310182678551994
CPD-20973	72396	MassBank	PR307944	Lariciresinol	inchikey	1	TRUE	TRUE	0.248711496999988	621.77874249997
CPD-16782	72402	MassBank	PR301716	Chelerythrine	inchikey	1	FALSE	TRUE	0.753408103500021	1883.52025875005
OROTATE	72403	MassBank	PR100186	Orotic acid	inchikey_connectivity_formula_mass	2	FALSE	TRUE	3.37279999484963e-06	0.00843199998712407
SINAPATE	72404	MassBank	PR010129	Sinapic acid	inchikey_connectivity_formula_mass	2	FALSE	TRUE	3.4957000139002e-06	0.00873925003475051
DAIDZEIN	72405	MassBank	PR100638	Daidzein	inchikey	1	TRUE	TRUE	1.19059998837656e-06	0.0029764999709414
CPD-9250	72406	MassBank	PR303730	Ginsenoside Rb1	inchikey	1	TRUE	TRUE	0.704060738499948	635.088284150645
CPD-7145	72422	MassBank	PR100460	Delphinidin 3-rutinoside	inchikey_connectivity_formula_mass	2	FALSE	TRUE	5.1300048653502e-08	8.39386528765595e-05
FORMONONETIN	72426	MassBank	PR302818	Formononetin	inchikey	1	TRUE	TRUE	0.194441126399965	486.102815999914
CPD-695	72443	MassBank	PR020167	Gibberellin A53	inchikey_connectivity_formula_mass	2	FALSE	TRUE	4.00930002797395e-06	0.0100232500699349
CPD-9941	72447	MassBank	PR301587	Harmol	inchikey	1	TRUE	TRUE	0.145687046500001	364.217616250002
DAIDZEIN	72450	MassBank	PR302667	Daidzein	inchikey	1	TRUE	TRUE	0.18309119060001	457.727976500024
CPD-674	72453	MassBank	PR100513	trans-Cinnamic acid	inchikey_connectivity_formula_mass	2	FALSE	TRUE	4.98999980891313e-07	0.00124749995222828
CPD1F-462	72466	MassBank	PR302462	Kaempferitrin	inchikey	1	TRUE	TRUE	4.32759998147958e-06	0.00748507915973122
ISOORIENTIN	72467	MassBank	PR100246	Isoorientin 7-O-(6'''-O-(E)-feruloyl)glucoside	inchikey_connectivity_formula_mass	2	FALSE	TRUE	1.48510002873081e-06	0.00331421148817327
INDOLE-3-CARBOXALDEHYDE	72479	MassBank	PR100985	Indole-3-carboxaldehyde	inchikey	1	TRUE	TRUE	3.85199999186625e-06	0.00962999997966563
CPD-7630	72487	MassBank	PR306402	Epicatechin	inchikey	1	TRUE	TRUE	0.191961818000038	479.904545000096
URIDINE	72488	MassBank	PR010029	Uridine	inchikey	1	TRUE	TRUE	3.87179997574094e-06	0.00967949993935235
CPD1F-462	72497	MassBank	PR302444	Kaempferitrin	inchikey	1	TRUE	TRUE	4.32759998147958e-06	0.00748507915973122
CPD-10077	72499	MassBank	PR310955	Wistin	inchikey	1	TRUE	TRUE	0.298053008599993	647.748481291948
CPD-12724	72500	MassBank	PR307468	Baicalein	inchikey	1	TRUE	TRUE	0.187176568500036	467.941421250089
CPD1F-437	72503	MassBank	PR100254	Isoquercitrin	inchikey_connectivity_formula_mass	2	FALSE	TRUE	3.89280000945291e-06	0.00838792922979005
MALTOTRIOSE	72507	MassBank	PR100589	Maltotriose	inchikey	1	TRUE	TRUE	4.9807999857876e-06	0.00987922629158944
INDOLE_ACETALDEHYDE	72509	MassBank	PR010167	Indoleacetaldehyde	inchikey	1	TRUE	TRUE	3.9162000007309e-06	0.00979050000182724
CPD-14969	72511	MassBank	PR302948	Isorhamnetin 3-beta-D-glucoside	inchikey	1	TRUE	TRUE	0.294873828600032	616.747472415694
CPD1F-766	72518	MassBank	PR100344	Cyanidin 3-glucoside	inchikey_connectivity_formula_mass	2	FALSE	TRUE	3.48279996842393e-06	0.00775492080081775
CPD-12727	72521	MassBank	PR303578	Wogonin	inchikey	1	TRUE	TRUE	0.198526504299991	496.316260749978
CPD-7630	72522	MassBank	PR306408	Epicatechin	inchikey	1	TRUE	TRUE	0.191961818000038	479.904545000096
CPD-14998	72533	MassBank	PR040248	Cyanidin 3-galactoside	inchikey_connectivity_formula_mass	2	FALSE	TRUE	3.48279996842393e-06	0.00775492080081775
CPD-13509	72537	MassBank	PR020075	Quercetin 3-galactoside	inchikey_connectivity_formula_mass	2	FALSE	TRUE	3.89280000945291e-06	0.00838792922979005
CPD-204	72549	MassBank	PR020148	Gibberellin A8	name_formula_mass	4	FALSE	TRUE	3.12510002231647e-06	0.00781275005579118
CPD-7075	72552	MassBank	PR302816	Hesperidin	inchikey	1	TRUE	TRUE	4.22900029661832e-07	0.000693063125867771
CPD-4563	72559	MassBank	PR302922	Biochanin-7-O-glucoside	inchikey	1	TRUE	TRUE	0.286703072800037	642.657220748694
METHYLNICOTINATE	72563	MassBank	PR100410	Trigonelline	inchikey	1	TRUE	TRUE	2.01564853829998	5039.12134574996
CPD1F-90	72571	MassBank	PR020012	Kaempferol	inchikey_connectivity_formula_mass	2	FALSE	TRUE	1.94639994788304e-06	0.00486599986970759
2-OXOBUTANOATE	72575	MassBank	PR100863	2-Ketobutyric acid	inchikey_connectivity_formula_mass	2	FALSE	TRUE	4.05890000365616e-06	0.0101472500091404
CAPSAICIN	72576	MassBank	PR100683	Capsaicin	inchikey	1	TRUE	TRUE	2.61799982581579e-07	0.000654499956453947
PALMATINE	72578	MassBank	PR300621	Palmatine	inchikey	1	FALSE	TRUE	0.752708231899987	1881.77057974997
CPD-431	72585	MassBank	PR040002	Apigenin	inchikey_connectivity_formula_mass	2	FALSE	TRUE	3.43149997661385e-06	0.00857874994153462
CPD1F-120	72591	MassBank	PR020160	Gibberellin A24	inchikey_connectivity_formula_mass	2	FALSE	TRUE	3.9450999906876e-06	0.00986274997671899
ONONIN	72599	MassBank	PR302322	Formononetin-7-O-glucoside	inchikey	1	TRUE	TRUE	0.282617694900011	657.057335998384
CPD-182	72606	MassBank	PR100502	4-Methylumbelliferone	inchikey	1	TRUE	TRUE	4.12310001252081e-06	0.010307750031302
FORMONONETIN	72612	MassBank	PR306523	Formononetin	inchikey	1	TRUE	TRUE	0.194441126399965	486.102815999914
CPD-1125	72614	MassBank	PR300705	Amygdalin	inchikey	1	TRUE	TRUE	0.273589284999957	598.456199399375
CPD-14753	72622	MassBank	PR100915	Quercetin 7,4'-O-diglucoside	inchikey	1	TRUE	TRUE	4.61299919152225e-07	0.00073672629869326
FORMONONETIN	72623	MassBank	PR302833	Formononetin	inchikey	1	TRUE	TRUE	0.194441126399965	486.102815999914
GLYCERATE	72624	MassBank	PR100836	Glyceric acid	inchikey_connectivity_formula_mass	2	FALSE	TRUE	1.31900000610585e-06	0.00329750001526463
CPD-1125	72629	MassBank	PR300700	Amygdalin	inchikey	1	TRUE	TRUE	0.273589284999957	598.456199399375
CPD-15717	72632	MassBank	PR010186	Maltose	inchikey	1	TRUE	TRUE	1.54930000917375e-06	0.00387325002293437
VAL	72641	MassBank	PR100176	L-Valine	inchikey	1	TRUE	TRUE	1.39750000016647e-06	0.00349375000041618
DAIDZEIN	72642	MassBank	PR302691	Daidzein	inchikey	1	TRUE	TRUE	0.18309119060001	457.727976500024
CPD1F-462	72654	MassBank	PR302450	Kaempferitrin	inchikey	1	TRUE	TRUE	4.32759998147958e-06	0.00748507915973122
APIGENIN-7-O-BETA-D-GLUCOSIDE	72658	MassBank	PR306046	Cosmosiin	inchikey_connectivity_formula_mass	2	FALSE	TRUE	3.13700002152473e-06	0.0072597987188983
CONIFERYL-ALDEHYDE	72665	MassBank	PR303367	Coniferaldehyde	inchikey	1	TRUE	TRUE	0.124005812700034	310.014531750085
GLC-1-P	72677	MassBank	PR100891	Glucose 1-phosphate	inchikey_connectivity_formula_mass	2	FALSE	TRUE	1.47380001180863e-06	0.00368450002952159
FERULIC-ACID	72685	MassBank	PR100004	Ferulic acid	inchikey_connectivity_formula_mass	2	FALSE	TRUE	1.19059998837656e-06	0.0029764999709414
CPD-12725	72689	MassBank	PR020033	Baicalein-7-O-glucuronide	inchikey_connectivity_formula_mass	2	FALSE	TRUE	1.42090004828788e-06	0.00318526812252387
CPD-15450	72698	MassBank	PR304421	Ginsenoside compound K	inchikey	1	TRUE	TRUE	0.43953103299998	706.136940584306
CPD-15001	72707	MassBank	PR040081	Cyanidin 3-rutinoside	inchikey_connectivity_formula_mass	2	FALSE	TRUE	4.6733999852222e-06	0.00785225914491286
VITEXIN	72710	MassBank	PR100370	Vitexin 6''-O-malonyl 2''-O-xyloside	inchikey_connectivity_formula_mass	2	FALSE	TRUE	3.13700002152473e-06	0.0072597987188983
TYR	72717	MassBank	PR100035	L-Tyrosine	inchikey	1	TRUE	TRUE	3.22459999324565e-06	0.00806149998311412
CPD-15742	72719	MassBank	PR301432	Papaverine	inchikey	1	TRUE	TRUE	0.243941832300038	609.854580750095
CPD1F-462	72720	MassBank	PR101046	Kaempferitrin	inchikey	1	TRUE	TRUE	4.32759998147958e-06	0.00748507915973122
CPD-6981	72734	MassBank	PR040220	Rosmarinic acid	inchikey_connectivity_formula_mass	2	FALSE	TRUE	2.50959999448241e-06	0.00627399998620604
ONONIN	72736	MassBank	PR305928	Formononetin-7-O-glucoside	inchikey	1	TRUE	TRUE	0.282617694900011	657.057335998384
ONONIN	72738	MassBank	PR302310	Formononetin-7-O-glucoside	inchikey	1	TRUE	TRUE	0.282617694900011	657.057335998384
CPD-15742	72743	MassBank	PR301444	Papaverine	inchikey	1	TRUE	TRUE	0.243941832300038	609.854580750095
CPD-4563	72746	MassBank	PR100364	Sissotrin	inchikey	1	TRUE	TRUE	3.07280004108179e-06	0.00688781293842429
D-Ribofuranose	72751	MassBank	PR010043	D-Ribose	inchikey	1	TRUE	TRUE	3.43150000503556e-06	0.0085787500125889
CPD-7059	72755	MassBank	PR302552	Naringenin-7-O-rutinoside	inchikey	1	TRUE	TRUE	0.359794263399976	620.14332785881
CPD-4209	72760	MassBank	PR020106	N-(3-Methylbut-2-EN-1-YL)-9H-purin-6-amine	inchikey	1	TRUE	TRUE	4.55669999155361e-06	0.011391749978884
CONIFERYL-ALDEHYDE	72761	MassBank	PR303373	Coniferaldehyde	inchikey	1	TRUE	TRUE	0.124005812700034	310.014531750085
CPD-14427	72763	MassBank	PR100473	Daphnetin	inchikey	1	TRUE	TRUE	1.31900000610585e-06	0.00329750001526463
GLN	72769	MassBank	PR030007	L-Glutamine	inchikey	1	TRUE	TRUE	2.1976999846629e-06	0.00549424996165726
CPD-21103	72770	MassBank	PR010088	(+-)-3-Methyl-2-oxovaleric acid	inchikey_connectivity_formula_mass	2	FALSE	TRUE	5.81269998178868e-06	0.0145317499544717
ACETYLCHOLINE	72783	MassBank	PR100099	Acetylcholine	inchikey	1	FALSE	TRUE	1.00782879510001	2519.57198775003
CPD-6981	72784	MassBank	PR040217	Rosmarinic acid	inchikey_connectivity_formula_mass	2	FALSE	TRUE	2.50959999448241e-06	0.00627399998620604
DAIDZEIN	72789	MassBank	PR302661	Daidzein	inchikey	1	TRUE	TRUE	0.18309119060001	457.727976500024
DEOXYADENOSINE	72792	MassBank	PR100080	Deoxyadenosine	inchikey	1	TRUE	TRUE	6.90400014491388e-07	0.00172600003622847
CPD-7079	72793	MassBank	PR302401	Sakuranetin	inchikey	1	TRUE	TRUE	0.198876440100037	497.191100250092
CPD-7080	72799	MassBank	PR020052	Isosakuranetin	name_formula_mass	4	FALSE	TRUE	3.55989999434314e-06	0.00889974998585785
CPD-6959	72811	MassBank	PR304265	trans-pterostilbene	inchikey	1	TRUE	TRUE	0.191055620099974	477.639050249934
CPD0-2032	72813	MassBank	PR100709	DL-Glyceraldehyde 3-phosphate	name_formula_mass	4	FALSE	TRUE	4.46730001613105e-06	0.0111682500403276
CPD-1961	72818	MassBank	PR302573	Catechin	inchikey	1	TRUE	TRUE	0.191961818000038	479.904545000096
RIBOFLAVIN	72826	MassBank	PR100399	Riboflavin	inchikey_connectivity_formula_mass	2	FALSE	TRUE	4.39539996932581e-06	0.0109884999233145
4-AMINO-BUTYRATE	72828	MassBank	PR100220	gamma-Aminobutyric acid	inchikey	1	TRUE	TRUE	1.46169999482026e-06	0.00365424998705066
CPD-6994	72830	MassBank	PR040014	Eriodictyol	inchikey_connectivity_formula_mass	2	FALSE	TRUE	1.88220002428352e-06	0.0047055000607088
CPD-6959	72837	MassBank	PR304253	trans-pterostilbene	inchikey	1	TRUE	TRUE	0.191055620099974	477.639050249934
CPD-20973	72838	MassBank	PR307940	Lariciresinol	inchikey	1	TRUE	TRUE	0.248711496999988	621.77874249997
ADENOSINE	72842	MassBank	PR100493	Adenosine	inchikey	1	TRUE	TRUE	3.93170000734244e-06	0.00982925001835611
ONONIN	72847	MassBank	PR305962	Formononetin-7-O-glucoside	inchikey	1	TRUE	TRUE	0.282617694900011	657.057335998384
CPD-14969	72850	MassBank	PR302973	Isorhamnetin 3-beta-D-glucoside	inchikey	1	TRUE	TRUE	0.294873828600032	616.747472415694
SINAPATE	72866	MassBank	PR303357	Sinapic acid	inchikey_connectivity_formula_mass	2	FALSE	TRUE	3.4957000139002e-06	0.00873925003475051
CPD-3424	72876	MassBank	PR040203	Daidzin	inchikey	1	TRUE	TRUE	2.240900016659e-06	0.00538534539734406
CPD-14427	72880	MassBank	PR306795	7,8-Dihydroxycoumarin	inchikey	1	TRUE	TRUE	0.116391319000002	290.978297500004
GLC	72882	MassBank	PR010080	D-Glucose	inchikey	1	TRUE	TRUE	1.88219999586181e-06	0.00470549998965453
PANTOTHENATE	72890	MassBank	PR100400	Pantothenic acid	inchikey_connectivity_formula_mass	2	FALSE	TRUE	2.6614000319114e-06	0.0066535000797785
CPD-667	72895	MassBank	PR100306	O-Acetyl-L-homoserine	inchikey	1	TRUE	TRUE	2.15330001651637e-06	0.00538325004129092
CPD-1961	72909	MassBank	PR302549	Catechin	inchikey	1	TRUE	TRUE	0.191961818000038	479.904545000096
CPD-7075	72925	MassBank	PR302846	Hesperidin	inchikey	1	TRUE	TRUE	4.22900029661832e-07	0.000693063125867771
ERYTHROSE-4P	72927	MassBank	PR100545	D-Erythrose 4-phosphate	inchikey_connectivity_formula_mass	2	FALSE	TRUE	8.46399984766322e-07	0.0021159999619158
OXIDIZED-GLUTATHIONE	72929	MassBank	PR100134	Oxidized glutathione	inchikey_connectivity_formula_mass	2	FALSE	TRUE	1.90359992302547e-06	0.00310968524401338
CPD-12724	72933	MassBank	PR307465	Baicalein	inchikey	1	TRUE	TRUE	0.187176568500036	467.941421250089
CPD-14427	72941	MassBank	PR309356	7,8-Dihydroxycoumarin	inchikey	1	TRUE	TRUE	0.116391319000002	290.978297500004
CPD-20973	72942	MassBank	PR307951	Lariciresinol	inchikey	1	TRUE	TRUE	0.248711496999988	621.77874249997
CPD-7137	72945	MassBank	PR040047	Pelargonin	inchikey_connectivity_formula_mass	2	FALSE	TRUE	4.6733999852222e-06	0.00785225914491286
CPD-14976	72961	MassBank	PR302867	Kaempferol-3-O-glucoside-6''-p-coumaroyl	inchikey	1	TRUE	TRUE	0.3876590781	652.473849730577
3-METHYLXANTHINE	72977	MassBank	PR100415	3-Methylxanthine	inchikey	1	TRUE	TRUE	4.54240000635764e-06	0.0113560000158941
DAIDZEIN	72988	MassBank	PR302637	Daidzein	inchikey	1	TRUE	TRUE	0.18309119060001	457.727976500024
CPD-14753	72989	MassBank	PR100456	Quercetin 7,4'-O-diglucoside	inchikey	1	TRUE	TRUE	4.61299919152225e-07	0.00073672629869326
CPD-431	72999	MassBank	PR100224	Apigenin	inchikey_connectivity_formula_mass	2	FALSE	TRUE	3.43149997661385e-06	0.00857874994153462
NARINGENIN-CMPD	73005	MassBank	PR040042	Naringenin	inchikey	1	TRUE	TRUE	3.4957000139002e-06	0.00873925003475051
SINAPATE	73033	MassBank	PR311176	Sinapic acid	inchikey_connectivity_formula_mass	2	FALSE	TRUE	3.4957000139002e-06	0.00873925003475051
INDOLEYL-CPD	73035	MassBank	PR100050	3-Indoleacetonitrile	inchikey	1	TRUE	TRUE	1.73279997284226e-06	0.00433199993210565
CPD-4208	73043	MassBank	PR020095	trans-zeatin riboside	inchikey	1	TRUE	TRUE	1.18940005222612e-06	0.0029735001305653
ONONIN	73049	MassBank	PR305927	Formononetin-7-O-glucoside	inchikey	1	TRUE	TRUE	0.282617694900011	657.057335998384
CPD-12724	73053	MassBank	PR307466	Baicalein	inchikey	1	TRUE	TRUE	0.187176568500036	467.941421250089
CPD-9940	73056	MassBank	PR305230	Harmine	inchikey	1	TRUE	TRUE	0.157036982300014	392.592455750034
DAIDZEIN	73067	MassBank	PR306359	Daidzein	inchikey	1	TRUE	TRUE	0.18309119060001	457.727976500024
CPD-14969	73080	MassBank	PR100656	Isorhamnetin 3-beta-D-glucoside	inchikey	1	TRUE	TRUE	3.82860002900998e-06	0.00800776183492841
APIGENIN-7-O-BETA-D-GLUCOSIDE	73082	MassBank	PR306075	Cosmosiin	inchikey_connectivity_formula_mass	2	FALSE	TRUE	3.13700002152473e-06	0.0072597987188983
LUTEOLIN-7-O-BETA-D-GLUCOSIDE	73105	MassBank	PR020062	Luteolin 7-glucoside	inchikey	1	TRUE	TRUE	1.48510002873081e-06	0.00331421148817327
CPD-1961	73111	MassBank	PR302603	Catechin	inchikey	1	TRUE	TRUE	0.191961818000038	479.904545000096
DAIDZEIN	73112	MassBank	PR310855	Daidzein	inchikey	1	TRUE	TRUE	0.18309119060001	457.727976500024
CPD-20973	73115	MassBank	PR307942	Lariciresinol	inchikey	1	TRUE	TRUE	0.248711496999988	621.77874249997
CPD-9941	73123	MassBank	PR305194	Harmol	inchikey	1	TRUE	TRUE	0.145687046500001	364.217616250002
CPD-15450	73126	MassBank	PR304419	Ginsenoside compound K	inchikey	1	TRUE	TRUE	0.43953103299998	706.136940584306
CPD-13494	73128	MassBank	PR307282	6-Gingerol	inchikey	1	TRUE	TRUE	6.77000002724526e-07	0.00169250000681131
CPD-6981	73131	MassBank	PR040218	Rosmarinic acid	inchikey_connectivity_formula_mass	2	FALSE	TRUE	2.50959999448241e-06	0.00627399998620604
ADP-D-GLUCOSE	73136	MassBank	PR100103	ADP-glucose	inchikey_connectivity_formula_mass	2	FALSE	TRUE	1.81999996584636e-06	0.00308955159040162
CPD-7096	73141	MassBank	PR304244	Apigeninidin	inchikey	1	TRUE	TRUE	0.824733841499977	2061.83460374994
N-EE-PIPEROYL-PIPERIDINE	73147	MassBank	PR301790	Piperine	inchikey	1	TRUE	TRUE	0.206506518600008	516.266296500021
GLYCEROL	73155	MassBank	PR010013	Glycerol	inchikey	1	TRUE	TRUE	4.12309999830995e-06	0.0103077499957749
CPD-13118	73158	MassBank	PR100566	Guanosine 5'-diphospho-beta-L-fucose	inchikey_connectivity_formula_mass	2	FALSE	TRUE	1.81999996584636e-06	0.00308955159040162
CPD-676	73161	MassBank	PR100533	Caffeic acid	inchikey_connectivity_formula_mass	2	FALSE	TRUE	1.25479999724121e-06	0.00313699999310302
B-ALANINE	73164	MassBank	PR010078	beta-Alanine	inchikey	1	TRUE	TRUE	1.52590000368491e-06	0.00381475000921228
TYR	73167	MassBank	PR100499	L-Tyrosine	inchikey	1	TRUE	TRUE	3.22459999324565e-06	0.00806149998311412
CPD-16782	73168	MassBank	PR301707	Chelerythrine	inchikey	1	FALSE	TRUE	0.753408103500021	1883.52025875005
D-THREONINE	73176	MassBank	PR030017	L-Allothreonine	name_formula_mass	4	TRUE	TRUE	3.16039999859186e-06	0.00790099999647964
THR	73176	MassBank	PR030017	L-Allothreonine	name_formula_mass	4	TRUE	TRUE	3.16039999859186e-06	0.00790099999647964
CPD-12724	73180	MassBank	PR303610	Baicalein	inchikey	1	TRUE	TRUE	0.187176568500036	467.941421250089
CPD-20973	73183	MassBank	PR307938	Lariciresinol	inchikey	1	TRUE	TRUE	0.248711496999988	621.77874249997
CPD-15742	73205	MassBank	PR301425	Papaverine	inchikey	1	TRUE	TRUE	0.243941832300038	609.854580750095
CONIFERYL-ALDEHYDE	73206	MassBank	PR303343	Coniferaldehyde	inchikey	1	TRUE	TRUE	0.124005812700034	310.014531750085
CPD-1961	73208	MassBank	PR302561	Catechin	inchikey	1	TRUE	TRUE	0.191961818000038	479.904545000096
CPD-12826	73210	MassBank	PR100906	Folic acid	inchikey_connectivity_formula_mass	2	FALSE	TRUE	3.78899983388692e-07	0.000858911586018149
CPD-638	73214	MassBank	PR020164	Gibberellin A44	name_formula_mass	4	FALSE	TRUE	3.9450999906876e-06	0.00986274997671899
ONONIN	73215	MassBank	PR305991	Formononetin-7-O-glucoside	inchikey	1	TRUE	TRUE	0.282617694900011	657.057335998384
CPD-12727	73217	MassBank	PR303584	Wogonin	inchikey	1	TRUE	TRUE	0.198526504299991	496.316260749978
DAIDZEIN	73223	MassBank	PR306298	Daidzein	inchikey	1	TRUE	TRUE	0.18309119060001	457.727976500024
CPD-4210	73226	MassBank	PR100323	Zeatin	inchikey	1	TRUE	TRUE	6.54000018585066e-08	0.000163500004646266
GLYCOLLATE	73230	MassBank	PR010159	Glycolic acid	inchikey_connectivity_formula_mass	2	FALSE	TRUE	3.99469999479152e-06	0.00998674998697879
5-AMINO-LEVULINATE	73232	MassBank	PR010217	5-Aminolevulinic acid	inchikey	1	TRUE	TRUE	3.160399984381e-06	0.0079009999609525
CPD0-1942	73233	MassBank	PR100841	L-alpha-Aminobutyric acid	inchikey	1	TRUE	TRUE	1.46169999482026e-06	0.00365424998705066
CPD-10347	73241	MassBank	PR302804	Apigenin-6-C-glucoside-7-O-glucoside	inchikey	1	TRUE	TRUE	0.363529705500014	611.839641568733
CPD-7630	73242	MassBank	PR302723	Epicatechin	inchikey	1	TRUE	TRUE	0.191961818000038	479.904545000096
CPD-4210	73247	MassBank	PR020087	Zeatin	inchikey	1	TRUE	TRUE	6.54000018585066e-08	0.000163500004646266
ONONIN	73252	MassBank	PR302298	Formononetin-7-O-glucoside	inchikey	1	TRUE	TRUE	0.282617694900011	657.057335998384
CPD-12725	73254	MassBank	PR040076	baicalein-7-O-glucuronide	inchikey_connectivity_formula_mass	2	FALSE	TRUE	1.42090004828788e-06	0.00318526812252387
SINAPATE	73262	MassBank	PR100527	Sinapic acid	inchikey_connectivity_formula_mass	2	FALSE	TRUE	3.4957000139002e-06	0.00873925003475051
CPD-9940	73268	MassBank	PR305228	Harmine	inchikey	1	TRUE	TRUE	0.157036982300014	392.592455750034
CPD-7096	73270	MassBank	PR304240	Apigeninidin	inchikey	1	TRUE	TRUE	0.824733841499977	2061.83460374994
CPD-15448	73282	MassBank	PR304353	Ginsenoside F1	inchikey	1	TRUE	TRUE	0.443616410900063	694.844995943381
CPD1F-462	73287	MassBank	PR306125	Kaempferitrin	inchikey	1	TRUE	TRUE	4.32759998147958e-06	0.00748507915973122
CONIFERYL-ALDEHYDE	73289	MassBank	PR303364	Coniferaldehyde	inchikey	1	TRUE	TRUE	0.124005812700034	310.014531750085
ALLO-THR	73301	MassBank	PR100747	L-Allothreonine	name_formula_mass	4	TRUE	TRUE	3.16039999859186e-06	0.00790099999647964
CPD-17667	73307	MassBank	PR301266	Ellipticine	inchikey	1	TRUE	TRUE	0.197301540199987	493.253850499968
XANTHOSINE	73309	MassBank	PR100731	Xanthosine	inchikey	1	TRUE	TRUE	4.13860004755406e-06	0.0103465001188852
PALMATINE	73311	MassBank	PR300626	Palmatine	inchikey	1	FALSE	TRUE	0.752708231899987	1881.77057974997
CPD-14969	73314	MassBank	PR302943	Isorhamnetin 3-beta-D-glucoside	inchikey	1	TRUE	TRUE	0.294873828600032	616.747472415694
CPD-10347	73315	MassBank	PR302819	Apigenin-6-C-glucoside-7-O-glucoside	inchikey	1	TRUE	TRUE	0.363529705500014	611.839641568733
DGMP	73325	MassBank	PR100696	2'-Deoxyguanosine 5'-monophosphate	inchikey_connectivity_formula_mass	2	FALSE	TRUE	4.34009996297391e-06	0.0108502499074348
SCOPOLETIN	73340	MassBank	PR303140	Scopoletin	inchikey	1	TRUE	TRUE	0.127741254799986	319.353136999965
GLN	73343	MassBank	PR010059	L-Glutamine	inchikey	1	TRUE	TRUE	2.1976999846629e-06	0.00549424996165726
NARINGENIN-7-O-BETA-D-GLUCOSIDE	73348	MassBank	PR302740	Naringenin-7-O-glucoside	inchikey	1	TRUE	TRUE	0.275703072800013	635.083039582477
CPD-7096	73350	MassBank	PR304250	Apigeninidin	inchikey	1	TRUE	TRUE	0.824733841499977	2061.83460374994
CPD-83	73356	MassBank	PR302578	Resveratrol	inchikey	1	TRUE	TRUE	0.168355748500005	420.889371250013
CPD-7059	73382	MassBank	PR302576	Naringenin-7-O-rutinoside	inchikey	1	TRUE	TRUE	0.359794263399976	620.14332785881
CPD-7138	73387	MassBank	PR100342	cyanidin-3,5-diglucoside	inchikey_connectivity_formula_mass	2	FALSE	TRUE	5.1300048653502e-08	8.39386528765595e-05
INDOLE-3-CARBOXALDEHYDE	73388	MassBank	PR010111	Indole-3-carboxaldehyde	inchikey	1	TRUE	TRUE	3.85199999186625e-06	0.00962999997966563
CPD-7075	73389	MassBank	PR306521	Hesperidin	inchikey	1	TRUE	TRUE	4.22900029661832e-07	0.000693063125867771
CPD-1961	73391	MassBank	PR100687	Catechin	inchikey	1	TRUE	TRUE	1.81800004384058e-06	0.00454500010960146
SER	73417	MassBank	PR010156	L-Serine	inchikey	1	TRUE	TRUE	3.09619998972721e-06	0.00774049997431803
CPD-12727	73426	MassBank	PR307451	Wogonin	inchikey	1	TRUE	TRUE	0.198526504299991	496.316260749978
3-HYDROXY-BUTYRATE	73441	MassBank	PR100550	DL-beta-Hydroxybutyric acid	inchikey_connectivity_formula_mass	2	FALSE	TRUE	4.12309999830995e-06	0.0103077499957749
CPD-13135	73452	MassBank	PR100988	Indole-3-carboxylic acid	inchikey_connectivity_formula_mass	2	FALSE	TRUE	1.52590001789576e-06	0.00381475004473941
CPD-1961	73460	MassBank	PR302567	Catechin	inchikey	1	TRUE	TRUE	0.191961818000038	479.904545000096
CPD-17667	73468	MassBank	PR305008	Ellipticine	inchikey	1	TRUE	TRUE	0.197301540199987	493.253850499968
CPD-3711	73469	MassBank	PR100739	Cytidine 3'-monophosphate	inchikey_connectivity_formula_mass	2	FALSE	TRUE	9.51800018356153e-07	0.00237950004589038
FORMONONETIN	73482	MassBank	PR306548	Formononetin	inchikey	1	TRUE	TRUE	0.194441126399965	486.102815999914
GLUTARATE	73490	MassBank	PR100556	Glutaric acid	inchikey_connectivity_formula_mass	2	FALSE	TRUE	1.25479999724121e-06	0.00313699999310302
INDOLE	73493	MassBank	PR100053	Indole	inchikey	1	TRUE	TRUE	7.7010000154587e-07	0.00192525000386468
D-TARTRATE	73498	MassBank	PR100880	D-Tartaric acid	inchikey_connectivity_formula_mass	2	FALSE	TRUE	2.07479999403404e-06	0.00518699998508509
N-ALPHA-ACETYLORNITHINE	73507	MassBank	PR100304	N2-Acetylornithine	inchikey	1	TRUE	TRUE	2.3261000023922e-06	0.00581525000598049
XANTHINE	73509	MassBank	PR100624	Xanthine	inchikey	1	TRUE	TRUE	4.60660001522228e-06	0.0115165000380557
COUMARALDEHYDE	73519	MassBank	PR304055	p-Coumaraldehyde	inchikey	1	TRUE	TRUE	0.108570498999995	271.426247499988
APIGENIN-7-O-BETA-D-GLUCOSIDE	73521	MassBank	PR302378	Cosmosiin	inchikey_connectivity_formula_mass	2	FALSE	TRUE	3.13700002152473e-06	0.0072597987188983
ONONIN	73524	MassBank	PR020043	Formononetin-7-O-glucoside	inchikey	1	TRUE	TRUE	2.30509999710193e-06	0.00535912255544201
GLT	73533	MassBank	PR010058	L-Glutamic acid	inchikey_connectivity_formula_mass	2	FALSE	TRUE	2.2174999969593e-06	0.00554374999239826
CAPSAICIN	73544	MassBank	PR100259	Capsaicin	inchikey	1	TRUE	TRUE	2.61799982581579e-07	0.000654499956453947
CPD-13494	73550	MassBank	PR307288	6-Gingerol	inchikey	1	TRUE	TRUE	6.77000002724526e-07	0.00169250000681131
VITEXIN-2-O-B-L-RHAMNOSIDE	73553	MassBank	PR020085	Vitexin-2''-O-rhamnoside	name_formula_mass	4	FALSE	TRUE	4.32759998147958e-06	0.00748507915973122
ASCORBATE	73555	MassBank	PR010208	Ascorbic acid	inchikey_connectivity_formula_mass	2	FALSE	TRUE	2.0106000135911e-06	0.00502650003397775
S-LACTOYL-GLUTATHIONE	73560	MassBank	PR100314	S-Lactoylglutathione	inchikey_connectivity_formula_mass	2	FALSE	TRUE	4.64350000584091e-06	0.0116087500146023
CGMP	73564	MassBank	PR100141	Cyclic GMP	inchikey_connectivity_formula_mass	2	FALSE	TRUE	4.27589992568755e-06	0.0106897498142189
PANTOTHENATE	73567	MassBank	PR100728	Pantothenic acid	inchikey_connectivity_formula_mass	2	FALSE	TRUE	2.6614000319114e-06	0.0066535000797785
ADENINE	73568	MassBank	PR100020	Adenine	inchikey	1	TRUE	TRUE	4.81349999859049e-06	0.0120337499964762
CPD-1125	73572	MassBank	PR300690	Amygdalin	inchikey	1	TRUE	TRUE	0.273589284999957	598.456199399375
CPD1F-462	73574	MassBank	PR306077	Kaempferitrin	inchikey	1	TRUE	TRUE	4.32759998147958e-06	0.00748507915973122
CPD-7117	73585	MassBank	PR100912	Delphinidin 3-glucoside	inchikey_connectivity_formula_mass	2	FALSE	TRUE	1.13930002498819e-06	0.00244956340279117
FRUCTOSE-6P	73588	MassBank	PR010049	Beta-D-Fructose 6-phosphate	inchikey_connectivity_formula_mass	2	FALSE	TRUE	1.47380001180863e-06	0.00368450002952159
CONIFERYL-ALDEHYDE	73600	MassBank	PR100480	Coniferaldehyde	inchikey	1	TRUE	TRUE	4.18729996454204e-06	0.0104682499113551
DIMP	73601	MassBank	PR100089	dIMP	inchikey_connectivity_formula_mass	2	FALSE	TRUE	4.69719998363871e-06	0.0117429999590968
CPD-7096	73602	MassBank	PR304246	Apigeninidin	inchikey	1	TRUE	TRUE	0.824733841499977	2061.83460374994
CPD-12724	73605	MassBank	PR308785	Baicalein	inchikey	1	TRUE	TRUE	0.187176568500036	467.941421250089
5-METHYLTHIOADENOSINE	73607	MassBank	PR100743	5'-Methylthioadenosine	inchikey	1	TRUE	TRUE	6.38000301478314e-08	0.000159500075369579
LUTEOLIN-7-O-BETA-D-GLUCOSIDE	73615	MassBank	PR040141	Luteolin 7-glucoside	inchikey	1	TRUE	TRUE	1.48510002873081e-06	0.00331421148817327
LUTEOLIN-7-O-BETA-D-GLUCOSIDE	73619	MassBank	PR305576	Luteolin 7-glucoside	inchikey	1	TRUE	TRUE	0.279438514899994	623.606705543674
3-HYDROXY-BUTYRATE	73621	MassBank	PR010153	DL-beta-Hydroxybutyric acid	inchikey_connectivity_formula_mass	2	FALSE	TRUE	4.12309999830995e-06	0.0103077499957749
L-CYSTATHIONINE	73624	MassBank	PR100113	L-Cystathionine	inchikey	1	TRUE	TRUE	2.36180000001696e-06	0.00590450000004239
CPD-16782	73646	MassBank	PR301725	Chelerythrine	inchikey	1	FALSE	TRUE	0.753408103500021	1883.52025875005
CPD-20974	73647	MassBank	PR308002	Epipinoresinol	inchikey	1	TRUE	TRUE	0.248361561199999	620.903902999999
SCOPOLETIN	73653	MassBank	PR306843	Scopoletin	inchikey	1	TRUE	TRUE	0.127741254799986	319.353136999965
SCOPOLETIN	73669	MassBank	PR303124	Scopoletin	inchikey	1	TRUE	TRUE	0.127741254799986	319.353136999965
CPD-8959	73681	MassBank	PR303990	Podofilox	inchikey	1	TRUE	TRUE	0.278532317000042	672.569796635804
ONONIN	73690	MassBank	PR305942	Formononetin-7-O-glucoside	inchikey	1	TRUE	TRUE	0.282617694900011	657.057335998384
GLUCOSAMINE	73695	MassBank	PR010143	beta-D-Glucosamine	name_formula_mass	4	FALSE	TRUE	2.53300004260382e-06	0.00633250010650954
CPD-13509	73698	MassBank	PR101012	Quercetin 3-galactoside	inchikey_connectivity_formula_mass	2	FALSE	TRUE	3.89280000945291e-06	0.00838792922979005
FERULIC-ACID	73703	MassBank	PR010004	Ferulic acid	inchikey_connectivity_formula_mass	2	FALSE	TRUE	1.19059998837656e-06	0.0029764999709414
ISOORIENTIN	73708	MassBank	PR040132	Isoorientin 7-O-(6'''-O-(E)-feruloyl)glucoside	inchikey_connectivity_formula_mass	2	FALSE	TRUE	1.48510002873081e-06	0.00331421148817327
CPD1F-462	73713	MassBank	PR306131	Kaempferitrin	inchikey	1	TRUE	TRUE	4.32759998147958e-06	0.00748507915973122
CPD-9940	73724	MassBank	PR301703	Harmine	inchikey	1	TRUE	TRUE	0.157036982300014	392.592455750034
CPD-12724	73730	MassBank	PR307464	Baicalein	inchikey	1	TRUE	TRUE	0.187176568500036	467.941421250089
VAL	73738	MassBank	PR010070	L-Valine	inchikey	1	TRUE	TRUE	1.39750000016647e-06	0.00349375000041618
ONONIN	73744	MassBank	PR302316	Formononetin-7-O-glucoside	inchikey	1	TRUE	TRUE	0.282617694900011	657.057335998384
CPD-7630	73762	MassBank	PR100264	Epicatechin	inchikey	1	TRUE	TRUE	1.81800004384058e-06	0.00454500010960146
CPD-9940	73780	MassBank	PR301670	Harmine	inchikey	1	TRUE	TRUE	0.157036982300014	392.592455750034
MALTOTRIOSE	73783	MassBank	PR010071	Maltotriose	inchikey	1	TRUE	TRUE	4.9807999857876e-06	0.00987922629158944
CPD-12724	73785	MassBank	PR307472	Baicalein	inchikey	1	TRUE	TRUE	0.187176568500036	467.941421250089
CPD-884	73786	MassBank	PR100222	Aminocaproic acid	inchikey	1	TRUE	TRUE	1.33329999130183e-06	0.00333324997825457
CPD-7072	73789	MassBank	PR100772	Hesperetin	inchikey_connectivity_formula_mass	2	FALSE	TRUE	1.81800004384058e-06	0.00454500010960146
INOSINE	73793	MassBank	PR100150	Inosine	inchikey	1	TRUE	TRUE	4.83499945858057e-07	0.00120874986464514
L-ASPARTATE	73802	MassBank	PR010173	L-Aspartic acid	inchikey_connectivity_formula_mass	2	FALSE	TRUE	2.28170000582395e-06	0.00570425001455988
CPD-1125	73810	MassBank	PR300660	Amygdalin	inchikey	1	TRUE	TRUE	0.273589284999957	598.456199399375
1-7-DIMETHYLXANTHINE	73811	MassBank	PR100414	Paraxanthine	inchikey	1	TRUE	TRUE	4.47819999749299e-06	0.0111954999937325
CPD-7075	73818	MassBank	PR020046	Hesperidin	inchikey	1	TRUE	TRUE	4.22900029661832e-07	0.000693063125867771
CPD-7075	73825	MassBank	PR302856	Hesperidin	inchikey	1	TRUE	TRUE	4.22900029661832e-07	0.000693063125867771
CPD-520	73834	MassBank	PR040053	Quercetin	inchikey_connectivity_formula_mass	2	FALSE	TRUE	2.67570004552908e-06	0.00668925011382271
CPD-16782	73835	MassBank	PR310598	Chelerythrine	inchikey	1	FALSE	TRUE	0.753408103500021	1883.52025875005
L-DIHYDROXY-PHENYLALANINE	73847	MassBank	PR100092	L-Dopa	inchikey	1	TRUE	TRUE	2.15330001651637e-06	0.00538325004129092
L-2-AMINOHEXANOATE	73860	MassBank	PR010064	L-Norleucine	inchikey	1	TRUE	TRUE	1.33329999130183e-06	0.00333324997825457
PHENYLHYDRAZINE	73862	MassBank	PR010185	Phenylhydrazine	inchikey	1	TRUE	TRUE	1.73280000126397e-06	0.00433200000315992
MELIBIOSE	73863	MassBank	PR010074	Melibiose	inchikey	1	TRUE	TRUE	1.54930000917375e-06	0.00387325002293437
CPD-9940	73878	MassBank	PR304872	Harmine	inchikey	1	TRUE	TRUE	0.157036982300014	392.592455750034
5-AMINO-LEVULINATE	73886	MassBank	PR010216	5-Aminolevulinic acid	inchikey	1	TRUE	TRUE	3.160399984381e-06	0.0079009999609525
ONONIN	73887	MassBank	PR302275	Formononetin-7-O-glucoside	inchikey	1	TRUE	TRUE	0.282617694900011	657.057335998384
LUTEOLIN-7-O-BETA-D-GLUCOSIDE	73888	MassBank	PR302063	Luteolin 7-glucoside	inchikey	1	TRUE	TRUE	0.279438514899994	623.606705543674
THZ	73894	MassBank	PR100301	5-(2-Hydroxyethyl)-4-methylthiazole	inchikey	1	TRUE	TRUE	4.60620000808376e-06	0.0115155000202094
CPD-9940	73903	MassBank	PR301673	Harmine	inchikey	1	TRUE	TRUE	0.157036982300014	392.592455750034
CPD-7079	73904	MassBank	PR302369	Sakuranetin	inchikey	1	TRUE	TRUE	0.198876440100037	497.191100250092
ONONIN	73906	MassBank	PR306004	Formononetin-7-O-glucoside	inchikey	1	TRUE	TRUE	0.282617694900011	657.057335998384
CPD-6959	73909	MassBank	PR304275	trans-pterostilbene	inchikey	1	TRUE	TRUE	0.191055620099974	477.639050249934
CPD-7075	73919	MassBank	PR302831	Hesperidin	inchikey	1	TRUE	TRUE	4.22900029661832e-07	0.000693063125867771
CPD1F-90	73921	MassBank	PR040028	Kaempferol	inchikey_connectivity_formula_mass	2	FALSE	TRUE	1.94639994788304e-06	0.00486599986970759
ADENOSINE	73922	MassBank	PR100022	Adenosine	inchikey	1	TRUE	TRUE	3.93170000734244e-06	0.00982925001835611
L-2-AMINOPENTANOIC-ACID	73927	MassBank	PR010065	L-Norvaline	inchikey	1	TRUE	TRUE	1.39750000016647e-06	0.00349375000041618
CPD-458	73933	MassBank	PR100905	Galactinol	name_formula_mass	4	TRUE	TRUE	1.54930000917375e-06	0.00387325002293437
CPD-14976	73939	MassBank	PR302885	Kaempferol-3-O-glucoside-6''-p-coumaroyl	inchikey	1	TRUE	TRUE	0.3876590781	652.473849730577
GUANOSINE	73947	MassBank	PR010162	Guanosine	inchikey	1	TRUE	TRUE	4.4620003336604e-07	0.0011155000834151
CPD1F-90	73963	MassBank	PR100641	Kaempferol	inchikey_connectivity_formula_mass	2	FALSE	TRUE	1.94639994788304e-06	0.00486599986970759
CPD-20974	73964	MassBank	PR307997	Epipinoresinol	inchikey	1	TRUE	TRUE	0.248361561199999	620.903902999999
SCOPOLETIN	73969	MassBank	PR306863	Scopoletin	inchikey	1	TRUE	TRUE	0.127741254799986	319.353136999965
CPD-7075	73984	MassBank	PR306546	Hesperidin	inchikey	1	TRUE	TRUE	4.22900029661832e-07	0.000693063125867771
LUTEOLIN-7-O-BETA-D-GLUCOSIDE	73992	MassBank	PR305612	Luteolin 7-glucoside	inchikey	1	TRUE	TRUE	0.279438514899994	623.606705543674
PRO	74000	MassBank	PR030015	L-Proline	inchikey	1	TRUE	TRUE	1.46169999482026e-06	0.00365424998705066
SANGUINARINE	74005	MassBank	PR301656	Sanguinarine	inchikey	1	FALSE	TRUE	0.765107975100022	1912.76993775006
CPD-15448	74012	MassBank	PR304349	Ginsenoside F1	inchikey	1	TRUE	TRUE	0.443616410900063	694.844995943381
CPD-4563	74018	MassBank	PR302928	Biochanin-7-O-glucoside	inchikey	1	TRUE	TRUE	0.286703072800037	642.657220748694
P-HYDROXY-PHENYLPYRUVATE	74019	MassBank	PR010083	4-Hydroxyphenylpyruvic acid	inchikey_connectivity_formula_mass	2	FALSE	TRUE	1.25479999724121e-06	0.00313699999310302
NARINGENIN-7-O-BETA-D-GLUCOSIDE	74040	MassBank	PR302735	Naringenin-7-O-glucoside	inchikey	1	TRUE	TRUE	0.275703072800013	635.083039582477
CPD-4208	74045	MassBank	PR020092	trans-zeatin riboside	inchikey	1	TRUE	TRUE	1.18940005222612e-06	0.0029735001305653
CPD-9940	74050	MassBank	PR301691	Harmine	inchikey	1	TRUE	TRUE	0.157036982300014	392.592455750034
SINAPATE	74074	MassBank	PR309001	Sinapic acid	inchikey_connectivity_formula_mass	2	FALSE	TRUE	3.4957000139002e-06	0.00873925003475051
CPD-14969	74077	MassBank	PR040098	Isorhamnetin 3-beta-D-glucoside	inchikey	1	TRUE	TRUE	3.82860002900998e-06	0.00800776183492841
CPD-7137	74087	MassBank	PR040048	Pelargonin	inchikey_connectivity_formula_mass	2	FALSE	TRUE	4.6733999852222e-06	0.00785225914491286
D-mannopyranose	74091	MassBank	PR010046	D-(+)-Mannose	inchikey	1	TRUE	TRUE	1.88219999586181e-06	0.00470549998965453
CPD-12727	74095	MassBank	PR303586	Wogonin	inchikey	1	TRUE	TRUE	0.198526504299991	496.316260749978
ONONIN	74118	MassBank	PR302293	Formononetin-7-O-glucoside	inchikey	1	TRUE	TRUE	0.282617694900011	657.057335998384
CPD-15448	74121	MassBank	PR304368	Ginsenoside F1	inchikey	1	TRUE	TRUE	0.443616410900063	694.844995943381
CPD-12725	74126	MassBank	PR040073	baicalein-7-O-glucuronide	inchikey_connectivity_formula_mass	2	FALSE	TRUE	1.42090004828788e-06	0.00318526812252387
LUTEOLIN-7-O-BETA-D-GLUCOSIDE	74129	MassBank	PR302069	Luteolin 7-glucoside	inchikey	1	TRUE	TRUE	0.279438514899994	623.606705543674
CPD-8959	74133	MassBank	PR303989	Podofilox	inchikey	1	TRUE	TRUE	0.278532317000042	672.569796635804
CPD-12727	74147	MassBank	PR303577	Wogonin	inchikey	1	TRUE	TRUE	0.198526504299991	496.316260749978
SINAPALDEHYDE	74154	MassBank	PR302309	Sinapoyl aldehyde	inchikey	1	TRUE	TRUE	0.139441126399987	348.602815999968
CPD-4208	74158	MassBank	PR100209	trans-zeatin riboside	inchikey	1	TRUE	TRUE	1.18940005222612e-06	0.0029735001305653
COUMARATE	74160	MassBank	PR100261	4-Hydroxycinnamic acid	inchikey_connectivity_formula_mass	2	FALSE	TRUE	4.12310001252081e-06	0.010307750031302
CPD-8912	74164	MassBank	PR304003	Matairesinol	inchikey	1	TRUE	TRUE	0.248361561199999	620.903902999999
CPD-4563	74165	MassBank	PR302868	Biochanin-7-O-glucoside	inchikey	1	TRUE	TRUE	0.286703072800037	642.657220748694
5734-TETRAHYDROXYFLAVONE	74166	MassBank	PR100644	Luteolin	inchikey_connectivity_formula_mass	2	FALSE	TRUE	1.94639994788304e-06	0.00486599986970759
CPD-9940	74181	MassBank	PR305226	Harmine	inchikey	1	TRUE	TRUE	0.157036982300014	392.592455750034
CPD-20975	74193	MassBank	PR307978	Flaxseeds extract	inchikey	1	TRUE	TRUE	0.249061432800033	622.653582000083
CPDQT-280	74199	MassBank	PR020024	4-Methylsulfinylbutyl glucosinolate	name_formula_mass	4	FALSE	TRUE	1.96549996189788e-06	0.00449721341106618
SCOPOLETIN	74200	MassBank	PR303156	Scopoletin	inchikey	1	TRUE	TRUE	0.127741254799986	319.353136999965
CPD-14427	74216	MassBank	PR303049	7,8-Dihydroxycoumarin	inchikey	1	TRUE	TRUE	0.116391319000002	290.978297500004
CPD-7630	74221	MassBank	PR302728	Epicatechin	inchikey	1	TRUE	TRUE	0.191961818000038	479.904545000096
CPD-15742	74226	MassBank	PR301405	Papaverine	inchikey	1	TRUE	TRUE	0.243941832300038	609.854580750095
CPD-9940	74227	MassBank	PR305224	Harmine	inchikey	1	TRUE	TRUE	0.157036982300014	392.592455750034
GLN	74241	MassBank	PR100164	L-Glutamine	inchikey	1	TRUE	TRUE	2.1976999846629e-06	0.00549424996165726
CPD-520	74248	MassBank	PR100646	Quercetin	inchikey_connectivity_formula_mass	2	FALSE	TRUE	2.67570004552908e-06	0.00668925011382271
CPD-536	74252	MassBank	PR100775	beta-Glycerophosphoric acid	inchikey_connectivity_formula_mass	2	FALSE	TRUE	4.53150002499569e-06	0.0113287500624892
IMP	74263	MassBank	PR100152	Inosinic acid	inchikey_connectivity_formula_mass	2	FALSE	TRUE	7.51000470700092e-08	0.000187750117675023
CPD-4207	74264	MassBank	PR100484	isopentenyl adenosine	inchikey	1	TRUE	TRUE	4.18849992911419e-06	0.0104712498227855
CPD-7630	74267	MassBank	PR306386	Epicatechin	inchikey	1	TRUE	TRUE	0.191961818000038	479.904545000096
CPD-12725	74271	MassBank	PR040077	baicalein-7-O-glucuronide	inchikey_connectivity_formula_mass	2	FALSE	TRUE	1.42090004828788e-06	0.00318526812252387
CONIFERYL-ALDEHYDE	74274	MassBank	PR100003	Coniferaldehyde	inchikey	1	TRUE	TRUE	4.18729996454204e-06	0.0104682499113551
CPD-9250	74281	MassBank	PR303718	Ginsenoside Rb1	inchikey	1	TRUE	TRUE	0.704060738499948	635.088284150645
CPD-12727	74294	MassBank	PR303582	Wogonin	inchikey	1	TRUE	TRUE	0.198526504299991	496.316260749978
CPD-17667	74300	MassBank	PR301245	Ellipticine	inchikey	1	TRUE	TRUE	0.197301540199987	493.253850499968
CPD-15001	74323	MassBank	PR040084	Cyanidin 3-rutinoside	inchikey_connectivity_formula_mass	2	FALSE	TRUE	4.6733999852222e-06	0.00785225914491286
SINAPATE	74326	MassBank	PR303369	Sinapic acid	inchikey_connectivity_formula_mass	2	FALSE	TRUE	3.4957000139002e-06	0.00873925003475051
CPD-15291	74329	MassBank	PR306227	Epigallocatechin gallate	inchikey	1	TRUE	TRUE	1.42090004828788e-06	0.00310182678551994
CPD-7059	74334	MassBank	PR302600	Naringenin-7-O-rutinoside	inchikey	1	TRUE	TRUE	0.359794263399976	620.14332785881
FUM	74336	MassBank	PR010157	Fumaric acid	inchikey_connectivity_formula_mass	2	FALSE	TRUE	1.38320000075964e-06	0.00345800000189911
COUMARALDEHYDE	74342	MassBank	PR304045	p-Coumaraldehyde	inchikey	1	TRUE	TRUE	0.108570498999995	271.426247499988
CPD-4893	74354	MassBank	PR100376	Sabinene	name_formula_mass	4	TRUE	TRUE	5.13599985652036e-07	0.00128399996413009
3-CARBOXY-3-HYDROXY-ISOCAPROATE	74358	MassBank	PR100745	2-Isopropylmalic acid	name_formula_mass	4	FALSE	TRUE	3.4957000139002e-06	0.00873925003475051
CPD-4209	74368	MassBank	PR010096	6-(gamma,gamma-Dimethylallylamino)purine	name_formula_mass	4	TRUE	TRUE	4.55669999155361e-06	0.011391749978884
SINAPALDEHYDE	74371	MassBank	PR302292	Sinapoyl aldehyde	inchikey	1	TRUE	TRUE	0.139441126399987	348.602815999968
CPD-7630	74377	MassBank	PR302708	Epicatechin	inchikey	1	TRUE	TRUE	0.191961818000038	479.904545000096
OXIDIZED-GLUTATHIONE	74379	MassBank	PR100135	Oxidized glutathione	inchikey_connectivity_formula_mass	2	FALSE	TRUE	1.90359992302547e-06	0.00310968524401338
CPD-7630	74381	MassBank	PR306368	Epicatechin	inchikey	1	TRUE	TRUE	0.191961818000038	479.904545000096
CPDQT-281	74393	MassBank	PR020025	4-Methylthiobutyl glucosinolate	name_formula_mass	4	FALSE	TRUE	3.41239996259901e-06	0.00810443332257724
NARINGENIN-7-O-BETA-D-GLUCOSIDE	74399	MassBank	PR302745	Naringenin-7-O-glucoside	inchikey	1	TRUE	TRUE	0.275703072800013	635.083039582477
5-OXOPROLINE	74402	MassBank	PR100586	Pyroglutamic acid	inchikey_connectivity_formula_mass	2	FALSE	TRUE	3.09620000393807e-06	0.00774050000984516
CPD-18756	75596	MassBank	NGA02605	7-Dehydroxy-4-demethylpodophyllotoxin	inchikey	1	TRUE	TRUE	0.268497003300013	671.242508250032
LUTEOLIN-7-O-BETA-D-GLUCOSIDE	75613	MassBank	NGA03277	Luteolin 7-glucoside	inchikey	1	TRUE	TRUE	0.286438514899999	639.228199024524
CPD-19430	75616	MassBank	NGA02506	Galantamine	inchikey	1	TRUE	TRUE	0.209656454400033	524.141136000082
CPD-11641	75640	MassBank	NGA04737	7-Hydroxy-4-methyl-2H-1-benzopyran-2-one, 9CI, O-beta-D-Glucopyranoside	inchikey	1	TRUE	TRUE	0.216932445400005	542.331113500012
CPD-12826	75642	MassBank	CB000144	Folic acid	inchikey_connectivity_formula_mass	2	FALSE	TRUE	3.78899983388692e-07	0.000858911586018149
ADENOSINE	75664	MassBank	NGA00786	Adenosine	inchikey	1	TRUE	TRUE	0.149446068299994	373.615170749986
N-EE-PIPEROYL-PIPERIDINE	75722	MassBank	NGA02815	Piperine	inchikey	1	TRUE	TRUE	0.209406518599963	523.516296499906
CPD-14834	75743	MassBank	NGA00073	(-)-alpha-Narcotine	inchikey	1	TRUE	TRUE	0.283647901800009	686.553675593259
CPD-9940	75762	MassBank	NGA03004	Harmine	inchikey	1	TRUE	TRUE	0.158436982300003	396.092455750008
LUTEOLIN-7-O-BETA-D-GLUCOSIDE	75771	MassBank	NGA03279	Luteolin 7-glucoside	inchikey	1	TRUE	TRUE	0.286438514899999	639.228199024524
THIAMINE	75837	MassBank	CB000299	Thiamine	inchikey	1	FALSE	TRUE	0.760631910699999	1901.57977675
CPD-18756	75874	MassBank	NGA02606	7-Dehydroxy-4-demethylpodophyllotoxin	inchikey	1	TRUE	TRUE	0.268497003300013	671.242508250032
CPD-14834	75879	MassBank	NGA01679	(-)-alpha-Narcotine	inchikey	1	TRUE	TRUE	0.283647901800009	686.553675593259
IMP	75882	MassBank	NGA02106	Inosinic acid	inchikey_connectivity_formula_mass	2	FALSE	TRUE	7.51000470700092e-08	0.000187750117675023
CPD-5741	75890	MassBank	NGA00770	Rotenone	inchikey	1	TRUE	TRUE	0.286561561200017	716.403903000043
IMP	75896	MassBank	NGA02107	Inosinic acid	inchikey_connectivity_formula_mass	2	FALSE	TRUE	7.51000470700092e-08	0.000187750117675023
IMP	75897	MassBank	NGA02105	Inosinic acid	inchikey_connectivity_formula_mass	2	FALSE	TRUE	7.51000470700092e-08	0.000187750117675023
CPD-19430	75959	MassBank	NGA02505	Galantamine	inchikey	1	TRUE	TRUE	0.209656454400033	524.141136000082
CPD-14834	75973	MassBank	NGA01678	(-)-alpha-Narcotine	inchikey	1	TRUE	TRUE	0.283647901800009	686.553675593259
CPD-14834	76051	MassBank	NGA01680	(-)-alpha-Narcotine	inchikey	1	TRUE	TRUE	0.283647901800009	686.553675593259
IMP	76104	MassBank	NGA02108	Inosinic acid	inchikey_connectivity_formula_mass	2	FALSE	TRUE	7.51000470700092e-08	0.000187750117675023
CPD-7099	76117	MassBank	CB000033	Cycloheximide	inchikey	1	TRUE	TRUE	2.3190000320028e-07	0.000579750008000701
CPD-13456	76122	MassBank	NGA01111	Diphyllin	inchikey	1	TRUE	TRUE	0.26789713170001	669.742829250026
CPD-19430	76139	MassBank	NGA02507	Galantamine	inchikey	1	TRUE	TRUE	0.209656454400033	524.141136000082
CPD-7099	76141	MassBank	NGA00964	Cycloheximide	inchikey	1	TRUE	TRUE	2.3190000320028e-07	0.000579750008000701
LUTEOLIN-7-O-BETA-D-GLUCOSIDE	76173	MassBank	CB000316	Luteolin 7-glucoside	inchikey	1	TRUE	TRUE	0.286438514899999	639.228199024524
CPD-11641	76198	MassBank	NGA04740	7-Hydroxy-4-methyl-2H-1-benzopyran-2-one, 9CI, O-beta-D-Glucopyranoside	inchikey	1	TRUE	TRUE	0.216932445400005	542.331113500012
ONONIN	76199	MassBank	NGA05152	Fmnn-7-Glc	inchikey	1	TRUE	TRUE	0.288817694900047	671.471704089011
BERBERINE	76257	MassBank	CB000105	Berberine	inchikey	1	FALSE	TRUE	0.760608103500033	1901.52025875008
CPD-3061	76271	MassBank	NGA03254	Liquiritigenin	inchikey	1	TRUE	TRUE	0.186941126399972	467.352815999931
N-EE-PIPEROYL-PIPERIDINE	76297	MassBank	NGA02813	Piperine	inchikey	1	TRUE	TRUE	0.209406518599963	523.516296499906
CPD-9940	76310	MassBank	CB000061	Harmine	inchikey	1	TRUE	TRUE	0.158436982300003	396.092455750008
CPD-3061	76322	MassBank	NGA03255	Liquiritigenin	inchikey	1	TRUE	TRUE	0.186941126399972	467.352815999931
ALLOCRYPTOPINE	76337	MassBank	NGA00617	alpha-Allocryptopine	inchikey	1	TRUE	TRUE	0.263577145999989	658.942864999972
CPD-7661	76353	MassBank	NGA02808	3,3',4,4'-tetrahydroxylignan	inchikey	1	TRUE	TRUE	0.221790805400019	554.477013500048
ONONIN	76355	MassBank	NGA03289	Fmnn-7-Glc	inchikey	1	TRUE	TRUE	0.288817694900047	671.471704089011
PALMATINE	76365	MassBank	CB000101	Palmatin	inchikey	1	FALSE	TRUE	0.748908231900032	1872.27057975008
ONONIN	76368	MassBank	NGA05151	Fmnn-7-Glc	inchikey	1	TRUE	TRUE	0.288817694900047	671.471704089011
CPD-5741	76371	MassBank	CB000307	Rotenone	inchikey	1	TRUE	TRUE	0.286561561200017	716.403903000043
LUTEOLIN-7-O-BETA-D-GLUCOSIDE	76381	MassBank	NGA03280	Luteolin 7-glucoside	inchikey	1	TRUE	TRUE	0.286438514899999	639.228199024524
SANGUINARINE	76393	MassBank	CB000090	Sanguinarine	inchikey	1	FALSE	TRUE	0.761207975099978	1903.01993774995
CPD-9940	76402	MassBank	NGA03002	Harmine	inchikey	1	TRUE	TRUE	0.158436982300003	396.092455750008
CPD-14834	76434	MassBank	CB000116	(-)-alpha-Narcotine	inchikey	1	TRUE	TRUE	0.283647901800009	686.553675593259
ONONIN	76459	MassBank	NGA05153	Fmnn-7-Glc	inchikey	1	TRUE	TRUE	0.288817694900047	671.471704089011
CPD-7099	76480	MassBank	NGA00961	Cycloheximide	inchikey	1	TRUE	TRUE	2.3190000320028e-07	0.000579750008000701
ALLOCRYPTOPINE	76522	MassBank	NGA00620	alpha-Allocryptopine	inchikey	1	TRUE	TRUE	0.263577145999989	658.942864999972
N-EE-PIPEROYL-PIPERIDINE	76523	MassBank	NGA02814	Piperine	inchikey	1	TRUE	TRUE	0.209406518599963	523.516296499906
LUTEOLIN-7-O-BETA-D-GLUCOSIDE	76578	MassBank	NGA03278	Luteolin 7-glucoside	inchikey	1	TRUE	TRUE	0.286438514899999	639.228199024524
CPD-7099	76588	MassBank	NGA00963	Cycloheximide	inchikey	1	TRUE	TRUE	2.3190000320028e-07	0.000579750008000701
CPD-18756	76601	MassBank	NGA02608	7-Dehydroxy-4-demethylpodophyllotoxin	inchikey	1	TRUE	TRUE	0.268497003300013	671.242508250032
CPD-9940	76681	MassBank	NGA03001	Harmine	inchikey	1	TRUE	TRUE	0.158436982300003	396.092455750008
CPD-3061	76684	MassBank	NGA03253	Liquiritigenin	inchikey	1	TRUE	TRUE	0.186941126399972	467.352815999931
CPD-13456	76686	MassBank	NGA01112	Diphyllin	inchikey	1	TRUE	TRUE	0.26789713170001	669.742829250026
ONONIN	76689	MassBank	NGA03292	Fmnn-7-Glc	inchikey	1	TRUE	TRUE	0.288817694900047	671.471704089011
INOSINE	76771	MassBank	NGA00100	Inosine	inchikey	1	TRUE	TRUE	0.150130483499993	375.326208749982
CPD-5741	76824	MassBank	NGA00769	Rotenone	inchikey	1	TRUE	TRUE	0.286561561200017	716.403903000043
CPD-11641	76845	MassBank	CB000233	7-Hydroxy-4-methyl-2H-1-benzopyran-2-one, 9CI, O-beta-D-Glucopyranoside	inchikey	1	TRUE	TRUE	0.216932445400005	542.331113500012
CPD-19430	76914	MassBank	CB000082	Galantamine	inchikey	1	TRUE	TRUE	0.209656454400033	524.141136000082
CPD-3061	76922	MassBank	NGA03256	Liquiritigenin	inchikey	1	TRUE	TRUE	0.186941126399972	467.352815999931
ADENOSINE	76948	MassBank	NGA00788	Adenosine	inchikey	1	TRUE	TRUE	0.149446068299994	373.615170749986
CPD-7661	77001	MassBank	NGA02805	3,3',4,4'-tetrahydroxylignan	inchikey	1	TRUE	TRUE	0.221790805400019	554.477013500048
ONONIN	77011	MassBank	CB000306	Fmnn-7-Glc	inchikey	1	TRUE	TRUE	0.288817694900047	671.471704089011
CPD-11641	77016	MassBank	NGA02624	7-Hydroxy-4-methyl-2H-1-benzopyran-2-one, 9CI, O-beta-D-Glucopyranoside	inchikey	1	TRUE	TRUE	0.216932445400005	542.331113500012
N-EE-PIPEROYL-PIPERIDINE	77037	MassBank	NGA02816	Piperine	inchikey	1	TRUE	TRUE	0.209406518599963	523.516296499906
ALLOCRYPTOPINE	77072	MassBank	NGA00619	alpha-Allocryptopine	inchikey	1	TRUE	TRUE	0.263577145999989	658.942864999972
CPD-11641	77076	MassBank	NGA02621	7-Hydroxy-4-methyl-2H-1-benzopyran-2-one, 9CI, O-beta-D-Glucopyranoside	inchikey	1	TRUE	TRUE	0.216932445400005	542.331113500012
CPD-7661	77084	MassBank	NGA02806	3,3',4,4'-tetrahydroxylignan	inchikey	1	TRUE	TRUE	0.221790805400019	554.477013500048
CPD-11641	77093	MassBank	NGA04739	7-Hydroxy-4-methyl-2H-1-benzopyran-2-one, 9CI, O-beta-D-Glucopyranoside	inchikey	1	TRUE	TRUE	0.216932445400005	542.331113500012
INOSINE	77094	MassBank	NGA00097	Inosine	inchikey	1	TRUE	TRUE	0.150130483499993	375.326208749982
CPD-14834	77153	MassBank	NGA00074	(-)-alpha-Narcotine	inchikey	1	TRUE	TRUE	0.283647901800009	686.553675593259
CPD-11641	77165	MassBank	NGA02623	7-Hydroxy-4-methyl-2H-1-benzopyran-2-one, 9CI, O-beta-D-Glucopyranoside	inchikey	1	TRUE	TRUE	0.216932445400005	542.331113500012
INOSINE	77203	MassBank	NGA00099	Inosine	inchikey	1	TRUE	TRUE	0.150130483499993	375.326208749982
ALLOCRYPTOPINE	77206	MassBank	NGA00618	alpha-Allocryptopine	inchikey	1	TRUE	TRUE	0.263577145999989	658.942864999972
ONONIN	77209	MassBank	NGA03290	Fmnn-7-Glc	inchikey	1	TRUE	TRUE	0.288817694900047	671.471704089011
CPD-7661	77210	MassBank	NGA02807	3,3',4,4'-tetrahydroxylignan	inchikey	1	TRUE	TRUE	0.221790805400019	554.477013500048
INOSINE	77225	MassBank	NGA00098	Inosine	inchikey	1	TRUE	TRUE	0.150130483499993	375.326208749982
CPD-14834	77228	MassBank	NGA00075	(-)-alpha-Narcotine	inchikey	1	TRUE	TRUE	0.283647901800009	686.553675593259
CPD-13456	77248	MassBank	NGA01110	Diphyllin	inchikey	1	TRUE	TRUE	0.26789713170001	669.742829250026
CPD-7099	77250	MassBank	NGA00962	Cycloheximide	inchikey	1	TRUE	TRUE	2.3190000320028e-07	0.000579750008000701
CPD-11641	77272	MassBank	NGA02622	7-Hydroxy-4-methyl-2H-1-benzopyran-2-one, 9CI, O-beta-D-Glucopyranoside	inchikey	1	TRUE	TRUE	0.216932445400005	542.331113500012
ONONIN	77280	MassBank	NGA05154	Fmnn-7-Glc	inchikey	1	TRUE	TRUE	0.288817694900047	671.471704089011
CPD-5741	77294	MassBank	NGA00772	Rotenone	inchikey	1	TRUE	TRUE	0.286561561200017	716.403903000043
N-EE-PIPEROYL-PIPERIDINE	77297	MassBank	CB000031	Piperine	inchikey	1	TRUE	TRUE	0.209406518599963	523.516296499906
CPD-13456	77309	MassBank	NGA01109	Diphyllin	inchikey	1	TRUE	TRUE	0.26789713170001	669.742829250026
ADENOSINE	77313	MassBank	NGA00787	Adenosine	inchikey	1	TRUE	TRUE	0.149446068299994	373.615170749986
CPD-9940	77317	MassBank	NGA03003	Harmine	inchikey	1	TRUE	TRUE	0.158436982300003	396.092455750008
CPD-5741	77324	MassBank	NGA00771	Rotenone	inchikey	1	TRUE	TRUE	0.286561561200017	716.403903000043
CPD-13456	77362	MassBank	CB000322	Diphyllin	inchikey	1	TRUE	TRUE	0.26789713170001	669.742829250026
ADENOSINE	77373	MassBank	NGA00785	Adenosine	inchikey	1	TRUE	TRUE	0.149446068299994	373.615170749986
CPD-18756	77394	MassBank	NGA02607	7-Dehydroxy-4-demethylpodophyllotoxin	inchikey	1	TRUE	TRUE	0.268497003300013	671.242508250032
DEOXYADENOSINE	77402	MassBank	CB000289	Deoxyadenosine	inchikey	1	TRUE	TRUE	0.144960690400012	362.40172600003
CPD-11641	77415	MassBank	NGA04738	7-Hydroxy-4-methyl-2H-1-benzopyran-2-one, 9CI, O-beta-D-Glucopyranoside	inchikey	1	TRUE	TRUE	0.216932445400005	542.331113500012
CPD-14834	77440	MassBank	NGA01677	(-)-alpha-Narcotine	inchikey	1	TRUE	TRUE	0.283647901800009	686.553675593259
ONONIN	77456	MassBank	NGA03291	Fmnn-7-Glc	inchikey	1	TRUE	TRUE	0.288817694900047	671.471704089011
CPD-14834	77461	MassBank	NGA00076	(-)-alpha-Narcotine	inchikey	1	TRUE	TRUE	0.283647901800009	686.553675593259
CPD-19430	77476	MassBank	NGA02508	Galantamine	inchikey	1	TRUE	TRUE	0.209656454400033	524.141136000082
CPD-3061	77490	MassBank	CB000302	Liquiritigenin	inchikey	1	TRUE	TRUE	0.186941126399972	467.352815999931
Aldopyranoses	77499	MassBank	PS038202	D-Gulose	inchikey	1	TRUE	TRUE	0.0926118822000035	231.529705500009
DL-ethionine	77500	MassBank	PS123803	DL-Ethionine	inchikey	1	TRUE	TRUE	0.173300643299996	433.251608249989
SARCOSINE	77522	MassBank	PS033704	Sarcosine	inchikey	1	TRUE	TRUE	0.046321525899998	115.803814749995
CPD-182	77526	MassBank	PT100700	4-Methylumbelliferone	inchikey	1	TRUE	TRUE	0.123655876899988	309.139692249971
CPD-15332	77534	MassBank	PS114502	Uric acid	inchikey	1	TRUE	TRUE	0.0836599845000023	209.149961250006
URATE	77534	MassBank	PS114502	Uric acid	inchikey	1	TRUE	TRUE	0.0836599845000023	209.149961250006
CPD-26209	77539	MassBank	PS074101	4-Hydroxypyridine	inchikey	1	TRUE	TRUE	0.0638862122000035	159.715530500009
Aldopyranoses	77558	MassBank	PS019807	D-Gulose	inchikey	1	TRUE	TRUE	0.0926118822000035	231.529705500009
ADENINE	77562	MassBank	PT100390	Adenine	inchikey	1	TRUE	TRUE	0.0755048135000038	188.76203375001
CPD-4209	77563	MassBank	PS003704	N-(3-Methylbut-2-EN-1-YL)-9H-purin-6-amine	inchikey	1	TRUE	TRUE	0.131904556699993	329.761391749983
NARINGENIN-CMPD	77564	MassBank	PS040710	Naringenin	inchikey	1	TRUE	TRUE	0.187526504299967	468.816260749918
INDOLE-3-CARBOXALDEHYDE	77565	MassBank	PS009104	Indole-3-carboxaldehyde	inchikey	1	TRUE	TRUE	0.108236148000003	270.590370000008
PYRIDOXINE	77572	MassBank	PS033202	Pyridoxine	inchikey	1	TRUE	TRUE	0.106106775400008	265.266938500019
N-ACETYL-5-METHOXY-TRYPTAMINE	77575	MassBank	PS126302	Melatonin	inchikey	1	TRUE	TRUE	0.161822231799988	404.55557949997
THZ	77586	MassBank	PS065201	5-(2-Hydroxyethyl)-4-methylthiazole	inchikey	1	TRUE	TRUE	0.168515393799993	421.288484499982
ADENOSINE	77589	MassBank	PS004001	Adenosine	inchikey	1	TRUE	TRUE	0.148246068300011	370.615170750028
N-ACETYL-5-METHOXY-TRYPTAMINE	77595	MassBank	PS126304	Melatonin	inchikey	1	TRUE	TRUE	0.161822231799988	404.55557949997
HYPOXANTHINE	77604	MassBank	PS025203	Hypoxanthine	inchikey	1	TRUE	TRUE	0.0754892287000075	188.723071750019
CPD-182	77605	MassBank	PS007007	4-Methylumbelliferone	inchikey	1	TRUE	TRUE	0.123655876899988	309.139692249971
INDOLE-3-CARBOXALDEHYDE	77606	MassBank	PS108901	Indole-3-carboxaldehyde	inchikey	1	TRUE	TRUE	0.108236148000003	270.590370000008
PHE	77612	MassBank	PT200540	L-Phenylalanine	inchikey	1	TRUE	TRUE	0.113021397500006	282.553493750015
D-Aldonolactones	77631	MassBank	PS074506	D-Gluconic acid, delta-lactone	inchikey	1	TRUE	TRUE	0.0922619463999865	230.654865999966
ADENOSINE	77649	MassBank	PS004003	Adenosine	inchikey	1	TRUE	TRUE	0.148246068300011	370.615170750028
CPD-83	77657	MassBank	PS078903	Resveratrol	inchikey	1	TRUE	TRUE	0.168355748500005	420.889371250013
NARINGENIN-CMPD	77670	MassBank	PS040703	Naringenin	inchikey	1	TRUE	TRUE	0.187526504299967	468.816260749918
SCOPOLETIN	77678	MassBank	PS124802	Scopoletin	inchikey	1	TRUE	TRUE	0.127741254799986	319.353136999965
DAIDZEIN	77680	MassBank	PS039701	Daidzein	inchikey	1	TRUE	TRUE	0.18309119060001	457.727976500024
NIACINAMIDE	77691	MassBank	PS100902	Niacinamide	inchikey	1	TRUE	TRUE	0.0789871748999929	197.467937249982
FORMONONETIN	77693	MassBank	PS068010	Formononetin	inchikey	1	TRUE	TRUE	0.194441126399965	486.102815999914
Hexosamines	77705	MassBank	PS007401	beta-D-Galactosamine	inchikey	1	TRUE	TRUE	0.092627466999943	231.568667499857
3-METHYLXANTHINE	77715	MassBank	PT110310	3-Methylxanthine	inchikey	1	TRUE	TRUE	0.0909245423999891	227.311355999973
CPD-20332	77725	MassBank	PS020302	(2R,6S)-2,6-Diaminoheptanedioic acid	inchikey	1	TRUE	TRUE	0.10364305180002	259.10762950005
cystine	77737	MassBank	PS027007	Cystine	inchikey	1	TRUE	TRUE	0.278151735999984	695.37933999996
CPD-182	77740	MassBank	PS007003	4-Methylumbelliferone	inchikey	1	TRUE	TRUE	0.123655876899988	309.139692249971
CPD-7630	77754	MassBank	PS045703	Epicatechin	inchikey	1	TRUE	TRUE	0.191961818000038	479.904545000096
CPD-4209	77764	MassBank	PT200370	N-(3-Methylbut-2-EN-1-YL)-9H-purin-6-amine	inchikey	1	TRUE	TRUE	0.131904556699993	329.761391749983
B-ALANINE	77780	MassBank	PS038101	beta-Alanine	inchikey	1	TRUE	TRUE	0.046321525899998	115.803814749995
LUTEOLIN-7-O-BETA-D-GLUCOSIDE	77825	MassBank	PT204260	Luteolin 7-glucoside	inchikey	1	TRUE	TRUE	0.279438514899994	623.606705543674
CPD-4209	77829	MassBank	PS003703	N-(3-Methylbut-2-EN-1-YL)-9H-purin-6-amine	inchikey	1	TRUE	TRUE	0.131904556699993	329.761391749983
Hexosamines	77844	MassBank	PT100740	beta-D-Galactosamine	inchikey	1	TRUE	TRUE	0.092627466999943	231.568667499857
ADENINE	77851	MassBank	PS003908	Adenine	inchikey	1	TRUE	TRUE	0.0755048135000038	188.76203375001
CPD-884	77855	MassBank	PS039202	Aminocaproic acid	inchikey	1	TRUE	TRUE	0.0803713333000076	200.928333250019
CPD-1961	77879	MassBank	PS045508	Catechin	inchikey	1	TRUE	TRUE	0.191961818000038	479.904545000096
Hexosamines	77902	MassBank	PS007402	beta-D-Galactosamine	inchikey	1	TRUE	TRUE	0.092627466999943	231.568667499857
ADENOSINE	77963	MassBank	PT100400	Adenosine	inchikey	1	TRUE	TRUE	0.148246068300011	370.615170750028
VANILLIN	77969	MassBank	PS073501	Vanillin	inchikey	1	TRUE	TRUE	0.101655876899997	254.139692249993
2-Aminobutyrate	77973	MassBank	PS075803	alpha-Aminobutyric acid	inchikey	1	TRUE	TRUE	0.0576714616999965	144.178654249991
O-PHENANTHROLINE	77989	MassBank	PS002105	1,10-Phenanthroline	inchikey	1	TRUE	TRUE	0.141251732799986	353.129331999966
NARINGENIN-CMPD	78005	MassBank	PS085710	Naringenin	inchikey	1	TRUE	TRUE	0.187526504299967	468.816260749918
GUANINE	78021	MassBank	PS024007	Guanine	inchikey	1	TRUE	TRUE	0.0795901914000012	198.975478500003
LUTEOLIN-7-O-BETA-D-GLUCOSIDE	78025	MassBank	PS042604	Luteolin 7-glucoside	inchikey	1	TRUE	TRUE	0.279438514899994	623.606705543674
PHE	78027	MassBank	PS005402	L-Phenylalanine	inchikey	1	TRUE	TRUE	0.113021397500006	282.553493750015
CPD-182	78030	MassBank	PS007009	4-Methylumbelliferone	inchikey	1	TRUE	TRUE	0.123655876899988	309.139692249971
INDOLE-3-CARBOXALDEHYDE	78045	MassBank	PS108903	Indole-3-carboxaldehyde	inchikey	1	TRUE	TRUE	0.108236148000003	270.590370000008
THZ	78055	MassBank	PT106520	5-(2-Hydroxyethyl)-4-methylthiazole	inchikey	1	TRUE	TRUE	0.168515393799993	421.288484499982
CPD-182	78058	MassBank	PT200703	4-Methylumbelliferone	inchikey	1	TRUE	TRUE	0.123655876899988	309.139692249971
CPD-13511	78070	MassBank	PS041007	beta-Rhamnocitrin	inchikey	1	TRUE	TRUE	0.206697260099986	516.743150249965
LUTEOLIN-7-O-BETA-D-GLUCOSIDE	78074	MassBank	PS042609	Luteolin 7-glucoside	inchikey	1	TRUE	TRUE	0.279438514899994	623.606705543674
1-7-DIMETHYLXANTHINE	78087	MassBank	PT210300	Paraxanthine	inchikey	1	TRUE	TRUE	0.102274478200002	255.686195500004
2-Aminobutyrate	78089	MassBank	PS075802	alpha-Aminobutyric acid	inchikey	1	TRUE	TRUE	0.0576714616999965	144.178654249991
CPD-8097	78102	MassBank	PS125007	Aesculetin	inchikey	1	TRUE	TRUE	0.116391319000002	290.978297500004
2-Aminobutyrate	78119	MassBank	PS097601	alpha-Aminobutyric acid	inchikey	1	TRUE	TRUE	0.0576714616999965	144.178654249991
PYRIDOXINE	78120	MassBank	PT203320	Pyridoxine	inchikey	1	TRUE	TRUE	0.106106775400008	265.266938500019
FORMONONETIN	78131	MassBank	PT106800	Formononetin	inchikey	1	TRUE	TRUE	0.194441126399965	486.102815999914
CPD0-1491	78165	MassBank	PS015702	Amitrole	inchikey	1	TRUE	TRUE	0.0384038507999946	96.0096269999866
NARINGENIN-CMPD	78168	MassBank	PS085704	Naringenin	inchikey	1	TRUE	TRUE	0.187526504299967	468.816260749918
ADENOSINE	78169	MassBank	PS117101	Adenosine	inchikey	1	TRUE	TRUE	0.148246068300011	370.615170750028
NARINGENIN-CMPD	78191	MassBank	PS085703	Naringenin	inchikey	1	TRUE	TRUE	0.187526504299967	468.816260749918
LUTEOLIN-7-O-BETA-D-GLUCOSIDE	78194	MassBank	PS042612	Luteolin 7-glucoside	inchikey	1	TRUE	TRUE	0.279438514899994	623.606705543674
ADENOSINE	78202	MassBank	PT100403	Adenosine	inchikey	1	TRUE	TRUE	0.148246068300011	370.615170750028
LUTEOLIN-7-O-BETA-D-GLUCOSIDE	78209	MassBank	PS042605	Luteolin 7-glucoside	inchikey	1	TRUE	TRUE	0.279438514899994	623.606705543674
1-3-7-TRIMETHYLXANTHINE	78212	MassBank	PT100453	Caffeine	inchikey	1	TRUE	TRUE	0.113624413999986	284.061034999965
HIS	78216	MassBank	PM000935	L-Histidine	inchikey	1	TRUE	TRUE	0.0875234513000009	218.808628250002
NARINGENIN-CMPD	78217	MassBank	PS040705	Naringenin	inchikey	1	TRUE	TRUE	0.187526504299967	468.816260749918
CPD-182	78220	MassBank	PS003303	4-Methylumbelliferone	inchikey	1	TRUE	TRUE	0.123655876899988	309.139692249971
ANILINE	78222	MassBank	PS017202	Aniline	inchikey	1	TRUE	TRUE	0.0711507701000045	177.876925250011
4-AMINO-BUTYRATE	78224	MassBank	PT103890	gamma-Aminobutyric acid	inchikey	1	TRUE	TRUE	0.0576714616999965	144.178654249991
NIACINAMIDE	78236	MassBank	PS030802	Niacinamide	inchikey	1	TRUE	TRUE	0.0789871748999929	197.467937249982
CPD-20332	78241	MassBank	PS020304	(2R,6S)-2,6-Diaminoheptanedioic acid	inchikey	1	TRUE	TRUE	0.10364305180002	259.10762950005
3-AMINO-ISOBUTYRATE	78245	MassBank	PT209720	3-Aminoisobutanoic acid	inchikey	1	TRUE	TRUE	0.0576714616999965	144.178654249991
ONONIN	78269	MassBank	PS086201	Glucosyl-7-O-formononetin	inchikey	1	TRUE	TRUE	0.282617694900011	657.057335998384
4-AMINO-BUTYRATE	78316	MassBank	PS038905	gamma-Aminobutyric acid	inchikey	1	TRUE	TRUE	0.0576714616999965	144.178654249991
CPD-884	78318	MassBank	PT103920	Aminocaproic acid	inchikey	1	TRUE	TRUE	0.0803713333000076	200.928333250019
CPD-83	78319	MassBank	PS078901	Resveratrol	inchikey	1	TRUE	TRUE	0.168355748500005	420.889371250013
NIACINAMIDE	78329	MassBank	PT110090	Niacinamide	inchikey	1	TRUE	TRUE	0.0789871748999929	197.467937249982
ADENOSINE	78333	MassBank	PS004004	Adenosine	inchikey	1	TRUE	TRUE	0.148246068300011	370.615170750028
PYRIDOXAL	78335	MassBank	PT204920	Pyridoxal	inchikey	1	TRUE	TRUE	0.105756839599991	264.392098999977
FORMONONETIN	78346	MassBank	PS068003	Formononetin	inchikey	1	TRUE	TRUE	0.194441126399965	486.102815999914
CPD-7630	78355	MassBank	PT104570	Epicatechin	inchikey	1	TRUE	TRUE	0.191961818000038	479.904545000096
CPD-14427	78362	MassBank	PT112490	Daphnetin	inchikey	1	TRUE	TRUE	0.116391319000002	290.978297500004
THZ	78364	MassBank	PS065204	5-(2-Hydroxyethyl)-4-methylthiazole	inchikey	1	TRUE	TRUE	0.168515393799993	421.288484499982
ADENOSINE	78373	MassBank	PS117104	Adenosine	inchikey	1	TRUE	TRUE	0.148246068300011	370.615170750028
GLYCEROL	78388	MassBank	PS004808	Glycerol	inchikey	1	TRUE	TRUE	0.0466558768999903	116.639692249976
ALLANTOIN	78399	MassBank	PS016907	Allantoin	inchikey	1	TRUE	TRUE	0.0730099202999952	182.524800749988
CPD-12479	78407	MassBank	PS099201	Theophylline	inchikey	1	TRUE	TRUE	0.102274478200002	255.686195500004
1-3-7-TRIMETHYLXANTHINE	78420	MassBank	PS004505	Caffeine	inchikey	1	TRUE	TRUE	0.113624413999986	284.061034999965
LUTEOLIN-7-O-BETA-D-GLUCOSIDE	78421	MassBank	PS042607	Luteolin 7-glucoside	inchikey	1	TRUE	TRUE	0.279438514899994	623.606705543674
NIACINAMIDE	78422	MassBank	PS100903	Niacinamide	inchikey	1	TRUE	TRUE	0.0789871748999929	197.467937249982
CPD-182	78427	MassBank	PS003301	4-Methylumbelliferone	inchikey	1	TRUE	TRUE	0.123655876899988	309.139692249971
B-ALANINE	78439	MassBank	PS038102	beta-Alanine	inchikey	1	TRUE	TRUE	0.046321525899998	115.803814749995
CHOLINE	78459	MassBank	PT110163	Choline	inchikey	1	FALSE	TRUE	0.942364108799993	2355.91027199998
ADENINE	78479	MassBank	PS003904	Adenine	inchikey	1	TRUE	TRUE	0.0755048135000038	188.76203375001
NIACINAMIDE	78488	MassBank	PS030804	Niacinamide	inchikey	1	TRUE	TRUE	0.0789871748999929	197.467937249982
INDOLEYL-CPD	78495	MassBank	PS008101	3-Indoleacetonitrile	inchikey	1	TRUE	TRUE	0.119251732799967	298.129331999917
FORMONONETIN	78497	MassBank	PS068002	Formononetin	inchikey	1	TRUE	TRUE	0.194441126399965	486.102815999914
ANILINE	78498	MassBank	PS017203	Aniline	inchikey	1	TRUE	TRUE	0.0711507701000045	177.876925250011
CPD-68	78505	MassBank	PT100250	1-Aminocyclopropanecarboxylic acid	inchikey	1	TRUE	TRUE	0.0573215259000079	143.30381475002
CPD-182	78537	MassBank	PS003306	4-Methylumbelliferone	inchikey	1	TRUE	TRUE	0.123655876899988	309.139692249971
DAIDZEIN	78542	MassBank	PT203973	Daidzein	inchikey	1	TRUE	TRUE	0.18309119060001	457.727976500024
PYRIDOXINE	78544	MassBank	PT103320	Pyridoxine	inchikey	1	TRUE	TRUE	0.106106775400008	265.266938500019
ADENOSINE	78559	MassBank	PS004005	Adenosine	inchikey	1	TRUE	TRUE	0.148246068300011	370.615170750028
CPD-24845	78580	MassBank	PS078202	1-Hydroxyethanecarboxylic acid	inchikey	1	TRUE	TRUE	0.0463059411000017	115.764852750004
Hexosamines	78581	MassBank	PS007403	beta-D-Galactosamine	inchikey	1	TRUE	TRUE	0.092627466999943	231.568667499857
B-ALANINE	78592	MassBank	PS038104	beta-Alanine	inchikey	1	TRUE	TRUE	0.046321525899998	115.803814749995
PYRIMIDINE-RING	78598	MassBank	PS063102	Pyrimidine	inchikey	1	TRUE	TRUE	0.0525518612000013	131.379653000003
CPD-20333	78607	MassBank	PS109702	Pipecolic acid	inchikey	1	TRUE	TRUE	0.0800213974999906	200.053493749976
ONONIN	78640	MassBank	PS086203	Glucosyl-7-O-formononetin	inchikey	1	TRUE	TRUE	0.282617694900011	657.057335998384
4-AMINO-BUTYRATE	78653	MassBank	PS038901	gamma-Aminobutyric acid	inchikey	1	TRUE	TRUE	0.0576714616999965	144.178654249991
CPD-7630	78654	MassBank	PM000405	Epicatechin	inchikey	1	TRUE	TRUE	0.191961818000038	479.904545000096
PYRIMIDINE-RING	78657	MassBank	PS063101	Pyrimidine	inchikey	1	TRUE	TRUE	0.0525518612000013	131.379653000003
NIACINAMIDE	78661	MassBank	PS100905	Niacinamide	inchikey	1	TRUE	TRUE	0.0789871748999929	197.467937249982
NARINGENIN-CMPD	78665	MassBank	PS085711	Naringenin	inchikey	1	TRUE	TRUE	0.187526504299967	468.816260749918
XANTHINE	78667	MassBank	PT203730	Xanthine	inchikey	1	TRUE	TRUE	0.0795746066000049	198.936516500012
5-AMINOPENTANOATE	78674	MassBank	PT207550	5-Aminopentanoic acid	inchikey	1	TRUE	TRUE	0.0690213974999949	172.553493749987
SCOPOLETIN	78678	MassBank	PT112480	Scopoletin	inchikey	1	TRUE	TRUE	0.127741254799986	319.353136999965
1-7-DIMETHYLXANTHINE	78695	MassBank	PS103001	Paraxanthine	inchikey	1	TRUE	TRUE	0.102274478200002	255.686195500004
DAIDZEIN	78733	MassBank	PT103970	Daidzein	inchikey	1	TRUE	TRUE	0.18309119060001	457.727976500024
4-AMINO-BUTYRATE	78734	MassBank	PS038902	gamma-Aminobutyric acid	inchikey	1	TRUE	TRUE	0.0576714616999965	144.178654249991
Hexosamines	78738	MassBank	PT101990	beta-D-Galactosamine	inchikey	1	TRUE	TRUE	0.092627466999943	231.568667499857
2-Aminobutyrate	78754	MassBank	PT209760	alpha-Aminobutyric acid	inchikey	1	TRUE	TRUE	0.0576714616999965	144.178654249991
cystine	78762	MassBank	PS027002	Cystine	inchikey	1	TRUE	TRUE	0.278151735999984	695.37933999996
B-ALANINE	78767	MassBank	PT103810	beta-Alanine	inchikey	1	TRUE	TRUE	0.046321525899998	115.803814749995
INDOLE-3-CARBOXALDEHYDE	78771	MassBank	PS108905	Indole-3-carboxaldehyde	inchikey	1	TRUE	TRUE	0.108236148000003	270.590370000008
ADENOSINE	78776	MassBank	PT111710	Adenosine	inchikey	1	TRUE	TRUE	0.148246068300011	370.615170750028
NARINGENIN-CMPD	78781	MassBank	PS085701	Naringenin	inchikey	1	TRUE	TRUE	0.187526504299967	468.816260749918
CPD-8097	78786	MassBank	PS125002	Aesculetin	inchikey	1	TRUE	TRUE	0.116391319000002	290.978297500004
INDOLE-3-CARBOXALDEHYDE	78788	MassBank	PS009102	Indole-3-carboxaldehyde	inchikey	1	TRUE	TRUE	0.108236148000003	270.590370000008
DL-ethionine	78796	MassBank	PS123804	DL-Ethionine	inchikey	1	TRUE	TRUE	0.173300643299996	433.251608249989
CPD-20333	78800	MassBank	PS109703	Pipecolic acid	inchikey	1	TRUE	TRUE	0.0800213974999906	200.053493749976
CPD-182	78802	MassBank	PS007006	4-Methylumbelliferone	inchikey	1	TRUE	TRUE	0.123655876899988	309.139692249971
METHYLNICOTINATE	78807	MassBank	PT110260	Trigonelline	inchikey	1	TRUE	TRUE	1.92532853829999	4813.32134574998
METHYLNICOTINATE	78810	MassBank	PS102603	Trigonelline	inchikey	1	TRUE	TRUE	1.92532853829999	4813.32134574998
BETAINE	78813	MassBank	PS115205	Abromine	inchikey	1	TRUE	TRUE	1.94662866670001	4866.57166675002
ASN	78832	MassBank	PM000927	L-Asparagine	inchikey	1	TRUE	TRUE	0.0655078665000133	163.769666250033
CYTOSINE	78842	MassBank	PS019301	Cytosine	inchikey	1	TRUE	TRUE	0.0607382017999925	151.845504499981
NIACINAMIDE	78844	MassBank	PT110093	Niacinamide	inchikey	1	TRUE	TRUE	0.0789871748999929	197.467937249982
CPD-13511	78866	MassBank	PS041002	beta-Rhamnocitrin	inchikey	1	TRUE	TRUE	0.206697260099986	516.743150249965
CPD-7059	78878	MassBank	PM000506	Narirutin	inchikey	1	TRUE	TRUE	0.359794263399976	620.14332785881
FORMONONETIN	78884	MassBank	PS068004	Formononetin	inchikey	1	TRUE	TRUE	0.194441126399965	486.102815999914
METHYLNICOTINATE	78911	MassBank	PS102602	Trigonelline	inchikey	1	TRUE	TRUE	1.92532853829999	4813.32134574998
CPD-182	78912	MassBank	PS007005	4-Methylumbelliferone	inchikey	1	TRUE	TRUE	0.123655876899988	309.139692249971
1-7-DIMETHYLXANTHINE	78924	MassBank	PS103002	Paraxanthine	inchikey	1	TRUE	TRUE	0.102274478200002	255.686195500004
THYMINE	78932	MassBank	PT203610	Thymine	inchikey	1	TRUE	TRUE	0.0720725527999946	180.181381999986
2-Aminobutyrate	78937	MassBank	PS097603	alpha-Aminobutyric acid	inchikey	1	TRUE	TRUE	0.0576714616999965	144.178654249991
DI-H-URACIL	78948	MassBank	PS021102	Dihydrouracil	inchikey	1	TRUE	TRUE	0.0610725527999989	152.681381999997
CPD-68	78950	MassBank	PS002503	1-Aminocyclopropanecarboxylic acid	inchikey	1	TRUE	TRUE	0.0573215259000079	143.30381475002
N-ACETYL-5-METHOXY-TRYPTAMINE	78964	MassBank	PS126301	Melatonin	inchikey	1	TRUE	TRUE	0.161822231799988	404.55557949997
Hexosamines	78965	MassBank	PT101993	beta-D-Galactosamine	inchikey	1	TRUE	TRUE	0.092627466999943	231.568667499857
LUTEOLIN-7-O-BETA-D-GLUCOSIDE	78995	MassBank	PS042611	Luteolin 7-glucoside	inchikey	1	TRUE	TRUE	0.279438514899994	623.606705543674
CPD-182	78999	MassBank	PS007001	4-Methylumbelliferone	inchikey	1	TRUE	TRUE	0.123655876899988	309.139692249971
NARINGENIN-CMPD	79007	MassBank	PM000336	Naringenin	inchikey	1	TRUE	TRUE	0.187526504299967	468.816260749918
2-Aminobutyrate	79009	MassBank	PT107580	alpha-Aminobutyric acid	inchikey	1	TRUE	TRUE	0.0576714616999965	144.178654249991
CPD-6442	79010	MassBank	PS123601	Methyl 2-hydroxybenzoate	inchikey	1	TRUE	TRUE	0.101655876899997	254.139692249993
CPD-12479	79035	MassBank	PS099202	Theophylline	inchikey	1	TRUE	TRUE	0.102274478200002	255.686195500004
CATECHOL	79044	MassBank	PS039402	Pyrocatechol	inchikey	1	TRUE	TRUE	0.0752205631999914	188.051407999978
CPD-1961	79053	MassBank	PT104550	Catechin	inchikey	1	TRUE	TRUE	0.191961818000038	479.904545000096
D-Aldonolactones	79060	MassBank	PS074501	D-Gluconic acid, delta-lactone	inchikey	1	TRUE	TRUE	0.0922619463999865	230.654865999966
DI-H-URACIL	79083	MassBank	PS099301	Dihydrouracil	inchikey	1	TRUE	TRUE	0.0610725527999989	152.681381999997
NARINGIN	79084	MassBank	PM000416	Naringin	inchikey	1	TRUE	TRUE	0.359794263399976	620.14332785881
CPD-1961	79111	MassBank	PS045507	Catechin	inchikey	1	TRUE	TRUE	0.191961818000038	479.904545000096
THZ	79123	MassBank	PS065202	5-(2-Hydroxyethyl)-4-methylthiazole	inchikey	1	TRUE	TRUE	0.168515393799993	421.288484499982
CPD-8097	79126	MassBank	PS125008	Aesculetin	inchikey	1	TRUE	TRUE	0.116391319000002	290.978297500004
BETAINE	79136	MassBank	PS115202	Abromine	inchikey	1	TRUE	TRUE	1.94662866670001	4866.57166675002
ONONIN	79137	MassBank	PS086202	Glucosyl-7-O-formononetin	inchikey	1	TRUE	TRUE	0.282617694900011	657.057335998384
CPD-19894	79150	MassBank	PM000606	Vincristine	inchikey	1	TRUE	TRUE	0.572355960600021	694.270023935948
1-3-7-TRIMETHYLXANTHINE	79183	MassBank	PS004504	Caffeine	inchikey	1	TRUE	TRUE	0.113624413999986	284.061034999965
1-7-DIMETHYLXANTHINE	79192	MassBank	PT110300	Paraxanthine	inchikey	1	TRUE	TRUE	0.102274478200002	255.686195500004
CPD-182	79204	MassBank	PT200700	4-Methylumbelliferone	inchikey	1	TRUE	TRUE	0.123655876899988	309.139692249971
CPD-7630	79205	MassBank	PS045704	Epicatechin	inchikey	1	TRUE	TRUE	0.191961818000038	479.904545000096
CPD-884	79212	MassBank	PS039201	Aminocaproic acid	inchikey	1	TRUE	TRUE	0.0803713333000076	200.928333250019
CPD-8097	79232	MassBank	PT112500	Aesculetin	inchikey	1	TRUE	TRUE	0.116391319000002	290.978297500004
cystine	79236	MassBank	PS027003	Cystine	inchikey	1	TRUE	TRUE	0.278151735999984	695.37933999996
MEK	79243	MassBank	PS103301	Butanone	inchikey	1	TRUE	TRUE	0.0494851211000054	123.712802750013
NARINGENIN-CMPD	79251	MassBank	PS040701	Naringenin	inchikey	1	TRUE	TRUE	0.187526504299967	468.816260749918
5-AMINO-LEVULINATE	79274	MassBank	PS039102	5-Aminolevulinic acid	inchikey	1	TRUE	TRUE	0.0727568396000038	181.892099000009
CPD-8736	79313	MassBank	PT208860	gamma-Terpinene	inchikey	1	TRUE	TRUE	0.112799486400007	281.998716000018
O-PHENANTHROLINE	79316	MassBank	PS002102	1,10-Phenanthroline	inchikey	1	TRUE	TRUE	0.141251732799986	353.129331999966
NARINGENIN-CMPD	79337	MassBank	PS085705	Naringenin	inchikey	1	TRUE	TRUE	0.187526504299967	468.816260749918
CPD-68	79339	MassBank	PS002504	1-Aminocyclopropanecarboxylic acid	inchikey	1	TRUE	TRUE	0.0573215259000079	143.30381475002
PHE	79346	MassBank	PT100543	L-Phenylalanine	inchikey	1	TRUE	TRUE	0.113021397500006	282.553493750015
NIACINAMIDE	79358	MassBank	PS030803	Niacinamide	inchikey	1	TRUE	TRUE	0.0789871748999929	197.467937249982
CPD-20333	79370	MassBank	PT210970	Pipecolic acid	inchikey	1	TRUE	TRUE	0.0800213974999906	200.053493749976
HYPOXANTHINE	79387	MassBank	PS025201	Hypoxanthine	inchikey	1	TRUE	TRUE	0.0754892287000075	188.723071750019
CPD-14427	79391	MassBank	PS124909	Daphnetin	inchikey	1	TRUE	TRUE	0.116391319000002	290.978297500004
CPD-68	79395	MassBank	PS002502	1-Aminocyclopropanecarboxylic acid	inchikey	1	TRUE	TRUE	0.0573215259000079	143.30381475002
INDOLE-3-CARBOXALDEHYDE	79408	MassBank	PS009103	Indole-3-carboxaldehyde	inchikey	1	TRUE	TRUE	0.108236148000003	270.590370000008
INDOLE-3-CARBOXALDEHYDE	79428	MassBank	PS108902	Indole-3-carboxaldehyde	inchikey	1	TRUE	TRUE	0.108236148000003	270.590370000008
DI-H-URACIL	79436	MassBank	PT109930	Dihydrouracil	inchikey	1	TRUE	TRUE	0.0610725527999989	152.681381999997
Serines	79465	MassBank	PS028802	L-Serine	inchikey	1	TRUE	TRUE	0.0504069038000097	126.017259500024
METHYLNICOTINATE	79471	MassBank	PT110263	Trigonelline	inchikey	1	TRUE	TRUE	1.92532853829999	4813.32134574998
CPD-182	79472	MassBank	PS007002	4-Methylumbelliferone	inchikey	1	TRUE	TRUE	0.123655876899988	309.139692249971
ANILINE	79481	MassBank	PS017204	Aniline	inchikey	1	TRUE	TRUE	0.0711507701000045	177.876925250011
ALLANTOIN	79491	MassBank	PS016902	Allantoin	inchikey	1	TRUE	TRUE	0.0730099202999952	182.524800749988
CPD-20333	79502	MassBank	PS109706	Pipecolic acid	inchikey	1	TRUE	TRUE	0.0800213974999906	200.053493749976
BACCATIN-III	79507	MassBank	PM000816	Baccatin III	inchikey	1	TRUE	TRUE	0.392587937099961	669.66940414274
GLYCEROL	79519	MassBank	PS004807	Glycerol	inchikey	1	TRUE	TRUE	0.0466558768999903	116.639692249976
CPD-14427	79536	MassBank	PS124903	Daphnetin	inchikey	1	TRUE	TRUE	0.116391319000002	290.978297500004
CPD-1961	79551	MassBank	PM000403	Catechin	inchikey	1	TRUE	TRUE	0.191961818000038	479.904545000096
LUTEOLIN-7-O-BETA-D-GLUCOSIDE	79566	MassBank	PM000412	Luteolin 7-glucoside	inchikey	1	TRUE	TRUE	0.279438514899994	623.606705543674
HYPOXANTHINE	79570	MassBank	PS025202	Hypoxanthine	inchikey	1	TRUE	TRUE	0.0754892287000075	188.723071750019
NIACINAMIDE	79575	MassBank	PS100901	Niacinamide	inchikey	1	TRUE	TRUE	0.0789871748999929	197.467937249982
N-ACETYL-5-METHOXY-TRYPTAMINE	79579	MassBank	PS126305	Melatonin	inchikey	1	TRUE	TRUE	0.161822231799988	404.55557949997
CPD-12479	79580	MassBank	PS099204	Theophylline	inchikey	1	TRUE	TRUE	0.102274478200002	255.686195500004
CPD-14427	79581	MassBank	PS124901	Daphnetin	inchikey	1	TRUE	TRUE	0.116391319000002	290.978297500004
CPD-8736	79599	MassBank	PT208863	gamma-Terpinene	inchikey	1	TRUE	TRUE	0.112799486400007	281.998716000018
CPD-24845	79621	MassBank	PS068507	(R)-2-Hydroxypropionic acid	inchikey	1	TRUE	TRUE	0.0463059411000017	115.764852750004
CPD-8097	79625	MassBank	PS125001	Aesculetin	inchikey	1	TRUE	TRUE	0.116391319000002	290.978297500004
CPD-182	79634	MassBank	PS007008	4-Methylumbelliferone	inchikey	1	TRUE	TRUE	0.123655876899988	309.139692249971
GLYCEROL	79646	MassBank	PS004805	Glycerol	inchikey	1	TRUE	TRUE	0.0466558768999903	116.639692249976
URACIL	79656	MassBank	PT100610	Uracil	inchikey	1	TRUE	TRUE	0.0607226169999961	151.80654249999
GUANINE	79659	MassBank	PT202400	Guanine	inchikey	1	TRUE	TRUE	0.0795901914000012	198.975478500003
1-7-DIMETHYLXANTHINE	79671	MassBank	PS103003	Paraxanthine	inchikey	1	TRUE	TRUE	0.102274478200002	255.686195500004
ACETYLCHOLINE	79681	MassBank	PT101630	Acetylcholine	inchikey	1	FALSE	TRUE	0.915928795100001	2289.82198775
LUTEOLIN-7-O-BETA-D-GLUCOSIDE	79685	MassBank	PS042606	Luteolin 7-glucoside	inchikey	1	TRUE	TRUE	0.279438514899994	623.606705543674
SARCOSINE	79693	MassBank	PS033703	Sarcosine	inchikey	1	TRUE	TRUE	0.046321525899998	115.803814749995
CPD-17642	79700	MassBank	PS074602	1,16-Hexadecanediol	inchikey	1	TRUE	TRUE	0.190119664400015	475.299161000038
PYRIDOXINE	79726	MassBank	PS033207	Pyridoxine	inchikey	1	TRUE	TRUE	0.106106775400008	265.266938500019
THZ	79727	MassBank	PS065203	5-(2-Hydroxyethyl)-4-methylthiazole	inchikey	1	TRUE	TRUE	0.168515393799993	421.288484499982
GUANINE	79730	MassBank	PS024002	Guanine	inchikey	1	TRUE	TRUE	0.0795901914000012	198.975478500003
GLY	79741	MassBank	PS004901	Glycine	inchikey	1	TRUE	TRUE	0.0349715900999996	87.428975249999
CPD-24845	79769	MassBank	PT207820	1-Hydroxyethanecarboxylic acid	inchikey	1	TRUE	TRUE	0.0463059411000017	115.764852750004
BETAINE	79806	MassBank	PS115203	Abromine	inchikey	1	TRUE	TRUE	1.94662866670001	4866.57166675002
GUANINE	79819	MassBank	PT102400	Guanine	inchikey	1	TRUE	TRUE	0.0795901914000012	198.975478500003
INDOLE	79825	MassBank	PT100900	Indole	inchikey	1	TRUE	TRUE	0.0931507700999958	232.87692524999
5-AMINOPENTANOATE	79832	MassBank	PS075501	5-Aminopentanoic acid	inchikey	1	TRUE	TRUE	0.0690213974999949	172.553493749987
BETAINE	79834	MassBank	PT111520	Abromine	inchikey	1	TRUE	TRUE	1.94662866670001	4866.57166675002
SARCOSINE	79861	MassBank	PS033702	Sarcosine	inchikey	1	TRUE	TRUE	0.046321525899998	115.803814749995
URACIL	79870	MassBank	PS006107	Uracil	inchikey	1	TRUE	TRUE	0.0607226169999961	151.80654249999
CPD-20332	79882	MassBank	PT102030	(2R,6S)-2,6-Diaminoheptanedioic acid	inchikey	1	TRUE	TRUE	0.10364305180002	259.10762950005
CYTOSINE	79884	MassBank	PS019303	Cytosine	inchikey	1	TRUE	TRUE	0.0607382017999925	151.845504499981
CPD-1961	79892	MassBank	PS045501	Catechin	inchikey	1	TRUE	TRUE	0.191961818000038	479.904545000096
LUTEOLIN-7-O-BETA-D-GLUCOSIDE	79911	MassBank	PS042603	Luteolin 7-glucoside	inchikey	1	TRUE	TRUE	0.279438514899994	623.606705543674
SCOPOLETIN	79913	MassBank	PS124808	Scopoletin	inchikey	1	TRUE	TRUE	0.127741254799986	319.353136999965
ONONIN	79946	MassBank	PS086205	Glucosyl-7-O-formononetin	inchikey	1	TRUE	TRUE	0.282617694900011	657.057335998384
CPD-13511	79961	MassBank	PS041003	beta-Rhamnocitrin	inchikey	1	TRUE	TRUE	0.206697260099986	516.743150249965
CATECHOL	79972	MassBank	PS039401	Pyrocatechol	inchikey	1	TRUE	TRUE	0.0752205631999914	188.051407999978
Serines	79992	MassBank	PS028803	L-Serine	inchikey	1	TRUE	TRUE	0.0504069038000097	126.017259500024
LUTEOLIN-7-O-BETA-D-GLUCOSIDE	80008	MassBank	PS042610	Luteolin 7-glucoside	inchikey	1	TRUE	TRUE	0.279438514899994	623.606705543674
1-3-7-TRIMETHYLXANTHINE	80009	MassBank	PS004501	Caffeine	inchikey	1	TRUE	TRUE	0.113624413999986	284.061034999965
10-DEACETYLBACCATIN-III	80010	MassBank	PM000810	10-Deacetyl baccatin III	inchikey	1	TRUE	TRUE	0.366152623400012	672.789176072998
Serines	80011	MassBank	PS028801	L-Serine	inchikey	1	TRUE	TRUE	0.0504069038000097	126.017259500024
O-PHENANTHROLINE	80018	MassBank	PS002103	1,10-Phenanthroline	inchikey	1	TRUE	TRUE	0.141251732799986	353.129331999966
DL-ethionine	80041	MassBank	PS123802	DL-Ethionine	inchikey	1	TRUE	TRUE	0.173300643299996	433.251608249989
PHE	80061	MassBank	PS005401	L-Phenylalanine	inchikey	1	TRUE	TRUE	0.113021397500006	282.553493750015
NARINGENIN-CMPD	80086	MassBank	PS040702	Naringenin	inchikey	1	TRUE	TRUE	0.187526504299967	468.816260749918
ADENOSINE	80101	MassBank	PS004002	Adenosine	inchikey	1	TRUE	TRUE	0.148246068300011	370.615170750028
DL-ethionine	80104	MassBank	PS123801	DL-Ethionine	inchikey	1	TRUE	TRUE	0.173300643299996	433.251608249989
CPD-4209	80105	MassBank	PS003705	N-(3-Methylbut-2-EN-1-YL)-9H-purin-6-amine	inchikey	1	TRUE	TRUE	0.131904556699993	329.761391749983
L-CITRULLINE	80113	MassBank	PM000949	Citrulline	inchikey	1	TRUE	TRUE	0.0923087007999754	230.771751999939
DAIDZEIN	80114	MassBank	PS039703	Daidzein	inchikey	1	TRUE	TRUE	0.18309119060001	457.727976500024
5-AMINO-LEVULINATE	80142	MassBank	PT103910	5-Aminolevulinic acid	inchikey	1	TRUE	TRUE	0.0727568396000038	181.892099000009
CPD-4209	80155	MassBank	PS003707	N-(3-Methylbut-2-EN-1-YL)-9H-purin-6-amine	inchikey	1	TRUE	TRUE	0.131904556699993	329.761391749983
LUTEOLIN-7-O-BETA-D-GLUCOSIDE	80167	MassBank	PT104260	Luteolin 7-glucoside	inchikey	1	TRUE	TRUE	0.279438514899994	623.606705543674
URACIL	80174	MassBank	PS006102	Uracil	inchikey	1	TRUE	TRUE	0.0607226169999961	151.80654249999
NIACINAMIDE	80180	MassBank	PT103080	Niacinamide	inchikey	1	TRUE	TRUE	0.0789871748999929	197.467937249982
THYMINE	80189	MassBank	PS036107	Thymine	inchikey	1	TRUE	TRUE	0.0720725527999946	180.181381999986
PHE	80190	MassBank	PS005404	L-Phenylalanine	inchikey	1	TRUE	TRUE	0.113021397500006	282.553493750015
1-3-7-TRIMETHYLXANTHINE	80208	MassBank	PS004503	Caffeine	inchikey	1	TRUE	TRUE	0.113624413999986	284.061034999965
URACIL	80214	MassBank	PS006101	Uracil	inchikey	1	TRUE	TRUE	0.0607226169999961	151.80654249999
LUTEOLIN-7-O-BETA-D-GLUCOSIDE	80221	MassBank	PS042608	Luteolin 7-glucoside	inchikey	1	TRUE	TRUE	0.279438514899994	623.606705543674
NARINGENIN-7-O-BETA-D-GLUCOSIDE	80223	MassBank	PM000414	Prunin	inchikey	1	TRUE	TRUE	0.275703072800013	635.083039582477
CPD-26209	80232	MassBank	PS074103	4-Hydroxypyridine	inchikey	1	TRUE	TRUE	0.0638862122000035	159.715530500009
CHOLINE	80235	MassBank	PT110160	Choline	inchikey	1	FALSE	TRUE	0.942364108799993	2355.91027199998
CATECHOL	80236	MassBank	PT203940	Pyrocatechol	inchikey	1	TRUE	TRUE	0.0752205631999914	188.051407999978
CPD-17642	80249	MassBank	PS074603	1,16-Hexadecanediol	inchikey	1	TRUE	TRUE	0.190119664400015	475.299161000038
CPD-68	80255	MassBank	PS002501	1-Aminocyclopropanecarboxylic acid	inchikey	1	TRUE	TRUE	0.0573215259000079	143.30381475002
VANILLIN	80257	MassBank	PS073503	Vanillin	inchikey	1	TRUE	TRUE	0.101655876899997	254.139692249993
ADENOSINE	80267	MassBank	PS117103	Adenosine	inchikey	1	TRUE	TRUE	0.148246068300011	370.615170750028
BENZALDEHYDE	80280	MassBank	PS000801	Benzaldehyde	inchikey	1	TRUE	TRUE	0.0821351852999896	205.337963249974
CPD-26209	80304	MassBank	PS074102	4-Hydroxypyridine	inchikey	1	TRUE	TRUE	0.0638862122000035	159.715530500009
CPD-20332	80329	MassBank	PS020301	(2R,6S)-2,6-Diaminoheptanedioic acid	inchikey	1	TRUE	TRUE	0.10364305180002	259.10762950005
THZ	80340	MassBank	PS065205	5-(2-Hydroxyethyl)-4-methylthiazole	inchikey	1	TRUE	TRUE	0.168515393799993	421.288484499982
CPD-8736	80344	MassBank	PS088601	gamma-Terpinene	inchikey	1	TRUE	TRUE	0.112799486400007	281.998716000018
FORMONONETIN	80348	MassBank	PS068001	Formononetin	inchikey	1	TRUE	TRUE	0.194441126399965	486.102815999914
CPD-182	80353	MassBank	PT200330	4-Methylumbelliferone	inchikey	1	TRUE	TRUE	0.123655876899988	309.139692249971
2-Aminobutyrate	80364	MassBank	PS097602	alpha-Aminobutyric acid	inchikey	1	TRUE	TRUE	0.0576714616999965	144.178654249991
B-ALANINE	80369	MassBank	PS038103	beta-Alanine	inchikey	1	TRUE	TRUE	0.046321525899998	115.803814749995
CPD-20333	80371	MassBank	PS109701	Pipecolic acid	inchikey	1	TRUE	TRUE	0.0800213974999906	200.053493749976
Aldopyranoses	80388	MassBank	PS020108	D-Gulose	inchikey	1	TRUE	TRUE	0.0926118822000035	231.529705500009
INDOLE-3-CARBOXALDEHYDE	80401	MassBank	PT110890	Indole-3-carboxaldehyde	inchikey	1	TRUE	TRUE	0.108236148000003	270.590370000008
CPD-26209	80404	MassBank	PS074104	4-Hydroxypyridine	inchikey	1	TRUE	TRUE	0.0638862122000035	159.715530500009
Hexosamines	80411	MassBank	PT100743	beta-D-Galactosamine	inchikey	1	TRUE	TRUE	0.092627466999943	231.568667499857
BETAINE	80415	MassBank	PS115204	Abromine	inchikey	1	TRUE	TRUE	1.94662866670001	4866.57166675002
NARINGENIN-CMPD	80420	MassBank	PS040711	Naringenin	inchikey	1	TRUE	TRUE	0.187526504299967	468.816260749918
THIAMINE	80423	MassBank	PT103500	Thiamine	inchikey	1	FALSE	TRUE	0.760131910700011	1900.32977675003
DL-ethionine	80428	MassBank	PT112380	DL-Ethionine	inchikey	1	TRUE	TRUE	0.173300643299996	433.251608249989
CPD-20332	80493	MassBank	PS020303	(2R,6S)-2,6-Diaminoheptanedioic acid	inchikey	1	TRUE	TRUE	0.10364305180002	259.10762950005
THIAMINE	80500	MassBank	PT203500	Thiamine	inchikey	1	FALSE	TRUE	0.760131910700011	1900.32977675003
1-3-7-TRIMETHYLXANTHINE	80524	MassBank	PS004506	Caffeine	inchikey	1	TRUE	TRUE	0.113624413999986	284.061034999965
INDOLE-3-CARBOXALDEHYDE	80532	MassBank	PT210893	Indole-3-carboxaldehyde	inchikey	1	TRUE	TRUE	0.108236148000003	270.590370000008
ONONIN	80535	MassBank	PT208620	Glucosyl-7-O-formononetin	inchikey	1	TRUE	TRUE	0.282617694900011	657.057335998384
CPD-884	80542	MassBank	PS039203	Aminocaproic acid	inchikey	1	TRUE	TRUE	0.0803713333000076	200.928333250019
CPD0-1491	80543	MassBank	PS015703	Amitrole	inchikey	1	TRUE	TRUE	0.0384038507999946	96.0096269999866
CPD-20333	80544	MassBank	PS109704	Pipecolic acid	inchikey	1	TRUE	TRUE	0.0800213974999906	200.053493749976
CPD-20332	80552	MassBank	PT102033	(2R,6S)-2,6-Diaminoheptanedioic acid	inchikey	1	TRUE	TRUE	0.10364305180002	259.10762950005
5-AMINOPENTANOATE	80562	MassBank	PS075503	5-Aminopentanoic acid	inchikey	1	TRUE	TRUE	0.0690213974999949	172.553493749987
ADENINE	80566	MassBank	PS003901	Adenine	inchikey	1	TRUE	TRUE	0.0755048135000038	188.76203375001
CPD-4748	80567	MassBank	PT207620	3-Aminobutanoic acid	inchikey	1	TRUE	TRUE	0.0576714616999965	144.178654249991
THZ	80570	MassBank	PT106523	5-(2-Hydroxyethyl)-4-methylthiazole	inchikey	1	TRUE	TRUE	0.168515393799993	421.288484499982
O-PHENANTHROLINE	80581	MassBank	PS002104	1,10-Phenanthroline	inchikey	1	TRUE	TRUE	0.141251732799986	353.129331999966
CPD-15332	80586	MassBank	PS114507	Uric acid	inchikey	1	TRUE	TRUE	0.0836599845000023	209.149961250006
URATE	80586	MassBank	PS114507	Uric acid	inchikey	1	TRUE	TRUE	0.0836599845000023	209.149961250006
BETAINE	80589	MassBank	PT111523	Abromine	inchikey	1	TRUE	TRUE	1.94662866670001	4866.57166675002
Hexosamines	80599	MassBank	PS019901	beta-D-Galactosamine	inchikey	1	TRUE	TRUE	0.092627466999943	231.568667499857
2-Aminobutyrate	80632	MassBank	PT109760	alpha-Aminobutyric acid	inchikey	1	TRUE	TRUE	0.0576714616999965	144.178654249991
ANILINE	80640	MassBank	PT101720	Aniline	inchikey	1	TRUE	TRUE	0.0711507701000045	177.876925250011
3-AMINO-ISOBUTYRATE	80665	MassBank	PT109720	3-Aminoisobutanoic acid	inchikey	1	TRUE	TRUE	0.0576714616999965	144.178654249991
ADENINE	80668	MassBank	PT100393	Adenine	inchikey	1	TRUE	TRUE	0.0755048135000038	188.76203375001
SARCOSINE	80711	MassBank	PS033705	Sarcosine	inchikey	1	TRUE	TRUE	0.046321525899998	115.803814749995
PYRIDOXAL	80720	MassBank	PT104920	Pyridoxal	inchikey	1	TRUE	TRUE	0.105756839599991	264.392098999977
DAIDZEIN	80721	MassBank	PS039704	Daidzein	inchikey	1	TRUE	TRUE	0.18309119060001	457.727976500024
CPD-14969	80756	MassBank	PM000328	Isorhamnetin 3-beta-D-glucoside	inchikey	1	TRUE	TRUE	0.294873828600032	616.747472415694
PHE	80757	MassBank	PS005403	L-Phenylalanine	inchikey	1	TRUE	TRUE	0.113021397500006	282.553493750015
FORMONONETIN	80769	MassBank	PT206800	Formononetin	inchikey	1	TRUE	TRUE	0.194441126399965	486.102815999914
CPD-8097	80786	MassBank	PS125009	Aesculetin	inchikey	1	TRUE	TRUE	0.116391319000002	290.978297500004
INDOLE-3-CARBOXALDEHYDE	80788	MassBank	PT200910	Indole-3-carboxaldehyde	inchikey	1	TRUE	TRUE	0.108236148000003	270.590370000008
FORMONONETIN	80791	MassBank	PS068007	Formononetin	inchikey	1	TRUE	TRUE	0.194441126399965	486.102815999914
CATECHOL	80794	MassBank	PT203943	Pyrocatechol	inchikey	1	TRUE	TRUE	0.0752205631999914	188.051407999978
PYRIDOXAL	80797	MassBank	PS049202	Pyridoxal	inchikey	1	TRUE	TRUE	0.105756839599991	264.392098999977
CPD-20332	80824	MassBank	PT202030	(2R,6S)-2,6-Diaminoheptanedioic acid	inchikey	1	TRUE	TRUE	0.10364305180002	259.10762950005
O-PHENANTHROLINE	80831	MassBank	PT100213	1,10-Phenanthroline	inchikey	1	TRUE	TRUE	0.141251732799986	353.129331999966
1-3-7-TRIMETHYLXANTHINE	80839	MassBank	PS004502	Caffeine	inchikey	1	TRUE	TRUE	0.113624413999986	284.061034999965
THYMINE	80846	MassBank	PT103610	Thymine	inchikey	1	TRUE	TRUE	0.0720725527999946	180.181381999986
NARINGENIN-CMPD	80858	MassBank	PS040707	Naringenin	inchikey	1	TRUE	TRUE	0.187526504299967	468.816260749918
ALLANTOIN	80871	MassBank	PS016901	Allantoin	inchikey	1	TRUE	TRUE	0.0730099202999952	182.524800749988
VANILLIN	80892	MassBank	PS073502	Vanillin	inchikey	1	TRUE	TRUE	0.101655876899997	254.139692249993
NARINGENIN-CMPD	80899	MassBank	PS085709	Naringenin	inchikey	1	TRUE	TRUE	0.187526504299967	468.816260749918
ADENINE	80903	MassBank	PT200393	Adenine	inchikey	1	TRUE	TRUE	0.0755048135000038	188.76203375001
CPD-12479	80919	MassBank	PS099203	Theophylline	inchikey	1	TRUE	TRUE	0.102274478200002	255.686195500004
DI-H-URACIL	80921	MassBank	PS021101	Dihydrouracil	inchikey	1	TRUE	TRUE	0.0610725527999989	152.681381999997
PHENYLHYDRAZINE	80938	MassBank	PS032001	Phenylhydrazine	inchikey	1	TRUE	TRUE	0.0752517328000124	188.129332000031
GLN	80953	MassBank	PM000931	L-Glutamine	inchikey	1	TRUE	TRUE	0.0768578022999975	192.144505749994
THYMINE	80957	MassBank	PS036102	Thymine	inchikey	1	TRUE	TRUE	0.0720725527999946	180.181381999986
CPD-14427	80958	MassBank	PS124907	Daphnetin	inchikey	1	TRUE	TRUE	0.116391319000002	290.978297500004
DI-H-URACIL	80959	MassBank	PS099302	Dihydrouracil	inchikey	1	TRUE	TRUE	0.0610725527999989	152.681381999997
PYRIDOXINE	80978	MassBank	PS033203	Pyridoxine	inchikey	1	TRUE	TRUE	0.106106775400008	265.266938500019
ADENOSINE	80979	MassBank	PS004006	Adenosine	inchikey	1	TRUE	TRUE	0.148246068300011	370.615170750028
CPD-20333	80983	MassBank	PT110970	Pipecolic acid	inchikey	1	TRUE	TRUE	0.0800213974999906	200.053493749976
GLY	80988	MassBank	PS004902	Glycine	inchikey	1	TRUE	TRUE	0.0349715900999996	87.428975249999
5-AMINOPENTANOATE	80997	MassBank	PS075504	5-Aminopentanoic acid	inchikey	1	TRUE	TRUE	0.0690213974999949	172.553493749987
PYRIDOXAL	81001	MassBank	PS049203	Pyridoxal	inchikey	1	TRUE	TRUE	0.105756839599991	264.392098999977
N-ACETYL-5-METHOXY-TRYPTAMINE	81002	MassBank	PS126303	Melatonin	inchikey	1	TRUE	TRUE	0.161822231799988	404.55557949997
NIACINAMIDE	81005	MassBank	PT103083	Niacinamide	inchikey	1	TRUE	TRUE	0.0789871748999929	197.467937249982
GUANINE	81010	MassBank	PS024001	Guanine	inchikey	1	TRUE	TRUE	0.0795901914000012	198.975478500003
PHE	81012	MassBank	PS005406	L-Phenylalanine	inchikey	1	TRUE	TRUE	0.113021397500006	282.553493750015
3-METHYLXANTHINE	81031	MassBank	PT210310	3-Methylxanthine	inchikey	1	TRUE	TRUE	0.0909245423999891	227.311355999973
ACETYLCHOLINE	81051	MassBank	PT101633	Acetylcholine	inchikey	1	FALSE	TRUE	0.915928795100001	2289.82198775
ADENOSINE	81073	MassBank	PT200400	Adenosine	inchikey	1	TRUE	TRUE	0.148246068300011	370.615170750028
SCOPOLETIN	81083	MassBank	PS124801	Scopoletin	inchikey	1	TRUE	TRUE	0.127741254799986	319.353136999965
CPD-1961	81088	MassBank	PS045503	Catechin	inchikey	1	TRUE	TRUE	0.191961818000038	479.904545000096
ALLANTOIN	81098	MassBank	PT101693	Allantoin	inchikey	1	TRUE	TRUE	0.0730099202999952	182.524800749988
PHE	81113	MassBank	PS005405	L-Phenylalanine	inchikey	1	TRUE	TRUE	0.113021397500006	282.553493750015
DAIDZEIN	81114	MassBank	PT203970	Daidzein	inchikey	1	TRUE	TRUE	0.18309119060001	457.727976500024
3-METHYLXANTHINE	81119	MassBank	PS103103	3-Methylxanthine	inchikey	1	TRUE	TRUE	0.0909245423999891	227.311355999973
CPD-1961	81137	MassBank	PS045502	Catechin	inchikey	1	TRUE	TRUE	0.191961818000038	479.904545000096
DAIDZEIN	81151	MassBank	PS039702	Daidzein	inchikey	1	TRUE	TRUE	0.18309119060001	457.727976500024
METHYLNICOTINATE	81163	MassBank	PS102601	Trigonelline	inchikey	1	TRUE	TRUE	1.92532853829999	4813.32134574998
ADENOSINE	81171	MassBank	PS117105	Adenosine	inchikey	1	TRUE	TRUE	0.148246068300011	370.615170750028
CPD-884	81202	MassBank	PS039204	Aminocaproic acid	inchikey	1	TRUE	TRUE	0.0803713333000076	200.928333250019
GLY	81220	MassBank	PS004903	Glycine	inchikey	1	TRUE	TRUE	0.0349715900999996	87.428975249999
METHYL-GLYOXAL	81223	MassBank	PS056001	Pyruvaldehyde	inchikey	1	TRUE	TRUE	0.0418706274000016	104.676568500004
5-AMINO-LEVULINATE	81236	MassBank	PS039101	5-Aminolevulinic acid	inchikey	1	TRUE	TRUE	0.0727568396000038	181.892099000009
INDOLEYL-CPD	81241	MassBank	PT100813	3-Indoleacetonitrile	inchikey	1	TRUE	TRUE	0.119251732799967	298.129331999917
CPD-12479	81244	MassBank	PS099206	Theophylline	inchikey	1	TRUE	TRUE	0.102274478200002	255.686195500004
ADENOSINE	81253	MassBank	PS117102	Adenosine	inchikey	1	TRUE	TRUE	0.148246068300011	370.615170750028
NARINGENIN-CMPD	81259	MassBank	PS040708	Naringenin	inchikey	1	TRUE	TRUE	0.187526504299967	468.816260749918
LUTEOLIN-7-O-BETA-D-GLUCOSIDE	81263	MassBank	PS042602	Luteolin 7-glucoside	inchikey	1	TRUE	TRUE	0.279438514899994	623.606705543674
CPD-13511	81267	MassBank	PS041001	beta-Rhamnocitrin	inchikey	1	TRUE	TRUE	0.206697260099986	516.743150249965
5-AMINOPENTANOATE	81279	MassBank	PT107550	5-Aminopentanoic acid	inchikey	1	TRUE	TRUE	0.0690213974999949	172.553493749987
CPD-14427	81284	MassBank	PS124902	Daphnetin	inchikey	1	TRUE	TRUE	0.116391319000002	290.978297500004
ONONIN	81285	MassBank	PS086204	Glucosyl-7-O-formononetin	inchikey	1	TRUE	TRUE	0.282617694900011	657.057335998384
5-AMINOPENTANOATE	81290	MassBank	PS075502	5-Aminopentanoic acid	inchikey	1	TRUE	TRUE	0.0690213974999949	172.553493749987
INDOLE-3-CARBOXALDEHYDE	81294	MassBank	PS009101	Indole-3-carboxaldehyde	inchikey	1	TRUE	TRUE	0.108236148000003	270.590370000008
CPD-7630	81299	MassBank	PS045701	Epicatechin	inchikey	1	TRUE	TRUE	0.191961818000038	479.904545000096
3-METHYLXANTHINE	81309	MassBank	PS103101	3-Methylxanthine	inchikey	1	TRUE	TRUE	0.0909245423999891	227.311355999973
CPD-14461	81313	MassBank	PM000313	Aesculin	inchikey	1	TRUE	TRUE	0.204567887499991	511.419718749977
ADENINE	81328	MassBank	PS003903	Adenine	inchikey	1	TRUE	TRUE	0.0755048135000038	188.76203375001
NARINGENIN-CMPD	81331	MassBank	PS085707	Naringenin	inchikey	1	TRUE	TRUE	0.187526504299967	468.816260749918
CPD-7630	81340	MassBank	PT204570	Epicatechin	inchikey	1	TRUE	TRUE	0.191961818000038	479.904545000096
INDOLE-3-CARBOXALDEHYDE	81343	MassBank	PS009105	Indole-3-carboxaldehyde	inchikey	1	TRUE	TRUE	0.108236148000003	270.590370000008
ANILINE	81348	MassBank	PT101723	Aniline	inchikey	1	TRUE	TRUE	0.0711507701000045	177.876925250011
D-Aldonolactones	81349	MassBank	PS020803	D-Gluconic acid, delta-lactone	inchikey	1	TRUE	TRUE	0.0922619463999865	230.654865999966
THYMINE	81351	MassBank	PT103613	Thymine	inchikey	1	TRUE	TRUE	0.0720725527999946	180.181381999986
FORMONONETIN	81363	MassBank	PS068008	Formononetin	inchikey	1	TRUE	TRUE	0.194441126399965	486.102815999914
CPD-20333	81393	MassBank	PS109705	Pipecolic acid	inchikey	1	TRUE	TRUE	0.0800213974999906	200.053493749976
ANILINE	81403	MassBank	PS017201	Aniline	inchikey	1	TRUE	TRUE	0.0711507701000045	177.876925250011
CPD-182	81417	MassBank	PS003305	4-Methylumbelliferone	inchikey	1	TRUE	TRUE	0.123655876899988	309.139692249971
1-7-DIMETHYLXANTHINE	81423	MassBank	PS103004	Paraxanthine	inchikey	1	TRUE	TRUE	0.102274478200002	255.686195500004
3-METHYLXANTHINE	81430	MassBank	PS103102	3-Methylxanthine	inchikey	1	TRUE	TRUE	0.0909245423999891	227.311355999973
CPD-182	81436	MassBank	PS003302	4-Methylumbelliferone	inchikey	1	TRUE	TRUE	0.123655876899988	309.139692249971
LUTEOLIN-7-O-BETA-D-GLUCOSIDE	81446	MassBank	PS042601	Luteolin 7-glucoside	inchikey	1	TRUE	TRUE	0.279438514899994	623.606705543674
CPD0-1491	81447	MassBank	PS015704	Amitrole	inchikey	1	TRUE	TRUE	0.0384038507999946	96.0096269999866
O-PHENANTHROLINE	81457	MassBank	PS002101	1,10-Phenanthroline	inchikey	1	TRUE	TRUE	0.141251732799986	353.129331999966
CPD-1961	81464	MassBank	PS045504	Catechin	inchikey	1	TRUE	TRUE	0.191961818000038	479.904545000096
CPD-7075	81487	MassBank	PM000507	Hesperidin	inchikey	1	TRUE	TRUE	0.375229577100072	614.939147275468
PYRIDOXINE	81494	MassBank	PS033201	Pyridoxine	inchikey	1	TRUE	TRUE	0.106106775400008	265.266938500019
CPD-182	81495	MassBank	PT100330	4-Methylumbelliferone	inchikey	1	TRUE	TRUE	0.123655876899988	309.139692249971
CPD-15332	81502	MassBank	PS114501	Uric acid	inchikey	1	TRUE	TRUE	0.0836599845000023	209.149961250006
URATE	81502	MassBank	PS114501	Uric acid	inchikey	1	TRUE	TRUE	0.0836599845000023	209.149961250006
NARINGENIN-CMPD	81505	MassBank	PS085702	Naringenin	inchikey	1	TRUE	TRUE	0.187526504299967	468.816260749918
CPD-7059	81519	MassBank	PM000320	Narirutin	inchikey	1	TRUE	TRUE	0.359794263399976	620.14332785881
CPD-12479	81523	MassBank	PS099205	Theophylline	inchikey	1	TRUE	TRUE	0.102274478200002	255.686195500004
CPD-8097	81531	MassBank	PS125003	Aesculetin	inchikey	1	TRUE	TRUE	0.116391319000002	290.978297500004
PHE	81578	MassBank	PT100540	L-Phenylalanine	inchikey	1	TRUE	TRUE	0.113021397500006	282.553493750015
CPD0-1577	81588	MassBank	PS019601	Penicillamine	inchikey	1	TRUE	TRUE	0.161950707499983	404.876768749958
5-AMINO-LEVULINATE	81590	MassBank	PT203910	5-Aminolevulinic acid	inchikey	1	TRUE	TRUE	0.0727568396000038	181.892099000009
NARINGENIN-CMPD	81599	MassBank	PS085708	Naringenin	inchikey	1	TRUE	TRUE	0.187526504299967	468.816260749918
CPD-83	81604	MassBank	PS078902	Resveratrol	inchikey	1	TRUE	TRUE	0.168355748500005	420.889371250013
CPD-68	81605	MassBank	PT200250	1-Aminocyclopropanecarboxylic acid	inchikey	1	TRUE	TRUE	0.0573215259000079	143.30381475002
INDOLEYL-CPD	81606	MassBank	PT100810	3-Indoleacetonitrile	inchikey	1	TRUE	TRUE	0.119251732799967	298.129331999917
cystine	81616	MassBank	PS027001	Cystine	inchikey	1	TRUE	TRUE	0.278151735999984	695.37933999996
CPD-13511	81619	MassBank	PT204100	beta-Rhamnocitrin	inchikey	1	TRUE	TRUE	0.206697260099986	516.743150249965
CPD-20332	81637	MassBank	PS020305	(2R,6S)-2,6-Diaminoheptanedioic acid	inchikey	1	TRUE	TRUE	0.10364305180002	259.10762950005
CPD-83	81650	MassBank	PS078908	Resveratrol	inchikey	1	TRUE	TRUE	0.168355748500005	420.889371250013
THYMINE	81654	MassBank	PS036101	Thymine	inchikey	1	TRUE	TRUE	0.0720725527999946	180.181381999986
PRENAL	81673	MassBank	PS049802	3-Methyl-2-butenal	inchikey	1	TRUE	TRUE	0.060485121100001	151.212802750003
ADENINE	81678	MassBank	PS003907	Adenine	inchikey	1	TRUE	TRUE	0.0755048135000038	188.76203375001
CPD-83	81682	MassBank	PS078907	Resveratrol	inchikey	1	TRUE	TRUE	0.168355748500005	420.889371250013
CPD-83	81714	MassBank	PS078909	Resveratrol	inchikey	1	TRUE	TRUE	0.168355748500005	420.889371250013
CPD-20333	81715	MassBank	PT110973	Pipecolic acid	inchikey	1	TRUE	TRUE	0.0800213974999906	200.053493749976
INDOLE-3-CARBOXALDEHYDE	81720	MassBank	PT100910	Indole-3-carboxaldehyde	inchikey	1	TRUE	TRUE	0.108236148000003	270.590370000008
SARCOSINE	81730	MassBank	PS033701	Sarcosine	inchikey	1	TRUE	TRUE	0.046321525899998	115.803814749995
ONONIN	81753	MassBank	PS086206	Glucosyl-7-O-formononetin	inchikey	1	TRUE	TRUE	0.282617694900011	657.057335998384
PYRIDOXAL	81754	MassBank	PS049201	Pyridoxal	inchikey	1	TRUE	TRUE	0.105756839599991	264.392098999977
O-PHENANTHROLINE	81757	MassBank	PT100210	1,10-Phenanthroline	inchikey	1	TRUE	TRUE	0.141251732799986	353.129331999966
NIACINAMIDE	81767	MassBank	PS030801	Niacinamide	inchikey	1	TRUE	TRUE	0.0789871748999929	197.467937249982
ADENINE	81786	MassBank	PT200390	Adenine	inchikey	1	TRUE	TRUE	0.0755048135000038	188.76203375001
CPD-4209	81803	MassBank	PS003701	N-(3-Methylbut-2-EN-1-YL)-9H-purin-6-amine	inchikey	1	TRUE	TRUE	0.131904556699993	329.761391749983
ADENINE	81817	MassBank	PS003902	Adenine	inchikey	1	TRUE	TRUE	0.0755048135000038	188.76203375001
SCOPOLETIN	81824	MassBank	PS124803	Scopoletin	inchikey	1	TRUE	TRUE	0.127741254799986	319.353136999965
ONONIN	81829	MassBank	PT108620	Glucosyl-7-O-formononetin	inchikey	1	TRUE	TRUE	0.282617694900011	657.057335998384
2-Aminobutyrate	81846	MassBank	PS097605	alpha-Aminobutyric acid	inchikey	1	TRUE	TRUE	0.0576714616999965	144.178654249991
ONONIN	81851	MassBank	PT208623	Glucosyl-7-O-formononetin	inchikey	1	TRUE	TRUE	0.282617694900011	657.057335998384
CPD-14427	81853	MassBank	PS124908	Daphnetin	inchikey	1	TRUE	TRUE	0.116391319000002	290.978297500004
CPD-17642	81857	MassBank	PS074605	1,16-Hexadecanediol	inchikey	1	TRUE	TRUE	0.190119664400015	475.299161000038
CPD-4748	81861	MassBank	PT107620	3-Aminobutanoic acid	inchikey	1	TRUE	TRUE	0.0576714616999965	144.178654249991
CPD-1961	81865	MassBank	PT204550	Catechin	inchikey	1	TRUE	TRUE	0.191961818000038	479.904545000096
URACIL	81892	MassBank	PT200610	Uracil	inchikey	1	TRUE	TRUE	0.0607226169999961	151.80654249999
BETAINE	81895	MassBank	PS115201	Abromine	inchikey	1	TRUE	TRUE	1.94662866670001	4866.57166675002
CPD-13511	81933	MassBank	PT104100	beta-Rhamnocitrin	inchikey	1	TRUE	TRUE	0.206697260099986	516.743150249965
CPD-4209	81953	MassBank	PS003702	N-(3-Methylbut-2-EN-1-YL)-9H-purin-6-amine	inchikey	1	TRUE	TRUE	0.131904556699993	329.761391749983
2-Aminobutyrate	81963	MassBank	PS075801	alpha-Aminobutyric acid	inchikey	1	TRUE	TRUE	0.0576714616999965	144.178654249991
NIACINAMIDE	81964	MassBank	PS100904	Niacinamide	inchikey	1	TRUE	TRUE	0.0789871748999929	197.467937249982
ANILINE	81967	MassBank	PS017205	Aniline	inchikey	1	TRUE	TRUE	0.0711507701000045	177.876925250011
NARINGENIN-CMPD	81968	MassBank	PS040709	Naringenin	inchikey	1	TRUE	TRUE	0.187526504299967	468.816260749918
CPD-7630	81970	MassBank	PS045702	Epicatechin	inchikey	1	TRUE	TRUE	0.191961818000038	479.904545000096
1-3-7-TRIMETHYLXANTHINE	81982	MassBank	PT100450	Caffeine	inchikey	1	TRUE	TRUE	0.113624413999986	284.061034999965
INDOLE-3-CARBOXALDEHYDE	81985	MassBank	PT200913	Indole-3-carboxaldehyde	inchikey	1	TRUE	TRUE	0.108236148000003	270.590370000008
FORMONONETIN	81996	MassBank	PS068009	Formononetin	inchikey	1	TRUE	TRUE	0.194441126399965	486.102815999914
CPD-26209	82000	MassBank	PS074105	4-Hydroxypyridine	inchikey	1	TRUE	TRUE	0.0638862122000035	159.715530500009
3-METHYLXANTHINE	82012	MassBank	PS103105	3-Methylxanthine	inchikey	1	TRUE	TRUE	0.0909245423999891	227.311355999973
NARINGENIN-CMPD	82014	MassBank	PS040704	Naringenin	inchikey	1	TRUE	TRUE	0.187526504299967	468.816260749918
THZ	82029	MassBank	PS065206	5-(2-Hydroxyethyl)-4-methylthiazole	inchikey	1	TRUE	TRUE	0.168515393799993	421.288484499982
CPD-17642	82032	MassBank	PS074601	1,16-Hexadecanediol	inchikey	1	TRUE	TRUE	0.190119664400015	475.299161000038
N-ALPHA-ACETYLORNITHINE	82038	MassBank	PM000948	N2-Acetylornithine	inchikey	1	TRUE	TRUE	0.0995576738999944	248.894184749986
CPD0-1491	82047	MassBank	PS015701	Amitrole	inchikey	1	TRUE	TRUE	0.0384038507999946	96.0096269999866
2-Aminobutyrate	82052	MassBank	PT207580	alpha-Aminobutyric acid	inchikey	1	TRUE	TRUE	0.0576714616999965	144.178654249991
BETAINE	82055	MassBank	PS115206	Abromine	inchikey	1	TRUE	TRUE	1.94662866670001	4866.57166675002
INDOLE-3-CARBOXALDEHYDE	82073	MassBank	PT210890	Indole-3-carboxaldehyde	inchikey	1	TRUE	TRUE	0.108236148000003	270.590370000008
SCOPOLETIN	82082	MassBank	PS124807	Scopoletin	inchikey	1	TRUE	TRUE	0.127741254799986	319.353136999965
CPD-17642	82089	MassBank	PS074604	1,16-Hexadecanediol	inchikey	1	TRUE	TRUE	0.190119664400015	475.299161000038
INDOLE-3-CARBOXALDEHYDE	82092	MassBank	PS108904	Indole-3-carboxaldehyde	inchikey	1	TRUE	TRUE	0.108236148000003	270.590370000008
CYTOSINE	82100	MassBank	PS019302	Cytosine	inchikey	1	TRUE	TRUE	0.0607382017999925	151.845504499981
CPD-17642	82135	MassBank	PS074606	1,16-Hexadecanediol	inchikey	1	TRUE	TRUE	0.190119664400015	475.299161000038
CPD-14856	82142	MassBank	TT000114	Casticin	inchikey	1	TRUE	TRUE	2.44540001403948e-06	0.0061135000350987
CPD-14856	82155	MassBank	TT000113	Casticin	inchikey	1	TRUE	TRUE	2.44540001403948e-06	0.0061135000350987
CPD-3141	82217	MassBank	UF416201	Genistein	inchikey_connectivity_formula_mass	2	FALSE	TRUE	2.34314999829621e-05	0.0585787499574053
DAIDZEIN	82225	MassBank	UF423953	Daidzein	inchikey	1	TRUE	TRUE	8.80940001479757e-06	0.0220235000369939
CPD0-954	82254	MassBank	UA001803	1,4-Naphthoquinone	inchikey	1	TRUE	TRUE	2.05631999961042e-05	0.0514079999902606
NAPHTHOL	82260	MassBank	UA004604	1-Naphthol	inchikey	1	TRUE	TRUE	1.48789000036231e-05	0.0371972500090578
DAIDZEIN	82262	MassBank	UF416351	Daidzein	inchikey	1	TRUE	TRUE	8.80940001479757e-06	0.0220235000369939
PROGESTERONE	82269	MassBank	UF415103	Progesterone	inchikey	1	TRUE	TRUE	1.97928000034153e-05	0.0494820000085383
CPD-3141	82270	MassBank	UF423804	Genistein	inchikey_connectivity_formula_mass	2	FALSE	TRUE	2.34314999829621e-05	0.0585787499574053
1-3-7-TRIMETHYLXANTHINE	82278	MassBank	UF408903	Caffeine	inchikey	1	TRUE	TRUE	2.44139999949766e-05	0.0610349999874416
DAIDZEIN	82311	MassBank	UF416302	Daidzein	inchikey	1	TRUE	TRUE	8.80940001479757e-06	0.0220235000369939
CPD-3141	82330	MassBank	UF416204	Genistein	inchikey_connectivity_formula_mass	2	FALSE	TRUE	2.34314999829621e-05	0.0585787499574053
ANDROST4ENE	82334	MassBank	UF416502	Androstenedione	inchikey	1	TRUE	TRUE	1.99212000211446e-05	0.0498030000528615
NAPHTHOL	82356	MassBank	UA004601	1-Naphthol	inchikey	1	TRUE	TRUE	1.48789000036231e-05	0.0371972500090578
CPD-182	82372	MassBank	UF419302	4-Methylumbelliferone	inchikey	1	TRUE	TRUE	4.41230999967956e-05	0.110307749991989
CORTISONE	82383	MassBank	UF423103	Cortisone	inchikey	1	TRUE	TRUE	2.59906999531268e-05	0.0649767498828169
CPD-3141	82388	MassBank	UF423802	Genistein	inchikey_connectivity_formula_mass	2	FALSE	TRUE	2.34314999829621e-05	0.0585787499574053
DAIDZEIN	82396	MassBank	UF416352	Daidzein	inchikey	1	TRUE	TRUE	8.80940001479757e-06	0.0220235000369939
CPD-182	82398	MassBank	UF419301	4-Methylumbelliferone	inchikey	1	TRUE	TRUE	4.41230999967956e-05	0.110307749991989
1-3-7-TRIMETHYLXANTHINE	82415	MassBank	UF408904	Caffeine	inchikey	1	TRUE	TRUE	2.44139999949766e-05	0.0610349999874416
CPD-9138	82433	MassBank	UA004205	2,4,6-Trinitrotoluene	inchikey	1	TRUE	TRUE	6.04698510130001	15117.46275325
CPD-3141	82434	MassBank	UF423801	Genistein	inchikey_connectivity_formula_mass	2	FALSE	TRUE	2.34314999829621e-05	0.0585787499574053
DAIDZEIN	82451	MassBank	UF423902	Daidzein	inchikey	1	TRUE	TRUE	8.80940001479757e-06	0.0220235000369939
PROGESTERONE	82459	MassBank	UF415104	Progesterone	inchikey	1	TRUE	TRUE	1.97928000034153e-05	0.0494820000085383
CORTISONE	82508	MassBank	UF415704	Cortisone	inchikey	1	TRUE	TRUE	2.59906999531268e-05	0.0649767498828169
DAIDZEIN	82510	MassBank	UF416354	Daidzein	inchikey	1	TRUE	TRUE	8.80940001479757e-06	0.0220235000369939
DAIDZEIN	82565	MassBank	UF416303	Daidzein	inchikey	1	TRUE	TRUE	8.80940001479757e-06	0.0220235000369939
CORTISONE	82573	MassBank	UF423102	Cortisone	inchikey	1	TRUE	TRUE	2.59906999531268e-05	0.0649767498828169
DAIDZEIN	82582	MassBank	UF416304	Daidzein	inchikey	1	TRUE	TRUE	8.80940001479757e-06	0.0220235000369939
DAIDZEIN	82631	MassBank	UF423901	Daidzein	inchikey	1	TRUE	TRUE	8.80940001479757e-06	0.0220235000369939
CPD-3141	82668	MassBank	UF423803	Genistein	inchikey_connectivity_formula_mass	2	FALSE	TRUE	2.34314999829621e-05	0.0585787499574053
TRP	82694	MassBank	UA005701	L-Tryptophan	inchikey	1	TRUE	TRUE	2.23602000062328e-05	0.0559005000155821
CORTISONE	82700	MassBank	UF415401	Cortisone	inchikey	1	TRUE	TRUE	2.59906999531268e-05	0.0649767498828169
ANDROST4ENE	82703	MassBank	UF416504	Androstenedione	inchikey	1	TRUE	TRUE	1.99212000211446e-05	0.0498030000528615
INDOLE-3-CARBOXALDEHYDE	82707	MassBank	UA005101	Indole-3-carboxaldehyde	inchikey	1	TRUE	TRUE	3.61479999924086e-05	0.0903699999810215
CORTISONE	82726	MassBank	UF423104	Cortisone	inchikey	1	TRUE	TRUE	2.59906999531268e-05	0.0649767498828169
CPD-182	82736	MassBank	UF419303	4-Methylumbelliferone	inchikey	1	TRUE	TRUE	4.41230999967956e-05	0.110307749991989
1-CHLORO-24-DINITROBENZENE	82740	MassBank	UA004105	1-Chloro-2,4-dinitrobenzene	inchikey	1	FALSE	FALSE	4.03133443349998	10078.3360837499
PROGESTERONE	82750	MassBank	UF415102	Progesterone	inchikey	1	TRUE	TRUE	1.97928000034153e-05	0.0494820000085383
CORTISONE	82753	MassBank	UF415403	Cortisone	inchikey	1	TRUE	TRUE	2.59906999531268e-05	0.0649767498828169
CORTISONE	82772	MassBank	UF423101	Cortisone	inchikey	1	TRUE	TRUE	2.59906999531268e-05	0.0649767498828169
CPD-182	82773	MassBank	UF419351	4-Methylumbelliferone	inchikey	1	TRUE	TRUE	4.41230999967956e-05	0.110307749991989
CPD-182	82796	MassBank	UF419354	4-Methylumbelliferone	inchikey	1	TRUE	TRUE	4.41230999967956e-05	0.110307749991989
CPD-3141	82802	MassBank	UF423851	Genistein	inchikey_connectivity_formula_mass	2	FALSE	TRUE	2.34314999829621e-05	0.0585787499574053
CPD-3141	82811	MassBank	UF416202	Genistein	inchikey_connectivity_formula_mass	2	FALSE	TRUE	2.34314999829621e-05	0.0585787499574053
CPD-3141	82812	MassBank	UF416253	Genistein	inchikey_connectivity_formula_mass	2	FALSE	TRUE	2.34314999829621e-05	0.0585787499574053
DAIDZEIN	82817	MassBank	UF423954	Daidzein	inchikey	1	TRUE	TRUE	8.80940001479757e-06	0.0220235000369939
1-3-7-TRIMETHYLXANTHINE	82821	MassBank	UF408901	Caffeine	inchikey	1	TRUE	TRUE	2.44139999949766e-05	0.0610349999874416
CPD-3141	82824	MassBank	UF416203	Genistein	inchikey_connectivity_formula_mass	2	FALSE	TRUE	2.34314999829621e-05	0.0585787499574053
DAIDZEIN	82847	MassBank	UF423904	Daidzein	inchikey	1	TRUE	TRUE	8.80940001479757e-06	0.0220235000369939
CORTISONE	82853	MassBank	UF415402	Cortisone	inchikey	1	TRUE	TRUE	2.59906999531268e-05	0.0649767498828169
CPD-3141	82856	MassBank	UF416252	Genistein	inchikey_connectivity_formula_mass	2	FALSE	TRUE	2.34314999829621e-05	0.0585787499574053
ANDROST4ENE	82871	MassBank	UF416501	Androstenedione	inchikey	1	TRUE	TRUE	1.99212000211446e-05	0.0498030000528615
CORTISONE	82882	MassBank	UF415702	Cortisone	inchikey	1	TRUE	TRUE	2.59906999531268e-05	0.0649767498828169
GUANINE	82893	MassBank	UA005401	Guanine	inchikey	1	TRUE	TRUE	9.80859999799577e-06	0.0245214999949894
CPD0-1581	82898	MassBank	UF410604	Trimethoprim	inchikey	1	TRUE	TRUE	9.53509999135349e-06	0.0238377499783837
CPD-3141	82903	MassBank	UF423852	Genistein	inchikey_connectivity_formula_mass	2	FALSE	TRUE	2.34314999829621e-05	0.0585787499574053
1-3-7-TRIMETHYLXANTHINE	82911	MassBank	UF408902	Caffeine	inchikey	1	TRUE	TRUE	2.44139999949766e-05	0.0610349999874416
DAIDZEIN	82946	MassBank	UF423952	Daidzein	inchikey	1	TRUE	TRUE	8.80940001479757e-06	0.0220235000369939
CPD-3141	82947	MassBank	UF423854	Genistein	inchikey_connectivity_formula_mass	2	FALSE	TRUE	2.34314999829621e-05	0.0585787499574053
CPD-3141	82958	MassBank	UF416254	Genistein	inchikey_connectivity_formula_mass	2	FALSE	TRUE	2.34314999829621e-05	0.0585787499574053
1-3-7-TRIMETHYLXANTHINE	82961	MassBank	UA005001	Caffeine	inchikey	1	TRUE	TRUE	2.44139999949766e-05	0.0610349999874416
TYR	82963	MassBank	UA005601	L-Tyrosine	inchikey	1	TRUE	TRUE	6.77540000992849e-06	0.0169385000248212
PHE	83038	MassBank	UA005501	L-Phenylalanine	inchikey	1	TRUE	TRUE	2.13975000065147e-05	0.0534937500162869
CPD-3141	83068	MassBank	UF416251	Genistein	inchikey_connectivity_formula_mass	2	FALSE	TRUE	2.34314999829621e-05	0.0585787499574053
CPD0-1581	83083	MassBank	UF410602	Trimethoprim	inchikey	1	TRUE	TRUE	9.53509999135349e-06	0.0238377499783837
CORTISONE	83093	MassBank	UF415703	Cortisone	inchikey	1	TRUE	TRUE	2.59906999531268e-05	0.0649767498828169
DAIDZEIN	83094	MassBank	UF423903	Daidzein	inchikey	1	TRUE	TRUE	8.80940001479757e-06	0.0220235000369939
CPD-182	83095	MassBank	UF419304	4-Methylumbelliferone	inchikey	1	TRUE	TRUE	4.41230999967956e-05	0.110307749991989
CORTISONE	83097	MassBank	UF415404	Cortisone	inchikey	1	TRUE	TRUE	2.59906999531268e-05	0.0649767498828169
CPD0-1581	83139	MassBank	UF410603	Trimethoprim	inchikey	1	TRUE	TRUE	9.53509999135349e-06	0.0238377499783837
ANDROST4ENE	83155	MassBank	UF416503	Androstenedione	inchikey	1	TRUE	TRUE	1.99212000211446e-05	0.0498030000528615
CPD-3141	83160	MassBank	UF423853	Genistein	inchikey_connectivity_formula_mass	2	FALSE	TRUE	2.34314999829621e-05	0.0585787499574053
PROGESTERONE	83171	MassBank	UF415101	Progesterone	inchikey	1	TRUE	TRUE	1.97928000034153e-05	0.0494820000085383
1-3-7-TRIMETHYLXANTHINE	83185	MassBank	UA005003	Caffeine	inchikey	1	TRUE	TRUE	2.44139999949766e-05	0.0610349999874416
CPD-182	83205	MassBank	UF419353	4-Methylumbelliferone	inchikey	1	TRUE	TRUE	4.41230999967956e-05	0.110307749991989
CPD-182	83207	MassBank	UF419352	4-Methylumbelliferone	inchikey	1	TRUE	TRUE	4.41230999967956e-05	0.110307749991989
DAIDZEIN	83237	MassBank	UF416353	Daidzein	inchikey	1	TRUE	TRUE	8.80940001479757e-06	0.0220235000369939
DAIDZEIN	83252	MassBank	UF416301	Daidzein	inchikey	1	TRUE	TRUE	8.80940001479757e-06	0.0220235000369939
CPD-4209	83276	MassBank	UA007401	N-(3-Methylbut-2-EN-1-YL)-9H-purin-6-amine	inchikey	1	TRUE	TRUE	4.55669999155361e-06	0.011391749978884
CPD0-954	83316	MassBank	UA001805	1,4-Naphthoquinone	inchikey	1	TRUE	TRUE	2.05631999961042e-05	0.0514079999902606
NAPHTHOL	83318	MassBank	UA004603	1-Naphthol	inchikey	1	TRUE	TRUE	1.48789000036231e-05	0.0371972500090578
DAIDZEIN	83323	MassBank	UF423951	Daidzein	inchikey	1	TRUE	TRUE	8.80940001479757e-06	0.0220235000369939
CPD0-1581	83324	MassBank	UF410601	Trimethoprim	inchikey	1	TRUE	TRUE	9.53509999135349e-06	0.0238377499783837
CORTISONE	83343	MassBank	UF415701	Cortisone	inchikey	1	TRUE	TRUE	2.59906999531268e-05	0.0649767498828169
CPD-12826	83412	MassBank	CO000202	Folic acid	inchikey_connectivity_formula_mass	2	FALSE	TRUE	3.78899983388692e-07	0.000858911586018149
TYRAMINE	83415	MassBank	CO000234	Tyramine	inchikey_connectivity_formula_mass	2	FALSE	TRUE	3.98040000959554e-06	0.00995100002398885
CPD-6041	83424	MassBank	CO000274	Amethopterin	name_formula_mass	4	FALSE	TRUE	4.14170000340164e-06	0.00911924610556831
CPD-14834	83434	MassBank	CO000310	(-)-alpha-Narcotine	inchikey	1	TRUE	TRUE	2.09820001373373e-06	0.00507857425497329
TYRAMINE	83442	MassBank	CO000235	Tyramine	inchikey_connectivity_formula_mass	2	FALSE	TRUE	3.98040000959554e-06	0.00995100002398885
CPD-9195	83459	MassBank	CO000052	Ampicillin	name_formula_mass	4	TRUE	TRUE	3.19609995358405e-06	0.00799024988396013
CPD-9195	83467	MassBank	CO000055	Ampicillin	name_formula_mass	4	TRUE	TRUE	3.19609995358405e-06	0.00799024988396013
CPD-12826	83473	MassBank	CO000201	Folic acid	inchikey_connectivity_formula_mass	2	FALSE	TRUE	3.78899983388692e-07	0.000858911586018149
CORTISOL	83476	MassBank	CO000222	Cortisol	inchikey	1	TRUE	TRUE	4.07350000841689e-06	0.0101837500210422
CPD-6041	83489	MassBank	CO000275	Amethopterin	name_formula_mass	4	FALSE	TRUE	4.14170000340164e-06	0.00911924610556831
CPD-13494	83521	MassBank	CO000215	6-Gingerol	inchikey	1	TRUE	TRUE	6.77000002724526e-07	0.00169250000681131
HAEMATOPORPHYRIN-IX	83529	MassBank	CO000220	Hematoporphyrin	inchikey_connectivity_formula_mass	2	FALSE	TRUE	4.97320002068591e-06	0.00831250787462057
CPD-12826	83533	MassBank	CO000205	Folic acid	inchikey_connectivity_formula_mass	2	FALSE	TRUE	3.78899983388692e-07	0.000858911586018149
TYRAMINE	83570	MassBank	CO000232	Tyramine	inchikey_connectivity_formula_mass	2	FALSE	TRUE	3.98040000959554e-06	0.00995100002398885
CPD-12479	83585	MassBank	CO000050	Theophylline	inchikey	1	TRUE	TRUE	4.47819999749299e-06	0.0111954999937325
CPD-12826	83596	MassBank	CO000203	Folic acid	inchikey_connectivity_formula_mass	2	FALSE	TRUE	3.78899983388692e-07	0.000858911586018149
HAEMATOPORPHYRIN-IX	83600	MassBank	CO000219	Hematoporphyrin	inchikey_connectivity_formula_mass	2	FALSE	TRUE	4.97320002068591e-06	0.00831250787462057
TYRAMINE	83602	MassBank	CO000231	Tyramine	inchikey_connectivity_formula_mass	2	FALSE	TRUE	3.98040000959554e-06	0.00995100002398885
CPD-14834	83605	MassBank	CO000306	(-)-alpha-Narcotine	inchikey	1	TRUE	TRUE	2.09820001373373e-06	0.00507857425497329
CPD-12479	83619	MassBank	CO000047	Theophylline	inchikey	1	TRUE	TRUE	4.47819999749299e-06	0.0111954999937325
CPD-6041	83635	MassBank	CO000272	Amethopterin	name_formula_mass	4	FALSE	TRUE	4.14170000340164e-06	0.00911924610556831
CPD-6041	83639	MassBank	CO000273	Amethopterin	name_formula_mass	4	FALSE	TRUE	4.14170000340164e-06	0.00911924610556831
CORTISOL	83641	MassBank	CO000223	Cortisol	inchikey	1	TRUE	TRUE	4.07350000841689e-06	0.0101837500210422
3-7-DIMETHYLXANTHINE	83667	MassBank	CO000477	Theobromine	inchikey	1	TRUE	TRUE	4.47819999749299e-06	0.0111954999937325
CPD-13494	83673	MassBank	CO000211	6-Gingerol	inchikey	1	TRUE	TRUE	6.77000002724526e-07	0.00169250000681131
CPD-14834	83695	MassBank	CO000307	(-)-alpha-Narcotine	inchikey	1	TRUE	TRUE	2.09820001373373e-06	0.00507857425497329
CORTISOL	83698	MassBank	CO000224	Cortisol	inchikey	1	TRUE	TRUE	4.07350000841689e-06	0.0101837500210422
CPD-13494	83714	MassBank	CO000213	6-Gingerol	inchikey	1	TRUE	TRUE	6.77000002724526e-07	0.00169250000681131
CPD-13494	83737	MassBank	CO000214	6-Gingerol	inchikey	1	TRUE	TRUE	6.77000002724526e-07	0.00169250000681131
CPD-12826	83747	MassBank	CO000204	Folic acid	inchikey_connectivity_formula_mass	2	FALSE	TRUE	3.78899983388692e-07	0.000858911586018149
HAEMATOPORPHYRIN-IX	83756	MassBank	CO000217	Hematoporphyrin	inchikey_connectivity_formula_mass	2	FALSE	TRUE	4.97320002068591e-06	0.00831250787462057
CPD-9195	83761	MassBank	CO000054	Ampicillin	name_formula_mass	4	TRUE	TRUE	3.19609995358405e-06	0.00799024988396013
HAEMATOPORPHYRIN-IX	83763	MassBank	CO000218	Hematoporphyrin	inchikey_connectivity_formula_mass	2	FALSE	TRUE	4.97320002068591e-06	0.00831250787462057
TYRAMINE	83768	MassBank	CO000233	Tyramine	inchikey_connectivity_formula_mass	2	FALSE	TRUE	3.98040000959554e-06	0.00995100002398885
CPD-14834	83790	MassBank	CO000308	(-)-alpha-Narcotine	inchikey	1	TRUE	TRUE	2.09820001373373e-06	0.00507857425497329
CPD-12479	83791	MassBank	CO000049	Theophylline	inchikey	1	TRUE	TRUE	4.47819999749299e-06	0.0111954999937325
3-7-DIMETHYLXANTHINE	83795	MassBank	CO000476	Theobromine	inchikey	1	TRUE	TRUE	4.47819999749299e-06	0.0111954999937325
CPD-13494	83804	MassBank	CO000212	6-Gingerol	inchikey	1	TRUE	TRUE	6.77000002724526e-07	0.00169250000681131
CPD-9195	83817	MassBank	CO000053	Ampicillin	name_formula_mass	4	TRUE	TRUE	3.19609995358405e-06	0.00799024988396013
CPD-9195	83819	MassBank	CO000051	Ampicillin	name_formula_mass	4	TRUE	TRUE	3.19609995358405e-06	0.00799024988396013
CPD-12479	83822	MassBank	CO000046	Theophylline	inchikey	1	TRUE	TRUE	4.47819999749299e-06	0.0111954999937325
HAEMATOPORPHYRIN-IX	83826	MassBank	CO000216	Hematoporphyrin	inchikey_connectivity_formula_mass	2	FALSE	TRUE	4.97320002068591e-06	0.00831250787462057
CPD-6041	83829	MassBank	CO000271	Amethopterin	name_formula_mass	4	FALSE	TRUE	4.14170000340164e-06	0.00911924610556831
CORTISOL	83839	MassBank	CO000221	Cortisol	inchikey	1	TRUE	TRUE	4.07350000841689e-06	0.0101837500210422
CORTISOL	83859	MassBank	CO000225	Cortisol	inchikey	1	TRUE	TRUE	4.07350000841689e-06	0.0101837500210422
3-7-DIMETHYLXANTHINE	83882	MassBank	CO000478	Theobromine	inchikey	1	TRUE	TRUE	4.47819999749299e-06	0.0111954999937325
CPD-12479	83890	MassBank	CO000048	Theophylline	inchikey	1	TRUE	TRUE	4.47819999749299e-06	0.0111954999937325
CPD-14834	83902	MassBank	CO000309	(-)-alpha-Narcotine	inchikey	1	TRUE	TRUE	2.09820001373373e-06	0.00507857425497329
3-7-DIMETHYLXANTHINE	83904	MassBank	CO000479	Theobromine	inchikey	1	TRUE	TRUE	4.47819999749299e-06	0.0111954999937325
3-7-DIMETHYLXANTHINE	83907	MassBank	CO000480	Theobromine	inchikey	1	TRUE	TRUE	4.47819999749299e-06	0.0111954999937325
APIGENIN-7-O-NEOHESPERIDOSIDE	83909	MassBank	TY000172	Apigenin 7-O-beta-D-rutinoside	inchikey_connectivity_formula_mass	2	FALSE	TRUE	4.32759998147958e-06	0.00748507915973122
CPD-3141	83914	MassBank	TY000137	Genistein	inchikey_connectivity_formula_mass	2	FALSE	TRUE	3.43149997661385e-06	0.00857874994153462
CPD-6602	83923	MassBank	TY000081	Curcumin	name_formula_mass	4	TRUE	TRUE	3.74600006125547e-07	0.000936500015313868
LOGANIN	83926	MassBank	TY000062	Loganin	inchikey	1	TRUE	TRUE	2.9444000233525e-06	0.00736100005838125
CPD1F-437	83930	MassBank	TY000168	Isoquercitrin	inchikey_connectivity_formula_mass	2	FALSE	TRUE	3.89280000945291e-06	0.00838792922979005
CPD-10347	83931	MassBank	TY000251	Saponarin	inchikey	1	TRUE	TRUE	2.9450006877596e-07	0.000495659127151698
BERBERINE	83933	MassBank	TY000105	Berberine	inchikey	1	FALSE	TRUE	1.0078281035	2519.57025875001
PHLORETIN	83935	MassBank	TY000156	Phloretin	inchikey	1	TRUE	TRUE	3.55989999434314e-06	0.00889974998585785
CPD-8004	83936	MassBank	TY000220	Isorhamnetin	inchikey_connectivity_formula_mass	2	FALSE	TRUE	2.73990002597202e-06	0.00684975006493005
MYRICETIN	83937	MassBank	TY000149	Myricetin	inchikey_connectivity_formula_mass	2	FALSE	TRUE	2.70219999265464e-06	0.0067554999816366
CPD-12188	83942	MassBank	TY000096	Bisdemethoxycurcumin	name_formula_mass	4	TRUE	TRUE	9.97999961782625e-07	0.00249499990445656
NARINGENIN-7-O-BETA-D-GLUCOSIDE	83944	MassBank	TY000161	Prunin	inchikey	1	TRUE	TRUE	3.07280004108179e-06	0.0070782061668748
CPD-7079	83947	MassBank	TY000141	Sakuranetin	inchikey	1	TRUE	TRUE	3.55989999434314e-06	0.00889974998585785
CPD-1125	83950	MassBank	TY000092	Amygdalin	inchikey	1	TRUE	TRUE	7.15000055606652e-07	0.00156400940866074
CPD-9249	83960	MassBank	TY000109	Ginsenoside Rd	inchikey	1	TRUE	TRUE	4.17000001107226e-06	0.00440547197801114
CPD-9249	83963	MassBank	TY000013	Ginsenoside Rd	inchikey	1	TRUE	TRUE	4.17000001107226e-06	0.00440547197801114
CPD1F-462	83964	MassBank	TY000228	Kaempferitrin	inchikey	1	TRUE	TRUE	4.32759998147958e-06	0.00748507915973122
CPD-15445	83966	MassBank	TY000031	Ginsenoside Rg1	inchikey	1	TRUE	TRUE	2.97940005111741e-06	0.00372196009528515
CPD-12725	83968	MassBank	TY000116	Baicalin	inchikey_connectivity_formula_mass	2	FALSE	TRUE	1.42090004828788e-06	0.00318526812252387
CPD-15477	83976	MassBank	TY000249	Salvigenin	inchikey	1	TRUE	TRUE	1.75380000655423e-06	0.00438450001638557
LOGANIN	83981	MassBank	TY000063	Loganin	inchikey	1	TRUE	TRUE	2.9444000233525e-06	0.00736100005838125
APIGENIN-7-O-BETA-D-GLUCOSIDE	83983	MassBank	TY000185	Cosmosiin	inchikey_connectivity_formula_mass	2	FALSE	TRUE	3.13700002152473e-06	0.0072597987188983
CPD-9459	83984	MassBank	TY000153	Oleanolic acid	inchikey_connectivity_formula_mass	2	FALSE	TRUE	4.59289998389067e-06	0.0100641960462045
CPD-12725	83985	MassBank	TY000034	Baicalin	inchikey_connectivity_formula_mass	2	FALSE	TRUE	1.42090004828788e-06	0.00318526812252387
CPD-520	83987	MassBank	TY000165	Quercetin	inchikey_connectivity_formula_mass	2	FALSE	TRUE	2.67570004552908e-06	0.00668925011382271
CPD-9481	83992	MassBank	TY000138	Hederagenin	inchikey_connectivity_formula_mass	2	FALSE	TRUE	2.92000095214462e-08	6.18178985021594e-05
SCOPOLAMINE	83993	MassBank	TY000071	Scopolamine	inchikey	1	TRUE	TRUE	1.83230002903656e-06	0.0045807500725914
RUTIN	83998	MassBank	TY000248	Rutin	inchikey_connectivity_formula_mass	2	FALSE	TRUE	4.91660000534466e-06	0.00805797382574006
CPD-7079	83999	MassBank	TY000142	Sakuranetin	inchikey	1	TRUE	TRUE	3.55989999434314e-06	0.00889974998585785
DEOXYCHOLATE	84000	MassBank	TY000188	Deoxycholic acid	inchikey_connectivity_formula_mass	2	FALSE	TRUE	2.27600025937136e-07	0.00056900006484284
CPD-19531	84001	MassBank	TY000148	Morin	inchikey	1	TRUE	TRUE	2.67570004552908e-06	0.00668925011382271
CPD-15576	84004	MassBank	TY000192	Ginsenoside Ro	inchikey_connectivity_formula_mass	2	FALSE	TRUE	2.59499984167633e-07	0.000271302148455154
PHLORETIN	84008	MassBank	TY000157	Phloretin	inchikey	1	TRUE	TRUE	3.55989999434314e-06	0.00889974998585785
CPD-12188	84009	MassBank	TY000079	Bisdemethoxycurcumin	name_formula_mass	4	TRUE	TRUE	9.97999961782625e-07	0.00249499990445656
CPD-7075	84010	MassBank	TY000027	Hesperidin	inchikey	1	TRUE	TRUE	4.22900029661832e-07	0.000693063125867771
PALMATINE	84012	MassBank	TY000051	Palmatine	inchikey	1	FALSE	TRUE	1.00782823190002	2519.57057975005
CPD-3141	84013	MassBank	TY000136	Genistein	inchikey_connectivity_formula_mass	2	FALSE	TRUE	3.43149997661385e-06	0.00857874994153462
CPD-12725	84018	MassBank	TY000178	Baicalin	inchikey_connectivity_formula_mass	2	FALSE	TRUE	1.42090004828788e-06	0.00318526812252387
CPD1F-437	84020	MassBank	TY000219	Isoquercitrin	name_formula_mass	4	FALSE	TRUE	3.89280000945291e-06	0.00838792922979005
APIGENIN-7-O-BETA-D-GLUCOSIDE	84022	MassBank	TY000186	Cosmosiin	inchikey_connectivity_formula_mass	2	FALSE	TRUE	3.13700002152473e-06	0.0072597987188983
LUTEOLIN-7-O-BETA-D-GLUCOSIDE	84024	MassBank	TY000145	Luteolin 7-glucoside	inchikey	1	TRUE	TRUE	1.48510002873081e-06	0.00331421148817327
APIGENIN-7-O-BETA-D-GLUCOSIDE	84025	MassBank	TY000212	Cosmosiin	inchikey_connectivity_formula_mass	2	FALSE	TRUE	3.13700002152473e-06	0.0072597987188983
RUTIN	84027	MassBank	TY000246	Rutin	inchikey_connectivity_formula_mass	2	FALSE	TRUE	4.91660000534466e-06	0.00805797382574006
CPD-520	84029	MassBank	TY000166	Quercetin	inchikey_connectivity_formula_mass	2	FALSE	TRUE	2.67570004552908e-06	0.00668925011382271
APIGENIN-7-O-NEOHESPERIDOSIDE	84033	MassBank	TY000173	Apigenin 7-O-beta-D-rutinoside	inchikey_connectivity_formula_mass	2	FALSE	TRUE	4.32759998147958e-06	0.00748507915973122
CAPSAICIN	84034	MassBank	TY000093	Capsaicin	inchikey	1	TRUE	TRUE	2.61799982581579e-07	0.000654499956453947
CPD-15445	84035	MassBank	TY000193	Ginsenoside Rg1	inchikey	1	TRUE	TRUE	2.97940005111741e-06	0.00372196009528515
574-TRIHYDROXY-3-METHOXYFLAVONE	84042	MassBank	TY000126	Chrysoeriol	inchikey_connectivity_formula_mass	2	FALSE	TRUE	1.88220002428352e-06	0.0047055000607088
CPD-431	84043	MassBank	TY000119	Apigenin	inchikey_connectivity_formula_mass	2	FALSE	TRUE	3.43149997661385e-06	0.00857874994153462
CPD1F-462	84044	MassBank	TY000237	Kaempferitrin	inchikey	1	TRUE	TRUE	4.32759998147958e-06	0.00748507915973122
CPD-11590	84047	MassBank	TY000086	Barbaloin	inchikey	1	TRUE	TRUE	2.30509999710193e-06	0.00551292646111945
CAPSAICIN	84050	MassBank	TY000245	Capsaicin	inchikey	1	TRUE	TRUE	2.61799982581579e-07	0.000654499956453947
CPD1F-462	84054	MassBank	TY000224	Kaempferitrin	inchikey	1	TRUE	TRUE	4.32759998147958e-06	0.00748507915973122
CPD-12187	84056	MassBank	TY000082	Demethoxycurcumin	name_formula_mass	4	TRUE	TRUE	3.68830001207243e-06	0.00922075003018108
CPD-7075	84059	MassBank	TY000036	Hesperidin	inchikey	1	TRUE	TRUE	4.22900029661832e-07	0.000693063125867771
APIGENIN-7-O-NEOHESPERIDOSIDE	84060	MassBank	TY000174	Apigenin 7-O-beta-D-rutinoside	inchikey_connectivity_formula_mass	2	FALSE	TRUE	4.32759998147958e-06	0.00748507915973122
ATROPINE	84064	MassBank	TY000208	Atropine	inchikey_connectivity_formula_mass	2	FALSE	TRUE	3.6097999895901e-06	0.00902449997397525
CPD-12727	84067	MassBank	TY000023	Wogonin	inchikey	1	TRUE	TRUE	3.4957000139002e-06	0.00873925003475051
CPD-12725	84068	MassBank	TY000025	Baicalin	inchikey_connectivity_formula_mass	2	FALSE	TRUE	1.42090004828788e-06	0.00318526812252387
CPD-63	84070	MassBank	TY000098	Eleutheroside B	inchikey	1	TRUE	TRUE	2.36930003438829e-06	0.00592325008597072
CPD1F-90	84071	MassBank	TY000225	Kaempferol	inchikey_connectivity_formula_mass	2	FALSE	TRUE	1.94639994788304e-06	0.00486599986970759
CPD-9250	84072	MassBank	TY000001	Ginsenoside Rb1	inchikey	1	TRUE	TRUE	7.38499920771574e-07	0.000666153673797336
CPD-13494	84073	MassBank	TY000242	6-Gingerol	inchikey	1	TRUE	TRUE	6.77000002724526e-07	0.00169250000681131
CPD-12727	84075	MassBank	TY000033	Wogonin	inchikey	1	TRUE	TRUE	3.4957000139002e-06	0.00873925003475051
CPD-15291	84078	MassBank	TY000083	Epigallocatechin gallate	inchikey	1	TRUE	TRUE	1.42090004828788e-06	0.00310182678551994
CPD-9250	84081	MassBank	TY000011	Ginsenoside Rb1	inchikey	1	TRUE	TRUE	7.38499920771574e-07	0.000666153673797336
CPD-12188	84085	MassBank	TY000243	Bisdemethoxycurcumin	name_formula_mass	4	TRUE	TRUE	9.97999961782625e-07	0.00249499990445656
PHLORETIN	84087	MassBank	TY000158	Phloretin	inchikey	1	TRUE	TRUE	3.55989999434314e-06	0.00889974998585785
CPD-7075	84088	MassBank	TY000206	Hesperidin	inchikey	1	TRUE	TRUE	4.22900029661832e-07	0.000693063125867771
CPD-10347	84089	MassBank	TY000250	Saponarin	inchikey	1	TRUE	TRUE	2.9450006877596e-07	0.000495659127151698
CPD-9250	84091	MassBank	TY000018	Ginsenoside Rb1	inchikey	1	TRUE	TRUE	7.38499920771574e-07	0.000666153673797336
CPD1F-437	84095	MassBank	TY000169	Isoquercitrin	inchikey_connectivity_formula_mass	2	FALSE	TRUE	3.89280000945291e-06	0.00838792922979005
NARINGIN	84096	MassBank	TY000029	Naringin	inchikey	1	TRUE	TRUE	4.26340000103664e-06	0.00734841917614713
CPD-8004	84107	MassBank	TY000221	Isorhamnetin	inchikey_connectivity_formula_mass	2	FALSE	TRUE	2.73990002597202e-06	0.00684975006493005
NARINGENIN-7-O-BETA-D-GLUCOSIDE	84113	MassBank	TY000162	Prunin	inchikey	1	TRUE	TRUE	3.07280004108179e-06	0.0070782061668748
BERBERINE	84115	MassBank	TY000043	Berberine	inchikey	1	FALSE	TRUE	1.0078281035	2519.57025875001
RUTIN	84119	MassBank	TY000247	Rutin	inchikey_connectivity_formula_mass	2	FALSE	TRUE	4.91660000534466e-06	0.00805797382574006
CPD-14452	84121	MassBank	TY000087	Scoparone	inchikey	1	TRUE	TRUE	1.19059998837656e-06	0.0029764999709414
CPD1F-437	84122	MassBank	TY000218	Isoquercitrin	name_formula_mass	4	FALSE	TRUE	3.89280000945291e-06	0.00838792922979005
APIGENIN-7-O-BETA-D-GLUCOSIDE	84125	MassBank	TY000187	Cosmosiin	inchikey_connectivity_formula_mass	2	FALSE	TRUE	3.13700002152473e-06	0.0072597987188983
CPD-12727	84128	MassBank	TY000118	Wogonin	inchikey	1	TRUE	TRUE	3.4957000139002e-06	0.00873925003475051
LUTEOLIN-7-O-BETA-D-GLUCOSIDE	84130	MassBank	TY000146	Luteolin 7-glucoside	inchikey	1	TRUE	TRUE	1.48510002873081e-06	0.00331421148817327
CPD-15445	84131	MassBank	TY000020	Ginsenoside Rg1	inchikey	1	TRUE	TRUE	2.97940005111741e-06	0.00372196009528515
CPD-9249	84135	MassBank	TY000003	Ginsenoside Rd	inchikey	1	TRUE	TRUE	4.17000001107226e-06	0.00440547197801114
CPD-8958	84139	MassBank	TY000177	Anthricin	inchikey	1	TRUE	TRUE	3.06089998503012e-06	0.0076522499625753
CPD-6602	84140	MassBank	TY000244	Curcumin	name_formula_mass	4	TRUE	TRUE	3.74600006125547e-07	0.000936500015313868
CPD-13494	84141	MassBank	TY000084	6-Gingerol	inchikey	1	TRUE	TRUE	6.77000002724526e-07	0.00169250000681131
CPD-520	84142	MassBank	TY000164	Quercetin	inchikey_connectivity_formula_mass	2	FALSE	TRUE	2.67570004552908e-06	0.00668925011382271
CPD-21760	84146	MassBank	TY000044	Coptisine	inchikey	1	FALSE	TRUE	1.00782797509999	2519.56993774996
5734-TETRAHYDROXYFLAVONE	84147	MassBank	TY000144	Luteolin	inchikey_connectivity_formula_mass	2	FALSE	TRUE	1.94639994788304e-06	0.00486599986970759
ATROPINE	84149	MassBank	TY000041	Atropine	inchikey_connectivity_formula_mass	2	FALSE	TRUE	3.6097999895901e-06	0.00902449997397525
MYRICETIN	84151	MassBank	TY000150	Myricetin	inchikey_connectivity_formula_mass	2	FALSE	TRUE	2.70219999265464e-06	0.0067554999816366
CPD-12724	84152	MassBank	TY000024	Baicalein	inchikey	1	TRUE	TRUE	3.43149997661385e-06	0.00857874994153462
5734-TETRAHYDROXYFLAVONE	84154	MassBank	TY000143	Luteolin	inchikey_connectivity_formula_mass	2	FALSE	TRUE	1.94639994788304e-06	0.00486599986970759
CPD-21760	84156	MassBank	TY000106	Coptisine	inchikey	1	FALSE	TRUE	1.00782797509999	2519.56993774996
NARINGENIN-7-O-BETA-D-GLUCOSIDE	84158	MassBank	TY000160	Prunin	inchikey	1	TRUE	TRUE	3.07280004108179e-06	0.0070782061668748
CPD-9250	84160	MassBank	TY000108	Ginsenoside Rb1	inchikey	1	TRUE	TRUE	7.38499920771574e-07	0.000666153673797336
CPD-7099	84203	MassBank	UPA00019	Cycloheximide	inchikey	1	TRUE	TRUE	2.3190000320028e-07	0.000579750008000701
CPD0-1581	84207	MassBank	UPA00020	Trimethoprim	inchikey	1	TRUE	TRUE	4.64899983398936e-07	0.00116224995849734
5-HYDROXY-TRYPTOPHAN	84211	MassBank	BML81872	5-Hydroxy-L-tryptophan	inchikey	1	TRUE	TRUE	2.61899998577064e-07	0.000654749996442661
ATROPINE	84219	MassBank	BML00611	(+)-Hyoscyamine	name_formula_mass	4	FALSE	TRUE	3.9020000031087e-07	0.000975500000777174
CPD-10110	84220	MassBank	BML00408	Sclareol	inchikey	1	TRUE	TRUE	3.99800001105177e-07	0.000999500002762943
CPD-7252	84223	MassBank	BML81507	Kaempferide	inchikey_connectivity_formula_mass	2	FALSE	TRUE	1.17800027510384e-07	0.00029450006877596
NARINGENIN-CMPD	84226	MassBank	BML00692	Naringenin	inchikey	1	TRUE	TRUE	4.95700021474477e-07	0.00123925005368619
CPD-25234	84229	MassBank	BML80047	(+)-Usnic acid	inchikey_connectivity_formula_mass	2	FALSE	TRUE	1.31700005567836e-07	0.000329250013919591
CPD-8046	84237	MassBank	BML81148	D-Pinitol	name_formula_mass	4	TRUE	TRUE	1.8200000795332e-07	0.0004550000198833
IMP	84244	MassBank	BML81461	Inosinic acid	inchikey_connectivity_formula_mass	2	FALSE	TRUE	7.51000470700092e-08	0.000187750117675023
CPD-12826	84250	MassBank	BML81246	Folic acid	inchikey_connectivity_formula_mass	2	FALSE	TRUE	3.78899983388692e-07	0.000858911586018149
CPD-8718	84253	MassBank	BML81886	7-Epi-Taxol	name_formula_mass	4	TRUE	TRUE	3.51700009559863e-07	0.000412149597239104
CPD-4609	84260	MassBank	BML81530	Kinetin	inchikey	1	TRUE	TRUE	6.30000158707844e-08	0.000157500039676961
L-DIHYDROXY-PHENYLALANINE	84263	MassBank	BML01802	DL-Dopa	name_formula_mass	4	TRUE	TRUE	1.53299993144174e-07	0.000383249982860434
KYNURENATE	84267	MassBank	BML81547	Kynurenic acid	inchikey_connectivity_formula_mass	2	FALSE	TRUE	9.61999830906279e-08	0.00024049995772657
CPD-16777	84269	MassBank	BML81603	Limocitrin	inchikey_connectivity_formula_mass	2	FALSE	TRUE	4.26199960656959e-07	0.0010654999016424
D-GLT	84274	MassBank	BML01298	DL-Glutamate	name_formula_mass	4	FALSE	TRUE	2.17500002008819e-07	0.000543750005022048
GLT	84274	MassBank	BML01298	DL-Glutamate	name_formula_mass	4	FALSE	TRUE	2.17500002008819e-07	0.000543750005022048
NARINGIN	84279	MassBank	BML81785	Naringin	inchikey	1	TRUE	TRUE	2.63400011135673e-07	0.00045399767611674
CAPSAICIN	84283	MassBank	BML80891	Capsaicin	inchikey	1	TRUE	TRUE	2.61799982581579e-07	0.000654499956453947
L-ASPARTATE	84285	MassBank	BML80792	Aspartic Acid	name_formula_mass	4	FALSE	TRUE	2.81700010873465e-07	0.000704250027183662
CPD-9835	84286	MassBank	BML80040	Cinchonidine	name_formula_mass	4	FALSE	TRUE	0.000213338700007171	0.533346750017927
CPD-16777	84293	MassBank	BML01592	Limocitrin	inchikey_connectivity_formula_mass	2	FALSE	TRUE	4.26199960656959e-07	0.0010654999016424
SCOPOLETIN	84299	MassBank	BML82150	Scopoletin	inchikey	1	TRUE	TRUE	2.54799999765964e-07	0.000636999999414911
CPD-8184	84300	MassBank	BML01057	5,7-Dihydroxyflavone	inchikey_connectivity_formula_mass	2	FALSE	TRUE	1.90599990901319e-07	0.000476499977253297
LUTEOLIN-7-O-BETA-D-GLUCOSIDE	84306	MassBank	BML00142	Luteolin 7-glucoside	inchikey	1	TRUE	TRUE	4.85099974412151e-07	0.00108256944111926
CPD0-1959	84308	MassBank	BML81133	D-Methionine (S)-S-oxide	inchikey	1	TRUE	TRUE	8.53999893024593e-08	0.000213499973256148
574-TRIHYDROXY-3-METHOXYFLAVONE	84311	MassBank	BML01636	Chrysoeriol	inchikey_connectivity_formula_mass	2	FALSE	TRUE	1.17800027510384e-07	0.00029450006877596
3-7-DIMETHYLXANTHINE	84317	MassBank	BML01074	Theobromine	inchikey	1	TRUE	TRUE	4.78200007592022e-07	0.00119550001898006
CPD-4222	84318	MassBank	BML01624	Trifolirhizin	name_formula_mass	4	TRUE	TRUE	7.28000486560632e-08	0.000163184427996368
CPD-5741	84321	MassBank	BML00711	Rotenone	inchikey	1	TRUE	TRUE	4.38799986568483e-07	0.00109699996642121
CPD-7561	84327	MassBank	BML80777	(+)-Arteannuin	name_formula_mass	4	TRUE	TRUE	1.83300016942667e-07	0.000458250042356667
RICININE	84331	MassBank	BML00169	Ricinine	inchikey	1	TRUE	TRUE	4.88600022663377e-07	0.00122150005665844
BACCATIN-III	84339	MassBank	BML82395	Baccatin III	inchikey	1	TRUE	TRUE	6.29000851404271e-08	0.000107293827843193
BIOCHANIN-A	84340	MassBank	BML00761	Biochanin A	inchikey_connectivity_formula_mass	2	FALSE	TRUE	4.95700021474477e-07	0.00123925005368619
CPD-7710	84341	MassBank	BML82450	Thebaine	inchikey_connectivity_formula_mass	2	FALSE	TRUE	4.54400037597225e-07	0.00113600009399306
CPD-9195	84344	MassBank	BML80736	Ampicillin	name_formula_mass	4	TRUE	TRUE	1.96099961158325e-07	0.000490249902895812
LIPOIC-ACID	84351	MassBank	BML81143	Thioctic acid	name_formula_mass	4	FALSE	TRUE	9.26399991385551e-07	0.00231599997846388
CPD-520	84352	MassBank	BML01862	Quercetin	inchikey_connectivity_formula_mass	2	FALSE	TRUE	3.24299946896645e-07	0.000810749867241611
CPD-8184	84356	MassBank	BML01066	5,7-Dihydroxyflavone	inchikey_connectivity_formula_mass	2	FALSE	TRUE	1.90599990901319e-07	0.000476499977253297
PYRIDOXAL	84357	MassBank	BML82022	Pyridoxal	inchikey	1	TRUE	TRUE	1.60399991955273e-07	0.000400999979888184
GIBBERELLIN	84358	MassBank	BML00497	Gibberellins	name_formula_mass	4	FALSE	TRUE	4.38799986568483e-07	0.00109699996642121
CPD-14834	84361	MassBank	BML00289	(-)-alpha-Narcotine	inchikey	1	TRUE	TRUE	9.82000187832455e-08	0.000237687581720592
CPD-16777	84367	MassBank	BML01635	Limocitrin	inchikey_connectivity_formula_mass	2	FALSE	TRUE	4.26199960656959e-07	0.0010654999016424
CODEINE	84375	MassBank	BML82462	Codeine	inchikey_connectivity_formula_mass	2	FALSE	TRUE	4.54400037597225e-07	0.00113600009399306
CPD-9941	84381	MassBank	BML81373	Harmol	name_formula_mass	4	TRUE	TRUE	4.65000198346388e-08	0.000116250049586597
CPD-13080	84386	MassBank	BML82197	Solasodine	name_formula_mass	4	FALSE	TRUE	3.70300028862403e-07	0.000895895736214427
CPD-22267	84386	MassBank	BML82197	Solasodine	name_formula_mass	4	TRUE	TRUE	3.70300028862403e-07	0.000895895736214427
5-METHOXYFURANOCOUMARIN	84389	MassBank	BML80817	Bergapten	inchikey	1	TRUE	TRUE	2.54799999765964e-07	0.000636999999414911
CPD-431	84396	MassBank	BML00404	Apigenin	inchikey_connectivity_formula_mass	2	FALSE	TRUE	4.31499984188122e-07	0.0010787499604703
L-ASPARTATE	84397	MassBank	BML80790	Aspartic Acid	name_formula_mass	4	FALSE	TRUE	2.81700010873465e-07	0.000704250027183662
CPD-8912	84399	MassBank	BML82430	Matairesinol	inchikey	1	TRUE	TRUE	4.38799986568483e-07	0.00109699996642121
CPD-4210	84409	MassBank	BML00890	Zeatin	inchikey	1	TRUE	TRUE	6.54000018585066e-08	0.000163500004646266
CPD-11682	84411	MassBank	BML00511	Esculin	name_formula_mass	4	TRUE	TRUE	1.12500003979221e-07	0.000281250009948053
CPD-14461	84411	MassBank	BML00511	Esculin	name_formula_mass	4	TRUE	TRUE	1.12500003979221e-07	0.000281250009948053
DCMP	84424	MassBank	BML80260	2'-Deoxycytidine 5'-monophosphate	name_formula_mass	4	FALSE	TRUE	3.29700014845002e-07	0.000824250037112506
CPD-13455	84426	MassBank	BML81500	Justicidin B	inchikey	1	TRUE	TRUE	2.46199988396256e-07	0.000615499970990641
CPD-16777	84428	MassBank	BML81600	Limocitrin	inchikey_connectivity_formula_mass	2	FALSE	TRUE	4.26199960656959e-07	0.0010654999016424
CPD-8718	84429	MassBank	BML81885	7-Epi-Taxol	name_formula_mass	4	TRUE	TRUE	3.51700009559863e-07	0.000412149597239104
CPD-14483	84433	MassBank	BML81162	18a-Glycyrrhetinic acid	name_formula_mass	4	FALSE	TRUE	3.49999709214899e-08	7.44142534031832e-05
DCMP	84434	MassBank	BML01207	2'-Deoxycytidine 5'-monophosphate	name_formula_mass	4	FALSE	TRUE	3.29700014845002e-07	0.000824250037112506
SCOPOLETIN	84438	MassBank	BML00378	Scopoletin	inchikey	1	TRUE	TRUE	2.54799999765964e-07	0.000636999999414911
TRP	84440	MassBank	BML01208	(±)-Tryptophan	name_formula_mass	4	TRUE	TRUE	3.60200004934086e-07	0.000900500012335215
CPD-9941	84446	MassBank	BML81371	Harmol	name_formula_mass	4	TRUE	TRUE	4.65000198346388e-08	0.000116250049586597
CPD-9787	84447	MassBank	BML01026	1,2,3,10-Tetramethoxy-7-(methylamino)-6,7-dihydro-5H-benzo[a]heptalen-9-one	name_formula_mass	4	FALSE	TRUE	8.1800010320876e-08	0.00020450002580219
CPD-9938	84452	MassBank	BML81355	Harmalol	name_formula_mass	4	TRUE	TRUE	1.76999890300067e-08	4.42499725750167e-05
CPD-8718	84455	MassBank	BML81887	7-Epi-Taxol	name_formula_mass	4	TRUE	TRUE	3.51700009559863e-07	0.000412149597239104
Coumarins	84458	MassBank	BML80985	Coumarin	inchikey	1	TRUE	TRUE	4.36800007719285e-07	0.00109200001929821
COUMARIN	84458	MassBank	BML80985	Coumarin	inchikey	1	TRUE	TRUE	4.36800007719285e-07	0.00109200001929821
CPD-4563	84462	MassBank	BML00199	Sissotrin	name_formula_mass	4	TRUE	TRUE	7.28000486560632e-08	0.000163184427996368
CPD-12826	84467	MassBank	BML00986	Folic acid	inchikey_connectivity_formula_mass	2	FALSE	TRUE	3.78899983388692e-07	0.000858911586018149
ARACHIDONIC_ACID	84480	MassBank	BML80767	Arachidonic acid	inchikey_connectivity_formula_mass	2	FALSE	TRUE	2.71399983375886e-07	0.000678499958439716
CPD-15742	84483	MassBank	BML81897	Papaverine	inchikey	1	TRUE	TRUE	1.67699965913926e-07	0.000419249914784814
CPD-1142	84485	MassBank	BML01096	Salicin	name_formula_mass	4	TRUE	TRUE	6.75000251249003e-08	0.000168750062812251
BIOCHANIN-A	84489	MassBank	BML00767	Biochanin A	inchikey_connectivity_formula_mass	2	FALSE	TRUE	4.95700021474477e-07	0.00123925005368619
CPD-4210	84496	MassBank	BML00900	Zeatin	inchikey	1	TRUE	TRUE	6.54000018585066e-08	0.000163500004646266
CPD-8184	84497	MassBank	BML80936	5,7-Dihydroxyflavone	inchikey_connectivity_formula_mass	2	FALSE	TRUE	1.90599990901319e-07	0.000476499977253297
CPD1F-90	84499	MassBank	BML81511	Kaempferol	inchikey_connectivity_formula_mass	2	FALSE	TRUE	5.3600047067448e-08	0.00013400011766862
FORMONONETIN	84510	MassBank	BML00217	Formononetin	inchikey	1	TRUE	TRUE	1.26399982036673e-07	0.000315999955091684
NARINGENIN-CMPD	84512	MassBank	BML81781	Naringenin	inchikey	1	TRUE	TRUE	4.95700021474477e-07	0.00123925005368619
MORPHINE	84524	MassBank	BML82457	Morphine	inchikey_connectivity_formula_mass	2	FALSE	TRUE	1.85999624591204e-08	4.64999061478011e-05
CPD-4210	84525	MassBank	BML00882	Zeatin	inchikey	1	TRUE	TRUE	6.54000018585066e-08	0.000163500004646266
GIBBERELLIN	84528	MassBank	BML81285	Gibberellins	name_formula_mass	4	FALSE	TRUE	4.38799986568483e-07	0.00109699996642121
CPD-9939	84529	MassBank	BML81352	Harmaline	name_formula_mass	4	TRUE	TRUE	8.18999978946522e-08	0.00020474999473663
KYNURENATE	84530	MassBank	BML81545	Kynurenic acid	inchikey_connectivity_formula_mass	2	FALSE	TRUE	9.61999830906279e-08	0.00024049995772657
CPD-7252	84532	MassBank	BML81505	Kaempferide	inchikey_connectivity_formula_mass	2	FALSE	TRUE	1.17800027510384e-07	0.00029450006877596
ORCINOL-CPD	84536	MassBank	BML81852	Orcinol	inchikey	1	TRUE	TRUE	5.01000002373075e-07	0.00125250000593269
CPD-7099	84541	MassBank	BML00700	Cycloheximide	inchikey	1	TRUE	TRUE	2.3190000320028e-07	0.000579750008000701
CPD-13042	84543	MassBank	BML80645	Methoxsalen	inchikey	1	TRUE	TRUE	2.54799999765964e-07	0.000636999999414911
CAPSAICIN	84546	MassBank	BML00609	Capsaicin	inchikey	1	TRUE	TRUE	2.61799982581579e-07	0.000654499956453947
CPD-25234	84548	MassBank	BML80046	(+)-Usnic acid	inchikey_connectivity_formula_mass	2	FALSE	TRUE	1.31700005567836e-07	0.000329250013919591
CPD-7099	84558	MassBank	BML81018	Cycloheximide	inchikey	1	TRUE	TRUE	2.3190000320028e-07	0.000579750008000701
L-DIHYDROXY-PHENYLALANINE	84561	MassBank	BML80327	DL-Dopa	name_formula_mass	4	TRUE	TRUE	1.53299993144174e-07	0.000383249982860434
CPD-7661	84564	MassBank	BML00392	Nordihydroguaiaretic acid	inchikey	1	TRUE	TRUE	1.94599977021426e-07	0.000486499942553564
CPD-13455	84565	MassBank	BML81502	Justicidin B	inchikey	1	TRUE	TRUE	2.46199988396256e-07	0.000615499970990641
CPD-7252	84566	MassBank	BML81506	Kaempferide	inchikey_connectivity_formula_mass	2	FALSE	TRUE	1.17800027510384e-07	0.00029450006877596
CPD-9940	84580	MassBank	BML81365	Harmine	inchikey	1	TRUE	TRUE	1.76999890300067e-08	4.42499725750167e-05
2-METHYL-3-PHYTYL-14-NAPHTHOQUINONE	84594	MassBank	BML81942	Phylloquinone	name_formula_mass	4	TRUE	TRUE	2.79199980468547e-07	0.000619962510077563
CPD-6602	84598	MassBank	BML00316	Curcumin	name_formula_mass	4	TRUE	TRUE	3.74600006125547e-07	0.000936500015313868
DEOXYCYTIDINE	84600	MassBank	BML80258	Deoxycytidine	inchikey	1	TRUE	TRUE	7.8699997629883e-08	0.000196749994074708
5734-TETRAHYDROXYFLAVONE	84602	MassBank	BML00116	Luteolin	inchikey_connectivity_formula_mass	2	FALSE	TRUE	5.3600047067448e-08	0.00013400011766862
CPD-8959	84603	MassBank	BML81990	5-Hydroxy-9-(3,4,5-trimethoxyphenyl)-5a,6,8a,9-tetrahydro-5H-[2]benzofuro[5,6-f][1,3]benzodioxol-8-one	name_formula_mass	4	TRUE	TRUE	3.17000001359702e-07	0.000765457411708573
URIDINE	84616	MassBank	BML82300	Uridine	inchikey	1	TRUE	TRUE	1.28200014160029e-07	0.000320500035400073
CPD-8959	84617	MassBank	BML81991	5-Hydroxy-9-(3,4,5-trimethoxyphenyl)-5a,6,8a,9-tetrahydro-5H-[2]benzofuro[5,6-f][1,3]benzodioxol-8-one	name_formula_mass	4	TRUE	TRUE	3.17000001359702e-07	0.000765457411708573
N-ACETYL-5-METHOXY-TRYPTAMINE	84618	MassBank	BML00731	Melatonin	inchikey	1	TRUE	TRUE	2.31799987204795e-07	0.000579499968011987
CPD-13042	84621	MassBank	BML00970	Methoxsalen	inchikey	1	TRUE	TRUE	2.54799999765964e-07	0.000636999999414911
FORMONONETIN	84625	MassBank	BML00204	Formononetin	inchikey	1	TRUE	TRUE	1.26399982036673e-07	0.000315999955091684
DAMP	84627	MassBank	BML80251	Deoxyadenosine monophosphate	inchikey_connectivity_formula_mass	2	FALSE	TRUE	2.82000030438212e-07	0.00070500007609553
TRP	84628	MassBank	BML01197	(±)-Tryptophan	name_formula_mass	4	TRUE	TRUE	3.60200004934086e-07	0.000900500012335215
1-3-7-TRIMETHYLXANTHINE	84631	MassBank	BML00705	Caffeine	inchikey	1	TRUE	TRUE	4.13999998727377e-07	0.00103499999681844
CPD-4563	84633	MassBank	BML00172	Sissotrin	name_formula_mass	4	TRUE	TRUE	7.28000486560632e-08	0.000163184427996368
ESTRONE	84641	MassBank	BML81227	Estrone	name_formula_mass	4	TRUE	TRUE	4.96000325256318e-08	0.00012400008131408
CPD-10110	84643	MassBank	BML00422	Sclareol	inchikey	1	TRUE	TRUE	3.99800001105177e-07	0.000999500002762943
CPD-1095	84644	MassBank	BML00818	Acacetin	inchikey_connectivity_formula_mass	2	FALSE	TRUE	4.95700021474477e-07	0.00123925005368619
CPD-9939	84645	MassBank	BML81351	Harmaline	name_formula_mass	4	TRUE	TRUE	8.18999978946522e-08	0.00020474999473663
CPD-6602	84647	MassBank	BML81007	Curcumin	name_formula_mass	4	TRUE	TRUE	3.74600006125547e-07	0.000936500015313868
CPD-8184	84650	MassBank	BML01054	5,7-Dihydroxyflavone	inchikey_connectivity_formula_mass	2	FALSE	TRUE	1.90599990901319e-07	0.000476499977253297
CPD-4609	84660	MassBank	BML81533	Kinetin	inchikey	1	TRUE	TRUE	6.30000158707844e-08	0.000157500039676961
CPD-7075	84663	MassBank	BML00674	Hesperidin	inchikey	1	TRUE	TRUE	4.22900029661832e-07	0.000693063125867771
NICOTINE	84666	MassBank	BML81800	Nicotine	inchikey_connectivity_formula_mass	2	FALSE	TRUE	4.59799991858745e-07	0.00114949997964686
L-ASPARTATE	84669	MassBank	BML01334	Aspartic Acid	name_formula_mass	4	FALSE	TRUE	2.81700010873465e-07	0.000704250027183662
CPD-7099	84672	MassBank	BML81015	Cycloheximide	inchikey	1	TRUE	TRUE	2.3190000320028e-07	0.000579750008000701
CPD-9544	84674	MassBank	BML00231	Amorphigenin	inchikey	1	TRUE	TRUE	6.08999926043907e-08	0.00014848711276741
ESTRONE	84676	MassBank	BML00988	Estrone	name_formula_mass	4	TRUE	TRUE	4.96000325256318e-08	0.00012400008131408
CPD-14834	84677	MassBank	BML81827	(-)-alpha-Narcotine	inchikey	1	TRUE	TRUE	9.82000187832455e-08	0.000237687581720592
CPD-8907	84678	MassBank	BML82417	(+)-lariciresinol	inchikey	1	TRUE	TRUE	5.03000023854838e-07	0.0012575000596371
SCOPOLETIN	84679	MassBank	BML00390	Scopoletin	inchikey	1	TRUE	TRUE	2.54799999765964e-07	0.000636999999414911
CPD-11682	84683	MassBank	BML81217	Esculin	name_formula_mass	4	TRUE	TRUE	1.12500003979221e-07	0.000281250009948053
CPD-14461	84683	MassBank	BML81217	Esculin	name_formula_mass	4	TRUE	TRUE	1.12500003979221e-07	0.000281250009948053
CPD-693	84684	MassBank	BML80670	(-)-Abscisic acid	name_formula_mass	4	FALSE	TRUE	1.3039999657849e-07	0.000325999991446224
CPD-693	84686	MassBank	BML00514	(-)-Abscisic acid	name_formula_mass	4	FALSE	TRUE	1.3039999657849e-07	0.000325999991446224
CAPSAICIN	84687	MassBank	BML00617	Capsaicin	inchikey	1	TRUE	TRUE	2.61799982581579e-07	0.000654499956453947
CPD-7099	84690	MassBank	BML00709	Cycloheximide	inchikey	1	TRUE	TRUE	2.3190000320028e-07	0.000579750008000701
BIOCHANIN-A	84693	MassBank	BML00754	Biochanin A	inchikey_connectivity_formula_mass	2	FALSE	TRUE	4.95700021474477e-07	0.00123925005368619
5734-TETRAHYDROXYFLAVONE	84697	MassBank	BML00151	Luteolin	inchikey_connectivity_formula_mass	2	FALSE	TRUE	5.3600047067448e-08	0.00013400011766862
FORMONONETIN	84706	MassBank	BML00163	Formononetin	inchikey	1	TRUE	TRUE	1.26399982036673e-07	0.000315999955091684
BACCATIN-III	84713	MassBank	BML82396	Baccatin III	inchikey	1	TRUE	TRUE	6.29000851404271e-08	0.000107293827843193
CORTISOL	84714	MassBank	BML81440	Cortisol	inchikey	1	TRUE	TRUE	4.07350000841689e-06	0.0101837500210422
CPD1F-90	84716	MassBank	BML81510	Kaempferol	inchikey_connectivity_formula_mass	2	FALSE	TRUE	5.3600047067448e-08	0.00013400011766862
CPD-21613	84718	MassBank	BML81261	Fraxetin	inchikey	1	TRUE	TRUE	3.67300003745186e-07	0.000918250009362964
CPD-25234	84719	MassBank	BML82321	usnic acid	name_formula_mass	4	FALSE	TRUE	1.31700005567836e-07	0.000329250013919591
CPD-7411	84719	MassBank	BML82321	usnic acid	name_formula_mass	4	FALSE	TRUE	1.31700005567836e-07	0.000329250013919591
CPD-431	84720	MassBank	BML00418	Apigenin	inchikey_connectivity_formula_mass	2	FALSE	TRUE	4.31499984188122e-07	0.0010787499604703
TRP	84721	MassBank	BML01213	(±)-Tryptophan	name_formula_mass	4	TRUE	TRUE	3.60200004934086e-07	0.000900500012335215
NARINGENIN-CMPD	84724	MassBank	BML00656	Naringenin	inchikey	1	TRUE	TRUE	4.95700021474477e-07	0.00123925005368619
ESTRONE	84732	MassBank	BML81226	Estrone	name_formula_mass	4	TRUE	TRUE	4.96000325256318e-08	0.00012400008131408
CPD-9940	84734	MassBank	BML01056	Harmine	inchikey	1	TRUE	TRUE	1.76999890300067e-08	4.42499725750167e-05
FORMONONETIN	84736	MassBank	BML00230	Formononetin	inchikey	1	TRUE	TRUE	1.26399982036673e-07	0.000315999955091684
CPD-12826	84737	MassBank	BML00959	Folic acid	inchikey_connectivity_formula_mass	2	FALSE	TRUE	3.78899983388692e-07	0.000858911586018149
CPD-7075	84739	MassBank	BML00664	Hesperidin	inchikey	1	TRUE	TRUE	4.22900029661832e-07	0.000693063125867771
CPD-431	84741	MassBank	BML80763	Apigenin	inchikey_connectivity_formula_mass	2	FALSE	TRUE	4.31499984188122e-07	0.0010787499604703
ARG	84743	MassBank	BML80770	DL-Arginine	name_formula_mass	4	FALSE	TRUE	2.85599980998086e-07	0.000713999952495215
DEOXYADENOSINE	84744	MassBank	BML80247	2'-Deoxyadenosine	name_formula_mass	4	TRUE	TRUE	3.09599982983855e-07	0.000773999957459637
CPD-13455	84749	MassBank	BML01595	Justicidin B	inchikey	1	TRUE	TRUE	2.46199988396256e-07	0.000615499970990641
PROTOPINE	84751	MassBank	BML82010	Protopine	inchikey	1	TRUE	TRUE	2.74400008493103e-07	0.000686000021232758
INOSINE	84752	MassBank	BML81458	Inosine	inchikey	1	TRUE	TRUE	4.83499945858057e-07	0.00120874986464514
L-CYSTEATE	84755	MassBank	BML81588	Cysteic acid	name_formula_mass	4	FALSE	TRUE	3.04000025153073e-08	7.60000062882682e-05
SEROTONIN	84758	MassBank	BML82172	Serotonin	inchikey_connectivity_formula_mass	2	FALSE	TRUE	1.76999890300067e-08	4.42499725750167e-05
CPD-4222	84765	MassBank	BML01607	Trifolirhizin	name_formula_mass	4	TRUE	TRUE	7.28000486560632e-08	0.000163184427996368
TRP	84771	MassBank	BML01185	(±)-Tryptophan	name_formula_mass	4	TRUE	TRUE	3.60200004934086e-07	0.000900500012335215
CPD-9459	84773	MassBank	BML81845	Oleanolic acid	name_formula_mass	4	FALSE	TRUE	4.07100003485539e-07	0.000892058233329589
CPD-11682	84775	MassBank	BML81218	Esculin	name_formula_mass	4	TRUE	TRUE	1.12500003979221e-07	0.000281250009948053
CPD-14461	84775	MassBank	BML81218	Esculin	name_formula_mass	4	TRUE	TRUE	1.12500003979221e-07	0.000281250009948053
CPD-8097	84776	MassBank	BML81213	Aesculetin	inchikey	1	TRUE	TRUE	3.1900000863061e-07	0.000797500021576525
CPD-676	84778	MassBank	BML80858	Caffeic acid	inchikey_connectivity_formula_mass	2	FALSE	TRUE	2.54799999765964e-07	0.000636999999414911
574-TRIHYDROXY-3-METHOXYFLAVONE	84798	MassBank	BML80942	Chrysoeriol	inchikey_connectivity_formula_mass	2	FALSE	TRUE	1.17800027510384e-07	0.00029450006877596
CPD-14483	84800	MassBank	BML81161	18a-Glycyrrhetinic acid	name_formula_mass	4	FALSE	TRUE	3.49999709214899e-08	7.44142534031832e-05
CPD-4609	84801	MassBank	BML81531	Kinetin	inchikey	1	TRUE	TRUE	6.30000158707844e-08	0.000157500039676961
CPD-8718	84803	MassBank	BML00942	7-Epi-Taxol	name_formula_mass	4	TRUE	TRUE	3.51700009559863e-07	0.000412149597239104
574-TRIHYDROXY-3-METHOXYFLAVONE	84805	MassBank	BML01593	Chrysoeriol	inchikey_connectivity_formula_mass	2	FALSE	TRUE	1.17800027510384e-07	0.00029450006877596
CPD-8184	84808	MassBank	BML01069	5,7-Dihydroxyflavone	inchikey_connectivity_formula_mass	2	FALSE	TRUE	1.90599990901319e-07	0.000476499977253297
CPD-7099	84810	MassBank	BML81017	Cycloheximide	inchikey	1	TRUE	TRUE	2.3190000320028e-07	0.000579750008000701
CPD-83	84814	MassBank	BML82057	Resveratrol	inchikey	1	TRUE	TRUE	2.51500011927419e-07	0.000628750029818548
CPD-9544	84817	MassBank	BML80732	Amorphigenin	inchikey	1	TRUE	TRUE	6.08999926043907e-08	0.00014848711276741
CPD-4210	84819	MassBank	BML82270	Zeatin	inchikey	1	TRUE	TRUE	6.54000018585066e-08	0.000163500004646266
CPD-5741	84825	MassBank	BML82102	Rotenone	inchikey	1	TRUE	TRUE	4.38799986568483e-07	0.00109699996642121
CPD-693	84830	MassBank	BML00498	(-)-Abscisic acid	name_formula_mass	4	FALSE	TRUE	1.3039999657849e-07	0.000325999991446224
CPD-7661	84836	MassBank	BML81821	Nordihydroguaiaretic acid	inchikey	1	TRUE	TRUE	1.94599977021426e-07	0.000486499942553564
ATROPINE	84838	MassBank	BML80802	(+)-Hyoscyamine	name_formula_mass	4	FALSE	TRUE	3.9020000031087e-07	0.000975500000777174
CPD-5741	84839	MassBank	BML82103	Rotenone	inchikey	1	TRUE	TRUE	4.38799986568483e-07	0.00109699996642121
CPD-22580	84840	MassBank	BML81101	Cogoxin	name_formula_mass	4	TRUE	TRUE	2.36200094150263e-07	0.000302653938424647
SCOPOLETIN	84846	MassBank	BML82151	Scopoletin	inchikey	1	TRUE	TRUE	2.54799999765964e-07	0.000636999999414911
CPD-7252	84849	MassBank	BML01850	Kaempferide	inchikey_connectivity_formula_mass	2	FALSE	TRUE	1.17800027510384e-07	0.00029450006877596
CPD-431	84851	MassBank	BML00464	Apigenin	inchikey_connectivity_formula_mass	2	FALSE	TRUE	4.31499984188122e-07	0.0010787499604703
CAPSAICIN	84854	MassBank	BML00633	Capsaicin	inchikey	1	TRUE	TRUE	2.61799982581579e-07	0.000654499956453947
PROTOPINE	84865	MassBank	BML00237	Protopine	inchikey	1	TRUE	TRUE	2.74400008493103e-07	0.000686000021232758
D-GLT	84866	MassBank	BML81312	DL-Glutamate	name_formula_mass	4	FALSE	TRUE	2.17500002008819e-07	0.000543750005022048
GLT	84866	MassBank	BML81312	DL-Glutamate	name_formula_mass	4	FALSE	TRUE	2.17500002008819e-07	0.000543750005022048
CPD-1095	84867	MassBank	BML00838	Acacetin	inchikey_connectivity_formula_mass	2	FALSE	TRUE	4.95700021474477e-07	0.00123925005368619
RICININE	84868	MassBank	BML82080	Ricinine	inchikey	1	TRUE	TRUE	4.88600022663377e-07	0.00122150005665844
GUANOSINE	84872	MassBank	BML81321	Guanosine	inchikey	1	TRUE	TRUE	4.4620003336604e-07	0.0011155000834151
CPD-8959	84874	MassBank	BML00868	5-Hydroxy-9-(3,4,5-trimethoxyphenyl)-5a,6,8a,9-tetrahydro-5H-[2]benzofuro[5,6-f][1,3]benzodioxol-8-one	name_formula_mass	4	TRUE	TRUE	3.17000001359702e-07	0.000765457411708573
L-DIHYDROXY-PHENYLALANINE	84894	MassBank	BML01832	DL-Dopa	name_formula_mass	4	TRUE	TRUE	1.53299993144174e-07	0.000383249982860434
CPD-14834	84899	MassBank	BML80090	(-)-alpha-Narcotine	inchikey	1	TRUE	TRUE	9.82000187832455e-08	0.000237687581720592
CPD-14483	84901	MassBank	BML00517	18a-Glycyrrhetinic acid	name_formula_mass	4	FALSE	TRUE	3.49999709214899e-08	7.44142534031832e-05
1-3-7-TRIMETHYLXANTHINE	84909	MassBank	BML80860	Caffeine	inchikey	1	TRUE	TRUE	4.13999998727377e-07	0.00103499999681844
CPD-5741	84913	MassBank	BML00702	Rotenone	inchikey	1	TRUE	TRUE	4.38799986568483e-07	0.00109699996642121
CPD-9459	84919	MassBank	BML81846	Oleanolic acid	name_formula_mass	4	FALSE	TRUE	4.07100003485539e-07	0.000892058233329589
5-HYDROXY-TRYPTOPHAN	84930	MassBank	BML01217	5-Hydroxy-L-tryptophan	inchikey	1	TRUE	TRUE	2.61899998577064e-07	0.000654749996442661
KYNURENATE	84932	MassBank	BML00243	Kynurenic acid	inchikey_connectivity_formula_mass	2	FALSE	TRUE	9.61999830906279e-08	0.00024049995772657
KYNURENATE	84936	MassBank	BML81546	Kynurenic acid	inchikey_connectivity_formula_mass	2	FALSE	TRUE	9.61999830906279e-08	0.00024049995772657
CPD-9940	84940	MassBank	BML81367	Harmine	inchikey	1	TRUE	TRUE	1.76999890300067e-08	4.42499725750167e-05
NARINGIN	84942	MassBank	BML81786	Naringin	inchikey	1	TRUE	TRUE	2.63400011135673e-07	0.00045399767611674
GUANOSINE	84951	MassBank	BML81320	Guanosine	inchikey	1	TRUE	TRUE	4.4620003336604e-07	0.0011155000834151
CPD-9544	84952	MassBank	BML80730	Amorphigenin	inchikey	1	TRUE	TRUE	6.08999926043907e-08	0.00014848711276741
MALTOSE	84955	MassBank	BML80908	D-Glucose, 4-O-beta-D-galactopyranosyl-	name_formula_mass	4	TRUE	TRUE	4.50699985776737e-07	0.00112674996444184
CPD-19430	84959	MassBank	BML80020	Galantamine	inchikey	1	TRUE	TRUE	4.54400037597225e-07	0.00113600009399306
CPD-4609	84961	MassBank	BML00730	Kinetin	inchikey	1	TRUE	TRUE	6.30000158707844e-08	0.000157500039676961
TYR	84969	MassBank	BML01101	D-Tyrosine	name_formula_mass	4	TRUE	TRUE	2.24600000819919e-07	0.000561500002049797
CPD-8184	84970	MassBank	BML80937	5,7-Dihydroxyflavone	inchikey_connectivity_formula_mass	2	FALSE	TRUE	1.90599990901319e-07	0.000476499977253297
CPD-7099	84971	MassBank	BML00740	Cycloheximide	inchikey	1	TRUE	TRUE	2.3190000320028e-07	0.000579750008000701
CPD-431	84972	MassBank	BML80762	Apigenin	inchikey_connectivity_formula_mass	2	FALSE	TRUE	4.31499984188122e-07	0.0010787499604703
L-DIHYDROXY-PHENYLALANINE	84976	MassBank	BML80326	DL-Dopa	name_formula_mass	4	TRUE	TRUE	1.53299993144174e-07	0.000383249982860434
1-3-7-TRIMETHYLXANTHINE	84979	MassBank	BML80862	Caffeine	inchikey	1	TRUE	TRUE	4.13999998727377e-07	0.00103499999681844
Pyranuronates	84983	MassBank	BML81305	(2R,3R,4R,5S,6S)-3,4,5,6-Tetrahydroxyoxane-2-carboxylic acid	inchikey_connectivity_formula_mass	2	FALSE	TRUE	3.24300003740063e-07	0.000810750009350159
PROGESTERONE	84988	MassBank	BML82007	Progesterone	name_formula_mass	4	TRUE	TRUE	2.0720000293295e-07	0.000518000007332375
SHIKIMATE	84993	MassBank	BML82178	Shikimic acid	name_formula_mass	4	FALSE	TRUE	4.31500012609831e-07	0.00107875003152458
CPD-12447	84994	MassBank	BML81936	Phlorizin	inchikey_connectivity_formula_mass	2	FALSE	TRUE	8.60001136970823e-09	1.97186031337946e-05
TRP	84999	MassBank	BML81643	(±)-Tryptophan	name_formula_mass	4	TRUE	TRUE	3.60200004934086e-07	0.000900500012335215
VANILLIN	85006	MassBank	BML82327	Vanillin	inchikey	1	TRUE	TRUE	1.23099994198128e-07	0.00030774998549532
CPD-25234	85009	MassBank	BML82323	usnic acid	name_formula_mass	4	FALSE	TRUE	1.31700005567836e-07	0.000329250013919591
CPD-7411	85009	MassBank	BML82323	usnic acid	name_formula_mass	4	FALSE	TRUE	1.31700005567836e-07	0.000329250013919591
CPD-16766	85011	MassBank	BML81900	Parthenolide	name_formula_mass	4	TRUE	TRUE	4.9170000693266e-07	0.00122925001733165
CPD-11682	85013	MassBank	BML00486	Esculin	name_formula_mass	4	TRUE	TRUE	1.12500003979221e-07	0.000281250009948053
CPD-14461	85013	MassBank	BML00486	Esculin	name_formula_mass	4	TRUE	TRUE	1.12500003979221e-07	0.000281250009948053
SCOPOLAMINE	85019	MassBank	BML82471	Scopolamine	name_formula_mass	4	TRUE	TRUE	1.67699965913926e-07	0.000419249914784814
CPD-7099	85025	MassBank	BML81016	Cycloheximide	inchikey	1	TRUE	TRUE	2.3190000320028e-07	0.000579750008000701
NARINGIN	85027	MassBank	BML01161	Naringin	inchikey	1	TRUE	TRUE	2.63400011135673e-07	0.00045399767611674
TRP	85033	MassBank	BML81640	(±)-Tryptophan	name_formula_mass	4	TRUE	TRUE	3.60200004934086e-07	0.000900500012335215
CPD-13455	85039	MassBank	BML01613	Justicidin B	inchikey	1	TRUE	TRUE	2.46199988396256e-07	0.000615499970990641
CPD1F-90	85051	MassBank	BML00267	Kaempferol	inchikey_connectivity_formula_mass	2	FALSE	TRUE	5.3600047067448e-08	0.00013400011766862
CPD-25234	85052	MassBank	BML80048	(+)-Usnic acid	inchikey_connectivity_formula_mass	2	FALSE	TRUE	1.31700005567836e-07	0.000329250013919591
CPD-7661	85059	MassBank	BML00380	Nordihydroguaiaretic acid	inchikey	1	TRUE	TRUE	1.94599977021426e-07	0.000486499942553564
CPD-16777	85061	MassBank	BML01627	Limocitrin	inchikey_connectivity_formula_mass	2	FALSE	TRUE	4.26199960656959e-07	0.0010654999016424
CPD-7099	85071	MassBank	BML00733	Cycloheximide	inchikey	1	TRUE	TRUE	2.3190000320028e-07	0.000579750008000701
CPD-21613	85073	MassBank	BML00211	Fraxetin	inchikey	1	TRUE	TRUE	3.67300003745186e-07	0.000918250009362964
CPD-8912	85078	MassBank	BML82431	Matairesinol	inchikey	1	TRUE	TRUE	4.38799986568483e-07	0.00109699996642121
NARINGENIN-CMPD	85081	MassBank	BML00645	Naringenin	inchikey	1	TRUE	TRUE	4.95700021474477e-07	0.00123925005368619
KYNURENATE	85084	MassBank	BML00236	Kynurenic acid	inchikey_connectivity_formula_mass	2	FALSE	TRUE	9.61999830906279e-08	0.00024049995772657
CPD-4609	85089	MassBank	BML00697	Kinetin	inchikey	1	TRUE	TRUE	6.30000158707844e-08	0.000157500039676961
CPD1F-90	85093	MassBank	BML81512	Kaempferol	inchikey_connectivity_formula_mass	2	FALSE	TRUE	5.3600047067448e-08	0.00013400011766862
GIBBERELLIN	85097	MassBank	BML81286	Gibberellins	name_formula_mass	4	FALSE	TRUE	4.38799986568483e-07	0.00109699996642121
STRICTOSIDINE	85098	MassBank	BML82475	Strictosidine	inchikey_connectivity_formula_mass	2	FALSE	TRUE	2.99300040751405e-07	0.000564475898260817
5734-TETRAHYDROXYFLAVONE	85099	MassBank	BML00136	Luteolin	inchikey_connectivity_formula_mass	2	FALSE	TRUE	5.3600047067448e-08	0.00013400011766862
CORTISOL	85102	MassBank	BML01050	Cortisol	inchikey	1	TRUE	TRUE	4.07350000841689e-06	0.0101837500210422
CPD-15742	85108	MassBank	BML00076	Papaverine	inchikey	1	TRUE	TRUE	1.67699965913926e-07	0.000419249914784814
CPD-14483	85111	MassBank	BML00484	18a-Glycyrrhetinic acid	name_formula_mass	4	FALSE	TRUE	3.49999709214899e-08	7.44142534031832e-05
CPD-4461	85114	MassBank	BML81983	Plumbagin	inchikey	1	TRUE	TRUE	1.23099994198128e-07	0.00030774998549532
CPD-14751	85117	MassBank	BML00530	Aritmina	name_formula_mass	4	TRUE	TRUE	8.92000002750137e-08	0.000223000000687534
CPD-4242	85117	MassBank	BML00530	Aritmina	name_formula_mass	4	FALSE	TRUE	8.92000002750137e-08	0.000223000000687534
LUTEOLIN-7-O-BETA-D-GLUCOSIDE	85118	MassBank	BML81655	Luteolin 7-glucoside	inchikey	1	TRUE	TRUE	4.85099974412151e-07	0.00108256944111926
R-CANADINE	85124	MassBank	BML00921	(R)-Canadine	name_formula_mass	4	TRUE	TRUE	1.67699965913926e-07	0.000419249914784814
CPD-15742	85129	MassBank	BML00069	Papaverine	inchikey	1	TRUE	TRUE	1.67699965913926e-07	0.000419249914784814
VANILLIN	85132	MassBank	BML82325	Vanillin	inchikey	1	TRUE	TRUE	1.23099994198128e-07	0.00030774998549532
CPD-4210	85136	MassBank	BML82271	Zeatin	inchikey	1	TRUE	TRUE	6.54000018585066e-08	0.000163500004646266
5734-TETRAHYDROXYFLAVONE	85139	MassBank	BML81653	Luteolin	inchikey_connectivity_formula_mass	2	FALSE	TRUE	5.3600047067448e-08	0.00013400011766862
SCOPOLETIN	85141	MassBank	BML00384	Scopoletin	inchikey	1	TRUE	TRUE	2.54799999765964e-07	0.000636999999414911
PHLORETIN	85144	MassBank	BML00573	Phloretin	inchikey	1	TRUE	TRUE	4.4009999555783e-07	0.00110024998889457
CPD-8216	85153	MassBank	BML80946	Chrysophanol	inchikey	1	TRUE	TRUE	1.90599990901319e-07	0.000476499977253297
TYR	85154	MassBank	BML01095	D-Tyrosine	name_formula_mass	4	TRUE	TRUE	2.24600000819919e-07	0.000561500002049797
XANTHOSINE	85156	MassBank	BML82350	Xanthosine	inchikey	1	TRUE	TRUE	1.38600000809674e-07	0.000346500002024186
L-CYSTEATE	85157	MassBank	BML01673	Cysteic acid	name_formula_mass	4	FALSE	TRUE	3.04000025153073e-08	7.60000062882682e-05
CPD-8905	85159	MassBank	BML82375	Pinoresinol	inchikey	1	TRUE	TRUE	4.38799986568483e-07	0.00109699996642121
CPD-3711	85164	MassBank	BML81031	Cytidine 3'-monophosphate	inchikey_connectivity_formula_mass	2	FALSE	TRUE	4.81999791190901e-08	0.000120499947797725
SEROTONIN	85167	MassBank	BML82170	Serotonin	inchikey_connectivity_formula_mass	2	FALSE	TRUE	1.76999890300067e-08	4.42499725750167e-05
CPD-9940	85172	MassBank	BML01068	Harmine	inchikey	1	TRUE	TRUE	1.76999890300067e-08	4.42499725750167e-05
CPD-8962	85182	MassBank	BML82443	5-methoxypodophyllotoxin	inchikey	1	TRUE	TRUE	3.69300039437803e-07	0.000831490857705477
ADENOSINE	85186	MassBank	BML80690	Adenosine	inchikey	1	TRUE	TRUE	6.82999825585284e-08	0.000170749956396321
ARACHIDONIC_ACID	85195	MassBank	BML80768	Arachidonic acid	inchikey_connectivity_formula_mass	2	FALSE	TRUE	2.71399983375886e-07	0.000678499958439716
CPD-7252	85209	MassBank	BML01840	Kaempferide	inchikey_connectivity_formula_mass	2	FALSE	TRUE	1.17800027510384e-07	0.00029450006877596
BIOCHANIN-A	85216	MassBank	BML80820	Biochanin A	inchikey_connectivity_formula_mass	2	FALSE	TRUE	4.95700021474477e-07	0.00123925005368619
MIMOSINE	85220	MassBank	BML81700	Mimosine	name_formula_mass	4	FALSE	TRUE	1.80200004251674e-07	0.000450500010629185
AMINO-ETCETERA-PYRIDIN-1-YL-PROPANOATE	85220	MassBank	BML81700	Mimosine	name_formula_mass	4	FALSE	TRUE	1.80200004251674e-07	0.000450500010629185
PHLORETIN	85222	MassBank	BML00595	Phloretin	inchikey	1	TRUE	TRUE	4.4009999555783e-07	0.00110024998889457
PHLORETIN	85224	MassBank	BML81930	Phloretin	inchikey	1	TRUE	TRUE	4.4009999555783e-07	0.00110024998889457
CPD-21613	85226	MassBank	BML81260	Fraxetin	inchikey	1	TRUE	TRUE	3.67300003745186e-07	0.000918250009362964
CPD-83	85228	MassBank	BML00673	Resveratrol	inchikey	1	TRUE	TRUE	2.51500011927419e-07	0.000628750029818548
CPD-8960	85231	MassBank	BML82436	Beta-Peltatin	inchikey	1	TRUE	TRUE	3.17000001359702e-07	0.000765457411708573
VANILLIN	85232	MassBank	BML82328	Vanillin	inchikey	1	TRUE	TRUE	1.23099994198128e-07	0.00030774998549532
CPD1F-90	85233	MassBank	BML00274	Kaempferol	inchikey_connectivity_formula_mass	2	FALSE	TRUE	5.3600047067448e-08	0.00013400011766862
CPD-8216	85234	MassBank	BML01132	Chrysophanol	inchikey	1	TRUE	TRUE	1.90599990901319e-07	0.000476499977253297
NICOTINE	85236	MassBank	BML81802	Nicotine	inchikey_connectivity_formula_mass	2	FALSE	TRUE	4.59799991858745e-07	0.00114949997964686
CPD-4222	85241	MassBank	BML01616	Trifolirhizin	name_formula_mass	4	TRUE	TRUE	7.28000486560632e-08	0.000163184427996368
CPD-13042	85245	MassBank	BML80647	Methoxsalen	inchikey	1	TRUE	TRUE	2.54799999765964e-07	0.000636999999414911
CPD-7661	85246	MassBank	BML81820	Nordihydroguaiaretic acid	inchikey	1	TRUE	TRUE	1.94599977021426e-07	0.000486499942553564
CPD-4609	85248	MassBank	BML00706	Kinetin	inchikey	1	TRUE	TRUE	6.30000158707844e-08	0.000157500039676961
RICININE	85261	MassBank	BML82082	Ricinine	inchikey	1	TRUE	TRUE	4.88600022663377e-07	0.00122150005665844
XANTHOSINE	85264	MassBank	BML82353	Xanthosine	inchikey	1	TRUE	TRUE	1.38600000809674e-07	0.000346500002024186
CPD-9939	85266	MassBank	BML00079	Harmaline	name_formula_mass	4	TRUE	TRUE	8.18999978946522e-08	0.00020474999473663
N-ACETYL-5-METHOXY-TRYPTAMINE	85271	MassBank	BML00738	Melatonin	inchikey	1	TRUE	TRUE	2.31799987204795e-07	0.000579499968011987
CPD-13455	85272	MassBank	BML01604	Justicidin B	inchikey	1	TRUE	TRUE	2.46199988396256e-07	0.000615499970990641
PROGESTERONE	85278	MassBank	BML82005	Progesterone	name_formula_mass	4	TRUE	TRUE	2.0720000293295e-07	0.000518000007332375
CPD-25234	85280	MassBank	BML82322	usnic acid	name_formula_mass	4	FALSE	TRUE	1.31700005567836e-07	0.000329250013919591
CPD-7411	85280	MassBank	BML82322	usnic acid	name_formula_mass	4	FALSE	TRUE	1.31700005567836e-07	0.000329250013919591
CPD-4210	85284	MassBank	BML00864	Zeatin	inchikey	1	TRUE	TRUE	6.54000018585066e-08	0.000163500004646266
CPD-7252	85291	MassBank	BML01860	Kaempferide	inchikey_connectivity_formula_mass	2	FALSE	TRUE	1.17800027510384e-07	0.00029450006877596
PYRIDOXAL	85296	MassBank	BML82023	Pyridoxal	inchikey	1	TRUE	TRUE	1.60399991955273e-07	0.000400999979888184
CODEINE	85299	MassBank	BML82460	Codeine	inchikey_connectivity_formula_mass	2	FALSE	TRUE	4.54400037597225e-07	0.00113600009399306
CPD-1095	85304	MassBank	BML80676	Acacetin	inchikey_connectivity_formula_mass	2	FALSE	TRUE	4.95700021474477e-07	0.00123925005368619
CPD-14751	85305	MassBank	BML00521	Aritmina	name_formula_mass	4	TRUE	TRUE	8.92000002750137e-08	0.000223000000687534
CPD-4242	85305	MassBank	BML00521	Aritmina	name_formula_mass	4	FALSE	TRUE	8.92000002750137e-08	0.000223000000687534
CPD-12447	85307	MassBank	BML81935	Phlorizin	inchikey_connectivity_formula_mass	2	FALSE	TRUE	8.60001136970823e-09	1.97186031337946e-05
CPD-4210	85318	MassBank	BML82273	Zeatin	inchikey	1	TRUE	TRUE	6.54000018585066e-08	0.000163500004646266
CPD-8046	85323	MassBank	BML81145	D-Pinitol	name_formula_mass	4	TRUE	TRUE	1.8200000795332e-07	0.0004550000198833
CPD-1095	85326	MassBank	BML80675	Acacetin	inchikey_connectivity_formula_mass	2	FALSE	TRUE	4.95700021474477e-07	0.00123925005368619
CPD-4222	85328	MassBank	BML82282	Trifolirhizin	name_formula_mass	4	TRUE	TRUE	7.28000486560632e-08	0.000163184427996368
PHLORETIN	85331	MassBank	BML81931	Phloretin	inchikey	1	TRUE	TRUE	4.4009999555783e-07	0.00110024998889457
D-GLT	85337	MassBank	BML01280	DL-Glutamate	name_formula_mass	4	FALSE	TRUE	2.17500002008819e-07	0.000543750005022048
GLT	85337	MassBank	BML01280	DL-Glutamate	name_formula_mass	4	FALSE	TRUE	2.17500002008819e-07	0.000543750005022048
MYRICETIN	85345	MassBank	BML81720	Myricetin	inchikey_connectivity_formula_mass	2	FALSE	TRUE	2.97799999771087e-07	0.000744499999427717
CPD-9544	85350	MassBank	BML00218	Amorphigenin	inchikey	1	TRUE	TRUE	6.08999926043907e-08	0.00014848711276741
CPD-6602	85354	MassBank	BML00308	Curcumin	name_formula_mass	4	TRUE	TRUE	3.74600006125547e-07	0.000936500015313868
CPD-8097	85360	MassBank	BML81212	Aesculetin	inchikey	1	TRUE	TRUE	3.1900000863061e-07	0.000797500021576525
CPD-9835	85363	MassBank	BML00067	Cinchonidine	name_formula_mass	4	FALSE	TRUE	0.000213338700007171	0.533346750017927
CPD-520	85364	MassBank	BML82025	Quercetin	inchikey_connectivity_formula_mass	2	FALSE	TRUE	3.24299946896645e-07	0.000810749867241611
CPD-22580	85365	MassBank	BML81100	Cogoxin	name_formula_mass	4	TRUE	TRUE	2.36200094150263e-07	0.000302653938424647
ORCINOL-CPD	85368	MassBank	BML81851	Orcinol	inchikey	1	TRUE	TRUE	5.01000002373075e-07	0.00125250000593269
574-TRIHYDROXY-3-METHOXYFLAVONE	85372	MassBank	BML80941	Chrysoeriol	inchikey_connectivity_formula_mass	2	FALSE	TRUE	1.17800027510384e-07	0.00029450006877596
CPD-22577	85374	MassBank	BML01182	Digimed	name_formula_mass	4	TRUE	TRUE	1.41699956657249e-07	0.000185365680173738
CPD-8909	85382	MassBank	BML82373	Secoisolariciresinol	inchikey	1	TRUE	TRUE	4.32799993177468e-07	0.00108199998294367
CPD0-1959	85383	MassBank	BML81132	D-Methionine (S)-S-oxide	inchikey	1	TRUE	TRUE	8.53999893024593e-08	0.000213499973256148
CPD1F-90	85385	MassBank	BML81513	Kaempferol	inchikey_connectivity_formula_mass	2	FALSE	TRUE	5.3600047067448e-08	0.00013400011766862
5734-TETRAHYDROXYFLAVONE	85389	MassBank	BML00144	Luteolin	inchikey_connectivity_formula_mass	2	FALSE	TRUE	5.3600047067448e-08	0.00013400011766862
CPD-13042	85392	MassBank	BML00979	Methoxsalen	inchikey	1	TRUE	TRUE	2.54799999765964e-07	0.000636999999414911
N-ACETYL-5-METHOXY-TRYPTAMINE	85393	MassBank	BML81677	Melatonin	inchikey	1	TRUE	TRUE	2.31799987204795e-07	0.000579499968011987
SHIKIMATE	85394	MassBank	BML82176	Shikimic acid	name_formula_mass	4	FALSE	TRUE	4.31500012609831e-07	0.00107875003152458
CPD-734	85395	MassBank	BML81491	Jasmonic acid	name_formula_mass	4	FALSE	TRUE	4.44099981677937e-07	0.00111024995419484
D-GLT	85404	MassBank	BML81311	DL-Glutamate	name_formula_mass	4	FALSE	TRUE	2.17500002008819e-07	0.000543750005022048
GLT	85404	MassBank	BML81311	DL-Glutamate	name_formula_mass	4	FALSE	TRUE	2.17500002008819e-07	0.000543750005022048
CPD-8909	85408	MassBank	BML82370	Secoisolariciresinol	inchikey	1	TRUE	TRUE	4.32799993177468e-07	0.00108199998294367
CPD-693	85409	MassBank	BML00506	(-)-Abscisic acid	name_formula_mass	4	FALSE	TRUE	1.3039999657849e-07	0.000325999991446224
CPD-8909	85410	MassBank	BML82371	Secoisolariciresinol	inchikey	1	TRUE	TRUE	4.32799993177468e-07	0.00108199998294367
CPD-8184	85411	MassBank	BML80935	5,7-Dihydroxyflavone	inchikey_connectivity_formula_mass	2	FALSE	TRUE	1.90599990901319e-07	0.000476499977253297
ATROPINE	85416	MassBank	BML00603	(+)-Hyoscyamine	name_formula_mass	4	FALSE	TRUE	3.9020000031087e-07	0.000975500000777174
NARINGIN	85425	MassBank	BML81788	Naringin	inchikey	1	TRUE	TRUE	2.63400011135673e-07	0.00045399767611674
CPD-7099	85427	MassBank	BML00726	Cycloheximide	inchikey	1	TRUE	TRUE	2.3190000320028e-07	0.000579750008000701
5-METHOXYFURANOCOUMARIN	85430	MassBank	BML80815	Bergapten	inchikey	1	TRUE	TRUE	2.54799999765964e-07	0.000636999999414911
3-7-DIMETHYLXANTHINE	85433	MassBank	BML01082	Theobromine	inchikey	1	TRUE	TRUE	4.78200007592022e-07	0.00119550001898006
LIPOIC-ACID	85439	MassBank	BML81141	Thioctic acid	name_formula_mass	4	FALSE	TRUE	9.26399991385551e-07	0.00231599997846388
CPD-13080	85443	MassBank	BML00924	Solasodine	name_formula_mass	4	FALSE	TRUE	3.70300028862403e-07	0.000895895736214427
CPD-22267	85443	MassBank	BML00924	Solasodine	name_formula_mass	4	TRUE	TRUE	3.70300028862403e-07	0.000895895736214427
RUTIN	85450	MassBank	BML00148	Rutin	inchikey_connectivity_formula_mass	2	FALSE	TRUE	8.33999820315512e-08	0.000136686912001563
CPD-8694	85452	MassBank	BML80661	Abietic acid	inchikey_connectivity_formula_mass	2	FALSE	TRUE	2.0720000293295e-07	0.000518000007332375
CPD-676	85459	MassBank	BML00729	Caffeic acid	inchikey_connectivity_formula_mass	2	FALSE	TRUE	2.54799999765964e-07	0.000636999999414911
HISTIDINOL	85460	MassBank	BML81411	Histidinol	name_formula_mass	4	FALSE	TRUE	9.20002207749349e-09	2.30000551937337e-05
CPD-9544	85462	MassBank	BML00178	Amorphigenin	inchikey	1	TRUE	TRUE	6.08999926043907e-08	0.00014848711276741
CPD-8694	85463	MassBank	BML80660	Abietic acid	inchikey_connectivity_formula_mass	2	FALSE	TRUE	2.0720000293295e-07	0.000518000007332375
CPD-16777	85465	MassBank	BML01619	Limocitrin	inchikey_connectivity_formula_mass	2	FALSE	TRUE	4.26199960656959e-07	0.0010654999016424
N-ACETYL-5-METHOXY-TRYPTAMINE	85474	MassBank	BML00698	Melatonin	inchikey	1	TRUE	TRUE	2.31799987204795e-07	0.000579499968011987
RUTIN	85477	MassBank	BML00101	Rutin	inchikey_connectivity_formula_mass	2	FALSE	TRUE	8.33999820315512e-08	0.000136686912001563
CAPSAICIN	85478	MassBank	BML00625	Capsaicin	inchikey	1	TRUE	TRUE	2.61799982581579e-07	0.000654499956453947
NARINGENIN-CMPD	85480	MassBank	BML81783	Naringenin	inchikey	1	TRUE	TRUE	4.95700021474477e-07	0.00123925005368619
CPD-676	85484	MassBank	BML80856	Caffeic acid	inchikey_connectivity_formula_mass	2	FALSE	TRUE	2.54799999765964e-07	0.000636999999414911
CPD-25234	85487	MassBank	BML00262	usnic acid	name_formula_mass	4	FALSE	TRUE	1.31700005567836e-07	0.000329250013919591
CPD-7411	85487	MassBank	BML00262	usnic acid	name_formula_mass	4	FALSE	TRUE	1.31700005567836e-07	0.000329250013919591
CPD-19438	85492	MassBank	BML81660	Lycorine	inchikey	1	TRUE	TRUE	3.93000050280534e-08	9.82500125701335e-05
1-3-7-TRIMETHYLXANTHINE	85498	MassBank	BML00696	Caffeine	inchikey	1	TRUE	TRUE	4.13999998727377e-07	0.00103499999681844
CPD-693	85501	MassBank	BML80671	(-)-Abscisic acid	name_formula_mass	4	FALSE	TRUE	1.3039999657849e-07	0.000325999991446224
CPD-8184	85505	MassBank	BML01060	5,7-Dihydroxyflavone	inchikey_connectivity_formula_mass	2	FALSE	TRUE	1.90599990901319e-07	0.000476499977253297
CPD-7710	85507	MassBank	BML82452	Thebaine	inchikey_connectivity_formula_mass	2	FALSE	TRUE	4.54400037597225e-07	0.00113600009399306
QUINATE	85510	MassBank	BML82031	Quinic acid	name_formula_mass	4	FALSE	TRUE	1.17799999088675e-07	0.000294499997721687
574-TRIHYDROXY-3-METHOXYFLAVONE	85513	MassBank	BML01602	Chrysoeriol	inchikey_connectivity_formula_mass	2	FALSE	TRUE	1.17800027510384e-07	0.00029450006877596
CPD-3711	85516	MassBank	BML81030	Cytidine 3'-monophosphate	inchikey_connectivity_formula_mass	2	FALSE	TRUE	4.81999791190901e-08	0.000120499947797725
CPD-12826	85520	MassBank	BML00994	Folic acid	inchikey_connectivity_formula_mass	2	FALSE	TRUE	3.78899983388692e-07	0.000858911586018149
ARACHIDONIC_ACID	85526	MassBank	BML80765	Arachidonic acid	inchikey_connectivity_formula_mass	2	FALSE	TRUE	2.71399983375886e-07	0.000678499958439716
CPD-7075	85527	MassBank	BML00642	Hesperidin	inchikey	1	TRUE	TRUE	4.22900029661832e-07	0.000693063125867771
PROTOPINE	85529	MassBank	BML00244	Protopine	inchikey	1	TRUE	TRUE	2.74400008493103e-07	0.000686000021232758
CPD-19438	85536	MassBank	BML81661	Lycorine	inchikey	1	TRUE	TRUE	3.93000050280534e-08	9.82500125701335e-05
CPD-6602	85539	MassBank	BML81008	Curcumin	name_formula_mass	4	TRUE	TRUE	3.74600006125547e-07	0.000936500015313868
FORMONONETIN	85540	MassBank	BML81258	Formononetin	inchikey	1	TRUE	TRUE	1.26399982036673e-07	0.000315999955091684
L-CYSTEATE	85542	MassBank	BML81585	Cysteic acid	name_formula_mass	4	FALSE	TRUE	3.04000025153073e-08	7.60000062882682e-05
CPD-7075	85548	MassBank	BML81385	Hesperidin	inchikey	1	TRUE	TRUE	4.22900029661832e-07	0.000693063125867771
CPD-693	85551	MassBank	BML80672	(-)-Abscisic acid	name_formula_mass	4	FALSE	TRUE	1.3039999657849e-07	0.000325999991446224
CPD-14751	85556	MassBank	BML80702	Aritmina	name_formula_mass	4	TRUE	TRUE	8.92000002750137e-08	0.000223000000687534
CPD-4242	85556	MassBank	BML80702	Aritmina	name_formula_mass	4	FALSE	TRUE	8.92000002750137e-08	0.000223000000687534
RUTIN	85557	MassBank	BML00141	Rutin	inchikey_connectivity_formula_mass	2	FALSE	TRUE	8.33999820315512e-08	0.000136686912001563
PHLORETIN	85561	MassBank	BML00590	Phloretin	inchikey	1	TRUE	TRUE	4.4009999555783e-07	0.00110024998889457
CPD-9941	85572	MassBank	BML81370	Harmol	name_formula_mass	4	TRUE	TRUE	4.65000198346388e-08	0.000116250049586597
CPD-13042	85574	MassBank	BML00961	Methoxsalen	inchikey	1	TRUE	TRUE	2.54799999765964e-07	0.000636999999414911
KYNURENATE	85580	MassBank	BML00250	Kynurenic acid	inchikey_connectivity_formula_mass	2	FALSE	TRUE	9.61999830906279e-08	0.00024049995772657
CPD-8718	85585	MassBank	BML00948	7-Epi-Taxol	name_formula_mass	4	TRUE	TRUE	3.51700009559863e-07	0.000412149597239104
D-GLT	85587	MassBank	BML81310	DL-Glutamate	name_formula_mass	4	FALSE	TRUE	2.17500002008819e-07	0.000543750005022048
GLT	85587	MassBank	BML81310	DL-Glutamate	name_formula_mass	4	FALSE	TRUE	2.17500002008819e-07	0.000543750005022048
PHYTOALEXIN-CMPD	85588	MassBank	BML00655	Psoralen	inchikey	1	TRUE	TRUE	5.8900013755192e-08	0.00014725003438798
ADENOSINE	85595	MassBank	BML80693	Adenosine	inchikey	1	TRUE	TRUE	6.82999825585284e-08	0.000170749956396321
CPD-9940	85599	MassBank	BML81368	Harmine	inchikey	1	TRUE	TRUE	1.76999890300067e-08	4.42499725750167e-05
CPD-9940	85608	MassBank	BML01065	Harmine	inchikey	1	TRUE	TRUE	1.76999890300067e-08	4.42499725750167e-05
CPD-1095	85609	MassBank	BML00847	Acacetin	inchikey_connectivity_formula_mass	2	FALSE	TRUE	4.95700021474477e-07	0.00123925005368619
CPD-8718	85611	MassBank	BML00925	7-Epi-Taxol	name_formula_mass	4	TRUE	TRUE	3.51700009559863e-07	0.000412149597239104
SCOPOLETIN	85612	MassBank	BML82152	Scopoletin	inchikey	1	TRUE	TRUE	2.54799999765964e-07	0.000636999999414911
CPD-8912	85614	MassBank	BML82433	Matairesinol	inchikey	1	TRUE	TRUE	4.38799986568483e-07	0.00109699996642121
DEOXYADENOSINE	85619	MassBank	BML01225	2'-Deoxyadenosine	name_formula_mass	4	TRUE	TRUE	3.09599982983855e-07	0.000773999957459637
ARG	85621	MassBank	BML80772	DL-Arginine	name_formula_mass	4	FALSE	TRUE	2.85599980998086e-07	0.000713999952495215
GIBBERELLIN	85627	MassBank	BML00505	Gibberellins	name_formula_mass	4	FALSE	TRUE	4.38799986568483e-07	0.00109699996642121
CPD-8694	85633	MassBank	BML00387	Abietic acid	inchikey_connectivity_formula_mass	2	FALSE	TRUE	2.0720000293295e-07	0.000518000007332375
CPD-83	85634	MassBank	BML82058	Resveratrol	inchikey	1	TRUE	TRUE	2.51500011927419e-07	0.000628750029818548
Pyranuronates	85636	MassBank	BML00983	(2R,3R,4R,5S,6S)-3,4,5,6-Tetrahydroxyoxane-2-carboxylic acid	inchikey_connectivity_formula_mass	2	FALSE	TRUE	3.24300003740063e-07	0.000810750009350159
R-CANADINE	85637	MassBank	BML00932	(R)-Canadine	name_formula_mass	4	TRUE	TRUE	1.67699965913926e-07	0.000419249914784814
CPD-19438	85639	MassBank	BML81662	Lycorine	inchikey	1	TRUE	TRUE	3.93000050280534e-08	9.82500125701335e-05
CPD-8718	85641	MassBank	BML81888	7-Epi-Taxol	name_formula_mass	4	TRUE	TRUE	3.51700009559863e-07	0.000412149597239104
N-ACETYL-5-METHOXY-TRYPTAMINE	85650	MassBank	BML00724	Melatonin	inchikey	1	TRUE	TRUE	2.31799987204795e-07	0.000579499968011987
5-METHOXYFURANOCOUMARIN	85655	MassBank	BML00719	Bergapten	inchikey	1	TRUE	TRUE	2.54799999765964e-07	0.000636999999414911
URIDINE	85658	MassBank	BML82301	Uridine	inchikey	1	TRUE	TRUE	1.28200014160029e-07	0.000320500035400073
CPD-734	85661	MassBank	BML81493	Jasmonic acid	name_formula_mass	4	FALSE	TRUE	4.44099981677937e-07	0.00111024995419484
D-GLT	85664	MassBank	BML81313	DL-Glutamate	name_formula_mass	4	FALSE	TRUE	2.17500002008819e-07	0.000543750005022048
GLT	85664	MassBank	BML81313	DL-Glutamate	name_formula_mass	4	FALSE	TRUE	2.17500002008819e-07	0.000543750005022048
CPD-734	85674	MassBank	BML00677	Jasmonic acid	name_formula_mass	4	FALSE	TRUE	4.44099981677937e-07	0.00111024995419484
5-HYDROXY-TRYPTOPHAN	85680	MassBank	BML81870	5-Hydroxy-L-tryptophan	inchikey	1	TRUE	TRUE	2.61899998577064e-07	0.000654749996442661
CPD-8718	85683	MassBank	BML00954	7-Epi-Taxol	name_formula_mass	4	TRUE	TRUE	3.51700009559863e-07	0.000412149597239104
Pyranuronates	85684	MassBank	BML81306	(2R,3R,4R,5S,6S)-3,4,5,6-Tetrahydroxyoxane-2-carboxylic acid	inchikey_connectivity_formula_mass	2	FALSE	TRUE	3.24300003740063e-07	0.000810750009350159
CPD-83	85685	MassBank	BML00641	Resveratrol	inchikey	1	TRUE	TRUE	2.51500011927419e-07	0.000628750029818548
CAPSAICIN	85688	MassBank	BML80890	Capsaicin	inchikey	1	TRUE	TRUE	2.61799982581579e-07	0.000654499956453947
L-DIHYDROXY-PHENYLALANINE	85693	MassBank	BML01822	DL-Dopa	name_formula_mass	4	TRUE	TRUE	1.53299993144174e-07	0.000383249982860434
CORTISOL	85694	MassBank	BML01012	Cortisol	inchikey	1	TRUE	TRUE	4.07350000841689e-06	0.0101837500210422
CPD-14751	85696	MassBank	BML80701	Aritmina	name_formula_mass	4	TRUE	TRUE	8.92000002750137e-08	0.000223000000687534
CPD-4242	85696	MassBank	BML80701	Aritmina	name_formula_mass	4	FALSE	TRUE	8.92000002750137e-08	0.000223000000687534
CPD-4609	85698	MassBank	BML81532	Kinetin	inchikey	1	TRUE	TRUE	6.30000158707844e-08	0.000157500039676961
CPD-9940	85704	MassBank	BML01062	Harmine	inchikey	1	TRUE	TRUE	1.76999890300067e-08	4.42499725750167e-05
NARINGENIN-CMPD	85705	MassBank	BML81782	Naringenin	inchikey	1	TRUE	TRUE	4.95700021474477e-07	0.00123925005368619
CPD-9459	85711	MassBank	BML00601	Oleanolic acid	name_formula_mass	4	FALSE	TRUE	4.07100003485539e-07	0.000892058233329589
PHLORETIN	85712	MassBank	BML00579	Phloretin	inchikey	1	TRUE	TRUE	4.4009999555783e-07	0.00110024998889457
5734-TETRAHYDROXYFLAVONE	85717	MassBank	BML81652	Luteolin	inchikey_connectivity_formula_mass	2	FALSE	TRUE	5.3600047067448e-08	0.00013400011766862
CPD-1095	85722	MassBank	BML00861	Acacetin	inchikey_connectivity_formula_mass	2	FALSE	TRUE	4.95700021474477e-07	0.00123925005368619
PHYTOALEXIN-CMPD	85723	MassBank	BML82017	Psoralen	inchikey	1	TRUE	TRUE	5.8900013755192e-08	0.00014725003438798
CPD-9939	85726	MassBank	BML81353	Harmaline	name_formula_mass	4	TRUE	TRUE	8.18999978946522e-08	0.00020474999473663
CPD-9939	85728	MassBank	BML81350	Harmaline	name_formula_mass	4	TRUE	TRUE	8.18999978946522e-08	0.00020474999473663
PHYTOALEXIN-CMPD	85729	MassBank	BML82015	Psoralen	inchikey	1	TRUE	TRUE	5.8900013755192e-08	0.00014725003438798
CPD-1095	85731	MassBank	BML00854	Acacetin	inchikey_connectivity_formula_mass	2	FALSE	TRUE	4.95700021474477e-07	0.00123925005368619
SCOPOLETIN	85735	MassBank	BML82153	Scopoletin	inchikey	1	TRUE	TRUE	2.54799999765964e-07	0.000636999999414911
CPD-7075	85743	MassBank	BML00690	Hesperidin	inchikey	1	TRUE	TRUE	4.22900029661832e-07	0.000693063125867771
INOSINE	85744	MassBank	BML81455	Inosine	inchikey	1	TRUE	TRUE	4.83499945858057e-07	0.00120874986464514
ORCINOL-CPD	85755	MassBank	BML01272	Orcinol	inchikey	1	TRUE	TRUE	5.01000002373075e-07	0.00125250000593269
CPD-4609	85758	MassBank	BML00737	Kinetin	inchikey	1	TRUE	TRUE	6.30000158707844e-08	0.000157500039676961
CPD-9939	85759	MassBank	BML00090	Harmaline	name_formula_mass	4	TRUE	TRUE	8.18999978946522e-08	0.00020474999473663
DCMP	85761	MassBank	BML01184	2'-Deoxycytidine 5'-monophosphate	name_formula_mass	4	FALSE	TRUE	3.29700014845002e-07	0.000824250037112506
CPD-14483	85762	MassBank	BML00475	18a-Glycyrrhetinic acid	name_formula_mass	4	FALSE	TRUE	3.49999709214899e-08	7.44142534031832e-05
CPD-8216	85768	MassBank	BML01120	Chrysophanol	inchikey	1	TRUE	TRUE	1.90599990901319e-07	0.000476499977253297
CPD-8905	85772	MassBank	BML82378	Pinoresinol	inchikey	1	TRUE	TRUE	4.38799986568483e-07	0.00109699996642121
CPD-7075	85773	MassBank	BML00653	Hesperidin	inchikey	1	TRUE	TRUE	4.22900029661832e-07	0.000693063125867771
CPD-8960	85777	MassBank	BML82435	Beta-Peltatin	inchikey	1	TRUE	TRUE	3.17000001359702e-07	0.000765457411708573
BIOCHANIN-A	85783	MassBank	BML80823	Biochanin A	inchikey_connectivity_formula_mass	2	FALSE	TRUE	4.95700021474477e-07	0.00123925005368619
CPD-14483	85790	MassBank	BML00501	18a-Glycyrrhetinic acid	name_formula_mass	4	FALSE	TRUE	3.49999709214899e-08	7.44142534031832e-05
CPD-4563	85792	MassBank	BML82185	Sissotrin	name_formula_mass	4	TRUE	TRUE	7.28000486560632e-08	0.000163184427996368
RUTIN	85795	MassBank	BML82115	Rutin	inchikey_connectivity_formula_mass	2	FALSE	TRUE	8.33999820315512e-08	0.000136686912001563
CPD-21613	85797	MassBank	BML00157	Fraxetin	inchikey	1	TRUE	TRUE	3.67300003745186e-07	0.000918250009362964
HISTIDINOL	85805	MassBank	BML81413	Histidinol	name_formula_mass	4	FALSE	TRUE	9.20002207749349e-09	2.30000551937337e-05
CPD-5741	85806	MassBank	BML82101	Rotenone	inchikey	1	TRUE	TRUE	4.38799986568483e-07	0.00109699996642121
R-CANADINE	85808	MassBank	BML80877	(R)-Canadine	name_formula_mass	4	TRUE	TRUE	1.67699965913926e-07	0.000419249914784814
CPD-12826	85810	MassBank	BML00977	Folic acid	inchikey_connectivity_formula_mass	2	FALSE	TRUE	3.78899983388692e-07	0.000858911586018149
L-ASPARTATE	85819	MassBank	BML80793	Aspartic Acid	name_formula_mass	4	FALSE	TRUE	2.81700010873465e-07	0.000704250027183662
ARACHIDONIC_ACID	85825	MassBank	BML80766	Arachidonic acid	inchikey_connectivity_formula_mass	2	FALSE	TRUE	2.71399983375886e-07	0.000678499958439716
CPD-4563	85828	MassBank	BML00225	Sissotrin	name_formula_mass	4	TRUE	TRUE	7.28000486560632e-08	0.000163184427996368
CPD-4563	85829	MassBank	BML82186	Sissotrin	name_formula_mass	4	TRUE	TRUE	7.28000486560632e-08	0.000163184427996368
SCOPOLAMINE	85841	MassBank	BML82472	Scopolamine	name_formula_mass	4	TRUE	TRUE	1.67699965913926e-07	0.000419249914784814
CPD-9939	85844	MassBank	BML00072	Harmaline	name_formula_mass	4	TRUE	TRUE	8.18999978946522e-08	0.00020474999473663
CPD-11682	85845	MassBank	BML00503	Esculin	name_formula_mass	4	TRUE	TRUE	1.12500003979221e-07	0.000281250009948053
CPD-14461	85845	MassBank	BML00503	Esculin	name_formula_mass	4	TRUE	TRUE	1.12500003979221e-07	0.000281250009948053
CPD-8215	85847	MassBank	BML81158	Emodin	inchikey_connectivity_formula_mass	2	FALSE	TRUE	4.31499984188122e-07	0.0010787499604703
LUTEOLIN-7-O-BETA-D-GLUCOSIDE	85848	MassBank	BML00149	Luteolin 7-glucoside	inchikey	1	TRUE	TRUE	4.85099974412151e-07	0.00108256944111926
5734-TETRAHYDROXYFLAVONE	85864	MassBank	BML00104	Luteolin	inchikey_connectivity_formula_mass	2	FALSE	TRUE	5.3600047067448e-08	0.00013400011766862
CPD-4222	85865	MassBank	BML01598	Trifolirhizin	name_formula_mass	4	TRUE	TRUE	7.28000486560632e-08	0.000163184427996368
CPD-9941	85870	MassBank	BML81372	Harmol	name_formula_mass	4	TRUE	TRUE	4.65000198346388e-08	0.000116250049586597
FORMONONETIN	85873	MassBank	BML81257	Formononetin	inchikey	1	TRUE	TRUE	1.26399982036673e-07	0.000315999955091684
CPD-11682	85875	MassBank	BML81216	Esculin	name_formula_mass	4	TRUE	TRUE	1.12500003979221e-07	0.000281250009948053
CPD-14461	85875	MassBank	BML81216	Esculin	name_formula_mass	4	TRUE	TRUE	1.12500003979221e-07	0.000281250009948053
CPD-1142	85880	MassBank	BML82128	Salicin	name_formula_mass	4	TRUE	TRUE	6.75000251249003e-08	0.000168750062812251
CPD-12826	85883	MassBank	BML00968	Folic acid	inchikey_connectivity_formula_mass	2	FALSE	TRUE	3.78899983388692e-07	0.000858911586018149
CPD-4461	85891	MassBank	BML81982	Plumbagin	inchikey	1	TRUE	TRUE	1.23099994198128e-07	0.00030774998549532
CPD-14483	85894	MassBank	BML00509	18a-Glycyrrhetinic acid	name_formula_mass	4	FALSE	TRUE	3.49999709214899e-08	7.44142534031832e-05
LUTEOLIN-7-O-BETA-D-GLUCOSIDE	85895	MassBank	BML00102	Luteolin 7-glucoside	inchikey	1	TRUE	TRUE	4.85099974412151e-07	0.00108256944111926
CPD-14483	85901	MassBank	BML81160	18a-Glycyrrhetinic acid	name_formula_mass	4	FALSE	TRUE	3.49999709214899e-08	7.44142534031832e-05
RICININE	85904	MassBank	BML00155	Ricinine	inchikey	1	TRUE	TRUE	4.88600022663377e-07	0.00122150005665844
CPD-9938	85907	MassBank	BML81358	Harmalol	name_formula_mass	4	TRUE	TRUE	1.76999890300067e-08	4.42499725750167e-05
CPD-83	85908	MassBank	BML00681	Resveratrol	inchikey	1	TRUE	TRUE	2.51500011927419e-07	0.000628750029818548
CPD-520	85909	MassBank	BML82026	Quercetin	inchikey_connectivity_formula_mass	2	FALSE	TRUE	3.24299946896645e-07	0.000810749867241611
CPD-9787	85910	MassBank	BML01018	1,2,3,10-Tetramethoxy-7-(methylamino)-6,7-dihydro-5H-benzo[a]heptalen-9-one	name_formula_mass	4	FALSE	TRUE	8.1800010320876e-08	0.00020450002580219
CPD-8215	85919	MassBank	BML81155	Emodin	inchikey_connectivity_formula_mass	2	FALSE	TRUE	4.31499984188122e-07	0.0010787499604703
TYR	85921	MassBank	BML82297	D-Tyrosine	name_formula_mass	4	TRUE	TRUE	2.24600000819919e-07	0.000561500002049797
Coumarins	85922	MassBank	BML01366	Coumarin	inchikey	1	TRUE	TRUE	4.36800007719285e-07	0.00109200001929821
COUMARIN	85922	MassBank	BML01366	Coumarin	inchikey	1	TRUE	TRUE	4.36800007719285e-07	0.00109200001929821
CPD-8907	85925	MassBank	BML82416	(+)-lariciresinol	inchikey	1	TRUE	TRUE	5.03000023854838e-07	0.0012575000596371
CPD1F-90	85926	MassBank	BML00260	Kaempferol	inchikey_connectivity_formula_mass	2	FALSE	TRUE	5.3600047067448e-08	0.00013400011766862
Coumarins	85927	MassBank	BML01352	Coumarin	inchikey	1	TRUE	TRUE	4.36800007719285e-07	0.00109200001929821
COUMARIN	85927	MassBank	BML01352	Coumarin	inchikey	1	TRUE	TRUE	4.36800007719285e-07	0.00109200001929821
CPD-22580	85928	MassBank	BML81103	Cogoxin	name_formula_mass	4	TRUE	TRUE	2.36200094150263e-07	0.000302653938424647
PYRIDOXAL	85931	MassBank	BML82020	Pyridoxal	inchikey	1	TRUE	TRUE	1.60399991955273e-07	0.000400999979888184
L-CYSTEATE	85934	MassBank	BML01683	Cysteic acid	name_formula_mass	4	FALSE	TRUE	3.04000025153073e-08	7.60000062882682e-05
CPD-4563	85937	MassBank	BML82188	Sissotrin	name_formula_mass	4	TRUE	TRUE	7.28000486560632e-08	0.000163184427996368
CPD-431	85945	MassBank	BML80760	Apigenin	inchikey_connectivity_formula_mass	2	FALSE	TRUE	4.31499984188122e-07	0.0010787499604703
CPD-9787	85947	MassBank	BML81070	1,2,3,10-Tetramethoxy-7-(methylamino)-6,7-dihydro-5H-benzo[a]heptalen-9-one	name_formula_mass	4	FALSE	TRUE	8.1800010320876e-08	0.00020450002580219
PHLORETIN	85951	MassBank	BML81933	Phloretin	inchikey	1	TRUE	TRUE	4.4009999555783e-07	0.00110024998889457
CPD-4563	85955	MassBank	BML00158	Sissotrin	name_formula_mass	4	TRUE	TRUE	7.28000486560632e-08	0.000163184427996368
CPD-21613	85956	MassBank	BML00198	Fraxetin	inchikey	1	TRUE	TRUE	3.67300003745186e-07	0.000918250009362964
CORTISOL	85959	MassBank	BML01043	Cortisol	inchikey	1	TRUE	TRUE	4.07350000841689e-06	0.0101837500210422
Retinoates	85961	MassBank	BML80707	3,7-Dimethyl-9-(2,6,6-trimethylcyclohex-1-en-1-yl)nona-2,4,6,8-tetraenoic acid	inchikey_connectivity_formula_mass	2	FALSE	TRUE	1.42999965646595e-07	0.000357499914116488
D-GLT	85962	MassBank	BML01303	DL-Glutamate	name_formula_mass	4	FALSE	TRUE	2.17500002008819e-07	0.000543750005022048
GLT	85962	MassBank	BML01303	DL-Glutamate	name_formula_mass	4	FALSE	TRUE	2.17500002008819e-07	0.000543750005022048
CPD-8718	85969	MassBank	BML00914	7-Epi-Taxol	name_formula_mass	4	TRUE	TRUE	3.51700009559863e-07	0.000412149597239104
DEOXYADENOSINE	85970	MassBank	BML80245	2'-Deoxyadenosine	name_formula_mass	4	TRUE	TRUE	3.09599982983855e-07	0.000773999957459637
CPD-9940	85977	MassBank	BML01059	Harmine	inchikey	1	TRUE	TRUE	1.76999890300067e-08	4.42499725750167e-05
DCMP	85979	MassBank	BML01196	2'-Deoxycytidine 5'-monophosphate	name_formula_mass	4	FALSE	TRUE	3.29700014845002e-07	0.000824250037112506
CPD-8912	85981	MassBank	BML82432	Matairesinol	inchikey	1	TRUE	TRUE	4.38799986568483e-07	0.00109699996642121
SHIKIMATE	85984	MassBank	BML01061	Shikimic acid	name_formula_mass	4	FALSE	TRUE	4.31500012609831e-07	0.00107875003152458
ADENOSINE	85988	MassBank	BML80691	Adenosine	inchikey	1	TRUE	TRUE	6.82999825585284e-08	0.000170749956396321
CPD-12447	85996	MassBank	BML00598	Phlorizin	inchikey_connectivity_formula_mass	2	FALSE	TRUE	8.60001136970823e-09	1.97186031337946e-05
QUINATE	85998	MassBank	BML82033	Quinic acid	name_formula_mass	4	FALSE	TRUE	1.17799999088675e-07	0.000294499997721687
CPD-9940	85999	MassBank	BML01053	Harmine	inchikey	1	TRUE	TRUE	1.76999890300067e-08	4.42499725750167e-05
PROTOPINE	86002	MassBank	BML00251	Protopine	inchikey	1	TRUE	TRUE	2.74400008493103e-07	0.000686000021232758
CPD-8905	86004	MassBank	BML82377	Pinoresinol	inchikey	1	TRUE	TRUE	4.38799986568483e-07	0.00109699996642121
CPD-7561	86006	MassBank	BML80775	(+)-Arteannuin	name_formula_mass	4	TRUE	TRUE	1.83300016942667e-07	0.000458250042356667
CPD-693	86010	MassBank	BML80673	(-)-Abscisic acid	name_formula_mass	4	FALSE	TRUE	1.3039999657849e-07	0.000325999991446224
CPD-8097	86011	MassBank	BML01652	Aesculetin	inchikey	1	TRUE	TRUE	3.1900000863061e-07	0.000797500021576525
CPD-83	86014	MassBank	BML82055	Resveratrol	inchikey	1	TRUE	TRUE	2.51500011927419e-07	0.000628750029818548
5734-TETRAHYDROXYFLAVONE	86015	MassBank	BML00128	Luteolin	inchikey_connectivity_formula_mass	2	FALSE	TRUE	5.3600047067448e-08	0.00013400011766862
GIBBERELLIN	86017	MassBank	BML81288	Gibberellins	name_formula_mass	4	FALSE	TRUE	4.38799986568483e-07	0.00109699996642121
CPD-9940	86020	MassBank	BML81366	Harmine	inchikey	1	TRUE	TRUE	1.76999890300067e-08	4.42499725750167e-05
CPD-9544	86024	MassBank	BML00205	Amorphigenin	inchikey	1	TRUE	TRUE	6.08999926043907e-08	0.00014848711276741
CPD-7252	86026	MassBank	BML81508	Kaempferide	inchikey_connectivity_formula_mass	2	FALSE	TRUE	1.17800027510384e-07	0.00029450006877596
CPD-1095	86027	MassBank	BML00828	Acacetin	inchikey_connectivity_formula_mass	2	FALSE	TRUE	4.95700021474477e-07	0.00123925005368619
STRICTOSIDINE	86031	MassBank	BML82476	Strictosidine	inchikey_connectivity_formula_mass	2	FALSE	TRUE	2.99300040751405e-07	0.000564475898260817
CPD-12826	86034	MassBank	BML81245	Folic acid	inchikey_connectivity_formula_mass	2	FALSE	TRUE	3.78899983388692e-07	0.000858911586018149
Pyranuronates	86035	MassBank	BML81308	(2R,3R,4R,5S,6S)-3,4,5,6-Tetrahydroxyoxane-2-carboxylic acid	inchikey_connectivity_formula_mass	2	FALSE	TRUE	3.24300003740063e-07	0.000810750009350159
CPD-9544	86036	MassBank	BML00192	Amorphigenin	inchikey	1	TRUE	TRUE	6.08999926043907e-08	0.00014848711276741
RUTIN	86038	MassBank	BML00133	Rutin	inchikey_connectivity_formula_mass	2	FALSE	TRUE	8.33999820315512e-08	0.000136686912001563
CPD-4461	86039	MassBank	BML81981	Plumbagin	inchikey	1	TRUE	TRUE	1.23099994198128e-07	0.00030774998549532
KYNURENATE	86044	MassBank	BML81548	Kynurenic acid	inchikey_connectivity_formula_mass	2	FALSE	TRUE	9.61999830906279e-08	0.00024049995772657
CPD-21613	86046	MassBank	BML81263	Fraxetin	inchikey	1	TRUE	TRUE	3.67300003745186e-07	0.000918250009362964
CPD-9459	86048	MassBank	BML00596	Oleanolic acid	name_formula_mass	4	FALSE	TRUE	4.07100003485539e-07	0.000892058233329589
CPD-4609	86051	MassBank	BML00715	Kinetin	inchikey	1	TRUE	TRUE	6.30000158707844e-08	0.000157500039676961
CPD-8694	86052	MassBank	BML80662	Abietic acid	inchikey_connectivity_formula_mass	2	FALSE	TRUE	2.0720000293295e-07	0.000518000007332375
CPD-6602	86056	MassBank	BML81006	Curcumin	name_formula_mass	4	TRUE	TRUE	3.74600006125547e-07	0.000936500015313868
CPD-16777	86057	MassBank	BML81602	Limocitrin	inchikey_connectivity_formula_mass	2	FALSE	TRUE	4.26199960656959e-07	0.0010654999016424
CPD-8215	86064	MassBank	BML81157	Emodin	inchikey_connectivity_formula_mass	2	FALSE	TRUE	4.31499984188122e-07	0.0010787499604703
CORTISOL	86073	MassBank	BML01020	Cortisol	inchikey	1	TRUE	TRUE	4.07350000841689e-06	0.0101837500210422
CPD-8097	86076	MassBank	BML01641	Aesculetin	inchikey	1	TRUE	TRUE	3.1900000863061e-07	0.000797500021576525
TYR	86077	MassBank	BML82298	D-Tyrosine	name_formula_mass	4	TRUE	TRUE	2.24600000819919e-07	0.000561500002049797
CPD-734	86078	MassBank	BML81490	Jasmonic acid	name_formula_mass	4	FALSE	TRUE	4.44099981677937e-07	0.00111024995419484
FORMONONETIN	86079	MassBank	BML81255	Formononetin	inchikey	1	TRUE	TRUE	1.26399982036673e-07	0.000315999955091684
STRICTOSIDINE	86082	MassBank	BML82477	Strictosidine	inchikey_connectivity_formula_mass	2	FALSE	TRUE	2.99300040751405e-07	0.000564475898260817
CPD-10110	86090	MassBank	BML82146	Sclareol	inchikey	1	TRUE	TRUE	3.99800001105177e-07	0.000999500002762943
BIOCHANIN-A	86092	MassBank	BML80821	Biochanin A	inchikey_connectivity_formula_mass	2	FALSE	TRUE	4.95700021474477e-07	0.00123925005368619
5-METHOXYFURANOCOUMARIN	86094	MassBank	BML00701	Bergapten	inchikey	1	TRUE	TRUE	2.54799999765964e-07	0.000636999999414911
CPD-16766	86097	MassBank	BML81902	Parthenolide	name_formula_mass	4	TRUE	TRUE	4.9170000693266e-07	0.00122925001733165
CPD-9939	86099	MassBank	BML00065	Harmaline	name_formula_mass	4	TRUE	TRUE	8.18999978946522e-08	0.00020474999473663
CPD-4563	86103	MassBank	BML00186	Sissotrin	name_formula_mass	4	TRUE	TRUE	7.28000486560632e-08	0.000163184427996368
CAPSAICIN	86105	MassBank	BML80893	Capsaicin	inchikey	1	TRUE	TRUE	2.61799982581579e-07	0.000654499956453947
CPD-22577	86106	MassBank	BML01173	Digimed	name_formula_mass	4	TRUE	TRUE	1.41699956657249e-07	0.000185365680173738
CPD-10110	86107	MassBank	BML82145	Sclareol	inchikey	1	TRUE	TRUE	3.99800001105177e-07	0.000999500002762943
CPD-9938	86113	MassBank	BML81356	Harmalol	name_formula_mass	4	TRUE	TRUE	1.76999890300067e-08	4.42499725750167e-05
RUTIN	86119	MassBank	BML00125	Rutin	inchikey_connectivity_formula_mass	2	FALSE	TRUE	8.33999820315512e-08	0.000136686912001563
MYRICETIN	86123	MassBank	BML81721	Myricetin	inchikey_connectivity_formula_mass	2	FALSE	TRUE	2.97799999771087e-07	0.000744499999427717
CAPSAICIN	86135	MassBank	BML00629	Capsaicin	inchikey	1	TRUE	TRUE	2.61799982581579e-07	0.000654499956453947
CPD-9939	86141	MassBank	BML00086	Harmaline	name_formula_mass	4	TRUE	TRUE	8.18999978946522e-08	0.00020474999473663
CPD-9544	86146	MassBank	BML80733	Amorphigenin	inchikey	1	TRUE	TRUE	6.08999926043907e-08	0.00014848711276741
CPD-14751	86149	MassBank	BML00539	Aritmina	name_formula_mass	4	TRUE	TRUE	8.92000002750137e-08	0.000223000000687534
CPD-4242	86149	MassBank	BML00539	Aritmina	name_formula_mass	4	FALSE	TRUE	8.92000002750137e-08	0.000223000000687534
ORCINOL-CPD	86152	MassBank	BML81850	Orcinol	inchikey	1	TRUE	TRUE	5.01000002373075e-07	0.00125250000593269
CPD-4210	86153	MassBank	BML82272	Zeatin	inchikey	1	TRUE	TRUE	6.54000018585066e-08	0.000163500004646266
CPD-9938	86162	MassBank	BML81357	Harmalol	name_formula_mass	4	TRUE	TRUE	1.76999890300067e-08	4.42499725750167e-05
HISTIDINOL	86163	MassBank	BML81410	Histidinol	name_formula_mass	4	FALSE	TRUE	9.20002207749349e-09	2.30000551937337e-05
5734-TETRAHYDROXYFLAVONE	86164	MassBank	BML81650	Luteolin	inchikey_connectivity_formula_mass	2	FALSE	TRUE	5.3600047067448e-08	0.00013400011766862
CPD-25183	86168	MassBank	BML82096	Rosmarinate	name_formula_mass	4	FALSE	TRUE	4.90399997943314e-07	0.00122599999485828
CPD-734	86176	MassBank	BML81492	Jasmonic acid	name_formula_mass	4	FALSE	TRUE	4.44099981677937e-07	0.00111024995419484
CPD-25234	86178	MassBank	BML00269	usnic acid	name_formula_mass	4	FALSE	TRUE	1.31700005567836e-07	0.000329250013919591
CPD-7411	86178	MassBank	BML00269	usnic acid	name_formula_mass	4	FALSE	TRUE	1.31700005567836e-07	0.000329250013919591
L-ASPARTATE	86181	MassBank	BML80791	Aspartic Acid	name_formula_mass	4	FALSE	TRUE	2.81700010873465e-07	0.000704250027183662
DEOXYADENOSINE	86183	MassBank	BML01231	2'-Deoxyadenosine	name_formula_mass	4	TRUE	TRUE	3.09599982983855e-07	0.000773999957459637
CPD-7661	86187	MassBank	BML00386	Nordihydroguaiaretic acid	inchikey	1	TRUE	TRUE	1.94599977021426e-07	0.000486499942553564
TYR	86193	MassBank	BML82296	D-Tyrosine	name_formula_mass	4	TRUE	TRUE	2.24600000819919e-07	0.000561500002049797
CPD-8962	86195	MassBank	BML82440	5-methoxypodophyllotoxin	inchikey	1	TRUE	TRUE	3.69300039437803e-07	0.000831490857705477
CPD-4609	86199	MassBank	BML00723	Kinetin	inchikey	1	TRUE	TRUE	6.30000158707844e-08	0.000157500039676961
CPD-11682	86203	MassBank	BML00495	Esculin	name_formula_mass	4	TRUE	TRUE	1.12500003979221e-07	0.000281250009948053
CPD-14461	86203	MassBank	BML00495	Esculin	name_formula_mass	4	TRUE	TRUE	1.12500003979221e-07	0.000281250009948053
CPD-14834	86205	MassBank	BML00298	(-)-alpha-Narcotine	inchikey	1	TRUE	TRUE	9.82000187832455e-08	0.000237687581720592
HISTIDINOL	86210	MassBank	BML01532	Histidinol	name_formula_mass	4	FALSE	TRUE	9.20002207749349e-09	2.30000551937337e-05
BIOCHANIN-A	86213	MassBank	BML80822	Biochanin A	inchikey_connectivity_formula_mass	2	FALSE	TRUE	4.95700021474477e-07	0.00123925005368619
CPD-8962	86215	MassBank	BML82441	5-methoxypodophyllotoxin	inchikey	1	TRUE	TRUE	3.69300039437803e-07	0.000831490857705477
CPD-8097	86221	MassBank	BML81211	Aesculetin	inchikey	1	TRUE	TRUE	3.1900000863061e-07	0.000797500021576525
DEOXYCYTIDINE	86224	MassBank	BML80256	Deoxycytidine	inchikey	1	TRUE	TRUE	7.8699997629883e-08	0.000196749994074708
CPD-15742	86226	MassBank	BML81895	Papaverine	inchikey	1	TRUE	TRUE	1.67699965913926e-07	0.000419249914784814
LUTEOLIN-7-O-BETA-D-GLUCOSIDE	86229	MassBank	BML81656	Luteolin 7-glucoside	inchikey	1	TRUE	TRUE	4.85099974412151e-07	0.00108256944111926
CPD-19430	86231	MassBank	BML80022	Galantamine	inchikey	1	TRUE	TRUE	4.54400037597225e-07	0.00113600009399306
574-TRIHYDROXY-3-METHOXYFLAVONE	86233	MassBank	BML80940	Chrysoeriol	inchikey_connectivity_formula_mass	2	FALSE	TRUE	1.17800027510384e-07	0.00029450006877596
CPD-83	86239	MassBank	BML82056	Resveratrol	inchikey	1	TRUE	TRUE	2.51500011927419e-07	0.000628750029818548
DCMP	86240	MassBank	BML01190	2'-Deoxycytidine 5'-monophosphate	name_formula_mass	4	FALSE	TRUE	3.29700014845002e-07	0.000824250037112506
DAMP	86241	MassBank	BML80250	Deoxyadenosine monophosphate	inchikey_connectivity_formula_mass	2	FALSE	TRUE	2.82000030438212e-07	0.00070500007609553
L-DIHYDROXY-PHENYLALANINE	86246	MassBank	BML80328	DL-Dopa	name_formula_mass	4	TRUE	TRUE	1.53299993144174e-07	0.000383249982860434
CPD-13080	86248	MassBank	BML00935	Solasodine	name_formula_mass	4	FALSE	TRUE	3.70300028862403e-07	0.000895895736214427
CPD-22267	86248	MassBank	BML00935	Solasodine	name_formula_mass	4	TRUE	TRUE	3.70300028862403e-07	0.000895895736214427
CPD-4461	86249	MassBank	BML81980	Plumbagin	inchikey	1	TRUE	TRUE	1.23099994198128e-07	0.00030774998549532
CPD-8097	86253	MassBank	BML01684	Aesculetin	inchikey	1	TRUE	TRUE	3.1900000863061e-07	0.000797500021576525
CPD-8694	86265	MassBank	BML00381	Abietic acid	inchikey_connectivity_formula_mass	2	FALSE	TRUE	2.0720000293295e-07	0.000518000007332375
DEOXYCYTIDINE	86268	MassBank	BML80257	Deoxycytidine	inchikey	1	TRUE	TRUE	7.8699997629883e-08	0.000196749994074708
BIOCHANIN-A	86270	MassBank	BML00772	Biochanin A	inchikey_connectivity_formula_mass	2	FALSE	TRUE	4.95700021474477e-07	0.00123925005368619
CPD-9787	86275	MassBank	BML01010	1,2,3,10-Tetramethoxy-7-(methylamino)-6,7-dihydro-5H-benzo[a]heptalen-9-one	name_formula_mass	4	FALSE	TRUE	8.1800010320876e-08	0.00020450002580219
Pyranuronates	86278	MassBank	BML00991	(2R,3R,4R,5S,6S)-3,4,5,6-Tetrahydroxyoxane-2-carboxylic acid	inchikey_connectivity_formula_mass	2	FALSE	TRUE	3.24300003740063e-07	0.000810750009350159
CPD-9544	86280	MassBank	BML00164	Amorphigenin	inchikey	1	TRUE	TRUE	6.08999926043907e-08	0.00014848711276741
CPD-8959	86282	MassBank	BML81993	5-Hydroxy-9-(3,4,5-trimethoxyphenyl)-5a,6,8a,9-tetrahydro-5H-[2]benzofuro[5,6-f][1,3]benzodioxol-8-one	name_formula_mass	4	TRUE	TRUE	3.17000001359702e-07	0.000765457411708573
5-METHOXYFURANOCOUMARIN	86294	MassBank	BML00710	Bergapten	inchikey	1	TRUE	TRUE	2.54799999765964e-07	0.000636999999414911
10-DEACETYLBACCATIN-III	86295	MassBank	BML82390	10-Deacetylbaccatin III	name_formula_mass	4	TRUE	TRUE	3.76599928131327e-07	0.00069198563430699
CPD-7099	86297	MassBank	BML00718	Cycloheximide	inchikey	1	TRUE	TRUE	2.3190000320028e-07	0.000579750008000701
D-GLT	86298	MassBank	BML01286	DL-Glutamate	name_formula_mass	4	FALSE	TRUE	2.17500002008819e-07	0.000543750005022048
GLT	86298	MassBank	BML01286	DL-Glutamate	name_formula_mass	4	FALSE	TRUE	2.17500002008819e-07	0.000543750005022048
ATROPINE	86299	MassBank	BML00619	(+)-Hyoscyamine	name_formula_mass	4	FALSE	TRUE	3.9020000031087e-07	0.000975500000777174
TRP	86300	MassBank	BML01191	(±)-Tryptophan	name_formula_mass	4	TRUE	TRUE	3.60200004934086e-07	0.000900500012335215
L-DIHYDROXY-PHENYLALANINE	86304	MassBank	BML01842	DL-Dopa	name_formula_mass	4	TRUE	TRUE	1.53299993144174e-07	0.000383249982860434
PYRIDOXAL	86308	MassBank	BML82021	Pyridoxal	inchikey	1	TRUE	TRUE	1.60399991955273e-07	0.000400999979888184
CPD-7075	86310	MassBank	BML81386	Hesperidin	inchikey	1	TRUE	TRUE	4.22900029661832e-07	0.000693063125867771
574-TRIHYDROXY-3-METHOXYFLAVONE	86313	MassBank	BML01628	Chrysoeriol	inchikey_connectivity_formula_mass	2	FALSE	TRUE	1.17800027510384e-07	0.00029450006877596
HISTIDINOL	86315	MassBank	BML01568	Histidinol	name_formula_mass	4	FALSE	TRUE	9.20002207749349e-09	2.30000551937337e-05
FORMONONETIN	86317	MassBank	BML00177	Formononetin	inchikey	1	TRUE	TRUE	1.26399982036673e-07	0.000315999955091684
L-CYSTEATE	86326	MassBank	BML81586	Cysteic acid	name_formula_mass	4	FALSE	TRUE	3.04000025153073e-08	7.60000062882682e-05
CPD-14834	86336	MassBank	BML80092	(-)-alpha-Narcotine	inchikey	1	TRUE	TRUE	9.82000187832455e-08	0.000237687581720592
N-ACETYL-5-METHOXY-TRYPTAMINE	86337	MassBank	BML81678	Melatonin	inchikey	1	TRUE	TRUE	2.31799987204795e-07	0.000579499968011987
HISTIDINOL	86341	MassBank	BML01575	Histidinol	name_formula_mass	4	FALSE	TRUE	9.20002207749349e-09	2.30000551937337e-05
CPD-83	86345	MassBank	BML00689	Resveratrol	inchikey	1	TRUE	TRUE	2.51500011927419e-07	0.000628750029818548
CPD-4210	86350	MassBank	BML00895	Zeatin	inchikey	1	TRUE	TRUE	6.54000018585066e-08	0.000163500004646266
CPD-431	86351	MassBank	BML00444	Apigenin	inchikey_connectivity_formula_mass	2	FALSE	TRUE	4.31499984188122e-07	0.0010787499604703
LUTEOLIN-7-O-BETA-D-GLUCOSIDE	86354	MassBank	BML00126	Luteolin 7-glucoside	inchikey	1	TRUE	TRUE	4.85099974412151e-07	0.00108256944111926
RUTIN	86355	MassBank	BML00113	Rutin	inchikey_connectivity_formula_mass	2	FALSE	TRUE	8.33999820315512e-08	0.000136686912001563
CPD-6602	86357	MassBank	BML00312	Curcumin	name_formula_mass	4	TRUE	TRUE	3.74600006125547e-07	0.000936500015313868
TRP	86358	MassBank	BML81641	(±)-Tryptophan	name_formula_mass	4	TRUE	TRUE	3.60200004934086e-07	0.000900500012335215
HISTIDINOL	86364	MassBank	BML01544	Histidinol	name_formula_mass	4	FALSE	TRUE	9.20002207749349e-09	2.30000551937337e-05
CPD-25234	86368	MassBank	BML00276	usnic acid	name_formula_mass	4	FALSE	TRUE	1.31700005567836e-07	0.000329250013919591
CPD-7411	86368	MassBank	BML00276	usnic acid	name_formula_mass	4	FALSE	TRUE	1.31700005567836e-07	0.000329250013919591
Coumarins	86378	MassBank	BML80987	Coumarin	inchikey	1	TRUE	TRUE	4.36800007719285e-07	0.00109200001929821
COUMARIN	86378	MassBank	BML80987	Coumarin	inchikey	1	TRUE	TRUE	4.36800007719285e-07	0.00109200001929821
CPD-4222	86383	MassBank	BML82280	Trifolirhizin	name_formula_mass	4	TRUE	TRUE	7.28000486560632e-08	0.000163184427996368
CPD-8046	86392	MassBank	BML81146	D-Pinitol	name_formula_mass	4	TRUE	TRUE	1.8200000795332e-07	0.0004550000198833
CPD-9939	86395	MassBank	BML00094	Harmaline	name_formula_mass	4	TRUE	TRUE	8.18999978946522e-08	0.00020474999473663
CPD0-1959	86396	MassBank	BML81131	D-Methionine (S)-S-oxide	inchikey	1	TRUE	TRUE	8.53999893024593e-08	0.000213499973256148
PROTOPINE	86403	MassBank	BML82012	Protopine	inchikey	1	TRUE	TRUE	2.74400008493103e-07	0.000686000021232758
CPD-8907	86406	MassBank	BML82415	(+)-lariciresinol	inchikey	1	TRUE	TRUE	5.03000023854838e-07	0.0012575000596371
3-7-DIMETHYLXANTHINE	86411	MassBank	BML82245	Theobromine	inchikey	1	TRUE	TRUE	4.78200007592022e-07	0.00119550001898006
CPD-9195	86413	MassBank	BML80735	Ampicillin	name_formula_mass	4	TRUE	TRUE	1.96099961158325e-07	0.000490249902895812
CPD-8962	86414	MassBank	BML82442	5-methoxypodophyllotoxin	inchikey	1	TRUE	TRUE	3.69300039437803e-07	0.000831490857705477
CPD-8216	86415	MassBank	BML80947	Chrysophanol	inchikey	1	TRUE	TRUE	1.90599990901319e-07	0.000476499977253297
CPD-12447	86417	MassBank	BML00593	Phlorizin	inchikey_connectivity_formula_mass	2	FALSE	TRUE	8.60001136970823e-09	1.97186031337946e-05
CPD-4222	86418	MassBank	BML01589	Trifolirhizin	name_formula_mass	4	TRUE	TRUE	7.28000486560632e-08	0.000163184427996368
CPD-12826	86419	MassBank	BML01002	Folic acid	inchikey_connectivity_formula_mass	2	FALSE	TRUE	3.78899983388692e-07	0.000858911586018149
NARINGENIN-CMPD	86422	MassBank	BML00676	Naringenin	inchikey	1	TRUE	TRUE	4.95700021474477e-07	0.00123925005368619
INOSINE	86425	MassBank	BML81456	Inosine	inchikey	1	TRUE	TRUE	4.83499945858057e-07	0.00120874986464514
10-DEACETYLBACCATIN-III	86426	MassBank	BML82393	10-Deacetylbaccatin III	name_formula_mass	4	TRUE	TRUE	3.76599928131327e-07	0.00069198563430699
CPD-4222	86433	MassBank	BML01632	Trifolirhizin	name_formula_mass	4	TRUE	TRUE	7.28000486560632e-08	0.000163184427996368
DEOXYCYTIDINE	86439	MassBank	BML80255	Deoxycytidine	inchikey	1	TRUE	TRUE	7.8699997629883e-08	0.000196749994074708
CPD-8216	86443	MassBank	BML80945	Chrysophanol	inchikey	1	TRUE	TRUE	1.90599990901319e-07	0.000476499977253297
NARINGIN	86449	MassBank	BML01179	Naringin	inchikey	1	TRUE	TRUE	2.63400011135673e-07	0.00045399767611674
L-DIHYDROXY-PHENYLALANINE	86458	MassBank	BML80325	DL-Dopa	name_formula_mass	4	TRUE	TRUE	1.53299993144174e-07	0.000383249982860434
Camphor	86459	MassBank	BML80867	D-Camphor	name_formula_mass	4	TRUE	TRUE	1.35699991687943e-07	0.000339249979219858
CPD-862	86459	MassBank	BML80867	D-Camphor	name_formula_mass	4	TRUE	TRUE	1.35699991687943e-07	0.000339249979219858
574-TRIHYDROXY-3-METHOXYFLAVONE	86461	MassBank	BML01611	Chrysoeriol	inchikey_connectivity_formula_mass	2	FALSE	TRUE	1.17800027510384e-07	0.00029450006877596
VANILLIN	86462	MassBank	BML82326	Vanillin	inchikey	1	TRUE	TRUE	1.23099994198128e-07	0.00030774998549532
SCOPOLETIN	86466	MassBank	BML00349	Scopoletin	inchikey	1	TRUE	TRUE	2.54799999765964e-07	0.000636999999414911
CORTISOL	86467	MassBank	BML81443	Cortisol	inchikey	1	TRUE	TRUE	4.07350000841689e-06	0.0101837500210422
CPD-16777	86473	MassBank	BML81601	Limocitrin	inchikey_connectivity_formula_mass	2	FALSE	TRUE	4.26199960656959e-07	0.0010654999016424
CPD-8216	86474	MassBank	BML80948	Chrysophanol	inchikey	1	TRUE	TRUE	1.90599990901319e-07	0.000476499977253297
3-7-DIMETHYLXANTHINE	86475	MassBank	BML82247	Theobromine	inchikey	1	TRUE	TRUE	4.78200007592022e-07	0.00119550001898006
CPD-11682	86476	MassBank	BML81215	Esculin	name_formula_mass	4	TRUE	TRUE	1.12500003979221e-07	0.000281250009948053
CPD-14461	86476	MassBank	BML81215	Esculin	name_formula_mass	4	TRUE	TRUE	1.12500003979221e-07	0.000281250009948053
CPD-9544	86478	MassBank	BML80731	Amorphigenin	inchikey	1	TRUE	TRUE	6.08999926043907e-08	0.00014848711276741
L-DIHYDROXY-PHENYLALANINE	86483	MassBank	BML01812	DL-Dopa	name_formula_mass	4	TRUE	TRUE	1.53299993144174e-07	0.000383249982860434
TYR	86486	MassBank	BML82295	D-Tyrosine	name_formula_mass	4	TRUE	TRUE	2.24600000819919e-07	0.000561500002049797
CPD-8905	86488	MassBank	BML82376	Pinoresinol	inchikey	1	TRUE	TRUE	4.38799986568483e-07	0.00109699996642121
CPD-8907	86496	MassBank	BML82418	(+)-lariciresinol	inchikey	1	TRUE	TRUE	5.03000023854838e-07	0.0012575000596371
CPD-8960	86497	MassBank	BML82437	Beta-Peltatin	inchikey	1	TRUE	TRUE	3.17000001359702e-07	0.000765457411708573
DEOXYADENOSINE	86499	MassBank	BML80248	2'-Deoxyadenosine	name_formula_mass	4	TRUE	TRUE	3.09599982983855e-07	0.000773999957459637
GIBBERELLIN	86503	MassBank	BML00513	Gibberellins	name_formula_mass	4	FALSE	TRUE	4.38799986568483e-07	0.00109699996642121
BIOCHANIN-A	86508	MassBank	BML00777	Biochanin A	inchikey_connectivity_formula_mass	2	FALSE	TRUE	4.95700021474477e-07	0.00123925005368619
CPD-520	86509	MassBank	BML00143	Quercetin	inchikey_connectivity_formula_mass	2	FALSE	TRUE	3.24299946896645e-07	0.000810749867241611
FORMONONETIN	86517	MassBank	BML81256	Formononetin	inchikey	1	TRUE	TRUE	1.26399982036673e-07	0.000315999955091684
DEOXYADENOSINE	86518	MassBank	BML80246	2'-Deoxyadenosine	name_formula_mass	4	TRUE	TRUE	3.09599982983855e-07	0.000773999957459637
CPD-13080	86523	MassBank	BML82195	Solasodine	name_formula_mass	4	FALSE	TRUE	3.70300028862403e-07	0.000895895736214427
CPD-22267	86523	MassBank	BML82195	Solasodine	name_formula_mass	4	TRUE	TRUE	3.70300028862403e-07	0.000895895736214427
LIPOIC-ACID	86526	MassBank	BML81140	Thioctic acid	name_formula_mass	4	FALSE	TRUE	9.26399991385551e-07	0.00231599997846388
CPD-13080	86527	MassBank	BML00913	Solasodine	name_formula_mass	4	FALSE	TRUE	3.70300028862403e-07	0.000895895736214427
CPD-22267	86527	MassBank	BML00913	Solasodine	name_formula_mass	4	TRUE	TRUE	3.70300028862403e-07	0.000895895736214427
CPD-4210	86529	MassBank	BML00873	Zeatin	inchikey	1	TRUE	TRUE	6.54000018585066e-08	0.000163500004646266
BIOCHANIN-A	86531	MassBank	BML00747	Biochanin A	inchikey_connectivity_formula_mass	2	FALSE	TRUE	4.95700021474477e-07	0.00123925005368619
DCMP	86533	MassBank	BML80261	2'-Deoxycytidine 5'-monophosphate	name_formula_mass	4	FALSE	TRUE	3.29700014845002e-07	0.000824250037112506
CPD-676	86535	MassBank	BML00722	Caffeic acid	inchikey_connectivity_formula_mass	2	FALSE	TRUE	2.54799999765964e-07	0.000636999999414911
NARINGENIN-CMPD	86539	MassBank	BML00684	Naringenin	inchikey	1	TRUE	TRUE	4.95700021474477e-07	0.00123925005368619
XANTHOSINE	86542	MassBank	BML82351	Xanthosine	inchikey	1	TRUE	TRUE	1.38600000809674e-07	0.000346500002024186
CPD-22577	86546	MassBank	BML01164	Digimed	name_formula_mass	4	TRUE	TRUE	1.41699956657249e-07	0.000185365680173738
L-CYSTEATE	86548	MassBank	BML01640	Cysteic acid	name_formula_mass	4	FALSE	TRUE	3.04000025153073e-08	7.60000062882682e-05
CPD-6602	86550	MassBank	BML81005	Curcumin	name_formula_mass	4	TRUE	TRUE	3.74600006125547e-07	0.000936500015313868
CPD-11682	86553	MassBank	BML00468	Esculin	name_formula_mass	4	TRUE	TRUE	1.12500003979221e-07	0.000281250009948053
CPD-14461	86553	MassBank	BML00468	Esculin	name_formula_mass	4	TRUE	TRUE	1.12500003979221e-07	0.000281250009948053
5-HYDROXY-TRYPTOPHAN	86557	MassBank	BML81873	5-Hydroxy-L-tryptophan	inchikey	1	TRUE	TRUE	2.61899998577064e-07	0.000654749996442661
MALTOSE	86558	MassBank	BML80906	D-Glucose, 4-O-beta-D-galactopyranosyl-	name_formula_mass	4	TRUE	TRUE	4.50699985776737e-07	0.00112674996444184
N-ACETYL-5-METHOXY-TRYPTAMINE	86559	MassBank	BML00716	Melatonin	inchikey	1	TRUE	TRUE	2.31799987204795e-07	0.000579499968011987
CPD-14834	86560	MassBank	BML81825	(-)-alpha-Narcotine	inchikey	1	TRUE	TRUE	9.82000187832455e-08	0.000237687581720592
5-HYDROXY-TRYPTOPHAN	86562	MassBank	BML81871	5-Hydroxy-L-tryptophan	inchikey	1	TRUE	TRUE	2.61899998577064e-07	0.000654749996442661
SCOPOLAMINE	86568	MassBank	BML82470	Scopolamine	name_formula_mass	4	TRUE	TRUE	1.67699965913926e-07	0.000419249914784814
5-HYDROXY-TRYPTOPHAN	86570	MassBank	BML01223	5-Hydroxy-L-tryptophan	inchikey	1	TRUE	TRUE	2.61899998577064e-07	0.000654749996442661
NARINGENIN-CMPD	86575	MassBank	BML81780	Naringenin	inchikey	1	TRUE	TRUE	4.95700021474477e-07	0.00123925005368619
1-3-7-TRIMETHYLXANTHINE	86576	MassBank	BML00714	Caffeine	inchikey	1	TRUE	TRUE	4.13999998727377e-07	0.00103499999681844
5-HYDROXY-TRYPTOPHAN	86580	MassBank	BML01229	5-Hydroxy-L-tryptophan	inchikey	1	TRUE	TRUE	2.61899998577064e-07	0.000654749996442661
PHLORETIN	86581	MassBank	BML00600	Phloretin	inchikey	1	TRUE	TRUE	4.4009999555783e-07	0.00110024998889457
CORTISOL	86586	MassBank	BML81442	Cortisol	inchikey	1	TRUE	TRUE	4.07350000841689e-06	0.0101837500210422
CORTISOL	86587	MassBank	BML01036	Cortisol	inchikey	1	TRUE	TRUE	4.07350000841689e-06	0.0101837500210422
CPD-8097	86591	MassBank	BML01674	Aesculetin	inchikey	1	TRUE	TRUE	3.1900000863061e-07	0.000797500021576525
CPD-8184	86593	MassBank	BML80938	5,7-Dihydroxyflavone	inchikey_connectivity_formula_mass	2	FALSE	TRUE	1.90599990901319e-07	0.000476499977253297
TRP	86594	MassBank	BML01203	(±)-Tryptophan	name_formula_mass	4	TRUE	TRUE	3.60200004934086e-07	0.000900500012335215
CPD-16777	86599	MassBank	BML01601	Limocitrin	inchikey_connectivity_formula_mass	2	FALSE	TRUE	4.26199960656959e-07	0.0010654999016424
CPD-4563	86600	MassBank	BML00212	Sissotrin	name_formula_mass	4	TRUE	TRUE	7.28000486560632e-08	0.000163184427996368
10-DEACETYLBACCATIN-III	86601	MassBank	BML82392	10-Deacetylbaccatin III	name_formula_mass	4	TRUE	TRUE	3.76599928131327e-07	0.00069198563430699
CPD-9459	86604	MassBank	BML00591	Oleanolic acid	name_formula_mass	4	FALSE	TRUE	4.07100003485539e-07	0.000892058233329589
BACCATIN-III	86606	MassBank	BML82397	Baccatin III	inchikey	1	TRUE	TRUE	6.29000851404271e-08	0.000107293827843193
PHYTOALEXIN-CMPD	86608	MassBank	BML00644	Psoralen	inchikey	1	TRUE	TRUE	5.8900013755192e-08	0.00014725003438798
CPD-431	86610	MassBank	BML00454	Apigenin	inchikey_connectivity_formula_mass	2	FALSE	TRUE	4.31499984188122e-07	0.0010787499604703
RUTIN	86615	MassBank	BML82116	Rutin	inchikey_connectivity_formula_mass	2	FALSE	TRUE	8.33999820315512e-08	0.000136686912001563
MALTOSE	86616	MassBank	BML80905	D-Glucose, 4-O-beta-D-galactopyranosyl-	name_formula_mass	4	TRUE	TRUE	4.50699985776737e-07	0.00112674996444184
CPD-8694	86618	MassBank	BML80663	Abietic acid	inchikey_connectivity_formula_mass	2	FALSE	TRUE	2.0720000293295e-07	0.000518000007332375
10-DEACETYLBACCATIN-III	86628	MassBank	BML82391	10-Deacetylbaccatin III	name_formula_mass	4	TRUE	TRUE	3.76599928131327e-07	0.00069198563430699
CORTISOL	86629	MassBank	BML81441	Cortisol	inchikey	1	TRUE	TRUE	4.07350000841689e-06	0.0101837500210422
CPD-9459	86649	MassBank	BML81847	Oleanolic acid	name_formula_mass	4	FALSE	TRUE	4.07100003485539e-07	0.000892058233329589
L-DIHYDROXY-PHENYLALANINE	86651	MassBank	BML01852	DL-Dopa	name_formula_mass	4	TRUE	TRUE	1.53299993144174e-07	0.000383249982860434
CPD-1095	86652	MassBank	BML80677	Acacetin	inchikey_connectivity_formula_mass	2	FALSE	TRUE	4.95700021474477e-07	0.00123925005368619
CPD-12447	86653	MassBank	BML00588	Phlorizin	inchikey_connectivity_formula_mass	2	FALSE	TRUE	8.60001136970823e-09	1.97186031337946e-05
CPD-8959	86657	MassBank	BML81992	5-Hydroxy-9-(3,4,5-trimethoxyphenyl)-5a,6,8a,9-tetrahydro-5H-[2]benzofuro[5,6-f][1,3]benzodioxol-8-one	name_formula_mass	4	TRUE	TRUE	3.17000001359702e-07	0.000765457411708573
LUTEOLIN-7-O-BETA-D-GLUCOSIDE	86660	MassBank	BML00114	Luteolin 7-glucoside	inchikey	1	TRUE	TRUE	4.85099974412151e-07	0.00108256944111926
DGMP	86661	MassBank	BML80266	2'-Deoxyguanosine 5'-monophosphate	inchikey_connectivity_formula_mass	2	FALSE	TRUE	3.40099973072938e-07	0.000850249932682345
ADENOSINE	86662	MassBank	BML80692	Adenosine	inchikey	1	TRUE	TRUE	6.82999825585284e-08	0.000170749956396321
CPD-1095	86663	MassBank	BML80678	Acacetin	inchikey_connectivity_formula_mass	2	FALSE	TRUE	4.95700021474477e-07	0.00123925005368619
CPD-7661	86666	MassBank	BML81823	Nordihydroguaiaretic acid	inchikey	1	TRUE	TRUE	1.94599977021426e-07	0.000486499942553564
ESTRONE	86667	MassBank	BML00996	Estrone	name_formula_mass	4	TRUE	TRUE	4.96000325256318e-08	0.00012400008131408
CPD-8184	86669	MassBank	BML01063	5,7-Dihydroxyflavone	inchikey_connectivity_formula_mass	2	FALSE	TRUE	1.90599990901319e-07	0.000476499977253297
CPD-7075	86672	MassBank	BML00682	Hesperidin	inchikey	1	TRUE	TRUE	4.22900029661832e-07	0.000693063125867771
CPD-9459	86675	MassBank	BML81848	Oleanolic acid	name_formula_mass	4	FALSE	TRUE	4.07100003485539e-07	0.000892058233329589
CPD-8216	86681	MassBank	BML01163	Chrysophanol	inchikey	1	TRUE	TRUE	1.90599990901319e-07	0.000476499977253297
TRP	86682	MassBank	BML81642	(±)-Tryptophan	name_formula_mass	4	TRUE	TRUE	3.60200004934086e-07	0.000900500012335215
CPD-8960	86684	MassBank	BML82438	Beta-Peltatin	inchikey	1	TRUE	TRUE	3.17000001359702e-07	0.000765457411708573
BACCATIN-III	86685	MassBank	BML82398	Baccatin III	inchikey	1	TRUE	TRUE	6.29000851404271e-08	0.000107293827843193
574-TRIHYDROXY-3-METHOXYFLAVONE	86688	MassBank	BML01620	Chrysoeriol	inchikey_connectivity_formula_mass	2	FALSE	TRUE	1.17800027510384e-07	0.00029450006877596
ESTRONE	86691	MassBank	BML81225	Estrone	name_formula_mass	4	TRUE	TRUE	4.96000325256318e-08	0.00012400008131408
CPD-8909	86692	MassBank	BML82372	Secoisolariciresinol	inchikey	1	TRUE	TRUE	4.32799993177468e-07	0.00108199998294367
CPD-734	86693	MassBank	BML00646	Jasmonic acid	name_formula_mass	4	FALSE	TRUE	4.44099981677937e-07	0.00111024995419484
CPD-14834	86698	MassBank	BML00280	(-)-alpha-Narcotine	inchikey	1	TRUE	TRUE	9.82000187832455e-08	0.000237687581720592
N-ACETYL-5-METHOXY-TRYPTAMINE	86699	MassBank	BML81676	Melatonin	inchikey	1	TRUE	TRUE	2.31799987204795e-07	0.000579499968011987
ESTRONE	86700	MassBank	BML01004	Estrone	name_formula_mass	4	TRUE	TRUE	4.96000325256318e-08	0.00012400008131408
ARG	86701	MassBank	BML80773	DL-Arginine	name_formula_mass	4	FALSE	TRUE	2.85599980998086e-07	0.000713999952495215
CPD-8097	86704	MassBank	BML81210	Aesculetin	inchikey	1	TRUE	TRUE	3.1900000863061e-07	0.000797500021576525
Coumarins	86709	MassBank	BML01359	Coumarin	inchikey	1	TRUE	TRUE	4.36800007719285e-07	0.00109200001929821
COUMARIN	86709	MassBank	BML01359	Coumarin	inchikey	1	TRUE	TRUE	4.36800007719285e-07	0.00109200001929821
CPD-8215	86711	MassBank	BML81156	Emodin	inchikey_connectivity_formula_mass	2	FALSE	TRUE	4.31499984188122e-07	0.0010787499604703
CPD0-1959	86712	MassBank	BML81130	D-Methionine (S)-S-oxide	inchikey	1	TRUE	TRUE	8.53999893024593e-08	0.000213499973256148
ATROPINE	86714	MassBank	BML80800	(+)-Hyoscyamine	name_formula_mass	4	FALSE	TRUE	3.9020000031087e-07	0.000975500000777174
LIPOIC-ACID	86719	MassBank	BML01306	Thioctic acid	name_formula_mass	4	FALSE	TRUE	9.26399991385551e-07	0.00231599997846388
PHYTOALEXIN-CMPD	86723	MassBank	BML00666	Psoralen	inchikey	1	TRUE	TRUE	5.8900013755192e-08	0.00014725003438798
CPD-15742	86724	MassBank	BML00083	Papaverine	inchikey	1	TRUE	TRUE	1.67699965913926e-07	0.000419249914784814
CPD-5741	86726	MassBank	BML82100	Rotenone	inchikey	1	TRUE	TRUE	4.38799986568483e-07	0.00109699996642121
PHLORETIN	86736	MassBank	BML00585	Phloretin	inchikey	1	TRUE	TRUE	4.4009999555783e-07	0.00110024998889457
CPD-8216	86739	MassBank	BML01181	Chrysophanol	inchikey	1	TRUE	TRUE	1.90599990901319e-07	0.000476499977253297
CAPSAICIN	86741	MassBank	BML80892	Capsaicin	inchikey	1	TRUE	TRUE	2.61799982581579e-07	0.000654499956453947
574-TRIHYDROXY-3-METHOXYFLAVONE	86743	MassBank	BML80943	Chrysoeriol	inchikey_connectivity_formula_mass	2	FALSE	TRUE	1.17800027510384e-07	0.00029450006877596
N-ACETYL-5-METHOXY-TRYPTAMINE	86746	MassBank	BML81675	Melatonin	inchikey	1	TRUE	TRUE	2.31799987204795e-07	0.000579499968011987
CPD-9835	86749	MassBank	BML00074	Cinchonidine	name_formula_mass	4	FALSE	TRUE	0.000213338700007171	0.533346750017927
5734-TETRAHYDROXYFLAVONE	86753	MassBank	BML81651	Luteolin	inchikey_connectivity_formula_mass	2	FALSE	TRUE	5.3600047067448e-08	0.00013400011766862
CPD-9787	86755	MassBank	BML81072	1,2,3,10-Tetramethoxy-7-(methylamino)-6,7-dihydro-5H-benzo[a]heptalen-9-one	name_formula_mass	4	FALSE	TRUE	8.1800010320876e-08	0.00020450002580219
MORPHINE	86757	MassBank	BML82455	Morphine	inchikey_connectivity_formula_mass	2	FALSE	TRUE	1.85999624591204e-08	4.64999061478011e-05
PHLORETIN	86758	MassBank	BML81932	Phloretin	inchikey	1	TRUE	TRUE	4.4009999555783e-07	0.00110024998889457
SCOPOLETIN	86759	MassBank	BML00359	Scopoletin	inchikey	1	TRUE	TRUE	2.54799999765964e-07	0.000636999999414911
CPD-1142	86764	MassBank	BML82125	Salicin	name_formula_mass	4	TRUE	TRUE	6.75000251249003e-08	0.000168750062812251
CPD-5741	86766	MassBank	BML00720	Rotenone	inchikey	1	TRUE	TRUE	4.38799986568483e-07	0.00109699996642121
CPD-4563	86774	MassBank	BML82187	Sissotrin	name_formula_mass	4	TRUE	TRUE	7.28000486560632e-08	0.000163184427996368
N-ACETYL-5-METHOXY-TRYPTAMINE	86776	MassBank	BML00707	Melatonin	inchikey	1	TRUE	TRUE	2.31799987204795e-07	0.000579499968011987
DEOXYADENOSINE	86777	MassBank	BML01219	2'-Deoxyadenosine	name_formula_mass	4	TRUE	TRUE	3.09599982983855e-07	0.000773999957459637
LIPOIC-ACID	86779	MassBank	BML01301	Thioctic acid	name_formula_mass	4	FALSE	TRUE	9.26399991385551e-07	0.00231599997846388
CPD-12447	86780	MassBank	BML81938	Phlorizin	inchikey_connectivity_formula_mass	2	FALSE	TRUE	8.60001136970823e-09	1.97186031337946e-05
R-CANADINE	86782	MassBank	BML80875	(R)-Canadine	name_formula_mass	4	TRUE	TRUE	1.67699965913926e-07	0.000419249914784814
R-CANADINE	86784	MassBank	BML00910	(R)-Canadine	name_formula_mass	4	TRUE	TRUE	1.67699965913926e-07	0.000419249914784814
CPD-8216	86788	MassBank	BML01172	Chrysophanol	inchikey	1	TRUE	TRUE	1.90599990901319e-07	0.000476499977253297
DCMP	86792	MassBank	BML01202	2'-Deoxycytidine 5'-monophosphate	name_formula_mass	4	FALSE	TRUE	3.29700014845002e-07	0.000824250037112506
LUTEOLIN-7-O-BETA-D-GLUCOSIDE	86795	MassBank	BML00134	Luteolin 7-glucoside	inchikey	1	TRUE	TRUE	4.85099974412151e-07	0.00108256944111926
NARINGIN	86799	MassBank	BML01170	Naringin	inchikey	1	TRUE	TRUE	2.63400011135673e-07	0.00045399767611674
CPD-431	86805	MassBank	BML80761	Apigenin	inchikey_connectivity_formula_mass	2	FALSE	TRUE	4.31499984188122e-07	0.0010787499604703
CPD-14751	86814	MassBank	BML80700	Aritmina	name_formula_mass	4	TRUE	TRUE	8.92000002750137e-08	0.000223000000687534
CPD-4242	86814	MassBank	BML80700	Aritmina	name_formula_mass	4	FALSE	TRUE	8.92000002750137e-08	0.000223000000687534
IMP	86815	MassBank	BML81460	Inosinic acid	inchikey_connectivity_formula_mass	2	FALSE	TRUE	7.51000470700092e-08	0.000187750117675023
HISTIDINOL	86818	MassBank	BML81412	Histidinol	name_formula_mass	4	FALSE	TRUE	9.20002207749349e-09	2.30000551937337e-05
CPD-14483	86820	MassBank	BML81163	18a-Glycyrrhetinic acid	name_formula_mass	4	FALSE	TRUE	3.49999709214899e-08	7.44142534031832e-05
DGMP	86822	MassBank	BML80265	2'-Deoxyguanosine 5'-monophosphate	inchikey_connectivity_formula_mass	2	FALSE	TRUE	3.40099973072938e-07	0.000850249932682345
CPD-4222	86824	MassBank	BML82281	Trifolirhizin	name_formula_mass	4	TRUE	TRUE	7.28000486560632e-08	0.000163184427996368
ARG	86825	MassBank	BML80771	DL-Arginine	name_formula_mass	4	FALSE	TRUE	2.85599980998086e-07	0.000713999952495215
NARINGENIN-CMPD	86828	MassBank	BML00667	Naringenin	inchikey	1	TRUE	TRUE	4.95700021474477e-07	0.00123925005368619
CPD-1142	86834	MassBank	BML82126	Salicin	name_formula_mass	4	TRUE	TRUE	6.75000251249003e-08	0.000168750062812251
--EPHEDRINE	86854	MassBank	WA001007	Ephedrine	inchikey	1	TRUE	TRUE	4.10879999890312e-06	0.0102719999972578
CODEINE	86892	MassBank	WA000995	Codeine	inchikey_connectivity_formula_mass	2	FALSE	TRUE	3.54560000914717e-06	0.00886400002286791
NICOTINE	86964	MassBank	WA001099	Nicotine	inchikey_connectivity_formula_mass	2	FALSE	TRUE	1.54020000309174e-06	0.00385050000772935
CORTISONE	86969	MassBank	WA000389	Cortisone	inchikey	1	TRUE	TRUE	4.00930002797395e-06	0.0100232500699349
CPD-20520	86972	MassBank	WA000808	Fluvoxamine	name_formula_mass	4	FALSE	TRUE	2.52870000849725e-06	0.00632175002124313
CPD-7172	86976	MassBank	WA000880	Tetrahydrocannabinol	inchikey	1	TRUE	TRUE	2.0720000293295e-07	0.000518000007332375
IPRONIAZID	86996	MassBank	WA002235	Iproniazid	inchikey	1	TRUE	TRUE	2.05499998173764e-06	0.00513749995434409
CPD-9846	87007	MassBank	WA000287	Quinidine	name_formula_mass	4	FALSE	TRUE	1.97500003196183e-06	0.00493750007990457
IPRONIAZID	87021	MassBank	WA002230	Iproniazid	inchikey	1	TRUE	TRUE	2.05499998173764e-06	0.00513749995434409
VIGABATRIN	87035	MassBank	WA000441	Vigabatrin	inchikey	1	TRUE	TRUE	1.39750000016647e-06	0.00349375000041618
L-PHOSPHINOTHRICIN	87054	MassBank	WA002711	Glufosinate	name_formula_mass	4	FALSE	TRUE	4.38879999364872e-06	0.0109719999841218
CORTISONE	87079	MassBank	WA000377	Cortisone	inchikey	1	TRUE	TRUE	4.00930002797395e-06	0.0100232500699349
CORTISOL	87085	MassBank	WA002946	Cortisol	inchikey	1	TRUE	TRUE	4.07350000841689e-06	0.0101837500210422
L-PHOSPHINOTHRICIN	87086	MassBank	WA002712	Glufosinate	name_formula_mass	4	FALSE	TRUE	4.38879999364872e-06	0.0109719999841218
CPD-9847	87094	MassBank	WA001715	Cinchonine	name_formula_mass	4	FALSE	TRUE	3.33870002577896e-06	0.00834675006444741
Ibuprofen	87099	MassBank	WA002727	Ibuprofen	inchikey_connectivity_formula_mass	2	FALSE	TRUE	1.78000021833213e-07	0.000445000054583033
CAPSAICIN	87112	MassBank	WA001605	Capsaicin	inchikey	1	TRUE	TRUE	2.61799982581579e-07	0.000654499956453947
TRYPTAMINE	87118	MassBank	WA002435	Tryptamine	inchikey_connectivity_formula_mass	2	FALSE	TRUE	1.60440001195639e-06	0.00401100002989097
NICOTINE	87123	MassBank	WA001098	Nicotine	inchikey_connectivity_formula_mass	2	FALSE	TRUE	1.54020000309174e-06	0.00385050000772935
L-PHOSPHINOTHRICIN	87142	MassBank	WA002713	Glufosinate	name_formula_mass	4	FALSE	TRUE	4.38879999364872e-06	0.0109719999841218
CPD0-1581	87146	MassBank	WA000864	Trimethoprim	inchikey	1	TRUE	TRUE	4.64899983398936e-07	0.00116224995849734
CPD-12479	87182	MassBank	WA001342	Theophylline	inchikey	1	TRUE	TRUE	4.47819999749299e-06	0.0111954999937325
CPD-9785	87196	MassBank	WA001570	Colchicine	inchikey	1	TRUE	TRUE	2.45969999923545e-06	0.00614924999808864
CPD-11550	87208	MassBank	WA002316	Carbidopa	inchikey_connectivity_formula_mass	2	FALSE	TRUE	3.05180000736982e-06	0.00762950001842455
CORTISONE	87212	MassBank	WA000388	Cortisone	inchikey	1	TRUE	TRUE	4.00930002797395e-06	0.0100232500699349
CPD-11550	87246	MassBank	WA002315	Carbidopa	inchikey_connectivity_formula_mass	2	FALSE	TRUE	3.05180000736982e-06	0.00762950001842455
CPD-633	87257	MassBank	WA000505	Gentisic acid	inchikey_connectivity_formula_mass	2	FALSE	TRUE	1.31900000610585e-06	0.00329750001526463
CPD-15742	87264	MassBank	WA002548	Papaverine	inchikey	1	TRUE	TRUE	1.83230002903656e-06	0.0045807500725914
CPD-22577	87274	MassBank	WA000566	Digitoxin	inchikey	1	TRUE	TRUE	2.14169995160773e-06	0.00280167812060881
Ibuprofen	87278	MassBank	WA002724	Ibuprofen	inchikey_connectivity_formula_mass	2	FALSE	TRUE	1.78000021833213e-07	0.000445000054583033
IPRONIAZID	87280	MassBank	WA002233	Iproniazid	inchikey	1	TRUE	TRUE	2.05499998173764e-06	0.00513749995434409
CPD-12479	87310	MassBank	WA001341	Theophylline	inchikey	1	TRUE	TRUE	4.47819999749299e-06	0.0111954999937325
CPD-5721	87334	MassBank	WA002776	Thioguanine	inchikey	1	TRUE	TRUE	4.12349999123762e-06	0.0103087499780941
CPD-633	87348	MassBank	WA000502	Gentisic acid	inchikey_connectivity_formula_mass	2	FALSE	TRUE	1.31900000610585e-06	0.00329750001526463
CPD-9777	87349	MassBank	WA000511	Ecgoninemethylester	inchikey_connectivity_formula_mass	2	FALSE	TRUE	3.41720001983958e-06	0.00854300004959896
CPD-22577	87373	MassBank	WA000568	Digitoxin	inchikey	1	TRUE	TRUE	2.14169995160773e-06	0.00280167812060881
CPD-9785	87380	MassBank	WA001571	Colchicine	inchikey	1	TRUE	TRUE	2.45969999923545e-06	0.00614924999808864
CPD-14834	87405	MassBank	WA002272	(-)-alpha-Narcotine	inchikey	1	TRUE	TRUE	2.09820001373373e-06	0.00507857425497329
CPD-9777	87418	MassBank	WA000515	Ecgoninemethylester	inchikey_connectivity_formula_mass	2	FALSE	TRUE	3.41720001983958e-06	0.00854300004959896
ATROPINE	87425	MassBank	WA000925	Atropine	inchikey_connectivity_formula_mass	2	FALSE	TRUE	3.6097999895901e-06	0.00902449997397525
CPD-20952	87437	MassBank	WA000410	Amphetamine	inchikey_connectivity_formula_mass	2	FALSE	TRUE	5.77500003373643e-07	0.00144375000843411
MORPHINE	87446	MassBank	WA001092	Morphine	inchikey_connectivity_formula_mass	2	FALSE	TRUE	1.85999624591204e-08	4.64999061478011e-05
ATROPINE	87468	MassBank	WA000924	Atropine	inchikey_connectivity_formula_mass	2	FALSE	TRUE	3.6097999895901e-06	0.00902449997397525
--EPHEDRINE	87469	MassBank	WA001004	Ephedrine	inchikey	1	TRUE	TRUE	4.10879999890312e-06	0.0102719999972578
CPD-14834	87490	MassBank	WA002270	(-)-alpha-Narcotine	inchikey	1	TRUE	TRUE	2.09820001373373e-06	0.00507857425497329
CPD-20520	87498	MassBank	WA000805	Fluvoxamine	name_formula_mass	4	FALSE	TRUE	2.52870000849725e-06	0.00632175002124313
CPD-9846	87501	MassBank	WA000288	Quinidine	name_formula_mass	4	FALSE	TRUE	1.97500003196183e-06	0.00493750007990457
NIACINAMIDE	87517	MassBank	WA002672	Niacinamide	inchikey	1	TRUE	TRUE	2.82509999749436e-06	0.00706274999373591
CAPSAICIN	87531	MassBank	WA001601	Capsaicin	inchikey	1	TRUE	TRUE	2.61799982581579e-07	0.000654499956453947
CPD-15742	87557	MassBank	WA002550	Papaverine	inchikey	1	TRUE	TRUE	1.83230002903656e-06	0.0045807500725914
CAPSAICIN	87585	MassBank	WA001604	Capsaicin	inchikey	1	TRUE	TRUE	2.61799982581579e-07	0.000654499956453947
CPD-9777	87592	MassBank	WA000510	Ecgoninemethylester	inchikey_connectivity_formula_mass	2	FALSE	TRUE	3.41720001983958e-06	0.00854300004959896
CPD-9776	87624	MassBank	WA000675	Cocaine	inchikey_connectivity_formula_mass	2	FALSE	TRUE	1.83230002903656e-06	0.0045807500725914
CPD-20520	87634	MassBank	WA000810	Fluvoxamine	name_formula_mass	4	FALSE	TRUE	2.52870000849725e-06	0.00632175002124313
CORTISONE	87641	MassBank	WA000378	Cortisone	inchikey	1	TRUE	TRUE	4.00930002797395e-06	0.0100232500699349
VIGABATRIN	87664	MassBank	WA000440	Vigabatrin	inchikey	1	TRUE	TRUE	1.39750000016647e-06	0.00349375000041618
1-3-7-TRIMETHYLXANTHINE	87681	MassBank	WA000948	Caffeine	inchikey	1	TRUE	TRUE	4.41399998862835e-06	0.0110349999715709
IPRONIAZID	87701	MassBank	WA002232	Iproniazid	inchikey	1	TRUE	TRUE	2.05499998173764e-06	0.00513749995434409
CPD0-1581	87708	MassBank	WA000862	Trimethoprim	inchikey	1	TRUE	TRUE	4.64899983398936e-07	0.00116224995849734
CPD-5481	87719	MassBank	WA000267	Forchlorfenuron	inchikey	1	FALSE	FALSE	3.31300014977387e-07	0.000828250037443468
CPD-9846	87753	MassBank	WA000286	Quinidine	name_formula_mass	4	FALSE	TRUE	1.97500003196183e-06	0.00493750007990457
CODEINE	87764	MassBank	WA000994	Codeine	inchikey_connectivity_formula_mass	2	FALSE	TRUE	3.54560000914717e-06	0.00886400002286791
CPD-110	87768	MassBank	WA000472	Salicylic acid	inchikey_connectivity_formula_mass	2	FALSE	TRUE	4.05890000365616e-06	0.0101472500091404
CORTISOL	87777	MassBank	WA000384	Cortisol	inchikey	1	TRUE	TRUE	4.07350000841689e-06	0.0101837500210422
CAPSAICIN	87782	MassBank	WA001603	Capsaicin	inchikey	1	TRUE	TRUE	2.61799982581579e-07	0.000654499956453947
CPD-9024	87805	MassBank	WA001354	Allopurinol	inchikey	1	TRUE	TRUE	7.71299994539731e-07	0.00192824998634933
CPD-14751	87818	MassBank	WA002689	Ajmaline	name_formula_mass	4	TRUE	TRUE	1.91079999467547e-06	0.00477699998668868
CPD-4242	87818	MassBank	WA002689	Ajmaline	name_formula_mass	4	FALSE	TRUE	1.91079999467547e-06	0.00477699998668868
CPD-10537	87830	MassBank	WA002514	Digitoxigenine	inchikey	1	TRUE	TRUE	4.20199967265944e-07	0.00105049991816486
CORTISONE	87845	MassBank	WA000390	Cortisone	inchikey	1	TRUE	TRUE	4.00930002797395e-06	0.0100232500699349
CPD-14483	87878	MassBank	WA001654	Enoxolone	name_formula_mass	4	FALSE	TRUE	3.49999709214899e-08	7.44142534031832e-05
CPD-12479	87881	MassBank	WA000309	Theophylline	inchikey	1	TRUE	TRUE	4.47819999749299e-06	0.0111954999937325
CORTISOL	87897	MassBank	WA000382	Cortisol	inchikey	1	TRUE	TRUE	4.07350000841689e-06	0.0101837500210422
L-PHOSPHINOTHRICIN	87943	MassBank	WA002710	Glufosinate	name_formula_mass	4	FALSE	TRUE	4.38879999364872e-06	0.0109719999841218
CPD0-1581	87944	MassBank	WA000865	Trimethoprim	inchikey	1	TRUE	TRUE	4.64899983398936e-07	0.00116224995849734
CPD-15742	87952	MassBank	WA002551	Papaverine	inchikey	1	TRUE	TRUE	1.83230002903656e-06	0.0045807500725914
CPD-14483	88002	MassBank	WA001653	Enoxolone	name_formula_mass	4	FALSE	TRUE	3.49999709214899e-08	7.44142534031832e-05
CPD-12479	88026	MassBank	WA000305	Theophylline	inchikey	1	TRUE	TRUE	4.47819999749299e-06	0.0111954999937325
CPD-9776	88031	MassBank	WA000674	Cocaine	inchikey_connectivity_formula_mass	2	FALSE	TRUE	1.83230002903656e-06	0.0045807500725914
DISULFIRAM	88036	MassBank	WA001476	Disulfiram	inchikey	1	TRUE	TRUE	1.41240002449194e-06	0.00353100006122986
CPD-633	88042	MassBank	WA000504	Gentisic acid	inchikey_connectivity_formula_mass	2	FALSE	TRUE	1.31900000610585e-06	0.00329750001526463
CPD-9777	88052	MassBank	WA000514	Ecgoninemethylester	inchikey_connectivity_formula_mass	2	FALSE	TRUE	3.41720001983958e-06	0.00854300004959896
CPD-22580	88054	MassBank	WA000562	Digoxin	inchikey	1	TRUE	TRUE	3.23620008657599e-06	0.00414669056443862
CORTISOL	88057	MassBank	WA002944	Cortisol	inchikey	1	TRUE	TRUE	4.07350000841689e-06	0.0101837500210422
CPD-7172	88059	MassBank	WA000881	Tetrahydrocannabinol	inchikey	1	TRUE	TRUE	2.0720000293295e-07	0.000518000007332375
CPD-14483	88066	MassBank	WA001651	Enoxolone	name_formula_mass	4	FALSE	TRUE	3.49999709214899e-08	7.44142534031832e-05
SCOPOLAMINE	88073	MassBank	WA002402	Scopolamine	inchikey	1	TRUE	TRUE	1.83230002903656e-06	0.0045807500725914
CPD-22580	88075	MassBank	WA000564	Digoxin	inchikey	1	TRUE	TRUE	3.23620008657599e-06	0.00414669056443862
CPD0-1581	88123	MassBank	WA000866	Trimethoprim	inchikey	1	TRUE	TRUE	4.64899983398936e-07	0.00116224995849734
CPD-14834	88158	MassBank	WA002274	(-)-alpha-Narcotine	inchikey	1	TRUE	TRUE	2.09820001373373e-06	0.00507857425497329
CPD-14751	88159	MassBank	WA002688	Ajmaline	name_formula_mass	4	TRUE	TRUE	1.91079999467547e-06	0.00477699998668868
CPD-4242	88159	MassBank	WA002688	Ajmaline	name_formula_mass	4	FALSE	TRUE	1.91079999467547e-06	0.00477699998668868
1-3-7-TRIMETHYLXANTHINE	88160	MassBank	WA000949	Caffeine	inchikey	1	TRUE	TRUE	4.41399998862835e-06	0.0110349999715709
CPD-7172	88190	MassBank	WA000882	Tetrahydrocannabinol	inchikey	1	TRUE	TRUE	2.0720000293295e-07	0.000518000007332375
CPD-5721	88215	MassBank	WA002775	Thioguanine	inchikey	1	TRUE	TRUE	4.12349999123762e-06	0.0103087499780941
DISULFIRAM	88234	MassBank	WA001475	Disulfiram	inchikey	1	TRUE	TRUE	1.41240002449194e-06	0.00353100006122986
SCOPOLAMINE	88239	MassBank	WA002403	Scopolamine	inchikey	1	TRUE	TRUE	1.83230002903656e-06	0.0045807500725914
CPD-12479	88246	MassBank	WA000310	Theophylline	inchikey	1	TRUE	TRUE	4.47819999749299e-06	0.0111954999937325
CPD-9024	88250	MassBank	WA001353	Allopurinol	inchikey	1	TRUE	TRUE	7.71299994539731e-07	0.00192824998634933
CPD-633	88253	MassBank	WA000503	Gentisic acid	inchikey_connectivity_formula_mass	2	FALSE	TRUE	1.31900000610585e-06	0.00329750001526463
ATROPINE	88258	MassBank	WA000923	Atropine	inchikey_connectivity_formula_mass	2	FALSE	TRUE	3.6097999895901e-06	0.00902449997397525
CPD-7172	88269	MassBank	WA000879	Tetrahydrocannabinol	inchikey	1	TRUE	TRUE	2.0720000293295e-07	0.000518000007332375
CPD-12479	88270	MassBank	WA001344	Theophylline	inchikey	1	TRUE	TRUE	4.47819999749299e-06	0.0111954999937325
CORTISONE	88272	MassBank	WA000375	Cortisone	inchikey	1	TRUE	TRUE	4.00930002797395e-06	0.0100232500699349
CPD-12479	88282	MassBank	WA001343	Theophylline	inchikey	1	TRUE	TRUE	4.47819999749299e-06	0.0111954999937325
CPD-11550	88292	MassBank	WA002309	Carbidopa	inchikey_connectivity_formula_mass	2	FALSE	TRUE	3.05180000736982e-06	0.00762950001842455
NICOTINE	88298	MassBank	WA001097	Nicotine	inchikey_connectivity_formula_mass	2	FALSE	TRUE	1.54020000309174e-06	0.00385050000772935
ATROPINE	88306	MassBank	WA000922	Atropine	inchikey_connectivity_formula_mass	2	FALSE	TRUE	3.6097999895901e-06	0.00902449997397525
CPD-20520	88329	MassBank	WA000806	Fluvoxamine	name_formula_mass	4	FALSE	TRUE	2.52870000849725e-06	0.00632175002124313
CORTISOL	88335	MassBank	WA000379	Cortisol	inchikey	1	TRUE	TRUE	4.07350000841689e-06	0.0101837500210422
CORTISONE	88336	MassBank	WA000387	Cortisone	inchikey	1	TRUE	TRUE	4.00930002797395e-06	0.0100232500699349
MORPHINE	88354	MassBank	WA001093	Morphine	inchikey_connectivity_formula_mass	2	FALSE	TRUE	1.85999624591204e-08	4.64999061478011e-05
THIDIAZURON	88370	MassBank	WA000216	Thidiazuron	inchikey	1	TRUE	TRUE	1.58970001962189e-06	0.00397425004905472
CORTISOL	88382	MassBank	WA002943	Cortisol	inchikey	1	TRUE	TRUE	4.07350000841689e-06	0.0101837500210422
CPD-9785	88384	MassBank	WA001567	Colchicine	inchikey	1	TRUE	TRUE	2.45969999923545e-06	0.00614924999808864
IPRONIAZID	88418	MassBank	WA002234	Iproniazid	inchikey	1	TRUE	TRUE	2.05499998173764e-06	0.00513749995434409
CORTISONE	88424	MassBank	WA000376	Cortisone	inchikey	1	TRUE	TRUE	4.00930002797395e-06	0.0100232500699349
MORPHINE	88426	MassBank	WA001094	Morphine	inchikey_connectivity_formula_mass	2	FALSE	TRUE	1.85999624591204e-08	4.64999061478011e-05
CPD-9785	88458	MassBank	WA001568	Colchicine	inchikey	1	TRUE	TRUE	2.45969999923545e-06	0.00614924999808864
CPD-20952	88459	MassBank	WA000409	Amphetamine	inchikey_connectivity_formula_mass	2	FALSE	TRUE	5.77500003373643e-07	0.00144375000843411
CPD-12479	88464	MassBank	WA000308	Theophylline	inchikey	1	TRUE	TRUE	4.47819999749299e-06	0.0111954999937325
CPD-9846	88479	MassBank	WA000285	Quinidine	name_formula_mass	4	FALSE	TRUE	1.97500003196183e-06	0.00493750007990457
CPD-11550	88482	MassBank	WA002313	Carbidopa	inchikey_connectivity_formula_mass	2	FALSE	TRUE	3.05180000736982e-06	0.00762950001842455
IPRONIAZID	88487	MassBank	WA002231	Iproniazid	inchikey	1	TRUE	TRUE	2.05499998173764e-06	0.00513749995434409
SCOPOLAMINE	88508	MassBank	WA002404	Scopolamine	inchikey	1	TRUE	TRUE	1.83230002903656e-06	0.0045807500725914
CPD-10537	88510	MassBank	WA002515	Digitoxigenine	inchikey	1	TRUE	TRUE	4.20199967265944e-07	0.00105049991816486
CAPSAICIN	88517	MassBank	WA001606	Capsaicin	inchikey	1	TRUE	TRUE	2.61799982581579e-07	0.000654499956453947
CPD-12479	88537	MassBank	WA001340	Theophylline	inchikey	1	TRUE	TRUE	4.47819999749299e-06	0.0111954999937325
CPD-5481	88560	MassBank	WA000265	Forchlorfenuron	inchikey	1	FALSE	FALSE	3.31300014977387e-07	0.000828250037443468
CAPSAICIN	88589	MassBank	WA001602	Capsaicin	inchikey	1	TRUE	TRUE	2.61799982581579e-07	0.000654499956453947
MORPHINE	88595	MassBank	WA001091	Morphine	inchikey_connectivity_formula_mass	2	FALSE	TRUE	1.85999624591204e-08	4.64999061478011e-05
CPD-20952	88608	MassBank	WA000407	Amphetamine	inchikey_connectivity_formula_mass	2	FALSE	TRUE	5.77500003373643e-07	0.00144375000843411
CPD-9785	88622	MassBank	WA001569	Colchicine	inchikey	1	TRUE	TRUE	2.45969999923545e-06	0.00614924999808864
NICOTINE	88658	MassBank	WA001096	Nicotine	inchikey_connectivity_formula_mass	2	FALSE	TRUE	1.54020000309174e-06	0.00385050000772935
--EPHEDRINE	88663	MassBank	WA001005	Ephedrine	inchikey	1	TRUE	TRUE	4.10879999890312e-06	0.0102719999972578
DISULFIRAM	88673	MassBank	WA001474	Disulfiram	inchikey	1	TRUE	TRUE	1.41240002449194e-06	0.00353100006122986
NIACINAMIDE	88675	MassBank	WA002674	Niacinamide	inchikey	1	TRUE	TRUE	2.82509999749436e-06	0.00706274999373591
CPD-14834	88681	MassBank	WA002271	(-)-alpha-Narcotine	inchikey	1	TRUE	TRUE	2.09820001373373e-06	0.00507857425497329
CORTISOL	88685	MassBank	WA000383	Cortisol	inchikey	1	TRUE	TRUE	4.07350000841689e-06	0.0101837500210422
TRYPTAMINE	88713	MassBank	WA002432	Tryptamine	inchikey_connectivity_formula_mass	2	FALSE	TRUE	1.60440001195639e-06	0.00401100002989097
CPD-11550	88718	MassBank	WA002314	Carbidopa	inchikey_connectivity_formula_mass	2	FALSE	TRUE	3.05180000736982e-06	0.00762950001842455
CODEINE	88725	MassBank	WA000992	Codeine	inchikey_connectivity_formula_mass	2	FALSE	TRUE	3.54560000914717e-06	0.00886400002286791
CPD-9776	88765	MassBank	WA000673	Cocaine	inchikey_connectivity_formula_mass	2	FALSE	TRUE	1.83230002903656e-06	0.0045807500725914
CPD-20520	88784	MassBank	WA000809	Fluvoxamine	name_formula_mass	4	FALSE	TRUE	2.52870000849725e-06	0.00632175002124313
CPD-11550	88791	MassBank	WA002310	Carbidopa	inchikey_connectivity_formula_mass	2	FALSE	TRUE	3.05180000736982e-06	0.00762950001842455
CPD-14834	88801	MassBank	WA002273	(-)-alpha-Narcotine	inchikey	1	TRUE	TRUE	2.09820001373373e-06	0.00507857425497329
1-3-7-TRIMETHYLXANTHINE	88805	MassBank	WA000952	Caffeine	inchikey	1	TRUE	TRUE	4.41399998862835e-06	0.0110349999715709
VIGABATRIN	88816	MassBank	WA000442	Vigabatrin	inchikey	1	TRUE	TRUE	1.39750000016647e-06	0.00349375000041618
CPD-5742	88824	MassBank	WA001991	Amobarbital	inchikey_connectivity_formula_mass	2	FALSE	TRUE	2.45449999169978e-06	0.00613624997924944
CPD-15742	88831	MassBank	WA002549	Papaverine	inchikey	1	TRUE	TRUE	1.83230002903656e-06	0.0045807500725914
CPD-9777	88837	MassBank	WA000512	Ecgoninemethylester	inchikey_connectivity_formula_mass	2	FALSE	TRUE	3.41720001983958e-06	0.00854300004959896
NICOTINE	88848	MassBank	WA001095	Nicotine	inchikey_connectivity_formula_mass	2	FALSE	TRUE	1.54020000309174e-06	0.00385050000772935
ATROPINE	88849	MassBank	WA000926	Atropine	inchikey_connectivity_formula_mass	2	FALSE	TRUE	3.6097999895901e-06	0.00902449997397525
CPD-9847	88858	MassBank	WA001714	Cinchonine	name_formula_mass	4	FALSE	TRUE	3.33870002577896e-06	0.00834675006444741
CPD-22577	88885	MassBank	WA000567	Digitoxin	inchikey	1	TRUE	TRUE	2.14169995160773e-06	0.00280167812060881
CORTISONE	88887	MassBank	WA000386	Cortisone	inchikey	1	TRUE	TRUE	4.00930002797395e-06	0.0100232500699349
CPD-9776	88892	MassBank	WA000672	Cocaine	inchikey_connectivity_formula_mass	2	FALSE	TRUE	1.83230002903656e-06	0.0045807500725914
CORTISOL	88896	MassBank	WA000381	Cortisol	inchikey	1	TRUE	TRUE	4.07350000841689e-06	0.0101837500210422
NIACINAMIDE	88911	MassBank	WA002675	Niacinamide	inchikey	1	TRUE	TRUE	2.82509999749436e-06	0.00706274999373591
1-3-7-TRIMETHYLXANTHINE	88916	MassBank	WA000950	Caffeine	inchikey	1	TRUE	TRUE	4.41399998862835e-06	0.0110349999715709
CPD-9847	88925	MassBank	WA001717	Cinchonine	name_formula_mass	4	FALSE	TRUE	3.33870002577896e-06	0.00834675006444741
CORTISOL	88957	MassBank	WA002945	Cortisol	inchikey	1	TRUE	TRUE	4.07350000841689e-06	0.0101837500210422
CORTISOL	88961	MassBank	WA000380	Cortisol	inchikey	1	TRUE	TRUE	4.07350000841689e-06	0.0101837500210422
Ibuprofen	88964	MassBank	WA002726	Ibuprofen	inchikey_connectivity_formula_mass	2	FALSE	TRUE	1.78000021833213e-07	0.000445000054583033
CPD-11550	89018	MassBank	WA002312	Carbidopa	inchikey_connectivity_formula_mass	2	FALSE	TRUE	3.05180000736982e-06	0.00762950001842455
L-PHOSPHINOTHRICIN	89021	MassBank	WA002709	Glufosinate	name_formula_mass	4	FALSE	TRUE	4.38879999364872e-06	0.0109719999841218
THIDIAZURON	89027	MassBank	WA000219	Thidiazuron	inchikey	1	TRUE	TRUE	1.58970001962189e-06	0.00397425004905472
CPD-12479	89031	MassBank	WA000306	Theophylline	inchikey	1	TRUE	TRUE	4.47819999749299e-06	0.0111954999937325
CPD-9776	89066	MassBank	WA000671	Cocaine	inchikey_connectivity_formula_mass	2	FALSE	TRUE	1.83230002903656e-06	0.0045807500725914
CPD-5481	89072	MassBank	WA000266	Forchlorfenuron	inchikey	1	FALSE	FALSE	3.31300014977387e-07	0.000828250037443468
CPD-14483	89073	MassBank	WA001652	Enoxolone	name_formula_mass	4	FALSE	TRUE	3.49999709214899e-08	7.44142534031832e-05
THIDIAZURON	89097	MassBank	WA000217	Thidiazuron	inchikey	1	TRUE	TRUE	1.58970001962189e-06	0.00397425004905472
CPD-14483	89101	MassBank	WA001655	Enoxolone	name_formula_mass	4	FALSE	TRUE	3.49999709214899e-08	7.44142534031832e-05
Ibuprofen	89124	MassBank	WA002725	Ibuprofen	inchikey_connectivity_formula_mass	2	FALSE	TRUE	1.78000021833213e-07	0.000445000054583033
CPD-110	89129	MassBank	WA000475	Salicylic acid	inchikey_connectivity_formula_mass	2	FALSE	TRUE	4.05890000365616e-06	0.0101472500091404
CPD-9024	89132	MassBank	WA001351	Allopurinol	inchikey	1	TRUE	TRUE	7.71299994539731e-07	0.00192824998634933
CODEINE	89137	MassBank	WA000991	Codeine	inchikey_connectivity_formula_mass	2	FALSE	TRUE	3.54560000914717e-06	0.00886400002286791
1-3-7-TRIMETHYLXANTHINE	89148	MassBank	WA000951	Caffeine	inchikey	1	TRUE	TRUE	4.41399998862835e-06	0.0110349999715709
NICOTINE	89162	MassBank	WA001100	Nicotine	inchikey_connectivity_formula_mass	2	FALSE	TRUE	1.54020000309174e-06	0.00385050000772935
CPD-14751	89186	MassBank	WA002687	Ajmaline	name_formula_mass	4	TRUE	TRUE	1.91079999467547e-06	0.00477699998668868
CPD-4242	89186	MassBank	WA002687	Ajmaline	name_formula_mass	4	FALSE	TRUE	1.91079999467547e-06	0.00477699998668868
CPD0-1581	89192	MassBank	WA000861	Trimethoprim	inchikey	1	TRUE	TRUE	4.64899983398936e-07	0.00116224995849734
CPD-15742	89201	MassBank	WA002547	Papaverine	inchikey	1	TRUE	TRUE	1.83230002903656e-06	0.0045807500725914
CPD-10537	89222	MassBank	WA002512	Digitoxigenine	inchikey	1	TRUE	TRUE	4.20199967265944e-07	0.00105049991816486
CPD-5721	89239	MassBank	WA002772	Thioguanine	inchikey	1	TRUE	TRUE	4.12349999123762e-06	0.0103087499780941
CORTISONE	89245	MassBank	WA000374	Cortisone	inchikey	1	TRUE	TRUE	4.00930002797395e-06	0.0100232500699349
SCOPOLAMINE	89263	MassBank	WA002405	Scopolamine	inchikey	1	TRUE	TRUE	1.83230002903656e-06	0.0045807500725914
CORTISONE	89280	MassBank	WA000385	Cortisone	inchikey	1	TRUE	TRUE	4.00930002797395e-06	0.0100232500699349
CORTISOL	89322	MassBank	WA002948	Cortisol	inchikey	1	TRUE	TRUE	4.07350000841689e-06	0.0101837500210422
CPD-12479	89343	MassBank	WA001345	Theophylline	inchikey	1	TRUE	TRUE	4.47819999749299e-06	0.0111954999937325
CPD-110	89349	MassBank	WA000474	Salicylic acid	inchikey_connectivity_formula_mass	2	FALSE	TRUE	4.05890000365616e-06	0.0101472500091404
CPD-9847	89357	MassBank	WA001716	Cinchonine	name_formula_mass	4	FALSE	TRUE	3.33870002577896e-06	0.00834675006444741
TRYPTAMINE	89370	MassBank	WA002436	Tryptamine	inchikey_connectivity_formula_mass	2	FALSE	TRUE	1.60440001195639e-06	0.00401100002989097
TRYPTAMINE	89380	MassBank	WA002434	Tryptamine	inchikey_connectivity_formula_mass	2	FALSE	TRUE	1.60440001195639e-06	0.00401100002989097
CPD-20520	89382	MassBank	WA000807	Fluvoxamine	name_formula_mass	4	FALSE	TRUE	2.52870000849725e-06	0.00632175002124313
MORPHINE	89388	MassBank	WA001090	Morphine	inchikey_connectivity_formula_mass	2	FALSE	TRUE	1.85999624591204e-08	4.64999061478011e-05
CPD-5742	89404	MassBank	WA001989	Amobarbital	inchikey_connectivity_formula_mass	2	FALSE	TRUE	2.45449999169978e-06	0.00613624997924944
CPD-5481	89406	MassBank	WA000268	Forchlorfenuron	inchikey	1	FALSE	FALSE	3.31300014977387e-07	0.000828250037443468
TRYPTAMINE	89407	MassBank	WA002433	Tryptamine	inchikey_connectivity_formula_mass	2	FALSE	TRUE	1.60440001195639e-06	0.00401100002989097
CPD-5721	89417	MassBank	WA002774	Thioguanine	inchikey	1	TRUE	TRUE	4.12349999123762e-06	0.0103087499780941
CODEINE	89428	MassBank	WA000993	Codeine	inchikey_connectivity_formula_mass	2	FALSE	TRUE	3.54560000914717e-06	0.00886400002286791
CPD-20952	89429	MassBank	WA000408	Amphetamine	inchikey_connectivity_formula_mass	2	FALSE	TRUE	5.77500003373643e-07	0.00144375000843411
CPD-22580	89474	MassBank	WA000561	Digoxin	inchikey	1	TRUE	TRUE	3.23620008657599e-06	0.00414669056443862
CPD-5742	89481	MassBank	WA001987	Amobarbital	inchikey_connectivity_formula_mass	2	FALSE	TRUE	2.45449999169978e-06	0.00613624997924944
CPD-5742	89485	MassBank	WA001988	Amobarbital	inchikey_connectivity_formula_mass	2	FALSE	TRUE	2.45449999169978e-06	0.00613624997924944
--EPHEDRINE	89492	MassBank	WA001006	Ephedrine	inchikey	1	TRUE	TRUE	4.10879999890312e-06	0.0102719999972578
CPD-110	89502	MassBank	WA000473	Salicylic acid	inchikey_connectivity_formula_mass	2	FALSE	TRUE	4.05890000365616e-06	0.0101472500091404
CPD-14751	89526	MassBank	WA002686	Ajmaline	name_formula_mass	4	TRUE	TRUE	1.91079999467547e-06	0.00477699998668868
CPD-4242	89526	MassBank	WA002686	Ajmaline	name_formula_mass	4	FALSE	TRUE	1.91079999467547e-06	0.00477699998668868
CPD-22580	89543	MassBank	WA000563	Digoxin	inchikey	1	TRUE	TRUE	3.23620008657599e-06	0.00414669056443862
CPD-5742	89551	MassBank	WA001990	Amobarbital	inchikey_connectivity_formula_mass	2	FALSE	TRUE	2.45449999169978e-06	0.00613624997924944
CPD-10537	89574	MassBank	WA002513	Digitoxigenine	inchikey	1	TRUE	TRUE	4.20199967265944e-07	0.00105049991816486
CPD0-1581	89578	MassBank	WA000863	Trimethoprim	inchikey	1	TRUE	TRUE	4.64899983398936e-07	0.00116224995849734
THIDIAZURON	89616	MassBank	WA000218	Thidiazuron	inchikey	1	TRUE	TRUE	1.58970001962189e-06	0.00397425004905472
CPD-5721	89634	MassBank	WA002773	Thioguanine	inchikey	1	TRUE	TRUE	4.12349999123762e-06	0.0103087499780941
CPD-14834	89654	MassBank	WA002269	(-)-alpha-Narcotine	inchikey	1	TRUE	TRUE	2.09820001373373e-06	0.00507857425497329
CPD-11550	89663	MassBank	WA002311	Carbidopa	inchikey_connectivity_formula_mass	2	FALSE	TRUE	3.05180000736982e-06	0.00762950001842455
CORTISOL	89682	MassBank	WA002947	Cortisol	inchikey	1	TRUE	TRUE	4.07350000841689e-06	0.0101837500210422
CPD-9024	89684	MassBank	WA001355	Allopurinol	inchikey	1	TRUE	TRUE	7.71299994539731e-07	0.00192824998634933
CPD-9777	89697	MassBank	WA000513	Ecgoninemethylester	inchikey_connectivity_formula_mass	2	FALSE	TRUE	3.41720001983958e-06	0.00854300004959896
CPD-10537	89728	MassBank	WA002511	Digitoxigenine	inchikey	1	TRUE	TRUE	4.20199967265944e-07	0.00105049991816486
NIACINAMIDE	89738	MassBank	WA002673	Niacinamide	inchikey	1	TRUE	TRUE	2.82509999749436e-06	0.00706274999373591
ATROPINE	89742	MassBank	WA000927	Atropine	inchikey_connectivity_formula_mass	2	FALSE	TRUE	3.6097999895901e-06	0.00902449997397525
CPD-9846	89765	MassBank	WA000284	Quinidine	name_formula_mass	4	FALSE	TRUE	1.97500003196183e-06	0.00493750007990457
CPD-12479	89768	MassBank	WA000307	Theophylline	inchikey	1	TRUE	TRUE	4.47819999749299e-06	0.0111954999937325
CPD-22577	89769	MassBank	WA000565	Digitoxin	inchikey	1	TRUE	TRUE	2.14169995160773e-06	0.00280167812060881
SCOPOLAMINE	89770	MassBank	WA002406	Scopolamine	inchikey	1	TRUE	TRUE	1.83230002903656e-06	0.0045807500725914
CPD-9024	89786	MassBank	WA001352	Allopurinol	inchikey	1	TRUE	TRUE	7.71299994539731e-07	0.00192824998634933
--EPHEDRINE	89820	MassBank	WA001008	Ephedrine	inchikey	1	TRUE	TRUE	4.10879999890312e-06	0.0102719999972578
12-BIS-O-SINAPOYL-BETA-D-GLUCOSIDE	5	MoNA	SMI00021	1,2-Di-O-sinapoyl-beta-D-glucose	inchikey	1	TRUE	TRUE	3.26000417771866e-08	5.50509735252119e-05
ANTHRANILATE	32	MoNA	SM800901	2-Aminobenzoic acid	inchikey_connectivity_formula_mass	2	FALSE	TRUE	1.00999955066072e-08	2.52499887665181e-05
ALIZARIN	43	MoNA	SM802851	Alizarin	inchikey	1	TRUE	TRUE	9.19999365578406e-09	2.29999841394601e-05
ANILINE	59	MoNA	SM806006	Aniline	inchikey	1	TRUE	TRUE	5.90000581723871e-09	1.47500145430968e-05
CPD0-1491	82	MoNA	SM810703	3-Amino-1,2,4-triazole	inchikey	1	TRUE	TRUE	2.12000088595232e-08	5.30000221488081e-05
BENZIMIDAZOLE	91	MoNA	SM812005	Benzimidazole	inchikey	1	TRUE	TRUE	1.10000115682851e-08	2.75000289207128e-05
PYRIDINE	97	MoNA	SM813501	Pyridine	inchikey	1	TRUE	TRUE	5.70000224797695e-09	1.42500056199424e-05
CPD-12479	109	MoNA	SM815601	Theophylline	inchikey	1	TRUE	TRUE	2.58000056874153e-08	6.45000142185381e-05
CPD-12479	110	MoNA	SM815654	Theophylline	inchikey	1	TRUE	TRUE	2.58000056874153e-08	6.45000142185381e-05
CPD-8819	112	MoNA	SM816201	2,2-Dipyridyl	inchikey	1	TRUE	TRUE	1.12000293484016e-08	2.8000073371004e-05
BUTYLAMINE	120	MoNA	SM817603	Butylamine	inchikey_connectivity_formula_mass	2	FALSE	TRUE	6.2999987449075e-09	1.57499968622687e-05
Coumarins	123	MoNA	SM817901	Cumarin	inchikey	1	TRUE	TRUE	4.80000039715378e-09	1.20000009928845e-05
COUMARIN	123	MoNA	SM817901	Cumarin	inchikey	1	TRUE	TRUE	4.80000039715378e-09	1.20000009928845e-05
CPD-8766	148	MoNA	SM820603	2-Mercaptobenzothiazole	inchikey	1	TRUE	TRUE	6.14300006418489e-07	0.00153575001604622
CPD-8766	149	MoNA	SM820653	2-Mercaptobenzothiazole	inchikey	1	TRUE	TRUE	6.14300006418489e-07	0.00153575001604622
CPD-11884	154	MoNA	SM821404	4-Methoxycinnamic acid	inchikey_connectivity_formula_mass	2	FALSE	TRUE	7.30000238036155e-09	1.82500059509039e-05
CPD-303	192	MoNA	SM826601	Cyclohexylamine	inchikey_connectivity_formula_mass	2	FALSE	TRUE	6.49998810331454e-09	1.62499702582863e-05
CPD-8694	228	MoNA	SM833703	Abietic acid	inchikey_connectivity_formula_mass	2	FALSE	TRUE	7.20001480658539e-09	1.80000370164635e-05
PIPERIDINE	251	MoNA	SM837103	Piperidine	inchikey_connectivity_formula_mass	2	FALSE	TRUE	6.30001295576221e-09	1.57500323894055e-05
CPD-20520	403	MoNA	SM851903	Fluvoxamine	inchikey	1	FALSE	TRUE	4.33000195698696e-08	0.000108250048924674
THRYROXINE	405	MoNA	SM852253	L-Thyroxine	name_formula_mass	4	FALSE	TRUE	1.99853000140138e-05	0.0257314828908337
CPD-8926	431	MoNA	SM854903	Clotrimazole	inchikey	1	FALSE	FALSE	4.20999981542991e-08	0.000105249995385748
CPD-4503	447	MoNA	SM857403	Ketoconazole	inchikey	1	FALSE	FALSE	9.20000502446783e-08	0.000173536292155036
CPD-4501	470	MoNA	SM860201	Miconazole	inchikey	1	FALSE	FALSE	1.33900130094844e-07	0.000323441184864986
CPD-10571	479	MoNA	SM860901	Terbinafine	inchikey_connectivity_formula_mass	2	FALSE	TRUE	7.70000951888505e-09	1.92500237972126e-05
1-3-7-TRIMETHYLXANTHINE	519	MoNA	SM866601	Caffeine	inchikey	1	TRUE	TRUE	2.6000009256677e-08	6.50000231416925e-05
PROGESTERONE	546	MoNA	SM872401	Progesterone	name_formula_mass	4	TRUE	TRUE	7.20001480658539e-09	1.80000370164635e-05
ANDROST4ENE	550	MoNA	SM873201	4-Androstene-3,17-dione	name_formula_mass	4	TRUE	TRUE	6.80000766806188e-09	1.70000191701547e-05
CPD-8766	583	MoNA	SM878502	2-Mercaptobenzothiazole	inchikey	1	TRUE	TRUE	6.14300006418489e-07	0.00153575001604622
CPD-8766	584	MoNA	SM878551	2-Mercaptobenzothiazole	inchikey	1	TRUE	TRUE	6.14300006418489e-07	0.00153575001604622
CPD-3141	627	MoNA	SM882702	Genistein	inchikey_connectivity_formula_mass	2	FALSE	TRUE	1.14999920697301e-08	2.87499801743252e-05
CPD-3141	628	MoNA	SM882751	Genistein	inchikey_connectivity_formula_mass	2	FALSE	TRUE	1.14999920697301e-08	2.87499801743252e-05
DAIDZEIN	629	MoNA	SM882802	Daidzein	inchikey	1	TRUE	TRUE	9.39999722504581e-09	2.34999930626145e-05
DAIDZEIN	630	MoNA	SM882851	Daidzein	inchikey	1	TRUE	TRUE	9.39999722504581e-09	2.34999930626145e-05
ANTHRANILATE	644	MoNA	SM884401	Anthranilic acid	inchikey_connectivity_formula_mass	2	FALSE	TRUE	1.00999955066072e-08	2.52499887665181e-05
CPD-13014	657	MoNA	EMBL-MCF_spec317134	Tributyrin (C4:0)	inchikey	1	TRUE	TRUE	1.52000438902178e-08	3.80001097255445e-05
CPD-13014	658	MoNA	EMBL-MCF_spec317135	Tributyrin (C4:0)	inchikey	1	TRUE	TRUE	1.51999870467989e-08	3.79999676169973e-05
CPD-13014	659	MoNA	EMBL-MCF_spec317136	Tributyrin (C4:0)	inchikey	1	TRUE	TRUE	1.51999870467989e-08	3.79999676169973e-05
CPD-13014	660	MoNA	EMBL-MCF_spec317138	Tributyrin (C4:0)	inchikey	1	TRUE	TRUE	1.51999870467989e-08	3.79999676169973e-05
CPD-13014	661	MoNA	EMBL-MCF_spec317139	Tributyrin (C4:0)	inchikey	1	TRUE	TRUE	1.51999870467989e-08	3.79999676169973e-05
CPD-13014	662	MoNA	EMBL-MCF_spec317142	Tributyrin (C4:0)	inchikey	1	TRUE	TRUE	1.51999870467989e-08	3.79999676169973e-05
CPD-13014	663	MoNA	EMBL-MCF_spec317173	Tributyrin (C4:0)	inchikey	1	TRUE	TRUE	1.51999870467989e-08	3.79999676169973e-05
CPD-13014	664	MoNA	EMBL-MCF_spec317186	Tributyrin (C4:0)	inchikey	1	TRUE	TRUE	1.52000438902178e-08	3.80001097255445e-05
CPD-13014	665	MoNA	EMBL-MCF_spec317206	Tributyrin (C4:0)	inchikey	1	TRUE	TRUE	1.52000438902178e-08	3.80001097255445e-05
D-ARABINOSE	776	MoNA	EMBL-MCF_spec393471	Arabinose	inchikey	1	TRUE	TRUE	1.15000204914395e-08	2.87500512285987e-05
CPD-15700	776	MoNA	EMBL-MCF_spec393471	Arabinose	inchikey	1	TRUE	TRUE	1.15000204914395e-08	2.87500512285987e-05
D-ARABINOSE	777	MoNA	EMBL-MCF_spec393585	Arabinose	inchikey	1	TRUE	TRUE	1.15000204914395e-08	2.87500512285987e-05
CPD-15700	777	MoNA	EMBL-MCF_spec393585	Arabinose	inchikey	1	TRUE	TRUE	1.15000204914395e-08	2.87500512285987e-05
D-ARABINOSE	778	MoNA	EMBL-MCF_spec393664	Arabinose	inchikey	1	TRUE	TRUE	1.15000204914395e-08	2.87500512285987e-05
CPD-15700	778	MoNA	EMBL-MCF_spec393664	Arabinose	inchikey	1	TRUE	TRUE	1.15000204914395e-08	2.87500512285987e-05
CPD-8157	779	MoNA	EMBL-MCF_spec326378	PC(16:0/18:1(9Z))	inchikey	1	TRUE	TRUE	2.01564997439993	2646.62197484524
CPD-8157	780	MoNA	EMBL-MCF_spec326385	PC(16:0/18:1(9Z))	inchikey	1	TRUE	TRUE	2.01564997440005	2646.62197484539
CPD-8157	781	MoNA	EMBL-MCF_spec326405	PC(16:0/18:1(9Z))	inchikey	1	TRUE	TRUE	2.01564997440005	2646.62197484539
CPD-8157	782	MoNA	EMBL-MCF_spec326428	PC(16:0/18:1(9Z))	inchikey	1	TRUE	TRUE	2.01564997439993	2646.62197484524
CPD-8157	783	MoNA	EMBL-MCF_spec326435	PC(16:0/18:1(9Z))	inchikey	1	TRUE	TRUE	2.01564997439993	2646.62197484524
CPD-8157	784	MoNA	EMBL-MCF_spec326438	PC(16:0/18:1(9Z))	inchikey	1	TRUE	TRUE	2.01564997439993	2646.62197484524
CPD-8157	785	MoNA	EMBL-MCF_spec326446	PC(16:0/18:1(9Z))	inchikey	1	TRUE	TRUE	2.01564997439993	2646.62197484524
CPD-8157	786	MoNA	EMBL-MCF_spec326450	PC(16:0/18:1(9Z))	inchikey	1	TRUE	TRUE	2.01564997439993	2646.62197484524
CPD-8157	787	MoNA	EMBL-MCF_spec326458	PC(16:0/18:1(9Z))	inchikey	1	TRUE	TRUE	2.01564997439993	2646.62197484524
CPD-8157	788	MoNA	EMBL-MCF_spec326471	PC(16:0/18:1(9Z))	inchikey	1	TRUE	TRUE	2.01564997440005	2646.62197484539
CPD3DJ-11366	809	MoNA	EMBL-MCF_spec324165	Sphingosine-1-Phosphate (d18:1)	inchikey_connectivity_formula_mass	2	FALSE	TRUE	1.0050007404061e-07	0.000251250185101526
CPD3DJ-11366	810	MoNA	EMBL-MCF_spec324166	Sphingosine-1-Phosphate (d18:1)	inchikey_connectivity_formula_mass	2	FALSE	TRUE	1.0050007404061e-07	0.000251250185101526
CPD3DJ-11366	811	MoNA	EMBL-MCF_spec324167	Sphingosine-1-Phosphate (d18:1)	inchikey_connectivity_formula_mass	2	FALSE	TRUE	1.0050007404061e-07	0.000251250185101526
CPD-13612	812	MoNA	EMBL-MCF_spec322432	Sphinganine (d18:0)	inchikey_connectivity_formula_mass	2	FALSE	TRUE	1.32999389279576e-08	3.32498473198939e-05
CPD-13612	813	MoNA	EMBL-MCF_spec322456	Sphinganine (d18:0)	inchikey_connectivity_formula_mass	2	FALSE	TRUE	1.32999957713764e-08	3.3249989428441e-05
CPD-13612	814	MoNA	EMBL-MCF_spec322461	Sphinganine (d18:0)	inchikey_connectivity_formula_mass	2	FALSE	TRUE	1.32999957713764e-08	3.3249989428441e-05
CPD-13612	815	MoNA	EMBL-MCF_spec322470	Sphinganine (d18:0)	inchikey_connectivity_formula_mass	2	FALSE	TRUE	1.32999957713764e-08	3.3249989428441e-05
CPD-13612	816	MoNA	EMBL-MCF_spec322520	Sphinganine (d18:0)	inchikey_connectivity_formula_mass	2	FALSE	TRUE	1.32999957713764e-08	3.3249989428441e-05
PHYTOSPINGOSINE	817	MoNA	EMBL-MCF_spec322101	D-ribo-Phytosphingosine	inchikey_connectivity_formula_mass	2	FALSE	TRUE	1.54000190377701e-08	3.85000475944253e-05
PHYTOSPINGOSINE	818	MoNA	EMBL-MCF_spec322108	D-ribo-Phytosphingosine	inchikey_connectivity_formula_mass	2	FALSE	TRUE	1.53999621943512e-08	3.84999054858781e-05
PHYTOSPINGOSINE	819	MoNA	EMBL-MCF_spec322112	D-ribo-Phytosphingosine	inchikey_connectivity_formula_mass	2	FALSE	TRUE	1.53999621943512e-08	3.84999054858781e-05
PHYTOSPINGOSINE	820	MoNA	EMBL-MCF_spec322118	D-ribo-Phytosphingosine	inchikey_connectivity_formula_mass	2	FALSE	TRUE	1.53999621943512e-08	3.84999054858781e-05
PHYTOSPINGOSINE	821	MoNA	EMBL-MCF_spec322174	D-ribo-Phytosphingosine	inchikey_connectivity_formula_mass	2	FALSE	TRUE	1.53999621943512e-08	3.84999054858781e-05
PHYTOSPINGOSINE	822	MoNA	EMBL-MCF_spec322190	D-ribo-Phytosphingosine	inchikey_connectivity_formula_mass	2	FALSE	TRUE	1.53999621943512e-08	3.84999054858781e-05
CPD-649	839	MoNA	EMBL-MCF_spec321948	Sphinganine 1-phosphate	inchikey_connectivity_formula_mass	2	FALSE	TRUE	1.00300042049639e-07	0.000250750105124098
CPD-649	840	MoNA	EMBL-MCF_spec321949	Sphinganine 1-phosphate	inchikey_connectivity_formula_mass	2	FALSE	TRUE	1.0029998520622e-07	0.000250749963015551
CPD-649	841	MoNA	EMBL-MCF_spec321950	Sphinganine 1-phosphate	inchikey_connectivity_formula_mass	2	FALSE	TRUE	1.0029998520622e-07	0.000250749963015551
CHOLESTEROL	871	MoNA	EMBL-MCF_spec218183	Cholesterol	name_formula_mass	4	TRUE	TRUE	6.70007693770458e-09	1.67501923442614e-05
CPD-13612	875	MoNA	EMBL-MCF_spec217791	Sphinganine	inchikey_connectivity_formula_mass	2	FALSE	TRUE	1.32999957713764e-08	3.3249989428441e-05
CPD-13612	876	MoNA	EMBL-MCF_spec335613	Sphinganine	inchikey_connectivity_formula_mass	2	FALSE	TRUE	1.32999389279576e-08	3.32498473198939e-05
CPD-13612	877	MoNA	EMBL-MCF_spec335615	Sphinganine	inchikey_connectivity_formula_mass	2	FALSE	TRUE	1.32999957713764e-08	3.3249989428441e-05
CPD-13612	878	MoNA	EMBL-MCF_spec335620	Sphinganine	inchikey_connectivity_formula_mass	2	FALSE	TRUE	1.32999957713764e-08	3.3249989428441e-05
PALMITATE	879	MoNA	EMBL-MCF_spec347192	Palmitic acid	inchikey_connectivity_formula_mass	2	FALSE	TRUE	7.39998995413771e-09	1.84999748853443e-05
DODECANOATE	880	MoNA	EMBL-MCF_spec346617	Dodecanoic acid	inchikey_connectivity_formula_mass	2	FALSE	TRUE	6.60000409880013e-09	1.65000102470003e-05
STEARIC_ACID	881	MoNA	EMBL-MCF_spec347507	Stearic acid	inchikey_connectivity_formula_mass	2	FALSE	TRUE	7.79999709266121e-09	1.9499992731653e-05
DOCOSANOATE	882	MoNA	EMBL-MCF_spec348170	Behenic acid	inchikey_connectivity_formula_mass	2	FALSE	TRUE	8.60001136970823e-09	2.15000284242706e-05
ARACHIDIC_ACID	883	MoNA	EMBL-MCF_spec347797	Arachidic acid	inchikey_connectivity_formula_mass	2	FALSE	TRUE	8.20000423118472e-09	2.05000105779618e-05
ARACHIDIC_ACID	884	MoNA	EMBL-MCF_spec347835	Arachidic acid	inchikey_connectivity_formula_mass	2	FALSE	TRUE	8.20000423118472e-09	2.05000105779618e-05
CPD-7836	885	MoNA	EMBL-MCF_spec346941	Myristic acid	inchikey_connectivity_formula_mass	2	FALSE	TRUE	7.00001123732363e-09	1.75000280933091e-05
TETRACOSANOATE	886	MoNA	EMBL-MCF_spec348534	Lignoceric acid	inchikey_connectivity_formula_mass	2	FALSE	TRUE	9.00001850823173e-09	2.25000462705793e-05
GUANOSINE	888	MoNA	EMBL-MCF_spec365560	Guanosine	inchikey	1	TRUE	TRUE	3.78000208911544e-08	9.4500052227886e-05
Glucopyranose	892	MoNA	EMBL-MCF_spec393569	Glucose	inchikey	1	TRUE	TRUE	1.38000189053855e-08	3.45000472634638e-05
Glucopyranose	893	MoNA	EMBL-MCF_spec393582	Glucose	inchikey	1	TRUE	TRUE	1.38000189053855e-08	3.45000472634638e-05
Glucopyranose	894	MoNA	EMBL-MCF_spec393600	Glucose	inchikey	1	TRUE	TRUE	1.38000189053855e-08	3.45000472634638e-05
ILE	907	MoNA	EMBL-MCF_spec352816	Isoleucine	inchikey	1	TRUE	TRUE	1.07000062143925e-08	2.67500155359812e-05
ILE	908	MoNA	EMBL-MCF_spec352821	Isoleucine	inchikey	1	TRUE	TRUE	1.07000062143925e-08	2.67500155359812e-05
ILE	909	MoNA	EMBL-MCF_spec370588	Isoleucine	inchikey	1	TRUE	TRUE	1.07000062143925e-08	2.67500155359812e-05
ILE	910	MoNA	EMBL-MCF_spec370601	Isoleucine	inchikey	1	TRUE	TRUE	1.07000062143925e-08	2.67500155359812e-05
ILE	911	MoNA	EMBL-MCF_spec370606	Isoleucine	inchikey	1	TRUE	TRUE	1.07000062143925e-08	2.67500155359812e-05
ILE	912	MoNA	EMBL-MCF_spec377602	Isoleucine	inchikey	1	TRUE	TRUE	1.07000062143925e-08	2.67500155359812e-05
ILE	913	MoNA	EMBL-MCF_spec377605	Isoleucine	inchikey	1	TRUE	TRUE	1.07000062143925e-08	2.67500155359812e-05
CPD-302	919	MoNA	EMBL-MCF_spec10435	D-ASPARTATE	inchikey_connectivity_formula_mass	2	FALSE	TRUE	1.42999851959758e-08	3.57499629899394e-05
CPD-15332	920	MoNA	EMBL-MCF_spec10464	URATE	inchikey	1	TRUE	TRUE	2.75000218152854e-08	6.87500545382136e-05
URATE	920	MoNA	EMBL-MCF_spec10464	URATE	inchikey	1	TRUE	TRUE	2.75000218152854e-08	6.87500545382136e-05
GLN	921	MoNA	EMBL-MCF_spec10279	L-GLUTAMINE	inchikey	1	TRUE	TRUE	1.77000174517161e-08	4.42500436292903e-05
GLN	922	MoNA	EMBL-MCF_spec91966	L-GLUTAMINE	inchikey	1	TRUE	TRUE	1.76999890300067e-08	4.42499725750167e-05
GLN	923	MoNA	EMBL-MCF_spec91975	L-GLUTAMINE	inchikey	1	TRUE	TRUE	1.77000174517161e-08	4.42500436292903e-05
IMP	925	MoNA	EMBL-MCF_spec10623	INOSINE 5-PHOSPHATE	inchikey_connectivity_formula_mass	2	FALSE	TRUE	8.1100040461024e-08	0.00020275010115256
THR	932	MoNA	EMBL-MCF_spec91950	L-THREONINE	inchikey	1	TRUE	TRUE	1.23999939205532e-08	3.09999848013831e-05
PURINE	933	MoNA	EMBL-MCF_spec91714	PURINE	inchikey	1	TRUE	TRUE	2.11999946486685e-08	5.29999866216713e-05
PURINE	934	MoNA	EMBL-MCF_spec91755	PURINE	inchikey	1	TRUE	TRUE	2.11999946486685e-08	5.29999866216713e-05
N-ACETYLNEURAMINATE	935	MoNA	EMBL-MCF_spec10404	N-ACETYLNEURAMINATE	inchikey_connectivity_formula_mass	2	FALSE	TRUE	2.60000661000959e-08	6.50001652502397e-05
N-ACETYLNEURAMINATE	936	MoNA	EMBL-MCF_spec92176	N-ACETYLNEURAMINATE	inchikey_connectivity_formula_mass	2	FALSE	TRUE	2.60000661000959e-08	6.50001652502397e-05
CPD-14736	937	MoNA	EMBL-MCF_spec10104	L-KYNURENINE	inchikey	1	TRUE	TRUE	1.79000210209779e-08	4.47500525524447e-05
CPD-14736	938	MoNA	EMBL-MCF_spec91669	L-KYNURENINE	inchikey	1	TRUE	TRUE	1.78999925992684e-08	4.47499814981711e-05
CPD-14736	939	MoNA	EMBL-MCF_spec91830	L-KYNURENINE	inchikey	1	TRUE	TRUE	1.79000210209779e-08	4.47500525524447e-05
CYTIDINE	940	MoNA	EMBL-MCF_spec22986	Cytidine	inchikey	1	TRUE	TRUE	2.74000342415093e-08	6.85000856037732e-05
CYTIDINE	941	MoNA	EMBL-MCF_spec208924	Cytidine	inchikey	1	TRUE	TRUE	2.74000058197998e-08	6.85000145494996e-05
CYTIDINE	942	MoNA	EMBL-MCF_spec208938	Cytidine	inchikey	1	TRUE	TRUE	2.74000058197998e-08	6.85000145494996e-05
CYTIDINE	943	MoNA	EMBL-MCF_spec208943	Cytidine	inchikey	1	TRUE	TRUE	2.74000342415093e-08	6.85000856037732e-05
CYTIDINE	944	MoNA	EMBL-MCF_spec208949	Cytidine	inchikey	1	TRUE	TRUE	2.74000058197998e-08	6.85000145494996e-05
CYTIDINE	945	MoNA	EMBL-MCF_spec208955	Cytidine	inchikey	1	TRUE	TRUE	2.74000342415093e-08	6.85000856037732e-05
CYTOSINE	946	MoNA	EMBL-MCF_spec22955	CYTOSINE	inchikey	1	TRUE	TRUE	1.82000121640158e-08	4.55000304100395e-05
ILE	947	MoNA	EMBL-MCF_spec23096	Isoleucine	inchikey	1	TRUE	TRUE	1.07000062143925e-08	2.67500155359812e-05
SER	948	MoNA	EMBL-MCF_spec23332	L-SERINE	inchikey	1	TRUE	TRUE	1.21999903512915e-08	3.04999758782287e-05
L-CITRULLINE	949	MoNA	EMBL-MCF_spec186044	CITRULLINE	inchikey	1	TRUE	TRUE	2.32000161304313e-08	5.80000403260783e-05
L-CITRULLINE	950	MoNA	EMBL-MCF_spec186045	CITRULLINE	inchikey	1	TRUE	TRUE	2.32000161304313e-08	5.80000403260783e-05
L-CITRULLINE	951	MoNA	EMBL-MCF_spec186061	CITRULLINE	inchikey	1	TRUE	TRUE	2.32000161304313e-08	5.80000403260783e-05
L-CITRULLINE	952	MoNA	EMBL-MCF_spec186078	CITRULLINE	inchikey	1	TRUE	TRUE	2.32000161304313e-08	5.80000403260783e-05
GLC-D-LACTONE	954	MoNA	EMBL-MCF_spec22944	D-GLUCONO-1,5-LACTONE	inchikey	1	TRUE	TRUE	1.36000153361238e-08	3.40000383403094e-05
NIACINE	955	MoNA	EMBL-MCF_spec23374	NICOTINATE	inchikey_connectivity_formula_mass	2	FALSE	TRUE	9.89999193734548e-09	2.47499798433637e-05
INOSINE	956	MoNA	EMBL-MCF_spec23287	INOSINE	inchikey	1	TRUE	TRUE	3.25000542034104e-08	8.1250135508526e-05
GLT	957	MoNA	EMBL-MCF_spec159221	L-GLUTAMIC ACID	inchikey_connectivity_formula_mass	2	FALSE	TRUE	1.44999887652375e-08	3.62499719130938e-05
GLT	958	MoNA	EMBL-MCF_spec159266	L-GLUTAMIC ACID	inchikey_connectivity_formula_mass	2	FALSE	TRUE	1.44999887652375e-08	3.62499719130938e-05
N-acetyl-D-glucosamine	959	MoNA	EMBL-MCF_spec159554	N-ACETYL-D-GLUCOSAMINE	inchikey	1	TRUE	TRUE	1.92999891623913e-08	4.82499729059782e-05
N-acetyl-D-glucosamine	960	MoNA	EMBL-MCF_spec159556	N-ACETYL-D-GLUCOSAMINE	inchikey	1	TRUE	TRUE	1.92999891623913e-08	4.82499729059782e-05
N-acetyl-D-glucosamine	961	MoNA	EMBL-MCF_spec159562	N-ACETYL-D-GLUCOSAMINE	inchikey	1	TRUE	TRUE	1.92999891623913e-08	4.82499729059782e-05
N-acetyl-D-glucosamine	962	MoNA	EMBL-MCF_spec159569	N-ACETYL-D-GLUCOSAMINE	inchikey	1	TRUE	TRUE	1.92999891623913e-08	4.82499729059782e-05
SARCOSINE	963	MoNA	EMBL-MCF_spec159796	SARCOSINE	inchikey	1	TRUE	TRUE	1.00999955066072e-08	2.52499887665181e-05
SARCOSINE	964	MoNA	EMBL-MCF_spec159812	SARCOSINE	inchikey	1	TRUE	TRUE	1.00999955066072e-08	2.52499887665181e-05
SARCOSINE	965	MoNA	EMBL-MCF_spec186420	SARCOSINE	inchikey	1	TRUE	TRUE	1.00999955066072e-08	2.52499887665181e-05
GLUCONATE	966	MoNA	EMBL-MCF_spec15889	GLUCONIC ACID	inchikey_connectivity_formula_mass	2	FALSE	TRUE	1.59000137500698e-08	3.97500343751744e-05
GLUCONATE	967	MoNA	EMBL-MCF_spec15911	GLUCONIC ACID	inchikey_connectivity_formula_mass	2	FALSE	TRUE	1.59000137500698e-08	3.97500343751744e-05
XANTHINE	968	MoNA	EMBL-MCF_spec17909	XANTHINE	inchikey	1	TRUE	TRUE	2.53999985488917e-08	6.34999963722294e-05
XANTHINE	969	MoNA	EMBL-MCF_spec17922	XANTHINE	inchikey	1	TRUE	TRUE	2.53999985488917e-08	6.34999963722294e-05
DIHYDROFOLATE	970	MoNA	EMBL-MCF_spec209348	DIHYDROFOLATE	inchikey_connectivity_formula_mass	2	FALSE	TRUE	5.11000166625308e-08	0.000115309493166037
L-CYSTINE	971	MoNA	EMBL-MCF_spec18002	L-CYSTINE	inchikey	1	TRUE	TRUE	5.99999992800804e-07	0.00149999998200201
L-CYSTINE	972	MoNA	EMBL-MCF_spec209344	L-CYSTINE	inchikey	1	TRUE	TRUE	5.99999992800804e-07	0.00149999998200201
L-CYSTINE	973	MoNA	EMBL-MCF_spec209349	L-CYSTINE	inchikey	1	TRUE	TRUE	5.99999992800804e-07	0.00149999998200201
MET	974	MoNA	EMBL-MCF_spec93736	L-METHIONINE	inchikey	1	TRUE	TRUE	2.99499987477247e-07	0.000748749968693119
ADENINE	975	MoNA	EMBL-MCF_spec17478	ADENINE	inchikey	1	TRUE	TRUE	2.65000039689767e-08	6.62500099224417e-05
ADENINE	976	MoNA	EMBL-MCF_spec17539	ADENINE	inchikey	1	TRUE	TRUE	2.65000039689767e-08	6.62500099224417e-05
ADENINE	977	MoNA	EMBL-MCF_spec93399	ADENINE	inchikey	1	TRUE	TRUE	2.65000039689767e-08	6.62500099224417e-05
5-METHYLTHIOADENOSINE	978	MoNA	EMBL-MCF_spec17469	5'-METHYLTHIOADENOSINE	inchikey	1	TRUE	TRUE	2.76199955351331e-07	0.000690499888378326
5-METHYLTHIOADENOSINE	979	MoNA	EMBL-MCF_spec93308	5'-METHYLTHIOADENOSINE	inchikey	1	TRUE	TRUE	2.76200012194749e-07	0.000690500030486874
THYMIDINE	980	MoNA	EMBL-MCF_spec17448	THYMIDINE	inchikey	1	TRUE	TRUE	2.22999858578987e-08	5.57499646447468e-05
OROTATE	981	MoNA	EMBL-MCF_spec17874	OROTATE	inchikey_connectivity_formula_mass	2	FALSE	TRUE	1.92000015886151e-08	4.80000039715378e-05
L-ALPHA-ALANINE	982	MoNA	EMBL-MCF_spec24661	L-ALANINE	inchikey	1	TRUE	TRUE	1.00999955066072e-08	2.52499887665181e-05
L-ALPHA-ALANINE	983	MoNA	EMBL-MCF_spec96815	L-ALANINE	inchikey	1	TRUE	TRUE	1.00999955066072e-08	2.52499887665181e-05
NIACINAMIDE	985	MoNA	EMBL-MCF_spec96250	NICOTINAMIDE	inchikey	1	TRUE	TRUE	1.31000064129694e-08	3.27500160324234e-05
SHIKIMATE	986	MoNA	EMBL-MCF_spec24932	SHIKIMATE	inchikey_connectivity_formula_mass	2	FALSE	TRUE	1.15000204914395e-08	2.87500512285987e-05
SHIKIMATE	987	MoNA	EMBL-MCF_spec272079	SHIKIMATE	inchikey_connectivity_formula_mass	2	FALSE	TRUE	1.15000204914395e-08	2.87500512285987e-05
SHIKIMATE	988	MoNA	EMBL-MCF_spec272087	SHIKIMATE	inchikey_connectivity_formula_mass	2	FALSE	TRUE	1.15000204914395e-08	2.87500512285987e-05
SHIKIMATE	989	MoNA	EMBL-MCF_spec272100	SHIKIMATE	inchikey_connectivity_formula_mass	2	FALSE	TRUE	1.15000204914395e-08	2.87500512285987e-05
SHIKIMATE	990	MoNA	EMBL-MCF_spec272232	SHIKIMATE	inchikey_connectivity_formula_mass	2	FALSE	TRUE	1.15000204914395e-08	2.87500512285987e-05
SHIKIMATE	991	MoNA	EMBL-MCF_spec272252	SHIKIMATE	inchikey_connectivity_formula_mass	2	FALSE	TRUE	1.15000204914395e-08	2.87500512285987e-05
TRP	992	MoNA	EMBL-MCF_spec24681	L-TRYPTOPHAN	inchikey	1	TRUE	TRUE	1.57999977545842e-08	3.94999943864605e-05
TRP	993	MoNA	EMBL-MCF_spec96780	L-TRYPTOPHAN	inchikey	1	TRUE	TRUE	1.57999977545842e-08	3.94999943864605e-05
PRO	996	MoNA	EMBL-MCF_spec24658	L-PROLINE	inchikey	1	TRUE	TRUE	1.0299999075869e-08	2.57499976896725e-05
PRO	997	MoNA	EMBL-MCF_spec96902	L-PROLINE	inchikey	1	TRUE	TRUE	1.0299999075869e-08	2.57499976896725e-05
SUCC-S-ALD	998	MoNA	EMBL-MCF_spec25759	SUCCINATE SEMIALDEHYDE	inchikey_connectivity_formula_mass	2	FALSE	TRUE	6.89999524183804e-09	1.72499881045951e-05
CPD-24844	999	MoNA	EMBL-MCF_spec25094	(S)-LACTATE	inchikey	1	TRUE	TRUE	6.90000945269276e-09	1.72500236317319e-05
URIDINE	1000	MoNA	EMBL-MCF_spec24636	URIDINE	inchikey	1	TRUE	TRUE	2.42000055550307e-08	6.05000138875766e-05
SUC	1002	MoNA	EMBL-MCF_spec27425	SUCCINATE	inchikey_connectivity_formula_mass	2	FALSE	TRUE	9.00000429737702e-09	2.25000107434425e-05
GUANOSINE	1003	MoNA	EMBL-MCF_spec26272	Guanosine	inchikey	1	TRUE	TRUE	3.78000208911544e-08	9.4500052227886e-05
GUANOSINE	1004	MoNA	EMBL-MCF_spec26283	Guanosine	inchikey	1	TRUE	TRUE	3.78000208911544e-08	9.4500052227886e-05
GUANOSINE	1005	MoNA	EMBL-MCF_spec26323	Guanosine	inchikey	1	TRUE	TRUE	3.77999640477356e-08	9.44999101193389e-05
GUANOSINE	1006	MoNA	EMBL-MCF_spec98149	Guanosine	inchikey	1	TRUE	TRUE	3.77999640477356e-08	9.44999101193389e-05
GUANOSINE	1007	MoNA	EMBL-MCF_spec101908	Guanosine	inchikey	1	TRUE	TRUE	3.77999640477356e-08	9.44999101193389e-05
GUANOSINE	1008	MoNA	EMBL-MCF_spec101954	Guanosine	inchikey	1	TRUE	TRUE	3.77999640477356e-08	9.44999101193389e-05
DI-H-URACIL	1009	MoNA	EMBL-MCF_spec102005	5,6-DIHYDROURACIL	inchikey	1	TRUE	TRUE	1.52000012576536e-08	3.80000031441341e-05
PHE	1010	MoNA	EMBL-MCF_spec98214	L-PHENYLALANINE	inchikey	1	TRUE	TRUE	1.05000026451307e-08	2.62500066128268e-05
PHE	1011	MoNA	EMBL-MCF_spec102013	L-PHENYLALANINE	inchikey	1	TRUE	TRUE	1.05000026451307e-08	2.62500066128268e-05
URACIL	1012	MoNA	EMBL-MCF_spec26116	URACIL	inchikey	1	TRUE	TRUE	1.49999976883919e-08	3.74999942209797e-05
MAL	1013	MoNA	EMBL-MCF_spec27461	(S)-MALATE	inchikey_connectivity_formula_mass	2	FALSE	TRUE	1.10999849312066e-08	2.77499623280164e-05
MAL	1014	MoNA	EMBL-MCF_spec101927	(S)-MALATE	inchikey_connectivity_formula_mass	2	FALSE	TRUE	1.10999849312066e-08	2.77499623280164e-05
L-ASPARTATE	1015	MoNA	EMBL-MCF_spec27182	L-ASPARTATE	inchikey_connectivity_formula_mass	2	FALSE	TRUE	1.42999851959758e-08	3.57499629899394e-05
L-ASPARTATE	1016	MoNA	EMBL-MCF_spec98962	L-ASPARTATE	inchikey_connectivity_formula_mass	2	FALSE	TRUE	1.42999851959758e-08	3.57499629899394e-05
L-ASPARTATE	1017	MoNA	EMBL-MCF_spec102767	L-ASPARTATE	inchikey_connectivity_formula_mass	2	FALSE	TRUE	1.42999851959758e-08	3.57499629899394e-05
DCMP	1018	MoNA	EMBL-MCF_spec27492	2'-DEOXYCYTIDINE 5'-MONOPHOSPHATE	inchikey_connectivity_formula_mass	2	FALSE	TRUE	8.82999415807717e-08	0.000220749853951929
HYPOXANTHINE	1019	MoNA	EMBL-MCF_spec26449	HYPOXANTHINE	inchikey	1	TRUE	TRUE	2.33000037042075e-08	5.82500092605187e-05
HYPOXANTHINE	1020	MoNA	EMBL-MCF_spec98217	HYPOXANTHINE	inchikey	1	TRUE	TRUE	2.33000037042075e-08	5.82500092605187e-05
HYPOXANTHINE	1021	MoNA	EMBL-MCF_spec98230	HYPOXANTHINE	inchikey	1	TRUE	TRUE	2.33000037042075e-08	5.82500092605187e-05
HYPOXANTHINE	1022	MoNA	EMBL-MCF_spec102016	HYPOXANTHINE	inchikey	1	TRUE	TRUE	2.33000037042075e-08	5.82500092605187e-05
L-DIHYDROXY-PHENYLALANINE	1025	MoNA	EMBL-MCF_spec26879	3,4-DIHYDROXY-L-PHENYLALANINE	inchikey	1	TRUE	TRUE	1.46999923344993e-08	3.67499808362481e-05
L-DIHYDROXY-PHENYLALANINE	1026	MoNA	EMBL-MCF_spec98710	3,4-DIHYDROXY-L-PHENYLALANINE	inchikey	1	TRUE	TRUE	1.46999923344993e-08	3.67499808362481e-05
L-DIHYDROXY-PHENYLALANINE	1027	MoNA	EMBL-MCF_spec102525	3,4-DIHYDROXY-L-PHENYLALANINE	inchikey	1	TRUE	TRUE	1.46999923344993e-08	3.67499808362481e-05
LYS	1028	MoNA	EMBL-MCF_spec28590	L-LYSINE	inchikey_connectivity_formula_mass	2	FALSE	TRUE	1.60000013238459e-08	4.00000033096148e-05
LYS	1029	MoNA	EMBL-MCF_spec28611	L-LYSINE	inchikey_connectivity_formula_mass	2	FALSE	TRUE	1.60000013238459e-08	4.00000033096148e-05
LYS	1030	MoNA	EMBL-MCF_spec103640	L-LYSINE	inchikey_connectivity_formula_mass	2	FALSE	TRUE	1.60000013238459e-08	4.00000033096148e-05
TARTRATE	1031	MoNA	EMBL-MCF_spec29150	(R,R)-TARTARIC ACID	inchikey_connectivity_formula_mass	2	FALSE	TRUE	1.32000081976003e-08	3.30000204940006e-05
CPD-12826	1041	MoNA	EMBL-MCF_spec30114	Folic acid	inchikey_connectivity_formula_mass	2	FALSE	TRUE	5.08999846715597e-08	0.000115382920240723
TYR	1042	MoNA	EMBL-MCF_spec26382	L-TYROSINE	inchikey	1	TRUE	TRUE	1.2599997489815e-08	3.14999937245375e-05
TYR	1043	MoNA	EMBL-MCF_spec28025	L-TYROSINE	inchikey	1	TRUE	TRUE	1.2599997489815e-08	3.14999937245375e-05
TYR	1044	MoNA	EMBL-MCF_spec103377	L-TYROSINE	inchikey	1	TRUE	TRUE	1.2599997489815e-08	3.14999937245375e-05
ASN	1045	MoNA	EMBL-MCF_spec28318	L-ASPARAGINE	inchikey	1	TRUE	TRUE	1.75000138824544e-08	4.37500347061359e-05
ASN	1046	MoNA	EMBL-MCF_spec103531	L-ASPARAGINE	inchikey	1	TRUE	TRUE	1.75000138824544e-08	4.37500347061359e-05
VAL	1047	MoNA	EMBL-MCF_spec27828	L-VALINE	inchikey	1	TRUE	TRUE	1.05000026451307e-08	2.62500066128268e-05
VAL	1048	MoNA	EMBL-MCF_spec27832	L-VALINE	inchikey	1	TRUE	TRUE	1.05000026451307e-08	2.62500066128268e-05
VAL	1049	MoNA	EMBL-MCF_spec103039	L-VALINE	inchikey	1	TRUE	TRUE	1.05000026451307e-08	2.62500066128268e-05
HOMO-SER	1050	MoNA	EMBL-MCF_spec28043	HOMOSERINE	inchikey	1	TRUE	TRUE	1.23999939205532e-08	3.09999848013831e-05
HOMO-SER	1051	MoNA	EMBL-MCF_spec103412	HOMOSERINE	inchikey	1	TRUE	TRUE	1.23999939205532e-08	3.09999848013831e-05
PYRIDOXINE	1052	MoNA	EMBL-MCF_spec27827	PYRIDOXINE	inchikey	1	TRUE	TRUE	1.2599997489815e-08	3.14999937245375e-05
PYRIDOXINE	1053	MoNA	EMBL-MCF_spec102796	PYRIDOXINE	inchikey	1	TRUE	TRUE	1.26000259115244e-08	3.15000647788111e-05
DAMP	1054	MoNA	EMBL-MCF_spec29219	DAMP	inchikey_connectivity_formula_mass	2	FALSE	TRUE	8.00000066192297e-08	0.000200000016548074
DAMP	1055	MoNA	EMBL-MCF_spec104275	DAMP	inchikey_connectivity_formula_mass	2	FALSE	TRUE	8.00000066192297e-08	0.000200000016548074
N-acetyl-D-mannosamine	1059	MoNA	EMBL-MCF_spec103043	N-ACETYL-D-MANNOSAMINE	inchikey	1	TRUE	TRUE	1.92999891623913e-08	4.82499729059782e-05
D-glucopyranose-6-phosphate	1060	MoNA	EMBL-MCF_spec32095	D-GLUCOSE-6-PHOSPHATE	inchikey_connectivity_formula_mass	2	FALSE	TRUE	9.97999904939206e-08	0.000249499976234802
D-glucopyranose-6-phosphate	1061	MoNA	EMBL-MCF_spec104247	D-GLUCOSE-6-PHOSPHATE	inchikey_connectivity_formula_mass	2	FALSE	TRUE	9.97999904939206e-08	0.000249499976234802
D-glucopyranose-6-phosphate	1062	MoNA	EMBL-MCF_spec104255	D-GLUCOSE-6-PHOSPHATE	inchikey_connectivity_formula_mass	2	FALSE	TRUE	9.98000473373395e-08	0.000249500118343349
3-AMINO-ISOBUTYRATE	1064	MoNA	EMBL-MCF_spec103483	3-AMINOISOBUTANOATE	inchikey	1	TRUE	TRUE	1.0299999075869e-08	2.57499976896725e-05
LL-DIAMINOPIMELATE	1073	MoNA	EMBL-MCF_spec33330	LL-2,6-DIAMINOHEPTANEDIOATE	inchikey	1	TRUE	TRUE	2.01999910132145e-08	5.04999775330361e-05
LL-DIAMINOPIMELATE	1074	MoNA	EMBL-MCF_spec104284	LL-2,6-DIAMINOHEPTANEDIOATE	inchikey	1	TRUE	TRUE	2.01999910132145e-08	5.04999775330361e-05
LL-DIAMINOPIMELATE	1075	MoNA	EMBL-MCF_spec105581	LL-2,6-DIAMINOHEPTANEDIOATE	inchikey	1	TRUE	TRUE	2.01999910132145e-08	5.04999775330361e-05
CPD-12479	1076	MoNA	EMBL-MCF_spec32832	THEOPHYLLINE	inchikey	1	TRUE	TRUE	2.58000056874153e-08	6.45000142185381e-05
CPD-12479	1077	MoNA	EMBL-MCF_spec104464	THEOPHYLLINE	inchikey	1	TRUE	TRUE	2.58000056874153e-08	6.45000142185381e-05
LEU	1078	MoNA	EMBL-MCF_spec32766	LEUCINE	name_formula_mass	4	TRUE	TRUE	1.07000062143925e-08	2.67500155359812e-05
LEU	1079	MoNA	EMBL-MCF_spec32904	LEUCINE	name_formula_mass	4	TRUE	TRUE	1.07000062143925e-08	2.67500155359812e-05
LEU	1080	MoNA	EMBL-MCF_spec104543	LEUCINE	name_formula_mass	4	TRUE	TRUE	1.07000062143925e-08	2.67500155359812e-05
CPD-468	1081	MoNA	EMBL-MCF_spec33469	ALPHA-AMINOADIPATE	inchikey_connectivity_formula_mass	2	FALSE	TRUE	1.47000207562087e-08	3.67500518905217e-05
CPD-468	1082	MoNA	EMBL-MCF_spec105888	ALPHA-AMINOADIPATE	inchikey_connectivity_formula_mass	2	FALSE	TRUE	1.46999923344993e-08	3.67499808362481e-05
DEOXYCYTIDINE	1083	MoNA	EMBL-MCF_spec32734	DEOXYCYTIDINE	inchikey	1	TRUE	TRUE	2.53000109751156e-08	6.3250027437789e-05
DEOXYCYTIDINE	1084	MoNA	EMBL-MCF_spec104343	DEOXYCYTIDINE	inchikey	1	TRUE	TRUE	2.53000109751156e-08	6.3250027437789e-05
DEOXYCYTIDINE	1085	MoNA	EMBL-MCF_spec104381	DEOXYCYTIDINE	inchikey	1	TRUE	TRUE	2.5300039396825e-08	6.32500984920625e-05
D-GLUCOSAMINE-6-P	1086	MoNA	EMBL-MCF_spec33658	D-GLUCOSAMINE 6-PHOSPHATE	inchikey_connectivity_formula_mass	2	FALSE	TRUE	9.65999902291514e-08	0.000241499975572879
D-TARTRATE	1087	MoNA	EMBL-MCF_spec33689	(S,S)-TARTARIC ACID	inchikey_connectivity_formula_mass	2	FALSE	TRUE	1.32000081976003e-08	3.30000204940006e-05
3-DEHYDRO-SHIKIMATE	1088	MoNA	EMBL-MCF_spec33345	3-DEHYDROSHIKIMATE	inchikey_connectivity_formula_mass	2	FALSE	TRUE	1.13000169221777e-08	2.82500423054444e-05
BETAINE	1089	MoNA	EMBL-MCF_spec107285	BETAINE	inchikey	1	TRUE	TRUE	2.01565007470001	5039.12518675001
BETAINE	1090	MoNA	EMBL-MCF_spec107314	BETAINE	inchikey	1	TRUE	TRUE	2.01565007470001	5039.12518675001
BETAINE	1091	MoNA	EMBL-MCF_spec107448	BETAINE	inchikey	1	TRUE	TRUE	2.01565007470001	5039.12518675001
GLUCOSAMINE	1092	MoNA	EMBL-MCF_spec107497	D-(+)-GLUCOSAMINE	inchikey_connectivity_formula_mass	2	FALSE	TRUE	1.70000760135736e-08	4.25001900339339e-05
D-TRYPTOPHAN	1093	MoNA	EMBL-MCF_spec34982	D-TRYPTOPHAN	inchikey	1	TRUE	TRUE	1.57999977545842e-08	3.94999943864605e-05
D-TRYPTOPHAN	1094	MoNA	EMBL-MCF_spec107849	D-TRYPTOPHAN	inchikey	1	TRUE	TRUE	1.57999977545842e-08	3.94999943864605e-05
3-SULFINOALANINE	1095	MoNA	EMBL-MCF_spec35274	3-SULFINO-L-ALANINE	inchikey_connectivity_formula_mass	2	FALSE	TRUE	2.95699976504693e-07	0.000739249941261733
3-SULFINOALANINE	1096	MoNA	EMBL-MCF_spec109022	3-SULFINO-L-ALANINE	inchikey_connectivity_formula_mass	2	FALSE	TRUE	2.95700004926402e-07	0.000739250012316006
O-SUCCINYL-L-HOMOSERINE	1097	MoNA	EMBL-MCF_spec35365	O-SUCCINYL-L-HOMOSERINE	inchikey_connectivity_formula_mass	2	FALSE	TRUE	1.90999855931295e-08	4.77499639828238e-05
O-SUCCINYL-L-HOMOSERINE	1098	MoNA	EMBL-MCF_spec109000	O-SUCCINYL-L-HOMOSERINE	inchikey_connectivity_formula_mass	2	FALSE	TRUE	1.90999855931295e-08	4.77499639828238e-05
ALLANTOIN	1099	MoNA	EMBL-MCF_spec34892	ALLANTOIN	inchikey	1	TRUE	TRUE	2.76999969628378e-08	6.92499924070944e-05
SELENOMETHIONINE	1102	MoNA	EMBL-MCF_spec34993	SELENOMETHIONINE	inchikey	1	FALSE	FALSE	5.10500001382752e-07	0.00127625000345688
SELENOMETHIONINE	1103	MoNA	EMBL-MCF_spec107858	SELENOMETHIONINE	inchikey	1	FALSE	FALSE	5.10500001382752e-07	0.00127625000345688
1-7-DIMETHYLXANTHINE	1104	MoNA	EMBL-MCF_spec36427	PARAXANTHINE	inchikey	1	TRUE	TRUE	2.58000056874153e-08	6.45000142185381e-05
1-7-DIMETHYLXANTHINE	1105	MoNA	EMBL-MCF_spec36437	PARAXANTHINE	inchikey	1	TRUE	TRUE	2.58000056874153e-08	6.45000142185381e-05
1-7-DIMETHYLXANTHINE	1106	MoNA	EMBL-MCF_spec109145	PARAXANTHINE	inchikey	1	TRUE	TRUE	2.58000056874153e-08	6.45000142185381e-05
2-DEOXY-D-GLUCOSE	1110	MoNA	EMBL-MCF_spec36412	2-DEOXY-D-GLUCOSE	inchikey	1	TRUE	TRUE	1.17000240607013e-08	2.92500601517531e-05
GALACTITOL	1115	MoNA	EMBL-MCF_spec36544	GALACTITOL	inchikey	1	TRUE	TRUE	1.39999940529378e-08	3.49999851323446e-05
QUINOLINATE	1120	MoNA	EMBL-MCF_spec37105	PYRIDINE-2,3-DICARBOXYLATE	inchikey_connectivity_formula_mass	2	FALSE	TRUE	1.4099981626714e-08	3.5249954066785e-05
DOPAMINE	1123	MoNA	EMBL-MCF_spec37879	DOPAMINE	inchikey_connectivity_formula_mass	2	FALSE	TRUE	1.05000026451307e-08	2.62500066128268e-05
DOPAMINE	1124	MoNA	EMBL-MCF_spec37883	DOPAMINE	inchikey_connectivity_formula_mass	2	FALSE	TRUE	1.05000026451307e-08	2.62500066128268e-05
DOPAMINE	1125	MoNA	EMBL-MCF_spec109326	DOPAMINE	inchikey_connectivity_formula_mass	2	FALSE	TRUE	1.05000026451307e-08	2.62500066128268e-05
LYS	1126	MoNA	EMBL-MCF_spec110458	L-LYSINE	inchikey_connectivity_formula_mass	2	FALSE	TRUE	1.60000013238459e-08	4.00000033096148e-05
DEOXYURIDINE	1127	MoNA	EMBL-MCF_spec37825	DEOXYURIDINE	inchikey	1	TRUE	TRUE	2.2099982288637e-08	5.52499557215924e-05
4-HYDROXY-L-PROLINE	1128	MoNA	EMBL-MCF_spec38061	TRANS-4-HYDROXYPROLINE	inchikey	1	TRUE	TRUE	1.23999939205532e-08	3.09999848013831e-05
4-HYDROXY-L-PROLINE	1129	MoNA	EMBL-MCF_spec38141	TRANS-4-HYDROXYPROLINE	inchikey	1	TRUE	TRUE	1.24000223422627e-08	3.10000558556567e-05
4-HYDROXY-L-PROLINE	1130	MoNA	EMBL-MCF_spec109977	TRANS-4-HYDROXYPROLINE	inchikey	1	TRUE	TRUE	1.23999939205532e-08	3.09999848013831e-05
CPD-14736	1133	MoNA	EMBL-MCF_spec38035	KYNURENINE	name_formula_mass	4	TRUE	TRUE	1.78999925992684e-08	4.47499814981711e-05
CPD-14736	1134	MoNA	EMBL-MCF_spec38056	KYNURENINE	name_formula_mass	4	TRUE	TRUE	1.78999925992684e-08	4.47499814981711e-05
CPD-14736	1135	MoNA	EMBL-MCF_spec109599	KYNURENINE	name_formula_mass	4	TRUE	TRUE	1.78999925992684e-08	4.47499814981711e-05
5-OXOPROLINE	1136	MoNA	EMBL-MCF_spec38257	5-OXO-L-PROLINE	inchikey_connectivity_formula_mass	2	FALSE	TRUE	1.21999903512915e-08	3.04999758782287e-05
5-OXOPROLINE	1137	MoNA	EMBL-MCF_spec38258	5-OXO-L-PROLINE	inchikey_connectivity_formula_mass	2	FALSE	TRUE	1.22000187730009e-08	3.05000469325023e-05
PICOLINATE	1143	MoNA	EMBL-MCF_spec112692	PICOLINIC ACID	inchikey_connectivity_formula_mass	2	FALSE	TRUE	9.89999193734548e-09	2.47499798433637e-05
ARG	1144	MoNA	EMBL-MCF_spec112555	L-ARGININE	inchikey_connectivity_formula_mass	2	FALSE	TRUE	2.64000163952005e-08	6.60000409880013e-05
3-P-SERINE	1145	MoNA	EMBL-MCF_spec41840	O-PHOSPHO-L-SERINE	inchikey_connectivity_formula_mass	2	FALSE	TRUE	1.01399990626305e-07	0.000253499976565763
3-P-SERINE	1146	MoNA	EMBL-MCF_spec113447	O-PHOSPHO-L-SERINE	inchikey_connectivity_formula_mass	2	FALSE	TRUE	1.01399990626305e-07	0.000253499976565763
CPD-68	1147	MoNA	EMBL-MCF_spec41514	1-AMINOCYCLOPROPANE-1-CARBOXYLATE	inchikey	1	TRUE	TRUE	1.00999955066072e-08	2.52499887665181e-05
CPD-68	1148	MoNA	EMBL-MCF_spec112588	1-AMINOCYCLOPROPANE-1-CARBOXYLATE	inchikey	1	TRUE	TRUE	1.00999955066072e-08	2.52499887665181e-05
L-CYSTATHIONINE	1150	MoNA	EMBL-MCF_spec41597	L-CYSTATHIONINE	inchikey	1	TRUE	TRUE	2.89799970687454e-07	0.000724499926718636
L-CYSTATHIONINE	1151	MoNA	EMBL-MCF_spec112852	L-CYSTATHIONINE	inchikey	1	TRUE	TRUE	2.89799970687454e-07	0.000724499926718636
L-2-AMINOPENTANOIC-ACID	1152	MoNA	EMBL-MCF_spec41318	L-NORVALINE	inchikey	1	TRUE	TRUE	1.05000026451307e-08	2.62500066128268e-05
L-2-AMINOPENTANOIC-ACID	1153	MoNA	EMBL-MCF_spec41334	L-NORVALINE	inchikey	1	TRUE	TRUE	1.05000026451307e-08	2.62500066128268e-05
L-2-AMINOPENTANOIC-ACID	1154	MoNA	EMBL-MCF_spec111716	L-NORVALINE	inchikey	1	TRUE	TRUE	1.05000026451307e-08	2.62500066128268e-05
HIS	1163	MoNA	EMBL-MCF_spec43810	L-HISTIDINE	inchikey	1	TRUE	TRUE	2.07000141472236e-08	5.17500353680589e-05
HIS	1164	MoNA	EMBL-MCF_spec115068	L-HISTIDINE	inchikey	1	TRUE	TRUE	2.07000141472236e-08	5.17500353680589e-05
HIS	1165	MoNA	EMBL-MCF_spec386215	L-HISTIDINE	inchikey	1	TRUE	TRUE	2.07000141472236e-08	5.17500353680589e-05
HIS	1166	MoNA	EMBL-MCF_spec386217	L-HISTIDINE	inchikey	1	TRUE	TRUE	2.07000141472236e-08	5.17500353680589e-05
HIS	1167	MoNA	EMBL-MCF_spec386229	L-HISTIDINE	inchikey	1	TRUE	TRUE	2.07000141472236e-08	5.17500353680589e-05
L-fucoses	1168	MoNA	EMBL-MCF_spec43216	6-DEOXY-L-GALACTOSE	name_formula_mass	4	TRUE	TRUE	1.17000240607013e-08	2.92500601517531e-05
L-Fucopyranoses	1168	MoNA	EMBL-MCF_spec43216	6-DEOXY-L-GALACTOSE	name_formula_mass	4	TRUE	TRUE	1.17000240607013e-08	2.92500601517531e-05
L-fucoses	1169	MoNA	EMBL-MCF_spec161326	6-DEOXY-L-GALACTOSE	name_formula_mass	4	TRUE	TRUE	1.17000240607013e-08	2.92500601517531e-05
L-Fucopyranoses	1169	MoNA	EMBL-MCF_spec161326	6-DEOXY-L-GALACTOSE	name_formula_mass	4	TRUE	TRUE	1.17000240607013e-08	2.92500601517531e-05
CPD-404	1172	MoNA	EMBL-MCF_spec43908	N-METHYL-L-GLUTAMATE	inchikey_connectivity_formula_mass	2	FALSE	TRUE	1.46999923344993e-08	3.67499808362481e-05
CPD-404	1173	MoNA	EMBL-MCF_spec115419	N-METHYL-L-GLUTAMATE	inchikey_connectivity_formula_mass	2	FALSE	TRUE	1.46999923344993e-08	3.67499808362481e-05
XANTHOSINE	1176	MoNA	EMBL-MCF_spec43942	XANTHOSINE	inchikey	1	TRUE	TRUE	3.46000774698041e-08	8.65001936745102e-05
XANTHOSINE	1177	MoNA	EMBL-MCF_spec115496	XANTHOSINE	inchikey	1	TRUE	TRUE	3.46000206263852e-08	8.65000515659631e-05
L-PIPECOLATE	1185	MoNA	EMBL-MCF_spec45195	PIPECOLATE	inchikey	1	TRUE	TRUE	1.05000026451307e-08	2.62500066128268e-05
L-PIPECOLATE	1186	MoNA	EMBL-MCF_spec45221	PIPECOLATE	inchikey	1	TRUE	TRUE	1.05000026451307e-08	2.62500066128268e-05
L-PIPECOLATE	1187	MoNA	EMBL-MCF_spec115832	PIPECOLATE	inchikey	1	TRUE	TRUE	1.05000026451307e-08	2.62500066128268e-05
D-glucopyranose-6-phosphate	1188	MoNA	EMBL-MCF_spec45342	D-GLUCOSE-6-PHOSPHATE	inchikey_connectivity_formula_mass	2	FALSE	TRUE	9.97999904939206e-08	0.000249499976234802
D-glucopyranose-6-phosphate	1189	MoNA	EMBL-MCF_spec117024	D-GLUCOSE-6-PHOSPHATE	inchikey_connectivity_formula_mass	2	FALSE	TRUE	9.98000473373395e-08	0.000249500118343349
D-glucopyranose-6-phosphate	1190	MoNA	EMBL-MCF_spec117028	D-GLUCOSE-6-PHOSPHATE	inchikey_connectivity_formula_mass	2	FALSE	TRUE	9.98000473373395e-08	0.000249500118343349
DTDP-D-GLUCOSE	1193	MoNA	EMBL-MCF_spec45331	THYMIDINE-5'-DIPHOSPHO-ALPHA-D-GLUCOSE	inchikey_connectivity_formula_mass	2	FALSE	TRUE	1.93400069292693e-07	0.00034286187147332
DTDP-D-GLUCOSE	1194	MoNA	EMBL-MCF_spec116999	THYMIDINE-5'-DIPHOSPHO-ALPHA-D-GLUCOSE	inchikey_connectivity_formula_mass	2	FALSE	TRUE	1.93400069292693e-07	0.00034286187147332
GLUCONATE	1198	MoNA	EMBL-MCF_spec46182	GLUCONIC ACID	inchikey_connectivity_formula_mass	2	FALSE	TRUE	1.59000137500698e-08	3.97500343751744e-05
THIAMINE	1206	MoNA	EMBL-MCF_spec118270	THIAMINE	inchikey	1	TRUE	TRUE	1.00837332660927	2520.93331652318
CPD-12575	1213	MoNA	EMBL-MCF_spec119340	URIDINE 5'-DIPHOSPHOGLUCOSE	inchikey_connectivity_formula_mass	2	FALSE	TRUE	1.91499907487014e-07	0.000338306172710281
CPD-12575	1214	MoNA	EMBL-MCF_spec187123	URIDINE 5'-DIPHOSPHOGLUCOSE	inchikey_connectivity_formula_mass	2	FALSE	TRUE	1.91499907487014e-07	0.000338306172710281
CPD-12575	1215	MoNA	EMBL-MCF_spec212275	URIDINE 5'-DIPHOSPHOGLUCOSE	inchikey_connectivity_formula_mass	2	FALSE	TRUE	1.91499907487014e-07	0.000338306172710281
CPD-12575	1216	MoNA	EMBL-MCF_spec212276	URIDINE 5'-DIPHOSPHOGLUCOSE	inchikey_connectivity_formula_mass	2	FALSE	TRUE	1.91499907487014e-07	0.000338306172710281
Mannose-6-phosphate	1232	MoNA	EMBL-MCF_spec48515	D-MANNOSE 6-PHOSPHATE	name_formula_mass	4	FALSE	TRUE	9.97999904939206e-08	0.000249499976234802
Mannose-6-phosphate	1233	MoNA	EMBL-MCF_spec119996	D-MANNOSE 6-PHOSPHATE	name_formula_mass	4	FALSE	TRUE	9.97999904939206e-08	0.000249499976234802
Mannose-6-phosphate	1234	MoNA	EMBL-MCF_spec119997	D-MANNOSE 6-PHOSPHATE	name_formula_mass	4	FALSE	TRUE	9.97999904939206e-08	0.000249499976234802
GLYCERATE	1240	MoNA	EMBL-MCF_spec48330	GLYCERATE	inchikey_connectivity_formula_mass	2	FALSE	TRUE	9.00000429737702e-09	2.25000107434425e-05
PHOSPHORYL-ETHANOLAMINE	1260	MoNA	EMBL-MCF_spec49675	ETHANOLAMINE PHOSPHATE	inchikey_connectivity_formula_mass	2	FALSE	TRUE	1.05600008737383e-07	0.000264000021843458
ACETYLSERINE	1261	MoNA	EMBL-MCF_spec49508	O-ACETYL-L-SERINE	inchikey	1	TRUE	TRUE	1.44999887652375e-08	3.62499719130938e-05
ACETYLSERINE	1262	MoNA	EMBL-MCF_spec226129	O-ACETYL-L-SERINE	inchikey	1	TRUE	TRUE	1.44999887652375e-08	3.62499719130938e-05
ACETYLSERINE	1263	MoNA	EMBL-MCF_spec226143	O-ACETYL-L-SERINE	inchikey	1	TRUE	TRUE	1.45000171869469e-08	3.62500429673673e-05
ACETYLSERINE	1264	MoNA	EMBL-MCF_spec226150	O-ACETYL-L-SERINE	inchikey	1	TRUE	TRUE	1.44999887652375e-08	3.62499719130938e-05
ACETYLSERINE	1265	MoNA	EMBL-MCF_spec226159	O-ACETYL-L-SERINE	inchikey	1	TRUE	TRUE	1.45000171869469e-08	3.62500429673673e-05
ACETYLSERINE	1266	MoNA	EMBL-MCF_spec273061	O-ACETYL-L-SERINE	inchikey	1	TRUE	TRUE	1.44999887652375e-08	3.62499719130938e-05
ACETYLSERINE	1267	MoNA	EMBL-MCF_spec273062	O-ACETYL-L-SERINE	inchikey	1	TRUE	TRUE	1.44999887652375e-08	3.62499719130938e-05
ACETYLSERINE	1268	MoNA	EMBL-MCF_spec273069	O-ACETYL-L-SERINE	inchikey	1	TRUE	TRUE	1.45000171869469e-08	3.62500429673673e-05
ACETYLSERINE	1269	MoNA	EMBL-MCF_spec273070	O-ACETYL-L-SERINE	inchikey	1	TRUE	TRUE	1.44999887652375e-08	3.62499719130938e-05
ACETYLSERINE	1270	MoNA	EMBL-MCF_spec273074	O-ACETYL-L-SERINE	inchikey	1	TRUE	TRUE	1.44999887652375e-08	3.62499719130938e-05
TMP	1271	MoNA	EMBL-MCF_spec49771	THYMIDINE 5'-MONOPHOSPHATE	inchikey_connectivity_formula_mass	2	FALSE	TRUE	9.13000235414074e-08	0.000228250058853519
TMP	1272	MoNA	EMBL-MCF_spec120441	THYMIDINE 5'-MONOPHOSPHATE	inchikey_connectivity_formula_mass	2	FALSE	TRUE	9.13000235414074e-08	0.000228250058853519
CAMP	1273	MoNA	EMBL-MCF_spec49550	ADENOSINE 3',5'-CYCLIC MONOPHOSPHATE	inchikey_connectivity_formula_mass	2	FALSE	TRUE	8.02000386102009e-08	0.000200500096525502
CAMP	1274	MoNA	EMBL-MCF_spec120020	ADENOSINE 3',5'-CYCLIC MONOPHOSPHATE	inchikey_connectivity_formula_mass	2	FALSE	TRUE	8.02000386102009e-08	0.000200500096525502
CAMP	1275	MoNA	EMBL-MCF_spec120031	ADENOSINE 3',5'-CYCLIC MONOPHOSPHATE	inchikey_connectivity_formula_mass	2	FALSE	TRUE	8.02000386102009e-08	0.000200500096525502
CPD-18719	1276	MoNA	EMBL-MCF_spec49749	D-FRUCTOSE 6-PHOSPHATE	inchikey_connectivity_formula_mass	2	FALSE	TRUE	9.98000473373395e-08	0.000249500118343349
OROTATE	1282	MoNA	EMBL-MCF_spec50548	OROTATE	inchikey_connectivity_formula_mass	2	FALSE	TRUE	1.92000015886151e-08	4.80000039715378e-05
PYRIDOXAMINE	1285	MoNA	EMBL-MCF_spec50210	PYRIDOXAMINE	inchikey_connectivity_formula_mass	2	FALSE	TRUE	1.57999977545842e-08	3.94999943864605e-05
PYRIDOXAMINE	1286	MoNA	EMBL-MCF_spec120647	PYRIDOXAMINE	inchikey_connectivity_formula_mass	2	FALSE	TRUE	1.57999977545842e-08	3.94999943864605e-05
PYRIDOXAMINE	1287	MoNA	EMBL-MCF_spec120690	PYRIDOXAMINE	inchikey_connectivity_formula_mass	2	FALSE	TRUE	1.57999977545842e-08	3.94999943864605e-05
PYRIDOXAMINE	1288	MoNA	EMBL-MCF_spec120696	PYRIDOXAMINE	inchikey_connectivity_formula_mass	2	FALSE	TRUE	1.57999977545842e-08	3.94999943864605e-05
5-AMINO-LEVULINATE	1289	MoNA	EMBL-MCF_spec121141	5-AMINOLEVULINIC ACID	inchikey	1	TRUE	TRUE	1.24000223422627e-08	3.10000558556567e-05
5-AMINO-LEVULINATE	1290	MoNA	EMBL-MCF_spec273191	5-AMINOLEVULINIC ACID	inchikey	1	TRUE	TRUE	1.23999939205532e-08	3.09999848013831e-05
5-AMINO-LEVULINATE	1291	MoNA	EMBL-MCF_spec273200	5-AMINOLEVULINIC ACID	inchikey	1	TRUE	TRUE	1.23999939205532e-08	3.09999848013831e-05
5-AMINO-LEVULINATE	1292	MoNA	EMBL-MCF_spec273210	5-AMINOLEVULINIC ACID	inchikey	1	TRUE	TRUE	1.24000223422627e-08	3.10000558556567e-05
5-AMINO-LEVULINATE	1293	MoNA	EMBL-MCF_spec273231	5-AMINOLEVULINIC ACID	inchikey	1	TRUE	TRUE	1.24000223422627e-08	3.10000558556567e-05
DUMP	1294	MoNA	EMBL-MCF_spec50818	2'-DEOXYURIDINE 5'-MONO-PHOS-PHATE	inchikey_connectivity_formula_mass	2	FALSE	TRUE	9.14999986889597e-08	0.000228749996722399
DUMP	1295	MoNA	EMBL-MCF_spec121994	2'-DEOXYURIDINE 5'-MONO-PHOS-PHATE	inchikey_connectivity_formula_mass	2	FALSE	TRUE	9.14999986889597e-08	0.000228749996722399
DUMP	1296	MoNA	EMBL-MCF_spec122002	2'-DEOXYURIDINE 5'-MONO-PHOS-PHATE	inchikey_connectivity_formula_mass	2	FALSE	TRUE	9.14999986889597e-08	0.000228749996722399
D-RIBULOSE-15-P2	1297	MoNA	EMBL-MCF_spec273406	D-RIBULOSE 1,5-BISPHOSPHATE	inchikey	1	FALSE	FALSE	8.93710624430003	22342.7656107501
D-RIBULOSE-15-P2	1298	MoNA	EMBL-MCF_spec273411	D-RIBULOSE 1,5-BISPHOSPHATE	inchikey	1	FALSE	FALSE	8.93710624429997	22342.7656107499
D-RIBULOSE-15-P2	1299	MoNA	EMBL-MCF_spec273414	D-RIBULOSE 1,5-BISPHOSPHATE	inchikey	1	FALSE	FALSE	8.93710624430003	22342.7656107501
D-RIBULOSE-15-P2	1300	MoNA	EMBL-MCF_spec273417	D-RIBULOSE 1,5-BISPHOSPHATE	inchikey	1	FALSE	FALSE	8.93710624429997	22342.7656107499
XANTHOSINE-5-PHOSPHATE	1301	MoNA	EMBL-MCF_spec122602	XANTHOSINE 5'-MONOPHOSPHATE	inchikey_connectivity_formula_mass	2	FALSE	TRUE	7.90000171946303e-08	0.000197500042986576
DEOXYGUANOSINE	1303	MoNA	EMBL-MCF_spec273419	2,9;-DEOXYGUANOSINE	inchikey	1	FALSE	FALSE	3.56999407813419e-08	8.92498519533547e-05
DEOXYGUANOSINE	1304	MoNA	EMBL-MCF_spec273424	2,9;-DEOXYGUANOSINE	inchikey	1	FALSE	FALSE	3.56999976247607e-08	8.92499940619018e-05
DEOXYGUANOSINE	1305	MoNA	EMBL-MCF_spec273426	2,9;-DEOXYGUANOSINE	inchikey	1	FALSE	FALSE	3.56999976247607e-08	8.92499940619018e-05
DEOXYGUANOSINE	1306	MoNA	EMBL-MCF_spec273442	2,9;-DEOXYGUANOSINE	inchikey	1	FALSE	FALSE	3.56999976247607e-08	8.92499940619018e-05
ADENOSYL-HOMO-CYS	1310	MoNA	EMBL-MCF_spec51722	S-(5'-ADENOSYL)-L-HOMOCYSTEINE	inchikey	1	TRUE	TRUE	2.66299991835695e-07	0.000665749979589236
ADENOSYL-HOMO-CYS	1311	MoNA	EMBL-MCF_spec123143	S-(5'-ADENOSYL)-L-HOMOCYSTEINE	inchikey	1	TRUE	TRUE	2.66299991835695e-07	0.000665749979589236
ADENOSYL-HOMO-CYS	1312	MoNA	EMBL-MCF_spec123145	S-(5'-ADENOSYL)-L-HOMOCYSTEINE	inchikey	1	TRUE	TRUE	2.66299991835695e-07	0.000665749979589236
L-ORNITHINE	1313	MoNA	EMBL-MCF_spec51737	L-ORNITHINE	inchikey_connectivity_formula_mass	2	FALSE	TRUE	1.57999977545842e-08	3.94999943864605e-05
L-ORNITHINE	1314	MoNA	EMBL-MCF_spec123210	L-ORNITHINE	inchikey_connectivity_formula_mass	2	FALSE	TRUE	1.57999977545842e-08	3.94999943864605e-05
AICAR	1316	MoNA	EMBL-MCF_spec51907	5-AMINOIMIDAZOLE-4-CARBOXAMIDE-1-BETA-D-RIBOFURANOSYL 5'-MONOPHOSPHATE	inchikey_connectivity_formula_mass	2	FALSE	TRUE	8.09000084700529e-08	0.000202250021175132
AICAR	1317	MoNA	EMBL-MCF_spec123826	5-AMINOIMIDAZOLE-4-CARBOXAMIDE-1-BETA-D-RIBOFURANOSYL 5'-MONOPHOSPHATE	inchikey_connectivity_formula_mass	2	FALSE	TRUE	8.09000084700529e-08	0.000202250021175132
AICAR	1318	MoNA	EMBL-MCF_spec123872	5-AMINOIMIDAZOLE-4-CARBOXAMIDE-1-BETA-D-RIBOFURANOSYL 5'-MONOPHOSPHATE	inchikey_connectivity_formula_mass	2	FALSE	TRUE	8.09000084700529e-08	0.000202250021175132
CGMP	1320	MoNA	EMBL-MCF_spec51814	GUANOSINE, 5-CYCLIC MONOPHOSPHATE	inchikey_connectivity_formula_mass	2	FALSE	TRUE	7.8100072187226e-08	0.000195250180468065
CGMP	1321	MoNA	EMBL-MCF_spec123507	GUANOSINE, 5-CYCLIC MONOPHOSPHATE	inchikey_connectivity_formula_mass	2	FALSE	TRUE	7.8100072187226e-08	0.000195250180468065
ADENINE	1324	MoNA	EMBL-MCF_spec52148	ADENINE	inchikey	1	TRUE	TRUE	2.64999755472672e-08	6.62499388681681e-05
ADENINE	1325	MoNA	EMBL-MCF_spec123088	ADENINE	inchikey	1	TRUE	TRUE	2.64999755472672e-08	6.62499388681681e-05
UDP-N-ACETYL-D-GLUCOSAMINE	1335	MoNA	EMBL-MCF_spec52979	URIDINE 5'-DIPHOSPHO-N-ACETYLGLUCOSAMINE	inchikey_connectivity_formula_mass	2	FALSE	TRUE	1.85999965651718e-07	0.000306383812329618
CREATINE-P	1338	MoNA	EMBL-MCF_spec52920	PHOSPHOCREATINE	inchikey_connectivity_formula_mass	2	FALSE	TRUE	9.28999952520826e-08	0.000232249988130206
CREATINE-P	1339	MoNA	EMBL-MCF_spec124367	PHOSPHOCREATINE	inchikey_connectivity_formula_mass	2	FALSE	TRUE	9.28999952520826e-08	0.000232249988130206
OH-PYR	1344	MoNA	EMBL-MCF_spec54883	HYDROXYPYRUVATE	inchikey_connectivity_formula_mass	2	FALSE	TRUE	8.80000072811526e-09	2.20000018202882e-05
D-Mannosamines	1345	MoNA	EMBL-MCF_spec54179	D-MANNOSAMINE	inchikey_connectivity_formula_mass	2	FALSE	TRUE	1.70000475918641e-08	4.25001189796603e-05
D-Mannosamines	1346	MoNA	EMBL-MCF_spec123730	D-MANNOSAMINE	inchikey_connectivity_formula_mass	2	FALSE	TRUE	1.70000760135736e-08	4.25001900339339e-05
D-Mannosamines	1347	MoNA	EMBL-MCF_spec123756	D-MANNOSAMINE	inchikey_connectivity_formula_mass	2	FALSE	TRUE	1.70000760135736e-08	4.25001900339339e-05
RIBOFLAVIN	1361	MoNA	EMBL-MCF_spec55400	RIBOFLAVIN	inchikey_connectivity_formula_mass	2	FALSE	TRUE	3.54000349034322e-08	8.85000872585806e-05
RIBOFLAVIN	1362	MoNA	EMBL-MCF_spec125032	RIBOFLAVIN	inchikey_connectivity_formula_mass	2	FALSE	TRUE	3.54000349034322e-08	8.85000872585806e-05
RIBOFLAVIN	1363	MoNA	EMBL-MCF_spec125096	RIBOFLAVIN	inchikey_connectivity_formula_mass	2	FALSE	TRUE	3.54000349034322e-08	8.85000872585806e-05
RIBOFLAVIN	1364	MoNA	EMBL-MCF_spec125105	RIBOFLAVIN	inchikey_connectivity_formula_mass	2	FALSE	TRUE	3.54000349034322e-08	8.85000872585806e-05
METHYL-BETA-D-GALACTOSIDE	1365	MoNA	EMBL-MCF_spec274144	METHYL BETA-D-GALACTOSIDE	inchikey	1	TRUE	TRUE	1.39999940529378e-08	3.49999851323446e-05
METHYL-BETA-D-GALACTOSIDE	1366	MoNA	EMBL-MCF_spec274146	METHYL BETA-D-GALACTOSIDE	inchikey	1	TRUE	TRUE	1.39999940529378e-08	3.49999851323446e-05
METHYL-BETA-D-GALACTOSIDE	1367	MoNA	EMBL-MCF_spec274168	METHYL BETA-D-GALACTOSIDE	inchikey	1	TRUE	TRUE	1.39999940529378e-08	3.49999851323446e-05
CH33ADO	1370	MoNA	EMBL-MCF_spec55376	5'-DEOXYADENOSINE	inchikey	1	TRUE	TRUE	3.36000027800765e-08	8.40000069501912e-05
CH33ADO	1371	MoNA	EMBL-MCF_spec125066	5'-DEOXYADENOSINE	inchikey	1	TRUE	TRUE	3.36000312017859e-08	8.40000780044647e-05
CH33ADO	1372	MoNA	EMBL-MCF_spec125090	5'-DEOXYADENOSINE	inchikey	1	TRUE	TRUE	3.36000312017859e-08	8.40000780044647e-05
GLUTATHIONE	1373	MoNA	EMBL-MCF_spec56298	GLUTATHIONE	inchikey_connectivity_formula_mass	2	FALSE	TRUE	2.80100039162789e-07	0.000700250097906974
GLUTATHIONE	1374	MoNA	EMBL-MCF_spec126299	GLUTATHIONE	inchikey_connectivity_formula_mass	2	FALSE	TRUE	2.80099982319371e-07	0.000700249955798427
IMP	1402	MoNA	EMBL-MCF_spec58532	INOSINE 5PHOSPHATE	inchikey_connectivity_formula_mass	2	FALSE	TRUE	8.1100040461024e-08	0.00020275010115256
IMP	1403	MoNA	EMBL-MCF_spec58555	INOSINE 5PHOSPHATE	inchikey_connectivity_formula_mass	2	FALSE	TRUE	8.1100040461024e-08	0.00020275010115256
IMP	1404	MoNA	EMBL-MCF_spec128958	INOSINE 5PHOSPHATE	inchikey_connectivity_formula_mass	2	FALSE	TRUE	8.10999836176052e-08	0.000202749959044013
IMP	1405	MoNA	EMBL-MCF_spec128992	INOSINE 5PHOSPHATE	inchikey_connectivity_formula_mass	2	FALSE	TRUE	8.11000973044429e-08	0.000202750243261107
PANTOTHENATE	1406	MoNA	EMBL-MCF_spec57924	D-PANTOTHENIC ACID	inchikey_connectivity_formula_mass	2	FALSE	TRUE	1.74000263086782e-08	4.35000657716955e-05
PANTOTHENATE	1407	MoNA	EMBL-MCF_spec127901	D-PANTOTHENIC ACID	inchikey_connectivity_formula_mass	2	FALSE	TRUE	1.74000263086782e-08	4.35000657716955e-05
PANTOTHENATE	1408	MoNA	EMBL-MCF_spec127956	D-PANTOTHENIC ACID	inchikey_connectivity_formula_mass	2	FALSE	TRUE	1.74000263086782e-08	4.35000657716955e-05
L-rhamnopyranose	1409	MoNA	EMBL-MCF_spec276691	L-RHAMNOSE	inchikey	1	FALSE	FALSE	1.17000240607013e-08	2.92500601517531e-05
L-rhamnopyranose	1410	MoNA	EMBL-MCF_spec276699	L-RHAMNOSE	inchikey	1	FALSE	FALSE	1.17000240607013e-08	2.92500601517531e-05
L-rhamnopyranose	1411	MoNA	EMBL-MCF_spec276736	L-RHAMNOSE	inchikey	1	FALSE	FALSE	1.17000240607013e-08	2.92500601517531e-05
HISTIDINOL	1417	MoNA	EMBL-MCF_spec59765	L-HISTIDINOL	inchikey_connectivity_formula_mass	2	FALSE	TRUE	1.87999944500916e-08	4.6999986125229e-05
TMP	1418	MoNA	EMBL-MCF_spec60125	THYMIDINE 5'-MONOPHOSPHATE	inchikey_connectivity_formula_mass	2	FALSE	TRUE	9.13000803848263e-08	0.000228250200962066
3-UREIDO-PROPIONATE	1419	MoNA	EMBL-MCF_spec59992	3-UREIDOPROPIONATE	inchikey_connectivity_formula_mass	2	FALSE	TRUE	1.74999854607449e-08	4.37499636518623e-05
5-AMINOPENTANOATE	1420	MoNA	EMBL-MCF_spec128577	5-AMINOPENTANOATE	inchikey	1	TRUE	TRUE	1.05000026451307e-08	2.62500066128268e-05
L-2-AMINOHEXANOATE	1421	MoNA	EMBL-MCF_spec59716	NORLEUCINE	inchikey	1	TRUE	TRUE	1.07000062143925e-08	2.67500155359812e-05
L-2-AMINOHEXANOATE	1422	MoNA	EMBL-MCF_spec59722	NORLEUCINE	inchikey	1	TRUE	TRUE	1.07000062143925e-08	2.67500155359812e-05
ADENOSINE	1423	MoNA	EMBL-MCF_spec59717	Adenosine	inchikey	1	TRUE	TRUE	3.56999976247607e-08	8.92499940619018e-05
D-GLUCARATE	1424	MoNA	EMBL-MCF_spec61206	D-SACCHARIC ACID	inchikey_connectivity_formula_mass	2	FALSE	TRUE	1.78000050254923e-08	4.45000125637307e-05
CPD-9035	1425	MoNA	EMBL-MCF_spec60968	L-METHIONINE SULFOXIMINE	inchikey	1	TRUE	TRUE	2.920999691014e-07	0.000730249922753501
CPD-9035	1426	MoNA	EMBL-MCF_spec129189	L-METHIONINE SULFOXIMINE	inchikey	1	TRUE	TRUE	2.9209999752311e-07	0.000730249993807774
CPD-9035	1427	MoNA	EMBL-MCF_spec129201	L-METHIONINE SULFOXIMINE	inchikey	1	TRUE	TRUE	2.9209999752311e-07	0.000730249993807774
CAMP	1438	MoNA	EMBL-MCF_spec61019	ADENOSINE 3',5'-CYCLIC MONOPHOSPHATE	inchikey_connectivity_formula_mass	2	FALSE	TRUE	8.02000954536197e-08	0.000200500238634049
CAMP	1439	MoNA	EMBL-MCF_spec129303	ADENOSINE 3',5'-CYCLIC MONOPHOSPHATE	inchikey_connectivity_formula_mass	2	FALSE	TRUE	8.02000386102009e-08	0.000200500096525502
CAMP	1440	MoNA	EMBL-MCF_spec129317	ADENOSINE 3',5'-CYCLIC MONOPHOSPHATE	inchikey_connectivity_formula_mass	2	FALSE	TRUE	8.02000386102009e-08	0.000200500096525502
CAMP	1441	MoNA	EMBL-MCF_spec129345	ADENOSINE 3',5'-CYCLIC MONOPHOSPHATE	inchikey_connectivity_formula_mass	2	FALSE	TRUE	8.02000386102009e-08	0.000200500096525502
5-HYDROXY-TRYPTOPHAN	1442	MoNA	EMBL-MCF_spec62118	5-HYDROXY-L-TRYPTOPHAN	name_formula_mass	4	TRUE	TRUE	1.79000210209779e-08	4.47500525524447e-05
5-HYDROXY-TRYPTOPHAN	1443	MoNA	EMBL-MCF_spec130690	5-HYDROXY-L-TRYPTOPHAN	name_formula_mass	4	TRUE	TRUE	1.79000210209779e-08	4.47500525524447e-05
5-HYDROXY-TRYPTOPHAN	1444	MoNA	EMBL-MCF_spec130746	5-HYDROXY-L-TRYPTOPHAN	name_formula_mass	4	TRUE	TRUE	1.78999925992684e-08	4.47499814981711e-05
D-ALANINE	1445	MoNA	EMBL-MCF_spec61838	D-ALANINE	inchikey	1	TRUE	TRUE	1.00999955066072e-08	2.52499887665181e-05
D-ALANINE	1446	MoNA	EMBL-MCF_spec130217	D-ALANINE	inchikey	1	TRUE	TRUE	1.00999955066072e-08	2.52499887665181e-05
D-ALANINE	1447	MoNA	EMBL-MCF_spec130348	D-ALANINE	inchikey	1	TRUE	TRUE	1.00999955066072e-08	2.52499887665181e-05
3-7-DIMETHYLXANTHINE	1448	MoNA	EMBL-MCF_spec61644	THEOBROMINE	inchikey	1	TRUE	TRUE	2.58000056874153e-08	6.45000142185381e-05
4-AMINO-BUTYRATE	1452	MoNA	EMBL-MCF_spec62136	4-AMINOBUTANOATE	inchikey	1	TRUE	TRUE	1.0299999075869e-08	2.57499976896725e-05
4-AMINO-BUTYRATE	1453	MoNA	EMBL-MCF_spec130727	4-AMINOBUTANOATE	inchikey	1	TRUE	TRUE	1.0299999075869e-08	2.57499976896725e-05
4-AMINO-BUTYRATE	1454	MoNA	EMBL-MCF_spec130832	4-AMINOBUTANOATE	inchikey	1	TRUE	TRUE	1.0299999075869e-08	2.57499976896725e-05
HIS	1462	MoNA	EMBL-MCF_spec63504	L-HISTIDINE	inchikey	1	TRUE	TRUE	2.07000141472236e-08	5.17500353680589e-05
HIS	1463	MoNA	EMBL-MCF_spec133653	L-HISTIDINE	inchikey	1	TRUE	TRUE	2.07000141472236e-08	5.17500353680589e-05
HIS	1464	MoNA	EMBL-MCF_spec133724	L-HISTIDINE	inchikey	1	TRUE	TRUE	2.07000141472236e-08	5.17500353680589e-05
CREATINE-P	1466	MoNA	EMBL-MCF_spec63933	PHOSPHOCREATINE	inchikey_connectivity_formula_mass	2	FALSE	TRUE	9.28999952520826e-08	0.000232249988130206
CREATINE-P	1467	MoNA	EMBL-MCF_spec134496	PHOSPHOCREATINE	inchikey_connectivity_formula_mass	2	FALSE	TRUE	9.28999952520826e-08	0.000232249988130206
ADENOSINE_DIPHOSPHATE_RIBOSE	1468	MoNA	EMBL-MCF_spec190205	ADENOSINE 5'-DIPHOSPHORIBOSE	name_formula_mass	4	FALSE	TRUE	1.82300027518068e-07	0.00032607630856855
ADENOSINE_DIPHOSPHATE_RIBOSE	1469	MoNA	EMBL-MCF_spec190206	ADENOSINE 5'-DIPHOSPHORIBOSE	name_formula_mass	4	FALSE	TRUE	1.82300027518068e-07	0.00032607630856855
ADENOSINE_DIPHOSPHATE_RIBOSE	1470	MoNA	EMBL-MCF_spec280549	ADENOSINE 5'-DIPHOSPHORIBOSE	name_formula_mass	4	FALSE	TRUE	1.82300027518068e-07	0.00032607630856855
ADENOSINE_DIPHOSPHATE_RIBOSE	1471	MoNA	EMBL-MCF_spec280555	ADENOSINE 5'-DIPHOSPHORIBOSE	name_formula_mass	4	FALSE	TRUE	1.82300027518068e-07	0.00032607630856855
ADENOSINE_DIPHOSPHATE_RIBOSE	1472	MoNA	EMBL-MCF_spec280558	ADENOSINE 5'-DIPHOSPHORIBOSE	name_formula_mass	4	FALSE	TRUE	1.82300141204905e-07	0.000326076511917858
ADENOSINE_DIPHOSPHATE_RIBOSE	1473	MoNA	EMBL-MCF_spec280575	ADENOSINE 5'-DIPHOSPHORIBOSE	name_formula_mass	4	FALSE	TRUE	1.82300141204905e-07	0.000326076511917858
CPD-14325	1474	MoNA	EMBL-MCF_spec63960	CITRAMALATE	name_formula_mass	4	FALSE	TRUE	1.13000169221777e-08	2.82500423054444e-05
CPD-20340	1475	MoNA	EMBL-MCF_spec65147	OPHTHALMIC ACID	inchikey_connectivity_formula_mass	2	FALSE	TRUE	3.01000113722694e-08	7.52500284306734e-05
Hydroxy-Butyrates	1490	MoNA	EMBL-MCF_spec64934	2-HYDROXYBUTYRIC ACID	name_formula_mass	4	FALSE	TRUE	7.0999988110998e-09	1.77499970277495e-05
Hydroxy-Butyrates	1491	MoNA	EMBL-MCF_spec64954	2-HYDROXYBUTYRIC ACID	name_formula_mass	4	FALSE	TRUE	7.0999988110998e-09	1.77499970277495e-05
CPD-170	1496	MoNA	EMBL-MCF_spec66424	STACHYOSE	inchikey	1	TRUE	TRUE	4.8300080379704e-08	7.249849246137e-05
GALACTOSAMINE	1505	MoNA	EMBL-MCF_spec134668	D-(+)-GALACTOSAMINE	inchikey_connectivity_formula_mass	2	FALSE	TRUE	1.70000760135736e-08	4.25001900339339e-05
GALACTOSAMINE	1506	MoNA	EMBL-MCF_spec134699	D-(+)-GALACTOSAMINE	inchikey_connectivity_formula_mass	2	FALSE	TRUE	1.70000760135736e-08	4.25001900339339e-05
GALACTOSAMINE	1507	MoNA	EMBL-MCF_spec240691	D-(+)-GALACTOSAMINE	inchikey_connectivity_formula_mass	2	FALSE	TRUE	1.70000475918641e-08	4.25001189796603e-05
GALACTOSAMINE	1508	MoNA	EMBL-MCF_spec240705	D-(+)-GALACTOSAMINE	inchikey_connectivity_formula_mass	2	FALSE	TRUE	1.70000760135736e-08	4.25001900339339e-05
GALACTOSAMINE	1509	MoNA	EMBL-MCF_spec240711	D-(+)-GALACTOSAMINE	inchikey_connectivity_formula_mass	2	FALSE	TRUE	1.70000475918641e-08	4.25001189796603e-05
GALACTOSAMINE	1510	MoNA	EMBL-MCF_spec240713	D-(+)-GALACTOSAMINE	inchikey_connectivity_formula_mass	2	FALSE	TRUE	1.70000760135736e-08	4.25001900339339e-05
CPD-536	1511	MoNA	EMBL-MCF_spec241109	GLYCEROL 2-PHOSPHATE	inchikey_connectivity_formula_mass	2	FALSE	TRUE	1.06499982166497e-07	0.000266249955416242
CPD-536	1512	MoNA	EMBL-MCF_spec241110	GLYCEROL 2-PHOSPHATE	inchikey_connectivity_formula_mass	2	FALSE	TRUE	1.06499982166497e-07	0.000266249955416242
CPD-536	1513	MoNA	EMBL-MCF_spec241112	GLYCEROL 2-PHOSPHATE	inchikey_connectivity_formula_mass	2	FALSE	TRUE	1.06499982166497e-07	0.000266249955416242
CPD-536	1514	MoNA	EMBL-MCF_spec241115	GLYCEROL 2-PHOSPHATE	inchikey_connectivity_formula_mass	2	FALSE	TRUE	1.06499982166497e-07	0.000266249955416242
CPD-536	1515	MoNA	EMBL-MCF_spec281474	GLYCEROL 2-PHOSPHATE	inchikey_connectivity_formula_mass	2	FALSE	TRUE	1.06499953744787e-07	0.000266249884361969
CPD-536	1516	MoNA	EMBL-MCF_spec281475	GLYCEROL 2-PHOSPHATE	inchikey_connectivity_formula_mass	2	FALSE	TRUE	1.06499982166497e-07	0.000266249955416242
GLC-1-P	1517	MoNA	EMBL-MCF_spec136102	ALPHA-D-GLUCOSE 1-PHOSPHATE	inchikey_connectivity_formula_mass	2	FALSE	TRUE	9.97999904939206e-08	0.000249499976234802
GLC-1-P	1518	MoNA	EMBL-MCF_spec136103	ALPHA-D-GLUCOSE 1-PHOSPHATE	inchikey_connectivity_formula_mass	2	FALSE	TRUE	9.98000473373395e-08	0.000249500118343349
GLC-1-P	1519	MoNA	EMBL-MCF_spec194334	ALPHA-D-GLUCOSE 1-PHOSPHATE	inchikey_connectivity_formula_mass	2	FALSE	TRUE	9.97999904939206e-08	0.000249499976234802
GLC-1-P	1520	MoNA	EMBL-MCF_spec194342	ALPHA-D-GLUCOSE 1-PHOSPHATE	inchikey_connectivity_formula_mass	2	FALSE	TRUE	9.97999904939206e-08	0.000249499976234802
XANTHURENATE	1523	MoNA	EMBL-MCF_spec68963	XANTHURENIC ACID	inchikey_connectivity_formula_mass	2	FALSE	TRUE	1.42999851959758e-08	3.57499629899394e-05
XANTHURENATE	1524	MoNA	EMBL-MCF_spec139758	XANTHURENIC ACID	inchikey_connectivity_formula_mass	2	FALSE	TRUE	1.42999851959758e-08	3.57499629899394e-05
XANTHURENATE	1525	MoNA	EMBL-MCF_spec139764	XANTHURENIC ACID	inchikey_connectivity_formula_mass	2	FALSE	TRUE	1.42999851959758e-08	3.57499629899394e-05
2-METHYLPROPANAL-OXIME	1526	MoNA	EMBL-MCF_spec195701	2-METHYLPROPANAL OXIME	inchikey	1	TRUE	TRUE	8.20000423118472e-09	2.05000105779618e-05
4-hydroxybenzoate	1528	MoNA	EMBL-MCF_spec68623	4-HYDROXYBENZOATE	inchikey_connectivity_formula_mass	2	FALSE	TRUE	6.90002366354747e-09	1.72500591588687e-05
TYRAMINE	1529	MoNA	EMBL-MCF_spec68023	TYRAMINE	inchikey_connectivity_formula_mass	2	FALSE	TRUE	8.40000780044647e-09	2.10000195011162e-05
TYRAMINE	1530	MoNA	EMBL-MCF_spec137687	TYRAMINE	inchikey_connectivity_formula_mass	2	FALSE	TRUE	8.40000780044647e-09	2.10000195011162e-05
TYRAMINE	1531	MoNA	EMBL-MCF_spec137688	TYRAMINE	inchikey_connectivity_formula_mass	2	FALSE	TRUE	8.40000780044647e-09	2.10000195011162e-05
CORTISOL	1532	MoNA	EMBL-MCF_spec68013	CORTISOL	name_formula_mass	4	TRUE	TRUE	1.35000277623476e-08	3.3750069405869e-05
ISOBUTYRATE	1533	MoNA	EMBL-MCF_spec69540	2-METHYLPROPANOATE	inchikey_connectivity_formula_mass	2	FALSE	TRUE	4.99998975556082e-09	1.2499974388902e-05
ANILINE	1535	MoNA	EMBL-MCF_spec197538	ANILINE	inchikey	1	TRUE	TRUE	5.90000581723871e-09	1.47500145430968e-05
ANILINE	1536	MoNA	EMBL-MCF_spec197539	ANILINE	inchikey	1	TRUE	TRUE	5.90000581723871e-09	1.47500145430968e-05
ANILINE	1537	MoNA	EMBL-MCF_spec197540	ANILINE	inchikey	1	TRUE	TRUE	5.90000581723871e-09	1.47500145430968e-05
N-ACETYL-5-METHOXY-TRYPTAMINE	1538	MoNA	EMBL-MCF_spec69204	MELATONIN	inchikey	1	TRUE	TRUE	1.62000048931077e-08	4.05000122327692e-05
N-ACETYL-5-METHOXY-TRYPTAMINE	1539	MoNA	EMBL-MCF_spec138132	MELATONIN	inchikey	1	TRUE	TRUE	1.62000048931077e-08	4.05000122327692e-05
N-ACETYL-5-METHOXY-TRYPTAMINE	1540	MoNA	EMBL-MCF_spec138137	MELATONIN	inchikey	1	TRUE	TRUE	1.62000048931077e-08	4.05000122327692e-05
N-ACETYL-5-METHOXY-TRYPTAMINE	1541	MoNA	EMBL-MCF_spec138138	MELATONIN	inchikey	1	TRUE	TRUE	1.62000048931077e-08	4.05000122327692e-05
N-ACETYL-5-METHOXY-TRYPTAMINE	1542	MoNA	EMBL-MCF_spec138151	MELATONIN	inchikey	1	TRUE	TRUE	1.62000048931077e-08	4.05000122327692e-05
MALEATE	1543	MoNA	EMBL-MCF_spec70217	MALEIC ACID	inchikey_connectivity_formula_mass	2	FALSE	TRUE	8.80000072811526e-09	2.20000018202882e-05
BUTANAL	1544	MoNA	EMBL-MCF_spec196855	BUTANAL	inchikey	1	TRUE	TRUE	2.89999491087656e-09	7.24998727719139e-06
BUTANAL	1545	MoNA	EMBL-MCF_spec196860	BUTANAL	inchikey	1	TRUE	TRUE	2.89999491087656e-09	7.24998727719139e-06
KYNURENATE	1546	MoNA	EMBL-MCF_spec69828	4-HYDROXY-2-QUINOLINECARBOXYLIC ACID	inchikey_connectivity_formula_mass	2	FALSE	TRUE	1.21999903512915e-08	3.04999758782287e-05
KYNURENATE	1547	MoNA	EMBL-MCF_spec139147	4-HYDROXY-2-QUINOLINECARBOXYLIC ACID	inchikey_connectivity_formula_mass	2	FALSE	TRUE	1.21999903512915e-08	3.04999758782287e-05
KYNURENATE	1548	MoNA	EMBL-MCF_spec139215	4-HYDROXY-2-QUINOLINECARBOXYLIC ACID	inchikey_connectivity_formula_mass	2	FALSE	TRUE	1.21999903512915e-08	3.04999758782287e-05
CPD-205	1549	MoNA	EMBL-MCF_spec285229	6-CARBOXYHEXANOATE	inchikey_connectivity_formula_mass	2	FALSE	TRUE	9.60000079430756e-09	2.40000019857689e-05
CPD-205	1550	MoNA	EMBL-MCF_spec285231	6-CARBOXYHEXANOATE	inchikey_connectivity_formula_mass	2	FALSE	TRUE	9.60000079430756e-09	2.40000019857689e-05
CPD-205	1551	MoNA	EMBL-MCF_spec285248	6-CARBOXYHEXANOATE	inchikey_connectivity_formula_mass	2	FALSE	TRUE	9.60000079430756e-09	2.40000019857689e-05
TRYPTAMINE	1559	MoNA	EMBL-MCF_spec138818	TRYPTAMINE	inchikey_connectivity_formula_mass	2	FALSE	TRUE	1.16000080652157e-08	2.90000201630392e-05
TRYPTAMINE	1560	MoNA	EMBL-MCF_spec138875	TRYPTAMINE	inchikey_connectivity_formula_mass	2	FALSE	TRUE	1.16000080652157e-08	2.90000201630392e-05
BENZOATE	1561	MoNA	EMBL-MCF_spec71444	BENZOATE	inchikey_connectivity_formula_mass	2	FALSE	TRUE	4.80000039715378e-09	1.20000009928845e-05
Thiopurine-Methylethers	1569	MoNA	EMBL-MCF_spec73243	THIOPURINE S-METHYLETHER	inchikey	1	TRUE	TRUE	2.88599977693593e-07	0.000721499944233983
Thiopurine-Methylethers	1570	MoNA	EMBL-MCF_spec73452	THIOPURINE S-METHYLETHER	inchikey	1	TRUE	TRUE	2.88599977693593e-07	0.000721499944233983
Thiopurine-Methylethers	1571	MoNA	EMBL-MCF_spec139120	THIOPURINE S-METHYLETHER	inchikey	1	TRUE	TRUE	2.88599977693593e-07	0.000721499944233983
FERULIC-ACID	1574	MoNA	EMBL-MCF_spec73521	FERULATE	inchikey_connectivity_formula_mass	2	FALSE	TRUE	9.39999722504581e-09	2.34999930626145e-05
10-HYDROXYDECANOATE	1579	MoNA	EMBL-MCF_spec74457	10-HYDROXYDECANOATE	inchikey_connectivity_formula_mass	2	FALSE	TRUE	8.30002022667031e-09	2.07500505666758e-05
10-HYDROXYDECANOATE	1580	MoNA	EMBL-MCF_spec74533	10-HYDROXYDECANOATE	inchikey_connectivity_formula_mass	2	FALSE	TRUE	8.30002022667031e-09	2.07500505666758e-05
CATECHOL	1589	MoNA	EMBL-MCF_spec74105	CATECHOL	inchikey	1	TRUE	TRUE	4.80000039715378e-09	1.20000009928845e-05
CATECHOL	1590	MoNA	EMBL-MCF_spec74202	CATECHOL	inchikey	1	TRUE	TRUE	4.80000039715378e-09	1.20000009928845e-05
3-4-DIHYDROXYBENZOATE	1591	MoNA	EMBL-MCF_spec74856	3,4-DIHYDROXYBENZOATE	inchikey_connectivity_formula_mass	2	FALSE	TRUE	8.9999900865223e-09	2.24999752163058e-05
CPD-237	1598	MoNA	EMBL-MCF_spec75212	INDOLE-3-ACETAMIDE	inchikey	1	TRUE	TRUE	1.34999993406382e-08	3.37499983515954e-05
CPD-237	1599	MoNA	EMBL-MCF_spec143466	INDOLE-3-ACETAMIDE	inchikey	1	TRUE	TRUE	1.34999993406382e-08	3.37499983515954e-05
CPD-237	1600	MoNA	EMBL-MCF_spec143467	INDOLE-3-ACETAMIDE	inchikey	1	TRUE	TRUE	1.34999993406382e-08	3.37499983515954e-05
CPD-237	1601	MoNA	EMBL-MCF_spec143510	INDOLE-3-ACETAMIDE	inchikey	1	TRUE	TRUE	1.34999993406382e-08	3.37499983515954e-05
CPD-4209	1602	MoNA	EMBL-MCF_spec75232	N6-(DELTA2-ISOPENTENYL)-ADENINE	inchikey	1	TRUE	TRUE	2.72999898243143e-08	6.82499745607856e-05
CPD-4209	1603	MoNA	EMBL-MCF_spec143464	N6-(DELTA2-ISOPENTENYL)-ADENINE	inchikey	1	TRUE	TRUE	2.72999898243143e-08	6.82499745607856e-05
CPD-4209	1604	MoNA	EMBL-MCF_spec143508	N6-(DELTA2-ISOPENTENYL)-ADENINE	inchikey	1	TRUE	TRUE	2.72999898243143e-08	6.82499745607856e-05
CPD-4209	1605	MoNA	EMBL-MCF_spec143926	N6-(DELTA2-ISOPENTENYL)-ADENINE	inchikey	1	TRUE	TRUE	2.72999898243143e-08	6.82499745607856e-05
3-HYDROXY-ANTHRANILATE	1607	MoNA	EMBL-MCF_spec75927	3-HYDROXYANTHRANILATE	inchikey_connectivity_formula_mass	2	FALSE	TRUE	1.22000187730009e-08	3.05000469325023e-05
SEROTONIN	1617	MoNA	EMBL-MCF_spec76674	SEROTONIN	inchikey_connectivity_formula_mass	2	FALSE	TRUE	1.37000029098999e-08	3.42500072747498e-05
SEROTONIN	1618	MoNA	EMBL-MCF_spec144397	SEROTONIN	inchikey_connectivity_formula_mass	2	FALSE	TRUE	1.37000029098999e-08	3.42500072747498e-05
FUM	1624	MoNA	EMBL-MCF_spec77804	FUMARATE	inchikey_connectivity_formula_mass	2	FALSE	TRUE	8.80000072811526e-09	2.20000018202882e-05
4-HYDROXYBENZALDEHYDE	1625	MoNA	EMBL-MCF_spec76762	4-HYDROXYBENZALDEHYDE	inchikey	1	TRUE	TRUE	4.80000039715378e-09	1.20000009928845e-05
4-HYDROXYBENZALDEHYDE	1626	MoNA	EMBL-MCF_spec76868	4-HYDROXYBENZALDEHYDE	inchikey	1	TRUE	TRUE	4.80000039715378e-09	1.20000009928845e-05
MELILOTATE	1627	MoNA	EMBL-MCF_spec77165	3-(2-HYDROXYPHENYL)PROPANOATE	inchikey_connectivity_formula_mass	2	FALSE	TRUE	7.30003080207098e-09	1.82500770051774e-05
CPD-7650	1628	MoNA	EMBL-MCF_spec144334	3-METHOXYTYRAMINE	inchikey_connectivity_formula_mass	2	FALSE	TRUE	1.07000062143925e-08	2.67500155359812e-05
CPD-7650	1629	MoNA	EMBL-MCF_spec144387	3-METHOXYTYRAMINE	inchikey_connectivity_formula_mass	2	FALSE	TRUE	1.07000062143925e-08	2.67500155359812e-05
INDOLE_ACETATE_AUXIN	1630	MoNA	EMBL-MCF_spec79775	INDOLE-3-ACETATE	inchikey_connectivity_formula_mass	2	FALSE	TRUE	1.0299999075869e-08	2.57499976896725e-05
ACETOIN	1637	MoNA	EMBL-MCF_spec79414	ACETOIN	inchikey	1	TRUE	TRUE	4.99998975556082e-09	1.2499974388902e-05
ACETOIN	1638	MoNA	EMBL-MCF_spec79553	ACETOIN	inchikey	1	TRUE	TRUE	4.99998975556082e-09	1.2499974388902e-05
ANTHRANILATE	1642	MoNA	EMBL-MCF_spec79714	ANTHRANILATE	inchikey_connectivity_formula_mass	2	FALSE	TRUE	1.00999955066072e-08	2.52499887665181e-05
CPD-633	1643	MoNA	EMBL-MCF_spec81641	2,5-Dihydroxybenzoic acid	inchikey_connectivity_formula_mass	2	FALSE	TRUE	8.9999900865223e-09	2.24999752163058e-05
CPD0-1265	1644	MoNA	EMBL-MCF_spec81944	AZELAIC ACID	inchikey_connectivity_formula_mass	2	FALSE	TRUE	1.00000079328311e-08	2.50000198320777e-05
DETHIOBIOTIN	1646	MoNA	EMBL-MCF_spec81653	DETHIOBIOTIN	inchikey_connectivity_formula_mass	2	FALSE	TRUE	1.85000317287631e-08	4.62500793219078e-05
DETHIOBIOTIN	1647	MoNA	EMBL-MCF_spec150043	DETHIOBIOTIN	inchikey_connectivity_formula_mass	2	FALSE	TRUE	1.85000317287631e-08	4.62500793219078e-05
DETHIOBIOTIN	1648	MoNA	EMBL-MCF_spec150044	DETHIOBIOTIN	inchikey_connectivity_formula_mass	2	FALSE	TRUE	1.85000317287631e-08	4.62500793219078e-05
DETHIOBIOTIN	1649	MoNA	EMBL-MCF_spec150075	DETHIOBIOTIN	inchikey_connectivity_formula_mass	2	FALSE	TRUE	1.85000317287631e-08	4.62500793219078e-05
2-KETOGLUTARATE	1650	MoNA	EMBL-MCF_spec294441	ALPHA-KETOGLUTARIC ACID	inchikey_connectivity_formula_mass	2	FALSE	TRUE	1.1100013352916e-08	2.775003338229e-05
2-KETOGLUTARATE	1651	MoNA	EMBL-MCF_spec294442	ALPHA-KETOGLUTARIC ACID	inchikey_connectivity_formula_mass	2	FALSE	TRUE	1.1100013352916e-08	2.775003338229e-05
2-KETOGLUTARATE	1652	MoNA	EMBL-MCF_spec294448	ALPHA-KETOGLUTARIC ACID	inchikey_connectivity_formula_mass	2	FALSE	TRUE	1.1100013352916e-08	2.775003338229e-05
2-KETOGLUTARATE	1653	MoNA	EMBL-MCF_spec294455	ALPHA-KETOGLUTARIC ACID	inchikey_connectivity_formula_mass	2	FALSE	TRUE	1.1100013352916e-08	2.775003338229e-05
2-KETOGLUTARATE	1654	MoNA	EMBL-MCF_spec294456	ALPHA-KETOGLUTARIC ACID	inchikey_connectivity_formula_mass	2	FALSE	TRUE	1.1100013352916e-08	2.775003338229e-05
N-ACETYL-SEROTONIN	1655	MoNA	EMBL-MCF_spec81356	N-ACETYLSEROTONIN	inchikey	1	TRUE	TRUE	1.60000013238459e-08	4.00000033096148e-05
N-ACETYL-SEROTONIN	1656	MoNA	EMBL-MCF_spec148883	N-ACETYLSEROTONIN	inchikey	1	TRUE	TRUE	1.60000013238459e-08	4.00000033096148e-05
N-ACETYL-SEROTONIN	1657	MoNA	EMBL-MCF_spec149152	N-ACETYLSEROTONIN	inchikey	1	TRUE	TRUE	1.60000013238459e-08	4.00000033096148e-05
CPD0-1264	1659	MoNA	EMBL-MCF_spec303669	SUBERIC ACID	inchikey_connectivity_formula_mass	2	FALSE	TRUE	9.80000436356931e-09	2.45000109089233e-05
CPD0-1264	1660	MoNA	EMBL-MCF_spec303676	SUBERIC ACID	inchikey_connectivity_formula_mass	2	FALSE	TRUE	9.80000436356931e-09	2.45000109089233e-05
CPD0-1264	1661	MoNA	EMBL-MCF_spec303687	SUBERIC ACID	inchikey_connectivity_formula_mass	2	FALSE	TRUE	9.80000436356931e-09	2.45000109089233e-05
CPD0-1264	1662	MoNA	EMBL-MCF_spec303726	SUBERIC ACID	inchikey_connectivity_formula_mass	2	FALSE	TRUE	9.80000436356931e-09	2.45000109089233e-05
ADIPATE	1663	MoNA	EMBL-MCF_spec303685	ADIPIC ACID	inchikey_connectivity_formula_mass	2	FALSE	TRUE	9.39999722504581e-09	2.34999930626145e-05
ADIPATE	1664	MoNA	EMBL-MCF_spec303688	ADIPIC ACID	inchikey_connectivity_formula_mass	2	FALSE	TRUE	9.39999722504581e-09	2.34999930626145e-05
ADIPATE	1665	MoNA	EMBL-MCF_spec303734	ADIPIC ACID	inchikey_connectivity_formula_mass	2	FALSE	TRUE	9.39999722504581e-09	2.34999930626145e-05
DIACETYL	1666	MoNA	EMBL-MCF_spec204777	DIACETYL	inchikey	1	TRUE	TRUE	4.80000039715378e-09	1.20000009928845e-05
PHENYLETHYLAMINE	1667	MoNA	EMBL-MCF_spec148906	PHENETHYLAMINE	inchikey_connectivity_formula_mass	2	FALSE	TRUE	6.2999987449075e-09	1.57499968622687e-05
BENZYL-ALCOHOL	1675	MoNA	EMBL-MCF_spec85530	BENZYL ALCOHOL	inchikey	1	TRUE	TRUE	2.89999491087656e-09	7.24998727719139e-06
PYRIDOXAL	1679	MoNA	EMBL-MCF_spec155743	PYRIDOXAL	inchikey	1	TRUE	TRUE	1.23999939205532e-08	3.09999848013831e-05
PYRIDOXAL	1680	MoNA	EMBL-MCF_spec155785	PYRIDOXAL	inchikey	1	TRUE	TRUE	1.24000223422627e-08	3.10000558556567e-05
PYRIDOXAL	1681	MoNA	EMBL-MCF_spec155991	PYRIDOXAL	inchikey	1	TRUE	TRUE	1.24000223422627e-08	3.10000558556567e-05
4-HYDROXYPHENYLLACTATE	1688	MoNA	EMBL-MCF_spec88236	3-(4-HYDROXYPHENYL)LACTATE	name_formula_mass	4	FALSE	TRUE	9.39999722504581e-09	2.34999930626145e-05
D-mannopyranose	1700	MoNA	EMBL-MCF_spec89490	MANNOSE	inchikey	1	TRUE	TRUE	1.38000189053855e-08	3.45000472634638e-05
XYLITOL	1709	MoNA	EMBL-MCF_spec89475	XYLITOL	name_formula_mass	4	TRUE	TRUE	1.17000240607013e-08	2.92500601517531e-05
D-Xylopyranose	1710	MoNA	EMBL-MCF_spec309253	D-XYLOSE	inchikey	1	TRUE	TRUE	1.15000204914395e-08	2.87500512285987e-05
D-Xylopyranose	1711	MoNA	EMBL-MCF_spec309333	D-XYLOSE	inchikey	1	TRUE	TRUE	1.15000204914395e-08	2.87500512285987e-05
D-Xylopyranose	1712	MoNA	EMBL-MCF_spec309337	D-XYLOSE	inchikey	1	TRUE	TRUE	1.15000204914395e-08	2.87500512285987e-05
D-Xylopyranose	1713	MoNA	EMBL-MCF_spec309391	D-XYLOSE	inchikey	1	TRUE	TRUE	1.15000204914395e-08	2.87500512285987e-05
D-ARABINOSE	1722	MoNA	EMBL-MCF_spec310666	Arabinose	inchikey	1	TRUE	TRUE	1.15000204914395e-08	2.87500512285987e-05
CPD-15700	1722	MoNA	EMBL-MCF_spec310666	Arabinose	inchikey	1	TRUE	TRUE	1.15000204914395e-08	2.87500512285987e-05
D-ARABINOSE	1723	MoNA	EMBL-MCF_spec310678	Arabinose	inchikey	1	TRUE	TRUE	1.15000204914395e-08	2.87500512285987e-05
CPD-15700	1723	MoNA	EMBL-MCF_spec310678	Arabinose	inchikey	1	TRUE	TRUE	1.15000204914395e-08	2.87500512285987e-05
D-ARABINOSE	1724	MoNA	EMBL-MCF_spec310773	Arabinose	inchikey	1	TRUE	TRUE	1.15000204914395e-08	2.87500512285987e-05
CPD-15700	1724	MoNA	EMBL-MCF_spec310773	Arabinose	inchikey	1	TRUE	TRUE	1.15000204914395e-08	2.87500512285987e-05
D-ARABINOSE	1725	MoNA	EMBL-MCF_spec310803	Arabinose	inchikey	1	TRUE	TRUE	1.15000204914395e-08	2.87500512285987e-05
CPD-15700	1725	MoNA	EMBL-MCF_spec310803	Arabinose	inchikey	1	TRUE	TRUE	1.15000204914395e-08	2.87500512285987e-05
D-ARABINOSE	1726	MoNA	EMBL-MCF_spec310805	Arabinose	inchikey	1	TRUE	TRUE	1.15000204914395e-08	2.87500512285987e-05
CPD-15700	1726	MoNA	EMBL-MCF_spec310805	Arabinose	inchikey	1	TRUE	TRUE	1.15000204914395e-08	2.87500512285987e-05
D-ARABINOSE	1727	MoNA	EMBL-MCF_spec310812	Arabinose	inchikey	1	TRUE	TRUE	1.15000204914395e-08	2.87500512285987e-05
CPD-15700	1727	MoNA	EMBL-MCF_spec310812	Arabinose	inchikey	1	TRUE	TRUE	1.15000204914395e-08	2.87500512285987e-05
SUCROSE	1728	MoNA	EMBL-MCF_spec157873	SUCROSE	inchikey	1	TRUE	TRUE	2.5300039396825e-08	6.32500984920625e-05
SUCROSE	1729	MoNA	EMBL-MCF_spec157874	SUCROSE	inchikey	1	TRUE	TRUE	2.5300039396825e-08	6.32500984920625e-05
SUCROSE	1730	MoNA	EMBL-MCF_spec157875	SUCROSE	inchikey	1	TRUE	TRUE	2.5300039396825e-08	6.32500984920625e-05
ALPHA-GLUCOSE	1731	MoNA	EMBL-MCF_spec309463	ALPHA-D-GLUCOSE	inchikey	1	TRUE	TRUE	1.38000189053855e-08	3.45000472634638e-05
ALPHA-GLUCOSE	1732	MoNA	EMBL-MCF_spec309804	ALPHA-D-GLUCOSE	inchikey	1	TRUE	TRUE	1.38000189053855e-08	3.45000472634638e-05
ALPHA-GLUCOSE	1733	MoNA	EMBL-MCF_spec309811	ALPHA-D-GLUCOSE	inchikey	1	TRUE	TRUE	1.38000189053855e-08	3.45000472634638e-05
ALPHA-GLUCOSE	1734	MoNA	EMBL-MCF_spec309857	ALPHA-D-GLUCOSE	inchikey	1	TRUE	TRUE	1.38000189053855e-08	3.45000472634638e-05
ALPHA-GLUCOSE	1735	MoNA	EMBL-MCF_spec309878	ALPHA-D-GLUCOSE	inchikey	1	TRUE	TRUE	1.38000189053855e-08	3.45000472634638e-05
MANNITOL	1740	MoNA	EMBL-MCF_spec90109	MANNITOL	inchikey	1	TRUE	TRUE	1.39999940529378e-08	3.49999851323446e-05
MALTOSE	1741	MoNA	EMBL-MCF_spec90159	MALTOSE	inchikey	1	TRUE	TRUE	2.5300039396825e-08	6.32500984920625e-05
MALTOSE	1742	MoNA	EMBL-MCF_spec157601	MALTOSE	inchikey	1	TRUE	TRUE	2.5300039396825e-08	6.32500984920625e-05
MALTOSE	1743	MoNA	EMBL-MCF_spec157634	MALTOSE	inchikey	1	TRUE	TRUE	2.5300039396825e-08	6.32500984920625e-05
MALTOSE	1744	MoNA	EMBL-MCF_spec157891	MALTOSE	inchikey	1	TRUE	TRUE	2.5300039396825e-08	6.32500984920625e-05
D-Ribofuranose	1747	MoNA	EMBL-MCF_spec90709	D-RIBOSE	inchikey	1	TRUE	TRUE	1.15000204914395e-08	2.87500512285987e-05
D-Ribofuranose	1748	MoNA	EMBL-MCF_spec311241	D-RIBOSE	inchikey	1	TRUE	TRUE	1.15000204914395e-08	2.87500512285987e-05
D-Ribofuranose	1749	MoNA	EMBL-MCF_spec311259	D-RIBOSE	inchikey	1	TRUE	TRUE	1.15000204914395e-08	2.87500512285987e-05
D-Ribofuranose	1750	MoNA	EMBL-MCF_spec311267	D-RIBOSE	inchikey	1	TRUE	TRUE	1.15000204914395e-08	2.87500512285987e-05
D-Ribofuranose	1751	MoNA	EMBL-MCF_spec311277	D-RIBOSE	inchikey	1	TRUE	TRUE	1.15000204914395e-08	2.87500512285987e-05
D-Ribofuranose	1752	MoNA	EMBL-MCF_spec311285	D-RIBOSE	inchikey	1	TRUE	TRUE	1.15000204914395e-08	2.87500512285987e-05
D-Ribofuranose	1753	MoNA	EMBL-MCF_spec311287	D-RIBOSE	inchikey	1	TRUE	TRUE	1.15000204914395e-08	2.87500512285987e-05
D-Ribofuranose	1754	MoNA	EMBL-MCF_spec311291	D-RIBOSE	inchikey	1	TRUE	TRUE	1.15000204914395e-08	2.87500512285987e-05
CPD-20122	1755	MoNA	EMBL-MCF_spec90751	PALATINOSE	inchikey	1	TRUE	TRUE	2.5300039396825e-08	6.32500984920625e-05
CPD-20122	1756	MoNA	EMBL-MCF_spec157629	PALATINOSE	inchikey	1	TRUE	TRUE	2.5300039396825e-08	6.32500984920625e-05
CPD-20122	1757	MoNA	EMBL-MCF_spec157630	PALATINOSE	inchikey	1	TRUE	TRUE	2.5300039396825e-08	6.32500984920625e-05
CPD-20122	1758	MoNA	EMBL-MCF_spec157663	PALATINOSE	inchikey	1	TRUE	TRUE	2.5300039396825e-08	6.32500984920625e-05
CPD-20122	1759	MoNA	EMBL-MCF_spec311699	PALATINOSE	inchikey	1	TRUE	TRUE	2.5300039396825e-08	6.32500984920625e-05
CPD-20122	1760	MoNA	EMBL-MCF_spec311709	PALATINOSE	inchikey	1	TRUE	TRUE	2.5300039396825e-08	6.32500984920625e-05
CPD-20122	1761	MoNA	EMBL-MCF_spec311723	PALATINOSE	inchikey	1	TRUE	TRUE	2.5300039396825e-08	6.32500984920625e-05
CPD-20122	1762	MoNA	EMBL-MCF_spec311763	PALATINOSE	inchikey	1	TRUE	TRUE	2.5300039396825e-08	6.32500984920625e-05
PYRUVATE	1782	MoNA	EMBL-MCF_spec392023	PYRUVATE	inchikey_connectivity_formula_mass	2	FALSE	TRUE	6.700005883431e-09	1.67500147085775e-05
PYRUVATE	1783	MoNA	EMBL-MCF_spec392036	PYRUVATE	inchikey_connectivity_formula_mass	2	FALSE	TRUE	6.700005883431e-09	1.67500147085775e-05
CYS	1788	MoNA	EMBL-MCF_spec382366	L-CYSTEINE	inchikey	1	TRUE	TRUE	2.99899994615771e-07	0.000749749986539427
CYS	1789	MoNA	EMBL-MCF_spec382370	L-CYSTEINE	inchikey	1	TRUE	TRUE	2.99899994615771e-07	0.000749749986539427
CYS	1790	MoNA	EMBL-MCF_spec382374	L-CYSTEINE	inchikey	1	TRUE	TRUE	2.99899994615771e-07	0.000749749986539427
L-ALPHA-ALANINE	1791	MoNA	EMBL-MCF_spec353909	L-ALANINE	inchikey	1	TRUE	TRUE	1.00999955066072e-08	2.52499887665181e-05
L-ALPHA-ALANINE	1792	MoNA	EMBL-MCF_spec353919	L-ALANINE	inchikey	1	TRUE	TRUE	1.00999955066072e-08	2.52499887665181e-05
L-ALPHA-ALANINE	1793	MoNA	EMBL-MCF_spec375504	L-ALANINE	inchikey	1	TRUE	TRUE	1.00999955066072e-08	2.52499887665181e-05
L-ALPHA-ALANINE	1794	MoNA	EMBL-MCF_spec375513	L-ALANINE	inchikey	1	TRUE	TRUE	1.00999955066072e-08	2.52499887665181e-05
L-ALPHA-ALANINE	1795	MoNA	EMBL-MCF_spec379032	L-ALANINE	inchikey	1	TRUE	TRUE	1.00999955066072e-08	2.52499887665181e-05
L-ALPHA-ALANINE	1796	MoNA	EMBL-MCF_spec379040	L-ALANINE	inchikey	1	TRUE	TRUE	1.00999955066072e-08	2.52499887665181e-05
L-ALPHA-ALANINE	1797	MoNA	EMBL-MCF_spec379042	L-ALANINE	inchikey	1	TRUE	TRUE	1.00999955066072e-08	2.52499887665181e-05
GLN	1798	MoNA	EMBL-MCF_spec354193	L-GLUTAMINE	inchikey	1	TRUE	TRUE	1.77000174517161e-08	4.42500436292903e-05
GLN	1799	MoNA	EMBL-MCF_spec384442	L-GLUTAMINE	inchikey	1	TRUE	TRUE	1.77000174517161e-08	4.42500436292903e-05
GLN	1800	MoNA	EMBL-MCF_spec384446	L-GLUTAMINE	inchikey	1	TRUE	TRUE	1.77000174517161e-08	4.42500436292903e-05
GLN	1801	MoNA	EMBL-MCF_spec384463	L-GLUTAMINE	inchikey	1	TRUE	TRUE	1.77000174517161e-08	4.42500436292903e-05
GLN	1802	MoNA	EMBL-MCF_spec384467	L-GLUTAMINE	inchikey	1	TRUE	TRUE	1.77000174517161e-08	4.42500436292903e-05
GLN	1803	MoNA	EMBL-MCF_spec384474	L-GLUTAMINE	inchikey	1	TRUE	TRUE	1.77000174517161e-08	4.42500436292903e-05
LYS	1804	MoNA	EMBL-MCF_spec356279	L-LYSINE	inchikey_connectivity_formula_mass	2	FALSE	TRUE	1.60000013238459e-08	4.00000033096148e-05
LYS	1805	MoNA	EMBL-MCF_spec387792	L-LYSINE	inchikey_connectivity_formula_mass	2	FALSE	TRUE	1.60000013238459e-08	4.00000033096148e-05
LYS	1806	MoNA	EMBL-MCF_spec387804	L-LYSINE	inchikey_connectivity_formula_mass	2	FALSE	TRUE	1.60000013238459e-08	4.00000033096148e-05
TYR	1807	MoNA	EMBL-MCF_spec353490	L-TYROSINE	inchikey	1	TRUE	TRUE	1.26000259115244e-08	3.15000647788111e-05
TYR	1808	MoNA	EMBL-MCF_spec391818	L-TYROSINE	inchikey	1	TRUE	TRUE	1.2599997489815e-08	3.14999937245375e-05
TYR	1809	MoNA	EMBL-MCF_spec391820	L-TYROSINE	inchikey	1	TRUE	TRUE	1.2599997489815e-08	3.14999937245375e-05
TYR	1810	MoNA	EMBL-MCF_spec391823	L-TYROSINE	inchikey	1	TRUE	TRUE	1.26000259115244e-08	3.15000647788111e-05
MET	1811	MoNA	EMBL-MCF_spec353453	L-METHIONINE	inchikey	1	TRUE	TRUE	2.99499987477247e-07	0.000748749968693119
MET	1812	MoNA	EMBL-MCF_spec353469	L-METHIONINE	inchikey	1	TRUE	TRUE	2.99499987477247e-07	0.000748749968693119
PHE	1813	MoNA	EMBL-MCF_spec352576	L-PHENYLALANINE	inchikey	1	TRUE	TRUE	1.05000026451307e-08	2.62500066128268e-05
PHE	1814	MoNA	EMBL-MCF_spec352586	L-PHENYLALANINE	inchikey	1	TRUE	TRUE	1.05000026451307e-08	2.62500066128268e-05
ASN	1815	MoNA	EMBL-MCF_spec354413	L-ASPARAGINE	inchikey	1	TRUE	TRUE	1.74999854607449e-08	4.37499636518623e-05
ASN	1816	MoNA	EMBL-MCF_spec354445	L-ASPARAGINE	inchikey	1	TRUE	TRUE	1.75000138824544e-08	4.37500347061359e-05
ASN	1817	MoNA	EMBL-MCF_spec379930	L-ASPARAGINE	inchikey	1	TRUE	TRUE	1.75000138824544e-08	4.37500347061359e-05
ASN	1818	MoNA	EMBL-MCF_spec379938	L-ASPARAGINE	inchikey	1	TRUE	TRUE	1.74999854607449e-08	4.37499636518623e-05
ASN	1819	MoNA	EMBL-MCF_spec379948	L-ASPARAGINE	inchikey	1	TRUE	TRUE	1.74999854607449e-08	4.37499636518623e-05
ASN	1820	MoNA	EMBL-MCF_spec379953	L-ASPARAGINE	inchikey	1	TRUE	TRUE	1.74999854607449e-08	4.37499636518623e-05
HIS	1821	MoNA	EMBL-MCF_spec356968	L-HISTIDINE	inchikey	1	TRUE	TRUE	2.07000141472236e-08	5.17500353680589e-05
HIS	1822	MoNA	EMBL-MCF_spec387514	L-HISTIDINE	inchikey	1	TRUE	TRUE	2.07000141472236e-08	5.17500353680589e-05
HIS	1823	MoNA	EMBL-MCF_spec387526	L-HISTIDINE	inchikey	1	TRUE	TRUE	2.07000141472236e-08	5.17500353680589e-05
HIS	1824	MoNA	EMBL-MCF_spec387527	L-HISTIDINE	inchikey	1	TRUE	TRUE	2.07000141472236e-08	5.17500353680589e-05
VAL	1825	MoNA	EMBL-MCF_spec353465	L-VALINE	inchikey	1	TRUE	TRUE	1.05000026451307e-08	2.62500066128268e-05
THR	1826	MoNA	EMBL-MCF_spec354142	L-THREONINE	inchikey	1	TRUE	TRUE	1.23999939205532e-08	3.09999848013831e-05
THR	1827	MoNA	EMBL-MCF_spec390293	L-THREONINE	inchikey	1	TRUE	TRUE	1.23999939205532e-08	3.09999848013831e-05
THR	1828	MoNA	EMBL-MCF_spec390299	L-THREONINE	inchikey	1	TRUE	TRUE	1.23999939205532e-08	3.09999848013831e-05
THR	1829	MoNA	EMBL-MCF_spec390301	L-THREONINE	inchikey	1	TRUE	TRUE	1.23999939205532e-08	3.09999848013831e-05
TRP	1830	MoNA	EMBL-MCF_spec391487	L-TRYPTOPHAN	inchikey	1	TRUE	TRUE	1.57999977545842e-08	3.94999943864605e-05
TRP	1831	MoNA	EMBL-MCF_spec391488	L-TRYPTOPHAN	inchikey	1	TRUE	TRUE	1.57999977545842e-08	3.94999943864605e-05
TRP	1832	MoNA	EMBL-MCF_spec391497	L-TRYPTOPHAN	inchikey	1	TRUE	TRUE	1.57999977545842e-08	3.94999943864605e-05
TRP	1833	MoNA	EMBL-MCF_spec391498	L-TRYPTOPHAN	inchikey	1	TRUE	TRUE	1.57999977545842e-08	3.94999943864605e-05
ARG	1834	MoNA	EMBL-MCF_spec356356	L-Arginine	inchikey_connectivity_formula_mass	2	FALSE	TRUE	2.64000163952005e-08	6.60000409880013e-05
ARG	1835	MoNA	EMBL-MCF_spec356376	L-Arginine	inchikey_connectivity_formula_mass	2	FALSE	TRUE	2.64000163952005e-08	6.60000409880013e-05
GLT	1836	MoNA	EMBL-MCF_spec353854	L-GLUTAMIC ACID	inchikey_connectivity_formula_mass	2	FALSE	TRUE	1.44999887652375e-08	3.62499719130938e-05
GLT	1837	MoNA	EMBL-MCF_spec353862	L-GLUTAMIC ACID	inchikey_connectivity_formula_mass	2	FALSE	TRUE	1.44999887652375e-08	3.62499719130938e-05
GLT	1838	MoNA	EMBL-MCF_spec383226	L-GLUTAMIC ACID	inchikey_connectivity_formula_mass	2	FALSE	TRUE	1.44999887652375e-08	3.62499719130938e-05
GLT	1839	MoNA	EMBL-MCF_spec383229	L-GLUTAMIC ACID	inchikey_connectivity_formula_mass	2	FALSE	TRUE	1.45000171869469e-08	3.62500429673673e-05
GLT	1840	MoNA	EMBL-MCF_spec383235	L-GLUTAMIC ACID	inchikey_connectivity_formula_mass	2	FALSE	TRUE	1.44999887652375e-08	3.62499719130938e-05
PRO	1841	MoNA	EMBL-MCF_spec353568	L-PROLINE	inchikey	1	TRUE	TRUE	1.0299999075869e-08	2.57499976896725e-05
PRO	1842	MoNA	EMBL-MCF_spec388914	L-PROLINE	inchikey	1	TRUE	TRUE	1.0299999075869e-08	2.57499976896725e-05
PRO	1843	MoNA	EMBL-MCF_spec388949	L-PROLINE	inchikey	1	TRUE	TRUE	1.0299999075869e-08	2.57499976896725e-05
PRO	1844	MoNA	EMBL-MCF_spec388968	L-PROLINE	inchikey	1	TRUE	TRUE	1.0299999075869e-08	2.57499976896725e-05
GLY	1845	MoNA	EMBL-MCF_spec374338	Glycine	inchikey	1	TRUE	TRUE	9.89999193734548e-09	2.47499798433637e-05
GLY	1846	MoNA	EMBL-MCF_spec374340	Glycine	inchikey	1	TRUE	TRUE	9.89999193734548e-09	2.47499798433637e-05
GLY	1847	MoNA	EMBL-MCF_spec374342	Glycine	inchikey	1	TRUE	TRUE	9.89999193734548e-09	2.47499798433637e-05
GLY	1848	MoNA	EMBL-MCF_spec374348	Glycine	inchikey	1	TRUE	TRUE	9.89999193734548e-09	2.47499798433637e-05
GLY	1849	MoNA	EMBL-MCF_spec374352	Glycine	inchikey	1	TRUE	TRUE	9.89999193734548e-09	2.47499798433637e-05
GLY	1850	MoNA	EMBL-MCF_spec374354	Glycine	inchikey	1	TRUE	TRUE	9.89999193734548e-09	2.47499798433637e-05
GLY	1851	MoNA	EMBL-MCF_spec385086	Glycine	inchikey	1	TRUE	TRUE	9.89999193734548e-09	2.47499798433637e-05
GLY	1852	MoNA	EMBL-MCF_spec385102	Glycine	inchikey	1	TRUE	TRUE	9.89999193734548e-09	2.47499798433637e-05
L-ASPARTATE	1853	MoNA	EMBL-MCF_spec380849	L-Aspartic acid	inchikey_connectivity_formula_mass	2	FALSE	TRUE	1.42999851959758e-08	3.57499629899394e-05
L-ASPARTATE	1854	MoNA	EMBL-MCF_spec380867	L-Aspartic acid	inchikey_connectivity_formula_mass	2	FALSE	TRUE	1.42999851959758e-08	3.57499629899394e-05
ARACHIDONIC_ACID	1886	MoNA	EMBL-MCF_spec315146	Arachidonic acid	inchikey_connectivity_formula_mass	2	FALSE	TRUE	7.39998995413771e-09	1.84999748853443e-05
ARACHIDONIC_ACID	1887	MoNA	EMBL-MCF_spec315185	Arachidonic acid	inchikey_connectivity_formula_mass	2	FALSE	TRUE	7.39998995413771e-09	1.84999748853443e-05
ARACHIDONIC_ACID	1888	MoNA	EMBL-MCF_spec315210	Arachidonic acid	inchikey_connectivity_formula_mass	2	FALSE	TRUE	7.39998995413771e-09	1.84999748853443e-05
ARACHIDONIC_ACID	1889	MoNA	EMBL-MCF_spec347009	Arachidonic acid	inchikey_connectivity_formula_mass	2	FALSE	TRUE	7.39998995413771e-09	1.84999748853443e-05
CPD-10244	1890	MoNA	EMBL-MCF_spec315653	DOCOSAHEXAENOIC ACID	inchikey_connectivity_formula_mass	2	FALSE	TRUE	7.39998995413771e-09	1.84999748853443e-05
CPD-10244	1891	MoNA	EMBL-MCF_spec315661	DOCOSAHEXAENOIC ACID	inchikey_connectivity_formula_mass	2	FALSE	TRUE	7.39998995413771e-09	1.84999748853443e-05
CPD-10244	1892	MoNA	EMBL-MCF_spec315685	DOCOSAHEXAENOIC ACID	inchikey_connectivity_formula_mass	2	FALSE	TRUE	7.39998995413771e-09	1.84999748853443e-05
CPD-10244	1893	MoNA	EMBL-MCF_spec342340	DOCOSAHEXAENOIC ACID	inchikey_connectivity_formula_mass	2	FALSE	TRUE	7.39998995413771e-09	1.84999748853443e-05
CPD-10244	1894	MoNA	EMBL-MCF_spec342344	DOCOSAHEXAENOIC ACID	inchikey_connectivity_formula_mass	2	FALSE	TRUE	7.39998995413771e-09	1.84999748853443e-05
CPD-10244	1895	MoNA	EMBL-MCF_spec342346	DOCOSAHEXAENOIC ACID	inchikey_connectivity_formula_mass	2	FALSE	TRUE	7.39998995413771e-09	1.84999748853443e-05
CPD-10244	1896	MoNA	EMBL-MCF_spec342371	DOCOSAHEXAENOIC ACID	inchikey_connectivity_formula_mass	2	FALSE	TRUE	7.39998995413771e-09	1.84999748853443e-05
LINOLEIC_ACID	1897	MoNA	EMBL-MCF_spec347098	LINOLEATE	inchikey_connectivity_formula_mass	2	FALSE	TRUE	7.39998995413771e-09	1.84999748853443e-05
LINOLENIC_ACID	1898	MoNA	EMBL-MCF_spec316329	Linolenic acid	inchikey_connectivity_formula_mass	2	FALSE	TRUE	7.20001480658539e-09	1.80000370164635e-05
LINOLENIC_ACID	1899	MoNA	EMBL-MCF_spec316337	Linolenic acid	inchikey_connectivity_formula_mass	2	FALSE	TRUE	7.20001480658539e-09	1.80000370164635e-05
LINOLENIC_ACID	1900	MoNA	EMBL-MCF_spec316355	Linolenic acid	inchikey_connectivity_formula_mass	2	FALSE	TRUE	7.20001480658539e-09	1.80000370164635e-05
LINOLENIC_ACID	1901	MoNA	EMBL-MCF_spec346901	Linolenic acid	inchikey_connectivity_formula_mass	2	FALSE	TRUE	7.20001480658539e-09	1.80000370164635e-05
LINOLENIC_ACID	1902	MoNA	EMBL-MCF_spec346972	Linolenic acid	inchikey_connectivity_formula_mass	2	FALSE	TRUE	7.20001480658539e-09	1.80000370164635e-05
CPD-8477	1904	MoNA	EMBL-MCF_spec347268	Petroselinic acid 1	inchikey_connectivity_formula_mass	2	FALSE	TRUE	7.60002194510889e-09	1.90000548627722e-05
CAMP	1943	MoNA	FiehnHILIC000157	Adenosine 3',5'-cyclic monophosphate	inchikey_connectivity_formula_mass	2	FALSE	TRUE	8.02000954536197e-08	0.000200500238634049
2-OXINDOLE-3-ACETIC-ACID	1947	MoNA	FiehnHILIC000001	(2-oxo-2,3-dihydro-1H-indol-3-yl)acetic acid	inchikey_connectivity_formula_mass	2	FALSE	TRUE	1.23999939205532e-08	3.09999848013831e-05
CPD-12480	1951	MoNA	FiehnHILIC000005	1,3,7-Trimethyluric acid	inchikey	1	TRUE	TRUE	2.81000325230707e-08	7.02500813076767e-05
DAMP	1965	MoNA	FiehnHILIC000019	2'-Deoxyadenosine-5'-monophosphate	inchikey_connectivity_formula_mass	2	FALSE	TRUE	8.00000066192297e-08	0.000200000016548074
DEOXYCYTIDINE	1966	MoNA	FiehnHILIC000020	2'-Deoxycytidine	inchikey	1	TRUE	TRUE	2.53000109751156e-08	6.3250027437789e-05
CPD-15390	1967	MoNA	FiehnHILIC000021	2'-Deoxyguanosine 3'-monophosphate	inchikey_connectivity_formula_mass	2	FALSE	TRUE	7.79000401962548e-08	0.000194750100490637
DGMP	1968	MoNA	FiehnHILIC000022	2'-Deoxyguanosine 5'-monophosphate	inchikey_connectivity_formula_mass	2	FALSE	TRUE	7.79000401962548e-08	0.000194750100490637
DEOXYGUANOSINE	1969	MoNA	FiehnHILIC000023	2'-Deoxyguanosine	inchikey	1	TRUE	TRUE	3.56999976247607e-08	8.92499940619018e-05
BUTANEDIOL	1977	MoNA	FiehnHILIC000031	2,3-Butanediol	name_formula_mass	4	TRUE	TRUE	5.19999332482257e-09	1.29999833120564e-05
CPD-20332	1980	MoNA	FiehnHILIC000034	2,6-Diaminopimelic acid	inchikey	1	TRUE	TRUE	2.01999910132145e-08	5.04999775330361e-05
CPD-239	1986	MoNA	FiehnHILIC000040	2-Aminoethanethiol	inchikey_connectivity_formula_mass	2	FALSE	TRUE	3.04099998515994e-07	0.000760249996289986
DCMP	1991	MoNA	FiehnHILIC000045	2-Deoxycytidine-5-monophosphoric acid	inchikey_connectivity_formula_mass	2	FALSE	TRUE	8.82999415807717e-08	0.000220749853951929
DEOXYURIDINE	1992	MoNA	FiehnHILIC000046	2-Deoxyuridine	inchikey	1	TRUE	TRUE	2.2099982288637e-08	5.52499557215924e-05
TRANS-2-HEXENAL	1993	MoNA	FiehnHILIC000047	2-Hexenal	inchikey	1	TRUE	TRUE	3.09999848013831e-09	7.74999620034578e-06
CPD-238	1998	MoNA	FiehnHILIC000052	2-Phenylacetamide	inchikey	1	TRUE	TRUE	8.20000423118472e-09	2.05000105779618e-05
ADENOSINE	2010	MoNA	FiehnHILIC000160	Adenosine	inchikey	1	TRUE	TRUE	3.56999407813419e-08	8.92498519533547e-05
CPD-3706	2011	MoNA	FiehnHILIC000159	Adenosine-3-monophosphate	inchikey_connectivity_formula_mass	2	FALSE	TRUE	7.79000401962548e-08	0.000194750100490637
LEU	2014	MoNA	FiehnHILIC000475	Leucine	inchikey	1	TRUE	TRUE	1.07000062143925e-08	2.67500155359812e-05
AGMATHINE	2024	MoNA	FiehnHILIC000162	Agmatine	inchikey_connectivity_formula_mass	2	FALSE	TRUE	2.21999982841226e-08	5.54999957103064e-05
DAIDZEIN	2025	MoNA	FiehnHILIC000296	Daidzein	inchikey	1	TRUE	TRUE	9.39999722504581e-09	2.34999930626145e-05
CPD-670	2028	MoNA	FiehnHILIC000066	3-(1-Pyrazolyl)-alanine	inchikey	1	TRUE	TRUE	2.07000141472236e-08	5.17500353680589e-05
3-HYDROXY-ANTHRANILATE	2035	MoNA	FiehnHILIC000073	3-Hydroxyanthranilic acid	inchikey_connectivity_formula_mass	2	FALSE	TRUE	1.22000187730009e-08	3.05000469325023e-05
3-OH-BENZALDEHYDE	2036	MoNA	FiehnHILIC000074	3-Hydroxybenzaldehyde	inchikey	1	TRUE	TRUE	4.80000039715378e-09	1.20000009928845e-05
INDOLE_ACETATE_AUXIN	2042	MoNA	FiehnHILIC000080	3-Indoleacetic acid	inchikey_connectivity_formula_mass	2	FALSE	TRUE	1.0299999075869e-08	2.57499976896725e-05
INDOLEYL-CPD	2043	MoNA	FiehnHILIC000081	3-Indoleacetonitrile	inchikey	1	TRUE	TRUE	1.12000293484016e-08	2.8000073371004e-05
INDOLE-PROPIONATE	2044	MoNA	FiehnHILIC000082	3-Indolepropionic acid	inchikey_connectivity_formula_mass	2	FALSE	TRUE	1.05000026451307e-08	2.62500066128268e-05
3-UREIDO-PROPIONATE	2053	MoNA	FiehnHILIC000091	3-Ureidopropionic acid	inchikey_connectivity_formula_mass	2	FALSE	TRUE	1.74999854607449e-08	4.37499636518623e-05
CPD-3141	2054	MoNA	FiehnHILIC000092	4,5,7-Trihydroxyisoflavone	inchikey_connectivity_formula_mass	2	FALSE	TRUE	1.14999920697301e-08	2.87499801743252e-05
P-AMINO-BENZOATE	2055	MoNA	FiehnHILIC000095	4-Aminobenzoic acid	inchikey_connectivity_formula_mass	2	TRUE	TRUE	1.00999955066072e-08	2.52499887665181e-05
CPD-6862	2059	MoNA	FiehnHILIC000099	4-Hydroxy-6-methyl-2-pyrone	inchikey_connectivity_formula_mass	2	FALSE	TRUE	6.89999524183804e-09	1.72499881045951e-05
4-HYDROXYBENZALDEHYDE	2060	MoNA	FiehnHILIC000100	4-Hydroxybenzaldehyde	inchikey	1	TRUE	TRUE	4.80000039715378e-09	1.20000009928845e-05
CPD-12889	2062	MoNA	FiehnHILIC000102	4-Hydroxymandelonitrile	inchikey	1	TRUE	TRUE	1.00999955066072e-08	2.52499887665181e-05
P-HYDROXY-PHENYLPYRUVATE	2064	MoNA	FiehnHILIC000104	4-Hydroxyphenylpyruvic acid	inchikey_connectivity_formula_mass	2	FALSE	TRUE	9.19999365578406e-09	2.29999841394601e-05
THZ	2066	MoNA	FiehnHILIC000106	4-Methyl-5-thiazoleethanol	inchikey	1	TRUE	TRUE	3.01799985891194e-07	0.000754499964727984
CPD-182	2067	MoNA	FiehnHILIC000107	4-Methylumbelliferone	inchikey	1	TRUE	TRUE	7.10002723280923e-09	1.77500680820231e-05
5-METHYLTHIOADENOSINE	2074	MoNA	FiehnHILIC000114	5'-Methylthioadenosine	inchikey	1	TRUE	TRUE	2.76200012194749e-07	0.000690500030486874
DI-H-URACIL	2076	MoNA	FiehnHILIC000116	5,6-Dihydrouracil	inchikey	1	TRUE	TRUE	1.52000012576536e-08	3.80000031441341e-05
CPD-3762	2078	MoNA	FiehnHILIC000118	5-Aminoimidazole-4-carboxamide	name_formula_mass	4	TRUE	TRUE	2.34999930626145e-08	5.87499826565363e-05
5-AMINOPENTANOATE	2080	MoNA	FiehnHILIC000120	5-Aminovaleric acid	inchikey	1	TRUE	TRUE	1.05000026451307e-08	2.62500066128268e-05
5-METHOXYFURANOCOUMARIN	2088	MoNA	FiehnHILIC000128	5-Methoxypsoralen	inchikey	1	TRUE	TRUE	9.19999365578406e-09	2.29999841394601e-05
CPD0-2495	2093	MoNA	FiehnHILIC000133	5-Methylcytidine	inchikey	1	TRUE	TRUE	2.7600037810771e-08	6.90000945269276e-05
CPD-15123	2094	MoNA	FiehnHILIC000134	5-Methyluridine	inchikey	1	TRUE	TRUE	2.4399980702583e-08	6.09999517564574e-05
CPD-8097	2096	MoNA	FiehnHILIC000136	6,7-Dihydroxycoumarin	inchikey	1	TRUE	TRUE	8.9999900865223e-09	2.24999752163058e-05
CPD-8138	2099	MoNA	FiehnHILIC000139	6-Hydroxyflavone	inchikey	1	TRUE	TRUE	7.30000238036155e-09	1.82500059509039e-05
Thiopurine-Methylethers	2102	MoNA	FiehnHILIC000142	6-Methylmercaptopurine	inchikey	1	TRUE	TRUE	2.88599977693593e-07	0.000721499944233983
78-dihydrobiopterins	2103	MoNA	FiehnHILIC000143	7,8-Dihydrobiopterin	inchikey	1	TRUE	TRUE	3.36000027800765e-08	8.40000069501912e-05
CPD-15544	2104	MoNA	FiehnHILIC000144	7-Methylguanosine	inchikey	1	FALSE	TRUE	1.00837365010926	2520.93412527316
CPD-8694	2106	MoNA	FiehnHILIC000146	Abietic acid	inchikey_connectivity_formula_mass	2	FALSE	TRUE	7.20001480658539e-09	1.80000370164635e-05
CPD-693	2107	MoNA	FiehnHILIC000147	Abscisic acid	name_formula_mass	4	FALSE	TRUE	1.04000150713546e-08	2.60000376783864e-05
CPD-238	2111	MoNA	FiehnHILIC000151	Acetanilide	name_formula_mass	4	TRUE	TRUE	8.20000423118472e-09	2.05000105779618e-05
ADENINE	2116	MoNA	FiehnHILIC000156	Adenine	inchikey	1	TRUE	TRUE	2.65000039689767e-08	6.62500099224417e-05
L-ALPHA-ALANINE	2118	MoNA	FiehnHILIC000168	Alanine	inchikey	1	TRUE	TRUE	1.00999955066072e-08	2.52499887665181e-05
ALLANTOATE	2122	MoNA	FiehnHILIC000172	Allantoic acid	inchikey_connectivity_formula_mass	2	FALSE	TRUE	2.99999953767838e-08	7.49999884419594e-05
CPD-20952	2138	MoNA	FiehnHILIC000188	Amphetamine	name_formula_mass	4	FALSE	TRUE	6.50001652502397e-09	1.62500413125599e-05
ANDROST4ENE	2143	MoNA	FiehnHILIC000193	Androstenedione	inchikey	1	TRUE	TRUE	6.80000766806188e-09	1.70000191701547e-05
ARG	2148	MoNA	FiehnHILIC000198	Arginine	inchikey_connectivity_formula_mass	2	FALSE	TRUE	2.64000163952005e-08	6.60000409880013e-05
ASN	2152	MoNA	FiehnHILIC000202	Asparagine	inchikey	1	TRUE	TRUE	1.74999854607449e-08	4.37499636518623e-05
L-ASPARTATE	2153	MoNA	FiehnHILIC000203	Aspartic acid	inchikey_connectivity_formula_mass	2	FALSE	TRUE	1.42999851959758e-08	3.57499629899394e-05
L-HYOSCYAMINE	2155	MoNA	FiehnHILIC000205	Atropine	inchikey_connectivity_formula_mass	2	FALSE	TRUE	1.37999904836761e-08	3.44999762091902e-05
BENZOATE	2164	MoNA	FiehnHILIC000214	Benzoic acid	inchikey_connectivity_formula_mass	2	FALSE	TRUE	4.80000039715378e-09	1.20000009928845e-05
CPD-6501	2167	MoNA	FiehnHILIC000217	Benzylacetate	inchikey	1	TRUE	TRUE	5.20000753567729e-09	1.30000188391932e-05
BESTATIN	2168	MoNA	FiehnHILIC000218	Bestatin	name_formula_mass	4	TRUE	TRUE	2.12000372812327e-08	5.30000932030816e-05
B-ALANINE	2169	MoNA	FiehnHILIC000219	beta-Alanine	inchikey	1	TRUE	TRUE	1.00999955066072e-08	2.52499887665181e-05
BETAINE	2171	MoNA	FiehnHILIC000221	Betaine	inchikey	1	TRUE	TRUE	2.01565007470001	5039.12518675001
BILIVERDINE	2175	MoNA	FiehnHILIC000225	Biliverdin	name_formula_mass	4	FALSE	TRUE	3.68000883099739e-08	6.32034781542522e-05
BUTYRIC_ACID	2184	MoNA	FiehnHILIC000234	Butanoic acid	inchikey_connectivity_formula_mass	2	FALSE	TRUE	4.99998975556082e-09	1.2499974388902e-05
CADAVERINE	2185	MoNA	FiehnHILIC000235	Cadaverine	inchikey_connectivity_formula_mass	2	FALSE	TRUE	1.17999974236227e-08	2.94999935590567e-05
CPD-676	2186	MoNA	FiehnHILIC000236	Caffeic acid	inchikey_connectivity_formula_mass	2	FALSE	TRUE	9.19999365578406e-09	2.29999841394601e-05
1-3-7-TRIMETHYLXANTHINE	2187	MoNA	FiehnHILIC000237	Caffeine	inchikey	1	TRUE	TRUE	2.6000009256677e-08	6.50000231416925e-05
CANAVANINE	2188	MoNA	FiehnHILIC000238	Canavanine	inchikey_connectivity_formula_mass	2	FALSE	TRUE	2.8300007670623e-08	7.07500191765575e-05
CAPSAICIN	2189	MoNA	FiehnHILIC000239	Capsaicin	inchikey	1	TRUE	TRUE	1.41999976221996e-08	3.5499994055499e-05
CHOLINE	2207	MoNA	FiehnHILIC000257	Choline [M]+	inchikey	1	FALSE	TRUE	1.00837362070928	2520.9340517732
CINNAMALDEHYDE	2210	MoNA	FiehnHILIC000260	Cinnamaldehyde	inchikey	1	TRUE	TRUE	2.90000912173127e-09	7.25002280432818e-06
L-CITRULLINE	2213	MoNA	FiehnHILIC000263	Citrulline	inchikey	1	TRUE	TRUE	2.32000445521408e-08	5.80001113803519e-05
CPD-15141	2214	MoNA	FiehnHILIC000264	Cladribine	inchikey	1	FALSE	FALSE	6.35000105830841e-08	0.00015875002645771
CONIFERYL-ALDEHYDE	2223	MoNA	FiehnHILIC000273	Coniferylaldehyde	inchikey	1	TRUE	TRUE	7.30000238036155e-09	1.82500059509039e-05
CPD-10129	2224	MoNA	FiehnHILIC000274	Cordycepin	inchikey	1	TRUE	TRUE	3.36000027800765e-08	8.40000069501912e-05
CORTISOL	2225	MoNA	FiehnHILIC000276	Cortisol	inchikey	1	TRUE	TRUE	1.35000277623476e-08	3.3750069405869e-05
CORTISONE	2226	MoNA	FiehnHILIC000277	Cortisone	inchikey	1	TRUE	TRUE	1.32999957713764e-08	3.3249989428441e-05
Coumarins	2230	MoNA	FiehnHILIC000281	Coumarin	inchikey	1	TRUE	TRUE	4.80000039715378e-09	1.20000009928845e-05
COUMARIN	2230	MoNA	FiehnHILIC000281	Coumarin	inchikey	1	TRUE	TRUE	4.80000039715378e-09	1.20000009928845e-05
CPD-303	2235	MoNA	FiehnHILIC000286	Cyclohexanamine	inchikey_connectivity_formula_mass	2	FALSE	TRUE	6.49998810331454e-09	1.62499702582863e-05
L-CYSTATHIONINE	2237	MoNA	FiehnHILIC000288	Cystathionine	inchikey	1	TRUE	TRUE	2.89799999109164e-07	0.000724499997772909
L-CYSTEATE	2238	MoNA	FiehnHILIC000289	Cysteic acid	inchikey_connectivity_formula_mass	2	FALSE	TRUE	2.93599981660009e-07	0.000733999954150022
CYS	2239	MoNA	FiehnHILIC000290	Cysteine	inchikey	1	TRUE	TRUE	2.99899994615771e-07	0.000749749986539427
L-CYSTINE	2240	MoNA	FiehnHILIC000291	Cystine	inchikey	1	TRUE	TRUE	5.99999992800804e-07	0.00149999998200201
CYTIDINE	2243	MoNA	FiehnHILIC000294	Cytidine	inchikey	1	TRUE	TRUE	2.74000342415093e-08	6.85000856037732e-05
CYTOSINE	2244	MoNA	FiehnHILIC000295	Cytosine	inchikey	1	TRUE	TRUE	1.82000121640158e-08	4.55000304100395e-05
CPD-332	2256	MoNA	FiehnHILIC000308	Dihydrozeatin	name_formula_mass	4	TRUE	TRUE	2.95999882382603e-08	7.39999705956507e-05
CPD-332	2257	MoNA	FiehnHILIC000309	Dihydrozeatin	name_formula_mass	4	TRUE	TRUE	2.95999882382603e-08	7.39999705956507e-05
DISULFIRAM	2263	MoNA	FiehnHILIC000315	Disulfiram	inchikey	1	TRUE	TRUE	1.22759996656896e-06	0.0030689999164224
DOPAMINE	2268	MoNA	FiehnHILIC000320	Dopamine	inchikey_connectivity_formula_mass	2	FALSE	TRUE	1.05000026451307e-08	2.62500066128268e-05
CPD-10411	2281	MoNA	FiehnHILIC000333	Epigallocatechin	inchikey	1	TRUE	TRUE	1.60999888976221e-08	4.02499722440552e-05
FERULIC-ACID	2302	MoNA	FiehnHILIC000354	Ferulic acid	inchikey_connectivity_formula_mass	2	FALSE	TRUE	9.39999722504581e-09	2.34999930626145e-05
CPD-20520	2313	MoNA	FiehnHILIC000365	Fluvoxamine	inchikey	1	FALSE	TRUE	4.32999627264508e-08	0.000108249906816127
FORMONONETIN	2315	MoNA	FiehnHILIC000367	Formononetine	inchikey	1	TRUE	TRUE	9.60000079430756e-09	2.40000019857689e-05
GALACTOSAMINE	2319	MoNA	FiehnHILIC000371	Galactosamine	inchikey_connectivity_formula_mass	2	FALSE	TRUE	1.70000760135736e-08	4.25001900339339e-05
CPD-19430	2320	MoNA	FiehnHILIC000372	Galanthamine	inchikey	1	TRUE	TRUE	1.36000153361238e-08	3.40000383403094e-05
4-AMINO-BUTYRATE	2321	MoNA	FiehnHILIC000373	gamma-Aminobutyric acid	inchikey	1	TRUE	TRUE	1.0299999075869e-08	2.57499976896725e-05
L-GAMMA-GLUTAMYLCYSTEINE	2322	MoNA	FiehnHILIC000374	gamma-Glutamyl-cysteine	inchikey_connectivity_formula_mass	2	FALSE	TRUE	2.8770000426448e-07	0.000719250010661199
CPD-7618	2327	MoNA	FiehnHILIC000379	Geranic acid	inchikey_connectivity_formula_mass	2	FALSE	TRUE	5.79998982175312e-09	1.44999745543828e-05
GLC-D-LACTONE	2332	MoNA	FiehnHILIC000384	Gluconolactone	inchikey	1	TRUE	TRUE	1.36000153361238e-08	3.40000383403094e-05
GLC-1-P	2334	MoNA	FiehnHILIC000386	Glucose-1-phosphate	inchikey_connectivity_formula_mass	2	FALSE	TRUE	9.98000473373395e-08	0.000249500118343349
D-glucopyranose-6-phosphate	2335	MoNA	FiehnHILIC000387	Glucose-6-phosphate	inchikey_connectivity_formula_mass	2	FALSE	TRUE	9.98000473373395e-08	0.000249500118343349
GLT	2336	MoNA	FiehnHILIC000388	Glutamic acid	inchikey_connectivity_formula_mass	2	FALSE	TRUE	1.45000171869469e-08	3.62500429673673e-05
GLN	2337	MoNA	FiehnHILIC000389	Glutamine	inchikey	1	TRUE	TRUE	1.76999890300067e-08	4.42499725750167e-05
OXIDIZED-GLUTATHIONE	2338	MoNA	FiehnHILIC000390	Glutathione (oxidized)	inchikey_connectivity_formula_mass	2	FALSE	TRUE	5.60400053473131e-07	0.000915459049956262
GLUTATHIONE	2339	MoNA	FiehnHILIC000391	Glutathione (reduced)	inchikey_connectivity_formula_mass	2	FALSE	TRUE	2.80099982319371e-07	0.000700249955798427
CPD0-1264	2343	MoNA	FiehnHILIC000395	Gly-Pro	inchikey_connectivity_formula_mass	2	FALSE	TRUE	9.80000436356931e-09	2.45000109089233e-05
GLY	2347	MoNA	FiehnHILIC000399	Glycine	inchikey	1	TRUE	TRUE	9.89999193734548e-09	2.47499798433637e-05
GUANINE	2353	MoNA	FiehnHILIC000405	Guanine	inchikey	1	TRUE	TRUE	2.85999988136609e-08	7.14999970341523e-05
CGMP	2354	MoNA	FiehnHILIC000406	Guanosine-3',5'-cyclic monophosphate	inchikey_connectivity_formula_mass	2	FALSE	TRUE	7.8100072187226e-08	0.000195250180468065
GUANOSINE	2355	MoNA	FiehnHILIC000407	Guanosine	inchikey	1	TRUE	TRUE	3.78000208911544e-08	9.4500052227886e-05
HEXANOATE	2359	MoNA	FiehnHILIC000411	Hexanoic acid	inchikey_connectivity_formula_mass	2	FALSE	TRUE	5.39999689408432e-09	1.34999922352108e-05
HIS	2362	MoNA	FiehnHILIC000414	Histidine	inchikey	1	TRUE	TRUE	2.07000141472236e-08	5.17500353680589e-05
HOMOARGININE	2363	MoNA	FiehnHILIC000415	Homoarginine	inchikey_connectivity_formula_mass	2	FALSE	TRUE	2.66000199644623e-08	6.65000499111557e-05
HOMO-CYS	2364	MoNA	FiehnHILIC000416	Homocysteine	inchikey	1	TRUE	TRUE	2.99699991046509e-07	0.000749249977616273
HOMO-SER	2367	MoNA	FiehnHILIC000419	Homoserine	inchikey	1	TRUE	TRUE	1.23999939205532e-08	3.09999848013831e-05
3-PHENYLPROPIONATE	2370	MoNA	FiehnHILIC000422	Hydrocinnamic acid	inchikey_connectivity_formula_mass	2	FALSE	TRUE	5.20000753567729e-09	1.30000188391932e-05
4-HYDROXY-L-PROLINE	2372	MoNA	FiehnHILIC000424	Hydroxyproline	inchikey	1	TRUE	TRUE	1.24000223422627e-08	3.10000558556567e-05
CPD-13509	2373	MoNA	FiehnHILIC000425	Hyperoside	inchikey_connectivity_formula_mass	2	FALSE	TRUE	2.71999738288287e-08	5.86085735137522e-05
HYPOXANTHINE	2374	MoNA	FiehnHILIC000426	Hypoxanthine	inchikey	1	TRUE	TRUE	2.33000037042075e-08	5.82500092605187e-05
CPD-237	2384	MoNA	FiehnHILIC000436	Indole-3-acetamide	inchikey	1	TRUE	TRUE	1.34999993406382e-08	3.37499983515954e-05
CPDQT-428	2385	MoNA	FiehnHILIC000437	Indole-3-carbinol	inchikey	1	TRUE	TRUE	8.20000423118472e-09	2.05000105779618e-05
INDOLE-3-CARBOXALDEHYDE	2386	MoNA	FiehnHILIC000438	Indole-3-carboxaldehyde	inchikey	1	TRUE	TRUE	8.00000066192297e-09	2.00000016548074e-05
CPD-13135	2387	MoNA	FiehnHILIC000439	Indole-3-carboxylic acid	inchikey_connectivity_formula_mass	2	FALSE	TRUE	1.00999955066072e-08	2.52499887665181e-05
INDOLE_PYRUVATE	2388	MoNA	FiehnHILIC000440	Indole-3-pyruvic acid	inchikey_connectivity_formula_mass	2	FALSE	TRUE	1.23999939205532e-08	3.09999848013831e-05
INDOLE_LACTATE	2389	MoNA	FiehnHILIC000441	Indolelactic acid	inchikey_connectivity_formula_mass	2	FALSE	TRUE	1.2599997489815e-08	3.14999937245375e-05
IMP	2391	MoNA	FiehnHILIC000443	Inosine-5'-monophosphate	inchikey_connectivity_formula_mass	2	FALSE	TRUE	8.1100040461024e-08	0.00020275010115256
INOSINE	2392	MoNA	FiehnHILIC000444	Inosine	inchikey	1	TRUE	TRUE	3.25000542034104e-08	8.1250135508526e-05
ISOBUTYRATE	2399	MoNA	FiehnHILIC000451	Isobutyric acid	inchikey_connectivity_formula_mass	2	FALSE	TRUE	4.99998975556082e-09	1.2499974388902e-05
ILE	2400	MoNA	FiehnHILIC000452	Isoleucine	inchikey	1	TRUE	TRUE	1.07000062143925e-08	2.67500155359812e-05
CPD-4209	2401	MoNA	FiehnHILIC000453	Isopentenyladenine	inchikey	1	TRUE	TRUE	2.72999898243143e-08	6.82499745607856e-05
CPD1F-437	2402	MoNA	FiehnHILIC000454	Isoquercetrin	inchikey_connectivity_formula_mass	2	FALSE	TRUE	2.71999738288287e-08	5.86085735137522e-05
CPD1F-90	2409	MoNA	FiehnHILIC000461	Kaempferol	inchikey_connectivity_formula_mass	2	FALSE	TRUE	1.36000153361238e-08	3.40000383403094e-05
KYNURENATE	2413	MoNA	FiehnHILIC000465	Kynurenic acid	inchikey_connectivity_formula_mass	2	FALSE	TRUE	1.21999903512915e-08	3.04999758782287e-05
CPD-14736	2414	MoNA	FiehnHILIC000466	Kynurenine	inchikey	1	TRUE	TRUE	1.79000210209779e-08	4.47500525524447e-05
Linalools	2423	MoNA	FiehnHILIC000482	Linalool	inchikey	1	TRUE	TRUE	3.89999854633061e-09	9.74999636582652e-06
CPD-3061	2427	MoNA	FiehnHILIC000486	Liquiritigenin	inchikey	1	TRUE	TRUE	9.60000079430756e-09	2.40000019857689e-05
LYS	2441	MoNA	FiehnHILIC000500	Lysine	inchikey_connectivity_formula_mass	2	FALSE	TRUE	1.60000013238459e-08	4.00000033096148e-05
CPD-15717	2443	MoNA	FiehnHILIC000502	Maltose	inchikey	1	TRUE	TRUE	2.5300039396825e-08	6.32500984920625e-05
N-ACETYL-5-METHOXY-TRYPTAMINE	2448	MoNA	FiehnHILIC000507	Melatonin	inchikey	1	TRUE	TRUE	1.62000048931077e-08	4.05000122327692e-05
MET	2458	MoNA	FiehnHILIC000517	Methionine	inchikey	1	TRUE	TRUE	2.99499987477247e-07	0.000748749968693119
L-Methionine-sulfoxides	2459	MoNA	FiehnHILIC000518	Methioninesulfoxide	inchikey	1	TRUE	TRUE	2.97399992632563e-07	0.000743499981581408
L-Methionine-sulfoxides	2460	MoNA	FiehnHILIC000519	Methioninesulfoxide	inchikey	1	TRUE	TRUE	2.97399992632563e-07	0.000743499981581408
CPD-6041	2462	MoNA	FiehnHILIC000521	Methotrexate	inchikey_connectivity_formula_mass	2	FALSE	TRUE	5.42999600838812e-08	0.00011955832124991
CPD1F-2	2464	MoNA	FiehnHILIC000523	Methyl jasmonate	inchikey	1	TRUE	TRUE	8.30002022667031e-09	2.07500505666758e-05
MYRICETIN	2484	MoNA	FiehnHILIC000543	Myricetin	inchikey_connectivity_formula_mass	2	FALSE	TRUE	1.78000618689111e-08	4.45001546722779e-05
N-acetyl-D-glucosamine	2495	MoNA	FiehnHILIC000554	N-Acetylglucosamine	inchikey	1	TRUE	TRUE	1.92999891623913e-08	4.82499729059782e-05
ACETYL-GLU	2496	MoNA	FiehnHILIC000555	N-Acetylglutamic acid	inchikey_connectivity_formula_mass	2	FALSE	TRUE	1.67999871791835e-08	4.19999679479588e-05
N-acetyl-D-mannosamine	2499	MoNA	FiehnHILIC000558	N-Acetylmannosamine	inchikey	1	TRUE	TRUE	1.92999891623913e-08	4.82499729059782e-05
N-ACETYLNEURAMINATE	2501	MoNA	FiehnHILIC000560	N-Acetylneuraminic acid	inchikey_connectivity_formula_mass	2	FALSE	TRUE	2.6000009256677e-08	6.50000231416925e-05
N-ACETYL-SEROTONIN	2504	MoNA	FiehnHILIC000563	N-Acetylserotonin	inchikey	1	TRUE	TRUE	1.60000013238459e-08	4.00000033096148e-05
CPD-402	2519	MoNA	FiehnHILIC000578	N-Methylanthranilic acid	inchikey_connectivity_formula_mass	2	FALSE	TRUE	1.0299999075869e-08	2.57499976896725e-05
CPD-4207	2536	MoNA	FiehnHILIC000595	N6-Isopentenyladenosine	inchikey	1	TRUE	TRUE	3.64999550583889e-08	9.12498876459722e-05
CPD-3462	2537	MoNA	FiehnHILIC000596	N8-Acetylspermidine	inchikey_connectivity_formula_mass	2	FALSE	TRUE	1.98000122964004e-08	4.9500030741001e-05
NARINGIN	2543	MoNA	FiehnHILIC000602	Naringin	inchikey	1	TRUE	TRUE	3.26000417771866e-08	5.61896073744961e-05
NIACINAMIDE	2550	MoNA	FiehnHILIC000609	Nicotinamide	inchikey	1	TRUE	TRUE	1.31000064129694e-08	3.27500160324234e-05
NICOTINE	2551	MoNA	FiehnHILIC000610	Nicotine	inchikey_connectivity_formula_mass	2	FALSE	TRUE	1.18000116344774e-08	2.95000290861935e-05
NIACINE	2552	MoNA	FiehnHILIC000611	Nicotinic acid	inchikey_connectivity_formula_mass	2	FALSE	TRUE	9.89999193734548e-09	2.47499798433637e-05
L-2-AMINOHEXANOATE	2562	MoNA	FiehnHILIC000621	Norleucine	inchikey	1	TRUE	TRUE	1.07000062143925e-08	2.67500155359812e-05
L-2-AMINOPENTANOIC-ACID	2564	MoNA	FiehnHILIC000623	Norvaline	inchikey	1	TRUE	TRUE	1.05000026451307e-08	2.62500066128268e-05
CPD-14834	2565	MoNA	FiehnHILIC000624	Noscapine	inchikey	1	TRUE	TRUE	2.2200026705832e-08	5.37339068487231e-05
ACETYLSERINE	2566	MoNA	FiehnHILIC000625	O-Acetylserine	inchikey	1	TRUE	TRUE	1.44999887652375e-08	3.62499719130938e-05
PHOSPHORYL-ETHANOLAMINE	2567	MoNA	FiehnHILIC000626	O-Phosphocolamine	inchikey_connectivity_formula_mass	2	FALSE	TRUE	1.05600008737383e-07	0.000264000021843458
3-P-SERINE	2568	MoNA	FiehnHILIC000627	O-Phosphoserine	inchikey_connectivity_formula_mass	2	FALSE	TRUE	1.01399962204596e-07	0.00025349990551149
L-THREONINE-O-3-PHOSPHATE	2569	MoNA	FiehnHILIC000628	o-Phosphothreonine	inchikey_connectivity_formula_mass	2	FALSE	TRUE	1.01199987057043e-07	0.000252999967642609
CPD-309	2572	MoNA	FiehnHILIC000631	Octopine	inchikey	1	TRUE	TRUE	3.10000132230925e-08	7.75000330577313e-05
L-ORNITHINE	2581	MoNA	FiehnHILIC000640	Ornithine	inchikey_connectivity_formula_mass	2	FALSE	TRUE	1.57999977545842e-08	3.94999943864605e-05
PANTOTHENATE	2596	MoNA	FiehnHILIC000655	Pantothenic acid	inchikey_connectivity_formula_mass	2	FALSE	TRUE	1.74000263086782e-08	4.35000657716955e-05
CPD-15742	2597	MoNA	FiehnHILIC000656	Papaverine	inchikey	1	TRUE	TRUE	1.56999817590986e-08	3.92499543977465e-05
CPD-14529	2612	MoNA	FiehnHILIC000671	Phenethylacetate	inchikey	1	TRUE	TRUE	5.39998268322961e-09	1.3499956708074e-05
PHENYLETHYLAMINE	2613	MoNA	FiehnHILIC000672	Phenethylamine	inchikey_connectivity_formula_mass	2	FALSE	TRUE	6.2999987449075e-09	1.57499968622687e-05
PHENYLACETALDEHYDE	2614	MoNA	FiehnHILIC000673	Phenylacetaldehyde	inchikey	1	TRUE	TRUE	2.89999491087656e-09	7.24998727719139e-06
PHENYLACETALDEHYDE	2615	MoNA	FiehnHILIC000674	Phenylacetaldehyde	inchikey	1	TRUE	TRUE	2.89999491087656e-09	7.24998727719139e-06
PHE	2618	MoNA	FiehnHILIC000677	Phenylalanine	inchikey	1	TRUE	TRUE	1.05000026451307e-08	2.62500066128268e-05
PHLORETIN	2623	MoNA	FiehnHILIC000682	Phloretin	inchikey	1	TRUE	TRUE	1.18999992082536e-08	2.97499980206339e-05
CPD-6881	2624	MoNA	FiehnHILIC000683	Phlorobenzophenone	inchikey	1	TRUE	TRUE	9.39999722504581e-09	2.34999930626145e-05
CPD-16	2625	MoNA	FiehnHILIC000684	Phloroglucinol	inchikey	1	TRUE	TRUE	6.89999524183804e-09	1.72499881045951e-05
CPD-764	2628	MoNA	FiehnHILIC000687	Phosphonoacetic acid	inchikey_connectivity_formula_mass	2	FALSE	TRUE	1.08999984149705e-07	0.000272499960374262
CPD-3728	2629	MoNA	FiehnHILIC000688	Phosphotyrosine	name_formula_mass	4	FALSE	TRUE	1.01000011909491e-07	0.000252500029773728
PHTHALATE	2630	MoNA	FiehnHILIC000689	Phthalic acid	inchikey_connectivity_formula_mass	2	FALSE	TRUE	8.9999900865223e-09	2.24999752163058e-05
PHYTOSPINGOSINE	2632	MoNA	FiehnHILIC000691	Phytosphingosine	inchikey_connectivity_formula_mass	2	FALSE	TRUE	1.53999621943512e-08	3.84999054858781e-05
CPD-20333	2638	MoNA	FiehnHILIC000697	Pipecolic acid	inchikey	1	TRUE	TRUE	1.05000026451307e-08	2.62500066128268e-05
N-EE-PIPEROYL-PIPERIDINE	2639	MoNA	FiehnHILIC000698	Piperine	inchikey	1	TRUE	TRUE	1.33999833451526e-08	3.34999583628814e-05
PROGESTERONE	2648	MoNA	FiehnHILIC000707	Progesterone	inchikey	1	TRUE	TRUE	7.20001480658539e-09	1.80000370164635e-05
PRO	2650	MoNA	FiehnHILIC000709	Proline	inchikey	1	TRUE	TRUE	1.0299999075869e-08	2.57499976896725e-05
CPD-6959	2654	MoNA	FiehnHILIC000713	Pterostilbene	inchikey	1	TRUE	TRUE	7.90004150985624e-09	1.97501037746406e-05
PURINE	2655	MoNA	FiehnHILIC000714	Purine	inchikey	1	TRUE	TRUE	2.11999946486685e-08	5.29999866216713e-05
PUTRESCINE	2656	MoNA	FiehnHILIC000715	Putrescine	inchikey_connectivity_formula_mass	2	FALSE	TRUE	1.15999938543609e-08	2.89999846359024e-05
PYRIDINE	2658	MoNA	FiehnHILIC000717	Pyridine	inchikey	1	TRUE	TRUE	5.70000224797695e-09	1.42500056199424e-05
PYRIDOXAL_PHOSPHATE	2659	MoNA	FiehnHILIC000718	Pyridoxal-5-phosphate	inchikey_connectivity_formula_mass	2	FALSE	TRUE	1.01199987057043e-07	0.000252999967642609
PYRIDOXAMINE	2660	MoNA	FiehnHILIC000719	Pyridoxamine	inchikey_connectivity_formula_mass	2	FALSE	TRUE	1.57999977545842e-08	3.94999943864605e-05
PYRIDOXINE	2661	MoNA	FiehnHILIC000720	Pyridoxine	inchikey	1	TRUE	TRUE	1.26000259115244e-08	3.15000647788111e-05
5-OXOPROLINE	2662	MoNA	FiehnHILIC000721	Pyroglutamic acid	inchikey_connectivity_formula_mass	2	FALSE	TRUE	1.21999903512915e-08	3.04999758782287e-05
QUINOLINATE	2664	MoNA	FiehnHILIC000723	Quinolinic acid	inchikey_connectivity_formula_mass	2	FALSE	TRUE	1.41000100484234e-08	3.52500251210586e-05
CPD-83	2674	MoNA	FiehnHILIC000733	Resveratrol	inchikey	1	TRUE	TRUE	7.50006279304216e-09	1.87501569826054e-05
RETINOATE	2675	MoNA	FiehnHILIC000734	Retinoic acid	inchikey_connectivity_formula_mass	2	FALSE	TRUE	6.9999828156142e-09	1.74999570390355e-05
RIBOFLAVIN	2676	MoNA	FiehnHILIC000735	Riboflavin	inchikey_connectivity_formula_mass	2	FALSE	TRUE	3.54000349034322e-08	8.85000872585806e-05
RUTIN	2691	MoNA	FiehnHILIC000750	Rutin	inchikey_connectivity_formula_mass	2	FALSE	TRUE	3.65999994755839e-08	5.99849158922336e-05
ADENOSYL-HOMO-CYS	2692	MoNA	FiehnHILIC000751	S-Adenosyl-homocysteine	inchikey	1	TRUE	TRUE	2.66299991835695e-07	0.000665749979589236
SARCOSINE	2696	MoNA	FiehnHILIC000755	Sarcosine	inchikey	1	TRUE	TRUE	1.00999955066072e-08	2.52499887665181e-05
SCOPOLAMINE	2698	MoNA	FiehnHILIC000757	Scopolamine	name_formula_mass	4	TRUE	TRUE	1.56999817590986e-08	3.92499543977465e-05
SCOPOLETIN	2699	MoNA	FiehnHILIC000758	Scopoletin	inchikey	1	TRUE	TRUE	9.19999365578406e-09	2.29999841394601e-05
SER	2702	MoNA	FiehnHILIC000761	Serine	inchikey	1	TRUE	TRUE	1.21999903512915e-08	3.04999758782287e-05
SINAPATE	2705	MoNA	FiehnHILIC000764	Sinapic acid	inchikey_connectivity_formula_mass	2	FALSE	TRUE	1.16999956389918e-08	2.92499890974796e-05
D-SORBITOL-6-P	2707	MoNA	FiehnHILIC000766	Sorbitol-6-phosphate	inchikey_connectivity_formula_mass	2	FALSE	TRUE	9.96000153463683e-08	0.000249000038365921
N-METHYLARGININE	2719	MoNA	FiehnHILIC000778	Targinine	inchikey_connectivity_formula_mass	2	FALSE	TRUE	2.66000199644623e-08	6.65000499111557e-05
CPD-10571	2727	MoNA	FiehnHILIC000786	Terbinafine	inchikey_connectivity_formula_mass	2	FALSE	TRUE	7.69995267546619e-09	1.92498816886655e-05
CPD-9384	2730	MoNA	FiehnHILIC000789	Theanine	inchikey	1	TRUE	TRUE	1.80999961685302e-08	4.52499904213255e-05
CPD0-1571	2731	MoNA	FiehnHILIC000790	Thiazolidine-4-carboxylic acid	inchikey_connectivity_formula_mass	2	FALSE	TRUE	2.99899994615771e-07	0.000749749986539427
THR	2734	MoNA	FiehnHILIC000793	Threonine	inchikey	1	TRUE	TRUE	1.23999939205532e-08	3.09999848013831e-05
THYMIDINE	2735	MoNA	FiehnHILIC000794	Thymidine	inchikey	1	TRUE	TRUE	2.22999858578987e-08	5.57499646447468e-05
TMP	2736	MoNA	FiehnHILIC000795	Thymidine 5'-monophosphate	inchikey_connectivity_formula_mass	2	FALSE	TRUE	9.13000235414074e-08	0.000228250058853519
CPD-7051	2755	MoNA	FiehnHILIC000814	Trifluoperazine	inchikey_connectivity_formula_mass	2	FALSE	TRUE	3.51999972281192e-07	0.000864515797730649
TRYPTAMINE	2764	MoNA	FiehnHILIC000823	Tryptamine	inchikey_connectivity_formula_mass	2	FALSE	TRUE	1.16000080652157e-08	2.90000201630392e-05
TRP	2766	MoNA	FiehnHILIC000825	Tryptophan	inchikey	1	TRUE	TRUE	1.57999977545842e-08	3.94999943864605e-05
TYRAMINE	2770	MoNA	FiehnHILIC000829	Tyramine	inchikey_connectivity_formula_mass	2	FALSE	TRUE	8.40000780044647e-09	2.10000195011162e-05
TYR	2771	MoNA	FiehnHILIC000830	Tyrosine	inchikey	1	TRUE	TRUE	1.2599997489815e-08	3.14999937245375e-05
URACIL	2773	MoNA	FiehnHILIC000832	Uracil	inchikey	1	TRUE	TRUE	1.49999976883919e-08	3.74999942209797e-05
URIDINE	2780	MoNA	FiehnHILIC000839	Uridine	inchikey	1	TRUE	TRUE	2.42000055550307e-08	6.05000138875766e-05
VAL	2784	MoNA	FiehnHILIC000843	Valine	inchikey	1	TRUE	TRUE	1.05000026451307e-08	2.62500066128268e-05
VANILLIN	2786	MoNA	FiehnHILIC000845	Vanillin	inchikey	1	TRUE	TRUE	7.10002723280923e-09	1.77500680820231e-05
CPD-19894	2792	MoNA	FiehnHILIC000851	Vincristine	inchikey	1	TRUE	TRUE	4.73999079986243e-08	5.74962742176523e-05
VITEXIN	2797	MoNA	FiehnHILIC000856	Vitexin	inchikey_connectivity_formula_mass	2	FALSE	TRUE	2.29999841394601e-08	5.32276870400454e-05
3-URACIL-1-YL-L-SERINE	2800	MoNA	FiehnHILIC000859	Willardiine	inchikey	1	TRUE	TRUE	2.49000038365921e-08	6.22500095914802e-05
XANTHOSINE	2802	MoNA	FiehnHILIC000861	Xanthosine	inchikey	1	TRUE	TRUE	3.46000206263852e-08	8.65000515659631e-05
CPD-13042	2803	MoNA	FiehnHILIC000862	Xanthotoxin	inchikey	1	TRUE	TRUE	9.19999365578406e-09	2.29999841394601e-05
2-OXINDOLE-3-ACETIC-ACID	2812	MoNA	FiehnHILIC000871	(2-oxo-2,3-dihydro-1H-indol-3-yl)acetic acid	inchikey_connectivity_formula_mass	2	FALSE	TRUE	1.24000223422627e-08	3.10000558556567e-05
CPD0-1422	2814	MoNA	FiehnHILIC000873	1,2-Dipalmitoyl-sn-glycero-3-phosphate	inchikey_connectivity_formula_mass	2	FALSE	TRUE	9.6300027507823e-08	0.000148502754410908
CPD-12480	2816	MoNA	FiehnHILIC000875	1,3,7-Trimethyluric acid	inchikey	1	TRUE	TRUE	2.81000325230707e-08	7.02500813076767e-05
1-7-DIMETHYLXANTHINE	2822	MoNA	FiehnHILIC000881	1,7-Dimethylxanthine	inchikey	1	TRUE	TRUE	2.58000056874153e-08	6.45000142185381e-05
CPD-68	2823	MoNA	FiehnHILIC000882	1-Aminocyclopropane-1-carboxylic acid	inchikey	1	TRUE	TRUE	1.00999955066072e-08	2.52499887665181e-05
10-HYDROXYDECANOATE	2829	MoNA	FiehnHILIC000888	10-Hydroxydecanoic acid	inchikey_connectivity_formula_mass	2	FALSE	TRUE	8.30002022667031e-09	2.07500505666758e-05
DAMP	2832	MoNA	FiehnHILIC000891	2'-Deoxyadenosine 5'-monophosphate	inchikey_connectivity_formula_mass	2	FALSE	TRUE	8.00000066192297e-08	0.000200000016548074
DEOXYCYTIDINE	2833	MoNA	FiehnHILIC000892	2'-Deoxycytidine	inchikey	1	TRUE	TRUE	2.53000109751156e-08	6.3250027437789e-05
DGMP	2834	MoNA	FiehnHILIC000893	2'-Deoxyguanosine 5'-monophosphate	inchikey_connectivity_formula_mass	2	FALSE	TRUE	7.79000401962548e-08	0.000194750100490637
CPD-20332	2849	MoNA	FiehnHILIC000908	2,6-Diaminopimelic acid	inchikey	1	TRUE	TRUE	2.01999910132145e-08	5.04999775330361e-05
DCMP	2857	MoNA	FiehnHILIC000916	2-Deoxycytidine-5-monophosphoric acid	inchikey_connectivity_formula_mass	2	FALSE	TRUE	8.82999984241906e-08	0.000220749996060476
DEOXYURIDINE	2859	MoNA	FiehnHILIC000918	2-Deoxyuridine	inchikey	1	TRUE	TRUE	2.2099982288637e-08	5.52499557215924e-05
2-FUROATE	2860	MoNA	FiehnHILIC000919	2-Furoic acid	inchikey_connectivity_formula_mass	2	FALSE	TRUE	6.69999167257629e-09	1.67499791814407e-05
SALICYLALDEHYDE	2863	MoNA	FiehnHILIC000922	2-Hydroxybenzaldehyde	inchikey	1	TRUE	TRUE	4.80000039715378e-09	1.20000009928845e-05
2-COUMARATE	2864	MoNA	FiehnHILIC000923	2-Hydroxycinnamic acid	inchikey_connectivity_formula_mass	2	FALSE	TRUE	7.10002723280923e-09	1.77500680820231e-05
CPD-11495	2867	MoNA	FiehnHILIC000926	2-Hydroxyphenylacetic acid	inchikey_connectivity_formula_mass	2	FALSE	TRUE	7.10002723280923e-09	1.77500680820231e-05
3-4-DIHYDROXYBENZOATE	2881	MoNA	FiehnHILIC000940	3,4-Dihydroxybenzoic acid	inchikey_connectivity_formula_mass	2	FALSE	TRUE	8.9999900865223e-09	2.24999752163058e-05
CPD-670	2887	MoNA	FiehnHILIC000946	3-(1-Pyrazolyl)-alanine	inchikey	1	TRUE	TRUE	2.07000141472236e-08	5.17500353680589e-05
3-HYDROXY-ANTHRANILATE	2896	MoNA	FiehnHILIC000955	3-Hydroxyanthranilic acid	inchikey_connectivity_formula_mass	2	FALSE	TRUE	1.22000187730009e-08	3.05000469325023e-05
3-OH-BENZALDEHYDE	2898	MoNA	FiehnHILIC000957	3-Hydroxybenzaldehyde	inchikey	1	TRUE	TRUE	4.80000039715378e-09	1.20000009928845e-05
3-HYDROXY-BUTYRATE	2899	MoNA	FiehnHILIC000958	3-Hydroxybutyric acid	inchikey_connectivity_formula_mass	2	FALSE	TRUE	7.0999988110998e-09	1.77499970277495e-05
3-HYDROXY-PROPIONATE	2904	MoNA	FiehnHILIC000963	3-Hydroxypropanoic acid	inchikey_connectivity_formula_mass	2	FALSE	TRUE	6.90000945269276e-09	1.72500236317319e-05
INDOLE_ACETATE_AUXIN	2906	MoNA	FiehnHILIC000965	3-Indoleacetic acid	inchikey_connectivity_formula_mass	2	FALSE	TRUE	1.0299999075869e-08	2.57499976896725e-05
INDOLEYL-CPD	2907	MoNA	FiehnHILIC000966	3-Indoleacetonitrile	inchikey	1	TRUE	TRUE	1.12000293484016e-08	2.8000073371004e-05
INDOLE-PROPIONATE	2908	MoNA	FiehnHILIC000967	3-Indolepropionic acid	inchikey_connectivity_formula_mass	2	FALSE	TRUE	1.05000026451307e-08	2.62500066128268e-05
CPD-21103	2910	MoNA	FiehnHILIC000969	3-Methyl-2-oxovaleric acid	inchikey_connectivity_formula_mass	2	FALSE	TRUE	7.30003080207098e-09	1.82500770051774e-05
CPD-7999	2918	MoNA	FiehnHILIC000977	3-Phenyllactic acid	inchikey_connectivity_formula_mass	2	FALSE	TRUE	7.30003080207098e-09	1.82500770051774e-05
CPD-3141	2921	MoNA	FiehnHILIC000980	4,5,7-Trihydroxyisoflavone	inchikey_connectivity_formula_mass	2	FALSE	TRUE	1.14999920697301e-08	2.87499801743252e-05
CPD-6862	2928	MoNA	FiehnHILIC000987	4-Hydroxy-6-methyl-2-pyrone	inchikey_connectivity_formula_mass	2	FALSE	TRUE	6.89999524183804e-09	1.72499881045951e-05
4-HYDROXYBENZALDEHYDE	2929	MoNA	FiehnHILIC000988	4-Hydroxybenzaldehyde	inchikey	1	TRUE	TRUE	4.80000039715378e-09	1.20000009928845e-05
4-hydroxybenzoate	2930	MoNA	FiehnHILIC000989	4-Hydroxybenzoic acid	inchikey_connectivity_formula_mass	2	FALSE	TRUE	6.90002366354747e-09	1.72500591588687e-05
4-HYDROXYMANDELATE	2933	MoNA	FiehnHILIC000992	4-Hydroxymandelic acid	inchikey_connectivity_formula_mass	2	FALSE	TRUE	9.19999365578406e-09	2.29999841394601e-05
CPD-12889	2934	MoNA	FiehnHILIC000993	4-Hydroxymandelonitrile	inchikey	1	TRUE	TRUE	1.00999955066072e-08	2.52499887665181e-05
P-HYDROXY-PHENYLPYRUVATE	2938	MoNA	FiehnHILIC000997	4-Hydroxyphenylpyruvic acid	inchikey_connectivity_formula_mass	2	FALSE	TRUE	9.19999365578406e-09	2.29999841394601e-05
2K-4CH3-PENTANOATE	2940	MoNA	FiehnHILIC000999	4-Methyl-2-oxovaleric Acid	inchikey_connectivity_formula_mass	2	FALSE	TRUE	7.30003080207098e-09	1.82500770051774e-05
CPD-182	2942	MoNA	FiehnHILIC001001	4-Methylumbelliferone	inchikey	1	TRUE	TRUE	7.10002723280923e-09	1.77500680820231e-05
5-METHYLTHIOADENOSINE	2949	MoNA	FiehnHILIC001008	5'-Methylthioadenosine	inchikey	1	TRUE	TRUE	2.76199955351331e-07	0.000690499888378326
CPD-3762	2952	MoNA	FiehnHILIC001011	5-Aminoimidazole-4-carboxamide	name_formula_mass	4	TRUE	TRUE	2.34999930626145e-08	5.87499826565363e-05
CPD0-2495	2963	MoNA	FiehnHILIC001022	5-Methylcytidine	inchikey	1	TRUE	TRUE	2.75999809673522e-08	6.89999524183804e-05
CPD-15123	2964	MoNA	FiehnHILIC001023	5-Methyluridine	inchikey	1	FALSE	FALSE	2.4399980702583e-08	6.09999517564574e-05
CPD-8097	2965	MoNA	FiehnHILIC001024	6,7-Dihydroxycoumarin	inchikey	1	TRUE	TRUE	8.9999900865223e-09	2.24999752163058e-05
CPD-8138	2969	MoNA	FiehnHILIC001028	6-Hydroxyflavone	inchikey	1	TRUE	TRUE	7.30000238036155e-09	1.82500059509039e-05
Thiopurine-Methylethers	2971	MoNA	FiehnHILIC001030	6-Methylmercaptopurine	inchikey	1	TRUE	TRUE	2.88599977693593e-07	0.000721499944233983
CPD-8694	2975	MoNA	FiehnHILIC001034	Abietic acid	inchikey_connectivity_formula_mass	2	FALSE	TRUE	7.20001480658539e-09	1.80000370164635e-05
CPD-693	2976	MoNA	FiehnHILIC001035	Abscisic acid	name_formula_mass	4	FALSE	TRUE	1.04000150713546e-08	2.60000376783864e-05
CPD-1831	2980	MoNA	FiehnHILIC001039	Acetylenedicarboxylic acid	inchikey_connectivity_formula_mass	2	FALSE	TRUE	8.59999715885351e-09	2.14999928971338e-05
ADENINE	2985	MoNA	FiehnHILIC001044	Adenine	inchikey	1	TRUE	TRUE	2.64999755472672e-08	6.62499388681681e-05
CAMP	2986	MoNA	FiehnHILIC001045	Adenosine 3',5'-cyclic monophosphate	inchikey_connectivity_formula_mass	2	FALSE	TRUE	8.02000954536197e-08	0.000200500238634049
CPD-3706	2988	MoNA	FiehnHILIC001047	Adenosine-3-monophosphate	inchikey_connectivity_formula_mass	2	FALSE	TRUE	7.79000401962548e-08	0.000194750100490637
ADENOSINE	2989	MoNA	FiehnHILIC001048	Adenosine	inchikey	1	TRUE	TRUE	3.56999976247607e-08	8.92499940619018e-05
ADIPATE	2990	MoNA	FiehnHILIC001049	Adipic acid	inchikey_connectivity_formula_mass	2	FALSE	TRUE	9.39999722504581e-09	2.34999930626145e-05
L-ALPHA-ALANINE	2996	MoNA	FiehnHILIC001055	Alanine	inchikey	1	TRUE	TRUE	1.00999955066072e-08	2.52499887665181e-05
ALIZARIN	3000	MoNA	FiehnHILIC001059	Alizarin	inchikey	1	TRUE	TRUE	9.19999365578406e-09	2.29999841394601e-05
ALLANTOATE	3001	MoNA	FiehnHILIC001060	Allantoic acid	inchikey_connectivity_formula_mass	2	FALSE	TRUE	2.99999953767838e-08	7.49999884419594e-05
ALLANTOIN	3002	MoNA	FiehnHILIC001061	Allantoin	inchikey	1	TRUE	TRUE	2.76999969628378e-08	6.92499924070944e-05
CPD-479	3005	MoNA	FiehnHILIC001064	alpha-Keto-gamma-(methylthio)butyric acid	inchikey_connectivity_formula_mass	2	FALSE	TRUE	3.02899991311278e-07	0.000757249978278196
D-ARABINOSE	3012	MoNA	FiehnHILIC001071	Arabinose	inchikey	1	TRUE	TRUE	1.15000204914395e-08	2.87500512285987e-05
CPD-15700	3012	MoNA	FiehnHILIC001071	Arabinose	inchikey	1	TRUE	TRUE	1.15000204914395e-08	2.87500512285987e-05
CPD-355	3013	MoNA	FiehnHILIC001072	Arabitol	inchikey	1	TRUE	TRUE	1.17000240607013e-08	2.92500601517531e-05
ARG	3017	MoNA	FiehnHILIC001076	Arginine	inchikey_connectivity_formula_mass	2	FALSE	TRUE	2.64000163952005e-08	6.60000409880013e-05
ASCORBATE	3019	MoNA	FiehnHILIC001078	Ascorbic acid	inchikey_connectivity_formula_mass	2	FALSE	TRUE	1.33999833451526e-08	3.34999583628814e-05
ASN	3022	MoNA	FiehnHILIC001081	Asparagine	inchikey	1	TRUE	TRUE	1.75000138824544e-08	4.37500347061359e-05
L-ASPARTATE	3023	MoNA	FiehnHILIC001082	Aspartic acid	inchikey_connectivity_formula_mass	2	FALSE	TRUE	1.42999851959758e-08	3.57499629899394e-05
BENZOATE	3030	MoNA	FiehnHILIC001089	Benzoic acid	inchikey_connectivity_formula_mass	2	FALSE	TRUE	4.80000039715378e-09	1.20000009928845e-05
CPD-6501	3031	MoNA	FiehnHILIC001090	Benzylacetate	inchikey	1	TRUE	TRUE	5.20000753567729e-09	1.30000188391932e-05
BESTATIN	3033	MoNA	FiehnHILIC001092	Bestatin	name_formula_mass	4	TRUE	TRUE	2.12000372812327e-08	5.30000932030816e-05
CPD-603	3034	MoNA	FiehnHILIC001093	beta-Cyano-alanine	inchikey_connectivity_formula_mass	2	FALSE	TRUE	1.52000012576536e-08	3.80000031441341e-05
CPD-14642	3035	MoNA	FiehnHILIC001094	beta-Hydroxyisovaleric acid	inchikey_connectivity_formula_mass	2	FALSE	TRUE	7.30000238036155e-09	1.82500059509039e-05
CPD-676	3043	MoNA	FiehnHILIC001102	Caffeic acid	inchikey_connectivity_formula_mass	2	FALSE	TRUE	9.19999365578406e-09	2.29999841394601e-05
CANAVANINE	3044	MoNA	FiehnHILIC001103	Canavanine	inchikey_connectivity_formula_mass	2	FALSE	TRUE	2.83000360923324e-08	7.07500902308311e-05
CATECHOL	3049	MoNA	FiehnHILIC001108	Catechol	inchikey	1	TRUE	TRUE	4.80000039715378e-09	1.20000009928845e-05
CELLOBIOSE	3054	MoNA	FiehnHILIC001113	Cellobiose	inchikey	1	TRUE	TRUE	2.5300039396825e-08	6.32500984920625e-05
CELLOBIOSE	3055	MoNA	FiehnHILIC001114	Cellobiose	inchikey	1	TRUE	TRUE	2.5300039396825e-08	6.32500984920625e-05
CAFFEOYLQUINATE	3058	MoNA	FiehnHILIC001117	Chlorogenic acid	inchikey_connectivity_formula_mass	2	FALSE	TRUE	2.06999857255141e-08	5.17499643137853e-05
CPD-674	3061	MoNA	FiehnHILIC001120	Cinnamic acid	inchikey_connectivity_formula_mass	2	FALSE	TRUE	5.00000396641553e-09	1.25000099160388e-05
CPD-14325	3063	MoNA	FiehnHILIC001122	Citramalic acid	name_formula_mass	4	FALSE	TRUE	1.13000169221777e-08	2.82500423054444e-05
L-CITRULLINE	3065	MoNA	FiehnHILIC001124	Citrulline	inchikey	1	TRUE	TRUE	2.32000161304313e-08	5.80000403260783e-05
CPD-15141	3066	MoNA	FiehnHILIC001125	Cladribine	inchikey	1	FALSE	FALSE	6.35000105830841e-08	0.00015875002645771
CONIFERYL-ALDEHYDE	3069	MoNA	FiehnHILIC001128	Coniferylaldehyde	inchikey	1	TRUE	TRUE	7.30000238036155e-09	1.82500059509039e-05
CPD-10129	3070	MoNA	FiehnHILIC001129	Cordycepin	inchikey	1	TRUE	TRUE	3.36000027800765e-08	8.40000069501912e-05
CORTISONE	3071	MoNA	FiehnHILIC001130	Cortisone	inchikey	1	TRUE	TRUE	1.33000526147953e-08	3.32501315369882e-05
L-CYSTATHIONINE	3074	MoNA	FiehnHILIC001133	Cystathionine	inchikey	1	TRUE	TRUE	2.89799970687454e-07	0.000724499926718636
L-CYSTEATE	3075	MoNA	FiehnHILIC001134	Cysteic Acid	inchikey_connectivity_formula_mass	2	FALSE	TRUE	2.93600010081718e-07	0.000734000025204296
L-CYSTINE	3076	MoNA	FiehnHILIC001135	Cystine	inchikey	1	TRUE	TRUE	5.99999992800804e-07	0.00149999998200201
CYTIDINE	3079	MoNA	FiehnHILIC001138	Cytidine	inchikey	1	TRUE	TRUE	2.74000058197998e-08	6.85000145494996e-05
CYTOSINE	3080	MoNA	FiehnHILIC001139	Cytosine	inchikey	1	TRUE	TRUE	1.82000121640158e-08	4.55000304100395e-05
DAIDZEIN	3081	MoNA	FiehnHILIC001140	Daidzein	inchikey	1	TRUE	TRUE	9.39999722504581e-09	2.34999930626145e-05
L-DEHYDRO-ASCORBATE	3082	MoNA	FiehnHILIC001141	Dehydroascorbic acid	name_formula_mass	4	FALSE	TRUE	1.32000081976003e-08	3.30000204940006e-05
DEOXYADENOSINE	3086	MoNA	FiehnHILIC001145	Deoxyadenosine	inchikey	1	TRUE	TRUE	3.36000312017859e-08	8.40000780044647e-05
DUMP	3087	MoNA	FiehnHILIC001146	2'-Deoxyuridine 5'-monophosphate	inchikey_connectivity_formula_mass	2	FALSE	TRUE	9.14999986889597e-08	0.000228749996722399
2-DEHYDROPANTOYL-LACTONE	3092	MoNA	FiehnHILIC001151	Dihydro-4,4-dimethyl-2,3-furandione	inchikey	1	TRUE	TRUE	7.10002723280923e-09	1.77500680820231e-05
DIHYDROCOUMARIN	3094	MoNA	FiehnHILIC001153	Dihydrocoumarin	inchikey	1	TRUE	TRUE	5.00000396641553e-09	1.25000099160388e-05
DI-H-OROTATE	3095	MoNA	FiehnHILIC001154	Dihydroorotic acid	inchikey_connectivity_formula_mass	2	FALSE	TRUE	1.93999767361674e-08	4.84999418404186e-05
DIHYDROXY-ACETONE-PHOSPHATE	3096	MoNA	FiehnHILIC001155	Dihydroxyacetone phosphate	inchikey_connectivity_formula_mass	2	FALSE	TRUE	1.06699957314049e-07	0.000266749893285123
CPD-332	3097	MoNA	FiehnHILIC001156	Dihydrozeatin	name_formula_mass	4	TRUE	TRUE	2.95999882382603e-08	7.39999705956507e-05
CPD-332	3098	MoNA	FiehnHILIC001157	Dihydrozeatin	name_formula_mass	4	TRUE	TRUE	2.95999882382603e-08	7.39999705956507e-05
CPD-10244	3100	MoNA	FiehnHILIC001159	Docosahexanoic acid	inchikey_connectivity_formula_mass	2	FALSE	TRUE	7.39998995413771e-09	1.84999748853443e-05
DOPAMINE	3105	MoNA	FiehnHILIC001164	Dopamine	inchikey_connectivity_formula_mass	2	FALSE	TRUE	1.05000026451307e-08	2.62500066128268e-05
CPD-7630	3114	MoNA	FiehnHILIC001173	Epicatechin	inchikey	1	TRUE	TRUE	1.39999656312284e-08	3.4999914078071e-05
CPD-10411	3115	MoNA	FiehnHILIC001174	Epigallocatechin	inchikey	1	TRUE	TRUE	1.60999888976221e-08	4.02499722440552e-05
ESTRONE	3120	MoNA	FiehnHILIC001179	Estrone	inchikey	1	TRUE	TRUE	6.40000052953837e-09	1.60000013238459e-05
FERULIC-ACID	3128	MoNA	FiehnHILIC001187	Ferulic acid	inchikey_connectivity_formula_mass	2	FALSE	TRUE	9.39999722504581e-09	2.34999930626145e-05
FORMONONETIN	3133	MoNA	FiehnHILIC001192	Formononetine	inchikey	1	TRUE	TRUE	9.60000079430756e-09	2.40000019857689e-05
FUM	3137	MoNA	FiehnHILIC001196	Fumaric acid	inchikey_connectivity_formula_mass	2	FALSE	TRUE	8.80000072811526e-09	2.20000018202882e-05
GALACTOSE	3138	MoNA	FiehnHILIC001197	Galactose	inchikey	1	TRUE	TRUE	1.38000189053855e-08	3.45000472634638e-05
CPD-183	3139	MoNA	FiehnHILIC001198	Gallic acid	inchikey_connectivity_formula_mass	2	FALSE	TRUE	1.1100013352916e-08	2.775003338229e-05
4-AMINO-BUTYRATE	3140	MoNA	FiehnHILIC001199	gamma-Aminobutyric acid	inchikey	1	TRUE	TRUE	1.0299999075869e-08	2.57499976896725e-05
CPD-633	3146	MoNA	FiehnHILIC001205	Gentisinic acid	inchikey_connectivity_formula_mass	2	FALSE	TRUE	8.9999900865223e-09	2.24999752163058e-05
CPD-7618	3147	MoNA	FiehnHILIC001206	Geranic acid	inchikey_connectivity_formula_mass	2	FALSE	TRUE	5.79998982175312e-09	1.44999745543828e-05
GIBBERELLIN	3148	MoNA	FiehnHILIC001207	Gibberellic acid	name_formula_mass	4	FALSE	TRUE	1.47999799082754e-08	3.69999497706885e-05
CPDQT-280	3153	MoNA	FiehnHILIC001212	Glucoraphanin	inchikey_connectivity_formula_mass	2	FALSE	TRUE	9.0149995912725e-07	0.00206270047563264
GLC-1-P	3155	MoNA	FiehnHILIC001214	Glucose-1-phosphate	inchikey_connectivity_formula_mass	2	FALSE	TRUE	9.97999904939206e-08	0.000249499976234802
D-glucopyranose-6-phosphate	3156	MoNA	FiehnHILIC001215	Glucose-6-phosphate	inchikey_connectivity_formula_mass	2	FALSE	TRUE	9.97999904939206e-08	0.000249499976234802
D-Glucose	3157	MoNA	FiehnHILIC001216	Glucose	inchikey	1	TRUE	TRUE	1.38000189053855e-08	3.45000472634638e-05
CPD-15374	3157	MoNA	FiehnHILIC001216	Glucose	inchikey	1	TRUE	TRUE	1.38000189053855e-08	3.45000472634638e-05
D-Glucopyranuronate	3158	MoNA	FiehnHILIC001217	Glucuronic acid	inchikey_connectivity_formula_mass	2	FALSE	TRUE	1.5700010180808e-08	3.92500254520201e-05
D-Glucopyranuronate	3159	MoNA	FiehnHILIC001218	Glucuronic acid	inchikey_connectivity_formula_mass	2	FALSE	TRUE	1.5700010180808e-08	3.92500254520201e-05
GLT	3161	MoNA	FiehnHILIC001220	Glutamic acid	inchikey_connectivity_formula_mass	2	FALSE	TRUE	1.44999887652375e-08	3.62499719130938e-05
GLN	3162	MoNA	FiehnHILIC001221	Glutamine	inchikey	1	TRUE	TRUE	1.77000174517161e-08	4.42500436292903e-05
GLUTARATE	3163	MoNA	FiehnHILIC001222	Glutaric acid	inchikey_connectivity_formula_mass	2	FALSE	TRUE	9.19999365578406e-09	2.29999841394601e-05
OXIDIZED-GLUTATHIONE	3164	MoNA	FiehnHILIC001223	Glutathione (oxidized)	inchikey_connectivity_formula_mass	2	FALSE	TRUE	5.60400053473131e-07	0.000915459049956262
GLUTATHIONE	3165	MoNA	FiehnHILIC001224	Glutathione (reduced)	inchikey_connectivity_formula_mass	2	FALSE	TRUE	2.80099982319371e-07	0.000700249955798427
GLYCERALD	3171	MoNA	FiehnHILIC001230	Glyceraldehyde	name_formula_mass	4	TRUE	TRUE	6.90000945269276e-09	1.72500236317319e-05
GLYCERATE	3172	MoNA	FiehnHILIC001231	Glyceric acid	inchikey_connectivity_formula_mass	2	FALSE	TRUE	9.00000429737702e-09	2.25000107434425e-05
GLYCEROL	3173	MoNA	FiehnHILIC001232	Glycerol	inchikey	1	TRUE	TRUE	7.0999988110998e-09	1.77499970277495e-05
GLYCOLLATE	3175	MoNA	FiehnHILIC001234	Glycolic acid	inchikey_connectivity_formula_mass	2	FALSE	TRUE	6.700005883431e-09	1.67500147085775e-05
GUANINE	3179	MoNA	FiehnHILIC001238	Guanine	inchikey	1	TRUE	TRUE	2.85999988136609e-08	7.14999970341523e-05
CGMP	3180	MoNA	FiehnHILIC001239	Guanosine-3',5'-cyclic monophosphate	inchikey_connectivity_formula_mass	2	FALSE	TRUE	7.8100072187226e-08	0.000195250180468065
GUANOSINE	3182	MoNA	FiehnHILIC001241	Guanosine	inchikey	1	TRUE	TRUE	3.77999640477356e-08	9.44999101193389e-05
HIS	3187	MoNA	FiehnHILIC001246	Histidine	inchikey	1	TRUE	TRUE	2.07000141472236e-08	5.17500353680589e-05
HOMOARGININE	3188	MoNA	FiehnHILIC001247	Homoarginine	inchikey_connectivity_formula_mass	2	FALSE	TRUE	2.66000199644623e-08	6.65000499111557e-05
HOMOGENTISATE	3190	MoNA	FiehnHILIC001249	Homogentisic acid	inchikey_connectivity_formula_mass	2	FALSE	TRUE	9.19999365578406e-09	2.29999841394601e-05
HOMO-SER	3191	MoNA	FiehnHILIC001250	Homoserine	inchikey	1	TRUE	TRUE	1.23999939205532e-08	3.09999848013831e-05
3-PHENYLPROPIONATE	3194	MoNA	FiehnHILIC001253	Hydrocinnamic acid	inchikey_connectivity_formula_mass	2	FALSE	TRUE	5.20000753567729e-09	1.30000188391932e-05
CPD-13509	3195	MoNA	FiehnHILIC001254	Hyperoside	inchikey_connectivity_formula_mass	2	FALSE	TRUE	2.71999738288287e-08	5.86085735137522e-05
HYPOXANTHINE	3196	MoNA	FiehnHILIC001255	Hypoxanthine	inchikey	1	TRUE	TRUE	2.33000037042075e-08	5.82500092605187e-05
CPD-237	3201	MoNA	FiehnHILIC001260	Indole-3-acetamide	inchikey	1	TRUE	TRUE	1.34999993406382e-08	3.37499983515954e-05
CPD-13135	3202	MoNA	FiehnHILIC001262	Indole-3-carboxylic acid	inchikey_connectivity_formula_mass	2	FALSE	TRUE	1.00999955066072e-08	2.52499887665181e-05
INDOLE_LACTATE	3203	MoNA	FiehnHILIC001263	Indolelactic acid	inchikey_connectivity_formula_mass	2	FALSE	TRUE	1.26000259115244e-08	3.15000647788111e-05
IMP	3206	MoNA	FiehnHILIC001266	Inosine-5-monophosphate	inchikey_connectivity_formula_mass	2	FALSE	TRUE	8.1100040461024e-08	0.00020275010115256
INOSINE	3207	MoNA	FiehnHILIC001267	Inosine	inchikey	1	TRUE	TRUE	3.25000542034104e-08	8.1250135508526e-05
ISOBUTYRATE	3211	MoNA	FiehnHILIC001271	Isobutyric acid	inchikey_connectivity_formula_mass	2	FALSE	TRUE	4.99998975556082e-09	1.2499974388902e-05
ILE	3212	MoNA	FiehnHILIC001272	Isoleucine	inchikey	1	TRUE	TRUE	1.07000062143925e-08	2.67500155359812e-05
Isomaltose	3213	MoNA	FiehnHILIC001273	Isomaltose	name_formula_mass	4	TRUE	TRUE	2.5300039396825e-08	6.32500984920625e-05
Isomaltose	3214	MoNA	FiehnHILIC001274	Isomaltose	name_formula_mass	4	TRUE	TRUE	2.5300039396825e-08	6.32500984920625e-05
CPD-4209	3215	MoNA	FiehnHILIC001275	Isopentenyladenine	inchikey	1	TRUE	TRUE	2.72999898243143e-08	6.82499745607856e-05
CPD1F-437	3216	MoNA	FiehnHILIC001276	Isoquercetrin	inchikey_connectivity_formula_mass	2	FALSE	TRUE	2.71999738288287e-08	5.86085735137522e-05
CPD-14969	3217	MoNA	FiehnHILIC001277	Isorhamnetin-3-glucoside	inchikey	1	TRUE	TRUE	2.7399948976381e-08	5.73087457633401e-05
CPD-8004	3219	MoNA	FiehnHILIC001279	Isorhamnetin	inchikey_connectivity_formula_mass	2	FALSE	TRUE	1.59000137500698e-08	3.97500343751744e-05
CPD1F-90	3223	MoNA	FiehnHILIC001283	Kaempferol	inchikey_connectivity_formula_mass	2	FALSE	TRUE	1.36000153361238e-08	3.40000383403094e-05
2-KETO-ISOVALERATE	3224	MoNA	FiehnHILIC001284	Ketoisovaleric acid	inchikey_connectivity_formula_mass	2	FALSE	TRUE	7.0999988110998e-09	1.77499970277495e-05
KYNURENATE	3225	MoNA	FiehnHILIC001285	Kynurenic acid	inchikey_connectivity_formula_mass	2	FALSE	TRUE	1.21999903512915e-08	3.04999758782287e-05
CPD-14736	3226	MoNA	FiehnHILIC001286	Kynurenine	inchikey	1	TRUE	TRUE	1.78999925992684e-08	4.47499814981711e-05
CPD-15972	3230	MoNA	FiehnHILIC001290	Lactose	inchikey	1	TRUE	TRUE	2.5300039396825e-08	6.32500984920625e-05
CPD-15972	3231	MoNA	FiehnHILIC001291	Lactose	inchikey	1	TRUE	TRUE	2.5300039396825e-08	6.32500984920625e-05
CPD-8605	3234	MoNA	FiehnHILIC001294	Laricitrin	inchikey_connectivity_formula_mass	2	FALSE	TRUE	1.79999801730446e-08	4.49999504326115e-05
LEU	3236	MoNA	FiehnHILIC001296	Leucine	inchikey	1	TRUE	TRUE	1.07000062143925e-08	2.67500155359812e-05
LINOLEIC_ACID	3239	MoNA	FiehnHILIC001299	Linoleic acid	inchikey_connectivity_formula_mass	2	FALSE	TRUE	7.39998995413771e-09	1.84999748853443e-05
LIPOIC-ACID	3240	MoNA	FiehnHILIC001300	Lipoic acid	inchikey_connectivity_formula_mass	2	FALSE	TRUE	6.14399993992265e-07	0.00153599998498066
CPD-3061	3241	MoNA	FiehnHILIC001301	Liquiritigenin	inchikey	1	TRUE	TRUE	9.60000079430756e-09	2.40000019857689e-05
LYS	3246	MoNA	FiehnHILIC001306	Lysine	inchikey_connectivity_formula_mass	2	FALSE	TRUE	1.60000013238459e-08	4.00000033096148e-05
MALEATE	3248	MoNA	FiehnHILIC001308	Maleic acid	inchikey_connectivity_formula_mass	2	FALSE	TRUE	8.80000072811526e-09	2.20000018202882e-05
RS-Malate	3249	MoNA	FiehnHILIC001309	Malic acid	name_formula_mass	4	FALSE	TRUE	1.10999849312066e-08	2.77499623280164e-05
MALONATE	3251	MoNA	FiehnHILIC001311	Malonic acid	inchikey_connectivity_formula_mass	2	FALSE	TRUE	8.80000072811526e-09	2.20000018202882e-05
CPD-15717	3252	MoNA	FiehnHILIC001312	Maltose	inchikey	1	TRUE	TRUE	2.5300039396825e-08	6.32500984920625e-05
CPD-15717	3253	MoNA	FiehnHILIC001313	Maltose	inchikey	1	TRUE	TRUE	2.5300039396825e-08	6.32500984920625e-05
MALTOTRIOSE	3254	MoNA	FiehnHILIC001314	Maltotriose	inchikey	1	TRUE	TRUE	3.68000314665551e-08	7.29914550741033e-05
MANNITOL	3256	MoNA	FiehnHILIC001316	Mannitol	inchikey	1	TRUE	TRUE	1.39999940529378e-08	3.49999851323446e-05
D-mannopyranose	3257	MoNA	FiehnHILIC001317	Mannose	inchikey	1	TRUE	TRUE	1.38000189053855e-08	3.45000472634638e-05
N-ACETYL-5-METHOXY-TRYPTAMINE	3258	MoNA	FiehnHILIC001318	Melatonin	inchikey	1	TRUE	TRUE	1.62000048931077e-08	4.05000122327692e-05
MELIBIOSE	3260	MoNA	FiehnHILIC001320	Melibiose	inchikey	1	TRUE	TRUE	2.5300039396825e-08	6.32500984920625e-05
MELIBIOSE	3261	MoNA	FiehnHILIC001321	Melibiose	inchikey	1	TRUE	TRUE	2.5300039396825e-08	6.32500984920625e-05
MET	3264	MoNA	FiehnHILIC001324	Methionine	inchikey	1	TRUE	TRUE	2.99499987477247e-07	0.000748749968693119
L-Methionine-sulfoxides	3265	MoNA	FiehnHILIC001325	Methioninesulfoxide	inchikey	1	TRUE	TRUE	2.97399992632563e-07	0.000743499981581408
CPD-6041	3266	MoNA	FiehnHILIC001326	Methotrexate	inchikey_connectivity_formula_mass	2	FALSE	TRUE	5.42999600838812e-08	0.00011955832124991
METHYL-BETA-D-GALACTOSIDE	3269	MoNA	FiehnHILIC001329	Methyl-beta-galactopyranoside	inchikey	1	TRUE	TRUE	1.39999940529378e-08	3.49999851323446e-05
CPD-2461	3273	MoNA	FiehnHILIC001333	Methylsuccinic acid	inchikey_connectivity_formula_mass	2	FALSE	TRUE	9.19999365578406e-09	2.29999841394601e-05
MYRICETIN	3279	MoNA	FiehnHILIC001339	Myricetin	inchikey_connectivity_formula_mass	2	FALSE	TRUE	1.78000618689111e-08	4.45001546722779e-05
N-acetyl-D-glucosamine	3291	MoNA	FiehnHILIC001351	N-Acetylglucosamine	inchikey	1	TRUE	TRUE	1.92999891623913e-08	4.82499729059782e-05
ACETYL-GLU	3292	MoNA	FiehnHILIC001352	N-Acetylglutamic acid	inchikey_connectivity_formula_mass	2	FALSE	TRUE	1.67999871791835e-08	4.19999679479588e-05
N-acetyl-D-mannosamine	3296	MoNA	FiehnHILIC001356	N-Acetylmannosamine	inchikey	1	TRUE	TRUE	1.92999891623913e-08	4.82499729059782e-05
N-ACETYLNEURAMINATE	3298	MoNA	FiehnHILIC001358	N-Acetylneuraminic acid	inchikey_connectivity_formula_mass	2	FALSE	TRUE	2.6000009256677e-08	6.50000231416925e-05
N-ACETYL-SEROTONIN	3301	MoNA	FiehnHILIC001361	N-Acetylserotonin	inchikey	1	TRUE	TRUE	1.60000013238459e-08	4.00000033096148e-05
CPD-402	3313	MoNA	FiehnHILIC001373	N-Methylanthranilic acid	inchikey_connectivity_formula_mass	2	FALSE	TRUE	1.0299999075869e-08	2.57499976896725e-05
CPD-4207	3327	MoNA	FiehnHILIC001387	N6-Isopentenyladenosine	inchikey	1	TRUE	TRUE	3.64999550583889e-08	9.12498876459722e-05
NARINGIN	3330	MoNA	FiehnHILIC001390	Naringin	inchikey	1	TRUE	TRUE	3.26000417771866e-08	5.61896073744961e-05
NIACINE	3334	MoNA	FiehnHILIC001394	Nicotinic acid	inchikey_connectivity_formula_mass	2	FALSE	TRUE	9.89999193734548e-09	2.47499798433637e-05
L-2-AMINOHEXANOATE	3343	MoNA	FiehnHILIC001403	Norleucine	inchikey	1	TRUE	TRUE	1.07000062143925e-08	2.67500155359812e-05
PHOSPHORYL-ETHANOLAMINE	3345	MoNA	FiehnHILIC001405	O-Phosphocolamine	inchikey_connectivity_formula_mass	2	FALSE	TRUE	1.05600008737383e-07	0.000264000021843458
3-P-SERINE	3346	MoNA	FiehnHILIC001406	O-Phosphoserine	inchikey_connectivity_formula_mass	2	FALSE	TRUE	1.01399990626305e-07	0.000253499976565763
L-THREONINE-O-3-PHOSPHATE	3347	MoNA	FiehnHILIC001407	O-Phosphothreonine	inchikey_connectivity_formula_mass	2	FALSE	TRUE	1.01199987057043e-07	0.000252999967642609
OLEATE-CPD	3350	MoNA	FiehnHILIC001410	Oleic acid	inchikey_connectivity_formula_mass	2	FALSE	TRUE	7.60002194510889e-09	1.90000548627722e-05
L-ORNITHINE	3356	MoNA	FiehnHILIC001416	Ornithine	inchikey_connectivity_formula_mass	2	FALSE	TRUE	1.57999977545842e-08	3.94999943864605e-05
OROTATE	3357	MoNA	FiehnHILIC001417	Orotic acid	inchikey_connectivity_formula_mass	2	FALSE	TRUE	1.92000015886151e-08	4.80000039715378e-05
OXALACETIC_ACID	3360	MoNA	FiehnHILIC001420	Oxaloacetic acid	inchikey_connectivity_formula_mass	2	FALSE	TRUE	1.09000097836542e-08	2.72500244591356e-05
COUMARATE	3366	MoNA	FiehnHILIC001426	P-Coumaric acid	inchikey_connectivity_formula_mass	2	FALSE	TRUE	7.10002723280923e-09	1.77500680820231e-05
CPD-20122	3368	MoNA	FiehnHILIC001428	Palatinose	inchikey	1	TRUE	TRUE	2.5300039396825e-08	6.32500984920625e-05
PALMITATE	3369	MoNA	FiehnHILIC001429	Palmitic acid	inchikey_connectivity_formula_mass	2	FALSE	TRUE	7.39998995413771e-09	1.84999748853443e-05
PANTOTHENATE	3371	MoNA	FiehnHILIC001431	Pantothenic acid	inchikey_connectivity_formula_mass	2	FALSE	TRUE	1.74000263086782e-08	4.35000657716955e-05
PHE	3380	MoNA	FiehnHILIC001440	Phenylalanine	inchikey	1	TRUE	TRUE	1.05000026451307e-08	2.62500066128268e-05
PHENYL-PYRUVATE	3382	MoNA	FiehnHILIC001442	Phenylpyruvic acid	inchikey_connectivity_formula_mass	2	FALSE	TRUE	7.10002723280923e-09	1.77500680820231e-05
PHLORETIN	3383	MoNA	FiehnHILIC001443	Phloretin	inchikey	1	TRUE	TRUE	1.18999992082536e-08	2.97499980206339e-05
CPD-6881	3384	MoNA	FiehnHILIC001444	Phlorobenzophenone	inchikey	1	TRUE	TRUE	9.39999722504581e-09	2.34999930626145e-05
CPD-16	3385	MoNA	FiehnHILIC001445	Phloroglucinol	inchikey	1	TRUE	TRUE	6.89999524183804e-09	1.72499881045951e-05
CPD-3728	3389	MoNA	FiehnHILIC001449	Phosphotyrosine	name_formula_mass	4	FALSE	TRUE	1.01000011909491e-07	0.000252500029773728
PHTHALATE	3390	MoNA	FiehnHILIC001450	Phthalic acid	inchikey_connectivity_formula_mass	2	FALSE	TRUE	8.9999900865223e-09	2.24999752163058e-05
CPD-205	3395	MoNA	FiehnHILIC001455	Pimelic acid	inchikey_connectivity_formula_mass	2	FALSE	TRUE	9.60000079430756e-09	2.40000019857689e-05
PORPHOBILINOGEN	3401	MoNA	FiehnHILIC001461	Porphobilinogen	inchikey_connectivity_formula_mass	2	FALSE	TRUE	2.01999910132145e-08	5.04999775330361e-05
PRO	3405	MoNA	FiehnHILIC001465	Proline	inchikey	1	TRUE	TRUE	1.0299999075869e-08	2.57499976896725e-05
PROPIONATE	3407	MoNA	FiehnHILIC001467	Propionic acid	inchikey_connectivity_formula_mass	2	FALSE	TRUE	4.80000039715378e-09	1.20000009928845e-05
PURINE	3411	MoNA	FiehnHILIC001471	Purine	inchikey	1	TRUE	TRUE	2.11999946486685e-08	5.29999866216713e-05
PYRIDOXAL_PHOSPHATE	3412	MoNA	FiehnHILIC001472	Pyridoxal-5'-phosphate	inchikey_connectivity_formula_mass	2	FALSE	TRUE	1.01199958635334e-07	0.000252999896588335
PYRIDOXAMINE	3413	MoNA	FiehnHILIC001473	Pyridoxamine	inchikey_connectivity_formula_mass	2	FALSE	TRUE	1.57999977545842e-08	3.94999943864605e-05
PYRIDOXINE	3414	MoNA	FiehnHILIC001474	Pyridoxine	inchikey	1	TRUE	TRUE	1.26000259115244e-08	3.15000647788111e-05
5-OXOPROLINE	3415	MoNA	FiehnHILIC001475	Pyroglutamic acid	inchikey_connectivity_formula_mass	2	FALSE	TRUE	1.22000187730009e-08	3.05000469325023e-05
PYRUVATE	3417	MoNA	FiehnHILIC001477	Pyruvic acid	inchikey_connectivity_formula_mass	2	FALSE	TRUE	6.700005883431e-09	1.67500147085775e-05
QUINOLINATE	3420	MoNA	FiehnHILIC001480	Quinolinic acid	inchikey_connectivity_formula_mass	2	FALSE	TRUE	1.4099981626714e-08	3.5249954066785e-05
CPD-1099	3422	MoNA	FiehnHILIC001482	Raffinose	inchikey	1	TRUE	TRUE	3.68000314665551e-08	7.29914550741033e-05
CPD-83	3427	MoNA	FiehnHILIC001487	Resveratrol	inchikey	1	TRUE	TRUE	7.50006279304216e-09	1.87501569826054e-05
RIBOFLAVIN	3428	MoNA	FiehnHILIC001488	Riboflavin	inchikey_connectivity_formula_mass	2	FALSE	TRUE	3.54000349034322e-08	8.85000872585806e-05
RIBOSE	3429	MoNA	FiehnHILIC001489	Ribose	name_formula_mass	4	TRUE	TRUE	1.15000204914395e-08	2.87500512285987e-05
L-Ribose	3429	MoNA	FiehnHILIC001489	Ribose	name_formula_mass	4	TRUE	TRUE	1.15000204914395e-08	2.87500512285987e-05
RIBOSE	3430	MoNA	FiehnHILIC001490	Ribose	name_formula_mass	4	TRUE	TRUE	1.15000204914395e-08	2.87500512285987e-05
L-Ribose	3430	MoNA	FiehnHILIC001490	Ribose	name_formula_mass	4	TRUE	TRUE	1.15000204914395e-08	2.87500512285987e-05
CPD-15318	3431	MoNA	FiehnHILIC001491	Ribose-5-phosphate	inchikey_connectivity_formula_mass	2	FALSE	TRUE	1.02099988907867e-07	0.000255249972269667
RUTIN	3439	MoNA	FiehnHILIC001499	Rutin	inchikey_connectivity_formula_mass	2	FALSE	TRUE	3.65999994755839e-08	5.99849158922336e-05
ADENOSYL-HOMO-CYS	3440	MoNA	FiehnHILIC001500	S-Adenosyl-homocysteine	inchikey	1	TRUE	TRUE	2.66299991835695e-07	0.000665749979589236
CPD-1142	3441	MoNA	FiehnHILIC001501	Salicin	inchikey	1	TRUE	TRUE	1.64999960361456e-08	4.1249990090364e-05
CPD-110	3442	MoNA	FiehnHILIC001502	Salicylic acid	inchikey_connectivity_formula_mass	2	FALSE	TRUE	6.90002366354747e-09	1.72500591588687e-05
CPD-173	3443	MoNA	FiehnHILIC001503	Salicylic alcohol	inchikey	1	TRUE	TRUE	5.00000396641553e-09	1.25000099160388e-05
SARCOSINE	3446	MoNA	FiehnHILIC001506	Sarcosine	inchikey	1	TRUE	TRUE	1.00999955066072e-08	2.52499887665181e-05
SCOPOLETIN	3447	MoNA	FiehnHILIC001507	Scopoletin	inchikey	1	TRUE	TRUE	9.19999365578406e-09	2.29999841394601e-05
CPD-8909	3449	MoNA	FiehnHILIC001509	Secoisolariciresinol	inchikey	1	TRUE	TRUE	1.51999870467989e-08	3.79999676169973e-05
SER	3450	MoNA	FiehnHILIC001510	Serine	inchikey	1	TRUE	TRUE	1.21999903512915e-08	3.04999758782287e-05
SHIKIMATE	3451	MoNA	FiehnHILIC001511	Shikimic acid	inchikey_connectivity_formula_mass	2	FALSE	TRUE	1.15000204914395e-08	2.87500512285987e-05
SINAPATE	3452	MoNA	FiehnHILIC001512	Sinapic acid	inchikey_connectivity_formula_mass	2	FALSE	TRUE	1.16999956389918e-08	2.92499890974796e-05
D-SORBITOL-6-P	3453	MoNA	FiehnHILIC001513	Sorbitol-6-phosphate	inchikey_connectivity_formula_mass	2	FALSE	TRUE	9.96000153463683e-08	0.000249000038365921
SORBITOL	3454	MoNA	FiehnHILIC001514	Sorbitol	inchikey	1	TRUE	TRUE	1.39999940529378e-08	3.49999851323446e-05
SUC	3458	MoNA	FiehnHILIC001518	Succinic acid	inchikey_connectivity_formula_mass	2	FALSE	TRUE	9.00000429737702e-09	2.25000107434425e-05
SUCROSE	3459	MoNA	FiehnHILIC001519	Sucrose	inchikey	1	TRUE	TRUE	2.5300039396825e-08	6.32500984920625e-05
TARTRATE	3466	MoNA	FiehnHILIC001526	Tartaric acid	name_formula_mass	4	FALSE	TRUE	1.32000081976003e-08	3.30000204940006e-05
Dihydroquercetins	3469	MoNA	FiehnHILIC001529	Taxifolin	name_formula_mass	4	TRUE	TRUE	1.59000137500698e-08	3.97500343751744e-05
CPD-474	3469	MoNA	FiehnHILIC001529	Taxifolin	name_formula_mass	4	FALSE	TRUE	1.59000137500698e-08	3.97500343751744e-05
CPD-9384	3473	MoNA	FiehnHILIC001533	Theanine	inchikey	1	TRUE	TRUE	1.81000245902396e-08	4.52500614755991e-05
CPD-12479	3474	MoNA	FiehnHILIC001534	Theophylline	inchikey	1	TRUE	TRUE	2.58000056874153e-08	6.45000142185381e-05
CPD0-1571	3475	MoNA	FiehnHILIC001535	Thiazolidine-4-carboxylic acid	inchikey_connectivity_formula_mass	2	FALSE	TRUE	2.99899994615771e-07	0.000749749986539427
THR	3477	MoNA	FiehnHILIC001537	Threonine	inchikey	1	TRUE	TRUE	1.23999939205532e-08	3.09999848013831e-05
THYMIDINE	3478	MoNA	FiehnHILIC001538	Thymidine	inchikey	1	TRUE	TRUE	2.22999858578987e-08	5.57499646447468e-05
TMP	3479	MoNA	FiehnHILIC001539	Thymidine 5'-monophosphate	inchikey_connectivity_formula_mass	2	FALSE	TRUE	9.13000803848263e-08	0.000228250200962066
TREHALOSE-6P	3486	MoNA	FiehnHILIC001546	Trehalose-6-Phosphate	inchikey_connectivity_formula_mass	2	FALSE	TRUE	8.82999984241906e-08	0.000209200783369618
TREHALOSE	3487	MoNA	FiehnHILIC001547	Trehalose	inchikey	1	TRUE	TRUE	2.5300039396825e-08	6.32500984920625e-05
TRP	3492	MoNA	FiehnHILIC001552	Tryptophan	inchikey	1	TRUE	TRUE	1.57999977545842e-08	3.94999943864605e-05
TYR	3495	MoNA	FiehnHILIC001555	Tyrosine	inchikey	1	TRUE	TRUE	1.2599997489815e-08	3.14999937245375e-05
URACIL	3496	MoNA	FiehnHILIC001556	Uracil	inchikey	1	TRUE	TRUE	1.49999976883919e-08	3.74999942209797e-05
CPD-14553	3500	MoNA	FiehnHILIC001560	Uridine diphosphate galactose	inchikey_connectivity_formula_mass	2	FALSE	TRUE	1.91499907487014e-07	0.000338306172710281
URIDINE	3504	MoNA	FiehnHILIC001564	Uridine	inchikey	1	TRUE	TRUE	2.42000055550307e-08	6.05000138875766e-05
CPD-12575	3505	MoNA	FiehnHILIC001565	Uridine diphosphate glucose	inchikey_connectivity_formula_mass	2	FALSE	TRUE	1.91500021173852e-07	0.000338306373550895
CPD-9247	3507	MoNA	FiehnHILIC001567	Vaccenic acid	inchikey_connectivity_formula_mass	2	FALSE	TRUE	7.60002194510889e-09	1.90000548627722e-05
VAL	3510	MoNA	FiehnHILIC001570	Valine	inchikey	1	TRUE	TRUE	1.05000026451307e-08	2.62500066128268e-05
VANILLATE	3512	MoNA	FiehnHILIC001572	Vanillic acid	inchikey_connectivity_formula_mass	2	FALSE	TRUE	9.19999365578406e-09	2.29999841394601e-05
VANILLIN	3513	MoNA	FiehnHILIC001573	Vanillin	inchikey	1	TRUE	TRUE	7.10002723280923e-09	1.77500680820231e-05
CPD-8065	3515	MoNA	FiehnHILIC001575	Verbascose	inchikey	1	TRUE	TRUE	5.98000724494341e-08	7.21983585400857e-05
CPD-19894	3516	MoNA	FiehnHILIC001576	Vincristine	inchikey	1	TRUE	TRUE	4.7400021685462e-08	5.74964121202321e-05
VITEXIN	3517	MoNA	FiehnHILIC001577	Vitexin	inchikey_connectivity_formula_mass	2	FALSE	TRUE	2.29999841394601e-08	5.32276870400454e-05
3-URACIL-1-YL-L-SERINE	3520	MoNA	FiehnHILIC001580	Willardiine	inchikey	1	TRUE	TRUE	2.49000038365921e-08	6.22500095914802e-05
XANTHOSINE	3521	MoNA	FiehnHILIC001581	Xanthosine	inchikey	1	TRUE	TRUE	3.46000774698041e-08	8.65001936745102e-05
XYLITOL	3522	MoNA	FiehnHILIC001582	Xylitol	name_formula_mass	4	TRUE	TRUE	1.17000240607013e-08	2.92500601517531e-05
D-Xylose	3523	MoNA	FiehnHILIC001583	Xylose	inchikey	1	TRUE	TRUE	1.15000204914395e-08	2.87500512285987e-05
CPD-15377	3523	MoNA	FiehnHILIC001583	Xylose	inchikey	1	TRUE	TRUE	1.15000204914395e-08	2.87500512285987e-05
2-OXINDOLE-3-ACETIC-ACID	3527	MoNA	FiehnHILIC001587	(2-oxo-2,3-dihydro-1H-indol-3-yl)acetic acid	inchikey_connectivity_formula_mass	2	FALSE	TRUE	1.23999939205532e-08	3.09999848013831e-05
ESTRONE	3530	MoNA	FiehnHILIC001590	1,3,5(10)-Estratrien-3-ol-17-one	inchikey	1	TRUE	TRUE	6.40000052953837e-09	1.60000013238459e-05
CPD-12480	3531	MoNA	FiehnHILIC001591	1,3,7-Trimethyluric acid	inchikey	1	TRUE	TRUE	2.81000325230707e-08	7.02500813076767e-05
1-7-DIMETHYLXANTHINE	3536	MoNA	FiehnHILIC001596	1,7-Dimethylxanthine	inchikey	1	TRUE	TRUE	2.58000056874153e-08	6.45000142185381e-05
CPD-16717	3546	MoNA	FiehnHILIC001606	1-Monostearin	name_formula_mass	4	TRUE	TRUE	1.26000259115244e-08	3.15000647788111e-05
DEOXYADENOSINE	3551	MoNA	FiehnHILIC001611	2'-Deoxyadenosine	inchikey	1	TRUE	TRUE	3.36000027800765e-08	8.40000069501912e-05
DEOXYCYTIDINE	3552	MoNA	FiehnHILIC001612	2'-Deoxycytidine	inchikey	1	TRUE	TRUE	2.53000109751156e-08	6.3250027437789e-05
DEOXYGUANOSINE	3553	MoNA	FiehnHILIC001613	2'-Deoxyguanosine	inchikey	1	TRUE	TRUE	3.56999976247607e-08	8.92499940619018e-05
DEOXYURIDINE	3554	MoNA	FiehnHILIC001614	2'-Deoxyuridine	inchikey	1	TRUE	TRUE	2.2099982288637e-08	5.52499557215924e-05
BUTANEDIOL	3561	MoNA	FiehnHILIC001621	2,3-Butanediol	name_formula_mass	4	TRUE	TRUE	5.19999332482257e-09	1.29999833120564e-05
CPD-20332	3562	MoNA	FiehnHILIC001622	2,6-Diaminopimelic acid	inchikey	1	TRUE	TRUE	2.01999910132145e-08	5.04999775330361e-05
CPD-239	3568	MoNA	FiehnHILIC001628	2-Aminoethanethiol	inchikey_connectivity_formula_mass	2	FALSE	TRUE	3.04099998515994e-07	0.000760249996289986
DAMP	3570	MoNA	FiehnHILIC001630	2'-Deoxyadenosine-5'-monophosphate	inchikey_connectivity_formula_mass	2	FALSE	TRUE	8.00000066192297e-08	0.000200000016548074
2-HYDROXYGLUTARIC_ACID	3576	MoNA	FiehnHILIC001636	2-Hydroxyglutaric acid	inchikey_connectivity_formula_mass	2	FALSE	TRUE	1.13000169221777e-08	2.82500423054444e-05
CPD-238	3581	MoNA	FiehnHILIC001641	2-Phenylacetamide	inchikey	1	TRUE	TRUE	8.20000423118472e-09	2.05000105779618e-05
CPD-670	3591	MoNA	FiehnHILIC001651	3-(1-Pyrazolyl)-alanine	inchikey	1	TRUE	TRUE	2.07000141472236e-08	5.17500353680589e-05
3-AMINO-ISOBUTYRATE	3593	MoNA	FiehnHILIC001653	3-Aminoisobutyric acid	inchikey	1	TRUE	TRUE	1.0299999075869e-08	2.57499976896725e-05
3-HYDROXY-ANTHRANILATE	3597	MoNA	FiehnHILIC001657	3-Hydroxyanthranilic acid	inchikey_connectivity_formula_mass	2	FALSE	TRUE	1.21999903512915e-08	3.04999758782287e-05
INDOLE_ACETATE_AUXIN	3602	MoNA	FiehnHILIC001662	3-Indoleacetic acid	inchikey_connectivity_formula_mass	2	FALSE	TRUE	1.0299999075869e-08	2.57499976896725e-05
INDOLEYL-CPD	3603	MoNA	FiehnHILIC001663	3-Indoleacetonitrile	inchikey	1	TRUE	TRUE	1.12000293484016e-08	2.8000073371004e-05
3-UREIDO-PROPIONATE	3614	MoNA	FiehnHILIC001674	3-Ureidopropionic acid	inchikey_connectivity_formula_mass	2	FALSE	TRUE	1.74999854607449e-08	4.37499636518623e-05
CPD-3141	3615	MoNA	FiehnHILIC001675	4,5,7-Trihydroxyisoflavone	inchikey_connectivity_formula_mass	2	FALSE	TRUE	1.14999920697301e-08	2.87499801743252e-05
CPD-6862	3622	MoNA	FiehnHILIC001682	4-Hydroxy-6-methyl-2-pyrone	inchikey_connectivity_formula_mass	2	FALSE	TRUE	6.89999524183804e-09	1.72499881045951e-05
4-HYDROXYBENZALDEHYDE	3623	MoNA	FiehnHILIC001683	4-Hydroxybenzaldehyde	inchikey	1	TRUE	TRUE	4.80000039715378e-09	1.20000009928845e-05
CPD-12889	3625	MoNA	FiehnHILIC001685	4-Hydroxymandelonitrile	inchikey	1	TRUE	TRUE	1.00999955066072e-08	2.52499887665181e-05
P-HYDROXY-PHENYLPYRUVATE	3626	MoNA	FiehnHILIC001686	4-Hydroxyphenylpyruvic acid	inchikey_connectivity_formula_mass	2	FALSE	TRUE	9.19999365578406e-09	2.29999841394601e-05
THZ	3628	MoNA	FiehnHILIC001688	4-Methyl-5-thiazoleethanol	inchikey	1	TRUE	TRUE	3.01799985891194e-07	0.000754499964727984
CPD-182	3629	MoNA	FiehnHILIC001689	4-Methylumbelliferone	inchikey	1	TRUE	TRUE	7.10002723280923e-09	1.77500680820231e-05
5-METHYLTHIOADENOSINE	3634	MoNA	FiehnHILIC001694	5'-Methylthioadenosine	inchikey	1	TRUE	TRUE	2.76199955351331e-07	0.000690499888378326
DIHYDRO-THYMINE	3636	MoNA	FiehnHILIC001696	5,6-Dihydro-5-methyluracil	inchikey	1	TRUE	TRUE	1.53999906160607e-08	3.84999765401517e-05
5-METHOXYFURANOCOUMARIN	3647	MoNA	FiehnHILIC001707	5-Methoxypsoralen	inchikey	1	TRUE	TRUE	9.19999365578406e-09	2.29999841394601e-05
CPD0-2495	3652	MoNA	FiehnHILIC001712	5-Methylcytidine	inchikey	1	TRUE	TRUE	2.7600037810771e-08	6.90000945269276e-05
CPD-15123	3653	MoNA	FiehnHILIC001713	5-Methyluridine	inchikey	1	TRUE	TRUE	2.4399980702583e-08	6.09999517564574e-05
CPD-8097	3655	MoNA	FiehnHILIC001715	6,7-Dihydroxycoumarin	inchikey	1	TRUE	TRUE	8.9999900865223e-09	2.24999752163058e-05
CPD-8138	3658	MoNA	FiehnHILIC001718	6-Hydroxyflavone	inchikey	1	TRUE	TRUE	7.30000238036155e-09	1.82500059509039e-05
Thiopurine-Methylethers	3660	MoNA	FiehnHILIC001720	6-Methylmercaptopurine	inchikey	1	TRUE	TRUE	2.88599977693593e-07	0.000721499944233983
78-dihydrobiopterins	3661	MoNA	FiehnHILIC001721	7,8-Dihydrobiopterin	inchikey	1	TRUE	TRUE	3.36000027800765e-08	8.40000069501912e-05
CPD-15544	3662	MoNA	FiehnHILIC001722	7-Methylguanosine	inchikey	1	FALSE	TRUE	1.00837365010926	2520.93412527316
CPD-8694	3665	MoNA	FiehnHILIC001725	Abietic acid	inchikey_connectivity_formula_mass	2	FALSE	TRUE	7.20001480658539e-09	1.80000370164635e-05
CPD-693	3666	MoNA	FiehnHILIC001726	Abscisic acid	name_formula_mass	4	FALSE	TRUE	1.04000150713546e-08	2.60000376783864e-05
CPD-238	3669	MoNA	FiehnHILIC001729	Acetanilide	name_formula_mass	4	TRUE	TRUE	8.20000423118472e-09	2.05000105779618e-05
ADENINE	3675	MoNA	FiehnHILIC001735	Adenine	inchikey	1	TRUE	TRUE	2.65000039689767e-08	6.62500099224417e-05
CAMP	3676	MoNA	FiehnHILIC001736	Adenosine 3',5'-cyclic monophosphate	inchikey_connectivity_formula_mass	2	FALSE	TRUE	8.02000386102009e-08	0.000200500096525502
CPD-3706	3677	MoNA	FiehnHILIC001737	Adenosine-3-monophosphate	inchikey_connectivity_formula_mass	2	FALSE	TRUE	7.79000401962548e-08	0.000194750100490637
ADENOSINE	3678	MoNA	FiehnHILIC001738	Adenosine	inchikey	1	TRUE	TRUE	3.56999976247607e-08	8.92499940619018e-05
AGMATHINE	3681	MoNA	FiehnHILIC001741	Agmatine	inchikey_connectivity_formula_mass	2	FALSE	TRUE	2.21999982841226e-08	5.54999957103064e-05
ALLO-THR	3689	MoNA	FiehnHILIC001749	Allothreonine	name_formula_mass	4	TRUE	TRUE	1.23999939205532e-08	3.09999848013831e-05
CPD-479	3691	MoNA	FiehnHILIC001751	alpha-Keto-gamma-(methylthio)butyric acid	inchikey_connectivity_formula_mass	2	FALSE	TRUE	3.02899991311278e-07	0.000757249978278196
CPD-20952	3703	MoNA	FiehnHILIC001763	Amphetamine	name_formula_mass	4	FALSE	TRUE	6.50001652502397e-09	1.62500413125599e-05
ARG	3711	MoNA	FiehnHILIC001771	Arginine	inchikey_connectivity_formula_mass	2	FALSE	TRUE	2.64000163952005e-08	6.60000409880013e-05
ASCORBATE	3713	MoNA	FiehnHILIC001773	Ascorbic acid	inchikey_connectivity_formula_mass	2	FALSE	TRUE	1.33999833451526e-08	3.34999583628814e-05
ASN	3715	MoNA	FiehnHILIC001775	Asparagine	inchikey	1	TRUE	TRUE	1.74999854607449e-08	4.37499636518623e-05
L-ASPARTATE	3716	MoNA	FiehnHILIC001776	Aspartic acid	inchikey_connectivity_formula_mass	2	FALSE	TRUE	1.42999851959758e-08	3.57499629899394e-05
BENZOATE	3727	MoNA	FiehnHILIC001787	Benzoic acid	inchikey_connectivity_formula_mass	2	FALSE	TRUE	4.80000039715378e-09	1.20000009928845e-05
CPD-6501	3731	MoNA	FiehnHILIC001791	Benzylacetate	inchikey	1	TRUE	TRUE	5.20000753567729e-09	1.30000188391932e-05
BESTATIN	3732	MoNA	FiehnHILIC001792	Bestatin	name_formula_mass	4	TRUE	TRUE	2.12000372812327e-08	5.30000932030816e-05
CPD-14642	3733	MoNA	FiehnHILIC001793	beta-Hydroxyisovaleric acid	inchikey_connectivity_formula_mass	2	FALSE	TRUE	7.30000238036155e-09	1.82500059509039e-05
BETAINE	3734	MoNA	FiehnHILIC001794	Betaine	inchikey	1	FALSE	TRUE	2.01565007470001	5039.12518675001
BILIVERDINE	3739	MoNA	FiehnHILIC001799	Biliverdin	inchikey_connectivity_formula_mass	2	FALSE	TRUE	3.68000883099739e-08	6.32034781542522e-05
CPD-676	3749	MoNA	FiehnHILIC001809	Caffeic acid	inchikey_connectivity_formula_mass	2	FALSE	TRUE	9.19999365578406e-09	2.29999841394601e-05
1-3-7-TRIMETHYLXANTHINE	3750	MoNA	FiehnHILIC001810	Caffeine	inchikey	1	TRUE	TRUE	2.6000009256677e-08	6.50000231416925e-05
THIAZOL-YL-INDOLE	3751	MoNA	FiehnHILIC001811	Camalexin	inchikey	1	TRUE	TRUE	2.98799960773977e-07	0.000746999901934942
CANAVANINE	3752	MoNA	FiehnHILIC001812	Canavanine	inchikey_connectivity_formula_mass	2	FALSE	TRUE	2.8300007670623e-08	7.07500191765575e-05
CAPSAICIN	3753	MoNA	FiehnHILIC001813	Capsaicin	inchikey	1	TRUE	TRUE	1.42000544656185e-08	3.55001361640461e-05
CPD-1961	3759	MoNA	FiehnHILIC001819	Catechin	inchikey	1	TRUE	TRUE	1.40000224746473e-08	3.50000561866182e-05
CAFFEOYLQUINATE	3772	MoNA	FiehnHILIC001832	Chlorogenic acid	inchikey_connectivity_formula_mass	2	FALSE	TRUE	2.06999857255141e-08	5.17499643137853e-05
L-CITRULLINE	3778	MoNA	FiehnHILIC001838	Citrulline	inchikey	1	TRUE	TRUE	2.32000161304313e-08	5.80000403260783e-05
CPD-15141	3779	MoNA	FiehnHILIC001839	Cladribine	inchikey	1	FALSE	FALSE	6.35000105830841e-08	0.00015875002645771
CPD-9776	3786	MoNA	FiehnHILIC001846	Cocaine	inchikey_connectivity_formula_mass	2	FALSE	TRUE	1.56999817590986e-08	3.92499543977465e-05
CONIFERYL-ALDEHYDE	3787	MoNA	FiehnHILIC001847	Coniferylaldehyde	inchikey	1	TRUE	TRUE	7.30000238036155e-09	1.82500059509039e-05
CPD-10129	3788	MoNA	FiehnHILIC001848	Cordycepin	inchikey	1	TRUE	TRUE	3.36000312017859e-08	8.40000780044647e-05
CORTISONE	3790	MoNA	FiehnHILIC001850	Cortisone	inchikey	1	TRUE	TRUE	1.33000526147953e-08	3.32501315369882e-05
Coumarins	3794	MoNA	FiehnHILIC001854	Coumarin	inchikey	1	TRUE	TRUE	4.80000039715378e-09	1.20000009928845e-05
COUMARIN	3794	MoNA	FiehnHILIC001854	Coumarin	inchikey	1	TRUE	TRUE	4.80000039715378e-09	1.20000009928845e-05
CPD-303	3799	MoNA	FiehnHILIC001859	Cyclohexanamine	inchikey_connectivity_formula_mass	2	FALSE	TRUE	6.49998810331454e-09	1.62499702582863e-05
L-CYSTATHIONINE	3801	MoNA	FiehnHILIC001861	Cystathionine	inchikey	1	TRUE	TRUE	2.89799999109164e-07	0.000724499997772909
L-CYSTEATE	3802	MoNA	FiehnHILIC001862	Cysteic acid	inchikey_connectivity_formula_mass	2	FALSE	TRUE	2.93600010081718e-07	0.000734000025204296
CYS	3803	MoNA	FiehnHILIC001863	Cysteine	inchikey	1	TRUE	TRUE	2.99899994615771e-07	0.000749749986539427
CYTIDINE	3804	MoNA	FiehnHILIC001864	Cytidine	inchikey	1	TRUE	TRUE	2.74000058197998e-08	6.85000145494996e-05
CYTOSINE	3805	MoNA	FiehnHILIC001865	Cytosine	inchikey	1	TRUE	TRUE	1.82000121640158e-08	4.55000304100395e-05
DAIDZEIN	3807	MoNA	FiehnHILIC001867	Daidzein	inchikey	1	TRUE	TRUE	9.39999722504581e-09	2.34999930626145e-05
DCMP	3812	MoNA	FiehnHILIC001872	Deoxycytidine 5'-monophosphate	inchikey_connectivity_formula_mass	2	FALSE	TRUE	8.82999415807717e-08	0.000220749853951929
DUMP	3813	MoNA	FiehnHILIC001873	Deoxyuridine monophosphate	inchikey_connectivity_formula_mass	2	FALSE	TRUE	9.14999986889597e-08	0.000228749996722399
CPD-332	3826	MoNA	FiehnHILIC001886	Dihydrozeatin	name_formula_mass	4	TRUE	TRUE	2.95999882382603e-08	7.39999705956507e-05
DISULFIRAM	3832	MoNA	FiehnHILIC001892	Disulfiram	inchikey	1	TRUE	TRUE	1.22759996656896e-06	0.0030689999164224
DOPAMINE	3838	MoNA	FiehnHILIC001898	Dopamine	inchikey_connectivity_formula_mass	2	FALSE	TRUE	1.05000026451307e-08	2.62500066128268e-05
CPD-9777	3847	MoNA	FiehnHILIC001907	Ecgonine methylester	inchikey_connectivity_formula_mass	2	FALSE	TRUE	1.32000366193097e-08	3.30000915482742e-05
CPD-7630	3853	MoNA	FiehnHILIC001913	Epicatechin	inchikey	1	TRUE	TRUE	1.40000224746473e-08	3.50000561866182e-05
CPD-10411	3854	MoNA	FiehnHILIC001914	Epigallocatechin	inchikey	1	TRUE	TRUE	1.60999888976221e-08	4.02499722440552e-05
ERGOSTEROL	3857	MoNA	FiehnHILIC001917	Ergosterol	inchikey	1	TRUE	TRUE	6.50010179015226e-09	1.62502544753806e-05
FERULIC-ACID	3877	MoNA	FiehnHILIC001937	Ferulic acid	name_formula_mass	4	FALSE	TRUE	9.39999722504581e-09	2.34999930626145e-05
CPD-20520	3885	MoNA	FiehnHILIC001945	Fluvoxamine	inchikey	1	FALSE	TRUE	4.32999627264508e-08	0.000108249906816127
FORMONONETIN	3887	MoNA	FiehnHILIC001947	Formononetine	inchikey	1	TRUE	TRUE	9.60000079430756e-09	2.40000019857689e-05
CPD-19430	3891	MoNA	FiehnHILIC001951	Galanthamine	inchikey	1	TRUE	TRUE	1.36000153361238e-08	3.40000383403094e-05
CPD-633	3896	MoNA	FiehnHILIC001956	Gentisinic acid	inchikey_connectivity_formula_mass	2	FALSE	TRUE	8.9999900865223e-09	2.24999752163058e-05
CPD-7618	3897	MoNA	FiehnHILIC001957	Geranic acid	inchikey_connectivity_formula_mass	2	FALSE	TRUE	5.79998982175312e-09	1.44999745543828e-05
CPDQT-280	3901	MoNA	FiehnHILIC001961	Glucoraphanin	inchikey_connectivity_formula_mass	2	FALSE	TRUE	9.0149995912725e-07	0.00206270047563264
D-Glucose	3902	MoNA	FiehnHILIC001962	Glucose	inchikey	1	TRUE	TRUE	1.38000189053855e-08	3.45000472634638e-05
CPD-15374	3902	MoNA	FiehnHILIC001962	Glucose	inchikey	1	TRUE	TRUE	1.38000189053855e-08	3.45000472634638e-05
GLT	3903	MoNA	FiehnHILIC001963	Glutamic acid	inchikey_connectivity_formula_mass	2	FALSE	TRUE	1.44999887652375e-08	3.62499719130938e-05
GLN	3904	MoNA	FiehnHILIC001964	Glutamine	name_formula_mass	4	TRUE	TRUE	1.77000174517161e-08	4.42500436292903e-05
OXIDIZED-GLUTATHIONE	3905	MoNA	FiehnHILIC001965	Glutathione (oxidized)	inchikey_connectivity_formula_mass	2	FALSE	TRUE	5.60400053473131e-07	0.000915459049956262
GLUTATHIONE	3906	MoNA	FiehnHILIC001966	Glutathione (reduced)	inchikey_connectivity_formula_mass	2	FALSE	TRUE	2.80099982319371e-07	0.000700249955798427
GUANINE	3916	MoNA	FiehnHILIC001976	Guanine	inchikey	1	TRUE	TRUE	2.85999988136609e-08	7.14999970341523e-05
GUANOSINE	3917	MoNA	FiehnHILIC001977	Guanosine	inchikey	1	TRUE	TRUE	3.78000208911544e-08	9.4500052227886e-05
HEXANOATE	3923	MoNA	FiehnHILIC001983	Hexanoic acid	inchikey_connectivity_formula_mass	2	FALSE	TRUE	5.39999689408432e-09	1.34999922352108e-05
HIS	3924	MoNA	FiehnHILIC001984	Histidine	inchikey	1	TRUE	TRUE	2.07000141472236e-08	5.17500353680589e-05
HOMOARGININE	3926	MoNA	FiehnHILIC001986	Homoarginine	inchikey_connectivity_formula_mass	2	FALSE	TRUE	2.66000199644623e-08	6.65000499111557e-05
HOMO-CYS	3927	MoNA	FiehnHILIC001987	Homocysteine	inchikey	1	TRUE	TRUE	2.99699991046509e-07	0.000749249977616273
HOMO-SER	3930	MoNA	FiehnHILIC001990	Homoserine	inchikey	1	TRUE	TRUE	1.23999939205532e-08	3.09999848013831e-05
4-HYDROXY-L-PROLINE	3936	MoNA	FiehnHILIC001996	Hydroxyproline	inchikey	1	TRUE	TRUE	1.23999939205532e-08	3.09999848013831e-05
L-HYOSCYAMINE	3937	MoNA	FiehnHILIC001997	Hyoscyamine	inchikey_connectivity_formula_mass	2	FALSE	TRUE	1.38000473270949e-08	3.45001183177374e-05
HYPOXANTHINE	3938	MoNA	FiehnHILIC001998	Hypoxanthine	inchikey	1	TRUE	TRUE	2.33000037042075e-08	5.82500092605187e-05
CPD-237	3948	MoNA	FiehnHILIC002008	Indole-3-acetamide	inchikey	1	TRUE	TRUE	1.34999993406382e-08	3.37499983515954e-05
CPDQT-428	3949	MoNA	FiehnHILIC002009	Indole-3-carbinol	inchikey	1	TRUE	TRUE	8.20000423118472e-09	2.05000105779618e-05
INDOLE-3-CARBOXALDEHYDE	3950	MoNA	FiehnHILIC002010	Indole-3-carboxaldehyde	inchikey	1	TRUE	TRUE	8.00000066192297e-09	2.00000016548074e-05
CPD-13135	3951	MoNA	FiehnHILIC002011	Indole-3-carboxylic acid	inchikey_connectivity_formula_mass	2	FALSE	TRUE	1.00999955066072e-08	2.52499887665181e-05
INDOLE-PROPIONATE	3952	MoNA	FiehnHILIC002012	Indole-3-propionic acid	inchikey_connectivity_formula_mass	2	FALSE	TRUE	1.05000026451307e-08	2.62500066128268e-05
INDOLE_LACTATE	3953	MoNA	FiehnHILIC002013	Indolelactic acid	inchikey_connectivity_formula_mass	2	FALSE	TRUE	1.26000259115244e-08	3.15000647788111e-05
INOSINE	3955	MoNA	FiehnHILIC002015	Inosine	inchikey	1	TRUE	TRUE	3.25000542034104e-08	8.1250135508526e-05
ILE	3962	MoNA	FiehnHILIC002022	Isoleucine	inchikey	1	TRUE	TRUE	1.07000062143925e-08	2.67500155359812e-05
Isomaltose	3963	MoNA	FiehnHILIC002023	Isomaltose	name_formula_mass	4	TRUE	TRUE	2.5300039396825e-08	6.32500984920625e-05
CPD-4209	3964	MoNA	FiehnHILIC002024	Isopentenyladenine	inchikey	1	TRUE	TRUE	2.72999898243143e-08	6.82499745607856e-05
CPD1F-437	3965	MoNA	FiehnHILIC002025	Isoquercetrin	inchikey_connectivity_formula_mass	2	FALSE	TRUE	2.71999738288287e-08	5.86085735137522e-05
CPD-14969	3966	MoNA	FiehnHILIC002026	Isorhamnetin-3-glucoside	inchikey	1	TRUE	TRUE	2.7399948976381e-08	5.73087457633401e-05
CPD1F-90	3973	MoNA	FiehnHILIC002033	Kaempferol	inchikey_connectivity_formula_mass	2	FALSE	TRUE	1.36000153361238e-08	3.40000383403094e-05
2-KETO-ISOVALERATE	3975	MoNA	FiehnHILIC002035	Ketoisovaleric acid	inchikey_connectivity_formula_mass	2	FALSE	TRUE	7.0999988110998e-09	1.77499970277495e-05
KYNURENATE	3978	MoNA	FiehnHILIC002038	Kynurenic acid	inchikey_connectivity_formula_mass	2	FALSE	TRUE	1.21999903512915e-08	3.04999758782287e-05
CPD-14736	3979	MoNA	FiehnHILIC002039	Kynurenine	inchikey	1	TRUE	TRUE	1.78999925992684e-08	4.47499814981711e-05
LEU	3987	MoNA	FiehnHILIC002047	Leucine	inchikey	1	TRUE	TRUE	1.07000062143925e-08	2.67500155359812e-05
Limonenes	3994	MoNA	FiehnHILIC002054	Limonene	name_formula_mass	4	TRUE	TRUE	1.60000013238459e-09	4.00000033096148e-06
CPD-3061	3998	MoNA	FiehnHILIC002058	Liquiritigenin	inchikey	1	TRUE	TRUE	9.60000079430756e-09	2.40000019857689e-05
LYS	4011	MoNA	FiehnHILIC002071	Lysine	inchikey_connectivity_formula_mass	2	FALSE	TRUE	1.60000013238459e-08	4.00000033096148e-05
N-ACETYL-5-METHOXY-TRYPTAMINE	4019	MoNA	FiehnHILIC002079	Melatonin	inchikey	1	TRUE	TRUE	1.62000048931077e-08	4.05000122327692e-05
MET	4030	MoNA	FiehnHILIC002090	Methionine	inchikey	1	TRUE	TRUE	2.99499987477247e-07	0.000748749968693119
L-Methionine-sulfoxides	4031	MoNA	FiehnHILIC002091	Methioninesulfoxide	inchikey	1	TRUE	TRUE	2.97399964210854e-07	0.000743499910527134
CPD-6041	4033	MoNA	FiehnHILIC002093	Methotrexate	inchikey_connectivity_formula_mass	2	FALSE	TRUE	5.42999600838812e-08	0.00011955832124991
MYRICETIN	4056	MoNA	FiehnHILIC002116	Myricetin	inchikey_connectivity_formula_mass	2	FALSE	TRUE	1.78000618689111e-08	4.45001546722779e-05
N-ACETYL-SEROTONIN	4064	MoNA	FiehnHILIC002124	N-Acetyl-5-hydroxytryptamine	inchikey	1	TRUE	TRUE	1.60000013238459e-08	4.00000033096148e-05
N-acetyl-D-glucosamine	4072	MoNA	FiehnHILIC002132	N-Acetylglucosamine	inchikey	1	TRUE	TRUE	1.92999891623913e-08	4.82499729059782e-05
N-acetyl-D-mannosamine	4074	MoNA	FiehnHILIC002134	N-Acetylmannosamine	inchikey	1	TRUE	TRUE	1.92999891623913e-08	4.82499729059782e-05
N-ACETYLNEURAMINATE	4076	MoNA	FiehnHILIC002136	N-Acetylneuraminic acid	inchikey_connectivity_formula_mass	2	FALSE	TRUE	2.6000009256677e-08	6.50000231416925e-05
CPD-402	4088	MoNA	FiehnHILIC002148	N-Methylanthranilic acid	inchikey_connectivity_formula_mass	2	FALSE	TRUE	1.0299999075869e-08	2.57499976896725e-05
CPD-4207	4102	MoNA	FiehnHILIC002162	N6-Isopentenyladenosine	inchikey	1	TRUE	TRUE	3.64999550583889e-08	9.12498876459722e-05
CPD-3462	4104	MoNA	FiehnHILIC002164	N8-Acetylspermidine	inchikey_connectivity_formula_mass	2	FALSE	TRUE	1.98000122964004e-08	4.9500030741001e-05
NARINGIN	4111	MoNA	FiehnHILIC002171	Naringin	inchikey	1	TRUE	TRUE	3.26000417771866e-08	5.61896073744961e-05
NIACINAMIDE	4117	MoNA	FiehnHILIC002177	Nicotinamide	inchikey	1	TRUE	TRUE	1.31000064129694e-08	3.27500160324234e-05
NIACINE	4118	MoNA	FiehnHILIC002178	Nicotinic acid	inchikey_connectivity_formula_mass	2	FALSE	TRUE	9.89999193734548e-09	2.47499798433637e-05
L-2-AMINOHEXANOATE	4129	MoNA	FiehnHILIC002189	Norleucine	inchikey	1	TRUE	TRUE	1.07000062143925e-08	2.67500155359812e-05
L-2-AMINOPENTANOIC-ACID	4131	MoNA	FiehnHILIC002191	Norvaline	inchikey	1	TRUE	TRUE	1.05000026451307e-08	2.62500066128268e-05
CPD-14834	4132	MoNA	FiehnHILIC002192	Noscapine	inchikey	1	TRUE	TRUE	2.2200026705832e-08	5.37339068487231e-05
ACETYLSERINE	4133	MoNA	FiehnHILIC002193	O-Acetyl-L-serine	inchikey	1	TRUE	TRUE	1.45000171869469e-08	3.62500429673673e-05
OCTANOL	4136	MoNA	FiehnHILIC002196	Octanol	inchikey	1	TRUE	TRUE	3.89999854633061e-09	9.74999636582652e-06
CPD-309	4137	MoNA	FiehnHILIC002197	Octopine	inchikey	1	TRUE	TRUE	3.10000132230925e-08	7.75000330577313e-05
L-ORNITHINE	4146	MoNA	FiehnHILIC002206	Ornithine	inchikey_connectivity_formula_mass	2	FALSE	TRUE	1.57999977545842e-08	3.94999943864605e-05
COUMARATE	4158	MoNA	FiehnHILIC002218	p-Coumaric acid	inchikey_connectivity_formula_mass	2	FALSE	TRUE	7.10002723280923e-09	1.77500680820231e-05
PANTOTHENATE	4163	MoNA	FiehnHILIC002223	Pantothenic acid	inchikey_connectivity_formula_mass	2	FALSE	TRUE	1.74000263086782e-08	4.35000657716955e-05
CPD-15742	4164	MoNA	FiehnHILIC002224	Papaverine	inchikey	1	TRUE	TRUE	1.56999817590986e-08	3.92499543977465e-05
PHENYLETHYLAMINE	4180	MoNA	FiehnHILIC002240	Phenethylamine	inchikey_connectivity_formula_mass	2	FALSE	TRUE	6.2999987449075e-09	1.57499968622687e-05
PHENYLACETALDEHYDE	4184	MoNA	FiehnHILIC002244	Phenylacetaldehyde	inchikey	1	TRUE	TRUE	2.89999491087656e-09	7.24998727719139e-06
PHE	4187	MoNA	FiehnHILIC002247	Phenylalanine	name_formula_mass	4	TRUE	TRUE	1.05000026451307e-08	2.62500066128268e-05
PHLORETIN	4191	MoNA	FiehnHILIC002251	Phloretin	inchikey	1	TRUE	TRUE	1.18999992082536e-08	2.97499980206339e-05
CPD-6881	4192	MoNA	FiehnHILIC002252	Phlorobenzophenone	inchikey	1	TRUE	TRUE	9.39999722504581e-09	2.34999930626145e-05
CPD-16	4193	MoNA	FiehnHILIC002253	Phloroglucinol	inchikey	1	TRUE	TRUE	6.89999524183804e-09	1.72499881045951e-05
PHTHALATE	4195	MoNA	FiehnHILIC002255	Phthalic acid	inchikey_connectivity_formula_mass	2	FALSE	TRUE	8.9999900865223e-09	2.24999752163058e-05
PHYTOSPINGOSINE	4197	MoNA	FiehnHILIC002257	Phytosphingosine	inchikey_connectivity_formula_mass	2	FALSE	TRUE	1.53999621943512e-08	3.84999054858781e-05
CPD-20333	4203	MoNA	FiehnHILIC002263	Pipecolic acid	inchikey	1	TRUE	TRUE	1.05000026451307e-08	2.62500066128268e-05
N-EE-PIPEROYL-PIPERIDINE	4204	MoNA	FiehnHILIC002264	Piperine	inchikey	1	TRUE	TRUE	1.33999833451526e-08	3.34999583628814e-05
PORPHOBILINOGEN	4209	MoNA	FiehnHILIC002269	Porphobilinogen	inchikey_connectivity_formula_mass	2	FALSE	TRUE	2.01999910132145e-08	5.04999775330361e-05
PROGESTERONE	4216	MoNA	FiehnHILIC002276	Progesterone	inchikey	1	TRUE	TRUE	7.20001480658539e-09	1.80000370164635e-05
PRO	4217	MoNA	FiehnHILIC002277	Proline	inchikey	1	TRUE	TRUE	1.0299999075869e-08	2.57499976896725e-05
CPD-6959	4221	MoNA	FiehnHILIC002281	Pterostilbene	inchikey	1	TRUE	TRUE	7.90004150985624e-09	1.97501037746406e-05
PURINE	4222	MoNA	FiehnHILIC002282	Purine	inchikey	1	TRUE	TRUE	2.11999946486685e-08	5.29999866216713e-05
PYRIDOXINE	4224	MoNA	FiehnHILIC002284	Pyridoxine	inchikey	1	TRUE	TRUE	1.2599997489815e-08	3.14999937245375e-05
CPD-1099	4232	MoNA	FiehnHILIC002292	Raffinose	inchikey	1	TRUE	TRUE	3.68000314665551e-08	7.29914550741033e-05
CPD-83	4239	MoNA	FiehnHILIC002299	Resveratrol	inchikey	1	TRUE	TRUE	7.50006279304216e-09	1.87501569826054e-05
RETINOATE	4240	MoNA	FiehnHILIC002300	Retinoic acid	inchikey_connectivity_formula_mass	2	FALSE	TRUE	6.9999828156142e-09	1.74999570390355e-05
RIBOFLAVIN	4241	MoNA	FiehnHILIC002301	Riboflavin	inchikey_connectivity_formula_mass	2	FALSE	TRUE	3.54000349034322e-08	8.85000872585806e-05
CPD-1142	4256	MoNA	FiehnHILIC002316	Salicin	inchikey	1	TRUE	TRUE	1.64999960361456e-08	4.1249990090364e-05
SCOPOLAMINE	4260	MoNA	FiehnHILIC002320	Scopolamine	name_formula_mass	4	TRUE	TRUE	1.56999817590986e-08	3.92499543977465e-05
SCOPOLETIN	4261	MoNA	FiehnHILIC002321	Scopoletin	inchikey	1	TRUE	TRUE	9.19999365578406e-09	2.29999841394601e-05
SER	4265	MoNA	FiehnHILIC002325	Serine	inchikey	1	TRUE	TRUE	1.21999903512915e-08	3.04999758782287e-05
SEROTONIN	4266	MoNA	FiehnHILIC002326	Serotonin	inchikey_connectivity_formula_mass	2	FALSE	TRUE	1.37000029098999e-08	3.42500072747498e-05
D-SORBITOL-6-P	4269	MoNA	FiehnHILIC002329	Sorbitol-6-phosphate	inchikey_connectivity_formula_mass	2	FALSE	TRUE	9.95999585029494e-08	0.000248999896257374
SUC	4273	MoNA	FiehnHILIC002333	Succinic acid	inchikey_connectivity_formula_mass	2	FALSE	TRUE	9.00000429737702e-09	2.25000107434425e-05
SUCROSE	4274	MoNA	FiehnHILIC002334	Sucrose	inchikey	1	TRUE	TRUE	2.5300039396825e-08	6.32500984920625e-05
N-METHYLARGININE	4284	MoNA	FiehnHILIC002344	Targinine	inchikey_connectivity_formula_mass	2	FALSE	TRUE	2.66000199644623e-08	6.65000499111557e-05
Dihydroquercetins	4286	MoNA	FiehnHILIC002346	Taxifolin	name_formula_mass	4	TRUE	TRUE	1.59000137500698e-08	3.97500343751744e-05
CPD-474	4286	MoNA	FiehnHILIC002346	Taxifolin	name_formula_mass	4	FALSE	TRUE	1.59000137500698e-08	3.97500343751744e-05
CPD-10571	4293	MoNA	FiehnHILIC002353	Terbinafine	inchikey_connectivity_formula_mass	2	FALSE	TRUE	7.69995267546619e-09	1.92498816886655e-05
CPD-9384	4296	MoNA	FiehnHILIC002356	Theanine	inchikey	1	TRUE	TRUE	1.81000245902396e-08	4.52500614755991e-05
CPD-12479	4297	MoNA	FiehnHILIC002357	Theophylline	inchikey	1	TRUE	TRUE	2.58000056874153e-08	6.45000142185381e-05
CPD0-1571	4298	MoNA	FiehnHILIC002358	Thiazolidine-4-carboxylic acid	inchikey_connectivity_formula_mass	2	FALSE	TRUE	2.99899994615771e-07	0.000749749986539427
THR	4300	MoNA	FiehnHILIC002360	Threonine	inchikey	1	TRUE	TRUE	1.23999939205532e-08	3.09999848013831e-05
THYMIDINE	4301	MoNA	FiehnHILIC002361	Thymidine	inchikey	1	TRUE	TRUE	2.22999858578987e-08	5.57499646447468e-05
TREHALOSE-6P	4319	MoNA	FiehnHILIC002379	Trehalose-6-phosphate	inchikey_connectivity_formula_mass	2	FALSE	TRUE	8.82999984241906e-08	0.000209200783369618
CPD-7051	4323	MoNA	FiehnHILIC002383	Trifluoperazine	inchikey_connectivity_formula_mass	2	FALSE	TRUE	3.51999972281192e-07	0.000864515797730649
TRYPTAMINE	4331	MoNA	FiehnHILIC002391	Tryptamine	inchikey_connectivity_formula_mass	2	FALSE	TRUE	1.16000080652157e-08	2.90000201630392e-05
TRP	4333	MoNA	FiehnHILIC002393	Tryptophan	inchikey	1	TRUE	TRUE	1.57999977545842e-08	3.94999943864605e-05
TYRAMINE	4336	MoNA	FiehnHILIC002396	Tyramine	inchikey_connectivity_formula_mass	2	FALSE	TRUE	8.40000780044647e-09	2.10000195011162e-05
TYR	4337	MoNA	FiehnHILIC002397	Tyrosine	inchikey	1	FALSE	FALSE	1.2599997489815e-08	3.14999937245375e-05
URACIL	4339	MoNA	FiehnHILIC002399	Uracil	inchikey	1	TRUE	TRUE	1.49999976883919e-08	3.74999942209797e-05
URIDINE	4343	MoNA	FiehnHILIC002403	Uridine	inchikey	1	TRUE	TRUE	2.42000055550307e-08	6.05000138875766e-05
VANILLIN	4348	MoNA	FiehnHILIC002408	Vanillin	inchikey	1	TRUE	TRUE	7.10002723280923e-09	1.77500680820231e-05
CPD-19894	4353	MoNA	FiehnHILIC002413	Vincristine	inchikey	1	TRUE	TRUE	4.7400021685462e-08	5.74964121202321e-05
VITEXIN	4357	MoNA	FiehnHILIC002417	Vitexin	inchikey_connectivity_formula_mass	2	FALSE	TRUE	2.29999841394601e-08	5.32276870400454e-05
3-URACIL-1-YL-L-SERINE	4359	MoNA	FiehnHILIC002419	Willardiine	inchikey	1	TRUE	TRUE	2.49000038365921e-08	6.22500095914802e-05
CPD-13042	4361	MoNA	FiehnHILIC002421	Xanthotoxin	inchikey	1	TRUE	TRUE	9.19999365578406e-09	2.29999841394601e-05
2-OXINDOLE-3-ACETIC-ACID	4369	MoNA	FiehnHILIC002429	(2-oxo-2,3-dihydro-1H-indol-3-yl)acetic acid	inchikey_connectivity_formula_mass	2	FALSE	TRUE	1.24000223422627e-08	3.10000558556567e-05
CPD0-1422	4370	MoNA	FiehnHILIC002430	1,2-Dipalmitoyl-sn-glycero-3-phosphate	inchikey_connectivity_formula_mass	2	FALSE	TRUE	9.6300027507823e-08	0.000148502754410908
CPD-12480	4372	MoNA	FiehnHILIC002432	1,3,7-Trimethyluric acid	inchikey	1	TRUE	TRUE	2.81000325230707e-08	7.02500813076767e-05
10-HYDROXYDECANOATE	4380	MoNA	FiehnHILIC002440	10-Hydroxydecanoic acid	inchikey_connectivity_formula_mass	2	FALSE	TRUE	8.30002022667031e-09	2.07500505666758e-05
CPD-3705	4384	MoNA	FiehnHILIC002444	2'-Adenylic acid	inchikey_connectivity_formula_mass	2	FALSE	TRUE	7.79000401962548e-08	0.000194750100490637
DEOXYADENOSINE	4385	MoNA	FiehnHILIC002445	2'-Deoxyadenosine	inchikey	1	TRUE	TRUE	3.36000027800765e-08	8.40000069501912e-05
DEOXYCYTIDINE	4386	MoNA	FiehnHILIC002446	2'-Deoxycytidine	inchikey	1	TRUE	TRUE	2.53000109751156e-08	6.3250027437789e-05
CPD-15390	4387	MoNA	FiehnHILIC002447	2'-Deoxyguanosine 3'-monophosphate	inchikey_connectivity_formula_mass	2	FALSE	TRUE	7.79000401962548e-08	0.000194750100490637
DEOXYGUANOSINE	4388	MoNA	FiehnHILIC002448	2'-Deoxyguanosine	inchikey	1	TRUE	TRUE	3.56999976247607e-08	8.92499940619018e-05
DUMP	4389	MoNA	FiehnHILIC002449	2'-Deoxyuridine 5'-monophosphate	inchikey_connectivity_formula_mass	2	FALSE	TRUE	9.14999986889597e-08	0.000228749996722399
DEOXYURIDINE	4390	MoNA	FiehnHILIC002450	2'-Deoxyuridine	inchikey	1	TRUE	TRUE	2.2099982288637e-08	5.52499557215924e-05
CPD-20332	4403	MoNA	FiehnHILIC002463	2,6-Diaminopimelic acid	inchikey	1	TRUE	TRUE	2.01999910132145e-08	5.04999775330361e-05
CPD-1131	4407	MoNA	FiehnHILIC002467	2-Carboxybenzaldehyde	inchikey_connectivity_formula_mass	2	FALSE	TRUE	6.90002366354747e-09	1.72500591588687e-05
DCMP	4409	MoNA	FiehnHILIC002469	2'-Deoxycytidine-5'-monophosphate	inchikey_connectivity_formula_mass	2	FALSE	TRUE	8.82999984241906e-08	0.000220749996060476
2-FUROATE	4410	MoNA	FiehnHILIC002470	2-Furoic acid	inchikey_connectivity_formula_mass	2	FALSE	TRUE	6.69999167257629e-09	1.67499791814407e-05
SALICYLALDEHYDE	4413	MoNA	FiehnHILIC002473	2-Hydroxybenzaldehyde	inchikey	1	TRUE	TRUE	4.80000039715378e-09	1.20000009928845e-05
2-COUMARATE	4414	MoNA	FiehnHILIC002474	2-Hydroxycinnamic acid	inchikey_connectivity_formula_mass	2	FALSE	TRUE	7.10002723280923e-09	1.77500680820231e-05
CPD-11495	4416	MoNA	FiehnHILIC002476	2-Hydroxyphenylacetic acid	inchikey_connectivity_formula_mass	2	FALSE	TRUE	7.10002723280923e-09	1.77500680820231e-05
3-CARBOXY-3-HYDROXY-ISOCAPROATE	4417	MoNA	FiehnHILIC002477	2-Isopropylmalic acid	name_formula_mass	4	FALSE	TRUE	1.17000240607013e-08	2.92500601517531e-05
3-4-DIHYDROXYBENZOATE	4426	MoNA	FiehnHILIC002486	3,4-Dihydroxybenzoic acid	inchikey_connectivity_formula_mass	2	FALSE	TRUE	8.9999900865223e-09	2.24999752163058e-05
CPD-670	4430	MoNA	FiehnHILIC002490	3-(1-Pyrazolyl)-alanine	inchikey	1	TRUE	TRUE	2.07000141472236e-08	5.17500353680589e-05
MELILOTATE	4431	MoNA	FiehnHILIC002491	3-(2-Hydroxyphenyl)propanoic acid	inchikey_connectivity_formula_mass	2	FALSE	TRUE	7.30003080207098e-09	1.82500770051774e-05
4-HYDROXYPHENYLLACTATE	4433	MoNA	FiehnHILIC002493	3-(4-Hydroxyphenyl)lactic acid	name_formula_mass	4	FALSE	TRUE	9.39999722504581e-09	2.34999930626145e-05
3-HYDROXY-ANTHRANILATE	4439	MoNA	FiehnHILIC002499	3-Hydroxyanthranilic acid	inchikey_connectivity_formula_mass	2	FALSE	TRUE	1.21999903512915e-08	3.04999758782287e-05
3-OH-BENZALDEHYDE	4440	MoNA	FiehnHILIC002500	3-Hydroxybenzaldehyde	inchikey	1	TRUE	TRUE	4.80000039715378e-09	1.20000009928845e-05
3-HYDROXY-BUTYRATE	4441	MoNA	FiehnHILIC002501	3-Hydroxybutyric acid	inchikey_connectivity_formula_mass	2	FALSE	TRUE	7.0999988110998e-09	1.77499970277495e-05
INDOLEYL-CPD	4446	MoNA	FiehnHILIC002506	3-Indoleacetonitrile	inchikey	1	TRUE	TRUE	1.12000293484016e-08	2.8000073371004e-05
CPD-21103	4448	MoNA	FiehnHILIC002508	3-Methyl-2-oxovaleric acid	inchikey_connectivity_formula_mass	2	FALSE	TRUE	7.30003080207098e-09	1.82500770051774e-05
CPD-7999	4456	MoNA	FiehnHILIC002516	3-Phenyllactic acid	name_formula_mass	4	FALSE	TRUE	7.30003080207098e-09	1.82500770051774e-05
CPD-3141	4458	MoNA	FiehnHILIC002518	4,5,7-Trihydroxyisoflavone	inchikey_connectivity_formula_mass	2	FALSE	TRUE	1.14999920697301e-08	2.87499801743252e-05
CPD-6862	4463	MoNA	FiehnHILIC002523	4-Hydroxy-6-methyl-2-pyrone	inchikey_connectivity_formula_mass	2	FALSE	TRUE	6.89999524183804e-09	1.72499881045951e-05
4-HYDROXYBENZALDEHYDE	4464	MoNA	FiehnHILIC002524	4-Hydroxybenzaldehyde	inchikey	1	TRUE	TRUE	4.80000039715378e-09	1.20000009928845e-05
COUMARATE	4466	MoNA	FiehnHILIC002526	4-Hydroxycinnamic acid	inchikey_connectivity_formula_mass	2	FALSE	TRUE	7.10002723280923e-09	1.77500680820231e-05
4-HYDROXY-3-INDOLYLMETHYL-GLUCOSINOLATE	4467	MoNA	FiehnHILIC002527	4-Hydroxyglucobrassicin	inchikey_connectivity_formula_mass	2	FALSE	TRUE	5.86600037877361e-07	0.00126407183283406
4-HYDROXYMANDELATE	4469	MoNA	FiehnHILIC002529	4-Hydroxymandelic acid	inchikey_connectivity_formula_mass	2	FALSE	TRUE	9.19999365578406e-09	2.29999841394601e-05
CPD-12889	4470	MoNA	FiehnHILIC002530	4-Hydroxymandelonitrile	inchikey	1	TRUE	TRUE	1.00999955066072e-08	2.52499887665181e-05
P-HYDROXY-PHENYLPYRUVATE	4473	MoNA	FiehnHILIC002533	4-Hydroxyphenylpyruvic acid	inchikey_connectivity_formula_mass	2	FALSE	TRUE	9.19999365578406e-09	2.29999841394601e-05
4-METHOXY-3-INDOLYLMETHYL-GLUCOSINOLATE	4475	MoNA	FiehnHILIC002535	4-Methoxyglucobrassicin	name_formula_mass	4	FALSE	TRUE	5.86400005886389e-07	0.00122659455752893
CPD-182	4477	MoNA	FiehnHILIC002537	4-Methylumbelliferone	inchikey	1	TRUE	TRUE	7.10002723280923e-09	1.77500680820231e-05
5-METHYLTHIOADENOSINE	4483	MoNA	FiehnHILIC002543	5'-Methylthioadenosine	inchikey	1	TRUE	TRUE	2.76200012194749e-07	0.000690500030486874
CPD-3762	4486	MoNA	FiehnHILIC002546	5-Aminoimidazole-4-carboxamide	name_formula_mass	4	TRUE	TRUE	2.34999930626145e-08	5.87499826565363e-05
5-METHOXYFURANOCOUMARIN	4494	MoNA	FiehnHILIC002554	5-Methoxypsoralen	inchikey	1	TRUE	TRUE	9.19999365578406e-09	2.29999841394601e-05
CPD0-2495	4498	MoNA	FiehnHILIC002558	5-Methylcytidine	inchikey	1	TRUE	TRUE	2.75999809673522e-08	6.89999524183804e-05
CPD-15123	4499	MoNA	FiehnHILIC002559	5-Methyluridine	inchikey	1	TRUE	TRUE	2.4399980702583e-08	6.09999517564574e-05
CPD-8097	4500	MoNA	FiehnHILIC002560	6,7-Dihydroxycoumarin	inchikey	1	TRUE	TRUE	8.9999900865223e-09	2.24999752163058e-05
CPD-8138	4501	MoNA	FiehnHILIC002561	6-Hydroxyflavone	inchikey	1	TRUE	TRUE	7.30000238036155e-09	1.82500059509039e-05
Thiopurine-Methylethers	4502	MoNA	FiehnHILIC002562	6-Methylmercaptopurine	inchikey	1	TRUE	TRUE	2.88599977693593e-07	0.000721499944233983
78-dihydrobiopterins	4503	MoNA	FiehnHILIC002563	7,8-Dihydrobiopterin	inchikey	1	TRUE	TRUE	3.36000027800765e-08	8.40000069501912e-05
CPD-8694	4505	MoNA	FiehnHILIC002565	Abietic acid	inchikey_connectivity_formula_mass	2	FALSE	TRUE	7.20001480658539e-09	1.80000370164635e-05
CPD-693	4506	MoNA	FiehnHILIC002566	Abscisic acid	name_formula_mass	4	FALSE	TRUE	1.04000150713546e-08	2.60000376783864e-05
ADENINE	4510	MoNA	FiehnHILIC002570	Adenine	inchikey	1	TRUE	TRUE	2.64999755472672e-08	6.62499388681681e-05
CAMP	4511	MoNA	FiehnHILIC002571	Adenosine 3',5'-cyclic monophosphate	inchikey_connectivity_formula_mass	2	FALSE	TRUE	8.02000954536197e-08	0.000200500238634049
CPD-3706	4512	MoNA	FiehnHILIC002572	Adenosine-3'-monophosphate	inchikey_connectivity_formula_mass	2	FALSE	TRUE	7.79000401962548e-08	0.000194750100490637
ADENOSINE	4513	MoNA	FiehnHILIC002573	Adenosine	inchikey	1	TRUE	TRUE	3.56999976247607e-08	8.92499940619018e-05
ADIPATE	4514	MoNA	FiehnHILIC002574	Adipic acid	inchikey_connectivity_formula_mass	2	FALSE	TRUE	9.39999722504581e-09	2.34999930626145e-05
ALIZARIN	4521	MoNA	FiehnHILIC002582	Alizarin	inchikey	1	TRUE	TRUE	9.19999365578406e-09	2.29999841394601e-05
ALLANTOIN	4522	MoNA	FiehnHILIC002583	Allantoin	inchikey	1	TRUE	TRUE	2.77000253845472e-08	6.9250063461368e-05
CPD-479	4524	MoNA	FiehnHILIC002585	alpha-Keto-gamma-(methylthio)butyric acid	inchikey_connectivity_formula_mass	2	FALSE	TRUE	3.02899991311278e-07	0.000757249978278196
CPD-355	4535	MoNA	FiehnHILIC002596	Arabitol	inchikey	1	TRUE	TRUE	1.17000240607013e-08	2.92500601517531e-05
ARACHIDIC_ACID	4536	MoNA	FiehnHILIC002597	Arachidic acid	inchikey_connectivity_formula_mass	2	FALSE	TRUE	8.20000423118472e-09	2.05000105779618e-05
ARG	4540	MoNA	FiehnHILIC002601	Arginine	inchikey_connectivity_formula_mass	2	FALSE	TRUE	2.64000163952005e-08	6.60000409880013e-05
ASCORBATE	4543	MoNA	FiehnHILIC002604	Ascorbic acid	inchikey_connectivity_formula_mass	2	FALSE	TRUE	1.33999833451526e-08	3.34999583628814e-05
ASN	4545	MoNA	FiehnHILIC002606	Asparagine	inchikey	1	TRUE	TRUE	1.75000138824544e-08	4.37500347061359e-05
L-ASPARTATE	4546	MoNA	FiehnHILIC002607	Aspartic acid	inchikey_connectivity_formula_mass	2	FALSE	TRUE	1.42999851959758e-08	3.57499629899394e-05
BENZOATE	4552	MoNA	FiehnHILIC002613	Benzoic acid	inchikey_connectivity_formula_mass	2	FALSE	TRUE	4.80000039715378e-09	1.20000009928845e-05
CPD-6501	4553	MoNA	FiehnHILIC002614	Benzylacetate	inchikey	1	TRUE	TRUE	5.20000753567729e-09	1.30000188391932e-05
BESTATIN	4555	MoNA	FiehnHILIC002616	Bestatin	name_formula_mass	4	TRUE	TRUE	2.12000372812327e-08	5.30000932030816e-05
CPD-603	4556	MoNA	FiehnHILIC002617	beta-Cyano-alanine	inchikey_connectivity_formula_mass	2	FALSE	TRUE	1.52000012576536e-08	3.80000031441341e-05
CPD-14642	4557	MoNA	FiehnHILIC002618	beta-Hydroxyisovaleric acid	inchikey_connectivity_formula_mass	2	FALSE	TRUE	7.30000238036155e-09	1.82500059509039e-05
BILIVERDINE	4560	MoNA	FiehnHILIC002621	Biliverdin	name_formula_mass	4	FALSE	TRUE	3.68000883099739e-08	6.32034781542522e-05
CPD-676	4563	MoNA	FiehnHILIC002624	Caffeic acid	inchikey_connectivity_formula_mass	2	FALSE	TRUE	9.19999365578406e-09	2.29999841394601e-05
CAPSAICIN	4564	MoNA	FiehnHILIC002625	Capsaicin	inchikey	1	TRUE	TRUE	1.41999976221996e-08	3.5499994055499e-05
CPD-1961	4570	MoNA	FiehnHILIC002631	Catechin	inchikey	1	TRUE	TRUE	1.40000224746473e-08	3.50000561866182e-05
CPD-674	4582	MoNA	FiehnHILIC002643	Cinnamic acid	inchikey_connectivity_formula_mass	2	FALSE	TRUE	5.00000396641553e-09	1.25000099160388e-05
L-CITRULLINE	4584	MoNA	FiehnHILIC002645	Citrulline	inchikey	1	TRUE	TRUE	2.32000161304313e-08	5.80000403260783e-05
CPD-15141	4585	MoNA	FiehnHILIC002646	Cladribine	inchikey	1	FALSE	FALSE	6.35000105830841e-08	0.00015875002645771
CONIFERYL-ALDEHYDE	4588	MoNA	FiehnHILIC002649	Coniferylaldehyde	inchikey	1	TRUE	TRUE	7.30000238036155e-09	1.82500059509039e-05
CORTISONE	4589	MoNA	FiehnHILIC002650	Cortisone	inchikey	1	TRUE	TRUE	1.32999957713764e-08	3.3249989428441e-05
L-CYSTATHIONINE	4591	MoNA	FiehnHILIC002652	Cystathionine	inchikey	1	TRUE	TRUE	2.89799999109164e-07	0.000724499997772909
CYTIDINE	4594	MoNA	FiehnHILIC002655	Cytidine	inchikey	1	TRUE	TRUE	2.74000058197998e-08	6.85000145494996e-05
DAIDZEIN	4596	MoNA	FiehnHILIC002657	Daidzein	inchikey	1	TRUE	TRUE	9.39999722504581e-09	2.34999930626145e-05
CPD-7117	4598	MoNA	FiehnHILIC002659	Delphinidin-3-glucoside	inchikey_connectivity_formula_mass	2	FALSE	TRUE	0.000548607209282181	1.17953841208681
DGMP	4599	MoNA	FiehnHILIC002660	Deoxyguanosine 5'-monophosphate	inchikey_connectivity_formula_mass	2	FALSE	TRUE	7.79000401962548e-08	0.000194750100490637
DIHYDROCOUMARIN	4605	MoNA	FiehnHILIC002666	Dihydrocoumarin	inchikey	1	TRUE	TRUE	5.00000396641553e-09	1.25000099160388e-05
DI-H-OROTATE	4606	MoNA	FiehnHILIC002667	Dihydroorotic acid	inchikey_connectivity_formula_mass	2	FALSE	TRUE	1.93999767361674e-08	4.84999418404186e-05
CPD-332	4607	MoNA	FiehnHILIC002668	Dihydrozeatin	name_formula_mass	4	TRUE	TRUE	2.95999882382603e-08	7.39999705956507e-05
CPD-10244	4609	MoNA	FiehnHILIC002670	Docosahexanoic acid	inchikey_connectivity_formula_mass	2	FALSE	TRUE	7.39998995413771e-09	1.84999748853443e-05
DOPAMINE	4614	MoNA	FiehnHILIC002675	Dopamine	inchikey_connectivity_formula_mass	2	FALSE	TRUE	1.05000026451307e-08	2.62500066128268e-05
TMP	4617	MoNA	FiehnHILIC002678	Thymidine 5'-monophosphate	inchikey_connectivity_formula_mass	2	FALSE	TRUE	9.13000235414074e-08	0.000228250058853519
CPD-16530	4621	MoNA	FiehnHILIC002682	Epicatechin-3-o-gallate	inchikey	1	TRUE	TRUE	2.2799952148489e-08	5.15731012092216e-05
CPD-15291	4623	MoNA	FiehnHILIC002684	Epigallocatechin gallate	inchikey	1	TRUE	TRUE	2.49000322583015e-08	5.43568051195267e-05
ESTRONE	4627	MoNA	FiehnHILIC002688	Estrone	inchikey	1	TRUE	TRUE	6.40000052953837e-09	1.60000013238459e-05
FERULIC-ACID	4637	MoNA	FiehnHILIC002698	Ferulic acid	name_formula_mass	4	FALSE	TRUE	9.39999722504581e-09	2.34999930626145e-05
FORMONONETIN	4642	MoNA	FiehnHILIC002703	Formononetine	inchikey	1	TRUE	TRUE	9.60000079430756e-09	2.40000019857689e-05
FUM	4645	MoNA	FiehnHILIC002706	Fumaric acid	inchikey_connectivity_formula_mass	2	FALSE	TRUE	8.80000072811526e-09	2.20000018202882e-05
CPD-183	4646	MoNA	FiehnHILIC002707	Gallic acid	inchikey_connectivity_formula_mass	2	FALSE	TRUE	1.1100013352916e-08	2.775003338229e-05
CPD-633	4652	MoNA	FiehnHILIC002713	Gentisinic acid	inchikey_connectivity_formula_mass	2	FALSE	TRUE	8.9999900865223e-09	2.24999752163058e-05
CPD-7618	4653	MoNA	FiehnHILIC002714	Geranic acid	inchikey_connectivity_formula_mass	2	FALSE	TRUE	5.79998982175312e-09	1.44999745543828e-05
GIBBERELLIN	4654	MoNA	FiehnHILIC002715	Gibberellic acid	name_formula_mass	4	FALSE	TRUE	1.47999799082754e-08	3.69999497706885e-05
CPD-1863	4658	MoNA	FiehnHILIC002719	Glucobrassicin	name_formula_mass	4	FALSE	TRUE	5.88700004300335e-07	0.00131388354683698
CPDQT-281	4659	MoNA	FiehnHILIC002720	Glucoerucin	name_formula_mass	4	FALSE	TRUE	9.03600039237062e-07	0.00214604570054483
3-METHYLSULFINYLPROPYL-GLUCOSINOLATE	4660	MoNA	FiehnHILIC002721	Glucoiberin	inchikey_connectivity_formula_mass	2	FALSE	TRUE	9.01699934274802e-07	0.00213151326294714
CPDQT-273	4661	MoNA	FiehnHILIC002722	Gluconapin	inchikey_connectivity_formula_mass	2	FALSE	TRUE	5.93999914144661e-07	0.00148499978536165
GLC-D-LACTONE	4662	MoNA	FiehnHILIC002723	Gluconic acid-gamma-lactone	inchikey	1	TRUE	TRUE	1.36000153361238e-08	3.40000383403094e-05
GLUCONATE	4663	MoNA	FiehnHILIC002724	Gluconic acid	inchikey_connectivity_formula_mass	2	FALSE	TRUE	1.59000137500698e-08	3.97500343751744e-05
CPDQT-280	4664	MoNA	FiehnHILIC002725	Glucoraphanin	name_formula_mass	4	FALSE	TRUE	9.0149995912725e-07	0.00206270047563264
CPDQT-280	4665	MoNA	FiehnHILIC002726	Glucoraphanin	inchikey_connectivity_formula_mass	2	FALSE	TRUE	9.0149995912725e-07	0.00206270047563264
GLC-1-P	4667	MoNA	FiehnHILIC002728	Glucose-1-phosphate	inchikey_connectivity_formula_mass	2	FALSE	TRUE	9.97999904939206e-08	0.000249499976234802
D-glucopyranose-6-phosphate	4668	MoNA	FiehnHILIC002729	Glucose-6-phosphate	inchikey_connectivity_formula_mass	2	FALSE	TRUE	9.97999904939206e-08	0.000249499976234802
GLUCURONATE	4669	MoNA	FiehnHILIC002730	Glucuronic acid	inchikey_connectivity_formula_mass	2	FALSE	TRUE	1.5700010180808e-08	3.92500254520201e-05
CPD-15530	4669	MoNA	FiehnHILIC002730	Glucuronic acid	inchikey_connectivity_formula_mass	2	FALSE	TRUE	1.5700010180808e-08	3.92500254520201e-05
GLT	4670	MoNA	FiehnHILIC002731	Glutamic acid	inchikey_connectivity_formula_mass	2	FALSE	TRUE	1.45000171869469e-08	3.62500429673673e-05
GLN	4671	MoNA	FiehnHILIC002732	Glutamine	inchikey	1	TRUE	TRUE	1.77000174517161e-08	4.42500436292903e-05
GLUTARATE	4672	MoNA	FiehnHILIC002733	Glutaric acid	inchikey_connectivity_formula_mass	2	FALSE	TRUE	9.19999365578406e-09	2.29999841394601e-05
OXIDIZED-GLUTATHIONE	4673	MoNA	FiehnHILIC002734	Glutathione (oxidized)	inchikey_connectivity_formula_mass	2	FALSE	TRUE	5.60400053473131e-07	0.000915459049956262
GUANOSINE	4682	MoNA	FiehnHILIC002743	Guanosine	inchikey	1	TRUE	TRUE	3.77999640477356e-08	9.44999101193389e-05
HIS	4686	MoNA	FiehnHILIC002747	Histidine	inchikey	1	TRUE	TRUE	2.07000141472236e-08	5.17500353680589e-05
HOMOARGININE	4687	MoNA	FiehnHILIC002748	Homoarginine	inchikey_connectivity_formula_mass	2	FALSE	TRUE	2.66000199644623e-08	6.65000499111557e-05
HOMOGENTISATE	4689	MoNA	FiehnHILIC002750	Homogentisic acid	inchikey_connectivity_formula_mass	2	FALSE	TRUE	9.19999365578406e-09	2.29999841394601e-05
HOMO-SER	4690	MoNA	FiehnHILIC002751	Homoserine	inchikey	1	TRUE	TRUE	1.23999939205532e-08	3.09999848013831e-05
3-PHENYLPROPIONATE	4693	MoNA	FiehnHILIC002754	Hydrocinnamic acid	inchikey_connectivity_formula_mass	2	FALSE	TRUE	5.20000753567729e-09	1.30000188391932e-05
4-HYDROXY-L-PROLINE	4694	MoNA	FiehnHILIC002755	Hydroxyproline	inchikey	1	TRUE	TRUE	1.24000223422627e-08	3.10000558556567e-05
HYPOXANTHINE	4695	MoNA	FiehnHILIC002756	Hypoxanthine	inchikey	1	TRUE	TRUE	2.33000037042075e-08	5.82500092605187e-05
CPD-237	4700	MoNA	FiehnHILIC002761	Indole-3-acetamide	inchikey	1	TRUE	TRUE	1.34999993406382e-08	3.37499983515954e-05
INDOLE_ACETATE_AUXIN	4701	MoNA	FiehnHILIC002762	Indole-3-acetic acid	inchikey_connectivity_formula_mass	2	FALSE	TRUE	1.0299999075869e-08	2.57499976896725e-05
INDOLE-3-CARBOXALDEHYDE	4702	MoNA	FiehnHILIC002763	Indole-3-carboxaldehyde	inchikey	1	TRUE	TRUE	8.00000066192297e-09	2.00000016548074e-05
CPD-13135	4703	MoNA	FiehnHILIC002764	Indole-3-carboxylic acid	inchikey_connectivity_formula_mass	2	FALSE	TRUE	1.00999955066072e-08	2.52499887665181e-05
INDOLE-PROPIONATE	4704	MoNA	FiehnHILIC002765	Indole-3-propionic acid	inchikey_connectivity_formula_mass	2	FALSE	TRUE	1.05000026451307e-08	2.62500066128268e-05
INDOLE_PYRUVATE	4705	MoNA	FiehnHILIC002766	Indole-3-pyruvic acid	inchikey_connectivity_formula_mass	2	FALSE	TRUE	1.23999939205532e-08	3.09999848013831e-05
INDOLE_LACTATE	4706	MoNA	FiehnHILIC002767	Indolelactic acid	inchikey_connectivity_formula_mass	2	FALSE	TRUE	1.2599997489815e-08	3.14999937245375e-05
IMP	4709	MoNA	FiehnHILIC002770	Inosine-5'-monophosphate	inchikey_connectivity_formula_mass	2	FALSE	TRUE	8.1100040461024e-08	0.00020275010115256
INOSINE	4710	MoNA	FiehnHILIC002771	Inosine	inchikey	1	TRUE	TRUE	3.25000542034104e-08	8.1250135508526e-05
Isomaltose	4714	MoNA	FiehnHILIC002775	Isomaltose	name_formula_mass	4	TRUE	TRUE	2.5300039396825e-08	6.32500984920625e-05
CPD-4209	4715	MoNA	FiehnHILIC002776	Isopentenyladenine	inchikey	1	TRUE	TRUE	2.72999898243143e-08	6.82499745607856e-05
CPD1F-437	4716	MoNA	FiehnHILIC002777	Isoquercetrin	inchikey_connectivity_formula_mass	2	FALSE	TRUE	2.71999738288287e-08	5.86085735137522e-05
CPD-14969	4717	MoNA	FiehnHILIC002778	Isorhamnetin-3-glucoside	inchikey	1	TRUE	TRUE	2.7399948976381e-08	5.73087457633401e-05
CPD-8004	4719	MoNA	FiehnHILIC002780	Isorhamnetin	inchikey_connectivity_formula_mass	2	FALSE	TRUE	1.59000137500698e-08	3.97500343751744e-05
CPD-734	4722	MoNA	FiehnHILIC002783	Jasmonic acid	inchikey_connectivity_formula_mass	2	FALSE	TRUE	8.10001665740856e-09	2.02500416435214e-05
CPD1F-90	4723	MoNA	FiehnHILIC002784	Kaempferol	inchikey_connectivity_formula_mass	2	FALSE	TRUE	1.36000153361238e-08	3.40000383403094e-05
2K-4CH3-PENTANOATE	4724	MoNA	FiehnHILIC002785	Ketoleucine	inchikey_connectivity_formula_mass	2	FALSE	TRUE	7.30003080207098e-09	1.82500770051774e-05
KYNURENATE	4725	MoNA	FiehnHILIC002786	Kynurenic acid	inchikey_connectivity_formula_mass	2	FALSE	TRUE	1.21999903512915e-08	3.04999758782287e-05
CPD-14736	4726	MoNA	FiehnHILIC002787	Kynurenine	inchikey	1	TRUE	TRUE	1.78999925992684e-08	4.47499814981711e-05
CPD-15972	4730	MoNA	FiehnHILIC002791	Lactose	inchikey	1	TRUE	TRUE	2.5300039396825e-08	6.32500984920625e-05
CPD-8605	4733	MoNA	FiehnHILIC002794	Laricitrin	inchikey_connectivity_formula_mass	2	FALSE	TRUE	1.79999801730446e-08	4.49999504326115e-05
DODECANOATE	4734	MoNA	FiehnHILIC002795	Lauric acid	inchikey_connectivity_formula_mass	2	FALSE	TRUE	6.60000409880013e-09	1.65000102470003e-05
LEU	4736	MoNA	FiehnHILIC002797	Leucine	inchikey	1	TRUE	TRUE	1.07000062143925e-08	2.67500155359812e-05
LINOLEIC_ACID	4740	MoNA	FiehnHILIC002801	Linoleic acid	inchikey_connectivity_formula_mass	2	FALSE	TRUE	7.39998995413771e-09	1.84999748853443e-05
LIPOIC-ACID	4741	MoNA	FiehnHILIC002802	Lipoic acid	inchikey_connectivity_formula_mass	2	FALSE	TRUE	6.14399993992265e-07	0.00153599998498066
CPD-3061	4742	MoNA	FiehnHILIC002803	Liquiritigenin	inchikey	1	TRUE	TRUE	9.60000079430756e-09	2.40000019857689e-05
LYS	4747	MoNA	FiehnHILIC002808	Lysine	inchikey_connectivity_formula_mass	2	FALSE	TRUE	1.60000013238459e-08	4.00000033096148e-05
CPD-10797	4748	MoNA	FiehnHILIC002809	M-Coumaric acid	inchikey_connectivity_formula_mass	2	FALSE	TRUE	7.10002723280923e-09	1.77500680820231e-05
MALEATE	4750	MoNA	FiehnHILIC002811	Maleic acid	inchikey_connectivity_formula_mass	2	FALSE	TRUE	8.80000072811526e-09	2.20000018202882e-05
RS-Malate	4751	MoNA	FiehnHILIC002812	Malic acid	name_formula_mass	4	FALSE	TRUE	1.1100013352916e-08	2.775003338229e-05
MALTOTRIOSE	4752	MoNA	FiehnHILIC002813	Maltotriose	name_formula_mass	4	TRUE	TRUE	3.68000314665551e-08	7.29914550741033e-05
MANNITOL	4754	MoNA	FiehnHILIC002815	Mannitol	inchikey	1	TRUE	TRUE	1.39999940529378e-08	3.49999851323446e-05
N-ACETYL-5-METHOXY-TRYPTAMINE	4755	MoNA	FiehnHILIC002816	Melatonin	inchikey	1	TRUE	TRUE	1.62000048931077e-08	4.05000122327692e-05
MELIBIOSE	4757	MoNA	FiehnHILIC002818	Melibiose	name_formula_mass	4	TRUE	TRUE	2.5300039396825e-08	6.32500984920625e-05
MET	4759	MoNA	FiehnHILIC002820	Methionine	inchikey	1	TRUE	TRUE	2.99499987477247e-07	0.000748749968693119
L-Methionine-sulfoxides	4760	MoNA	FiehnHILIC002821	Methioninesulfoxide	inchikey	1	TRUE	TRUE	2.97399992632563e-07	0.000743499981581408
CPD-6041	4761	MoNA	FiehnHILIC002822	Methotrexate	inchikey_connectivity_formula_mass	2	FALSE	TRUE	5.42999600838812e-08	0.00011955832124991
CPD-2461	4766	MoNA	FiehnHILIC002827	Methylsuccinic acid	inchikey_connectivity_formula_mass	2	FALSE	TRUE	9.19999365578406e-09	2.29999841394601e-05
MYRICETIN	4772	MoNA	FiehnHILIC002833	Myricetin	inchikey_connectivity_formula_mass	2	FALSE	TRUE	1.78000618689111e-08	4.45001546722779e-05
N-ACETYL-SEROTONIN	4776	MoNA	FiehnHILIC002837	N-Acetyl-5-hydroxytryptamine	inchikey	1	TRUE	TRUE	1.60000013238459e-08	4.00000033096148e-05
N-acetyl-D-glucosamine	4783	MoNA	FiehnHILIC002844	N-Acetylglucosamine	inchikey	1	TRUE	TRUE	1.92999891623913e-08	4.82499729059782e-05
ACETYL-GLU	4784	MoNA	FiehnHILIC002845	N-Acetylglutamic acid	inchikey_connectivity_formula_mass	2	FALSE	TRUE	1.67999871791835e-08	4.19999679479588e-05
N-acetyl-D-mannosamine	4787	MoNA	FiehnHILIC002848	N-Acetylmannosamine	inchikey	1	TRUE	TRUE	1.92999891623913e-08	4.82499729059782e-05
N-ACETYLNEURAMINATE	4789	MoNA	FiehnHILIC002850	N-Acetylneuraminic acid	inchikey_connectivity_formula_mass	2	FALSE	TRUE	2.6000009256677e-08	6.50000231416925e-05
CPD-402	4801	MoNA	FiehnHILIC002862	N-Methylanthranilic acid	inchikey_connectivity_formula_mass	2	FALSE	TRUE	1.0299999075869e-08	2.57499976896725e-05
CPD-4207	4810	MoNA	FiehnHILIC002871	N6-Isopentenyladenosine	inchikey	1	TRUE	TRUE	3.64999550583889e-08	9.12498876459722e-05
NARINGIN	4813	MoNA	FiehnHILIC002874	Naringin	inchikey	1	TRUE	TRUE	3.26000417771866e-08	5.61896073744961e-05
1-METHOXY-3-INDOLYLMETHYL-GLUCOSINOLATE	4816	MoNA	FiehnHILIC002877	Neoglucobrassicin	inchikey_connectivity_formula_mass	2	FALSE	TRUE	5.86400005886389e-07	0.00122659455752893
NIACINE	4819	MoNA	FiehnHILIC002880	Nicotinic acid	inchikey_connectivity_formula_mass	2	FALSE	TRUE	9.89999193734548e-09	2.47499798433637e-05
L-2-AMINOHEXANOATE	4827	MoNA	FiehnHILIC002888	Norleucine	inchikey	1	TRUE	TRUE	1.07000062143925e-08	2.67500155359812e-05
ACETYLSERINE	4829	MoNA	FiehnHILIC002890	O-Acetylserine	inchikey	1	TRUE	TRUE	1.45000171869469e-08	3.62500429673673e-05
OLEATE-CPD	4831	MoNA	FiehnHILIC002892	Oleic acid	inchikey_connectivity_formula_mass	2	FALSE	TRUE	7.60002194510889e-09	1.90000548627722e-05
ORCINOL-CPD	4835	MoNA	FiehnHILIC002896	Orcinol	inchikey	1	TRUE	TRUE	5.00000396641553e-09	1.25000099160388e-05
L-ORNITHINE	4838	MoNA	FiehnHILIC002899	Ornithine	inchikey_connectivity_formula_mass	2	FALSE	TRUE	1.57999977545842e-08	3.94999943864605e-05
OROTATE	4839	MoNA	FiehnHILIC002900	Orotic acid	inchikey_connectivity_formula_mass	2	FALSE	TRUE	1.92000015886151e-08	4.80000039715378e-05
OXALACETIC_ACID	4842	MoNA	FiehnHILIC002903	Oxalacetic acid	inchikey_connectivity_formula_mass	2	FALSE	TRUE	1.08999813619448e-08	2.7249953404862e-05
CPD-20122	4849	MoNA	FiehnHILIC002910	Palatinose	inchikey	1	TRUE	TRUE	2.5300039396825e-08	6.32500984920625e-05
PALMITATE	4850	MoNA	FiehnHILIC002911	Palmitic acid	inchikey_connectivity_formula_mass	2	FALSE	TRUE	7.39998995413771e-09	1.84999748853443e-05
CPD-9245	4851	MoNA	FiehnHILIC002912	Palmitoleic acid	inchikey_connectivity_formula_mass	2	FALSE	TRUE	7.20001480658539e-09	1.80000370164635e-05
PANTOTHENATE	4854	MoNA	FiehnHILIC002915	Pantothenic acid	inchikey_connectivity_formula_mass	2	FALSE	TRUE	1.74000263086782e-08	4.35000657716955e-05
PHE	4863	MoNA	FiehnHILIC002924	Phenylalanine	inchikey	1	TRUE	TRUE	1.05000026451307e-08	2.62500066128268e-05
PHENYL-PYRUVATE	4866	MoNA	FiehnHILIC002927	Phenylpyruvic acid	inchikey_connectivity_formula_mass	2	FALSE	TRUE	7.10002723280923e-09	1.77500680820231e-05
PHLORETIN	4867	MoNA	FiehnHILIC002928	Phloretin	inchikey	1	TRUE	TRUE	1.18999992082536e-08	2.97499980206339e-05
CPD-6881	4868	MoNA	FiehnHILIC002929	Phlorobenzophenone	inchikey	1	TRUE	TRUE	9.39999722504581e-09	2.34999930626145e-05
PHTHALATE	4870	MoNA	FiehnHILIC002931	Phthalic acid	inchikey_connectivity_formula_mass	2	FALSE	TRUE	8.9999900865223e-09	2.24999752163058e-05
CPD-205	4874	MoNA	FiehnHILIC002935	Pimelic acid	inchikey_connectivity_formula_mass	2	FALSE	TRUE	9.60000079430756e-09	2.40000019857689e-05
PORPHOBILINOGEN	4879	MoNA	FiehnHILIC002940	Porphobilinogen	inchikey_connectivity_formula_mass	2	FALSE	TRUE	2.01999910132145e-08	5.04999775330361e-05
CPD-6959	4888	MoNA	FiehnHILIC002949	Pterostilbene	inchikey	1	TRUE	TRUE	7.90004150985624e-09	1.97501037746406e-05
PURINE	4889	MoNA	FiehnHILIC002950	Purine	inchikey	1	TRUE	TRUE	2.11999946486685e-08	5.29999866216713e-05
CATECHOL	4890	MoNA	FiehnHILIC002951	Pyrocatechol	inchikey	1	TRUE	TRUE	4.80000039715378e-09	1.20000009928845e-05
CPD-520	4894	MoNA	FiehnHILIC002955	Quercetin	inchikey_connectivity_formula_mass	2	FALSE	TRUE	1.57000386025175e-08	3.92500965062936e-05
CPD-1099	4897	MoNA	FiehnHILIC002958	Raffinose	inchikey	1	TRUE	TRUE	3.68000314665551e-08	7.29914550741033e-05
RETINOATE	4903	MoNA	FiehnHILIC002964	Retinoic acid	inchikey_connectivity_formula_mass	2	FALSE	TRUE	6.9999828156142e-09	1.74999570390355e-05
RIBOFLAVIN	4904	MoNA	FiehnHILIC002965	Riboflavin	inchikey_connectivity_formula_mass	2	FALSE	TRUE	3.53999780600134e-08	8.84999451500335e-05
RUTIN	4913	MoNA	FiehnHILIC002974	Rutin	inchikey_connectivity_formula_mass	2	FALSE	TRUE	3.65998857887462e-08	5.99847295672201e-05
CPD-1142	4915	MoNA	FiehnHILIC002976	Salicin	inchikey	1	TRUE	TRUE	1.64999960361456e-08	4.1249990090364e-05
CPD-110	4916	MoNA	FiehnHILIC002977	Salicylic acid	inchikey_connectivity_formula_mass	2	FALSE	TRUE	6.90002366354747e-09	1.72500591588687e-05
CPD-173	4917	MoNA	FiehnHILIC002978	Salicylic alcohol	inchikey	1	TRUE	TRUE	5.00000396641553e-09	1.25000099160388e-05
SCOPOLETIN	4920	MoNA	FiehnHILIC002981	Scopoletin	inchikey	1	TRUE	TRUE	9.19999365578406e-09	2.29999841394601e-05
CPD-8909	4922	MoNA	FiehnHILIC002983	Secoisolariciresinol	inchikey	1	TRUE	TRUE	1.51999870467989e-08	3.79999676169973e-05
SER	4923	MoNA	FiehnHILIC002984	Serine	inchikey	1	TRUE	TRUE	1.21999903512915e-08	3.04999758782287e-05
SINAPATE	4925	MoNA	FiehnHILIC002986	Sinapic acid	inchikey_connectivity_formula_mass	2	FALSE	TRUE	1.16999956389918e-08	2.92499890974796e-05
SINAPYL-ALCOHOL	4926	MoNA	FiehnHILIC002987	Sinapyl alcohol	inchikey	1	TRUE	TRUE	9.80000436356931e-09	2.45000109089233e-05
D-SORBITOL-6-P	4929	MoNA	FiehnHILIC002990	Sorbitol-6-phosphate	inchikey_connectivity_formula_mass	2	FALSE	TRUE	9.96000153463683e-08	0.000249000038365921
SORBITOL	4930	MoNA	FiehnHILIC002991	Sorbitol	inchikey	1	TRUE	TRUE	1.39999940529378e-08	3.49999851323446e-05
STEARIC_ACID	4933	MoNA	FiehnHILIC002994	Stearic acid	inchikey_connectivity_formula_mass	2	FALSE	TRUE	7.79999709266121e-09	1.9499992731653e-05
SUC	4934	MoNA	FiehnHILIC002995	Succinic acid	inchikey_connectivity_formula_mass	2	FALSE	TRUE	9.00000429737702e-09	2.25000107434425e-05
SUCROSE	4935	MoNA	FiehnHILIC002996	Sucrose	inchikey	1	TRUE	TRUE	2.5300039396825e-08	6.32500984920625e-05
CPD-9384	4947	MoNA	FiehnHILIC003008	Theanine	inchikey	1	TRUE	TRUE	1.80999961685302e-08	4.52499904213255e-05
CPD-12479	4948	MoNA	FiehnHILIC003009	Theophylline	inchikey	1	TRUE	TRUE	2.58000056874153e-08	6.45000142185381e-05
THR	4950	MoNA	FiehnHILIC003011	Threonine	inchikey	1	TRUE	TRUE	1.23999939205532e-08	3.09999848013831e-05
THYMIDINE	4951	MoNA	FiehnHILIC003012	Thymidine	inchikey	1	TRUE	TRUE	2.22999858578987e-08	5.57499646447468e-05
CPD-83	4961	MoNA	FiehnHILIC003022	trans-Resveratrol	inchikey	1	TRUE	TRUE	7.5000059496233e-09	1.87500148740583e-05
TREHALOSE-6P	4962	MoNA	FiehnHILIC003023	Trehalose-6-phosphate	inchikey_connectivity_formula_mass	2	FALSE	TRUE	8.82999984241906e-08	0.000209200783369618
TREHALOSE	4963	MoNA	FiehnHILIC003024	Trehalose	inchikey	1	TRUE	TRUE	2.5300039396825e-08	6.32500984920625e-05
TRP	4968	MoNA	FiehnHILIC003029	Tryptophan	inchikey	1	TRUE	TRUE	1.57999977545842e-08	3.94999943864605e-05
TYR	4971	MoNA	FiehnHILIC003032	Tyrosine	inchikey	1	TRUE	TRUE	1.26000259115244e-08	3.15000647788111e-05
URACIL	4973	MoNA	FiehnHILIC003034	Uracil	inchikey	1	TRUE	TRUE	1.49999976883919e-08	3.74999942209797e-05
CPD-14553	4976	MoNA	FiehnHILIC003037	Uridine-5'-diphosphate galactose	inchikey_connectivity_formula_mass	2	FALSE	TRUE	1.91499907487014e-07	0.000338306172710281
URIDINE	4980	MoNA	FiehnHILIC003041	Uridine	inchikey	1	TRUE	TRUE	2.42000055550307e-08	6.05000138875766e-05
CPD-9247	4982	MoNA	FiehnHILIC003043	Vaccenic acid	inchikey_connectivity_formula_mass	2	FALSE	TRUE	7.60002194510889e-09	1.90000548627722e-05
VANILLATE	4986	MoNA	FiehnHILIC003047	Vanillic acid	inchikey_connectivity_formula_mass	2	FALSE	TRUE	9.19999365578406e-09	2.29999841394601e-05
VANILLIN	4987	MoNA	FiehnHILIC003048	Vanillin	inchikey	1	TRUE	TRUE	7.10002723280923e-09	1.77500680820231e-05
CPD-19894	4989	MoNA	FiehnHILIC003050	Vincristine	inchikey	1	TRUE	TRUE	4.7400021685462e-08	5.74964121202321e-05
VITEXIN	4991	MoNA	FiehnHILIC003052	Vitexin	inchikey_connectivity_formula_mass	2	FALSE	TRUE	2.29999841394601e-08	5.32276870400454e-05
3-URACIL-1-YL-L-SERINE	4993	MoNA	FiehnHILIC003054	Willardiine	inchikey	1	TRUE	TRUE	2.49000322583015e-08	6.22500806457538e-05
XANTHOSINE	4994	MoNA	FiehnHILIC003055	Xanthosine	inchikey	1	TRUE	TRUE	3.46000206263852e-08	8.65000515659631e-05
XYLITOL	4995	MoNA	FiehnHILIC003056	Xylitol	inchikey	1	TRUE	TRUE	1.17000240607013e-08	2.92500601517531e-05
